Task ID,Job ID,Arrival min,Arrival max,Cost min,Cost max,Deadline,Priority
0,0,0,0,195,325,10000,0
0,1,10000,10000,195,325,20000,2
0,10,100000,100000,195,325,110000,43
0,100,1000000,1000000,195,325,1010000,431
0,1000,10000000,10000000,195,325,10010000,4324
0,10000,100000000,100000000,195,325,100010000,43255
0,10001,100010000,100010000,195,325,100020000,43256
0,10002,100020000,100020000,195,325,100030000,43263
0,10003,100030000,100030000,195,325,100040000,43267
0,10004,100040000,100040000,195,325,100050000,43270
0,10005,100050000,100050000,195,325,100060000,43276
0,10006,100060000,100060000,195,325,100070000,43280
0,10007,100070000,100070000,195,325,100080000,43284
0,10008,100080000,100080000,195,325,100090000,43289
0,10009,100090000,100090000,195,325,100100000,43291
0,1001,10010000,10010000,195,325,10020000,4326
0,10010,100100000,100100000,195,325,100110000,43297
0,10011,100110000,100110000,195,325,100120000,43300
0,10012,100120000,100120000,195,325,100130000,43307
0,10013,100130000,100130000,195,325,100140000,43310
0,10014,100140000,100140000,195,325,100150000,43314
0,10015,100150000,100150000,195,325,100160000,43319
0,10016,100160000,100160000,195,325,100170000,43321
0,10017,100170000,100170000,195,325,100180000,43329
0,10018,100180000,100180000,195,325,100190000,43332
0,10019,100190000,100190000,195,325,100200000,43333
0,1002,10020000,10020000,195,325,10030000,4333
0,10020,100200000,100200000,195,325,100210000,43341
0,10021,100210000,100210000,195,325,100220000,43345
0,10022,100220000,100220000,195,325,100230000,43350
0,10023,100230000,100230000,195,325,100240000,43353
0,10024,100240000,100240000,195,325,100250000,43357
0,10025,100250000,100250000,195,325,100260000,43361
0,10026,100260000,100260000,195,325,100270000,43366
0,10027,100270000,100270000,195,325,100280000,43372
0,10028,100280000,100280000,195,325,100290000,43374
0,10029,100290000,100290000,195,325,100300000,43377
0,1003,10030000,10030000,195,325,10040000,4337
0,10030,100300000,100300000,195,325,100310000,43385
0,10031,100310000,100310000,195,325,100320000,43387
0,10032,100320000,100320000,195,325,100330000,43394
0,10033,100330000,100330000,195,325,100340000,43396
0,10034,100340000,100340000,195,325,100350000,43399
0,10035,100350000,100350000,195,325,100360000,43406
0,10036,100360000,100360000,195,325,100370000,43409
0,10037,100370000,100370000,195,325,100380000,43413
0,10038,100380000,100380000,195,325,100390000,43419
0,10039,100390000,100390000,195,325,100400000,43422
0,1004,10040000,10040000,195,325,10050000,4340
0,10040,100400000,100400000,195,325,100410000,43427
0,10041,100410000,100410000,195,325,100420000,43431
0,10042,100420000,100420000,195,325,100430000,43437
0,10043,100430000,100430000,195,325,100440000,43438
0,10044,100440000,100440000,195,325,100450000,43443
0,10045,100450000,100450000,195,325,100460000,43449
0,10046,100460000,100460000,195,325,100470000,43451
0,10047,100470000,100470000,195,325,100480000,43458
0,10048,100480000,100480000,195,325,100490000,43463
0,10049,100490000,100490000,195,325,100500000,43464
0,1005,10050000,10050000,195,325,10060000,4346
0,10050,100500000,100500000,195,325,100510000,43471
0,10051,100510000,100510000,195,325,100520000,43473
0,10052,100520000,100520000,195,325,100530000,43479
0,10053,100530000,100530000,195,325,100540000,43483
0,10054,100540000,100540000,195,325,100550000,43486
0,10055,100550000,100550000,195,325,100560000,43492
0,10056,100560000,100560000,195,325,100570000,43496
0,10057,100570000,100570000,195,325,100580000,43502
0,10058,100580000,100580000,195,325,100590000,43504
0,10059,100590000,100590000,195,325,100600000,43508
0,1006,10060000,10060000,195,325,10070000,4349
0,10060,100600000,100600000,195,325,100610000,43514
0,10061,100610000,100610000,195,325,100620000,43515
0,10062,100620000,100620000,195,325,100630000,43524
0,10063,100630000,100630000,195,325,100640000,43526
0,10064,100640000,100640000,195,325,100650000,43529
0,10065,100650000,100650000,195,325,100660000,43535
0,10066,100660000,100660000,195,325,100670000,43540
0,10067,100670000,100670000,195,325,100680000,43544
0,10068,100680000,100680000,195,325,100690000,43548
0,10069,100690000,100690000,195,325,100700000,43551
0,1007,10070000,10070000,195,325,10080000,4353
0,10070,100700000,100700000,195,325,100710000,43556
0,10071,100710000,100710000,195,325,100720000,43560
0,10072,100720000,100720000,195,325,100730000,43567
0,10073,100730000,100730000,195,325,100740000,43569
0,10074,100740000,100740000,195,325,100750000,43573
0,10075,100750000,100750000,195,325,100760000,43579
0,10076,100760000,100760000,195,325,100770000,43582
0,10077,100770000,100770000,195,325,100780000,43588
0,10078,100780000,100780000,195,325,100790000,43591
0,10079,100790000,100790000,195,325,100800000,43592
0,1008,10080000,10080000,195,325,10090000,4359
0,10080,100800000,100800000,195,325,100810000,43601
0,10081,100810000,100810000,195,325,100820000,43604
0,10082,100820000,100820000,195,325,100830000,43609
0,10083,100830000,100830000,195,325,100840000,43613
0,10084,100840000,100840000,195,325,100850000,43617
0,10085,100850000,100850000,195,325,100860000,43621
0,10086,100860000,100860000,195,325,100870000,43625
0,10087,100870000,100870000,195,325,100880000,43631
0,10088,100880000,100880000,195,325,100890000,43633
0,10089,100890000,100890000,195,325,100900000,43638
0,1009,10090000,10090000,195,325,10100000,4361
0,10090,100900000,100900000,195,325,100910000,43645
0,10091,100910000,100910000,195,325,100920000,43646
0,10092,100920000,100920000,195,325,100930000,43653
0,10093,100930000,100930000,195,325,100940000,43656
0,10094,100940000,100940000,195,325,100950000,43659
0,10095,100950000,100950000,195,325,100960000,43665
0,10096,100960000,100960000,195,325,100970000,43668
0,10097,100970000,100970000,195,325,100980000,43673
0,10098,100980000,100980000,195,325,100990000,43679
0,10099,100990000,100990000,195,325,101000000,43681
0,101,1010000,1010000,195,325,1020000,433
0,1010,10100000,10100000,195,325,10110000,4366
0,10100,101000000,101000000,195,325,101010000,43686
0,10101,101010000,101010000,195,325,101020000,43690
0,10102,101020000,101020000,195,325,101030000,43697
0,10103,101030000,101030000,195,325,101040000,43698
0,10104,101040000,101040000,195,325,101050000,43703
0,10105,101050000,101050000,195,325,101060000,43708
0,10106,101060000,101060000,195,325,101070000,43711
0,10107,101070000,101070000,195,325,101080000,43718
0,10108,101080000,101080000,195,325,101090000,43722
0,10109,101090000,101090000,195,325,101100000,43723
0,1011,10110000,10110000,195,325,10120000,4371
0,10110,101100000,101100000,195,325,101110000,43730
0,10111,101110000,101110000,195,325,101120000,43734
0,10112,101120000,101120000,195,325,101130000,43739
0,10113,101130000,101130000,195,325,101140000,43742
0,10114,101140000,101140000,195,325,101150000,43745
0,10115,101150000,101150000,195,325,101160000,43751
0,10116,101160000,101160000,195,325,101170000,43756
0,10117,101170000,101170000,195,325,101180000,43761
0,10118,101180000,101180000,195,325,101190000,43764
0,10119,101190000,101190000,195,325,101200000,43767
0,1012,10120000,10120000,195,325,10130000,4378
0,10120,101200000,101200000,195,325,101210000,43774
0,10121,101210000,101210000,195,325,101220000,43775
0,10122,101220000,101220000,195,325,101230000,43783
0,10123,101230000,101230000,195,325,101240000,43786
0,10124,101240000,101240000,195,325,101250000,43788
0,10125,101250000,101250000,195,325,101260000,43796
0,10126,101260000,101260000,195,325,101270000,43799
0,10127,101270000,101270000,195,325,101280000,43803
0,10128,101280000,101280000,195,325,101290000,43807
0,10129,101290000,101290000,195,325,101300000,43811
0,1013,10130000,10130000,195,325,10140000,4379
0,10130,101300000,101300000,195,325,101310000,43816
0,10131,101310000,101310000,195,325,101320000,43819
0,10132,101320000,101320000,195,325,101330000,43827
0,10133,101330000,101330000,195,325,101340000,43828
0,10134,101340000,101340000,195,325,101350000,43833
0,10135,101350000,101350000,195,325,101360000,43838
0,10136,101360000,101360000,195,325,101370000,43841
0,10137,101370000,101370000,195,325,101380000,43847
0,10138,101380000,101380000,195,325,101390000,43851
0,10139,101390000,101390000,195,325,101400000,43853
0,1014,10140000,10140000,195,325,10150000,4383
0,10140,101400000,101400000,195,325,101410000,43861
0,10141,101410000,101410000,195,325,101420000,43863
0,10142,101420000,101420000,195,325,101430000,43868
0,10143,101430000,101430000,195,325,101440000,43873
0,10144,101440000,101440000,195,325,101450000,43876
0,10145,101450000,101450000,195,325,101460000,43880
0,10146,101460000,101460000,195,325,101470000,43885
0,10147,101470000,101470000,195,325,101480000,43891
0,10148,101480000,101480000,195,325,101490000,43893
0,10149,101490000,101490000,195,325,101500000,43897
0,1015,10150000,10150000,195,325,10160000,4389
0,10150,101500000,101500000,195,325,101510000,43904
0,10151,101510000,101510000,195,325,101520000,43905
0,10152,101520000,101520000,195,325,101530000,43913
0,10153,101530000,101530000,195,325,101540000,43916
0,10154,101540000,101540000,195,325,101550000,43918
0,10155,101550000,101550000,195,325,101560000,43924
0,10156,101560000,101560000,195,325,101570000,43928
0,10157,101570000,101570000,195,325,101580000,43934
0,10158,101580000,101580000,195,325,101590000,43938
0,10159,101590000,101590000,195,325,101600000,43940
0,1016,10160000,10160000,195,325,10170000,4391
0,10160,101600000,101600000,195,325,101610000,43946
0,10161,101610000,101610000,195,325,101620000,43950
0,10162,101620000,101620000,195,325,101630000,43956
0,10163,101630000,101630000,195,325,101640000,43957
0,10164,101640000,101640000,195,325,101650000,43962
0,10165,101650000,101650000,195,325,101660000,43968
0,10166,101660000,101660000,195,325,101670000,43971
0,10167,101670000,101670000,195,325,101680000,43978
0,10168,101680000,101680000,195,325,101690000,43981
0,10169,101690000,101690000,195,325,101700000,43982
0,1017,10170000,10170000,195,325,10180000,4398
0,10170,101700000,101700000,195,325,101710000,43990
0,10171,101710000,101710000,195,325,101720000,43993
0,10172,101720000,101720000,195,325,101730000,43998
0,10173,101730000,101730000,195,325,101740000,44001
0,10174,101740000,101740000,195,325,101750000,44007
0,10175,101750000,101750000,195,325,101760000,44011
0,10176,101760000,101760000,195,325,101770000,44015
0,10177,101770000,101770000,195,325,101780000,44020
0,10178,101780000,101780000,195,325,101790000,44023
0,10179,101790000,101790000,195,325,101800000,44027
0,1018,10180000,10180000,195,325,10190000,4402
0,10180,101800000,101800000,195,325,101810000,44033
0,10181,101810000,101810000,195,325,101820000,44035
0,10182,101820000,101820000,195,325,101830000,44042
0,10183,101830000,101830000,195,325,101840000,44046
0,10184,101840000,101840000,195,325,101850000,44048
0,10185,101850000,101850000,195,325,101860000,44055
0,10186,101860000,101860000,195,325,101870000,44058
0,10187,101870000,101870000,195,325,101880000,44062
0,10188,101880000,101880000,195,325,101890000,44068
0,10189,101890000,101890000,195,325,101900000,44070
0,1019,10190000,10190000,195,325,10200000,4403
0,10190,101900000,101900000,195,325,101910000,44075
0,10191,101910000,101910000,195,325,101920000,44079
0,10192,101920000,101920000,195,325,101930000,44087
0,10193,101930000,101930000,195,325,101940000,44088
0,10194,101940000,101940000,195,325,101950000,44092
0,10195,101950000,101950000,195,325,101960000,44098
0,10196,101960000,101960000,195,325,101970000,44100
0,10197,101970000,101970000,195,325,101980000,44107
0,10198,101980000,101980000,195,325,101990000,44110
0,10199,101990000,101990000,195,325,102000000,44112
0,102,1020000,1020000,195,325,1030000,441
0,1020,10200000,10200000,195,325,10210000,4411
0,10200,102000000,102000000,195,325,102010000,44120
0,10201,102010000,102010000,195,325,102020000,44123
0,10202,102020000,102020000,195,325,102030000,44129
0,10203,102030000,102030000,195,325,102040000,44132
0,10204,102040000,102040000,195,325,102050000,44135
0,10205,102050000,102050000,195,325,102060000,44139
0,10206,102060000,102060000,195,325,102070000,44145
0,10207,102070000,102070000,195,325,102080000,44150
0,10208,102080000,102080000,195,325,102090000,44153
0,10209,102090000,102090000,195,325,102100000,44157
0,1021,10210000,10210000,195,325,10220000,4414
0,10210,102100000,102100000,195,325,102110000,44164
0,10211,102110000,102110000,195,325,102120000,44165
0,10212,102120000,102120000,195,325,102130000,44172
0,10213,102130000,102130000,195,325,102140000,44175
0,10214,102140000,102140000,195,325,102150000,44177
0,10215,102150000,102150000,195,325,102160000,44184
0,10216,102160000,102160000,195,325,102170000,44188
0,10217,102170000,102170000,195,325,102180000,44193
0,10218,102180000,102180000,195,325,102190000,44197
0,10219,102190000,102190000,195,325,102200000,44200
0,1022,10220000,10220000,195,325,10230000,4420
0,10220,102200000,102200000,195,325,102210000,44206
0,10221,102210000,102210000,195,325,102220000,44209
0,10222,102220000,102220000,195,325,102230000,44215
0,10223,102230000,102230000,195,325,102240000,44217
0,10224,102240000,102240000,195,325,102250000,44222
0,10225,102250000,102250000,195,325,102260000,44228
0,10226,102260000,102260000,195,325,102270000,44230
0,10227,102270000,102270000,195,325,102280000,44237
0,10228,102280000,102280000,195,325,102290000,44241
0,10229,102290000,102290000,195,325,102300000,44242
0,1023,10230000,10230000,195,325,10240000,4423
0,10230,102300000,102300000,195,325,102310000,44250
0,10231,102310000,102310000,195,325,102320000,44252
0,10232,102320000,102320000,195,325,102330000,44257
0,10233,102330000,102330000,195,325,102340000,44261
0,10234,102340000,102340000,195,325,102350000,44266
0,10235,102350000,102350000,195,325,102360000,44270
0,10236,102360000,102360000,195,325,102370000,44274
0,10237,102370000,102370000,195,325,102380000,44281
0,10238,102380000,102380000,195,325,102390000,44283
0,10239,102390000,102390000,195,325,102400000,44286
0,1024,10240000,10240000,195,325,10250000,4426
0,10240,102400000,102400000,195,325,102410000,44292
0,10241,102410000,102410000,195,325,102420000,44294
0,10242,102420000,102420000,195,325,102430000,44303
0,10243,102430000,102430000,195,325,102440000,44305
0,10244,102440000,102440000,195,325,102450000,44308
0,10245,102450000,102450000,195,325,102460000,44314
0,10246,102460000,102460000,195,325,102470000,44318
0,10247,102470000,102470000,195,325,102480000,44322
0,10248,102480000,102480000,195,325,102490000,44327
0,10249,102490000,102490000,195,325,102500000,44329
0,1025,10250000,10250000,195,325,10260000,4431
0,10250,102500000,102500000,195,325,102510000,44334
0,10251,102510000,102510000,195,325,102520000,44340
0,10252,102520000,102520000,195,325,102530000,44346
0,10253,102530000,102530000,195,325,102540000,44347
0,10254,102540000,102540000,195,325,102550000,44351
0,10255,102550000,102550000,195,325,102560000,44358
0,10256,102560000,102560000,195,325,102570000,44360
0,10257,102570000,102570000,195,325,102580000,44366
0,10258,102580000,102580000,195,325,102590000,44370
0,10259,102590000,102590000,195,325,102600000,44372
0,1026,10260000,10260000,195,325,10270000,4436
0,10260,102600000,102600000,195,325,102610000,44380
0,10261,102610000,102610000,195,325,102620000,44382
0,10262,102620000,102620000,195,325,102630000,44388
0,10263,102630000,102630000,195,325,102640000,44391
0,10264,102640000,102640000,195,325,102650000,44395
0,10265,102650000,102650000,195,325,102660000,44400
0,10266,102660000,102660000,195,325,102670000,44404
0,10267,102670000,102670000,195,325,102680000,44409
0,10268,102680000,102680000,195,325,102690000,44412
0,10269,102690000,102690000,195,325,102700000,44417
0,1027,10270000,10270000,195,325,10280000,4441
0,10270,102700000,102700000,195,325,102710000,44423
0,10271,102710000,102710000,195,325,102720000,44424
0,10272,102720000,102720000,195,325,102730000,44432
0,10273,102730000,102730000,195,325,102740000,44435
0,10274,102740000,102740000,195,325,102750000,44437
0,10275,102750000,102750000,195,325,102760000,44443
0,10276,102760000,102760000,195,325,102770000,44448
0,10277,102770000,102770000,195,325,102780000,44452
0,10278,102780000,102780000,195,325,102790000,44457
0,10279,102790000,102790000,195,325,102800000,44460
0,1028,10280000,10280000,195,325,10290000,4444
0,10280,102800000,102800000,195,325,102810000,44465
0,10281,102810000,102810000,195,325,102820000,44468
0,10282,102820000,102820000,195,325,102830000,44475
0,10283,102830000,102830000,195,325,102840000,44477
0,10284,102840000,102840000,195,325,102850000,44481
0,10285,102850000,102850000,195,325,102860000,44487
0,10286,102860000,102860000,195,325,102870000,44490
0,10287,102870000,102870000,195,325,102880000,44497
0,10288,102880000,102880000,195,325,102890000,44500
0,10289,102890000,102890000,195,325,102900000,44501
0,1029,10290000,10290000,195,325,10300000,4448
0,10290,102900000,102900000,195,325,102910000,44509
0,10291,102910000,102910000,195,325,102920000,44512
0,10292,102920000,102920000,195,325,102930000,44517
0,10293,102930000,102930000,195,325,102940000,44522
0,10294,102940000,102940000,195,325,102950000,44525
0,10295,102950000,102950000,195,325,102960000,44529
0,10296,102960000,102960000,195,325,102970000,44534
0,10297,102970000,102970000,195,325,102980000,44540
0,10298,102980000,102980000,195,325,102990000,44542
0,10299,102990000,102990000,195,325,103000000,44545
0,103,1030000,1030000,195,325,1040000,444
0,1030,10300000,10300000,195,325,10310000,4455
0,10300,103000000,103000000,195,325,103010000,44553
0,10301,103010000,103010000,195,325,103020000,44554
0,10302,103020000,103020000,195,325,103030000,44562
0,10303,103030000,103030000,195,325,103040000,44564
0,10304,103040000,103040000,195,325,103050000,44567
0,10305,103050000,103050000,195,325,103060000,44574
0,10306,103060000,103060000,195,325,103070000,44577
0,10307,103070000,103070000,195,325,103080000,44582
0,10308,103080000,103080000,195,325,103090000,44586
0,10309,103090000,103090000,195,325,103100000,44589
0,1031,10310000,10310000,195,325,10320000,4456
0,10310,103100000,103100000,195,325,103110000,44595
0,10311,103110000,103110000,195,325,103120000,44599
0,10312,103120000,103120000,195,325,103130000,44605
0,10313,103130000,103130000,195,325,103140000,44606
0,10314,103140000,103140000,195,325,103150000,44612
0,10315,103150000,103150000,195,325,103160000,44617
0,10316,103160000,103160000,195,325,103170000,44619
0,10317,103170000,103170000,195,325,103180000,44625
0,10318,103180000,103180000,195,325,103190000,44630
0,10319,103190000,103190000,195,325,103200000,44632
0,1032,10320000,10320000,195,325,10330000,4464
0,10320,103200000,103200000,195,325,103210000,44639
0,10321,103210000,103210000,195,325,103220000,44642
0,10322,103220000,103220000,195,325,103230000,44647
0,10323,103230000,103230000,195,325,103240000,44651
0,10324,103240000,103240000,195,325,103250000,44654
0,10325,103250000,103250000,195,325,103260000,44659
0,10326,103260000,103260000,195,325,103270000,44663
0,10327,103270000,103270000,195,325,103280000,44670
0,10328,103280000,103280000,195,325,103290000,44673
0,10329,103290000,103290000,195,325,103300000,44676
0,1033,10330000,10330000,195,325,10340000,4466
0,10330,103300000,103300000,195,325,103310000,44682
0,10331,103310000,103310000,195,325,103320000,44683
0,10332,103320000,103320000,195,325,103330000,44692
0,10333,103330000,103330000,195,325,103340000,44694
0,10334,103340000,103340000,195,325,103350000,44696
0,10335,103350000,103350000,195,325,103360000,44703
0,10336,103360000,103360000,195,325,103370000,44708
0,10337,103370000,103370000,195,325,103380000,44712
0,10338,103380000,103380000,195,325,103390000,44716
0,10339,103390000,103390000,195,325,103400000,44719
0,1034,10340000,10340000,195,325,10350000,4468
0,10340,103400000,103400000,195,325,103410000,44724
0,10341,103410000,103410000,195,325,103420000,44728
0,10342,103420000,103420000,195,325,103430000,44735
0,10343,103430000,103430000,195,325,103440000,44736
0,10344,103440000,103440000,195,325,103450000,44741
0,10345,103450000,103450000,195,325,103460000,44747
0,10346,103460000,103460000,195,325,103470000,44750
0,10347,103470000,103470000,195,325,103480000,44756
0,10348,103480000,103480000,195,325,103490000,44759
0,10349,103490000,103490000,195,325,103500000,44761
0,1035,10350000,10350000,195,325,10360000,4475
0,10350,103500000,103500000,195,325,103510000,44769
0,10351,103510000,103510000,195,325,103520000,44771
0,10352,103520000,103520000,195,325,103530000,44776
0,10353,103530000,103530000,195,325,103540000,44781
0,10354,103540000,103540000,195,325,103550000,44785
0,10355,103550000,103550000,195,325,103560000,44789
0,10356,103560000,103560000,195,325,103570000,44794
0,10357,103570000,103570000,195,325,103580000,44799
0,10358,103580000,103580000,195,325,103590000,44801
0,10359,103590000,103590000,195,325,103600000,44805
0,1036,10360000,10360000,195,325,10370000,4479
0,10360,103600000,103600000,195,325,103610000,44812
0,10361,103610000,103610000,195,325,103620000,44814
0,10362,103620000,103620000,195,325,103630000,44821
0,10363,103630000,103630000,195,325,103640000,44825
0,10364,103640000,103640000,195,325,103650000,44827
0,10365,103650000,103650000,195,325,103660000,44833
0,10366,103660000,103660000,195,325,103670000,44836
0,10367,103670000,103670000,195,325,103680000,44841
0,10368,103680000,103680000,195,325,103690000,44846
0,10369,103690000,103690000,195,325,103700000,44848
0,1037,10370000,10370000,195,325,10380000,4484
0,10370,103700000,103700000,195,325,103710000,44855
0,10371,103710000,103710000,195,325,103720000,44858
0,10372,103720000,103720000,195,325,103730000,44865
0,10373,103730000,103730000,195,325,103740000,44866
0,10374,103740000,103740000,195,325,103750000,44871
0,10375,103750000,103750000,195,325,103760000,44876
0,10376,103760000,103760000,195,325,103770000,44878
0,10377,103770000,103770000,195,325,103780000,44886
0,10378,103780000,103780000,195,325,103790000,44890
0,10379,103790000,103790000,195,325,103800000,44891
0,1038,10380000,10380000,195,325,10390000,4488
0,10380,103800000,103800000,195,325,103810000,44898
0,10381,103810000,103810000,195,325,103820000,44902
0,10382,103820000,103820000,195,325,103830000,44907
0,10383,103830000,103830000,195,325,103840000,44910
0,10384,103840000,103840000,195,325,103850000,44914
0,10385,103850000,103850000,195,325,103860000,44918
0,10386,103860000,103860000,195,325,103870000,44923
0,10387,103870000,103870000,195,325,103880000,44929
0,10388,103880000,103880000,195,325,103890000,44932
0,10389,103890000,103890000,195,325,103900000,44935
0,1039,10390000,10390000,195,325,10400000,4492
0,10390,103900000,103900000,195,325,103910000,44942
0,10391,103910000,103910000,195,325,103920000,44944
0,10392,103920000,103920000,195,325,103930000,44951
0,10393,103930000,103930000,195,325,103940000,44953
0,10394,103940000,103940000,195,325,103950000,44955
0,10395,103950000,103950000,195,325,103960000,44964
0,10396,103960000,103960000,195,325,103970000,44967
0,10397,103970000,103970000,195,325,103980000,44971
0,10398,103980000,103980000,195,325,103990000,44976
0,10399,103990000,103990000,195,325,104000000,44979
0,104,1040000,1040000,195,325,1050000,446
0,1040,10400000,10400000,195,325,10410000,4497
0,10400,104000000,104000000,195,325,104010000,44984
0,10401,104010000,104010000,195,325,104020000,44987
0,10402,104020000,104020000,195,325,104030000,44994
0,10403,104030000,104030000,195,325,104040000,44995
0,10404,104040000,104040000,195,325,104050000,45001
0,10405,104050000,104050000,195,325,104060000,45007
0,10406,104060000,104060000,195,325,104070000,45009
0,10407,104070000,104070000,195,325,104080000,45015
0,10408,104080000,104080000,195,325,104090000,45019
0,10409,104090000,104090000,195,325,104100000,45021
0,1041,10410000,10410000,195,325,10420000,4500
0,10410,104100000,104100000,195,325,104110000,45028
0,10411,104110000,104110000,195,325,104120000,45030
0,10412,104120000,104120000,195,325,104130000,45037
0,10413,104130000,104130000,195,325,104140000,45041
0,10414,104140000,104140000,195,325,104150000,45044
0,10415,104150000,104150000,195,325,104160000,45048
0,10416,104160000,104160000,195,325,104170000,45053
0,10417,104170000,104170000,195,325,104180000,45059
0,10418,104180000,104180000,195,325,104190000,45061
0,10419,104190000,104190000,195,325,104200000,45065
0,1042,10420000,10420000,195,325,10430000,4506
0,10420,104200000,104200000,195,325,104210000,45071
0,10421,104210000,104210000,195,325,104220000,45073
0,10422,104220000,104220000,195,325,104230000,45081
0,10423,104230000,104230000,195,325,104240000,45084
0,10424,104240000,104240000,195,325,104250000,45086
0,10425,104250000,104250000,195,325,104260000,45092
0,10426,104260000,104260000,195,325,104270000,45097
0,10427,104270000,104270000,195,325,104280000,45101
0,10428,104280000,104280000,195,325,104290000,45105
0,10429,104290000,104290000,195,325,104300000,45108
0,1043,10430000,10430000,195,325,10440000,4508
0,10430,104300000,104300000,195,325,104310000,45114
0,10431,104310000,104310000,195,325,104320000,45118
0,10432,104320000,104320000,195,325,104330000,45124
0,10433,104330000,104330000,195,325,104340000,45126
0,10434,104340000,104340000,195,325,104350000,45130
0,10435,104350000,104350000,195,325,104360000,45136
0,10436,104360000,104360000,195,325,104370000,45138
0,10437,104370000,104370000,195,325,104380000,45145
0,10438,104380000,104380000,195,325,104390000,45149
0,10439,104390000,104390000,195,325,104400000,45150
0,1044,10440000,10440000,195,325,10450000,4513
0,10440,104400000,104400000,195,325,104410000,45159
0,10441,104410000,104410000,195,325,104420000,45161
0,10442,104420000,104420000,195,325,104430000,45166
0,10443,104430000,104430000,195,325,104440000,45169
0,10444,104440000,104440000,195,325,104450000,45174
0,10445,104450000,104450000,195,325,104460000,45178
0,10446,104460000,104460000,195,325,104470000,45183
0,10447,104470000,104470000,195,325,104480000,45189
0,10448,104480000,104480000,195,325,104490000,45191
0,10449,104490000,104490000,195,325,104500000,45195
0,1045,10450000,10450000,195,325,10460000,4519
0,10450,104500000,104500000,195,325,104510000,45201
0,10451,104510000,104510000,195,325,104520000,45203
0,10452,104520000,104520000,195,325,104530000,45210
0,10453,104530000,104530000,195,325,104540000,45213
0,10454,104540000,104540000,195,325,104550000,45216
0,10455,104550000,104550000,195,325,104560000,45223
0,10456,104560000,104560000,195,325,104570000,45226
0,10457,104570000,104570000,195,325,104580000,45230
0,10458,104580000,104580000,195,325,104590000,45236
0,10459,104590000,104590000,195,325,104600000,45238
0,1046,10460000,10460000,195,325,10470000,4522
0,10460,104600000,104600000,195,325,104610000,45243
0,10461,104610000,104610000,195,325,104620000,45247
0,10462,104620000,104620000,195,325,104630000,45254
0,10463,104630000,104630000,195,325,104640000,45256
0,10464,104640000,104640000,195,325,104650000,45260
0,10465,104650000,104650000,195,325,104660000,45266
0,10466,104660000,104660000,195,325,104670000,45268
0,10467,104670000,104670000,195,325,104680000,45275
0,10468,104680000,104680000,195,325,104690000,45279
0,10469,104690000,104690000,195,325,104700000,45280
0,1047,10470000,10470000,195,325,10480000,4528
0,10470,104700000,104700000,195,325,104710000,45287
0,10471,104710000,104710000,195,325,104720000,45290
0,10472,104720000,104720000,195,325,104730000,45297
0,10473,104730000,104730000,195,325,104740000,45300
0,10474,104740000,104740000,195,325,104750000,45303
0,10475,104750000,104750000,195,325,104760000,45308
0,10476,104760000,104760000,195,325,104770000,45313
0,10477,104770000,104770000,195,325,104780000,45318
0,10478,104780000,104780000,195,325,104790000,45320
0,10479,104790000,104790000,195,325,104800000,45324
0,1048,10480000,10480000,195,325,10490000,4532
0,10480,104800000,104800000,195,325,104810000,45332
0,10481,104810000,104810000,195,325,104820000,45333
0,10482,104820000,104820000,195,325,104830000,45341
0,10483,104830000,104830000,195,325,104840000,45343
0,10484,104840000,104840000,195,325,104850000,45345
0,10485,104850000,104850000,195,325,104860000,45352
0,10486,104860000,104860000,195,325,104870000,45356
0,10487,104870000,104870000,195,325,104880000,45360
0,10488,104880000,104880000,195,325,104890000,45364
0,10489,104890000,104890000,195,325,104900000,45369
0,1049,10490000,10490000,195,325,10500000,4533
0,10490,104900000,104900000,195,325,104910000,45374
0,10491,104910000,104910000,195,325,104920000,45377
0,10492,104920000,104920000,195,325,104930000,45383
0,10493,104930000,104930000,195,325,104940000,45385
0,10494,104940000,104940000,195,325,104950000,45390
0,10495,104950000,104950000,195,325,104960000,45395
0,10496,104960000,104960000,195,325,104970000,45398
0,10497,104970000,104970000,195,325,104980000,45405
0,10498,104980000,104980000,195,325,104990000,45409
0,10499,104990000,104990000,195,325,105000000,45410
0,105,1050000,1050000,195,325,1060000,453
0,1050,10500000,10500000,195,325,10510000,4541
0,10500,105000000,105000000,195,325,105010000,45418
0,10501,105010000,105010000,195,325,105020000,45420
0,10502,105020000,105020000,195,325,105030000,45425
0,10503,105030000,105030000,195,325,105040000,45430
0,10504,105040000,105040000,195,325,105050000,45433
0,10505,105050000,105050000,195,325,105060000,45437
0,10506,105060000,105060000,195,325,105070000,45442
0,10507,105070000,105070000,195,325,105080000,45449
0,10508,105080000,105080000,195,325,105090000,45451
0,10509,105090000,105090000,195,325,105100000,45454
0,1051,10510000,10510000,195,325,10520000,4543
0,10510,105100000,105100000,195,325,105110000,45461
0,10511,105110000,105110000,195,325,105120000,45462
0,10512,105120000,105120000,195,325,105130000,45470
0,10513,105130000,105130000,195,325,105140000,45472
0,10514,105140000,105140000,195,325,105150000,45476
0,10515,105150000,105150000,195,325,105160000,45482
0,10516,105160000,105160000,195,325,105170000,45486
0,10517,105170000,105170000,195,325,105180000,45491
0,10518,105180000,105180000,195,325,105190000,45495
0,10519,105190000,105190000,195,325,105200000,45497
0,1052,10520000,10520000,195,325,10530000,4548
0,10520,105200000,105200000,195,325,105210000,45502
0,10521,105210000,105210000,195,325,105220000,45507
0,10522,105220000,105220000,195,325,105230000,45513
0,10523,105230000,105230000,195,325,105240000,45515
0,10524,105240000,105240000,195,325,105250000,45520
0,10525,105250000,105250000,195,325,105260000,45526
0,10526,105260000,105260000,195,325,105270000,45528
0,10527,105270000,105270000,195,325,105280000,45534
0,10528,105280000,105280000,195,325,105290000,45538
0,10529,105290000,105290000,195,325,105300000,45539
0,1053,10530000,10530000,195,325,10540000,4553
0,10530,105300000,105300000,195,325,105310000,45547
0,10531,105310000,105310000,195,325,105320000,45551
0,10532,105320000,105320000,195,325,105330000,45556
0,10533,105330000,105330000,195,325,105340000,45559
0,10534,105340000,105340000,195,325,105350000,45563
0,10535,105350000,105350000,195,325,105360000,45568
0,10536,105360000,105360000,195,325,105370000,45572
0,10537,105370000,105370000,195,325,105380000,45577
0,10538,105380000,105380000,195,325,105390000,45580
0,10539,105390000,105390000,195,325,105400000,45584
0,1054,10540000,10540000,195,325,10550000,4557
0,10540,105400000,105400000,195,325,105410000,45591
0,10541,105410000,105410000,195,325,105420000,45592
0,10542,105420000,105420000,195,325,105430000,45600
0,10543,105430000,105430000,195,325,105440000,45603
0,10544,105440000,105440000,195,325,105450000,45605
0,10545,105450000,105450000,195,325,105460000,45612
0,10546,105460000,105460000,195,325,105470000,45615
0,10547,105470000,105470000,195,325,105480000,45619
0,10548,105480000,105480000,195,325,105490000,45625
0,10549,105490000,105490000,195,325,105500000,45628
0,1055,10550000,10550000,195,325,10560000,4561
0,10550,105500000,105500000,195,325,105510000,45633
0,10551,105510000,105510000,195,325,105520000,45636
0,10552,105520000,105520000,195,325,105530000,45644
0,10553,105530000,105530000,195,325,105540000,45645
0,10554,105540000,105540000,195,325,105550000,45649
0,10555,105550000,105550000,195,325,105560000,45654
0,10556,105560000,105560000,195,325,105570000,45657
0,10557,105570000,105570000,195,325,105580000,45665
0,10558,105580000,105580000,195,325,105590000,45668
0,10559,105590000,105590000,195,325,105600000,45670
0,1056,10560000,10560000,195,325,10570000,4565
0,10560,105600000,105600000,195,325,105610000,45677
0,10561,105610000,105610000,195,325,105620000,45680
0,10562,105620000,105620000,195,325,105630000,45685
0,10563,105630000,105630000,195,325,105640000,45689
0,10564,105640000,105640000,195,325,105650000,45692
0,10565,105650000,105650000,195,325,105660000,45697
0,10566,105660000,105660000,195,325,105670000,45703
0,10567,105670000,105670000,195,325,105680000,45708
0,10568,105680000,105680000,195,325,105690000,45710
0,10569,105690000,105690000,195,325,105700000,45713
0,1057,10570000,10570000,195,325,10580000,4572
0,10570,105700000,105700000,195,325,105710000,45721
0,10571,105710000,105710000,195,325,105720000,45722
0,10572,105720000,105720000,195,325,105730000,45729
0,10573,105730000,105730000,195,325,105740000,45732
0,10574,105740000,105740000,195,325,105750000,45735
0,10575,105750000,105750000,195,325,105760000,45742
0,10576,105760000,105760000,195,325,105770000,45745
0,10577,105770000,105770000,195,325,105780000,45750
0,10578,105780000,105780000,195,325,105790000,45754
0,10579,105790000,105790000,195,325,105800000,45757
0,1058,10580000,10580000,195,325,10590000,4574
0,10580,105800000,105800000,195,325,105810000,45763
0,10581,105810000,105810000,195,325,105820000,45766
0,10582,105820000,105820000,195,325,105830000,45773
0,10583,105830000,105830000,195,325,105840000,45774
0,10584,105840000,105840000,195,325,105850000,45780
0,10585,105850000,105850000,195,325,105860000,45785
0,10586,105860000,105860000,195,325,105870000,45787
0,10587,105870000,105870000,195,325,105880000,45794
0,10588,105880000,105880000,195,325,105890000,45798
0,10589,105890000,105890000,195,325,105900000,45799
0,1059,10590000,10590000,195,325,10600000,4577
0,10590,105900000,105900000,195,325,105910000,45806
0,10591,105910000,105910000,195,325,105920000,45810
0,10592,105920000,105920000,195,325,105930000,45815
0,10593,105930000,105930000,195,325,105940000,45819
0,10594,105940000,105940000,195,325,105950000,45823
0,10595,105950000,105950000,195,325,105960000,45827
0,10596,105960000,105960000,195,325,105970000,45831
0,10597,105970000,105970000,195,325,105980000,45837
0,10598,105980000,105980000,195,325,105990000,45840
0,10599,105990000,105990000,195,325,106000000,45844
0,106,1060000,1060000,195,325,1070000,456
0,1060,10600000,10600000,195,325,10610000,4584
0,10600,106000000,106000000,195,325,106010000,45850
0,10601,106010000,106010000,195,325,106020000,45852
0,10602,106020000,106020000,195,325,106030000,45860
0,10603,106030000,106030000,195,325,106040000,45862
0,10604,106040000,106040000,195,325,106050000,45864
0,10605,106050000,106050000,195,325,106060000,45871
0,10606,106060000,106060000,195,325,106070000,45875
0,10607,106070000,106070000,195,325,106080000,45879
0,10608,106080000,106080000,195,325,106090000,45885
0,10609,106090000,106090000,195,325,106100000,45887
0,1061,10610000,10610000,195,325,10620000,4585
0,10610,106100000,106100000,195,325,106110000,45892
0,10611,106110000,106110000,195,325,106120000,45896
0,10612,106120000,106120000,195,325,106130000,45903
0,10613,106130000,106130000,195,325,106140000,45904
0,10614,106140000,106140000,195,325,106150000,45908
0,10615,106150000,106150000,195,325,106160000,45915
0,10616,106160000,106160000,195,325,106170000,45918
0,10617,106170000,106170000,195,325,106180000,45924
0,10618,106180000,106180000,195,325,106190000,45927
0,10619,106190000,106190000,195,325,106200000,45929
0,1062,10620000,10620000,195,325,10630000,4594
0,10620,106200000,106200000,195,325,106210000,45937
0,10621,106210000,106210000,195,325,106220000,45939
0,10622,106220000,106220000,195,325,106230000,45945
0,10623,106230000,106230000,195,325,106240000,45948
0,10624,106240000,106240000,195,325,106250000,45952
0,10625,106250000,106250000,195,325,106260000,45957
0,10626,106260000,106260000,195,325,106270000,45962
0,10627,106270000,106270000,195,325,106280000,45967
0,10628,106280000,106280000,195,325,106290000,45969
0,10629,106290000,106290000,195,325,106300000,45974
0,1063,10630000,10630000,195,325,10640000,4596
0,10630,106300000,106300000,195,325,106310000,45980
0,10631,106310000,106310000,195,325,106320000,45981
0,10632,106320000,106320000,195,325,106330000,45988
0,10633,106330000,106330000,195,325,106340000,45993
0,10634,106340000,106340000,195,325,106350000,45995
0,10635,106350000,106350000,195,325,106360000,46001
0,10636,106360000,106360000,195,325,106370000,46005
0,10637,106370000,106370000,195,325,106380000,46009
0,10638,106380000,106380000,195,325,106390000,46014
0,10639,106390000,106390000,195,325,106400000,46016
0,1064,10640000,10640000,195,325,10650000,4599
0,10640,106400000,106400000,195,325,106410000,46022
0,10641,106410000,106410000,195,325,106420000,46025
0,10642,106420000,106420000,195,325,106430000,46033
0,10643,106430000,106430000,195,325,106440000,46035
0,10644,106440000,106440000,195,325,106450000,46039
0,10645,106450000,106450000,195,325,106460000,46044
0,10646,106460000,106460000,195,325,106470000,46046
0,10647,106470000,106470000,195,325,106480000,46054
0,10648,106480000,106480000,195,325,106490000,46057
0,10649,106490000,106490000,195,325,106500000,46058
0,1065,10650000,10650000,195,325,10660000,4605
0,10650,106500000,106500000,195,325,106510000,46067
0,10651,106510000,106510000,195,325,106520000,46070
0,10652,106520000,106520000,195,325,106530000,46075
0,10653,106530000,106530000,195,325,106540000,46078
0,10654,106540000,106540000,195,325,106550000,46082
0,10655,106550000,106550000,195,325,106560000,46086
0,10656,106560000,106560000,195,325,106570000,46091
0,10657,106570000,106570000,195,325,106580000,46097
0,10658,106580000,106580000,195,325,106590000,46099
0,10659,106590000,106590000,195,325,106600000,46103
0,1066,10660000,10660000,195,325,10670000,4609
0,10660,106600000,106600000,195,325,106610000,46110
0,10661,106610000,106610000,195,325,106620000,46112
0,10662,106620000,106620000,195,325,106630000,46119
0,10663,106630000,106630000,195,325,106640000,46121
0,10664,106640000,106640000,195,325,106650000,46124
0,10665,106650000,106650000,195,325,106660000,46131
0,10666,106660000,106660000,195,325,106670000,46134
0,10667,106670000,106670000,195,325,106680000,46139
0,10668,106680000,106680000,195,325,106690000,46144
0,10669,106690000,106690000,195,325,106700000,46147
0,1067,10670000,10670000,195,325,10680000,4614
0,10670,106700000,106700000,195,325,106710000,46152
0,10671,106710000,106710000,195,325,106720000,46156
0,10672,106720000,106720000,195,325,106730000,46162
0,10673,106730000,106730000,195,325,106740000,46163
0,10674,106740000,106740000,195,325,106750000,46168
0,10675,106750000,106750000,195,325,106760000,46174
0,10676,106760000,106760000,195,325,106770000,46177
0,10677,106770000,106770000,195,325,106780000,46183
0,10678,106780000,106780000,195,325,106790000,46188
0,10679,106790000,106790000,195,325,106800000,46189
0,1068,10680000,10680000,195,325,10690000,4618
0,10680,106800000,106800000,195,325,106810000,46196
0,10681,106810000,106810000,195,325,106820000,46198
0,10682,106820000,106820000,195,325,106830000,46204
0,10683,106830000,106830000,195,325,106840000,46208
0,10684,106840000,106840000,195,325,106850000,46212
0,10685,106850000,106850000,195,325,106860000,46217
0,10686,106860000,106860000,195,325,106870000,46221
0,10687,106870000,106870000,195,325,106880000,46227
0,10688,106880000,106880000,195,325,106890000,46229
0,10689,106890000,106890000,195,325,106900000,46233
0,1069,10690000,10690000,195,325,10700000,4620
0,10690,106900000,106900000,195,325,106910000,46239
0,10691,106910000,106910000,195,325,106920000,46240
0,10692,106920000,106920000,195,325,106930000,46249
0,10693,106930000,106930000,195,325,106940000,46252
0,10694,106940000,106940000,195,325,106950000,46254
0,10695,106950000,106950000,195,325,106960000,46260
0,10696,106960000,106960000,195,325,106970000,46265
0,10697,106970000,106970000,195,325,106980000,46269
0,10698,106980000,106980000,195,325,106990000,46273
0,10699,106990000,106990000,195,325,107000000,46276
0,107,1070000,1070000,195,325,1080000,460
0,1070,10700000,10700000,195,325,10710000,4625
0,10700,107000000,107000000,195,325,107010000,46281
0,10701,107010000,107010000,195,325,107020000,46286
0,10702,107020000,107020000,195,325,107030000,46292
0,10703,107030000,107030000,195,325,107040000,46294
0,10704,107040000,107040000,195,325,107050000,46298
0,10705,107050000,107050000,195,325,107060000,46304
0,10706,107060000,107060000,195,325,107070000,46307
0,10707,107070000,107070000,195,325,107080000,46313
0,10708,107080000,107080000,195,325,107090000,46316
0,10709,107090000,107090000,195,325,107100000,46317
0,1071,10710000,10710000,195,325,10720000,4631
0,1072,10720000,10720000,195,325,10730000,4637
0,1073,10730000,10730000,195,325,10740000,4638
0,1074,10740000,10740000,195,325,10750000,4643
0,1075,10750000,10750000,195,325,10760000,4649
0,1076,10760000,10760000,195,325,10770000,4651
0,1077,10770000,10770000,195,325,10780000,4657
0,1078,10780000,10780000,195,325,10790000,4661
0,1079,10790000,10790000,195,325,10800000,4663
0,108,1080000,1080000,195,325,1090000,466
0,1080,10800000,10800000,195,325,10810000,4671
0,1081,10810000,10810000,195,325,10820000,4674
0,1082,10820000,10820000,195,325,10830000,4679
0,1083,10830000,10830000,195,325,10840000,4682
0,1084,10840000,10840000,195,325,10850000,4686
0,1085,10850000,10850000,195,325,10860000,4691
0,1086,10860000,10860000,195,325,10870000,4695
0,1087,10870000,10870000,195,325,10880000,4700
0,1088,10880000,10880000,195,325,10890000,4704
0,1089,10890000,10890000,195,325,10900000,4708
0,109,1090000,1090000,195,325,1100000,468
0,1090,10900000,10900000,195,325,10910000,4714
0,1091,10910000,10910000,195,325,10920000,4715
0,1092,10920000,10920000,195,325,10930000,4723
0,1093,10930000,10930000,195,325,10940000,4726
0,1094,10940000,10940000,195,325,10950000,4728
0,1095,10950000,10950000,195,325,10960000,4735
0,1096,10960000,10960000,195,325,10970000,4739
0,1097,10970000,10970000,195,325,10980000,4743
0,1098,10980000,10980000,195,325,10990000,4748
0,1099,10990000,10990000,195,325,11000000,4751
0,11,110000,110000,195,325,120000,44
0,110,1100000,1100000,195,325,1110000,474
0,1100,11000000,11000000,195,325,11010000,4756
0,1101,11010000,11010000,195,325,11020000,4759
0,1102,11020000,11020000,195,325,11030000,4767
0,1103,11030000,11030000,195,325,11040000,4768
0,1104,11040000,11040000,195,325,11050000,4772
0,1105,11050000,11050000,195,325,11060000,4778
0,1106,11060000,11060000,195,325,11070000,4781
0,1107,11070000,11070000,195,325,11080000,4788
0,1108,11080000,11080000,195,325,11090000,4791
0,1109,11090000,11090000,195,325,11100000,4793
0,111,1110000,1110000,195,325,1120000,477
0,1110,11100000,11100000,195,325,11110000,4800
0,1111,11110000,11110000,195,325,11120000,4803
0,1112,11120000,11120000,195,325,11130000,4808
0,1113,11130000,11130000,195,325,11140000,4813
0,1114,11140000,11140000,195,325,11150000,4816
0,1115,11150000,11150000,195,325,11160000,4820
0,1116,11160000,11160000,195,325,11170000,4826
0,1117,11170000,11170000,195,325,11180000,4831
0,1118,11180000,11180000,195,325,11190000,4833
0,1119,11190000,11190000,195,325,11200000,4836
0,112,1120000,1120000,195,325,1130000,485
0,1120,11200000,11200000,195,325,11210000,4844
0,1121,11210000,11210000,195,325,11220000,4845
0,1122,11220000,11220000,195,325,11230000,4853
0,1123,11230000,11230000,195,325,11240000,4856
0,1124,11240000,11240000,195,325,11250000,4858
0,1125,11250000,11250000,195,325,11260000,4865
0,1126,11260000,11260000,195,325,11270000,4868
0,1127,11270000,11270000,195,325,11280000,4873
0,1128,11280000,11280000,195,325,11290000,4877
0,1129,11290000,11290000,195,325,11300000,4880
0,113,1130000,1130000,195,325,1140000,486
0,1130,11300000,11300000,195,325,11310000,4887
0,1131,11310000,11310000,195,325,11320000,4890
0,1132,11320000,11320000,195,325,11330000,4896
0,1133,11330000,11330000,195,325,11340000,4897
0,1134,11340000,11340000,195,325,11350000,4903
0,1135,11350000,11350000,195,325,11360000,4908
0,1136,11360000,11360000,195,325,11370000,4910
0,1137,11370000,11370000,195,325,11380000,4917
0,1138,11380000,11380000,195,325,11390000,4921
0,1139,11390000,11390000,195,325,11400000,4923
0,114,1140000,1140000,195,325,1150000,490
0,1140,11400000,11400000,195,325,11410000,4930
0,1141,11410000,11410000,195,325,11420000,4933
0,1142,11420000,11420000,195,325,11430000,4938
0,1143,11430000,11430000,195,325,11440000,4942
0,1144,11440000,11440000,195,325,11450000,4946
0,1145,11450000,11450000,195,325,11460000,4950
0,1146,11460000,11460000,195,325,11470000,4954
0,1147,11470000,11470000,195,325,11480000,4961
0,1148,11480000,11480000,195,325,11490000,4964
0,1149,11490000,11490000,195,325,11500000,4967
0,115,1150000,1150000,195,325,1160000,496
0,1150,11500000,11500000,195,325,11510000,4973
0,1151,11510000,11510000,195,325,11520000,4975
0,1152,11520000,11520000,195,325,11530000,4983
0,1153,11530000,11530000,195,325,11540000,4985
0,1154,11540000,11540000,195,325,11550000,4987
0,1155,11550000,11550000,195,325,11560000,4994
0,1156,11560000,11560000,195,325,11570000,4999
0,1157,11570000,11570000,195,325,11580000,5003
0,1158,11580000,11580000,195,325,11590000,5008
0,1159,11590000,11590000,195,325,11600000,5010
0,116,1160000,1160000,195,325,1170000,498
0,1160,11600000,11600000,195,325,11610000,5015
0,1161,11610000,11610000,195,325,11620000,5019
0,1162,11620000,11620000,195,325,11630000,5026
0,1163,11630000,11630000,195,325,11640000,5027
0,1164,11640000,11640000,195,325,11650000,5032
0,1165,11650000,11650000,195,325,11660000,5039
0,1166,11660000,11660000,195,325,11670000,5041
0,1167,11670000,11670000,195,325,11680000,5047
0,1168,11680000,11680000,195,325,11690000,5050
0,1169,11690000,11690000,195,325,11700000,5052
0,117,1170000,1170000,195,325,1180000,505
0,1170,11700000,11700000,195,325,11710000,5060
0,1171,11710000,11710000,195,325,11720000,5062
0,1172,11720000,11720000,195,325,11730000,5068
0,1173,11730000,11730000,195,325,11740000,5072
0,1174,11740000,11740000,195,325,11750000,5076
0,1175,11750000,11750000,195,325,11760000,5080
0,1176,11760000,11760000,195,325,11770000,5085
0,1177,11770000,11770000,195,325,11780000,5090
0,1178,11780000,11780000,195,325,11790000,5092
0,1179,11790000,11790000,195,325,11800000,5097
0,118,1180000,1180000,195,325,1190000,508
0,1180,11800000,11800000,195,325,11810000,5103
0,1181,11810000,11810000,195,325,11820000,5105
0,1182,11820000,11820000,195,325,11830000,5112
0,1183,11830000,11830000,195,325,11840000,5116
0,1184,11840000,11840000,195,325,11850000,5118
0,1185,11850000,11850000,195,325,11860000,5124
0,1186,11860000,11860000,195,325,11870000,5128
0,1187,11870000,11870000,195,325,11880000,5132
0,1188,11880000,11880000,195,325,11890000,5137
0,1189,11890000,11890000,195,325,11900000,5139
0,119,1190000,1190000,195,325,1200000,511
0,1190,11900000,11900000,195,325,11910000,5146
0,1191,11910000,11910000,195,325,11920000,5149
0,1192,11920000,11920000,195,325,11930000,5156
0,1193,11930000,11930000,195,325,11940000,5158
0,1194,11940000,11940000,195,325,11950000,5162
0,1195,11950000,11950000,195,325,11960000,5167
0,1196,11960000,11960000,195,325,11970000,5169
0,1197,11970000,11970000,195,325,11980000,5177
0,1198,11980000,11980000,195,325,11990000,5181
0,1199,11990000,11990000,195,325,12000000,5182
0,12,120000,120000,195,325,130000,51
0,120,1200000,1200000,195,325,1210000,518
0,1200,12000000,12000000,195,325,12010000,5190
0,1201,12010000,12010000,195,325,12020000,5193
0,1202,12020000,12020000,195,325,12030000,5198
0,1203,12030000,12030000,195,325,12040000,5201
0,1204,12040000,12040000,195,325,12050000,5205
0,1205,12050000,12050000,195,325,12060000,5209
0,1206,12060000,12060000,195,325,12070000,5214
0,1207,12070000,12070000,195,325,12080000,5221
0,1208,12080000,12080000,195,325,12090000,5223
0,1209,12090000,12090000,195,325,12100000,5226
0,121,1210000,1210000,195,325,1220000,521
0,1210,12100000,12100000,195,325,12110000,5233
0,1211,12110000,12110000,195,325,12120000,5235
0,1212,12120000,12120000,195,325,12130000,5242
0,1213,12130000,12130000,195,325,12140000,5244
0,1214,12140000,12140000,195,325,12150000,5247
0,1215,12150000,12150000,195,325,12160000,5255
0,1216,12160000,12160000,195,325,12170000,5258
0,1217,12170000,12170000,195,325,12180000,5262
0,1218,12180000,12180000,195,325,12190000,5267
0,1219,12190000,12190000,195,325,12200000,5270
0,122,1220000,1220000,195,325,1230000,527
0,1220,12200000,12200000,195,325,12210000,5275
0,1221,12210000,12210000,195,325,12220000,5279
0,1222,12220000,12220000,195,325,12230000,5285
0,1223,12230000,12230000,195,325,12240000,5286
0,1224,12240000,12240000,195,325,12250000,5292
0,1225,12250000,12250000,195,325,12260000,5298
0,1226,12260000,12260000,195,325,12270000,5300
0,1227,12270000,12270000,195,325,12280000,5306
0,1228,12280000,12280000,195,325,12290000,5311
0,1229,12290000,12290000,195,325,12300000,5312
0,123,1230000,1230000,195,325,1240000,530
0,1230,12300000,12300000,195,325,12310000,5319
0,1231,12310000,12310000,195,325,12320000,5321
0,1232,12320000,12320000,195,325,12330000,5328
0,1233,12330000,12330000,195,325,12340000,5332
0,1234,12340000,12340000,195,325,12350000,5335
0,1235,12350000,12350000,195,325,12360000,5340
0,1236,12360000,12360000,195,325,12370000,5344
0,1237,12370000,12370000,195,325,12380000,5350
0,1238,12380000,12380000,195,325,12390000,5352
0,1239,12390000,12390000,195,325,12400000,5356
0,124,1240000,1240000,195,325,1250000,533
0,1240,12400000,12400000,195,325,12410000,5362
0,1241,12410000,12410000,195,325,12420000,5364
0,1242,12420000,12420000,195,325,12430000,5373
0,1243,12430000,12430000,195,325,12440000,5375
0,1244,12440000,12440000,195,325,12450000,5377
0,1245,12450000,12450000,195,325,12460000,5383
0,1246,12460000,12460000,195,325,12470000,5388
0,1247,12470000,12470000,195,325,12480000,5392
0,1248,12480000,12480000,195,325,12490000,5396
0,1249,12490000,12490000,195,325,12500000,5400
0,125,1250000,1250000,195,325,1260000,537
0,1250,12500000,12500000,195,325,12510000,5405
0,1251,12510000,12510000,195,325,12520000,5409
0,1252,12520000,12520000,195,325,12530000,5415
0,1253,12530000,12530000,195,325,12540000,5417
0,1254,12540000,12540000,195,325,12550000,5421
0,1255,12550000,12550000,195,325,12560000,5427
0,1256,12560000,12560000,195,325,12570000,5430
0,1257,12570000,12570000,195,325,12580000,5436
0,1258,12580000,12580000,195,325,12590000,5440
0,1259,12590000,12590000,195,325,12600000,5441
0,126,1260000,1260000,195,325,1270000,543
0,1260,12600000,12600000,195,325,12610000,5450
0,1261,12610000,12610000,195,325,12620000,5452
0,1262,12620000,12620000,195,325,12630000,5457
0,1263,12630000,12630000,195,325,12640000,5461
0,1264,12640000,12640000,195,325,12650000,5465
0,1265,12650000,12650000,195,325,12660000,5469
0,1266,12660000,12660000,195,325,12670000,5474
0,1267,12670000,12670000,195,325,12680000,5480
0,1268,12680000,12680000,195,325,12690000,5482
0,1269,12690000,12690000,195,325,12700000,5486
0,127,1270000,1270000,195,325,1280000,549
0,1270,12700000,12700000,195,325,12710000,5493
0,1271,12710000,12710000,195,325,12720000,5494
0,1272,12720000,12720000,195,325,12730000,5501
0,1273,12730000,12730000,195,325,12740000,5504
0,1274,12740000,12740000,195,325,12750000,5507
0,1275,12750000,12750000,195,325,12760000,5514
0,1276,12760000,12760000,195,325,12770000,5517
0,1277,12770000,12770000,195,325,12780000,5522
0,1278,12780000,12780000,195,325,12790000,5527
0,1279,12790000,12790000,195,325,12800000,5529
0,128,1280000,1280000,195,325,1290000,551
0,1280,12800000,12800000,195,325,12810000,5534
0,1281,12810000,12810000,195,325,12820000,5538
0,1282,12820000,12820000,195,325,12830000,5545
0,1283,12830000,12830000,195,325,12840000,5547
0,1284,12840000,12840000,195,325,12850000,5552
0,1285,12850000,12850000,195,325,12860000,5557
0,1286,12860000,12860000,195,325,12870000,5559
0,1287,12870000,12870000,195,325,12880000,5566
0,1288,12880000,12880000,195,325,12890000,5570
0,1289,12890000,12890000,195,325,12900000,5571
0,129,1290000,1290000,195,325,1300000,555
0,1290,12900000,12900000,195,325,12910000,5578
0,1291,12910000,12910000,195,325,12920000,5582
0,1292,12920000,12920000,195,325,12930000,5588
0,1293,12930000,12930000,195,325,12940000,5591
0,1294,12940000,12940000,195,325,12950000,5594
0,1295,12950000,12950000,195,325,12960000,5599
0,1296,12960000,12960000,195,325,12970000,5604
0,1297,12970000,12970000,195,325,12980000,5609
0,1298,12980000,12980000,195,325,12990000,5612
0,1299,12990000,12990000,195,325,13000000,5615
0,13,130000,130000,195,325,140000,54
0,130,1300000,1300000,195,325,1310000,562
0,1300,13000000,13000000,195,325,13010000,5623
0,1301,13010000,13010000,195,325,13020000,5624
0,1302,13020000,13020000,195,325,13030000,5632
0,1303,13030000,13030000,195,325,13040000,5634
0,1304,13040000,13040000,195,325,13050000,5636
0,1305,13050000,13050000,195,325,13060000,5644
0,1306,13060000,13060000,195,325,13070000,5647
0,1307,13070000,13070000,195,325,13080000,5651
0,1308,13080000,13080000,195,325,13090000,5655
0,1309,13090000,13090000,195,325,13100000,5660
0,131,1310000,1310000,195,325,1320000,563
0,1310,13100000,13100000,195,325,13110000,5665
0,1311,13110000,13110000,195,325,13120000,5668
0,1312,13120000,13120000,195,325,13130000,5675
0,1313,13130000,13130000,195,325,13140000,5676
0,1314,13140000,13140000,195,325,13150000,5681
0,1315,13150000,13150000,195,325,13160000,5686
0,1316,13160000,13160000,195,325,13170000,5689
0,1317,13170000,13170000,195,325,13180000,5696
0,1318,13180000,13180000,195,325,13190000,5700
0,1319,13190000,13190000,195,325,13200000,5702
0,132,1320000,1320000,195,325,1330000,570
0,1320,13200000,13200000,195,325,13210000,5709
0,1321,13210000,13210000,195,325,13220000,5711
0,1322,13220000,13220000,195,325,13230000,5716
0,1323,13230000,13230000,195,325,13240000,5721
0,1324,13240000,13240000,195,325,13250000,5724
0,1325,13250000,13250000,195,325,13260000,5728
0,1326,13260000,13260000,195,325,13270000,5734
0,1327,13270000,13270000,195,325,13280000,5740
0,1328,13280000,13280000,195,325,13290000,5742
0,1329,13290000,13290000,195,325,13300000,5745
0,133,1330000,1330000,195,325,1340000,573
0,1330,13300000,13300000,195,325,13310000,5752
0,1331,13310000,13310000,195,325,13320000,5753
0,1332,13320000,13320000,195,325,13330000,5761
0,1333,13330000,13330000,195,325,13340000,5764
0,1334,13340000,13340000,195,325,13350000,5767
0,1335,13350000,13350000,195,325,13360000,5773
0,1336,13360000,13360000,195,325,13370000,5777
0,1337,13370000,13370000,195,325,13380000,5782
0,1338,13380000,13380000,195,325,13390000,5786
0,1339,13390000,13390000,195,325,13400000,5788
0,134,1340000,1340000,195,325,1350000,575
0,1340,13400000,13400000,195,325,13410000,5794
0,1341,13410000,13410000,195,325,13420000,5798
0,1342,13420000,13420000,195,325,13430000,5804
0,1343,13430000,13430000,195,325,13440000,5806
0,1344,13440000,13440000,195,325,13450000,5811
0,1345,13450000,13450000,195,325,13460000,5817
0,1346,13460000,13460000,195,325,13470000,5819
0,1347,13470000,13470000,195,325,13480000,5826
0,1348,13480000,13480000,195,325,13490000,5829
0,1349,13490000,13490000,195,325,13500000,5830
0,135,1350000,1350000,195,325,1360000,582
0,1350,13500000,13500000,195,325,13510000,5838
0,1351,13510000,13510000,195,325,13520000,5842
0,1352,13520000,13520000,195,325,13530000,5847
0,1353,13530000,13530000,195,325,13540000,5850
0,1354,13540000,13540000,195,325,13550000,5855
0,1355,13550000,13550000,195,325,13560000,5859
0,1356,13560000,13560000,195,325,13570000,5863
0,1357,13570000,13570000,195,325,13580000,5868
0,1358,13580000,13580000,195,325,13590000,5871
0,1359,13590000,13590000,195,325,13600000,5875
0,136,1360000,1360000,195,325,1370000,587
0,1360,13600000,13600000,195,325,13610000,5882
0,1361,13610000,13610000,195,325,13620000,5884
0,1362,13620000,13620000,195,325,13630000,5891
0,1363,13630000,13630000,195,325,13640000,5894
0,1364,13640000,13640000,195,325,13650000,5896
0,1365,13650000,13650000,195,325,13660000,5903
0,1366,13660000,13660000,195,325,13670000,5906
0,1367,13670000,13670000,195,325,13680000,5910
0,1368,13680000,13680000,195,325,13690000,5917
0,1369,13690000,13690000,195,325,13700000,5919
0,137,1370000,1370000,195,325,1380000,591
0,1370,13700000,13700000,195,325,13710000,5924
0,1371,13710000,13710000,195,325,13720000,5927
0,1372,13720000,13720000,195,325,13730000,5935
0,1373,13730000,13730000,195,325,13740000,5936
0,1374,13740000,13740000,195,325,13750000,5940
0,1375,13750000,13750000,195,325,13760000,5946
0,1376,13760000,13760000,195,325,13770000,5948
0,1377,13770000,13770000,195,325,13780000,5956
0,1378,13780000,13780000,195,325,13790000,5959
0,1379,13790000,13790000,195,325,13800000,5961
0,138,1380000,1380000,195,325,1390000,595
0,1380,13800000,13800000,195,325,13810000,5968
0,1381,13810000,13810000,195,325,13820000,5971
0,1382,13820000,13820000,195,325,13830000,5977
0,1383,13830000,13830000,195,325,13840000,5980
0,1384,13840000,13840000,195,325,13850000,5983
0,1385,13850000,13850000,195,325,13860000,5988
0,1386,13860000,13860000,195,325,13870000,5994
0,1387,13870000,13870000,195,325,13880000,5999
0,1388,13880000,13880000,195,325,13890000,6001
0,1389,13890000,13890000,195,325,13900000,6005
0,139,1390000,1390000,195,325,1400000,598
0,1390,13900000,13900000,195,325,13910000,6012
0,1391,13910000,13910000,195,325,13920000,6013
0,1392,13920000,13920000,195,325,13930000,6020
0,1393,13930000,13930000,195,325,13940000,6023
0,1394,13940000,13940000,195,325,13950000,6026
0,1395,13950000,13950000,195,325,13960000,6033
0,1396,13960000,13960000,195,325,13970000,6037
0,1397,13970000,13970000,195,325,13980000,6041
0,1398,13980000,13980000,195,325,13990000,6045
0,1399,13990000,13990000,195,325,14000000,6048
0,14,140000,140000,195,325,150000,57
0,140,1400000,1400000,195,325,1410000,604
0,1400,14000000,14000000,195,325,14010000,6054
0,1401,14010000,14010000,195,325,14020000,6057
0,1402,14020000,14020000,195,325,14030000,6064
0,1403,14030000,14030000,195,325,14040000,6066
0,1404,14040000,14040000,195,325,14050000,6071
0,1405,14050000,14050000,195,325,14060000,6076
0,1406,14060000,14060000,195,325,14070000,6078
0,1407,14070000,14070000,195,325,14080000,6085
0,1408,14080000,14080000,195,325,14090000,6089
0,1409,14090000,14090000,195,325,14100000,6090
0,141,1410000,1410000,195,325,1420000,607
0,1410,14100000,14100000,195,325,14110000,6098
0,1411,14110000,14110000,195,325,14120000,6101
0,1412,14120000,14120000,195,325,14130000,6106
0,1413,14130000,14130000,195,325,14140000,6110
0,1414,14140000,14140000,195,325,14150000,6114
0,1415,14150000,14150000,195,325,14160000,6118
0,1416,14160000,14160000,195,325,14170000,6122
0,1417,14170000,14170000,195,325,14180000,6129
0,1418,14180000,14180000,195,325,14190000,6131
0,1419,14190000,14190000,195,325,14200000,6135
0,142,1420000,1420000,195,325,1430000,613
0,1420,14200000,14200000,195,325,14210000,6141
0,1421,14210000,14210000,195,325,14220000,6143
0,1422,14220000,14220000,195,325,14230000,6151
0,1423,14230000,14230000,195,325,14240000,6153
0,1424,14240000,14240000,195,325,14250000,6156
0,1425,14250000,14250000,195,325,14260000,6162
0,1426,14260000,14260000,195,325,14270000,6166
0,1427,14270000,14270000,195,325,14280000,6170
0,1428,14280000,14280000,195,325,14290000,6176
0,1429,14290000,14290000,195,325,14300000,6178
0,143,1430000,1430000,195,325,1440000,615
0,1430,14300000,14300000,195,325,14310000,6183
0,1431,14310000,14310000,195,325,14320000,6188
0,1432,14320000,14320000,195,325,14330000,6194
0,1433,14330000,14330000,195,325,14340000,6195
0,1434,14340000,14340000,195,325,14350000,6199
0,1435,14350000,14350000,195,325,14360000,6206
0,1436,14360000,14360000,195,325,14370000,6209
0,1437,14370000,14370000,195,325,14380000,6215
0,1438,14380000,14380000,195,325,14390000,6219
0,1439,14390000,14390000,195,325,14400000,6220
0,144,1440000,1440000,195,325,1450000,621
0,1440,14400000,14400000,195,325,14410000,6228
0,1441,14410000,14410000,195,325,14420000,6230
0,1442,14420000,14420000,195,325,14430000,6236
0,1443,14430000,14430000,195,325,14440000,6239
0,1444,14440000,14440000,195,325,14450000,6243
0,1445,14450000,14450000,195,325,14460000,6249
0,1446,14460000,14460000,195,325,14470000,6253
0,1447,14470000,14470000,195,325,14480000,6258
0,1448,14480000,14480000,195,325,14490000,6260
0,1449,14490000,14490000,195,325,14500000,6265
0,145,1450000,1450000,195,325,1460000,626
0,1450,14500000,14500000,195,325,14510000,6271
0,1451,14510000,14510000,195,325,14520000,6272
0,1452,14520000,14520000,195,325,14530000,6280
0,1453,14530000,14530000,195,325,14540000,6284
0,1454,14540000,14540000,195,325,14550000,6286
0,1455,14550000,14550000,195,325,14560000,6292
0,1456,14560000,14560000,195,325,14570000,6296
0,1457,14570000,14570000,195,325,14580000,6300
0,1458,14580000,14580000,195,325,14590000,6305
0,1459,14590000,14590000,195,325,14600000,6308
0,146,1460000,1460000,195,325,1470000,628
0,1460,14600000,14600000,195,325,14610000,6313
0,1461,14610000,14610000,195,325,14620000,6316
0,1462,14620000,14620000,195,325,14630000,6324
0,1463,14630000,14630000,195,325,14640000,6326
0,1464,14640000,14640000,195,325,14650000,6330
0,1465,14650000,14650000,195,325,14660000,6335
0,1466,14660000,14660000,195,325,14670000,6338
0,1467,14670000,14670000,195,325,14680000,6345
0,1468,14680000,14680000,195,325,14690000,6348
0,1469,14690000,14690000,195,325,14700000,6349
0,147,1470000,1470000,195,325,1480000,635
0,1470,14700000,14700000,195,325,14710000,6358
0,1471,14710000,14710000,195,325,14720000,6361
0,1472,14720000,14720000,195,325,14730000,6366
0,1473,14730000,14730000,195,325,14740000,6370
0,1474,14740000,14740000,195,325,14750000,6373
0,1475,14750000,14750000,195,325,14760000,6377
0,1476,14760000,14760000,195,325,14770000,6382
0,1477,14770000,14770000,195,325,14780000,6388
0,1478,14780000,14780000,195,325,14790000,6390
0,1479,14790000,14790000,195,325,14800000,6394
0,148,1480000,1480000,195,325,1490000,639
0,1480,14800000,14800000,195,325,14810000,6402
0,1481,14810000,14810000,195,325,14820000,6403
0,1482,14820000,14820000,195,325,14830000,6410
0,1483,14830000,14830000,195,325,14840000,6412
0,1484,14840000,14840000,195,325,14850000,6415
0,1485,14850000,14850000,195,325,14860000,6422
0,1486,14860000,14860000,195,325,14870000,6425
0,1487,14870000,14870000,195,325,14880000,6431
0,1488,14880000,14880000,195,325,14890000,6435
0,1489,14890000,14890000,195,325,14900000,6438
0,149,1490000,1490000,195,325,1500000,640
0,1490,14900000,14900000,195,325,14910000,6443
0,1491,14910000,14910000,195,325,14920000,6447
0,1492,14920000,14920000,195,325,14930000,6453
0,1493,14930000,14930000,195,325,14940000,6454
0,1494,14940000,14940000,195,325,14950000,6460
0,1495,14950000,14950000,195,325,14960000,6465
0,1496,14960000,14960000,195,325,14970000,6468
0,1497,14970000,14970000,195,325,14980000,6474
0,1498,14980000,14980000,195,325,14990000,6479
0,1499,14990000,14990000,195,325,15000000,6480
0,15,150000,150000,195,325,160000,63
0,150,1500000,1500000,195,325,1510000,648
0,1500,15000000,15000000,195,325,15010000,6487
0,1501,15010000,15010000,195,325,15020000,6490
0,1502,15020000,15020000,195,325,15030000,6495
0,1503,15030000,15030000,195,325,15040000,6499
0,1504,15040000,15040000,195,325,15050000,6503
0,1505,15050000,15050000,195,325,15060000,6508
0,1506,15060000,15060000,195,325,15070000,6512
0,1507,15070000,15070000,195,325,15080000,6518
0,1508,15080000,15080000,195,325,15090000,6521
0,1509,15090000,15090000,195,325,15100000,6524
0,151,1510000,1510000,195,325,1520000,650
0,1510,15100000,15100000,195,325,15110000,6530
0,1511,15110000,15110000,195,325,15120000,6531
0,1512,15120000,15120000,195,325,15130000,6540
0,1513,15130000,15130000,195,325,15140000,6543
0,1514,15140000,15140000,195,325,15150000,6545
0,1515,15150000,15150000,195,325,15160000,6552
0,1516,15160000,15160000,195,325,15170000,6556
0,1517,15170000,15170000,195,325,15180000,6560
0,1518,15180000,15180000,195,325,15190000,6564
0,1519,15190000,15190000,195,325,15200000,6567
0,152,1520000,1520000,195,325,1530000,655
0,1520,15200000,15200000,195,325,15210000,6572
0,1521,15210000,15210000,195,325,15220000,6577
0,1522,15220000,15220000,195,325,15230000,6584
0,1523,15230000,15230000,195,325,15240000,6585
0,1524,15240000,15240000,195,325,15250000,6589
0,1525,15250000,15250000,195,325,15260000,6595
0,1526,15260000,15260000,195,325,15270000,6598
0,1527,15270000,15270000,195,325,15280000,6604
0,1528,15280000,15280000,195,325,15290000,6607
0,1529,15290000,15290000,195,325,15300000,6609
0,153,1530000,1530000,195,325,1540000,660
0,1530,15300000,15300000,195,325,15310000,6618
0,1531,15310000,15310000,195,325,15320000,6620
0,1532,15320000,15320000,195,325,15330000,6625
0,1533,15330000,15330000,195,325,15340000,6629
0,1534,15340000,15340000,195,325,15350000,6633
0,1535,15350000,15350000,195,325,15360000,6637
0,1536,15360000,15360000,195,325,15370000,6642
0,1537,15370000,15370000,195,325,15380000,6647
0,1538,15380000,15380000,195,325,15390000,6650
0,1539,15390000,15390000,195,325,15400000,6654
0,154,1540000,1540000,195,325,1550000,664
0,1540,15400000,15400000,195,325,15410000,6661
0,1541,15410000,15410000,195,325,15420000,6662
0,1542,15420000,15420000,195,325,15430000,6669
0,1543,15430000,15430000,195,325,15440000,6673
0,1544,15440000,15440000,195,325,15450000,6675
0,1545,15450000,15450000,195,325,15460000,6681
0,1546,15460000,15460000,195,325,15470000,6684
0,1547,15470000,15470000,195,325,15480000,6690
0,1548,15480000,15480000,195,325,15490000,6695
0,1549,15490000,15490000,195,325,15500000,6697
0,155,1550000,1550000,195,325,1560000,668
0,1550,15500000,15500000,195,325,15510000,6703
0,1551,15510000,15510000,195,325,15520000,6706
0,1552,15520000,15520000,195,325,15530000,6713
0,1553,15530000,15530000,195,325,15540000,6714
0,1554,15540000,15540000,195,325,15550000,6719
0,1555,15550000,15550000,195,325,15560000,6725
0,1556,15560000,15560000,195,325,15570000,6727
0,1557,15570000,15570000,195,325,15580000,6735
0,1558,15580000,15580000,195,325,15590000,6738
0,1559,15590000,15590000,195,325,15600000,6739
0,156,1560000,1560000,195,325,1570000,672
0,1560,15600000,15600000,195,325,15610000,6746
0,1561,15610000,15610000,195,325,15620000,6750
0,1562,15620000,15620000,195,325,15630000,6755
0,1563,15630000,15630000,195,325,15640000,6758
0,1564,15640000,15640000,195,325,15650000,6763
0,1565,15650000,15650000,195,325,15660000,6767
0,1566,15660000,15660000,195,325,15670000,6772
0,1567,15670000,15670000,195,325,15680000,6777
0,1568,15680000,15680000,195,325,15690000,6780
0,1569,15690000,15690000,195,325,15700000,6783
0,157,1570000,1570000,195,325,1580000,679
0,1570,15700000,15700000,195,325,15710000,6790
0,1571,15710000,15710000,195,325,15720000,6792
0,1572,15720000,15720000,195,325,15730000,6800
0,1573,15730000,15730000,195,325,15740000,6802
0,1574,15740000,15740000,195,325,15750000,6804
0,1575,15750000,15750000,195,325,15760000,6812
0,1576,15760000,15760000,195,325,15770000,6815
0,1577,15770000,15770000,195,325,15780000,6819
0,1578,15780000,15780000,195,325,15790000,6824
0,1579,15790000,15790000,195,325,15800000,6827
0,158,1580000,1580000,195,325,1590000,681
0,1580,15800000,15800000,195,325,15810000,6832
0,1581,15810000,15810000,195,325,15820000,6836
0,1582,15820000,15820000,195,325,15830000,6843
0,1583,15830000,15830000,195,325,15840000,6844
0,1584,15840000,15840000,195,325,15850000,6849
0,1585,15850000,15850000,195,325,15860000,6855
0,1586,15860000,15860000,195,325,15870000,6857
0,1587,15870000,15870000,195,325,15880000,6863
0,1588,15880000,15880000,195,325,15890000,6867
0,1589,15890000,15890000,195,325,15900000,6870
0,159,1590000,1590000,195,325,1600000,684
0,1590,15900000,15900000,195,325,15910000,6877
0,1591,15910000,15910000,195,325,15920000,6879
0,1592,15920000,15920000,195,325,15930000,6885
0,1593,15930000,15930000,195,325,15940000,6889
0,1594,15940000,15940000,195,325,15950000,6892
0,1595,15950000,15950000,195,325,15960000,6896
0,1596,15960000,15960000,195,325,15970000,6901
0,1597,15970000,15970000,195,325,15980000,6907
0,1598,15980000,15980000,195,325,15990000,6910
0,1599,15990000,15990000,195,325,16000000,6914
0,16,160000,160000,195,325,170000,66
0,160,1600000,1600000,195,325,1610000,690
0,1600,16000000,16000000,195,325,16010000,6920
0,1601,16010000,16010000,195,325,16020000,6921
0,1602,16020000,16020000,195,325,16030000,6929
0,1603,16030000,16030000,195,325,16040000,6932
0,1604,16040000,16040000,195,325,16050000,6934
0,1605,16050000,16050000,195,325,16060000,6940
0,1606,16060000,16060000,195,325,16070000,6946
0,1607,16070000,16070000,195,325,16080000,6950
0,1608,16080000,16080000,195,325,16090000,6954
0,1609,16090000,16090000,195,325,16100000,6956
0,161,1610000,1610000,195,325,1620000,693
0,1610,16100000,16100000,195,325,16110000,6962
0,1611,16110000,16110000,195,325,16120000,6966
0,1612,16120000,16120000,195,325,16130000,6972
0,1613,16130000,16130000,195,325,16140000,6974
0,1614,16140000,16140000,195,325,16150000,6978
0,1615,16150000,16150000,195,325,16160000,6985
0,1616,16160000,16160000,195,325,16170000,6987
0,1617,16170000,16170000,195,325,16180000,6994
0,1618,16180000,16180000,195,325,16190000,6997
0,1619,16190000,16190000,195,325,16200000,6998
0,162,1620000,1620000,195,325,1630000,701
0,1620,16200000,16200000,195,325,16210000,7007
0,1621,16210000,16210000,195,325,16220000,7009
0,1622,16220000,16220000,195,325,16230000,7014
0,1623,16230000,16230000,195,325,16240000,7018
0,1624,16240000,16240000,195,325,16250000,7023
0,1625,16250000,16250000,195,325,16260000,7027
0,1626,16260000,16260000,195,325,16270000,7031
0,1627,16270000,16270000,195,325,16280000,7037
0,1628,16280000,16280000,195,325,16290000,7039
0,1629,16290000,16290000,195,325,16300000,7043
0,163,1630000,1630000,195,325,1640000,703
0,1630,16300000,16300000,195,325,16310000,7049
0,1631,16310000,16310000,195,325,16320000,7051
0,1632,16320000,16320000,195,325,16330000,7059
0,1633,16330000,16330000,195,325,16340000,7062
0,1634,16340000,16340000,195,325,16350000,7065
0,1635,16350000,16350000,195,325,16360000,7071
0,1636,16360000,16360000,195,325,16370000,7074
0,1637,16370000,16370000,195,325,16380000,7078
0,1638,16380000,16380000,195,325,16390000,7084
0,1639,16390000,16390000,195,325,16400000,7086
0,164,1640000,1640000,195,325,1650000,706
0,1640,16400000,16400000,195,325,16410000,7092
0,1641,16410000,16410000,195,325,16420000,7096
0,1642,16420000,16420000,195,325,16430000,7103
0,1643,16430000,16430000,195,325,16440000,7104
0,1644,16440000,16440000,195,325,16450000,7108
0,1645,16450000,16450000,195,325,16460000,7114
0,1646,16460000,16460000,195,325,16470000,7116
0,1647,16470000,16470000,195,325,16480000,7123
0,1648,16480000,16480000,195,325,16490000,7127
0,1649,16490000,16490000,195,325,16500000,7129
0,165,1650000,1650000,195,325,1660000,712
0,1650,16500000,16500000,195,325,16510000,7136
0,1651,16510000,16510000,195,325,16520000,7139
0,1652,16520000,16520000,195,325,16530000,7145
0,1653,16530000,16530000,195,325,16540000,7148
0,1654,16540000,16540000,195,325,16550000,7151
0,1655,16550000,16550000,195,325,16560000,7156
0,1656,16560000,16560000,195,325,16570000,7161
0,1657,16570000,16570000,195,325,16580000,7167
0,1658,16580000,16580000,195,325,16590000,7169
0,1659,16590000,16590000,195,325,16600000,7173
0,166,1660000,1660000,195,325,1670000,716
0,1660,16600000,16600000,195,325,16610000,7180
0,1661,16610000,16610000,195,325,16620000,7181
0,1662,16620000,16620000,195,325,16630000,7189
0,1663,16630000,16630000,195,325,16640000,7191
0,1664,16640000,16640000,195,325,16650000,7193
0,1665,16650000,16650000,195,325,16660000,7200
0,1666,16660000,16660000,195,325,16670000,7205
0,1667,16670000,16670000,195,325,16680000,7209
0,1668,16680000,16680000,195,325,16690000,7213
0,1669,16690000,16690000,195,325,16700000,7217
0,167,1670000,1670000,195,325,1680000,720
0,1670,16700000,16700000,195,325,16710000,7222
0,1671,16710000,16710000,195,325,16720000,7225
0,1672,16720000,16720000,195,325,16730000,7231
0,1673,16730000,16730000,195,325,16740000,7233
0,1674,16740000,16740000,195,325,16750000,7239
0,1675,16750000,16750000,195,325,16760000,7244
0,1676,16760000,16760000,195,325,16770000,7247
0,1677,16770000,16770000,195,325,16780000,7253
0,1678,16780000,16780000,195,325,16790000,7257
0,1679,16790000,16790000,195,325,16800000,7258
0,168,1680000,1680000,195,325,1690000,725
0,1680,16800000,16800000,195,325,16810000,7266
0,1681,16810000,16810000,195,325,16820000,7268
0,1682,16820000,16820000,195,325,16830000,7273
0,1683,16830000,16830000,195,325,16840000,7279
0,1684,16840000,16840000,195,325,16850000,7282
0,1685,16850000,16850000,195,325,16860000,7286
0,1686,16860000,16860000,195,325,16870000,7290
0,1687,16870000,16870000,195,325,16880000,7297
0,1688,16880000,16880000,195,325,16890000,7299
0,1689,16890000,16890000,195,325,16900000,7302
0,169,1690000,1690000,195,325,1700000,727
0,1690,16900000,16900000,195,325,16910000,7309
0,1691,16910000,16910000,195,325,16920000,7311
0,1692,16920000,16920000,195,325,16930000,7319
0,1693,16930000,16930000,195,325,16940000,7321
0,1694,16940000,16940000,195,325,16950000,7324
0,1695,16950000,16950000,195,325,16960000,7330
0,1696,16960000,16960000,195,325,16970000,7334
0,1697,16970000,16970000,195,325,16980000,7339
0,1698,16980000,16980000,195,325,16990000,7343
0,1699,16990000,16990000,195,325,17000000,7345
0,17,170000,170000,195,325,180000,72
0,170,1700000,1700000,195,325,1710000,733
0,1700,17000000,17000000,195,325,17010000,7351
0,1701,17010000,17010000,195,325,17020000,7356
0,1702,17020000,17020000,195,325,17030000,7362
0,1703,17030000,17030000,195,325,17040000,7363
0,1704,17040000,17040000,195,325,17050000,7368
0,1705,17050000,17050000,195,325,17060000,7374
0,1706,17060000,17060000,195,325,17070000,7376
0,1707,17070000,17070000,195,325,17080000,7382
0,1708,17080000,17080000,195,325,17090000,7387
0,1709,17090000,17090000,195,325,17100000,7388
0,171,1710000,1710000,195,325,1720000,738
0,1710,17100000,17100000,195,325,17110000,7396
0,1711,17110000,17110000,195,325,17120000,7399
0,1712,17120000,17120000,195,325,17130000,7404
0,1713,17130000,17130000,195,325,17140000,7407
0,1714,17140000,17140000,195,325,17150000,7411
0,1715,17150000,17150000,195,325,17160000,7416
0,1716,17160000,17160000,195,325,17170000,7420
0,1717,17170000,17170000,195,325,17180000,7426
0,1718,17180000,17180000,195,325,17190000,7429
0,1719,17190000,17190000,195,325,17200000,7433
0,172,1720000,1720000,195,325,1730000,744
0,1720,17200000,17200000,195,325,17210000,7439
0,1721,17210000,17210000,195,325,17220000,7440
0,1722,17220000,17220000,195,325,17230000,7448
0,1723,17230000,17230000,195,325,17240000,7451
0,1724,17240000,17240000,195,325,17250000,7453
0,1725,17250000,17250000,195,325,17260000,7461
0,1726,17260000,17260000,195,325,17270000,7464
0,1727,17270000,17270000,195,325,17280000,7468
0,1728,17280000,17280000,195,325,17290000,7473
0,1729,17290000,17290000,195,325,17300000,7476
0,173,1730000,1730000,195,325,1740000,745
0,1730,17300000,17300000,195,325,17310000,7481
0,1731,17310000,17310000,195,325,17320000,7484
0,1732,17320000,17320000,195,325,17330000,7492
0,1733,17330000,17330000,195,325,17340000,7493
0,1734,17340000,17340000,195,325,17350000,7498
0,1735,17350000,17350000,195,325,17360000,7503
0,1736,17360000,17360000,195,325,17370000,7506
0,1737,17370000,17370000,195,325,17380000,7513
0,1738,17380000,17380000,195,325,17390000,7516
0,1739,17390000,17390000,195,325,17400000,7518
0,174,1740000,1740000,195,325,1750000,749
0,1740,17400000,17400000,195,325,17410000,7525
0,1741,17410000,17410000,195,325,17420000,7528
0,1742,17420000,17420000,195,325,17430000,7534
0,1743,17430000,17430000,195,325,17440000,7538
0,1744,17440000,17440000,195,325,17450000,7541
0,1745,17450000,17450000,195,325,17460000,7545
0,1746,17460000,17460000,195,325,17470000,7551
0,1747,17470000,17470000,195,325,17480000,7556
0,1748,17480000,17480000,195,325,17490000,7558
0,1749,17490000,17490000,195,325,17500000,7561
0,175,1750000,1750000,195,325,1760000,756
0,1750,17500000,17500000,195,325,17510000,7569
0,1751,17510000,17510000,195,325,17520000,7571
0,1752,17520000,17520000,195,325,17530000,7578
0,1753,17530000,17530000,195,325,17540000,7581
0,1754,17540000,17540000,195,325,17550000,7583
0,1755,17550000,17550000,195,325,17560000,7590
0,1756,17560000,17560000,195,325,17570000,7593
0,1757,17570000,17570000,195,325,17580000,7598
0,1758,17580000,17580000,195,325,17590000,7602
0,1759,17590000,17590000,195,325,17600000,7606
0,176,1760000,1760000,195,325,1770000,758
0,1760,17600000,17600000,195,325,17610000,7612
0,1761,17610000,17610000,195,325,17620000,7615
0,1762,17620000,17620000,195,325,17630000,7621
0,1763,17630000,17630000,195,325,17640000,7622
0,1764,17640000,17640000,195,325,17650000,7628
0,1765,17650000,17650000,195,325,17660000,7633
0,1766,17660000,17660000,195,325,17670000,7635
0,1767,17670000,17670000,195,325,17680000,7642
0,1768,17680000,17680000,195,325,17690000,7647
0,1769,17690000,17690000,195,325,17700000,7648
0,177,1770000,1770000,195,325,1780000,764
0,1770,17700000,17700000,195,325,17710000,7655
0,1771,17710000,17710000,195,325,17720000,7658
0,1772,17720000,17720000,195,325,17730000,7663
0,1773,17730000,17730000,195,325,17740000,7667
0,1774,17740000,17740000,195,325,17750000,7671
0,1775,17750000,17750000,195,325,17760000,7675
0,1776,17760000,17760000,195,325,17770000,7680
0,1777,17770000,17770000,195,325,17780000,7686
0,1778,17780000,17780000,195,325,17790000,7689
0,1779,17790000,17790000,195,325,17800000,7692
0,178,1780000,1780000,195,325,1790000,769
0,1780,17800000,17800000,195,325,17810000,7698
0,1781,17810000,17810000,195,325,17820000,7700
0,1782,17820000,17820000,195,325,17830000,7708
0,1783,17830000,17830000,195,325,17840000,7710
0,1784,17840000,17840000,195,325,17850000,7712
0,1785,17850000,17850000,195,325,17860000,7720
0,1786,17860000,17860000,195,325,17870000,7724
0,1787,17870000,17870000,195,325,17880000,7728
0,1788,17880000,17880000,195,325,17890000,7733
0,1789,17890000,17890000,195,325,17900000,7735
0,179,1790000,1790000,195,325,1800000,770
0,1790,17900000,17900000,195,325,17910000,7740
0,1791,17910000,17910000,195,325,17920000,7744
0,1792,17920000,17920000,195,325,17930000,7751
0,1793,17930000,17930000,195,325,17940000,7753
0,1794,17940000,17940000,195,325,17950000,7757
0,1795,17950000,17950000,195,325,17960000,7764
0,1796,17960000,17960000,195,325,17970000,7766
0,1797,17970000,17970000,195,325,17980000,7772
0,1798,17980000,17980000,195,325,17990000,7775
0,1799,17990000,17990000,195,325,18000000,7777
0,18,180000,180000,195,325,190000,77
0,180,1800000,1800000,195,325,1810000,778
0,1800,18000000,18000000,195,325,18010000,7785
0,1801,18010000,18010000,195,325,18020000,7787
0,1802,18020000,18020000,195,325,18030000,7794
0,1803,18030000,18030000,195,325,18040000,7797
0,1804,18040000,18040000,195,325,18050000,7801
0,1805,18050000,18050000,195,325,18060000,7805
0,1806,18060000,18060000,195,325,18070000,7810
0,1807,18070000,18070000,195,325,18080000,7815
0,1808,18080000,18080000,195,325,18090000,7817
0,1809,18090000,18090000,195,325,18100000,7822
0,181,1810000,1810000,195,325,1820000,780
0,1810,18100000,18100000,195,325,18110000,7829
0,1811,18110000,18110000,195,325,18120000,7830
0,1812,18120000,18120000,195,325,18130000,7837
0,1813,18130000,18130000,195,325,18140000,7841
0,1814,18140000,18140000,195,325,18150000,7843
0,1815,18150000,18150000,195,325,18160000,7849
0,1816,18160000,18160000,195,325,18170000,7853
0,1817,18170000,18170000,195,325,18180000,7857
0,1818,18180000,18180000,195,325,18190000,7862
0,1819,18190000,18190000,195,325,18200000,7865
0,182,1820000,1820000,195,325,1830000,786
0,1820,18200000,18200000,195,325,18210000,7871
0,1821,18210000,18210000,195,325,18220000,7874
0,1822,18220000,18220000,195,325,18230000,7881
0,1823,18230000,18230000,195,325,18240000,7883
0,1824,18240000,18240000,195,325,18250000,7887
0,1825,18250000,18250000,195,325,18260000,7892
0,1826,18260000,18260000,195,325,18270000,7894
0,1827,18270000,18270000,195,325,18280000,7903
0,1828,18280000,18280000,195,325,18290000,7906
0,1829,18290000,18290000,195,325,18300000,7907
0,183,1830000,1830000,195,325,1840000,789
0,1830,18300000,18300000,195,325,18310000,7915
0,1831,18310000,18310000,195,325,18320000,7918
0,1832,18320000,18320000,195,325,18330000,7923
0,1833,18330000,18330000,195,325,18340000,7926
0,1834,18340000,18340000,195,325,18350000,7930
0,1835,18350000,18350000,195,325,18360000,7934
0,1836,18360000,18360000,195,325,18370000,7940
0,1837,18370000,18370000,195,325,18380000,7946
0,1838,18380000,18380000,195,325,18390000,7948
0,1839,18390000,18390000,195,325,18400000,7951
0,184,1840000,1840000,195,325,1850000,793
0,1840,18400000,18400000,195,325,18410000,7958
0,1841,18410000,18410000,195,325,18420000,7960
0,1842,18420000,18420000,195,325,18430000,7967
0,1843,18430000,18430000,195,325,18440000,7969
0,1844,18440000,18440000,195,325,18450000,7973
0,1845,18450000,18450000,195,325,18460000,7980
0,1846,18460000,18460000,195,325,18470000,7983
0,1847,18470000,18470000,195,325,18480000,7987
0,1848,18480000,18480000,195,325,18490000,7992
0,1849,18490000,18490000,195,325,18500000,7995
0,185,1850000,1850000,195,325,1860000,798
0,1850,18500000,18500000,195,325,18510000,8000
0,1851,18510000,18510000,195,325,18520000,8004
0,1852,18520000,18520000,195,325,18530000,8010
0,1853,18530000,18530000,195,325,18540000,8012
0,1854,18540000,18540000,195,325,18550000,8017
0,1855,18550000,18550000,195,325,18560000,8023
0,1856,18560000,18560000,195,325,18570000,8025
0,1857,18570000,18570000,195,325,18580000,8031
0,1858,18580000,18580000,195,325,18590000,8036
0,1859,18590000,18590000,195,325,18600000,8037
0,186,1860000,1860000,195,325,1870000,802
0,1860,18600000,18600000,195,325,18610000,8044
0,1861,18610000,18610000,195,325,18620000,8047
0,1862,18620000,18620000,195,325,18630000,8053
0,1863,18630000,18630000,195,325,18640000,8057
0,1864,18640000,18640000,195,325,18650000,8060
0,1865,18650000,18650000,195,325,18660000,8065
0,1866,18660000,18660000,195,325,18670000,8069
0,1867,18670000,18670000,195,325,18680000,8075
0,1868,18680000,18680000,195,325,18690000,8077
0,1869,18690000,18690000,195,325,18700000,8081
0,187,1870000,1870000,195,325,1880000,808
0,1870,18700000,18700000,195,325,18710000,8088
0,1871,18710000,18710000,195,325,18720000,8089
0,1872,18720000,18720000,195,325,18730000,8098
0,1873,18730000,18730000,195,325,18740000,8100
0,1874,18740000,18740000,195,325,18750000,8102
0,1875,18750000,18750000,195,325,18760000,8108
0,1876,18760000,18760000,195,325,18770000,8113
0,1877,18770000,18770000,195,325,18780000,8117
0,1878,18780000,18780000,195,325,18790000,8122
0,1879,18790000,18790000,195,325,18800000,8125
0,188,1880000,1880000,195,325,1890000,810
0,1880,18800000,18800000,195,325,18810000,8130
0,1881,18810000,18810000,195,325,18820000,8134
0,1882,18820000,18820000,195,325,18830000,8140
0,1883,18830000,18830000,195,325,18840000,8142
0,1884,18840000,18840000,195,325,18850000,8146
0,1885,18850000,18850000,195,325,18860000,8152
0,1886,18860000,18860000,195,325,18870000,8155
0,1887,18870000,18870000,195,325,18880000,8162
0,1888,18880000,18880000,195,325,18890000,8165
0,1889,18890000,18890000,195,325,18900000,8166
0,189,1890000,1890000,195,325,1900000,815
0,1890,18900000,18900000,195,325,18910000,8175
0,1891,18910000,18910000,195,325,18920000,8177
0,1892,18920000,18920000,195,325,18930000,8182
0,1893,18930000,18930000,195,325,18940000,8186
0,1894,18940000,18940000,195,325,18950000,8190
0,1895,18950000,18950000,195,325,18960000,8195
0,1896,18960000,18960000,195,325,18970000,8199
0,1897,18970000,18970000,195,325,18980000,8205
0,1898,18980000,18980000,195,325,18990000,8207
0,1899,18990000,18990000,195,325,19000000,8211
0,19,190000,190000,195,325,200000,79
0,190,1900000,1900000,195,325,1910000,821
0,1900,19000000,19000000,195,325,19010000,8218
0,1901,19010000,19010000,195,325,19020000,8219
0,1902,19020000,19020000,195,325,19030000,8226
0,1903,19030000,19030000,195,325,19040000,8229
0,1904,19040000,19040000,195,325,19050000,8233
0,1905,19050000,19050000,195,325,19060000,8239
0,1906,19060000,19060000,195,325,19070000,8242
0,1907,19070000,19070000,195,325,19080000,8247
0,1908,19080000,19080000,195,325,19090000,8252
0,1909,19090000,19090000,195,325,19100000,8254
0,191,1910000,1910000,195,325,1920000,822
0,1910,19100000,19100000,195,325,19110000,8259
0,1911,19110000,19110000,195,325,19120000,8263
0,1912,19120000,19120000,195,325,19130000,8271
0,1913,19130000,19130000,195,325,19140000,8272
0,1914,19140000,19140000,195,325,19150000,8277
0,1915,19150000,19150000,195,325,19160000,8282
0,1916,19160000,19160000,195,325,19170000,8284
0,1917,19170000,19170000,195,325,19180000,8291
0,1918,19180000,19180000,195,325,19190000,8295
0,1919,19190000,19190000,195,325,19200000,8296
0,192,1920000,1920000,195,325,1930000,830
0,1920,19200000,19200000,195,325,19210000,8303
0,1921,19210000,19210000,195,325,19220000,8308
0,1922,19220000,19220000,195,325,19230000,8313
0,1923,19230000,19230000,195,325,19240000,8316
0,1924,19240000,19240000,195,325,19250000,8319
0,1925,19250000,19250000,195,325,19260000,8324
0,1926,19260000,19260000,195,325,19270000,8329
0,1927,19270000,19270000,195,325,19280000,8334
0,1928,19280000,19280000,195,325,19290000,8337
0,1929,19290000,19290000,195,325,19300000,8341
0,193,1930000,1930000,195,325,1940000,833
0,1930,19300000,19300000,195,325,19310000,8348
0,1931,19310000,19310000,195,325,19320000,8349
0,1932,19320000,19320000,195,325,19330000,8357
0,1933,19330000,19330000,195,325,19340000,8359
0,1934,19340000,19340000,195,325,19350000,8361
0,1935,19350000,19350000,195,325,19360000,8369
0,1936,19360000,19360000,195,325,19370000,8372
0,1937,19370000,19370000,195,325,19380000,8376
0,1938,19380000,19380000,195,325,19390000,8381
0,1939,19390000,19390000,195,325,19400000,8385
0,194,1940000,1940000,195,325,1950000,835
0,1940,19400000,19400000,195,325,19410000,8390
0,1941,19410000,19410000,195,325,19420000,8393
0,1942,19420000,19420000,195,325,19430000,8400
0,1943,19430000,19430000,195,325,19440000,8401
0,1944,19440000,19440000,195,325,19450000,8406
0,1945,19450000,19450000,195,325,19460000,8411
0,1946,19460000,19460000,195,325,19470000,8415
0,1947,19470000,19470000,195,325,19480000,8421
0,1948,19480000,19480000,195,325,19490000,8425
0,1949,19490000,19490000,195,325,19500000,8427
0,195,1950000,1950000,195,325,1960000,842
0,1950,19500000,19500000,195,325,19510000,8434
0,1951,19510000,19510000,195,325,19520000,8436
0,1952,19520000,19520000,195,325,19530000,8441
0,1953,19530000,19530000,195,325,19540000,8446
0,1954,19540000,19540000,195,325,19550000,8449
0,1955,19550000,19550000,195,325,19560000,8454
0,1956,19560000,19560000,195,325,19570000,8459
0,1957,19570000,19570000,195,325,19580000,8465
0,1958,19580000,19580000,195,325,19590000,8467
0,1959,19590000,19590000,195,325,19600000,8470
0,196,1960000,1960000,195,325,1970000,846
0,1960,19600000,19600000,195,325,19610000,8477
0,1961,19610000,19610000,195,325,19620000,8478
0,1962,19620000,19620000,195,325,19630000,8486
0,1963,19630000,19630000,195,325,19640000,8490
0,1964,19640000,19640000,195,325,19650000,8492
0,1965,19650000,19650000,195,325,19660000,8498
0,1966,19660000,19660000,195,325,19670000,8502
0,1967,19670000,19670000,195,325,19680000,8507
0,1968,19680000,19680000,195,325,19690000,8511
0,1969,19690000,19690000,195,325,19700000,8513
0,197,1970000,1970000,195,325,1980000,850
0,1970,19700000,19700000,195,325,19710000,8519
0,1971,19710000,19710000,195,325,19720000,8523
0,1972,19720000,19720000,195,325,19730000,8530
0,1973,19730000,19730000,195,325,19740000,8531
0,1974,19740000,19740000,195,325,19750000,8536
0,1975,19750000,19750000,195,325,19760000,8542
0,1976,19760000,19760000,195,325,19770000,8544
0,1977,19770000,19770000,195,325,19780000,8551
0,1978,19780000,19780000,195,325,19790000,8554
0,1979,19790000,19790000,195,325,19800000,8555
0,198,1980000,1980000,195,325,1990000,855
0,1980,19800000,19800000,195,325,19810000,8564
0,1981,19810000,19810000,195,325,19820000,8567
0,1982,19820000,19820000,195,325,19830000,8572
0,1983,19830000,19830000,195,325,19840000,8575
0,1984,19840000,19840000,195,325,19850000,8580
0,1985,19850000,19850000,195,325,19860000,8584
0,1986,19860000,19860000,195,325,19870000,8588
0,1987,19870000,19870000,195,325,19880000,8593
0,1988,19880000,19880000,195,325,19890000,8596
0,1989,19890000,19890000,195,325,19900000,8601
0,199,1990000,1990000,195,325,2000000,858
0,1990,19900000,19900000,195,325,19910000,8607
0,1991,19910000,19910000,195,325,19920000,8609
0,1992,19920000,19920000,195,325,19930000,8616
0,1993,19930000,19930000,195,325,19940000,8619
0,1994,19940000,19940000,195,325,19950000,8621
0,1995,19950000,19950000,195,325,19960000,8628
0,1996,19960000,19960000,195,325,19970000,8631
0,1997,19970000,19970000,195,325,19980000,8636
0,1998,19980000,19980000,195,325,19990000,8642
0,1999,19990000,19990000,195,325,20000000,8644
0,2,20000,20000,195,325,30000,7
0,20,200000,200000,195,325,210000,84
0,200,2000000,2000000,195,325,2010000,863
0,2000,20000000,20000000,195,325,20010000,8649
0,2001,20010000,20010000,195,325,20020000,8652
0,2002,20020000,20020000,195,325,20030000,8660
0,2003,20030000,20030000,195,325,20040000,8661
0,2004,20040000,20040000,195,325,20050000,8665
0,2005,20050000,20050000,195,325,20060000,8671
0,2006,20060000,20060000,195,325,20070000,8674
0,2007,20070000,20070000,195,325,20080000,8681
0,2008,20080000,20080000,195,325,20090000,8684
0,2009,20090000,20090000,195,325,20100000,8686
0,201,2010000,2010000,195,325,2020000,866
0,2010,20100000,20100000,195,325,20110000,8693
0,2011,20110000,20110000,195,325,20120000,8696
0,2012,20120000,20120000,195,325,20130000,8702
0,2013,20130000,20130000,195,325,20140000,8705
0,2014,20140000,20140000,195,325,20150000,8709
0,2015,20150000,20150000,195,325,20160000,8713
0,2016,20160000,20160000,195,325,20170000,8719
0,2017,20170000,20170000,195,325,20180000,8724
0,2018,20180000,20180000,195,325,20190000,8726
0,2019,20190000,20190000,195,325,20200000,8730
0,202,2020000,2020000,195,325,2030000,873
0,2020,20200000,20200000,195,325,20210000,8737
0,2021,20210000,20210000,195,325,20220000,8738
0,2022,20220000,20220000,195,325,20230000,8745
0,2023,20230000,20230000,195,325,20240000,8749
0,2024,20240000,20240000,195,325,20250000,8751
0,2025,20250000,20250000,195,325,20260000,8758
0,2026,20260000,20260000,195,325,20270000,8762
0,2027,20270000,20270000,195,325,20280000,8766
0,2028,20280000,20280000,195,325,20290000,8770
0,2029,20290000,20290000,195,325,20300000,8773
0,203,2030000,2030000,195,325,2040000,875
0,2030,20300000,20300000,195,325,20310000,8779
0,2031,20310000,20310000,195,325,20320000,8783
0,2032,20320000,20320000,195,325,20330000,8789
0,2033,20330000,20330000,195,325,20340000,8791
0,2034,20340000,20340000,195,325,20350000,8796
0,2035,20350000,20350000,195,325,20360000,8801
0,2036,20360000,20360000,195,325,20370000,8803
0,2037,20370000,20370000,195,325,20380000,8810
0,2038,20380000,20380000,195,325,20390000,8814
0,2039,20390000,20390000,195,325,20400000,8815
0,204,2040000,2040000,195,325,2050000,880
0,2040,20400000,20400000,195,325,20410000,8824
0,2041,20410000,20410000,195,325,20420000,8826
0,2042,20420000,20420000,195,325,20430000,8831
0,2043,20430000,20430000,195,325,20440000,8835
0,2044,20440000,20440000,195,325,20450000,8839
0,2045,20450000,20450000,195,325,20460000,8843
0,2046,20460000,20460000,195,325,20470000,8847
0,2047,20470000,20470000,195,325,20480000,8854
0,2048,20480000,20480000,195,325,20490000,8857
0,2049,20490000,20490000,195,325,20500000,8860
0,205,2050000,2050000,195,325,2060000,885
0,2050,20500000,20500000,195,325,20510000,8866
0,2051,20510000,20510000,195,325,20520000,8868
0,2052,20520000,20520000,195,325,20530000,8876
0,2053,20530000,20530000,195,325,20540000,8878
0,2054,20540000,20540000,195,325,20550000,8881
0,2055,20550000,20550000,195,325,20560000,8887
0,2056,20560000,20560000,195,325,20570000,8891
0,2057,20570000,20570000,195,325,20580000,8896
0,2058,20580000,20580000,195,325,20590000,8901
0,2059,20590000,20590000,195,325,20600000,8903
0,206,2060000,2060000,195,325,2070000,888
0,2060,20600000,20600000,195,325,20610000,8908
0,2061,20610000,20610000,195,325,20620000,8913
0,2062,20620000,20620000,195,325,20630000,8919
0,2063,20630000,20630000,195,325,20640000,8920
0,2064,20640000,20640000,195,325,20650000,8924
0,2065,20650000,20650000,195,325,20660000,8932
0,2066,20660000,20660000,195,325,20670000,8934
0,2067,20670000,20670000,195,325,20680000,8940
0,2068,20680000,20680000,195,325,20690000,8944
0,2069,20690000,20690000,195,325,20700000,8945
0,207,2070000,2070000,195,325,2080000,895
0,2070,20700000,20700000,195,325,20710000,8953
0,2071,20710000,20710000,195,325,20720000,8955
0,2072,20720000,20720000,195,325,20730000,8961
0,2073,20730000,20730000,195,325,20740000,8964
0,2074,20740000,20740000,195,325,20750000,8969
0,2075,20750000,20750000,195,325,20760000,8974
0,2076,20760000,20760000,195,325,20770000,8978
0,2077,20770000,20770000,195,325,20780000,8983
0,2078,20780000,20780000,195,325,20790000,8985
0,2079,20790000,20790000,195,325,20800000,8990
0,208,2080000,2080000,195,325,2090000,898
0,2080,20800000,20800000,195,325,20810000,8996
0,2081,20810000,20810000,195,325,20820000,8997
0,2082,20820000,20820000,195,325,20830000,9006
0,2083,20830000,20830000,195,325,20840000,9009
0,2084,20840000,20840000,195,325,20850000,9011
0,2085,20850000,20850000,195,325,20860000,9017
0,2086,20860000,20860000,195,325,20870000,9021
0,2087,20870000,20870000,195,325,20880000,9025
0,2088,20880000,20880000,195,325,20890000,9030
0,2089,20890000,20890000,195,325,20900000,9033
0,209,2090000,2090000,195,325,2100000,899
0,2090,20900000,20900000,195,325,20910000,9038
0,2091,20910000,20910000,195,325,20920000,9042
0,2092,20920000,20920000,195,325,20930000,9049
0,2093,20930000,20930000,195,325,20940000,9051
0,2094,20940000,20940000,195,325,20950000,9055
0,2095,20950000,20950000,195,325,20960000,9060
0,2096,20960000,20960000,195,325,20970000,9063
0,2097,20970000,20970000,195,325,20980000,9070
0,2098,20980000,20980000,195,325,20990000,9073
0,2099,20990000,20990000,195,325,21000000,9075
0,21,210000,210000,195,325,220000,88
0,210,2100000,2100000,195,325,2110000,907
0,2100,21000000,21000000,195,325,21010000,9083
0,2101,21010000,21010000,195,325,21020000,9086
0,2102,21020000,21020000,195,325,21030000,9091
0,2103,21030000,21030000,195,325,21040000,9095
0,2104,21040000,21040000,195,325,21050000,9098
0,2105,21050000,21050000,195,325,21060000,9102
0,2106,21060000,21060000,195,325,21070000,9107
0,2107,21070000,21070000,195,325,21080000,9113
0,2108,21080000,21080000,195,325,21090000,9116
0,2109,21090000,21090000,195,325,21100000,9119
0,211,2110000,2110000,195,325,2120000,910
0,2110,21100000,21100000,195,325,21110000,9127
0,2111,21110000,21110000,195,325,21120000,9128
0,2112,21120000,21120000,195,325,21130000,9135
0,2113,21130000,21130000,195,325,21140000,9137
0,2114,21140000,21140000,195,325,21150000,9140
0,2115,21150000,21150000,195,325,21160000,9147
0,2116,21160000,21160000,195,325,21170000,9151
0,2117,21170000,21170000,195,325,21180000,9156
0,2118,21180000,21180000,195,325,21190000,9160
0,2119,21190000,21190000,195,325,21200000,9163
0,212,2120000,2120000,195,325,2130000,916
0,2120,21200000,21200000,195,325,21210000,9168
0,2121,21210000,21210000,195,325,21220000,9172
0,2122,21220000,21220000,195,325,21230000,9178
0,2123,21230000,21230000,195,325,21240000,9179
0,2124,21240000,21240000,195,325,21250000,9185
0,2125,21250000,21250000,195,325,21260000,9191
0,2126,21260000,21260000,195,325,21270000,9193
0,2127,21270000,21270000,195,325,21280000,9199
0,2128,21280000,21280000,195,325,21290000,9204
0,2129,21290000,21290000,195,325,21300000,9205
0,213,2130000,2130000,195,325,2140000,920
0,2130,21300000,21300000,195,325,21310000,9212
0,2131,21310000,21310000,195,325,21320000,9215
0,2132,21320000,21320000,195,325,21330000,9220
0,2133,21330000,21330000,195,325,21340000,9225
0,2134,21340000,21340000,195,325,21350000,9228
0,2135,21350000,21350000,195,325,21360000,9233
0,2136,21360000,21360000,195,325,21370000,9237
0,2137,21370000,21370000,195,325,21380000,9243
0,2138,21380000,21380000,195,325,21390000,9246
0,2139,21390000,21390000,195,325,21400000,9249
0,214,2140000,2140000,195,325,2150000,923
0,2140,21400000,21400000,195,325,21410000,9255
0,2141,21410000,21410000,195,325,21420000,9256
0,2142,21420000,21420000,195,325,21430000,9266
0,2143,21430000,21430000,195,325,21440000,9268
0,2144,21440000,21440000,195,325,21450000,9270
0,2145,21450000,21450000,195,325,21460000,9277
0,2146,21460000,21460000,195,325,21470000,9281
0,2147,21470000,21470000,195,325,21480000,9285
0,2148,21480000,21480000,195,325,21490000,9289
0,2149,21490000,21490000,195,325,21500000,9292
0,215,2150000,2150000,195,325,2160000,927
0,2150,21500000,21500000,195,325,21510000,9298
0,2151,21510000,21510000,195,325,21520000,9302
0,2152,21520000,21520000,195,325,21530000,9309
0,2153,21530000,21530000,195,325,21540000,9310
0,2154,21540000,21540000,195,325,21550000,9314
0,2155,21550000,21550000,195,325,21560000,9320
0,2156,21560000,21560000,195,325,21570000,9323
0,2157,21570000,21570000,195,325,21580000,9329
0,2158,21580000,21580000,195,325,21590000,9332
0,2159,21590000,21590000,195,325,21600000,9335
0,216,2160000,2160000,195,325,2170000,932
0,2160,21600000,21600000,195,325,21610000,9343
0,2161,21610000,21610000,195,325,21620000,9345
0,2162,21620000,21620000,195,325,21630000,9350
0,2163,21630000,21630000,195,325,21640000,9354
0,2164,21640000,21640000,195,325,21650000,9358
0,2165,21650000,21650000,195,325,21660000,9362
0,2166,21660000,21660000,195,325,21670000,9367
0,2167,21670000,21670000,195,325,21680000,9373
0,2168,21680000,21680000,195,325,21690000,9375
0,2169,21690000,21690000,195,325,21700000,9379
0,217,2170000,2170000,195,325,2180000,938
0,2170,21700000,21700000,195,325,21710000,9386
0,2171,21710000,21710000,195,325,21720000,9387
0,2172,21720000,21720000,195,325,21730000,9394
0,2173,21730000,21730000,195,325,21740000,9398
0,2174,21740000,21740000,195,325,21750000,9400
0,2175,21750000,21750000,195,325,21760000,9406
0,2176,21760000,21760000,195,325,21770000,9410
0,2177,21770000,21770000,195,325,21780000,9415
0,2178,21780000,21780000,195,325,21790000,9420
0,2179,21790000,21790000,195,325,21800000,9422
0,218,2180000,2180000,195,325,2190000,940
0,2180,21800000,21800000,195,325,21810000,9428
0,2181,21810000,21810000,195,325,21820000,9431
0,2182,21820000,21820000,195,325,21830000,9438
0,2183,21830000,21830000,195,325,21840000,9439
0,2184,21840000,21840000,195,325,21850000,9445
0,2185,21850000,21850000,195,325,21860000,9450
0,2186,21860000,21860000,195,325,21870000,9452
0,2187,21870000,21870000,195,325,21880000,9460
0,2188,21880000,21880000,195,325,21890000,9463
0,2189,21890000,21890000,195,325,21900000,9464
0,219,2190000,2190000,195,325,2200000,943
0,2190,21900000,21900000,195,325,21910000,9471
0,2191,21910000,21910000,195,325,21920000,9475
0,2192,21920000,21920000,195,325,21930000,9480
0,2193,21930000,21930000,195,325,21940000,9484
0,2194,21940000,21940000,195,325,21950000,9488
0,2195,21950000,21950000,195,325,21960000,9492
0,2196,21960000,21960000,195,325,21970000,9497
0,2197,21970000,21970000,195,325,21980000,9502
0,2198,21980000,21980000,195,325,21990000,9505
0,2199,21990000,21990000,195,325,22000000,9508
0,22,220000,220000,195,325,230000,95
0,220,2200000,2200000,195,325,2210000,951
0,2200,22000000,22000000,195,325,22010000,9515
0,2201,22010000,22010000,195,325,22020000,9518
0,2202,22020000,22020000,195,325,22030000,9525
0,2203,22030000,22030000,195,325,22040000,9527
0,2204,22040000,22040000,195,325,22050000,9529
0,2205,22050000,22050000,195,325,22060000,9537
0,2206,22060000,22060000,195,325,22070000,9540
0,2207,22070000,22070000,195,325,22080000,9544
0,2208,22080000,22080000,195,325,22090000,9549
0,2209,22090000,22090000,195,325,22100000,9552
0,221,2210000,2210000,195,325,2220000,953
0,2210,22100000,22100000,195,325,22110000,9558
0,2211,22110000,22110000,195,325,22120000,9561
0,2212,22120000,22120000,195,325,22130000,9568
0,2213,22130000,22130000,195,325,22140000,9569
0,2214,22140000,22140000,195,325,22150000,9574
0,2215,22150000,22150000,195,325,22160000,9580
0,2216,22160000,22160000,195,325,22170000,9582
0,2217,22170000,22170000,195,325,22180000,9588
0,2218,22180000,22180000,195,325,22190000,9593
0,2219,22190000,22190000,195,325,22200000,9595
0,222,2220000,2220000,195,325,2230000,960
0,2220,22200000,22200000,195,325,22210000,9602
0,2221,22210000,22210000,195,325,22220000,9604
0,2222,22220000,22220000,195,325,22230000,9610
0,2223,22230000,22230000,195,325,22240000,9614
0,2224,22240000,22240000,195,325,22250000,9617
0,2225,22250000,22250000,195,325,22260000,9621
0,2226,22260000,22260000,195,325,22270000,9626
0,2227,22270000,22270000,195,325,22280000,9633
0,2228,22280000,22280000,195,325,22290000,9635
0,2229,22290000,22290000,195,325,22300000,9639
0,223,2230000,2230000,195,325,2240000,962
0,2230,22300000,22300000,195,325,22310000,9645
0,2231,22310000,22310000,195,325,22320000,9646
0,2232,22320000,22320000,195,325,22330000,9654
0,2233,22330000,22330000,195,325,22340000,9657
0,2234,22340000,22340000,195,325,22350000,9659
0,2235,22350000,22350000,195,325,22360000,9666
0,2236,22360000,22360000,195,325,22370000,9671
0,2237,22370000,22370000,195,325,22380000,9675
0,2238,22380000,22380000,195,325,22390000,9679
0,2239,22390000,22390000,195,325,22400000,9681
0,224,2240000,2240000,195,325,2250000,965
0,2240,22400000,22400000,195,325,22410000,9687
0,2241,22410000,22410000,195,325,22420000,9691
0,2242,22420000,22420000,195,325,22430000,9697
0,2243,22430000,22430000,195,325,22440000,9699
0,2244,22440000,22440000,195,325,22450000,9704
0,2245,22450000,22450000,195,325,22460000,9710
0,2246,22460000,22460000,195,325,22470000,9712
0,2247,22470000,22470000,195,325,22480000,9719
0,2248,22480000,22480000,195,325,22490000,9722
0,2249,22490000,22490000,195,325,22500000,9723
0,225,2250000,2250000,195,325,2260000,972
0,2250,22500000,22500000,195,325,22510000,9732
0,2251,22510000,22510000,195,325,22520000,9734
0,2252,22520000,22520000,195,325,22530000,9740
0,2253,22530000,22530000,195,325,22540000,9743
0,2254,22540000,22540000,195,325,22550000,9748
0,2255,22550000,22550000,195,325,22560000,9752
0,2256,22560000,22560000,195,325,22570000,9756
0,2257,22570000,22570000,195,325,22580000,9762
0,2258,22580000,22580000,195,325,22590000,9764
0,2259,22590000,22590000,195,325,22600000,9768
0,226,2260000,2260000,195,325,2270000,975
0,2260,22600000,22600000,195,325,22610000,9774
0,2261,22610000,22610000,195,325,22620000,9777
0,2262,22620000,22620000,195,325,22630000,9784
0,2263,22630000,22630000,195,325,22640000,9787
0,2264,22640000,22640000,195,325,22650000,9790
0,2265,22650000,22650000,195,325,22660000,9796
0,2266,22660000,22660000,195,325,22670000,9799
0,2267,22670000,22670000,195,325,22680000,9803
0,2268,22680000,22680000,195,325,22690000,9809
0,2269,22690000,22690000,195,325,22700000,9812
0,227,2270000,2270000,195,325,2280000,980
0,2270,22700000,22700000,195,325,22710000,9817
0,2271,22710000,22710000,195,325,22720000,9821
0,2272,22720000,22720000,195,325,22730000,9828
0,2273,22730000,22730000,195,325,22740000,9829
0,2274,22740000,22740000,195,325,22750000,9833
0,2275,22750000,22750000,195,325,22760000,9839
0,2276,22760000,22760000,195,325,22770000,9841
0,2277,22770000,22770000,195,325,22780000,9848
0,2278,22780000,22780000,195,325,22790000,9853
0,2279,22790000,22790000,195,325,22800000,9854
0,228,2280000,2280000,195,325,2290000,984
0,2280,22800000,22800000,195,325,22810000,9861
0,2281,22810000,22810000,195,325,22820000,9864
0,2282,22820000,22820000,195,325,22830000,9870
0,2283,22830000,22830000,195,325,22840000,9873
0,2284,22840000,22840000,195,325,22850000,9876
0,2285,22850000,22850000,195,325,22860000,9881
0,2286,22860000,22860000,195,325,22870000,9887
0,2287,22870000,22870000,195,325,22880000,9892
0,2288,22880000,22880000,195,325,22890000,9894
0,2289,22890000,22890000,195,325,22900000,9898
0,229,2290000,2290000,195,325,2300000,988
0,2290,22900000,22900000,195,325,22910000,9905
0,2291,22910000,22910000,195,325,22920000,9906
0,2292,22920000,22920000,195,325,22930000,9914
0,2293,22930000,22930000,195,325,22940000,9916
0,2294,22940000,22940000,195,325,22950000,9918
0,2295,22950000,22950000,195,325,22960000,9926
0,2296,22960000,22960000,195,325,22970000,9930
0,2297,22970000,22970000,195,325,22980000,9934
0,2298,22980000,22980000,195,325,22990000,9938
0,2299,22990000,22990000,195,325,23000000,9942
0,23,230000,230000,195,325,240000,96
0,230,2300000,2300000,195,325,2310000,993
0,2300,23000000,23000000,195,325,23010000,9947
0,2301,23010000,23010000,195,325,23020000,9950
0,2302,23020000,23020000,195,325,23030000,9956
0,2303,23030000,23030000,195,325,23040000,9959
0,2304,23040000,23040000,195,325,23050000,9964
0,2305,23050000,23050000,195,325,23060000,9969
0,2306,23060000,23060000,195,325,23070000,9972
0,2307,23070000,23070000,195,325,23080000,9978
0,2308,23080000,23080000,195,325,23090000,9982
0,2309,23090000,23090000,195,325,23100000,9983
0,231,2310000,2310000,195,325,2320000,997
0,2310,23100000,23100000,195,325,23110000,9991
0,2311,23110000,23110000,195,325,23120000,9993
0,2312,23120000,23120000,195,325,23130000,9999
0,2313,23130000,23130000,195,325,23140000,10004
0,2314,23140000,23140000,195,325,23150000,10007
0,2315,23150000,23150000,195,325,23160000,10011
0,2316,23160000,23160000,195,325,23170000,10015
0,2317,23170000,23170000,195,325,23180000,10022
0,2318,23180000,23180000,195,325,23190000,10024
0,2319,23190000,23190000,195,325,23200000,10027
0,232,2320000,2320000,195,325,2330000,1003
0,2320,23200000,23200000,195,325,23210000,10035
0,2321,23210000,23210000,195,325,23220000,10036
0,2322,23220000,23220000,195,325,23230000,10044
0,2323,23230000,23230000,195,325,23240000,10046
0,2324,23240000,23240000,195,325,23250000,10049
0,2325,23250000,23250000,195,325,23260000,10055
0,2326,23260000,23260000,195,325,23270000,10059
0,2327,23270000,23270000,195,325,23280000,10064
0,2328,23280000,23280000,195,325,23290000,10068
0,2329,23290000,23290000,195,325,23300000,10071
0,233,2330000,2330000,195,325,2340000,1004
0,2330,23300000,23300000,195,325,23310000,10076
0,2331,23310000,23310000,195,325,23320000,10081
0,2332,23320000,23320000,195,325,23330000,10087
0,2333,23330000,23330000,195,325,23340000,10088
0,2334,23340000,23340000,195,325,23350000,10093
0,2335,23350000,23350000,195,325,23360000,10099
0,2336,23360000,23360000,195,325,23370000,10101
0,2337,23370000,23370000,195,325,23380000,10108
0,2338,23380000,23380000,195,325,23390000,10112
0,2339,23390000,23390000,195,325,23400000,10113
0,234,2340000,2340000,195,325,2350000,1010
0,2340,23400000,23400000,195,325,23410000,10121
0,2341,23410000,23410000,195,325,23420000,10124
0,2342,23420000,23420000,195,325,23430000,10129
0,2343,23430000,23430000,195,325,23440000,10132
0,2344,23440000,23440000,195,325,23450000,10136
0,2345,23450000,23450000,195,325,23460000,10141
0,2346,23460000,23460000,195,325,23470000,10146
0,2347,23470000,23470000,195,325,23480000,10151
0,2348,23480000,23480000,195,325,23490000,10154
0,2349,23490000,23490000,195,325,23500000,10158
0,235,2350000,2350000,195,325,2360000,1015
0,2350,23500000,23500000,195,325,23510000,10164
0,2351,23510000,23510000,195,325,23520000,10165
0,2352,23520000,23520000,195,325,23530000,10173
0,2353,23530000,23530000,195,325,23540000,10176
0,2354,23540000,23540000,195,325,23550000,10179
0,2355,23550000,23550000,195,325,23560000,10186
0,2356,23560000,23560000,195,325,23570000,10189
0,2357,23570000,23570000,195,325,23580000,10193
0,2358,23580000,23580000,195,325,23590000,10198
0,2359,23590000,23590000,195,325,23600000,10201
0,236,2360000,2360000,195,325,2370000,1017
0,2360,23600000,23600000,195,325,23610000,10206
0,2361,23610000,23610000,195,325,23620000,10209
0,2362,23620000,23620000,195,325,23630000,10217
0,2363,23630000,23630000,195,325,23640000,10219
0,2364,23640000,23640000,195,325,23650000,10223
0,2365,23650000,23650000,195,325,23660000,10228
0,2366,23660000,23660000,195,325,23670000,10231
0,2367,23670000,23670000,195,325,23680000,10238
0,2368,23680000,23680000,195,325,23690000,10241
0,2369,23690000,23690000,195,325,23700000,10243
0,237,2370000,2370000,195,325,2380000,1023
0,2370,23700000,23700000,195,325,23710000,10250
0,2371,23710000,23710000,195,325,23720000,10254
0,2372,23720000,23720000,195,325,23730000,10259
0,2373,23730000,23730000,195,325,23740000,10263
0,2374,23740000,23740000,195,325,23750000,10266
0,2375,23750000,23750000,195,325,23760000,10270
0,2376,23760000,23760000,195,325,23770000,10276
0,2377,23770000,23770000,195,325,23780000,10281
0,2378,23780000,23780000,195,325,23790000,10283
0,2379,23790000,23790000,195,325,23800000,10286
0,238,2380000,2380000,195,325,2390000,1029
0,2380,23800000,23800000,195,325,23810000,10295
0,2381,23810000,23810000,195,325,23820000,10296
0,2382,23820000,23820000,195,325,23830000,10303
0,2383,23830000,23830000,195,325,23840000,10306
0,2384,23840000,23840000,195,325,23850000,10308
0,2385,23850000,23850000,195,325,23860000,10315
0,2386,23860000,23860000,195,325,23870000,10318
0,2387,23870000,23870000,195,325,23880000,10323
0,2388,23880000,23880000,195,325,23890000,10328
0,2389,23890000,23890000,195,325,23900000,10331
0,239,2390000,2390000,195,325,2400000,1030
0,2390,23900000,23900000,195,325,23910000,10337
0,2391,23910000,23910000,195,325,23920000,10340
0,2392,23920000,23920000,195,325,23930000,10346
0,2393,23930000,23930000,195,325,23940000,10347
0,2394,23940000,23940000,195,325,23950000,10353
0,2395,23950000,23950000,195,325,23960000,10358
0,2396,23960000,23960000,195,325,23970000,10360
0,2397,23970000,23970000,195,325,23980000,10368
0,2398,23980000,23980000,195,325,23990000,10372
0,2399,23990000,23990000,195,325,24000000,10373
0,24,240000,240000,195,325,250000,101
0,240,2400000,2400000,195,325,2410000,1037
0,2400,24000000,24000000,195,325,24010000,10380
0,2401,24010000,24010000,195,325,24020000,10383
0,2402,24020000,24020000,195,325,24030000,10388
0,2403,24030000,24030000,195,325,24040000,10392
0,2404,24040000,24040000,195,325,24050000,10396
0,2405,24050000,24050000,195,325,24060000,10401
0,2406,24060000,24060000,195,325,24070000,10405
0,2407,24070000,24070000,195,325,24080000,10411
0,2408,24080000,24080000,195,325,24090000,10414
0,2409,24090000,24090000,195,325,24100000,10417
0,241,2410000,2410000,195,325,2420000,1040
0,2410,24100000,24100000,195,325,24110000,10423
0,2411,24110000,24110000,195,325,24120000,10425
0,2412,24120000,24120000,195,325,24130000,10433
0,2413,24130000,24130000,195,325,24140000,10435
0,2414,24140000,24140000,195,325,24150000,10438
0,2415,24150000,24150000,195,325,24160000,10445
0,2416,24160000,24160000,195,325,24170000,10449
0,2417,24170000,24170000,195,325,24180000,10453
0,2418,24180000,24180000,195,325,24190000,10458
0,2419,24190000,24190000,195,325,24200000,10460
0,242,2420000,2420000,195,325,2430000,1045
0,2420,24200000,24200000,195,325,24210000,10465
0,2421,24210000,24210000,195,325,24220000,10469
0,2422,24220000,24220000,195,325,24230000,10477
0,2423,24230000,24230000,195,325,24240000,10478
0,2424,24240000,24240000,195,325,24250000,10482
0,2425,24250000,24250000,195,325,24260000,10489
0,2426,24260000,24260000,195,325,24270000,10491
0,2427,24270000,24270000,195,325,24280000,10497
0,2428,24280000,24280000,195,325,24290000,10500
0,2429,24290000,24290000,195,325,24300000,10502
0,243,2430000,2430000,195,325,2440000,1049
0,2430,24300000,24300000,195,325,24310000,10510
0,2431,24310000,24310000,195,325,24320000,10513
0,2432,24320000,24320000,195,325,24330000,10519
0,2433,24330000,24330000,195,325,24340000,10522
0,2434,24340000,24340000,195,325,24350000,10526
0,2435,24350000,24350000,195,325,24360000,10530
0,2436,24360000,24360000,195,325,24370000,10535
0,2437,24370000,24370000,195,325,24380000,10540
0,2438,24380000,24380000,195,325,24390000,10542
0,2439,24390000,24390000,195,325,24400000,10548
0,244,2440000,2440000,195,325,2450000,1052
0,2440,24400000,24400000,195,325,24410000,10554
0,2441,24410000,24410000,195,325,24420000,10555
0,2442,24420000,24420000,195,325,24430000,10562
0,2443,24430000,24430000,195,325,24440000,10566
0,2444,24440000,24440000,195,325,24450000,10568
0,2445,24450000,24450000,195,325,24460000,10574
0,2446,24460000,24460000,195,325,24470000,10578
0,2447,24470000,24470000,195,325,24480000,10582
0,2448,24480000,24480000,195,325,24490000,10588
0,2449,24490000,24490000,195,325,24500000,10590
0,245,2450000,2450000,195,325,2460000,1057
0,2450,24500000,24500000,195,325,24510000,10596
0,2451,24510000,24510000,195,325,24520000,10599
0,2452,24520000,24520000,195,325,24530000,10606
0,2453,24530000,24530000,195,325,24540000,10608
0,2454,24540000,24540000,195,325,24550000,10612
0,2455,24550000,24550000,195,325,24560000,10617
0,2456,24560000,24560000,195,325,24570000,10620
0,2457,24570000,24570000,195,325,24580000,10628
0,2458,24580000,24580000,195,325,24590000,10631
0,2459,24590000,24590000,195,325,24600000,10632
0,246,2460000,2460000,195,325,2470000,1062
0,2460,24600000,24600000,195,325,24610000,10640
0,2461,24610000,24610000,195,325,24620000,10643
0,2462,24620000,24620000,195,325,24630000,10648
0,2463,24630000,24630000,195,325,24640000,10651
0,2464,24640000,24640000,195,325,24650000,10655
0,2465,24650000,24650000,195,325,24660000,10660
0,2466,24660000,24660000,195,325,24670000,10665
0,2467,24670000,24670000,195,325,24680000,10671
0,2468,24680000,24680000,195,325,24690000,10673
0,2469,24690000,24690000,195,325,24700000,10676
0,247,2470000,2470000,195,325,2480000,1068
0,2470,24700000,24700000,195,325,24710000,10683
0,2471,24710000,24710000,195,325,24720000,10685
0,2472,24720000,24720000,195,325,24730000,10692
0,2473,24730000,24730000,195,325,24740000,10695
0,2474,24740000,24740000,195,325,24750000,10698
0,2475,24750000,24750000,195,325,24760000,10705
0,2476,24760000,24760000,195,325,24770000,10708
0,2477,24770000,24770000,195,325,24780000,10712
0,2478,24780000,24780000,195,325,24790000,10717
0,2479,24790000,24790000,195,325,24800000,10720
0,248,2480000,2480000,195,325,2490000,1071
0,2480,24800000,24800000,195,325,24810000,10725
0,2481,24810000,24810000,195,325,24820000,10729
0,2482,24820000,24820000,195,325,24830000,10736
0,2483,24830000,24830000,195,325,24840000,10737
0,2484,24840000,24840000,195,325,24850000,10742
0,2485,24850000,24850000,195,325,24860000,10748
0,2486,24860000,24860000,195,325,24870000,10750
0,2487,24870000,24870000,195,325,24880000,10756
0,2488,24880000,24880000,195,325,24890000,10761
0,2489,24890000,24890000,195,325,24900000,10762
0,249,2490000,2490000,195,325,2500000,1074
0,2490,24900000,24900000,195,325,24910000,10770
0,2491,24910000,24910000,195,325,24920000,10772
0,2492,24920000,24920000,195,325,24930000,10778
0,2493,24930000,24930000,195,325,24940000,10782
0,2494,24940000,24940000,195,325,24950000,10785
0,2495,24950000,24950000,195,325,24960000,10790
0,2496,24960000,24960000,195,325,24970000,10794
0,2497,24970000,24970000,195,325,24980000,10800
0,2498,24980000,24980000,195,325,24990000,10802
0,2499,24990000,24990000,195,325,25000000,10807
0,25,250000,250000,195,325,260000,107
0,250,2500000,2500000,195,325,2510000,1080
0,2500,25000000,25000000,195,325,25010000,10813
0,2501,25010000,25010000,195,325,25020000,10814
0,2502,25020000,25020000,195,325,25030000,10823
0,2503,25030000,25030000,195,325,25040000,10825
0,2504,25040000,25040000,195,325,25050000,10827
0,2505,25050000,25050000,195,325,25060000,10833
0,2506,25060000,25060000,195,325,25070000,10838
0,2507,25070000,25070000,195,325,25080000,10843
0,2508,25080000,25080000,195,325,25090000,10847
0,2509,25090000,25090000,195,325,25100000,10850
0,251,2510000,2510000,195,325,2520000,1081
0,2510,25100000,25100000,195,325,25110000,10855
0,2511,25110000,25110000,195,325,25120000,10859
0,2512,25120000,25120000,195,325,25130000,10865
0,2513,25130000,25130000,195,325,25140000,10867
0,2514,25140000,25140000,195,325,25150000,10871
0,2515,25150000,25150000,195,325,25160000,10877
0,2516,25160000,25160000,195,325,25170000,10881
0,2517,25170000,25170000,195,325,25180000,10887
0,2518,25180000,25180000,195,325,25190000,10890
0,2519,25190000,25190000,195,325,25200000,10891
0,252,2520000,2520000,195,325,2530000,1090
0,2520,25200000,25200000,195,325,25210000,10900
0,2521,25210000,25210000,195,325,25220000,10902
0,2522,25220000,25220000,195,325,25230000,10907
0,2523,25230000,25230000,195,325,25240000,10911
0,2524,25240000,25240000,195,325,25250000,10916
0,2525,25250000,25250000,195,325,25260000,10920
0,2526,25260000,25260000,195,325,25270000,10924
0,2527,25270000,25270000,195,325,25280000,10930
0,2528,25280000,25280000,195,325,25290000,10932
0,2529,25290000,25290000,195,325,25300000,10936
0,253,2530000,2530000,195,325,2540000,1092
0,2530,25300000,25300000,195,325,25310000,10943
0,2531,25310000,25310000,195,325,25320000,10944
0,2532,25320000,25320000,195,325,25330000,10951
0,2533,25330000,25330000,195,325,25340000,10955
0,2534,25340000,25340000,195,325,25350000,10958
0,2535,25350000,25350000,195,325,25360000,10964
0,2536,25360000,25360000,195,325,25370000,10967
0,2537,25370000,25370000,195,325,25380000,10972
0,2538,25380000,25380000,195,325,25390000,10977
0,2539,25390000,25390000,195,325,25400000,10979
0,254,2540000,2540000,195,325,2550000,1094
0,2540,25400000,25400000,195,325,25410000,10984
0,2541,25410000,25410000,195,325,25420000,10989
0,2542,25420000,25420000,195,325,25430000,10996
0,2543,25430000,25430000,195,325,25440000,10997
0,2544,25440000,25440000,195,325,25450000,11002
0,2545,25450000,25450000,195,325,25460000,11007
0,2546,25460000,25460000,195,325,25470000,11009
0,2547,25470000,25470000,195,325,25480000,11016
0,2548,25480000,25480000,195,325,25490000,11020
0,2549,25490000,25490000,195,325,25500000,11021
0,255,2550000,2550000,195,325,2560000,1102
0,2550,25500000,25500000,195,325,25510000,11029
0,2551,25510000,25510000,195,325,25520000,11033
0,2552,25520000,25520000,195,325,25530000,11038
0,2553,25530000,25530000,195,325,25540000,11041
0,2554,25540000,25540000,195,325,25550000,11044
0,2555,25550000,25550000,195,325,25560000,11049
0,2556,25560000,25560000,195,325,25570000,11054
0,2557,25570000,25570000,195,325,25580000,11059
0,2558,25580000,25580000,195,325,25590000,11063
0,2559,25590000,25590000,195,325,25600000,11066
0,256,2560000,2560000,195,325,2570000,1106
0,2560,25600000,25600000,195,325,25610000,11073
0,2561,25610000,25610000,195,325,25620000,11074
0,2562,25620000,25620000,195,325,25630000,11082
0,2563,25630000,25630000,195,325,25640000,11084
0,2564,25640000,25640000,195,325,25650000,11086
0,2565,25650000,25650000,195,325,25660000,11094
0,2566,25660000,25660000,195,325,25670000,11097
0,2567,25670000,25670000,195,325,25680000,11102
0,2568,25680000,25680000,195,325,25690000,11106
0,2569,25690000,25690000,195,325,25700000,11110
0,257,2570000,2570000,195,325,2580000,1110
0,2570,25700000,25700000,195,325,25710000,11115
0,2571,25710000,25710000,195,325,25720000,11118
0,2572,25720000,25720000,195,325,25730000,11125
0,2573,25730000,25730000,195,325,25740000,11126
0,2574,25740000,25740000,195,325,25750000,11131
0,2575,25750000,25750000,195,325,25760000,11137
0,2576,25760000,25760000,195,325,25770000,11140
0,2577,25770000,25770000,195,325,25780000,11146
0,2578,25780000,25780000,195,325,25790000,11150
0,2579,25790000,25790000,195,325,25800000,11152
0,258,2580000,2580000,195,325,2590000,1114
0,2580,25800000,25800000,195,325,25810000,11159
0,2581,25810000,25810000,195,325,25820000,11161
0,2582,25820000,25820000,195,325,25830000,11166
0,2583,25830000,25830000,195,325,25840000,11171
0,2584,25840000,25840000,195,325,25850000,11175
0,2585,25850000,25850000,195,325,25860000,11179
0,2586,25860000,25860000,195,325,25870000,11184
0,2587,25870000,25870000,195,325,25880000,11190
0,2588,25880000,25880000,195,325,25890000,11192
0,2589,25890000,25890000,195,325,25900000,11195
0,259,2590000,2590000,195,325,2600000,1117
0,2590,25900000,25900000,195,325,25910000,11202
0,2591,25910000,25910000,195,325,25920000,11203
0,2592,25920000,25920000,195,325,25930000,11212
0,2593,25930000,25930000,195,325,25940000,11215
0,2594,25940000,25940000,195,325,25950000,11217
0,2595,25950000,25950000,195,325,25960000,11223
0,2596,25960000,25960000,195,325,25970000,11227
0,2597,25970000,25970000,195,325,25980000,11232
0,2598,25980000,25980000,195,325,25990000,11236
0,2599,25990000,25990000,195,325,26000000,11238
0,26,260000,260000,195,325,270000,109
0,260,2600000,2600000,195,325,2610000,1122
0,2600,26000000,26000000,195,325,26010000,11244
0,2601,26010000,26010000,195,325,26020000,11249
0,2602,26020000,26020000,195,325,26030000,11255
0,2603,26030000,26030000,195,325,26040000,11256
0,2604,26040000,26040000,195,325,26050000,11261
0,2605,26050000,26050000,195,325,26060000,11267
0,2606,26060000,26060000,195,325,26070000,11269
0,2607,26070000,26070000,195,325,26080000,11276
0,2608,26080000,26080000,195,325,26090000,11279
0,2609,26090000,26090000,195,325,26100000,11281
0,261,2610000,2610000,195,325,2620000,1126
0,2610,26100000,26100000,195,325,26110000,11289
0,2611,26110000,26110000,195,325,26120000,11292
0,2612,26120000,26120000,195,325,26130000,11297
0,2613,26130000,26130000,195,325,26140000,11300
0,2614,26140000,26140000,195,325,26150000,11305
0,2615,26150000,26150000,195,325,26160000,11309
0,2616,26160000,26160000,195,325,26170000,11313
0,2617,26170000,26170000,195,325,26180000,11318
0,2618,26180000,26180000,195,325,26190000,11322
0,2619,26190000,26190000,195,325,26200000,11326
0,262,2620000,2620000,195,325,2630000,1133
0,2620,26200000,26200000,195,325,26210000,11332
0,2621,26210000,26210000,195,325,26220000,11334
0,2622,26220000,26220000,195,325,26230000,11341
0,2623,26230000,26230000,195,325,26240000,11344
0,2624,26240000,26240000,195,325,26250000,11346
0,2625,26250000,26250000,195,325,26260000,11353
0,2626,26260000,26260000,195,325,26270000,11357
0,2627,26270000,26270000,195,325,26280000,11361
0,2628,26280000,26280000,195,325,26290000,11367
0,2629,26290000,26290000,195,325,26300000,11369
0,263,2630000,2630000,195,325,2640000,1135
0,2630,26300000,26300000,195,325,26310000,11374
0,2631,26310000,26310000,195,325,26320000,11377
0,2632,26320000,26320000,195,325,26330000,11385
0,2633,26330000,26330000,195,325,26340000,11386
0,2634,26340000,26340000,195,325,26350000,11390
0,2635,26350000,26350000,195,325,26360000,11397
0,2636,26360000,26360000,195,325,26370000,11399
0,2637,26370000,26370000,195,325,26380000,11406
0,2638,26380000,26380000,195,325,26390000,11409
0,2639,26390000,26390000,195,325,26400000,11411
0,264,2640000,2640000,195,325,2650000,1139
0,2640,26400000,26400000,195,325,26410000,11418
0,2641,26410000,26410000,195,325,26420000,11421
0,2642,26420000,26420000,195,325,26430000,11427
0,2643,26430000,26430000,195,325,26440000,11431
0,2644,26440000,26440000,195,325,26450000,11434
0,2645,26450000,26450000,195,325,26460000,11438
0,2646,26460000,26460000,195,325,26470000,11444
0,2647,26470000,26470000,195,325,26480000,11449
0,2648,26480000,26480000,195,325,26490000,11451
0,2649,26490000,26490000,195,325,26500000,11455
0,265,2650000,2650000,195,325,2660000,1145
0,2650,26500000,26500000,195,325,26510000,11462
0,2651,26510000,26510000,195,325,26520000,11463
0,2652,26520000,26520000,195,325,26530000,11471
0,2653,26530000,26530000,195,325,26540000,11474
0,2654,26540000,26540000,195,325,26550000,11476
0,2655,26550000,26550000,195,325,26560000,11483
0,2656,26560000,26560000,195,325,26570000,11487
0,2657,26570000,26570000,195,325,26580000,11491
0,2658,26580000,26580000,195,325,26590000,11495
0,2659,26590000,26590000,195,325,26600000,11498
0,266,2660000,2660000,195,325,2670000,1148
0,2660,26600000,26600000,195,325,26610000,11505
0,2661,26610000,26610000,195,325,26620000,11508
0,2662,26620000,26620000,195,325,26630000,11514
0,2663,26630000,26630000,195,325,26640000,11516
0,2664,26640000,26640000,195,325,26650000,11521
0,2665,26650000,26650000,195,325,26660000,11526
0,2666,26660000,26660000,195,325,26670000,11528
0,2667,26670000,26670000,195,325,26680000,11535
0,2668,26680000,26680000,195,325,26690000,11539
0,2669,26690000,26690000,195,325,26700000,11541
0,267,2670000,2670000,195,325,2680000,1154
0,2670,26700000,26700000,195,325,26710000,11549
0,2671,26710000,26710000,195,325,26720000,11551
0,2672,26720000,26720000,195,325,26730000,11556
0,2673,26730000,26730000,195,325,26740000,11560
0,2674,26740000,26740000,195,325,26750000,11564
0,2675,26750000,26750000,195,325,26760000,11568
0,2676,26760000,26760000,195,325,26770000,11572
0,2677,26770000,26770000,195,325,26780000,11580
0,2678,26780000,26780000,195,325,26790000,11582
0,2679,26790000,26790000,195,325,26800000,11585
0,268,2680000,2680000,195,325,2690000,1157
0,2680,26800000,26800000,195,325,26810000,11591
0,2681,26810000,26810000,195,325,26820000,11593
0,2682,26820000,26820000,195,325,26830000,11601
0,2683,26830000,26830000,195,325,26840000,11603
0,2684,26840000,26840000,195,325,26850000,11606
0,2685,26850000,26850000,195,325,26860000,11612
0,2686,26860000,26860000,195,325,26870000,11617
0,2687,26870000,26870000,195,325,26880000,11621
0,2688,26880000,26880000,195,325,26890000,11626
0,2689,26890000,26890000,195,325,26900000,11628
0,269,2690000,2690000,195,325,2700000,1159
0,2690,26900000,26900000,195,325,26910000,11633
0,2691,26910000,26910000,195,325,26920000,11638
0,2692,26920000,26920000,195,325,26930000,11644
0,2693,26930000,26930000,195,325,26940000,11645
0,2694,26940000,26940000,195,325,26950000,11650
0,2695,26950000,26950000,195,325,26960000,11657
0,2696,26960000,26960000,195,325,26970000,11659
0,2697,26970000,26970000,195,325,26980000,11665
0,2698,26980000,26980000,195,325,26990000,11669
0,2699,26990000,26990000,195,325,27000000,11670
0,27,270000,270000,195,325,280000,116
0,270,2700000,2700000,195,325,2710000,1167
0,2700,27000000,27000000,195,325,27010000,11678
0,2701,27010000,27010000,195,325,27020000,11680
0,2702,27020000,27020000,195,325,27030000,11686
0,2703,27030000,27030000,195,325,27040000,11690
0,2704,27040000,27040000,195,325,27050000,11694
0,2705,27050000,27050000,195,325,27060000,11699
0,2706,27060000,27060000,195,325,27070000,11703
0,2707,27070000,27070000,195,325,27080000,11708
0,2708,27080000,27080000,195,325,27090000,11710
0,2709,27090000,27090000,195,325,27100000,11715
0,271,2710000,2710000,195,325,2720000,1169
0,2710,27100000,27100000,195,325,27110000,11721
0,2711,27110000,27110000,195,325,27120000,11723
0,2712,27120000,27120000,195,325,27130000,11731
0,2713,27130000,27130000,195,325,27140000,11734
0,2714,27140000,27140000,195,325,27150000,11736
0,2715,27150000,27150000,195,325,27160000,11742
0,2716,27160000,27160000,195,325,27170000,11746
0,2717,27170000,27170000,195,325,27180000,11750
0,2718,27180000,27180000,195,325,27190000,11755
0,2719,27190000,27190000,195,325,27200000,11758
0,272,2720000,2720000,195,325,2730000,1175
0,2720,27200000,27200000,195,325,27210000,11764
0,2721,27210000,27210000,195,325,27220000,11767
0,2722,27220000,27220000,195,325,27230000,11774
0,2723,27230000,27230000,195,325,27240000,11776
0,2724,27240000,27240000,195,325,27250000,11780
0,2725,27250000,27250000,195,325,27260000,11785
0,2726,27260000,27260000,195,325,27270000,11788
0,2727,27270000,27270000,195,325,27280000,11795
0,2728,27280000,27280000,195,325,27290000,11799
0,2729,27290000,27290000,195,325,27300000,11800
0,273,2730000,2730000,195,325,2740000,1179
0,2730,27300000,27300000,195,325,27310000,11808
0,2731,27310000,27310000,195,325,27320000,11811
0,2732,27320000,27320000,195,325,27330000,11816
0,2733,27330000,27330000,195,325,27340000,11820
0,2734,27340000,27340000,195,325,27350000,11823
0,2735,27350000,27350000,195,325,27360000,11827
0,2736,27360000,27360000,195,325,27370000,11832
0,2737,27370000,27370000,195,325,27380000,11839
0,2738,27380000,27380000,195,325,27390000,11841
0,2739,27390000,27390000,195,325,27400000,11844
0,274,2740000,2740000,195,325,2750000,1183
0,2740,27400000,27400000,195,325,27410000,11852
0,2741,27410000,27410000,195,325,27420000,11853
0,2742,27420000,27420000,195,325,27430000,11860
0,2743,27430000,27430000,195,325,27440000,11862
0,2744,27440000,27440000,195,325,27450000,11865
0,2745,27450000,27450000,195,325,27460000,11873
0,2746,27460000,27460000,195,325,27470000,11876
0,2747,27470000,27470000,195,325,27480000,11881
0,2748,27480000,27480000,195,325,27490000,11885
0,2749,27490000,27490000,195,325,27500000,11888
0,275,2750000,2750000,195,325,2760000,1187
0,2750,27500000,27500000,195,325,27510000,11893
0,2751,27510000,27510000,195,325,27520000,11897
0,2752,27520000,27520000,195,325,27530000,11903
0,2753,27530000,27530000,195,325,27540000,11904
0,2754,27540000,27540000,195,325,27550000,11911
0,2755,27550000,27550000,195,325,27560000,11916
0,2756,27560000,27560000,195,325,27570000,11918
0,2757,27570000,27570000,195,325,27580000,11924
0,2758,27580000,27580000,195,325,27590000,11929
0,2759,27590000,27590000,195,325,27600000,11930
0,276,2760000,2760000,195,325,2770000,1192
0,2760,27600000,27600000,195,325,27610000,11937
0,2761,27610000,27610000,195,325,27620000,11940
0,2762,27620000,27620000,195,325,27630000,11946
0,2763,27630000,27630000,195,325,27640000,11950
0,2764,27640000,27640000,195,325,27650000,11953
0,2765,27650000,27650000,195,325,27660000,11958
0,2766,27660000,27660000,195,325,27670000,11962
0,2767,27670000,27670000,195,325,27680000,11968
0,2768,27680000,27680000,195,325,27690000,11971
0,2769,27690000,27690000,195,325,27700000,11974
0,277,2770000,2770000,195,325,2780000,1197
0,2770,27700000,27700000,195,325,27710000,11980
0,2771,27710000,27710000,195,325,27720000,11982
0,2772,27720000,27720000,195,325,27730000,11991
0,2773,27730000,27730000,195,325,27740000,11993
0,2774,27740000,27740000,195,325,27750000,11995
0,2775,27750000,27750000,195,325,27760000,12002
0,2776,27760000,27760000,195,325,27770000,12006
0,2777,27770000,27770000,195,325,27780000,12010
0,2778,27780000,27780000,195,325,27790000,12014
0,2779,27790000,27790000,195,325,27800000,12018
0,278,2780000,2780000,195,325,2790000,1199
0,2780,27800000,27800000,195,325,27810000,12023
0,2781,27810000,27810000,195,325,27820000,12027
0,2782,27820000,27820000,195,325,27830000,12034
0,2783,27830000,27830000,195,325,27840000,12035
0,2784,27840000,27840000,195,325,27850000,12039
0,2785,27850000,27850000,195,325,27860000,12045
0,2786,27860000,27860000,195,325,27870000,12048
0,2787,27870000,27870000,195,325,27880000,12054
0,2788,27880000,27880000,195,325,27890000,12058
0,2789,27890000,27890000,195,325,27900000,12060
0,279,2790000,2790000,195,325,2800000,1203
0,2790,27900000,27900000,195,325,27910000,12068
0,2791,27910000,27910000,195,325,27920000,12070
0,2792,27920000,27920000,195,325,27930000,12075
0,2793,27930000,27930000,195,325,27940000,12079
0,2794,27940000,27940000,195,325,27950000,12083
0,2795,27950000,27950000,195,325,27960000,12087
0,2796,27960000,27960000,195,325,27970000,12093
0,2797,27970000,27970000,195,325,27980000,12098
0,2798,27980000,27980000,195,325,27990000,12100
0,2799,27990000,27990000,195,325,28000000,12104
0,28,280000,280000,195,325,290000,120
0,280,2800000,2800000,195,325,2810000,1211
0,2800,28000000,28000000,195,325,28010000,12111
0,2801,28010000,28010000,195,325,28020000,12112
0,2802,28020000,28020000,195,325,28030000,12119
0,2803,28030000,28030000,195,325,28040000,12123
0,2804,28040000,28040000,195,325,28050000,12125
0,2805,28050000,28050000,195,325,28060000,12132
0,2806,28060000,28060000,195,325,28070000,12135
0,2807,28070000,28070000,195,325,28080000,12140
0,2808,28080000,28080000,195,325,28090000,12145
0,2809,28090000,28090000,195,325,28100000,12147
0,281,2810000,2810000,195,325,2820000,1212
0,2810,28100000,28100000,195,325,28110000,12153
0,2811,28110000,28110000,195,325,28120000,12156
0,2812,28120000,28120000,195,325,28130000,12163
0,2813,28130000,28130000,195,325,28140000,12165
0,2814,28140000,28140000,195,325,28150000,12170
0,2815,28150000,28150000,195,325,28160000,12175
0,2816,28160000,28160000,195,325,28170000,12177
0,2817,28170000,28170000,195,325,28180000,12185
0,2818,28180000,28180000,195,325,28190000,12188
0,2819,28190000,28190000,195,325,28200000,12189
0,282,2820000,2820000,195,325,2830000,1219
0,2820,28200000,28200000,195,325,28210000,12196
0,2821,28210000,28210000,195,325,28220000,12200
0,2822,28220000,28220000,195,325,28230000,12206
0,2823,28230000,28230000,195,325,28240000,12209
0,2824,28240000,28240000,195,325,28250000,12213
0,2825,28250000,28250000,195,325,28260000,12217
0,2826,28260000,28260000,195,325,28270000,12222
0,2827,28270000,28270000,195,325,28280000,12227
0,2828,28280000,28280000,195,325,28290000,12230
0,2829,28290000,28290000,195,325,28300000,12233
0,283,2830000,2830000,195,325,2840000,1223
0,2830,28300000,28300000,195,325,28310000,12241
0,2831,28310000,28310000,195,325,28320000,12243
0,2832,28320000,28320000,195,325,28330000,12250
0,2833,28330000,28330000,195,325,28340000,12252
0,2834,28340000,28340000,195,325,28350000,12254
0,2835,28350000,28350000,195,325,28360000,12262
0,2836,28360000,28360000,195,325,28370000,12265
0,2837,28370000,28370000,195,325,28380000,12269
0,2838,28380000,28380000,195,325,28390000,12274
0,2839,28390000,28390000,195,325,28400000,12278
0,284,2840000,2840000,195,325,2850000,1225
0,2840,28400000,28400000,195,325,28410000,12283
0,2841,28410000,28410000,195,325,28420000,12286
0,2842,28420000,28420000,195,325,28430000,12293
0,2843,28430000,28430000,195,325,28440000,12294
0,2844,28440000,28440000,195,325,28450000,12299
0,2845,28450000,28450000,195,325,28460000,12305
0,2846,28460000,28460000,195,325,28470000,12307
0,2847,28470000,28470000,195,325,28480000,12314
0,2848,28480000,28480000,195,325,28490000,12318
0,2849,28490000,28490000,195,325,28500000,12320
0,285,2850000,2850000,195,325,2860000,1231
0,2850,28500000,28500000,195,325,28510000,12327
0,2851,28510000,28510000,195,325,28520000,12329
0,2852,28520000,28520000,195,325,28530000,12335
0,2853,28530000,28530000,195,325,28540000,12339
0,2854,28540000,28540000,195,325,28550000,12342
0,2855,28550000,28550000,195,325,28560000,12346
0,2856,28560000,28560000,195,325,28570000,12352
0,2857,28570000,28570000,195,325,28580000,12358
0,2858,28580000,28580000,195,325,28590000,12360
0,2859,28590000,28590000,195,325,28600000,12364
0,286,2860000,2860000,195,325,2870000,1234
0,2860,28600000,28600000,195,325,28610000,12370
0,2861,28610000,28610000,195,325,28620000,12371
0,2862,28620000,28620000,195,325,28630000,12379
0,2863,28630000,28630000,195,325,28640000,12382
0,2864,28640000,28640000,195,325,28650000,12385
0,2865,28650000,28650000,195,325,28660000,12391
0,2866,28660000,28660000,195,325,28670000,12396
0,2867,28670000,28670000,195,325,28680000,12400
0,2868,28680000,28680000,195,325,28690000,12404
0,2869,28690000,28690000,195,325,28700000,12406
0,287,2870000,2870000,195,325,2880000,1239
0,2870,28700000,28700000,195,325,28710000,12412
0,2871,28710000,28710000,195,325,28720000,12416
0,2872,28720000,28720000,195,325,28730000,12422
0,2873,28730000,28730000,195,325,28740000,12425
0,2874,28740000,28740000,195,325,28750000,12429
0,2875,28750000,28750000,195,325,28760000,12435
0,2876,28760000,28760000,195,325,28770000,12437
0,2877,28770000,28770000,195,325,28780000,12444
0,2878,28780000,28780000,195,325,28790000,12447
0,2879,28790000,28790000,195,325,28800000,12448
0,288,2880000,2880000,195,325,2890000,1244
0,2880,28800000,28800000,195,325,28810000,12457
0,2881,28810000,28810000,195,325,28820000,12460
0,2882,28820000,28820000,195,325,28830000,12465
0,2883,28830000,28830000,195,325,28840000,12468
0,2884,28840000,28840000,195,325,28850000,12473
0,2885,28850000,28850000,195,325,28860000,12477
0,2886,28860000,28860000,195,325,28870000,12481
0,2887,28870000,28870000,195,325,28880000,12487
0,2888,28880000,28880000,195,325,28890000,12489
0,2889,28890000,28890000,195,325,28900000,12493
0,289,2890000,2890000,195,325,2900000,1247
0,2890,28900000,28900000,195,325,28910000,12500
0,2891,28910000,28910000,195,325,28920000,12502
0,2892,28920000,28920000,195,325,28930000,12509
0,2893,28930000,28930000,195,325,28940000,12512
0,2894,28940000,28940000,195,325,28950000,12515
0,2895,28950000,28950000,195,325,28960000,12521
0,2896,28960000,28960000,195,325,28970000,12524
0,2897,28970000,28970000,195,325,28980000,12528
0,2898,28980000,28980000,195,325,28990000,12535
0,2899,28990000,28990000,195,325,29000000,12537
0,29,290000,290000,195,325,300000,121
0,290,2900000,2900000,195,325,2910000,1253
0,2900,29000000,29000000,195,325,29010000,12542
0,2901,29010000,29010000,195,325,29020000,12546
0,2902,29020000,29020000,195,325,29030000,12553
0,2903,29030000,29030000,195,325,29040000,12554
0,2904,29040000,29040000,195,325,29050000,12558
0,2905,29050000,29050000,195,325,29060000,12564
0,2906,29060000,29060000,195,325,29070000,12566
0,2907,29070000,29070000,195,325,29080000,12574
0,2908,29080000,29080000,195,325,29090000,12578
0,2909,29090000,29090000,195,325,29100000,12579
0,291,2910000,2910000,195,325,2920000,1256
0,2910,29100000,29100000,195,325,29110000,12586
0,2911,29110000,29110000,195,325,29120000,12589
0,2912,29120000,29120000,195,325,29130000,12595
0,2913,29130000,29130000,195,325,29140000,12598
0,2914,29140000,29140000,195,325,29150000,12601
0,2915,29150000,29150000,195,325,29160000,12607
0,2916,29160000,29160000,195,325,29170000,12612
0,2917,29170000,29170000,195,325,29180000,12617
0,2918,29180000,29180000,195,325,29190000,12619
0,2919,29190000,29190000,195,325,29200000,12623
0,292,2920000,2920000,195,325,2930000,1263
0,2920,29200000,29200000,195,325,29210000,12630
0,2921,29210000,29210000,195,325,29220000,12631
0,2922,29220000,29220000,195,325,29230000,12639
0,2923,29230000,29230000,195,325,29240000,12641
0,2924,29240000,29240000,195,325,29250000,12644
0,2925,29250000,29250000,195,325,29260000,12651
0,2926,29260000,29260000,195,325,29270000,12655
0,2927,29270000,29270000,195,325,29280000,12659
0,2928,29280000,29280000,195,325,29290000,12663
0,2929,29290000,29290000,195,325,29300000,12667
0,293,2930000,2930000,195,325,2940000,1264
0,2930,29300000,29300000,195,325,29310000,12672
0,2931,29310000,29310000,195,325,29320000,12675
0,2932,29320000,29320000,195,325,29330000,12682
0,2933,29330000,29330000,195,325,29340000,12684
0,2934,29340000,29340000,195,325,29350000,12689
0,2935,29350000,29350000,195,325,29360000,12694
0,2936,29360000,29360000,195,325,29370000,12697
0,2937,29370000,29370000,195,325,29380000,12703
0,2938,29380000,29380000,195,325,29390000,12707
0,2939,29390000,29390000,195,325,29400000,12708
0,294,2940000,2940000,195,325,2950000,1269
0,2940,29400000,29400000,195,325,29410000,12716
0,2941,29410000,29410000,195,325,29420000,12719
0,2942,29420000,29420000,195,325,29430000,12724
0,2943,29430000,29430000,195,325,29440000,12729
0,2944,29440000,29440000,195,325,29450000,12732
0,2945,29450000,29450000,195,325,29460000,12736
0,2946,29460000,29460000,195,325,29470000,12740
0,2947,29470000,29470000,195,325,29480000,12747
0,2948,29480000,29480000,195,325,29490000,12749
0,2949,29490000,29490000,195,325,29500000,12753
0,295,2950000,2950000,195,325,2960000,1274
0,2950,29500000,29500000,195,325,29510000,12760
0,2951,29510000,29510000,195,325,29520000,12761
0,2952,29520000,29520000,195,325,29530000,12769
0,2953,29530000,29530000,195,325,29540000,12771
0,2954,29540000,29540000,195,325,29550000,12774
0,2955,29550000,29550000,195,325,29560000,12780
0,2956,29560000,29560000,195,325,29570000,12784
0,2957,29570000,29570000,195,325,29580000,12789
0,2958,29580000,29580000,195,325,29590000,12794
0,2959,29590000,29590000,195,325,29600000,12796
0,296,2960000,2960000,195,325,2970000,1276
0,2960,29600000,29600000,195,325,29610000,12801
0,2961,29610000,29610000,195,325,29620000,12806
0,2962,29620000,29620000,195,325,29630000,12812
0,2963,29630000,29630000,195,325,29640000,12813
0,2964,29640000,29640000,195,325,29650000,12818
0,2965,29650000,29650000,195,325,29660000,12824
0,2966,29660000,29660000,195,325,29670000,12827
0,2967,29670000,29670000,195,325,29680000,12833
0,2968,29680000,29680000,195,325,29690000,12837
0,2969,29690000,29690000,195,325,29700000,12838
0,297,2970000,2970000,195,325,2980000,1285
0,2970,29700000,29700000,195,325,29710000,12846
0,2971,29710000,29710000,195,325,29720000,12849
0,2972,29720000,29720000,195,325,29730000,12854
0,2973,29730000,29730000,195,325,29740000,12857
0,2974,29740000,29740000,195,325,29750000,12861
0,2975,29750000,29750000,195,325,29760000,12867
0,2976,29760000,29760000,195,325,29770000,12871
0,2977,29770000,29770000,195,325,29780000,12876
0,2978,29780000,29780000,195,325,29790000,12879
0,2979,29790000,29790000,195,325,29800000,12883
0,298,2980000,2980000,195,325,2990000,1288
0,2980,29800000,29800000,195,325,29810000,12889
0,2981,29810000,29810000,195,325,29820000,12890
0,2982,29820000,29820000,195,325,29830000,12898
0,2983,29830000,29830000,195,325,29840000,12902
0,2984,29840000,29840000,195,325,29850000,12904
0,2985,29850000,29850000,195,325,29860000,12911
0,2986,29860000,29860000,195,325,29870000,12914
0,2987,29870000,29870000,195,325,29880000,12918
0,2988,29880000,29880000,195,325,29890000,12923
0,2989,29890000,29890000,195,325,29900000,12926
0,299,2990000,2990000,195,325,3000000,1289
0,2990,29900000,29900000,195,325,29910000,12931
0,2991,29910000,29910000,195,325,29920000,12934
0,2992,29920000,29920000,195,325,29930000,12943
0,2993,29930000,29930000,195,325,29940000,12944
0,2994,29940000,29940000,195,325,29950000,12948
0,2995,29950000,29950000,195,325,29960000,12953
0,2996,29960000,29960000,195,325,29970000,12956
0,2997,29970000,29970000,195,325,29980000,12963
0,2998,29980000,29980000,195,325,29990000,12966
0,2999,29990000,29990000,195,325,30000000,12968
0,3,30000,30000,195,325,40000,11
0,30,300000,300000,195,325,310000,128
0,300,3000000,3000000,195,325,3010000,1296
0,3000,30000000,30000000,195,325,30010000,12976
0,3001,30010000,30010000,195,325,30020000,12979
0,3002,30020000,30020000,195,325,30030000,12984
0,3003,30030000,30030000,195,325,30040000,12988
0,3004,30040000,30040000,195,325,30050000,12991
0,3005,30050000,30050000,195,325,30060000,12995
0,3006,30060000,30060000,195,325,30070000,13001
0,3007,30070000,30070000,195,325,30080000,13006
0,3008,30080000,30080000,195,325,30090000,13008
0,3009,30090000,30090000,195,325,30100000,13012
0,301,3010000,3010000,195,325,3020000,1300
0,3010,30100000,30100000,195,325,30110000,13020
0,3011,30110000,30110000,195,325,30120000,13021
0,3012,30120000,30120000,195,325,30130000,13028
0,3013,30130000,30130000,195,325,30140000,13031
0,3014,30140000,30140000,195,325,30150000,13033
0,3015,30150000,30150000,195,325,30160000,13040
0,3016,30160000,30160000,195,325,30170000,13043
0,3017,30170000,30170000,195,325,30180000,13049
0,3018,30180000,30180000,195,325,30190000,13053
0,3019,30190000,30190000,195,325,30200000,13056
0,302,3020000,3020000,195,325,3030000,1305
0,3020,30200000,30200000,195,325,30210000,13062
0,3021,30210000,30210000,195,325,30220000,13065
0,3022,30220000,30220000,195,325,30230000,13071
0,3023,30230000,30230000,195,325,30240000,13072
0,3024,30240000,30240000,195,325,30250000,13078
0,3025,30250000,30250000,195,325,30260000,13083
0,3026,30260000,30260000,195,325,30270000,13086
0,3027,30270000,30270000,195,325,30280000,13093
0,3028,30280000,30280000,195,325,30290000,13097
0,3029,30290000,30290000,195,325,30300000,13098
0,303,3030000,3030000,195,325,3040000,1308
0,3030,30300000,30300000,195,325,30310000,13105
0,3031,30310000,30310000,195,325,30320000,13108
0,3032,30320000,30320000,195,325,30330000,13113
0,3033,30330000,30330000,195,325,30340000,13117
0,3034,30340000,30340000,195,325,30350000,13122
0,3035,30350000,30350000,195,325,30360000,13126
0,3036,30360000,30360000,195,325,30370000,13130
0,3037,30370000,30370000,195,325,30380000,13136
0,3038,30380000,30380000,195,325,30390000,13139
0,3039,30390000,30390000,195,325,30400000,13142
0,304,3040000,3040000,195,325,3050000,1312
0,3040,30400000,30400000,195,325,30410000,13148
0,3041,30410000,30410000,195,325,30420000,13150
0,3042,30420000,30420000,195,325,30430000,13158
0,3043,30430000,30430000,195,325,30440000,13161
0,3044,30440000,30440000,195,325,30450000,13163
0,3045,30450000,30450000,195,325,30460000,13170
0,3046,30460000,30460000,195,325,30470000,13174
0,3047,30470000,30470000,195,325,30480000,13178
0,3048,30480000,30480000,195,325,30490000,13183
0,3049,30490000,30490000,195,325,30500000,13185
0,305,3050000,3050000,195,325,3060000,1316
0,3050,30500000,30500000,195,325,30510000,13190
0,3051,30510000,30510000,195,325,30520000,13195
0,3052,30520000,30520000,195,325,30530000,13202
0,3053,30530000,30530000,195,325,30540000,13203
0,3054,30540000,30540000,195,325,30550000,13207
0,3055,30550000,30550000,195,325,30560000,13214
0,3056,30560000,30560000,195,325,30570000,13216
0,3057,30570000,30570000,195,325,30580000,13222
0,3058,30580000,30580000,195,325,30590000,13225
0,3059,30590000,30590000,195,325,30600000,13227
0,306,3060000,3060000,195,325,3070000,1322
0,3060,30600000,30600000,195,325,30610000,13236
0,3061,30610000,30610000,195,325,30620000,13238
0,3062,30620000,30620000,195,325,30630000,13244
0,3063,30630000,30630000,195,325,30640000,13247
0,3064,30640000,30640000,195,325,30650000,13251
0,3065,30650000,30650000,195,325,30660000,13255
0,3066,30660000,30660000,195,325,30670000,13260
0,3067,30670000,30670000,195,325,30680000,13265
0,3068,30680000,30680000,195,325,30690000,13268
0,3069,30690000,30690000,195,325,30700000,13273
0,307,3070000,3070000,195,325,3080000,1327
0,3070,30700000,30700000,195,325,30710000,13279
0,3071,30710000,30710000,195,325,30720000,13280
0,3072,30720000,30720000,195,325,30730000,13287
0,3073,30730000,30730000,195,325,30740000,13291
0,3074,30740000,30740000,195,325,30750000,13293
0,3075,30750000,30750000,195,325,30760000,13299
0,3076,30760000,30760000,195,325,30770000,13303
0,3077,30770000,30770000,195,325,30780000,13308
0,3078,30780000,30780000,195,325,30790000,13313
0,3079,30790000,30790000,195,325,30800000,13315
0,308,3080000,3080000,195,325,3090000,1330
0,3080,30800000,30800000,195,325,30810000,13321
0,3081,30810000,30810000,195,325,30820000,13324
0,3082,30820000,30820000,195,325,30830000,13331
0,3083,30830000,30830000,195,325,30840000,13333
0,3084,30840000,30840000,195,325,30850000,13337
0,3085,30850000,30850000,195,325,30860000,13343
0,3086,30860000,30860000,195,325,30870000,13345
0,3087,30870000,30870000,195,325,30880000,13353
0,3088,30880000,30880000,195,325,30890000,13356
0,3089,30890000,30890000,195,325,30900000,13357
0,309,3090000,3090000,195,325,3100000,1333
0,3090,30900000,30900000,195,325,30910000,13365
0,3091,30910000,30910000,195,325,30920000,13368
0,3092,30920000,30920000,195,325,30930000,13373
0,3093,30930000,30930000,195,325,30940000,13376
0,3094,30940000,30940000,195,325,30950000,13381
0,3095,30950000,30950000,195,325,30960000,13385
0,3096,30960000,30960000,195,325,30970000,13390
0,3097,30970000,30970000,195,325,30980000,13396
0,3098,30980000,30980000,195,325,30990000,13398
0,3099,30990000,30990000,195,325,31000000,13401
0,31,310000,310000,195,325,320000,132
0,310,3100000,3100000,195,325,3110000,1340
0,3100,31000000,31000000,195,325,31010000,13408
0,3101,31010000,31010000,195,325,31020000,13410
0,3102,31020000,31020000,195,325,31030000,13418
0,3103,31030000,31030000,195,325,31040000,13420
0,3104,31040000,31040000,195,325,31050000,13423
0,3105,31050000,31050000,195,325,31060000,13430
0,3106,31060000,31060000,195,325,31070000,13433
0,3107,31070000,31070000,195,325,31080000,13437
0,3108,31080000,31080000,195,325,31090000,13442
0,3109,31090000,31090000,195,325,31100000,13445
0,311,3110000,3110000,195,325,3120000,1342
0,3110,31100000,31100000,195,325,31110000,13450
0,3111,31110000,31110000,195,325,31120000,13455
0,3112,31120000,31120000,195,325,31130000,13461
0,3113,31130000,31130000,195,325,31140000,13462
0,3114,31140000,31140000,195,325,31150000,13467
0,3115,31150000,31150000,195,325,31160000,13473
0,3116,31160000,31160000,195,325,31170000,13475
0,3117,31170000,31170000,195,325,31180000,13481
0,3118,31180000,31180000,195,325,31190000,13486
0,3119,31190000,31190000,195,325,31200000,13488
0,312,3120000,3120000,195,325,3130000,1349
0,3120,31200000,31200000,195,325,31210000,13495
0,3121,31210000,31210000,195,325,31220000,13497
0,3122,31220000,31220000,195,325,31230000,13503
0,3123,31230000,31230000,195,325,31240000,13507
0,3124,31240000,31240000,195,325,31250000,13510
0,3125,31250000,31250000,195,325,31260000,13515
0,3126,31260000,31260000,195,325,31270000,13519
0,3127,31270000,31270000,195,325,31280000,13525
0,3128,31280000,31280000,195,325,31290000,13528
0,3129,31290000,31290000,195,325,31300000,13532
0,313,3130000,3130000,195,325,3140000,1351
0,3130,31300000,31300000,195,325,31310000,13538
0,3131,31310000,31310000,195,325,31320000,13539
0,3132,31320000,31320000,195,325,31330000,13548
0,3133,31330000,31330000,195,325,31340000,13550
0,3134,31340000,31340000,195,325,31350000,13552
0,3135,31350000,31350000,195,325,31360000,13558
0,3136,31360000,31360000,195,325,31370000,13564
0,3137,31370000,31370000,195,325,31380000,13568
0,3138,31380000,31380000,195,325,31390000,13572
0,3139,31390000,31390000,195,325,31400000,13575
0,314,3140000,3140000,195,325,3150000,1354
0,3140,31400000,31400000,195,325,31410000,13580
0,3141,31410000,31410000,195,325,31420000,13584
0,3142,31420000,31420000,195,325,31430000,13590
0,3143,31430000,31430000,195,325,31440000,13592
0,3144,31440000,31440000,195,325,31450000,13596
0,3145,31450000,31450000,195,325,31460000,13603
0,3146,31460000,31460000,195,325,31470000,13606
0,3147,31470000,31470000,195,325,31480000,13612
0,3148,31480000,31480000,195,325,31490000,13615
0,3149,31490000,31490000,195,325,31500000,13616
0,315,3150000,3150000,195,325,3160000,1362
0,3150,31500000,31500000,195,325,31510000,13625
0,3151,31510000,31510000,195,325,31520000,13627
0,3152,31520000,31520000,195,325,31530000,13632
0,3153,31530000,31530000,195,325,31540000,13637
0,3154,31540000,31540000,195,325,31550000,13641
0,3155,31550000,31550000,195,325,31560000,13645
0,3156,31560000,31560000,195,325,31570000,13649
0,3157,31570000,31570000,195,325,31580000,13655
0,3158,31580000,31580000,195,325,31590000,13657
0,3159,31590000,31590000,195,325,31600000,13661
0,316,3160000,3160000,195,325,3170000,1365
0,3160,31600000,31600000,195,325,31610000,13668
0,3161,31610000,31610000,195,325,31620000,13669
0,3162,31620000,31620000,195,325,31630000,13677
0,3163,31630000,31630000,195,325,31640000,13680
0,3164,31640000,31640000,195,325,31650000,13683
0,3165,31650000,31650000,195,325,31660000,13689
0,3166,31660000,31660000,195,325,31670000,13692
0,3167,31670000,31670000,195,325,31680000,13697
0,3168,31680000,31680000,195,325,31690000,13702
0,3169,31690000,31690000,195,325,31700000,13704
0,317,3170000,3170000,195,325,3180000,1369
0,3170,31700000,31700000,195,325,31710000,13710
0,3171,31710000,31710000,195,325,31720000,13714
0,3172,31720000,31720000,195,325,31730000,13721
0,3173,31730000,31730000,195,325,31740000,13722
0,3174,31740000,31740000,195,325,31750000,13727
0,3175,31750000,31750000,195,325,31760000,13732
0,3176,31760000,31760000,195,325,31770000,13734
0,3177,31770000,31770000,195,325,31780000,13741
0,3178,31780000,31780000,195,325,31790000,13745
0,3179,31790000,31790000,195,325,31800000,13747
0,318,3180000,3180000,195,325,3190000,1374
0,3180,31800000,31800000,195,325,31810000,13754
0,3181,31810000,31810000,195,325,31820000,13758
0,3182,31820000,31820000,195,325,31830000,13763
0,3183,31830000,31830000,195,325,31840000,13766
0,3184,31840000,31840000,195,325,31850000,13769
0,3185,31850000,31850000,195,325,31860000,13774
0,3186,31860000,31860000,195,325,31870000,13779
0,3187,31870000,31870000,195,325,31880000,13785
0,3188,31880000,31880000,195,325,31890000,13788
0,3189,31890000,31890000,195,325,31900000,13791
0,319,3190000,3190000,195,325,3200000,1377
0,3190,31900000,31900000,195,325,31910000,13798
0,3191,31910000,31910000,195,325,31920000,13799
0,3192,31920000,31920000,195,325,31930000,13807
0,3193,31930000,31930000,195,325,31940000,13809
0,3194,31940000,31940000,195,325,31950000,13811
0,3195,31950000,31950000,195,325,31960000,13819
0,3196,31960000,31960000,195,325,31970000,13823
0,3197,31970000,31970000,195,325,31980000,13827
0,3198,31980000,31980000,195,325,31990000,13831
0,3199,31990000,31990000,195,325,32000000,13835
0,32,320000,320000,195,325,330000,137
0,320,3200000,3200000,195,325,3210000,1382
0,3200,32000000,32000000,195,325,32010000,13840
0,3201,32010000,32010000,195,325,32020000,13843
0,3202,32020000,32020000,195,325,32030000,13850
0,3203,32030000,32030000,195,325,32040000,13851
0,3204,32040000,32040000,195,325,32050000,13857
0,3205,32050000,32050000,195,325,32060000,13862
0,3206,32060000,32060000,195,325,32070000,13865
0,3207,32070000,32070000,195,325,32080000,13871
0,3208,32080000,32080000,195,325,32090000,13875
0,3209,32090000,32090000,195,325,32100000,13877
0,321,3210000,3210000,195,325,3220000,1385
0,3210,32100000,32100000,195,325,32110000,13884
0,3211,32110000,32110000,195,325,32120000,13886
0,3212,32120000,32120000,195,325,32130000,13891
0,3213,32130000,32130000,195,325,32140000,13897
0,3214,32140000,32140000,195,325,32150000,13900
0,3215,32150000,32150000,195,325,32160000,13904
0,3216,32160000,32160000,195,325,32170000,13909
0,3217,32170000,32170000,195,325,32180000,13915
0,3218,32180000,32180000,195,325,32190000,13917
0,3219,32190000,32190000,195,325,32200000,13920
0,322,3220000,3220000,195,325,3230000,1392
0,3220,32200000,32200000,195,325,32210000,13927
0,3221,32210000,32210000,195,325,32220000,13929
0,3222,32220000,32220000,195,325,32230000,13937
0,3223,32230000,32230000,195,325,32240000,13940
0,3224,32240000,32240000,195,325,32250000,13942
0,3225,32250000,32250000,195,325,32260000,13948
0,3226,32260000,32260000,195,325,32270000,13952
0,3227,32270000,32270000,195,325,32280000,13957
0,3228,32280000,32280000,195,325,32290000,13961
0,3229,32290000,32290000,195,325,32300000,13963
0,323,3230000,3230000,195,325,3240000,1394
0,3230,32300000,32300000,195,325,32310000,13970
0,3231,32310000,32310000,195,325,32320000,13974
0,3232,32320000,32320000,195,325,32330000,13980
0,3233,32330000,32330000,195,325,32340000,13981
0,3234,32340000,32340000,195,325,32350000,13986
0,3235,32350000,32350000,195,325,32360000,13992
0,3236,32360000,32360000,195,325,32370000,13994
0,3237,32370000,32370000,195,325,32380000,14001
0,3238,32380000,32380000,195,325,32390000,14005
0,3239,32390000,32390000,195,325,32400000,14006
0,324,3240000,3240000,195,325,3250000,1399
0,3240,32400000,32400000,195,325,32410000,14014
0,3241,32410000,32410000,195,325,32420000,14017
0,3242,32420000,32420000,195,325,32430000,14022
0,3243,32430000,32430000,195,325,32440000,14025
0,3244,32440000,32440000,195,325,32450000,14030
0,3245,32450000,32450000,195,325,32460000,14034
0,3246,32460000,32460000,195,325,32470000,14038
0,3247,32470000,32470000,195,325,32480000,14044
0,3248,32480000,32480000,195,325,32490000,14047
0,3249,32490000,32490000,195,325,32500000,14051
0,325,3250000,3250000,195,325,3260000,1405
0,3250,32500000,32500000,195,325,32510000,14057
0,3251,32510000,32510000,195,325,32520000,14059
0,3252,32520000,32520000,195,325,32530000,14066
0,3253,32530000,32530000,195,325,32540000,14069
0,3254,32540000,32540000,195,325,32550000,14071
0,3255,32550000,32550000,195,325,32560000,14079
0,3256,32560000,32560000,195,325,32570000,14082
0,3257,32570000,32570000,195,325,32580000,14086
0,3258,32580000,32580000,195,325,32590000,14092
0,3259,32590000,32590000,195,325,32600000,14094
0,326,3260000,3260000,195,325,3270000,1407
0,3260,32600000,32600000,195,325,32610000,14099
0,3261,32610000,32610000,195,325,32620000,14102
0,3262,32620000,32620000,195,325,32630000,14110
0,3263,32630000,32630000,195,325,32640000,14111
0,3264,32640000,32640000,195,325,32650000,14116
0,3265,32650000,32650000,195,325,32660000,14122
0,3266,32660000,32660000,195,325,32670000,14124
0,3267,32670000,32670000,195,325,32680000,14131
0,3268,32680000,32680000,195,325,32690000,14134
0,3269,32690000,32690000,195,325,32700000,14136
0,327,3270000,3270000,195,325,3280000,1413
0,3270,32700000,32700000,195,325,32710000,14143
0,3271,32710000,32710000,195,325,32720000,14146
0,3272,32720000,32720000,195,325,32730000,14153
0,3273,32730000,32730000,195,325,32740000,14156
0,3274,32740000,32740000,195,325,32750000,14159
0,3275,32750000,32750000,195,325,32760000,14163
0,3276,32760000,32760000,195,325,32770000,14169
0,3277,32770000,32770000,195,325,32780000,14174
0,3278,32780000,32780000,195,325,32790000,14176
0,3279,32790000,32790000,195,325,32800000,14180
0,328,3280000,3280000,195,325,3290000,1417
0,3280,32800000,32800000,195,325,32810000,14187
0,3281,32810000,32810000,195,325,32820000,14189
0,3282,32820000,32820000,195,325,32830000,14196
0,3283,32830000,32830000,195,325,32840000,14199
0,3284,32840000,32840000,195,325,32850000,14201
0,3285,32850000,32850000,195,325,32860000,14208
0,3286,32860000,32860000,195,325,32870000,14212
0,3287,32870000,32870000,195,325,32880000,14216
0,3288,32880000,32880000,195,325,32890000,14220
0,3289,32890000,32890000,195,325,32900000,14224
0,329,3290000,3290000,195,325,3300000,1419
0,3290,32900000,32900000,195,325,32910000,14230
0,3291,32910000,32910000,195,325,32920000,14233
0,3292,32920000,32920000,195,325,32930000,14239
0,3293,32930000,32930000,195,325,32940000,14241
0,3294,32940000,32940000,195,325,32950000,14246
0,3295,32950000,32950000,195,325,32960000,14251
0,3296,32960000,32960000,195,325,32970000,14253
0,3297,32970000,32970000,195,325,32980000,14260
0,3298,32980000,32980000,195,325,32990000,14265
0,3299,32990000,32990000,195,325,33000000,14266
0,33,330000,330000,195,325,340000,140
0,330,3300000,3300000,195,325,3310000,1426
0,3300,33000000,33000000,195,325,33010000,14274
0,3301,33010000,33010000,195,325,33020000,14276
0,3302,33020000,33020000,195,325,33030000,14281
0,3303,33030000,33030000,195,325,33040000,14285
0,3304,33040000,33040000,195,325,33050000,14289
0,3305,33050000,33050000,195,325,33060000,14293
0,3306,33060000,33060000,195,325,33070000,14298
0,3307,33070000,33070000,195,325,33080000,14305
0,3308,33080000,33080000,195,325,33090000,14307
0,3309,33090000,33090000,195,325,33100000,14310
0,331,3310000,3310000,195,325,3320000,1429
0,3310,33100000,33100000,195,325,33110000,14316
0,3311,33110000,33110000,195,325,33120000,14318
0,3312,33120000,33120000,195,325,33130000,14326
0,3313,33130000,33130000,195,325,33140000,14328
0,3314,33140000,33140000,195,325,33150000,14331
0,3315,33150000,33150000,195,325,33160000,14338
0,3316,33160000,33160000,195,325,33170000,14342
0,3317,33170000,33170000,195,325,33180000,14346
0,3318,33180000,33180000,195,325,33190000,14351
0,3319,33190000,33190000,195,325,33200000,14353
0,332,3320000,3320000,195,325,3330000,1435
0,3320,33200000,33200000,195,325,33210000,14358
0,3321,33210000,33210000,195,325,33220000,14363
0,3322,33220000,33220000,195,325,33230000,14369
0,3323,33230000,33230000,195,325,33240000,14371
0,3324,33240000,33240000,195,325,33250000,14375
0,3325,33250000,33250000,195,325,33260000,14382
0,3326,33260000,33260000,195,325,33270000,14384
0,3327,33270000,33270000,195,325,33280000,14390
0,3328,33280000,33280000,195,325,33290000,14394
0,3329,33290000,33290000,195,325,33300000,14395
0,333,3330000,3330000,195,325,3340000,1439
0,3330,33300000,33300000,195,325,33310000,14403
0,3331,33310000,33310000,195,325,33320000,14405
0,3332,33320000,33320000,195,325,33330000,14412
0,3333,33330000,33330000,195,325,33340000,14415
0,3334,33340000,33340000,195,325,33350000,14419
0,3335,33350000,33350000,195,325,33360000,14424
0,3336,33360000,33360000,195,325,33370000,14428
0,3337,33370000,33370000,195,325,33380000,14433
0,3338,33380000,33380000,195,325,33390000,14435
0,3339,33390000,33390000,195,325,33400000,14440
0,334,3340000,3340000,195,325,3350000,1442
0,3340,33400000,33400000,195,325,33410000,14447
0,3341,33410000,33410000,195,325,33420000,14448
0,3342,33420000,33420000,195,325,33430000,14456
0,3343,33430000,33430000,195,325,33440000,14459
0,3344,33440000,33440000,195,325,33450000,14461
0,3345,33450000,33450000,195,325,33460000,14467
0,3346,33460000,33460000,195,325,33470000,14471
0,3347,33470000,33470000,195,325,33480000,14475
0,3348,33480000,33480000,195,325,33490000,14480
0,3349,33490000,33490000,195,325,33500000,14484
0,335,3350000,3350000,195,325,3360000,1446
0,3350,33500000,33500000,195,325,33510000,14489
0,3351,33510000,33510000,195,325,33520000,14492
0,3352,33520000,33520000,195,325,33530000,14499
0,3353,33530000,33530000,195,325,33540000,14501
0,3354,33540000,33540000,195,325,33550000,14505
0,3355,33550000,33550000,195,325,33560000,14510
0,3356,33560000,33560000,195,325,33570000,14513
0,3357,33570000,33570000,195,325,33580000,14521
0,3358,33580000,33580000,195,325,33590000,14524
0,3359,33590000,33590000,195,325,33600000,14525
0,336,3360000,3360000,195,325,3370000,1451
0,3360,33600000,33600000,195,325,33610000,14533
0,3361,33610000,33610000,195,325,33620000,14536
0,3362,33620000,33620000,195,325,33630000,14541
0,3363,33630000,33630000,195,325,33640000,14545
0,3364,33640000,33640000,195,325,33650000,14548
0,3365,33650000,33650000,195,325,33660000,14552
0,3366,33660000,33660000,195,325,33670000,14558
0,3367,33670000,33670000,195,325,33680000,14564
0,3368,33680000,33680000,195,325,33690000,14566
0,3369,33690000,33690000,195,325,33700000,14569
0,337,3370000,3370000,195,325,3380000,1457
0,3370,33700000,33700000,195,325,33710000,14577
0,3371,33710000,33710000,195,325,33720000,14578
0,3372,33720000,33720000,195,325,33730000,14585
0,3373,33730000,33730000,195,325,33740000,14587
0,3374,33740000,33740000,195,325,33750000,14591
0,3375,33750000,33750000,195,325,33760000,14598
0,3376,33760000,33760000,195,325,33770000,14601
0,3377,33770000,33770000,195,325,33780000,14606
0,3378,33780000,33780000,195,325,33790000,14610
0,3379,33790000,33790000,195,325,33800000,14613
0,338,3380000,3380000,195,325,3390000,1459
0,3380,33800000,33800000,195,325,33810000,14618
0,3381,33810000,33810000,195,325,33820000,14622
0,3382,33820000,33820000,195,325,33830000,14628
0,3383,33830000,33830000,195,325,33840000,14630
0,3384,33840000,33840000,195,325,33850000,14636
0,3385,33850000,33850000,195,325,33860000,14641
0,3386,33860000,33860000,195,325,33870000,14643
0,3387,33870000,33870000,195,325,33880000,14649
0,3388,33880000,33880000,195,325,33890000,14654
0,3389,33890000,33890000,195,325,33900000,14655
0,339,3390000,3390000,195,325,3400000,1463
0,3390,33900000,33900000,195,325,33910000,14662
0,3391,33910000,33910000,195,325,33920000,14666
0,3392,33920000,33920000,195,325,33930000,14671
0,3393,33930000,33930000,195,325,33940000,14675
0,3394,33940000,33940000,195,325,33950000,14678
0,3395,33950000,33950000,195,325,33960000,14683
0,3396,33960000,33960000,195,325,33970000,14687
0,3397,33970000,33970000,195,325,33980000,14693
0,3398,33980000,33980000,195,325,33990000,14696
0,3399,33990000,33990000,195,325,34000000,14699
0,34,340000,340000,195,325,350000,144
0,340,3400000,3400000,195,325,3410000,1470
0,3400,34000000,34000000,195,325,34010000,14706
0,3401,34010000,34010000,195,325,34020000,14707
0,3402,34020000,34020000,195,325,34030000,14716
0,3403,34030000,34030000,195,325,34040000,14718
0,3404,34040000,34040000,195,325,34050000,14720
0,3405,34050000,34050000,195,325,34060000,14727
0,3406,34060000,34060000,195,325,34070000,14731
0,3407,34070000,34070000,195,325,34080000,14735
0,3408,34080000,34080000,195,325,34090000,14740
0,3409,34090000,34090000,195,325,34100000,14743
0,341,3410000,3410000,195,325,3420000,1471
0,3410,34100000,34100000,195,325,34110000,14748
0,3411,34110000,34110000,195,325,34120000,14752
0,3412,34120000,34120000,195,325,34130000,14759
0,3413,34130000,34130000,195,325,34140000,14760
0,3414,34140000,34140000,195,325,34150000,14764
0,3415,34150000,34150000,195,325,34160000,14770
0,3416,34160000,34160000,195,325,34170000,14773
0,3417,34170000,34170000,195,325,34180000,14780
0,3418,34180000,34180000,195,325,34190000,14783
0,3419,34190000,34190000,195,325,34200000,14785
0,342,3420000,3420000,195,325,3430000,1479
0,3420,34200000,34200000,195,325,34210000,14793
0,3421,34210000,34210000,195,325,34220000,14795
0,3422,34220000,34220000,195,325,34230000,14800
0,3423,34230000,34230000,195,325,34240000,14804
0,3424,34240000,34240000,195,325,34250000,14808
0,3425,34250000,34250000,195,325,34260000,14813
0,3426,34260000,34260000,195,325,34270000,14818
0,3427,34270000,34270000,195,325,34280000,14823
0,3428,34280000,34280000,195,325,34290000,14825
0,3429,34290000,34290000,195,325,34300000,14829
0,343,3430000,3430000,195,325,3440000,1482
0,3430,34300000,34300000,195,325,34310000,14836
0,3431,34310000,34310000,195,325,34320000,14837
0,3432,34320000,34320000,195,325,34330000,14844
0,3433,34330000,34330000,195,325,34340000,14848
0,3434,34340000,34340000,195,325,34350000,14851
0,3435,34350000,34350000,195,325,34360000,14857
0,3436,34360000,34360000,195,325,34370000,14860
0,3437,34370000,34370000,195,325,34380000,14865
0,3438,34380000,34380000,195,325,34390000,14870
0,3439,34390000,34390000,195,325,34400000,14872
0,344,3440000,3440000,195,325,3450000,1484
0,3440,34400000,34400000,195,325,34410000,14878
0,3441,34410000,34410000,195,325,34420000,14881
0,3442,34420000,34420000,195,325,34430000,14889
0,3443,34430000,34430000,195,325,34440000,14890
0,3444,34440000,34440000,195,325,34450000,14895
0,3445,34450000,34450000,195,325,34460000,14900
0,3446,34460000,34460000,195,325,34470000,14902
0,3447,34470000,34470000,195,325,34480000,14910
0,3448,34480000,34480000,195,325,34490000,14913
0,3449,34490000,34490000,195,325,34500000,14914
0,345,3450000,3450000,195,325,3460000,1490
0,3450,34500000,34500000,195,325,34510000,14921
0,3451,34510000,34510000,195,325,34520000,14926
0,3452,34520000,34520000,195,325,34530000,14931
0,3453,34530000,34530000,195,325,34540000,14934
0,3454,34540000,34540000,195,325,34550000,14938
0,3455,34550000,34550000,195,325,34560000,14942
0,3456,34560000,34560000,195,325,34570000,14947
0,3457,34570000,34570000,195,325,34580000,14952
0,3458,34580000,34580000,195,325,34590000,14955
0,3459,34590000,34590000,195,325,34600000,14959
0,346,3460000,3460000,195,325,3470000,1495
0,3460,34600000,34600000,195,325,34610000,14966
0,3461,34610000,34610000,195,325,34620000,14968
0,3462,34620000,34620000,195,325,34630000,14975
0,3463,34630000,34630000,195,325,34640000,14977
0,3464,34640000,34640000,195,325,34650000,14979
0,3465,34650000,34650000,195,325,34660000,14987
0,3466,34660000,34660000,195,325,34670000,14990
0,3467,34670000,34670000,195,325,34680000,14994
0,3468,34680000,34680000,195,325,34690000,15000
0,3469,34690000,34690000,195,325,34700000,15003
0,347,3470000,3470000,195,325,3480000,1499
0,3470,34700000,34700000,195,325,34710000,15008
0,3471,34710000,34710000,195,325,34720000,15011
0,3472,34720000,34720000,195,325,34730000,15018
0,3473,34730000,34730000,195,325,34740000,15019
0,3474,34740000,34740000,195,325,34750000,15024
0,3475,34750000,34750000,195,325,34760000,15030
0,3476,34760000,34760000,195,325,34770000,15033
0,3477,34770000,34770000,195,325,34780000,15039
0,3478,34780000,34780000,195,325,34790000,15043
0,3479,34790000,34790000,195,325,34800000,15045
0,348,3480000,3480000,195,325,3490000,1504
0,3480,34800000,34800000,195,325,34810000,15052
0,3481,34810000,34810000,195,325,34820000,15054
0,3482,34820000,34820000,195,325,34830000,15060
0,3483,34830000,34830000,195,325,34840000,15064
0,3484,34840000,34840000,195,325,34850000,15067
0,3485,34850000,34850000,195,325,34860000,15072
0,3486,34860000,34860000,195,325,34870000,15077
0,3487,34870000,34870000,195,325,34880000,15083
0,3488,34880000,34880000,195,325,34890000,15085
0,3489,34890000,34890000,195,325,34900000,15089
0,349,3490000,3490000,195,325,3500000,1506
0,3490,34900000,34900000,195,325,34910000,15095
0,3491,34910000,34910000,195,325,34920000,15096
0,3492,34920000,34920000,195,325,34930000,15104
0,3493,34930000,34930000,195,325,34940000,15108
0,3494,34940000,34940000,195,325,34950000,15110
0,3495,34950000,34950000,195,325,34960000,15116
0,3496,34960000,34960000,195,325,34970000,15121
0,3497,34970000,34970000,195,325,34980000,15125
0,3498,34980000,34980000,195,325,34990000,15129
0,3499,34990000,34990000,195,325,35000000,15131
0,35,350000,350000,195,325,360000,149
0,350,3500000,3500000,195,325,3510000,1512
0,3500,35000000,35000000,195,325,35010000,15137
0,3501,35010000,35010000,195,325,35020000,15141
0,3502,35020000,35020000,195,325,35030000,15148
0,3503,35030000,35030000,195,325,35040000,15150
0,3504,35040000,35040000,195,325,35050000,15154
0,3505,35050000,35050000,195,325,35060000,15160
0,3506,35060000,35060000,195,325,35070000,15162
0,3507,35070000,35070000,195,325,35080000,15169
0,3508,35080000,35080000,195,325,35090000,15172
0,3509,35090000,35090000,195,325,35100000,15173
0,351,3510000,3510000,195,325,3520000,1516
0,3510,35100000,35100000,195,325,35110000,15183
0,3511,35110000,35110000,195,325,35120000,15185
0,3512,35120000,35120000,195,325,35130000,15190
0,3513,35130000,35130000,195,325,35140000,15193
0,3514,35140000,35140000,195,325,35150000,15198
0,3515,35150000,35150000,195,325,35160000,15202
0,3516,35160000,35160000,195,325,35170000,15206
0,3517,35170000,35170000,195,325,35180000,15212
0,3518,35180000,35180000,195,325,35190000,15214
0,3519,35190000,35190000,195,325,35200000,15219
0,352,3520000,3520000,195,325,3530000,1522
0,3520,35200000,35200000,195,325,35210000,15225
0,3521,35210000,35210000,195,325,35220000,15227
0,3522,35220000,35220000,195,325,35230000,15234
0,3523,35230000,35230000,195,325,35240000,15237
0,3524,35240000,35240000,195,325,35250000,15240
0,3525,35250000,35250000,195,325,35260000,15246
0,3526,35260000,35260000,195,325,35270000,15249
0,3527,35270000,35270000,195,325,35280000,15254
0,3528,35280000,35280000,195,325,35290000,15260
0,3529,35290000,35290000,195,325,35300000,15262
0,353,3530000,3530000,195,325,3540000,1524
0,3530,35300000,35300000,195,325,35310000,15267
0,3531,35310000,35310000,195,325,35320000,15271
0,3532,35320000,35320000,195,325,35330000,15278
0,3533,35330000,35330000,195,325,35340000,15279
0,3534,35340000,35340000,195,325,35350000,15283
0,3535,35350000,35350000,195,325,35360000,15289
0,3536,35360000,35360000,195,325,35370000,15292
0,3537,35370000,35370000,195,325,35380000,15299
0,3538,35380000,35380000,195,325,35390000,15303
0,3539,35390000,35390000,195,325,35400000,15304
0,354,3540000,3540000,195,325,3550000,1528
0,3540,35400000,35400000,195,325,35410000,15311
0,3541,35410000,35410000,195,325,35420000,15314
0,3542,35420000,35420000,195,325,35430000,15320
0,3543,35430000,35430000,195,325,35440000,15323
0,3544,35440000,35440000,195,325,35450000,15327
0,3545,35450000,35450000,195,325,35460000,15332
0,3546,35460000,35460000,195,325,35470000,15337
0,3547,35470000,35470000,195,325,35480000,15342
0,3548,35480000,35480000,195,325,35490000,15344
0,3549,35490000,35490000,195,325,35500000,15348
0,355,3550000,3550000,195,325,3560000,1534
0,3550,35500000,35500000,195,325,35510000,15355
0,3551,35510000,35510000,195,325,35520000,15356
0,3552,35520000,35520000,195,325,35530000,15364
0,3553,35530000,35530000,195,325,35540000,15367
0,3554,35540000,35540000,195,325,35550000,15369
0,3555,35550000,35550000,195,325,35560000,15376
0,3556,35560000,35560000,195,325,35570000,15380
0,3557,35570000,35570000,195,325,35580000,15384
0,3558,35580000,35580000,195,325,35590000,15388
0,3559,35590000,35590000,195,325,35600000,15392
0,356,3560000,3560000,195,325,3570000,1536
0,3560,35600000,35600000,195,325,35610000,15397
0,3561,35610000,35610000,195,325,35620000,15401
0,3562,35620000,35620000,195,325,35630000,15407
0,3563,35630000,35630000,195,325,35640000,15409
0,3564,35640000,35640000,195,325,35650000,15414
0,3565,35650000,35650000,195,325,35660000,15419
0,3566,35660000,35660000,195,325,35670000,15422
0,3567,35670000,35670000,195,325,35680000,15428
0,3568,35680000,35680000,195,325,35690000,15432
0,3569,35690000,35690000,195,325,35700000,15433
0,357,3570000,3570000,195,325,3580000,1544
0,3570,35700000,35700000,195,325,35710000,15442
0,3571,35710000,35710000,195,325,35720000,15444
0,3572,35720000,35720000,195,325,35730000,15449
0,3573,35730000,35730000,195,325,35740000,15454
0,3574,35740000,35740000,195,325,35750000,15457
0,3575,35750000,35750000,195,325,35760000,15461
0,3576,35760000,35760000,195,325,35770000,15465
0,3577,35770000,35770000,195,325,35780000,15472
0,3578,35780000,35780000,195,325,35790000,15475
0,3579,35790000,35790000,195,325,35800000,15478
0,358,3580000,3580000,195,325,3590000,1547
0,3580,35800000,35800000,195,325,35810000,15485
0,3581,35810000,35810000,195,325,35820000,15486
0,3582,35820000,35820000,195,325,35830000,15494
0,3583,35830000,35830000,195,325,35840000,15496
0,3584,35840000,35840000,195,325,35850000,15499
0,3585,35850000,35850000,195,325,35860000,15505
0,3586,35860000,35860000,195,325,35870000,15509
0,3587,35870000,35870000,195,325,35880000,15515
0,3588,35880000,35880000,195,325,35890000,15519
0,3589,35890000,35890000,195,325,35900000,15521
0,359,3590000,3590000,195,325,3600000,1548
0,3590,35900000,35900000,195,325,35910000,15526
0,3591,35910000,35910000,195,325,35920000,15531
0,3592,35920000,35920000,195,325,35930000,15537
0,3593,35930000,35930000,195,325,35940000,15538
0,3594,35940000,35940000,195,325,35950000,15543
0,3595,35950000,35950000,195,325,35960000,15550
0,3596,35960000,35960000,195,325,35970000,15552
0,3597,35970000,35970000,195,325,35980000,15558
0,3598,35980000,35980000,195,325,35990000,15562
0,3599,35990000,35990000,195,325,36000000,15563
0,36,360000,360000,195,325,370000,154
0,360,3600000,3600000,195,325,3610000,1557
0,3600,36000000,36000000,195,325,36010000,15571
0,3601,36010000,36010000,195,325,36020000,15574
0,3602,36020000,36020000,195,325,36030000,15579
0,3603,36030000,36030000,195,325,36040000,15582
0,3604,36040000,36040000,195,325,36050000,15587
0,3605,36050000,36050000,195,325,36060000,15592
0,3606,36060000,36060000,195,325,36070000,15596
0,3607,36070000,36070000,195,325,36080000,15601
0,3608,36080000,36080000,195,325,36090000,15604
0,3609,36090000,36090000,195,325,36100000,15608
0,361,3610000,3610000,195,325,3620000,1559
0,3610,36100000,36100000,195,325,36110000,15614
0,3611,36110000,36110000,195,325,36120000,15615
0,3612,36120000,36120000,195,325,36130000,15624
0,3613,36130000,36130000,195,325,36140000,15627
0,3614,36140000,36140000,195,325,36150000,15629
0,3615,36150000,36150000,195,325,36160000,15636
0,3616,36160000,36160000,195,325,36170000,15639
0,3617,36170000,36170000,195,325,36180000,15643
0,3618,36180000,36180000,195,325,36190000,15648
0,3619,36190000,36190000,195,325,36200000,15651
0,362,3620000,3620000,195,325,3630000,1564
0,3620,36200000,36200000,195,325,36210000,15656
0,3621,36210000,36210000,195,325,36220000,15660
0,3622,36220000,36220000,195,325,36230000,15668
0,3623,36230000,36230000,195,325,36240000,15669
0,3624,36240000,36240000,195,325,36250000,15673
0,3625,36250000,36250000,195,325,36260000,15678
0,3626,36260000,36260000,195,325,36270000,15681
0,3627,36270000,36270000,195,325,36280000,15688
0,3628,36280000,36280000,195,325,36290000,15691
0,3629,36290000,36290000,195,325,36300000,15694
0,363,3630000,3630000,195,325,3640000,1567
0,3630,36300000,36300000,195,325,36310000,15701
0,3631,36310000,36310000,195,325,36320000,15704
0,3632,36320000,36320000,195,325,36330000,15709
0,3633,36330000,36330000,195,325,36340000,15713
0,3634,36340000,36340000,195,325,36350000,15716
0,3635,36350000,36350000,195,325,36360000,15720
0,3636,36360000,36360000,195,325,36370000,15726
0,3637,36370000,36370000,195,325,36380000,15731
0,3638,36380000,36380000,195,325,36390000,15734
0,3639,36390000,36390000,195,325,36400000,15737
0,364,3640000,3640000,195,325,3650000,1572
0,3640,36400000,36400000,195,325,36410000,15745
0,3641,36410000,36410000,195,325,36420000,15746
0,3642,36420000,36420000,195,325,36430000,15753
0,3643,36430000,36430000,195,325,36440000,15756
0,3644,36440000,36440000,195,325,36450000,15758
0,3645,36450000,36450000,195,325,36460000,15765
0,3646,36460000,36460000,195,325,36470000,15769
0,3647,36470000,36470000,195,325,36480000,15774
0,3648,36480000,36480000,195,325,36490000,15778
0,3649,36490000,36490000,195,325,36500000,15781
0,365,3650000,3650000,195,325,3660000,1577
0,3650,36500000,36500000,195,325,36510000,15787
0,3651,36510000,36510000,195,325,36520000,15790
0,3652,36520000,36520000,195,325,36530000,15796
0,3653,36530000,36530000,195,325,36540000,15797
0,3654,36540000,36540000,195,325,36550000,15803
0,3655,36550000,36550000,195,325,36560000,15809
0,3656,36560000,36560000,195,325,36570000,15811
0,3657,36570000,36570000,195,325,36580000,15818
0,3658,36580000,36580000,195,325,36590000,15822
0,3659,36590000,36590000,195,325,36600000,15823
0,366,3660000,3660000,195,325,3670000,1581
0,3660,36600000,36600000,195,325,36610000,15830
0,3661,36610000,36610000,195,325,36620000,15833
0,3662,36620000,36620000,195,325,36630000,15838
0,3663,36630000,36630000,195,325,36640000,15843
0,3664,36640000,36640000,195,325,36650000,15847
0,3665,36650000,36650000,195,325,36660000,15851
0,3666,36660000,36660000,195,325,36670000,15855
0,3667,36670000,36670000,195,325,36680000,15861
0,3668,36680000,36680000,195,325,36690000,15864
0,3669,36690000,36690000,195,325,36700000,15867
0,367,3670000,3670000,195,325,3680000,1587
0,3670,36700000,36700000,195,325,36710000,15873
0,3671,36710000,36710000,195,325,36720000,15875
0,3672,36720000,36720000,195,325,36730000,15884
0,3673,36730000,36730000,195,325,36740000,15886
0,3674,36740000,36740000,195,325,36750000,15888
0,3675,36750000,36750000,195,325,36760000,15895
0,3676,36760000,36760000,195,325,36770000,15899
0,3677,36770000,36770000,195,325,36780000,15903
0,3678,36780000,36780000,195,325,36790000,15908
0,3679,36790000,36790000,195,325,36800000,15910
0,368,3680000,3680000,195,325,3690000,1589
0,3680,36800000,36800000,195,325,36810000,15916
0,3681,36810000,36810000,195,325,36820000,15920
0,3682,36820000,36820000,195,325,36830000,15927
0,3683,36830000,36830000,195,325,36840000,15928
0,3684,36840000,36840000,195,325,36850000,15932
0,3685,36850000,36850000,195,325,36860000,15939
0,3686,36860000,36860000,195,325,36870000,15941
0,3687,36870000,36870000,195,325,36880000,15947
0,3688,36880000,36880000,195,325,36890000,15950
0,3689,36890000,36890000,195,325,36900000,15953
0,369,3690000,3690000,195,325,3700000,1593
0,3690,36900000,36900000,195,325,36910000,15961
0,3691,36910000,36910000,195,325,36920000,15963
0,3692,36920000,36920000,195,325,36930000,15969
0,3693,36930000,36930000,195,325,36940000,15972
0,3694,36940000,36940000,195,325,36950000,15976
0,3695,36950000,36950000,195,325,36960000,15980
0,3696,36960000,36960000,195,325,36970000,15985
0,3697,36970000,36970000,195,325,36980000,15991
0,3698,36980000,36980000,195,325,36990000,15993
0,3699,36990000,36990000,195,325,37000000,15998
0,37,370000,370000,195,325,380000,159
0,370,3700000,3700000,195,325,3710000,1599
0,3700,37000000,37000000,195,325,37010000,16004
0,3701,37010000,37010000,195,325,37020000,16005
0,3702,37020000,37020000,195,325,37030000,16012
0,3703,37030000,37030000,195,325,37040000,16016
0,3704,37040000,37040000,195,325,37050000,16018
0,3705,37050000,37050000,195,325,37060000,16024
0,3706,37060000,37060000,195,325,37070000,16029
0,3707,37070000,37070000,195,325,37080000,16033
0,3708,37080000,37080000,195,325,37090000,16038
0,3709,37090000,37090000,195,325,37100000,16040
0,371,3710000,3710000,195,325,3720000,1601
0,3710,37100000,37100000,195,325,37110000,16046
0,3711,37110000,37110000,195,325,37120000,16049
0,3712,37120000,37120000,195,325,37130000,16056
0,3713,37130000,37130000,195,325,37140000,16058
0,3714,37140000,37140000,195,325,37150000,16063
0,3715,37150000,37150000,195,325,37160000,16068
0,3716,37160000,37160000,195,325,37170000,16070
0,3717,37170000,37170000,195,325,37180000,16078
0,3718,37180000,37180000,195,325,37190000,16081
0,3719,37190000,37190000,195,325,37200000,16082
0,372,3720000,3720000,195,325,3730000,1608
0,3720,37200000,37200000,195,325,37210000,16090
0,3721,37210000,37210000,195,325,37220000,16093
0,3722,37220000,37220000,195,325,37230000,16098
0,3723,37230000,37230000,195,325,37240000,16102
0,3724,37240000,37240000,195,325,37250000,16106
0,3725,37250000,37250000,195,325,37260000,16110
0,3726,37260000,37260000,195,325,37270000,16115
0,3727,37270000,37270000,195,325,37280000,16121
0,3728,37280000,37280000,195,325,37290000,16123
0,3729,37290000,37290000,195,325,37300000,16126
0,373,3730000,3730000,195,325,3740000,1611
0,3730,37300000,37300000,195,325,37310000,16133
0,3731,37310000,37310000,195,325,37320000,16136
0,3732,37320000,37320000,195,325,37330000,16143
0,3733,37330000,37330000,195,325,37340000,16145
0,3734,37340000,37340000,195,325,37350000,16148
0,3735,37350000,37350000,195,325,37360000,16155
0,3736,37360000,37360000,195,325,37370000,16158
0,3737,37370000,37370000,195,325,37380000,16162
0,3738,37380000,37380000,195,325,37390000,16167
0,3739,37390000,37390000,195,325,37400000,16170
0,374,3740000,3740000,195,325,3750000,1615
0,3740,37400000,37400000,195,325,37410000,16176
0,3741,37410000,37410000,195,325,37420000,16180
0,3742,37420000,37420000,195,325,37430000,16186
0,3743,37430000,37430000,195,325,37440000,16187
0,3744,37440000,37440000,195,325,37450000,16192
0,3745,37450000,37450000,195,325,37460000,16198
0,3746,37460000,37460000,195,325,37470000,16200
0,3747,37470000,37470000,195,325,37480000,16206
0,3748,37480000,37480000,195,325,37490000,16212
0,3749,37490000,37490000,195,325,37500000,16213
0,375,3750000,3750000,195,325,3760000,1621
0,3750,37500000,37500000,195,325,37510000,16220
0,3751,37510000,37510000,195,325,37520000,16222
0,3752,37520000,37520000,195,325,37530000,16228
0,3753,37530000,37530000,195,325,37540000,16232
0,3754,37540000,37540000,195,325,37550000,16235
0,3755,37550000,37550000,195,325,37560000,16240
0,3756,37560000,37560000,195,325,37570000,16244
0,3757,37570000,37570000,195,325,37580000,16251
0,3758,37580000,37580000,195,325,37590000,16253
0,3759,37590000,37590000,195,325,37600000,16257
0,376,3760000,3760000,195,325,3770000,1624
0,3760,37600000,37600000,195,325,37610000,16263
0,3761,37610000,37610000,195,325,37620000,16264
0,3762,37620000,37620000,195,325,37630000,16273
0,3763,37630000,37630000,195,325,37640000,16275
0,3764,37640000,37640000,195,325,37650000,16277
0,3765,37650000,37650000,195,325,37660000,16284
0,3766,37660000,37660000,195,325,37670000,16289
0,3767,37670000,37670000,195,325,37680000,16293
0,3768,37680000,37680000,195,325,37690000,16297
0,3769,37690000,37690000,195,325,37700000,16300
0,377,3770000,3770000,195,325,3780000,1628
0,3770,37700000,37700000,195,325,37710000,16305
0,3771,37710000,37710000,195,325,37720000,16309
0,3772,37720000,37720000,195,325,37730000,16315
0,3773,37730000,37730000,195,325,37740000,16317
0,3774,37740000,37740000,195,325,37750000,16322
0,3775,37750000,37750000,195,325,37760000,16328
0,3776,37760000,37760000,195,325,37770000,16331
0,3777,37770000,37770000,195,325,37780000,16337
0,3778,37780000,37780000,195,325,37790000,16340
0,3779,37790000,37790000,195,325,37800000,16341
0,378,3780000,3780000,195,325,3790000,1634
0,3780,37800000,37800000,195,325,37810000,16350
0,3781,37810000,37810000,195,325,37820000,16352
0,3782,37820000,37820000,195,325,37830000,16358
0,3783,37830000,37830000,195,325,37840000,16362
0,3784,37840000,37840000,195,325,37850000,16366
0,3785,37850000,37850000,195,325,37860000,16370
0,3786,37860000,37860000,195,325,37870000,16374
0,3787,37870000,37870000,195,325,37880000,16380
0,3788,37880000,37880000,195,325,37890000,16382
0,3789,37890000,37890000,195,325,37900000,16386
0,379,3790000,3790000,195,325,3800000,1636
0,3790,37900000,37900000,195,325,37910000,16393
0,3791,37910000,37910000,195,325,37920000,16395
0,3792,37920000,37920000,195,325,37930000,16402
0,3793,37930000,37930000,195,325,37940000,16405
0,3794,37940000,37940000,195,325,37950000,16408
0,3795,37950000,37950000,195,325,37960000,16414
0,3796,37960000,37960000,195,325,37970000,16417
0,3797,37970000,37970000,195,325,37980000,16422
0,3798,37980000,37980000,195,325,37990000,16427
0,3799,37990000,37990000,195,325,38000000,16430
0,38,380000,380000,195,325,390000,162
0,380,3800000,3800000,195,325,3810000,1641
0,3800,38000000,38000000,195,325,38010000,16435
0,3801,38010000,38010000,195,325,38020000,16439
0,3802,38020000,38020000,195,325,38030000,16446
0,3803,38030000,38030000,195,325,38040000,16447
0,3804,38040000,38040000,195,325,38050000,16452
0,3805,38050000,38050000,195,325,38060000,16457
0,3806,38060000,38060000,195,325,38070000,16459
0,3807,38070000,38070000,195,325,38080000,16466
0,3808,38080000,38080000,195,325,38090000,16471
0,3809,38090000,38090000,195,325,38100000,16472
0,381,3810000,3810000,195,325,3820000,1645
0,3810,38100000,38100000,195,325,38110000,16479
0,3811,38110000,38110000,195,325,38120000,16483
0,3812,38120000,38120000,195,325,38130000,16488
0,3813,38130000,38130000,195,325,38140000,16491
0,3814,38140000,38140000,195,325,38150000,16494
0,3815,38150000,38150000,195,325,38160000,16499
0,3816,38160000,38160000,195,325,38170000,16505
0,3817,38170000,38170000,195,325,38180000,16510
0,3818,38180000,38180000,195,325,38190000,16513
0,3819,38190000,38190000,195,325,38200000,16516
0,382,3820000,3820000,195,325,3830000,1653
0,3820,38200000,38200000,195,325,38210000,16523
0,3821,38210000,38210000,195,325,38220000,16524
0,3822,38220000,38220000,195,325,38230000,16532
0,3823,38230000,38230000,195,325,38240000,16534
0,3824,38240000,38240000,195,325,38250000,16536
0,3825,38250000,38250000,195,325,38260000,16545
0,3826,38260000,38260000,195,325,38270000,16548
0,3827,38270000,38270000,195,325,38280000,16552
0,3828,38280000,38280000,195,325,38290000,16556
0,3829,38290000,38290000,195,325,38300000,16560
0,383,3830000,3830000,195,325,3840000,1654
0,3830,38300000,38300000,195,325,38310000,16565
0,3831,38310000,38310000,195,325,38320000,16568
0,3832,38320000,38320000,195,325,38330000,16575
0,3833,38330000,38330000,195,325,38340000,16577
0,3834,38340000,38340000,195,325,38350000,16582
0,3835,38350000,38350000,195,325,38360000,16587
0,3836,38360000,38360000,195,325,38370000,16590
0,3837,38370000,38370000,195,325,38380000,16596
0,3838,38380000,38380000,195,325,38390000,16600
0,3839,38390000,38390000,195,325,38400000,16602
0,384,3840000,3840000,195,325,3850000,1658
0,3840,38400000,38400000,195,325,38410000,16609
0,3841,38410000,38410000,195,325,38420000,16611
0,3842,38420000,38420000,195,325,38430000,16617
0,3843,38430000,38430000,195,325,38440000,16622
0,3844,38440000,38440000,195,325,38450000,16625
0,3845,38450000,38450000,195,325,38460000,16629
0,3846,38460000,38460000,195,325,38470000,16634
0,3847,38470000,38470000,195,325,38480000,16640
0,3848,38480000,38480000,195,325,38490000,16642
0,3849,38490000,38490000,195,325,38500000,16645
0,385,3850000,3850000,195,325,3860000,1664
0,3850,38500000,38500000,195,325,38510000,16653
0,3851,38510000,38510000,195,325,38520000,16654
0,3852,38520000,38520000,195,325,38530000,16662
0,3853,38530000,38530000,195,325,38540000,16665
0,3854,38540000,38540000,195,325,38550000,16667
0,3855,38550000,38550000,195,325,38560000,16673
0,3856,38560000,38560000,195,325,38570000,16677
0,3857,38570000,38570000,195,325,38580000,16682
0,3858,38580000,38580000,195,325,38590000,16686
0,3859,38590000,38590000,195,325,38600000,16689
0,386,3860000,3860000,195,325,3870000,1666
0,3860,38600000,38600000,195,325,38610000,16695
0,3861,38610000,38610000,195,325,38620000,16699
0,3862,38620000,38620000,195,325,38630000,16705
0,3863,38630000,38630000,195,325,38640000,16706
0,3864,38640000,38640000,195,325,38650000,16711
0,3865,38650000,38650000,195,325,38660000,16717
0,3866,38660000,38660000,195,325,38670000,16719
0,3867,38670000,38670000,195,325,38680000,16727
0,3868,38680000,38680000,195,325,38690000,16730
0,3869,38690000,38690000,195,325,38700000,16731
0,387,3870000,3870000,195,325,3880000,1673
0,3870,38700000,38700000,195,325,38710000,16739
0,3871,38710000,38710000,195,325,38720000,16742
0,3872,38720000,38720000,195,325,38730000,16747
0,3873,38730000,38730000,195,325,38740000,16750
0,3874,38740000,38740000,195,325,38750000,16755
0,3875,38750000,38750000,195,325,38760000,16759
0,3876,38760000,38760000,195,325,38770000,16764
0,3877,38770000,38770000,195,325,38780000,16769
0,3878,38780000,38780000,195,325,38790000,16772
0,3879,38790000,38790000,195,325,38800000,16776
0,388,3880000,3880000,195,325,3890000,1677
0,3880,38800000,38800000,195,325,38810000,16782
0,3881,38810000,38810000,195,325,38820000,16784
0,3882,38820000,38820000,195,325,38830000,16791
0,3883,38830000,38830000,195,325,38840000,16794
0,3884,38840000,38840000,195,325,38850000,16797
0,3885,38850000,38850000,195,325,38860000,16804
0,3886,38860000,38860000,195,325,38870000,16807
0,3887,38870000,38870000,195,325,38880000,16811
0,3888,38880000,38880000,195,325,38890000,16817
0,3889,38890000,38890000,195,325,38900000,16819
0,389,3890000,3890000,195,325,3900000,1678
0,3890,38900000,38900000,195,325,38910000,16824
0,3891,38910000,38910000,195,325,38920000,16827
0,3892,38920000,38920000,195,325,38930000,16835
0,3893,38930000,38930000,195,325,38940000,16837
0,3894,38940000,38940000,195,325,38950000,16841
0,3895,38950000,38950000,195,325,38960000,16847
0,3896,38960000,38960000,195,325,38970000,16849
0,3897,38970000,38970000,195,325,38980000,16856
0,3898,38980000,38980000,195,325,38990000,16859
0,3899,38990000,38990000,195,325,39000000,16861
0,39,390000,390000,195,325,400000,165
0,390,3900000,3900000,195,325,3910000,1685
0,3900,39000000,39000000,195,325,39010000,16868
0,3901,39010000,39010000,195,325,39020000,16872
0,3902,39020000,39020000,195,325,39030000,16878
0,3903,39030000,39030000,195,325,39040000,16881
0,3904,39040000,39040000,195,325,39050000,16884
0,3905,39050000,39050000,195,325,39060000,16888
0,3906,39060000,39060000,195,325,39070000,16894
0,3907,39070000,39070000,195,325,39080000,16899
0,3908,39080000,39080000,195,325,39090000,16901
0,3909,39090000,39090000,195,325,39100000,16905
0,391,3910000,3910000,195,325,3920000,1689
0,3910,39100000,39100000,195,325,39110000,16913
0,3911,39110000,39110000,195,325,39120000,16914
0,3912,39120000,39120000,195,325,39130000,16921
0,3913,39130000,39130000,195,325,39140000,16924
0,3914,39140000,39140000,195,325,39150000,16926
0,3915,39150000,39150000,195,325,39160000,16933
0,3916,39160000,39160000,195,325,39170000,16937
0,3917,39170000,39170000,195,325,39180000,16941
0,3918,39180000,39180000,195,325,39190000,16946
0,3919,39190000,39190000,195,325,39200000,16949
0,392,3920000,3920000,195,325,3930000,1695
0,3920,39200000,39200000,195,325,39210000,16955
0,3921,39210000,39210000,195,325,39220000,16958
0,3922,39220000,39220000,195,325,39230000,16964
0,3923,39230000,39230000,195,325,39240000,16966
0,3924,39240000,39240000,195,325,39250000,16971
0,3925,39250000,39250000,195,325,39260000,16976
0,3926,39260000,39260000,195,325,39270000,16978
0,3927,39270000,39270000,195,325,39280000,16986
0,3928,39280000,39280000,195,325,39290000,16990
0,3929,39290000,39290000,195,325,39300000,16991
0,393,3930000,3930000,195,325,3940000,1698
0,3930,39300000,39300000,195,325,39310000,16999
0,3931,39310000,39310000,195,325,39320000,17001
0,3932,39320000,39320000,195,325,39330000,17006
0,3933,39330000,39330000,195,325,39340000,17010
0,3934,39340000,39340000,195,325,39350000,17014
0,3935,39350000,39350000,195,325,39360000,17019
0,3936,39360000,39360000,195,325,39370000,17023
0,3937,39370000,39370000,195,325,39380000,17030
0,3938,39380000,39380000,195,325,39390000,17032
0,3939,39390000,39390000,195,325,39400000,17035
0,394,3940000,3940000,195,325,3950000,1701
0,3940,39400000,39400000,195,325,39410000,17041
0,3941,39410000,39410000,195,325,39420000,17043
0,3942,39420000,39420000,195,325,39430000,17051
0,3943,39430000,39430000,195,325,39440000,17053
0,3944,39440000,39440000,195,325,39450000,17057
0,3945,39450000,39450000,195,325,39460000,17063
0,3946,39460000,39460000,195,325,39470000,17067
0,3947,39470000,39470000,195,325,39480000,17071
0,3948,39480000,39480000,195,325,39490000,17076
0,3949,39490000,39490000,195,325,39500000,17078
0,395,3950000,3950000,195,325,3960000,1706
0,3950,39500000,39500000,195,325,39510000,17083
0,3951,39510000,39510000,195,325,39520000,17088
0,3952,39520000,39520000,195,325,39530000,17095
0,3953,39530000,39530000,195,325,39540000,17096
0,3954,39540000,39540000,195,325,39550000,17100
0,3955,39550000,39550000,195,325,39560000,17107
0,3956,39560000,39560000,195,325,39570000,17109
0,3957,39570000,39570000,195,325,39580000,17115
0,3958,39580000,39580000,195,325,39590000,17119
0,3959,39590000,39590000,195,325,39600000,17120
0,396,3960000,3960000,195,325,3970000,1711
0,3960,39600000,39600000,195,325,39610000,17128
0,3961,39610000,39610000,195,325,39620000,17131
0,3962,39620000,39620000,195,325,39630000,17137
0,3963,39630000,39630000,195,325,39640000,17140
0,3964,39640000,39640000,195,325,39650000,17144
0,3965,39650000,39650000,195,325,39660000,17149
0,3966,39660000,39660000,195,325,39670000,17153
0,3967,39670000,39670000,195,325,39680000,17158
0,3968,39680000,39680000,195,325,39690000,17160
0,3969,39690000,39690000,195,325,39700000,17166
0,397,3970000,3970000,195,325,3980000,1716
0,3970,39700000,39700000,195,325,39710000,17172
0,3971,39710000,39710000,195,325,39720000,17173
0,3972,39720000,39720000,195,325,39730000,17181
0,3973,39730000,39730000,195,325,39740000,17184
0,3974,39740000,39740000,195,325,39750000,17186
0,3975,39750000,39750000,195,325,39760000,17192
0,3976,39760000,39760000,195,325,39770000,17196
0,3977,39770000,39770000,195,325,39780000,17200
0,3978,39780000,39780000,195,325,39790000,17206
0,3979,39790000,39790000,195,325,39800000,17209
0,398,3980000,3980000,195,325,3990000,1718
0,3980,39800000,39800000,195,325,39810000,17214
0,3981,39810000,39810000,195,325,39820000,17217
0,3982,39820000,39820000,195,325,39830000,17224
0,3983,39830000,39830000,195,325,39840000,17226
0,3984,39840000,39840000,195,325,39850000,17230
0,3985,39850000,39850000,195,325,39860000,17235
0,3986,39860000,39860000,195,325,39870000,17239
0,3987,39870000,39870000,195,325,39880000,17246
0,3988,39880000,39880000,195,325,39890000,17249
0,3989,39890000,39890000,195,325,39900000,17250
0,399,3990000,3990000,195,325,4000000,1723
0,3990,39900000,39900000,195,325,39910000,17258
0,3991,39910000,39910000,195,325,39920000,17261
0,3992,39920000,39920000,195,325,39930000,17266
0,3993,39930000,39930000,195,325,39940000,17270
0,3994,39940000,39940000,195,325,39950000,17273
0,3995,39950000,39950000,195,325,39960000,17278
0,3996,39960000,39960000,195,325,39970000,17283
0,3997,39970000,39970000,195,325,39980000,17289
0,3998,39980000,39980000,195,325,39990000,17291
0,3999,39990000,39990000,195,325,40000000,17294
0,4,40000,40000,195,325,50000,15
0,40,400000,400000,195,325,410000,172
0,400,4000000,4000000,195,325,4010000,1730
0,4000,40000000,40000000,195,325,40010000,17302
0,4001,40010000,40010000,195,325,40020000,17303
0,4002,40020000,40020000,195,325,40030000,17310
0,4003,40030000,40030000,195,325,40040000,17313
0,4004,40040000,40040000,195,325,40050000,17316
0,4005,40050000,40050000,195,325,40060000,17323
0,4006,40060000,40060000,195,325,40070000,17326
0,4007,40070000,40070000,195,325,40080000,17331
0,4008,40080000,40080000,195,325,40090000,17335
0,4009,40090000,40090000,195,325,40100000,17338
0,401,4010000,4010000,195,325,4020000,1731
0,4010,40100000,40100000,195,325,40110000,17343
0,4011,40110000,40110000,195,325,40120000,17347
0,4012,40120000,40120000,195,325,40130000,17354
0,4013,40130000,40130000,195,325,40140000,17355
0,4014,40140000,40140000,195,325,40150000,17361
0,4015,40150000,40150000,195,325,40160000,17366
0,4016,40160000,40160000,195,325,40170000,17368
0,4017,40170000,40170000,195,325,40180000,17374
0,4018,40180000,40180000,195,325,40190000,17379
0,4019,40190000,40190000,195,325,40200000,17380
0,402,4020000,4020000,195,325,4030000,1739
0,4020,40200000,40200000,195,325,40210000,17388
0,4021,40210000,40210000,195,325,40220000,17391
0,4022,40220000,40220000,195,325,40230000,17396
0,4023,40230000,40230000,195,325,40240000,17400
0,4024,40240000,40240000,195,325,40250000,17403
0,4025,40250000,40250000,195,325,40260000,17408
0,4026,40260000,40260000,195,325,40270000,17412
0,4027,40270000,40270000,195,325,40280000,17418
0,4028,40280000,40280000,195,325,40290000,17421
0,4029,40290000,40290000,195,325,40300000,17425
0,403,4030000,4030000,195,325,4040000,1741
0,4030,40300000,40300000,195,325,40310000,17431
0,4031,40310000,40310000,195,325,40320000,17432
0,4032,40320000,40320000,195,325,40330000,17441
0,4033,40330000,40330000,195,325,40340000,17443
0,4034,40340000,40340000,195,325,40350000,17445
0,4035,40350000,40350000,195,325,40360000,17452
0,4036,40360000,40360000,195,325,40370000,17456
0,4037,40370000,40370000,195,325,40380000,17461
0,4038,40380000,40380000,195,325,40390000,17465
0,4039,40390000,40390000,195,325,40400000,17468
0,404,4040000,4040000,195,325,4050000,1743
0,4040,40400000,40400000,195,325,40410000,17473
0,4041,40410000,40410000,195,325,40420000,17477
0,4042,40420000,40420000,195,325,40430000,17484
0,4043,40430000,40430000,195,325,40440000,17485
0,4044,40440000,40440000,195,325,40450000,17489
0,4045,40450000,40450000,195,325,40460000,17495
0,4046,40460000,40460000,195,325,40470000,17499
0,4047,40470000,40470000,195,325,40480000,17505
0,4048,40480000,40480000,195,325,40490000,17508
0,4049,40490000,40490000,195,325,40500000,17510
0,405,4050000,4050000,195,325,4060000,1750
0,4050,40500000,40500000,195,325,40510000,17518
0,4051,40510000,40510000,195,325,40520000,17520
0,4052,40520000,40520000,195,325,40530000,17525
0,4053,40530000,40530000,195,325,40540000,17529
0,4054,40540000,40540000,195,325,40550000,17534
0,4055,40550000,40550000,195,325,40560000,17538
0,4056,40560000,40560000,195,325,40570000,17543
0,4057,40570000,40570000,195,325,40580000,17548
0,4058,40580000,40580000,195,325,40590000,17550
0,4059,40590000,40590000,195,325,40600000,17554
0,406,4060000,4060000,195,325,4070000,1754
0,4060,40600000,40600000,195,325,40610000,17561
0,4061,40610000,40610000,195,325,40620000,17562
0,4062,40620000,40620000,195,325,40630000,17569
0,4063,40630000,40630000,195,325,40640000,17574
0,4064,40640000,40640000,195,325,40650000,17576
0,4065,40650000,40650000,195,325,40660000,17582
0,4066,40660000,40660000,195,325,40670000,17585
0,4067,40670000,40670000,195,325,40680000,17590
0,4068,40680000,40680000,195,325,40690000,17595
0,4069,40690000,40690000,195,325,40700000,17597
0,407,4070000,4070000,195,325,4080000,1758
0,4070,40700000,40700000,195,325,40710000,17603
0,4071,40710000,40710000,195,325,40720000,17607
0,4072,40720000,40720000,195,325,40730000,17614
0,4073,40730000,40730000,195,325,40740000,17615
0,4074,40740000,40740000,195,325,40750000,17620
0,4075,40750000,40750000,195,325,40760000,17625
0,4076,40760000,40760000,195,325,40770000,17627
0,4077,40770000,40770000,195,325,40780000,17635
0,4078,40780000,40780000,195,325,40790000,17638
0,4079,40790000,40790000,195,325,40800000,17639
0,408,4080000,4080000,195,325,4090000,1763
0,4080,40800000,40800000,195,325,40810000,17647
0,4081,40810000,40810000,195,325,40820000,17651
0,4082,40820000,40820000,195,325,40830000,17656
0,4083,40830000,40830000,195,325,40840000,17659
0,4084,40840000,40840000,195,325,40850000,17663
0,4085,40850000,40850000,195,325,40860000,17667
0,4086,40860000,40860000,195,325,40870000,17672
0,4087,40870000,40870000,195,325,40880000,17677
0,4088,40880000,40880000,195,325,40890000,17681
0,4089,40890000,40890000,195,325,40900000,17684
0,409,4090000,4090000,195,325,4100000,1767
0,4090,40900000,40900000,195,325,40910000,17691
0,4091,40910000,40910000,195,325,40920000,17693
0,4092,40920000,40920000,195,325,40930000,17700
0,4093,40930000,40930000,195,325,40940000,17702
0,4094,40940000,40940000,195,325,40950000,17704
0,4095,40950000,40950000,195,325,40960000,17712
0,4096,40960000,40960000,195,325,40970000,17715
0,4097,40970000,40970000,195,325,40980000,17720
0,4098,40980000,40980000,195,325,40990000,17725
0,4099,40990000,40990000,195,325,41000000,17728
0,41,410000,410000,195,325,420000,173
0,410,4100000,4100000,195,325,4110000,1772
0,4100,41000000,41000000,195,325,41010000,17733
0,4101,41010000,41010000,195,325,41020000,17736
0,4102,41020000,41020000,195,325,41030000,17743
0,4103,41030000,41030000,195,325,41040000,17744
0,4104,41040000,41040000,195,325,41050000,17749
0,4105,41050000,41050000,195,325,41060000,17756
0,4106,41060000,41060000,195,325,41070000,17758
0,4107,41070000,41070000,195,325,41080000,17764
0,4108,41080000,41080000,195,325,41090000,17768
0,4109,41090000,41090000,195,325,41100000,17770
0,411,4110000,4110000,195,325,4120000,1775
0,4110,41100000,41100000,195,325,41110000,17777
0,4111,41110000,41110000,195,325,41120000,17779
0,4112,41120000,41120000,195,325,41130000,17785
0,4113,41130000,41130000,195,325,41140000,17789
0,4114,41140000,41140000,195,325,41150000,17793
0,4115,41150000,41150000,195,325,41160000,17797
0,4116,41160000,41160000,195,325,41170000,17802
0,4117,41170000,41170000,195,325,41180000,17808
0,4118,41180000,41180000,195,325,41190000,17810
0,4119,41190000,41190000,195,325,41200000,17814
0,412,4120000,4120000,195,325,4130000,1781
0,4120,41200000,41200000,195,325,41210000,17820
0,4121,41210000,41210000,195,325,41220000,17821
0,4122,41220000,41220000,195,325,41230000,17830
0,4123,41230000,41230000,195,325,41240000,17833
0,4124,41240000,41240000,195,325,41250000,17835
0,4125,41250000,41250000,195,325,41260000,17841
0,4126,41260000,41260000,195,325,41270000,17846
0,4127,41270000,41270000,195,325,41280000,17850
0,4128,41280000,41280000,195,325,41290000,17854
0,4129,41290000,41290000,195,325,41300000,17856
0,413,4130000,4130000,195,325,4140000,1783
0,4130,41300000,41300000,195,325,41310000,17862
0,4131,41310000,41310000,195,325,41320000,17867
0,4132,41320000,41320000,195,325,41330000,17873
0,4133,41330000,41330000,195,325,41340000,17875
0,4134,41340000,41340000,195,325,41350000,17879
0,4135,41350000,41350000,195,325,41360000,17885
0,4136,41360000,41360000,195,325,41370000,17887
0,4137,41370000,41370000,195,325,41380000,17894
0,4138,41380000,41380000,195,325,41390000,17897
0,4139,41390000,41390000,195,325,41400000,17899
0,414,4140000,4140000,195,325,4150000,1788
0,4140,41400000,41400000,195,325,41410000,17908
0,4141,41410000,41410000,195,325,41420000,17910
0,4142,41420000,41420000,195,325,41430000,17915
0,4143,41430000,41430000,195,325,41440000,17918
0,4144,41440000,41440000,195,325,41450000,17923
0,4145,41450000,41450000,195,325,41460000,17927
0,4146,41460000,41460000,195,325,41470000,17931
0,4147,41470000,41470000,195,325,41480000,17937
0,4148,41480000,41480000,195,325,41490000,17940
0,4149,41490000,41490000,195,325,41500000,17944
0,415,4150000,4150000,195,325,4160000,1793
0,4150,41500000,41500000,195,325,41510000,17950
0,4151,41510000,41510000,195,325,41520000,17952
0,4152,41520000,41520000,195,325,41530000,17959
0,4153,41530000,41530000,195,325,41540000,17962
0,4154,41540000,41540000,195,325,41550000,17965
0,4155,41550000,41550000,195,325,41560000,17971
0,4156,41560000,41560000,195,325,41570000,17975
0,4157,41570000,41570000,195,325,41580000,17979
0,4158,41580000,41580000,195,325,41590000,17985
0,4159,41590000,41590000,195,325,41600000,17987
0,416,4160000,4160000,195,325,4170000,1797
0,4160,41600000,41600000,195,325,41610000,17992
0,4161,41610000,41610000,195,325,41620000,17996
0,4162,41620000,41620000,195,325,41630000,18003
0,4163,41630000,41630000,195,325,41640000,18004
0,4164,41640000,41640000,195,325,41650000,18008
0,4165,41650000,41650000,195,325,41660000,18015
0,4166,41660000,41660000,195,325,41670000,18017
0,4167,41670000,41670000,195,325,41680000,18024
0,4168,41680000,41680000,195,325,41690000,18028
0,4169,41690000,41690000,195,325,41700000,18029
0,417,4170000,4170000,195,325,4180000,1803
0,4170,41700000,41700000,195,325,41710000,18036
0,4171,41710000,41710000,195,325,41720000,18039
0,4172,41720000,41720000,195,325,41730000,18045
0,4173,41730000,41730000,195,325,41740000,18049
0,4174,41740000,41740000,195,325,41750000,18052
0,4175,41750000,41750000,195,325,41760000,18057
0,4176,41760000,41760000,195,325,41770000,18062
0,4177,41770000,41770000,195,325,41780000,18067
0,4178,41780000,41780000,195,325,41790000,18069
0,4179,41790000,41790000,195,325,41800000,18073
0,418,4180000,4180000,195,325,4190000,1807
0,4180,41800000,41800000,195,325,41810000,18080
0,4181,41810000,41810000,195,325,41820000,18081
0,4182,41820000,41820000,195,325,41830000,18090
0,4183,41830000,41830000,195,325,41840000,18092
0,4184,41840000,41840000,195,325,41850000,18094
0,4185,41850000,41850000,195,325,41860000,18101
0,4186,41860000,41860000,195,325,41870000,18105
0,4187,41870000,41870000,195,325,41880000,18109
0,4188,41880000,41880000,195,325,41890000,18113
0,4189,41890000,41890000,195,325,41900000,18117
0,419,4190000,4190000,195,325,4200000,1808
0,4190,41900000,41900000,195,325,41910000,18123
0,4191,41910000,41910000,195,325,41920000,18126
0,4192,41920000,41920000,195,325,41930000,18132
0,4193,41930000,41930000,195,325,41940000,18134
0,4194,41940000,41940000,195,325,41950000,18139
0,4195,41950000,41950000,195,325,41960000,18144
0,4196,41960000,41960000,195,325,41970000,18147
0,4197,41970000,41970000,195,325,41980000,18153
0,4198,41980000,41980000,195,325,41990000,18157
0,4199,41990000,41990000,195,325,42000000,18159
0,42,420000,420000,195,325,430000,182
0,420,4200000,4200000,195,325,4210000,1816
0,4200,42000000,42000000,195,325,42010000,18167
0,4201,42010000,42010000,195,325,42020000,18169
0,4202,42020000,42020000,195,325,42030000,18174
0,4203,42030000,42030000,195,325,42040000,18179
0,4204,42040000,42040000,195,325,42050000,18182
0,4205,42050000,42050000,195,325,42060000,18186
0,4206,42060000,42060000,195,325,42070000,18190
0,4207,42070000,42070000,195,325,42080000,18198
0,4208,42080000,42080000,195,325,42090000,18200
0,4209,42090000,42090000,195,325,42100000,18203
0,421,4210000,4210000,195,325,4220000,1818
0,4210,42100000,42100000,195,325,42110000,18210
0,4211,42110000,42110000,195,325,42120000,18211
0,4212,42120000,42120000,195,325,42130000,18219
0,4213,42130000,42130000,195,325,42140000,18221
0,4214,42140000,42140000,195,325,42150000,18224
0,4215,42150000,42150000,195,325,42160000,18230
0,4216,42160000,42160000,195,325,42170000,18235
0,4217,42170000,42170000,195,325,42180000,18240
0,4218,42180000,42180000,195,325,42190000,18244
0,4219,42190000,42190000,195,325,42200000,18246
0,422,4220000,4220000,195,325,4230000,1823
0,4220,42200000,42200000,195,325,42210000,18251
0,4221,42210000,42210000,195,325,42220000,18256
0,4222,42220000,42220000,195,325,42230000,18262
0,4223,42230000,42230000,195,325,42240000,18263
0,4224,42240000,42240000,195,325,42250000,18269
0,4225,42250000,42250000,195,325,42260000,18275
0,4226,42260000,42260000,195,325,42270000,18277
0,4227,42270000,42270000,195,325,42280000,18283
0,4228,42280000,42280000,195,325,42290000,18287
0,4229,42290000,42290000,195,325,42300000,18288
0,423,4230000,4230000,195,325,4240000,1828
0,4230,42300000,42300000,195,325,42310000,18296
0,4231,42310000,42310000,195,325,42320000,18299
0,4232,42320000,42320000,195,325,42330000,18304
0,4233,42330000,42330000,195,325,42340000,18308
0,4234,42340000,42340000,195,325,42350000,18312
0,4235,42350000,42350000,195,325,42360000,18317
0,4236,42360000,42360000,195,325,42370000,18321
0,4237,42370000,42370000,195,325,42380000,18326
0,4238,42380000,42380000,195,325,42390000,18329
0,4239,42390000,42390000,195,325,42400000,18333
0,424,4240000,4240000,195,325,4250000,1831
0,4240,42400000,42400000,195,325,42410000,18339
0,4241,42410000,42410000,195,325,42420000,18341
0,4242,42420000,42420000,195,325,42430000,18349
0,4243,42430000,42430000,195,325,42440000,18352
0,4244,42440000,42440000,195,325,42450000,18354
0,4245,42450000,42450000,195,325,42460000,18361
0,4246,42460000,42460000,195,325,42470000,18364
0,4247,42470000,42470000,195,325,42480000,18368
0,4248,42480000,42480000,195,325,42490000,18373
0,4249,42490000,42490000,195,325,42500000,18376
0,425,4250000,4250000,195,325,4260000,1836
0,4250,42500000,42500000,195,325,42510000,18382
0,4251,42510000,42510000,195,325,42520000,18385
0,4252,42520000,42520000,195,325,42530000,18393
0,4253,42530000,42530000,195,325,42540000,18394
0,4254,42540000,42540000,195,325,42550000,18398
0,4255,42550000,42550000,195,325,42560000,18403
0,4256,42560000,42560000,195,325,42570000,18406
0,4257,42570000,42570000,195,325,42580000,18413
0,4258,42580000,42580000,195,325,42590000,18417
0,4259,42590000,42590000,195,325,42600000,18419
0,426,4260000,4260000,195,325,4270000,1840
0,4260,42600000,42600000,195,325,42610000,18426
0,4261,42610000,42610000,195,325,42620000,18429
0,4262,42620000,42620000,195,325,42630000,18434
0,4263,42630000,42630000,195,325,42640000,18438
0,4264,42640000,42640000,195,325,42650000,18441
0,4265,42650000,42650000,195,325,42660000,18445
0,4266,42660000,42660000,195,325,42670000,18451
0,4267,42670000,42670000,195,325,42680000,18457
0,4268,42680000,42680000,195,325,42690000,18459
0,4269,42690000,42690000,195,325,42700000,18462
0,427,4270000,4270000,195,325,4280000,1847
0,4270,42700000,42700000,195,325,42710000,18470
0,4271,42710000,42710000,195,325,42720000,18471
0,4272,42720000,42720000,195,325,42730000,18478
0,4273,42730000,42730000,195,325,42740000,18481
0,4274,42740000,42740000,195,325,42750000,18483
0,4275,42750000,42750000,195,325,42760000,18491
0,4276,42760000,42760000,195,325,42770000,18494
0,4277,42770000,42770000,195,325,42780000,18499
0,4278,42780000,42780000,195,325,42790000,18503
0,4279,42790000,42790000,195,325,42800000,18506
0,428,4280000,4280000,195,325,4290000,1849
0,4280,42800000,42800000,195,325,42810000,18512
0,4281,42810000,42810000,195,325,42820000,18515
0,4282,42820000,42820000,195,325,42830000,18521
0,4283,42830000,42830000,195,325,42840000,18522
0,4284,42840000,42840000,195,325,42850000,18529
0,4285,42850000,42850000,195,325,42860000,18534
0,4286,42860000,42860000,195,325,42870000,18536
0,4287,42870000,42870000,195,325,42880000,18543
0,4288,42880000,42880000,195,325,42890000,18547
0,4289,42890000,42890000,195,325,42900000,18548
0,429,4290000,4290000,195,325,4300000,1852
0,4290,42900000,42900000,195,325,42910000,18555
0,4291,42910000,42910000,195,325,42920000,18558
0,4292,42920000,42920000,195,325,42930000,18564
0,4293,42930000,42930000,195,325,42940000,18568
0,4294,42940000,42940000,195,325,42950000,18572
0,4295,42950000,42950000,195,325,42960000,18576
0,4296,42960000,42960000,195,325,42970000,18580
0,4297,42970000,42970000,195,325,42980000,18586
0,4298,42980000,42980000,195,325,42990000,18589
0,4299,42990000,42990000,195,325,43000000,18592
0,43,430000,430000,195,325,440000,184
0,430,4300000,4300000,195,325,4310000,1859
0,4300,43000000,43000000,195,325,43010000,18598
0,4301,43010000,43010000,195,325,43020000,18601
0,4302,43020000,43020000,195,325,43030000,18609
0,4303,43030000,43030000,195,325,43040000,18611
0,4304,43040000,43040000,195,325,43050000,18613
0,4305,43050000,43050000,195,325,43060000,18620
0,4306,43060000,43060000,195,325,43070000,18624
0,4307,43070000,43070000,195,325,43080000,18628
0,4308,43080000,43080000,195,325,43090000,18633
0,4309,43090000,43090000,195,325,43100000,18636
0,431,4310000,4310000,195,325,4320000,1860
0,4310,43100000,43100000,195,325,43110000,18641
0,4311,43110000,43110000,195,325,43120000,18645
0,4312,43120000,43120000,195,325,43130000,18652
0,4313,43130000,43130000,195,325,43140000,18653
0,4314,43140000,43140000,195,325,43150000,18657
0,4315,43150000,43150000,195,325,43160000,18664
0,4316,43160000,43160000,195,325,43170000,18666
0,4317,43170000,43170000,195,325,43180000,18672
0,4318,43180000,43180000,195,325,43190000,18676
0,4319,43190000,43190000,195,325,43200000,18678
0,432,4320000,4320000,195,325,4330000,1868
0,4320,43200000,43200000,195,325,43210000,18686
0,4321,43210000,43210000,195,325,43220000,18688
0,4322,43220000,43220000,195,325,43230000,18694
0,4323,43230000,43230000,195,325,43240000,18697
0,4324,43240000,43240000,195,325,43250000,18701
0,4325,43250000,43250000,195,325,43260000,18705
0,4326,43260000,43260000,195,325,43270000,18711
0,4327,43270000,43270000,195,325,43280000,18716
0,4328,43280000,43280000,195,325,43290000,18718
0,4329,43290000,43290000,195,325,43300000,18723
0,433,4330000,4330000,195,325,4340000,1871
0,4330,43300000,43300000,195,325,43310000,18729
0,4331,43310000,43310000,195,325,43320000,18730
0,4332,43320000,43320000,195,325,43330000,18737
0,4333,43330000,43330000,195,325,43340000,18741
0,4334,43340000,43340000,195,325,43350000,18743
0,4335,43350000,43350000,195,325,43360000,18750
0,4336,43360000,43360000,195,325,43370000,18754
0,4337,43370000,43370000,195,325,43380000,18758
0,4338,43380000,43380000,195,325,43390000,18763
0,4339,43390000,43390000,195,325,43400000,18765
0,434,4340000,4340000,195,325,4350000,1874
0,4340,43400000,43400000,195,325,43410000,18771
0,4341,43410000,43410000,195,325,43420000,18774
0,4342,43420000,43420000,195,325,43430000,18781
0,4343,43430000,43430000,195,325,43440000,18784
0,4344,43440000,43440000,195,325,43450000,18788
0,4345,43450000,43450000,195,325,43460000,18793
0,4346,43460000,43460000,195,325,43470000,18795
0,4347,43470000,43470000,195,325,43480000,18803
0,4348,43480000,43480000,195,325,43490000,18806
0,4349,43490000,43490000,195,325,43500000,18807
0,435,4350000,4350000,195,325,4360000,1880
0,4350,43500000,43500000,195,325,43510000,18815
0,4351,43510000,43510000,195,325,43520000,18818
0,4352,43520000,43520000,195,325,43530000,18824
0,4353,43530000,43530000,195,325,43540000,18827
0,4354,43540000,43540000,195,325,43550000,18831
0,4355,43550000,43550000,195,325,43560000,18835
0,4356,43560000,43560000,195,325,43570000,18840
0,4357,43570000,43570000,195,325,43580000,18846
0,4358,43580000,43580000,195,325,43590000,18848
0,4359,43590000,43590000,195,325,43600000,18851
0,436,4360000,4360000,195,325,4370000,1884
0,4360,43600000,43600000,195,325,43610000,18859
0,4361,43610000,43610000,195,325,43620000,18861
0,4362,43620000,43620000,195,325,43630000,18868
0,4363,43630000,43630000,195,325,43640000,18870
0,4364,43640000,43640000,195,325,43650000,18873
0,4365,43650000,43650000,195,325,43660000,18880
0,4366,43660000,43660000,195,325,43670000,18883
0,4367,43670000,43670000,195,325,43680000,18887
0,4368,43680000,43680000,195,325,43690000,18892
0,4369,43690000,43690000,195,325,43700000,18896
0,437,4370000,4370000,195,325,4380000,1889
0,4370,43700000,43700000,195,325,43710000,18901
0,4371,43710000,43710000,195,325,43720000,18905
0,4372,43720000,43720000,195,325,43730000,18911
0,4373,43730000,43730000,195,325,43740000,18912
0,4374,43740000,43740000,195,325,43750000,18917
0,4375,43750000,43750000,195,325,43760000,18923
0,4376,43760000,43760000,195,325,43770000,18925
0,4377,43770000,43770000,195,325,43780000,18932
0,4378,43780000,43780000,195,325,43790000,18937
0,4379,43790000,43790000,195,325,43800000,18938
0,438,4380000,4380000,195,325,4390000,1893
0,4380,43800000,43800000,195,325,43810000,18945
0,4381,43810000,43810000,195,325,43820000,18947
0,4382,43820000,43820000,195,325,43830000,18953
0,4383,43830000,43830000,195,325,43840000,18957
0,4384,43840000,43840000,195,325,43850000,18960
0,4385,43850000,43850000,195,325,43860000,18965
0,4386,43860000,43860000,195,325,43870000,18970
0,4387,43870000,43870000,195,325,43880000,18976
0,4388,43880000,43880000,195,325,43890000,18978
0,4389,43890000,43890000,195,325,43900000,18982
0,439,4390000,4390000,195,325,4400000,1895
0,4390,43900000,43900000,195,325,43910000,18988
0,4391,43910000,43910000,195,325,43920000,18989
0,4392,43920000,43920000,195,325,43930000,18998
0,4393,43930000,43930000,195,325,43940000,19000
0,4394,43940000,43940000,195,325,43950000,19003
0,4395,43950000,43950000,195,325,43960000,19009
0,4396,43960000,43960000,195,325,43970000,19014
0,4397,43970000,43970000,195,325,43980000,19018
0,4398,43980000,43980000,195,325,43990000,19022
0,4399,43990000,43990000,195,325,44000000,19025
0,44,440000,440000,195,325,450000,186
0,440,4400000,4400000,195,325,4410000,1900
0,4400,44000000,44000000,195,325,44010000,19030
0,4401,44010000,44010000,195,325,44020000,19034
0,4402,44020000,44020000,195,325,44030000,19040
0,4403,44030000,44030000,195,325,44040000,19043
0,4404,44040000,44040000,195,325,44050000,19047
0,4405,44050000,44050000,195,325,44060000,19053
0,4406,44060000,44060000,195,325,44070000,19056
0,4407,44070000,44070000,195,325,44080000,19062
0,4408,44080000,44080000,195,325,44090000,19065
0,4409,44090000,44090000,195,325,44100000,19066
0,441,4410000,4410000,195,325,4420000,1905
0,4410,44100000,44100000,195,325,44110000,19075
0,4411,44110000,44110000,195,325,44120000,19078
0,4412,44120000,44120000,195,325,44130000,19083
0,4413,44130000,44130000,195,325,44140000,19087
0,4414,44140000,44140000,195,325,44150000,19091
0,4415,44150000,44150000,195,325,44160000,19095
0,4416,44160000,44160000,195,325,44170000,19099
0,4417,44170000,44170000,195,325,44180000,19105
0,4418,44180000,44180000,195,325,44190000,19107
0,4419,44190000,44190000,195,325,44200000,19111
0,442,4420000,4420000,195,325,4430000,1912
0,4420,44200000,44200000,195,325,44210000,19119
0,4421,44210000,44210000,195,325,44220000,19120
0,4422,44220000,44220000,195,325,44230000,19127
0,4423,44230000,44230000,195,325,44240000,19130
0,4424,44240000,44240000,195,325,44250000,19133
0,4425,44250000,44250000,195,325,44260000,19139
0,4426,44260000,44260000,195,325,44270000,19142
0,4427,44270000,44270000,195,325,44280000,19147
0,4428,44280000,44280000,195,325,44290000,19153
0,4429,44290000,44290000,195,325,44300000,19155
0,443,4430000,4430000,195,325,4440000,1913
0,4430,44300000,44300000,195,325,44310000,19160
0,4431,44310000,44310000,195,325,44320000,19164
0,4432,44320000,44320000,195,325,44330000,19171
0,4433,44330000,44330000,195,325,44340000,19172
0,4434,44340000,44340000,195,325,44350000,19177
0,4435,44350000,44350000,195,325,44360000,19182
0,4436,44360000,44360000,195,325,44370000,19184
0,4437,44370000,44370000,195,325,44380000,19192
0,4438,44380000,44380000,195,325,44390000,19196
0,4439,44390000,44390000,195,325,44400000,19197
0,444,4440000,4440000,195,325,4450000,1918
0,4440,44400000,44400000,195,325,44410000,19204
0,4441,44410000,44410000,195,325,44420000,19208
0,4442,44420000,44420000,195,325,44430000,19213
0,4443,44430000,44430000,195,325,44440000,19216
0,4444,44440000,44440000,195,325,44450000,19219
0,4445,44450000,44450000,195,325,44460000,19225
0,4446,44460000,44460000,195,325,44470000,19230
0,4447,44470000,44470000,195,325,44480000,19235
0,4448,44480000,44480000,195,325,44490000,19238
0,4449,44490000,44490000,195,325,44500000,19241
0,445,4450000,4450000,195,325,4460000,1924
0,4450,44500000,44500000,195,325,44510000,19248
0,4451,44510000,44510000,195,325,44520000,19249
0,4452,44520000,44520000,195,325,44530000,19257
0,4453,44530000,44530000,195,325,44540000,19259
0,4454,44540000,44540000,195,325,44550000,19262
0,4455,44550000,44550000,195,325,44560000,19270
0,4456,44560000,44560000,195,325,44570000,19273
0,4457,44570000,44570000,195,325,44580000,19277
0,4458,44580000,44580000,195,325,44590000,19281
0,4459,44590000,44590000,195,325,44600000,19285
0,446,4460000,4460000,195,325,4470000,1926
0,4460,44600000,44600000,195,325,44610000,19290
0,4461,44610000,44610000,195,325,44620000,19293
0,4462,44620000,44620000,195,325,44630000,19301
0,4463,44630000,44630000,195,325,44640000,19302
0,4464,44640000,44640000,195,325,44650000,19307
0,4465,44650000,44650000,195,325,44660000,19312
0,4466,44660000,44660000,195,325,44670000,19315
0,4467,44670000,44670000,195,325,44680000,19321
0,4468,44680000,44680000,195,325,44690000,19325
0,4469,44690000,44690000,195,325,44700000,19327
0,447,4470000,4470000,195,325,4480000,1932
0,4470,44700000,44700000,195,325,44710000,19334
0,4471,44710000,44710000,195,325,44720000,19337
0,4472,44720000,44720000,195,325,44730000,19342
0,4473,44730000,44730000,195,325,44740000,19347
0,4474,44740000,44740000,195,325,44750000,19350
0,4475,44750000,44750000,195,325,44760000,19354
0,4476,44760000,44760000,195,325,44770000,19359
0,4477,44770000,44770000,195,325,44780000,19365
0,4478,44780000,44780000,195,325,44790000,19367
0,4479,44790000,44790000,195,325,44800000,19371
0,448,4480000,4480000,195,325,4490000,1936
0,4480,44800000,44800000,195,325,44810000,19378
0,4481,44810000,44810000,195,325,44820000,19379
0,4482,44820000,44820000,195,325,44830000,19387
0,4483,44830000,44830000,195,325,44840000,19390
0,4484,44840000,44840000,195,325,44850000,19392
0,4485,44850000,44850000,195,325,44860000,19398
0,4486,44860000,44860000,195,325,44870000,19402
0,4487,44870000,44870000,195,325,44880000,19407
0,4488,44880000,44880000,195,325,44890000,19412
0,4489,44890000,44890000,195,325,44900000,19414
0,449,4490000,4490000,195,325,4500000,1937
0,4490,44900000,44900000,195,325,44910000,19420
0,4491,44910000,44910000,195,325,44920000,19424
0,4492,44920000,44920000,195,325,44930000,19430
0,4493,44930000,44930000,195,325,44940000,19431
0,4494,44940000,44940000,195,325,44950000,19436
0,4495,44950000,44950000,195,325,44960000,19442
0,4496,44960000,44960000,195,325,44970000,19445
0,4497,44970000,44970000,195,325,44980000,19452
0,4498,44980000,44980000,195,325,44990000,19455
0,4499,44990000,44990000,195,325,45000000,19456
0,45,450000,450000,195,325,460000,194
0,450,4500000,4500000,195,325,4510000,1946
0,4500,45000000,45000000,195,325,45010000,19464
0,4501,45010000,45010000,195,325,45020000,19467
0,4502,45020000,45020000,195,325,45030000,19472
0,4503,45030000,45030000,195,325,45040000,19475
0,4504,45040000,45040000,195,325,45050000,19480
0,4505,45050000,45050000,195,325,45060000,19485
0,4506,45060000,45060000,195,325,45070000,19489
0,4507,45070000,45070000,195,325,45080000,19494
0,4508,45080000,45080000,195,325,45090000,19497
0,4509,45090000,45090000,195,325,45100000,19501
0,451,4510000,4510000,195,325,4520000,1949
0,4510,45100000,45100000,195,325,45110000,19507
0,4511,45110000,45110000,195,325,45120000,19509
0,4512,45120000,45120000,195,325,45130000,19516
0,4513,45130000,45130000,195,325,45140000,19520
0,4514,45140000,45140000,195,325,45150000,19522
0,4515,45150000,45150000,195,325,45160000,19529
0,4516,45160000,45160000,195,325,45170000,19532
0,4517,45170000,45170000,195,325,45180000,19536
0,4518,45180000,45180000,195,325,45190000,19542
0,4519,45190000,45190000,195,325,45200000,19544
0,452,4520000,4520000,195,325,4530000,1954
0,4520,45200000,45200000,195,325,45210000,19549
0,4521,45210000,45210000,195,325,45220000,19552
0,4522,45220000,45220000,195,325,45230000,19561
0,4523,45230000,45230000,195,325,45240000,19562
0,4524,45240000,45240000,195,325,45250000,19566
0,4525,45250000,45250000,195,325,45260000,19572
0,4526,45260000,45260000,195,325,45270000,19574
0,4527,45270000,45270000,195,325,45280000,19581
0,4528,45280000,45280000,195,325,45290000,19584
0,4529,45290000,45290000,195,325,45300000,19586
0,453,4530000,4530000,195,325,4540000,1957
0,4530,45300000,45300000,195,325,45310000,19594
0,4531,45310000,45310000,195,325,45320000,19597
0,4532,45320000,45320000,195,325,45330000,19603
0,4533,45330000,45330000,195,325,45340000,19606
0,4534,45340000,45340000,195,325,45350000,19609
0,4535,45350000,45350000,195,325,45360000,19613
0,4536,45360000,45360000,195,325,45370000,19619
0,4537,45370000,45370000,195,325,45380000,19624
0,4538,45380000,45380000,195,325,45390000,19626
0,4539,45390000,45390000,195,325,45400000,19631
0,454,4540000,4540000,195,325,4550000,1961
0,4540,45400000,45400000,195,325,45410000,19638
0,4541,45410000,45410000,195,325,45420000,19639
0,4542,45420000,45420000,195,325,45430000,19646
0,4543,45430000,45430000,195,325,45440000,19649
0,4544,45440000,45440000,195,325,45450000,19651
0,4545,45450000,45450000,195,325,45460000,19658
0,4546,45460000,45460000,195,325,45470000,19662
0,4547,45470000,45470000,195,325,45480000,19667
0,4548,45480000,45480000,195,325,45490000,19671
0,4549,45490000,45490000,195,325,45500000,19674
0,455,4550000,4550000,195,325,4560000,1966
0,4550,45500000,45500000,195,325,45510000,19680
0,4551,45510000,45510000,195,325,45520000,19683
0,4552,45520000,45520000,195,325,45530000,19689
0,4553,45530000,45530000,195,325,45540000,19691
0,4554,45540000,45540000,195,325,45550000,19696
0,4555,45550000,45550000,195,325,45560000,19701
0,4556,45560000,45560000,195,325,45570000,19704
0,4557,45570000,45570000,195,325,45580000,19711
0,4558,45580000,45580000,195,325,45590000,19715
0,4559,45590000,45590000,195,325,45600000,19716
0,456,4560000,4560000,195,325,4570000,1970
0,4560,45600000,45600000,195,325,45610000,19724
0,4561,45610000,45610000,195,325,45620000,19726
0,4562,45620000,45620000,195,325,45630000,19731
0,4563,45630000,45630000,195,325,45640000,19735
0,4564,45640000,45640000,195,325,45650000,19740
0,4565,45650000,45650000,195,325,45660000,19744
0,4566,45660000,45660000,195,325,45670000,19748
0,4567,45670000,45670000,195,325,45680000,19755
0,4568,45680000,45680000,195,325,45690000,19757
0,4569,45690000,45690000,195,325,45700000,19760
0,457,4570000,4570000,195,325,4580000,1975
0,4570,45700000,45700000,195,325,45710000,19766
0,4571,45710000,45710000,195,325,45720000,19768
0,4572,45720000,45720000,195,325,45730000,19776
0,4573,45730000,45730000,195,325,45740000,19779
0,4574,45740000,45740000,195,325,45750000,19782
0,4575,45750000,45750000,195,325,45760000,19788
0,4576,45760000,45760000,195,325,45770000,19792
0,4577,45770000,45770000,195,325,45780000,19796
0,4578,45780000,45780000,195,325,45790000,19801
0,4579,45790000,45790000,195,325,45800000,19803
0,458,4580000,4580000,195,325,4590000,1978
0,4580,45800000,45800000,195,325,45810000,19808
0,4581,45810000,45810000,195,325,45820000,19814
0,4582,45820000,45820000,195,325,45830000,19820
0,4583,45830000,45830000,195,325,45840000,19821
0,4584,45840000,45840000,195,325,45850000,19825
0,4585,45850000,45850000,195,325,45860000,19832
0,4586,45860000,45860000,195,325,45870000,19834
0,4587,45870000,45870000,195,325,45880000,19840
0,4588,45880000,45880000,195,325,45890000,19844
0,4589,45890000,45890000,195,325,45900000,19845
0,459,4590000,4590000,195,325,4600000,1983
0,4590,45900000,45900000,195,325,45910000,19854
0,4591,45910000,45910000,195,325,45920000,19856
0,4592,45920000,45920000,195,325,45930000,19862
0,4593,45930000,45930000,195,325,45940000,19865
0,4594,45940000,45940000,195,325,45950000,19869
0,4595,45950000,45950000,195,325,45960000,19874
0,4596,45960000,45960000,195,325,45970000,19878
0,4597,45970000,45970000,195,325,45980000,19883
0,4598,45980000,45980000,195,325,45990000,19886
0,4599,45990000,45990000,195,325,46000000,19891
0,46,460000,460000,195,325,470000,197
0,460,4600000,4600000,195,325,4610000,1989
0,4600,46000000,46000000,195,325,46010000,19897
0,4601,46010000,46010000,195,325,46020000,19898
0,4602,46020000,46020000,195,325,46030000,19906
0,4603,46030000,46030000,195,325,46040000,19909
0,4604,46040000,46040000,195,325,46050000,19911
0,4605,46050000,46050000,195,325,46060000,19917
0,4606,46060000,46060000,195,325,46070000,19921
0,4607,46070000,46070000,195,325,46080000,19926
0,4608,46080000,46080000,195,325,46090000,19931
0,4609,46090000,46090000,195,325,46100000,19934
0,461,4610000,4610000,195,325,4620000,1990
0,4610,46100000,46100000,195,325,46110000,19939
0,4611,46110000,46110000,195,325,46120000,19942
0,4612,46120000,46120000,195,325,46130000,19949
0,4613,46130000,46130000,195,325,46140000,19951
0,4614,46140000,46140000,195,325,46150000,19955
0,4615,46150000,46150000,195,325,46160000,19961
0,4616,46160000,46160000,195,325,46170000,19964
0,4617,46170000,46170000,195,325,46180000,19971
0,4618,46180000,46180000,195,325,46190000,19974
0,4619,46190000,46190000,195,325,46200000,19975
0,462,4620000,4620000,195,325,4630000,1998
0,4620,46200000,46200000,195,325,46210000,19983
0,4621,46210000,46210000,195,325,46220000,19986
0,4622,46220000,46220000,195,325,46230000,19991
0,4623,46230000,46230000,195,325,46240000,19995
0,4624,46240000,46240000,195,325,46250000,19999
0,4625,46250000,46250000,195,325,46260000,20003
0,4626,46260000,46260000,195,325,46270000,20008
0,4627,46270000,46270000,195,325,46280000,20014
0,4628,46280000,46280000,195,325,46290000,20016
0,4629,46290000,46290000,195,325,46300000,20019
0,463,4630000,4630000,195,325,4640000,2001
0,4630,46300000,46300000,195,325,46310000,20027
0,4631,46310000,46310000,195,325,46320000,20028
0,4632,46320000,46320000,195,325,46330000,20036
0,4633,46330000,46330000,195,325,46340000,20038
0,4634,46340000,46340000,195,325,46350000,20041
0,4635,46350000,46350000,195,325,46360000,20048
0,4636,46360000,46360000,195,325,46370000,20051
0,4637,46370000,46370000,195,325,46380000,20056
0,4638,46380000,46380000,195,325,46390000,20060
0,4639,46390000,46390000,195,325,46400000,20063
0,464,4640000,4640000,195,325,4650000,2003
0,4640,46400000,46400000,195,325,46410000,20068
0,4641,46410000,46410000,195,325,46420000,20073
0,4642,46420000,46420000,195,325,46430000,20079
0,4643,46430000,46430000,195,325,46440000,20080
0,4644,46440000,46440000,195,325,46450000,20086
0,4645,46450000,46450000,195,325,46460000,20091
0,4646,46460000,46460000,195,325,46470000,20093
0,4647,46470000,46470000,195,325,46480000,20099
0,4648,46480000,46480000,195,325,46490000,20104
0,4649,46490000,46490000,195,325,46500000,20106
0,465,4650000,4650000,195,325,4660000,2010
0,4650,46500000,46500000,195,325,46510000,20113
0,4651,46510000,46510000,195,325,46520000,20116
0,4652,46520000,46520000,195,325,46530000,20121
0,4653,46530000,46530000,195,325,46540000,20125
0,4654,46540000,46540000,195,325,46550000,20128
0,4655,46550000,46550000,195,325,46560000,20133
0,4656,46560000,46560000,195,325,46570000,20137
0,4657,46570000,46570000,195,325,46580000,20143
0,4658,46580000,46580000,195,325,46590000,20147
0,4659,46590000,46590000,195,325,46600000,20150
0,466,4660000,4660000,195,325,4670000,2013
0,4660,46600000,46600000,195,325,46610000,20156
0,4661,46610000,46610000,195,325,46620000,20157
0,4662,46620000,46620000,195,325,46630000,20166
0,4663,46630000,46630000,195,325,46640000,20168
0,4664,46640000,46640000,195,325,46650000,20170
0,4665,46650000,46650000,195,325,46660000,20177
0,4666,46660000,46660000,195,325,46670000,20182
0,4667,46670000,46670000,195,325,46680000,20186
0,4668,46680000,46680000,195,325,46690000,20190
0,4669,46690000,46690000,195,325,46700000,20193
0,467,4670000,4670000,195,325,4680000,2018
0,4670,46700000,46700000,195,325,46710000,20198
0,4671,46710000,46710000,195,325,46720000,20202
0,4672,46720000,46720000,195,325,46730000,20209
0,4673,46730000,46730000,195,325,46740000,20210
0,4674,46740000,46740000,195,325,46750000,20214
0,4675,46750000,46750000,195,325,46760000,20221
0,4676,46760000,46760000,195,325,46770000,20224
0,4677,46770000,46770000,195,325,46780000,20230
0,4678,46780000,46780000,195,325,46790000,20233
0,4679,46790000,46790000,195,325,46800000,20235
0,468,4680000,4680000,195,325,4690000,2023
0,4680,46800000,46800000,195,325,46810000,20243
0,4681,46810000,46810000,195,325,46820000,20245
0,4682,46820000,46820000,195,325,46830000,20250
0,4683,46830000,46830000,195,325,46840000,20255
0,4684,46840000,46840000,195,325,46850000,20259
0,4685,46850000,46850000,195,325,46860000,20263
0,4686,46860000,46860000,195,325,46870000,20268
0,4687,46870000,46870000,195,325,46880000,20273
0,4688,46880000,46880000,195,325,46890000,20275
0,4689,46890000,46890000,195,325,46900000,20279
0,469,4690000,4690000,195,325,4700000,2026
0,4690,46900000,46900000,195,325,46910000,20286
0,4691,46910000,46910000,195,325,46920000,20287
0,4692,46920000,46920000,195,325,46930000,20295
0,4693,46930000,46930000,195,325,46940000,20299
0,4694,46940000,46940000,195,325,46950000,20301
0,4695,46950000,46950000,195,325,46960000,20307
0,4696,46960000,46960000,195,325,46970000,20310
0,4697,46970000,46970000,195,325,46980000,20315
0,4698,46980000,46980000,195,325,46990000,20320
0,4699,46990000,46990000,195,325,47000000,20322
0,47,470000,470000,195,325,480000,201
0,470,4700000,4700000,195,325,4710000,2031
0,4700,47000000,47000000,195,325,47010000,20329
0,4701,47010000,47010000,195,325,47020000,20332
0,4702,47020000,47020000,195,325,47030000,20339
0,4703,47030000,47030000,195,325,47040000,20340
0,4704,47040000,47040000,195,325,47050000,20345
0,4705,47050000,47050000,195,325,47060000,20350
0,4706,47060000,47060000,195,325,47070000,20352
0,4707,47070000,47070000,195,325,47080000,20360
0,4708,47080000,47080000,195,325,47090000,20363
0,4709,47090000,47090000,195,325,47100000,20365
0,471,4710000,4710000,195,325,4720000,2034
0,4710,47100000,47100000,195,325,47110000,20372
0,4711,47110000,47110000,195,325,47120000,20376
0,4712,47120000,47120000,195,325,47130000,20381
0,4713,47130000,47130000,195,325,47140000,20384
0,4714,47140000,47140000,195,325,47150000,20388
0,4715,47150000,47150000,195,325,47160000,20392
0,4716,47160000,47160000,195,325,47170000,20397
0,4717,47170000,47170000,195,325,47180000,20403
0,4718,47180000,47180000,195,325,47190000,20406
0,4719,47190000,47190000,195,325,47200000,20409
0,472,4720000,4720000,195,325,4730000,2042
0,4720,47200000,47200000,195,325,47210000,20416
0,4721,47210000,47210000,195,325,47220000,20418
0,4722,47220000,47220000,195,325,47230000,20425
0,4723,47230000,47230000,195,325,47240000,20427
0,4724,47240000,47240000,195,325,47250000,20429
0,4725,47250000,47250000,195,325,47260000,20437
0,4726,47260000,47260000,195,325,47270000,20441
0,4727,47270000,47270000,195,325,47280000,20445
0,4728,47280000,47280000,195,325,47290000,20450
0,4729,47290000,47290000,195,325,47300000,20453
0,473,4730000,4730000,195,325,4740000,2043
0,4730,47300000,47300000,195,325,47310000,20458
0,4731,47310000,47310000,195,325,47320000,20461
0,4732,47320000,47320000,195,325,47330000,20468
0,4733,47330000,47330000,195,325,47340000,20469
0,4734,47340000,47340000,195,325,47350000,20475
0,4735,47350000,47350000,195,325,47360000,20481
0,4736,47360000,47360000,195,325,47370000,20483
0,4737,47370000,47370000,195,325,47380000,20489
0,4738,47380000,47380000,195,325,47390000,20493
0,4739,47390000,47390000,195,325,47400000,20495
0,474,4740000,4740000,195,325,4750000,2047
0,4740,47400000,47400000,195,325,47410000,20502
0,4741,47410000,47410000,195,325,47420000,20504
0,4742,47420000,47420000,195,325,47430000,20510
0,4743,47430000,47430000,195,325,47440000,20515
0,4744,47440000,47440000,195,325,47450000,20518
0,4745,47450000,47450000,195,325,47460000,20522
0,4746,47460000,47460000,195,325,47470000,20527
0,4747,47470000,47470000,195,325,47480000,20533
0,4748,47480000,47480000,195,325,47490000,20535
0,4749,47490000,47490000,195,325,47500000,20539
0,475,4750000,4750000,195,325,4760000,2052
0,4750,47500000,47500000,195,325,47510000,20545
0,4751,47510000,47510000,195,325,47520000,20547
0,4752,47520000,47520000,195,325,47530000,20555
0,4753,47530000,47530000,195,325,47540000,20558
0,4754,47540000,47540000,195,325,47550000,20560
0,4755,47550000,47550000,195,325,47560000,20566
0,4756,47560000,47560000,195,325,47570000,20571
0,4757,47570000,47570000,195,325,47580000,20575
0,4758,47580000,47580000,195,325,47590000,20579
0,4759,47590000,47590000,195,325,47600000,20581
0,476,4760000,4760000,195,325,4770000,2056
0,4760,47600000,47600000,195,325,47610000,20588
0,4761,47610000,47610000,195,325,47620000,20592
0,4762,47620000,47620000,195,325,47630000,20598
0,4763,47630000,47630000,195,325,47640000,20600
0,4764,47640000,47640000,195,325,47650000,20604
0,4765,47650000,47650000,195,325,47660000,20610
0,4766,47660000,47660000,195,325,47670000,20612
0,4767,47670000,47670000,195,325,47680000,20619
0,4768,47680000,47680000,195,325,47690000,20623
0,4769,47690000,47690000,195,325,47700000,20624
0,477,4770000,4770000,195,325,4780000,2063
0,4770,47700000,47700000,195,325,47710000,20633
0,4771,47710000,47710000,195,325,47720000,20635
0,4772,47720000,47720000,195,325,47730000,20640
0,4773,47730000,47730000,195,325,47740000,20643
0,4774,47740000,47740000,195,325,47750000,20648
0,4775,47750000,47750000,195,325,47760000,20652
0,4776,47760000,47760000,195,325,47770000,20656
0,4777,47770000,47770000,195,325,47780000,20663
0,4778,47780000,47780000,195,325,47790000,20665
0,4779,47790000,47790000,195,325,47800000,20669
0,478,4780000,4780000,195,325,4790000,2066
0,4780,47800000,47800000,195,325,47810000,20675
0,4781,47810000,47810000,195,325,47820000,20677
0,4782,47820000,47820000,195,325,47830000,20684
0,4783,47830000,47830000,195,325,47840000,20687
0,4784,47840000,47840000,195,325,47850000,20690
0,4785,47850000,47850000,195,325,47860000,20697
0,4786,47860000,47860000,195,325,47870000,20700
0,4787,47870000,47870000,195,325,47880000,20704
0,4788,47880000,47880000,195,325,47890000,20710
0,4789,47890000,47890000,195,325,47900000,20712
0,479,4790000,4790000,195,325,4800000,2068
0,4790,47900000,47900000,195,325,47910000,20717
0,4791,47910000,47910000,195,325,47920000,20721
0,4792,47920000,47920000,195,325,47930000,20728
0,4793,47930000,47930000,195,325,47940000,20729
0,4794,47940000,47940000,195,325,47950000,20734
0,4795,47950000,47950000,195,325,47960000,20740
0,4796,47960000,47960000,195,325,47970000,20742
0,4797,47970000,47970000,195,325,47980000,20749
0,4798,47980000,47980000,195,325,47990000,20753
0,4799,47990000,47990000,195,325,48000000,20754
0,48,480000,480000,195,325,490000,205
0,480,4800000,4800000,195,325,4810000,2075
0,4800,48000000,48000000,195,325,48010000,20761
0,4801,48010000,48010000,195,325,48020000,20764
0,4802,48020000,48020000,195,325,48030000,20771
0,4803,48030000,48030000,195,325,48040000,20774
0,4804,48040000,48040000,195,325,48050000,20777
0,4805,48050000,48050000,195,325,48060000,20782
0,4806,48060000,48060000,195,325,48070000,20787
0,4807,48070000,48070000,195,325,48080000,20792
0,4808,48080000,48080000,195,325,48090000,20794
0,4809,48090000,48090000,195,325,48100000,20798
0,481,4810000,4810000,195,325,4820000,2078
0,4810,48100000,48100000,195,325,48110000,20805
0,4811,48110000,48110000,195,325,48120000,20807
0,4812,48120000,48120000,195,325,48130000,20815
0,4813,48130000,48130000,195,325,48140000,20817
0,4814,48140000,48140000,195,325,48150000,20819
0,4815,48150000,48150000,195,325,48160000,20826
0,4816,48160000,48160000,195,325,48170000,20830
0,4817,48170000,48170000,195,325,48180000,20834
0,4818,48180000,48180000,195,325,48190000,20838
0,4819,48190000,48190000,195,325,48200000,20843
0,482,4820000,4820000,195,325,4830000,2083
0,4820,48200000,48200000,195,325,48210000,20848
0,4821,48210000,48210000,195,325,48220000,20851
0,4822,48220000,48220000,195,325,48230000,20857
0,4823,48230000,48230000,195,325,48240000,20859
0,4824,48240000,48240000,195,325,48250000,20864
0,4825,48250000,48250000,195,325,48260000,20869
0,4826,48260000,48260000,195,325,48270000,20872
0,4827,48270000,48270000,195,325,48280000,20878
0,4828,48280000,48280000,195,325,48290000,20883
0,4829,48290000,48290000,195,325,48300000,20884
0,483,4830000,4830000,195,325,4840000,2087
0,4830,48300000,48300000,195,325,48310000,20892
0,4831,48310000,48310000,195,325,48320000,20894
0,4832,48320000,48320000,195,325,48330000,20899
0,4833,48330000,48330000,195,325,48340000,20904
0,4834,48340000,48340000,195,325,48350000,20907
0,4835,48350000,48350000,195,325,48360000,20911
0,4836,48360000,48360000,195,325,48370000,20916
0,4837,48370000,48370000,195,325,48380000,20923
0,4838,48380000,48380000,195,325,48390000,20925
0,4839,48390000,48390000,195,325,48400000,20928
0,484,4840000,4840000,195,325,4850000,2091
0,4840,48400000,48400000,195,325,48410000,20935
0,4841,48410000,48410000,195,325,48420000,20936
0,4842,48420000,48420000,195,325,48430000,20944
0,4843,48430000,48430000,195,325,48440000,20946
0,4844,48440000,48440000,195,325,48450000,20949
0,4845,48450000,48450000,195,325,48460000,20956
0,4846,48460000,48460000,195,325,48470000,20960
0,4847,48470000,48470000,195,325,48480000,20965
0,4848,48480000,48480000,195,325,48490000,20969
0,4849,48490000,48490000,195,325,48500000,20971
0,485,4850000,4850000,195,325,4860000,2095
0,4850,48500000,48500000,195,325,48510000,20976
0,4851,48510000,48510000,195,325,48520000,20981
0,4852,48520000,48520000,195,325,48530000,20987
0,4853,48530000,48530000,195,325,48540000,20989
0,4854,48540000,48540000,195,325,48550000,20994
0,4855,48550000,48550000,195,325,48560000,21000
0,4856,48560000,48560000,195,325,48570000,21002
0,4857,48570000,48570000,195,325,48580000,21008
0,4858,48580000,48580000,195,325,48590000,21012
0,4859,48590000,48590000,195,325,48600000,21013
0,486,4860000,4860000,195,325,4870000,2101
0,4860,48600000,48600000,195,325,48610000,21021
0,4861,48610000,48610000,195,325,48620000,21024
0,4862,48620000,48620000,195,325,48630000,21030
0,4863,48630000,48630000,195,325,48640000,21033
0,4864,48640000,48640000,195,325,48650000,21037
0,4865,48650000,48650000,195,325,48660000,21042
0,4866,48660000,48660000,195,325,48670000,21046
0,4867,48670000,48670000,195,325,48680000,21051
0,4868,48680000,48680000,195,325,48690000,21054
0,4869,48690000,48690000,195,325,48700000,21058
0,487,4870000,4870000,195,325,4880000,2106
0,4870,48700000,48700000,195,325,48710000,21065
0,4871,48710000,48710000,195,325,48720000,21066
0,4872,48720000,48720000,195,325,48730000,21074
0,4873,48730000,48730000,195,325,48740000,21077
0,4874,48740000,48740000,195,325,48750000,21079
0,4875,48750000,48750000,195,325,48760000,21086
0,4876,48760000,48760000,195,325,48770000,21089
0,4877,48770000,48770000,195,325,48780000,21093
0,4878,48780000,48780000,195,325,48790000,21098
0,4879,48790000,48790000,195,325,48800000,21102
0,488,4880000,4880000,195,325,4890000,2108
0,4880,48800000,48800000,195,325,48810000,21107
0,4881,48810000,48810000,195,325,48820000,21110
0,4882,48820000,48820000,195,325,48830000,21118
0,4883,48830000,48830000,195,325,48840000,21119
0,4884,48840000,48840000,195,325,48850000,21123
0,4885,48850000,48850000,195,325,48860000,21128
0,4886,48860000,48860000,195,325,48870000,21131
0,4887,48870000,48870000,195,325,48880000,21139
0,4888,48880000,48880000,195,325,48890000,21142
0,4889,48890000,48890000,195,325,48900000,21144
0,489,4890000,4890000,195,325,4900000,2111
0,4890,48900000,48900000,195,325,48910000,21151
0,4891,48910000,48910000,195,325,48920000,21154
0,4892,48920000,48920000,195,325,48930000,21159
0,4893,48930000,48930000,195,325,48940000,21163
0,4894,48940000,48940000,195,325,48950000,21166
0,4895,48950000,48950000,195,325,48960000,21170
0,4896,48960000,48960000,195,325,48970000,21177
0,4897,48970000,48970000,195,325,48980000,21182
0,4898,48980000,48980000,195,325,48990000,21184
0,4899,48990000,48990000,195,325,49000000,21187
0,49,490000,490000,195,325,500000,209
0,490,4900000,4900000,195,325,4910000,2119
0,4900,49000000,49000000,195,325,49010000,21195
0,4901,49010000,49010000,195,325,49020000,21196
0,4902,49020000,49020000,195,325,49030000,21203
0,4903,49030000,49030000,195,325,49040000,21206
0,4904,49040000,49040000,195,325,49050000,21209
0,4905,49050000,49050000,195,325,49060000,21216
0,4906,49060000,49060000,195,325,49070000,21219
0,4907,49070000,49070000,195,325,49080000,21224
0,4908,49080000,49080000,195,325,49090000,21228
0,4909,49090000,49090000,195,325,49100000,21231
0,491,4910000,4910000,195,325,4920000,2120
0,4910,49100000,49100000,195,325,49110000,21237
0,4911,49110000,49110000,195,325,49120000,21240
0,4912,49120000,49120000,195,325,49130000,21246
0,4913,49130000,49130000,195,325,49140000,21248
0,4914,49140000,49140000,195,325,49150000,21254
0,4915,49150000,49150000,195,325,49160000,21259
0,4916,49160000,49160000,195,325,49170000,21261
0,4917,49170000,49170000,195,325,49180000,21268
0,4918,49180000,49180000,195,325,49190000,21272
0,4919,49190000,49190000,195,325,49200000,21273
0,492,4920000,4920000,195,325,4930000,2127
0,4920,49200000,49200000,195,325,49210000,21280
0,4921,49210000,49210000,195,325,49220000,21284
0,4922,49220000,49220000,195,325,49230000,21289
0,4923,49230000,49230000,195,325,49240000,21293
0,4924,49240000,49240000,195,325,49250000,21297
0,4925,49250000,49250000,195,325,49260000,21301
0,4926,49260000,49260000,195,325,49270000,21305
0,4927,49270000,49270000,195,325,49280000,21311
0,4928,49280000,49280000,195,325,49290000,21314
0,4929,49290000,49290000,195,325,49300000,21317
0,493,4930000,4930000,195,325,4940000,2131
0,4930,49300000,49300000,195,325,49310000,21324
0,4931,49310000,49310000,195,325,49320000,21326
0,4932,49320000,49320000,195,325,49330000,21334
0,4933,49330000,49330000,195,325,49340000,21336
0,4934,49340000,49340000,195,325,49350000,21338
0,4935,49350000,49350000,195,325,49360000,21345
0,4936,49360000,49360000,195,325,49370000,21349
0,4937,49370000,49370000,195,325,49380000,21353
0,4938,49380000,49380000,195,325,49390000,21359
0,4939,49390000,49390000,195,325,49400000,21361
0,494,4940000,4940000,195,325,4950000,2133
0,4940,49400000,49400000,195,325,49410000,21366
0,4941,49410000,49410000,195,325,49420000,21370
0,4942,49420000,49420000,195,325,49430000,21377
0,4943,49430000,49430000,195,325,49440000,21378
0,4944,49440000,49440000,195,325,49450000,21382
0,4945,49450000,49450000,195,325,49460000,21389
0,4946,49460000,49460000,195,325,49470000,21391
0,4947,49470000,49470000,195,325,49480000,21398
0,4948,49480000,49480000,195,325,49490000,21401
0,4949,49490000,49490000,195,325,49500000,21403
0,495,4950000,4950000,195,325,4960000,2140
0,4950,49500000,49500000,195,325,49510000,21411
0,4951,49510000,49510000,195,325,49520000,21413
0,4952,49520000,49520000,195,325,49530000,21419
0,4953,49530000,49530000,195,325,49540000,21422
0,4954,49540000,49540000,195,325,49550000,21426
0,4955,49550000,49550000,195,325,49560000,21431
0,4956,49560000,49560000,195,325,49570000,21436
0,4957,49570000,49570000,195,325,49580000,21441
0,4958,49580000,49580000,195,325,49590000,21443
0,4959,49590000,49590000,195,325,49600000,21448
0,496,4960000,4960000,195,325,4970000,2143
0,4960,49600000,49600000,195,325,49610000,21454
0,4961,49610000,49610000,195,325,49620000,21455
0,4962,49620000,49620000,195,325,49630000,21462
0,4963,49630000,49630000,195,325,49640000,21466
0,4964,49640000,49640000,195,325,49650000,21469
0,4965,49650000,49650000,195,325,49660000,21475
0,4966,49660000,49660000,195,325,49670000,21479
0,4967,49670000,49670000,195,325,49680000,21483
0,4968,49680000,49680000,195,325,49690000,21488
0,4969,49690000,49690000,195,325,49700000,21490
0,497,4970000,4970000,195,325,4980000,2148
0,4970,49700000,49700000,195,325,49710000,21496
0,4971,49710000,49710000,195,325,49720000,21499
0,4972,49720000,49720000,195,325,49730000,21507
0,4973,49730000,49730000,195,325,49740000,21509
0,4974,49740000,49740000,195,325,49750000,21513
0,4975,49750000,49750000,195,325,49760000,21518
0,4976,49760000,49760000,195,325,49770000,21520
0,4977,49770000,49770000,195,325,49780000,21528
0,4978,49780000,49780000,195,325,49790000,21531
0,4979,49790000,49790000,195,325,49800000,21532
0,498,4980000,4980000,195,325,4990000,2152
0,4980,49800000,49800000,195,325,49810000,21540
0,4981,49810000,49810000,195,325,49820000,21544
0,4982,49820000,49820000,195,325,49830000,21549
0,4983,49830000,49830000,195,325,49840000,21552
0,4984,49840000,49840000,195,325,49850000,21556
0,4985,49850000,49850000,195,325,49860000,21560
0,4986,49860000,49860000,195,325,49870000,21565
0,4987,49870000,49870000,195,325,49880000,21571
0,4988,49880000,49880000,195,325,49890000,21573
0,4989,49890000,49890000,195,325,49900000,21577
0,499,4990000,4990000,195,325,5000000,2155
0,4990,49900000,49900000,195,325,49910000,21584
0,4991,49910000,49910000,195,325,49920000,21586
0,4992,49920000,49920000,195,325,49930000,21593
0,4993,49930000,49930000,195,325,49940000,21595
0,4994,49940000,49940000,195,325,49950000,21598
0,4995,49950000,49950000,195,325,49960000,21605
0,4996,49960000,49960000,195,325,49970000,21608
0,4997,49970000,49970000,195,325,49980000,21612
0,4998,49980000,49980000,195,325,49990000,21618
0,4999,49990000,49990000,195,325,50000000,21621
0,5,50000,50000,195,325,60000,19
0,50,500000,500000,195,325,510000,214
0,500,5000000,5000000,195,325,5010000,2161
0,5000,50000000,50000000,195,325,50010000,21626
0,5001,50010000,50010000,195,325,50020000,21630
0,5002,50020000,50020000,195,325,50030000,21636
0,5003,50030000,50030000,195,325,50040000,21637
0,5004,50040000,50040000,195,325,50050000,21642
0,5005,50050000,50050000,195,325,50060000,21648
0,5006,50060000,50060000,195,325,50070000,21651
0,5007,50070000,50070000,195,325,50080000,21657
0,5008,50080000,50080000,195,325,50090000,21662
0,5009,50090000,50090000,195,325,50100000,21663
0,501,5010000,5010000,195,325,5020000,2165
0,5010,50100000,50100000,195,325,50110000,21670
0,5011,50110000,50110000,195,325,50120000,21672
0,5012,50120000,50120000,195,325,50130000,21678
0,5013,50130000,50130000,195,325,50140000,21682
0,5014,50140000,50140000,195,325,50150000,21685
0,5015,50150000,50150000,195,325,50160000,21691
0,5016,50160000,50160000,195,325,50170000,21695
0,5017,50170000,50170000,195,325,50180000,21701
0,5018,50180000,50180000,195,325,50190000,21703
0,5019,50190000,50190000,195,325,50200000,21707
0,502,5020000,5020000,195,325,5030000,2171
0,5020,50200000,50200000,195,325,50210000,21713
0,5021,50210000,50210000,195,325,50220000,21714
0,5022,50220000,50220000,195,325,50230000,21723
0,5023,50230000,50230000,195,325,50240000,21726
0,5024,50240000,50240000,195,325,50250000,21728
0,5025,50250000,50250000,195,325,50260000,21734
0,5026,50260000,50260000,195,325,50270000,21739
0,5027,50270000,50270000,195,325,50280000,21743
0,5028,50280000,50280000,195,325,50290000,21747
0,5029,50290000,50290000,195,325,50300000,21750
0,503,5030000,5030000,195,325,5040000,2172
0,5030,50300000,50300000,195,325,50310000,21755
0,5031,50310000,50310000,195,325,50320000,21759
0,5032,50320000,50320000,195,325,50330000,21766
0,5033,50330000,50330000,195,325,50340000,21768
0,5034,50340000,50340000,195,325,50350000,21772
0,5035,50350000,50350000,195,325,50360000,21778
0,5036,50360000,50360000,195,325,50370000,21781
0,5037,50370000,50370000,195,325,50380000,21787
0,5038,50380000,50380000,195,325,50390000,21790
0,5039,50390000,50390000,195,325,50400000,21791
0,504,5040000,5040000,195,325,5050000,2178
0,5040,50400000,50400000,195,325,50410000,21801
0,5041,50410000,50410000,195,325,50420000,21803
0,5042,50420000,50420000,195,325,50430000,21808
0,5043,50430000,50430000,195,325,50440000,21812
0,5044,50440000,50440000,195,325,50450000,21816
0,5045,50450000,50450000,195,325,50460000,21820
0,5046,50460000,50460000,195,325,50470000,21824
0,5047,50470000,50470000,195,325,50480000,21830
0,5048,50480000,50480000,195,325,50490000,21832
0,5049,50490000,50490000,195,325,50500000,21837
0,505,5050000,5050000,195,325,5060000,2183
0,5050,50500000,50500000,195,325,50510000,21844
0,5051,50510000,50510000,195,325,50520000,21845
0,5052,50520000,50520000,195,325,50530000,21852
0,5053,50530000,50530000,195,325,50540000,21855
0,5054,50540000,50540000,195,325,50550000,21858
0,5055,50550000,50550000,195,325,50560000,21864
0,5056,50560000,50560000,195,325,50570000,21867
0,5057,50570000,50570000,195,325,50580000,21873
0,5058,50580000,50580000,195,325,50590000,21878
0,5059,50590000,50590000,195,325,50600000,21880
0,506,5060000,5060000,195,325,5070000,2185
0,5060,50600000,50600000,195,325,50610000,21885
0,5061,50610000,50610000,195,325,50620000,21889
0,5062,50620000,50620000,195,325,50630000,21896
0,5063,50630000,50630000,195,325,50640000,21897
0,5064,50640000,50640000,195,325,50650000,21902
0,5065,50650000,50650000,195,325,50660000,21907
0,5066,50660000,50660000,195,325,50670000,21910
0,5067,50670000,50670000,195,325,50680000,21917
0,5068,50680000,50680000,195,325,50690000,21921
0,5069,50690000,50690000,195,325,50700000,21922
0,507,5070000,5070000,195,325,5080000,2192
0,5070,50700000,50700000,195,325,50710000,21929
0,5071,50710000,50710000,195,325,50720000,21933
0,5072,50720000,50720000,195,325,50730000,21938
0,5073,50730000,50730000,195,325,50740000,21941
0,5074,50740000,50740000,195,325,50750000,21945
0,5075,50750000,50750000,195,325,50760000,21950
0,5076,50760000,50760000,195,325,50770000,21955
0,5077,50770000,50770000,195,325,50780000,21960
0,5078,50780000,50780000,195,325,50790000,21963
0,5079,50790000,50790000,195,325,50800000,21966
0,508,5080000,5080000,195,325,5090000,2196
0,5080,50800000,50800000,195,325,50810000,21973
0,5081,50810000,50810000,195,325,50820000,21974
0,5082,50820000,50820000,195,325,50830000,21982
0,5083,50830000,50830000,195,325,50840000,21985
0,5084,50840000,50840000,195,325,50850000,21987
0,5085,50850000,50850000,195,325,50860000,21995
0,5086,50860000,50860000,195,325,50870000,21998
0,5087,50870000,50870000,195,325,50880000,22002
0,5088,50880000,50880000,195,325,50890000,22006
0,5089,50890000,50890000,195,325,50900000,22010
0,509,5090000,5090000,195,325,5100000,2197
0,5090,50900000,50900000,195,325,50910000,22015
0,5091,50910000,50910000,195,325,50920000,22019
0,5092,50920000,50920000,195,325,50930000,22026
0,5093,50930000,50930000,195,325,50940000,22027
0,5094,50940000,50940000,195,325,50950000,22032
0,5095,50950000,50950000,195,325,50960000,22037
0,5096,50960000,50960000,195,325,50970000,22040
0,5097,50970000,50970000,195,325,50980000,22046
0,5098,50980000,50980000,195,325,50990000,22050
0,5099,50990000,50990000,195,325,51000000,22052
0,51,510000,510000,195,325,520000,218
0,510,5100000,5100000,195,325,5110000,2205
0,5100,51000000,51000000,195,325,51010000,22060
0,5101,51010000,51010000,195,325,51020000,22062
0,5102,51020000,51020000,195,325,51030000,22067
0,5103,51030000,51030000,195,325,51040000,22072
0,5104,51040000,51040000,195,325,51050000,22075
0,5105,51050000,51050000,195,325,51060000,22079
0,5106,51060000,51060000,195,325,51070000,22084
0,5107,51070000,51070000,195,325,51080000,22090
0,5108,51080000,51080000,195,325,51090000,22093
0,5109,51090000,51090000,195,325,51100000,22096
0,511,5110000,5110000,195,325,5120000,2208
0,5110,51100000,51100000,195,325,51110000,22103
0,5111,51110000,51110000,195,325,51120000,22104
0,5112,51120000,51120000,195,325,51130000,22112
0,5113,51130000,51130000,195,325,51140000,22115
0,5114,51140000,51140000,195,325,51150000,22117
0,5115,51150000,51150000,195,325,51160000,22123
0,5116,51160000,51160000,195,325,51170000,22127
0,5117,51170000,51170000,195,325,51180000,22133
0,5118,51180000,51180000,195,325,51190000,22137
0,5119,51190000,51190000,195,325,51200000,22139
0,512,5120000,5120000,195,325,5130000,2213
0,5120,51200000,51200000,195,325,51210000,22145
0,5121,51210000,51210000,195,325,51220000,22149
0,5122,51220000,51220000,195,325,51230000,22155
0,5123,51230000,51230000,195,325,51240000,22156
0,5124,51240000,51240000,195,325,51250000,22161
0,5125,51250000,51250000,195,325,51260000,22168
0,5126,51260000,51260000,195,325,51270000,22170
0,5127,51270000,51270000,195,325,51280000,22177
0,5128,51280000,51280000,195,325,51290000,22180
0,5129,51290000,51290000,195,325,51300000,22181
0,513,5130000,5130000,195,325,5140000,2217
0,5130,51300000,51300000,195,325,51310000,22189
0,5131,51310000,51310000,195,325,51320000,22192
0,5132,51320000,51320000,195,325,51330000,22197
0,5133,51330000,51330000,195,325,51340000,22200
0,5134,51340000,51340000,195,325,51350000,22206
0,5135,51350000,51350000,195,325,51360000,22210
0,5136,51360000,51360000,195,325,51370000,22214
0,5137,51370000,51370000,195,325,51380000,22219
0,5138,51380000,51380000,195,325,51390000,22222
0,5139,51390000,51390000,195,325,51400000,22226
0,514,5140000,5140000,195,325,5150000,2221
0,5140,51400000,51400000,195,325,51410000,22232
0,5141,51410000,51410000,195,325,51420000,22234
0,5142,51420000,51420000,195,325,51430000,22242
0,5143,51430000,51430000,195,325,51440000,22245
0,5144,51440000,51440000,195,325,51450000,22247
0,5145,51450000,51450000,195,325,51460000,22254
0,5146,51460000,51460000,195,325,51470000,22257
0,5147,51470000,51470000,195,325,51480000,22261
0,5148,51480000,51480000,195,325,51490000,22267
0,5149,51490000,51490000,195,325,51500000,22269
0,515,5150000,5150000,195,325,5160000,2225
0,5150,51500000,51500000,195,325,51510000,22274
0,5151,51510000,51510000,195,325,51520000,22278
0,5152,51520000,51520000,195,325,51530000,22286
0,5153,51530000,51530000,195,325,51540000,22287
0,5154,51540000,51540000,195,325,51550000,22291
0,5155,51550000,51550000,195,325,51560000,22297
0,5156,51560000,51560000,195,325,51570000,22299
0,5157,51570000,51570000,195,325,51580000,22306
0,5158,51580000,51580000,195,325,51590000,22309
0,5159,51590000,51590000,195,325,51600000,22312
0,516,5160000,5160000,195,325,5170000,2229
0,5160,51600000,51600000,195,325,51610000,22319
0,5161,51610000,51610000,195,325,51620000,22322
0,5162,51620000,51620000,195,325,51630000,22328
0,5163,51630000,51630000,195,325,51640000,22331
0,5164,51640000,51640000,195,325,51650000,22334
0,5165,51650000,51650000,195,325,51660000,22338
0,5166,51660000,51660000,195,325,51670000,22344
0,5167,51670000,51670000,195,325,51680000,22349
0,5168,51680000,51680000,195,325,51690000,22352
0,5169,51690000,51690000,195,325,51700000,22356
0,517,5170000,5170000,195,325,5180000,2235
0,5170,51700000,51700000,195,325,51710000,22363
0,5171,51710000,51710000,195,325,51720000,22364
0,5172,51720000,51720000,195,325,51730000,22371
0,5173,51730000,51730000,195,325,51740000,22374
0,5174,51740000,51740000,195,325,51750000,22376
0,5175,51750000,51750000,195,325,51760000,22383
0,5176,51760000,51760000,195,325,51770000,22388
0,5177,51770000,51770000,195,325,51780000,22392
0,5178,51780000,51780000,195,325,51790000,22396
0,5179,51790000,51790000,195,325,51800000,22399
0,518,5180000,5180000,195,325,5190000,2239
0,5180,51800000,51800000,195,325,51810000,22405
0,5181,51810000,51810000,195,325,51820000,22408
0,5182,51820000,51820000,195,325,51830000,22414
0,5183,51830000,51830000,195,325,51840000,22416
0,5184,51840000,51840000,195,325,51850000,22421
0,5185,51850000,51850000,195,325,51860000,22427
0,5186,51860000,51860000,195,325,51870000,22429
0,5187,51870000,51870000,195,325,51880000,22436
0,5188,51880000,51880000,195,325,51890000,22440
0,5189,51890000,51890000,195,325,51900000,22441
0,519,5190000,5190000,195,325,5200000,2242
0,5190,51900000,51900000,195,325,51910000,22449
0,5191,51910000,51910000,195,325,51920000,22451
0,5192,51920000,51920000,195,325,51930000,22456
0,5193,51930000,51930000,195,325,51940000,22461
0,5194,51940000,51940000,195,325,51950000,22465
0,5195,51950000,51950000,195,325,51960000,22469
0,5196,51960000,51960000,195,325,51970000,22473
0,5197,51970000,51970000,195,325,51980000,22480
0,5198,51980000,51980000,195,325,51990000,22482
0,5199,51990000,51990000,195,325,52000000,22485
0,52,520000,520000,195,325,530000,225
0,520,5200000,5200000,195,325,5210000,2248
0,5200,52000000,52000000,195,325,52010000,22491
0,5201,52010000,52010000,195,325,52020000,22493
0,5202,52020000,52020000,195,325,52030000,22502
0,5203,52030000,52030000,195,325,52040000,22504
0,5204,52040000,52040000,195,325,52050000,22507
0,5205,52050000,52050000,195,325,52060000,22513
0,5206,52060000,52060000,195,325,52070000,22517
0,5207,52070000,52070000,195,325,52080000,22521
0,5208,52080000,52080000,195,325,52090000,22526
0,5209,52090000,52090000,195,325,52100000,22528
0,521,5210000,5210000,195,325,5220000,2250
0,5210,52100000,52100000,195,325,52110000,22534
0,5211,52110000,52110000,195,325,52120000,22539
0,5212,52120000,52120000,195,325,52130000,22545
0,5213,52130000,52130000,195,325,52140000,22546
0,5214,52140000,52140000,195,325,52150000,22550
0,5215,52150000,52150000,195,325,52160000,22557
0,5216,52160000,52160000,195,325,52170000,22559
0,5217,52170000,52170000,195,325,52180000,22565
0,5218,52180000,52180000,195,325,52190000,22569
0,5219,52190000,52190000,195,325,52200000,22571
0,522,5220000,5220000,195,325,5230000,2258
0,5220,52200000,52200000,195,325,52210000,22579
0,5221,52210000,52210000,195,325,52220000,22581
0,5222,52220000,52220000,195,325,52230000,22587
0,5223,52230000,52230000,195,325,52240000,22590
0,5224,52240000,52240000,195,325,52250000,22594
0,5225,52250000,52250000,195,325,52260000,22599
0,5226,52260000,52260000,195,325,52270000,22603
0,5227,52270000,52270000,195,325,52280000,22609
0,5228,52280000,52280000,195,325,52290000,22611
0,5229,52290000,52290000,195,325,52300000,22616
0,523,5230000,5230000,195,325,5240000,2260
0,5230,52300000,52300000,195,325,52310000,22622
0,5231,52310000,52310000,195,325,52320000,22623
0,5232,52320000,52320000,195,325,52330000,22631
0,5233,52330000,52330000,195,325,52340000,22634
0,5234,52340000,52340000,195,325,52350000,22636
0,5235,52350000,52350000,195,325,52360000,22642
0,5236,52360000,52360000,195,325,52370000,22647
0,5237,52370000,52370000,195,325,52380000,22651
0,5238,52380000,52380000,195,325,52390000,22656
0,5239,52390000,52390000,195,325,52400000,22659
0,524,5240000,5240000,195,325,5250000,2262
0,5240,52400000,52400000,195,325,52410000,22664
0,5241,52410000,52410000,195,325,52420000,22667
0,5242,52420000,52420000,195,325,52430000,22674
0,5243,52430000,52430000,195,325,52440000,22676
0,5244,52440000,52440000,195,325,52450000,22681
0,5245,52450000,52450000,195,325,52460000,22686
0,5246,52460000,52460000,195,325,52470000,22689
0,5247,52470000,52470000,195,325,52480000,22696
0,5248,52480000,52480000,195,325,52490000,22699
0,5249,52490000,52490000,195,325,52500000,22700
0,525,5250000,5250000,195,325,5260000,2269
0,5250,52500000,52500000,195,325,52510000,22708
0,5251,52510000,52510000,195,325,52520000,22711
0,5252,52520000,52520000,195,325,52530000,22716
0,5253,52530000,52530000,195,325,52540000,22721
0,5254,52540000,52540000,195,325,52550000,22724
0,5255,52550000,52550000,195,325,52560000,22728
0,5256,52560000,52560000,195,325,52570000,22733
0,5257,52570000,52570000,195,325,52580000,22739
0,5258,52580000,52580000,195,325,52590000,22741
0,5259,52590000,52590000,195,325,52600000,22744
0,526,5260000,5260000,195,325,5270000,2273
0,5260,52600000,52600000,195,325,52610000,22752
0,5261,52610000,52610000,195,325,52620000,22754
0,5262,52620000,52620000,195,325,52630000,22761
0,5263,52630000,52630000,195,325,52640000,22763
0,5264,52640000,52640000,195,325,52650000,22766
0,5265,52650000,52650000,195,325,52660000,22773
0,5266,52660000,52660000,195,325,52670000,22776
0,5267,52670000,52670000,195,325,52680000,22781
0,5268,52680000,52680000,195,325,52690000,22785
0,5269,52690000,52690000,195,325,52700000,22788
0,527,5270000,5270000,195,325,5280000,2278
0,5270,52700000,52700000,195,325,52710000,22794
0,5271,52710000,52710000,195,325,52720000,22798
0,5272,52720000,52720000,195,325,52730000,22804
0,5273,52730000,52730000,195,325,52740000,22805
0,5274,52740000,52740000,195,325,52750000,22811
0,5275,52750000,52750000,195,325,52760000,22816
0,5276,52760000,52760000,195,325,52770000,22818
0,5277,52770000,52770000,195,325,52780000,22824
0,5278,52780000,52780000,195,325,52790000,22830
0,5279,52790000,52790000,195,325,52800000,22831
0,528,5280000,5280000,195,325,5290000,2283
0,5280,52800000,52800000,195,325,52810000,22838
0,5281,52810000,52810000,195,325,52820000,22841
0,5282,52820000,52820000,195,325,52830000,22846
0,5283,52830000,52830000,195,325,52840000,22850
0,5284,52840000,52840000,195,325,52850000,22853
0,5285,52850000,52850000,195,325,52860000,22858
0,5286,52860000,52860000,195,325,52870000,22862
0,5287,52870000,52870000,195,325,52880000,22869
0,5288,52880000,52880000,195,325,52890000,22872
0,5289,52890000,52890000,195,325,52900000,22875
0,529,5290000,5290000,195,325,5300000,2285
0,5290,52900000,52900000,195,325,52910000,22881
0,5291,52910000,52910000,195,325,52920000,22882
0,5292,52920000,52920000,195,325,52930000,22891
0,5293,52930000,52930000,195,325,52940000,22893
0,5294,52940000,52940000,195,325,52950000,22895
0,5295,52950000,52950000,195,325,52960000,22903
0,5296,52960000,52960000,195,325,52970000,22907
0,5297,52970000,52970000,195,325,52980000,22911
0,5298,52980000,52980000,195,325,52990000,22915
0,5299,52990000,52990000,195,325,53000000,22918
0,53,530000,530000,195,325,540000,226
0,530,5300000,5300000,195,325,5310000,2290
0,5300,53000000,53000000,195,325,53010000,22923
0,5301,53010000,53010000,195,325,53020000,22927
0,5302,53020000,53020000,195,325,53030000,22934
0,5303,53030000,53030000,195,325,53040000,22935
0,5304,53040000,53040000,195,325,53050000,22940
0,5305,53050000,53050000,195,325,53060000,22946
0,5306,53060000,53060000,195,325,53070000,22949
0,5307,53070000,53070000,195,325,53080000,22955
0,5308,53080000,53080000,195,325,53090000,22958
0,5309,53090000,53090000,195,325,53100000,22960
0,531,5310000,5310000,195,325,5320000,2294
0,5310,53100000,53100000,195,325,53110000,22968
0,5311,53110000,53110000,195,325,53120000,22970
0,5312,53120000,53120000,195,325,53130000,22976
0,5313,53130000,53130000,195,325,53140000,22980
0,5314,53140000,53140000,195,325,53150000,22984
0,5315,53150000,53150000,195,325,53160000,22988
0,5316,53160000,53160000,195,325,53170000,22993
0,5317,53170000,53170000,195,325,53180000,22998
0,5318,53180000,53180000,195,325,53190000,23000
0,5319,53190000,53190000,195,325,53200000,23004
0,532,5320000,5320000,195,325,5330000,2301
0,5320,53200000,53200000,195,325,53210000,23011
0,5321,53210000,53210000,195,325,53220000,23013
0,5322,53220000,53220000,195,325,53230000,23020
0,5323,53230000,53230000,195,325,53240000,23024
0,5324,53240000,53240000,195,325,53250000,23026
0,5325,53250000,53250000,195,325,53260000,23032
0,5326,53260000,53260000,195,325,53270000,23035
0,5327,53270000,53270000,195,325,53280000,23040
0,5328,53280000,53280000,195,325,53290000,23045
0,5329,53290000,53290000,195,325,53300000,23048
0,533,5330000,5330000,195,325,5340000,2302
0,5330,53300000,53300000,195,325,53310000,23054
0,5331,53310000,53310000,195,325,53320000,23057
0,5332,53320000,53320000,195,325,53330000,23064
0,5333,53330000,53330000,195,325,53340000,23065
0,5334,53340000,53340000,195,325,53350000,23070
0,5335,53350000,53350000,195,325,53360000,23075
0,5336,53360000,53360000,195,325,53370000,23077
0,5337,53370000,53370000,195,325,53380000,23085
0,5338,53380000,53380000,195,325,53390000,23089
0,5339,53390000,53390000,195,325,53400000,23090
0,534,5340000,5340000,195,325,5350000,2306
0,5340,53400000,53400000,195,325,53410000,23097
0,5341,53410000,53410000,195,325,53420000,23101
0,5342,53420000,53420000,195,325,53430000,23106
0,5343,53430000,53430000,195,325,53440000,23109
0,5344,53440000,53440000,195,325,53450000,23113
0,5345,53450000,53450000,195,325,53460000,23117
0,5346,53460000,53460000,195,325,53470000,23123
0,5347,53470000,53470000,195,325,53480000,23128
0,5348,53480000,53480000,195,325,53490000,23131
0,5349,53490000,53490000,195,325,53500000,23134
0,535,5350000,5350000,195,325,5360000,2314
0,5350,53500000,53500000,195,325,53510000,23141
0,5351,53510000,53510000,195,325,53520000,23143
0,5352,53520000,53520000,195,325,53530000,23150
0,5353,53530000,53530000,195,325,53540000,23152
0,5354,53540000,53540000,195,325,53550000,23154
0,5355,53550000,53550000,195,325,53560000,23163
0,5356,53560000,53560000,195,325,53570000,23166
0,5357,53570000,53570000,195,325,53580000,23170
0,5358,53580000,53580000,195,325,53590000,23175
0,5359,53590000,53590000,195,325,53600000,23178
0,536,5360000,5360000,195,325,5370000,2316
0,5360,53600000,53600000,195,325,53610000,23183
0,5361,53610000,53610000,195,325,53620000,23186
0,5362,53620000,53620000,195,325,53630000,23193
0,5363,53630000,53630000,195,325,53640000,23195
0,5364,53640000,53640000,195,325,53650000,23200
0,5365,53650000,53650000,195,325,53660000,23206
0,5366,53660000,53660000,195,325,53670000,23208
0,5367,53670000,53670000,195,325,53680000,23214
0,5368,53680000,53680000,195,325,53690000,23218
0,5369,53690000,53690000,195,325,53700000,23220
0,537,5370000,5370000,195,325,5380000,2322
0,5370,53700000,53700000,195,325,53710000,23227
0,5371,53710000,53710000,195,325,53720000,23229
0,5372,53720000,53720000,195,325,53730000,23236
0,5373,53730000,53730000,195,325,53740000,23240
0,5374,53740000,53740000,195,325,53750000,23243
0,5375,53750000,53750000,195,325,53760000,23247
0,5376,53760000,53760000,195,325,53770000,23252
0,5377,53770000,53770000,195,325,53780000,23258
0,5378,53780000,53780000,195,325,53790000,23260
0,5379,53790000,53790000,195,325,53800000,23264
0,538,5380000,5380000,195,325,5390000,2325
0,5380,53800000,53800000,195,325,53810000,23271
0,5381,53810000,53810000,195,325,53820000,23272
0,5382,53820000,53820000,195,325,53830000,23280
0,5383,53830000,53830000,195,325,53840000,23283
0,5384,53840000,53840000,195,325,53850000,23285
0,5385,53850000,53850000,195,325,53860000,23291
0,5386,53860000,53860000,195,325,53870000,23296
0,5387,53870000,53870000,195,325,53880000,23300
0,5388,53880000,53880000,195,325,53890000,23304
0,5389,53890000,53890000,195,325,53900000,23307
0,539,5390000,5390000,195,325,5400000,2327
0,5390,53900000,53900000,195,325,53910000,23313
0,5391,53910000,53910000,195,325,53920000,23317
0,5392,53920000,53920000,195,325,53930000,23323
0,5393,53930000,53930000,195,325,53940000,23325
0,5394,53940000,53940000,195,325,53950000,23329
0,5395,53950000,53950000,195,325,53960000,23335
0,5396,53960000,53960000,195,325,53970000,23337
0,5397,53970000,53970000,195,325,53980000,23345
0,5398,53980000,53980000,195,325,53990000,23348
0,5399,53990000,53990000,195,325,54000000,23349
0,54,540000,540000,195,325,550000,231
0,540,5400000,5400000,195,325,5410000,2335
0,5400,54000000,54000000,195,325,54010000,23358
0,5401,54010000,54010000,195,325,54020000,23360
0,5402,54020000,54020000,195,325,54030000,23365
0,5403,54030000,54030000,195,325,54040000,23368
0,5404,54040000,54040000,195,325,54050000,23373
0,5405,54050000,54050000,195,325,54060000,23377
0,5406,54060000,54060000,195,325,54070000,23382
0,5407,54070000,54070000,195,325,54080000,23388
0,5408,54080000,54080000,195,325,54090000,23390
0,5409,54090000,54090000,195,325,54100000,23394
0,541,5410000,5410000,195,325,5420000,2337
0,5410,54100000,54100000,195,325,54110000,23400
0,5411,54110000,54110000,195,325,54120000,23402
0,5412,54120000,54120000,195,325,54130000,23409
0,5413,54130000,54130000,195,325,54140000,23412
0,5414,54140000,54140000,195,325,54150000,23416
0,5415,54150000,54150000,195,325,54160000,23422
0,5416,54160000,54160000,195,325,54170000,23425
0,5417,54170000,54170000,195,325,54180000,23429
0,5418,54180000,54180000,195,325,54190000,23435
0,5419,54190000,54190000,195,325,54200000,23437
0,542,5420000,5420000,195,325,5430000,2343
0,5420,54200000,54200000,195,325,54210000,23442
0,5421,54210000,54210000,195,325,54220000,23446
0,5422,54220000,54220000,195,325,54230000,23453
0,5423,54230000,54230000,195,325,54240000,23455
0,5424,54240000,54240000,195,325,54250000,23459
0,5425,54250000,54250000,195,325,54260000,23465
0,5426,54260000,54260000,195,325,54270000,23467
0,5427,54270000,54270000,195,325,54280000,23474
0,5428,54280000,54280000,195,325,54290000,23478
0,5429,54290000,54290000,195,325,54300000,23479
0,543,5430000,5430000,195,325,5440000,2346
0,5430,54300000,54300000,195,325,54310000,23486
0,5431,54310000,54310000,195,325,54320000,23490
0,5432,54320000,54320000,195,325,54330000,23496
0,5433,54330000,54330000,195,325,54340000,23499
0,5434,54340000,54340000,195,325,54350000,23502
0,5435,54350000,54350000,195,325,54360000,23507
0,5436,54360000,54360000,195,325,54370000,23512
0,5437,54370000,54370000,195,325,54380000,23517
0,5438,54380000,54380000,195,325,54390000,23519
0,5439,54390000,54390000,195,325,54400000,23523
0,544,5440000,5440000,195,325,5450000,2351
0,5440,54400000,54400000,195,325,54410000,23531
0,5441,54410000,54410000,195,325,54420000,23532
0,5442,54420000,54420000,195,325,54430000,23540
0,5443,54430000,54430000,195,325,54440000,23542
0,5444,54440000,54440000,195,325,54450000,23544
0,5445,54450000,54450000,195,325,54460000,23551
0,5446,54460000,54460000,195,325,54470000,23555
0,5447,54470000,54470000,195,325,54480000,23559
0,5448,54480000,54480000,195,325,54490000,23564
0,5449,54490000,54490000,195,325,54500000,23568
0,545,5450000,5450000,195,325,5460000,2355
0,5450,54500000,54500000,195,325,54510000,23573
0,5451,54510000,54510000,195,325,54520000,23576
0,5452,54520000,54520000,195,325,54530000,23582
0,5453,54530000,54530000,195,325,54540000,23584
0,5454,54540000,54540000,195,325,54550000,23589
0,5455,54550000,54550000,195,325,54560000,23594
0,5456,54560000,54560000,195,325,54570000,23597
0,5457,54570000,54570000,195,325,54580000,23604
0,5458,54580000,54580000,195,325,54590000,23608
0,5459,54590000,54590000,195,325,54600000,23609
0,546,5460000,5460000,195,325,5470000,2360
0,5460,54600000,54600000,195,325,54610000,23617
0,5461,54610000,54610000,195,325,54620000,23619
0,5462,54620000,54620000,195,325,54630000,23624
0,5463,54630000,54630000,195,325,54640000,23629
0,5464,54640000,54640000,195,325,54650000,23632
0,5465,54650000,54650000,195,325,54660000,23637
0,5466,54660000,54660000,195,325,54670000,23641
0,5467,54670000,54670000,195,325,54680000,23648
0,5468,54680000,54680000,195,325,54690000,23650
0,5469,54690000,54690000,195,325,54700000,23653
0,547,5470000,5470000,195,325,5480000,2365
0,5470,54700000,54700000,195,325,54710000,23660
0,5471,54710000,54710000,195,325,54720000,23661
0,5472,54720000,54720000,195,325,54730000,23669
0,5473,54730000,54730000,195,325,54740000,23671
0,5474,54740000,54740000,195,325,54750000,23675
0,5475,54750000,54750000,195,325,54760000,23681
0,5476,54760000,54760000,195,325,54770000,23685
0,5477,54770000,54770000,195,325,54780000,23690
0,5478,54780000,54780000,195,325,54790000,23694
0,5479,54790000,54790000,195,325,54800000,23696
0,548,5480000,5480000,195,325,5490000,2367
0,5480,54800000,54800000,195,325,54810000,23701
0,5481,54810000,54810000,195,325,54820000,23706
0,5482,54820000,54820000,195,325,54830000,23713
0,5483,54830000,54830000,195,325,54840000,23714
0,5484,54840000,54840000,195,325,54850000,23719
0,5485,54850000,54850000,195,325,54860000,23725
0,5486,54860000,54860000,195,325,54870000,23727
0,5487,54870000,54870000,195,325,54880000,23733
0,5488,54880000,54880000,195,325,54890000,23737
0,5489,54890000,54890000,195,325,54900000,23738
0,549,5490000,5490000,195,325,5500000,2372
0,5490,54900000,54900000,195,325,54910000,23746
0,5491,54910000,54910000,195,325,54920000,23750
0,5492,54920000,54920000,195,325,54930000,23755
0,5493,54930000,54930000,195,325,54940000,23758
0,5494,54940000,54940000,195,325,54950000,23762
0,5495,54950000,54950000,195,325,54960000,23767
0,5496,54960000,54960000,195,325,54970000,23771
0,5497,54970000,54970000,195,325,54980000,23776
0,5498,54980000,54980000,195,325,54990000,23779
0,5499,54990000,54990000,195,325,55000000,23784
0,55,550000,550000,195,325,560000,236
0,550,5500000,5500000,195,325,5510000,2378
0,5500,55000000,55000000,195,325,55010000,23790
0,5501,55010000,55010000,195,325,55020000,23791
0,5502,55020000,55020000,195,325,55030000,23799
0,5503,55030000,55030000,195,325,55040000,23802
0,5504,55040000,55040000,195,325,55050000,23804
0,5505,55050000,55050000,195,325,55060000,23811
0,5506,55060000,55060000,195,325,55070000,23814
0,5507,55070000,55070000,195,325,55080000,23818
0,5508,55080000,55080000,195,325,55090000,23824
0,5509,55090000,55090000,195,325,55100000,23827
0,551,5510000,5510000,195,325,5520000,2379
0,5510,55100000,55100000,195,325,55110000,23832
0,5511,55110000,55110000,195,325,55120000,23835
0,5512,55120000,55120000,195,325,55130000,23843
0,5513,55130000,55130000,195,325,55140000,23844
0,5514,55140000,55140000,195,325,55150000,23848
0,5515,55150000,55150000,195,325,55160000,23853
0,5516,55160000,55160000,195,325,55170000,23857
0,5517,55170000,55170000,195,325,55180000,23864
0,5518,55180000,55180000,195,325,55190000,23867
0,5519,55190000,55190000,195,325,55200000,23869
0,552,5520000,5520000,195,325,5530000,2387
0,5520,55200000,55200000,195,325,55210000,23876
0,5521,55210000,55210000,195,325,55220000,23879
0,5522,55220000,55220000,195,325,55230000,23884
0,5523,55230000,55230000,195,325,55240000,23888
0,5524,55240000,55240000,195,325,55250000,23891
0,5525,55250000,55250000,195,325,55260000,23896
0,5526,55260000,55260000,195,325,55270000,23902
0,5527,55270000,55270000,195,325,55280000,23907
0,5528,55280000,55280000,195,325,55290000,23909
0,5529,55290000,55290000,195,325,55300000,23912
0,553,5530000,5530000,195,325,5540000,2391
0,5530,55300000,55300000,195,325,55310000,23920
0,5531,55310000,55310000,195,325,55320000,23921
0,5532,55320000,55320000,195,325,55330000,23928
0,5533,55330000,55330000,195,325,55340000,23932
0,5534,55340000,55340000,195,325,55350000,23934
0,5535,55350000,55350000,195,325,55360000,23941
0,5536,55360000,55360000,195,325,55370000,23944
0,5537,55370000,55370000,195,325,55380000,23949
0,5538,55380000,55380000,195,325,55390000,23953
0,5539,55390000,55390000,195,325,55400000,23956
0,554,5540000,5540000,195,325,5550000,2393
0,5540,55400000,55400000,195,325,55410000,23962
0,5541,55410000,55410000,195,325,55420000,23965
0,5542,55420000,55420000,195,325,55430000,23972
0,5543,55430000,55430000,195,325,55440000,23973
0,5544,55440000,55440000,195,325,55450000,23979
0,5545,55450000,55450000,195,325,55460000,23984
0,5546,55460000,55460000,195,325,55470000,23986
0,5547,55470000,55470000,195,325,55480000,23993
0,5548,55480000,55480000,195,325,55490000,23997
0,5549,55490000,55490000,195,325,55500000,23998
0,555,5550000,5550000,195,325,5560000,2399
0,5550,55500000,55500000,195,325,55510000,24006
0,5551,55510000,55510000,195,325,55520000,24009
0,5552,55520000,55520000,195,325,55530000,24014
0,5553,55530000,55530000,195,325,55540000,24018
0,5554,55540000,55540000,195,325,55550000,24022
0,5555,55550000,55550000,195,325,55560000,24026
0,5556,55560000,55560000,195,325,55570000,24030
0,5557,55570000,55570000,195,325,55580000,24036
0,5558,55580000,55580000,195,325,55590000,24039
0,5559,55590000,55590000,195,325,55600000,24043
0,556,5560000,5560000,195,325,5570000,2403
0,5560,55600000,55600000,195,325,55610000,24049
0,5561,55610000,55610000,195,325,55620000,24051
0,5562,55620000,55620000,195,325,55630000,24059
0,5563,55630000,55630000,195,325,55640000,24061
0,5564,55640000,55640000,195,325,55650000,24063
0,5565,55650000,55650000,195,325,55660000,24070
0,5566,55660000,55660000,195,325,55670000,24074
0,5567,55670000,55670000,195,325,55680000,24079
0,5568,55680000,55680000,195,325,55690000,24084
0,5569,55690000,55690000,195,325,55700000,24086
0,557,5570000,5570000,195,325,5580000,2407
0,5570,55700000,55700000,195,325,55710000,24091
0,5571,55710000,55710000,195,325,55720000,24095
0,5572,55720000,55720000,195,325,55730000,24102
0,5573,55730000,55730000,195,325,55740000,24103
0,5574,55740000,55740000,195,325,55750000,24107
0,5575,55750000,55750000,195,325,55760000,24114
0,5576,55760000,55760000,195,325,55770000,24117
0,5577,55770000,55770000,195,325,55780000,24123
0,5578,55780000,55780000,195,325,55790000,24126
0,5579,55790000,55790000,195,325,55800000,24128
0,558,5580000,5580000,195,325,5590000,2412
0,5580,55800000,55800000,195,325,55810000,24136
0,5581,55810000,55810000,195,325,55820000,24138
0,5582,55820000,55820000,195,325,55830000,24144
0,5583,55830000,55830000,195,325,55840000,24147
0,5584,55840000,55840000,195,325,55850000,24152
0,5585,55850000,55850000,195,325,55860000,24156
0,5586,55860000,55860000,195,325,55870000,24161
0,5587,55870000,55870000,195,325,55880000,24166
0,5588,55880000,55880000,195,325,55890000,24168
0,5589,55890000,55890000,195,325,55900000,24173
0,559,5590000,5590000,195,325,5600000,2414
0,5590,55900000,55900000,195,325,55910000,24179
0,5591,55910000,55910000,195,325,55920000,24180
0,5592,55920000,55920000,195,325,55930000,24187
0,5593,55930000,55930000,195,325,55940000,24192
0,5594,55940000,55940000,195,325,55950000,24194
0,5595,55950000,55950000,195,325,55960000,24200
0,5596,55960000,55960000,195,325,55970000,24204
0,5597,55970000,55970000,195,325,55980000,24208
0,5598,55980000,55980000,195,325,55990000,24213
0,5599,55990000,55990000,195,325,56000000,24215
0,56,560000,560000,195,325,570000,239
0,560,5600000,5600000,195,325,5610000,2420
0,5600,56000000,56000000,195,325,56010000,24221
0,5601,56010000,56010000,195,325,56020000,24225
0,5602,56020000,56020000,195,325,56030000,24232
0,5603,56030000,56030000,195,325,56040000,24234
0,5604,56040000,56040000,195,325,56050000,24238
0,5605,56050000,56050000,195,325,56060000,24243
0,5606,56060000,56060000,195,325,56070000,24245
0,5607,56070000,56070000,195,325,56080000,24253
0,5608,56080000,56080000,195,325,56090000,24256
0,5609,56090000,56090000,195,325,56100000,24257
0,561,5610000,5610000,195,325,5620000,2424
0,5610,56100000,56100000,195,325,56110000,24266
0,5611,56110000,56110000,195,325,56120000,24269
0,5612,56120000,56120000,195,325,56130000,24274
0,5613,56130000,56130000,195,325,56140000,24277
0,5614,56140000,56140000,195,325,56150000,24281
0,5615,56150000,56150000,195,325,56160000,24285
0,5616,56160000,56160000,195,325,56170000,24290
0,5617,56170000,56170000,195,325,56180000,24296
0,5618,56180000,56180000,195,325,56190000,24299
0,5619,56190000,56190000,195,325,56200000,24302
0,562,5620000,5620000,195,325,5630000,2431
0,5620,56200000,56200000,195,325,56210000,24309
0,5621,56210000,56210000,195,325,56220000,24311
0,5622,56220000,56220000,195,325,56230000,24318
0,5623,56230000,56230000,195,325,56240000,24320
0,5624,56240000,56240000,195,325,56250000,24323
0,5625,56250000,56250000,195,325,56260000,24330
0,5626,56260000,56260000,195,325,56270000,24333
0,5627,56270000,56270000,195,325,56280000,24338
0,5628,56280000,56280000,195,325,56290000,24343
0,5629,56290000,56290000,195,325,56300000,24346
0,563,5630000,5630000,195,325,5640000,2433
0,5630,56300000,56300000,195,325,56310000,24351
0,5631,56310000,56310000,195,325,56320000,24355
0,5632,56320000,56320000,195,325,56330000,24361
0,5633,56330000,56330000,195,325,56340000,24362
0,5634,56340000,56340000,195,325,56350000,24367
0,5635,56350000,56350000,195,325,56360000,24374
0,5636,56360000,56360000,195,325,56370000,24376
0,5637,56370000,56370000,195,325,56380000,24382
0,5638,56380000,56380000,195,325,56390000,24387
0,5639,56390000,56390000,195,325,56400000,24388
0,564,5640000,5640000,195,325,5650000,2437
0,5640,56400000,56400000,195,325,56410000,24395
0,5641,56410000,56410000,195,325,56420000,24397
0,5642,56420000,56420000,195,325,56430000,24403
0,5643,56430000,56430000,195,325,56440000,24407
0,5644,56440000,56440000,195,325,56450000,24411
0,5645,56450000,56450000,195,325,56460000,24416
0,5646,56460000,56460000,195,325,56470000,24420
0,5647,56470000,56470000,195,325,56480000,24426
0,5648,56480000,56480000,195,325,56490000,24428
0,5649,56490000,56490000,195,325,56500000,24432
0,565,5650000,5650000,195,325,5660000,2442
0,5650,56500000,56500000,195,325,56510000,24438
0,5651,56510000,56510000,195,325,56520000,24439
0,5652,56520000,56520000,195,325,56530000,24449
0,5653,56530000,56530000,195,325,56540000,24451
0,5654,56540000,56540000,195,325,56550000,24453
0,5655,56550000,56550000,195,325,56560000,24459
0,5656,56560000,56560000,195,325,56570000,24464
0,5657,56570000,56570000,195,325,56580000,24468
0,5658,56580000,56580000,195,325,56590000,24472
0,5659,56590000,56590000,195,325,56600000,24475
0,566,5660000,5660000,195,325,5670000,2444
0,5660,56600000,56600000,195,325,56610000,24480
0,5661,56610000,56610000,195,325,56620000,24485
0,5662,56620000,56620000,195,325,56630000,24491
0,5663,56630000,56630000,195,325,56640000,24493
0,5664,56640000,56640000,195,325,56650000,24497
0,5665,56650000,56650000,195,325,56660000,24503
0,5666,56660000,56660000,195,325,56670000,24506
0,5667,56670000,56670000,195,325,56680000,24512
0,5668,56680000,56680000,195,325,56690000,24515
0,5669,56690000,56690000,195,325,56700000,24517
0,567,5670000,5670000,195,325,5680000,2452
0,5670,56700000,56700000,195,325,56710000,24526
0,5671,56710000,56710000,195,325,56720000,24528
0,5672,56720000,56720000,195,325,56730000,24533
0,5673,56730000,56730000,195,325,56740000,24537
0,5674,56740000,56740000,195,325,56750000,24541
0,5675,56750000,56750000,195,325,56760000,24545
0,5676,56760000,56760000,195,325,56770000,24549
0,5677,56770000,56770000,195,325,56780000,24555
0,5678,56780000,56780000,195,325,56790000,24558
0,5679,56790000,56790000,195,325,56800000,24562
0,568,5680000,5680000,195,325,5690000,2455
0,5680,56800000,56800000,195,325,56810000,24569
0,5681,56810000,56810000,195,325,56820000,24570
0,5682,56820000,56820000,195,325,56830000,24577
0,5683,56830000,56830000,195,325,56840000,24580
0,5684,56840000,56840000,195,325,56850000,24583
0,5685,56850000,56850000,195,325,56860000,24589
0,5686,56860000,56860000,195,325,56870000,24593
0,5687,56870000,56870000,195,325,56880000,24598
0,5688,56880000,56880000,195,325,56890000,24603
0,5689,56890000,56890000,195,325,56900000,24605
0,569,5690000,5690000,195,325,5700000,2457
0,5690,56900000,56900000,195,325,56910000,24610
0,5691,56910000,56910000,195,325,56920000,24614
0,5692,56920000,56920000,195,325,56930000,24621
0,5693,56930000,56930000,195,325,56940000,24622
0,5694,56940000,56940000,195,325,56950000,24627
0,5695,56950000,56950000,195,325,56960000,24633
0,5696,56960000,56960000,195,325,56970000,24635
0,5697,56970000,56970000,195,325,56980000,24642
0,5698,56980000,56980000,195,325,56990000,24646
0,5699,56990000,56990000,195,325,57000000,24647
0,57,570000,570000,195,325,580000,245
0,570,5700000,5700000,195,325,5710000,2465
0,5700,57000000,57000000,195,325,57010000,24654
0,5701,57010000,57010000,195,325,57020000,24658
0,5702,57020000,57020000,195,325,57030000,24663
0,5703,57030000,57030000,195,325,57040000,24667
0,5704,57040000,57040000,195,325,57050000,24670
0,5705,57050000,57050000,195,325,57060000,24675
0,5706,57060000,57060000,195,325,57070000,24680
0,5707,57070000,57070000,195,325,57080000,24685
0,5708,57080000,57080000,195,325,57090000,24688
0,5709,57090000,57090000,195,325,57100000,24691
0,571,5710000,5710000,195,325,5720000,2468
0,5710,57100000,57100000,195,325,57110000,24698
0,5711,57110000,57110000,195,325,57120000,24699
0,5712,57120000,57120000,195,325,57130000,24708
0,5713,57130000,57130000,195,325,57140000,24710
0,5714,57140000,57140000,195,325,57150000,24712
0,5715,57150000,57150000,195,325,57160000,24720
0,5716,57160000,57160000,195,325,57170000,24723
0,5717,57170000,57170000,195,325,57180000,24727
0,5718,57180000,57180000,195,325,57190000,24731
0,5719,57190000,57190000,195,325,57200000,24735
0,572,5720000,5720000,195,325,5730000,2473
0,5720,57200000,57200000,195,325,57210000,24741
0,5721,57210000,57210000,195,325,57220000,24744
0,5722,57220000,57220000,195,325,57230000,24751
0,5723,57230000,57230000,195,325,57240000,24752
0,5724,57240000,57240000,195,325,57250000,24757
0,5725,57250000,57250000,195,325,57260000,24762
0,5726,57260000,57260000,195,325,57270000,24765
0,5727,57270000,57270000,195,325,57280000,24771
0,5728,57280000,57280000,195,325,57290000,24775
0,5729,57290000,57290000,195,325,57300000,24778
0,573,5730000,5730000,195,325,5740000,2476
0,5730,57300000,57300000,195,325,57310000,24785
0,5731,57310000,57310000,195,325,57320000,24787
0,5732,57320000,57320000,195,325,57330000,24792
0,5733,57330000,57330000,195,325,57340000,24797
0,5734,57340000,57340000,195,325,57350000,24800
0,5735,57350000,57350000,195,325,57360000,24804
0,5736,57360000,57360000,195,325,57370000,24809
0,5737,57370000,57370000,195,325,57380000,24816
0,5738,57380000,57380000,195,325,57390000,24818
0,5739,57390000,57390000,195,325,57400000,24821
0,574,5740000,5740000,195,325,5750000,2480
0,5740,57400000,57400000,195,325,57410000,24828
0,5741,57410000,57410000,195,325,57420000,24829
0,5742,57420000,57420000,195,325,57430000,24837
0,5743,57430000,57430000,195,325,57440000,24840
0,5744,57440000,57440000,195,325,57450000,24842
0,5745,57450000,57450000,195,325,57460000,24848
0,5746,57460000,57460000,195,325,57470000,24853
0,5747,57470000,57470000,195,325,57480000,24858
0,5748,57480000,57480000,195,325,57490000,24862
0,5749,57490000,57490000,195,325,57500000,24864
0,575,5750000,5750000,195,325,5760000,2484
0,5750,57500000,57500000,195,325,57510000,24870
0,5751,57510000,57510000,195,325,57520000,24874
0,5752,57520000,57520000,195,325,57530000,24880
0,5753,57530000,57530000,195,325,57540000,24881
0,5754,57540000,57540000,195,325,57550000,24887
0,5755,57550000,57550000,195,325,57560000,24893
0,5756,57560000,57560000,195,325,57570000,24895
0,5757,57570000,57570000,195,325,57580000,24902
0,5758,57580000,57580000,195,325,57590000,24905
0,5759,57590000,57590000,195,325,57600000,24906
0,576,5760000,5760000,195,325,5770000,2489
0,5760,57600000,57600000,195,325,57610000,24914
0,5761,57610000,57610000,195,325,57620000,24917
0,5762,57620000,57620000,195,325,57630000,24922
0,5763,57630000,57630000,195,325,57640000,24926
0,5764,57640000,57640000,195,325,57650000,24931
0,5765,57650000,57650000,195,325,57660000,24935
0,5766,57660000,57660000,195,325,57670000,24939
0,5767,57670000,57670000,195,325,57680000,24944
0,5768,57680000,57680000,195,325,57690000,24947
0,5769,57690000,57690000,195,325,57700000,24951
0,577,5770000,5770000,195,325,5780000,2495
0,5770,57700000,57700000,195,325,57710000,24957
0,5771,57710000,57710000,195,325,57720000,24960
0,5772,57720000,57720000,195,325,57730000,24967
0,5773,57730000,57730000,195,325,57740000,24970
0,5774,57740000,57740000,195,325,57750000,24972
0,5775,57750000,57750000,195,325,57760000,24979
0,5776,57760000,57760000,195,325,57770000,24982
0,5777,57770000,57770000,195,325,57780000,24986
0,5778,57780000,57780000,195,325,57790000,24992
0,5779,57790000,57790000,195,325,57800000,24994
0,578,5780000,5780000,195,325,5790000,2498
0,5780,57800000,57800000,195,325,57810000,25000
0,5781,57810000,57810000,195,325,57820000,25003
0,5782,57820000,57820000,195,325,57830000,25011
0,5783,57830000,57830000,195,325,57840000,25012
0,5784,57840000,57840000,195,325,57850000,25016
0,5785,57850000,57850000,195,325,57860000,25022
0,5786,57860000,57860000,195,325,57870000,25024
0,5787,57870000,57870000,195,325,57880000,25031
0,5788,57880000,57880000,195,325,57890000,25035
0,5789,57890000,57890000,195,325,57900000,25037
0,579,5790000,5790000,195,325,5800000,2501
0,5790,57900000,57900000,195,325,57910000,25044
0,5791,57910000,57910000,195,325,57920000,25047
0,5792,57920000,57920000,195,325,57930000,25053
0,5793,57930000,57930000,195,325,57940000,25056
0,5794,57940000,57940000,195,325,57950000,25059
0,5795,57950000,57950000,195,325,57960000,25063
0,5796,57960000,57960000,195,325,57970000,25069
0,5797,57970000,57970000,195,325,57980000,25075
0,5798,57980000,57980000,195,325,57990000,25077
0,5799,57990000,57990000,195,325,58000000,25081
0,58,580000,580000,195,325,590000,249
0,580,5800000,5800000,195,325,5810000,2508
0,5800,58000000,58000000,195,325,58010000,25088
0,5801,58010000,58010000,195,325,58020000,25089
0,5802,58020000,58020000,195,325,58030000,25096
0,5803,58030000,58030000,195,325,58040000,25099
0,5804,58040000,58040000,195,325,58050000,25101
0,5805,58050000,58050000,195,325,58060000,25109
0,5806,58060000,58060000,195,325,58070000,25113
0,5807,58070000,58070000,195,325,58080000,25117
0,5808,58080000,58080000,195,325,58090000,25121
0,5809,58090000,58090000,195,325,58100000,25124
0,581,5810000,5810000,195,325,5820000,2510
0,5810,58100000,58100000,195,325,58110000,25130
0,5811,58110000,58110000,195,325,58120000,25133
0,5812,58120000,58120000,195,325,58130000,25139
0,5813,58130000,58130000,195,325,58140000,25141
0,5814,58140000,58140000,195,325,58150000,25147
0,5815,58150000,58150000,195,325,58160000,25152
0,5816,58160000,58160000,195,325,58170000,25154
0,5817,58170000,58170000,195,325,58180000,25161
0,5818,58180000,58180000,195,325,58190000,25165
0,5819,58190000,58190000,195,325,58200000,25166
0,582,5820000,5820000,195,325,5830000,2517
0,5820,58200000,58200000,195,325,58210000,25174
0,5821,58210000,58210000,195,325,58220000,25176
0,5822,58220000,58220000,195,325,58230000,25182
0,5823,58230000,58230000,195,325,58240000,25186
0,5824,58240000,58240000,195,325,58250000,25190
0,5825,58250000,58250000,195,325,58260000,25194
0,5826,58260000,58260000,195,325,58270000,25198
0,5827,58270000,58270000,195,325,58280000,25205
0,5828,58280000,58280000,195,325,58290000,25207
0,5829,58290000,58290000,195,325,58300000,25210
0,583,5830000,5830000,195,325,5840000,2519
0,5830,58300000,58300000,195,325,58310000,25216
0,5831,58310000,58310000,195,325,58320000,25219
0,5832,58320000,58320000,195,325,58330000,25227
0,5833,58330000,58330000,195,325,58340000,25229
0,5834,58340000,58340000,195,325,58350000,25232
0,5835,58350000,58350000,195,325,58360000,25238
0,5836,58360000,58360000,195,325,58370000,25242
0,5837,58370000,58370000,195,325,58380000,25246
0,5838,58380000,58380000,195,325,58390000,25251
0,5839,58390000,58390000,195,325,58400000,25254
0,584,5840000,5840000,195,325,5850000,2522
0,5840,58400000,58400000,195,325,58410000,25259
0,5841,58410000,58410000,195,325,58420000,25264
0,5842,58420000,58420000,195,325,58430000,25270
0,5843,58430000,58430000,195,325,58440000,25271
0,5844,58440000,58440000,195,325,58450000,25275
0,5845,58450000,58450000,195,325,58460000,25282
0,5846,58460000,58460000,195,325,58470000,25284
0,5847,58470000,58470000,195,325,58480000,25290
0,5848,58480000,58480000,195,325,58490000,25295
0,5849,58490000,58490000,195,325,58500000,25296
0,585,5850000,5850000,195,325,5860000,2529
0,5850,58500000,58500000,195,325,58510000,25304
0,5851,58510000,58510000,195,325,58520000,25306
0,5852,58520000,58520000,195,325,58530000,25312
0,5853,58530000,58530000,195,325,58540000,25315
0,5854,58540000,58540000,195,325,58550000,25319
0,5855,58550000,58550000,195,325,58560000,25324
0,5856,58560000,58560000,195,325,58570000,25329
0,5857,58570000,58570000,195,325,58580000,25334
0,5858,58580000,58580000,195,325,58590000,25336
0,5859,58590000,58590000,195,325,58600000,25341
0,586,5860000,5860000,195,325,5870000,2533
0,5860,58600000,58600000,195,325,58610000,25347
0,5861,58610000,58610000,195,325,58620000,25348
0,5862,58620000,58620000,195,325,58630000,25356
0,5863,58630000,58630000,195,325,58640000,25359
0,5864,58640000,58640000,195,325,58650000,25361
0,5865,58650000,58650000,195,325,58660000,25368
0,5866,58660000,58660000,195,325,58670000,25372
0,5867,58670000,58670000,195,325,58680000,25376
0,5868,58680000,58680000,195,325,58690000,25381
0,5869,58690000,58690000,195,325,58700000,25384
0,587,5870000,5870000,195,325,5880000,2537
0,5870,58700000,58700000,195,325,58710000,25389
0,5871,58710000,58710000,195,325,58720000,25392
0,5872,58720000,58720000,195,325,58730000,25399
0,5873,58730000,58730000,195,325,58740000,25402
0,5874,58740000,58740000,195,325,58750000,25406
0,5875,58750000,58750000,195,325,58760000,25411
0,5876,58760000,58760000,195,325,58770000,25414
0,5877,58770000,58770000,195,325,58780000,25421
0,5878,58780000,58780000,195,325,58790000,25424
0,5879,58790000,58790000,195,325,58800000,25425
0,588,5880000,5880000,195,325,5890000,2542
0,5880,58800000,58800000,195,325,58810000,25433
0,5881,58810000,58810000,195,325,58820000,25436
0,5882,58820000,58820000,195,325,58830000,25442
0,5883,58830000,58830000,195,325,58840000,25446
0,5884,58840000,58840000,195,325,58850000,25449
0,5885,58850000,58850000,195,325,58860000,25453
0,5886,58860000,58860000,195,325,58870000,25458
0,5887,58870000,58870000,195,325,58880000,25464
0,5888,58880000,58880000,195,325,58890000,25466
0,5889,58890000,58890000,195,325,58900000,25469
0,589,5890000,5890000,195,325,5900000,2545
0,5890,58900000,58900000,195,325,58910000,25478
0,5891,58910000,58910000,195,325,58920000,25479
0,5892,58920000,58920000,195,325,58930000,25486
0,5893,58930000,58930000,195,325,58940000,25488
0,5894,58940000,58940000,195,325,58950000,25491
0,5895,58950000,58950000,195,325,58960000,25498
0,5896,58960000,58960000,195,325,58970000,25501
0,5897,58970000,58970000,195,325,58980000,25506
0,5898,58980000,58980000,195,325,58990000,25510
0,5899,58990000,58990000,195,325,59000000,25514
0,59,590000,590000,195,325,600000,252
0,590,5900000,5900000,195,325,5910000,2550
0,5900,59000000,59000000,195,325,59010000,25519
0,5901,59010000,59010000,195,325,59020000,25523
0,5902,59020000,59020000,195,325,59030000,25529
0,5903,59030000,59030000,195,325,59040000,25530
0,5904,59040000,59040000,195,325,59050000,25536
0,5905,59050000,59050000,195,325,59060000,25541
0,5906,59060000,59060000,195,325,59070000,25543
0,5907,59070000,59070000,195,325,59080000,25550
0,5908,59080000,59080000,195,325,59090000,25555
0,5909,59090000,59090000,195,325,59100000,25556
0,591,5910000,5910000,195,325,5920000,2554
0,5910,59100000,59100000,195,325,59110000,25563
0,5911,59110000,59110000,195,325,59120000,25566
0,5912,59120000,59120000,195,325,59130000,25571
0,5913,59130000,59130000,195,325,59140000,25575
0,5914,59140000,59140000,195,325,59150000,25578
0,5915,59150000,59150000,195,325,59160000,25583
0,5916,59160000,59160000,195,325,59170000,25588
0,5917,59170000,59170000,195,325,59180000,25594
0,5918,59180000,59180000,195,325,59190000,25597
0,5919,59190000,59190000,195,325,59200000,25600
0,592,5920000,5920000,195,325,5930000,2560
0,5920,59200000,59200000,195,325,59210000,25606
0,5921,59210000,59210000,195,325,59220000,25607
0,5922,59220000,59220000,195,325,59230000,25616
0,5923,59230000,59230000,195,325,59240000,25618
0,5924,59240000,59240000,195,325,59250000,25621
0,5925,59250000,59250000,195,325,59260000,25628
0,5926,59260000,59260000,195,325,59270000,25632
0,5927,59270000,59270000,195,325,59280000,25636
0,5928,59280000,59280000,195,325,59290000,25640
0,5929,59290000,59290000,195,325,59300000,25643
0,593,5930000,5930000,195,325,5940000,2561
0,5930,59300000,59300000,195,325,59310000,25648
0,5931,59310000,59310000,195,325,59320000,25652
0,5932,59320000,59320000,195,325,59330000,25659
0,5933,59330000,59330000,195,325,59340000,25661
0,5934,59340000,59340000,195,325,59350000,25665
0,5935,59350000,59350000,195,325,59360000,25671
0,5936,59360000,59360000,195,325,59370000,25674
0,5937,59370000,59370000,195,325,59380000,25680
0,5938,59380000,59380000,195,325,59390000,25683
0,5939,59390000,59390000,195,325,59400000,25685
0,594,5940000,5940000,195,325,5950000,2566
0,5940,59400000,59400000,195,325,59410000,25693
0,5941,59410000,59410000,195,325,59420000,25696
0,5942,59420000,59420000,195,325,59430000,25701
0,5943,59430000,59430000,195,325,59440000,25705
0,5944,59440000,59440000,195,325,59450000,25709
0,5945,59450000,59450000,195,325,59460000,25713
0,5946,59460000,59460000,195,325,59470000,25718
0,5947,59470000,59470000,195,325,59480000,25723
0,5948,59480000,59480000,195,325,59490000,25725
0,5949,59490000,59490000,195,325,59500000,25729
0,595,5950000,5950000,195,325,5960000,2573
0,5950,59500000,59500000,195,325,59510000,25737
0,5951,59510000,59510000,195,325,59520000,25738
0,5952,59520000,59520000,195,325,59530000,25745
0,5953,59530000,59530000,195,325,59540000,25749
0,5954,59540000,59540000,195,325,59550000,25751
0,5955,59550000,59550000,195,325,59560000,25757
0,5956,59560000,59560000,195,325,59570000,25760
0,5957,59570000,59570000,195,325,59580000,25765
0,5958,59580000,59580000,195,325,59590000,25771
0,5959,59590000,59590000,195,325,59600000,25773
0,596,5960000,5960000,195,325,5970000,2575
0,5960,59600000,59600000,195,325,59610000,25779
0,5961,59610000,59610000,195,325,59620000,25782
0,5962,59620000,59620000,195,325,59630000,25789
0,5963,59630000,59630000,195,325,59640000,25790
0,5964,59640000,59640000,195,325,59650000,25795
0,5965,59650000,59650000,195,325,59660000,25800
0,5966,59660000,59660000,195,325,59670000,25802
0,5967,59670000,59670000,195,325,59680000,25811
0,5968,59680000,59680000,195,325,59690000,25814
0,5969,59690000,59690000,195,325,59700000,25815
0,597,5970000,5970000,195,325,5980000,2581
0,5970,59700000,59700000,195,325,59710000,25822
0,5971,59710000,59710000,195,325,59720000,25826
0,5972,59720000,59720000,195,325,59730000,25831
0,5973,59730000,59730000,195,325,59740000,25834
0,5974,59740000,59740000,195,325,59750000,25838
0,5975,59750000,59750000,195,325,59760000,25843
0,5976,59760000,59760000,195,325,59770000,25848
0,5977,59770000,59770000,195,325,59780000,25853
0,5978,59780000,59780000,195,325,59790000,25856
0,5979,59790000,59790000,195,325,59800000,25859
0,598,5980000,5980000,195,325,5990000,2586
0,5980,59800000,59800000,195,325,59810000,25866
0,5981,59810000,59810000,195,325,59820000,25868
0,5982,59820000,59820000,195,325,59830000,25875
0,5983,59830000,59830000,195,325,59840000,25877
0,5984,59840000,59840000,195,325,59850000,25880
0,5985,59850000,59850000,195,325,59860000,25888
0,5986,59860000,59860000,195,325,59870000,25891
0,5987,59870000,59870000,195,325,59880000,25895
0,5988,59880000,59880000,195,325,59890000,25900
0,5989,59890000,59890000,195,325,59900000,25903
0,599,5990000,5990000,195,325,6000000,2587
0,5990,59900000,59900000,195,325,59910000,25908
0,5991,59910000,59910000,195,325,59920000,25911
0,5992,59920000,59920000,195,325,59930000,25919
0,5993,59930000,59930000,195,325,59940000,25920
0,5994,59940000,59940000,195,325,59950000,25925
0,5995,59950000,59950000,195,325,59960000,25931
0,5996,59960000,59960000,195,325,59970000,25933
0,5997,59970000,59970000,195,325,59980000,25939
0,5998,59980000,59980000,195,325,59990000,25943
0,5999,59990000,59990000,195,325,60000000,25945
0,6,60000,60000,195,325,70000,23
0,60,600000,600000,195,325,610000,259
0,600,6000000,6000000,195,325,6010000,2594
0,6000,60000000,60000000,195,325,60010000,25952
0,6001,60010000,60010000,195,325,60020000,25955
0,6002,60020000,60020000,195,325,60030000,25961
0,6003,60030000,60030000,195,325,60040000,25965
0,6004,60040000,60040000,195,325,60050000,25968
0,6005,60050000,60050000,195,325,60060000,25972
0,6006,60060000,60060000,195,325,60070000,25977
0,6007,60070000,60070000,195,325,60080000,25983
0,6008,60080000,60080000,195,325,60090000,25985
0,6009,60090000,60090000,195,325,60100000,25990
0,601,6010000,6010000,195,325,6020000,2596
0,6010,60100000,60100000,195,325,60110000,25996
0,6011,60110000,60110000,195,325,60120000,25997
0,6012,60120000,60120000,195,325,60130000,26005
0,6013,60130000,60130000,195,325,60140000,26008
0,6014,60140000,60140000,195,325,60150000,26010
0,6015,60150000,60150000,195,325,60160000,26016
0,6016,60160000,60160000,195,325,60170000,26021
0,6017,60170000,60170000,195,325,60180000,26025
0,6018,60180000,60180000,195,325,60190000,26030
0,6019,60190000,60190000,195,325,60200000,26032
0,602,6020000,6020000,195,325,6030000,2602
0,6020,60200000,60200000,195,325,60210000,26038
0,6021,60210000,60210000,195,325,60220000,26042
0,6022,60220000,60220000,195,325,60230000,26048
0,6023,60230000,60230000,195,325,60240000,26050
0,6024,60240000,60240000,195,325,60250000,26054
0,6025,60250000,60250000,195,325,60260000,26060
0,6026,60260000,60260000,195,325,60270000,26063
0,6027,60270000,60270000,195,325,60280000,26070
0,6028,60280000,60280000,195,325,60290000,26073
0,6029,60290000,60290000,195,325,60300000,26074
0,603,6030000,6030000,195,325,6040000,2607
0,6030,60300000,60300000,195,325,60310000,26083
0,6031,60310000,60310000,195,325,60320000,26085
0,6032,60320000,60320000,195,325,60330000,26090
0,6033,60330000,60330000,195,325,60340000,26093
0,6034,60340000,60340000,195,325,60350000,26098
0,6035,60350000,60350000,195,325,60360000,26103
0,6036,60360000,60360000,195,325,60370000,26107
0,6037,60370000,60370000,195,325,60380000,26113
0,6038,60380000,60380000,195,325,60390000,26115
0,6039,60390000,60390000,195,325,60400000,26119
0,604,6040000,6040000,195,325,6050000,2610
0,6040,60400000,60400000,195,325,60410000,26125
0,6041,60410000,60410000,195,325,60420000,26127
0,6042,60420000,60420000,195,325,60430000,26134
0,6043,60430000,60430000,195,325,60440000,26138
0,6044,60440000,60440000,195,325,60450000,26141
0,6045,60450000,60450000,195,325,60460000,26147
0,6046,60460000,60460000,195,325,60470000,26150
0,6047,60470000,60470000,195,325,60480000,26154
0,6048,60480000,60480000,195,325,60490000,26160
0,6049,60490000,60490000,195,325,60500000,26162
0,605,6050000,6050000,195,325,6060000,2615
0,6050,60500000,60500000,195,325,60510000,26167
0,6051,60510000,60510000,195,325,60520000,26171
0,6052,60520000,60520000,195,325,60530000,26179
0,6053,60530000,60530000,195,325,60540000,26180
0,6054,60540000,60540000,195,325,60550000,26184
0,6055,60550000,60550000,195,325,60560000,26190
0,6056,60560000,60560000,195,325,60570000,26192
0,6057,60570000,60570000,195,325,60580000,26199
0,6058,60580000,60580000,195,325,60590000,26203
0,6059,60590000,60590000,195,325,60600000,26204
0,606,6060000,6060000,195,325,6070000,2619
0,6060,60600000,60600000,195,325,60610000,26212
0,6061,60610000,60610000,195,325,60620000,26215
0,6062,60620000,60620000,195,325,60630000,26221
0,6063,60630000,60630000,195,325,60640000,26224
0,6064,60640000,60640000,195,325,60650000,26227
0,6065,60650000,60650000,195,325,60660000,26232
0,6066,60660000,60660000,195,325,60670000,26237
0,6067,60670000,60670000,195,325,60680000,26242
0,6068,60680000,60680000,195,325,60690000,26244
0,6069,60690000,60690000,195,325,60700000,26249
0,607,6070000,6070000,195,325,6080000,2625
0,6070,60700000,60700000,195,325,60710000,26256
0,6071,60710000,60710000,195,325,60720000,26257
0,6072,60720000,60720000,195,325,60730000,26265
0,6073,60730000,60730000,195,325,60740000,26267
0,6074,60740000,60740000,195,325,60750000,26269
0,6075,60750000,60750000,195,325,60760000,26276
0,6076,60760000,60760000,195,325,60770000,26280
0,6077,60770000,60770000,195,325,60780000,26285
0,6078,60780000,60780000,195,325,60790000,26289
0,6079,60790000,60790000,195,325,60800000,26293
0,608,6080000,6080000,195,325,6090000,2627
0,6080,60800000,60800000,195,325,60810000,26298
0,6081,60810000,60810000,195,325,60820000,26301
0,6082,60820000,60820000,195,325,60830000,26307
0,6083,60830000,60830000,195,325,60840000,26309
0,6084,60840000,60840000,195,325,60850000,26314
0,6085,60850000,60850000,195,325,60860000,26319
0,6086,60860000,60860000,195,325,60870000,26323
0,6087,60870000,60870000,195,325,60880000,26329
0,6088,60880000,60880000,195,325,60890000,26333
0,6089,60890000,60890000,195,325,60900000,26334
0,609,6090000,6090000,195,325,6100000,2631
0,6090,60900000,60900000,195,325,60910000,26342
0,6091,60910000,60910000,195,325,60920000,26344
0,6092,60920000,60920000,195,325,60930000,26349
0,6093,60930000,60930000,195,325,60940000,26354
0,6094,60940000,60940000,195,325,60950000,26358
0,6095,60950000,60950000,195,325,60960000,26362
0,6096,60960000,60960000,195,325,60970000,26366
0,6097,60970000,60970000,195,325,60980000,26373
0,6098,60980000,60980000,195,325,60990000,26375
0,6099,60990000,60990000,195,325,61000000,26378
0,61,610000,610000,195,325,620000,261
0,610,6100000,6100000,195,325,6110000,2637
0,6100,61000000,61000000,195,325,61010000,26385
0,6101,61010000,61010000,195,325,61020000,26386
0,6102,61020000,61020000,195,325,61030000,26394
0,6103,61030000,61030000,195,325,61040000,26397
0,6104,61040000,61040000,195,325,61050000,26400
0,6105,61050000,61050000,195,325,61060000,26406
0,6106,61060000,61060000,195,325,61070000,26410
0,6107,61070000,61070000,195,325,61080000,26415
0,6108,61080000,61080000,195,325,61090000,26419
0,6109,61090000,61090000,195,325,61100000,26421
0,611,6110000,6110000,195,325,6120000,2638
0,6110,61100000,61100000,195,325,61110000,26426
0,6111,61110000,61110000,195,325,61120000,26432
0,6112,61120000,61120000,195,325,61130000,26438
0,6113,61130000,61130000,195,325,61140000,26439
0,6114,61140000,61140000,195,325,61150000,26444
0,6115,61150000,61150000,195,325,61160000,26450
0,6116,61160000,61160000,195,325,61170000,26452
0,6117,61170000,61170000,195,325,61180000,26458
0,6118,61180000,61180000,195,325,61190000,26462
0,6119,61190000,61190000,195,325,61200000,26463
0,612,6120000,6120000,195,325,6130000,2648
0,6120,61200000,61200000,195,325,61210000,26472
0,6121,61210000,61210000,195,325,61220000,26475
0,6122,61220000,61220000,195,325,61230000,26480
0,6123,61230000,61230000,195,325,61240000,26483
0,6124,61240000,61240000,195,325,61250000,26487
0,6125,61250000,61250000,195,325,61260000,26492
0,6126,61260000,61260000,195,325,61270000,26496
0,6127,61270000,61270000,195,325,61280000,26501
0,6128,61280000,61280000,195,325,61290000,26505
0,6129,61290000,61290000,195,325,61300000,26509
0,613,6130000,6130000,195,325,6140000,2650
0,6130,61300000,61300000,195,325,61310000,26515
0,6131,61310000,61310000,195,325,61320000,26516
0,6132,61320000,61320000,195,325,61330000,26524
0,6133,61330000,61330000,195,325,61340000,26527
0,6134,61340000,61340000,195,325,61350000,26529
0,6135,61350000,61350000,195,325,61360000,26536
0,6136,61360000,61360000,195,325,61370000,26539
0,6137,61370000,61370000,195,325,61380000,26544
0,6138,61380000,61380000,195,325,61390000,26549
0,6139,61390000,61390000,195,325,61400000,26552
0,614,6140000,6140000,195,325,6150000,2652
0,6140,61400000,61400000,195,325,61410000,26557
0,6141,61410000,61410000,195,325,61420000,26560
0,6142,61420000,61420000,195,325,61430000,26568
0,6143,61430000,61430000,195,325,61440000,26569
0,6144,61440000,61440000,195,325,61450000,26573
0,6145,61450000,61450000,195,325,61460000,26579
0,6146,61460000,61460000,195,325,61470000,26582
0,6147,61470000,61470000,195,325,61480000,26589
0,6148,61480000,61480000,195,325,61490000,26592
0,6149,61490000,61490000,195,325,61500000,26594
0,615,6150000,6150000,195,325,6160000,2658
0,6150,61500000,61500000,195,325,61510000,26601
0,6151,61510000,61510000,195,325,61520000,26604
0,6152,61520000,61520000,195,325,61530000,26609
0,6153,61530000,61530000,195,325,61540000,26613
0,6154,61540000,61540000,195,325,61550000,26617
0,6155,61550000,61550000,195,325,61560000,26621
0,6156,61560000,61560000,195,325,61570000,26627
0,6157,61570000,61570000,195,325,61580000,26632
0,6158,61580000,61580000,195,325,61590000,26634
0,6159,61590000,61590000,195,325,61600000,26637
0,616,6160000,6160000,195,325,6170000,2663
0,6160,61600000,61600000,195,325,61610000,26645
0,6161,61610000,61610000,195,325,61620000,26646
0,6162,61620000,61620000,195,325,61630000,26654
0,6163,61630000,61630000,195,325,61640000,26657
0,6164,61640000,61640000,195,325,61650000,26659
0,6165,61650000,61650000,195,325,61660000,26666
0,6166,61660000,61660000,195,325,61670000,26669
0,6167,61670000,61670000,195,325,61680000,26674
0,6168,61680000,61680000,195,325,61690000,26678
0,6169,61690000,61690000,195,325,61700000,26681
0,617,6170000,6170000,195,325,6180000,2667
0,6170,61700000,61700000,195,325,61710000,26687
0,6171,61710000,61710000,195,325,61720000,26691
0,6172,61720000,61720000,195,325,61730000,26697
0,6173,61730000,61730000,195,325,61740000,26698
0,6174,61740000,61740000,195,325,61750000,26704
0,6175,61750000,61750000,195,325,61760000,26709
0,6176,61760000,61760000,195,325,61770000,26711
0,6177,61770000,61770000,195,325,61780000,26718
0,6178,61780000,61780000,195,325,61790000,26722
0,6179,61790000,61790000,195,325,61800000,26724
0,618,6180000,6180000,195,325,6190000,2671
0,6180,61800000,61800000,195,325,61810000,26731
0,6181,61810000,61810000,195,325,61820000,26734
0,6182,61820000,61820000,195,325,61830000,26739
0,6183,61830000,61830000,195,325,61840000,26743
0,6184,61840000,61840000,195,325,61850000,26747
0,6185,61850000,61850000,195,325,61860000,26751
0,6186,61860000,61860000,195,325,61870000,26755
0,6187,61870000,61870000,195,325,61880000,26761
0,6188,61880000,61880000,195,325,61890000,26765
0,6189,61890000,61890000,195,325,61900000,26768
0,619,6190000,6190000,195,325,6200000,2674
0,6190,61900000,61900000,195,325,61910000,26774
0,6191,61910000,61910000,195,325,61920000,26776
0,6192,61920000,61920000,195,325,61930000,26784
0,6193,61930000,61930000,195,325,61940000,26786
0,6194,61940000,61940000,195,325,61950000,26788
0,6195,61950000,61950000,195,325,61960000,26795
0,6196,61960000,61960000,195,325,61970000,26800
0,6197,61970000,61970000,195,325,61980000,26804
0,6198,61980000,61980000,195,325,61990000,26809
0,6199,61990000,61990000,195,325,62000000,26811
0,62,620000,620000,195,325,630000,266
0,620,6200000,6200000,195,325,6210000,2680
0,6200,62000000,62000000,195,325,62010000,26816
0,6201,62010000,62010000,195,325,62020000,26820
0,6202,62020000,62020000,195,325,62030000,26827
0,6203,62030000,62030000,195,325,62040000,26828
0,6204,62040000,62040000,195,325,62050000,26832
0,6205,62050000,62050000,195,325,62060000,26840
0,6206,62060000,62060000,195,325,62070000,26842
0,6207,62070000,62070000,195,325,62080000,26848
0,6208,62080000,62080000,195,325,62090000,26851
0,6209,62090000,62090000,195,325,62100000,26853
0,621,6210000,6210000,195,325,6220000,2684
0,6210,62100000,62100000,195,325,62110000,26861
0,6211,62110000,62110000,195,325,62120000,26863
0,6212,62120000,62120000,195,325,62130000,26869
0,6213,62130000,62130000,195,325,62140000,26873
0,6214,62140000,62140000,195,325,62150000,26877
0,6215,62150000,62150000,195,325,62160000,26881
0,6216,62160000,62160000,195,325,62170000,26886
0,6217,62170000,62170000,195,325,62180000,26891
0,6218,62180000,62180000,195,325,62190000,26893
0,6219,62190000,62190000,195,325,62200000,26898
0,622,6220000,6220000,195,325,6230000,2690
0,6220,62200000,62200000,195,325,62210000,26904
0,6221,62210000,62210000,195,325,62220000,26905
0,6222,62220000,62220000,195,325,62230000,26913
0,6223,62230000,62230000,195,325,62240000,26917
0,6224,62240000,62240000,195,325,62250000,26919
0,6225,62250000,62250000,195,325,62260000,26925
0,6226,62260000,62260000,195,325,62270000,26929
0,6227,62270000,62270000,195,325,62280000,26933
0,6228,62280000,62280000,195,325,62290000,26938
0,6229,62290000,62290000,195,325,62300000,26940
0,623,6230000,6230000,195,325,6240000,2692
0,6230,62300000,62300000,195,325,62310000,26947
0,6231,62310000,62310000,195,325,62320000,26950
0,6232,62320000,62320000,195,325,62330000,26957
0,6233,62330000,62330000,195,325,62340000,26959
0,6234,62340000,62340000,195,325,62350000,26963
0,6235,62350000,62350000,195,325,62360000,26968
0,6236,62360000,62360000,195,325,62370000,26970
0,6237,62370000,62370000,195,325,62380000,26978
0,6238,62380000,62380000,195,325,62390000,26981
0,6239,62390000,62390000,195,325,62400000,26983
0,624,6240000,6240000,195,325,6250000,2696
0,6240,62400000,62400000,195,325,62410000,26991
0,6241,62410000,62410000,195,325,62420000,26994
0,6242,62420000,62420000,195,325,62430000,26999
0,6243,62430000,62430000,195,325,62440000,27002
0,6244,62440000,62440000,195,325,62450000,27006
0,6245,62450000,62450000,195,325,62460000,27010
0,6246,62460000,62460000,195,325,62470000,27015
0,6247,62470000,62470000,195,325,62480000,27022
0,6248,62480000,62480000,195,325,62490000,27024
0,6249,62490000,62490000,195,325,62500000,27027
0,625,6250000,6250000,195,325,6260000,2702
0,6250,62500000,62500000,195,325,62510000,27034
0,6251,62510000,62510000,195,325,62520000,27036
0,6252,62520000,62520000,195,325,62530000,27043
0,6253,62530000,62530000,195,325,62540000,27045
0,6254,62540000,62540000,195,325,62550000,27048
0,6255,62550000,62550000,195,325,62560000,27055
0,6256,62560000,62560000,195,325,62570000,27059
0,6257,62570000,62570000,195,325,62580000,27063
0,6258,62580000,62580000,195,325,62590000,27068
0,6259,62590000,62590000,195,325,62600000,27071
0,626,6260000,6260000,195,325,6270000,2705
0,6260,62600000,62600000,195,325,62610000,27076
0,6261,62610000,62610000,195,325,62620000,27080
0,6262,62620000,62620000,195,325,62630000,27086
0,6263,62630000,62630000,195,325,62640000,27087
0,6264,62640000,62640000,195,325,62650000,27093
0,6265,62650000,62650000,195,325,62660000,27099
0,6266,62660000,62660000,195,325,62670000,27101
0,6267,62670000,62670000,195,325,62680000,27107
0,6268,62680000,62680000,195,325,62690000,27112
0,6269,62690000,62690000,195,325,62700000,27113
0,627,6270000,6270000,195,325,6280000,2711
0,6270,62700000,62700000,195,325,62710000,27120
0,6271,62710000,62710000,195,325,62720000,27122
0,6272,62720000,62720000,195,325,62730000,27128
0,6273,62730000,62730000,195,325,62740000,27133
0,6274,62740000,62740000,195,325,62750000,27136
0,6275,62750000,62750000,195,325,62760000,27141
0,6276,62760000,62760000,195,325,62770000,27145
0,6277,62770000,62770000,195,325,62780000,27151
0,6278,62780000,62780000,195,325,62790000,27153
0,6279,62790000,62790000,195,325,62800000,27157
0,628,6280000,6280000,195,325,6290000,2714
0,6280,62800000,62800000,195,325,62810000,27163
0,6281,62810000,62810000,195,325,62820000,27165
0,6282,62820000,62820000,195,325,62830000,27174
0,6283,62830000,62830000,195,325,62840000,27176
0,6284,62840000,62840000,195,325,62850000,27178
0,6285,62850000,62850000,195,325,62860000,27184
0,6286,62860000,62860000,195,325,62870000,27189
0,6287,62870000,62870000,195,325,62880000,27193
0,6288,62880000,62880000,195,325,62890000,27197
0,6289,62890000,62890000,195,325,62900000,27200
0,629,6290000,6290000,195,325,6300000,2716
0,6290,62900000,62900000,195,325,62910000,27206
0,6291,62910000,62910000,195,325,62920000,27210
0,6292,62920000,62920000,195,325,62930000,27216
0,6293,62930000,62930000,195,325,62940000,27218
0,6294,62940000,62940000,195,325,62950000,27222
0,6295,62950000,62950000,195,325,62960000,27228
0,6296,62960000,62960000,195,325,62970000,27231
0,6297,62970000,62970000,195,325,62980000,27237
0,6298,62980000,62980000,195,325,62990000,27241
0,6299,62990000,62990000,195,325,63000000,27242
0,63,630000,630000,195,325,640000,271
0,630,6300000,6300000,195,325,6310000,2725
0,6300,63000000,63000000,195,325,63010000,27251
0,6301,63010000,63010000,195,325,63020000,27253
0,6302,63020000,63020000,195,325,63030000,27258
0,6303,63030000,63030000,195,325,63040000,27262
0,6304,63040000,63040000,195,325,63050000,27266
0,6305,63050000,63050000,195,325,63060000,27270
0,6306,63060000,63060000,195,325,63070000,27274
0,6307,63070000,63070000,195,325,63080000,27281
0,6308,63080000,63080000,195,325,63090000,27283
0,6309,63090000,63090000,195,325,63100000,27287
0,631,6310000,6310000,195,325,6320000,2727
0,6310,63100000,63100000,195,325,63110000,27294
0,6311,63110000,63110000,195,325,63120000,27295
0,6312,63120000,63120000,195,325,63130000,27302
0,6313,63130000,63130000,195,325,63140000,27305
0,6314,63140000,63140000,195,325,63150000,27308
0,6315,63150000,63150000,195,325,63160000,27315
0,6316,63160000,63160000,195,325,63170000,27318
0,6317,63170000,63170000,195,325,63180000,27323
0,6318,63180000,63180000,195,325,63190000,27328
0,6319,63190000,63190000,195,325,63200000,27330
0,632,6320000,6320000,195,325,6330000,2732
0,6320,63200000,63200000,195,325,63210000,27335
0,6321,63210000,63210000,195,325,63220000,27339
0,6322,63220000,63220000,195,325,63230000,27346
0,6323,63230000,63230000,195,325,63240000,27347
0,6324,63240000,63240000,195,325,63250000,27353
0,6325,63250000,63250000,195,325,63260000,27358
0,6326,63260000,63260000,195,325,63270000,27360
0,6327,63270000,63270000,195,325,63280000,27367
0,6328,63280000,63280000,195,325,63290000,27371
0,6329,63290000,63290000,195,325,63300000,27372
0,633,6330000,6330000,195,325,6340000,2736
0,6330,63300000,63300000,195,325,63310000,27379
0,6331,63310000,63310000,195,325,63320000,27383
0,6332,63320000,63320000,195,325,63330000,27389
0,6333,63330000,63330000,195,325,63340000,27392
0,6334,63340000,63340000,195,325,63350000,27395
0,6335,63350000,63350000,195,325,63360000,27400
0,6336,63360000,63360000,195,325,63370000,27405
0,6337,63370000,63370000,195,325,63380000,27410
0,6338,63380000,63380000,195,325,63390000,27413
0,6339,63390000,63390000,195,325,63400000,27416
0,634,6340000,6340000,195,325,6350000,2740
0,6340,63400000,63400000,195,325,63410000,27423
0,6341,63410000,63410000,195,325,63420000,27425
0,6342,63420000,63420000,195,325,63430000,27433
0,6343,63430000,63430000,195,325,63440000,27435
0,6344,63440000,63440000,195,325,63450000,27437
0,6345,63450000,63450000,195,325,63460000,27445
0,6346,63460000,63460000,195,325,63470000,27448
0,6347,63470000,63470000,195,325,63480000,27452
0,6348,63480000,63480000,195,325,63490000,27456
0,6349,63490000,63490000,195,325,63500000,27461
0,635,6350000,6350000,195,325,6360000,2744
0,6350,63500000,63500000,195,325,63510000,27466
0,6351,63510000,63510000,195,325,63520000,27469
0,6352,63520000,63520000,195,325,63530000,27476
0,6353,63530000,63530000,195,325,63540000,27477
0,6354,63540000,63540000,195,325,63550000,27482
0,6355,63550000,63550000,195,325,63560000,27487
0,6356,63560000,63560000,195,325,63570000,27490
0,6357,63570000,63570000,195,325,63580000,27496
0,6358,63580000,63580000,195,325,63590000,27501
0,6359,63590000,63590000,195,325,63600000,27503
0,636,6360000,6360000,195,325,6370000,2748
0,6360,63600000,63600000,195,325,63610000,27510
0,6361,63610000,63610000,195,325,63620000,27512
0,6362,63620000,63620000,195,325,63630000,27517
0,6363,63630000,63630000,195,325,63640000,27522
0,6364,63640000,63640000,195,325,63650000,27525
0,6365,63650000,63650000,195,325,63660000,27529
0,6366,63660000,63660000,195,325,63670000,27535
0,6367,63670000,63670000,195,325,63680000,27541
0,6368,63680000,63680000,195,325,63690000,27543
0,6369,63690000,63690000,195,325,63700000,27546
0,637,6370000,6370000,195,325,6380000,2755
0,6370,63700000,63700000,195,325,63710000,27553
0,6371,63710000,63710000,195,325,63720000,27554
0,6372,63720000,63720000,195,325,63730000,27562
0,6373,63730000,63730000,195,325,63740000,27565
0,6374,63740000,63740000,195,325,63750000,27567
0,6375,63750000,63750000,195,325,63760000,27574
0,6376,63760000,63760000,195,325,63770000,27578
0,6377,63770000,63770000,195,325,63780000,27583
0,6378,63780000,63780000,195,325,63790000,27587
0,6379,63790000,63790000,195,325,63800000,27589
0,638,6380000,6380000,195,325,6390000,2757
0,6380,63800000,63800000,195,325,63810000,27595
0,6381,63810000,63810000,195,325,63820000,27599
0,6382,63820000,63820000,195,325,63830000,27605
0,6383,63830000,63830000,195,325,63840000,27607
0,6384,63840000,63840000,195,325,63850000,27612
0,6385,63850000,63850000,195,325,63860000,27618
0,6386,63860000,63860000,195,325,63870000,27620
0,6387,63870000,63870000,195,325,63880000,27627
0,6388,63880000,63880000,195,325,63890000,27630
0,6389,63890000,63890000,195,325,63900000,27631
0,639,6390000,6390000,195,325,6400000,2761
0,6390,63900000,63900000,195,325,63910000,27639
0,6391,63910000,63910000,195,325,63920000,27642
0,6392,63920000,63920000,195,325,63930000,27648
0,6393,63930000,63930000,195,325,63940000,27651
0,6394,63940000,63940000,195,325,63950000,27656
0,6395,63950000,63950000,195,325,63960000,27660
0,6396,63960000,63960000,195,325,63970000,27664
0,6397,63970000,63970000,195,325,63980000,27669
0,6398,63980000,63980000,195,325,63990000,27672
0,6399,63990000,63990000,195,325,64000000,27676
0,64,640000,640000,195,325,650000,274
0,640,6400000,6400000,195,325,6410000,2768
0,6400,64000000,64000000,195,325,64010000,27683
0,6401,64010000,64010000,195,325,64020000,27685
0,6402,64020000,64020000,195,325,64030000,27692
0,6403,64030000,64030000,195,325,64040000,27695
0,6404,64040000,64040000,195,325,64050000,27697
0,6405,64050000,64050000,195,325,64060000,27704
0,6406,64060000,64060000,195,325,64070000,27707
0,6407,64070000,64070000,195,325,64080000,27711
0,6408,64080000,64080000,195,325,64090000,27717
0,6409,64090000,64090000,195,325,64100000,27720
0,641,6410000,6410000,195,325,6420000,2769
0,6410,64100000,64100000,195,325,64110000,27725
0,6411,64110000,64110000,195,325,64120000,27728
0,6412,64120000,64120000,195,325,64130000,27736
0,6413,64130000,64130000,195,325,64140000,27737
0,6414,64140000,64140000,195,325,64150000,27741
0,6415,64150000,64150000,195,325,64160000,27747
0,6416,64160000,64160000,195,325,64170000,27749
0,6417,64170000,64170000,195,325,64180000,27757
0,6418,64180000,64180000,195,325,64190000,27760
0,6419,64190000,64190000,195,325,64200000,27762
0,642,6420000,6420000,195,325,6430000,2776
0,6420,64200000,64200000,195,325,64210000,27769
0,6421,64210000,64210000,195,325,64220000,27772
0,6422,64220000,64220000,195,325,64230000,27778
0,6423,64230000,64230000,195,325,64240000,27781
0,6424,64240000,64240000,195,325,64250000,27784
0,6425,64250000,64250000,195,325,64260000,27788
0,6426,64260000,64260000,195,325,64270000,27795
0,6427,64270000,64270000,195,325,64280000,27800
0,6428,64280000,64280000,195,325,64290000,27802
0,6429,64290000,64290000,195,325,64300000,27806
0,643,6430000,6430000,195,325,6440000,2779
0,6430,64300000,64300000,195,325,64310000,27813
0,6431,64310000,64310000,195,325,64320000,27814
0,6432,64320000,64320000,195,325,64330000,27821
0,6433,64330000,64330000,195,325,64340000,27824
0,6434,64340000,64340000,195,325,64350000,27827
0,6435,64350000,64350000,195,325,64360000,27834
0,6436,64360000,64360000,195,325,64370000,27838
0,6437,64370000,64370000,195,325,64380000,27842
0,6438,64380000,64380000,195,325,64390000,27846
0,6439,64390000,64390000,195,325,64400000,27849
0,644,6440000,6440000,195,325,6450000,2782
0,6440,64400000,64400000,195,325,64410000,27855
0,6441,64410000,64410000,195,325,64420000,27858
0,6442,64420000,64420000,195,325,64430000,27864
0,6443,64430000,64430000,195,325,64440000,27867
0,6444,64440000,64440000,195,325,64450000,27872
0,6445,64450000,64450000,195,325,64460000,27877
0,6446,64460000,64460000,195,325,64470000,27879
0,6447,64470000,64470000,195,325,64480000,27886
0,6448,64480000,64480000,195,325,64490000,27890
0,6449,64490000,64490000,195,325,64500000,27891
0,645,6450000,6450000,195,325,6460000,2788
0,6450,64500000,64500000,195,325,64510000,27899
0,6451,64510000,64510000,195,325,64520000,27902
0,6452,64520000,64520000,195,325,64530000,27907
0,6453,64530000,64530000,195,325,64540000,27911
0,6454,64540000,64540000,195,325,64550000,27915
0,6455,64550000,64550000,195,325,64560000,27919
0,6456,64560000,64560000,195,325,64570000,27923
0,6457,64570000,64570000,195,325,64580000,27930
0,6458,64580000,64580000,195,325,64590000,27932
0,6459,64590000,64590000,195,325,64600000,27935
0,646,6460000,6460000,195,325,6470000,2792
0,6460,64600000,64600000,195,325,64610000,27942
0,6461,64610000,64610000,195,325,64620000,27944
0,6462,64620000,64620000,195,325,64630000,27952
0,6463,64630000,64630000,195,325,64640000,27954
0,6464,64640000,64640000,195,325,64650000,27957
0,6465,64650000,64650000,195,325,64660000,27963
0,6466,64660000,64660000,195,325,64670000,27967
0,6467,64670000,64670000,195,325,64680000,27971
0,6468,64680000,64680000,195,325,64690000,27977
0,6469,64690000,64690000,195,325,64700000,27979
0,647,6470000,6470000,195,325,6480000,2797
0,6470,64700000,64700000,195,325,64710000,27984
0,6471,64710000,64710000,195,325,64720000,27989
0,6472,64720000,64720000,195,325,64730000,27995
0,6473,64730000,64730000,195,325,64740000,27996
0,6474,64740000,64740000,195,325,64750000,28000
0,6475,64750000,64750000,195,325,64760000,28007
0,6476,64760000,64760000,195,325,64770000,28009
0,6477,64770000,64770000,195,325,64780000,28016
0,6478,64780000,64780000,195,325,64790000,28020
0,6479,64790000,64790000,195,325,64800000,28021
0,648,6480000,6480000,195,325,6490000,2802
0,6480,64800000,64800000,195,325,64810000,28029
0,6481,64810000,64810000,195,325,64820000,28031
0,6482,64820000,64820000,195,325,64830000,28037
0,6483,64830000,64830000,195,325,64840000,28040
0,6484,64840000,64840000,195,325,64850000,28044
0,6485,64850000,64850000,195,325,64860000,28050
0,6486,64860000,64860000,195,325,64870000,28054
0,6487,64870000,64870000,195,325,64880000,28059
0,6488,64880000,64880000,195,325,64890000,28061
0,6489,64890000,64890000,195,325,64900000,28066
0,649,6490000,6490000,195,325,6500000,2804
0,6490,64900000,64900000,195,325,64910000,28072
0,6491,64910000,64910000,195,325,64920000,28073
0,6492,64920000,64920000,195,325,64930000,28081
0,6493,64930000,64930000,195,325,64940000,28084
0,6494,64940000,64940000,195,325,64950000,28087
0,6495,64950000,64950000,195,325,64960000,28093
0,6496,64960000,64960000,195,325,64970000,28097
0,6497,64970000,64970000,195,325,64980000,28101
0,6498,64980000,64980000,195,325,64990000,28106
0,6499,64990000,64990000,195,325,65000000,28109
0,65,650000,650000,195,325,660000,278
0,650,6500000,6500000,195,325,6510000,2809
0,6500,65000000,65000000,195,325,65010000,28114
0,6501,65010000,65010000,195,325,65020000,28117
0,6502,65020000,65020000,195,325,65030000,28125
0,6503,65030000,65030000,195,325,65040000,28127
0,6504,65040000,65040000,195,325,65050000,28131
0,6505,65050000,65050000,195,325,65060000,28136
0,6506,65060000,65060000,195,325,65070000,28139
0,6507,65070000,65070000,195,325,65080000,28146
0,6508,65080000,65080000,195,325,65090000,28149
0,6509,65090000,65090000,195,325,65100000,28150
0,651,6510000,6510000,195,325,6520000,2813
0,6510,65100000,65100000,195,325,65110000,28158
0,6511,65110000,65110000,195,325,65120000,28162
0,6512,65120000,65120000,195,325,65130000,28167
0,6513,65130000,65130000,195,325,65140000,28171
0,6514,65140000,65140000,195,325,65150000,28174
0,6515,65150000,65150000,195,325,65160000,28178
0,6516,65160000,65160000,195,325,65170000,28183
0,6517,65170000,65170000,195,325,65180000,28189
0,6518,65180000,65180000,195,325,65190000,28191
0,6519,65190000,65190000,195,325,65200000,28195
0,652,6520000,6520000,195,325,6530000,2820
0,6520,65200000,65200000,195,325,65210000,28203
0,6521,65210000,65210000,195,325,65220000,28204
0,6522,65220000,65220000,195,325,65230000,28211
0,6523,65230000,65230000,195,325,65240000,28213
0,6524,65240000,65240000,195,325,65250000,28216
0,6525,65250000,65250000,195,325,65260000,28223
0,6526,65260000,65260000,195,325,65270000,28226
0,6527,65270000,65270000,195,325,65280000,28231
0,6528,65280000,65280000,195,325,65290000,28236
0,6529,65290000,65290000,195,325,65300000,28239
0,653,6530000,6530000,195,325,6540000,2821
0,6530,65300000,65300000,195,325,65310000,28244
0,6531,65310000,65310000,195,325,65320000,28248
0,6532,65320000,65320000,195,325,65330000,28254
0,6533,65330000,65330000,195,325,65340000,28255
0,6534,65340000,65340000,195,325,65350000,28261
0,6535,65350000,65350000,195,325,65360000,28266
0,6536,65360000,65360000,195,325,65370000,28269
0,6537,65370000,65370000,195,325,65380000,28275
0,6538,65380000,65380000,195,325,65390000,28280
0,6539,65390000,65390000,195,325,65400000,28281
0,654,6540000,6540000,195,325,6550000,2827
0,6540,65400000,65400000,195,325,65410000,28288
0,6541,65410000,65410000,195,325,65420000,28291
0,6542,65420000,65420000,195,325,65430000,28296
0,6543,65430000,65430000,195,325,65440000,28300
0,6544,65440000,65440000,195,325,65450000,28303
0,6545,65450000,65450000,195,325,65460000,28309
0,6546,65460000,65460000,195,325,65470000,28313
0,6547,65470000,65470000,195,325,65480000,28319
0,6548,65480000,65480000,195,325,65490000,28322
0,6549,65490000,65490000,195,325,65500000,28325
0,655,6550000,6550000,195,325,6560000,2832
0,6550,65500000,65500000,195,325,65510000,28331
0,6551,65510000,65510000,195,325,65520000,28332
0,6552,65520000,65520000,195,325,65530000,28341
0,6553,65530000,65530000,195,325,65540000,28344
0,6554,65540000,65540000,195,325,65550000,28346
0,6555,65550000,65550000,195,325,65560000,28353
0,6556,65560000,65560000,195,325,65570000,28357
0,6557,65570000,65570000,195,325,65580000,28361
0,6558,65580000,65580000,195,325,65590000,28365
0,6559,65590000,65590000,195,325,65600000,28368
0,656,6560000,6560000,195,325,6570000,2834
0,6560,65600000,65600000,195,325,65610000,28373
0,6561,65610000,65610000,195,325,65620000,28377
0,6562,65620000,65620000,195,325,65630000,28385
0,6563,65630000,65630000,195,325,65640000,28386
0,6564,65640000,65640000,195,325,65650000,28390
0,6565,65650000,65650000,195,325,65660000,28396
0,6566,65660000,65660000,195,325,65670000,28399
0,6567,65670000,65670000,195,325,65680000,28405
0,6568,65680000,65680000,195,325,65690000,28408
0,6569,65690000,65690000,195,325,65700000,28410
0,657,6570000,6570000,195,325,6580000,2841
0,6570,65700000,65700000,195,325,65710000,28419
0,6571,65710000,65710000,195,325,65720000,28421
0,6572,65720000,65720000,195,325,65730000,28426
0,6573,65730000,65730000,195,325,65740000,28430
0,6574,65740000,65740000,195,325,65750000,28434
0,6575,65750000,65750000,195,325,65760000,28438
0,6576,65760000,65760000,195,325,65770000,28443
0,6577,65770000,65770000,195,325,65780000,28448
0,6578,65780000,65780000,195,325,65790000,28450
0,6579,65790000,65790000,195,325,65800000,28455
0,658,6580000,6580000,195,325,6590000,2845
0,6580,65800000,65800000,195,325,65810000,28462
0,6581,65810000,65810000,195,325,65820000,28463
0,6582,65820000,65820000,195,325,65830000,28470
0,6583,65830000,65830000,195,325,65840000,28474
0,6584,65840000,65840000,195,325,65850000,28476
0,6585,65850000,65850000,195,325,65860000,28482
0,6586,65860000,65860000,195,325,65870000,28485
0,6587,65870000,65870000,195,325,65880000,28491
0,6588,65880000,65880000,195,325,65890000,28496
0,6589,65890000,65890000,195,325,65900000,28498
0,659,6590000,6590000,195,325,6600000,2846
0,6590,65900000,65900000,195,325,65910000,28504
0,6591,65910000,65910000,195,325,65920000,28507
0,6592,65920000,65920000,195,325,65930000,28514
0,6593,65930000,65930000,195,325,65940000,28515
0,6594,65940000,65940000,195,325,65950000,28520
0,6595,65950000,65950000,195,325,65960000,28525
0,6596,65960000,65960000,195,325,65970000,28528
0,6597,65970000,65970000,195,325,65980000,28536
0,6598,65980000,65980000,195,325,65990000,28539
0,6599,65990000,65990000,195,325,66000000,28540
0,66,660000,660000,195,325,670000,283
0,660,6600000,6600000,195,325,6610000,2853
0,6600,66000000,66000000,195,325,66010000,28547
0,6601,66010000,66010000,195,325,66020000,28551
0,6602,66020000,66020000,195,325,66030000,28556
0,6603,66030000,66030000,195,325,66040000,28559
0,6604,66040000,66040000,195,325,66050000,28564
0,6605,66050000,66050000,195,325,66060000,28568
0,6606,66060000,66060000,195,325,66070000,28573
0,6607,66070000,66070000,195,325,66080000,28578
0,6608,66080000,66080000,195,325,66090000,28581
0,6609,66090000,66090000,195,325,66100000,28584
0,661,6610000,6610000,195,325,6620000,2857
0,6610,66100000,66100000,195,325,66110000,28591
0,6611,66110000,66110000,195,325,66120000,28593
0,6612,66120000,66120000,195,325,66130000,28600
0,6613,66130000,66130000,195,325,66140000,28603
0,6614,66140000,66140000,195,325,66150000,28605
0,6615,66150000,66150000,195,325,66160000,28613
0,6616,66160000,66160000,195,325,66170000,28616
0,6617,66170000,66170000,195,325,66180000,28620
0,6618,66180000,66180000,195,325,66190000,28625
0,6619,66190000,66190000,195,325,66200000,28628
0,662,6620000,6620000,195,325,6630000,2862
0,6620,66200000,66200000,195,325,66210000,28633
0,6621,66210000,66210000,195,325,66220000,28637
0,6622,66220000,66220000,195,325,66230000,28644
0,6623,66230000,66230000,195,325,66240000,28645
0,6624,66240000,66240000,195,325,66250000,28650
0,6625,66250000,66250000,195,325,66260000,28656
0,6626,66260000,66260000,195,325,66270000,28658
0,6627,66270000,66270000,195,325,66280000,28664
0,6628,66280000,66280000,195,325,66290000,28668
0,6629,66290000,66290000,195,325,66300000,28670
0,663,6630000,6630000,195,325,6640000,2866
0,6630,66300000,66300000,195,325,66310000,28678
0,6631,66310000,66310000,195,325,66320000,28680
0,6632,66320000,66320000,195,325,66330000,28686
0,6633,66330000,66330000,195,325,66340000,28690
0,6634,66340000,66340000,195,325,66350000,28693
0,6635,66350000,66350000,195,325,66360000,28697
0,6636,66360000,66360000,195,325,66370000,28702
0,6637,66370000,66370000,195,325,66380000,28708
0,6638,66380000,66380000,195,325,66390000,28711
0,6639,66390000,66390000,195,325,66400000,28715
0,664,6640000,6640000,195,325,6650000,2869
0,6640,66400000,66400000,195,325,66410000,28721
0,6641,66410000,66410000,195,325,66420000,28722
0,6642,66420000,66420000,195,325,66430000,28730
0,6643,66430000,66430000,195,325,66440000,28733
0,6644,66440000,66440000,195,325,66450000,28735
0,6645,66450000,66450000,195,325,66460000,28741
0,6646,66460000,66460000,195,325,66470000,28746
0,6647,66470000,66470000,195,325,66480000,28751
0,6648,66480000,66480000,195,325,66490000,28755
0,6649,66490000,66490000,195,325,66500000,28757
0,665,6650000,6650000,195,325,6660000,2874
0,6650,66500000,66500000,195,325,66510000,28763
0,6651,66510000,66510000,195,325,66520000,28767
0,6652,66520000,66520000,195,325,66530000,28773
0,6653,66530000,66530000,195,325,66540000,28775
0,6654,66540000,66540000,195,325,66550000,28779
0,6655,66550000,66550000,195,325,66560000,28786
0,6656,66560000,66560000,195,325,66570000,28788
0,6657,66570000,66570000,195,325,66580000,28795
0,6658,66580000,66580000,195,325,66590000,28798
0,6659,66590000,66590000,195,325,66600000,28799
0,666,6660000,6660000,195,325,6670000,2879
0,6660,66600000,66600000,195,325,66610000,28808
0,6661,66610000,66610000,195,325,66620000,28810
0,6662,66620000,66620000,195,325,66630000,28815
0,6663,66630000,66630000,195,325,66640000,28818
0,6664,66640000,66640000,195,325,66650000,28824
0,6665,66650000,66650000,195,325,66660000,28828
0,6666,66660000,66660000,195,325,66670000,28832
0,6667,66670000,66670000,195,325,66680000,28838
0,6668,66680000,66680000,195,325,66690000,28840
0,6669,66690000,66690000,195,325,66700000,28844
0,667,6670000,6670000,195,325,6680000,2884
0,6670,66700000,66700000,195,325,66710000,28850
0,6671,66710000,66710000,195,325,66720000,28852
0,6672,66720000,66720000,195,325,66730000,28860
0,6673,66730000,66730000,195,325,66740000,28863
0,6674,66740000,66740000,195,325,66750000,28866
0,6675,66750000,66750000,195,325,66760000,28872
0,6676,66760000,66760000,195,325,66770000,28875
0,6677,66770000,66770000,195,325,66780000,28879
0,6678,66780000,66780000,195,325,66790000,28885
0,6679,66790000,66790000,195,325,66800000,28887
0,668,6680000,6680000,195,325,6690000,2887
0,6680,66800000,66800000,195,325,66810000,28892
0,6681,66810000,66810000,195,325,66820000,28897
0,6682,66820000,66820000,195,325,66830000,28904
0,6683,66830000,66830000,195,325,66840000,28905
0,6684,66840000,66840000,195,325,66850000,28909
0,6685,66850000,66850000,195,325,66860000,28915
0,6686,66860000,66860000,195,325,66870000,28917
0,6687,66870000,66870000,195,325,66880000,28924
0,6688,66880000,66880000,195,325,66890000,28928
0,6689,66890000,66890000,195,325,66900000,28930
0,669,6690000,6690000,195,325,6700000,2890
0,6690,66900000,66900000,195,325,66910000,28937
0,6691,66910000,66910000,195,325,66920000,28940
0,6692,66920000,66920000,195,325,66930000,28946
0,6693,66930000,66930000,195,325,66940000,28949
0,6694,66940000,66940000,195,325,66950000,28952
0,6695,66950000,66950000,195,325,66960000,28957
0,6696,66960000,66960000,195,325,66970000,28962
0,6697,66970000,66970000,195,325,66980000,28967
0,6698,66980000,66980000,195,325,66990000,28970
0,6699,66990000,66990000,195,325,67000000,28974
0,67,670000,670000,195,325,680000,289
0,670,6700000,6700000,195,325,6710000,2897
0,6700,67000000,67000000,195,325,67010000,28981
0,6701,67010000,67010000,195,325,67020000,28982
0,6702,67020000,67020000,195,325,67030000,28990
0,6703,67030000,67030000,195,325,67040000,28992
0,6704,67040000,67040000,195,325,67050000,28994
0,6705,67050000,67050000,195,325,67060000,29001
0,6706,67060000,67060000,195,325,67070000,29006
0,6707,67070000,67070000,195,325,67080000,29010
0,6708,67080000,67080000,195,325,67090000,29014
0,6709,67090000,67090000,195,325,67100000,29018
0,671,6710000,6710000,195,325,6720000,2899
0,6710,67100000,67100000,195,325,67110000,29023
0,6711,67110000,67110000,195,325,67120000,29026
0,6712,67120000,67120000,195,325,67130000,29032
0,6713,67130000,67130000,195,325,67140000,29034
0,6714,67140000,67140000,195,325,67150000,29039
0,6715,67150000,67150000,195,325,67160000,29045
0,6716,67160000,67160000,195,325,67170000,29048
0,6717,67170000,67170000,195,325,67180000,29054
0,6718,67180000,67180000,195,325,67190000,29058
0,6719,67190000,67190000,195,325,67200000,29059
0,672,6720000,6720000,195,325,6730000,2907
0,6720,67200000,67200000,195,325,67210000,29067
0,6721,67210000,67210000,195,325,67220000,29069
0,6722,67220000,67220000,195,325,67230000,29074
0,6723,67230000,67230000,195,325,67240000,29080
0,6724,67240000,67240000,195,325,67250000,29083
0,6725,67250000,67250000,195,325,67260000,29087
0,6726,67260000,67260000,195,325,67270000,29091
0,6727,67270000,67270000,195,325,67280000,29098
0,6728,67280000,67280000,195,325,67290000,29100
0,6729,67290000,67290000,195,325,67300000,29103
0,673,6730000,6730000,195,325,6740000,2909
0,6730,67300000,67300000,195,325,67310000,29110
0,6731,67310000,67310000,195,325,67320000,29111
0,6732,67320000,67320000,195,325,67330000,29120
0,6733,67330000,67330000,195,325,67340000,29122
0,6734,67340000,67340000,195,325,67350000,29125
0,6735,67350000,67350000,195,325,67360000,29131
0,6736,67360000,67360000,195,325,67370000,29135
0,6737,67370000,67370000,195,325,67380000,29140
0,6738,67380000,67380000,195,325,67390000,29144
0,6739,67390000,67390000,195,325,67400000,29146
0,674,6740000,6740000,195,325,6750000,2911
0,6740,67400000,67400000,195,325,67410000,29152
0,6741,67410000,67410000,195,325,67420000,29157
0,6742,67420000,67420000,195,325,67430000,29163
0,6743,67430000,67430000,195,325,67440000,29164
0,6744,67440000,67440000,195,325,67450000,29169
0,6745,67450000,67450000,195,325,67460000,29175
0,6746,67460000,67460000,195,325,67470000,29177
0,6747,67470000,67470000,195,325,67480000,29183
0,6748,67480000,67480000,195,325,67490000,29187
0,6749,67490000,67490000,195,325,67500000,29189
0,675,6750000,6750000,195,325,6760000,2919
0,6750,67500000,67500000,195,325,67510000,29197
0,6751,67510000,67510000,195,325,67520000,29200
0,6752,67520000,67520000,195,325,67530000,29205
0,6753,67530000,67530000,195,325,67540000,29208
0,6754,67540000,67540000,195,325,67550000,29212
0,6755,67550000,67550000,195,325,67560000,29217
0,6756,67560000,67560000,195,325,67570000,29221
0,6757,67570000,67570000,195,325,67580000,29227
0,6758,67580000,67580000,195,325,67590000,29230
0,6759,67590000,67590000,195,325,67600000,29234
0,676,6760000,6760000,195,325,6770000,2922
0,6760,67600000,67600000,195,325,67610000,29240
0,6761,67610000,67610000,195,325,67620000,29241
0,6762,67620000,67620000,195,325,67630000,29249
0,6763,67630000,67630000,195,325,67640000,29252
0,6764,67640000,67640000,195,325,67650000,29254
0,6765,67650000,67650000,195,325,67660000,29261
0,6766,67660000,67660000,195,325,67670000,29265
0,6767,67670000,67670000,195,325,67680000,29269
0,6768,67680000,67680000,195,325,67690000,29274
0,6769,67690000,67690000,195,325,67700000,29277
0,677,6770000,6770000,195,325,6780000,2926
0,6770,67700000,67700000,195,325,67710000,29282
0,6771,67710000,67710000,195,325,67720000,29285
0,6772,67720000,67720000,195,325,67730000,29293
0,6773,67730000,67730000,195,325,67740000,29294
0,6774,67740000,67740000,195,325,67750000,29299
0,6775,67750000,67750000,195,325,67760000,29304
0,6776,67760000,67760000,195,325,67770000,29307
0,6777,67770000,67770000,195,325,67780000,29314
0,6778,67780000,67780000,195,325,67790000,29317
0,6779,67790000,67790000,195,325,67800000,29319
0,678,6780000,6780000,195,325,6790000,2930
0,6780,67800000,67800000,195,325,67810000,29326
0,6781,67810000,67810000,195,325,67820000,29329
0,6782,67820000,67820000,195,325,67830000,29334
0,6783,67830000,67830000,195,325,67840000,29339
0,6784,67840000,67840000,195,325,67850000,29342
0,6785,67850000,67850000,195,325,67860000,29346
0,6786,67860000,67860000,195,325,67870000,29352
0,6787,67870000,67870000,195,325,67880000,29357
0,6788,67880000,67880000,195,325,67890000,29359
0,6789,67890000,67890000,195,325,67900000,29362
0,679,6790000,6790000,195,325,6800000,2934
0,6790,67900000,67900000,195,325,67910000,29370
0,6791,67910000,67910000,195,325,67920000,29372
0,6792,67920000,67920000,195,325,67930000,29379
0,6793,67930000,67930000,195,325,67940000,29382
0,6794,67940000,67940000,195,325,67950000,29384
0,6795,67950000,67950000,195,325,67960000,29391
0,6796,67960000,67960000,195,325,67970000,29394
0,6797,67970000,67970000,195,325,67980000,29399
0,6798,67980000,67980000,195,325,67990000,29403
0,6799,67990000,67990000,195,325,68000000,29406
0,68,680000,680000,195,325,690000,292
0,680,6800000,6800000,195,325,6810000,2940
0,6800,68000000,68000000,195,325,68010000,29413
0,6801,68010000,68010000,195,325,68020000,29416
0,6802,68020000,68020000,195,325,68030000,29422
0,6803,68030000,68030000,195,325,68040000,29423
0,6804,68040000,68040000,195,325,68050000,29429
0,6805,68050000,68050000,195,325,68060000,29434
0,6806,68060000,68060000,195,325,68070000,29436
0,6807,68070000,68070000,195,325,68080000,29443
0,6808,68080000,68080000,195,325,68090000,29448
0,6809,68090000,68090000,195,325,68100000,29449
0,681,6810000,6810000,195,325,6820000,2943
0,6810,68100000,68100000,195,325,68110000,29456
0,6811,68110000,68110000,195,325,68120000,29459
0,6812,68120000,68120000,195,325,68130000,29464
0,6813,68130000,68130000,195,325,68140000,29468
0,6814,68140000,68140000,195,325,68150000,29472
0,6815,68150000,68150000,195,325,68160000,29476
0,6816,68160000,68160000,195,325,68170000,29480
0,6817,68170000,68170000,195,325,68180000,29487
0,6818,68180000,68180000,195,325,68190000,29490
0,6819,68190000,68190000,195,325,68200000,29493
0,682,6820000,6820000,195,325,6830000,2950
0,6820,68200000,68200000,195,325,68210000,29499
0,6821,68210000,68210000,195,325,68220000,29501
0,6822,68220000,68220000,195,325,68230000,29509
0,6823,68230000,68230000,195,325,68240000,29511
0,6824,68240000,68240000,195,325,68250000,29513
0,6825,68250000,68250000,195,325,68260000,29521
0,6826,68260000,68260000,195,325,68270000,29525
0,6827,68270000,68270000,195,325,68280000,29529
0,6828,68280000,68280000,195,325,68290000,29534
0,6829,68290000,68290000,195,325,68300000,29536
0,683,6830000,6830000,195,325,6840000,2951
0,6830,68300000,68300000,195,325,68310000,29541
0,6831,68310000,68310000,195,325,68320000,29545
0,6832,68320000,68320000,195,325,68330000,29552
0,6833,68330000,68330000,195,325,68340000,29553
0,6834,68340000,68340000,195,325,68350000,29558
0,6835,68350000,68350000,195,325,68360000,29565
0,6836,68360000,68360000,195,325,68370000,29567
0,6837,68370000,68370000,195,325,68380000,29573
0,6838,68380000,68380000,195,325,68390000,29576
0,6839,68390000,68390000,195,325,68400000,29578
0,684,6840000,6840000,195,325,6850000,2956
0,6840,68400000,68400000,195,325,68410000,29586
0,6841,68410000,68410000,195,325,68420000,29588
0,6842,68420000,68420000,195,325,68430000,29595
0,6843,68430000,68430000,195,325,68440000,29598
0,6844,68440000,68440000,195,325,68450000,29602
0,6845,68450000,68450000,195,325,68460000,29606
0,6846,68460000,68460000,195,325,68470000,29611
0,6847,68470000,68470000,195,325,68480000,29616
0,6848,68480000,68480000,195,325,68490000,29618
0,6849,68490000,68490000,195,325,68500000,29623
0,685,6850000,6850000,195,325,6860000,2961
0,6850,68500000,68500000,195,325,68510000,29629
0,6851,68510000,68510000,195,325,68520000,29631
0,6852,68520000,68520000,195,325,68530000,29638
0,6853,68530000,68530000,195,325,68540000,29642
0,6854,68540000,68540000,195,325,68550000,29644
0,6855,68550000,68550000,195,325,68560000,29650
0,6856,68560000,68560000,195,325,68570000,29654
0,6857,68570000,68570000,195,325,68580000,29658
0,6858,68580000,68580000,195,325,68590000,29663
0,6859,68590000,68590000,195,325,68600000,29666
0,686,6860000,6860000,195,325,6870000,2964
0,6860,68600000,68600000,195,325,68610000,29672
0,6861,68610000,68610000,195,325,68620000,29675
0,6862,68620000,68620000,195,325,68630000,29682
0,6863,68630000,68630000,195,325,68640000,29684
0,6864,68640000,68640000,195,325,68650000,29688
0,6865,68650000,68650000,195,325,68660000,29693
0,6866,68660000,68660000,195,325,68670000,29695
0,6867,68670000,68670000,195,325,68680000,29703
0,6868,68680000,68680000,195,325,68690000,29707
0,6869,68690000,68690000,195,325,68700000,29708
0,687,6870000,6870000,195,325,6880000,2970
0,6870,68700000,68700000,195,325,68710000,29716
0,6871,68710000,68710000,195,325,68720000,29719
0,6872,68720000,68720000,195,325,68730000,29724
0,6873,68730000,68730000,195,325,68740000,29727
0,6874,68740000,68740000,195,325,68750000,29731
0,6875,68750000,68750000,195,325,68760000,29735
0,6876,68760000,68760000,195,325,68770000,29741
0,6877,68770000,68770000,195,325,68780000,29747
0,6878,68780000,68780000,195,325,68790000,29749
0,6879,68790000,68790000,195,325,68800000,29752
0,688,6880000,6880000,195,325,6890000,2975
0,6880,68800000,68800000,195,325,68810000,29759
0,6881,68810000,68810000,195,325,68820000,29761
0,6882,68820000,68820000,195,325,68830000,29768
0,6883,68830000,68830000,195,325,68840000,29770
0,6884,68840000,68840000,195,325,68850000,29773
0,6885,68850000,68850000,195,325,68860000,29781
0,6886,68860000,68860000,195,325,68870000,29784
0,6887,68870000,68870000,195,325,68880000,29788
0,6888,68880000,68880000,195,325,68890000,29793
0,6889,68890000,68890000,195,325,68900000,29796
0,689,6890000,6890000,195,325,6900000,2977
0,6890,68900000,68900000,195,325,68910000,29801
0,6891,68910000,68910000,195,325,68920000,29805
0,6892,68920000,68920000,195,325,68930000,29811
0,6893,68930000,68930000,195,325,68940000,29813
0,6894,68940000,68940000,195,325,68950000,29818
0,6895,68950000,68950000,195,325,68960000,29824
0,6896,68960000,68960000,195,325,68970000,29826
0,6897,68970000,68970000,195,325,68980000,29832
0,6898,68980000,68980000,195,325,68990000,29837
0,6899,68990000,68990000,195,325,69000000,29838
0,69,690000,690000,195,325,700000,295
0,690,6900000,6900000,195,325,6910000,2984
0,6900,69000000,69000000,195,325,69010000,29845
0,6901,69010000,69010000,195,325,69020000,29847
0,6902,69020000,69020000,195,325,69030000,29854
0,6903,69030000,69030000,195,325,69040000,29858
0,6904,69040000,69040000,195,325,69050000,29861
0,6905,69050000,69050000,195,325,69060000,29866
0,6906,69060000,69060000,195,325,69070000,29870
0,6907,69070000,69070000,195,325,69080000,29876
0,6908,69080000,69080000,195,325,69090000,29878
0,6909,69090000,69090000,195,325,69100000,29882
0,691,6910000,6910000,195,325,6920000,2986
0,6910,69100000,69100000,195,325,69110000,29889
0,6911,69110000,69110000,195,325,69120000,29890
0,6912,69120000,69120000,195,325,69130000,29899
0,6913,69130000,69130000,195,325,69140000,29901
0,6914,69140000,69140000,195,325,69150000,29903
0,6915,69150000,69150000,195,325,69160000,29909
0,6916,69160000,69160000,195,325,69170000,29914
0,6917,69170000,69170000,195,325,69180000,29918
0,6918,69180000,69180000,195,325,69190000,29922
0,6919,69190000,69190000,195,325,69200000,29926
0,692,6920000,6920000,195,325,6930000,2991
0,6920,69200000,69200000,195,325,69210000,29931
0,6921,69210000,69210000,195,325,69220000,29935
0,6922,69220000,69220000,195,325,69230000,29941
0,6923,69230000,69230000,195,325,69240000,29943
0,6924,69240000,69240000,195,325,69250000,29947
0,6925,69250000,69250000,195,325,69260000,29953
0,6926,69260000,69260000,195,325,69270000,29956
0,6927,69270000,69270000,195,325,69280000,29963
0,6928,69280000,69280000,195,325,69290000,29966
0,6929,69290000,69290000,195,325,69300000,29967
0,693,6930000,6930000,195,325,6940000,2996
0,6930,69300000,69300000,195,325,69310000,29976
0,6931,69310000,69310000,195,325,69320000,29978
0,6932,69320000,69320000,195,325,69330000,29983
0,6933,69330000,69330000,195,325,69340000,29987
0,6934,69340000,69340000,195,325,69350000,29991
0,6935,69350000,69350000,195,325,69360000,29995
0,6936,69360000,69360000,195,325,69370000,30000
0,6937,69370000,69370000,195,325,69380000,30006
0,6938,69380000,69380000,195,325,69390000,30008
0,6939,69390000,69390000,195,325,69400000,30012
0,694,6940000,6940000,195,325,6950000,2999
0,6940,69400000,69400000,195,325,69410000,30019
0,6941,69410000,69410000,195,325,69420000,30020
0,6942,69420000,69420000,195,325,69430000,30027
0,6943,69430000,69430000,195,325,69440000,30030
0,6944,69440000,69440000,195,325,69450000,30034
0,6945,69450000,69450000,195,325,69460000,30040
0,6946,69460000,69460000,195,325,69470000,30043
0,6947,69470000,69470000,195,325,69480000,30048
0,6948,69480000,69480000,195,325,69490000,30053
0,6949,69490000,69490000,195,325,69500000,30055
0,695,6950000,6950000,195,325,6960000,3003
0,6950,69500000,69500000,195,325,69510000,30060
0,6951,69510000,69510000,195,325,69520000,30064
0,6952,69520000,69520000,195,325,69530000,30071
0,6953,69530000,69530000,195,325,69540000,30073
0,6954,69540000,69540000,195,325,69550000,30078
0,6955,69550000,69550000,195,325,69560000,30083
0,6956,69560000,69560000,195,325,69570000,30085
0,6957,69570000,69570000,195,325,69580000,30092
0,6958,69580000,69580000,195,325,69590000,30096
0,6959,69590000,69590000,195,325,69600000,30097
0,696,6960000,6960000,195,325,6970000,3008
0,6960,69600000,69600000,195,325,69610000,30104
0,6961,69610000,69610000,195,325,69620000,30109
0,6962,69620000,69620000,195,325,69630000,30114
0,6963,69630000,69630000,195,325,69640000,30117
0,6964,69640000,69640000,195,325,69650000,30120
0,6965,69650000,69650000,195,325,69660000,30125
0,6966,69660000,69660000,195,325,69670000,30130
0,6967,69670000,69670000,195,325,69680000,30135
0,6968,69680000,69680000,195,325,69690000,30138
0,6969,69690000,69690000,195,325,69700000,30141
0,697,6970000,6970000,195,325,6980000,3015
0,6970,69700000,69700000,195,325,69710000,30149
0,6971,69710000,69710000,195,325,69720000,30150
0,6972,69720000,69720000,195,325,69730000,30158
0,6973,69730000,69730000,195,325,69740000,30160
0,6974,69740000,69740000,195,325,69750000,30162
0,6975,69750000,69750000,195,325,69760000,30170
0,6976,69760000,69760000,195,325,69770000,30173
0,6977,69770000,69770000,195,325,69780000,30177
0,6978,69780000,69780000,195,325,69790000,30182
0,6979,69790000,69790000,195,325,69800000,30186
0,698,6980000,6980000,195,325,6990000,3017
0,6980,69800000,69800000,195,325,69810000,30191
0,6981,69810000,69810000,195,325,69820000,30194
0,6982,69820000,69820000,195,325,69830000,30201
0,6983,69830000,69830000,195,325,69840000,30202
0,6984,69840000,69840000,195,325,69850000,30207
0,6985,69850000,69850000,195,325,69860000,30212
0,6986,69860000,69860000,195,325,69870000,30215
0,6987,69870000,69870000,195,325,69880000,30222
0,6988,69880000,69880000,195,325,69890000,30226
0,6989,69890000,69890000,195,325,69900000,30228
0,699,6990000,6990000,195,325,7000000,3020
0,6990,69900000,69900000,195,325,69910000,30235
0,6991,69910000,69910000,195,325,69920000,30237
0,6992,69920000,69920000,195,325,69930000,30242
0,6993,69930000,69930000,195,325,69940000,30247
0,6994,69940000,69940000,195,325,69950000,30250
0,6995,69950000,69950000,195,325,69960000,30255
0,6996,69960000,69960000,195,325,69970000,30260
0,6997,69970000,69970000,195,325,69980000,30266
0,6998,69980000,69980000,195,325,69990000,30268
0,6999,69990000,69990000,195,325,70000000,30271
0,7,70000,70000,195,325,80000,29
0,70,700000,700000,195,325,710000,302
0,700,7000000,7000000,195,325,7010000,3027
0,7000,70000000,70000000,195,325,70010000,30278
0,7001,70010000,70010000,195,325,70020000,30279
0,7002,70020000,70020000,195,325,70030000,30287
0,7003,70030000,70030000,195,325,70040000,30290
0,7004,70040000,70040000,195,325,70050000,30293
0,7005,70050000,70050000,195,325,70060000,30299
0,7006,70060000,70060000,195,325,70070000,30303
0,7007,70070000,70070000,195,325,70080000,30308
0,7008,70080000,70080000,195,325,70090000,30312
0,7009,70090000,70090000,195,325,70100000,30314
0,701,7010000,7010000,195,325,7020000,3028
0,7010,70100000,70100000,195,325,70110000,30320
0,7011,70110000,70110000,195,325,70120000,30324
0,7012,70120000,70120000,195,325,70130000,30331
0,7013,70130000,70130000,195,325,70140000,30332
0,7014,70140000,70140000,195,325,70150000,30337
0,7015,70150000,70150000,195,325,70160000,30343
0,7016,70160000,70160000,195,325,70170000,30345
0,7017,70170000,70170000,195,325,70180000,30352
0,7018,70180000,70180000,195,325,70190000,30355
0,7019,70190000,70190000,195,325,70200000,30356
0,702,7020000,7020000,195,325,7030000,3036
0,7020,70200000,70200000,195,325,70210000,30364
0,7021,70210000,70210000,195,325,70220000,30368
0,7022,70220000,70220000,195,325,70230000,30373
0,7023,70230000,70230000,195,325,70240000,30376
0,7024,70240000,70240000,195,325,70250000,30381
0,7025,70250000,70250000,195,325,70260000,30385
0,7026,70260000,70260000,195,325,70270000,30389
0,7027,70270000,70270000,195,325,70280000,30394
0,7028,70280000,70280000,195,325,70290000,30397
0,7029,70290000,70290000,195,325,70300000,30402
0,703,7030000,7030000,195,325,7040000,3039
0,7030,70300000,70300000,195,325,70310000,30408
0,7031,70310000,70310000,195,325,70320000,30410
0,7032,70320000,70320000,195,325,70330000,30417
0,7033,70330000,70330000,195,325,70340000,30420
0,7034,70340000,70340000,195,325,70350000,30422
0,7035,70350000,70350000,195,325,70360000,30429
0,7036,70360000,70360000,195,325,70370000,30432
0,7037,70370000,70370000,195,325,70380000,30436
0,7038,70380000,70380000,195,325,70390000,30443
0,7039,70390000,70390000,195,325,70400000,30445
0,704,7040000,7040000,195,325,7050000,3041
0,7040,70400000,70400000,195,325,70410000,30450
0,7041,70410000,70410000,195,325,70420000,30453
0,7042,70420000,70420000,195,325,70430000,30461
0,7043,70430000,70430000,195,325,70440000,30462
0,7044,70440000,70440000,195,325,70450000,30466
0,7045,70450000,70450000,195,325,70460000,30472
0,7046,70460000,70460000,195,325,70470000,30475
0,7047,70470000,70470000,195,325,70480000,30482
0,7048,70480000,70480000,195,325,70490000,30485
0,7049,70490000,70490000,195,325,70500000,30487
0,705,7050000,7050000,195,325,7060000,3048
0,7050,70500000,70500000,195,325,70510000,30494
0,7051,70510000,70510000,195,325,70520000,30497
0,7052,70520000,70520000,195,325,70530000,30503
0,7053,70530000,70530000,195,325,70540000,30506
0,7054,70540000,70540000,195,325,70550000,30509
0,7055,70550000,70550000,195,325,70560000,30514
0,7056,70560000,70560000,195,325,70570000,30520
0,7057,70570000,70570000,195,325,70580000,30525
0,7058,70580000,70580000,195,325,70590000,30527
0,7059,70590000,70590000,195,325,70600000,30531
0,706,7060000,7060000,195,325,7070000,3052
0,7060,70600000,70600000,195,325,70610000,30538
0,7061,70610000,70610000,195,325,70620000,30539
0,7062,70620000,70620000,195,325,70630000,30546
0,7063,70630000,70630000,195,325,70640000,30550
0,7064,70640000,70640000,195,325,70650000,30552
0,7065,70650000,70650000,195,325,70660000,30559
0,7066,70660000,70660000,195,325,70670000,30563
0,7067,70670000,70670000,195,325,70680000,30567
0,7068,70680000,70680000,195,325,70690000,30571
0,7069,70690000,70690000,195,325,70700000,30574
0,707,7070000,7070000,195,325,7080000,3057
0,7070,70700000,70700000,195,325,70710000,30580
0,7071,70710000,70710000,195,325,70720000,30583
0,7072,70720000,70720000,195,325,70730000,30590
0,7073,70730000,70730000,195,325,70740000,30592
0,7074,70740000,70740000,195,325,70750000,30597
0,7075,70750000,70750000,195,325,70760000,30602
0,7076,70760000,70760000,195,325,70770000,30604
0,7077,70770000,70770000,195,325,70780000,30611
0,7078,70780000,70780000,195,325,70790000,30615
0,7079,70790000,70790000,195,325,70800000,30616
0,708,7080000,7080000,195,325,7090000,3061
0,7080,70800000,70800000,195,325,70810000,30625
0,7081,70810000,70810000,195,325,70820000,30627
0,7082,70820000,70820000,195,325,70830000,30632
0,7083,70830000,70830000,195,325,70840000,30636
0,7084,70840000,70840000,195,325,70850000,30640
0,7085,70850000,70850000,195,325,70860000,30644
0,7086,70860000,70860000,195,325,70870000,30648
0,7087,70870000,70870000,195,325,70880000,30655
0,7088,70880000,70880000,195,325,70890000,30657
0,7089,70890000,70890000,195,325,70900000,30661
0,709,7090000,7090000,195,325,7100000,3063
0,7090,70900000,70900000,195,325,70910000,30667
0,7091,70910000,70910000,195,325,70920000,30669
0,7092,70920000,70920000,195,325,70930000,30677
0,7093,70930000,70930000,195,325,70940000,30679
0,7094,70940000,70940000,195,325,70950000,30682
0,7095,70950000,70950000,195,325,70960000,30688
0,7096,70960000,70960000,195,325,70970000,30692
0,7097,70970000,70970000,195,325,70980000,30697
0,7098,70980000,70980000,195,325,70990000,30702
0,7099,70990000,70990000,195,325,71000000,30704
0,71,710000,710000,195,325,720000,303
0,710,7100000,7100000,195,325,7110000,3069
0,7100,71000000,71000000,195,325,71010000,30709
0,7101,71010000,71010000,195,325,71020000,30714
0,7102,71020000,71020000,195,325,71030000,30720
0,7103,71030000,71030000,195,325,71040000,30721
0,7104,71040000,71040000,195,325,71050000,30725
0,7105,71050000,71050000,195,325,71060000,30732
0,7106,71060000,71060000,195,325,71070000,30735
0,7107,71070000,71070000,195,325,71080000,30741
0,7108,71080000,71080000,195,325,71090000,30745
0,7109,71090000,71090000,195,325,71100000,30746
0,711,7110000,7110000,195,325,7120000,3073
0,7110,71100000,71100000,195,325,71110000,30754
0,7111,71110000,71110000,195,325,71120000,30756
0,7112,71120000,71120000,195,325,71130000,30762
0,7113,71130000,71130000,195,325,71140000,30765
0,7114,71140000,71140000,195,325,71150000,30770
0,7115,71150000,71150000,195,325,71160000,30775
0,7116,71160000,71160000,195,325,71170000,30779
0,7117,71170000,71170000,195,325,71180000,30784
0,7118,71180000,71180000,195,325,71190000,30786
0,7119,71190000,71190000,195,325,71200000,30791
0,712,7120000,7120000,195,325,7130000,3079
0,7120,71200000,71200000,195,325,71210000,30797
0,7121,71210000,71210000,195,325,71220000,30798
0,7122,71220000,71220000,195,325,71230000,30806
0,7123,71230000,71230000,195,325,71240000,30810
0,7124,71240000,71240000,195,325,71250000,30812
0,7125,71250000,71250000,195,325,71260000,30818
0,7126,71260000,71260000,195,325,71270000,30822
0,7127,71270000,71270000,195,325,71280000,30826
0,7128,71280000,71280000,195,325,71290000,30831
0,7129,71290000,71290000,195,325,71300000,30834
0,713,7130000,7130000,195,325,7140000,3080
0,7130,71300000,71300000,195,325,71310000,30839
0,7131,71310000,71310000,195,325,71320000,30843
0,7132,71320000,71320000,195,325,71330000,30850
0,7133,71330000,71330000,195,325,71340000,30852
0,7134,71340000,71340000,195,325,71350000,30856
0,7135,71350000,71350000,195,325,71360000,30861
0,7136,71360000,71360000,195,325,71370000,30864
0,7137,71370000,71370000,195,325,71380000,30871
0,7138,71380000,71380000,195,325,71390000,30874
0,7139,71390000,71390000,195,325,71400000,30875
0,714,7140000,7140000,195,325,7150000,3086
0,7140,71400000,71400000,195,325,71410000,30884
0,7141,71410000,71410000,195,325,71420000,30887
0,7142,71420000,71420000,195,325,71430000,30892
0,7143,71430000,71430000,195,325,71440000,30896
0,7144,71440000,71440000,195,325,71450000,30899
0,7145,71450000,71450000,195,325,71460000,30903
0,7146,71460000,71460000,195,325,71470000,30908
0,7147,71470000,71470000,195,325,71480000,30914
0,7148,71480000,71480000,195,325,71490000,30917
0,7149,71490000,71490000,195,325,71500000,30920
0,715,7150000,7150000,195,325,7160000,3092
0,7150,71500000,71500000,195,325,71510000,30928
0,7151,71510000,71510000,195,325,71520000,30929
0,7152,71520000,71520000,195,325,71530000,30936
0,7153,71530000,71530000,195,325,71540000,30938
0,7154,71540000,71540000,195,325,71550000,30941
0,7155,71550000,71550000,195,325,71560000,30948
0,7156,71560000,71560000,195,325,71570000,30951
0,7157,71570000,71570000,195,325,71580000,30957
0,7158,71580000,71580000,195,325,71590000,30961
0,7159,71590000,71590000,195,325,71600000,30964
0,716,7160000,7160000,195,325,7170000,3094
0,7160,71600000,71600000,195,325,71610000,30969
0,7161,71610000,71610000,195,325,71620000,30973
0,7162,71620000,71620000,195,325,71630000,30979
0,7163,71630000,71630000,195,325,71640000,30980
0,7164,71640000,71640000,195,325,71650000,30986
0,7165,71650000,71650000,195,325,71660000,30992
0,7166,71660000,71660000,195,325,71670000,30994
0,7167,71670000,71670000,195,325,71680000,31000
0,7168,71680000,71680000,195,325,71690000,31005
0,7169,71690000,71690000,195,325,71700000,31006
0,717,7170000,7170000,195,325,7180000,3101
0,7170,71700000,71700000,195,325,71710000,31013
0,7171,71710000,71710000,195,325,71720000,31016
0,7172,71720000,71720000,195,325,71730000,31021
0,7173,71730000,71730000,195,325,71740000,31025
0,7174,71740000,71740000,195,325,71750000,31029
0,7175,71750000,71750000,195,325,71760000,31034
0,7176,71760000,71760000,195,325,71770000,31038
0,7177,71770000,71770000,195,325,71780000,31044
0,7178,71780000,71780000,195,325,71790000,31047
0,7179,71790000,71790000,195,325,71800000,31050
0,718,7180000,7180000,195,325,7190000,3104
0,7180,71800000,71800000,195,325,71810000,31056
0,7181,71810000,71810000,195,325,71820000,31057
0,7182,71820000,71820000,195,325,71830000,31067
0,7183,71830000,71830000,195,325,71840000,31069
0,7184,71840000,71840000,195,325,71850000,31071
0,7185,71850000,71850000,195,325,71860000,31078
0,7186,71860000,71860000,195,325,71870000,31082
0,7187,71870000,71870000,195,325,71880000,31086
0,7188,71880000,71880000,195,325,71890000,31090
0,7189,71890000,71890000,195,325,71900000,31093
0,719,7190000,7190000,195,325,7200000,3105
0,7190,71900000,71900000,195,325,71910000,31098
0,7191,71910000,71910000,195,325,71920000,31103
0,7192,71920000,71920000,195,325,71930000,31110
0,7193,71930000,71930000,195,325,71940000,31111
0,7194,71940000,71940000,195,325,71950000,31115
0,7195,71950000,71950000,195,325,71960000,31121
0,7196,71960000,71960000,195,325,71970000,31124
0,7197,71970000,71970000,195,325,71980000,31130
0,7198,71980000,71980000,195,325,71990000,31133
0,7199,71990000,71990000,195,325,72000000,31136
0,72,720000,720000,195,325,730000,311
0,720,7200000,7200000,195,325,7210000,3113
0,7200,72000000,72000000,195,325,72010000,31144
0,7201,72010000,72010000,195,325,72020000,31146
0,7202,72020000,72020000,195,325,72030000,31151
0,7203,72030000,72030000,195,325,72040000,31155
0,7204,72040000,72040000,195,325,72050000,31159
0,7205,72050000,72050000,195,325,72060000,31163
0,7206,72060000,72060000,195,325,72070000,31168
0,7207,72070000,72070000,195,325,72080000,31173
0,7208,72080000,72080000,195,325,72090000,31176
0,7209,72090000,72090000,195,325,72100000,31180
0,721,7210000,7210000,195,325,7220000,3116
0,7210,72100000,72100000,195,325,72110000,31187
0,7211,72110000,72110000,195,325,72120000,31188
0,7212,72120000,72120000,195,325,72130000,31195
0,7213,72130000,72130000,195,325,72140000,31199
0,7214,72140000,72140000,195,325,72150000,31201
0,7215,72150000,72150000,195,325,72160000,31207
0,7216,72160000,72160000,195,325,72170000,31211
0,7217,72170000,72170000,195,325,72180000,31216
0,7218,72180000,72180000,195,325,72190000,31221
0,7219,72190000,72190000,195,325,72200000,31223
0,722,7220000,7220000,195,325,7230000,3122
0,7220,72200000,72200000,195,325,72210000,31229
0,7221,72210000,72210000,195,325,72220000,31232
0,7222,72220000,72220000,195,325,72230000,31239
0,7223,72230000,72230000,195,325,72240000,31240
0,7224,72240000,72240000,195,325,72250000,31245
0,7225,72250000,72250000,195,325,72260000,31251
0,7226,72260000,72260000,195,325,72270000,31253
0,7227,72270000,72270000,195,325,72280000,31261
0,7228,72280000,72280000,195,325,72290000,31264
0,7229,72290000,72290000,195,325,72300000,31265
0,723,7230000,7230000,195,325,7240000,3125
0,7230,72300000,72300000,195,325,72310000,31272
0,7231,72310000,72310000,195,325,72320000,31276
0,7232,72320000,72320000,195,325,72330000,31281
0,7233,72330000,72330000,195,325,72340000,31285
0,7234,72340000,72340000,195,325,72350000,31289
0,7235,72350000,72350000,195,325,72360000,31293
0,7236,72360000,72360000,195,325,72370000,31298
0,7237,72370000,72370000,195,325,72380000,31303
0,7238,72380000,72380000,195,325,72390000,31306
0,7239,72390000,72390000,195,325,72400000,31309
0,724,7240000,7240000,195,325,7250000,3130
0,7240,72400000,72400000,195,325,72410000,31316
0,7241,72410000,72410000,195,325,72420000,31318
0,7242,72420000,72420000,195,325,72430000,31326
0,7243,72430000,72430000,195,325,72440000,31328
0,7244,72440000,72440000,195,325,72450000,31330
0,7245,72450000,72450000,195,325,72460000,31338
0,7246,72460000,72460000,195,325,72470000,31341
0,7247,72470000,72470000,195,325,72480000,31345
0,7248,72480000,72480000,195,325,72490000,31350
0,7249,72490000,72490000,195,325,72500000,31353
0,725,7250000,7250000,195,325,7260000,3134
0,7250,72500000,72500000,195,325,72510000,31359
0,7251,72510000,72510000,195,325,72520000,31362
0,7252,72520000,72520000,195,325,72530000,31369
0,7253,72530000,72530000,195,325,72540000,31370
0,7254,72540000,72540000,195,325,72550000,31375
0,7255,72550000,72550000,195,325,72560000,31381
0,7256,72560000,72560000,195,325,72570000,31383
0,7257,72570000,72570000,195,325,72580000,31389
0,7258,72580000,72580000,195,325,72590000,31393
0,7259,72590000,72590000,195,325,72600000,31396
0,726,7260000,7260000,195,325,7270000,3138
0,7260,72600000,72600000,195,325,72610000,31403
0,7261,72610000,72610000,195,325,72620000,31405
0,7262,72620000,72620000,195,325,72630000,31411
0,7263,72630000,72630000,195,325,72640000,31415
0,7264,72640000,72640000,195,325,72650000,31418
0,7265,72650000,72650000,195,325,72660000,31422
0,7266,72660000,72660000,195,325,72670000,31427
0,7267,72670000,72670000,195,325,72680000,31434
0,7268,72680000,72680000,195,325,72690000,31436
0,7269,72690000,72690000,195,325,72700000,31440
0,727,7270000,7270000,195,325,7280000,3143
0,7270,72700000,72700000,195,325,72710000,31446
0,7271,72710000,72710000,195,325,72720000,31447
0,7272,72720000,72720000,195,325,72730000,31455
0,7273,72730000,72730000,195,325,72740000,31458
0,7274,72740000,72740000,195,325,72750000,31460
0,7275,72750000,72750000,195,325,72760000,31466
0,7276,72760000,72760000,195,325,72770000,31472
0,7277,72770000,72770000,195,325,72780000,31476
0,7278,72780000,72780000,195,325,72790000,31480
0,7279,72790000,72790000,195,325,72800000,31482
0,728,7280000,7280000,195,325,7290000,3146
0,7280,72800000,72800000,195,325,72810000,31488
0,7281,72810000,72810000,195,325,72820000,31492
0,7282,72820000,72820000,195,325,72830000,31498
0,7283,72830000,72830000,195,325,72840000,31500
0,7284,72840000,72840000,195,325,72850000,31505
0,7285,72850000,72850000,195,325,72860000,31511
0,7286,72860000,72860000,195,325,72870000,31513
0,7287,72870000,72870000,195,325,72880000,31520
0,7288,72880000,72880000,195,325,72890000,31523
0,7289,72890000,72890000,195,325,72900000,31524
0,729,7290000,7290000,195,325,7300000,3150
0,7290,72900000,72900000,195,325,72910000,31533
0,7291,72910000,72910000,195,325,72920000,31535
0,7292,72920000,72920000,195,325,72930000,31540
0,7293,72930000,72930000,195,325,72940000,31544
0,7294,72940000,72940000,195,325,72950000,31549
0,7295,72950000,72950000,195,325,72960000,31553
0,7296,72960000,72960000,195,325,72970000,31557
0,7297,72970000,72970000,195,325,72980000,31563
0,7298,72980000,72980000,195,325,72990000,31565
0,7299,72990000,72990000,195,325,73000000,31569
0,73,730000,730000,195,325,740000,314
0,730,7300000,7300000,195,325,7310000,3156
0,7300,73000000,73000000,195,325,73010000,31575
0,7301,73010000,73010000,195,325,73020000,31578
0,7302,73020000,73020000,195,325,73030000,31585
0,7303,73030000,73030000,195,325,73040000,31588
0,7304,73040000,73040000,195,325,73050000,31591
0,7305,73050000,73050000,195,325,73060000,31597
0,7306,73060000,73060000,195,325,73070000,31600
0,7307,73070000,73070000,195,325,73080000,31604
0,7308,73080000,73080000,195,325,73090000,31610
0,7309,73090000,73090000,195,325,73100000,31612
0,731,7310000,7310000,195,325,7320000,3159
0,7310,73100000,73100000,195,325,73110000,31618
0,7311,73110000,73110000,195,325,73120000,31622
0,7312,73120000,73120000,195,325,73130000,31629
0,7313,73130000,73130000,195,325,73140000,31630
0,7314,73140000,73140000,195,325,73150000,31634
0,7315,73150000,73150000,195,325,73160000,31640
0,7316,73160000,73160000,195,325,73170000,31642
0,7317,73170000,73170000,195,325,73180000,31649
0,7318,73180000,73180000,195,325,73190000,31654
0,7319,73190000,73190000,195,325,73200000,31655
0,732,7320000,7320000,195,325,7330000,3166
0,7320,73200000,73200000,195,325,73210000,31662
0,7321,73210000,73210000,195,325,73220000,31665
0,7322,73220000,73220000,195,325,73230000,31671
0,7323,73230000,73230000,195,325,73240000,31674
0,7324,73240000,73240000,195,325,73250000,31677
0,7325,73250000,73250000,195,325,73260000,31682
0,7326,73260000,73260000,195,325,73270000,31687
0,7327,73270000,73270000,195,325,73280000,31693
0,7328,73280000,73280000,195,325,73290000,31695
0,7329,73290000,73290000,195,325,73300000,31699
0,733,7330000,7330000,195,325,7340000,3169
0,7330,73300000,73300000,195,325,73310000,31706
0,7331,73310000,73310000,195,325,73320000,31707
0,7332,73320000,73320000,195,325,73330000,31715
0,7333,73330000,73330000,195,325,73340000,31717
0,7334,73340000,73340000,195,325,73350000,31719
0,7335,73350000,73350000,195,325,73360000,31727
0,7336,73360000,73360000,195,325,73370000,31731
0,7337,73370000,73370000,195,325,73380000,31735
0,7338,73380000,73380000,195,325,73390000,31739
0,7339,73390000,73390000,195,325,73400000,31743
0,734,7340000,7340000,195,325,7350000,3171
0,7340,73400000,73400000,195,325,73410000,31748
0,7341,73410000,73410000,195,325,73420000,31751
0,7342,73420000,73420000,195,325,73430000,31757
0,7343,73430000,73430000,195,325,73440000,31759
0,7344,73440000,73440000,195,325,73450000,31765
0,7345,73450000,73450000,195,325,73460000,31770
0,7346,73460000,73460000,195,325,73470000,31773
0,7347,73470000,73470000,195,325,73480000,31779
0,7348,73480000,73480000,195,325,73490000,31783
0,7349,73490000,73490000,195,325,73500000,31784
0,735,7350000,7350000,195,325,7360000,3178
0,7350,73500000,73500000,195,325,73510000,31792
0,7351,73510000,73510000,195,325,73520000,31794
0,7352,73520000,73520000,195,325,73530000,31800
0,7353,73530000,73530000,195,325,73540000,31805
0,7354,73540000,73540000,195,325,73550000,31808
0,7355,73550000,73550000,195,325,73560000,31812
0,7356,73560000,73560000,195,325,73570000,31816
0,7357,73570000,73570000,195,325,73580000,31823
0,7358,73580000,73580000,195,325,73590000,31825
0,7359,73590000,73590000,195,325,73600000,31828
0,736,7360000,7360000,195,325,7370000,3181
0,7360,73600000,73600000,195,325,73610000,31835
0,7361,73610000,73610000,195,325,73620000,31837
0,7362,73620000,73620000,195,325,73630000,31845
0,7363,73630000,73630000,195,325,73640000,31847
0,7364,73640000,73640000,195,325,73650000,31850
0,7365,73650000,73650000,195,325,73660000,31856
0,7366,73660000,73660000,195,325,73670000,31860
0,7367,73670000,73670000,195,325,73680000,31865
0,7368,73680000,73680000,195,325,73690000,31869
0,7369,73690000,73690000,195,325,73700000,31872
0,737,7370000,7370000,195,325,7380000,3185
0,7370,73700000,73700000,195,325,73710000,31877
0,7371,73710000,73710000,195,325,73720000,31882
0,7372,73720000,73720000,195,325,73730000,31888
0,7373,73730000,73730000,195,325,73740000,31889
0,7374,73740000,73740000,195,325,73750000,31894
0,7375,73750000,73750000,195,325,73760000,31900
0,7376,73760000,73760000,195,325,73770000,31902
0,7377,73770000,73770000,195,325,73780000,31908
0,7378,73780000,73780000,195,325,73790000,31913
0,7379,73790000,73790000,195,325,73800000,31914
0,738,7380000,7380000,195,325,7390000,3191
0,7380,73800000,73800000,195,325,73810000,31922
0,7381,73810000,73810000,195,325,73820000,31925
0,7382,73820000,73820000,195,325,73830000,31930
0,7383,73830000,73830000,195,325,73840000,31933
0,7384,73840000,73840000,195,325,73850000,31937
0,7385,73850000,73850000,195,325,73860000,31942
0,7386,73860000,73860000,195,325,73870000,31947
0,7387,73870000,73870000,195,325,73880000,31952
0,7388,73880000,73880000,195,325,73890000,31955
0,7389,73890000,73890000,195,325,73900000,31959
0,739,7390000,7390000,195,325,7400000,3194
0,7390,73900000,73900000,195,325,73910000,31965
0,7391,73910000,73910000,195,325,73920000,31966
0,7392,73920000,73920000,195,325,73930000,31974
0,7393,73930000,73930000,195,325,73940000,31977
0,7394,73940000,73940000,195,325,73950000,31979
0,7395,73950000,73950000,195,325,73960000,31987
0,7396,73960000,73960000,195,325,73970000,31990
0,7397,73970000,73970000,195,325,73980000,31994
0,7398,73980000,73980000,195,325,73990000,31999
0,7399,73990000,73990000,195,325,74000000,32002
0,74,740000,740000,195,325,750000,316
0,740,7400000,7400000,195,325,7410000,3199
0,7400,74000000,74000000,195,325,74010000,32007
0,7401,74010000,74010000,195,325,74020000,32010
0,7402,74020000,74020000,195,325,74030000,32018
0,7403,74030000,74030000,195,325,74040000,32020
0,7404,74040000,74040000,195,325,74050000,32024
0,7405,74050000,74050000,195,325,74060000,32029
0,7406,74060000,74060000,195,325,74070000,32032
0,7407,74070000,74070000,195,325,74080000,32039
0,7408,74080000,74080000,195,325,74090000,32042
0,7409,74090000,74090000,195,325,74100000,32044
0,741,7410000,7410000,195,325,7420000,3202
0,7410,74100000,74100000,195,325,74110000,32051
0,7411,74110000,74110000,195,325,74120000,32054
0,7412,74120000,74120000,195,325,74130000,32060
0,7413,74130000,74130000,195,325,74140000,32064
0,7414,74140000,74140000,195,325,74150000,32067
0,7415,74150000,74150000,195,325,74160000,32071
0,7416,74160000,74160000,195,325,74170000,32077
0,7417,74170000,74170000,195,325,74180000,32082
0,7418,74180000,74180000,195,325,74190000,32084
0,7419,74190000,74190000,195,325,74200000,32087
0,742,7420000,7420000,195,325,7430000,3210
0,7420,74200000,74200000,195,325,74210000,32096
0,7421,74210000,74210000,195,325,74220000,32097
0,7422,74220000,74220000,195,325,74230000,32104
0,7423,74230000,74230000,195,325,74240000,32107
0,7424,74240000,74240000,195,325,74250000,32109
0,7425,74250000,74250000,195,325,74260000,32116
0,7426,74260000,74260000,195,325,74270000,32119
0,7427,74270000,74270000,195,325,74280000,32124
0,7428,74280000,74280000,195,325,74290000,32128
0,7429,74290000,74290000,195,325,74300000,32132
0,743,7430000,7430000,195,325,7440000,3211
0,7430,74300000,74300000,195,325,74310000,32138
0,7431,74310000,74310000,195,325,74320000,32141
0,7432,74320000,74320000,195,325,74330000,32147
0,7433,74330000,74330000,195,325,74340000,32148
0,7434,74340000,74340000,195,325,74350000,32154
0,7435,74350000,74350000,195,325,74360000,32159
0,7436,74360000,74360000,195,325,74370000,32161
0,7437,74370000,74370000,195,325,74380000,32169
0,7438,74380000,74380000,195,325,74390000,32173
0,7439,74390000,74390000,195,325,74400000,32174
0,744,7440000,7440000,195,325,7450000,3215
0,7440,74400000,74400000,195,325,74410000,32181
0,7441,74410000,74410000,195,325,74420000,32184
0,7442,74420000,74420000,195,325,74430000,32189
0,7443,74430000,74430000,195,325,74440000,32193
0,7444,74440000,74440000,195,325,74450000,32197
0,7445,74450000,74450000,195,325,74460000,32201
0,7446,74460000,74460000,195,325,74470000,32206
0,7447,74470000,74470000,195,325,74480000,32212
0,7448,74480000,74480000,195,325,74490000,32215
0,7449,74490000,74490000,195,325,74500000,32218
0,745,7450000,7450000,195,325,7460000,3221
0,7450,74500000,74500000,195,325,74510000,32224
0,7451,74510000,74510000,195,325,74520000,32226
0,7452,74520000,74520000,195,325,74530000,32234
0,7453,74530000,74530000,195,325,74540000,32236
0,7454,74540000,74540000,195,325,74550000,32239
0,7455,74550000,74550000,195,325,74560000,32246
0,7456,74560000,74560000,195,325,74570000,32250
0,7457,74570000,74570000,195,325,74580000,32254
0,7458,74580000,74580000,195,325,74590000,32259
0,7459,74590000,74590000,195,325,74600000,32261
0,746,7460000,7460000,195,325,7470000,3223
0,7460,74600000,74600000,195,325,74610000,32266
0,7461,74610000,74610000,195,325,74620000,32270
0,7462,74620000,74620000,195,325,74630000,32277
0,7463,74630000,74630000,195,325,74640000,32279
0,7464,74640000,74640000,195,325,74650000,32283
0,7465,74650000,74650000,195,325,74660000,32290
0,7466,74660000,74660000,195,325,74670000,32292
0,7467,74670000,74670000,195,325,74680000,32298
0,7468,74680000,74680000,195,325,74690000,32301
0,7469,74690000,74690000,195,325,74700000,32303
0,747,7470000,7470000,195,325,7480000,3230
0,7470,74700000,74700000,195,325,74710000,32311
0,7471,74710000,74710000,195,325,74720000,32314
0,7472,74720000,74720000,195,325,74730000,32320
0,7473,74730000,74730000,195,325,74740000,32323
0,7474,74740000,74740000,195,325,74750000,32327
0,7475,74750000,74750000,195,325,74760000,32331
0,7476,74760000,74760000,195,325,74770000,32336
0,7477,74770000,74770000,195,325,74780000,32341
0,7478,74780000,74780000,195,325,74790000,32343
0,7479,74790000,74790000,195,325,74800000,32348
0,748,7480000,7480000,195,325,7490000,3234
0,7480,74800000,74800000,195,325,74810000,32355
0,7481,74810000,74810000,195,325,74820000,32356
0,7482,74820000,74820000,195,325,74830000,32363
0,7483,74830000,74830000,195,325,74840000,32367
0,7484,74840000,74840000,195,325,74850000,32369
0,7485,74850000,74850000,195,325,74860000,32375
0,7486,74860000,74860000,195,325,74870000,32379
0,7487,74870000,74870000,195,325,74880000,32383
0,7488,74880000,74880000,195,325,74890000,32389
0,7489,74890000,74890000,195,325,74900000,32391
0,749,7490000,7490000,195,325,7500000,3236
0,7490,74900000,74900000,195,325,74910000,32397
0,7491,74910000,74910000,195,325,74920000,32400
0,7492,74920000,74920000,195,325,74930000,32407
0,7493,74930000,74930000,195,325,74940000,32409
0,7494,74940000,74940000,195,325,74950000,32413
0,7495,74950000,74950000,195,325,74960000,32418
0,7496,74960000,74960000,195,325,74970000,32420
0,7497,74970000,74970000,195,325,74980000,32429
0,7498,74980000,74980000,195,325,74990000,32432
0,7499,74990000,74990000,195,325,75000000,32433
0,75,750000,750000,195,325,760000,322
0,750,7500000,7500000,195,325,7510000,3243
0,7500,75000000,75000000,195,325,75010000,32441
0,7501,75010000,75010000,195,325,75020000,32444
0,7502,75020000,75020000,195,325,75030000,32449
0,7503,75030000,75030000,195,325,75040000,32452
0,7504,75040000,75040000,195,325,75050000,32456
0,7505,75050000,75050000,195,325,75060000,32461
0,7506,75060000,75060000,195,325,75070000,32466
0,7507,75070000,75070000,195,325,75080000,32472
0,7508,75080000,75080000,195,325,75090000,32474
0,7509,75090000,75090000,195,325,75100000,32477
0,751,7510000,7510000,195,325,7520000,3246
0,7510,75100000,75100000,195,325,75110000,32484
0,7511,75110000,75110000,195,325,75120000,32486
0,7512,75120000,75120000,195,325,75130000,32493
0,7513,75130000,75130000,195,325,75140000,32495
0,7514,75140000,75140000,195,325,75150000,32499
0,7515,75150000,75150000,195,325,75160000,32506
0,7516,75160000,75160000,195,325,75170000,32509
0,7517,75170000,75170000,195,325,75180000,32513
0,7518,75180000,75180000,195,325,75190000,32518
0,7519,75190000,75190000,195,325,75200000,32521
0,752,7520000,7520000,195,325,7530000,3252
0,7520,75200000,75200000,195,325,75210000,32526
0,7521,75210000,75210000,195,325,75220000,32530
0,7522,75220000,75220000,195,325,75230000,32537
0,7523,75230000,75230000,195,325,75240000,32538
0,7524,75240000,75240000,195,325,75250000,32543
0,7525,75250000,75250000,195,325,75260000,32549
0,7526,75260000,75260000,195,325,75270000,32551
0,7527,75270000,75270000,195,325,75280000,32557
0,7528,75280000,75280000,195,325,75290000,32562
0,7529,75290000,75290000,195,325,75300000,32563
0,753,7530000,7530000,195,325,7540000,3255
0,7530,75300000,75300000,195,325,75310000,32570
0,7531,75310000,75310000,195,325,75320000,32573
0,7532,75320000,75320000,195,325,75330000,32579
0,7533,75330000,75330000,195,325,75340000,32583
0,7534,75340000,75340000,195,325,75350000,32586
0,7535,75350000,75350000,195,325,75360000,32591
0,7536,75360000,75360000,195,325,75370000,32595
0,7537,75370000,75370000,195,325,75380000,32601
0,7538,75380000,75380000,195,325,75390000,32603
0,7539,75390000,75390000,195,325,75400000,32608
0,754,7540000,7540000,195,325,7550000,3258
0,7540,75400000,75400000,195,325,75410000,32614
0,7541,75410000,75410000,195,325,75420000,32615
0,7542,75420000,75420000,195,325,75430000,32624
0,7543,75430000,75430000,195,325,75440000,32626
0,7544,75440000,75440000,195,325,75450000,32628
0,7545,75450000,75450000,195,325,75460000,32634
0,7546,75460000,75460000,195,325,75470000,32639
0,7547,75470000,75470000,195,325,75480000,32643
0,7548,75480000,75480000,195,325,75490000,32648
0,7549,75490000,75490000,195,325,75500000,32651
0,755,7550000,7550000,195,325,7560000,3262
0,7550,75500000,75500000,195,325,75510000,32656
0,7551,75510000,75510000,195,325,75520000,32660
0,7552,75520000,75520000,195,325,75530000,32666
0,7553,75530000,75530000,195,325,75540000,32668
0,7554,75540000,75540000,195,325,75550000,32672
0,7555,75550000,75550000,195,325,75560000,32678
0,7556,75560000,75560000,195,325,75570000,32682
0,7557,75570000,75570000,195,325,75580000,32688
0,7558,75580000,75580000,195,325,75590000,32691
0,7559,75590000,75590000,195,325,75600000,32692
0,756,7560000,7560000,195,325,7570000,3269
0,7560,75600000,75600000,195,325,75610000,32701
0,7561,75610000,75610000,195,325,75620000,32703
0,7562,75620000,75620000,195,325,75630000,32708
0,7563,75630000,75630000,195,325,75640000,32712
0,7564,75640000,75640000,195,325,75650000,32716
0,7565,75650000,75650000,195,325,75660000,32721
0,7566,75660000,75660000,195,325,75670000,32725
0,7567,75670000,75670000,195,325,75680000,32731
0,7568,75680000,75680000,195,325,75690000,32733
0,7569,75690000,75690000,195,325,75700000,32737
0,757,7570000,7570000,195,325,7580000,3274
0,7570,75700000,75700000,195,325,75710000,32744
0,7571,75710000,75710000,195,325,75720000,32745
0,7572,75720000,75720000,195,325,75730000,32752
0,7573,75730000,75730000,195,325,75740000,32756
0,7574,75740000,75740000,195,325,75750000,32759
0,7575,75750000,75750000,195,325,75760000,32765
0,7576,75760000,75760000,195,325,75770000,32768
0,7577,75770000,75770000,195,325,75780000,32773
0,7578,75780000,75780000,195,325,75790000,32778
0,7579,75790000,75790000,195,325,75800000,32780
0,758,7580000,7580000,195,325,7590000,3276
0,7580,75800000,75800000,195,325,75810000,32785
0,7581,75810000,75810000,195,325,75820000,32789
0,7582,75820000,75820000,195,325,75830000,32797
0,7583,75830000,75830000,195,325,75840000,32798
0,7584,75840000,75840000,195,325,75850000,32803
0,7585,75850000,75850000,195,325,75860000,32808
0,7586,75860000,75860000,195,325,75870000,32810
0,7587,75870000,75870000,195,325,75880000,32817
0,7588,75880000,75880000,195,325,75890000,32821
0,7589,75890000,75890000,195,325,75900000,32822
0,759,7590000,7590000,195,325,7600000,3280
0,7590,75900000,75900000,195,325,75910000,32830
0,7591,75910000,75910000,195,325,75920000,32834
0,7592,75920000,75920000,195,325,75930000,32839
0,7593,75930000,75930000,195,325,75940000,32842
0,7594,75940000,75940000,195,325,75950000,32845
0,7595,75950000,75950000,195,325,75960000,32850
0,7596,75960000,75960000,195,325,75970000,32855
0,7597,75970000,75970000,195,325,75980000,32860
0,7598,75980000,75980000,195,325,75990000,32863
0,7599,75990000,75990000,195,325,76000000,32867
0,76,760000,760000,195,325,770000,327
0,760,7600000,7600000,195,325,7610000,3287
0,7600,76000000,76000000,195,325,76010000,32874
0,7601,76010000,76010000,195,325,76020000,32875
0,7602,76020000,76020000,195,325,76030000,32883
0,7603,76030000,76030000,195,325,76040000,32885
0,7604,76040000,76040000,195,325,76050000,32887
0,7605,76050000,76050000,195,325,76060000,32895
0,7606,76060000,76060000,195,325,76070000,32898
0,7607,76070000,76070000,195,325,76080000,32903
0,7608,76080000,76080000,195,325,76090000,32907
0,7609,76090000,76090000,195,325,76100000,32911
0,761,7610000,7610000,195,325,7620000,3288
0,7610,76100000,76100000,195,325,76110000,32916
0,7611,76110000,76110000,195,325,76120000,32919
0,7612,76120000,76120000,195,325,76130000,32926
0,7613,76130000,76130000,195,325,76140000,32927
0,7614,76140000,76140000,195,325,76150000,32932
0,7615,76150000,76150000,195,325,76160000,32937
0,7616,76160000,76160000,195,325,76170000,32941
0,7617,76170000,76170000,195,325,76180000,32947
0,7618,76180000,76180000,195,325,76190000,32951
0,7619,76190000,76190000,195,325,76200000,32953
0,762,7620000,7620000,195,325,7630000,3295
0,7620,76200000,76200000,195,325,76210000,32960
0,7621,76210000,76210000,195,325,76220000,32962
0,7622,76220000,76220000,195,325,76230000,32967
0,7623,76230000,76230000,195,325,76240000,32972
0,7624,76240000,76240000,195,325,76250000,32976
0,7625,76250000,76250000,195,325,76260000,32980
0,7626,76260000,76260000,195,325,76270000,32985
0,7627,76270000,76270000,195,325,76280000,32991
0,7628,76280000,76280000,195,325,76290000,32993
0,7629,76290000,76290000,195,325,76300000,32996
0,763,7630000,7630000,195,325,7640000,3298
0,7630,76300000,76300000,195,325,76310000,33003
0,7631,76310000,76310000,195,325,76320000,33004
0,7632,76320000,76320000,195,325,76330000,33012
0,7633,76330000,76330000,195,325,76340000,33016
0,7634,76340000,76340000,195,325,76350000,33018
0,7635,76350000,76350000,195,325,76360000,33024
0,7636,76360000,76360000,195,325,76370000,33028
0,7637,76370000,76370000,195,325,76380000,33033
0,7638,76380000,76380000,195,325,76390000,33037
0,7639,76390000,76390000,195,325,76400000,33039
0,764,7640000,7640000,195,325,7650000,3300
0,7640,76400000,76400000,195,325,76410000,33045
0,7641,76410000,76410000,195,325,76420000,33050
0,7642,76420000,76420000,195,325,76430000,33056
0,7643,76430000,76430000,195,325,76440000,33057
0,7644,76440000,76440000,195,325,76450000,33062
0,7645,76450000,76450000,195,325,76460000,33068
0,7646,76460000,76460000,195,325,76470000,33070
0,7647,76470000,76470000,195,325,76480000,33077
0,7648,76480000,76480000,195,325,76490000,33080
0,7649,76490000,76490000,195,325,76500000,33081
0,765,7650000,7650000,195,325,7660000,3308
0,7650,76500000,76500000,195,325,76510000,33090
0,7651,76510000,76510000,195,325,76520000,33093
0,7652,76520000,76520000,195,325,76530000,33098
0,7653,76530000,76530000,195,325,76540000,33101
0,7654,76540000,76540000,195,325,76550000,33106
0,7655,76550000,76550000,195,325,76560000,33110
0,7656,76560000,76560000,195,325,76570000,33114
0,7657,76570000,76570000,195,325,76580000,33119
0,7658,76580000,76580000,195,325,76590000,33123
0,7659,76590000,76590000,195,325,76600000,33127
0,766,7660000,7660000,195,325,7670000,3312
0,7660,76600000,76600000,195,325,76610000,33133
0,7661,76610000,76610000,195,325,76620000,33135
0,7662,76620000,76620000,195,325,76630000,33142
0,7663,76630000,76630000,195,325,76640000,33145
0,7664,76640000,76640000,195,325,76650000,33147
0,7665,76650000,76650000,195,325,76660000,33154
0,7666,76660000,76660000,195,325,76670000,33157
0,7667,76670000,76670000,195,325,76680000,33162
0,7668,76680000,76680000,195,325,76690000,33168
0,7669,76690000,76690000,195,325,76700000,33170
0,767,7670000,7670000,195,325,7680000,3316
0,7670,76700000,76700000,195,325,76710000,33175
0,7671,76710000,76710000,195,325,76720000,33178
0,7672,76720000,76720000,195,325,76730000,33186
0,7673,76730000,76730000,195,325,76740000,33187
0,7674,76740000,76740000,195,325,76750000,33191
0,7675,76750000,76750000,195,325,76760000,33198
0,7676,76760000,76760000,195,325,76770000,33200
0,7677,76770000,76770000,195,325,76780000,33207
0,7678,76780000,76780000,195,325,76790000,33210
0,7679,76790000,76790000,195,325,76800000,33212
0,768,7680000,7680000,195,325,7690000,3320
0,7680,76800000,76800000,195,325,76810000,33219
0,7681,76810000,76810000,195,325,76820000,33222
0,7682,76820000,76820000,195,325,76830000,33228
0,7683,76830000,76830000,195,325,76840000,33231
0,7684,76840000,76840000,195,325,76850000,33235
0,7685,76850000,76850000,195,325,76860000,33239
0,7686,76860000,76860000,195,325,76870000,33245
0,7687,76870000,76870000,195,325,76880000,33250
0,7688,76880000,76880000,195,325,76890000,33252
0,7689,76890000,76890000,195,325,76900000,33256
0,769,7690000,7690000,195,325,7700000,3323
0,7690,76900000,76900000,195,325,76910000,33263
0,7691,76910000,76910000,195,325,76920000,33264
0,7692,76920000,76920000,195,325,76930000,33272
0,7693,76930000,76930000,195,325,76940000,33275
0,7694,76940000,76940000,195,325,76950000,33277
0,7695,76950000,76950000,195,325,76960000,33284
0,7696,76960000,76960000,195,325,76970000,33288
0,7697,76970000,76970000,195,325,76980000,33292
0,7698,76980000,76980000,195,325,76990000,33296
0,7699,76990000,76990000,195,325,77000000,33299
0,77,770000,770000,195,325,780000,332
0,770,7700000,7700000,195,325,7710000,3329
0,7700,77000000,77000000,195,325,77010000,33305
0,7701,77010000,77010000,195,325,77020000,33309
0,7702,77020000,77020000,195,325,77030000,33315
0,7703,77030000,77030000,195,325,77040000,33317
0,7704,77040000,77040000,195,325,77050000,33322
0,7705,77050000,77050000,195,325,77060000,33327
0,7706,77060000,77060000,195,325,77070000,33329
0,7707,77070000,77070000,195,325,77080000,33336
0,7708,77080000,77080000,195,325,77090000,33340
0,7709,77090000,77090000,195,325,77100000,33342
0,771,7710000,7710000,195,325,7720000,3332
0,7710,77100000,77100000,195,325,77110000,33350
0,7711,77110000,77110000,195,325,77120000,33352
0,7712,77120000,77120000,195,325,77130000,33357
0,7713,77130000,77130000,195,325,77140000,33361
0,7714,77140000,77140000,195,325,77150000,33365
0,7715,77150000,77150000,195,325,77160000,33369
0,7716,77160000,77160000,195,325,77170000,33373
0,7717,77170000,77170000,195,325,77180000,33380
0,7718,77180000,77180000,195,325,77190000,33383
0,7719,77190000,77190000,195,325,77200000,33386
0,772,7720000,7720000,195,325,7730000,3338
0,7720,77200000,77200000,195,325,77210000,33392
0,7721,77210000,77210000,195,325,77220000,33394
0,7722,77220000,77220000,195,325,77230000,33402
0,7723,77230000,77230000,195,325,77240000,33404
0,7724,77240000,77240000,195,325,77250000,33407
0,7725,77250000,77250000,195,325,77260000,33413
0,7726,77260000,77260000,195,325,77270000,33418
0,7727,77270000,77270000,195,325,77280000,33422
0,7728,77280000,77280000,195,325,77290000,33427
0,7729,77290000,77290000,195,325,77300000,33429
0,773,7730000,7730000,195,325,7740000,3341
0,7730,77300000,77300000,195,325,77310000,33434
0,7731,77310000,77310000,195,325,77320000,33439
0,7732,77320000,77320000,195,325,77330000,33445
0,7733,77330000,77330000,195,325,77340000,33446
0,7734,77340000,77340000,195,325,77350000,33450
0,7735,77350000,77350000,195,325,77360000,33458
0,7736,77360000,77360000,195,325,77370000,33460
0,7737,77370000,77370000,195,325,77380000,33466
0,7738,77380000,77380000,195,325,77390000,33470
0,7739,77390000,77390000,195,325,77400000,33471
0,774,7740000,7740000,195,325,7750000,3346
0,7740,77400000,77400000,195,325,77410000,33479
0,7741,77410000,77410000,195,325,77420000,33481
0,7742,77420000,77420000,195,325,77430000,33487
0,7743,77430000,77430000,195,325,77440000,33491
0,7744,77440000,77440000,195,325,77450000,33495
0,7745,77450000,77450000,195,325,77460000,33500
0,7746,77460000,77460000,195,325,77470000,33504
0,7747,77470000,77470000,195,325,77480000,33509
0,7748,77480000,77480000,195,325,77490000,33511
0,7749,77490000,77490000,195,325,77500000,33516
0,775,7750000,7750000,195,325,7760000,3351
0,7750,77500000,77500000,195,325,77510000,33522
0,7751,77510000,77510000,195,325,77520000,33523
0,7752,77520000,77520000,195,325,77530000,33532
0,7753,77530000,77530000,195,325,77540000,33535
0,7754,77540000,77540000,195,325,77550000,33537
0,7755,77550000,77550000,195,325,77560000,33543
0,7756,77560000,77560000,195,325,77570000,33547
0,7757,77570000,77570000,195,325,77580000,33551
0,7758,77580000,77580000,195,325,77590000,33556
0,7759,77590000,77590000,195,325,77600000,33559
0,776,7760000,7760000,195,325,7770000,3353
0,7760,77600000,77600000,195,325,77610000,33565
0,7761,77610000,77610000,195,325,77620000,33568
0,7762,77620000,77620000,195,325,77630000,33575
0,7763,77630000,77630000,195,325,77640000,33577
0,7764,77640000,77640000,195,325,77650000,33581
0,7765,77650000,77650000,195,325,77660000,33586
0,7766,77660000,77660000,195,325,77670000,33589
0,7767,77670000,77670000,195,325,77680000,33596
0,7768,77680000,77680000,195,325,77690000,33599
0,7769,77690000,77690000,195,325,77700000,33601
0,777,7770000,7770000,195,325,7780000,3360
0,7770,77700000,77700000,195,325,77710000,33609
0,7771,77710000,77710000,195,325,77720000,33612
0,7772,77720000,77720000,195,325,77730000,33617
0,7773,77730000,77730000,195,325,77740000,33621
0,7774,77740000,77740000,195,325,77750000,33624
0,7775,77750000,77750000,195,325,77760000,33628
0,7776,77760000,77760000,195,325,77770000,33633
0,7777,77770000,77770000,195,325,77780000,33640
0,7778,77780000,77780000,195,325,77790000,33642
0,7779,77790000,77790000,195,325,77800000,33645
0,778,7780000,7780000,195,325,7790000,3364
0,7780,77800000,77800000,195,325,77810000,33653
0,7781,77810000,77810000,195,325,77820000,33654
0,7782,77820000,77820000,195,325,77830000,33661
0,7783,77830000,77830000,195,325,77840000,33663
0,7784,77840000,77840000,195,325,77850000,33666
0,7785,77850000,77850000,195,325,77860000,33673
0,7786,77860000,77860000,195,325,77870000,33677
0,7787,77870000,77870000,195,325,77880000,33682
0,7788,77880000,77880000,195,325,77890000,33686
0,7789,77890000,77890000,195,325,77900000,33689
0,779,7790000,7790000,195,325,7800000,3365
0,7790,77900000,77900000,195,325,77910000,33694
0,7791,77910000,77910000,195,325,77920000,33698
0,7792,77920000,77920000,195,325,77930000,33704
0,7793,77930000,77930000,195,325,77940000,33705
0,7794,77940000,77940000,195,325,77950000,33712
0,7795,77950000,77950000,195,325,77960000,33717
0,7796,77960000,77960000,195,325,77970000,33719
0,7797,77970000,77970000,195,325,77980000,33725
0,7798,77980000,77980000,195,325,77990000,33730
0,7799,77990000,77990000,195,325,78000000,33731
0,78,780000,780000,195,325,790000,336
0,780,7800000,7800000,195,325,7810000,3373
0,7800,78000000,78000000,195,325,78010000,33738
0,7801,78010000,78010000,195,325,78020000,33741
0,7802,78020000,78020000,195,325,78030000,33746
0,7803,78030000,78030000,195,325,78040000,33751
0,7804,78040000,78040000,195,325,78050000,33754
0,7805,78050000,78050000,195,325,78060000,33759
0,7806,78060000,78060000,195,325,78070000,33763
0,7807,78070000,78070000,195,325,78080000,33769
0,7808,78080000,78080000,195,325,78090000,33772
0,7809,78090000,78090000,195,325,78100000,33775
0,781,7810000,7810000,195,325,7820000,3375
0,7810,78100000,78100000,195,325,78110000,33781
0,7811,78110000,78110000,195,325,78120000,33783
0,7812,78120000,78120000,195,325,78130000,33792
0,7813,78130000,78130000,195,325,78140000,33794
0,7814,78140000,78140000,195,325,78150000,33796
0,7815,78150000,78150000,195,325,78160000,33803
0,7816,78160000,78160000,195,325,78170000,33807
0,7817,78170000,78170000,195,325,78180000,33811
0,7818,78180000,78180000,195,325,78190000,33815
0,7819,78190000,78190000,195,325,78200000,33818
0,782,7820000,7820000,195,325,7830000,3381
0,7820,78200000,78200000,195,325,78210000,33824
0,7821,78210000,78210000,195,325,78220000,33828
0,7822,78220000,78220000,195,325,78230000,33835
0,7823,78230000,78230000,195,325,78240000,33836
0,7824,78240000,78240000,195,325,78250000,33840
0,7825,78250000,78250000,195,325,78260000,33846
0,7826,78260000,78260000,195,325,78270000,33849
0,7827,78270000,78270000,195,325,78280000,33855
0,7828,78280000,78280000,195,325,78290000,33859
0,7829,78290000,78290000,195,325,78300000,33861
0,783,7830000,7830000,195,325,7840000,3385
0,7830,78300000,78300000,195,325,78310000,33869
0,7831,78310000,78310000,195,325,78320000,33871
0,7832,78320000,78320000,195,325,78330000,33876
0,7833,78330000,78330000,195,325,78340000,33880
0,7834,78340000,78340000,195,325,78350000,33884
0,7835,78350000,78350000,195,325,78360000,33888
0,7836,78360000,78360000,195,325,78370000,33893
0,7837,78370000,78370000,195,325,78380000,33899
0,7838,78380000,78380000,195,325,78390000,33901
0,7839,78390000,78390000,195,325,78400000,33905
0,784,7840000,7840000,195,325,7850000,3389
0,7840,78400000,78400000,195,325,78410000,33912
0,7841,78410000,78410000,195,325,78420000,33913
0,7842,78420000,78420000,195,325,78430000,33920
0,7843,78430000,78430000,195,325,78440000,33924
0,7844,78440000,78440000,195,325,78450000,33926
0,7845,78450000,78450000,195,325,78460000,33933
0,7846,78460000,78460000,195,325,78470000,33936
0,7847,78470000,78470000,195,325,78480000,33941
0,7848,78480000,78480000,195,325,78490000,33946
0,7849,78490000,78490000,195,325,78500000,33948
0,785,7850000,7850000,195,325,7860000,3393
0,7850,78500000,78500000,195,325,78510000,33954
0,7851,78510000,78510000,195,325,78520000,33957
0,7852,78520000,78520000,195,325,78530000,33964
0,7853,78530000,78530000,195,325,78540000,33965
0,7854,78540000,78540000,195,325,78550000,33971
0,7855,78550000,78550000,195,325,78560000,33976
0,7856,78560000,78560000,195,325,78570000,33978
0,7857,78570000,78570000,195,325,78580000,33986
0,7858,78580000,78580000,195,325,78590000,33989
0,7859,78590000,78590000,195,325,78600000,33990
0,786,7860000,7860000,195,325,7870000,3397
0,7860,78600000,78600000,195,325,78610000,33997
0,7861,78610000,78610000,195,325,78620000,34001
0,7862,78620000,78620000,195,325,78630000,34007
0,7863,78630000,78630000,195,325,78640000,34010
0,7864,78640000,78640000,195,325,78650000,34014
0,7865,78650000,78650000,195,325,78660000,34018
0,7866,78660000,78660000,195,325,78670000,34023
0,7867,78670000,78670000,195,325,78680000,34028
0,7868,78680000,78680000,195,325,78690000,34031
0,7869,78690000,78690000,195,325,78700000,34034
0,787,7870000,7870000,195,325,7880000,3404
0,7870,78700000,78700000,195,325,78710000,34041
0,7871,78710000,78710000,195,325,78720000,34044
0,7872,78720000,78720000,195,325,78730000,34051
0,7873,78730000,78730000,195,325,78740000,34053
0,7874,78740000,78740000,195,325,78750000,34055
0,7875,78750000,78750000,195,325,78760000,34063
0,7876,78760000,78760000,195,325,78770000,34066
0,7877,78770000,78770000,195,325,78780000,34070
0,7878,78780000,78780000,195,325,78790000,34075
0,7879,78790000,78790000,195,325,78800000,34079
0,788,7880000,7880000,195,325,7890000,3406
0,7880,78800000,78800000,195,325,78810000,34084
0,7881,78810000,78810000,195,325,78820000,34087
0,7882,78820000,78820000,195,325,78830000,34094
0,7883,78830000,78830000,195,325,78840000,34095
0,7884,78840000,78840000,195,325,78850000,34100
0,7885,78850000,78850000,195,325,78860000,34106
0,7886,78860000,78860000,195,325,78870000,34108
0,7887,78870000,78870000,195,325,78880000,34114
0,7888,78880000,78880000,195,325,78890000,34119
0,7889,78890000,78890000,195,325,78900000,34121
0,789,7890000,7890000,195,325,7900000,3409
0,7890,78900000,78900000,195,325,78910000,34128
0,7891,78910000,78910000,195,325,78920000,34130
0,7892,78920000,78920000,195,325,78930000,34136
0,7893,78930000,78930000,195,325,78940000,34140
0,7894,78940000,78940000,195,325,78950000,34143
0,7895,78950000,78950000,195,325,78960000,34147
0,7896,78960000,78960000,195,325,78970000,34153
0,7897,78970000,78970000,195,325,78980000,34159
0,7898,78980000,78980000,195,325,78990000,34161
0,7899,78990000,78990000,195,325,79000000,34165
0,79,790000,790000,195,325,800000,338
0,790,7900000,7900000,195,325,7910000,3416
0,7900,79000000,79000000,195,325,79010000,34171
0,7901,79010000,79010000,195,325,79020000,34172
0,7902,79020000,79020000,195,325,79030000,34180
0,7903,79030000,79030000,195,325,79040000,34183
0,7904,79040000,79040000,195,325,79050000,34185
0,7905,79050000,79050000,195,325,79060000,34192
0,7906,79060000,79060000,195,325,79070000,34197
0,7907,79070000,79070000,195,325,79080000,34201
0,7908,79080000,79080000,195,325,79090000,34205
0,7909,79090000,79090000,195,325,79100000,34207
0,791,7910000,7910000,195,325,7920000,3418
0,7910,79100000,79100000,195,325,79110000,34213
0,7911,79110000,79110000,195,325,79120000,34217
0,7912,79120000,79120000,195,325,79130000,34223
0,7913,79130000,79130000,195,325,79140000,34226
0,7914,79140000,79140000,195,325,79150000,34230
0,7915,79150000,79150000,195,325,79160000,34236
0,7916,79160000,79160000,195,325,79170000,34238
0,7917,79170000,79170000,195,325,79180000,34245
0,7918,79180000,79180000,195,325,79190000,34248
0,7919,79190000,79190000,195,325,79200000,34249
0,792,7920000,7920000,195,325,7930000,3426
0,7920,79200000,79200000,195,325,79210000,34258
0,7921,79210000,79210000,195,325,79220000,34260
0,7922,79220000,79220000,195,325,79230000,34266
0,7923,79230000,79230000,195,325,79240000,34269
0,7924,79240000,79240000,195,325,79250000,34274
0,7925,79250000,79250000,195,325,79260000,34278
0,7926,79260000,79260000,195,325,79270000,34282
0,7927,79270000,79270000,195,325,79280000,34288
0,7928,79280000,79280000,195,325,79290000,34290
0,7929,79290000,79290000,195,325,79300000,34294
0,793,7930000,7930000,195,325,7940000,3428
0,7930,79300000,79300000,195,325,79310000,34301
0,7931,79310000,79310000,195,325,79320000,34303
0,7932,79320000,79320000,195,325,79330000,34310
0,7933,79330000,79330000,195,325,79340000,34313
0,7934,79340000,79340000,195,325,79350000,34316
0,7935,79350000,79350000,195,325,79360000,34322
0,7936,79360000,79360000,195,325,79370000,34325
0,7937,79370000,79370000,195,325,79380000,34329
0,7938,79380000,79380000,195,325,79390000,34335
0,7939,79390000,79390000,195,325,79400000,34338
0,794,7940000,7940000,195,325,7950000,3431
0,7940,79400000,79400000,195,325,79410000,34343
0,7941,79410000,79410000,195,325,79420000,34347
0,7942,79420000,79420000,195,325,79430000,34354
0,7943,79430000,79430000,195,325,79440000,34355
0,7944,79440000,79440000,195,325,79450000,34359
0,7945,79450000,79450000,195,325,79460000,34365
0,7946,79460000,79460000,195,325,79470000,34367
0,7947,79470000,79470000,195,325,79480000,34375
0,7948,79480000,79480000,195,325,79490000,34379
0,7949,79490000,79490000,195,325,79500000,34380
0,795,7950000,7950000,195,325,7960000,3437
0,7950,79500000,79500000,195,325,79510000,34387
0,7951,79510000,79510000,195,325,79520000,34390
0,7952,79520000,79520000,195,325,79530000,34396
0,7953,79530000,79530000,195,325,79540000,34399
0,7954,79540000,79540000,195,325,79550000,34402
0,7955,79550000,79550000,195,325,79560000,34407
0,7956,79560000,79560000,195,325,79570000,34413
0,7957,79570000,79570000,195,325,79580000,34418
0,7958,79580000,79580000,195,325,79590000,34420
0,7959,79590000,79590000,195,325,79600000,34424
0,796,7960000,7960000,195,325,7970000,3441
0,7960,79600000,79600000,195,325,79610000,34431
0,7961,79610000,79610000,195,325,79620000,34432
0,7962,79620000,79620000,195,325,79630000,34440
0,7963,79630000,79630000,195,325,79640000,34442
0,7964,79640000,79640000,195,325,79650000,34445
0,7965,79650000,79650000,195,325,79660000,34452
0,7966,79660000,79660000,195,325,79670000,34456
0,7967,79670000,79670000,195,325,79680000,34460
0,7968,79680000,79680000,195,325,79690000,34464
0,7969,79690000,79690000,195,325,79700000,34468
0,797,7970000,7970000,195,325,7980000,3445
0,7970,79700000,79700000,195,325,79710000,34473
0,7971,79710000,79710000,195,325,79720000,34476
0,7972,79720000,79720000,195,325,79730000,34482
0,7973,79730000,79730000,195,325,79740000,34485
0,7974,79740000,79740000,195,325,79750000,34490
0,7975,79750000,79750000,195,325,79760000,34495
0,7976,79760000,79760000,195,325,79770000,34498
0,7977,79770000,79770000,195,325,79780000,34504
0,7978,79780000,79780000,195,325,79790000,34508
0,7979,79790000,79790000,195,325,79800000,34509
0,798,7980000,7980000,195,325,7990000,3450
0,7980,79800000,79800000,195,325,79810000,34517
0,7981,79810000,79810000,195,325,79820000,34520
0,7982,79820000,79820000,195,325,79830000,34525
0,7983,79830000,79830000,195,325,79840000,34530
0,7984,79840000,79840000,195,325,79850000,34533
0,7985,79850000,79850000,195,325,79860000,34537
0,7986,79860000,79860000,195,325,79870000,34541
0,7987,79870000,79870000,195,325,79880000,34548
0,7988,79880000,79880000,195,325,79890000,34550
0,7989,79890000,79890000,195,325,79900000,34553
0,799,7990000,7990000,195,325,8000000,3453
0,7990,79900000,79900000,195,325,79910000,34561
0,7991,79910000,79910000,195,325,79920000,34562
0,7992,79920000,79920000,195,325,79930000,34570
0,7993,79930000,79930000,195,325,79940000,34572
0,7994,79940000,79940000,195,325,79950000,34575
0,7995,79950000,79950000,195,325,79960000,34581
0,7996,79960000,79960000,195,325,79970000,34585
0,7997,79970000,79970000,195,325,79980000,34590
0,7998,79980000,79980000,195,325,79990000,34595
0,7999,79990000,79990000,195,325,80000000,34597
0,8,80000,80000,195,325,90000,32
0,80,800000,800000,195,325,810000,344
0,800,8000000,8000000,195,325,8010000,3458
0,8000,80000000,80000000,195,325,80010000,34602
0,8001,80010000,80010000,195,325,80020000,34607
0,8002,80020000,80020000,195,325,80030000,34613
0,8003,80030000,80030000,195,325,80040000,34614
0,8004,80040000,80040000,195,325,80050000,34619
0,8005,80050000,80050000,195,325,80060000,34625
0,8006,80060000,80060000,195,325,80070000,34627
0,8007,80070000,80070000,195,325,80080000,34634
0,8008,80080000,80080000,195,325,80090000,34638
0,8009,80090000,80090000,195,325,80100000,34639
0,801,8010000,8010000,195,325,8020000,3463
0,8010,80100000,80100000,195,325,80110000,34647
0,8011,80110000,80110000,195,325,80120000,34650
0,8012,80120000,80120000,195,325,80130000,34655
0,8013,80130000,80130000,195,325,80140000,34658
0,8014,80140000,80140000,195,325,80150000,34662
0,8015,80150000,80150000,195,325,80160000,34668
0,8016,80160000,80160000,195,325,80170000,34672
0,8017,80170000,80170000,195,325,80180000,34677
0,8018,80180000,80180000,195,325,80190000,34680
0,8019,80190000,80190000,195,325,80200000,34684
0,802,8020000,8020000,195,325,8030000,3469
0,8020,80200000,80200000,195,325,80210000,34690
0,8021,80210000,80210000,195,325,80220000,34691
0,8022,80220000,80220000,195,325,80230000,34699
0,8023,80230000,80230000,195,325,80240000,34702
0,8024,80240000,80240000,195,325,80250000,34705
0,8025,80250000,80250000,195,325,80260000,34712
0,8026,80260000,80260000,195,325,80270000,34715
0,8027,80270000,80270000,195,325,80280000,34719
0,8028,80280000,80280000,195,325,80290000,34724
0,8029,80290000,80290000,195,325,80300000,34727
0,803,8030000,8030000,195,325,8040000,3470
0,8030,80300000,80300000,195,325,80310000,34732
0,8031,80310000,80310000,195,325,80320000,34735
0,8032,80320000,80320000,195,325,80330000,34744
0,8033,80330000,80330000,195,325,80340000,34745
0,8034,80340000,80340000,195,325,80350000,34749
0,8035,80350000,80350000,195,325,80360000,34754
0,8036,80360000,80360000,195,325,80370000,34757
0,8037,80370000,80370000,195,325,80380000,34764
0,8038,80380000,80380000,195,325,80390000,34767
0,8039,80390000,80390000,195,325,80400000,34769
0,804,8040000,8040000,195,325,8050000,3474
0,8040,80400000,80400000,195,325,80410000,34776
0,8041,80410000,80410000,195,325,80420000,34780
0,8042,80420000,80420000,195,325,80430000,34785
0,8043,80430000,80430000,195,325,80440000,34789
0,8044,80440000,80440000,195,325,80450000,34792
0,8045,80450000,80450000,195,325,80460000,34796
0,8046,80460000,80460000,195,325,80470000,34802
0,8047,80470000,80470000,195,325,80480000,34807
0,8048,80480000,80480000,195,325,80490000,34809
0,8049,80490000,80490000,195,325,80500000,34813
0,805,8050000,8050000,195,325,8060000,3481
0,8050,80500000,80500000,195,325,80510000,34821
0,8051,80510000,80510000,195,325,80520000,34822
0,8052,80520000,80520000,195,325,80530000,34829
0,8053,80530000,80530000,195,325,80540000,34832
0,8054,80540000,80540000,195,325,80550000,34834
0,8055,80550000,80550000,195,325,80560000,34841
0,8056,80560000,80560000,195,325,80570000,34844
0,8057,80570000,80570000,195,325,80580000,34849
0,8058,80580000,80580000,195,325,80590000,34854
0,8059,80590000,80590000,195,325,80600000,34857
0,806,8060000,8060000,195,325,8070000,3483
0,8060,80600000,80600000,195,325,80610000,34863
0,8061,80610000,80610000,195,325,80620000,34866
0,8062,80620000,80620000,195,325,80630000,34872
0,8063,80630000,80630000,195,325,80640000,34873
0,8064,80640000,80640000,195,325,80650000,34879
0,8065,80650000,80650000,195,325,80660000,34884
0,8066,80660000,80660000,195,325,80670000,34887
0,8067,80670000,80670000,195,325,80680000,34894
0,8068,80680000,80680000,195,325,80690000,34898
0,8069,80690000,80690000,195,325,80700000,34899
0,807,8070000,8070000,195,325,8080000,3490
0,8070,80700000,80700000,195,325,80710000,34906
0,8071,80710000,80710000,195,325,80720000,34909
0,8072,80720000,80720000,195,325,80730000,34914
0,8073,80730000,80730000,195,325,80740000,34918
0,8074,80740000,80740000,195,325,80750000,34922
0,8075,80750000,80750000,195,325,80760000,34927
0,8076,80760000,80760000,195,325,80770000,34931
0,8077,80770000,80770000,195,325,80780000,34937
0,8078,80780000,80780000,195,325,80790000,34940
0,8079,80790000,80790000,195,325,80800000,34943
0,808,8080000,8080000,195,325,8090000,3494
0,8080,80800000,80800000,195,325,80810000,34949
0,8081,80810000,80810000,195,325,80820000,34951
0,8082,80820000,80820000,195,325,80830000,34959
0,8083,80830000,80830000,195,325,80840000,34962
0,8084,80840000,80840000,195,325,80850000,34964
0,8085,80850000,80850000,195,325,80860000,34971
0,8086,80860000,80860000,195,325,80870000,34975
0,8087,80870000,80870000,195,325,80880000,34979
0,8088,80880000,80880000,195,325,80890000,34984
0,8089,80890000,80890000,195,325,80900000,34986
0,809,8090000,8090000,195,325,8100000,3495
0,8090,80900000,80900000,195,325,80910000,34991
0,8091,80910000,80910000,195,325,80920000,34995
0,8092,80920000,80920000,195,325,80930000,35003
0,8093,80930000,80930000,195,325,80940000,35004
0,8094,80940000,80940000,195,325,80950000,35008
0,8095,80950000,80950000,195,325,80960000,35015
0,8096,80960000,80960000,195,325,80970000,35017
0,8097,80970000,80970000,195,325,80980000,35023
0,8098,80980000,80980000,195,325,80990000,35026
0,8099,80990000,80990000,195,325,81000000,35028
0,81,810000,810000,195,325,820000,348
0,810,8100000,8100000,195,325,8110000,3503
0,8100,81000000,81000000,195,325,81010000,35037
0,8101,81010000,81010000,195,325,81020000,35039
0,8102,81020000,81020000,195,325,81030000,35045
0,8103,81030000,81030000,195,325,81040000,35048
0,8104,81040000,81040000,195,325,81050000,35052
0,8105,81050000,81050000,195,325,81060000,35056
0,8106,81060000,81060000,195,325,81070000,35061
0,8107,81070000,81070000,195,325,81080000,35066
0,8108,81080000,81080000,195,325,81090000,35068
0,8109,81090000,81090000,195,325,81100000,35074
0,811,8110000,8110000,195,325,8120000,3505
0,8110,81100000,81100000,195,325,81110000,35080
0,8111,81110000,81110000,195,325,81120000,35081
0,8112,81120000,81120000,195,325,81130000,35088
0,8113,81130000,81130000,195,325,81140000,35092
0,8114,81140000,81140000,195,325,81150000,35094
0,8115,81150000,81150000,195,325,81160000,35100
0,8116,81160000,81160000,195,325,81170000,35104
0,8117,81170000,81170000,195,325,81180000,35109
0,8118,81180000,81180000,195,325,81190000,35114
0,8119,81190000,81190000,195,325,81200000,35116
0,812,8120000,8120000,195,325,8130000,3511
0,8120,81200000,81200000,195,325,81210000,35122
0,8121,81210000,81210000,195,325,81220000,35125
0,8122,81220000,81220000,195,325,81230000,35132
0,8123,81230000,81230000,195,325,81240000,35134
0,8124,81240000,81240000,195,325,81250000,35138
0,8125,81250000,81250000,195,325,81260000,35143
0,8126,81260000,81260000,195,325,81270000,35146
0,8127,81270000,81270000,195,325,81280000,35154
0,8128,81280000,81280000,195,325,81290000,35157
0,8129,81290000,81290000,195,325,81300000,35158
0,813,8130000,8130000,195,325,8140000,3514
0,8130,81300000,81300000,195,325,81310000,35166
0,8131,81310000,81310000,195,325,81320000,35169
0,8132,81320000,81320000,195,325,81330000,35174
0,8133,81330000,81330000,195,325,81340000,35177
0,8134,81340000,81340000,195,325,81350000,35182
0,8135,81350000,81350000,195,325,81360000,35186
0,8136,81360000,81360000,195,325,81370000,35191
0,8137,81370000,81370000,195,325,81380000,35197
0,8138,81380000,81380000,195,325,81390000,35199
0,8139,81390000,81390000,195,325,81400000,35202
0,814,8140000,8140000,195,325,8150000,3518
0,8140,81400000,81400000,195,325,81410000,35209
0,8141,81410000,81410000,195,325,81420000,35211
0,8142,81420000,81420000,195,325,81430000,35218
0,8143,81430000,81430000,195,325,81440000,35221
0,8144,81440000,81440000,195,325,81450000,35224
0,8145,81450000,81450000,195,325,81460000,35231
0,8146,81460000,81460000,195,325,81470000,35234
0,8147,81470000,81470000,195,325,81480000,35238
0,8148,81480000,81480000,195,325,81490000,35243
0,8149,81490000,81490000,195,325,81500000,35246
0,815,8150000,8150000,195,325,8160000,3523
0,8150,81500000,81500000,195,325,81510000,35251
0,8151,81510000,81510000,195,325,81520000,35256
0,8152,81520000,81520000,195,325,81530000,35262
0,8153,81530000,81530000,195,325,81540000,35263
0,8154,81540000,81540000,195,325,81550000,35268
0,8155,81550000,81550000,195,325,81560000,35274
0,8156,81560000,81560000,195,325,81570000,35276
0,8157,81570000,81570000,195,325,81580000,35282
0,8158,81580000,81580000,195,325,81590000,35287
0,8159,81590000,81590000,195,325,81600000,35288
0,816,8160000,8160000,195,325,8170000,3528
0,8160,81600000,81600000,195,325,81610000,35296
0,8161,81610000,81610000,195,325,81620000,35298
0,8162,81620000,81620000,195,325,81630000,35304
0,8163,81630000,81630000,195,325,81640000,35308
0,8164,81640000,81640000,195,325,81650000,35311
0,8165,81650000,81650000,195,325,81660000,35316
0,8166,81660000,81660000,195,325,81670000,35320
0,8167,81670000,81670000,195,325,81680000,35326
0,8168,81680000,81680000,195,325,81690000,35329
0,8169,81690000,81690000,195,325,81700000,35333
0,817,8170000,8170000,195,325,8180000,3533
0,8170,81700000,81700000,195,325,81710000,35339
0,8171,81710000,81710000,195,325,81720000,35340
0,8172,81720000,81720000,195,325,81730000,35349
0,8173,81730000,81730000,195,325,81740000,35351
0,8174,81740000,81740000,195,325,81750000,35353
0,8175,81750000,81750000,195,325,81760000,35359
0,8176,81760000,81760000,195,325,81770000,35364
0,8177,81770000,81770000,195,325,81780000,35369
0,8178,81780000,81780000,195,325,81790000,35373
0,8179,81790000,81790000,195,325,81800000,35376
0,818,8180000,8180000,195,325,8190000,3535
0,8180,81800000,81800000,195,325,81810000,35381
0,8181,81810000,81810000,195,325,81820000,35385
0,8182,81820000,81820000,195,325,81830000,35391
0,8183,81830000,81830000,195,325,81840000,35393
0,8184,81840000,81840000,195,325,81850000,35397
0,8185,81850000,81850000,195,325,81860000,35404
0,8186,81860000,81860000,195,325,81870000,35407
0,8187,81870000,81870000,195,325,81880000,35413
0,8188,81880000,81880000,195,325,81890000,35416
0,8189,81890000,81890000,195,325,81900000,35417
0,819,8190000,8190000,195,325,8200000,3540
0,8190,81900000,81900000,195,325,81910000,35426
0,8191,81910000,81910000,195,325,81920000,35428
0,8192,81920000,81920000,195,325,81930000,35433
0,8193,81930000,81930000,195,325,81940000,35437
0,8194,81940000,81940000,195,325,81950000,35442
0,8195,81950000,81950000,195,325,81960000,35446
0,8196,81960000,81960000,195,325,81970000,35450
0,8197,81970000,81970000,195,325,81980000,35456
0,8198,81980000,81980000,195,325,81990000,35458
0,8199,81990000,81990000,195,325,82000000,35462
0,82,820000,820000,195,325,830000,354
0,820,8200000,8200000,195,325,8210000,3546
0,8200,82000000,82000000,195,325,82010000,35469
0,8201,82010000,82010000,195,325,82020000,35470
0,8202,82020000,82020000,195,325,82030000,35478
0,8203,82030000,82030000,195,325,82040000,35481
0,8204,82040000,82040000,195,325,82050000,35484
0,8205,82050000,82050000,195,325,82060000,35490
0,8206,82060000,82060000,195,325,82070000,35493
0,8207,82070000,82070000,195,325,82080000,35498
0,8208,82080000,82080000,195,325,82090000,35503
0,8209,82090000,82090000,195,325,82100000,35505
0,821,8210000,8210000,195,325,8220000,3547
0,8210,82100000,82100000,195,325,82110000,35510
0,8211,82110000,82110000,195,325,82120000,35515
0,8212,82120000,82120000,195,325,82130000,35522
0,8213,82130000,82130000,195,325,82140000,35523
0,8214,82140000,82140000,195,325,82150000,35528
0,8215,82150000,82150000,195,325,82160000,35533
0,8216,82160000,82160000,195,325,82170000,35535
0,8217,82170000,82170000,195,325,82180000,35542
0,8218,82180000,82180000,195,325,82190000,35546
0,8219,82190000,82190000,195,325,82200000,35548
0,822,8220000,8220000,195,325,8230000,3555
0,8220,82200000,82200000,195,325,82210000,35555
0,8221,82210000,82210000,195,325,82220000,35559
0,8222,82220000,82220000,195,325,82230000,35564
0,8223,82230000,82230000,195,325,82240000,35567
0,8224,82240000,82240000,195,325,82250000,35570
0,8225,82250000,82250000,195,325,82260000,35575
0,8226,82260000,82260000,195,325,82270000,35580
0,8227,82270000,82270000,195,325,82280000,35585
0,8228,82280000,82280000,195,325,82290000,35589
0,8229,82290000,82290000,195,325,82300000,35592
0,823,8230000,8230000,195,325,8240000,3558
0,8230,82300000,82300000,195,325,82310000,35599
0,8231,82310000,82310000,195,325,82320000,35600
0,8232,82320000,82320000,195,325,82330000,35608
0,8233,82330000,82330000,195,325,82340000,35610
0,8234,82340000,82340000,195,325,82350000,35612
0,8235,82350000,82350000,195,325,82360000,35620
0,8236,82360000,82360000,195,325,82370000,35624
0,8237,82370000,82370000,195,325,82380000,35628
0,8238,82380000,82380000,195,325,82390000,35632
0,8239,82390000,82390000,195,325,82400000,35636
0,824,8240000,8240000,195,325,8250000,3561
0,8240,82400000,82400000,195,325,82410000,35641
0,8241,82410000,82410000,195,325,82420000,35644
0,8242,82420000,82420000,195,325,82430000,35651
0,8243,82430000,82430000,195,325,82440000,35652
0,8244,82440000,82440000,195,325,82450000,35657
0,8245,82450000,82450000,195,325,82460000,35663
0,8246,82460000,82460000,195,325,82470000,35666
0,8247,82470000,82470000,195,325,82480000,35672
0,8248,82480000,82480000,195,325,82490000,35676
0,8249,82490000,82490000,195,325,82500000,35678
0,825,8250000,8250000,195,325,8260000,3567
0,8250,82500000,82500000,195,325,82510000,35685
0,8251,82510000,82510000,195,325,82520000,35687
0,8252,82520000,82520000,195,325,82530000,35692
0,8253,82530000,82530000,195,325,82540000,35698
0,8254,82540000,82540000,195,325,82550000,35701
0,8255,82550000,82550000,195,325,82560000,35705
0,8256,82560000,82560000,195,325,82570000,35710
0,8257,82570000,82570000,195,325,82580000,35716
0,8258,82580000,82580000,195,325,82590000,35718
0,8259,82590000,82590000,195,325,82600000,35721
0,826,8260000,8260000,195,325,8270000,3571
0,8260,82600000,82600000,195,325,82610000,35728
0,8261,82610000,82610000,195,325,82620000,35729
0,8262,82620000,82620000,195,325,82630000,35738
0,8263,82630000,82630000,195,325,82640000,35741
0,8264,82640000,82640000,195,325,82650000,35743
0,8265,82650000,82650000,195,325,82660000,35749
0,8266,82660000,82660000,195,325,82670000,35753
0,8267,82670000,82670000,195,325,82680000,35758
0,8268,82680000,82680000,195,325,82690000,35762
0,8269,82690000,82690000,195,325,82700000,35764
0,827,8270000,8270000,195,325,8280000,3575
0,8270,82700000,82700000,195,325,82710000,35771
0,8271,82710000,82710000,195,325,82720000,35775
0,8272,82720000,82720000,195,325,82730000,35781
0,8273,82730000,82730000,195,325,82740000,35782
0,8274,82740000,82740000,195,325,82750000,35787
0,8275,82750000,82750000,195,325,82760000,35793
0,8276,82760000,82760000,195,325,82770000,35795
0,8277,82770000,82770000,195,325,82780000,35802
0,8278,82780000,82780000,195,325,82790000,35805
0,8279,82790000,82790000,195,325,82800000,35807
0,828,8280000,8280000,195,325,8290000,3580
0,8280,82800000,82800000,195,325,82810000,35815
0,8281,82810000,82810000,195,325,82820000,35818
0,8282,82820000,82820000,195,325,82830000,35823
0,8283,82830000,82830000,195,325,82840000,35826
0,8284,82840000,82840000,195,325,82850000,35831
0,8285,82850000,82850000,195,325,82860000,35835
0,8286,82860000,82860000,195,325,82870000,35839
0,8287,82870000,82870000,195,325,82880000,35845
0,8288,82880000,82880000,195,325,82890000,35848
0,8289,82890000,82890000,195,325,82900000,35852
0,829,8290000,8290000,195,325,8300000,3583
0,8290,82900000,82900000,195,325,82910000,35858
0,8291,82910000,82910000,195,325,82920000,35860
0,8292,82920000,82920000,195,325,82930000,35867
0,8293,82930000,82930000,195,325,82940000,35870
0,8294,82940000,82940000,195,325,82950000,35872
0,8295,82950000,82950000,195,325,82960000,35879
0,8296,82960000,82960000,195,325,82970000,35883
0,8297,82970000,82970000,195,325,82980000,35887
0,8298,82980000,82980000,195,325,82990000,35893
0,8299,82990000,82990000,195,325,83000000,35895
0,83,830000,830000,195,325,840000,355
0,830,8300000,8300000,195,325,8310000,3588
0,8300,83000000,83000000,195,325,83010000,35900
0,8301,83010000,83010000,195,325,83020000,35903
0,8302,83020000,83020000,195,325,83030000,35911
0,8303,83030000,83030000,195,325,83040000,35912
0,8304,83040000,83040000,195,325,83050000,35917
0,8305,83050000,83050000,195,325,83060000,35923
0,8306,83060000,83060000,195,325,83070000,35925
0,8307,83070000,83070000,195,325,83080000,35932
0,8308,83080000,83080000,195,325,83090000,35935
0,8309,83090000,83090000,195,325,83100000,35937
0,831,8310000,8310000,195,325,8320000,3591
0,8310,83100000,83100000,195,325,83110000,35944
0,8311,83110000,83110000,195,325,83120000,35947
0,8312,83120000,83120000,195,325,83130000,35953
0,8313,83130000,83130000,195,325,83140000,35957
0,8314,83140000,83140000,195,325,83150000,35960
0,8315,83150000,83150000,195,325,83160000,35964
0,8316,83160000,83160000,195,325,83170000,35970
0,8317,83170000,83170000,195,325,83180000,35975
0,8318,83180000,83180000,195,325,83190000,35977
0,8319,83190000,83190000,195,325,83200000,35981
0,832,8320000,8320000,195,325,8330000,3598
0,8320,83200000,83200000,195,325,83210000,35988
0,8321,83210000,83210000,195,325,83220000,35990
0,8322,83220000,83220000,195,325,83230000,35997
0,8323,83230000,83230000,195,325,83240000,36000
0,8324,83240000,83240000,195,325,83250000,36002
0,8325,83250000,83250000,195,325,83260000,36009
0,8326,83260000,83260000,195,325,83270000,36013
0,8327,83270000,83270000,195,325,83280000,36017
0,8328,83280000,83280000,195,325,83290000,36021
0,8329,83290000,83290000,195,325,83300000,36024
0,833,8330000,8330000,195,325,8340000,3601
0,8330,83300000,83300000,195,325,83310000,36031
0,8331,83310000,83310000,195,325,83320000,36034
0,8332,83320000,83320000,195,325,83330000,36040
0,8333,83330000,83330000,195,325,83340000,36042
0,8334,83340000,83340000,195,325,83350000,36047
0,8335,83350000,83350000,195,325,83360000,36052
0,8336,83360000,83360000,195,325,83370000,36054
0,8337,83370000,83370000,195,325,83380000,36061
0,8338,83380000,83380000,195,325,83390000,36066
0,8339,83390000,83390000,195,325,83400000,36067
0,834,8340000,8340000,195,325,8350000,3605
0,8340,83400000,83400000,195,325,83410000,36075
0,8341,83410000,83410000,195,325,83420000,36077
0,8342,83420000,83420000,195,325,83430000,36082
0,8343,83430000,83430000,195,325,83440000,36086
0,8344,83440000,83440000,195,325,83450000,36090
0,8345,83450000,83450000,195,325,83460000,36094
0,8346,83460000,83460000,195,325,83470000,36098
0,8347,83470000,83470000,195,325,83480000,36106
0,8348,83480000,83480000,195,325,83490000,36108
0,8349,83490000,83490000,195,325,83500000,36111
0,835,8350000,8350000,195,325,8360000,3610
0,8350,83500000,83500000,195,325,83510000,36117
0,8351,83510000,83510000,195,325,83520000,36119
0,8352,83520000,83520000,195,325,83530000,36127
0,8353,83530000,83530000,195,325,83540000,36129
0,8354,83540000,83540000,195,325,83550000,36132
0,8355,83550000,83550000,195,325,83560000,36139
0,8356,83560000,83560000,195,325,83570000,36143
0,8357,83570000,83570000,195,325,83580000,36147
0,8358,83580000,83580000,195,325,83590000,36152
0,8359,83590000,83590000,195,325,83600000,36154
0,836,8360000,8360000,195,325,8370000,3613
0,8360,83600000,83600000,195,325,83610000,36159
0,8361,83610000,83610000,195,325,83620000,36164
0,8362,83620000,83620000,195,325,83630000,36170
0,8363,83630000,83630000,195,325,83640000,36171
0,8364,83640000,83640000,195,325,83650000,36176
0,8365,83650000,83650000,195,325,83660000,36183
0,8366,83660000,83660000,195,325,83670000,36185
0,8367,83670000,83670000,195,325,83680000,36191
0,8368,83680000,83680000,195,325,83690000,36195
0,8369,83690000,83690000,195,325,83700000,36196
0,837,8370000,8370000,195,325,8380000,3620
0,8370,83700000,83700000,195,325,83710000,36204
0,8371,83710000,83710000,195,325,83720000,36206
0,8372,83720000,83720000,195,325,83730000,36213
0,8373,83730000,83730000,195,325,83740000,36216
0,8374,83740000,83740000,195,325,83750000,36220
0,8375,83750000,83750000,195,325,83760000,36225
0,8376,83760000,83760000,195,325,83770000,36229
0,8377,83770000,83770000,195,325,83780000,36234
0,8378,83780000,83780000,195,325,83790000,36236
0,8379,83790000,83790000,195,325,83800000,36241
0,838,8380000,8380000,195,325,8390000,3623
0,8380,83800000,83800000,195,325,83810000,36247
0,8381,83810000,83810000,195,325,83820000,36249
0,8382,83820000,83820000,195,325,83830000,36257
0,8383,83830000,83830000,195,325,83840000,36260
0,8384,83840000,83840000,195,325,83850000,36262
0,8385,83850000,83850000,195,325,83860000,36268
0,8386,83860000,83860000,195,325,83870000,36272
0,8387,83870000,83870000,195,325,83880000,36276
0,8388,83880000,83880000,195,325,83890000,36281
0,8389,83890000,83890000,195,325,83900000,36285
0,839,8390000,8390000,195,325,8400000,3624
0,8390,83900000,83900000,195,325,83910000,36290
0,8391,83910000,83910000,195,325,83920000,36293
0,8392,83920000,83920000,195,325,83930000,36300
0,8393,83930000,83930000,195,325,83940000,36302
0,8394,83940000,83940000,195,325,83950000,36306
0,8395,83950000,83950000,195,325,83960000,36311
0,8396,83960000,83960000,195,325,83970000,36314
0,8397,83970000,83970000,195,325,83980000,36321
0,8398,83980000,83980000,195,325,83990000,36325
0,8399,83990000,83990000,195,325,84000000,36326
0,84,840000,840000,195,325,850000,360
0,840,8400000,8400000,195,325,8410000,3632
0,8400,84000000,84000000,195,325,84010000,36334
0,8401,84010000,84010000,195,325,84020000,36337
0,8402,84020000,84020000,195,325,84030000,36342
0,8403,84030000,84030000,195,325,84040000,36346
0,8404,84040000,84040000,195,325,84050000,36349
0,8405,84050000,84050000,195,325,84060000,36353
0,8406,84060000,84060000,195,325,84070000,36359
0,8407,84070000,84070000,195,325,84080000,36365
0,8408,84080000,84080000,195,325,84090000,36367
0,8409,84090000,84090000,195,325,84100000,36370
0,841,8410000,8410000,195,325,8420000,3636
0,8410,84100000,84100000,195,325,84110000,36378
0,8411,84110000,84110000,195,325,84120000,36379
0,8412,84120000,84120000,195,325,84130000,36386
0,8413,84130000,84130000,195,325,84140000,36388
0,8414,84140000,84140000,195,325,84150000,36391
0,8415,84150000,84150000,195,325,84160000,36399
0,8416,84160000,84160000,195,325,84170000,36402
0,8417,84170000,84170000,195,325,84180000,36407
0,8418,84180000,84180000,195,325,84190000,36411
0,8419,84190000,84190000,195,325,84200000,36414
0,842,8420000,8420000,195,325,8430000,3641
0,8420,84200000,84200000,195,325,84210000,36419
0,8421,84210000,84210000,195,325,84220000,36423
0,8422,84220000,84220000,195,325,84230000,36429
0,8423,84230000,84230000,195,325,84240000,36431
0,8424,84240000,84240000,195,325,84250000,36437
0,8425,84250000,84250000,195,325,84260000,36442
0,8426,84260000,84260000,195,325,84270000,36444
0,8427,84270000,84270000,195,325,84280000,36450
0,8428,84280000,84280000,195,325,84290000,36455
0,8429,84290000,84290000,195,325,84300000,36456
0,843,8430000,8430000,195,325,8440000,3645
0,8430,84300000,84300000,195,325,84310000,36463
0,8431,84310000,84310000,195,325,84320000,36466
0,8432,84320000,84320000,195,325,84330000,36472
0,8433,84330000,84330000,195,325,84340000,36476
0,8434,84340000,84340000,195,325,84350000,36479
0,8435,84350000,84350000,195,325,84360000,36484
0,8436,84360000,84360000,195,325,84370000,36488
0,8437,84370000,84370000,195,325,84380000,36494
0,8438,84380000,84380000,195,325,84390000,36497
0,8439,84390000,84390000,195,325,84400000,36500
0,844,8440000,8440000,195,325,8450000,3648
0,8440,84400000,84400000,195,325,84410000,36507
0,8441,84410000,84410000,195,325,84420000,36508
0,8442,84420000,84420000,195,325,84430000,36517
0,8443,84430000,84430000,195,325,84440000,36519
0,8444,84440000,84440000,195,325,84450000,36521
0,8445,84450000,84450000,195,325,84460000,36528
0,8446,84460000,84460000,195,325,84470000,36532
0,8447,84470000,84470000,195,325,84480000,36536
0,8448,84480000,84480000,195,325,84490000,36540
0,8449,84490000,84490000,195,325,84500000,36544
0,845,8450000,8450000,195,325,8460000,3652
0,8450,84500000,84500000,195,325,84510000,36549
0,8451,84510000,84510000,195,325,84520000,36553
0,8452,84520000,84520000,195,325,84530000,36560
0,8453,84530000,84530000,195,325,84540000,36561
0,8454,84540000,84540000,195,325,84550000,36565
0,8455,84550000,84550000,195,325,84560000,36571
0,8456,84560000,84560000,195,325,84570000,36574
0,8457,84570000,84570000,195,325,84580000,36581
0,8458,84580000,84580000,195,325,84590000,36584
0,8459,84590000,84590000,195,325,84600000,36586
0,846,8460000,8460000,195,325,8470000,3657
0,8460,84600000,84600000,195,325,84610000,36594
0,8461,84610000,84610000,195,325,84620000,36596
0,8462,84620000,84620000,195,325,84630000,36601
0,8463,84630000,84630000,195,325,84640000,36605
0,8464,84640000,84640000,195,325,84650000,36609
0,8465,84650000,84650000,195,325,84660000,36613
0,8466,84660000,84660000,195,325,84670000,36619
0,8467,84670000,84670000,195,325,84680000,36624
0,8468,84680000,84680000,195,325,84690000,36626
0,8469,84690000,84690000,195,325,84700000,36630
0,847,8470000,8470000,195,325,8480000,3663
0,8470,84700000,84700000,195,325,84710000,36637
0,8471,84710000,84710000,195,325,84720000,36638
0,8472,84720000,84720000,195,325,84730000,36645
0,8473,84730000,84730000,195,325,84740000,36649
0,8474,84740000,84740000,195,325,84750000,36652
0,8475,84750000,84750000,195,325,84760000,36658
0,8476,84760000,84760000,195,325,84770000,36661
0,8477,84770000,84770000,195,325,84780000,36666
0,8478,84780000,84780000,195,325,84790000,36671
0,8479,84790000,84790000,195,325,84800000,36673
0,848,8480000,8480000,195,325,8490000,3665
0,8480,84800000,84800000,195,325,84810000,36679
0,8481,84810000,84810000,195,325,84820000,36682
0,8482,84820000,84820000,195,325,84830000,36689
0,8483,84830000,84830000,195,325,84840000,36691
0,8484,84840000,84840000,195,325,84850000,36696
0,8485,84850000,84850000,195,325,84860000,36701
0,8486,84860000,84860000,195,325,84870000,36703
0,8487,84870000,84870000,195,325,84880000,36711
0,8488,84880000,84880000,195,325,84890000,36714
0,8489,84890000,84890000,195,325,84900000,36715
0,849,8490000,8490000,195,325,8500000,3668
0,8490,84900000,84900000,195,325,84910000,36722
0,8491,84910000,84910000,195,325,84920000,36727
0,8492,84920000,84920000,195,325,84930000,36732
0,8493,84930000,84930000,195,325,84940000,36735
0,8494,84940000,84940000,195,325,84950000,36739
0,8495,84950000,84950000,195,325,84960000,36743
0,8496,84960000,84960000,195,325,84970000,36748
0,8497,84970000,84970000,195,325,84980000,36753
0,8498,84980000,84980000,195,325,84990000,36756
0,8499,84990000,84990000,195,325,85000000,36759
0,85,850000,850000,195,325,860000,367
0,850,8500000,8500000,195,325,8510000,3677
0,8500,85000000,85000000,195,325,85010000,36767
0,8501,85010000,85010000,195,325,85020000,36769
0,8502,85020000,85020000,195,325,85030000,36776
0,8503,85030000,85030000,195,325,85040000,36778
0,8504,85040000,85040000,195,325,85050000,36780
0,8505,85050000,85050000,195,325,85060000,36788
0,8506,85060000,85060000,195,325,85070000,36791
0,8507,85070000,85070000,195,325,85080000,36795
0,8508,85080000,85080000,195,325,85090000,36801
0,8509,85090000,85090000,195,325,85100000,36804
0,851,8510000,8510000,195,325,8520000,3678
0,8510,85100000,85100000,195,325,85110000,36809
0,8511,85110000,85110000,195,325,85120000,36812
0,8512,85120000,85120000,195,325,85130000,36819
0,8513,85130000,85130000,195,325,85140000,36820
0,8514,85140000,85140000,195,325,85150000,36825
0,8515,85150000,85150000,195,325,85160000,36831
0,8516,85160000,85160000,195,325,85170000,36833
0,8517,85170000,85170000,195,325,85180000,36840
0,8518,85180000,85180000,195,325,85190000,36844
0,8519,85190000,85190000,195,325,85200000,36846
0,852,8520000,8520000,195,325,8530000,3685
0,8520,85200000,85200000,195,325,85210000,36853
0,8521,85210000,85210000,195,325,85220000,36855
0,8522,85220000,85220000,195,325,85230000,36861
0,8523,85230000,85230000,195,325,85240000,36865
0,8524,85240000,85240000,195,325,85250000,36868
0,8525,85250000,85250000,195,325,85260000,36873
0,8526,85260000,85260000,195,325,85270000,36878
0,8527,85270000,85270000,195,325,85280000,36884
0,8528,85280000,85280000,195,325,85290000,36886
0,8529,85290000,85290000,195,325,85300000,36890
0,853,8530000,8530000,195,325,8540000,3687
0,8530,85300000,85300000,195,325,85310000,36896
0,8531,85310000,85310000,195,325,85320000,36897
0,8532,85320000,85320000,195,325,85330000,36905
0,8533,85330000,85330000,195,325,85340000,36908
0,8534,85340000,85340000,195,325,85350000,36911
0,8535,85350000,85350000,195,325,85360000,36917
0,8536,85360000,85360000,195,325,85370000,36922
0,8537,85370000,85370000,195,325,85380000,36926
0,8538,85380000,85380000,195,325,85390000,36930
0,8539,85390000,85390000,195,325,85400000,36932
0,854,8540000,8540000,195,325,8550000,3690
0,8540,85400000,85400000,195,325,85410000,36938
0,8541,85410000,85410000,195,325,85420000,36942
0,8542,85420000,85420000,195,325,85430000,36949
0,8543,85430000,85430000,195,325,85440000,36951
0,8544,85440000,85440000,195,325,85450000,36955
0,8545,85450000,85450000,195,325,85460000,36961
0,8546,85460000,85460000,195,325,85470000,36963
0,8547,85470000,85470000,195,325,85480000,36970
0,8548,85480000,85480000,195,325,85490000,36973
0,8549,85490000,85490000,195,325,85500000,36974
0,855,8550000,8550000,195,325,8560000,3697
0,8550,85500000,85500000,195,325,85510000,36983
0,8551,85510000,85510000,195,325,85520000,36986
0,8552,85520000,85520000,195,325,85530000,36991
0,8553,85530000,85530000,195,325,85540000,36994
0,8554,85540000,85540000,195,325,85550000,36999
0,8555,85550000,85550000,195,325,85560000,37003
0,8556,85560000,85560000,195,325,85570000,37007
0,8557,85570000,85570000,195,325,85580000,37013
0,8558,85580000,85580000,195,325,85590000,37015
0,8559,85590000,85590000,195,325,85600000,37020
0,856,8560000,8560000,195,325,8570000,3700
0,8560,85600000,85600000,195,325,85610000,37026
0,8561,85610000,85610000,195,325,85620000,37028
0,8562,85620000,85620000,195,325,85630000,37035
0,8563,85630000,85630000,195,325,85640000,37038
0,8564,85640000,85640000,195,325,85650000,37041
0,8565,85650000,85650000,195,325,85660000,37047
0,8566,85660000,85660000,195,325,85670000,37050
0,8567,85670000,85670000,195,325,85680000,37054
0,8568,85680000,85680000,195,325,85690000,37061
0,8569,85690000,85690000,195,325,85700000,37063
0,857,8570000,8570000,195,325,8580000,3705
0,8570,85700000,85700000,195,325,85710000,37068
0,8571,85710000,85710000,195,325,85720000,37072
0,8572,85720000,85720000,195,325,85730000,37079
0,8573,85730000,85730000,195,325,85740000,37080
0,8574,85740000,85740000,195,325,85750000,37084
0,8575,85750000,85750000,195,325,85760000,37090
0,8576,85760000,85760000,195,325,85770000,37093
0,8577,85770000,85770000,195,325,85780000,37100
0,8578,85780000,85780000,195,325,85790000,37104
0,8579,85790000,85790000,195,325,85800000,37105
0,858,8580000,8580000,195,325,8590000,3710
0,8580,85800000,85800000,195,325,85810000,37112
0,8581,85810000,85810000,195,325,85820000,37115
0,8582,85820000,85820000,195,325,85830000,37121
0,8583,85830000,85830000,195,325,85840000,37124
0,8584,85840000,85840000,195,325,85850000,37127
0,8585,85850000,85850000,195,325,85860000,37133
0,8586,85860000,85860000,195,325,85870000,37138
0,8587,85870000,85870000,195,325,85880000,37143
0,8588,85880000,85880000,195,325,85890000,37145
0,8589,85890000,85890000,195,325,85900000,37149
0,859,8590000,8590000,195,325,8600000,3713
0,8590,85900000,85900000,195,325,85910000,37156
0,8591,85910000,85910000,195,325,85920000,37157
0,8592,85920000,85920000,195,325,85930000,37165
0,8593,85930000,85930000,195,325,85940000,37168
0,8594,85940000,85940000,195,325,85950000,37170
0,8595,85950000,85950000,195,325,85960000,37177
0,8596,85960000,85960000,195,325,85970000,37181
0,8597,85970000,85970000,195,325,85980000,37185
0,8598,85980000,85980000,195,325,85990000,37189
0,8599,85990000,85990000,195,325,86000000,37193
0,86,860000,860000,195,325,870000,369
0,860,8600000,8600000,195,325,8610000,3718
0,8600,86000000,86000000,195,325,86010000,37198
0,8601,86010000,86010000,195,325,86020000,37201
0,8602,86020000,86020000,195,325,86030000,37208
0,8603,86030000,86030000,195,325,86040000,37210
0,8604,86040000,86040000,195,325,86050000,37215
0,8605,86050000,86050000,195,325,86060000,37220
0,8606,86060000,86060000,195,325,86070000,37223
0,8607,86070000,86070000,195,325,86080000,37229
0,8608,86080000,86080000,195,325,86090000,37233
0,8609,86090000,86090000,195,325,86100000,37234
0,861,8610000,8610000,195,325,8620000,3722
0,8610,86100000,86100000,195,325,86110000,37243
0,8611,86110000,86110000,195,325,86120000,37245
0,8612,86120000,86120000,195,325,86130000,37250
0,8613,86130000,86130000,195,325,86140000,37255
0,8614,86140000,86140000,195,325,86150000,37258
0,8615,86150000,86150000,195,325,86160000,37262
0,8616,86160000,86160000,195,325,86170000,37266
0,8617,86170000,86170000,195,325,86180000,37273
0,8618,86180000,86180000,195,325,86190000,37275
0,8619,86190000,86190000,195,325,86200000,37279
0,862,8620000,8620000,195,325,8630000,3728
0,8620,86200000,86200000,195,325,86210000,37286
0,8621,86210000,86210000,195,325,86220000,37287
0,8622,86220000,86220000,195,325,86230000,37295
0,8623,86230000,86230000,195,325,86240000,37297
0,8624,86240000,86240000,195,325,86250000,37300
0,8625,86250000,86250000,195,325,86260000,37306
0,8626,86260000,86260000,195,325,86270000,37310
0,8627,86270000,86270000,195,325,86280000,37316
0,8628,86280000,86280000,195,325,86290000,37320
0,8629,86290000,86290000,195,325,86300000,37322
0,863,8630000,8630000,195,325,8640000,3729
0,8630,86300000,86300000,195,325,86310000,37327
0,8631,86310000,86310000,195,325,86320000,37332
0,8632,86320000,86320000,195,325,86330000,37338
0,8633,86330000,86330000,195,325,86340000,37339
0,8634,86340000,86340000,195,325,86350000,37344
0,8635,86350000,86350000,195,325,86360000,37350
0,8636,86360000,86360000,195,325,86370000,37353
0,8637,86370000,86370000,195,325,86380000,37359
0,8638,86380000,86380000,195,325,86390000,37363
0,8639,86390000,86390000,195,325,86400000,37364
0,864,8640000,8640000,195,325,8650000,3735
0,8640,86400000,86400000,195,325,86410000,37372
0,8641,86410000,86410000,195,325,86420000,37375
0,8642,86420000,86420000,195,325,86430000,37380
0,8643,86430000,86430000,195,325,86440000,37383
0,8644,86440000,86440000,195,325,86450000,37388
0,8645,86450000,86450000,195,325,86460000,37393
0,8646,86460000,86460000,195,325,86470000,37397
0,8647,86470000,86470000,195,325,86480000,37402
0,8648,86480000,86480000,195,325,86490000,37405
0,8649,86490000,86490000,195,325,86500000,37409
0,865,8650000,8650000,195,325,8660000,3740
0,8650,86500000,86500000,195,325,86510000,37415
0,8651,86510000,86510000,195,325,86520000,37416
0,8652,86520000,86520000,195,325,86530000,37424
0,8653,86530000,86530000,195,325,86540000,37428
0,8654,86540000,86540000,195,325,86550000,37430
0,8655,86550000,86550000,195,325,86560000,37437
0,8656,86560000,86560000,195,325,86570000,37440
0,8657,86570000,86570000,195,325,86580000,37444
0,8658,86580000,86580000,195,325,86590000,37449
0,8659,86590000,86590000,195,325,86600000,37452
0,866,8660000,8660000,195,325,8670000,3742
0,8660,86600000,86600000,195,325,86610000,37457
0,8661,86610000,86610000,195,325,86620000,37461
0,8662,86620000,86620000,195,325,86630000,37469
0,8663,86630000,86630000,195,325,86640000,37470
0,8664,86640000,86640000,195,325,86650000,37474
0,8665,86650000,86650000,195,325,86660000,37479
0,8666,86660000,86660000,195,325,86670000,37482
0,8667,86670000,86670000,195,325,86680000,37489
0,8668,86680000,86680000,195,325,86690000,37492
0,8669,86690000,86690000,195,325,86700000,37494
0,867,8670000,8670000,195,325,8680000,3749
0,8670,86700000,86700000,195,325,86710000,37502
0,8671,86710000,86710000,195,325,86720000,37505
0,8672,86720000,86720000,195,325,86730000,37510
0,8673,86730000,86730000,195,325,86740000,37514
0,8674,86740000,86740000,195,325,86750000,37517
0,8675,86750000,86750000,195,325,86760000,37521
0,8676,86760000,86760000,195,325,86770000,37527
0,8677,86770000,86770000,195,325,86780000,37532
0,8678,86780000,86780000,195,325,86790000,37535
0,8679,86790000,86790000,195,325,86800000,37538
0,868,8680000,8680000,195,325,8690000,3754
0,8680,86800000,86800000,195,325,86810000,37546
0,8681,86810000,86810000,195,325,86820000,37547
0,8682,86820000,86820000,195,325,86830000,37554
0,8683,86830000,86830000,195,325,86840000,37557
0,8684,86840000,86840000,195,325,86850000,37559
0,8685,86850000,86850000,195,325,86860000,37566
0,8686,86860000,86860000,195,325,86870000,37569
0,8687,86870000,86870000,195,325,86880000,37575
0,8688,86880000,86880000,195,325,86890000,37579
0,8689,86890000,86890000,195,325,86900000,37582
0,869,8690000,8690000,195,325,8700000,3755
0,8690,86900000,86900000,195,325,86910000,37588
0,8691,86910000,86910000,195,325,86920000,37591
0,8692,86920000,86920000,195,325,86930000,37597
0,8693,86930000,86930000,195,325,86940000,37598
0,8694,86940000,86940000,195,325,86950000,37604
0,8695,86950000,86950000,195,325,86960000,37610
0,8696,86960000,86960000,195,325,86970000,37612
0,8697,86970000,86970000,195,325,86980000,37619
0,8698,86980000,86980000,195,325,86990000,37623
0,8699,86990000,86990000,195,325,87000000,37624
0,87,870000,870000,195,325,880000,376
0,870,8700000,8700000,195,325,8710000,3762
0,8700,87000000,87000000,195,325,87010000,37631
0,8701,87010000,87010000,195,325,87020000,37634
0,8702,87020000,87020000,195,325,87030000,37639
0,8703,87030000,87030000,195,325,87040000,37643
0,8704,87040000,87040000,195,325,87050000,37648
0,8705,87050000,87050000,195,325,87060000,37652
0,8706,87060000,87060000,195,325,87070000,37656
0,8707,87070000,87070000,195,325,87080000,37662
0,8708,87080000,87080000,195,325,87090000,37665
0,8709,87090000,87090000,195,325,87100000,37668
0,871,8710000,8710000,195,325,8720000,3765
0,8710,87100000,87100000,195,325,87110000,37674
0,8711,87110000,87110000,195,325,87120000,37676
0,8712,87120000,87120000,195,325,87130000,37685
0,8713,87130000,87130000,195,325,87140000,37687
0,8714,87140000,87140000,195,325,87150000,37689
0,8715,87150000,87150000,195,325,87160000,37696
0,8716,87160000,87160000,195,325,87170000,37700
0,8717,87170000,87170000,195,325,87180000,37704
0,8718,87180000,87180000,195,325,87190000,37709
0,8719,87190000,87190000,195,325,87200000,37711
0,872,8720000,8720000,195,325,8730000,3770
0,8720,87200000,87200000,195,325,87210000,37716
0,8721,87210000,87210000,195,325,87220000,37721
0,8722,87220000,87220000,195,325,87230000,37728
0,8723,87230000,87230000,195,325,87240000,37729
0,8724,87240000,87240000,195,325,87250000,37733
0,8725,87250000,87250000,195,325,87260000,37740
0,8726,87260000,87260000,195,325,87270000,37742
0,8727,87270000,87270000,195,325,87280000,37748
0,8728,87280000,87280000,195,325,87290000,37751
0,8729,87290000,87290000,195,325,87300000,37754
0,873,8730000,8730000,195,325,8740000,3774
0,8730,87300000,87300000,195,325,87310000,37762
0,8731,87310000,87310000,195,325,87320000,37764
0,8732,87320000,87320000,195,325,87330000,37770
0,8733,87330000,87330000,195,325,87340000,37773
0,8734,87340000,87340000,195,325,87350000,37777
0,8735,87350000,87350000,195,325,87360000,37781
0,8736,87360000,87360000,195,325,87370000,37786
0,8737,87370000,87370000,195,325,87380000,37791
0,8738,87380000,87380000,195,325,87390000,37794
0,8739,87390000,87390000,195,325,87400000,37799
0,874,8740000,8740000,195,325,8750000,3777
0,8740,87400000,87400000,195,325,87410000,37805
0,8741,87410000,87410000,195,325,87420000,37806
0,8742,87420000,87420000,195,325,87430000,37813
0,8743,87430000,87430000,195,325,87440000,37817
0,8744,87440000,87440000,195,325,87450000,37819
0,8745,87450000,87450000,195,325,87460000,37825
0,8746,87460000,87460000,195,325,87470000,37830
0,8747,87470000,87470000,195,325,87480000,37834
0,8748,87480000,87480000,195,325,87490000,37839
0,8749,87490000,87490000,195,325,87500000,37841
0,875,8750000,8750000,195,325,8760000,3783
0,8750,87500000,87500000,195,325,87510000,37847
0,8751,87510000,87510000,195,325,87520000,37850
0,8752,87520000,87520000,195,325,87530000,37857
0,8753,87530000,87530000,195,325,87540000,37859
0,8754,87540000,87540000,195,325,87550000,37863
0,8755,87550000,87550000,195,325,87560000,37869
0,8756,87560000,87560000,195,325,87570000,37871
0,8757,87570000,87570000,195,325,87580000,37879
0,8758,87580000,87580000,195,325,87590000,37882
0,8759,87590000,87590000,195,325,87600000,37883
0,876,8760000,8760000,195,325,8770000,3787
0,8760,87600000,87600000,195,325,87610000,37891
0,8761,87610000,87610000,195,325,87620000,37894
0,8762,87620000,87620000,195,325,87630000,37899
0,8763,87630000,87630000,195,325,87640000,37903
0,8764,87640000,87640000,195,325,87650000,37907
0,8765,87650000,87650000,195,325,87660000,37911
0,8766,87660000,87660000,195,325,87670000,37916
0,8767,87670000,87670000,195,325,87680000,37922
0,8768,87680000,87680000,195,325,87690000,37924
0,8769,87690000,87690000,195,325,87700000,37927
0,877,8770000,8770000,195,325,8780000,3793
0,8770,87700000,87700000,195,325,87710000,37934
0,8771,87710000,87710000,195,325,87720000,37936
0,8772,87720000,87720000,195,325,87730000,37944
0,8773,87730000,87730000,195,325,87740000,37946
0,8774,87740000,87740000,195,325,87750000,37949
0,8775,87750000,87750000,195,325,87760000,37956
0,8776,87760000,87760000,195,325,87770000,37959
0,8777,87770000,87770000,195,325,87780000,37963
0,8778,87780000,87780000,195,325,87790000,37968
0,8779,87790000,87790000,195,325,87800000,37971
0,878,8780000,8780000,195,325,8790000,3796
0,8780,87800000,87800000,195,325,87810000,37977
0,8781,87810000,87810000,195,325,87820000,37981
0,8782,87820000,87820000,195,325,87830000,37987
0,8783,87830000,87830000,195,325,87840000,37988
0,8784,87840000,87840000,195,325,87850000,37993
0,8785,87850000,87850000,195,325,87860000,37999
0,8786,87860000,87860000,195,325,87870000,38001
0,8787,87870000,87870000,195,325,87880000,38007
0,8788,87880000,87880000,195,325,87890000,38012
0,8789,87890000,87890000,195,325,87900000,38014
0,879,8790000,8790000,195,325,8800000,3799
0,8790,87900000,87900000,195,325,87910000,38021
0,8791,87910000,87910000,195,325,87920000,38023
0,8792,87920000,87920000,195,325,87930000,38029
0,8793,87930000,87930000,195,325,87940000,38033
0,8794,87940000,87940000,195,325,87950000,38036
0,8795,87950000,87950000,195,325,87960000,38041
0,8796,87960000,87960000,195,325,87970000,38045
0,8797,87970000,87970000,195,325,87980000,38052
0,8798,87980000,87980000,195,325,87990000,38054
0,8799,87990000,87990000,195,325,88000000,38058
0,88,880000,880000,195,325,890000,379
0,880,8800000,8800000,195,325,8810000,3805
0,8800,88000000,88000000,195,325,88010000,38064
0,8801,88010000,88010000,195,325,88020000,38065
0,8802,88020000,88020000,195,325,88030000,38074
0,8803,88030000,88030000,195,325,88040000,38076
0,8804,88040000,88040000,195,325,88050000,38078
0,8805,88050000,88050000,195,325,88060000,38084
0,8806,88060000,88060000,195,325,88070000,38090
0,8807,88070000,88070000,195,325,88080000,38094
0,8808,88080000,88080000,195,325,88090000,38098
0,8809,88090000,88090000,195,325,88100000,38101
0,881,8810000,8810000,195,325,8820000,3806
0,8810,88100000,88100000,195,325,88110000,38106
0,8811,88110000,88110000,195,325,88120000,38110
0,8812,88120000,88120000,195,325,88130000,38116
0,8813,88130000,88130000,195,325,88140000,38118
0,8814,88140000,88140000,195,325,88150000,38123
0,8815,88150000,88150000,195,325,88160000,38129
0,8816,88160000,88160000,195,325,88170000,38132
0,8817,88170000,88170000,195,325,88180000,38138
0,8818,88180000,88180000,195,325,88190000,38141
0,8819,88190000,88190000,195,325,88200000,38142
0,882,8820000,8820000,195,325,8830000,3815
0,8820,88200000,88200000,195,325,88210000,38151
0,8821,88210000,88210000,195,325,88220000,38153
0,8822,88220000,88220000,195,325,88230000,38158
0,8823,88230000,88230000,195,325,88240000,38163
0,8824,88240000,88240000,195,325,88250000,38167
0,8825,88250000,88250000,195,325,88260000,38171
0,8826,88260000,88260000,195,325,88270000,38175
0,8827,88270000,88270000,195,325,88280000,38181
0,8828,88280000,88280000,195,325,88290000,38183
0,8829,88290000,88290000,195,325,88300000,38187
0,883,8830000,8830000,195,325,8840000,3817
0,8830,88300000,88300000,195,325,88310000,38194
0,8831,88310000,88310000,195,325,88320000,38196
0,8832,88320000,88320000,195,325,88330000,38203
0,8833,88330000,88330000,195,325,88340000,38206
0,8834,88340000,88340000,195,325,88350000,38209
0,8835,88350000,88350000,195,325,88360000,38215
0,8836,88360000,88360000,195,325,88370000,38218
0,8837,88370000,88370000,195,325,88380000,38223
0,8838,88380000,88380000,195,325,88390000,38228
0,8839,88390000,88390000,195,325,88400000,38230
0,884,8840000,8840000,195,325,8850000,3820
0,8840,88400000,88400000,195,325,88410000,38236
0,8841,88410000,88410000,195,325,88420000,38240
0,8842,88420000,88420000,195,325,88430000,38247
0,8843,88430000,88430000,195,325,88440000,38248
0,8844,88440000,88440000,195,325,88450000,38253
0,8845,88450000,88450000,195,325,88460000,38258
0,8846,88460000,88460000,195,325,88470000,38260
0,8847,88470000,88470000,195,325,88480000,38267
0,8848,88480000,88480000,195,325,88490000,38272
0,8849,88490000,88490000,195,325,88500000,38273
0,885,8850000,8850000,195,325,8860000,3827
0,8850,88500000,88500000,195,325,88510000,38280
0,8851,88510000,88510000,195,325,88520000,38284
0,8852,88520000,88520000,195,325,88530000,38289
0,8853,88530000,88530000,195,325,88540000,38292
0,8854,88540000,88540000,195,325,88550000,38295
0,8855,88550000,88550000,195,325,88560000,38300
0,8856,88560000,88560000,195,325,88570000,38305
0,8857,88570000,88570000,195,325,88580000,38311
0,8858,88580000,88580000,195,325,88590000,38314
0,8859,88590000,88590000,195,325,88600000,38317
0,886,8860000,8860000,195,325,8870000,3831
0,8860,88600000,88600000,195,325,88610000,38324
0,8861,88610000,88610000,195,325,88620000,38325
0,8862,88620000,88620000,195,325,88630000,38333
0,8863,88630000,88630000,195,325,88640000,38335
0,8864,88640000,88640000,195,325,88650000,38337
0,8865,88650000,88650000,195,325,88660000,38346
0,8866,88660000,88660000,195,325,88670000,38349
0,8867,88670000,88670000,195,325,88680000,38353
0,8868,88680000,88680000,195,325,88690000,38357
0,8869,88690000,88690000,195,325,88700000,38361
0,887,8870000,8870000,195,325,8880000,3835
0,8870,88700000,88700000,195,325,88710000,38366
0,8871,88710000,88710000,195,325,88720000,38369
0,8872,88720000,88720000,195,325,88730000,38376
0,8873,88730000,88730000,195,325,88740000,38377
0,8874,88740000,88740000,195,325,88750000,38383
0,8875,88750000,88750000,195,325,88760000,38388
0,8876,88760000,88760000,195,325,88770000,38391
0,8877,88770000,88770000,195,325,88780000,38397
0,8878,88780000,88780000,195,325,88790000,38401
0,8879,88790000,88790000,195,325,88800000,38403
0,888,8880000,8880000,195,325,8890000,3839
0,8880,88800000,88800000,195,325,88810000,38410
0,8881,88810000,88810000,195,325,88820000,38412
0,8882,88820000,88820000,195,325,88830000,38418
0,8883,88830000,88830000,195,325,88840000,38423
0,8884,88840000,88840000,195,325,88850000,38426
0,8885,88850000,88850000,195,325,88860000,38430
0,8886,88860000,88860000,195,325,88870000,38435
0,8887,88870000,88870000,195,325,88880000,38441
0,8888,88880000,88880000,195,325,88890000,38443
0,8889,88890000,88890000,195,325,88900000,38446
0,889,8890000,8890000,195,325,8900000,3842
0,8890,88900000,88900000,195,325,88910000,38453
0,8891,88910000,88910000,195,325,88920000,38455
0,8892,88920000,88920000,195,325,88930000,38463
0,8893,88930000,88930000,195,325,88940000,38466
0,8894,88940000,88940000,195,325,88950000,38468
0,8895,88950000,88950000,195,325,88960000,38474
0,8896,88960000,88960000,195,325,88970000,38478
0,8897,88970000,88970000,195,325,88980000,38483
0,8898,88980000,88980000,195,325,88990000,38487
0,8899,88990000,88990000,195,325,89000000,38490
0,89,890000,890000,195,325,900000,380
0,890,8900000,8900000,195,325,8910000,3847
0,8900,89000000,89000000,195,325,89010000,38496
0,8901,89010000,89010000,195,325,89020000,38500
0,8902,89020000,89020000,195,325,89030000,38506
0,8903,89030000,89030000,195,325,89040000,38507
0,8904,89040000,89040000,195,325,89050000,38512
0,8905,89050000,89050000,195,325,89060000,38518
0,8906,89060000,89060000,195,325,89070000,38520
0,8907,89070000,89070000,195,325,89080000,38527
0,8908,89080000,89080000,195,325,89090000,38531
0,8909,89090000,89090000,195,325,89100000,38532
0,891,8910000,8910000,195,325,8920000,3851
0,8910,89100000,89100000,195,325,89110000,38540
0,8911,89110000,89110000,195,325,89120000,38543
0,8912,89120000,89120000,195,325,89130000,38548
0,8913,89130000,89130000,195,325,89140000,38551
0,8914,89140000,89140000,195,325,89150000,38556
0,8915,89150000,89150000,195,325,89160000,38560
0,8916,89160000,89160000,195,325,89170000,38565
0,8917,89170000,89170000,195,325,89180000,38570
0,8918,89180000,89180000,195,325,89190000,38573
0,8919,89190000,89190000,195,325,89200000,38577
0,892,8920000,8920000,195,325,8930000,3859
0,8920,89200000,89200000,195,325,89210000,38583
0,8921,89210000,89210000,195,325,89220000,38585
0,8922,89220000,89220000,195,325,89230000,38592
0,8923,89230000,89230000,195,325,89240000,38595
0,8924,89240000,89240000,195,325,89250000,38597
0,8925,89250000,89250000,195,325,89260000,38605
0,8926,89260000,89260000,195,325,89270000,38608
0,8927,89270000,89270000,195,325,89280000,38612
0,8928,89280000,89280000,195,325,89290000,38618
0,8929,89290000,89290000,195,325,89300000,38620
0,893,8930000,8930000,195,325,8940000,3860
0,8930,89300000,89300000,195,325,89310000,38625
0,8931,89310000,89310000,195,325,89320000,38628
0,8932,89320000,89320000,195,325,89330000,38636
0,8933,89330000,89330000,195,325,89340000,38638
0,8934,89340000,89340000,195,325,89350000,38642
0,8935,89350000,89350000,195,325,89360000,38648
0,8936,89360000,89360000,195,325,89370000,38650
0,8937,89370000,89370000,195,325,89380000,38657
0,8938,89380000,89380000,195,325,89390000,38660
0,8939,89390000,89390000,195,325,89400000,38662
0,894,8940000,8940000,195,325,8950000,3864
0,8940,89400000,89400000,195,325,89410000,38669
0,8941,89410000,89410000,195,325,89420000,38672
0,8942,89420000,89420000,195,325,89430000,38679
0,8943,89430000,89430000,195,325,89440000,38682
0,8944,89440000,89440000,195,325,89450000,38685
0,8945,89450000,89450000,195,325,89460000,38689
0,8946,89460000,89460000,195,325,89470000,38695
0,8947,89470000,89470000,195,325,89480000,38700
0,8948,89480000,89480000,195,325,89490000,38702
0,8949,89490000,89490000,195,325,89500000,38706
0,895,8950000,8950000,195,325,8960000,3870
0,8950,89500000,89500000,195,325,89510000,38714
0,8951,89510000,89510000,195,325,89520000,38715
0,8952,89520000,89520000,195,325,89530000,38722
0,8953,89530000,89530000,195,325,89540000,38725
0,8954,89540000,89540000,195,325,89550000,38727
0,8955,89550000,89550000,195,325,89560000,38734
0,8956,89560000,89560000,195,325,89570000,38738
0,8957,89570000,89570000,195,325,89580000,38742
0,8958,89580000,89580000,195,325,89590000,38746
0,8959,89590000,89590000,195,325,89600000,38750
0,896,8960000,8960000,195,325,8970000,3873
0,8960,89600000,89600000,195,325,89610000,38756
0,8961,89610000,89610000,195,325,89620000,38759
0,8962,89620000,89620000,195,325,89630000,38765
0,8963,89630000,89630000,195,325,89640000,38767
0,8964,89640000,89640000,195,325,89650000,38772
0,8965,89650000,89650000,195,325,89660000,38777
0,8966,89660000,89660000,195,325,89670000,38779
0,8967,89670000,89670000,195,325,89680000,38787
0,8968,89680000,89680000,195,325,89690000,38791
0,8969,89690000,89690000,195,325,89700000,38792
0,897,8970000,8970000,195,325,8980000,3879
0,8970,89700000,89700000,195,325,89710000,38800
0,8971,89710000,89710000,195,325,89720000,38802
0,8972,89720000,89720000,195,325,89730000,38807
0,8973,89730000,89730000,195,325,89740000,38811
0,8974,89740000,89740000,195,325,89750000,38815
0,8975,89750000,89750000,195,325,89760000,38819
0,8976,89760000,89760000,195,325,89770000,38824
0,8977,89770000,89770000,195,325,89780000,38831
0,8978,89780000,89780000,195,325,89790000,38833
0,8979,89790000,89790000,195,325,89800000,38836
0,898,8980000,8980000,195,325,8990000,3882
0,8980,89800000,89800000,195,325,89810000,38842
0,8981,89810000,89810000,195,325,89820000,38844
0,8982,89820000,89820000,195,325,89830000,38852
0,8983,89830000,89830000,195,325,89840000,38854
0,8984,89840000,89840000,195,325,89850000,38858
0,8985,89850000,89850000,195,325,89860000,38864
0,8986,89860000,89860000,195,325,89870000,38868
0,8987,89870000,89870000,195,325,89880000,38872
0,8988,89880000,89880000,195,325,89890000,38877
0,8989,89890000,89890000,195,325,89900000,38879
0,899,8990000,8990000,195,325,9000000,3884
0,8990,89900000,89900000,195,325,89910000,38884
0,8991,89910000,89910000,195,325,89920000,38889
0,8992,89920000,89920000,195,325,89930000,38895
0,8993,89930000,89930000,195,325,89940000,38897
0,8994,89940000,89940000,195,325,89950000,38901
0,8995,89950000,89950000,195,325,89960000,38908
0,8996,89960000,89960000,195,325,89970000,38910
0,8997,89970000,89970000,195,325,89980000,38916
0,8998,89980000,89980000,195,325,89990000,38920
0,8999,89990000,89990000,195,325,90000000,38921
0,9,90000,90000,195,325,100000,36
0,90,900000,900000,195,325,910000,388
0,900,9000000,9000000,195,325,9010000,3892
0,9000,90000000,90000000,195,325,90010000,38929
0,9001,90010000,90010000,195,325,90020000,38932
0,9002,90020000,90020000,195,325,90030000,38938
0,9003,90030000,90030000,195,325,90040000,38941
0,9004,90040000,90040000,195,325,90050000,38945
0,9005,90050000,90050000,195,325,90060000,38950
0,9006,90060000,90060000,195,325,90070000,38954
0,9007,90070000,90070000,195,325,90080000,38959
0,9008,90080000,90080000,195,325,90090000,38961
0,9009,90090000,90090000,195,325,90100000,38966
0,901,9010000,9010000,195,325,9020000,3895
0,9010,90100000,90100000,195,325,90110000,38973
0,9011,90110000,90110000,195,325,90120000,38974
0,9012,90120000,90120000,195,325,90130000,38982
0,9013,90130000,90130000,195,325,90140000,38985
0,9014,90140000,90140000,195,325,90150000,38987
0,9015,90150000,90150000,195,325,90160000,38993
0,9016,90160000,90160000,195,325,90170000,38997
0,9017,90170000,90170000,195,325,90180000,39001
0,9018,90180000,90180000,195,325,90190000,39007
0,9019,90190000,90190000,195,325,90200000,39010
0,902,9020000,9020000,195,325,9030000,3900
0,9020,90200000,90200000,195,325,90210000,39015
0,9021,90210000,90210000,195,325,90220000,39018
0,9022,90220000,90220000,195,325,90230000,39025
0,9023,90230000,90230000,195,325,90240000,39027
0,9024,90240000,90240000,195,325,90250000,39031
0,9025,90250000,90250000,195,325,90260000,39036
0,9026,90260000,90260000,195,325,90270000,39039
0,9027,90270000,90270000,195,325,90280000,39047
0,9028,90280000,90280000,195,325,90290000,39050
0,9029,90290000,90290000,195,325,90300000,39051
0,903,9030000,9030000,195,325,9040000,3904
0,9030,90300000,90300000,195,325,90310000,39059
0,9031,90310000,90310000,195,325,90320000,39062
0,9032,90320000,90320000,195,325,90330000,39067
0,9033,90330000,90330000,195,325,90340000,39071
0,9034,90340000,90340000,195,325,90350000,39074
0,9035,90350000,90350000,195,325,90360000,39079
0,9036,90360000,90360000,195,325,90370000,39084
0,9037,90370000,90370000,195,325,90380000,39090
0,9038,90380000,90380000,195,325,90390000,39092
0,9039,90390000,90390000,195,325,90400000,39095
0,904,9040000,9040000,195,325,9050000,3908
0,9040,90400000,90400000,195,325,90410000,39103
0,9041,90410000,90410000,195,325,90420000,39104
0,9042,90420000,90420000,195,325,90430000,39111
0,9043,90430000,90430000,195,325,90440000,39113
0,9044,90440000,90440000,195,325,90450000,39117
0,9045,90450000,90450000,195,325,90460000,39124
0,9046,90460000,90460000,195,325,90470000,39127
0,9047,90470000,90470000,195,325,90480000,39132
0,9048,90480000,90480000,195,325,90490000,39136
0,9049,90490000,90490000,195,325,90500000,39139
0,905,9050000,9050000,195,325,9060000,3912
0,9050,90500000,90500000,195,325,90510000,39144
0,9051,90510000,90510000,195,325,90520000,39148
0,9052,90520000,90520000,195,325,90530000,39155
0,9053,90530000,90530000,195,325,90540000,39156
0,9054,90540000,90540000,195,325,90550000,39162
0,9055,90550000,90550000,195,325,90560000,39167
0,9056,90560000,90560000,195,325,90570000,39169
0,9057,90570000,90570000,195,325,90580000,39175
0,9058,90580000,90580000,195,325,90590000,39180
0,9059,90590000,90590000,195,325,90600000,39181
0,906,9060000,9060000,195,325,9070000,3917
0,9060,90600000,90600000,195,325,90610000,39188
0,9061,90610000,90610000,195,325,90620000,39192
0,9062,90620000,90620000,195,325,90630000,39197
0,9063,90630000,90630000,195,325,90640000,39201
0,9064,90640000,90640000,195,325,90650000,39204
0,9065,90650000,90650000,195,325,90660000,39209
0,9066,90660000,90660000,195,325,90670000,39213
0,9067,90670000,90670000,195,325,90680000,39219
0,9068,90680000,90680000,195,325,90690000,39222
0,9069,90690000,90690000,195,325,90700000,39226
0,907,9070000,9070000,195,325,9080000,3922
0,9070,90700000,90700000,195,325,90710000,39232
0,9071,90710000,90710000,195,325,90720000,39233
0,9072,90720000,90720000,195,325,90730000,39242
0,9073,90730000,90730000,195,325,90740000,39244
0,9074,90740000,90740000,195,325,90750000,39246
0,9075,90750000,90750000,195,325,90760000,39253
0,9076,90760000,90760000,195,325,90770000,39257
0,9077,90770000,90770000,195,325,90780000,39261
0,9078,90780000,90780000,195,325,90790000,39266
0,9079,90790000,90790000,195,325,90800000,39269
0,908,9080000,9080000,195,325,9090000,3924
0,9080,90800000,90800000,195,325,90810000,39274
0,9081,90810000,90810000,195,325,90820000,39278
0,9082,90820000,90820000,195,325,90830000,39285
0,9083,90830000,90830000,195,325,90840000,39286
0,9084,90840000,90840000,195,325,90850000,39290
0,9085,90850000,90850000,195,325,90860000,39296
0,9086,90860000,90860000,195,325,90870000,39300
0,9087,90870000,90870000,195,325,90880000,39306
0,9088,90880000,90880000,195,325,90890000,39309
0,9089,90890000,90890000,195,325,90900000,39311
0,909,9090000,9090000,195,325,9100000,3929
0,9090,90900000,90900000,195,325,90910000,39319
0,9091,90910000,90910000,195,325,90920000,39321
0,9092,90920000,90920000,195,325,90930000,39326
0,9093,90930000,90930000,195,325,90940000,39330
0,9094,90940000,90940000,195,325,90950000,39334
0,9095,90950000,90950000,195,325,90960000,39339
0,9096,90960000,90960000,195,325,90970000,39344
0,9097,90970000,90970000,195,325,90980000,39349
0,9098,90980000,90980000,195,325,90990000,39351
0,9099,90990000,90990000,195,325,91000000,39355
0,91,910000,910000,195,325,920000,391
0,910,9100000,9100000,195,325,9110000,3936
0,9100,91000000,91000000,195,325,91010000,39362
0,9101,91010000,91010000,195,325,91020000,39363
0,9102,91020000,91020000,195,325,91030000,39370
0,9103,91030000,91030000,195,325,91040000,39375
0,9104,91040000,91040000,195,325,91050000,39377
0,9105,91050000,91050000,195,325,91060000,39383
0,9106,91060000,91060000,195,325,91070000,39386
0,9107,91070000,91070000,195,325,91080000,39391
0,9108,91080000,91080000,195,325,91090000,39396
0,9109,91090000,91090000,195,325,91100000,39398
0,911,9110000,9110000,195,325,9120000,3937
0,9110,91100000,91100000,195,325,91110000,39404
0,9111,91110000,91110000,195,325,91120000,39407
0,9112,91120000,91120000,195,325,91130000,39415
0,9113,91130000,91130000,195,325,91140000,39416
0,9114,91140000,91140000,195,325,91150000,39421
0,9115,91150000,91150000,195,325,91160000,39426
0,9116,91160000,91160000,195,325,91170000,39428
0,9117,91170000,91170000,195,325,91180000,39436
0,9118,91180000,91180000,195,325,91190000,39439
0,9119,91190000,91190000,195,325,91200000,39440
0,912,9120000,9120000,195,325,9130000,3944
0,9120,91200000,91200000,195,325,91210000,39448
0,9121,91210000,91210000,195,325,91220000,39452
0,9122,91220000,91220000,195,325,91230000,39457
0,9123,91230000,91230000,195,325,91240000,39460
0,9124,91240000,91240000,195,325,91250000,39464
0,9125,91250000,91250000,195,325,91260000,39468
0,9126,91260000,91260000,195,325,91270000,39473
0,9127,91270000,91270000,195,325,91280000,39478
0,9128,91280000,91280000,195,325,91290000,39481
0,9129,91290000,91290000,195,325,91300000,39485
0,913,9130000,9130000,195,325,9140000,3948
0,9130,91300000,91300000,195,325,91310000,39492
0,9131,91310000,91310000,195,325,91320000,39494
0,9132,91320000,91320000,195,325,91330000,39501
0,9133,91330000,91330000,195,325,91340000,39503
0,9134,91340000,91340000,195,325,91350000,39505
0,9135,91350000,91350000,195,325,91360000,39513
0,9136,91360000,91360000,195,325,91370000,39516
0,9137,91370000,91370000,195,325,91380000,39521
0,9138,91380000,91380000,195,325,91390000,39526
0,9139,91390000,91390000,195,325,91400000,39529
0,914,9140000,9140000,195,325,9150000,3950
0,9140,91400000,91400000,195,325,91410000,39534
0,9141,91410000,91410000,195,325,91420000,39537
0,9142,91420000,91420000,195,325,91430000,39544
0,9143,91430000,91430000,195,325,91440000,39545
0,9144,91440000,91440000,195,325,91450000,39550
0,9145,91450000,91450000,195,325,91460000,39556
0,9146,91460000,91460000,195,325,91470000,39559
0,9147,91470000,91470000,195,325,91480000,39565
0,9148,91480000,91480000,195,325,91490000,39569
0,9149,91490000,91490000,195,325,91500000,39571
0,915,9150000,9150000,195,325,9160000,3956
0,9150,91500000,91500000,195,325,91510000,39578
0,9151,91510000,91510000,195,325,91520000,39580
0,9152,91520000,91520000,195,325,91530000,39586
0,9153,91530000,91530000,195,325,91540000,39590
0,9154,91540000,91540000,195,325,91550000,39594
0,9155,91550000,91550000,195,325,91560000,39598
0,9156,91560000,91560000,195,325,91570000,39603
0,9157,91570000,91570000,195,325,91580000,39609
0,9158,91580000,91580000,195,325,91590000,39611
0,9159,91590000,91590000,195,325,91600000,39615
0,916,9160000,9160000,195,325,9170000,3959
0,9160,91600000,91600000,195,325,91610000,39621
0,9161,91610000,91610000,195,325,91620000,39622
0,9162,91620000,91620000,195,325,91630000,39630
0,9163,91630000,91630000,195,325,91640000,39634
0,9164,91640000,91640000,195,325,91650000,39636
0,9165,91650000,91650000,195,325,91660000,39642
0,9166,91660000,91660000,195,325,91670000,39647
0,9167,91670000,91670000,195,325,91680000,39651
0,9168,91680000,91680000,195,325,91690000,39655
0,9169,91690000,91690000,195,325,91700000,39657
0,917,9170000,9170000,195,325,9180000,3964
0,9170,91700000,91700000,195,325,91710000,39663
0,9171,91710000,91710000,195,325,91720000,39668
0,9172,91720000,91720000,195,325,91730000,39674
0,9173,91730000,91730000,195,325,91740000,39676
0,9174,91740000,91740000,195,325,91750000,39680
0,9175,91750000,91750000,195,325,91760000,39686
0,9176,91760000,91760000,195,325,91770000,39688
0,9177,91770000,91770000,195,325,91780000,39695
0,9178,91780000,91780000,195,325,91790000,39698
0,9179,91790000,91790000,195,325,91800000,39699
0,918,9180000,9180000,195,325,9190000,3970
0,9180,91800000,91800000,195,325,91810000,39709
0,9181,91810000,91810000,195,325,91820000,39711
0,9182,91820000,91820000,195,325,91830000,39716
0,9183,91830000,91830000,195,325,91840000,39719
0,9184,91840000,91840000,195,325,91850000,39724
0,9185,91850000,91850000,195,325,91860000,39728
0,9186,91860000,91860000,195,325,91870000,39732
0,9187,91870000,91870000,195,325,91880000,39738
0,9188,91880000,91880000,195,325,91890000,39741
0,9189,91890000,91890000,195,325,91900000,39745
0,919,9190000,9190000,195,325,9200000,3972
0,9190,91900000,91900000,195,325,91910000,39751
0,9191,91910000,91910000,195,325,91920000,39753
0,9192,91920000,91920000,195,325,91930000,39760
0,9193,91930000,91930000,195,325,91940000,39763
0,9194,91940000,91940000,195,325,91950000,39766
0,9195,91950000,91950000,195,325,91960000,39772
0,9196,91960000,91960000,195,325,91970000,39775
0,9197,91970000,91970000,195,325,91980000,39780
0,9198,91980000,91980000,195,325,91990000,39786
0,9199,91990000,91990000,195,325,92000000,39788
0,92,920000,920000,195,325,930000,396
0,920,9200000,9200000,195,325,9210000,3978
0,9200,92000000,92000000,195,325,92010000,39793
0,9201,92010000,92010000,195,325,92020000,39797
0,9202,92020000,92020000,195,325,92030000,39804
0,9203,92030000,92030000,195,325,92040000,39805
0,9204,92040000,92040000,195,325,92050000,39809
0,9205,92050000,92050000,195,325,92060000,39816
0,9206,92060000,92060000,195,325,92070000,39818
0,9207,92070000,92070000,195,325,92080000,39825
0,9208,92080000,92080000,195,325,92090000,39829
0,9209,92090000,92090000,195,325,92100000,39830
0,921,9210000,9210000,195,325,9220000,3981
0,9210,92100000,92100000,195,325,92110000,39837
0,9211,92110000,92110000,195,325,92120000,39840
0,9212,92120000,92120000,195,325,92130000,39846
0,9213,92130000,92130000,195,325,92140000,39849
0,9214,92140000,92140000,195,325,92150000,39853
0,9215,92150000,92150000,195,325,92160000,39858
0,9216,92160000,92160000,195,325,92170000,39863
0,9217,92170000,92170000,195,325,92180000,39868
0,9218,92180000,92180000,195,325,92190000,39870
0,9219,92190000,92190000,195,325,92200000,39874
0,922,9220000,9220000,195,325,9230000,3988
0,9220,92200000,92200000,195,325,92210000,39881
0,9221,92210000,92210000,195,325,92220000,39882
0,9222,92220000,92220000,195,325,92230000,39891
0,9223,92230000,92230000,195,325,92240000,39893
0,9224,92240000,92240000,195,325,92250000,39895
0,9225,92250000,92250000,195,325,92260000,39902
0,9226,92260000,92260000,195,325,92270000,39906
0,9227,92270000,92270000,195,325,92280000,39910
0,9228,92280000,92280000,195,325,92290000,39914
0,9229,92290000,92290000,195,325,92300000,39918
0,923,9230000,9230000,195,325,9240000,3989
0,9230,92300000,92300000,195,325,92310000,39923
0,9231,92310000,92310000,195,325,92320000,39927
0,9232,92320000,92320000,195,325,92330000,39933
0,9233,92330000,92330000,195,325,92340000,39935
0,9234,92340000,92340000,195,325,92350000,39940
0,9235,92350000,92350000,195,325,92360000,39945
0,9236,92360000,92360000,195,325,92370000,39948
0,9237,92370000,92370000,195,325,92380000,39954
0,9238,92380000,92380000,195,325,92390000,39958
0,9239,92390000,92390000,195,325,92400000,39960
0,924,9240000,9240000,195,325,9250000,3994
0,9240,92400000,92400000,195,325,92410000,39968
0,9241,92410000,92410000,195,325,92420000,39970
0,9242,92420000,92420000,195,325,92430000,39975
0,9243,92430000,92430000,195,325,92440000,39980
0,9244,92440000,92440000,195,325,92450000,39983
0,9245,92450000,92450000,195,325,92460000,39987
0,9246,92460000,92460000,195,325,92470000,39991
0,9247,92470000,92470000,195,325,92480000,39998
0,9248,92480000,92480000,195,325,92490000,40001
0,9249,92490000,92490000,195,325,92500000,40004
0,925,9250000,9250000,195,325,9260000,3999
0,9250,92500000,92500000,195,325,92510000,40011
0,9251,92510000,92510000,195,325,92520000,40012
0,9252,92520000,92520000,195,325,92530000,40020
0,9253,92530000,92530000,195,325,92540000,40022
0,9254,92540000,92540000,195,325,92550000,40025
0,9255,92550000,92550000,195,325,92560000,40031
0,9256,92560000,92560000,195,325,92570000,40036
0,9257,92570000,92570000,195,325,92580000,40041
0,9258,92580000,92580000,195,325,92590000,40045
0,9259,92590000,92590000,195,325,92600000,40047
0,926,9260000,9260000,195,325,9270000,4002
0,9260,92600000,92600000,195,325,92610000,40052
0,9261,92610000,92610000,195,325,92620000,40057
0,9262,92620000,92620000,195,325,92630000,40063
0,9263,92630000,92630000,195,325,92640000,40064
0,9264,92640000,92640000,195,325,92650000,40069
0,9265,92650000,92650000,195,325,92660000,40076
0,9266,92660000,92660000,195,325,92670000,40078
0,9267,92670000,92670000,195,325,92680000,40084
0,9268,92680000,92680000,195,325,92690000,40088
0,9269,92690000,92690000,195,325,92700000,40089
0,927,9270000,9270000,195,325,9280000,4010
0,9270,92700000,92700000,195,325,92710000,40097
0,9271,92710000,92710000,195,325,92720000,40100
0,9272,92720000,92720000,195,325,92730000,40105
0,9273,92730000,92730000,195,325,92740000,40109
0,9274,92740000,92740000,195,325,92750000,40113
0,9275,92750000,92750000,195,325,92760000,40118
0,9276,92760000,92760000,195,325,92770000,40122
0,9277,92770000,92770000,195,325,92780000,40127
0,9278,92780000,92780000,195,325,92790000,40130
0,9279,92790000,92790000,195,325,92800000,40134
0,928,9280000,9280000,195,325,9290000,4013
0,9280,92800000,92800000,195,325,92810000,40140
0,9281,92810000,92810000,195,325,92820000,40141
0,9282,92820000,92820000,195,325,92830000,40150
0,9283,92830000,92830000,195,325,92840000,40153
0,9284,92840000,92840000,195,325,92850000,40155
0,9285,92850000,92850000,195,325,92860000,40162
0,9286,92860000,92860000,195,325,92870000,40165
0,9287,92870000,92870000,195,325,92880000,40169
0,9288,92880000,92880000,195,325,92890000,40174
0,9289,92890000,92890000,195,325,92900000,40177
0,929,9290000,9290000,195,325,9300000,4014
0,9290,92900000,92900000,195,325,92910000,40183
0,9291,92910000,92910000,195,325,92920000,40186
0,9292,92920000,92920000,195,325,92930000,40194
0,9293,92930000,92930000,195,325,92940000,40195
0,9294,92940000,92940000,195,325,92950000,40199
0,9295,92950000,92950000,195,325,92960000,40204
0,9296,92960000,92960000,195,325,92970000,40207
0,9297,92970000,92970000,195,325,92980000,40214
0,9298,92980000,92980000,195,325,92990000,40217
0,9299,92990000,92990000,195,325,93000000,40220
0,93,930000,930000,195,325,940000,400
0,930,9300000,9300000,195,325,9310000,4021
0,9300,93000000,93000000,195,325,93010000,40227
0,9301,93010000,93010000,195,325,93020000,40230
0,9302,93020000,93020000,195,325,93030000,40235
0,9303,93030000,93030000,195,325,93040000,40239
0,9304,93040000,93040000,195,325,93050000,40242
0,9305,93050000,93050000,195,325,93060000,40246
0,9306,93060000,93060000,195,325,93070000,40252
0,9307,93070000,93070000,195,325,93080000,40258
0,9308,93080000,93080000,195,325,93090000,40260
0,9309,93090000,93090000,195,325,93100000,40263
0,931,9310000,9310000,195,325,9320000,4025
0,9310,93100000,93100000,195,325,93110000,40271
0,9311,93110000,93110000,195,325,93120000,40272
0,9312,93120000,93120000,195,325,93130000,40279
0,9313,93130000,93130000,195,325,93140000,40282
0,9314,93140000,93140000,195,325,93150000,40284
0,9315,93150000,93150000,195,325,93160000,40291
0,9316,93160000,93160000,195,325,93170000,40295
0,9317,93170000,93170000,195,325,93180000,40300
0,9318,93180000,93180000,195,325,93190000,40304
0,9319,93190000,93190000,195,325,93200000,40307
0,932,9320000,9320000,195,325,9330000,4030
0,9320,93200000,93200000,195,325,93210000,40313
0,9321,93210000,93210000,195,325,93220000,40316
0,9322,93220000,93220000,195,325,93230000,40322
0,9323,93230000,93230000,195,325,93240000,40323
0,9324,93240000,93240000,195,325,93250000,40330
0,9325,93250000,93250000,195,325,93260000,40335
0,9326,93260000,93260000,195,325,93270000,40337
0,9327,93270000,93270000,195,325,93280000,40344
0,9328,93280000,93280000,195,325,93290000,40348
0,9329,93290000,93290000,195,325,93300000,40349
0,933,9330000,9330000,195,325,9340000,4033
0,9330,93300000,93300000,195,325,93310000,40356
0,9331,93310000,93310000,195,325,93320000,40359
0,9332,93320000,93320000,195,325,93330000,40364
0,9333,93330000,93330000,195,325,93340000,40369
0,9334,93340000,93340000,195,325,93350000,40373
0,9335,93350000,93350000,195,325,93360000,40377
0,9336,93360000,93360000,195,325,93370000,40381
0,9337,93370000,93370000,195,325,93380000,40387
0,9338,93380000,93380000,195,325,93390000,40390
0,9339,93390000,93390000,195,325,93400000,40393
0,934,9340000,9340000,195,325,9350000,4037
0,9340,93400000,93400000,195,325,93410000,40399
0,9341,93410000,93410000,195,325,93420000,40402
0,9342,93420000,93420000,195,325,93430000,40410
0,9343,93430000,93430000,195,325,93440000,40412
0,9344,93440000,93440000,195,325,93450000,40414
0,9345,93450000,93450000,195,325,93460000,40421
0,9346,93460000,93460000,195,325,93470000,40425
0,9347,93470000,93470000,195,325,93480000,40429
0,9348,93480000,93480000,195,325,93490000,40434
0,9349,93490000,93490000,195,325,93500000,40436
0,935,9350000,9350000,195,325,9360000,4042
0,9350,93500000,93500000,195,325,93510000,40442
0,9351,93510000,93510000,195,325,93520000,40446
0,9352,93520000,93520000,195,325,93530000,40453
0,9353,93530000,93530000,195,325,93540000,40454
0,9354,93540000,93540000,195,325,93550000,40458
0,9355,93550000,93550000,195,325,93560000,40465
0,9356,93560000,93560000,195,325,93570000,40467
0,9357,93570000,93570000,195,325,93580000,40473
0,9358,93580000,93580000,195,325,93590000,40477
0,9359,93590000,93590000,195,325,93600000,40479
0,936,9360000,9360000,195,325,9370000,4047
0,9360,93600000,93600000,195,325,93610000,40487
0,9361,93610000,93610000,195,325,93620000,40489
0,9362,93620000,93620000,195,325,93630000,40495
0,9363,93630000,93630000,195,325,93640000,40498
0,9364,93640000,93640000,195,325,93650000,40502
0,9365,93650000,93650000,195,325,93660000,40506
0,9366,93660000,93660000,195,325,93670000,40511
0,9367,93670000,93670000,195,325,93680000,40517
0,9368,93680000,93680000,195,325,93690000,40519
0,9369,93690000,93690000,195,325,93700000,40524
0,937,9370000,9370000,195,325,9380000,4052
0,9370,93700000,93700000,195,325,93710000,40530
0,9371,93710000,93710000,195,325,93720000,40531
0,9372,93720000,93720000,195,325,93730000,40538
0,9373,93730000,93730000,195,325,93740000,40542
0,9374,93740000,93740000,195,325,93750000,40544
0,9375,93750000,93750000,195,325,93760000,40551
0,9376,93760000,93760000,195,325,93770000,40555
0,9377,93770000,93770000,195,325,93780000,40559
0,9378,93780000,93780000,195,325,93790000,40564
0,9379,93790000,93790000,195,325,93800000,40566
0,938,9380000,9380000,195,325,9390000,4055
0,9380,93800000,93800000,195,325,93810000,40572
0,9381,93810000,93810000,195,325,93820000,40575
0,9382,93820000,93820000,195,325,93830000,40582
0,9383,93830000,93830000,195,325,93840000,40584
0,9384,93840000,93840000,195,325,93850000,40589
0,9385,93850000,93850000,195,325,93860000,40594
0,9386,93860000,93860000,195,325,93870000,40596
0,9387,93870000,93870000,195,325,93880000,40604
0,9388,93880000,93880000,195,325,93890000,40607
0,9389,93890000,93890000,195,325,93900000,40608
0,939,9390000,9390000,195,325,9400000,4058
0,9390,93900000,93900000,195,325,93910000,40616
0,9391,93910000,93910000,195,325,93920000,40619
0,9392,93920000,93920000,195,325,93930000,40625
0,9393,93930000,93930000,195,325,93940000,40628
0,9394,93940000,93940000,195,325,93950000,40632
0,9395,93950000,93950000,195,325,93960000,40636
0,9396,93960000,93960000,195,325,93970000,40641
0,9397,93970000,93970000,195,325,93980000,40647
0,9398,93980000,93980000,195,325,93990000,40649
0,9399,93990000,93990000,195,325,94000000,40652
0,94,940000,940000,195,325,950000,405
0,940,9400000,9400000,195,325,9410000,4065
0,9400,94000000,94000000,195,325,94010000,40659
0,9401,94010000,94010000,195,325,94020000,40662
0,9402,94020000,94020000,195,325,94030000,40669
0,9403,94030000,94030000,195,325,94040000,40671
0,9404,94040000,94040000,195,325,94050000,40674
0,9405,94050000,94050000,195,325,94060000,40681
0,9406,94060000,94060000,195,325,94070000,40684
0,9407,94070000,94070000,195,325,94080000,40688
0,9408,94080000,94080000,195,325,94090000,40693
0,9409,94090000,94090000,195,325,94100000,40697
0,941,9410000,9410000,195,325,9420000,4067
0,9410,94100000,94100000,195,325,94110000,40702
0,9411,94110000,94110000,195,325,94120000,40706
0,9412,94120000,94120000,195,325,94130000,40712
0,9413,94130000,94130000,195,325,94140000,40713
0,9414,94140000,94140000,195,325,94150000,40718
0,9415,94150000,94150000,195,325,94160000,40724
0,9416,94160000,94160000,195,325,94170000,40726
0,9417,94170000,94170000,195,325,94180000,40732
0,9418,94180000,94180000,195,325,94190000,40738
0,9419,94190000,94190000,195,325,94200000,40739
0,942,9420000,9420000,195,325,9430000,4074
0,9420,94200000,94200000,195,325,94210000,40746
0,9421,94210000,94210000,195,325,94220000,40748
0,9422,94220000,94220000,195,325,94230000,40754
0,9423,94230000,94230000,195,325,94240000,40758
0,9424,94240000,94240000,195,325,94250000,40761
0,9425,94250000,94250000,195,325,94260000,40766
0,9426,94260000,94260000,195,325,94270000,40771
0,9427,94270000,94270000,195,325,94280000,40777
0,9428,94280000,94280000,195,325,94290000,40779
0,9429,94290000,94290000,195,325,94300000,40783
0,943,9430000,9430000,195,325,9440000,4077
0,9430,94300000,94300000,195,325,94310000,40789
0,9431,94310000,94310000,195,325,94320000,40790
0,9432,94320000,94320000,195,325,94330000,40799
0,9433,94330000,94330000,195,325,94340000,40801
0,9434,94340000,94340000,195,325,94350000,40803
0,9435,94350000,94350000,195,325,94360000,40810
0,9436,94360000,94360000,195,325,94370000,40815
0,9437,94370000,94370000,195,325,94380000,40819
0,9438,94380000,94380000,195,325,94390000,40823
0,9439,94390000,94390000,195,325,94400000,40826
0,944,9440000,9440000,195,325,9450000,4079
0,9440,94400000,94400000,195,325,94410000,40831
0,9441,94410000,94410000,195,325,94420000,40835
0,9442,94420000,94420000,195,325,94430000,40841
0,9443,94430000,94430000,195,325,94440000,40844
0,9444,94440000,94440000,195,325,94450000,40848
0,9445,94450000,94450000,195,325,94460000,40854
0,9446,94460000,94460000,195,325,94470000,40857
0,9447,94470000,94470000,195,325,94480000,40863
0,9448,94480000,94480000,195,325,94490000,40866
0,9449,94490000,94490000,195,325,94500000,40867
0,945,9450000,9450000,195,325,9460000,4087
0,9450,94500000,94500000,195,325,94510000,40876
0,9451,94510000,94510000,195,325,94520000,40878
0,9452,94520000,94520000,195,325,94530000,40884
0,9453,94530000,94530000,195,325,94540000,40888
0,9454,94540000,94540000,195,325,94550000,40892
0,9455,94550000,94550000,195,325,94560000,40896
0,9456,94560000,94560000,195,325,94570000,40900
0,9457,94570000,94570000,195,325,94580000,40906
0,9458,94580000,94580000,195,325,94590000,40908
0,9459,94590000,94590000,195,325,94600000,40912
0,946,9460000,9460000,195,325,9470000,4090
0,9460,94600000,94600000,195,325,94610000,40920
0,9461,94610000,94610000,195,325,94620000,40921
0,9462,94620000,94620000,195,325,94630000,40928
0,9463,94630000,94630000,195,325,94640000,40931
0,9464,94640000,94640000,195,325,94650000,40934
0,9465,94650000,94650000,195,325,94660000,40940
0,9466,94660000,94660000,195,325,94670000,40943
0,9467,94670000,94670000,195,325,94680000,40948
0,9468,94680000,94680000,195,325,94690000,40953
0,9469,94690000,94690000,195,325,94700000,40956
0,947,9470000,9470000,195,325,9480000,4094
0,9470,94700000,94700000,195,325,94710000,40961
0,9471,94710000,94710000,195,325,94720000,40965
0,9472,94720000,94720000,195,325,94730000,40972
0,9473,94730000,94730000,195,325,94740000,40973
0,9474,94740000,94740000,195,325,94750000,40978
0,9475,94750000,94750000,195,325,94760000,40983
0,9476,94760000,94760000,195,325,94770000,40985
0,9477,94770000,94770000,195,325,94780000,40993
0,9478,94780000,94780000,195,325,94790000,40997
0,9479,94790000,94790000,195,325,94800000,40998
0,948,9480000,9480000,195,325,9490000,4099
0,9480,94800000,94800000,195,325,94810000,41005
0,9481,94810000,94810000,195,325,94820000,41009
0,9482,94820000,94820000,195,325,94830000,41014
0,9483,94830000,94830000,195,325,94840000,41017
0,9484,94840000,94840000,195,325,94850000,41020
0,9485,94850000,94850000,195,325,94860000,41025
0,9486,94860000,94860000,195,325,94870000,41031
0,9487,94870000,94870000,195,325,94880000,41036
0,9488,94880000,94880000,195,325,94890000,41039
0,9489,94890000,94890000,195,325,94900000,41042
0,949,9490000,9490000,195,325,9500000,4102
0,9490,94900000,94900000,195,325,94910000,41049
0,9491,94910000,94910000,195,325,94920000,41050
0,9492,94920000,94920000,195,325,94930000,41058
0,9493,94930000,94930000,195,325,94940000,41060
0,9494,94940000,94940000,195,325,94950000,41063
0,9495,94950000,94950000,195,325,94960000,41071
0,9496,94960000,94960000,195,325,94970000,41074
0,9497,94970000,94970000,195,325,94980000,41078
0,9498,94980000,94980000,195,325,94990000,41082
0,9499,94990000,94990000,195,325,95000000,41086
0,95,950000,950000,195,325,960000,409
0,950,9500000,9500000,195,325,9510000,4107
0,9500,95000000,95000000,195,325,95010000,41091
0,9501,95010000,95010000,195,325,95020000,41094
0,9502,95020000,95020000,195,325,95030000,41101
0,9503,95030000,95030000,195,325,95040000,41103
0,9504,95040000,95040000,195,325,95050000,41108
0,9505,95050000,95050000,195,325,95060000,41113
0,9506,95060000,95060000,195,325,95070000,41116
0,9507,95070000,95070000,195,325,95080000,41122
0,9508,95080000,95080000,195,325,95090000,41126
0,9509,95090000,95090000,195,325,95100000,41128
0,951,9510000,9510000,195,325,9520000,4110
0,9510,95100000,95100000,195,325,95110000,41135
0,9511,95110000,95110000,195,325,95120000,41138
0,9512,95120000,95120000,195,325,95130000,41143
0,9513,95130000,95130000,195,325,95140000,41148
0,9514,95140000,95140000,195,325,95150000,41151
0,9515,95150000,95150000,195,325,95160000,41155
0,9516,95160000,95160000,195,325,95170000,41160
0,9517,95170000,95170000,195,325,95180000,41166
0,9518,95180000,95180000,195,325,95190000,41168
0,9519,95190000,95190000,195,325,95200000,41171
0,952,9520000,9520000,195,325,9530000,4118
0,9520,95200000,95200000,195,325,95210000,41179
0,9521,95210000,95210000,195,325,95220000,41180
0,9522,95220000,95220000,195,325,95230000,41188
0,9523,95230000,95230000,195,325,95240000,41191
0,9524,95240000,95240000,195,325,95250000,41193
0,9525,95250000,95250000,195,325,95260000,41199
0,9526,95260000,95260000,195,325,95270000,41203
0,9527,95270000,95270000,195,325,95280000,41208
0,9528,95280000,95280000,195,325,95290000,41213
0,9529,95290000,95290000,195,325,95300000,41215
0,953,9530000,9530000,195,325,9540000,4119
0,9530,95300000,95300000,195,325,95310000,41221
0,9531,95310000,95310000,195,325,95320000,41225
0,9532,95320000,95320000,195,325,95330000,41231
0,9533,95330000,95330000,195,325,95340000,41232
0,9534,95340000,95340000,195,325,95350000,41237
0,9535,95350000,95350000,195,325,95360000,41243
0,9536,95360000,95360000,195,325,95370000,41245
0,9537,95370000,95370000,195,325,95380000,41253
0,9538,95380000,95380000,195,325,95390000,41256
0,9539,95390000,95390000,195,325,95400000,41257
0,954,9540000,9540000,195,325,9550000,4124
0,9540,95400000,95400000,195,325,95410000,41265
0,9541,95410000,95410000,195,325,95420000,41268
0,9542,95420000,95420000,195,325,95430000,41273
0,9543,95430000,95430000,195,325,95440000,41276
0,9544,95440000,95440000,195,325,95450000,41281
0,9545,95450000,95450000,195,325,95460000,41286
0,9546,95460000,95460000,195,325,95470000,41290
0,9547,95470000,95470000,195,325,95480000,41295
0,9548,95480000,95480000,195,325,95490000,41298
0,9549,95490000,95490000,195,325,95500000,41302
0,955,9550000,9550000,195,325,9560000,4130
0,9550,95500000,95500000,195,325,95510000,41308
0,9551,95510000,95510000,195,325,95520000,41310
0,9552,95520000,95520000,195,325,95530000,41317
0,9553,95530000,95530000,195,325,95540000,41320
0,9554,95540000,95540000,195,325,95550000,41323
0,9555,95550000,95550000,195,325,95560000,41330
0,9556,95560000,95560000,195,325,95570000,41333
0,9557,95570000,95570000,195,325,95580000,41337
0,9558,95580000,95580000,195,325,95590000,41343
0,9559,95590000,95590000,195,325,95600000,41345
0,956,9560000,9560000,195,325,9570000,4132
0,9560,95600000,95600000,195,325,95610000,41350
0,9561,95610000,95610000,195,325,95620000,41353
0,9562,95620000,95620000,195,325,95630000,41362
0,9563,95630000,95630000,195,325,95640000,41363
0,9564,95640000,95640000,195,325,95650000,41367
0,9565,95650000,95650000,195,325,95660000,41373
0,9566,95660000,95660000,195,325,95670000,41375
0,9567,95670000,95670000,195,325,95680000,41382
0,9568,95680000,95680000,195,325,95690000,41385
0,9569,95690000,95690000,195,325,95700000,41387
0,957,9570000,9570000,195,325,9580000,4138
0,9570,95700000,95700000,195,325,95710000,41394
0,9571,95710000,95710000,195,325,95720000,41398
0,9572,95720000,95720000,195,325,95730000,41404
0,9573,95730000,95730000,195,325,95740000,41407
0,9574,95740000,95740000,195,325,95750000,41410
0,9575,95750000,95750000,195,325,95760000,41414
0,9576,95760000,95760000,195,325,95770000,41420
0,9577,95770000,95770000,195,325,95780000,41425
0,9578,95780000,95780000,195,325,95790000,41427
0,9579,95790000,95790000,195,325,95800000,41432
0,958,9580000,9580000,195,325,9590000,4142
0,9580,95800000,95800000,195,325,95810000,41439
0,9581,95810000,95810000,195,325,95820000,41440
0,9582,95820000,95820000,195,325,95830000,41447
0,9583,95830000,95830000,195,325,95840000,41450
0,9584,95840000,95840000,195,325,95850000,41452
0,9585,95850000,95850000,195,325,95860000,41459
0,9586,95860000,95860000,195,325,95870000,41463
0,9587,95870000,95870000,195,325,95880000,41467
0,9588,95880000,95880000,195,325,95890000,41472
0,9589,95890000,95890000,195,325,95900000,41475
0,959,9590000,9590000,195,325,9600000,4144
0,9590,95900000,95900000,195,325,95910000,41481
0,9591,95910000,95910000,195,325,95920000,41484
0,9592,95920000,95920000,195,325,95930000,41490
0,9593,95930000,95930000,195,325,95940000,41492
0,9594,95940000,95940000,195,325,95950000,41497
0,9595,95950000,95950000,195,325,95960000,41502
0,9596,95960000,95960000,195,325,95970000,41505
0,9597,95970000,95970000,195,325,95980000,41512
0,9598,95980000,95980000,195,325,95990000,41516
0,9599,95990000,95990000,195,325,96000000,41517
0,96,960000,960000,195,325,970000,413
0,960,9600000,9600000,195,325,9610000,4152
0,9600,96000000,96000000,195,325,96010000,41525
0,9601,96010000,96010000,195,325,96020000,41527
0,9602,96020000,96020000,195,325,96030000,41532
0,9603,96030000,96030000,195,325,96040000,41536
0,9604,96040000,96040000,195,325,96050000,41540
0,9605,96050000,96050000,195,325,96060000,41545
0,9606,96060000,96060000,195,325,96070000,41549
0,9607,96070000,96070000,195,325,96080000,41556
0,9608,96080000,96080000,195,325,96090000,41558
0,9609,96090000,96090000,195,325,96100000,41561
0,961,9610000,9610000,195,325,9620000,4154
0,9610,96100000,96100000,195,325,96110000,41567
0,9611,96110000,96110000,195,325,96120000,41569
0,9612,96120000,96120000,195,325,96130000,41577
0,9613,96130000,96130000,195,325,96140000,41580
0,9614,96140000,96140000,195,325,96150000,41583
0,9615,96150000,96150000,195,325,96160000,41589
0,9616,96160000,96160000,195,325,96170000,41593
0,9617,96170000,96170000,195,325,96180000,41597
0,9618,96180000,96180000,195,325,96190000,41602
0,9619,96190000,96190000,195,325,96200000,41604
0,962,9620000,9620000,195,325,9630000,4160
0,9620,96200000,96200000,195,325,96210000,41609
0,9621,96210000,96210000,195,325,96220000,41614
0,9622,96220000,96220000,195,325,96230000,41621
0,9623,96230000,96230000,195,325,96240000,41622
0,9624,96240000,96240000,195,325,96250000,41626
0,9625,96250000,96250000,195,325,96260000,41633
0,9626,96260000,96260000,195,325,96270000,41635
0,9627,96270000,96270000,195,325,96280000,41641
0,9628,96280000,96280000,195,325,96290000,41645
0,9629,96290000,96290000,195,325,96300000,41646
0,963,9630000,9630000,195,325,9640000,4164
0,9630,96300000,96300000,195,325,96310000,41655
0,9631,96310000,96310000,195,325,96320000,41657
0,9632,96320000,96320000,195,325,96330000,41663
0,9633,96330000,96330000,195,325,96340000,41666
0,9634,96340000,96340000,195,325,96350000,41670
0,9635,96350000,96350000,195,325,96360000,41675
0,9636,96360000,96360000,195,325,96370000,41679
0,9637,96370000,96370000,195,325,96380000,41684
0,9638,96380000,96380000,195,325,96390000,41686
0,9639,96390000,96390000,195,325,96400000,41692
0,964,9640000,9640000,195,325,9650000,4167
0,9640,96400000,96400000,195,325,96410000,41698
0,9641,96410000,96410000,195,325,96420000,41699
0,9642,96420000,96420000,195,325,96430000,41707
0,9643,96430000,96430000,195,325,96440000,41710
0,9644,96440000,96440000,195,325,96450000,41712
0,9645,96450000,96450000,195,325,96460000,41718
0,9646,96460000,96460000,195,325,96470000,41722
0,9647,96470000,96470000,195,325,96480000,41727
0,9648,96480000,96480000,195,325,96490000,41732
0,9649,96490000,96490000,195,325,96500000,41735
0,965,9650000,9650000,195,325,9660000,4171
0,9650,96500000,96500000,195,325,96510000,41740
0,9651,96510000,96510000,195,325,96520000,41743
0,9652,96520000,96520000,195,325,96530000,41750
0,9653,96530000,96530000,195,325,96540000,41752
0,9654,96540000,96540000,195,325,96550000,41756
0,9655,96550000,96550000,195,325,96560000,41761
0,9656,96560000,96560000,195,325,96570000,41765
0,9657,96570000,96570000,195,325,96580000,41772
0,9658,96580000,96580000,195,325,96590000,41775
0,9659,96590000,96590000,195,325,96600000,41776
0,966,9660000,9660000,195,325,9670000,4176
0,9660,96600000,96600000,195,325,96610000,41784
0,9661,96610000,96610000,195,325,96620000,41787
0,9662,96620000,96620000,195,325,96630000,41792
0,9663,96630000,96630000,195,325,96640000,41796
0,9664,96640000,96640000,195,325,96650000,41800
0,9665,96650000,96650000,195,325,96660000,41804
0,9666,96660000,96660000,195,325,96670000,41809
0,9667,96670000,96670000,195,325,96680000,41815
0,9668,96680000,96680000,195,325,96690000,41817
0,9669,96690000,96690000,195,325,96700000,41820
0,967,9670000,9670000,195,325,9680000,4182
0,9670,96700000,96700000,195,325,96710000,41828
0,9671,96710000,96710000,195,325,96720000,41829
0,9672,96720000,96720000,195,325,96730000,41836
0,9673,96730000,96730000,195,325,96740000,41839
0,9674,96740000,96740000,195,325,96750000,41842
0,9675,96750000,96750000,195,325,96760000,41849
0,9676,96760000,96760000,195,325,96770000,41852
0,9677,96770000,96770000,195,325,96780000,41857
0,9678,96780000,96780000,195,325,96790000,41861
0,9679,96790000,96790000,195,325,96800000,41864
0,968,9680000,9680000,195,325,9690000,4184
0,9680,96800000,96800000,195,325,96810000,41869
0,9681,96810000,96810000,195,325,96820000,41874
0,9682,96820000,96820000,195,325,96830000,41880
0,9683,96830000,96830000,195,325,96840000,41881
0,9684,96840000,96840000,195,325,96850000,41887
0,9685,96850000,96850000,195,325,96860000,41892
0,9686,96860000,96860000,195,325,96870000,41894
0,9687,96870000,96870000,195,325,96880000,41900
0,9688,96880000,96880000,195,325,96890000,41905
0,9689,96890000,96890000,195,325,96900000,41906
0,969,9690000,9690000,195,325,9700000,4189
0,9690,96900000,96900000,195,325,96910000,41914
0,9691,96910000,96910000,195,325,96920000,41917
0,9692,96920000,96920000,195,325,96930000,41922
0,9693,96930000,96930000,195,325,96940000,41926
0,9694,96940000,96940000,195,325,96950000,41929
0,9695,96950000,96950000,195,325,96960000,41934
0,9696,96960000,96960000,195,325,96970000,41938
0,9697,96970000,96970000,195,325,96980000,41944
0,9698,96980000,96980000,195,325,96990000,41948
0,9699,96990000,96990000,195,325,97000000,41951
0,97,970000,970000,195,325,980000,418
0,970,9700000,9700000,195,325,9710000,4195
0,9700,97000000,97000000,195,325,97010000,41957
0,9701,97010000,97010000,195,325,97020000,41958
0,9702,97020000,97020000,195,325,97030000,41967
0,9703,97030000,97030000,195,325,97040000,41969
0,9704,97040000,97040000,195,325,97050000,41971
0,9705,97050000,97050000,195,325,97060000,41978
0,9706,97060000,97060000,195,325,97070000,41982
0,9707,97070000,97070000,195,325,97080000,41987
0,9708,97080000,97080000,195,325,97090000,41991
0,9709,97090000,97090000,195,325,97100000,41994
0,971,9710000,9710000,195,325,9720000,4196
0,9710,97100000,97100000,195,325,97110000,41999
0,9711,97110000,97110000,195,325,97120000,42003
0,9712,97120000,97120000,195,325,97130000,42010
0,9713,97130000,97130000,195,325,97140000,42011
0,9714,97140000,97140000,195,325,97150000,42015
0,9715,97150000,97150000,195,325,97160000,42022
0,9716,97160000,97160000,195,325,97170000,42025
0,9717,97170000,97170000,195,325,97180000,42031
0,9718,97180000,97180000,195,325,97190000,42034
0,9719,97190000,97190000,195,325,97200000,42036
0,972,9720000,9720000,195,325,9730000,4204
0,9720,97200000,97200000,195,325,97210000,42044
0,9721,97210000,97210000,195,325,97220000,42046
0,9722,97220000,97220000,195,325,97230000,42051
0,9723,97230000,97230000,195,325,97240000,42055
0,9724,97240000,97240000,195,325,97250000,42060
0,9725,97250000,97250000,195,325,97260000,42064
0,9726,97260000,97260000,195,325,97270000,42069
0,9727,97270000,97270000,195,325,97280000,42074
0,9728,97280000,97280000,195,325,97290000,42076
0,9729,97290000,97290000,195,325,97300000,42080
0,973,9730000,9730000,195,325,9740000,4207
0,9730,97300000,97300000,195,325,97310000,42087
0,9731,97310000,97310000,195,325,97320000,42088
0,9732,97320000,97320000,195,325,97330000,42096
0,9733,97330000,97330000,195,325,97340000,42100
0,9734,97340000,97340000,195,325,97350000,42102
0,9735,97350000,97350000,195,325,97360000,42108
0,9736,97360000,97360000,195,325,97370000,42111
0,9737,97370000,97370000,195,325,97380000,42116
0,9738,97380000,97380000,195,325,97390000,42121
0,9739,97390000,97390000,195,325,97400000,42123
0,974,9740000,9740000,195,325,9750000,4209
0,9740,97400000,97400000,195,325,97410000,42129
0,9741,97410000,97410000,195,325,97420000,42133
0,9742,97420000,97420000,195,325,97430000,42140
0,9743,97430000,97430000,195,325,97440000,42141
0,9744,97440000,97440000,195,325,97450000,42146
0,9745,97450000,97450000,195,325,97460000,42151
0,9746,97460000,97460000,195,325,97470000,42153
0,9747,97470000,97470000,195,325,97480000,42161
0,9748,97480000,97480000,195,325,97490000,42164
0,9749,97490000,97490000,195,325,97500000,42166
0,975,9750000,9750000,195,325,9760000,4215
0,9750,97500000,97500000,195,325,97510000,42173
0,9751,97510000,97510000,195,325,97520000,42177
0,9752,97520000,97520000,195,325,97530000,42182
0,9753,97530000,97530000,195,325,97540000,42185
0,9754,97540000,97540000,195,325,97550000,42189
0,9755,97550000,97550000,195,325,97560000,42193
0,9756,97560000,97560000,195,325,97570000,42198
0,9757,97570000,97570000,195,325,97580000,42203
0,9758,97580000,97580000,195,325,97590000,42207
0,9759,97590000,97590000,195,325,97600000,42210
0,976,9760000,9760000,195,325,9770000,4220
0,9760,97600000,97600000,195,325,97610000,42217
0,9761,97610000,97610000,195,325,97620000,42219
0,9762,97620000,97620000,195,325,97630000,42226
0,9763,97630000,97630000,195,325,97640000,42228
0,9764,97640000,97640000,195,325,97650000,42230
0,9765,97650000,97650000,195,325,97660000,42238
0,9766,97660000,97660000,195,325,97670000,42242
0,9767,97670000,97670000,195,325,97680000,42246
0,9768,97680000,97680000,195,325,97690000,42251
0,9769,97690000,97690000,195,325,97700000,42254
0,977,9770000,9770000,195,325,9780000,4225
0,9770,97700000,97700000,195,325,97710000,42259
0,9771,97710000,97710000,195,325,97720000,42262
0,9772,97720000,97720000,195,325,97730000,42269
0,9773,97730000,97730000,195,325,97740000,42270
0,9774,97740000,97740000,195,325,97750000,42275
0,9775,97750000,97750000,195,325,97760000,42282
0,9776,97760000,97760000,195,325,97770000,42284
0,9777,97770000,97770000,195,325,97780000,42290
0,9778,97780000,97780000,195,325,97790000,42294
0,9779,97790000,97790000,195,325,97800000,42296
0,978,9780000,9780000,195,325,9790000,4229
0,9780,97800000,97800000,195,325,97810000,42303
0,9781,97810000,97810000,195,325,97820000,42305
0,9782,97820000,97820000,195,325,97830000,42311
0,9783,97830000,97830000,195,325,97840000,42316
0,9784,97840000,97840000,195,325,97850000,42319
0,9785,97850000,97850000,195,325,97860000,42323
0,9786,97860000,97860000,195,325,97870000,42328
0,9787,97870000,97870000,195,325,97880000,42334
0,9788,97880000,97880000,195,325,97890000,42336
0,9789,97890000,97890000,195,325,97900000,42340
0,979,9790000,9790000,195,325,9800000,4231
0,9790,97900000,97900000,195,325,97910000,42346
0,9791,97910000,97910000,195,325,97920000,42347
0,9792,97920000,97920000,195,325,97930000,42356
0,9793,97930000,97930000,195,325,97940000,42359
0,9794,97940000,97940000,195,325,97950000,42361
0,9795,97950000,97950000,195,325,97960000,42367
0,9796,97960000,97960000,195,325,97970000,42372
0,9797,97970000,97970000,195,325,97980000,42376
0,9798,97980000,97980000,195,325,97990000,42380
0,9799,97990000,97990000,195,325,98000000,42382
0,98,980000,980000,195,325,990000,421
0,980,9800000,9800000,195,325,9810000,4237
0,9800,98000000,98000000,195,325,98010000,42389
0,9801,98010000,98010000,195,325,98020000,42393
0,9802,98020000,98020000,195,325,98030000,42399
0,9803,98030000,98030000,195,325,98040000,42401
0,9804,98040000,98040000,195,325,98050000,42405
0,9805,98050000,98050000,195,325,98060000,42411
0,9806,98060000,98060000,195,325,98070000,42413
0,9807,98070000,98070000,195,325,98080000,42420
0,9808,98080000,98080000,195,325,98090000,42423
0,9809,98090000,98090000,195,325,98100000,42425
0,981,9810000,9810000,195,325,9820000,4241
0,9810,98100000,98100000,195,325,98110000,42434
0,9811,98110000,98110000,195,325,98120000,42436
0,9812,98120000,98120000,195,325,98130000,42441
0,9813,98130000,98130000,195,325,98140000,42444
0,9814,98140000,98140000,195,325,98150000,42449
0,9815,98150000,98150000,195,325,98160000,42453
0,9816,98160000,98160000,195,325,98170000,42457
0,9817,98170000,98170000,195,325,98180000,42464
0,9818,98180000,98180000,195,325,98190000,42466
0,9819,98190000,98190000,195,325,98200000,42470
0,982,9820000,9820000,195,325,9830000,4247
0,9820,98200000,98200000,195,325,98210000,42476
0,9821,98210000,98210000,195,325,98220000,42478
0,9822,98220000,98220000,195,325,98230000,42485
0,9823,98230000,98230000,195,325,98240000,42488
0,9824,98240000,98240000,195,325,98250000,42491
0,9825,98250000,98250000,195,325,98260000,42497
0,9826,98260000,98260000,195,325,98270000,42501
0,9827,98270000,98270000,195,325,98280000,42505
0,9828,98280000,98280000,195,325,98290000,42511
0,9829,98290000,98290000,195,325,98300000,42513
0,983,9830000,9830000,195,325,9840000,4249
0,9830,98300000,98300000,195,325,98310000,42518
0,9831,98310000,98310000,195,325,98320000,42522
0,9832,98320000,98320000,195,325,98330000,42529
0,9833,98330000,98330000,195,325,98340000,42530
0,9834,98340000,98340000,195,325,98350000,42535
0,9835,98350000,98350000,195,325,98360000,42541
0,9836,98360000,98360000,195,325,98370000,42543
0,9837,98370000,98370000,195,325,98380000,42550
0,9838,98380000,98380000,195,325,98390000,42554
0,9839,98390000,98390000,195,325,98400000,42555
0,984,9840000,9840000,195,325,9850000,4253
0,9840,98400000,98400000,195,325,98410000,42562
0,9841,98410000,98410000,195,325,98420000,42565
0,9842,98420000,98420000,195,325,98430000,42571
0,9843,98430000,98430000,195,325,98440000,42575
0,9844,98440000,98440000,195,325,98450000,42578
0,9845,98450000,98450000,195,325,98460000,42583
0,9846,98460000,98460000,195,325,98470000,42588
0,9847,98470000,98470000,195,325,98480000,42593
0,9848,98480000,98480000,195,325,98490000,42595
0,9849,98490000,98490000,195,325,98500000,42599
0,985,9850000,9850000,195,325,9860000,4259
0,9850,98500000,98500000,195,325,98510000,42606
0,9851,98510000,98510000,195,325,98520000,42608
0,9852,98520000,98520000,195,325,98530000,42616
0,9853,98530000,98530000,195,325,98540000,42618
0,9854,98540000,98540000,195,325,98550000,42620
0,9855,98550000,98550000,195,325,98560000,42627
0,9856,98560000,98560000,195,325,98570000,42631
0,9857,98570000,98570000,195,325,98580000,42635
0,9858,98580000,98580000,195,325,98590000,42639
0,9859,98590000,98590000,195,325,98600000,42643
0,986,9860000,9860000,195,325,9870000,4262
0,9860,98600000,98600000,195,325,98610000,42649
0,9861,98610000,98610000,195,325,98620000,42652
0,9862,98620000,98620000,195,325,98630000,42658
0,9863,98630000,98630000,195,325,98640000,42660
0,9864,98640000,98640000,195,325,98650000,42665
0,9865,98650000,98650000,195,325,98660000,42670
0,9866,98660000,98660000,195,325,98670000,42673
0,9867,98670000,98670000,195,325,98680000,42679
0,9868,98680000,98680000,195,325,98690000,42684
0,9869,98690000,98690000,195,325,98700000,42685
0,987,9870000,9870000,195,325,9880000,4269
0,9870,98700000,98700000,195,325,98710000,42693
0,9871,98710000,98710000,195,325,98720000,42695
0,9872,98720000,98720000,195,325,98730000,42700
0,9873,98730000,98730000,195,325,98740000,42705
0,9874,98740000,98740000,195,325,98750000,42708
0,9875,98750000,98750000,195,325,98760000,42712
0,9876,98760000,98760000,195,325,98770000,42716
0,9877,98770000,98770000,195,325,98780000,42724
0,9878,98780000,98780000,195,325,98790000,42726
0,9879,98790000,98790000,195,325,98800000,42729
0,988,9880000,9880000,195,325,9890000,4272
0,9880,98800000,98800000,195,325,98810000,42736
0,9881,98810000,98810000,195,325,98820000,42737
0,9882,98820000,98820000,195,325,98830000,42745
0,9883,98830000,98830000,195,325,98840000,42747
0,9884,98840000,98840000,195,325,98850000,42750
0,9885,98850000,98850000,195,325,98860000,42757
0,9886,98860000,98860000,195,325,98870000,42761
0,9887,98870000,98870000,195,325,98880000,42766
0,9888,98880000,98880000,195,325,98890000,42770
0,9889,98890000,98890000,195,325,98900000,42772
0,989,9890000,9890000,195,325,9900000,4273
0,9890,98900000,98900000,195,325,98910000,42777
0,9891,98910000,98910000,195,325,98920000,42782
0,9892,98920000,98920000,195,325,98930000,42788
0,9893,98930000,98930000,195,325,98940000,42789
0,9894,98940000,98940000,195,325,98950000,42795
0,9895,98950000,98950000,195,325,98960000,42801
0,9896,98960000,98960000,195,325,98970000,42803
0,9897,98970000,98970000,195,325,98980000,42809
0,9898,98980000,98980000,195,325,98990000,42813
0,9899,98990000,98990000,195,325,99000000,42814
0,99,990000,990000,195,325,1000000,425
0,990,9900000,9900000,195,325,9910000,4282
0,9900,99000000,99000000,195,325,99010000,42822
0,9901,99010000,99010000,195,325,99020000,42825
0,9902,99020000,99020000,195,325,99030000,42831
0,9903,99030000,99030000,195,325,99040000,42834
0,9904,99040000,99040000,195,325,99050000,42838
0,9905,99050000,99050000,195,325,99060000,42843
0,9906,99060000,99060000,195,325,99070000,42847
0,9907,99070000,99070000,195,325,99080000,42852
0,9908,99080000,99080000,195,325,99090000,42855
0,9909,99090000,99090000,195,325,99100000,42859
0,991,9910000,9910000,195,325,9920000,4284
0,9910,99100000,99100000,195,325,99110000,42865
0,9911,99110000,99110000,195,325,99120000,42867
0,9912,99120000,99120000,195,325,99130000,42875
0,9913,99130000,99130000,195,325,99140000,42878
0,9914,99140000,99140000,195,325,99150000,42880
0,9915,99150000,99150000,195,325,99160000,42887
0,9916,99160000,99160000,195,325,99170000,42890
0,9917,99170000,99170000,195,325,99180000,42894
0,9918,99180000,99180000,195,325,99190000,42899
0,9919,99190000,99190000,195,325,99200000,42903
0,992,9920000,9920000,195,325,9930000,4289
0,9920,99200000,99200000,195,325,99210000,42908
0,9921,99210000,99210000,195,325,99220000,42911
0,9922,99220000,99220000,195,325,99230000,42919
0,9923,99230000,99230000,195,325,99240000,42920
0,9924,99240000,99240000,195,325,99250000,42924
0,9925,99250000,99250000,195,325,99260000,42929
0,9926,99260000,99260000,195,325,99270000,42932
0,9927,99270000,99270000,195,325,99280000,42939
0,9928,99280000,99280000,195,325,99290000,42943
0,9929,99290000,99290000,195,325,99300000,42945
0,993,9930000,9930000,195,325,9940000,4292
0,9930,99300000,99300000,195,325,99310000,42952
0,9931,99310000,99310000,195,325,99320000,42955
0,9932,99320000,99320000,195,325,99330000,42960
0,9933,99330000,99330000,195,325,99340000,42964
0,9934,99340000,99340000,195,325,99350000,42967
0,9935,99350000,99350000,195,325,99360000,42971
0,9936,99360000,99360000,195,325,99370000,42978
0,9937,99370000,99370000,195,325,99380000,42983
0,9938,99380000,99380000,195,325,99390000,42985
0,9939,99390000,99390000,195,325,99400000,42988
0,994,9940000,9940000,195,325,9950000,4298
0,9940,99400000,99400000,195,325,99410000,42996
0,9941,99410000,99410000,195,325,99420000,42997
0,9942,99420000,99420000,195,325,99430000,43004
0,9943,99430000,99430000,195,325,99440000,43007
0,9944,99440000,99440000,195,325,99450000,43009
0,9945,99450000,99450000,195,325,99460000,43017
0,9946,99460000,99460000,195,325,99470000,43020
0,9947,99470000,99470000,195,325,99480000,43025
0,9948,99480000,99480000,195,325,99490000,43029
0,9949,99490000,99490000,195,325,99500000,43032
0,995,9950000,9950000,195,325,9960000,4302
0,9950,99500000,99500000,195,325,99510000,43038
0,9951,99510000,99510000,195,325,99520000,43041
0,9952,99520000,99520000,195,325,99530000,43047
0,9953,99530000,99530000,195,325,99540000,43049
0,9954,99540000,99540000,195,325,99550000,43055
0,9955,99550000,99550000,195,325,99560000,43060
0,9956,99560000,99560000,195,325,99570000,43062
0,9957,99570000,99570000,195,325,99580000,43069
0,9958,99580000,99580000,195,325,99590000,43073
0,9959,99590000,99590000,195,325,99600000,43074
0,996,9960000,9960000,195,325,9970000,4306
0,9960,99600000,99600000,195,325,99610000,43081
0,9961,99610000,99610000,195,325,99620000,43084
0,9962,99620000,99620000,195,325,99630000,43090
0,9963,99630000,99630000,195,325,99640000,43094
0,9964,99640000,99640000,195,325,99650000,43098
0,9965,99650000,99650000,195,325,99660000,43102
0,9966,99660000,99660000,195,325,99670000,43106
0,9967,99670000,99670000,195,325,99680000,43112
0,9968,99680000,99680000,195,325,99690000,43115
0,9969,99690000,99690000,195,325,99700000,43118
0,997,9970000,9970000,195,325,9980000,4312
0,9970,99700000,99700000,195,325,99710000,43125
0,9971,99710000,99710000,195,325,99720000,43127
0,9972,99720000,99720000,195,325,99730000,43135
0,9973,99730000,99730000,195,325,99740000,43137
0,9974,99740000,99740000,195,325,99750000,43139
0,9975,99750000,99750000,195,325,99760000,43146
0,9976,99760000,99760000,195,325,99770000,43150
0,9977,99770000,99770000,195,325,99780000,43154
0,9978,99780000,99780000,195,325,99790000,43159
0,9979,99790000,99790000,195,325,99800000,43162
0,998,9980000,9980000,195,325,9990000,4314
0,9980,99800000,99800000,195,325,99810000,43167
0,9981,99810000,99810000,195,325,99820000,43171
0,9982,99820000,99820000,195,325,99830000,43178
0,9983,99830000,99830000,195,325,99840000,43179
0,9984,99840000,99840000,195,325,99850000,43183
0,9985,99850000,99850000,195,325,99860000,43190
0,9986,99860000,99860000,195,325,99870000,43192
0,9987,99870000,99870000,195,325,99880000,43199
0,9988,99880000,99880000,195,325,99890000,43202
0,9989,99890000,99890000,195,325,99900000,43204
0,999,9990000,9990000,195,325,10000000,4318
0,9990,99900000,99900000,195,325,99910000,43212
0,9991,99910000,99910000,195,325,99920000,43214
0,9992,99920000,99920000,195,325,99930000,43220
0,9993,99930000,99930000,195,325,99940000,43223
0,9994,99940000,99940000,195,325,99950000,43227
0,9995,99950000,99950000,195,325,99960000,43231
0,9996,99960000,99960000,195,325,99970000,43237
0,9997,99970000,99970000,195,325,99980000,43242
0,9998,99980000,99980000,195,325,99990000,43244
0,9999,99990000,99990000,195,325,100000000,43249
1,0,0,0,1004,1672,15000,1
1,1,15000,15000,1004,1672,30000,8
1,10,150000,150000,1004,1672,165000,65
1,100,1500000,1500000,1004,1672,1515000,649
1,1000,15000000,15000000,1004,1672,15015000,6488
1,1001,15015000,15015000,1004,1672,15030000,6496
1,1002,15030000,15030000,1004,1672,15045000,6501
1,1003,15045000,15045000,1004,1672,15060000,6509
1,1004,15060000,15060000,1004,1672,15075000,6513
1,1005,15075000,15075000,1004,1672,15090000,6522
1,1006,15090000,15090000,1004,1672,15105000,6529
1,1007,15105000,15105000,1004,1672,15120000,6532
1,1008,15120000,15120000,1004,1672,15135000,6542
1,1009,15135000,15135000,1004,1672,15150000,6546
1,101,1515000,1515000,1004,1672,1530000,656
1,1010,15150000,15150000,1004,1672,15165000,6554
1,1011,15165000,15165000,1004,1672,15180000,6561
1,1012,15180000,15180000,1004,1672,15195000,6566
1,1013,15195000,15195000,1004,1672,15210000,6573
1,1014,15210000,15210000,1004,1672,15225000,6579
1,1015,15225000,15225000,1004,1672,15240000,6586
1,1016,15240000,15240000,1004,1672,15255000,6593
1,1017,15255000,15255000,1004,1672,15270000,6599
1,1018,15270000,15270000,1004,1672,15285000,6606
1,1019,15285000,15285000,1004,1672,15300000,6610
1,102,1530000,1530000,1004,1672,1545000,663
1,1020,15300000,15300000,1004,1672,15315000,6619
1,1021,15315000,15315000,1004,1672,15330000,6626
1,1022,15330000,15330000,1004,1672,15345000,6631
1,1023,15345000,15345000,1004,1672,15360000,6638
1,1024,15360000,15360000,1004,1672,15375000,6643
1,1025,15375000,15375000,1004,1672,15390000,6651
1,1026,15390000,15390000,1004,1672,15405000,6660
1,1027,15405000,15405000,1004,1672,15420000,6663
1,1028,15420000,15420000,1004,1672,15435000,6670
1,1029,15435000,15435000,1004,1672,15450000,6676
1,103,1545000,1545000,1004,1672,1560000,669
1,1030,15450000,15450000,1004,1672,15465000,6683
1,1031,15465000,15465000,1004,1672,15480000,6691
1,1032,15480000,15480000,1004,1672,15495000,6696
1,1033,15495000,15495000,1004,1672,15510000,6704
1,1034,15510000,15510000,1004,1672,15525000,6708
1,1035,15525000,15525000,1004,1672,15540000,6715
1,1036,15540000,15540000,1004,1672,15555000,6723
1,1037,15555000,15555000,1004,1672,15570000,6728
1,1038,15570000,15570000,1004,1672,15585000,6737
1,1039,15585000,15585000,1004,1672,15600000,6740
1,104,1560000,1560000,1004,1672,1575000,673
1,1040,15600000,15600000,1004,1672,15615000,6748
1,1041,15615000,15615000,1004,1672,15630000,6756
1,1042,15630000,15630000,1004,1672,15645000,6761
1,1043,15645000,15645000,1004,1672,15660000,6768
1,1044,15660000,15660000,1004,1672,15675000,6773
1,1045,15675000,15675000,1004,1672,15690000,6781
1,1046,15690000,15690000,1004,1672,15705000,6788
1,1047,15705000,15705000,1004,1672,15720000,6793
1,1048,15720000,15720000,1004,1672,15735000,6801
1,1049,15735000,15735000,1004,1672,15750000,6805
1,105,1575000,1575000,1004,1672,1590000,682
1,1050,15750000,15750000,1004,1672,15765000,6814
1,1051,15765000,15765000,1004,1672,15780000,6820
1,1052,15780000,15780000,1004,1672,15795000,6825
1,1053,15795000,15795000,1004,1672,15810000,6833
1,1054,15810000,15810000,1004,1672,15825000,6839
1,1055,15825000,15825000,1004,1672,15840000,6845
1,1056,15840000,15840000,1004,1672,15855000,6853
1,1057,15855000,15855000,1004,1672,15870000,6858
1,1058,15870000,15870000,1004,1672,15885000,6865
1,1059,15885000,15885000,1004,1672,15900000,6871
1,106,1590000,1590000,1004,1672,1605000,689
1,1060,15900000,15900000,1004,1672,15915000,6878
1,1061,15915000,15915000,1004,1672,15930000,6886
1,1062,15930000,15930000,1004,1672,15945000,6891
1,1063,15945000,15945000,1004,1672,15960000,6897
1,1064,15960000,15960000,1004,1672,15975000,6902
1,1065,15975000,15975000,1004,1672,15990000,6911
1,1066,15990000,15990000,1004,1672,16005000,6919
1,1067,16005000,16005000,1004,1672,16020000,6922
1,1068,16020000,16020000,1004,1672,16035000,6931
1,1069,16035000,16035000,1004,1672,16050000,6935
1,107,1605000,1605000,1004,1672,1620000,694
1,1070,16050000,16050000,1004,1672,16065000,6942
1,1071,16065000,16065000,1004,1672,16080000,6951
1,1072,16080000,16080000,1004,1672,16095000,6955
1,1073,16095000,16095000,1004,1672,16110000,6963
1,1074,16110000,16110000,1004,1672,16125000,6968
1,1075,16125000,16125000,1004,1672,16140000,6975
1,1076,16140000,16140000,1004,1672,16155000,6983
1,1077,16155000,16155000,1004,1672,16170000,6988
1,1078,16170000,16170000,1004,1672,16185000,6996
1,1079,16185000,16185000,1004,1672,16200000,6999
1,108,1620000,1620000,1004,1672,1635000,702
1,1080,16200000,16200000,1004,1672,16215000,7008
1,1081,16215000,16215000,1004,1672,16230000,7015
1,1082,16230000,16230000,1004,1672,16245000,7021
1,1083,16245000,16245000,1004,1672,16260000,7028
1,1084,16260000,16260000,1004,1672,16275000,7032
1,1085,16275000,16275000,1004,1672,16290000,7040
1,1086,16290000,16290000,1004,1672,16305000,7048
1,1087,16305000,16305000,1004,1672,16320000,7052
1,1088,16320000,16320000,1004,1672,16335000,7060
1,1089,16335000,16335000,1004,1672,16350000,7066
1,109,1635000,1635000,1004,1672,1650000,707
1,1090,16350000,16350000,1004,1672,16365000,7073
1,1091,16365000,16365000,1004,1672,16380000,7079
1,1092,16380000,16380000,1004,1672,16395000,7085
1,1093,16395000,16395000,1004,1672,16410000,7093
1,1094,16410000,16410000,1004,1672,16425000,7098
1,1095,16425000,16425000,1004,1672,16440000,7105
1,1096,16440000,16440000,1004,1672,16455000,7113
1,1097,16455000,16455000,1004,1672,16470000,7117
1,1098,16470000,16470000,1004,1672,16485000,7125
1,1099,16485000,16485000,1004,1672,16500000,7130
1,11,165000,165000,1004,1672,180000,73
1,110,1650000,1650000,1004,1672,1665000,714
1,1100,16500000,16500000,1004,1672,16515000,7137
1,1101,16515000,16515000,1004,1672,16530000,7146
1,1102,16530000,16530000,1004,1672,16545000,7150
1,1103,16545000,16545000,1004,1672,16560000,7157
1,1104,16560000,16560000,1004,1672,16575000,7162
1,1105,16575000,16575000,1004,1672,16590000,7170
1,1106,16590000,16590000,1004,1672,16605000,7178
1,1107,16605000,16605000,1004,1672,16620000,7182
1,1108,16620000,16620000,1004,1672,16635000,7190
1,1109,16635000,16635000,1004,1672,16650000,7194
1,111,1665000,1665000,1004,1672,1680000,721
1,1110,16650000,16650000,1004,1672,16665000,7204
1,1111,16665000,16665000,1004,1672,16680000,7210
1,1112,16680000,16680000,1004,1672,16695000,7214
1,1113,16695000,16695000,1004,1672,16710000,7223
1,1114,16710000,16710000,1004,1672,16725000,7227
1,1115,16725000,16725000,1004,1672,16740000,7234
1,1116,16740000,16740000,1004,1672,16755000,7243
1,1117,16755000,16755000,1004,1672,16770000,7248
1,1118,16770000,16770000,1004,1672,16785000,7255
1,1119,16785000,16785000,1004,1672,16800000,7259
1,112,1680000,1680000,1004,1672,1695000,726
1,1120,16800000,16800000,1004,1672,16815000,7267
1,1121,16815000,16815000,1004,1672,16830000,7274
1,1122,16830000,16830000,1004,1672,16845000,7281
1,1123,16845000,16845000,1004,1672,16860000,7287
1,1124,16860000,16860000,1004,1672,16875000,7292
1,1125,16875000,16875000,1004,1672,16890000,7300
1,1126,16890000,16890000,1004,1672,16905000,7307
1,1127,16905000,16905000,1004,1672,16920000,7312
1,1128,16920000,16920000,1004,1672,16935000,7320
1,1129,16935000,16935000,1004,1672,16950000,7325
1,113,1695000,1695000,1004,1672,1710000,734
1,1130,16950000,16950000,1004,1672,16965000,7332
1,1131,16965000,16965000,1004,1672,16980000,7340
1,1132,16980000,16980000,1004,1672,16995000,7344
1,1133,16995000,16995000,1004,1672,17010000,7352
1,1134,17010000,17010000,1004,1672,17025000,7358
1,1135,17025000,17025000,1004,1672,17040000,7364
1,1136,17040000,17040000,1004,1672,17055000,7372
1,1137,17055000,17055000,1004,1672,17070000,7377
1,1138,17070000,17070000,1004,1672,17085000,7385
1,1139,17085000,17085000,1004,1672,17100000,7389
1,114,1710000,1710000,1004,1672,1725000,740
1,1140,17100000,17100000,1004,1672,17115000,7397
1,1141,17115000,17115000,1004,1672,17130000,7405
1,1142,17130000,17130000,1004,1672,17145000,7409
1,1143,17145000,17145000,1004,1672,17160000,7417
1,1144,17160000,17160000,1004,1672,17175000,7422
1,1145,17175000,17175000,1004,1672,17190000,7430
1,1146,17190000,17190000,1004,1672,17205000,7438
1,1147,17205000,17205000,1004,1672,17220000,7441
1,1148,17220000,17220000,1004,1672,17235000,7449
1,1149,17235000,17235000,1004,1672,17250000,7454
1,115,1725000,1725000,1004,1672,1740000,746
1,1150,17250000,17250000,1004,1672,17265000,7463
1,1151,17265000,17265000,1004,1672,17280000,7469
1,1152,17280000,17280000,1004,1672,17295000,7475
1,1153,17295000,17295000,1004,1672,17310000,7482
1,1154,17310000,17310000,1004,1672,17325000,7486
1,1155,17325000,17325000,1004,1672,17340000,7494
1,1156,17340000,17340000,1004,1672,17355000,7502
1,1157,17355000,17355000,1004,1672,17370000,7507
1,1158,17370000,17370000,1004,1672,17385000,7515
1,1159,17385000,17385000,1004,1672,17400000,7519
1,116,1740000,1740000,1004,1672,1755000,754
1,1160,17400000,17400000,1004,1672,17415000,7526
1,1161,17415000,17415000,1004,1672,17430000,7535
1,1162,17430000,17430000,1004,1672,17445000,7540
1,1163,17445000,17445000,1004,1672,17460000,7546
1,1164,17460000,17460000,1004,1672,17475000,7552
1,1165,17475000,17475000,1004,1672,17490000,7559
1,1166,17490000,17490000,1004,1672,17505000,7567
1,1167,17505000,17505000,1004,1672,17520000,7572
1,1168,17520000,17520000,1004,1672,17535000,7579
1,1169,17535000,17535000,1004,1672,17550000,7584
1,117,1755000,1755000,1004,1672,1770000,759
1,1170,17550000,17550000,1004,1672,17565000,7592
1,1171,17565000,17565000,1004,1672,17580000,7599
1,1172,17580000,17580000,1004,1672,17595000,7603
1,1173,17595000,17595000,1004,1672,17610000,7613
1,1174,17610000,17610000,1004,1672,17625000,7617
1,1175,17625000,17625000,1004,1672,17640000,7623
1,1176,17640000,17640000,1004,1672,17655000,7632
1,1177,17655000,17655000,1004,1672,17670000,7636
1,1178,17670000,17670000,1004,1672,17685000,7645
1,1179,17685000,17685000,1004,1672,17700000,7649
1,118,1770000,1770000,1004,1672,1785000,766
1,1180,17700000,17700000,1004,1672,17715000,7657
1,1181,17715000,17715000,1004,1672,17730000,7664
1,1182,17730000,17730000,1004,1672,17745000,7669
1,1183,17745000,17745000,1004,1672,17760000,7676
1,1184,17760000,17760000,1004,1672,17775000,7681
1,1185,17775000,17775000,1004,1672,17790000,7690
1,1186,17790000,17790000,1004,1672,17805000,7697
1,1187,17805000,17805000,1004,1672,17820000,7701
1,1188,17820000,17820000,1004,1672,17835000,7709
1,1189,17835000,17835000,1004,1672,17850000,7713
1,119,1785000,1785000,1004,1672,1800000,771
1,1190,17850000,17850000,1004,1672,17865000,7722
1,1191,17865000,17865000,1004,1672,17880000,7729
1,1192,17880000,17880000,1004,1672,17895000,7734
1,1193,17895000,17895000,1004,1672,17910000,7741
1,1194,17910000,17910000,1004,1672,17925000,7747
1,1195,17925000,17925000,1004,1672,17940000,7754
1,1196,17940000,17940000,1004,1672,17955000,7761
1,1197,17955000,17955000,1004,1672,17970000,7767
1,1198,17970000,17970000,1004,1672,17985000,7774
1,1199,17985000,17985000,1004,1672,18000000,7778
1,12,180000,180000,1004,1672,195000,78
1,120,1800000,1800000,1004,1672,1815000,779
1,1200,18000000,18000000,1004,1672,18015000,7786
1,1201,18015000,18015000,1004,1672,18030000,7795
1,1202,18030000,18030000,1004,1672,18045000,7799
1,1203,18045000,18045000,1004,1672,18060000,7806
1,1204,18060000,18060000,1004,1672,18075000,7811
1,1205,18075000,18075000,1004,1672,18090000,7818
1,1206,18090000,18090000,1004,1672,18105000,7827
1,1207,18105000,18105000,1004,1672,18120000,7831
1,1208,18120000,18120000,1004,1672,18135000,7839
1,1209,18135000,18135000,1004,1672,18150000,7844
1,121,1815000,1815000,1004,1672,1830000,787
1,1210,18150000,18150000,1004,1672,18165000,7851
1,1211,18165000,18165000,1004,1672,18180000,7858
1,1212,18180000,18180000,1004,1672,18195000,7864
1,1213,18195000,18195000,1004,1672,18210000,7872
1,1214,18210000,18210000,1004,1672,18225000,7876
1,1215,18225000,18225000,1004,1672,18240000,7884
1,1216,18240000,18240000,1004,1672,18255000,7891
1,1217,18255000,18255000,1004,1672,18270000,7895
1,1218,18270000,18270000,1004,1672,18285000,7905
1,1219,18285000,18285000,1004,1672,18300000,7908
1,122,1830000,1830000,1004,1672,1845000,791
1,1220,18300000,18300000,1004,1672,18315000,7916
1,1221,18315000,18315000,1004,1672,18330000,7924
1,1222,18330000,18330000,1004,1672,18345000,7929
1,1223,18345000,18345000,1004,1672,18360000,7935
1,1224,18360000,18360000,1004,1672,18375000,7941
1,1225,18375000,18375000,1004,1672,18390000,7949
1,1226,18390000,18390000,1004,1672,18405000,7956
1,1227,18405000,18405000,1004,1672,18420000,7961
1,1228,18420000,18420000,1004,1672,18435000,7968
1,1229,18435000,18435000,1004,1672,18450000,7974
1,123,1845000,1845000,1004,1672,1860000,799
1,1230,18450000,18450000,1004,1672,18465000,7982
1,1231,18465000,18465000,1004,1672,18480000,7988
1,1232,18480000,18480000,1004,1672,18495000,7993
1,1233,18495000,18495000,1004,1672,18510000,8001
1,1234,18510000,18510000,1004,1672,18525000,8006
1,1235,18525000,18525000,1004,1672,18540000,8013
1,1236,18540000,18540000,1004,1672,18555000,8022
1,1237,18555000,18555000,1004,1672,18570000,8026
1,1238,18570000,18570000,1004,1672,18585000,8033
1,1239,18585000,18585000,1004,1672,18600000,8038
1,124,1860000,1860000,1004,1672,1875000,804
1,1240,18600000,18600000,1004,1672,18615000,8045
1,1241,18615000,18615000,1004,1672,18630000,8054
1,1242,18630000,18630000,1004,1672,18645000,8059
1,1243,18645000,18645000,1004,1672,18660000,8066
1,1244,18660000,18660000,1004,1672,18675000,8070
1,1245,18675000,18675000,1004,1672,18690000,8078
1,1246,18690000,18690000,1004,1672,18705000,8087
1,1247,18705000,18705000,1004,1672,18720000,8090
1,1248,18720000,18720000,1004,1672,18735000,8099
1,1249,18735000,18735000,1004,1672,18750000,8103
1,125,1875000,1875000,1004,1672,1890000,811
1,1250,18750000,18750000,1004,1672,18765000,8111
1,1251,18765000,18765000,1004,1672,18780000,8118
1,1252,18780000,18780000,1004,1672,18795000,8123
1,1253,18795000,18795000,1004,1672,18810000,8131
1,1254,18810000,18810000,1004,1672,18825000,8136
1,1255,18825000,18825000,1004,1672,18840000,8143
1,1256,18840000,18840000,1004,1672,18855000,8150
1,1257,18855000,18855000,1004,1672,18870000,8156
1,1258,18870000,18870000,1004,1672,18885000,8164
1,1259,18885000,18885000,1004,1672,18900000,8167
1,126,1890000,1890000,1004,1672,1905000,820
1,1260,18900000,18900000,1004,1672,18915000,8176
1,1261,18915000,18915000,1004,1672,18930000,8183
1,1262,18930000,18930000,1004,1672,18945000,8188
1,1263,18945000,18945000,1004,1672,18960000,8196
1,1264,18960000,18960000,1004,1672,18975000,8201
1,1265,18975000,18975000,1004,1672,18990000,8208
1,1266,18990000,18990000,1004,1672,19005000,8216
1,1267,19005000,19005000,1004,1672,19020000,8220
1,1268,19020000,19020000,1004,1672,19035000,8227
1,1269,19035000,19035000,1004,1672,19050000,8234
1,127,1905000,1905000,1004,1672,1920000,823
1,1270,19050000,19050000,1004,1672,19065000,8241
1,1271,19065000,19065000,1004,1672,19080000,8248
1,1272,19080000,19080000,1004,1672,19095000,8253
1,1273,19095000,19095000,1004,1672,19110000,8260
1,1274,19110000,19110000,1004,1672,19125000,8265
1,1275,19125000,19125000,1004,1672,19140000,8273
1,1276,19140000,19140000,1004,1672,19155000,8281
1,1277,19155000,19155000,1004,1672,19170000,8285
1,1278,19170000,19170000,1004,1672,19185000,8294
1,1279,19185000,19185000,1004,1672,19200000,8297
1,128,1920000,1920000,1004,1672,1935000,831
1,1280,19200000,19200000,1004,1672,19215000,8305
1,1281,19215000,19215000,1004,1672,19230000,8314
1,1282,19230000,19230000,1004,1672,19245000,8318
1,1283,19245000,19245000,1004,1672,19260000,8325
1,1284,19260000,19260000,1004,1672,19275000,8330
1,1285,19275000,19275000,1004,1672,19290000,8338
1,1286,19290000,19290000,1004,1672,19305000,8346
1,1287,19305000,19305000,1004,1672,19320000,8350
1,1288,19320000,19320000,1004,1672,19335000,8358
1,1289,19335000,19335000,1004,1672,19350000,8362
1,129,1935000,1935000,1004,1672,1950000,836
1,1290,19350000,19350000,1004,1672,19365000,8371
1,1291,19365000,19365000,1004,1672,19380000,8377
1,1292,19380000,19380000,1004,1672,19395000,8383
1,1293,19395000,19395000,1004,1672,19410000,8391
1,1294,19410000,19410000,1004,1672,19425000,8395
1,1295,19425000,19425000,1004,1672,19440000,8402
1,1296,19440000,19440000,1004,1672,19455000,8410
1,1297,19455000,19455000,1004,1672,19470000,8416
1,1298,19470000,19470000,1004,1672,19485000,8423
1,1299,19485000,19485000,1004,1672,19500000,8428
1,13,195000,195000,1004,1672,210000,85
1,130,1950000,1950000,1004,1672,1965000,845
1,1300,19500000,19500000,1004,1672,19515000,8435
1,1301,19515000,19515000,1004,1672,19530000,8442
1,1302,19530000,19530000,1004,1672,19545000,8448
1,1303,19545000,19545000,1004,1672,19560000,8455
1,1304,19560000,19560000,1004,1672,19575000,8460
1,1305,19575000,19575000,1004,1672,19590000,8468
1,1306,19590000,19590000,1004,1672,19605000,8476
1,1307,19605000,19605000,1004,1672,19620000,8479
1,1308,19620000,19620000,1004,1672,19635000,8487
1,1309,19635000,19635000,1004,1672,19650000,8493
1,131,1965000,1965000,1004,1672,1980000,851
1,1310,19650000,19650000,1004,1672,19665000,8500
1,1311,19665000,19665000,1004,1672,19680000,8508
1,1312,19680000,19680000,1004,1672,19695000,8512
1,1313,19695000,19695000,1004,1672,19710000,8520
1,1314,19710000,19710000,1004,1672,19725000,8526
1,1315,19725000,19725000,1004,1672,19740000,8532
1,1316,19740000,19740000,1004,1672,19755000,8540
1,1317,19755000,19755000,1004,1672,19770000,8545
1,1318,19770000,19770000,1004,1672,19785000,8553
1,1319,19785000,19785000,1004,1672,19800000,8556
1,132,1980000,1980000,1004,1672,1995000,856
1,1320,19800000,19800000,1004,1672,19815000,8566
1,1321,19815000,19815000,1004,1672,19830000,8573
1,1322,19830000,19830000,1004,1672,19845000,8577
1,1323,19845000,19845000,1004,1672,19860000,8585
1,1324,19860000,19860000,1004,1672,19875000,8589
1,1325,19875000,19875000,1004,1672,19890000,8597
1,1326,19890000,19890000,1004,1672,19905000,8606
1,1327,19905000,19905000,1004,1672,19920000,8610
1,1328,19920000,19920000,1004,1672,19935000,8617
1,1329,19935000,19935000,1004,1672,19950000,8622
1,133,1995000,1995000,1004,1672,2010000,864
1,1330,19950000,19950000,1004,1672,19965000,8630
1,1331,19965000,19965000,1004,1672,19980000,8637
1,1332,19980000,19980000,1004,1672,19995000,8643
1,1333,19995000,19995000,1004,1672,20010000,8650
1,1334,20010000,20010000,1004,1672,20025000,8655
1,1335,20025000,20025000,1004,1672,20040000,8662
1,1336,20040000,20040000,1004,1672,20055000,8669
1,1337,20055000,20055000,1004,1672,20070000,8675
1,1338,20070000,20070000,1004,1672,20085000,8683
1,1339,20085000,20085000,1004,1672,20100000,8687
1,134,2010000,2010000,1004,1672,2025000,868
1,1340,20100000,20100000,1004,1672,20115000,8694
1,1341,20115000,20115000,1004,1672,20130000,8703
1,1342,20130000,20130000,1004,1672,20145000,8707
1,1343,20145000,20145000,1004,1672,20160000,8714
1,1344,20160000,20160000,1004,1672,20175000,8720
1,1345,20175000,20175000,1004,1672,20190000,8727
1,1346,20190000,20190000,1004,1672,20205000,8735
1,1347,20205000,20205000,1004,1672,20220000,8739
1,1348,20220000,20220000,1004,1672,20235000,8748
1,1349,20235000,20235000,1004,1672,20250000,8752
1,135,2025000,2025000,1004,1672,2040000,876
1,1350,20250000,20250000,1004,1672,20265000,8760
1,1351,20265000,20265000,1004,1672,20280000,8767
1,1352,20280000,20280000,1004,1672,20295000,8771
1,1353,20295000,20295000,1004,1672,20310000,8780
1,1354,20310000,20310000,1004,1672,20325000,8785
1,1355,20325000,20325000,1004,1672,20340000,8792
1,1356,20340000,20340000,1004,1672,20355000,8800
1,1357,20355000,20355000,1004,1672,20370000,8804
1,1358,20370000,20370000,1004,1672,20385000,8812
1,1359,20385000,20385000,1004,1672,20400000,8816
1,136,2040000,2040000,1004,1672,2055000,884
1,1360,20400000,20400000,1004,1672,20415000,8825
1,1361,20415000,20415000,1004,1672,20430000,8832
1,1362,20430000,20430000,1004,1672,20445000,8838
1,1363,20445000,20445000,1004,1672,20460000,8844
1,1364,20460000,20460000,1004,1672,20475000,8848
1,1365,20475000,20475000,1004,1672,20490000,8858
1,1366,20490000,20490000,1004,1672,20505000,8865
1,1367,20505000,20505000,1004,1672,20520000,8869
1,1368,20520000,20520000,1004,1672,20535000,8877
1,1369,20535000,20535000,1004,1672,20550000,8882
1,137,2055000,2055000,1004,1672,2070000,889
1,1370,20550000,20550000,1004,1672,20565000,8889
1,1371,20565000,20565000,1004,1672,20580000,8897
1,1372,20580000,20580000,1004,1672,20595000,8902
1,1373,20595000,20595000,1004,1672,20610000,8909
1,1374,20610000,20610000,1004,1672,20625000,8915
1,1375,20625000,20625000,1004,1672,20640000,8921
1,1376,20640000,20640000,1004,1672,20655000,8929
1,1377,20655000,20655000,1004,1672,20670000,8935
1,1378,20670000,20670000,1004,1672,20685000,8942
1,1379,20685000,20685000,1004,1672,20700000,8946
1,138,2070000,2070000,1004,1672,2085000,897
1,1380,20700000,20700000,1004,1672,20715000,8954
1,1381,20715000,20715000,1004,1672,20730000,8962
1,1382,20730000,20730000,1004,1672,20745000,8967
1,1383,20745000,20745000,1004,1672,20760000,8975
1,1384,20760000,20760000,1004,1672,20775000,8979
1,1385,20775000,20775000,1004,1672,20790000,8986
1,1386,20790000,20790000,1004,1672,20805000,8995
1,1387,20805000,20805000,1004,1672,20820000,8998
1,1388,20820000,20820000,1004,1672,20835000,9007
1,1389,20835000,20835000,1004,1672,20850000,9012
1,139,2085000,2085000,1004,1672,2100000,900
1,1390,20850000,20850000,1004,1672,20865000,9020
1,1391,20865000,20865000,1004,1672,20880000,9026
1,1392,20880000,20880000,1004,1672,20895000,9031
1,1393,20895000,20895000,1004,1672,20910000,9039
1,1394,20910000,20910000,1004,1672,20925000,9044
1,1395,20925000,20925000,1004,1672,20940000,9052
1,1396,20940000,20940000,1004,1672,20955000,9059
1,1397,20955000,20955000,1004,1672,20970000,9064
1,1398,20970000,20970000,1004,1672,20985000,9072
1,1399,20985000,20985000,1004,1672,21000000,9076
1,14,210000,210000,1004,1672,225000,90
1,140,2100000,2100000,1004,1672,2115000,908
1,1400,21000000,21000000,1004,1672,21015000,9084
1,1401,21015000,21015000,1004,1672,21030000,9092
1,1402,21030000,21030000,1004,1672,21045000,9097
1,1403,21045000,21045000,1004,1672,21060000,9103
1,1404,21060000,21060000,1004,1672,21075000,9109
1,1405,21075000,21075000,1004,1672,21090000,9117
1,1406,21090000,21090000,1004,1672,21105000,9124
1,1407,21105000,21105000,1004,1672,21120000,9129
1,1408,21120000,21120000,1004,1672,21135000,9136
1,1409,21135000,21135000,1004,1672,21150000,9141
1,141,2115000,2115000,1004,1672,2130000,917
1,1410,21150000,21150000,1004,1672,21165000,9149
1,1411,21165000,21165000,1004,1672,21180000,9157
1,1412,21180000,21180000,1004,1672,21195000,9161
1,1413,21195000,21195000,1004,1672,21210000,9169
1,1414,21210000,21210000,1004,1672,21225000,9174
1,1415,21225000,21225000,1004,1672,21240000,9180
1,1416,21240000,21240000,1004,1672,21255000,9190
1,1417,21255000,21255000,1004,1672,21270000,9194
1,1418,21270000,21270000,1004,1672,21285000,9202
1,1419,21285000,21285000,1004,1672,21300000,9206
1,142,2130000,2130000,1004,1672,2145000,922
1,1420,21300000,21300000,1004,1672,21315000,9213
1,1421,21315000,21315000,1004,1672,21330000,9221
1,1422,21330000,21330000,1004,1672,21345000,9227
1,1423,21345000,21345000,1004,1672,21360000,9234
1,1424,21360000,21360000,1004,1672,21375000,9238
1,1425,21375000,21375000,1004,1672,21390000,9247
1,1426,21390000,21390000,1004,1672,21405000,9254
1,1427,21405000,21405000,1004,1672,21420000,9257
1,1428,21420000,21420000,1004,1672,21435000,9267
1,1429,21435000,21435000,1004,1672,21450000,9271
1,143,2145000,2145000,1004,1672,2160000,928
1,1430,21450000,21450000,1004,1672,21465000,9279
1,1431,21465000,21465000,1004,1672,21480000,9286
1,1432,21480000,21480000,1004,1672,21495000,9291
1,1433,21495000,21495000,1004,1672,21510000,9299
1,1434,21510000,21510000,1004,1672,21525000,9304
1,1435,21525000,21525000,1004,1672,21540000,9311
1,1436,21540000,21540000,1004,1672,21555000,9318
1,1437,21555000,21555000,1004,1672,21570000,9324
1,1438,21570000,21570000,1004,1672,21585000,9331
1,1439,21585000,21585000,1004,1672,21600000,9336
1,144,2160000,2160000,1004,1672,2175000,934
1,1440,21600000,21600000,1004,1672,21615000,9344
1,1441,21615000,21615000,1004,1672,21630000,9351
1,1442,21630000,21630000,1004,1672,21645000,9356
1,1443,21645000,21645000,1004,1672,21660000,9363
1,1444,21660000,21660000,1004,1672,21675000,9368
1,1445,21675000,21675000,1004,1672,21690000,9376
1,1446,21690000,21690000,1004,1672,21705000,9385
1,1447,21705000,21705000,1004,1672,21720000,9388
1,1448,21720000,21720000,1004,1672,21735000,9395
1,1449,21735000,21735000,1004,1672,21750000,9401
1,145,2175000,2175000,1004,1672,2190000,941
1,1450,21750000,21750000,1004,1672,21765000,9409
1,1451,21765000,21765000,1004,1672,21780000,9416
1,1452,21780000,21780000,1004,1672,21795000,9421
1,1453,21795000,21795000,1004,1672,21810000,9429
1,1454,21810000,21810000,1004,1672,21825000,9433
1,1455,21825000,21825000,1004,1672,21840000,9440
1,1456,21840000,21840000,1004,1672,21855000,9449
1,1457,21855000,21855000,1004,1672,21870000,9453
1,1458,21870000,21870000,1004,1672,21885000,9462
1,1459,21885000,21885000,1004,1672,21900000,9465
1,146,2190000,2190000,1004,1672,2205000,948
1,1460,21900000,21900000,1004,1672,21915000,9473
1,1461,21915000,21915000,1004,1672,21930000,9481
1,1462,21930000,21930000,1004,1672,21945000,9486
1,1463,21945000,21945000,1004,1672,21960000,9493
1,1464,21960000,21960000,1004,1672,21975000,9498
1,1465,21975000,21975000,1004,1672,21990000,9506
1,1466,21990000,21990000,1004,1672,22005000,9513
1,1467,22005000,22005000,1004,1672,22020000,9519
1,1468,22020000,22020000,1004,1672,22035000,9526
1,1469,22035000,22035000,1004,1672,22050000,9530
1,147,2205000,2205000,1004,1672,2220000,954
1,1470,22050000,22050000,1004,1672,22065000,9539
1,1471,22065000,22065000,1004,1672,22080000,9545
1,1472,22080000,22080000,1004,1672,22095000,9550
1,1473,22095000,22095000,1004,1672,22110000,9559
1,1474,22110000,22110000,1004,1672,22125000,9564
1,1475,22125000,22125000,1004,1672,22140000,9570
1,1476,22140000,22140000,1004,1672,22155000,9578
1,1477,22155000,22155000,1004,1672,22170000,9583
1,1478,22170000,22170000,1004,1672,22185000,9590
1,1479,22185000,22185000,1004,1672,22200000,9596
1,148,2220000,2220000,1004,1672,2235000,961
1,1480,22200000,22200000,1004,1672,22215000,9603
1,1481,22215000,22215000,1004,1672,22230000,9611
1,1482,22230000,22230000,1004,1672,22245000,9616
1,1483,22245000,22245000,1004,1672,22260000,9622
1,1484,22260000,22260000,1004,1672,22275000,9628
1,1485,22275000,22275000,1004,1672,22290000,9636
1,1486,22290000,22290000,1004,1672,22305000,9644
1,1487,22305000,22305000,1004,1672,22320000,9647
1,1488,22320000,22320000,1004,1672,22335000,9656
1,1489,22335000,22335000,1004,1672,22350000,9660
1,149,2235000,2235000,1004,1672,2250000,966
1,1490,22350000,22350000,1004,1672,22365000,9668
1,1491,22365000,22365000,1004,1672,22380000,9676
1,1492,22380000,22380000,1004,1672,22395000,9680
1,1493,22395000,22395000,1004,1672,22410000,9688
1,1494,22410000,22410000,1004,1672,22425000,9693
1,1495,22425000,22425000,1004,1672,22440000,9700
1,1496,22440000,22440000,1004,1672,22455000,9708
1,1497,22455000,22455000,1004,1672,22470000,9713
1,1498,22470000,22470000,1004,1672,22485000,9721
1,1499,22485000,22485000,1004,1672,22500000,9724
1,15,225000,225000,1004,1672,240000,97
1,150,2250000,2250000,1004,1672,2265000,974
1,1500,22500000,22500000,1004,1672,22515000,9733
1,1501,22515000,22515000,1004,1672,22530000,9741
1,1502,22530000,22530000,1004,1672,22545000,9746
1,1503,22545000,22545000,1004,1672,22560000,9753
1,1504,22560000,22560000,1004,1672,22575000,9757
1,1505,22575000,22575000,1004,1672,22590000,9765
1,1506,22590000,22590000,1004,1672,22605000,9773
1,1507,22605000,22605000,1004,1672,22620000,9778
1,1508,22620000,22620000,1004,1672,22635000,9785
1,1509,22635000,22635000,1004,1672,22650000,9791
1,151,2265000,2265000,1004,1672,2280000,981
1,1510,22650000,22650000,1004,1672,22665000,9798
1,1511,22665000,22665000,1004,1672,22680000,9804
1,1512,22680000,22680000,1004,1672,22695000,9810
1,1513,22695000,22695000,1004,1672,22710000,9818
1,1514,22710000,22710000,1004,1672,22725000,9823
1,1515,22725000,22725000,1004,1672,22740000,9830
1,1516,22740000,22740000,1004,1672,22755000,9838
1,1517,22755000,22755000,1004,1672,22770000,9842
1,1518,22770000,22770000,1004,1672,22785000,9851
1,1519,22785000,22785000,1004,1672,22800000,9855
1,152,2280000,2280000,1004,1672,2295000,985
1,1520,22800000,22800000,1004,1672,22815000,9862
1,1521,22815000,22815000,1004,1672,22830000,9871
1,1522,22830000,22830000,1004,1672,22845000,9875
1,1523,22845000,22845000,1004,1672,22860000,9882
1,1524,22860000,22860000,1004,1672,22875000,9888
1,1525,22875000,22875000,1004,1672,22890000,9895
1,1526,22890000,22890000,1004,1672,22905000,9903
1,1527,22905000,22905000,1004,1672,22920000,9907
1,1528,22920000,22920000,1004,1672,22935000,9915
1,1529,22935000,22935000,1004,1672,22950000,9919
1,153,2295000,2295000,1004,1672,2310000,994
1,1530,22950000,22950000,1004,1672,22965000,9929
1,1531,22965000,22965000,1004,1672,22980000,9935
1,1532,22980000,22980000,1004,1672,22995000,9939
1,1533,22995000,22995000,1004,1672,23010000,9948
1,1534,23010000,23010000,1004,1672,23025000,9952
1,1535,23025000,23025000,1004,1672,23040000,9960
1,1536,23040000,23040000,1004,1672,23055000,9968
1,1537,23055000,23055000,1004,1672,23070000,9973
1,1538,23070000,23070000,1004,1672,23085000,9980
1,1539,23085000,23085000,1004,1672,23100000,9984
1,154,2310000,2310000,1004,1672,2325000,999
1,1540,23100000,23100000,1004,1672,23115000,9992
1,1541,23115000,23115000,1004,1672,23130000,10000
1,1542,23130000,23130000,1004,1672,23145000,10006
1,1543,23145000,23145000,1004,1672,23160000,10012
1,1544,23160000,23160000,1004,1672,23175000,10017
1,1545,23175000,23175000,1004,1672,23190000,10025
1,1546,23190000,23190000,1004,1672,23205000,10032
1,1547,23205000,23205000,1004,1672,23220000,10037
1,1548,23220000,23220000,1004,1672,23235000,10045
1,1549,23235000,23235000,1004,1672,23250000,10050
1,155,2325000,2325000,1004,1672,2340000,1005
1,1550,23250000,23250000,1004,1672,23265000,10057
1,1551,23265000,23265000,1004,1672,23280000,10065
1,1552,23280000,23280000,1004,1672,23295000,10070
1,1553,23295000,23295000,1004,1672,23310000,10077
1,1554,23310000,23310000,1004,1672,23325000,10083
1,1555,23325000,23325000,1004,1672,23340000,10089
1,1556,23340000,23340000,1004,1672,23355000,10097
1,1557,23355000,23355000,1004,1672,23370000,10102
1,1558,23370000,23370000,1004,1672,23385000,10111
1,1559,23385000,23385000,1004,1672,23400000,10114
1,156,2340000,2340000,1004,1672,2355000,1014
1,1560,23400000,23400000,1004,1672,23415000,10122
1,1561,23415000,23415000,1004,1672,23430000,10130
1,1562,23430000,23430000,1004,1672,23445000,10134
1,1563,23445000,23445000,1004,1672,23460000,10142
1,1564,23460000,23460000,1004,1672,23475000,10147
1,1565,23475000,23475000,1004,1672,23490000,10155
1,1566,23490000,23490000,1004,1672,23505000,10163
1,1567,23505000,23505000,1004,1672,23520000,10166
1,1568,23520000,23520000,1004,1672,23535000,10174
1,1569,23535000,23535000,1004,1672,23550000,10180
1,157,2355000,2355000,1004,1672,2370000,1018
1,1570,23550000,23550000,1004,1672,23565000,10188
1,1571,23565000,23565000,1004,1672,23580000,10194
1,1572,23580000,23580000,1004,1672,23595000,10200
1,1573,23595000,23595000,1004,1672,23610000,10207
1,1574,23610000,23610000,1004,1672,23625000,10211
1,1575,23625000,23625000,1004,1672,23640000,10220
1,1576,23640000,23640000,1004,1672,23655000,10227
1,1577,23655000,23655000,1004,1672,23670000,10232
1,1578,23670000,23670000,1004,1672,23685000,10240
1,1579,23685000,23685000,1004,1672,23700000,10244
1,158,2370000,2370000,1004,1672,2385000,1027
1,1580,23700000,23700000,1004,1672,23715000,10251
1,1581,23715000,23715000,1004,1672,23730000,10260
1,1582,23730000,23730000,1004,1672,23745000,10265
1,1583,23745000,23745000,1004,1672,23760000,10271
1,1584,23760000,23760000,1004,1672,23775000,10277
1,1585,23775000,23775000,1004,1672,23790000,10284
1,1586,23790000,23790000,1004,1672,23805000,10293
1,1587,23805000,23805000,1004,1672,23820000,10297
1,1588,23820000,23820000,1004,1672,23835000,10304
1,1589,23835000,23835000,1004,1672,23850000,10309
1,159,2385000,2385000,1004,1672,2400000,1031
1,1590,23850000,23850000,1004,1672,23865000,10317
1,1591,23865000,23865000,1004,1672,23880000,10324
1,1592,23880000,23880000,1004,1672,23895000,10329
1,1593,23895000,23895000,1004,1672,23910000,10338
1,1594,23910000,23910000,1004,1672,23925000,10342
1,1595,23925000,23925000,1004,1672,23940000,10348
1,1596,23940000,23940000,1004,1672,23955000,10357
1,1597,23955000,23955000,1004,1672,23970000,10361
1,1598,23970000,23970000,1004,1672,23985000,10370
1,1599,23985000,23985000,1004,1672,24000000,10374
1,16,240000,240000,1004,1672,255000,105
1,160,2400000,2400000,1004,1672,2415000,1038
1,1600,24000000,24000000,1004,1672,24015000,10382
1,1601,24015000,24015000,1004,1672,24030000,10389
1,1602,24030000,24030000,1004,1672,24045000,10394
1,1603,24045000,24045000,1004,1672,24060000,10402
1,1604,24060000,24060000,1004,1672,24075000,10406
1,1605,24075000,24075000,1004,1672,24090000,10415
1,1606,24090000,24090000,1004,1672,24105000,10422
1,1607,24105000,24105000,1004,1672,24120000,10426
1,1608,24120000,24120000,1004,1672,24135000,10434
1,1609,24135000,24135000,1004,1672,24150000,10439
1,161,2415000,2415000,1004,1672,2430000,1046
1,1610,24150000,24150000,1004,1672,24165000,10447
1,1611,24165000,24165000,1004,1672,24180000,10454
1,1612,24180000,24180000,1004,1672,24195000,10459
1,1613,24195000,24195000,1004,1672,24210000,10466
1,1614,24210000,24210000,1004,1672,24225000,10472
1,1615,24225000,24225000,1004,1672,24240000,10479
1,1616,24240000,24240000,1004,1672,24255000,10486
1,1617,24255000,24255000,1004,1672,24270000,10492
1,1618,24270000,24270000,1004,1672,24285000,10499
1,1619,24285000,24285000,1004,1672,24300000,10503
1,162,2430000,2430000,1004,1672,2445000,1051
1,1620,24300000,24300000,1004,1672,24315000,10512
1,1621,24315000,24315000,1004,1672,24330000,10520
1,1622,24330000,24330000,1004,1672,24345000,10524
1,1623,24345000,24345000,1004,1672,24360000,10531
1,1624,24360000,24360000,1004,1672,24375000,10536
1,1625,24375000,24375000,1004,1672,24390000,10543
1,1626,24390000,24390000,1004,1672,24405000,10553
1,1627,24405000,24405000,1004,1672,24420000,10556
1,1628,24420000,24420000,1004,1672,24435000,10564
1,1629,24435000,24435000,1004,1672,24450000,10569
1,163,2445000,2445000,1004,1672,2460000,1058
1,1630,24450000,24450000,1004,1672,24465000,10576
1,1631,24465000,24465000,1004,1672,24480000,10583
1,1632,24480000,24480000,1004,1672,24495000,10589
1,1633,24495000,24495000,1004,1672,24510000,10597
1,1634,24510000,24510000,1004,1672,24525000,10601
1,1635,24525000,24525000,1004,1672,24540000,10609
1,1636,24540000,24540000,1004,1672,24555000,10616
1,1637,24555000,24555000,1004,1672,24570000,10621
1,1638,24570000,24570000,1004,1672,24585000,10630
1,1639,24585000,24585000,1004,1672,24600000,10633
1,164,2460000,2460000,1004,1672,2475000,1063
1,1640,24600000,24600000,1004,1672,24615000,10641
1,1641,24615000,24615000,1004,1672,24630000,10649
1,1642,24630000,24630000,1004,1672,24645000,10654
1,1643,24645000,24645000,1004,1672,24660000,10661
1,1644,24660000,24660000,1004,1672,24675000,10666
1,1645,24675000,24675000,1004,1672,24690000,10674
1,1646,24690000,24690000,1004,1672,24705000,10681
1,1647,24705000,24705000,1004,1672,24720000,10686
1,1648,24720000,24720000,1004,1672,24735000,10693
1,1649,24735000,24735000,1004,1672,24750000,10699
1,165,2475000,2475000,1004,1672,2490000,1072
1,1650,24750000,24750000,1004,1672,24765000,10707
1,1651,24765000,24765000,1004,1672,24780000,10713
1,1652,24780000,24780000,1004,1672,24795000,10718
1,1653,24795000,24795000,1004,1672,24810000,10726
1,1654,24810000,24810000,1004,1672,24825000,10732
1,1655,24825000,24825000,1004,1672,24840000,10738
1,1656,24840000,24840000,1004,1672,24855000,10747
1,1657,24855000,24855000,1004,1672,24870000,10751
1,1658,24870000,24870000,1004,1672,24885000,10758
1,1659,24885000,24885000,1004,1672,24900000,10763
1,166,2490000,2490000,1004,1672,2505000,1079
1,1660,24900000,24900000,1004,1672,24915000,10771
1,1661,24915000,24915000,1004,1672,24930000,10779
1,1662,24930000,24930000,1004,1672,24945000,10784
1,1663,24945000,24945000,1004,1672,24960000,10791
1,1664,24960000,24960000,1004,1672,24975000,10795
1,1665,24975000,24975000,1004,1672,24990000,10803
1,1666,24990000,24990000,1004,1672,25005000,10812
1,1667,25005000,25005000,1004,1672,25020000,10815
1,1668,25020000,25020000,1004,1672,25035000,10824
1,1669,25035000,25035000,1004,1672,25050000,10828
1,167,2505000,2505000,1004,1672,2520000,1082
1,1670,25050000,25050000,1004,1672,25065000,10836
1,1671,25065000,25065000,1004,1672,25080000,10844
1,1672,25080000,25080000,1004,1672,25095000,10848
1,1673,25095000,25095000,1004,1672,25110000,10856
1,1674,25110000,25110000,1004,1672,25125000,10861
1,1675,25125000,25125000,1004,1672,25140000,10868
1,1676,25140000,25140000,1004,1672,25155000,10875
1,1677,25155000,25155000,1004,1672,25170000,10882
1,1678,25170000,25170000,1004,1672,25185000,10889
1,1679,25185000,25185000,1004,1672,25200000,10892
1,168,2520000,2520000,1004,1672,2535000,1091
1,1680,25200000,25200000,1004,1672,25215000,10901
1,1681,25215000,25215000,1004,1672,25230000,10908
1,1682,25230000,25230000,1004,1672,25245000,10913
1,1683,25245000,25245000,1004,1672,25260000,10921
1,1684,25260000,25260000,1004,1672,25275000,10926
1,1685,25275000,25275000,1004,1672,25290000,10933
1,1686,25290000,25290000,1004,1672,25305000,10941
1,1687,25305000,25305000,1004,1672,25320000,10945
1,1688,25320000,25320000,1004,1672,25335000,10953
1,1689,25335000,25335000,1004,1672,25350000,10959
1,169,2535000,2535000,1004,1672,2550000,1095
1,1690,25350000,25350000,1004,1672,25365000,10966
1,1691,25365000,25365000,1004,1672,25380000,10973
1,1692,25380000,25380000,1004,1672,25395000,10978
1,1693,25395000,25395000,1004,1672,25410000,10985
1,1694,25410000,25410000,1004,1672,25425000,10991
1,1695,25425000,25425000,1004,1672,25440000,10998
1,1696,25440000,25440000,1004,1672,25455000,11006
1,1697,25455000,25455000,1004,1672,25470000,11010
1,1698,25470000,25470000,1004,1672,25485000,11019
1,1699,25485000,25485000,1004,1672,25500000,11022
1,17,255000,255000,1004,1672,270000,110
1,170,2550000,2550000,1004,1672,2565000,1104
1,1700,25500000,25500000,1004,1672,25515000,11030
1,1701,25515000,25515000,1004,1672,25530000,11039
1,1702,25530000,25530000,1004,1672,25545000,11043
1,1703,25545000,25545000,1004,1672,25560000,11050
1,1704,25560000,25560000,1004,1672,25575000,11055
1,1705,25575000,25575000,1004,1672,25590000,11064
1,1706,25590000,25590000,1004,1672,25605000,11071
1,1707,25605000,25605000,1004,1672,25620000,11075
1,1708,25620000,25620000,1004,1672,25635000,11083
1,1709,25635000,25635000,1004,1672,25650000,11087
1,171,2565000,2565000,1004,1672,2580000,1111
1,1710,25650000,25650000,1004,1672,25665000,11096
1,1711,25665000,25665000,1004,1672,25680000,11103
1,1712,25680000,25680000,1004,1672,25695000,11108
1,1713,25695000,25695000,1004,1672,25710000,11116
1,1714,25710000,25710000,1004,1672,25725000,11120
1,1715,25725000,25725000,1004,1672,25740000,11127
1,1716,25740000,25740000,1004,1672,25755000,11135
1,1717,25755000,25755000,1004,1672,25770000,11141
1,1718,25770000,25770000,1004,1672,25785000,11148
1,1719,25785000,25785000,1004,1672,25800000,11153
1,172,2580000,2580000,1004,1672,2595000,1116
1,1720,25800000,25800000,1004,1672,25815000,11160
1,1721,25815000,25815000,1004,1672,25830000,11167
1,1722,25830000,25830000,1004,1672,25845000,11174
1,1723,25845000,25845000,1004,1672,25860000,11180
1,1724,25860000,25860000,1004,1672,25875000,11185
1,1725,25875000,25875000,1004,1672,25890000,11193
1,1726,25890000,25890000,1004,1672,25905000,11201
1,1727,25905000,25905000,1004,1672,25920000,11204
1,1728,25920000,25920000,1004,1672,25935000,11213
1,1729,25935000,25935000,1004,1672,25950000,11218
1,173,2595000,2595000,1004,1672,2610000,1123
1,1730,25950000,25950000,1004,1672,25965000,11225
1,1731,25965000,25965000,1004,1672,25980000,11233
1,1732,25980000,25980000,1004,1672,25995000,11237
1,1733,25995000,25995000,1004,1672,26010000,11245
1,1734,26010000,26010000,1004,1672,26025000,11251
1,1735,26025000,26025000,1004,1672,26040000,11257
1,1736,26040000,26040000,1004,1672,26055000,11265
1,1737,26055000,26055000,1004,1672,26070000,11270
1,1738,26070000,26070000,1004,1672,26085000,11278
1,1739,26085000,26085000,1004,1672,26100000,11282
1,174,2610000,2610000,1004,1672,2625000,1128
1,1740,26100000,26100000,1004,1672,26115000,11291
1,1741,26115000,26115000,1004,1672,26130000,11298
1,1742,26130000,26130000,1004,1672,26145000,11302
1,1743,26145000,26145000,1004,1672,26160000,11310
1,1744,26160000,26160000,1004,1672,26175000,11314
1,1745,26175000,26175000,1004,1672,26190000,11323
1,1746,26190000,26190000,1004,1672,26205000,11331
1,1747,26205000,26205000,1004,1672,26220000,11335
1,1748,26220000,26220000,1004,1672,26235000,11342
1,1749,26235000,26235000,1004,1672,26250000,11347
1,175,2625000,2625000,1004,1672,2640000,1136
1,1750,26250000,26250000,1004,1672,26265000,11355
1,1751,26265000,26265000,1004,1672,26280000,11362
1,1752,26280000,26280000,1004,1672,26295000,11368
1,1753,26295000,26295000,1004,1672,26310000,11375
1,1754,26310000,26310000,1004,1672,26325000,11380
1,1755,26325000,26325000,1004,1672,26340000,11387
1,1756,26340000,26340000,1004,1672,26355000,11395
1,1757,26355000,26355000,1004,1672,26370000,11400
1,1758,26370000,26370000,1004,1672,26385000,11408
1,1759,26385000,26385000,1004,1672,26400000,11412
1,176,2640000,2640000,1004,1672,2655000,1143
1,1760,26400000,26400000,1004,1672,26415000,11419
1,1761,26415000,26415000,1004,1672,26430000,11428
1,1762,26430000,26430000,1004,1672,26445000,11433
1,1763,26445000,26445000,1004,1672,26460000,11439
1,1764,26460000,26460000,1004,1672,26475000,11445
1,1765,26475000,26475000,1004,1672,26490000,11452
1,1766,26490000,26490000,1004,1672,26505000,11460
1,1767,26505000,26505000,1004,1672,26520000,11464
1,1768,26520000,26520000,1004,1672,26535000,11473
1,1769,26535000,26535000,1004,1672,26550000,11477
1,177,2655000,2655000,1004,1672,2670000,1149
1,1770,26550000,26550000,1004,1672,26565000,11485
1,1771,26565000,26565000,1004,1672,26580000,11492
1,1772,26580000,26580000,1004,1672,26595000,11496
1,1773,26595000,26595000,1004,1672,26610000,11506
1,1774,26610000,26610000,1004,1672,26625000,11510
1,1775,26625000,26625000,1004,1672,26640000,11517
1,1776,26640000,26640000,1004,1672,26655000,11525
1,1777,26655000,26655000,1004,1672,26670000,11529
1,1778,26670000,26670000,1004,1672,26685000,11537
1,1779,26685000,26685000,1004,1672,26700000,11542
1,178,2670000,2670000,1004,1672,2685000,1156
1,1780,26700000,26700000,1004,1672,26715000,11550
1,1781,26715000,26715000,1004,1672,26730000,11557
1,1782,26730000,26730000,1004,1672,26745000,11563
1,1783,26745000,26745000,1004,1672,26760000,11569
1,1784,26760000,26760000,1004,1672,26775000,11573
1,1785,26775000,26775000,1004,1672,26790000,11583
1,1786,26790000,26790000,1004,1672,26805000,11590
1,1787,26805000,26805000,1004,1672,26820000,11594
1,1788,26820000,26820000,1004,1672,26835000,11602
1,1789,26835000,26835000,1004,1672,26850000,11607
1,179,2685000,2685000,1004,1672,2700000,1160
1,1790,26850000,26850000,1004,1672,26865000,11615
1,1791,26865000,26865000,1004,1672,26880000,11622
1,1792,26880000,26880000,1004,1672,26895000,11627
1,1793,26895000,26895000,1004,1672,26910000,11634
1,1794,26910000,26910000,1004,1672,26925000,11640
1,1795,26925000,26925000,1004,1672,26940000,11646
1,1796,26940000,26940000,1004,1672,26955000,11655
1,1797,26955000,26955000,1004,1672,26970000,11660
1,1798,26970000,26970000,1004,1672,26985000,11667
1,1799,26985000,26985000,1004,1672,27000000,11671
1,18,270000,270000,1004,1672,285000,119
1,180,2700000,2700000,1004,1672,2715000,1168
1,1800,27000000,27000000,1004,1672,27015000,11679
1,1801,27015000,27015000,1004,1672,27030000,11687
1,1802,27030000,27030000,1004,1672,27045000,11692
1,1803,27045000,27045000,1004,1672,27060000,11700
1,1804,27060000,27060000,1004,1672,27075000,11704
1,1805,27075000,27075000,1004,1672,27090000,11711
1,1806,27090000,27090000,1004,1672,27105000,11720
1,1807,27105000,27105000,1004,1672,27120000,11724
1,1808,27120000,27120000,1004,1672,27135000,11732
1,1809,27135000,27135000,1004,1672,27150000,11737
1,181,2715000,2715000,1004,1672,2730000,1176
1,1810,27150000,27150000,1004,1672,27165000,11745
1,1811,27165000,27165000,1004,1672,27180000,11751
1,1812,27180000,27180000,1004,1672,27195000,11756
1,1813,27195000,27195000,1004,1672,27210000,11765
1,1814,27210000,27210000,1004,1672,27225000,11769
1,1815,27225000,27225000,1004,1672,27240000,11777
1,1816,27240000,27240000,1004,1672,27255000,11784
1,1817,27255000,27255000,1004,1672,27270000,11789
1,1818,27270000,27270000,1004,1672,27285000,11797
1,1819,27285000,27285000,1004,1672,27300000,11801
1,182,2730000,2730000,1004,1672,2745000,1181
1,1820,27300000,27300000,1004,1672,27315000,11809
1,1821,27315000,27315000,1004,1672,27330000,11817
1,1822,27330000,27330000,1004,1672,27345000,11822
1,1823,27345000,27345000,1004,1672,27360000,11828
1,1824,27360000,27360000,1004,1672,27375000,11835
1,1825,27375000,27375000,1004,1672,27390000,11842
1,1826,27390000,27390000,1004,1672,27405000,11849
1,1827,27405000,27405000,1004,1672,27420000,11854
1,1828,27420000,27420000,1004,1672,27435000,11861
1,1829,27435000,27435000,1004,1672,27450000,11866
1,183,2745000,2745000,1004,1672,2760000,1188
1,1830,27450000,27450000,1004,1672,27465000,11875
1,1831,27465000,27465000,1004,1672,27480000,11882
1,1832,27480000,27480000,1004,1672,27495000,11886
1,1833,27495000,27495000,1004,1672,27510000,11894
1,1834,27510000,27510000,1004,1672,27525000,11899
1,1835,27525000,27525000,1004,1672,27540000,11905
1,1836,27540000,27540000,1004,1672,27555000,11915
1,1837,27555000,27555000,1004,1672,27570000,11919
1,1838,27570000,27570000,1004,1672,27585000,11927
1,1839,27585000,27585000,1004,1672,27600000,11931
1,184,2760000,2760000,1004,1672,2775000,1193
1,1840,27600000,27600000,1004,1672,27615000,11938
1,1841,27615000,27615000,1004,1672,27630000,11947
1,1842,27630000,27630000,1004,1672,27645000,11952
1,1843,27645000,27645000,1004,1672,27660000,11959
1,1844,27660000,27660000,1004,1672,27675000,11963
1,1845,27675000,27675000,1004,1672,27690000,11972
1,1846,27690000,27690000,1004,1672,27705000,11979
1,1847,27705000,27705000,1004,1672,27720000,11983
1,1848,27720000,27720000,1004,1672,27735000,11992
1,1849,27735000,27735000,1004,1672,27750000,11996
1,185,2775000,2775000,1004,1672,2790000,1200
1,1850,27750000,27750000,1004,1672,27765000,12004
1,1851,27765000,27765000,1004,1672,27780000,12011
1,1852,27780000,27780000,1004,1672,27795000,12016
1,1853,27795000,27795000,1004,1672,27810000,12024
1,1854,27810000,27810000,1004,1672,27825000,12029
1,1855,27825000,27825000,1004,1672,27840000,12036
1,1856,27840000,27840000,1004,1672,27855000,12043
1,1857,27855000,27855000,1004,1672,27870000,12049
1,1858,27870000,27870000,1004,1672,27885000,12057
1,1859,27885000,27885000,1004,1672,27900000,12061
1,186,2790000,2790000,1004,1672,2805000,1209
1,1860,27900000,27900000,1004,1672,27915000,12069
1,1861,27915000,27915000,1004,1672,27930000,12076
1,1862,27930000,27930000,1004,1672,27945000,12081
1,1863,27945000,27945000,1004,1672,27960000,12088
1,1864,27960000,27960000,1004,1672,27975000,12094
1,1865,27975000,27975000,1004,1672,27990000,12101
1,1866,27990000,27990000,1004,1672,28005000,12110
1,1867,28005000,28005000,1004,1672,28020000,12113
1,1868,28020000,28020000,1004,1672,28035000,12120
1,1869,28035000,28035000,1004,1672,28050000,12126
1,187,2805000,2805000,1004,1672,2820000,1213
1,1870,28050000,28050000,1004,1672,28065000,12134
1,1871,28065000,28065000,1004,1672,28080000,12141
1,1872,28080000,28080000,1004,1672,28095000,12146
1,1873,28095000,28095000,1004,1672,28110000,12154
1,1874,28110000,28110000,1004,1672,28125000,12158
1,1875,28125000,28125000,1004,1672,28140000,12166
1,1876,28140000,28140000,1004,1672,28155000,12174
1,1877,28155000,28155000,1004,1672,28170000,12178
1,1878,28170000,28170000,1004,1672,28185000,12187
1,1879,28185000,28185000,1004,1672,28200000,12190
1,188,2820000,2820000,1004,1672,2835000,1220
1,1880,28200000,28200000,1004,1672,28215000,12198
1,1881,28215000,28215000,1004,1672,28230000,12207
1,1882,28230000,28230000,1004,1672,28245000,12211
1,1883,28245000,28245000,1004,1672,28260000,12218
1,1884,28260000,28260000,1004,1672,28275000,12223
1,1885,28275000,28275000,1004,1672,28290000,12231
1,1886,28290000,28290000,1004,1672,28305000,12238
1,1887,28305000,28305000,1004,1672,28320000,12244
1,1888,28320000,28320000,1004,1672,28335000,12251
1,1889,28335000,28335000,1004,1672,28350000,12255
1,189,2835000,2835000,1004,1672,2850000,1226
1,1890,28350000,28350000,1004,1672,28365000,12264
1,1891,28365000,28365000,1004,1672,28380000,12270
1,1892,28380000,28380000,1004,1672,28395000,12276
1,1893,28395000,28395000,1004,1672,28410000,12284
1,1894,28410000,28410000,1004,1672,28425000,12289
1,1895,28425000,28425000,1004,1672,28440000,12295
1,1896,28440000,28440000,1004,1672,28455000,12303
1,1897,28455000,28455000,1004,1672,28470000,12308
1,1898,28470000,28470000,1004,1672,28485000,12316
1,1899,28485000,28485000,1004,1672,28500000,12321
1,19,285000,285000,1004,1672,300000,122
1,190,2850000,2850000,1004,1672,2865000,1233
1,1900,28500000,28500000,1004,1672,28515000,12328
1,1901,28515000,28515000,1004,1672,28530000,12336
1,1902,28530000,28530000,1004,1672,28545000,12341
1,1903,28545000,28545000,1004,1672,28560000,12347
1,1904,28560000,28560000,1004,1672,28575000,12353
1,1905,28575000,28575000,1004,1672,28590000,12361
1,1906,28590000,28590000,1004,1672,28605000,12369
1,1907,28605000,28605000,1004,1672,28620000,12372
1,1908,28620000,28620000,1004,1672,28635000,12381
1,1909,28635000,28635000,1004,1672,28650000,12386
1,191,2865000,2865000,1004,1672,2880000,1240
1,1910,28650000,28650000,1004,1672,28665000,12393
1,1911,28665000,28665000,1004,1672,28680000,12401
1,1912,28680000,28680000,1004,1672,28695000,12405
1,1913,28695000,28695000,1004,1672,28710000,12413
1,1914,28710000,28710000,1004,1672,28725000,12418
1,1915,28725000,28725000,1004,1672,28740000,12426
1,1916,28740000,28740000,1004,1672,28755000,12433
1,1917,28755000,28755000,1004,1672,28770000,12438
1,1918,28770000,28770000,1004,1672,28785000,12446
1,1919,28785000,28785000,1004,1672,28800000,12449
1,192,2880000,2880000,1004,1672,2895000,1246
1,1920,28800000,28800000,1004,1672,28815000,12458
1,1921,28815000,28815000,1004,1672,28830000,12466
1,1922,28830000,28830000,1004,1672,28845000,12471
1,1923,28845000,28845000,1004,1672,28860000,12478
1,1924,28860000,28860000,1004,1672,28875000,12482
1,1925,28875000,28875000,1004,1672,28890000,12490
1,1926,28890000,28890000,1004,1672,28905000,12499
1,1927,28905000,28905000,1004,1672,28920000,12503
1,1928,28920000,28920000,1004,1672,28935000,12510
1,1929,28935000,28935000,1004,1672,28950000,12516
1,193,2895000,2895000,1004,1672,2910000,1254
1,1930,28950000,28950000,1004,1672,28965000,12523
1,1931,28965000,28965000,1004,1672,28980000,12529
1,1932,28980000,28980000,1004,1672,28995000,12536
1,1933,28995000,28995000,1004,1672,29010000,12543
1,1934,29010000,29010000,1004,1672,29025000,12548
1,1935,29025000,29025000,1004,1672,29040000,12555
1,1936,29040000,29040000,1004,1672,29055000,12563
1,1937,29055000,29055000,1004,1672,29070000,12567
1,1938,29070000,29070000,1004,1672,29085000,12576
1,1939,29085000,29085000,1004,1672,29100000,12580
1,194,2910000,2910000,1004,1672,2925000,1258
1,1940,29100000,29100000,1004,1672,29115000,12587
1,1941,29115000,29115000,1004,1672,29130000,12596
1,1942,29130000,29130000,1004,1672,29145000,12600
1,1943,29145000,29145000,1004,1672,29160000,12608
1,1944,29160000,29160000,1004,1672,29175000,12613
1,1945,29175000,29175000,1004,1672,29190000,12620
1,1946,29190000,29190000,1004,1672,29205000,12628
1,1947,29205000,29205000,1004,1672,29220000,12632
1,1948,29220000,29220000,1004,1672,29235000,12640
1,1949,29235000,29235000,1004,1672,29250000,12645
1,195,2925000,2925000,1004,1672,2940000,1265
1,1950,29250000,29250000,1004,1672,29265000,12654
1,1951,29265000,29265000,1004,1672,29280000,12660
1,1952,29280000,29280000,1004,1672,29295000,12664
1,1953,29295000,29295000,1004,1672,29310000,12673
1,1954,29310000,29310000,1004,1672,29325000,12677
1,1955,29325000,29325000,1004,1672,29340000,12685
1,1956,29340000,29340000,1004,1672,29355000,12693
1,1957,29355000,29355000,1004,1672,29370000,12698
1,1958,29370000,29370000,1004,1672,29385000,12705
1,1959,29385000,29385000,1004,1672,29400000,12709
1,196,2940000,2940000,1004,1672,2955000,1273
1,1960,29400000,29400000,1004,1672,29415000,12718
1,1961,29415000,29415000,1004,1672,29430000,12725
1,1962,29430000,29430000,1004,1672,29445000,12731
1,1963,29445000,29445000,1004,1672,29460000,12737
1,1964,29460000,29460000,1004,1672,29475000,12742
1,1965,29475000,29475000,1004,1672,29490000,12750
1,1966,29490000,29490000,1004,1672,29505000,12758
1,1967,29505000,29505000,1004,1672,29520000,12762
1,1968,29520000,29520000,1004,1672,29535000,12770
1,1969,29535000,29535000,1004,1672,29550000,12775
1,197,2955000,2955000,1004,1672,2970000,1277
1,1970,29550000,29550000,1004,1672,29565000,12782
1,1971,29565000,29565000,1004,1672,29580000,12790
1,1972,29580000,29580000,1004,1672,29595000,12795
1,1973,29595000,29595000,1004,1672,29610000,12802
1,1974,29610000,29610000,1004,1672,29625000,12808
1,1975,29625000,29625000,1004,1672,29640000,12814
1,1976,29640000,29640000,1004,1672,29655000,12822
1,1977,29655000,29655000,1004,1672,29670000,12828
1,1978,29670000,29670000,1004,1672,29685000,12836
1,1979,29685000,29685000,1004,1672,29700000,12839
1,198,2970000,2970000,1004,1672,2985000,1287
1,1980,29700000,29700000,1004,1672,29715000,12847
1,1981,29715000,29715000,1004,1672,29730000,12855
1,1982,29730000,29730000,1004,1672,29745000,12859
1,1983,29745000,29745000,1004,1672,29760000,12868
1,1984,29760000,29760000,1004,1672,29775000,12872
1,1985,29775000,29775000,1004,1672,29790000,12880
1,1986,29790000,29790000,1004,1672,29805000,12888
1,1987,29805000,29805000,1004,1672,29820000,12891
1,1988,29820000,29820000,1004,1672,29835000,12899
1,1989,29835000,29835000,1004,1672,29850000,12905
1,199,2985000,2985000,1004,1672,3000000,1290
1,1990,29850000,29850000,1004,1672,29865000,12913
1,1991,29865000,29865000,1004,1672,29880000,12919
1,1992,29880000,29880000,1004,1672,29895000,12925
1,1993,29895000,29895000,1004,1672,29910000,12932
1,1994,29910000,29910000,1004,1672,29925000,12937
1,1995,29925000,29925000,1004,1672,29940000,12945
1,1996,29940000,29940000,1004,1672,29955000,12952
1,1997,29955000,29955000,1004,1672,29970000,12957
1,1998,29970000,29970000,1004,1672,29985000,12965
1,1999,29985000,29985000,1004,1672,30000000,12969
1,2,30000,30000,1004,1672,45000,13
1,20,300000,300000,1004,1672,315000,129
1,200,3000000,3000000,1004,1672,3015000,1298
1,2000,30000000,30000000,1004,1672,30015000,12977
1,2001,30015000,30015000,1004,1672,30030000,12985
1,2002,30030000,30030000,1004,1672,30045000,12990
1,2003,30045000,30045000,1004,1672,30060000,12996
1,2004,30060000,30060000,1004,1672,30075000,13002
1,2005,30075000,30075000,1004,1672,30090000,13009
1,2006,30090000,30090000,1004,1672,30105000,13018
1,2007,30105000,30105000,1004,1672,30120000,13022
1,2008,30120000,30120000,1004,1672,30135000,13029
1,2009,30135000,30135000,1004,1672,30150000,13034
1,201,3015000,3015000,1004,1672,3030000,1306
1,2010,30150000,30150000,1004,1672,30165000,13042
1,2011,30165000,30165000,1004,1672,30180000,13050
1,2012,30180000,30180000,1004,1672,30195000,13054
1,2013,30195000,30195000,1004,1672,30210000,13063
1,2014,30210000,30210000,1004,1672,30225000,13067
1,2015,30225000,30225000,1004,1672,30240000,13073
1,2016,30240000,30240000,1004,1672,30255000,13082
1,2017,30255000,30255000,1004,1672,30270000,13087
1,2018,30270000,30270000,1004,1672,30285000,13095
1,2019,30285000,30285000,1004,1672,30300000,13099
1,202,3030000,3030000,1004,1672,3045000,1310
1,2020,30300000,30300000,1004,1672,30315000,13107
1,2021,30315000,30315000,1004,1672,30330000,13114
1,2022,30330000,30330000,1004,1672,30345000,13119
1,2023,30345000,30345000,1004,1672,30360000,13127
1,2024,30360000,30360000,1004,1672,30375000,13131
1,2025,30375000,30375000,1004,1672,30390000,13140
1,2026,30390000,30390000,1004,1672,30405000,13147
1,2027,30405000,30405000,1004,1672,30420000,13151
1,2028,30420000,30420000,1004,1672,30435000,13160
1,2029,30435000,30435000,1004,1672,30450000,13164
1,203,3045000,3045000,1004,1672,3060000,1317
1,2030,30450000,30450000,1004,1672,30465000,13172
1,2031,30465000,30465000,1004,1672,30480000,13179
1,2032,30480000,30480000,1004,1672,30495000,13184
1,2033,30495000,30495000,1004,1672,30510000,13191
1,2034,30510000,30510000,1004,1672,30525000,13198
1,2035,30525000,30525000,1004,1672,30540000,13204
1,2036,30540000,30540000,1004,1672,30555000,13211
1,2037,30555000,30555000,1004,1672,30570000,13217
1,2038,30570000,30570000,1004,1672,30585000,13224
1,2039,30585000,30585000,1004,1672,30600000,13228
1,204,3060000,3060000,1004,1672,3075000,1323
1,2040,30600000,30600000,1004,1672,30615000,13237
1,2041,30615000,30615000,1004,1672,30630000,13245
1,2042,30630000,30630000,1004,1672,30645000,13249
1,2043,30645000,30645000,1004,1672,30660000,13256
1,2044,30660000,30660000,1004,1672,30675000,13261
1,2045,30675000,30675000,1004,1672,30690000,13269
1,2046,30690000,30690000,1004,1672,30705000,13278
1,2047,30705000,30705000,1004,1672,30720000,13281
1,2048,30720000,30720000,1004,1672,30735000,13289
1,2049,30735000,30735000,1004,1672,30750000,13294
1,205,3075000,3075000,1004,1672,3090000,1331
1,2050,30750000,30750000,1004,1672,30765000,13301
1,2051,30765000,30765000,1004,1672,30780000,13309
1,2052,30780000,30780000,1004,1672,30795000,13314
1,2053,30795000,30795000,1004,1672,30810000,13322
1,2054,30810000,30810000,1004,1672,30825000,13326
1,2055,30825000,30825000,1004,1672,30840000,13334
1,2056,30840000,30840000,1004,1672,30855000,13341
1,2057,30855000,30855000,1004,1672,30870000,13346
1,2058,30870000,30870000,1004,1672,30885000,13355
1,2059,30885000,30885000,1004,1672,30900000,13358
1,206,3090000,3090000,1004,1672,3105000,1338
1,2060,30900000,30900000,1004,1672,30915000,13366
1,2061,30915000,30915000,1004,1672,30930000,13374
1,2062,30930000,30930000,1004,1672,30945000,13380
1,2063,30945000,30945000,1004,1672,30960000,13386
1,2064,30960000,30960000,1004,1672,30975000,13391
1,2065,30975000,30975000,1004,1672,30990000,13399
1,2066,30990000,30990000,1004,1672,31005000,13406
1,2067,31005000,31005000,1004,1672,31020000,13411
1,2068,31020000,31020000,1004,1672,31035000,13419
1,2069,31035000,31035000,1004,1672,31050000,13424
1,207,3105000,3105000,1004,1672,3120000,1343
1,2070,31050000,31050000,1004,1672,31065000,13432
1,2071,31065000,31065000,1004,1672,31080000,13438
1,2072,31080000,31080000,1004,1672,31095000,13443
1,2073,31095000,31095000,1004,1672,31110000,13451
1,2074,31110000,31110000,1004,1672,31125000,13457
1,2075,31125000,31125000,1004,1672,31140000,13463
1,2076,31140000,31140000,1004,1672,31155000,13472
1,2077,31155000,31155000,1004,1672,31170000,13476
1,2078,31170000,31170000,1004,1672,31185000,13483
1,2079,31185000,31185000,1004,1672,31200000,13489
1,208,3120000,3120000,1004,1672,3135000,1350
1,2080,31200000,31200000,1004,1672,31215000,13496
1,2081,31215000,31215000,1004,1672,31230000,13504
1,2082,31230000,31230000,1004,1672,31245000,13509
1,2083,31245000,31245000,1004,1672,31260000,13516
1,2084,31260000,31260000,1004,1672,31275000,13520
1,2085,31275000,31275000,1004,1672,31290000,13529
1,2086,31290000,31290000,1004,1672,31305000,13537
1,2087,31305000,31305000,1004,1672,31320000,13540
1,2088,31320000,31320000,1004,1672,31335000,13549
1,2089,31335000,31335000,1004,1672,31350000,13553
1,209,3135000,3135000,1004,1672,3150000,1355
1,2090,31350000,31350000,1004,1672,31365000,13561
1,2091,31365000,31365000,1004,1672,31380000,13569
1,2092,31380000,31380000,1004,1672,31395000,13573
1,2093,31395000,31395000,1004,1672,31410000,13581
1,2094,31410000,31410000,1004,1672,31425000,13586
1,2095,31425000,31425000,1004,1672,31440000,13593
1,2096,31440000,31440000,1004,1672,31455000,13601
1,2097,31455000,31455000,1004,1672,31470000,13607
1,2098,31470000,31470000,1004,1672,31485000,13614
1,2099,31485000,31485000,1004,1672,31500000,13617
1,21,315000,315000,1004,1672,330000,138
1,210,3150000,3150000,1004,1672,3165000,1364
1,2100,31500000,31500000,1004,1672,31515000,13626
1,2101,31515000,31515000,1004,1672,31530000,13633
1,2102,31530000,31530000,1004,1672,31545000,13639
1,2103,31545000,31545000,1004,1672,31560000,13646
1,2104,31560000,31560000,1004,1672,31575000,13651
1,2105,31575000,31575000,1004,1672,31590000,13658
1,2106,31590000,31590000,1004,1672,31605000,13666
1,2107,31605000,31605000,1004,1672,31620000,13670
1,2108,31620000,31620000,1004,1672,31635000,13678
1,2109,31635000,31635000,1004,1672,31650000,13684
1,211,3165000,3165000,1004,1672,3180000,1370
1,2110,31650000,31650000,1004,1672,31665000,13691
1,2111,31665000,31665000,1004,1672,31680000,13698
1,2112,31680000,31680000,1004,1672,31695000,13703
1,2113,31695000,31695000,1004,1672,31710000,13711
1,2114,31710000,31710000,1004,1672,31725000,13716
1,2115,31725000,31725000,1004,1672,31740000,13723
1,2116,31740000,31740000,1004,1672,31755000,13731
1,2117,31755000,31755000,1004,1672,31770000,13735
1,2118,31770000,31770000,1004,1672,31785000,13744
1,2119,31785000,31785000,1004,1672,31800000,13748
1,212,3180000,3180000,1004,1672,3195000,1375
1,2120,31800000,31800000,1004,1672,31815000,13755
1,2121,31815000,31815000,1004,1672,31830000,13764
1,2122,31830000,31830000,1004,1672,31845000,13768
1,2123,31845000,31845000,1004,1672,31860000,13775
1,2124,31860000,31860000,1004,1672,31875000,13780
1,2125,31875000,31875000,1004,1672,31890000,13789
1,2126,31890000,31890000,1004,1672,31905000,13796
1,2127,31905000,31905000,1004,1672,31920000,13800
1,2128,31920000,31920000,1004,1672,31935000,13808
1,2129,31935000,31935000,1004,1672,31950000,13812
1,213,3195000,3195000,1004,1672,3210000,1383
1,2130,31950000,31950000,1004,1672,31965000,13822
1,2131,31965000,31965000,1004,1672,31980000,13828
1,2132,31980000,31980000,1004,1672,31995000,13833
1,2133,31995000,31995000,1004,1672,32010000,13841
1,2134,32010000,32010000,1004,1672,32025000,13845
1,2135,32025000,32025000,1004,1672,32040000,13852
1,2136,32040000,32040000,1004,1672,32055000,13861
1,2137,32055000,32055000,1004,1672,32070000,13866
1,2138,32070000,32070000,1004,1672,32085000,13873
1,2139,32085000,32085000,1004,1672,32100000,13878
1,214,3210000,3210000,1004,1672,3225000,1388
1,2140,32100000,32100000,1004,1672,32115000,13885
1,2141,32115000,32115000,1004,1672,32130000,13892
1,2142,32130000,32130000,1004,1672,32145000,13899
1,2143,32145000,32145000,1004,1672,32160000,13905
1,2144,32160000,32160000,1004,1672,32175000,13910
1,2145,32175000,32175000,1004,1672,32190000,13918
1,2146,32190000,32190000,1004,1672,32205000,13926
1,2147,32205000,32205000,1004,1672,32220000,13930
1,2148,32220000,32220000,1004,1672,32235000,13938
1,2149,32235000,32235000,1004,1672,32250000,13943
1,215,3225000,3225000,1004,1672,3240000,1395
1,2150,32250000,32250000,1004,1672,32265000,13950
1,2151,32265000,32265000,1004,1672,32280000,13958
1,2152,32280000,32280000,1004,1672,32295000,13962
1,2153,32295000,32295000,1004,1672,32310000,13971
1,2154,32310000,32310000,1004,1672,32325000,13976
1,2155,32325000,32325000,1004,1672,32340000,13982
1,2156,32340000,32340000,1004,1672,32355000,13990
1,2157,32355000,32355000,1004,1672,32370000,13995
1,2158,32370000,32370000,1004,1672,32385000,14003
1,2159,32385000,32385000,1004,1672,32400000,14007
1,216,3240000,3240000,1004,1672,3255000,1403
1,2160,32400000,32400000,1004,1672,32415000,14016
1,2161,32415000,32415000,1004,1672,32430000,14023
1,2162,32430000,32430000,1004,1672,32445000,14027
1,2163,32445000,32445000,1004,1672,32460000,14035
1,2164,32460000,32460000,1004,1672,32475000,14040
1,2165,32475000,32475000,1004,1672,32490000,14048
1,2166,32490000,32490000,1004,1672,32505000,14056
1,2167,32505000,32505000,1004,1672,32520000,14060
1,2168,32520000,32520000,1004,1672,32535000,14067
1,2169,32535000,32535000,1004,1672,32550000,14072
1,217,3255000,3255000,1004,1672,3270000,1408
1,2170,32550000,32550000,1004,1672,32565000,14081
1,2171,32565000,32565000,1004,1672,32580000,14087
1,2172,32580000,32580000,1004,1672,32595000,14093
1,2173,32595000,32595000,1004,1672,32610000,14100
1,2174,32610000,32610000,1004,1672,32625000,14105
1,2175,32625000,32625000,1004,1672,32640000,14112
1,2176,32640000,32640000,1004,1672,32655000,14120
1,2177,32655000,32655000,1004,1672,32670000,14125
1,2178,32670000,32670000,1004,1672,32685000,14133
1,2179,32685000,32685000,1004,1672,32700000,14137
1,218,3270000,3270000,1004,1672,3285000,1415
1,2180,32700000,32700000,1004,1672,32715000,14144
1,2181,32715000,32715000,1004,1672,32730000,14154
1,2182,32730000,32730000,1004,1672,32745000,14158
1,2183,32745000,32745000,1004,1672,32760000,14164
1,2184,32760000,32760000,1004,1672,32775000,14170
1,2185,32775000,32775000,1004,1672,32790000,14177
1,2186,32790000,32790000,1004,1672,32805000,14185
1,2187,32805000,32805000,1004,1672,32820000,14190
1,2188,32820000,32820000,1004,1672,32835000,14198
1,2189,32835000,32835000,1004,1672,32850000,14202
1,219,3285000,3285000,1004,1672,3300000,1420
1,2190,32850000,32850000,1004,1672,32865000,14210
1,2191,32865000,32865000,1004,1672,32880000,14217
1,2192,32880000,32880000,1004,1672,32895000,14221
1,2193,32895000,32895000,1004,1672,32910000,14231
1,2194,32910000,32910000,1004,1672,32925000,14235
1,2195,32925000,32925000,1004,1672,32940000,14242
1,2196,32940000,32940000,1004,1672,32955000,14250
1,2197,32955000,32955000,1004,1672,32970000,14254
1,2198,32970000,32970000,1004,1672,32985000,14263
1,2199,32985000,32985000,1004,1672,33000000,14267
1,22,330000,330000,1004,1672,345000,143
1,220,3300000,3300000,1004,1672,3315000,1427
1,2200,33000000,33000000,1004,1672,33015000,14275
1,2201,33015000,33015000,1004,1672,33030000,14282
1,2202,33030000,33030000,1004,1672,33045000,14288
1,2203,33045000,33045000,1004,1672,33060000,14294
1,2204,33060000,33060000,1004,1672,33075000,14299
1,2205,33075000,33075000,1004,1672,33090000,14308
1,2206,33090000,33090000,1004,1672,33105000,14315
1,2207,33105000,33105000,1004,1672,33120000,14319
1,2208,33120000,33120000,1004,1672,33135000,14327
1,2209,33135000,33135000,1004,1672,33150000,14332
1,221,3315000,3315000,1004,1672,3330000,1436
1,2210,33150000,33150000,1004,1672,33165000,14340
1,2211,33165000,33165000,1004,1672,33180000,14347
1,2212,33180000,33180000,1004,1672,33195000,14352
1,2213,33195000,33195000,1004,1672,33210000,14359
1,2214,33210000,33210000,1004,1672,33225000,14365
1,2215,33225000,33225000,1004,1672,33240000,14372
1,2216,33240000,33240000,1004,1672,33255000,14380
1,2217,33255000,33255000,1004,1672,33270000,14385
1,2218,33270000,33270000,1004,1672,33285000,14392
1,2219,33285000,33285000,1004,1672,33300000,14396
1,222,3330000,3330000,1004,1672,3345000,1441
1,2220,33300000,33300000,1004,1672,33315000,14404
1,2221,33315000,33315000,1004,1672,33330000,14413
1,2222,33330000,33330000,1004,1672,33345000,14417
1,2223,33345000,33345000,1004,1672,33360000,14425
1,2224,33360000,33360000,1004,1672,33375000,14429
1,2225,33375000,33375000,1004,1672,33390000,14436
1,2226,33390000,33390000,1004,1672,33405000,14445
1,2227,33405000,33405000,1004,1672,33420000,14449
1,2228,33420000,33420000,1004,1672,33435000,14457
1,2229,33435000,33435000,1004,1672,33450000,14462
1,223,3345000,3345000,1004,1672,3360000,1447
1,2230,33450000,33450000,1004,1672,33465000,14470
1,2231,33465000,33465000,1004,1672,33480000,14476
1,2232,33480000,33480000,1004,1672,33495000,14482
1,2233,33495000,33495000,1004,1672,33510000,14490
1,2234,33510000,33510000,1004,1672,33525000,14494
1,2235,33525000,33525000,1004,1672,33540000,14502
1,2236,33540000,33540000,1004,1672,33555000,14509
1,2237,33555000,33555000,1004,1672,33570000,14514
1,2238,33570000,33570000,1004,1672,33585000,14523
1,2239,33585000,33585000,1004,1672,33600000,14526
1,224,3360000,3360000,1004,1672,3375000,1452
1,2240,33600000,33600000,1004,1672,33615000,14534
1,2241,33615000,33615000,1004,1672,33630000,14542
1,2242,33630000,33630000,1004,1672,33645000,14547
1,2243,33645000,33645000,1004,1672,33660000,14553
1,2244,33660000,33660000,1004,1672,33675000,14560
1,2245,33675000,33675000,1004,1672,33690000,14567
1,2246,33690000,33690000,1004,1672,33705000,14574
1,2247,33705000,33705000,1004,1672,33720000,14579
1,2248,33720000,33720000,1004,1672,33735000,14586
1,2249,33735000,33735000,1004,1672,33750000,14592
1,225,3375000,3375000,1004,1672,3390000,1460
1,2250,33750000,33750000,1004,1672,33765000,14600
1,2251,33765000,33765000,1004,1672,33780000,14607
1,2252,33780000,33780000,1004,1672,33795000,14611
1,2253,33795000,33795000,1004,1672,33810000,14619
1,2254,33810000,33810000,1004,1672,33825000,14624
1,2255,33825000,33825000,1004,1672,33840000,14631
1,2256,33840000,33840000,1004,1672,33855000,14640
1,2257,33855000,33855000,1004,1672,33870000,14644
1,2258,33870000,33870000,1004,1672,33885000,14652
1,2259,33885000,33885000,1004,1672,33900000,14656
1,226,3390000,3390000,1004,1672,3405000,1469
1,2260,33900000,33900000,1004,1672,33915000,14663
1,2261,33915000,33915000,1004,1672,33930000,14672
1,2262,33930000,33930000,1004,1672,33945000,14677
1,2263,33945000,33945000,1004,1672,33960000,14684
1,2264,33960000,33960000,1004,1672,33975000,14688
1,2265,33975000,33975000,1004,1672,33990000,14697
1,2266,33990000,33990000,1004,1672,34005000,14705
1,2267,34005000,34005000,1004,1672,34020000,14708
1,2268,34020000,34020000,1004,1672,34035000,14717
1,2269,34035000,34035000,1004,1672,34050000,14721
1,227,3405000,3405000,1004,1672,3420000,1472
1,2270,34050000,34050000,1004,1672,34065000,14729
1,2271,34065000,34065000,1004,1672,34080000,14736
1,2272,34080000,34080000,1004,1672,34095000,14742
1,2273,34095000,34095000,1004,1672,34110000,14749
1,2274,34110000,34110000,1004,1672,34125000,14754
1,2275,34125000,34125000,1004,1672,34140000,14761
1,2276,34140000,34140000,1004,1672,34155000,14768
1,2277,34155000,34155000,1004,1672,34170000,14774
1,2278,34170000,34170000,1004,1672,34185000,14782
1,2279,34185000,34185000,1004,1672,34200000,14786
1,228,3420000,3420000,1004,1672,3435000,1481
1,2280,34200000,34200000,1004,1672,34215000,14794
1,2281,34215000,34215000,1004,1672,34230000,14801
1,2282,34230000,34230000,1004,1672,34245000,14806
1,2283,34245000,34245000,1004,1672,34260000,14814
1,2284,34260000,34260000,1004,1672,34275000,14819
1,2285,34275000,34275000,1004,1672,34290000,14826
1,2286,34290000,34290000,1004,1672,34305000,14835
1,2287,34305000,34305000,1004,1672,34320000,14838
1,2288,34320000,34320000,1004,1672,34335000,14845
1,2289,34335000,34335000,1004,1672,34350000,14852
1,229,3435000,3435000,1004,1672,3450000,1485
1,2290,34350000,34350000,1004,1672,34365000,14859
1,2291,34365000,34365000,1004,1672,34380000,14866
1,2292,34380000,34380000,1004,1672,34395000,14871
1,2293,34395000,34395000,1004,1672,34410000,14879
1,2294,34410000,34410000,1004,1672,34425000,14883
1,2295,34425000,34425000,1004,1672,34440000,14891
1,2296,34440000,34440000,1004,1672,34455000,14899
1,2297,34455000,34455000,1004,1672,34470000,14903
1,2298,34470000,34470000,1004,1672,34485000,14912
1,2299,34485000,34485000,1004,1672,34500000,14915
1,23,345000,345000,1004,1672,360000,150
1,230,3450000,3450000,1004,1672,3465000,1492
1,2300,34500000,34500000,1004,1672,34515000,14924
1,2301,34515000,34515000,1004,1672,34530000,14932
1,2302,34530000,34530000,1004,1672,34545000,14936
1,2303,34545000,34545000,1004,1672,34560000,14943
1,2304,34560000,34560000,1004,1672,34575000,14948
1,2305,34575000,34575000,1004,1672,34590000,14956
1,2306,34590000,34590000,1004,1672,34605000,14964
1,2307,34605000,34605000,1004,1672,34620000,14969
1,2308,34620000,34620000,1004,1672,34635000,14976
1,2309,34635000,34635000,1004,1672,34650000,14980
1,231,3465000,3465000,1004,1672,3480000,1500
1,2310,34650000,34650000,1004,1672,34665000,14989
1,2311,34665000,34665000,1004,1672,34680000,14995
1,2312,34680000,34680000,1004,1672,34695000,15001
1,2313,34695000,34695000,1004,1672,34710000,15009
1,2314,34710000,34710000,1004,1672,34725000,15014
1,2315,34725000,34725000,1004,1672,34740000,15020
1,2316,34740000,34740000,1004,1672,34755000,15028
1,2317,34755000,34755000,1004,1672,34770000,15034
1,2318,34770000,34770000,1004,1672,34785000,15041
1,2319,34785000,34785000,1004,1672,34800000,15046
1,232,3480000,3480000,1004,1672,3495000,1505
1,2320,34800000,34800000,1004,1672,34815000,15053
1,2321,34815000,34815000,1004,1672,34830000,15061
1,2322,34830000,34830000,1004,1672,34845000,15066
1,2323,34845000,34845000,1004,1672,34860000,15073
1,2324,34860000,34860000,1004,1672,34875000,15078
1,2325,34875000,34875000,1004,1672,34890000,15086
1,2326,34890000,34890000,1004,1672,34905000,15094
1,2327,34905000,34905000,1004,1672,34920000,15097
1,2328,34920000,34920000,1004,1672,34935000,15106
1,2329,34935000,34935000,1004,1672,34950000,15111
1,233,3495000,3495000,1004,1672,3510000,1513
1,2330,34950000,34950000,1004,1672,34965000,15118
1,2331,34965000,34965000,1004,1672,34980000,15126
1,2332,34980000,34980000,1004,1672,34995000,15130
1,2333,34995000,34995000,1004,1672,35010000,15138
1,2334,35010000,35010000,1004,1672,35025000,15144
1,2335,35025000,35025000,1004,1672,35040000,15151
1,2336,35040000,35040000,1004,1672,35055000,15158
1,2337,35055000,35055000,1004,1672,35070000,15163
1,2338,35070000,35070000,1004,1672,35085000,15171
1,2339,35085000,35085000,1004,1672,35100000,15174
1,234,3510000,3510000,1004,1672,3525000,1518
1,2340,35100000,35100000,1004,1672,35115000,15184
1,2341,35115000,35115000,1004,1672,35130000,15191
1,2342,35130000,35130000,1004,1672,35145000,15196
1,2343,35145000,35145000,1004,1672,35160000,15203
1,2344,35160000,35160000,1004,1672,35175000,15207
1,2345,35175000,35175000,1004,1672,35190000,15215
1,2346,35190000,35190000,1004,1672,35205000,15224
1,2347,35205000,35205000,1004,1672,35220000,15228
1,2348,35220000,35220000,1004,1672,35235000,15235
1,2349,35235000,35235000,1004,1672,35250000,15241
1,235,3525000,3525000,1004,1672,3540000,1525
1,2350,35250000,35250000,1004,1672,35265000,15248
1,2351,35265000,35265000,1004,1672,35280000,15255
1,2352,35280000,35280000,1004,1672,35295000,15261
1,2353,35295000,35295000,1004,1672,35310000,15268
1,2354,35310000,35310000,1004,1672,35325000,15273
1,2355,35325000,35325000,1004,1672,35340000,15280
1,2356,35340000,35340000,1004,1672,35355000,15288
1,2357,35355000,35355000,1004,1672,35370000,15293
1,2358,35370000,35370000,1004,1672,35385000,15301
1,2359,35385000,35385000,1004,1672,35400000,15305
1,236,3540000,3540000,1004,1672,3555000,1532
1,2360,35400000,35400000,1004,1672,35415000,15312
1,2361,35415000,35415000,1004,1672,35430000,15321
1,2362,35430000,35430000,1004,1672,35445000,15325
1,2363,35445000,35445000,1004,1672,35460000,15333
1,2364,35460000,35460000,1004,1672,35475000,15338
1,2365,35475000,35475000,1004,1672,35490000,15345
1,2366,35490000,35490000,1004,1672,35505000,15353
1,2367,35505000,35505000,1004,1672,35520000,15357
1,2368,35520000,35520000,1004,1672,35535000,15366
1,2369,35535000,35535000,1004,1672,35550000,15370
1,237,3555000,3555000,1004,1672,3570000,1537
1,2370,35550000,35550000,1004,1672,35565000,15379
1,2371,35565000,35565000,1004,1672,35580000,15385
1,2372,35580000,35580000,1004,1672,35595000,15389
1,2373,35595000,35595000,1004,1672,35610000,15398
1,2374,35610000,35610000,1004,1672,35625000,15403
1,2375,35625000,35625000,1004,1672,35640000,15410
1,2376,35640000,35640000,1004,1672,35655000,15418
1,2377,35655000,35655000,1004,1672,35670000,15423
1,2378,35670000,35670000,1004,1672,35685000,15430
1,2379,35685000,35685000,1004,1672,35700000,15434
1,238,3570000,3570000,1004,1672,3585000,1546
1,2380,35700000,35700000,1004,1672,35715000,15443
1,2381,35715000,35715000,1004,1672,35730000,15450
1,2382,35730000,35730000,1004,1672,35745000,15456
1,2383,35745000,35745000,1004,1672,35760000,15462
1,2384,35760000,35760000,1004,1672,35775000,15467
1,2385,35775000,35775000,1004,1672,35790000,15476
1,2386,35790000,35790000,1004,1672,35805000,15483
1,2387,35805000,35805000,1004,1672,35820000,15487
1,2388,35820000,35820000,1004,1672,35835000,15495
1,2389,35835000,35835000,1004,1672,35850000,15500
1,239,3585000,3585000,1004,1672,3600000,1549
1,2390,35850000,35850000,1004,1672,35865000,15507
1,2391,35865000,35865000,1004,1672,35880000,15516
1,2392,35880000,35880000,1004,1672,35895000,15520
1,2393,35895000,35895000,1004,1672,35910000,15527
1,2394,35910000,35910000,1004,1672,35925000,15533
1,2395,35925000,35925000,1004,1672,35940000,15539
1,2396,35940000,35940000,1004,1672,35955000,15547
1,2397,35955000,35955000,1004,1672,35970000,15553
1,2398,35970000,35970000,1004,1672,35985000,15561
1,2399,35985000,35985000,1004,1672,36000000,15564
1,24,360000,360000,1004,1672,375000,155
1,240,3600000,3600000,1004,1672,3615000,1558
1,2400,36000000,36000000,1004,1672,36015000,15572
1,2401,36015000,36015000,1004,1672,36030000,15580
1,2402,36030000,36030000,1004,1672,36045000,15585
1,2403,36045000,36045000,1004,1672,36060000,15593
1,2404,36060000,36060000,1004,1672,36075000,15597
1,2405,36075000,36075000,1004,1672,36090000,15605
1,2406,36090000,36090000,1004,1672,36105000,15613
1,2407,36105000,36105000,1004,1672,36120000,15616
1,2408,36120000,36120000,1004,1672,36135000,15625
1,2409,36135000,36135000,1004,1672,36150000,15630
1,241,3615000,3615000,1004,1672,3630000,1565
1,2410,36150000,36150000,1004,1672,36165000,15638
1,2411,36165000,36165000,1004,1672,36180000,15644
1,2412,36180000,36180000,1004,1672,36195000,15650
1,2413,36195000,36195000,1004,1672,36210000,15657
1,2414,36210000,36210000,1004,1672,36225000,15662
1,2415,36225000,36225000,1004,1672,36240000,15670
1,2416,36240000,36240000,1004,1672,36255000,15677
1,2417,36255000,36255000,1004,1672,36270000,15682
1,2418,36270000,36270000,1004,1672,36285000,15690
1,2419,36285000,36285000,1004,1672,36300000,15695
1,242,3630000,3630000,1004,1672,3645000,1570
1,2420,36300000,36300000,1004,1672,36315000,15702
1,2421,36315000,36315000,1004,1672,36330000,15710
1,2422,36330000,36330000,1004,1672,36345000,15715
1,2423,36345000,36345000,1004,1672,36360000,15721
1,2424,36360000,36360000,1004,1672,36375000,15727
1,2425,36375000,36375000,1004,1672,36390000,15735
1,2426,36390000,36390000,1004,1672,36405000,15743
1,2427,36405000,36405000,1004,1672,36420000,15747
1,2428,36420000,36420000,1004,1672,36435000,15754
1,2429,36435000,36435000,1004,1672,36450000,15759
1,243,3645000,3645000,1004,1672,3660000,1578
1,2430,36450000,36450000,1004,1672,36465000,15767
1,2431,36465000,36465000,1004,1672,36480000,15775
1,2432,36480000,36480000,1004,1672,36495000,15779
1,2433,36495000,36495000,1004,1672,36510000,15788
1,2434,36510000,36510000,1004,1672,36525000,15792
1,2435,36525000,36525000,1004,1672,36540000,15798
1,2436,36540000,36540000,1004,1672,36555000,15808
1,2437,36555000,36555000,1004,1672,36570000,15812
1,2438,36570000,36570000,1004,1672,36585000,15820
1,2439,36585000,36585000,1004,1672,36600000,15824
1,244,3660000,3660000,1004,1672,3675000,1582
1,2440,36600000,36600000,1004,1672,36615000,15832
1,2441,36615000,36615000,1004,1672,36630000,15839
1,2442,36630000,36630000,1004,1672,36645000,15845
1,2443,36645000,36645000,1004,1672,36660000,15852
1,2444,36660000,36660000,1004,1672,36675000,15856
1,2445,36675000,36675000,1004,1672,36690000,15865
1,2446,36690000,36690000,1004,1672,36705000,15872
1,2447,36705000,36705000,1004,1672,36720000,15876
1,2448,36720000,36720000,1004,1672,36735000,15885
1,2449,36735000,36735000,1004,1672,36750000,15889
1,245,3675000,3675000,1004,1672,3690000,1590
1,2450,36750000,36750000,1004,1672,36765000,15897
1,2451,36765000,36765000,1004,1672,36780000,15904
1,2452,36780000,36780000,1004,1672,36795000,15909
1,2453,36795000,36795000,1004,1672,36810000,15917
1,2454,36810000,36810000,1004,1672,36825000,15923
1,2455,36825000,36825000,1004,1672,36840000,15929
1,2456,36840000,36840000,1004,1672,36855000,15936
1,2457,36855000,36855000,1004,1672,36870000,15942
1,2458,36870000,36870000,1004,1672,36885000,15949
1,2459,36885000,36885000,1004,1672,36900000,15954
1,246,3690000,3690000,1004,1672,3705000,1598
1,2460,36900000,36900000,1004,1672,36915000,15962
1,2461,36915000,36915000,1004,1672,36930000,15970
1,2462,36930000,36930000,1004,1672,36945000,15974
1,2463,36945000,36945000,1004,1672,36960000,15981
1,2464,36960000,36960000,1004,1672,36975000,15986
1,2465,36975000,36975000,1004,1672,36990000,15994
1,2466,36990000,36990000,1004,1672,37005000,16003
1,2467,37005000,37005000,1004,1672,37020000,16006
1,2468,37020000,37020000,1004,1672,37035000,16014
1,2469,37035000,37035000,1004,1672,37050000,16019
1,247,3705000,3705000,1004,1672,3720000,1602
1,2470,37050000,37050000,1004,1672,37065000,16027
1,2471,37065000,37065000,1004,1672,37080000,16034
1,2472,37080000,37080000,1004,1672,37095000,16039
1,2473,37095000,37095000,1004,1672,37110000,16047
1,2474,37110000,37110000,1004,1672,37125000,16051
1,2475,37125000,37125000,1004,1672,37140000,16059
1,2476,37140000,37140000,1004,1672,37155000,16067
1,2477,37155000,37155000,1004,1672,37170000,16071
1,2478,37170000,37170000,1004,1672,37185000,16080
1,2479,37185000,37185000,1004,1672,37200000,16083
1,248,3720000,3720000,1004,1672,3735000,1609
1,2480,37200000,37200000,1004,1672,37215000,16091
1,2481,37215000,37215000,1004,1672,37230000,16099
1,2482,37230000,37230000,1004,1672,37245000,16105
1,2483,37245000,37245000,1004,1672,37260000,16111
1,2484,37260000,37260000,1004,1672,37275000,16116
1,2485,37275000,37275000,1004,1672,37290000,16124
1,2486,37290000,37290000,1004,1672,37305000,16131
1,2487,37305000,37305000,1004,1672,37320000,16137
1,2488,37320000,37320000,1004,1672,37335000,16144
1,2489,37335000,37335000,1004,1672,37350000,16149
1,249,3735000,3735000,1004,1672,3750000,1616
1,2490,37350000,37350000,1004,1672,37365000,16157
1,2491,37365000,37365000,1004,1672,37380000,16163
1,2492,37380000,37380000,1004,1672,37395000,16168
1,2493,37395000,37395000,1004,1672,37410000,16177
1,2494,37410000,37410000,1004,1672,37425000,16182
1,2495,37425000,37425000,1004,1672,37440000,16188
1,2496,37440000,37440000,1004,1672,37455000,16197
1,2497,37455000,37455000,1004,1672,37470000,16201
1,2498,37470000,37470000,1004,1672,37485000,16208
1,2499,37485000,37485000,1004,1672,37500000,16214
1,25,375000,375000,1004,1672,390000,163
1,250,3750000,3750000,1004,1672,3765000,1623
1,2500,37500000,37500000,1004,1672,37515000,16221
1,2501,37515000,37515000,1004,1672,37530000,16229
1,2502,37530000,37530000,1004,1672,37545000,16234
1,2503,37545000,37545000,1004,1672,37560000,16241
1,2504,37560000,37560000,1004,1672,37575000,16246
1,2505,37575000,37575000,1004,1672,37590000,16254
1,2506,37590000,37590000,1004,1672,37605000,16262
1,2507,37605000,37605000,1004,1672,37620000,16265
1,2508,37620000,37620000,1004,1672,37635000,16274
1,2509,37635000,37635000,1004,1672,37650000,16278
1,251,3765000,3765000,1004,1672,3780000,1629
1,2510,37650000,37650000,1004,1672,37665000,16287
1,2511,37665000,37665000,1004,1672,37680000,16294
1,2512,37680000,37680000,1004,1672,37695000,16298
1,2513,37695000,37695000,1004,1672,37710000,16306
1,2514,37710000,37710000,1004,1672,37725000,16311
1,2515,37725000,37725000,1004,1672,37740000,16318
1,2516,37740000,37740000,1004,1672,37755000,16326
1,2517,37755000,37755000,1004,1672,37770000,16332
1,2518,37770000,37770000,1004,1672,37785000,16339
1,2519,37785000,37785000,1004,1672,37800000,16342
1,252,3780000,3780000,1004,1672,3795000,1635
1,2520,37800000,37800000,1004,1672,37815000,16351
1,2521,37815000,37815000,1004,1672,37830000,16359
1,2522,37830000,37830000,1004,1672,37845000,16364
1,2523,37845000,37845000,1004,1672,37860000,16371
1,2524,37860000,37860000,1004,1672,37875000,16376
1,2525,37875000,37875000,1004,1672,37890000,16383
1,2526,37890000,37890000,1004,1672,37905000,16391
1,2527,37905000,37905000,1004,1672,37920000,16396
1,2528,37920000,37920000,1004,1672,37935000,16403
1,2529,37935000,37935000,1004,1672,37950000,16409
1,253,3795000,3795000,1004,1672,3810000,1642
1,2530,37950000,37950000,1004,1672,37965000,16416
1,2531,37965000,37965000,1004,1672,37980000,16423
1,2532,37980000,37980000,1004,1672,37995000,16428
1,2533,37995000,37995000,1004,1672,38010000,16436
1,2534,38010000,38010000,1004,1672,38025000,16441
1,2535,38025000,38025000,1004,1672,38040000,16448
1,2536,38040000,38040000,1004,1672,38055000,16456
1,2537,38055000,38055000,1004,1672,38070000,16460
1,2538,38070000,38070000,1004,1672,38085000,16470
1,2539,38085000,38085000,1004,1672,38100000,16473
1,254,3810000,3810000,1004,1672,3825000,1647
1,2540,38100000,38100000,1004,1672,38115000,16480
1,2541,38115000,38115000,1004,1672,38130000,16489
1,2542,38130000,38130000,1004,1672,38145000,16493
1,2543,38145000,38145000,1004,1672,38160000,16500
1,2544,38160000,38160000,1004,1672,38175000,16506
1,2545,38175000,38175000,1004,1672,38190000,16514
1,2546,38190000,38190000,1004,1672,38205000,16521
1,2547,38205000,38205000,1004,1672,38220000,16525
1,2548,38220000,38220000,1004,1672,38235000,16533
1,2549,38235000,38235000,1004,1672,38250000,16537
1,255,3825000,3825000,1004,1672,3840000,1655
1,2550,38250000,38250000,1004,1672,38265000,16547
1,2551,38265000,38265000,1004,1672,38280000,16553
1,2552,38280000,38280000,1004,1672,38295000,16558
1,2553,38295000,38295000,1004,1672,38310000,16566
1,2554,38310000,38310000,1004,1672,38325000,16570
1,2555,38325000,38325000,1004,1672,38340000,16578
1,2556,38340000,38340000,1004,1672,38355000,16586
1,2557,38355000,38355000,1004,1672,38370000,16591
1,2558,38370000,38370000,1004,1672,38385000,16598
1,2559,38385000,38385000,1004,1672,38400000,16603
1,256,3840000,3840000,1004,1672,3855000,1663
1,2560,38400000,38400000,1004,1672,38415000,16610
1,2561,38415000,38415000,1004,1672,38430000,16618
1,2562,38430000,38430000,1004,1672,38445000,16624
1,2563,38445000,38445000,1004,1672,38460000,16630
1,2564,38460000,38460000,1004,1672,38475000,16635
1,2565,38475000,38475000,1004,1672,38490000,16643
1,2566,38490000,38490000,1004,1672,38505000,16651
1,2567,38505000,38505000,1004,1672,38520000,16655
1,2568,38520000,38520000,1004,1672,38535000,16663
1,2569,38535000,38535000,1004,1672,38550000,16668
1,257,3855000,3855000,1004,1672,3870000,1667
1,2570,38550000,38550000,1004,1672,38565000,16675
1,2571,38565000,38565000,1004,1672,38580000,16683
1,2572,38580000,38580000,1004,1672,38595000,16688
1,2573,38595000,38595000,1004,1672,38610000,16696
1,2574,38610000,38610000,1004,1672,38625000,16701
1,2575,38625000,38625000,1004,1672,38640000,16707
1,2576,38640000,38640000,1004,1672,38655000,16715
1,2577,38655000,38655000,1004,1672,38670000,16720
1,2578,38670000,38670000,1004,1672,38685000,16729
1,2579,38685000,38685000,1004,1672,38700000,16732
1,258,3870000,3870000,1004,1672,3885000,1675
1,2580,38700000,38700000,1004,1672,38715000,16741
1,2581,38715000,38715000,1004,1672,38730000,16748
1,2582,38730000,38730000,1004,1672,38745000,16752
1,2583,38745000,38745000,1004,1672,38760000,16760
1,2584,38760000,38760000,1004,1672,38775000,16765
1,2585,38775000,38775000,1004,1672,38790000,16773
1,2586,38790000,38790000,1004,1672,38805000,16781
1,2587,38805000,38805000,1004,1672,38820000,16785
1,2588,38820000,38820000,1004,1672,38835000,16792
1,2589,38835000,38835000,1004,1672,38850000,16798
1,259,3885000,3885000,1004,1672,3900000,1679
1,2590,38850000,38850000,1004,1672,38865000,16806
1,2591,38865000,38865000,1004,1672,38880000,16812
1,2592,38880000,38880000,1004,1672,38895000,16818
1,2593,38895000,38895000,1004,1672,38910000,16825
1,2594,38910000,38910000,1004,1672,38925000,16830
1,2595,38925000,38925000,1004,1672,38940000,16838
1,2596,38940000,38940000,1004,1672,38955000,16845
1,2597,38955000,38955000,1004,1672,38970000,16850
1,2598,38970000,38970000,1004,1672,38985000,16858
1,2599,38985000,38985000,1004,1672,39000000,16862
1,26,390000,390000,1004,1672,405000,170
1,260,3900000,3900000,1004,1672,3915000,1687
1,2600,39000000,39000000,1004,1672,39015000,16869
1,2601,39015000,39015000,1004,1672,39030000,16879
1,2602,39030000,39030000,1004,1672,39045000,16883
1,2603,39045000,39045000,1004,1672,39060000,16889
1,2604,39060000,39060000,1004,1672,39075000,16895
1,2605,39075000,39075000,1004,1672,39090000,16902
1,2606,39090000,39090000,1004,1672,39105000,16911
1,2607,39105000,39105000,1004,1672,39120000,16915
1,2608,39120000,39120000,1004,1672,39135000,16923
1,2609,39135000,39135000,1004,1672,39150000,16927
1,261,3915000,3915000,1004,1672,3930000,1696
1,2610,39150000,39150000,1004,1672,39165000,16935
1,2611,39165000,39165000,1004,1672,39180000,16942
1,2612,39180000,39180000,1004,1672,39195000,16947
1,2613,39195000,39195000,1004,1672,39210000,16956
1,2614,39210000,39210000,1004,1672,39225000,16960
1,2615,39225000,39225000,1004,1672,39240000,16967
1,2616,39240000,39240000,1004,1672,39255000,16975
1,2617,39255000,39255000,1004,1672,39270000,16979
1,2618,39270000,39270000,1004,1672,39285000,16988
1,2619,39285000,39285000,1004,1672,39300000,16992
1,262,3930000,3930000,1004,1672,3945000,1700
1,2620,39300000,39300000,1004,1672,39315000,17000
1,2621,39315000,39315000,1004,1672,39330000,17007
1,2622,39330000,39330000,1004,1672,39345000,17013
1,2623,39345000,39345000,1004,1672,39360000,17020
1,2624,39360000,39360000,1004,1672,39375000,17024
1,2625,39375000,39375000,1004,1672,39390000,17033
1,2626,39390000,39390000,1004,1672,39405000,17040
1,2627,39405000,39405000,1004,1672,39420000,17044
1,2628,39420000,39420000,1004,1672,39435000,17052
1,2629,39435000,39435000,1004,1672,39450000,17058
1,263,3945000,3945000,1004,1672,3960000,1707
1,2630,39450000,39450000,1004,1672,39465000,17065
1,2631,39465000,39465000,1004,1672,39480000,17072
1,2632,39480000,39480000,1004,1672,39495000,17077
1,2633,39495000,39495000,1004,1672,39510000,17084
1,2634,39510000,39510000,1004,1672,39525000,17090
1,2635,39525000,39525000,1004,1672,39540000,17097
1,2636,39540000,39540000,1004,1672,39555000,17105
1,2637,39555000,39555000,1004,1672,39570000,17110
1,2638,39570000,39570000,1004,1672,39585000,17117
1,2639,39585000,39585000,1004,1672,39600000,17121
1,264,3960000,3960000,1004,1672,3975000,1712
1,2640,39600000,39600000,1004,1672,39615000,17130
1,2641,39615000,39615000,1004,1672,39630000,17138
1,2642,39630000,39630000,1004,1672,39645000,17142
1,2643,39645000,39645000,1004,1672,39660000,17150
1,2644,39660000,39660000,1004,1672,39675000,17154
1,2645,39675000,39675000,1004,1672,39690000,17161
1,2646,39690000,39690000,1004,1672,39705000,17171
1,2647,39705000,39705000,1004,1672,39720000,17174
1,2648,39720000,39720000,1004,1672,39735000,17182
1,2649,39735000,39735000,1004,1672,39750000,17187
1,265,3975000,3975000,1004,1672,3990000,1719
1,2650,39750000,39750000,1004,1672,39765000,17195
1,2651,39765000,39765000,1004,1672,39780000,17201
1,2652,39780000,39780000,1004,1672,39795000,17207
1,2653,39795000,39795000,1004,1672,39810000,17215
1,2654,39810000,39810000,1004,1672,39825000,17219
1,2655,39825000,39825000,1004,1672,39840000,17227
1,2656,39840000,39840000,1004,1672,39855000,17234
1,2657,39855000,39855000,1004,1672,39870000,17240
1,2658,39870000,39870000,1004,1672,39885000,17248
1,2659,39885000,39885000,1004,1672,39900000,17251
1,266,3990000,3990000,1004,1672,4005000,1728
1,2660,39900000,39900000,1004,1672,39915000,17259
1,2661,39915000,39915000,1004,1672,39930000,17267
1,2662,39930000,39930000,1004,1672,39945000,17272
1,2663,39945000,39945000,1004,1672,39960000,17279
1,2664,39960000,39960000,1004,1672,39975000,17285
1,2665,39975000,39975000,1004,1672,39990000,17292
1,2666,39990000,39990000,1004,1672,40005000,17299
1,2667,40005000,40005000,1004,1672,40020000,17304
1,2668,40020000,40020000,1004,1672,40035000,17311
1,2669,40035000,40035000,1004,1672,40050000,17317
1,267,4005000,4005000,1004,1672,4020000,1732
1,2670,40050000,40050000,1004,1672,40065000,17325
1,2671,40065000,40065000,1004,1672,40080000,17332
1,2672,40080000,40080000,1004,1672,40095000,17336
1,2673,40095000,40095000,1004,1672,40110000,17344
1,2674,40110000,40110000,1004,1672,40125000,17350
1,2675,40125000,40125000,1004,1672,40140000,17356
1,2676,40140000,40140000,1004,1672,40155000,17365
1,2677,40155000,40155000,1004,1672,40170000,17369
1,2678,40170000,40170000,1004,1672,40185000,17377
1,2679,40185000,40185000,1004,1672,40200000,17381
1,268,4020000,4020000,1004,1672,4035000,1740
1,2680,40200000,40200000,1004,1672,40215000,17389
1,2681,40215000,40215000,1004,1672,40230000,17397
1,2682,40230000,40230000,1004,1672,40245000,17402
1,2683,40245000,40245000,1004,1672,40260000,17409
1,2684,40260000,40260000,1004,1672,40275000,17413
1,2685,40275000,40275000,1004,1672,40290000,17422
1,2686,40290000,40290000,1004,1672,40305000,17430
1,2687,40305000,40305000,1004,1672,40320000,17433
1,2688,40320000,40320000,1004,1672,40335000,17442
1,2689,40335000,40335000,1004,1672,40350000,17446
1,269,4035000,4035000,1004,1672,4050000,1744
1,2690,40350000,40350000,1004,1672,40365000,17454
1,2691,40365000,40365000,1004,1672,40380000,17462
1,2692,40380000,40380000,1004,1672,40395000,17467
1,2693,40395000,40395000,1004,1672,40410000,17474
1,2694,40410000,40410000,1004,1672,40425000,17479
1,2695,40425000,40425000,1004,1672,40440000,17486
1,2696,40440000,40440000,1004,1672,40455000,17493
1,2697,40455000,40455000,1004,1672,40470000,17500
1,2698,40470000,40470000,1004,1672,40485000,17507
1,2699,40485000,40485000,1004,1672,40500000,17511
1,27,405000,405000,1004,1672,420000,174
1,270,4050000,4050000,1004,1672,4065000,1753
1,2700,40500000,40500000,1004,1672,40515000,17519
1,2701,40515000,40515000,1004,1672,40530000,17526
1,2702,40530000,40530000,1004,1672,40545000,17531
1,2703,40545000,40545000,1004,1672,40560000,17539
1,2704,40560000,40560000,1004,1672,40575000,17544
1,2705,40575000,40575000,1004,1672,40590000,17551
1,2706,40590000,40590000,1004,1672,40605000,17560
1,2707,40605000,40605000,1004,1672,40620000,17563
1,2708,40620000,40620000,1004,1672,40635000,17571
1,2709,40635000,40635000,1004,1672,40650000,17577
1,271,4065000,4065000,1004,1672,4080000,1759
1,2710,40650000,40650000,1004,1672,40665000,17584
1,2711,40665000,40665000,1004,1672,40680000,17591
1,2712,40680000,40680000,1004,1672,40695000,17596
1,2713,40695000,40695000,1004,1672,40710000,17604
1,2714,40710000,40710000,1004,1672,40725000,17609
1,2715,40725000,40725000,1004,1672,40740000,17616
1,2716,40740000,40740000,1004,1672,40755000,17624
1,2717,40755000,40755000,1004,1672,40770000,17628
1,2718,40770000,40770000,1004,1672,40785000,17637
1,2719,40785000,40785000,1004,1672,40800000,17640
1,272,4080000,4080000,1004,1672,4095000,1764
1,2720,40800000,40800000,1004,1672,40815000,17649
1,2721,40815000,40815000,1004,1672,40830000,17657
1,2722,40830000,40830000,1004,1672,40845000,17661
1,2723,40845000,40845000,1004,1672,40860000,17668
1,2724,40860000,40860000,1004,1672,40875000,17673
1,2725,40875000,40875000,1004,1672,40890000,17682
1,2726,40890000,40890000,1004,1672,40905000,17689
1,2727,40905000,40905000,1004,1672,40920000,17694
1,2728,40920000,40920000,1004,1672,40935000,17701
1,2729,40935000,40935000,1004,1672,40950000,17705
1,273,4095000,4095000,1004,1672,4110000,1773
1,2730,40950000,40950000,1004,1672,40965000,17714
1,2731,40965000,40965000,1004,1672,40980000,17721
1,2732,40980000,40980000,1004,1672,40995000,17726
1,2733,40995000,40995000,1004,1672,41010000,17734
1,2734,41010000,41010000,1004,1672,41025000,17739
1,2735,41025000,41025000,1004,1672,41040000,17745
1,2736,41040000,41040000,1004,1672,41055000,17753
1,2737,41055000,41055000,1004,1672,41070000,17759
1,2738,41070000,41070000,1004,1672,41085000,17766
1,2739,41085000,41085000,1004,1672,41100000,17771
1,274,4110000,4110000,1004,1672,4125000,1777
1,2740,41100000,41100000,1004,1672,41115000,17778
1,2741,41115000,41115000,1004,1672,41130000,17786
1,2742,41130000,41130000,1004,1672,41145000,17792
1,2743,41145000,41145000,1004,1672,41160000,17798
1,2744,41160000,41160000,1004,1672,41175000,17803
1,2745,41175000,41175000,1004,1672,41190000,17811
1,2746,41190000,41190000,1004,1672,41205000,17819
1,2747,41205000,41205000,1004,1672,41220000,17822
1,2748,41220000,41220000,1004,1672,41235000,17832
1,2749,41235000,41235000,1004,1672,41250000,17836
1,275,4125000,4125000,1004,1672,4140000,1784
1,2750,41250000,41250000,1004,1672,41265000,17843
1,2751,41265000,41265000,1004,1672,41280000,17851
1,2752,41280000,41280000,1004,1672,41295000,17855
1,2753,41295000,41295000,1004,1672,41310000,17863
1,2754,41310000,41310000,1004,1672,41325000,17869
1,2755,41325000,41325000,1004,1672,41340000,17876
1,2756,41340000,41340000,1004,1672,41355000,17883
1,2757,41355000,41355000,1004,1672,41370000,17888
1,2758,41370000,41370000,1004,1672,41385000,17896
1,2759,41385000,41385000,1004,1672,41400000,17900
1,276,4140000,4140000,1004,1672,4155000,1792
1,2760,41400000,41400000,1004,1672,41415000,17909
1,2761,41415000,41415000,1004,1672,41430000,17916
1,2762,41430000,41430000,1004,1672,41445000,17921
1,2763,41445000,41445000,1004,1672,41460000,17928
1,2764,41460000,41460000,1004,1672,41475000,17932
1,2765,41475000,41475000,1004,1672,41490000,17941
1,2766,41490000,41490000,1004,1672,41505000,17949
1,2767,41505000,41505000,1004,1672,41520000,17953
1,2768,41520000,41520000,1004,1672,41535000,17960
1,2769,41535000,41535000,1004,1672,41550000,17966
1,277,4155000,4155000,1004,1672,4170000,1798
1,2770,41550000,41550000,1004,1672,41565000,17973
1,2771,41565000,41565000,1004,1672,41580000,17980
1,2772,41580000,41580000,1004,1672,41595000,17986
1,2773,41595000,41595000,1004,1672,41610000,17993
1,2774,41610000,41610000,1004,1672,41625000,17998
1,2775,41625000,41625000,1004,1672,41640000,18005
1,2776,41640000,41640000,1004,1672,41655000,18014
1,2777,41655000,41655000,1004,1672,41670000,18018
1,2778,41670000,41670000,1004,1672,41685000,18026
1,2779,41685000,41685000,1004,1672,41700000,18030
1,278,4170000,4170000,1004,1672,4185000,1805
1,2780,41700000,41700000,1004,1672,41715000,18037
1,2781,41715000,41715000,1004,1672,41730000,18046
1,2782,41730000,41730000,1004,1672,41745000,18051
1,2783,41745000,41745000,1004,1672,41760000,18058
1,2784,41760000,41760000,1004,1672,41775000,18063
1,2785,41775000,41775000,1004,1672,41790000,18070
1,2786,41790000,41790000,1004,1672,41805000,18078
1,2787,41805000,41805000,1004,1672,41820000,18082
1,2788,41820000,41820000,1004,1672,41835000,18091
1,2789,41835000,41835000,1004,1672,41850000,18095
1,279,4185000,4185000,1004,1672,4200000,1809
1,2790,41850000,41850000,1004,1672,41865000,18104
1,2791,41865000,41865000,1004,1672,41880000,18110
1,2792,41880000,41880000,1004,1672,41895000,18114
1,2793,41895000,41895000,1004,1672,41910000,18124
1,2794,41910000,41910000,1004,1672,41925000,18128
1,2795,41925000,41925000,1004,1672,41940000,18135
1,2796,41940000,41940000,1004,1672,41955000,18143
1,2797,41955000,41955000,1004,1672,41970000,18148
1,2798,41970000,41970000,1004,1672,41985000,18155
1,2799,41985000,41985000,1004,1672,42000000,18160
1,28,420000,420000,1004,1672,435000,183
1,280,4200000,4200000,1004,1672,4215000,1817
1,2800,42000000,42000000,1004,1672,42015000,18168
1,2801,42015000,42015000,1004,1672,42030000,18175
1,2802,42030000,42030000,1004,1672,42045000,18181
1,2803,42045000,42045000,1004,1672,42060000,18187
1,2804,42060000,42060000,1004,1672,42075000,18192
1,2805,42075000,42075000,1004,1672,42090000,18201
1,2806,42090000,42090000,1004,1672,42105000,18208
1,2807,42105000,42105000,1004,1672,42120000,18212
1,2808,42120000,42120000,1004,1672,42135000,18220
1,2809,42135000,42135000,1004,1672,42150000,18225
1,281,4215000,4215000,1004,1672,4230000,1824
1,2810,42150000,42150000,1004,1672,42165000,18233
1,2811,42165000,42165000,1004,1672,42180000,18241
1,2812,42180000,42180000,1004,1672,42195000,18245
1,2813,42195000,42195000,1004,1672,42210000,18252
1,2814,42210000,42210000,1004,1672,42225000,18258
1,2815,42225000,42225000,1004,1672,42240000,18264
1,2816,42240000,42240000,1004,1672,42255000,18273
1,2817,42255000,42255000,1004,1672,42270000,18278
1,2818,42270000,42270000,1004,1672,42285000,18286
1,2819,42285000,42285000,1004,1672,42300000,18289
1,282,4230000,4230000,1004,1672,4245000,1830
1,2820,42300000,42300000,1004,1672,42315000,18297
1,2821,42315000,42315000,1004,1672,42330000,18305
1,2822,42330000,42330000,1004,1672,42345000,18310
1,2823,42345000,42345000,1004,1672,42360000,18318
1,2824,42360000,42360000,1004,1672,42375000,18322
1,2825,42375000,42375000,1004,1672,42390000,18330
1,2826,42390000,42390000,1004,1672,42405000,18338
1,2827,42405000,42405000,1004,1672,42420000,18342
1,2828,42420000,42420000,1004,1672,42435000,18350
1,2829,42435000,42435000,1004,1672,42450000,18355
1,283,4245000,4245000,1004,1672,4260000,1837
1,2830,42450000,42450000,1004,1672,42465000,18363
1,2831,42465000,42465000,1004,1672,42480000,18369
1,2832,42480000,42480000,1004,1672,42495000,18375
1,2833,42495000,42495000,1004,1672,42510000,18383
1,2834,42510000,42510000,1004,1672,42525000,18387
1,2835,42525000,42525000,1004,1672,42540000,18395
1,2836,42540000,42540000,1004,1672,42555000,18402
1,2837,42555000,42555000,1004,1672,42570000,18407
1,2838,42570000,42570000,1004,1672,42585000,18415
1,2839,42585000,42585000,1004,1672,42600000,18420
1,284,4260000,4260000,1004,1672,4275000,1842
1,2840,42600000,42600000,1004,1672,42615000,18427
1,2841,42615000,42615000,1004,1672,42630000,18435
1,2842,42630000,42630000,1004,1672,42645000,18440
1,2843,42645000,42645000,1004,1672,42660000,18446
1,2844,42660000,42660000,1004,1672,42675000,18453
1,2845,42675000,42675000,1004,1672,42690000,18460
1,2846,42690000,42690000,1004,1672,42705000,18468
1,2847,42705000,42705000,1004,1672,42720000,18472
1,2848,42720000,42720000,1004,1672,42735000,18479
1,2849,42735000,42735000,1004,1672,42750000,18484
1,285,4275000,4275000,1004,1672,4290000,1850
1,2850,42750000,42750000,1004,1672,42765000,18493
1,2851,42765000,42765000,1004,1672,42780000,18500
1,2852,42780000,42780000,1004,1672,42795000,18504
1,2853,42795000,42795000,1004,1672,42810000,18513
1,2854,42810000,42810000,1004,1672,42825000,18517
1,2855,42825000,42825000,1004,1672,42840000,18523
1,2856,42840000,42840000,1004,1672,42855000,18533
1,2857,42855000,42855000,1004,1672,42870000,18537
1,2858,42870000,42870000,1004,1672,42885000,18545
1,2859,42885000,42885000,1004,1672,42900000,18549
1,286,4290000,4290000,1004,1672,4305000,1857
1,2860,42900000,42900000,1004,1672,42915000,18557
1,2861,42915000,42915000,1004,1672,42930000,18565
1,2862,42930000,42930000,1004,1672,42945000,18570
1,2863,42945000,42945000,1004,1672,42960000,18577
1,2864,42960000,42960000,1004,1672,42975000,18581
1,2865,42975000,42975000,1004,1672,42990000,18590
1,2866,42990000,42990000,1004,1672,43005000,18597
1,2867,43005000,43005000,1004,1672,43020000,18602
1,2868,43020000,43020000,1004,1672,43035000,18610
1,2869,43035000,43035000,1004,1672,43050000,18614
1,287,4305000,4305000,1004,1672,4320000,1861
1,2870,43050000,43050000,1004,1672,43065000,18622
1,2871,43065000,43065000,1004,1672,43080000,18629
1,2872,43080000,43080000,1004,1672,43095000,18634
1,2873,43095000,43095000,1004,1672,43110000,18642
1,2874,43110000,43110000,1004,1672,43125000,18648
1,2875,43125000,43125000,1004,1672,43140000,18654
1,2876,43140000,43140000,1004,1672,43155000,18661
1,2877,43155000,43155000,1004,1672,43170000,18667
1,2878,43170000,43170000,1004,1672,43185000,18675
1,2879,43185000,43185000,1004,1672,43200000,18679
1,288,4320000,4320000,1004,1672,4335000,1869
1,2880,43200000,43200000,1004,1672,43215000,18687
1,2881,43215000,43215000,1004,1672,43230000,18695
1,2882,43230000,43230000,1004,1672,43245000,18699
1,2883,43245000,43245000,1004,1672,43260000,18706
1,2884,43260000,43260000,1004,1672,43275000,18712
1,2885,43275000,43275000,1004,1672,43290000,18719
1,2886,43290000,43290000,1004,1672,43305000,18728
1,2887,43305000,43305000,1004,1672,43320000,18731
1,2888,43320000,43320000,1004,1672,43335000,18739
1,2889,43335000,43335000,1004,1672,43350000,18744
1,289,4335000,4335000,1004,1672,4350000,1875
1,2890,43350000,43350000,1004,1672,43365000,18752
1,2891,43365000,43365000,1004,1672,43380000,18759
1,2892,43380000,43380000,1004,1672,43395000,18764
1,2893,43395000,43395000,1004,1672,43410000,18772
1,2894,43410000,43410000,1004,1672,43425000,18776
1,2895,43425000,43425000,1004,1672,43440000,18785
1,2896,43440000,43440000,1004,1672,43455000,18792
1,2897,43455000,43455000,1004,1672,43470000,18796
1,2898,43470000,43470000,1004,1672,43485000,18805
1,2899,43485000,43485000,1004,1672,43500000,18808
1,29,435000,435000,1004,1672,450000,187
1,290,4350000,4350000,1004,1672,4365000,1882
1,2900,43500000,43500000,1004,1672,43515000,18816
1,2901,43515000,43515000,1004,1672,43530000,18825
1,2902,43530000,43530000,1004,1672,43545000,18830
1,2903,43545000,43545000,1004,1672,43560000,18836
1,2904,43560000,43560000,1004,1672,43575000,18841
1,2905,43575000,43575000,1004,1672,43590000,18849
1,2906,43590000,43590000,1004,1672,43605000,18856
1,2907,43605000,43605000,1004,1672,43620000,18862
1,2908,43620000,43620000,1004,1672,43635000,18869
1,2909,43635000,43635000,1004,1672,43650000,18874
1,291,4365000,4365000,1004,1672,4380000,1890
1,2910,43650000,43650000,1004,1672,43665000,18882
1,2911,43665000,43665000,1004,1672,43680000,18888
1,2912,43680000,43680000,1004,1672,43695000,18894
1,2913,43695000,43695000,1004,1672,43710000,18902
1,2914,43710000,43710000,1004,1672,43725000,18907
1,2915,43725000,43725000,1004,1672,43740000,18913
1,2916,43740000,43740000,1004,1672,43755000,18922
1,2917,43755000,43755000,1004,1672,43770000,18926
1,2918,43770000,43770000,1004,1672,43785000,18934
1,2919,43785000,43785000,1004,1672,43800000,18939
1,292,4380000,4380000,1004,1672,4395000,1894
1,2920,43800000,43800000,1004,1672,43815000,18946
1,2921,43815000,43815000,1004,1672,43830000,18954
1,2922,43830000,43830000,1004,1672,43845000,18959
1,2923,43845000,43845000,1004,1672,43860000,18966
1,2924,43860000,43860000,1004,1672,43875000,18971
1,2925,43875000,43875000,1004,1672,43890000,18979
1,2926,43890000,43890000,1004,1672,43905000,18987
1,2927,43905000,43905000,1004,1672,43920000,18990
1,2928,43920000,43920000,1004,1672,43935000,18999
1,2929,43935000,43935000,1004,1672,43950000,19004
1,293,4395000,4395000,1004,1672,4410000,1901
1,2930,43950000,43950000,1004,1672,43965000,19012
1,2931,43965000,43965000,1004,1672,43980000,19019
1,2932,43980000,43980000,1004,1672,43995000,19023
1,2933,43995000,43995000,1004,1672,44010000,19031
1,2934,44010000,44010000,1004,1672,44025000,19036
1,2935,44025000,44025000,1004,1672,44040000,19044
1,2936,44040000,44040000,1004,1672,44055000,19051
1,2937,44055000,44055000,1004,1672,44070000,19057
1,2938,44070000,44070000,1004,1672,44085000,19064
1,2939,44085000,44085000,1004,1672,44100000,19067
1,294,4410000,4410000,1004,1672,4425000,1908
1,2940,44100000,44100000,1004,1672,44115000,19076
1,2941,44115000,44115000,1004,1672,44130000,19084
1,2942,44130000,44130000,1004,1672,44145000,19089
1,2943,44145000,44145000,1004,1672,44160000,19096
1,2944,44160000,44160000,1004,1672,44175000,19101
1,2945,44175000,44175000,1004,1672,44190000,19108
1,2946,44190000,44190000,1004,1672,44205000,19117
1,2947,44205000,44205000,1004,1672,44220000,19121
1,2948,44220000,44220000,1004,1672,44235000,19128
1,2949,44235000,44235000,1004,1672,44250000,19134
1,295,4425000,4425000,1004,1672,4440000,1914
1,2950,44250000,44250000,1004,1672,44265000,19141
1,2951,44265000,44265000,1004,1672,44280000,19148
1,2952,44280000,44280000,1004,1672,44295000,19154
1,2953,44295000,44295000,1004,1672,44310000,19161
1,2954,44310000,44310000,1004,1672,44325000,19166
1,2955,44325000,44325000,1004,1672,44340000,19173
1,2956,44340000,44340000,1004,1672,44355000,19181
1,2957,44355000,44355000,1004,1672,44370000,19185
1,2958,44370000,44370000,1004,1672,44385000,19195
1,2959,44385000,44385000,1004,1672,44400000,19198
1,296,4440000,4440000,1004,1672,4455000,1922
1,2960,44400000,44400000,1004,1672,44415000,19205
1,2961,44415000,44415000,1004,1672,44430000,19214
1,2962,44430000,44430000,1004,1672,44445000,19218
1,2963,44445000,44445000,1004,1672,44460000,19226
1,2964,44460000,44460000,1004,1672,44475000,19231
1,2965,44475000,44475000,1004,1672,44490000,19239
1,2966,44490000,44490000,1004,1672,44505000,19246
1,2967,44505000,44505000,1004,1672,44520000,19250
1,2968,44520000,44520000,1004,1672,44535000,19258
1,2969,44535000,44535000,1004,1672,44550000,19263
1,297,4455000,4455000,1004,1672,4470000,1927
1,2970,44550000,44550000,1004,1672,44565000,19272
1,2971,44565000,44565000,1004,1672,44580000,19278
1,2972,44580000,44580000,1004,1672,44595000,19283
1,2973,44595000,44595000,1004,1672,44610000,19291
1,2974,44610000,44610000,1004,1672,44625000,19295
1,2975,44625000,44625000,1004,1672,44640000,19303
1,2976,44640000,44640000,1004,1672,44655000,19311
1,2977,44655000,44655000,1004,1672,44670000,19316
1,2978,44670000,44670000,1004,1672,44685000,19323
1,2979,44685000,44685000,1004,1672,44700000,19328
1,298,4470000,4470000,1004,1672,4485000,1935
1,2980,44700000,44700000,1004,1672,44715000,19336
1,2981,44715000,44715000,1004,1672,44730000,19343
1,2982,44730000,44730000,1004,1672,44745000,19349
1,2983,44745000,44745000,1004,1672,44760000,19355
1,2984,44760000,44760000,1004,1672,44775000,19360
1,2985,44775000,44775000,1004,1672,44790000,19368
1,2986,44790000,44790000,1004,1672,44805000,19377
1,2987,44805000,44805000,1004,1672,44820000,19380
1,2988,44820000,44820000,1004,1672,44835000,19388
1,2989,44835000,44835000,1004,1672,44850000,19393
1,299,4485000,4485000,1004,1672,4500000,1938
1,2990,44850000,44850000,1004,1672,44865000,19400
1,2991,44865000,44865000,1004,1672,44880000,19408
1,2992,44880000,44880000,1004,1672,44895000,19413
1,2993,44895000,44895000,1004,1672,44910000,19421
1,2994,44910000,44910000,1004,1672,44925000,19426
1,2995,44925000,44925000,1004,1672,44940000,19432
1,2996,44940000,44940000,1004,1672,44955000,19440
1,2997,44955000,44955000,1004,1672,44970000,19446
1,2998,44970000,44970000,1004,1672,44985000,19454
1,2999,44985000,44985000,1004,1672,45000000,19457
1,3,45000,45000,1004,1672,60000,20
1,30,450000,450000,1004,1672,465000,196
1,300,4500000,4500000,1004,1672,4515000,1947
1,3000,45000000,45000000,1004,1672,45015000,19466
1,3001,45015000,45015000,1004,1672,45030000,19473
1,3002,45030000,45030000,1004,1672,45045000,19477
1,3003,45045000,45045000,1004,1672,45060000,19486
1,3004,45060000,45060000,1004,1672,45075000,19490
1,3005,45075000,45075000,1004,1672,45090000,19498
1,3006,45090000,45090000,1004,1672,45105000,19506
1,3007,45105000,45105000,1004,1672,45120000,19510
1,3008,45120000,45120000,1004,1672,45135000,19517
1,3009,45135000,45135000,1004,1672,45150000,19523
1,301,4515000,4515000,1004,1672,4530000,1955
1,3010,45150000,45150000,1004,1672,45165000,19531
1,3011,45165000,45165000,1004,1672,45180000,19537
1,3012,45180000,45180000,1004,1672,45195000,19543
1,3013,45195000,45195000,1004,1672,45210000,19550
1,3014,45210000,45210000,1004,1672,45225000,19556
1,3015,45225000,45225000,1004,1672,45240000,19563
1,3016,45240000,45240000,1004,1672,45255000,19570
1,3017,45255000,45255000,1004,1672,45270000,19575
1,3018,45270000,45270000,1004,1672,45285000,19583
1,3019,45285000,45285000,1004,1672,45300000,19587
1,302,4530000,4530000,1004,1672,4545000,1959
1,3020,45300000,45300000,1004,1672,45315000,19595
1,3021,45315000,45315000,1004,1672,45330000,19604
1,3022,45330000,45330000,1004,1672,45345000,19608
1,3023,45345000,45345000,1004,1672,45360000,19614
1,3024,45360000,45360000,1004,1672,45375000,19620
1,3025,45375000,45375000,1004,1672,45390000,19627
1,3026,45390000,45390000,1004,1672,45405000,19636
1,3027,45405000,45405000,1004,1672,45420000,19640
1,3028,45420000,45420000,1004,1672,45435000,19648
1,3029,45435000,45435000,1004,1672,45450000,19652
1,303,4545000,4545000,1004,1672,4560000,1967
1,3030,45450000,45450000,1004,1672,45465000,19660
1,3031,45465000,45465000,1004,1672,45480000,19668
1,3032,45480000,45480000,1004,1672,45495000,19672
1,3033,45495000,45495000,1004,1672,45510000,19681
1,3034,45510000,45510000,1004,1672,45525000,19685
1,3035,45525000,45525000,1004,1672,45540000,19692
1,3036,45540000,45540000,1004,1672,45555000,19700
1,3037,45555000,45555000,1004,1672,45570000,19705
1,3038,45570000,45570000,1004,1672,45585000,19713
1,3039,45585000,45585000,1004,1672,45600000,19717
1,304,4560000,4560000,1004,1672,4575000,1971
1,3040,45600000,45600000,1004,1672,45615000,19725
1,3041,45615000,45615000,1004,1672,45630000,19732
1,3042,45630000,45630000,1004,1672,45645000,19738
1,3043,45645000,45645000,1004,1672,45660000,19745
1,3044,45660000,45660000,1004,1672,45675000,19749
1,3045,45675000,45675000,1004,1672,45690000,19758
1,3046,45690000,45690000,1004,1672,45705000,19765
1,3047,45705000,45705000,1004,1672,45720000,19769
1,3048,45720000,45720000,1004,1672,45735000,19778
1,3049,45735000,45735000,1004,1672,45750000,19783
1,305,4575000,4575000,1004,1672,4590000,1979
1,3050,45750000,45750000,1004,1672,45765000,19790
1,3051,45765000,45765000,1004,1672,45780000,19797
1,3052,45780000,45780000,1004,1672,45795000,19802
1,3053,45795000,45795000,1004,1672,45810000,19809
1,3054,45810000,45810000,1004,1672,45825000,19816
1,3055,45825000,45825000,1004,1672,45840000,19822
1,3056,45840000,45840000,1004,1672,45855000,19830
1,3057,45855000,45855000,1004,1672,45870000,19835
1,3058,45870000,45870000,1004,1672,45885000,19842
1,3059,45885000,45885000,1004,1672,45900000,19846
1,306,4590000,4590000,1004,1672,4605000,1988
1,3060,45900000,45900000,1004,1672,45915000,19855
1,3061,45915000,45915000,1004,1672,45930000,19863
1,3062,45930000,45930000,1004,1672,45945000,19867
1,3063,45945000,45945000,1004,1672,45960000,19875
1,3064,45960000,45960000,1004,1672,45975000,19879
1,3065,45975000,45975000,1004,1672,45990000,19887
1,3066,45990000,45990000,1004,1672,46005000,19896
1,3067,46005000,46005000,1004,1672,46020000,19899
1,3068,46020000,46020000,1004,1672,46035000,19907
1,3069,46035000,46035000,1004,1672,46050000,19912
1,307,4605000,4605000,1004,1672,4620000,1991
1,3070,46050000,46050000,1004,1672,46065000,19920
1,3071,46065000,46065000,1004,1672,46080000,19927
1,3072,46080000,46080000,1004,1672,46095000,19932
1,3073,46095000,46095000,1004,1672,46110000,19940
1,3074,46110000,46110000,1004,1672,46125000,19944
1,3075,46125000,46125000,1004,1672,46140000,19952
1,3076,46140000,46140000,1004,1672,46155000,19959
1,3077,46155000,46155000,1004,1672,46170000,19965
1,3078,46170000,46170000,1004,1672,46185000,19973
1,3079,46185000,46185000,1004,1672,46200000,19976
1,308,4620000,4620000,1004,1672,4635000,1999
1,3080,46200000,46200000,1004,1672,46215000,19984
1,3081,46215000,46215000,1004,1672,46230000,19992
1,3082,46230000,46230000,1004,1672,46245000,19998
1,3083,46245000,46245000,1004,1672,46260000,20004
1,3084,46260000,46260000,1004,1672,46275000,20010
1,3085,46275000,46275000,1004,1672,46290000,20017
1,3086,46290000,46290000,1004,1672,46305000,20024
1,3087,46305000,46305000,1004,1672,46320000,20029
1,3088,46320000,46320000,1004,1672,46335000,20037
1,3089,46335000,46335000,1004,1672,46350000,20042
1,309,4635000,4635000,1004,1672,4650000,2004
1,3090,46350000,46350000,1004,1672,46365000,20050
1,3091,46365000,46365000,1004,1672,46380000,20057
1,3092,46380000,46380000,1004,1672,46395000,20061
1,3093,46395000,46395000,1004,1672,46410000,20069
1,3094,46410000,46410000,1004,1672,46425000,20075
1,3095,46425000,46425000,1004,1672,46440000,20081
1,3096,46440000,46440000,1004,1672,46455000,20090
1,3097,46455000,46455000,1004,1672,46470000,20094
1,3098,46470000,46470000,1004,1672,46485000,20102
1,3099,46485000,46485000,1004,1672,46500000,20107
1,31,465000,465000,1004,1672,480000,202
1,310,4650000,4650000,1004,1672,4665000,2012
1,3100,46500000,46500000,1004,1672,46515000,20114
1,3101,46515000,46515000,1004,1672,46530000,20122
1,3102,46530000,46530000,1004,1672,46545000,20127
1,3103,46545000,46545000,1004,1672,46560000,20134
1,3104,46560000,46560000,1004,1672,46575000,20138
1,3105,46575000,46575000,1004,1672,46590000,20148
1,3106,46590000,46590000,1004,1672,46605000,20155
1,3107,46605000,46605000,1004,1672,46620000,20158
1,3108,46620000,46620000,1004,1672,46635000,20167
1,3109,46635000,46635000,1004,1672,46650000,20171
1,311,4665000,4665000,1004,1672,4680000,2019
1,3110,46650000,46650000,1004,1672,46665000,20179
1,3111,46665000,46665000,1004,1672,46680000,20187
1,3112,46680000,46680000,1004,1672,46695000,20192
1,3113,46695000,46695000,1004,1672,46710000,20199
1,3114,46710000,46710000,1004,1672,46725000,20204
1,3115,46725000,46725000,1004,1672,46740000,20211
1,3116,46740000,46740000,1004,1672,46755000,20219
1,3117,46755000,46755000,1004,1672,46770000,20225
1,3118,46770000,46770000,1004,1672,46785000,20232
1,3119,46785000,46785000,1004,1672,46800000,20236
1,312,4680000,4680000,1004,1672,4695000,2025
1,3120,46800000,46800000,1004,1672,46815000,20244
1,3121,46815000,46815000,1004,1672,46830000,20251
1,3122,46830000,46830000,1004,1672,46845000,20257
1,3123,46845000,46845000,1004,1672,46860000,20264
1,3124,46860000,46860000,1004,1672,46875000,20269
1,3125,46875000,46875000,1004,1672,46890000,20276
1,3126,46890000,46890000,1004,1672,46905000,20285
1,3127,46905000,46905000,1004,1672,46920000,20288
1,3128,46920000,46920000,1004,1672,46935000,20296
1,3129,46935000,46935000,1004,1672,46950000,20302
1,313,4695000,4695000,1004,1672,4710000,2032
1,3130,46950000,46950000,1004,1672,46965000,20309
1,3131,46965000,46965000,1004,1672,46980000,20316
1,3132,46980000,46980000,1004,1672,46995000,20321
1,3133,46995000,46995000,1004,1672,47010000,20330
1,3134,47010000,47010000,1004,1672,47025000,20334
1,3135,47025000,47025000,1004,1672,47040000,20341
1,3136,47040000,47040000,1004,1672,47055000,20349
1,3137,47055000,47055000,1004,1672,47070000,20353
1,3138,47070000,47070000,1004,1672,47085000,20362
1,3139,47085000,47085000,1004,1672,47100000,20366
1,314,4710000,4710000,1004,1672,4725000,2036
1,3140,47100000,47100000,1004,1672,47115000,20374
1,3141,47115000,47115000,1004,1672,47130000,20382
1,3142,47130000,47130000,1004,1672,47145000,20386
1,3143,47145000,47145000,1004,1672,47160000,20393
1,3144,47160000,47160000,1004,1672,47175000,20398
1,3145,47175000,47175000,1004,1672,47190000,20407
1,3146,47190000,47190000,1004,1672,47205000,20414
1,3147,47205000,47205000,1004,1672,47220000,20419
1,3148,47220000,47220000,1004,1672,47235000,20426
1,3149,47235000,47235000,1004,1672,47250000,20430
1,315,4725000,4725000,1004,1672,4740000,2044
1,3150,47250000,47250000,1004,1672,47265000,20440
1,3151,47265000,47265000,1004,1672,47280000,20446
1,3152,47280000,47280000,1004,1672,47295000,20451
1,3153,47295000,47295000,1004,1672,47310000,20459
1,3154,47310000,47310000,1004,1672,47325000,20464
1,3155,47325000,47325000,1004,1672,47340000,20470
1,3156,47340000,47340000,1004,1672,47355000,20479
1,3157,47355000,47355000,1004,1672,47370000,20484
1,3158,47370000,47370000,1004,1672,47385000,20491
1,3159,47385000,47385000,1004,1672,47400000,20496
1,316,4740000,4740000,1004,1672,4755000,2051
1,3160,47400000,47400000,1004,1672,47415000,20503
1,3161,47415000,47415000,1004,1672,47430000,20511
1,3162,47430000,47430000,1004,1672,47445000,20517
1,3163,47445000,47445000,1004,1672,47460000,20523
1,3164,47460000,47460000,1004,1672,47475000,20528
1,3165,47475000,47475000,1004,1672,47490000,20536
1,3166,47490000,47490000,1004,1672,47505000,20544
1,3167,47505000,47505000,1004,1672,47520000,20548
1,3168,47520000,47520000,1004,1672,47535000,20557
1,3169,47535000,47535000,1004,1672,47550000,20561
1,317,4755000,4755000,1004,1672,4770000,2057
1,3170,47550000,47550000,1004,1672,47565000,20568
1,3171,47565000,47565000,1004,1672,47580000,20576
1,3172,47580000,47580000,1004,1672,47595000,20580
1,3173,47595000,47595000,1004,1672,47610000,20589
1,3174,47610000,47610000,1004,1672,47625000,20594
1,3175,47625000,47625000,1004,1672,47640000,20601
1,3176,47640000,47640000,1004,1672,47655000,20608
1,3177,47655000,47655000,1004,1672,47670000,20613
1,3178,47670000,47670000,1004,1672,47685000,20621
1,3179,47685000,47685000,1004,1672,47700000,20625
1,318,4770000,4770000,1004,1672,4785000,2065
1,3180,47700000,47700000,1004,1672,47715000,20634
1,3181,47715000,47715000,1004,1672,47730000,20641
1,3182,47730000,47730000,1004,1672,47745000,20646
1,3183,47745000,47745000,1004,1672,47760000,20653
1,3184,47760000,47760000,1004,1672,47775000,20658
1,3185,47775000,47775000,1004,1672,47790000,20666
1,3186,47790000,47790000,1004,1672,47805000,20674
1,3187,47805000,47805000,1004,1672,47820000,20678
1,3188,47820000,47820000,1004,1672,47835000,20685
1,3189,47835000,47835000,1004,1672,47850000,20691
1,319,4785000,4785000,1004,1672,4800000,2069
1,3190,47850000,47850000,1004,1672,47865000,20699
1,3191,47865000,47865000,1004,1672,47880000,20705
1,3192,47880000,47880000,1004,1672,47895000,20711
1,3193,47895000,47895000,1004,1672,47910000,20718
1,3194,47910000,47910000,1004,1672,47925000,20723
1,3195,47925000,47925000,1004,1672,47940000,20730
1,3196,47940000,47940000,1004,1672,47955000,20739
1,3197,47955000,47955000,1004,1672,47970000,20743
1,3198,47970000,47970000,1004,1672,47985000,20751
1,3199,47985000,47985000,1004,1672,48000000,20755
1,32,480000,480000,1004,1672,495000,207
1,320,4800000,4800000,1004,1672,4815000,2076
1,3200,48000000,48000000,1004,1672,48015000,20762
1,3201,48015000,48015000,1004,1672,48030000,20772
1,3202,48030000,48030000,1004,1672,48045000,20776
1,3203,48045000,48045000,1004,1672,48060000,20783
1,3204,48060000,48060000,1004,1672,48075000,20788
1,3205,48075000,48075000,1004,1672,48090000,20795
1,3206,48090000,48090000,1004,1672,48105000,20803
1,3207,48105000,48105000,1004,1672,48120000,20808
1,3208,48120000,48120000,1004,1672,48135000,20816
1,3209,48135000,48135000,1004,1672,48150000,20820
1,321,4815000,4815000,1004,1672,4830000,2084
1,3210,48150000,48150000,1004,1672,48165000,20829
1,3211,48165000,48165000,1004,1672,48180000,20835
1,3212,48180000,48180000,1004,1672,48195000,20839
1,3213,48195000,48195000,1004,1672,48210000,20849
1,3214,48210000,48210000,1004,1672,48225000,20853
1,3215,48225000,48225000,1004,1672,48240000,20860
1,3216,48240000,48240000,1004,1672,48255000,20868
1,3217,48255000,48255000,1004,1672,48270000,20873
1,3218,48270000,48270000,1004,1672,48285000,20881
1,3219,48285000,48285000,1004,1672,48300000,20885
1,322,4830000,4830000,1004,1672,4845000,2089
1,3220,48300000,48300000,1004,1672,48315000,20893
1,3221,48315000,48315000,1004,1672,48330000,20900
1,3222,48330000,48330000,1004,1672,48345000,20906
1,3223,48345000,48345000,1004,1672,48360000,20912
1,3224,48360000,48360000,1004,1672,48375000,20918
1,3225,48375000,48375000,1004,1672,48390000,20926
1,3226,48390000,48390000,1004,1672,48405000,20933
1,3227,48405000,48405000,1004,1672,48420000,20937
1,3228,48420000,48420000,1004,1672,48435000,20945
1,3229,48435000,48435000,1004,1672,48450000,20950
1,323,4845000,4845000,1004,1672,4860000,2096
1,3230,48450000,48450000,1004,1672,48465000,20958
1,3231,48465000,48465000,1004,1672,48480000,20966
1,3232,48480000,48480000,1004,1672,48495000,20970
1,3233,48495000,48495000,1004,1672,48510000,20977
1,3234,48510000,48510000,1004,1672,48525000,20983
1,3235,48525000,48525000,1004,1672,48540000,20990
1,3236,48540000,48540000,1004,1672,48555000,20998
1,3237,48555000,48555000,1004,1672,48570000,21003
1,3238,48570000,48570000,1004,1672,48585000,21011
1,3239,48585000,48585000,1004,1672,48600000,21014
1,324,4860000,4860000,1004,1672,4875000,2102
1,3240,48600000,48600000,1004,1672,48615000,21022
1,3241,48615000,48615000,1004,1672,48630000,21031
1,3242,48630000,48630000,1004,1672,48645000,21035
1,3243,48645000,48645000,1004,1672,48660000,21043
1,3244,48660000,48660000,1004,1672,48675000,21047
1,3245,48675000,48675000,1004,1672,48690000,21055
1,3246,48690000,48690000,1004,1672,48705000,21063
1,3247,48705000,48705000,1004,1672,48720000,21067
1,3248,48720000,48720000,1004,1672,48735000,21075
1,3249,48735000,48735000,1004,1672,48750000,21080
1,325,4875000,4875000,1004,1672,4890000,2109
1,3250,48750000,48750000,1004,1672,48765000,21088
1,3251,48765000,48765000,1004,1672,48780000,21094
1,3252,48780000,48780000,1004,1672,48795000,21101
1,3253,48795000,48795000,1004,1672,48810000,21108
1,3254,48810000,48810000,1004,1672,48825000,21112
1,3255,48825000,48825000,1004,1672,48840000,21120
1,3256,48840000,48840000,1004,1672,48855000,21127
1,3257,48855000,48855000,1004,1672,48870000,21132
1,3258,48870000,48870000,1004,1672,48885000,21141
1,3259,48885000,48885000,1004,1672,48900000,21145
1,326,4890000,4890000,1004,1672,4905000,2117
1,3260,48900000,48900000,1004,1672,48915000,21152
1,3261,48915000,48915000,1004,1672,48930000,21160
1,3262,48930000,48930000,1004,1672,48945000,21165
1,3263,48945000,48945000,1004,1672,48960000,21171
1,3264,48960000,48960000,1004,1672,48975000,21178
1,3265,48975000,48975000,1004,1672,48990000,21185
1,3266,48990000,48990000,1004,1672,49005000,21193
1,3267,49005000,49005000,1004,1672,49020000,21197
1,3268,49020000,49020000,1004,1672,49035000,21204
1,3269,49035000,49035000,1004,1672,49050000,21210
1,327,4905000,4905000,1004,1672,4920000,2121
1,3270,49050000,49050000,1004,1672,49065000,21218
1,3271,49065000,49065000,1004,1672,49080000,21225
1,3272,49080000,49080000,1004,1672,49095000,21229
1,3273,49095000,49095000,1004,1672,49110000,21238
1,3274,49110000,49110000,1004,1672,49125000,21242
1,3275,49125000,49125000,1004,1672,49140000,21249
1,3276,49140000,49140000,1004,1672,49155000,21258
1,3277,49155000,49155000,1004,1672,49170000,21262
1,3278,49170000,49170000,1004,1672,49185000,21270
1,3279,49185000,49185000,1004,1672,49200000,21274
1,328,4920000,4920000,1004,1672,4935000,2129
1,3280,49200000,49200000,1004,1672,49215000,21282
1,3281,49215000,49215000,1004,1672,49230000,21290
1,3282,49230000,49230000,1004,1672,49245000,21295
1,3283,49245000,49245000,1004,1672,49260000,21302
1,3284,49260000,49260000,1004,1672,49275000,21306
1,3285,49275000,49275000,1004,1672,49290000,21315
1,3286,49290000,49290000,1004,1672,49305000,21323
1,3287,49305000,49305000,1004,1672,49320000,21327
1,3288,49320000,49320000,1004,1672,49335000,21335
1,3289,49335000,49335000,1004,1672,49350000,21339
1,329,4935000,4935000,1004,1672,4950000,2134
1,3290,49350000,49350000,1004,1672,49365000,21347
1,3291,49365000,49365000,1004,1672,49380000,21354
1,3292,49380000,49380000,1004,1672,49395000,21360
1,3293,49395000,49395000,1004,1672,49410000,21367
1,3294,49410000,49410000,1004,1672,49425000,21373
1,3295,49425000,49425000,1004,1672,49440000,21379
1,3296,49440000,49440000,1004,1672,49455000,21386
1,3297,49455000,49455000,1004,1672,49470000,21392
1,3298,49470000,49470000,1004,1672,49485000,21400
1,3299,49485000,49485000,1004,1672,49500000,21404
1,33,495000,495000,1004,1672,510000,215
1,330,4950000,4950000,1004,1672,4965000,2142
1,3300,49500000,49500000,1004,1672,49515000,21412
1,3301,49515000,49515000,1004,1672,49530000,21420
1,3302,49530000,49530000,1004,1672,49545000,21424
1,3303,49545000,49545000,1004,1672,49560000,21432
1,3304,49560000,49560000,1004,1672,49575000,21437
1,3305,49575000,49575000,1004,1672,49590000,21444
1,3306,49590000,49590000,1004,1672,49605000,21453
1,3307,49605000,49605000,1004,1672,49620000,21456
1,3308,49620000,49620000,1004,1672,49635000,21464
1,3309,49635000,49635000,1004,1672,49650000,21470
1,331,4965000,4965000,1004,1672,4980000,2149
1,3310,49650000,49650000,1004,1672,49665000,21477
1,3311,49665000,49665000,1004,1672,49680000,21484
1,3312,49680000,49680000,1004,1672,49695000,21489
1,3313,49695000,49695000,1004,1672,49710000,21497
1,3314,49710000,49710000,1004,1672,49725000,21501
1,3315,49725000,49725000,1004,1672,49740000,21510
1,3316,49740000,49740000,1004,1672,49755000,21517
1,3317,49755000,49755000,1004,1672,49770000,21521
1,3318,49770000,49770000,1004,1672,49785000,21530
1,3319,49785000,49785000,1004,1672,49800000,21533
1,332,4980000,4980000,1004,1672,4995000,2153
1,3320,49800000,49800000,1004,1672,49815000,21542
1,3321,49815000,49815000,1004,1672,49830000,21550
1,3322,49830000,49830000,1004,1672,49845000,21555
1,3323,49845000,49845000,1004,1672,49860000,21561
1,3324,49860000,49860000,1004,1672,49875000,21566
1,3325,49875000,49875000,1004,1672,49890000,21574
1,3326,49890000,49890000,1004,1672,49905000,21582
1,3327,49905000,49905000,1004,1672,49920000,21587
1,3328,49920000,49920000,1004,1672,49935000,21594
1,3329,49935000,49935000,1004,1672,49950000,21599
1,333,4995000,4995000,1004,1672,5010000,2162
1,3330,49950000,49950000,1004,1672,49965000,21607
1,3331,49965000,49965000,1004,1672,49980000,21613
1,3332,49980000,49980000,1004,1672,49995000,21619
1,3333,49995000,49995000,1004,1672,50010000,21627
1,3334,50010000,50010000,1004,1672,50025000,21632
1,3335,50025000,50025000,1004,1672,50040000,21638
1,3336,50040000,50040000,1004,1672,50055000,21647
1,3337,50055000,50055000,1004,1672,50070000,21652
1,3338,50070000,50070000,1004,1672,50085000,21659
1,3339,50085000,50085000,1004,1672,50100000,21664
1,334,5010000,5010000,1004,1672,5025000,2167
1,3340,50100000,50100000,1004,1672,50115000,21671
1,3341,50115000,50115000,1004,1672,50130000,21679
1,3342,50130000,50130000,1004,1672,50145000,21684
1,3343,50145000,50145000,1004,1672,50160000,21692
1,3344,50160000,50160000,1004,1672,50175000,21696
1,3345,50175000,50175000,1004,1672,50190000,21704
1,3346,50190000,50190000,1004,1672,50205000,21712
1,3347,50205000,50205000,1004,1672,50220000,21715
1,3348,50220000,50220000,1004,1672,50235000,21724
1,3349,50235000,50235000,1004,1672,50250000,21729
1,335,5025000,5025000,1004,1672,5040000,2173
1,3350,50250000,50250000,1004,1672,50265000,21737
1,3351,50265000,50265000,1004,1672,50280000,21744
1,3352,50280000,50280000,1004,1672,50295000,21748
1,3353,50295000,50295000,1004,1672,50310000,21756
1,3354,50310000,50310000,1004,1672,50325000,21762
1,3355,50325000,50325000,1004,1672,50340000,21769
1,3356,50340000,50340000,1004,1672,50355000,21776
1,3357,50355000,50355000,1004,1672,50370000,21782
1,3358,50370000,50370000,1004,1672,50385000,21789
1,3359,50385000,50385000,1004,1672,50400000,21792
1,336,5040000,5040000,1004,1672,5055000,2182
1,3360,50400000,50400000,1004,1672,50415000,21802
1,3361,50415000,50415000,1004,1672,50430000,21809
1,3362,50430000,50430000,1004,1672,50445000,21814
1,3363,50445000,50445000,1004,1672,50460000,21821
1,3364,50460000,50460000,1004,1672,50475000,21826
1,3365,50475000,50475000,1004,1672,50490000,21833
1,3366,50490000,50490000,1004,1672,50505000,21842
1,3367,50505000,50505000,1004,1672,50520000,21846
1,3368,50520000,50520000,1004,1672,50535000,21853
1,3369,50535000,50535000,1004,1672,50550000,21859
1,337,5055000,5055000,1004,1672,5070000,2186
1,3370,50550000,50550000,1004,1672,50565000,21866
1,3371,50565000,50565000,1004,1672,50580000,21874
1,3372,50580000,50580000,1004,1672,50595000,21879
1,3373,50595000,50595000,1004,1672,50610000,21886
1,3374,50610000,50610000,1004,1672,50625000,21891
1,3375,50625000,50625000,1004,1672,50640000,21898
1,3376,50640000,50640000,1004,1672,50655000,21906
1,3377,50655000,50655000,1004,1672,50670000,21911
1,3378,50670000,50670000,1004,1672,50685000,21920
1,3379,50685000,50685000,1004,1672,50700000,21923
1,338,5070000,5070000,1004,1672,5085000,2194
1,3380,50700000,50700000,1004,1672,50715000,21930
1,3381,50715000,50715000,1004,1672,50730000,21939
1,3382,50730000,50730000,1004,1672,50745000,21943
1,3383,50745000,50745000,1004,1672,50760000,21951
1,3384,50760000,50760000,1004,1672,50775000,21956
1,3385,50775000,50775000,1004,1672,50790000,21964
1,3386,50790000,50790000,1004,1672,50805000,21971
1,3387,50805000,50805000,1004,1672,50820000,21975
1,3388,50820000,50820000,1004,1672,50835000,21984
1,3389,50835000,50835000,1004,1672,50850000,21988
1,339,5085000,5085000,1004,1672,5100000,2198
1,3390,50850000,50850000,1004,1672,50865000,21997
1,3391,50865000,50865000,1004,1672,50880000,22003
1,3392,50880000,50880000,1004,1672,50895000,22008
1,3393,50895000,50895000,1004,1672,50910000,22016
1,3394,50910000,50910000,1004,1672,50925000,22021
1,3395,50925000,50925000,1004,1672,50940000,22028
1,3396,50940000,50940000,1004,1672,50955000,22036
1,3397,50955000,50955000,1004,1672,50970000,22041
1,3398,50970000,50970000,1004,1672,50985000,22048
1,3399,50985000,50985000,1004,1672,51000000,22053
1,34,510000,510000,1004,1672,525000,220
1,340,5100000,5100000,1004,1672,5115000,2207
1,3400,51000000,51000000,1004,1672,51015000,22061
1,3401,51015000,51015000,1004,1672,51030000,22068
1,3402,51030000,51030000,1004,1672,51045000,22074
1,3403,51045000,51045000,1004,1672,51060000,22080
1,3404,51060000,51060000,1004,1672,51075000,22085
1,3405,51075000,51075000,1004,1672,51090000,22094
1,3406,51090000,51090000,1004,1672,51105000,22102
1,3407,51105000,51105000,1004,1672,51120000,22105
1,3408,51120000,51120000,1004,1672,51135000,22113
1,3409,51135000,51135000,1004,1672,51150000,22118
1,341,5115000,5115000,1004,1672,5130000,2214
1,3410,51150000,51150000,1004,1672,51165000,22125
1,3411,51165000,51165000,1004,1672,51180000,22134
1,3412,51180000,51180000,1004,1672,51195000,22138
1,3413,51195000,51195000,1004,1672,51210000,22146
1,3414,51210000,51210000,1004,1672,51225000,22151
1,3415,51225000,51225000,1004,1672,51240000,22157
1,3416,51240000,51240000,1004,1672,51255000,22165
1,3417,51255000,51255000,1004,1672,51270000,22171
1,3418,51270000,51270000,1004,1672,51285000,22179
1,3419,51285000,51285000,1004,1672,51300000,22182
1,342,5130000,5130000,1004,1672,5145000,2219
1,3420,51300000,51300000,1004,1672,51315000,22191
1,3421,51315000,51315000,1004,1672,51330000,22198
1,3422,51330000,51330000,1004,1672,51345000,22203
1,3423,51345000,51345000,1004,1672,51360000,22211
1,3424,51360000,51360000,1004,1672,51375000,22215
1,3425,51375000,51375000,1004,1672,51390000,22223
1,3426,51390000,51390000,1004,1672,51405000,22231
1,3427,51405000,51405000,1004,1672,51420000,22235
1,3428,51420000,51420000,1004,1672,51435000,22243
1,3429,51435000,51435000,1004,1672,51450000,22248
1,343,5145000,5145000,1004,1672,5160000,2226
1,3430,51450000,51450000,1004,1672,51465000,22256
1,3431,51465000,51465000,1004,1672,51480000,22262
1,3432,51480000,51480000,1004,1672,51495000,22268
1,3433,51495000,51495000,1004,1672,51510000,22275
1,3434,51510000,51510000,1004,1672,51525000,22281
1,3435,51525000,51525000,1004,1672,51540000,22288
1,3436,51540000,51540000,1004,1672,51555000,22295
1,3437,51555000,51555000,1004,1672,51570000,22300
1,3438,51570000,51570000,1004,1672,51585000,22308
1,3439,51585000,51585000,1004,1672,51600000,22313
1,344,5160000,5160000,1004,1672,5175000,2230
1,3440,51600000,51600000,1004,1672,51615000,22320
1,3441,51615000,51615000,1004,1672,51630000,22329
1,3442,51630000,51630000,1004,1672,51645000,22333
1,3443,51645000,51645000,1004,1672,51660000,22339
1,3444,51660000,51660000,1004,1672,51675000,22345
1,3445,51675000,51675000,1004,1672,51690000,22353
1,3446,51690000,51690000,1004,1672,51705000,22361
1,3447,51705000,51705000,1004,1672,51720000,22365
1,3448,51720000,51720000,1004,1672,51735000,22373
1,3449,51735000,51735000,1004,1672,51750000,22377
1,345,5175000,5175000,1004,1672,5190000,2240
1,3450,51750000,51750000,1004,1672,51765000,22385
1,3451,51765000,51765000,1004,1672,51780000,22393
1,3452,51780000,51780000,1004,1672,51795000,22397
1,3453,51795000,51795000,1004,1672,51810000,22406
1,3454,51810000,51810000,1004,1672,51825000,22410
1,3455,51825000,51825000,1004,1672,51840000,22417
1,3456,51840000,51840000,1004,1672,51855000,22426
1,3457,51855000,51855000,1004,1672,51870000,22430
1,3458,51870000,51870000,1004,1672,51885000,22438
1,3459,51885000,51885000,1004,1672,51900000,22442
1,346,5190000,5190000,1004,1672,5205000,2247
1,3460,51900000,51900000,1004,1672,51915000,22450
1,3461,51915000,51915000,1004,1672,51930000,22457
1,3462,51930000,51930000,1004,1672,51945000,22464
1,3463,51945000,51945000,1004,1672,51960000,22470
1,3464,51960000,51960000,1004,1672,51975000,22474
1,3465,51975000,51975000,1004,1672,51990000,22483
1,3466,51990000,51990000,1004,1672,52005000,22490
1,3467,52005000,52005000,1004,1672,52020000,22494
1,3468,52020000,52020000,1004,1672,52035000,22503
1,3469,52035000,52035000,1004,1672,52050000,22508
1,347,5205000,5205000,1004,1672,5220000,2251
1,3470,52050000,52050000,1004,1672,52065000,22515
1,3471,52065000,52065000,1004,1672,52080000,22522
1,3472,52080000,52080000,1004,1672,52095000,22527
1,3473,52095000,52095000,1004,1672,52110000,22535
1,3474,52110000,52110000,1004,1672,52125000,22541
1,3475,52125000,52125000,1004,1672,52140000,22547
1,3476,52140000,52140000,1004,1672,52155000,22555
1,3477,52155000,52155000,1004,1672,52170000,22560
1,3478,52170000,52170000,1004,1672,52185000,22567
1,3479,52185000,52185000,1004,1672,52200000,22572
1,348,5220000,5220000,1004,1672,5235000,2259
1,3480,52200000,52200000,1004,1672,52215000,22580
1,3481,52215000,52215000,1004,1672,52230000,22588
1,3482,52230000,52230000,1004,1672,52245000,22592
1,3483,52245000,52245000,1004,1672,52260000,22600
1,3484,52260000,52260000,1004,1672,52275000,22604
1,3485,52275000,52275000,1004,1672,52290000,22612
1,3486,52290000,52290000,1004,1672,52305000,22621
1,3487,52305000,52305000,1004,1672,52320000,22624
1,3488,52320000,52320000,1004,1672,52335000,22632
1,3489,52335000,52335000,1004,1672,52350000,22637
1,349,5235000,5235000,1004,1672,5250000,2263
1,3490,52350000,52350000,1004,1672,52365000,22646
1,3491,52365000,52365000,1004,1672,52380000,22652
1,3492,52380000,52380000,1004,1672,52395000,22657
1,3493,52395000,52395000,1004,1672,52410000,22665
1,3494,52410000,52410000,1004,1672,52425000,22669
1,3495,52425000,52425000,1004,1672,52440000,22677
1,3496,52440000,52440000,1004,1672,52455000,22685
1,3497,52455000,52455000,1004,1672,52470000,22690
1,3498,52470000,52470000,1004,1672,52485000,22698
1,3499,52485000,52485000,1004,1672,52500000,22701
1,35,525000,525000,1004,1672,540000,227
1,350,5250000,5250000,1004,1672,5265000,2271
1,3500,52500000,52500000,1004,1672,52515000,22709
1,3501,52515000,52515000,1004,1672,52530000,22717
1,3502,52530000,52530000,1004,1672,52545000,22723
1,3503,52545000,52545000,1004,1672,52560000,22729
1,3504,52560000,52560000,1004,1672,52575000,22735
1,3505,52575000,52575000,1004,1672,52590000,22742
1,3506,52590000,52590000,1004,1672,52605000,22749
1,3507,52605000,52605000,1004,1672,52620000,22755
1,3508,52620000,52620000,1004,1672,52635000,22762
1,3509,52635000,52635000,1004,1672,52650000,22767
1,351,5265000,5265000,1004,1672,5280000,2279
1,3510,52650000,52650000,1004,1672,52665000,22775
1,3511,52665000,52665000,1004,1672,52680000,22782
1,3512,52680000,52680000,1004,1672,52695000,22786
1,3513,52695000,52695000,1004,1672,52710000,22795
1,3514,52710000,52710000,1004,1672,52725000,22800
1,3515,52725000,52725000,1004,1672,52740000,22806
1,3516,52740000,52740000,1004,1672,52755000,22815
1,3517,52755000,52755000,1004,1672,52770000,22819
1,3518,52770000,52770000,1004,1672,52785000,22827
1,3519,52785000,52785000,1004,1672,52800000,22832
1,352,5280000,5280000,1004,1672,5295000,2284
1,3520,52800000,52800000,1004,1672,52815000,22839
1,3521,52815000,52815000,1004,1672,52830000,22847
1,3522,52830000,52830000,1004,1672,52845000,22852
1,3523,52845000,52845000,1004,1672,52860000,22859
1,3524,52860000,52860000,1004,1672,52875000,22864
1,3525,52875000,52875000,1004,1672,52890000,22873
1,3526,52890000,52890000,1004,1672,52905000,22880
1,3527,52905000,52905000,1004,1672,52920000,22883
1,3528,52920000,52920000,1004,1672,52935000,22892
1,3529,52935000,52935000,1004,1672,52950000,22896
1,353,5295000,5295000,1004,1672,5310000,2291
1,3530,52950000,52950000,1004,1672,52965000,22905
1,3531,52965000,52965000,1004,1672,52980000,22912
1,3532,52980000,52980000,1004,1672,52995000,22917
1,3533,52995000,52995000,1004,1672,53010000,22924
1,3534,53010000,53010000,1004,1672,53025000,22929
1,3535,53025000,53025000,1004,1672,53040000,22936
1,3536,53040000,53040000,1004,1672,53055000,22944
1,3537,53055000,53055000,1004,1672,53070000,22950
1,3538,53070000,53070000,1004,1672,53085000,22957
1,3539,53085000,53085000,1004,1672,53100000,22961
1,354,5310000,5310000,1004,1672,5325000,2297
1,3540,53100000,53100000,1004,1672,53115000,22969
1,3541,53115000,53115000,1004,1672,53130000,22977
1,3542,53130000,53130000,1004,1672,53145000,22982
1,3543,53145000,53145000,1004,1672,53160000,22989
1,3544,53160000,53160000,1004,1672,53175000,22994
1,3545,53175000,53175000,1004,1672,53190000,23001
1,3546,53190000,53190000,1004,1672,53205000,23010
1,3547,53205000,53205000,1004,1672,53220000,23014
1,3548,53220000,53220000,1004,1672,53235000,23021
1,3549,53235000,53235000,1004,1672,53250000,23027
1,355,5325000,5325000,1004,1672,5340000,2303
1,3550,53250000,53250000,1004,1672,53265000,23034
1,3551,53265000,53265000,1004,1672,53280000,23041
1,3552,53280000,53280000,1004,1672,53295000,23046
1,3553,53295000,53295000,1004,1672,53310000,23055
1,3554,53310000,53310000,1004,1672,53325000,23059
1,3555,53325000,53325000,1004,1672,53340000,23066
1,3556,53340000,53340000,1004,1672,53355000,23074
1,3557,53355000,53355000,1004,1672,53370000,23078
1,3558,53370000,53370000,1004,1672,53385000,23088
1,3559,53385000,53385000,1004,1672,53400000,23091
1,356,5340000,5340000,1004,1672,5355000,2310
1,3560,53400000,53400000,1004,1672,53415000,23099
1,3561,53415000,53415000,1004,1672,53430000,23107
1,3562,53430000,53430000,1004,1672,53445000,23111
1,3563,53445000,53445000,1004,1672,53460000,23118
1,3564,53460000,53460000,1004,1672,53475000,23124
1,3565,53475000,53475000,1004,1672,53490000,23132
1,3566,53490000,53490000,1004,1672,53505000,23139
1,3567,53505000,53505000,1004,1672,53520000,23144
1,3568,53520000,53520000,1004,1672,53535000,23151
1,3569,53535000,53535000,1004,1672,53550000,23155
1,357,5355000,5355000,1004,1672,5370000,2317
1,3570,53550000,53550000,1004,1672,53565000,23165
1,3571,53565000,53565000,1004,1672,53580000,23171
1,3572,53580000,53580000,1004,1672,53595000,23176
1,3573,53595000,53595000,1004,1672,53610000,23184
1,3574,53610000,53610000,1004,1672,53625000,23189
1,3575,53625000,53625000,1004,1672,53640000,23196
1,3576,53640000,53640000,1004,1672,53655000,23204
1,3577,53655000,53655000,1004,1672,53670000,23209
1,3578,53670000,53670000,1004,1672,53685000,23216
1,3579,53685000,53685000,1004,1672,53700000,23221
1,358,5370000,5370000,1004,1672,5385000,2324
1,3580,53700000,53700000,1004,1672,53715000,23228
1,3581,53715000,53715000,1004,1672,53730000,23237
1,3582,53730000,53730000,1004,1672,53745000,23242
1,3583,53745000,53745000,1004,1672,53760000,23248
1,3584,53760000,53760000,1004,1672,53775000,23253
1,3585,53775000,53775000,1004,1672,53790000,23261
1,3586,53790000,53790000,1004,1672,53805000,23269
1,3587,53805000,53805000,1004,1672,53820000,23273
1,3588,53820000,53820000,1004,1672,53835000,23282
1,3589,53835000,53835000,1004,1672,53850000,23286
1,359,5385000,5385000,1004,1672,5400000,2328
1,3590,53850000,53850000,1004,1672,53865000,23293
1,3591,53865000,53865000,1004,1672,53880000,23301
1,3592,53880000,53880000,1004,1672,53895000,23306
1,3593,53895000,53895000,1004,1672,53910000,23314
1,3594,53910000,53910000,1004,1672,53925000,23319
1,3595,53925000,53925000,1004,1672,53940000,23326
1,3596,53940000,53940000,1004,1672,53955000,23333
1,3597,53955000,53955000,1004,1672,53970000,23338
1,3598,53970000,53970000,1004,1672,53985000,23347
1,3599,53985000,53985000,1004,1672,54000000,23350
1,36,540000,540000,1004,1672,555000,235
1,360,5400000,5400000,1004,1672,5415000,2336
1,3600,54000000,54000000,1004,1672,54015000,23359
1,3601,54015000,54015000,1004,1672,54030000,23366
1,3602,54030000,54030000,1004,1672,54045000,23371
1,3603,54045000,54045000,1004,1672,54060000,23378
1,3604,54060000,54060000,1004,1672,54075000,23383
1,3605,54075000,54075000,1004,1672,54090000,23391
1,3606,54090000,54090000,1004,1672,54105000,23399
1,3607,54105000,54105000,1004,1672,54120000,23403
1,3608,54120000,54120000,1004,1672,54135000,23410
1,3609,54135000,54135000,1004,1672,54150000,23417
1,361,5415000,5415000,1004,1672,5430000,2344
1,3610,54150000,54150000,1004,1672,54165000,23424
1,3611,54165000,54165000,1004,1672,54180000,23430
1,3612,54180000,54180000,1004,1672,54195000,23436
1,3613,54195000,54195000,1004,1672,54210000,23443
1,3614,54210000,54210000,1004,1672,54225000,23448
1,3615,54225000,54225000,1004,1672,54240000,23456
1,3616,54240000,54240000,1004,1672,54255000,23464
1,3617,54255000,54255000,1004,1672,54270000,23468
1,3618,54270000,54270000,1004,1672,54285000,23476
1,3619,54285000,54285000,1004,1672,54300000,23480
1,362,5430000,5430000,1004,1672,5445000,2349
1,3620,54300000,54300000,1004,1672,54315000,23487
1,3621,54315000,54315000,1004,1672,54330000,23497
1,3622,54330000,54330000,1004,1672,54345000,23501
1,3623,54345000,54345000,1004,1672,54360000,23508
1,3624,54360000,54360000,1004,1672,54375000,23513
1,3625,54375000,54375000,1004,1672,54390000,23520
1,3626,54390000,54390000,1004,1672,54405000,23529
1,3627,54405000,54405000,1004,1672,54420000,23533
1,3628,54420000,54420000,1004,1672,54435000,23541
1,3629,54435000,54435000,1004,1672,54450000,23545
1,363,5445000,5445000,1004,1672,5460000,2356
1,3630,54450000,54450000,1004,1672,54465000,23554
1,3631,54465000,54465000,1004,1672,54480000,23560
1,3632,54480000,54480000,1004,1672,54495000,23565
1,3633,54495000,54495000,1004,1672,54510000,23574
1,3634,54510000,54510000,1004,1672,54525000,23578
1,3635,54525000,54525000,1004,1672,54540000,23585
1,3636,54540000,54540000,1004,1672,54555000,23593
1,3637,54555000,54555000,1004,1672,54570000,23598
1,3638,54570000,54570000,1004,1672,54585000,23606
1,3639,54585000,54585000,1004,1672,54600000,23610
1,364,5460000,5460000,1004,1672,5475000,2361
1,3640,54600000,54600000,1004,1672,54615000,23618
1,3641,54615000,54615000,1004,1672,54630000,23625
1,3642,54630000,54630000,1004,1672,54645000,23631
1,3643,54645000,54645000,1004,1672,54660000,23638
1,3644,54660000,54660000,1004,1672,54675000,23643
1,3645,54675000,54675000,1004,1672,54690000,23651
1,3646,54690000,54690000,1004,1672,54705000,23658
1,3647,54705000,54705000,1004,1672,54720000,23662
1,3648,54720000,54720000,1004,1672,54735000,23670
1,3649,54735000,54735000,1004,1672,54750000,23676
1,365,5475000,5475000,1004,1672,5490000,2368
1,3650,54750000,54750000,1004,1672,54765000,23683
1,3651,54765000,54765000,1004,1672,54780000,23691
1,3652,54780000,54780000,1004,1672,54795000,23695
1,3653,54795000,54795000,1004,1672,54810000,23702
1,3654,54810000,54810000,1004,1672,54825000,23708
1,3655,54825000,54825000,1004,1672,54840000,23715
1,3656,54840000,54840000,1004,1672,54855000,23723
1,3657,54855000,54855000,1004,1672,54870000,23728
1,3658,54870000,54870000,1004,1672,54885000,23736
1,3659,54885000,54885000,1004,1672,54900000,23739
1,366,5490000,5490000,1004,1672,5505000,2377
1,3660,54900000,54900000,1004,1672,54915000,23748
1,3661,54915000,54915000,1004,1672,54930000,23756
1,3662,54930000,54930000,1004,1672,54945000,23760
1,3663,54945000,54945000,1004,1672,54960000,23768
1,3664,54960000,54960000,1004,1672,54975000,23772
1,3665,54975000,54975000,1004,1672,54990000,23780
1,3666,54990000,54990000,1004,1672,55005000,23789
1,3667,55005000,55005000,1004,1672,55020000,23792
1,3668,55020000,55020000,1004,1672,55035000,23800
1,3669,55035000,55035000,1004,1672,55050000,23805
1,367,5505000,5505000,1004,1672,5520000,2380
1,3670,55050000,55050000,1004,1672,55065000,23813
1,3671,55065000,55065000,1004,1672,55080000,23819
1,3672,55080000,55080000,1004,1672,55095000,23826
1,3673,55095000,55095000,1004,1672,55110000,23833
1,3674,55110000,55110000,1004,1672,55125000,23837
1,3675,55125000,55125000,1004,1672,55140000,23845
1,3676,55140000,55140000,1004,1672,55155000,23852
1,3677,55155000,55155000,1004,1672,55170000,23858
1,3678,55170000,55170000,1004,1672,55185000,23866
1,3679,55185000,55185000,1004,1672,55200000,23870
1,368,5520000,5520000,1004,1672,5535000,2389
1,3680,55200000,55200000,1004,1672,55215000,23877
1,3681,55215000,55215000,1004,1672,55230000,23885
1,3682,55230000,55230000,1004,1672,55245000,23890
1,3683,55245000,55245000,1004,1672,55260000,23897
1,3684,55260000,55260000,1004,1672,55275000,23903
1,3685,55275000,55275000,1004,1672,55290000,23910
1,3686,55290000,55290000,1004,1672,55305000,23918
1,3687,55305000,55305000,1004,1672,55320000,23922
1,3688,55320000,55320000,1004,1672,55335000,23929
1,3689,55335000,55335000,1004,1672,55350000,23935
1,369,5535000,5535000,1004,1672,5550000,2394
1,3690,55350000,55350000,1004,1672,55365000,23943
1,3691,55365000,55365000,1004,1672,55380000,23950
1,3692,55380000,55380000,1004,1672,55395000,23954
1,3693,55395000,55395000,1004,1672,55410000,23963
1,3694,55410000,55410000,1004,1672,55425000,23968
1,3695,55425000,55425000,1004,1672,55440000,23974
1,3696,55440000,55440000,1004,1672,55455000,23983
1,3697,55455000,55455000,1004,1672,55470000,23987
1,3698,55470000,55470000,1004,1672,55485000,23995
1,3699,55485000,55485000,1004,1672,55500000,23999
1,37,555000,555000,1004,1672,570000,240
1,370,5550000,5550000,1004,1672,5565000,2401
1,3700,55500000,55500000,1004,1672,55515000,24008
1,3701,55515000,55515000,1004,1672,55530000,24015
1,3702,55530000,55530000,1004,1672,55545000,24020
1,3703,55545000,55545000,1004,1672,55560000,24027
1,3704,55560000,55560000,1004,1672,55575000,24031
1,3705,55575000,55575000,1004,1672,55590000,24040
1,3706,55590000,55590000,1004,1672,55605000,24048
1,3707,55605000,55605000,1004,1672,55620000,24052
1,3708,55620000,55620000,1004,1672,55635000,24060
1,3709,55635000,55635000,1004,1672,55650000,24064
1,371,5565000,5565000,1004,1672,5580000,2408
1,3710,55650000,55650000,1004,1672,55665000,24072
1,3711,55665000,55665000,1004,1672,55680000,24080
1,3712,55680000,55680000,1004,1672,55695000,24085
1,3713,55695000,55695000,1004,1672,55710000,24092
1,3714,55710000,55710000,1004,1672,55725000,24098
1,3715,55725000,55725000,1004,1672,55740000,24104
1,3716,55740000,55740000,1004,1672,55755000,24111
1,3717,55755000,55755000,1004,1672,55770000,24118
1,3718,55770000,55770000,1004,1672,55785000,24125
1,3719,55785000,55785000,1004,1672,55800000,24129
1,372,5580000,5580000,1004,1672,5595000,2413
1,3720,55800000,55800000,1004,1672,55815000,24137
1,3721,55815000,55815000,1004,1672,55830000,24145
1,3722,55830000,55830000,1004,1672,55845000,24149
1,3723,55845000,55845000,1004,1672,55860000,24157
1,3724,55860000,55860000,1004,1672,55875000,24162
1,3725,55875000,55875000,1004,1672,55890000,24169
1,3726,55890000,55890000,1004,1672,55905000,24178
1,3727,55905000,55905000,1004,1672,55920000,24181
1,3728,55920000,55920000,1004,1672,55935000,24190
1,3729,55935000,55935000,1004,1672,55950000,24195
1,373,5595000,5595000,1004,1672,5610000,2421
1,3730,55950000,55950000,1004,1672,55965000,24202
1,3731,55965000,55965000,1004,1672,55980000,24209
1,3732,55980000,55980000,1004,1672,55995000,24214
1,3733,55995000,55995000,1004,1672,56010000,24222
1,3734,56010000,56010000,1004,1672,56025000,24227
1,3735,56025000,56025000,1004,1672,56040000,24235
1,3736,56040000,56040000,1004,1672,56055000,24242
1,3737,56055000,56055000,1004,1672,56070000,24246
1,3738,56070000,56070000,1004,1672,56085000,24255
1,3739,56085000,56085000,1004,1672,56100000,24258
1,374,5610000,5610000,1004,1672,5625000,2426
1,3740,56100000,56100000,1004,1672,56115000,24267
1,3741,56115000,56115000,1004,1672,56130000,24275
1,3742,56130000,56130000,1004,1672,56145000,24280
1,3743,56145000,56145000,1004,1672,56160000,24286
1,3744,56160000,56160000,1004,1672,56175000,24291
1,3745,56175000,56175000,1004,1672,56190000,24300
1,3746,56190000,56190000,1004,1672,56205000,24307
1,3747,56205000,56205000,1004,1672,56220000,24312
1,3748,56220000,56220000,1004,1672,56235000,24319
1,3749,56235000,56235000,1004,1672,56250000,24324
1,375,5625000,5625000,1004,1672,5640000,2434
1,3750,56250000,56250000,1004,1672,56265000,24332
1,3751,56265000,56265000,1004,1672,56280000,24339
1,3752,56280000,56280000,1004,1672,56295000,24344
1,3753,56295000,56295000,1004,1672,56310000,24352
1,3754,56310000,56310000,1004,1672,56325000,24357
1,3755,56325000,56325000,1004,1672,56340000,24363
1,3756,56340000,56340000,1004,1672,56355000,24372
1,3757,56355000,56355000,1004,1672,56370000,24377
1,3758,56370000,56370000,1004,1672,56385000,24384
1,3759,56385000,56385000,1004,1672,56400000,24389
1,376,5640000,5640000,1004,1672,5655000,2441
1,3760,56400000,56400000,1004,1672,56415000,24396
1,3761,56415000,56415000,1004,1672,56430000,24404
1,3762,56430000,56430000,1004,1672,56445000,24410
1,3763,56445000,56445000,1004,1672,56460000,24417
1,3764,56460000,56460000,1004,1672,56475000,24421
1,3765,56475000,56475000,1004,1672,56490000,24429
1,3766,56490000,56490000,1004,1672,56505000,24437
1,3767,56505000,56505000,1004,1672,56520000,24440
1,3768,56520000,56520000,1004,1672,56535000,24450
1,3769,56535000,56535000,1004,1672,56550000,24454
1,377,5655000,5655000,1004,1672,5670000,2445
1,3770,56550000,56550000,1004,1672,56565000,24462
1,3771,56565000,56565000,1004,1672,56580000,24469
1,3772,56580000,56580000,1004,1672,56595000,24473
1,3773,56595000,56595000,1004,1672,56610000,24481
1,3774,56610000,56610000,1004,1672,56625000,24487
1,3775,56625000,56625000,1004,1672,56640000,24494
1,3776,56640000,56640000,1004,1672,56655000,24501
1,3777,56655000,56655000,1004,1672,56670000,24507
1,3778,56670000,56670000,1004,1672,56685000,24514
1,3779,56685000,56685000,1004,1672,56700000,24518
1,378,5670000,5670000,1004,1672,5685000,2454
1,3780,56700000,56700000,1004,1672,56715000,24527
1,3781,56715000,56715000,1004,1672,56730000,24534
1,3782,56730000,56730000,1004,1672,56745000,24539
1,3783,56745000,56745000,1004,1672,56760000,24546
1,3784,56760000,56760000,1004,1672,56775000,24551
1,3785,56775000,56775000,1004,1672,56790000,24559
1,3786,56790000,56790000,1004,1672,56805000,24567
1,3787,56805000,56805000,1004,1672,56820000,24571
1,3788,56820000,56820000,1004,1672,56835000,24578
1,3789,56835000,56835000,1004,1672,56850000,24584
1,379,5685000,5685000,1004,1672,5700000,2458
1,3790,56850000,56850000,1004,1672,56865000,24591
1,3791,56865000,56865000,1004,1672,56880000,24599
1,3792,56880000,56880000,1004,1672,56895000,24604
1,3793,56895000,56895000,1004,1672,56910000,24611
1,3794,56910000,56910000,1004,1672,56925000,24616
1,3795,56925000,56925000,1004,1672,56940000,24623
1,3796,56940000,56940000,1004,1672,56955000,24632
1,3797,56955000,56955000,1004,1672,56970000,24636
1,3798,56970000,56970000,1004,1672,56985000,24645
1,3799,56985000,56985000,1004,1672,57000000,24648
1,38,570000,570000,1004,1672,585000,247
1,380,5700000,5700000,1004,1672,5715000,2466
1,3800,57000000,57000000,1004,1672,57015000,24655
1,3801,57015000,57015000,1004,1672,57030000,24664
1,3802,57030000,57030000,1004,1672,57045000,24669
1,3803,57045000,57045000,1004,1672,57060000,24676
1,3804,57060000,57060000,1004,1672,57075000,24681
1,3805,57075000,57075000,1004,1672,57090000,24689
1,3806,57090000,57090000,1004,1672,57105000,24696
1,3807,57105000,57105000,1004,1672,57120000,24700
1,3808,57120000,57120000,1004,1672,57135000,24709
1,3809,57135000,57135000,1004,1672,57150000,24713
1,381,5715000,5715000,1004,1672,5730000,2474
1,3810,57150000,57150000,1004,1672,57165000,24722
1,3811,57165000,57165000,1004,1672,57180000,24728
1,3812,57180000,57180000,1004,1672,57195000,24733
1,3813,57195000,57195000,1004,1672,57210000,24742
1,3814,57210000,57210000,1004,1672,57225000,24746
1,3815,57225000,57225000,1004,1672,57240000,24753
1,3816,57240000,57240000,1004,1672,57255000,24761
1,3817,57255000,57255000,1004,1672,57270000,24766
1,3818,57270000,57270000,1004,1672,57285000,24773
1,3819,57285000,57285000,1004,1672,57300000,24779
1,382,5730000,5730000,1004,1672,5745000,2479
1,3820,57300000,57300000,1004,1672,57315000,24786
1,3821,57315000,57315000,1004,1672,57330000,24793
1,3822,57330000,57330000,1004,1672,57345000,24799
1,3823,57345000,57345000,1004,1672,57360000,24805
1,3824,57360000,57360000,1004,1672,57375000,24810
1,3825,57375000,57375000,1004,1672,57390000,24819
1,3826,57390000,57390000,1004,1672,57405000,24827
1,3827,57405000,57405000,1004,1672,57420000,24830
1,3828,57420000,57420000,1004,1672,57435000,24838
1,3829,57435000,57435000,1004,1672,57450000,24843
1,383,5745000,5745000,1004,1672,5760000,2485
1,3830,57450000,57450000,1004,1672,57465000,24851
1,3831,57465000,57465000,1004,1672,57480000,24859
1,3832,57480000,57480000,1004,1672,57495000,24863
1,3833,57495000,57495000,1004,1672,57510000,24871
1,3834,57510000,57510000,1004,1672,57525000,24876
1,3835,57525000,57525000,1004,1672,57540000,24882
1,3836,57540000,57540000,1004,1672,57555000,24891
1,3837,57555000,57555000,1004,1672,57570000,24896
1,3838,57570000,57570000,1004,1672,57585000,24904
1,3839,57585000,57585000,1004,1672,57600000,24907
1,384,5760000,5760000,1004,1672,5775000,2490
1,3840,57600000,57600000,1004,1672,57615000,24916
1,3841,57615000,57615000,1004,1672,57630000,24923
1,3842,57630000,57630000,1004,1672,57645000,24928
1,3843,57645000,57645000,1004,1672,57660000,24936
1,3844,57660000,57660000,1004,1672,57675000,24940
1,3845,57675000,57675000,1004,1672,57690000,24948
1,3846,57690000,57690000,1004,1672,57705000,24956
1,3847,57705000,57705000,1004,1672,57720000,24961
1,3848,57720000,57720000,1004,1672,57735000,24968
1,3849,57735000,57735000,1004,1672,57750000,24973
1,385,5775000,5775000,1004,1672,5790000,2499
1,3850,57750000,57750000,1004,1672,57765000,24981
1,3851,57765000,57765000,1004,1672,57780000,24987
1,3852,57780000,57780000,1004,1672,57795000,24993
1,3853,57795000,57795000,1004,1672,57810000,25001
1,3854,57810000,57810000,1004,1672,57825000,25006
1,3855,57825000,57825000,1004,1672,57840000,25013
1,3856,57840000,57840000,1004,1672,57855000,25020
1,3857,57855000,57855000,1004,1672,57870000,25025
1,3858,57870000,57870000,1004,1672,57885000,25033
1,3859,57885000,57885000,1004,1672,57900000,25038
1,386,5790000,5790000,1004,1672,5805000,2506
1,3860,57900000,57900000,1004,1672,57915000,25045
1,3861,57915000,57915000,1004,1672,57930000,25054
1,3862,57930000,57930000,1004,1672,57945000,25058
1,3863,57945000,57945000,1004,1672,57960000,25064
1,3864,57960000,57960000,1004,1672,57975000,25071
1,3865,57975000,57975000,1004,1672,57990000,25078
1,3866,57990000,57990000,1004,1672,58005000,25086
1,3867,58005000,58005000,1004,1672,58020000,25090
1,3868,58020000,58020000,1004,1672,58035000,25098
1,3869,58035000,58035000,1004,1672,58050000,25102
1,387,5805000,5805000,1004,1672,5820000,2511
1,3870,58050000,58050000,1004,1672,58065000,25111
1,3871,58065000,58065000,1004,1672,58080000,25118
1,3872,58080000,58080000,1004,1672,58095000,25122
1,3873,58095000,58095000,1004,1672,58110000,25131
1,3874,58110000,58110000,1004,1672,58125000,25135
1,3875,58125000,58125000,1004,1672,58140000,25142
1,3876,58140000,58140000,1004,1672,58155000,25151
1,3877,58155000,58155000,1004,1672,58170000,25155
1,3878,58170000,58170000,1004,1672,58185000,25163
1,3879,58185000,58185000,1004,1672,58200000,25167
1,388,5820000,5820000,1004,1672,5835000,2518
1,3880,58200000,58200000,1004,1672,58215000,25175
1,3881,58215000,58215000,1004,1672,58230000,25183
1,3882,58230000,58230000,1004,1672,58245000,25189
1,3883,58245000,58245000,1004,1672,58260000,25195
1,3884,58260000,58260000,1004,1672,58275000,25199
1,3885,58275000,58275000,1004,1672,58290000,25208
1,3886,58290000,58290000,1004,1672,58305000,25215
1,3887,58305000,58305000,1004,1672,58320000,25220
1,3888,58320000,58320000,1004,1672,58335000,25228
1,3889,58335000,58335000,1004,1672,58350000,25233
1,389,5835000,5835000,1004,1672,5850000,2523
1,3890,58350000,58350000,1004,1672,58365000,25240
1,3891,58365000,58365000,1004,1672,58380000,25247
1,3892,58380000,58380000,1004,1672,58395000,25252
1,3893,58395000,58395000,1004,1672,58410000,25260
1,3894,58410000,58410000,1004,1672,58425000,25266
1,3895,58425000,58425000,1004,1672,58440000,25272
1,3896,58440000,58440000,1004,1672,58455000,25280
1,3897,58455000,58455000,1004,1672,58470000,25285
1,3898,58470000,58470000,1004,1672,58485000,25293
1,3899,58485000,58485000,1004,1672,58500000,25297
1,39,585000,585000,1004,1672,600000,253
1,390,5850000,5850000,1004,1672,5865000,2531
1,3900,58500000,58500000,1004,1672,58515000,25305
1,3901,58515000,58515000,1004,1672,58530000,25313
1,3902,58530000,58530000,1004,1672,58545000,25317
1,3903,58545000,58545000,1004,1672,58560000,25325
1,3904,58560000,58560000,1004,1672,58575000,25330
1,3905,58575000,58575000,1004,1672,58590000,25337
1,3906,58590000,58590000,1004,1672,58605000,25346
1,3907,58605000,58605000,1004,1672,58620000,25349
1,3908,58620000,58620000,1004,1672,58635000,25357
1,3909,58635000,58635000,1004,1672,58650000,25362
1,391,5865000,5865000,1004,1672,5880000,2538
1,3910,58650000,58650000,1004,1672,58665000,25371
1,3911,58665000,58665000,1004,1672,58680000,25377
1,3912,58680000,58680000,1004,1672,58695000,25382
1,3913,58695000,58695000,1004,1672,58710000,25390
1,3914,58710000,58710000,1004,1672,58725000,25394
1,3915,58725000,58725000,1004,1672,58740000,25403
1,3916,58740000,58740000,1004,1672,58755000,25410
1,3917,58755000,58755000,1004,1672,58770000,25415
1,3918,58770000,58770000,1004,1672,58785000,25423
1,3919,58785000,58785000,1004,1672,58800000,25426
1,392,5880000,5880000,1004,1672,5895000,2543
1,3920,58800000,58800000,1004,1672,58815000,25434
1,3921,58815000,58815000,1004,1672,58830000,25443
1,3922,58830000,58830000,1004,1672,58845000,25448
1,3923,58845000,58845000,1004,1672,58860000,25454
1,3924,58860000,58860000,1004,1672,58875000,25460
1,3925,58875000,58875000,1004,1672,58890000,25467
1,3926,58890000,58890000,1004,1672,58905000,25474
1,3927,58905000,58905000,1004,1672,58920000,25480
1,3928,58920000,58920000,1004,1672,58935000,25487
1,3929,58935000,58935000,1004,1672,58950000,25492
1,393,5895000,5895000,1004,1672,5910000,2551
1,3930,58950000,58950000,1004,1672,58965000,25500
1,3931,58965000,58965000,1004,1672,58980000,25507
1,3932,58980000,58980000,1004,1672,58995000,25512
1,3933,58995000,58995000,1004,1672,59010000,25520
1,3934,59010000,59010000,1004,1672,59025000,25525
1,3935,59025000,59025000,1004,1672,59040000,25531
1,3936,59040000,59040000,1004,1672,59055000,25540
1,3937,59055000,59055000,1004,1672,59070000,25544
1,3938,59070000,59070000,1004,1672,59085000,25553
1,3939,59085000,59085000,1004,1672,59100000,25557
1,394,5910000,5910000,1004,1672,5925000,2556
1,3940,59100000,59100000,1004,1672,59115000,25564
1,3941,59115000,59115000,1004,1672,59130000,25572
1,3942,59130000,59130000,1004,1672,59145000,25577
1,3943,59145000,59145000,1004,1672,59160000,25584
1,3944,59160000,59160000,1004,1672,59175000,25589
1,3945,59175000,59175000,1004,1672,59190000,25598
1,3946,59190000,59190000,1004,1672,59205000,25605
1,3947,59205000,59205000,1004,1672,59220000,25608
1,3948,59220000,59220000,1004,1672,59235000,25617
1,3949,59235000,59235000,1004,1672,59250000,25622
1,395,5925000,5925000,1004,1672,5940000,2562
1,3950,59250000,59250000,1004,1672,59265000,25630
1,3951,59265000,59265000,1004,1672,59280000,25637
1,3952,59280000,59280000,1004,1672,59295000,25642
1,3953,59295000,59295000,1004,1672,59310000,25649
1,3954,59310000,59310000,1004,1672,59325000,25654
1,3955,59325000,59325000,1004,1672,59340000,25662
1,3956,59340000,59340000,1004,1672,59355000,25669
1,3957,59355000,59355000,1004,1672,59370000,25675
1,3958,59370000,59370000,1004,1672,59385000,25682
1,3959,59385000,59385000,1004,1672,59400000,25686
1,396,5940000,5940000,1004,1672,5955000,2572
1,3960,59400000,59400000,1004,1672,59415000,25694
1,3961,59415000,59415000,1004,1672,59430000,25702
1,3962,59430000,59430000,1004,1672,59445000,25707
1,3963,59445000,59445000,1004,1672,59460000,25714
1,3964,59460000,59460000,1004,1672,59475000,25719
1,3965,59475000,59475000,1004,1672,59490000,25726
1,3966,59490000,59490000,1004,1672,59505000,25736
1,3967,59505000,59505000,1004,1672,59520000,25739
1,3968,59520000,59520000,1004,1672,59535000,25746
1,3969,59535000,59535000,1004,1672,59550000,25752
1,397,5955000,5955000,1004,1672,5970000,2576
1,3970,59550000,59550000,1004,1672,59565000,25759
1,3971,59565000,59565000,1004,1672,59580000,25766
1,3972,59580000,59580000,1004,1672,59595000,25772
1,3973,59595000,59595000,1004,1672,59610000,25780
1,3974,59610000,59610000,1004,1672,59625000,25784
1,3975,59625000,59625000,1004,1672,59640000,25791
1,3976,59640000,59640000,1004,1672,59655000,25799
1,3977,59655000,59655000,1004,1672,59670000,25803
1,3978,59670000,59670000,1004,1672,59685000,25813
1,3979,59685000,59685000,1004,1672,59700000,25816
1,398,5970000,5970000,1004,1672,5985000,2583
1,3980,59700000,59700000,1004,1672,59715000,25824
1,3981,59715000,59715000,1004,1672,59730000,25832
1,3982,59730000,59730000,1004,1672,59745000,25836
1,3983,59745000,59745000,1004,1672,59760000,25844
1,3984,59760000,59760000,1004,1672,59775000,25849
1,3985,59775000,59775000,1004,1672,59790000,25857
1,3986,59790000,59790000,1004,1672,59805000,25864
1,3987,59805000,59805000,1004,1672,59820000,25869
1,3988,59820000,59820000,1004,1672,59835000,25876
1,3989,59835000,59835000,1004,1672,59850000,25881
1,399,5985000,5985000,1004,1672,6000000,2588
1,3990,59850000,59850000,1004,1672,59865000,25890
1,3991,59865000,59865000,1004,1672,59880000,25896
1,3992,59880000,59880000,1004,1672,59895000,25901
1,3993,59895000,59895000,1004,1672,59910000,25909
1,3994,59910000,59910000,1004,1672,59925000,25914
1,3995,59925000,59925000,1004,1672,59940000,25921
1,3996,59940000,59940000,1004,1672,59955000,25929
1,3997,59955000,59955000,1004,1672,59970000,25934
1,3998,59970000,59970000,1004,1672,59985000,25941
1,3999,59985000,59985000,1004,1672,60000000,25946
1,4,60000,60000,1004,1672,75000,25
1,40,600000,600000,1004,1672,615000,260
1,400,6000000,6000000,1004,1672,6015000,2595
1,4000,60000000,60000000,1004,1672,60015000,25954
1,4001,60015000,60015000,1004,1672,60030000,25962
1,4002,60030000,60030000,1004,1672,60045000,25967
1,4003,60045000,60045000,1004,1672,60060000,25973
1,4004,60060000,60060000,1004,1672,60075000,25978
1,4005,60075000,60075000,1004,1672,60090000,25986
1,4006,60090000,60090000,1004,1672,60105000,25995
1,4007,60105000,60105000,1004,1672,60120000,25998
1,4008,60120000,60120000,1004,1672,60135000,26007
1,4009,60135000,60135000,1004,1672,60150000,26011
1,401,6015000,6015000,1004,1672,6030000,2603
1,4010,60150000,60150000,1004,1672,60165000,26018
1,4011,60165000,60165000,1004,1672,60180000,26026
1,4012,60180000,60180000,1004,1672,60195000,26031
1,4013,60195000,60195000,1004,1672,60210000,26039
1,4014,60210000,60210000,1004,1672,60225000,26044
1,4015,60225000,60225000,1004,1672,60240000,26051
1,4016,60240000,60240000,1004,1672,60255000,26058
1,4017,60255000,60255000,1004,1672,60270000,26064
1,4018,60270000,60270000,1004,1672,60285000,26072
1,4019,60285000,60285000,1004,1672,60300000,26075
1,402,6030000,6030000,1004,1672,6045000,2609
1,4020,60300000,60300000,1004,1672,60315000,26084
1,4021,60315000,60315000,1004,1672,60330000,26091
1,4022,60330000,60330000,1004,1672,60345000,26096
1,4023,60345000,60345000,1004,1672,60360000,26104
1,4024,60360000,60360000,1004,1672,60375000,26108
1,4025,60375000,60375000,1004,1672,60390000,26116
1,4026,60390000,60390000,1004,1672,60405000,26124
1,4027,60405000,60405000,1004,1672,60420000,26128
1,4028,60420000,60420000,1004,1672,60435000,26135
1,4029,60435000,60435000,1004,1672,60450000,26142
1,403,6045000,6045000,1004,1672,6060000,2616
1,4030,60450000,60450000,1004,1672,60465000,26149
1,4031,60465000,60465000,1004,1672,60480000,26155
1,4032,60480000,60480000,1004,1672,60495000,26161
1,4033,60495000,60495000,1004,1672,60510000,26168
1,4034,60510000,60510000,1004,1672,60525000,26174
1,4035,60525000,60525000,1004,1672,60540000,26181
1,4036,60540000,60540000,1004,1672,60555000,26189
1,4037,60555000,60555000,1004,1672,60570000,26193
1,4038,60570000,60570000,1004,1672,60585000,26201
1,4039,60585000,60585000,1004,1672,60600000,26205
1,404,6060000,6060000,1004,1672,6075000,2620
1,4040,60600000,60600000,1004,1672,60615000,26213
1,4041,60615000,60615000,1004,1672,60630000,26222
1,4042,60630000,60630000,1004,1672,60645000,26226
1,4043,60645000,60645000,1004,1672,60660000,26233
1,4044,60660000,60660000,1004,1672,60675000,26238
1,4045,60675000,60675000,1004,1672,60690000,26245
1,4046,60690000,60690000,1004,1672,60705000,26254
1,4047,60705000,60705000,1004,1672,60720000,26258
1,4048,60720000,60720000,1004,1672,60735000,26266
1,4049,60735000,60735000,1004,1672,60750000,26270
1,405,6075000,6075000,1004,1672,6090000,2628
1,4050,60750000,60750000,1004,1672,60765000,26279
1,4051,60765000,60765000,1004,1672,60780000,26286
1,4052,60780000,60780000,1004,1672,60795000,26290
1,4053,60795000,60795000,1004,1672,60810000,26299
1,4054,60810000,60810000,1004,1672,60825000,26303
1,4055,60825000,60825000,1004,1672,60840000,26310
1,4056,60840000,60840000,1004,1672,60855000,26318
1,4057,60855000,60855000,1004,1672,60870000,26324
1,4058,60870000,60870000,1004,1672,60885000,26331
1,4059,60885000,60885000,1004,1672,60900000,26335
1,406,6090000,6090000,1004,1672,6105000,2636
1,4060,60900000,60900000,1004,1672,60915000,26343
1,4061,60915000,60915000,1004,1672,60930000,26350
1,4062,60930000,60930000,1004,1672,60945000,26356
1,4063,60945000,60945000,1004,1672,60960000,26363
1,4064,60960000,60960000,1004,1672,60975000,26368
1,4065,60975000,60975000,1004,1672,60990000,26376
1,4066,60990000,60990000,1004,1672,61005000,26383
1,4067,61005000,61005000,1004,1672,61020000,26387
1,4068,61020000,61020000,1004,1672,61035000,26396
1,4069,61035000,61035000,1004,1672,61050000,26401
1,407,6105000,6105000,1004,1672,6120000,2639
1,4070,61050000,61050000,1004,1672,61065000,26408
1,4071,61065000,61065000,1004,1672,61080000,26416
1,4072,61080000,61080000,1004,1672,61095000,26420
1,4073,61095000,61095000,1004,1672,61110000,26427
1,4074,61110000,61110000,1004,1672,61125000,26434
1,4075,61125000,61125000,1004,1672,61140000,26440
1,4076,61140000,61140000,1004,1672,61155000,26448
1,4077,61155000,61155000,1004,1672,61170000,26453
1,4078,61170000,61170000,1004,1672,61185000,26461
1,4079,61185000,61185000,1004,1672,61200000,26464
1,408,6120000,6120000,1004,1672,6135000,2649
1,4080,61200000,61200000,1004,1672,61215000,26473
1,4081,61215000,61215000,1004,1672,61230000,26481
1,4082,61230000,61230000,1004,1672,61245000,26485
1,4083,61245000,61245000,1004,1672,61260000,26493
1,4084,61260000,61260000,1004,1672,61275000,26497
1,4085,61275000,61275000,1004,1672,61290000,26506
1,4086,61290000,61290000,1004,1672,61305000,26514
1,4087,61305000,61305000,1004,1672,61320000,26517
1,4088,61320000,61320000,1004,1672,61335000,26525
1,4089,61335000,61335000,1004,1672,61350000,26530
1,409,6135000,6135000,1004,1672,6150000,2653
1,4090,61350000,61350000,1004,1672,61365000,26538
1,4091,61365000,61365000,1004,1672,61380000,26545
1,4092,61380000,61380000,1004,1672,61395000,26551
1,4093,61395000,61395000,1004,1672,61410000,26558
1,4094,61410000,61410000,1004,1672,61425000,26562
1,4095,61425000,61425000,1004,1672,61440000,26570
1,4096,61440000,61440000,1004,1672,61455000,26577
1,4097,61455000,61455000,1004,1672,61470000,26583
1,4098,61470000,61470000,1004,1672,61485000,26591
1,4099,61485000,61485000,1004,1672,61500000,26595
1,41,615000,615000,1004,1672,630000,267
1,410,6150000,6150000,1004,1672,6165000,2661
1,4100,61500000,61500000,1004,1672,61515000,26602
1,4101,61515000,61515000,1004,1672,61530000,26610
1,4102,61530000,61530000,1004,1672,61545000,26616
1,4103,61545000,61545000,1004,1672,61560000,26622
1,4104,61560000,61560000,1004,1672,61575000,26628
1,4105,61575000,61575000,1004,1672,61590000,26635
1,4106,61590000,61590000,1004,1672,61605000,26643
1,4107,61605000,61605000,1004,1672,61620000,26647
1,4108,61620000,61620000,1004,1672,61635000,26655
1,4109,61635000,61635000,1004,1672,61650000,26660
1,411,6165000,6165000,1004,1672,6180000,2668
1,4110,61650000,61650000,1004,1672,61665000,26668
1,4111,61665000,61665000,1004,1672,61680000,26675
1,4112,61680000,61680000,1004,1672,61695000,26679
1,4113,61695000,61695000,1004,1672,61710000,26688
1,4114,61710000,61710000,1004,1672,61725000,26693
1,4115,61725000,61725000,1004,1672,61740000,26699
1,4116,61740000,61740000,1004,1672,61755000,26708
1,4117,61755000,61755000,1004,1672,61770000,26712
1,4118,61770000,61770000,1004,1672,61785000,26720
1,4119,61785000,61785000,1004,1672,61800000,26725
1,412,6180000,6180000,1004,1672,6195000,2672
1,4120,61800000,61800000,1004,1672,61815000,26733
1,4121,61815000,61815000,1004,1672,61830000,26740
1,4122,61830000,61830000,1004,1672,61845000,26745
1,4123,61845000,61845000,1004,1672,61860000,26752
1,4124,61860000,61860000,1004,1672,61875000,26756
1,4125,61875000,61875000,1004,1672,61890000,26766
1,4126,61890000,61890000,1004,1672,61905000,26773
1,4127,61905000,61905000,1004,1672,61920000,26777
1,4128,61920000,61920000,1004,1672,61935000,26785
1,4129,61935000,61935000,1004,1672,61950000,26789
1,413,6195000,6195000,1004,1672,6210000,2681
1,4130,61950000,61950000,1004,1672,61965000,26797
1,4131,61965000,61965000,1004,1672,61980000,26805
1,4132,61980000,61980000,1004,1672,61995000,26810
1,4133,61995000,61995000,1004,1672,62010000,26817
1,4134,62010000,62010000,1004,1672,62025000,26823
1,4135,62025000,62025000,1004,1672,62040000,26829
1,4136,62040000,62040000,1004,1672,62055000,26837
1,4137,62055000,62055000,1004,1672,62070000,26843
1,4138,62070000,62070000,1004,1672,62085000,26850
1,4139,62085000,62085000,1004,1672,62100000,26854
1,414,6210000,6210000,1004,1672,6225000,2686
1,4140,62100000,62100000,1004,1672,62115000,26862
1,4141,62115000,62115000,1004,1672,62130000,26870
1,4142,62130000,62130000,1004,1672,62145000,26875
1,4143,62145000,62145000,1004,1672,62160000,26882
1,4144,62160000,62160000,1004,1672,62175000,26887
1,4145,62175000,62175000,1004,1672,62190000,26894
1,4146,62190000,62190000,1004,1672,62205000,26903
1,4147,62205000,62205000,1004,1672,62220000,26906
1,4148,62220000,62220000,1004,1672,62235000,26915
1,4149,62235000,62235000,1004,1672,62250000,26920
1,415,6225000,6225000,1004,1672,6240000,2693
1,4150,62250000,62250000,1004,1672,62265000,26927
1,4151,62265000,62265000,1004,1672,62280000,26934
1,4152,62280000,62280000,1004,1672,62295000,26939
1,4153,62295000,62295000,1004,1672,62310000,26948
1,4154,62310000,62310000,1004,1672,62325000,26952
1,4155,62325000,62325000,1004,1672,62340000,26960
1,4156,62340000,62340000,1004,1672,62355000,26967
1,4157,62355000,62355000,1004,1672,62370000,26971
1,4158,62370000,62370000,1004,1672,62385000,26980
1,4159,62385000,62385000,1004,1672,62400000,26984
1,416,6240000,6240000,1004,1672,6255000,2700
1,4160,62400000,62400000,1004,1672,62415000,26992
1,4161,62415000,62415000,1004,1672,62430000,27000
1,4162,62430000,62430000,1004,1672,62445000,27005
1,4163,62445000,62445000,1004,1672,62460000,27011
1,4164,62460000,62460000,1004,1672,62475000,27016
1,4165,62475000,62475000,1004,1672,62490000,27025
1,4166,62490000,62490000,1004,1672,62505000,27032
1,4167,62505000,62505000,1004,1672,62520000,27037
1,4168,62520000,62520000,1004,1672,62535000,27044
1,4169,62535000,62535000,1004,1672,62550000,27049
1,417,6255000,6255000,1004,1672,6270000,2706
1,4170,62550000,62550000,1004,1672,62565000,27058
1,4171,62565000,62565000,1004,1672,62580000,27064
1,4172,62580000,62580000,1004,1672,62595000,27069
1,4173,62595000,62595000,1004,1672,62610000,27077
1,4174,62610000,62610000,1004,1672,62625000,27082
1,4175,62625000,62625000,1004,1672,62640000,27088
1,4176,62640000,62640000,1004,1672,62655000,27098
1,4177,62655000,62655000,1004,1672,62670000,27102
1,4178,62670000,62670000,1004,1672,62685000,27109
1,4179,62685000,62685000,1004,1672,62700000,27114
1,418,6270000,6270000,1004,1672,6285000,2713
1,4180,62700000,62700000,1004,1672,62715000,27121
1,4181,62715000,62715000,1004,1672,62730000,27129
1,4182,62730000,62730000,1004,1672,62745000,27135
1,4183,62745000,62745000,1004,1672,62760000,27142
1,4184,62760000,62760000,1004,1672,62775000,27146
1,4185,62775000,62775000,1004,1672,62790000,27154
1,4186,62790000,62790000,1004,1672,62805000,27162
1,4187,62805000,62805000,1004,1672,62820000,27166
1,4188,62820000,62820000,1004,1672,62835000,27175
1,4189,62835000,62835000,1004,1672,62850000,27179
1,419,6285000,6285000,1004,1672,6300000,2717
1,4190,62850000,62850000,1004,1672,62865000,27187
1,4191,62865000,62865000,1004,1672,62880000,27194
1,4192,62880000,62880000,1004,1672,62895000,27198
1,4193,62895000,62895000,1004,1672,62910000,27207
1,4194,62910000,62910000,1004,1672,62925000,27212
1,4195,62925000,62925000,1004,1672,62940000,27219
1,4196,62940000,62940000,1004,1672,62955000,27226
1,4197,62955000,62955000,1004,1672,62970000,27232
1,4198,62970000,62970000,1004,1672,62985000,27239
1,4199,62985000,62985000,1004,1672,63000000,27243
1,42,630000,630000,1004,1672,645000,273
1,420,6300000,6300000,1004,1672,6315000,2726
1,4200,63000000,63000000,1004,1672,63015000,27252
1,4201,63015000,63015000,1004,1672,63030000,27259
1,4202,63030000,63030000,1004,1672,63045000,27264
1,4203,63045000,63045000,1004,1672,63060000,27271
1,4204,63060000,63060000,1004,1672,63075000,27277
1,4205,63075000,63075000,1004,1672,63090000,27284
1,4206,63090000,63090000,1004,1672,63105000,27292
1,4207,63105000,63105000,1004,1672,63120000,27296
1,4208,63120000,63120000,1004,1672,63135000,27303
1,4209,63135000,63135000,1004,1672,63150000,27309
1,421,6315000,6315000,1004,1672,6330000,2733
1,4210,63150000,63150000,1004,1672,63165000,27317
1,4211,63165000,63165000,1004,1672,63180000,27324
1,4212,63180000,63180000,1004,1672,63195000,27329
1,4213,63195000,63195000,1004,1672,63210000,27336
1,4214,63210000,63210000,1004,1672,63225000,27341
1,4215,63225000,63225000,1004,1672,63240000,27348
1,4216,63240000,63240000,1004,1672,63255000,27357
1,4217,63255000,63255000,1004,1672,63270000,27361
1,4218,63270000,63270000,1004,1672,63285000,27370
1,4219,63285000,63285000,1004,1672,63300000,27373
1,422,6330000,6330000,1004,1672,6345000,2738
1,4220,63300000,63300000,1004,1672,63315000,27380
1,4221,63315000,63315000,1004,1672,63330000,27390
1,4222,63330000,63330000,1004,1672,63345000,27394
1,4223,63345000,63345000,1004,1672,63360000,27401
1,4224,63360000,63360000,1004,1672,63375000,27406
1,4225,63375000,63375000,1004,1672,63390000,27414
1,4226,63390000,63390000,1004,1672,63405000,27421
1,4227,63405000,63405000,1004,1672,63420000,27426
1,4228,63420000,63420000,1004,1672,63435000,27434
1,4229,63435000,63435000,1004,1672,63450000,27438
1,423,6345000,6345000,1004,1672,6360000,2745
1,4230,63450000,63450000,1004,1672,63465000,27447
1,4231,63465000,63465000,1004,1672,63480000,27453
1,4232,63480000,63480000,1004,1672,63495000,27458
1,4233,63495000,63495000,1004,1672,63510000,27467
1,4234,63510000,63510000,1004,1672,63525000,27471
1,4235,63525000,63525000,1004,1672,63540000,27478
1,4236,63540000,63540000,1004,1672,63555000,27486
1,4237,63555000,63555000,1004,1672,63570000,27491
1,4238,63570000,63570000,1004,1672,63585000,27499
1,4239,63585000,63585000,1004,1672,63600000,27504
1,424,6360000,6360000,1004,1672,6375000,2750
1,4240,63600000,63600000,1004,1672,63615000,27511
1,4241,63615000,63615000,1004,1672,63630000,27518
1,4242,63630000,63630000,1004,1672,63645000,27524
1,4243,63645000,63645000,1004,1672,63660000,27530
1,4244,63660000,63660000,1004,1672,63675000,27536
1,4245,63675000,63675000,1004,1672,63690000,27544
1,4246,63690000,63690000,1004,1672,63705000,27552
1,4247,63705000,63705000,1004,1672,63720000,27555
1,4248,63720000,63720000,1004,1672,63735000,27563
1,4249,63735000,63735000,1004,1672,63750000,27568
1,425,6375000,6375000,1004,1672,6390000,2758
1,4250,63750000,63750000,1004,1672,63765000,27576
1,4251,63765000,63765000,1004,1672,63780000,27584
1,4252,63780000,63780000,1004,1672,63795000,27588
1,4253,63795000,63795000,1004,1672,63810000,27596
1,4254,63810000,63810000,1004,1672,63825000,27601
1,4255,63825000,63825000,1004,1672,63840000,27608
1,4256,63840000,63840000,1004,1672,63855000,27616
1,4257,63855000,63855000,1004,1672,63870000,27621
1,4258,63870000,63870000,1004,1672,63885000,27629
1,4259,63885000,63885000,1004,1672,63900000,27632
1,426,6390000,6390000,1004,1672,6405000,2766
1,4260,63900000,63900000,1004,1672,63915000,27641
1,4261,63915000,63915000,1004,1672,63930000,27649
1,4262,63930000,63930000,1004,1672,63945000,27653
1,4263,63945000,63945000,1004,1672,63960000,27661
1,4264,63960000,63960000,1004,1672,63975000,27665
1,4265,63975000,63975000,1004,1672,63990000,27673
1,4266,63990000,63990000,1004,1672,64005000,27681
1,4267,64005000,64005000,1004,1672,64020000,27686
1,4268,64020000,64020000,1004,1672,64035000,27693
1,4269,64035000,64035000,1004,1672,64050000,27698
1,427,6405000,6405000,1004,1672,6420000,2770
1,4270,64050000,64050000,1004,1672,64065000,27706
1,4271,64065000,64065000,1004,1672,64080000,27712
1,4272,64080000,64080000,1004,1672,64095000,27719
1,4273,64095000,64095000,1004,1672,64110000,27726
1,4274,64110000,64110000,1004,1672,64125000,27731
1,4275,64125000,64125000,1004,1672,64140000,27738
1,4276,64140000,64140000,1004,1672,64155000,27745
1,4277,64155000,64155000,1004,1672,64170000,27750
1,4278,64170000,64170000,1004,1672,64185000,27759
1,4279,64185000,64185000,1004,1672,64200000,27763
1,428,6420000,6420000,1004,1672,6435000,2777
1,4280,64200000,64200000,1004,1672,64215000,27770
1,4281,64215000,64215000,1004,1672,64230000,27779
1,4282,64230000,64230000,1004,1672,64245000,27783
1,4283,64245000,64245000,1004,1672,64260000,27789
1,4284,64260000,64260000,1004,1672,64275000,27796
1,4285,64275000,64275000,1004,1672,64290000,27803
1,4286,64290000,64290000,1004,1672,64305000,27811
1,4287,64305000,64305000,1004,1672,64320000,27815
1,4288,64320000,64320000,1004,1672,64335000,27823
1,4289,64335000,64335000,1004,1672,64350000,27828
1,429,6435000,6435000,1004,1672,6450000,2783
1,4290,64350000,64350000,1004,1672,64365000,27836
1,4291,64365000,64365000,1004,1672,64380000,27843
1,4292,64380000,64380000,1004,1672,64395000,27847
1,4293,64395000,64395000,1004,1672,64410000,27856
1,4294,64410000,64410000,1004,1672,64425000,27860
1,4295,64425000,64425000,1004,1672,64440000,27868
1,4296,64440000,64440000,1004,1672,64455000,27876
1,4297,64455000,64455000,1004,1672,64470000,27880
1,4298,64470000,64470000,1004,1672,64485000,27888
1,4299,64485000,64485000,1004,1672,64500000,27892
1,43,645000,645000,1004,1672,660000,279
1,430,6450000,6450000,1004,1672,6465000,2791
1,4300,64500000,64500000,1004,1672,64515000,27900
1,4301,64515000,64515000,1004,1672,64530000,27908
1,4302,64530000,64530000,1004,1672,64545000,27914
1,4303,64545000,64545000,1004,1672,64560000,27920
1,4304,64560000,64560000,1004,1672,64575000,27924
1,4305,64575000,64575000,1004,1672,64590000,27933
1,4306,64590000,64590000,1004,1672,64605000,27941
1,4307,64605000,64605000,1004,1672,64620000,27945
1,4308,64620000,64620000,1004,1672,64635000,27953
1,4309,64635000,64635000,1004,1672,64650000,27958
1,431,6465000,6465000,1004,1672,6480000,2798
1,4310,64650000,64650000,1004,1672,64665000,27965
1,4311,64665000,64665000,1004,1672,64680000,27972
1,4312,64680000,64680000,1004,1672,64695000,27978
1,4313,64695000,64695000,1004,1672,64710000,27985
1,4314,64710000,64710000,1004,1672,64725000,27991
1,4315,64725000,64725000,1004,1672,64740000,27997
1,4316,64740000,64740000,1004,1672,64755000,28005
1,4317,64755000,64755000,1004,1672,64770000,28010
1,4318,64770000,64770000,1004,1672,64785000,28018
1,4319,64785000,64785000,1004,1672,64800000,28022
1,432,6480000,6480000,1004,1672,6495000,2803
1,4320,64800000,64800000,1004,1672,64815000,28030
1,4321,64815000,64815000,1004,1672,64830000,28038
1,4322,64830000,64830000,1004,1672,64845000,28042
1,4323,64845000,64845000,1004,1672,64860000,28051
1,4324,64860000,64860000,1004,1672,64875000,28055
1,4325,64875000,64875000,1004,1672,64890000,28062
1,4326,64890000,64890000,1004,1672,64905000,28071
1,4327,64905000,64905000,1004,1672,64920000,28074
1,4328,64920000,64920000,1004,1672,64935000,28082
1,4329,64935000,64935000,1004,1672,64950000,28088
1,433,6495000,6495000,1004,1672,6510000,2810
1,4330,64950000,64950000,1004,1672,64965000,28096
1,4331,64965000,64965000,1004,1672,64980000,28102
1,4332,64980000,64980000,1004,1672,64995000,28107
1,4333,64995000,64995000,1004,1672,65010000,28115
1,4334,65010000,65010000,1004,1672,65025000,28119
1,4335,65025000,65025000,1004,1672,65040000,28128
1,4336,65040000,65040000,1004,1672,65055000,28135
1,4337,65055000,65055000,1004,1672,65070000,28140
1,4338,65070000,65070000,1004,1672,65085000,28148
1,4339,65085000,65085000,1004,1672,65100000,28151
1,434,6510000,6510000,1004,1672,6525000,2815
1,4340,65100000,65100000,1004,1672,65115000,28160
1,4341,65115000,65115000,1004,1672,65130000,28168
1,4342,65130000,65130000,1004,1672,65145000,28173
1,4343,65145000,65145000,1004,1672,65160000,28179
1,4344,65160000,65160000,1004,1672,65175000,28185
1,4345,65175000,65175000,1004,1672,65190000,28192
1,4346,65190000,65190000,1004,1672,65205000,28200
1,4347,65205000,65205000,1004,1672,65220000,28205
1,4348,65220000,65220000,1004,1672,65235000,28212
1,4349,65235000,65235000,1004,1672,65250000,28217
1,435,6525000,6525000,1004,1672,6540000,2822
1,4350,65250000,65250000,1004,1672,65265000,28225
1,4351,65265000,65265000,1004,1672,65280000,28232
1,4352,65280000,65280000,1004,1672,65295000,28237
1,4353,65295000,65295000,1004,1672,65310000,28245
1,4354,65310000,65310000,1004,1672,65325000,28250
1,4355,65325000,65325000,1004,1672,65340000,28256
1,4356,65340000,65340000,1004,1672,65355000,28265
1,4357,65355000,65355000,1004,1672,65370000,28270
1,4358,65370000,65370000,1004,1672,65385000,28278
1,4359,65385000,65385000,1004,1672,65400000,28282
1,436,6540000,6540000,1004,1672,6555000,2831
1,4360,65400000,65400000,1004,1672,65415000,28289
1,4361,65415000,65415000,1004,1672,65430000,28297
1,4362,65430000,65430000,1004,1672,65445000,28302
1,4363,65445000,65445000,1004,1672,65460000,28310
1,4364,65460000,65460000,1004,1672,65475000,28314
1,4365,65475000,65475000,1004,1672,65490000,28323
1,4366,65490000,65490000,1004,1672,65505000,28330
1,4367,65505000,65505000,1004,1672,65520000,28333
1,4368,65520000,65520000,1004,1672,65535000,28342
1,4369,65535000,65535000,1004,1672,65550000,28347
1,437,6555000,6555000,1004,1672,6570000,2835
1,4370,65550000,65550000,1004,1672,65565000,28355
1,4371,65565000,65565000,1004,1672,65580000,28362
1,4372,65580000,65580000,1004,1672,65595000,28367
1,4373,65595000,65595000,1004,1672,65610000,28374
1,4374,65610000,65610000,1004,1672,65625000,28380
1,4375,65625000,65625000,1004,1672,65640000,28387
1,4376,65640000,65640000,1004,1672,65655000,28394
1,4377,65655000,65655000,1004,1672,65670000,28400
1,4378,65670000,65670000,1004,1672,65685000,28407
1,4379,65685000,65685000,1004,1672,65700000,28411
1,438,6570000,6570000,1004,1672,6585000,2844
1,4380,65700000,65700000,1004,1672,65715000,28420
1,4381,65715000,65715000,1004,1672,65730000,28427
1,4382,65730000,65730000,1004,1672,65745000,28432
1,4383,65745000,65745000,1004,1672,65760000,28439
1,4384,65760000,65760000,1004,1672,65775000,28444
1,4385,65775000,65775000,1004,1672,65790000,28451
1,4386,65790000,65790000,1004,1672,65805000,28461
1,4387,65805000,65805000,1004,1672,65820000,28464
1,4388,65820000,65820000,1004,1672,65835000,28471
1,4389,65835000,65835000,1004,1672,65850000,28477
1,439,6585000,6585000,1004,1672,6600000,2847
1,4390,65850000,65850000,1004,1672,65865000,28484
1,4391,65865000,65865000,1004,1672,65880000,28492
1,4392,65880000,65880000,1004,1672,65895000,28497
1,4393,65895000,65895000,1004,1672,65910000,28505
1,4394,65910000,65910000,1004,1672,65925000,28509
1,4395,65925000,65925000,1004,1672,65940000,28516
1,4396,65940000,65940000,1004,1672,65955000,28524
1,4397,65955000,65955000,1004,1672,65970000,28529
1,4398,65970000,65970000,1004,1672,65985000,28538
1,4399,65985000,65985000,1004,1672,66000000,28541
1,44,660000,660000,1004,1672,675000,284
1,440,6600000,6600000,1004,1672,6615000,2854
1,4400,66000000,66000000,1004,1672,66015000,28549
1,4401,66015000,66015000,1004,1672,66030000,28557
1,4402,66030000,66030000,1004,1672,66045000,28561
1,4403,66045000,66045000,1004,1672,66060000,28569
1,4404,66060000,66060000,1004,1672,66075000,28574
1,4405,66075000,66075000,1004,1672,66090000,28582
1,4406,66090000,66090000,1004,1672,66105000,28589
1,4407,66105000,66105000,1004,1672,66120000,28594
1,4408,66120000,66120000,1004,1672,66135000,28602
1,4409,66135000,66135000,1004,1672,66150000,28606
1,441,6615000,6615000,1004,1672,6630000,2863
1,4410,66150000,66150000,1004,1672,66165000,28615
1,4411,66165000,66165000,1004,1672,66180000,28621
1,4412,66180000,66180000,1004,1672,66195000,28626
1,4413,66195000,66195000,1004,1672,66210000,28634
1,4414,66210000,66210000,1004,1672,66225000,28640
1,4415,66225000,66225000,1004,1672,66240000,28646
1,4416,66240000,66240000,1004,1672,66255000,28654
1,4417,66255000,66255000,1004,1672,66270000,28659
1,4418,66270000,66270000,1004,1672,66285000,28666
1,4419,66285000,66285000,1004,1672,66300000,28671
1,442,6630000,6630000,1004,1672,6645000,2868
1,4420,66300000,66300000,1004,1672,66315000,28679
1,4421,66315000,66315000,1004,1672,66330000,28687
1,4422,66330000,66330000,1004,1672,66345000,28692
1,4423,66345000,66345000,1004,1672,66360000,28698
1,4424,66360000,66360000,1004,1672,66375000,28703
1,4425,66375000,66375000,1004,1672,66390000,28712
1,4426,66390000,66390000,1004,1672,66405000,28720
1,4427,66405000,66405000,1004,1672,66420000,28723
1,4428,66420000,66420000,1004,1672,66435000,28732
1,4429,66435000,66435000,1004,1672,66450000,28736
1,443,6645000,6645000,1004,1672,6660000,2875
1,4430,66450000,66450000,1004,1672,66465000,28743
1,4431,66465000,66465000,1004,1672,66480000,28752
1,4432,66480000,66480000,1004,1672,66495000,28756
1,4433,66495000,66495000,1004,1672,66510000,28764
1,4434,66510000,66510000,1004,1672,66525000,28769
1,4435,66525000,66525000,1004,1672,66540000,28776
1,4436,66540000,66540000,1004,1672,66555000,28783
1,4437,66555000,66555000,1004,1672,66570000,28789
1,4438,66570000,66570000,1004,1672,66585000,28797
1,4439,66585000,66585000,1004,1672,66600000,28800
1,444,6660000,6660000,1004,1672,6675000,2880
1,4440,66600000,66600000,1004,1672,66615000,28809
1,4441,66615000,66615000,1004,1672,66630000,28816
1,4442,66630000,66630000,1004,1672,66645000,28822
1,4443,66645000,66645000,1004,1672,66660000,28829
1,4444,66660000,66660000,1004,1672,66675000,28833
1,4445,66675000,66675000,1004,1672,66690000,28841
1,4446,66690000,66690000,1004,1672,66705000,28849
1,4447,66705000,66705000,1004,1672,66720000,28853
1,4448,66720000,66720000,1004,1672,66735000,28861
1,4449,66735000,66735000,1004,1672,66750000,28867
1,445,6675000,6675000,1004,1672,6690000,2888
1,4450,66750000,66750000,1004,1672,66765000,28874
1,4451,66765000,66765000,1004,1672,66780000,28880
1,4452,66780000,66780000,1004,1672,66795000,28886
1,4453,66795000,66795000,1004,1672,66810000,28893
1,4454,66810000,66810000,1004,1672,66825000,28899
1,4455,66825000,66825000,1004,1672,66840000,28906
1,4456,66840000,66840000,1004,1672,66855000,28914
1,4457,66855000,66855000,1004,1672,66870000,28918
1,4458,66870000,66870000,1004,1672,66885000,28926
1,4459,66885000,66885000,1004,1672,66900000,28931
1,446,6690000,6690000,1004,1672,6705000,2895
1,4460,66900000,66900000,1004,1672,66915000,28938
1,4461,66915000,66915000,1004,1672,66930000,28947
1,4462,66930000,66930000,1004,1672,66945000,28951
1,4463,66945000,66945000,1004,1672,66960000,28958
1,4464,66960000,66960000,1004,1672,66975000,28963
1,4465,66975000,66975000,1004,1672,66990000,28971
1,4466,66990000,66990000,1004,1672,67005000,28979
1,4467,67005000,67005000,1004,1672,67020000,28983
1,4468,67020000,67020000,1004,1672,67035000,28991
1,4469,67035000,67035000,1004,1672,67050000,28995
1,447,6705000,6705000,1004,1672,6720000,2900
1,4470,67050000,67050000,1004,1672,67065000,29004
1,4471,67065000,67065000,1004,1672,67080000,29011
1,4472,67080000,67080000,1004,1672,67095000,29015
1,4473,67095000,67095000,1004,1672,67110000,29024
1,4474,67110000,67110000,1004,1672,67125000,29028
1,4475,67125000,67125000,1004,1672,67140000,29035
1,4476,67140000,67140000,1004,1672,67155000,29044
1,4477,67155000,67155000,1004,1672,67170000,29049
1,4478,67170000,67170000,1004,1672,67185000,29056
1,4479,67185000,67185000,1004,1672,67200000,29060
1,448,6720000,6720000,1004,1672,6735000,2908
1,4480,67200000,67200000,1004,1672,67215000,29068
1,4481,67215000,67215000,1004,1672,67230000,29075
1,4482,67230000,67230000,1004,1672,67245000,29082
1,4483,67245000,67245000,1004,1672,67260000,29088
1,4484,67260000,67260000,1004,1672,67275000,29093
1,4485,67275000,67275000,1004,1672,67290000,29101
1,4486,67290000,67290000,1004,1672,67305000,29108
1,4487,67305000,67305000,1004,1672,67320000,29112
1,4488,67320000,67320000,1004,1672,67335000,29121
1,4489,67335000,67335000,1004,1672,67350000,29126
1,449,6735000,6735000,1004,1672,6750000,2912
1,4490,67350000,67350000,1004,1672,67365000,29133
1,4491,67365000,67365000,1004,1672,67380000,29141
1,4492,67380000,67380000,1004,1672,67395000,29145
1,4493,67395000,67395000,1004,1672,67410000,29153
1,4494,67410000,67410000,1004,1672,67425000,29159
1,4495,67425000,67425000,1004,1672,67440000,29165
1,4496,67440000,67440000,1004,1672,67455000,29173
1,4497,67455000,67455000,1004,1672,67470000,29178
1,4498,67470000,67470000,1004,1672,67485000,29186
1,4499,67485000,67485000,1004,1672,67500000,29190
1,45,675000,675000,1004,1672,690000,293
1,450,6750000,6750000,1004,1672,6765000,2921
1,4500,67500000,67500000,1004,1672,67515000,29198
1,4501,67515000,67515000,1004,1672,67530000,29206
1,4502,67530000,67530000,1004,1672,67545000,29210
1,4503,67545000,67545000,1004,1672,67560000,29218
1,4504,67560000,67560000,1004,1672,67575000,29222
1,4505,67575000,67575000,1004,1672,67590000,29231
1,4506,67590000,67590000,1004,1672,67605000,29239
1,4507,67605000,67605000,1004,1672,67620000,29242
1,4508,67620000,67620000,1004,1672,67635000,29250
1,4509,67635000,67635000,1004,1672,67650000,29255
1,451,6765000,6765000,1004,1672,6780000,2927
1,4510,67650000,67650000,1004,1672,67665000,29264
1,4511,67665000,67665000,1004,1672,67680000,29270
1,4512,67680000,67680000,1004,1672,67695000,29276
1,4513,67695000,67695000,1004,1672,67710000,29283
1,4514,67710000,67710000,1004,1672,67725000,29287
1,4515,67725000,67725000,1004,1672,67740000,29295
1,4516,67740000,67740000,1004,1672,67755000,29303
1,4517,67755000,67755000,1004,1672,67770000,29308
1,4518,67770000,67770000,1004,1672,67785000,29316
1,4519,67785000,67785000,1004,1672,67800000,29320
1,452,6780000,6780000,1004,1672,6795000,2932
1,4520,67800000,67800000,1004,1672,67815000,29327
1,4521,67815000,67815000,1004,1672,67830000,29335
1,4522,67830000,67830000,1004,1672,67845000,29341
1,4523,67845000,67845000,1004,1672,67860000,29347
1,4524,67860000,67860000,1004,1672,67875000,29353
1,4525,67875000,67875000,1004,1672,67890000,29360
1,4526,67890000,67890000,1004,1672,67905000,29368
1,4527,67905000,67905000,1004,1672,67920000,29373
1,4528,67920000,67920000,1004,1672,67935000,29380
1,4529,67935000,67935000,1004,1672,67950000,29385
1,453,6795000,6795000,1004,1672,6810000,2941
1,4530,67950000,67950000,1004,1672,67965000,29393
1,4531,67965000,67965000,1004,1672,67980000,29400
1,4532,67980000,67980000,1004,1672,67995000,29404
1,4533,67995000,67995000,1004,1672,68010000,29414
1,4534,68010000,68010000,1004,1672,68025000,29418
1,4535,68025000,68025000,1004,1672,68040000,29424
1,4536,68040000,68040000,1004,1672,68055000,29433
1,4537,68055000,68055000,1004,1672,68070000,29437
1,4538,68070000,68070000,1004,1672,68085000,29445
1,4539,68085000,68085000,1004,1672,68100000,29450
1,454,6810000,6810000,1004,1672,6825000,2945
1,4540,68100000,68100000,1004,1672,68115000,29458
1,4541,68115000,68115000,1004,1672,68130000,29465
1,4542,68130000,68130000,1004,1672,68145000,29470
1,4543,68145000,68145000,1004,1672,68160000,29477
1,4544,68160000,68160000,1004,1672,68175000,29482
1,4545,68175000,68175000,1004,1672,68190000,29491
1,4546,68190000,68190000,1004,1672,68205000,29498
1,4547,68205000,68205000,1004,1672,68220000,29502
1,4548,68220000,68220000,1004,1672,68235000,29510
1,4549,68235000,68235000,1004,1672,68250000,29514
1,455,6825000,6825000,1004,1672,6840000,2952
1,4550,68250000,68250000,1004,1672,68265000,29523
1,4551,68265000,68265000,1004,1672,68280000,29530
1,4552,68280000,68280000,1004,1672,68295000,29535
1,4553,68295000,68295000,1004,1672,68310000,29542
1,4554,68310000,68310000,1004,1672,68325000,29548
1,4555,68325000,68325000,1004,1672,68340000,29554
1,4556,68340000,68340000,1004,1672,68355000,29562
1,4557,68355000,68355000,1004,1672,68370000,29568
1,4558,68370000,68370000,1004,1672,68385000,29575
1,4559,68385000,68385000,1004,1672,68400000,29579
1,456,6840000,6840000,1004,1672,6855000,2960
1,4560,68400000,68400000,1004,1672,68415000,29587
1,4561,68415000,68415000,1004,1672,68430000,29596
1,4562,68430000,68430000,1004,1672,68445000,29600
1,4563,68445000,68445000,1004,1672,68460000,29607
1,4564,68460000,68460000,1004,1672,68475000,29612
1,4565,68475000,68475000,1004,1672,68490000,29619
1,4566,68490000,68490000,1004,1672,68505000,29628
1,4567,68505000,68505000,1004,1672,68520000,29632
1,4568,68520000,68520000,1004,1672,68535000,29640
1,4569,68535000,68535000,1004,1672,68550000,29645
1,457,6855000,6855000,1004,1672,6870000,2965
1,4570,68550000,68550000,1004,1672,68565000,29652
1,4571,68565000,68565000,1004,1672,68580000,29659
1,4572,68580000,68580000,1004,1672,68595000,29664
1,4573,68595000,68595000,1004,1672,68610000,29673
1,4574,68610000,68610000,1004,1672,68625000,29677
1,4575,68625000,68625000,1004,1672,68640000,29685
1,4576,68640000,68640000,1004,1672,68655000,29692
1,4577,68655000,68655000,1004,1672,68670000,29696
1,4578,68670000,68670000,1004,1672,68685000,29706
1,4579,68685000,68685000,1004,1672,68700000,29709
1,458,6870000,6870000,1004,1672,6885000,2972
1,4580,68700000,68700000,1004,1672,68715000,29717
1,4581,68715000,68715000,1004,1672,68730000,29725
1,4582,68730000,68730000,1004,1672,68745000,29730
1,4583,68745000,68745000,1004,1672,68760000,29736
1,4584,68760000,68760000,1004,1672,68775000,29742
1,4585,68775000,68775000,1004,1672,68790000,29750
1,4586,68790000,68790000,1004,1672,68805000,29757
1,4587,68805000,68805000,1004,1672,68820000,29762
1,4588,68820000,68820000,1004,1672,68835000,29769
1,4589,68835000,68835000,1004,1672,68850000,29774
1,459,6885000,6885000,1004,1672,6900000,2978
1,4590,68850000,68850000,1004,1672,68865000,29783
1,4591,68865000,68865000,1004,1672,68880000,29789
1,4592,68880000,68880000,1004,1672,68895000,29794
1,4593,68895000,68895000,1004,1672,68910000,29802
1,4594,68910000,68910000,1004,1672,68925000,29807
1,4595,68925000,68925000,1004,1672,68940000,29814
1,4596,68940000,68940000,1004,1672,68955000,29823
1,4597,68955000,68955000,1004,1672,68970000,29827
1,4598,68970000,68970000,1004,1672,68985000,29834
1,4599,68985000,68985000,1004,1672,69000000,29839
1,46,690000,690000,1004,1672,705000,301
1,460,6900000,6900000,1004,1672,6915000,2985
1,4600,69000000,69000000,1004,1672,69015000,29846
1,4601,69015000,69015000,1004,1672,69030000,29855
1,4602,69030000,69030000,1004,1672,69045000,29860
1,4603,69045000,69045000,1004,1672,69060000,29867
1,4604,69060000,69060000,1004,1672,69075000,29871
1,4605,69075000,69075000,1004,1672,69090000,29879
1,4606,69090000,69090000,1004,1672,69105000,29887
1,4607,69105000,69105000,1004,1672,69120000,29891
1,4608,69120000,69120000,1004,1672,69135000,29900
1,4609,69135000,69135000,1004,1672,69150000,29904
1,461,6915000,6915000,1004,1672,6930000,2992
1,4610,69150000,69150000,1004,1672,69165000,29912
1,4611,69165000,69165000,1004,1672,69180000,29919
1,4612,69180000,69180000,1004,1672,69195000,29924
1,4613,69195000,69195000,1004,1672,69210000,29932
1,4614,69210000,69210000,1004,1672,69225000,29937
1,4615,69225000,69225000,1004,1672,69240000,29944
1,4616,69240000,69240000,1004,1672,69255000,29951
1,4617,69255000,69255000,1004,1672,69270000,29957
1,4618,69270000,69270000,1004,1672,69285000,29965
1,4619,69285000,69285000,1004,1672,69300000,29968
1,462,6930000,6930000,1004,1672,6945000,2998
1,4620,69300000,69300000,1004,1672,69315000,29977
1,4621,69315000,69315000,1004,1672,69330000,29984
1,4622,69330000,69330000,1004,1672,69345000,29989
1,4623,69345000,69345000,1004,1672,69360000,29996
1,4624,69360000,69360000,1004,1672,69375000,30002
1,4625,69375000,69375000,1004,1672,69390000,30009
1,4626,69390000,69390000,1004,1672,69405000,30017
1,4627,69405000,69405000,1004,1672,69420000,30021
1,4628,69420000,69420000,1004,1672,69435000,30028
1,4629,69435000,69435000,1004,1672,69450000,30035
1,463,6945000,6945000,1004,1672,6960000,3004
1,4630,69450000,69450000,1004,1672,69465000,30042
1,4631,69465000,69465000,1004,1672,69480000,30049
1,4632,69480000,69480000,1004,1672,69495000,30054
1,4633,69495000,69495000,1004,1672,69510000,30061
1,4634,69510000,69510000,1004,1672,69525000,30066
1,4635,69525000,69525000,1004,1672,69540000,30074
1,4636,69540000,69540000,1004,1672,69555000,30082
1,4637,69555000,69555000,1004,1672,69570000,30086
1,4638,69570000,69570000,1004,1672,69585000,30095
1,4639,69585000,69585000,1004,1672,69600000,30098
1,464,6960000,6960000,1004,1672,6975000,3010
1,4640,69600000,69600000,1004,1672,69615000,30105
1,4641,69615000,69615000,1004,1672,69630000,30115
1,4642,69630000,69630000,1004,1672,69645000,30119
1,4643,69645000,69645000,1004,1672,69660000,30126
1,4644,69660000,69660000,1004,1672,69675000,30131
1,4645,69675000,69675000,1004,1672,69690000,30139
1,4646,69690000,69690000,1004,1672,69705000,30147
1,4647,69705000,69705000,1004,1672,69720000,30151
1,4648,69720000,69720000,1004,1672,69735000,30159
1,4649,69735000,69735000,1004,1672,69750000,30163
1,465,6975000,6975000,1004,1672,6990000,3018
1,4650,69750000,69750000,1004,1672,69765000,30172
1,4651,69765000,69765000,1004,1672,69780000,30178
1,4652,69780000,69780000,1004,1672,69795000,30184
1,4653,69795000,69795000,1004,1672,69810000,30192
1,4654,69810000,69810000,1004,1672,69825000,30196
1,4655,69825000,69825000,1004,1672,69840000,30203
1,4656,69840000,69840000,1004,1672,69855000,30211
1,4657,69855000,69855000,1004,1672,69870000,30216
1,4658,69870000,69870000,1004,1672,69885000,30224
1,4659,69885000,69885000,1004,1672,69900000,30229
1,466,6990000,6990000,1004,1672,7005000,3026
1,4660,69900000,69900000,1004,1672,69915000,30236
1,4661,69915000,69915000,1004,1672,69930000,30243
1,4662,69930000,69930000,1004,1672,69945000,30249
1,4663,69945000,69945000,1004,1672,69960000,30256
1,4664,69960000,69960000,1004,1672,69975000,30261
1,4665,69975000,69975000,1004,1672,69990000,30269
1,4666,69990000,69990000,1004,1672,70005000,30277
1,4667,70005000,70005000,1004,1672,70020000,30280
1,4668,70020000,70020000,1004,1672,70035000,30288
1,4669,70035000,70035000,1004,1672,70050000,30294
1,467,7005000,7005000,1004,1672,7020000,3029
1,4670,70050000,70050000,1004,1672,70065000,30301
1,4671,70065000,70065000,1004,1672,70080000,30309
1,4672,70080000,70080000,1004,1672,70095000,30313
1,4673,70095000,70095000,1004,1672,70110000,30321
1,4674,70110000,70110000,1004,1672,70125000,30326
1,4675,70125000,70125000,1004,1672,70140000,30333
1,4676,70140000,70140000,1004,1672,70155000,30341
1,4677,70155000,70155000,1004,1672,70170000,30346
1,4678,70170000,70170000,1004,1672,70185000,30354
1,4679,70185000,70185000,1004,1672,70200000,30357
1,468,7020000,7020000,1004,1672,7035000,3037
1,4680,70200000,70200000,1004,1672,70215000,30367
1,4681,70215000,70215000,1004,1672,70230000,30374
1,4682,70230000,70230000,1004,1672,70245000,30378
1,4683,70245000,70245000,1004,1672,70260000,30386
1,4684,70260000,70260000,1004,1672,70275000,30390
1,4685,70275000,70275000,1004,1672,70290000,30398
1,4686,70290000,70290000,1004,1672,70305000,30407
1,4687,70305000,70305000,1004,1672,70320000,30411
1,4688,70320000,70320000,1004,1672,70335000,30418
1,4689,70335000,70335000,1004,1672,70350000,30423
1,469,7035000,7035000,1004,1672,7050000,3042
1,4690,70350000,70350000,1004,1672,70365000,30431
1,4691,70365000,70365000,1004,1672,70380000,30437
1,4692,70380000,70380000,1004,1672,70395000,30444
1,4693,70395000,70395000,1004,1672,70410000,30451
1,4694,70410000,70410000,1004,1672,70425000,30456
1,4695,70425000,70425000,1004,1672,70440000,30463
1,4696,70440000,70440000,1004,1672,70455000,30470
1,4697,70455000,70455000,1004,1672,70470000,30476
1,4698,70470000,70470000,1004,1672,70485000,30484
1,4699,70485000,70485000,1004,1672,70500000,30488
1,47,705000,705000,1004,1672,720000,304
1,470,7050000,7050000,1004,1672,7065000,3050
1,4700,70500000,70500000,1004,1672,70515000,30495
1,4701,70515000,70515000,1004,1672,70530000,30504
1,4702,70530000,70530000,1004,1672,70545000,30508
1,4703,70545000,70545000,1004,1672,70560000,30515
1,4704,70560000,70560000,1004,1672,70575000,30521
1,4705,70575000,70575000,1004,1672,70590000,30528
1,4706,70590000,70590000,1004,1672,70605000,30536
1,4707,70605000,70605000,1004,1672,70620000,30540
1,4708,70620000,70620000,1004,1672,70635000,30548
1,4709,70635000,70635000,1004,1672,70650000,30553
1,471,7065000,7065000,1004,1672,7080000,3058
1,4710,70650000,70650000,1004,1672,70665000,30561
1,4711,70665000,70665000,1004,1672,70680000,30568
1,4712,70680000,70680000,1004,1672,70695000,30572
1,4713,70695000,70695000,1004,1672,70710000,30581
1,4714,70710000,70710000,1004,1672,70725000,30586
1,4715,70725000,70725000,1004,1672,70740000,30593
1,4716,70740000,70740000,1004,1672,70755000,30601
1,4717,70755000,70755000,1004,1672,70770000,30605
1,4718,70770000,70770000,1004,1672,70785000,30613
1,4719,70785000,70785000,1004,1672,70800000,30617
1,472,7080000,7080000,1004,1672,7095000,3062
1,4720,70800000,70800000,1004,1672,70815000,30626
1,4721,70815000,70815000,1004,1672,70830000,30633
1,4722,70830000,70830000,1004,1672,70845000,30639
1,4723,70845000,70845000,1004,1672,70860000,30645
1,4724,70860000,70860000,1004,1672,70875000,30649
1,4725,70875000,70875000,1004,1672,70890000,30658
1,4726,70890000,70890000,1004,1672,70905000,30666
1,4727,70905000,70905000,1004,1672,70920000,30670
1,4728,70920000,70920000,1004,1672,70935000,30678
1,4729,70935000,70935000,1004,1672,70950000,30683
1,473,7095000,7095000,1004,1672,7110000,3070
1,4730,70950000,70950000,1004,1672,70965000,30690
1,4731,70965000,70965000,1004,1672,70980000,30698
1,4732,70980000,70980000,1004,1672,70995000,30703
1,4733,70995000,70995000,1004,1672,71010000,30710
1,4734,71010000,71010000,1004,1672,71025000,30716
1,4735,71025000,71025000,1004,1672,71040000,30722
1,4736,71040000,71040000,1004,1672,71055000,30730
1,4737,71055000,71055000,1004,1672,71070000,30736
1,4738,71070000,71070000,1004,1672,71085000,30743
1,4739,71085000,71085000,1004,1672,71100000,30747
1,474,7110000,7110000,1004,1672,7125000,3075
1,4740,71100000,71100000,1004,1672,71115000,30755
1,4741,71115000,71115000,1004,1672,71130000,30763
1,4742,71130000,71130000,1004,1672,71145000,30767
1,4743,71145000,71145000,1004,1672,71160000,30776
1,4744,71160000,71160000,1004,1672,71175000,30780
1,4745,71175000,71175000,1004,1672,71190000,30787
1,4746,71190000,71190000,1004,1672,71205000,30796
1,4747,71205000,71205000,1004,1672,71220000,30799
1,4748,71220000,71220000,1004,1672,71235000,30808
1,4749,71235000,71235000,1004,1672,71250000,30813
1,475,7125000,7125000,1004,1672,7140000,3081
1,4750,71250000,71250000,1004,1672,71265000,30821
1,4751,71265000,71265000,1004,1672,71280000,30827
1,4752,71280000,71280000,1004,1672,71295000,30832
1,4753,71295000,71295000,1004,1672,71310000,30840
1,4754,71310000,71310000,1004,1672,71325000,30845
1,4755,71325000,71325000,1004,1672,71340000,30853
1,4756,71340000,71340000,1004,1672,71355000,30860
1,4757,71355000,71355000,1004,1672,71370000,30865
1,4758,71370000,71370000,1004,1672,71385000,30873
1,4759,71385000,71385000,1004,1672,71400000,30876
1,476,7140000,7140000,1004,1672,7155000,3090
1,4760,71400000,71400000,1004,1672,71415000,30885
1,4761,71415000,71415000,1004,1672,71430000,30893
1,4762,71430000,71430000,1004,1672,71445000,30898
1,4763,71445000,71445000,1004,1672,71460000,30904
1,4764,71460000,71460000,1004,1672,71475000,30910
1,4765,71475000,71475000,1004,1672,71490000,30918
1,4766,71490000,71490000,1004,1672,71505000,30925
1,4767,71505000,71505000,1004,1672,71520000,30930
1,4768,71520000,71520000,1004,1672,71535000,30937
1,4769,71535000,71535000,1004,1672,71550000,30942
1,477,7155000,7155000,1004,1672,7170000,3095
1,4770,71550000,71550000,1004,1672,71565000,30950
1,4771,71565000,71565000,1004,1672,71580000,30958
1,4772,71580000,71580000,1004,1672,71595000,30962
1,4773,71595000,71595000,1004,1672,71610000,30970
1,4774,71610000,71610000,1004,1672,71625000,30975
1,4775,71625000,71625000,1004,1672,71640000,30981
1,4776,71640000,71640000,1004,1672,71655000,30990
1,4777,71655000,71655000,1004,1672,71670000,30995
1,4778,71670000,71670000,1004,1672,71685000,31003
1,4779,71685000,71685000,1004,1672,71700000,31007
1,478,7170000,7170000,1004,1672,7185000,3103
1,4780,71700000,71700000,1004,1672,71715000,31014
1,4781,71715000,71715000,1004,1672,71730000,31022
1,4782,71730000,71730000,1004,1672,71745000,31028
1,4783,71745000,71745000,1004,1672,71760000,31035
1,4784,71760000,71760000,1004,1672,71775000,31039
1,4785,71775000,71775000,1004,1672,71790000,31048
1,4786,71790000,71790000,1004,1672,71805000,31055
1,4787,71805000,71805000,1004,1672,71820000,31058
1,4788,71820000,71820000,1004,1672,71835000,31068
1,4789,71835000,71835000,1004,1672,71850000,31072
1,479,7185000,7185000,1004,1672,7200000,3106
1,4790,71850000,71850000,1004,1672,71865000,31080
1,4791,71865000,71865000,1004,1672,71880000,31087
1,4792,71880000,71880000,1004,1672,71895000,31092
1,4793,71895000,71895000,1004,1672,71910000,31099
1,4794,71910000,71910000,1004,1672,71925000,31105
1,4795,71925000,71925000,1004,1672,71940000,31112
1,4796,71940000,71940000,1004,1672,71955000,31119
1,4797,71955000,71955000,1004,1672,71970000,31125
1,4798,71970000,71970000,1004,1672,71985000,31132
1,4799,71985000,71985000,1004,1672,72000000,31137
1,48,720000,720000,1004,1672,735000,312
1,480,7200000,7200000,1004,1672,7215000,3115
1,4800,72000000,72000000,1004,1672,72015000,31145
1,4801,72015000,72015000,1004,1672,72030000,31152
1,4802,72030000,72030000,1004,1672,72045000,31157
1,4803,72045000,72045000,1004,1672,72060000,31164
1,4804,72060000,72060000,1004,1672,72075000,31169
1,4805,72075000,72075000,1004,1672,72090000,31177
1,4806,72090000,72090000,1004,1672,72105000,31186
1,4807,72105000,72105000,1004,1672,72120000,31189
1,4808,72120000,72120000,1004,1672,72135000,31196
1,4809,72135000,72135000,1004,1672,72150000,31202
1,481,7215000,7215000,1004,1672,7230000,3123
1,4810,72150000,72150000,1004,1672,72165000,31209
1,4811,72165000,72165000,1004,1672,72180000,31217
1,4812,72180000,72180000,1004,1672,72195000,31222
1,4813,72195000,72195000,1004,1672,72210000,31230
1,4814,72210000,72210000,1004,1672,72225000,31234
1,4815,72225000,72225000,1004,1672,72240000,31241
1,4816,72240000,72240000,1004,1672,72255000,31250
1,4817,72255000,72255000,1004,1672,72270000,31254
1,4818,72270000,72270000,1004,1672,72285000,31263
1,4819,72285000,72285000,1004,1672,72300000,31266
1,482,7230000,7230000,1004,1672,7245000,3127
1,4820,72300000,72300000,1004,1672,72315000,31274
1,4821,72315000,72315000,1004,1672,72330000,31282
1,4822,72330000,72330000,1004,1672,72345000,31287
1,4823,72345000,72345000,1004,1672,72360000,31294
1,4824,72360000,72360000,1004,1672,72375000,31299
1,4825,72375000,72375000,1004,1672,72390000,31307
1,4826,72390000,72390000,1004,1672,72405000,31314
1,4827,72405000,72405000,1004,1672,72420000,31319
1,4828,72420000,72420000,1004,1672,72435000,31327
1,4829,72435000,72435000,1004,1672,72450000,31331
1,483,7245000,7245000,1004,1672,7260000,3135
1,4830,72450000,72450000,1004,1672,72465000,31340
1,4831,72465000,72465000,1004,1672,72480000,31346
1,4832,72480000,72480000,1004,1672,72495000,31351
1,4833,72495000,72495000,1004,1672,72510000,31360
1,4834,72510000,72510000,1004,1672,72525000,31365
1,4835,72525000,72525000,1004,1672,72540000,31371
1,4836,72540000,72540000,1004,1672,72555000,31379
1,4837,72555000,72555000,1004,1672,72570000,31384
1,4838,72570000,72570000,1004,1672,72585000,31391
1,4839,72585000,72585000,1004,1672,72600000,31397
1,484,7260000,7260000,1004,1672,7275000,3139
1,4840,72600000,72600000,1004,1672,72615000,31404
1,4841,72615000,72615000,1004,1672,72630000,31412
1,4842,72630000,72630000,1004,1672,72645000,31417
1,4843,72645000,72645000,1004,1672,72660000,31423
1,4844,72660000,72660000,1004,1672,72675000,31428
1,4845,72675000,72675000,1004,1672,72690000,31437
1,4846,72690000,72690000,1004,1672,72705000,31445
1,4847,72705000,72705000,1004,1672,72720000,31448
1,4848,72720000,72720000,1004,1672,72735000,31457
1,4849,72735000,72735000,1004,1672,72750000,31461
1,485,7275000,7275000,1004,1672,7290000,3147
1,4850,72750000,72750000,1004,1672,72765000,31469
1,4851,72765000,72765000,1004,1672,72780000,31477
1,4852,72780000,72780000,1004,1672,72795000,31481
1,4853,72795000,72795000,1004,1672,72810000,31489
1,4854,72810000,72810000,1004,1672,72825000,31494
1,4855,72825000,72825000,1004,1672,72840000,31501
1,4856,72840000,72840000,1004,1672,72855000,31509
1,4857,72855000,72855000,1004,1672,72870000,31514
1,4858,72870000,72870000,1004,1672,72885000,31522
1,4859,72885000,72885000,1004,1672,72900000,31525
1,486,7290000,7290000,1004,1672,7305000,3155
1,4860,72900000,72900000,1004,1672,72915000,31534
1,4861,72915000,72915000,1004,1672,72930000,31541
1,4862,72930000,72930000,1004,1672,72945000,31547
1,4863,72945000,72945000,1004,1672,72960000,31554
1,4864,72960000,72960000,1004,1672,72975000,31558
1,4865,72975000,72975000,1004,1672,72990000,31566
1,4866,72990000,72990000,1004,1672,73005000,31574
1,4867,73005000,73005000,1004,1672,73020000,31579
1,4868,73020000,73020000,1004,1672,73035000,31586
1,4869,73035000,73035000,1004,1672,73050000,31592
1,487,7305000,7305000,1004,1672,7320000,3160
1,4870,73050000,73050000,1004,1672,73065000,31599
1,4871,73065000,73065000,1004,1672,73080000,31605
1,4872,73080000,73080000,1004,1672,73095000,31611
1,4873,73095000,73095000,1004,1672,73110000,31619
1,4874,73110000,73110000,1004,1672,73125000,31624
1,4875,73125000,73125000,1004,1672,73140000,31631
1,4876,73140000,73140000,1004,1672,73155000,31639
1,4877,73155000,73155000,1004,1672,73170000,31643
1,4878,73170000,73170000,1004,1672,73185000,31651
1,4879,73185000,73185000,1004,1672,73200000,31656
1,488,7320000,7320000,1004,1672,7335000,3167
1,4880,73200000,73200000,1004,1672,73215000,31663
1,4881,73215000,73215000,1004,1672,73230000,31672
1,4882,73230000,73230000,1004,1672,73245000,31676
1,4883,73245000,73245000,1004,1672,73260000,31683
1,4884,73260000,73260000,1004,1672,73275000,31689
1,4885,73275000,73275000,1004,1672,73290000,31696
1,4886,73290000,73290000,1004,1672,73305000,31704
1,4887,73305000,73305000,1004,1672,73320000,31708
1,4888,73320000,73320000,1004,1672,73335000,31716
1,4889,73335000,73335000,1004,1672,73350000,31720
1,489,7335000,7335000,1004,1672,7350000,3172
1,4890,73350000,73350000,1004,1672,73365000,31730
1,4891,73365000,73365000,1004,1672,73380000,31736
1,4892,73380000,73380000,1004,1672,73395000,31740
1,4893,73395000,73395000,1004,1672,73410000,31749
1,4894,73410000,73410000,1004,1672,73425000,31753
1,4895,73425000,73425000,1004,1672,73440000,31760
1,4896,73440000,73440000,1004,1672,73455000,31769
1,4897,73455000,73455000,1004,1672,73470000,31774
1,4898,73470000,73470000,1004,1672,73485000,31781
1,4899,73485000,73485000,1004,1672,73500000,31785
1,49,735000,735000,1004,1672,750000,317
1,490,7350000,7350000,1004,1672,7365000,3180
1,4900,73500000,73500000,1004,1672,73515000,31793
1,4901,73515000,73515000,1004,1672,73530000,31801
1,4902,73530000,73530000,1004,1672,73545000,31807
1,4903,73545000,73545000,1004,1672,73560000,31813
1,4904,73560000,73560000,1004,1672,73575000,31818
1,4905,73575000,73575000,1004,1672,73590000,31826
1,4906,73590000,73590000,1004,1672,73605000,31833
1,4907,73605000,73605000,1004,1672,73620000,31838
1,4908,73620000,73620000,1004,1672,73635000,31846
1,4909,73635000,73635000,1004,1672,73650000,31851
1,491,7365000,7365000,1004,1672,7380000,3186
1,4910,73650000,73650000,1004,1672,73665000,31858
1,4911,73665000,73665000,1004,1672,73680000,31866
1,4912,73680000,73680000,1004,1672,73695000,31870
1,4913,73695000,73695000,1004,1672,73710000,31878
1,4914,73710000,73710000,1004,1672,73725000,31884
1,4915,73725000,73725000,1004,1672,73740000,31890
1,4916,73740000,73740000,1004,1672,73755000,31898
1,4917,73755000,73755000,1004,1672,73770000,31903
1,4918,73770000,73770000,1004,1672,73785000,31912
1,4919,73785000,73785000,1004,1672,73800000,31915
1,492,7380000,7380000,1004,1672,7395000,3192
1,4920,73800000,73800000,1004,1672,73815000,31923
1,4921,73815000,73815000,1004,1672,73830000,31931
1,4922,73830000,73830000,1004,1672,73845000,31935
1,4923,73845000,73845000,1004,1672,73860000,31943
1,4924,73860000,73860000,1004,1672,73875000,31948
1,4925,73875000,73875000,1004,1672,73890000,31956
1,4926,73890000,73890000,1004,1672,73905000,31964
1,4927,73905000,73905000,1004,1672,73920000,31967
1,4928,73920000,73920000,1004,1672,73935000,31975
1,4929,73935000,73935000,1004,1672,73950000,31980
1,493,7395000,7395000,1004,1672,7410000,3200
1,4930,73950000,73950000,1004,1672,73965000,31989
1,4931,73965000,73965000,1004,1672,73980000,31995
1,4932,73980000,73980000,1004,1672,73995000,32001
1,4933,73995000,73995000,1004,1672,74010000,32008
1,4934,74010000,74010000,1004,1672,74025000,32012
1,4935,74025000,74025000,1004,1672,74040000,32021
1,4936,74040000,74040000,1004,1672,74055000,32028
1,4937,74055000,74055000,1004,1672,74070000,32033
1,4938,74070000,74070000,1004,1672,74085000,32041
1,4939,74085000,74085000,1004,1672,74100000,32045
1,494,7410000,7410000,1004,1672,7425000,3205
1,4940,74100000,74100000,1004,1672,74115000,32052
1,4941,74115000,74115000,1004,1672,74130000,32061
1,4942,74130000,74130000,1004,1672,74145000,32066
1,4943,74145000,74145000,1004,1672,74160000,32072
1,4944,74160000,74160000,1004,1672,74175000,32078
1,4945,74175000,74175000,1004,1672,74190000,32085
1,4946,74190000,74190000,1004,1672,74205000,32093
1,4947,74205000,74205000,1004,1672,74220000,32098
1,4948,74220000,74220000,1004,1672,74235000,32105
1,4949,74235000,74235000,1004,1672,74250000,32110
1,495,7425000,7425000,1004,1672,7440000,3212
1,4950,74250000,74250000,1004,1672,74265000,32118
1,4951,74265000,74265000,1004,1672,74280000,32125
1,4952,74280000,74280000,1004,1672,74295000,32130
1,4953,74295000,74295000,1004,1672,74310000,32139
1,4954,74310000,74310000,1004,1672,74325000,32143
1,4955,74325000,74325000,1004,1672,74340000,32149
1,4956,74340000,74340000,1004,1672,74355000,32158
1,4957,74355000,74355000,1004,1672,74370000,32162
1,4958,74370000,74370000,1004,1672,74385000,32171
1,4959,74385000,74385000,1004,1672,74400000,32175
1,496,7440000,7440000,1004,1672,7455000,3219
1,4960,74400000,74400000,1004,1672,74415000,32183
1,4961,74415000,74415000,1004,1672,74430000,32190
1,4962,74430000,74430000,1004,1672,74445000,32195
1,4963,74445000,74445000,1004,1672,74460000,32202
1,4964,74460000,74460000,1004,1672,74475000,32207
1,4965,74475000,74475000,1004,1672,74490000,32216
1,4966,74490000,74490000,1004,1672,74505000,32223
1,4967,74505000,74505000,1004,1672,74520000,32227
1,4968,74520000,74520000,1004,1672,74535000,32235
1,4969,74535000,74535000,1004,1672,74550000,32240
1,497,7455000,7455000,1004,1672,7470000,3224
1,4970,74550000,74550000,1004,1672,74565000,32248
1,4971,74565000,74565000,1004,1672,74580000,32255
1,4972,74580000,74580000,1004,1672,74595000,32260
1,4973,74595000,74595000,1004,1672,74610000,32267
1,4974,74610000,74610000,1004,1672,74625000,32273
1,4975,74625000,74625000,1004,1672,74640000,32280
1,4976,74640000,74640000,1004,1672,74655000,32287
1,4977,74655000,74655000,1004,1672,74670000,32293
1,4978,74670000,74670000,1004,1672,74685000,32300
1,4979,74685000,74685000,1004,1672,74700000,32304
1,498,7470000,7470000,1004,1672,7485000,3233
1,4980,74700000,74700000,1004,1672,74715000,32312
1,4981,74715000,74715000,1004,1672,74730000,32321
1,4982,74730000,74730000,1004,1672,74745000,32325
1,4983,74745000,74745000,1004,1672,74760000,32332
1,4984,74760000,74760000,1004,1672,74775000,32337
1,4985,74775000,74775000,1004,1672,74790000,32344
1,4986,74790000,74790000,1004,1672,74805000,32354
1,4987,74805000,74805000,1004,1672,74820000,32357
1,4988,74820000,74820000,1004,1672,74835000,32365
1,4989,74835000,74835000,1004,1672,74850000,32370
1,499,7485000,7485000,1004,1672,7500000,3237
1,4990,74850000,74850000,1004,1672,74865000,32377
1,4991,74865000,74865000,1004,1672,74880000,32384
1,4992,74880000,74880000,1004,1672,74895000,32390
1,4993,74895000,74895000,1004,1672,74910000,32398
1,4994,74910000,74910000,1004,1672,74925000,32402
1,4995,74925000,74925000,1004,1672,74940000,32410
1,4996,74940000,74940000,1004,1672,74955000,32417
1,4997,74955000,74955000,1004,1672,74970000,32421
1,4998,74970000,74970000,1004,1672,74985000,32431
1,4999,74985000,74985000,1004,1672,75000000,32434
1,5,75000,75000,1004,1672,90000,33
1,50,750000,750000,1004,1672,765000,324
1,500,7500000,7500000,1004,1672,7515000,3244
1,5000,75000000,75000000,1004,1672,75015000,32442
1,5001,75015000,75015000,1004,1672,75030000,32450
1,5002,75030000,75030000,1004,1672,75045000,32455
1,5003,75045000,75045000,1004,1672,75060000,32462
1,5004,75060000,75060000,1004,1672,75075000,32467
1,5005,75075000,75075000,1004,1672,75090000,32475
1,5006,75090000,75090000,1004,1672,75105000,32482
1,5007,75105000,75105000,1004,1672,75120000,32487
1,5008,75120000,75120000,1004,1672,75135000,32494
1,5009,75135000,75135000,1004,1672,75150000,32500
1,501,7515000,7515000,1004,1672,7530000,3253
1,5010,75150000,75150000,1004,1672,75165000,32508
1,5011,75165000,75165000,1004,1672,75180000,32514
1,5012,75180000,75180000,1004,1672,75195000,32519
1,5013,75195000,75195000,1004,1672,75210000,32527
1,5014,75210000,75210000,1004,1672,75225000,32532
1,5015,75225000,75225000,1004,1672,75240000,32539
1,5016,75240000,75240000,1004,1672,75255000,32548
1,5017,75255000,75255000,1004,1672,75270000,32552
1,5018,75270000,75270000,1004,1672,75285000,32559
1,5019,75285000,75285000,1004,1672,75300000,32564
1,502,7530000,7530000,1004,1672,7545000,3257
1,5020,75300000,75300000,1004,1672,75315000,32572
1,5021,75315000,75315000,1004,1672,75330000,32580
1,5022,75330000,75330000,1004,1672,75345000,32585
1,5023,75345000,75345000,1004,1672,75360000,32592
1,5024,75360000,75360000,1004,1672,75375000,32596
1,5025,75375000,75375000,1004,1672,75390000,32604
1,5026,75390000,75390000,1004,1672,75405000,32613
1,5027,75405000,75405000,1004,1672,75420000,32616
1,5028,75420000,75420000,1004,1672,75435000,32625
1,5029,75435000,75435000,1004,1672,75450000,32629
1,503,7545000,7545000,1004,1672,7560000,3263
1,5030,75450000,75450000,1004,1672,75465000,32637
1,5031,75465000,75465000,1004,1672,75480000,32644
1,5032,75480000,75480000,1004,1672,75495000,32649
1,5033,75495000,75495000,1004,1672,75510000,32657
1,5034,75510000,75510000,1004,1672,75525000,32662
1,5035,75525000,75525000,1004,1672,75540000,32669
1,5036,75540000,75540000,1004,1672,75555000,32676
1,5037,75555000,75555000,1004,1672,75570000,32683
1,5038,75570000,75570000,1004,1672,75585000,32690
1,5039,75585000,75585000,1004,1672,75600000,32693
1,504,7560000,7560000,1004,1672,7575000,3270
1,5040,75600000,75600000,1004,1672,75615000,32702
1,5041,75615000,75615000,1004,1672,75630000,32709
1,5042,75630000,75630000,1004,1672,75645000,32714
1,5043,75645000,75645000,1004,1672,75660000,32722
1,5044,75660000,75660000,1004,1672,75675000,32727
1,5045,75675000,75675000,1004,1672,75690000,32734
1,5046,75690000,75690000,1004,1672,75705000,32742
1,5047,75705000,75705000,1004,1672,75720000,32746
1,5048,75720000,75720000,1004,1672,75735000,32753
1,5049,75735000,75735000,1004,1672,75750000,32760
1,505,7575000,7575000,1004,1672,7590000,3277
1,5050,75750000,75750000,1004,1672,75765000,32767
1,5051,75765000,75765000,1004,1672,75780000,32774
1,5052,75780000,75780000,1004,1672,75795000,32779
1,5053,75795000,75795000,1004,1672,75810000,32786
1,5054,75810000,75810000,1004,1672,75825000,32792
1,5055,75825000,75825000,1004,1672,75840000,32799
1,5056,75840000,75840000,1004,1672,75855000,32807
1,5057,75855000,75855000,1004,1672,75870000,32811
1,5058,75870000,75870000,1004,1672,75885000,32820
1,5059,75885000,75885000,1004,1672,75900000,32823
1,506,7590000,7590000,1004,1672,7605000,3285
1,5060,75900000,75900000,1004,1672,75915000,32831
1,5061,75915000,75915000,1004,1672,75930000,32840
1,5062,75930000,75930000,1004,1672,75945000,32844
1,5063,75945000,75945000,1004,1672,75960000,32851
1,5064,75960000,75960000,1004,1672,75975000,32856
1,5065,75975000,75975000,1004,1672,75990000,32864
1,5066,75990000,75990000,1004,1672,76005000,32872
1,5067,76005000,76005000,1004,1672,76020000,32876
1,5068,76020000,76020000,1004,1672,76035000,32884
1,5069,76035000,76035000,1004,1672,76050000,32888
1,507,7605000,7605000,1004,1672,7620000,3289
1,5070,76050000,76050000,1004,1672,76065000,32897
1,5071,76065000,76065000,1004,1672,76080000,32904
1,5072,76080000,76080000,1004,1672,76095000,32909
1,5073,76095000,76095000,1004,1672,76110000,32917
1,5074,76110000,76110000,1004,1672,76125000,32921
1,5075,76125000,76125000,1004,1672,76140000,32928
1,5076,76140000,76140000,1004,1672,76155000,32936
1,5077,76155000,76155000,1004,1672,76170000,32942
1,5078,76170000,76170000,1004,1672,76185000,32949
1,5079,76185000,76185000,1004,1672,76200000,32954
1,508,7620000,7620000,1004,1672,7635000,3297
1,5080,76200000,76200000,1004,1672,76215000,32961
1,5081,76215000,76215000,1004,1672,76230000,32968
1,5082,76230000,76230000,1004,1672,76245000,32974
1,5083,76245000,76245000,1004,1672,76260000,32981
1,5084,76260000,76260000,1004,1672,76275000,32986
1,5085,76275000,76275000,1004,1672,76290000,32994
1,5086,76290000,76290000,1004,1672,76305000,33002
1,5087,76305000,76305000,1004,1672,76320000,33005
1,5088,76320000,76320000,1004,1672,76335000,33014
1,5089,76335000,76335000,1004,1672,76350000,33019
1,509,7635000,7635000,1004,1672,7650000,3301
1,5090,76350000,76350000,1004,1672,76365000,33026
1,5091,76365000,76365000,1004,1672,76380000,33034
1,5092,76380000,76380000,1004,1672,76395000,33038
1,5093,76395000,76395000,1004,1672,76410000,33046
1,5094,76410000,76410000,1004,1672,76425000,33052
1,5095,76425000,76425000,1004,1672,76440000,33058
1,5096,76440000,76440000,1004,1672,76455000,33066
1,5097,76455000,76455000,1004,1672,76470000,33071
1,5098,76470000,76470000,1004,1672,76485000,33079
1,5099,76485000,76485000,1004,1672,76500000,33082
1,51,765000,765000,1004,1672,780000,333
1,510,7650000,7650000,1004,1672,7665000,3310
1,5100,76500000,76500000,1004,1672,76515000,33092
1,5101,76515000,76515000,1004,1672,76530000,33099
1,5102,76530000,76530000,1004,1672,76545000,33103
1,5103,76545000,76545000,1004,1672,76560000,33111
1,5104,76560000,76560000,1004,1672,76575000,33115
1,5105,76575000,76575000,1004,1672,76590000,33124
1,5106,76590000,76590000,1004,1672,76605000,33132
1,5107,76605000,76605000,1004,1672,76620000,33136
1,5108,76620000,76620000,1004,1672,76635000,33143
1,5109,76635000,76635000,1004,1672,76650000,33148
1,511,7665000,7665000,1004,1672,7680000,3317
1,5110,76650000,76650000,1004,1672,76665000,33156
1,5111,76665000,76665000,1004,1672,76680000,33163
1,5112,76680000,76680000,1004,1672,76695000,33169
1,5113,76695000,76695000,1004,1672,76710000,33176
1,5114,76710000,76710000,1004,1672,76725000,33181
1,5115,76725000,76725000,1004,1672,76740000,33188
1,5116,76740000,76740000,1004,1672,76755000,33195
1,5117,76755000,76755000,1004,1672,76770000,33201
1,5118,76770000,76770000,1004,1672,76785000,33209
1,5119,76785000,76785000,1004,1672,76800000,33213
1,512,7680000,7680000,1004,1672,7695000,3321
1,5120,76800000,76800000,1004,1672,76815000,33220
1,5121,76815000,76815000,1004,1672,76830000,33229
1,5122,76830000,76830000,1004,1672,76845000,33234
1,5123,76845000,76845000,1004,1672,76860000,33240
1,5124,76860000,76860000,1004,1672,76875000,33246
1,5125,76875000,76875000,1004,1672,76890000,33253
1,5126,76890000,76890000,1004,1672,76905000,33261
1,5127,76905000,76905000,1004,1672,76920000,33265
1,5128,76920000,76920000,1004,1672,76935000,33274
1,5129,76935000,76935000,1004,1672,76950000,33278
1,513,7695000,7695000,1004,1672,7710000,3330
1,5130,76950000,76950000,1004,1672,76965000,33286
1,5131,76965000,76965000,1004,1672,76980000,33293
1,5132,76980000,76980000,1004,1672,76995000,33297
1,5133,76995000,76995000,1004,1672,77010000,33306
1,5134,77010000,77010000,1004,1672,77025000,33311
1,5135,77025000,77025000,1004,1672,77040000,33318
1,5136,77040000,77040000,1004,1672,77055000,33326
1,5137,77055000,77055000,1004,1672,77070000,33330
1,5138,77070000,77070000,1004,1672,77085000,33338
1,5139,77085000,77085000,1004,1672,77100000,33343
1,514,7710000,7710000,1004,1672,7725000,3334
1,5140,77100000,77100000,1004,1672,77115000,33351
1,5141,77115000,77115000,1004,1672,77130000,33358
1,5142,77130000,77130000,1004,1672,77145000,33364
1,5143,77145000,77145000,1004,1672,77160000,33370
1,5144,77160000,77160000,1004,1672,77175000,33374
1,5145,77175000,77175000,1004,1672,77190000,33384
1,5146,77190000,77190000,1004,1672,77205000,33391
1,5147,77205000,77205000,1004,1672,77220000,33395
1,5148,77220000,77220000,1004,1672,77235000,33403
1,5149,77235000,77235000,1004,1672,77250000,33408
1,515,7725000,7725000,1004,1672,7740000,3342
1,5150,77250000,77250000,1004,1672,77265000,33415
1,5151,77265000,77265000,1004,1672,77280000,33423
1,5152,77280000,77280000,1004,1672,77295000,33428
1,5153,77295000,77295000,1004,1672,77310000,33435
1,5154,77310000,77310000,1004,1672,77325000,33441
1,5155,77325000,77325000,1004,1672,77340000,33447
1,5156,77340000,77340000,1004,1672,77355000,33456
1,5157,77355000,77355000,1004,1672,77370000,33461
1,5158,77370000,77370000,1004,1672,77385000,33468
1,5159,77385000,77385000,1004,1672,77400000,33472
1,516,7740000,7740000,1004,1672,7755000,3350
1,5160,77400000,77400000,1004,1672,77415000,33480
1,5161,77415000,77415000,1004,1672,77430000,33488
1,5162,77430000,77430000,1004,1672,77445000,33493
1,5163,77445000,77445000,1004,1672,77460000,33501
1,5164,77460000,77460000,1004,1672,77475000,33505
1,5165,77475000,77475000,1004,1672,77490000,33512
1,5166,77490000,77490000,1004,1672,77505000,33521
1,5167,77505000,77505000,1004,1672,77520000,33524
1,5168,77520000,77520000,1004,1672,77535000,33533
1,5169,77535000,77535000,1004,1672,77550000,33538
1,517,7755000,7755000,1004,1672,7770000,3354
1,5170,77550000,77550000,1004,1672,77565000,33546
1,5171,77565000,77565000,1004,1672,77580000,33552
1,5172,77580000,77580000,1004,1672,77595000,33557
1,5173,77595000,77595000,1004,1672,77610000,33566
1,5174,77610000,77610000,1004,1672,77625000,33570
1,5175,77625000,77625000,1004,1672,77640000,33578
1,5176,77640000,77640000,1004,1672,77655000,33585
1,5177,77655000,77655000,1004,1672,77670000,33590
1,5178,77670000,77670000,1004,1672,77685000,33598
1,5179,77685000,77685000,1004,1672,77700000,33602
1,518,7770000,7770000,1004,1672,7785000,3362
1,5180,77700000,77700000,1004,1672,77715000,33610
1,5181,77715000,77715000,1004,1672,77730000,33618
1,5182,77730000,77730000,1004,1672,77745000,33623
1,5183,77745000,77745000,1004,1672,77760000,33629
1,5184,77760000,77760000,1004,1672,77775000,33635
1,5185,77775000,77775000,1004,1672,77790000,33643
1,5186,77790000,77790000,1004,1672,77805000,33650
1,5187,77805000,77805000,1004,1672,77820000,33655
1,5188,77820000,77820000,1004,1672,77835000,33662
1,5189,77835000,77835000,1004,1672,77850000,33667
1,519,7785000,7785000,1004,1672,7800000,3366
1,5190,77850000,77850000,1004,1672,77865000,33676
1,5191,77865000,77865000,1004,1672,77880000,33683
1,5192,77880000,77880000,1004,1672,77895000,33687
1,5193,77895000,77895000,1004,1672,77910000,33695
1,5194,77910000,77910000,1004,1672,77925000,33700
1,5195,77925000,77925000,1004,1672,77940000,33706
1,5196,77940000,77940000,1004,1672,77955000,33716
1,5197,77955000,77955000,1004,1672,77970000,33720
1,5198,77970000,77970000,1004,1672,77985000,33728
1,5199,77985000,77985000,1004,1672,78000000,33732
1,52,780000,780000,1004,1672,795000,337
1,520,7800000,7800000,1004,1672,7815000,3374
1,5200,78000000,78000000,1004,1672,78015000,33739
1,5201,78015000,78015000,1004,1672,78030000,33747
1,5202,78030000,78030000,1004,1672,78045000,33753
1,5203,78045000,78045000,1004,1672,78060000,33760
1,5204,78060000,78060000,1004,1672,78075000,33764
1,5205,78075000,78075000,1004,1672,78090000,33773
1,5206,78090000,78090000,1004,1672,78105000,33780
1,5207,78105000,78105000,1004,1672,78120000,33784
1,5208,78120000,78120000,1004,1672,78135000,33793
1,5209,78135000,78135000,1004,1672,78150000,33797
1,521,7815000,7815000,1004,1672,7830000,3382
1,5210,78150000,78150000,1004,1672,78165000,33805
1,5211,78165000,78165000,1004,1672,78180000,33812
1,5212,78180000,78180000,1004,1672,78195000,33817
1,5213,78195000,78195000,1004,1672,78210000,33825
1,5214,78210000,78210000,1004,1672,78225000,33830
1,5215,78225000,78225000,1004,1672,78240000,33837
1,5216,78240000,78240000,1004,1672,78255000,33844
1,5217,78255000,78255000,1004,1672,78270000,33850
1,5218,78270000,78270000,1004,1672,78285000,33857
1,5219,78285000,78285000,1004,1672,78300000,33862
1,522,7830000,7830000,1004,1672,7845000,3388
1,5220,78300000,78300000,1004,1672,78315000,33870
1,5221,78315000,78315000,1004,1672,78330000,33877
1,5222,78330000,78330000,1004,1672,78345000,33882
1,5223,78345000,78345000,1004,1672,78360000,33889
1,5224,78360000,78360000,1004,1672,78375000,33895
1,5225,78375000,78375000,1004,1672,78390000,33902
1,5226,78390000,78390000,1004,1672,78405000,33911
1,5227,78405000,78405000,1004,1672,78420000,33914
1,5228,78420000,78420000,1004,1672,78435000,33921
1,5229,78435000,78435000,1004,1672,78450000,33927
1,523,7845000,7845000,1004,1672,7860000,3394
1,5230,78450000,78450000,1004,1672,78465000,33935
1,5231,78465000,78465000,1004,1672,78480000,33942
1,5232,78480000,78480000,1004,1672,78495000,33947
1,5233,78495000,78495000,1004,1672,78510000,33955
1,5234,78510000,78510000,1004,1672,78525000,33959
1,5235,78525000,78525000,1004,1672,78540000,33966
1,5236,78540000,78540000,1004,1672,78555000,33975
1,5237,78555000,78555000,1004,1672,78570000,33979
1,5238,78570000,78570000,1004,1672,78585000,33988
1,5239,78585000,78585000,1004,1672,78600000,33991
1,524,7860000,7860000,1004,1672,7875000,3398
1,5240,78600000,78600000,1004,1672,78615000,33999
1,5241,78615000,78615000,1004,1672,78630000,34008
1,5242,78630000,78630000,1004,1672,78645000,34012
1,5243,78645000,78645000,1004,1672,78660000,34019
1,5244,78660000,78660000,1004,1672,78675000,34024
1,5245,78675000,78675000,1004,1672,78690000,34032
1,5246,78690000,78690000,1004,1672,78705000,34039
1,5247,78705000,78705000,1004,1672,78720000,34045
1,5248,78720000,78720000,1004,1672,78735000,34052
1,5249,78735000,78735000,1004,1672,78750000,34056
1,525,7875000,7875000,1004,1672,7890000,3407
1,5250,78750000,78750000,1004,1672,78765000,34065
1,5251,78765000,78765000,1004,1672,78780000,34071
1,5252,78780000,78780000,1004,1672,78795000,34076
1,5253,78795000,78795000,1004,1672,78810000,34085
1,5254,78810000,78810000,1004,1672,78825000,34090
1,5255,78825000,78825000,1004,1672,78840000,34096
1,5256,78840000,78840000,1004,1672,78855000,34104
1,5257,78855000,78855000,1004,1672,78870000,34109
1,5258,78870000,78870000,1004,1672,78885000,34117
1,5259,78885000,78885000,1004,1672,78900000,34122
1,526,7890000,7890000,1004,1672,7905000,3414
1,5260,78900000,78900000,1004,1672,78915000,34129
1,5261,78915000,78915000,1004,1672,78930000,34137
1,5262,78930000,78930000,1004,1672,78945000,34142
1,5263,78945000,78945000,1004,1672,78960000,34148
1,5264,78960000,78960000,1004,1672,78975000,34154
1,5265,78975000,78975000,1004,1672,78990000,34162
1,5266,78990000,78990000,1004,1672,79005000,34170
1,5267,79005000,79005000,1004,1672,79020000,34173
1,5268,79020000,79020000,1004,1672,79035000,34182
1,5269,79035000,79035000,1004,1672,79050000,34186
1,527,7905000,7905000,1004,1672,7920000,3419
1,5270,79050000,79050000,1004,1672,79065000,34194
1,5271,79065000,79065000,1004,1672,79080000,34202
1,5272,79080000,79080000,1004,1672,79095000,34206
1,5273,79095000,79095000,1004,1672,79110000,34214
1,5274,79110000,79110000,1004,1672,79125000,34219
1,5275,79125000,79125000,1004,1672,79140000,34227
1,5276,79140000,79140000,1004,1672,79155000,34234
1,5277,79155000,79155000,1004,1672,79170000,34239
1,5278,79170000,79170000,1004,1672,79185000,34247
1,5279,79185000,79185000,1004,1672,79200000,34250
1,528,7920000,7920000,1004,1672,7935000,3427
1,5280,79200000,79200000,1004,1672,79215000,34259
1,5281,79215000,79215000,1004,1672,79230000,34267
1,5282,79230000,79230000,1004,1672,79245000,34272
1,5283,79245000,79245000,1004,1672,79260000,34279
1,5284,79260000,79260000,1004,1672,79275000,34283
1,5285,79275000,79275000,1004,1672,79290000,34291
1,5286,79290000,79290000,1004,1672,79305000,34299
1,5287,79305000,79305000,1004,1672,79320000,34304
1,5288,79320000,79320000,1004,1672,79335000,34311
1,5289,79335000,79335000,1004,1672,79350000,34317
1,529,7935000,7935000,1004,1672,7950000,3432
1,5290,79350000,79350000,1004,1672,79365000,34324
1,5291,79365000,79365000,1004,1672,79380000,34330
1,5292,79380000,79380000,1004,1672,79395000,34337
1,5293,79395000,79395000,1004,1672,79410000,34344
1,5294,79410000,79410000,1004,1672,79425000,34349
1,5295,79425000,79425000,1004,1672,79440000,34356
1,5296,79440000,79440000,1004,1672,79455000,34364
1,5297,79455000,79455000,1004,1672,79470000,34368
1,5298,79470000,79470000,1004,1672,79485000,34377
1,5299,79485000,79485000,1004,1672,79500000,34381
1,53,795000,795000,1004,1672,810000,345
1,530,7950000,7950000,1004,1672,7965000,3439
1,5300,79500000,79500000,1004,1672,79515000,34388
1,5301,79515000,79515000,1004,1672,79530000,34397
1,5302,79530000,79530000,1004,1672,79545000,34401
1,5303,79545000,79545000,1004,1672,79560000,34408
1,5304,79560000,79560000,1004,1672,79575000,34414
1,5305,79575000,79575000,1004,1672,79590000,34421
1,5306,79590000,79590000,1004,1672,79605000,34429
1,5307,79605000,79605000,1004,1672,79620000,34433
1,5308,79620000,79620000,1004,1672,79635000,34441
1,5309,79635000,79635000,1004,1672,79650000,34446
1,531,7965000,7965000,1004,1672,7980000,3446
1,5310,79650000,79650000,1004,1672,79665000,34455
1,5311,79665000,79665000,1004,1672,79680000,34461
1,5312,79680000,79680000,1004,1672,79695000,34465
1,5313,79695000,79695000,1004,1672,79710000,34474
1,5314,79710000,79710000,1004,1672,79725000,34478
1,5315,79725000,79725000,1004,1672,79740000,34486
1,5316,79740000,79740000,1004,1672,79755000,34494
1,5317,79755000,79755000,1004,1672,79770000,34499
1,5318,79770000,79770000,1004,1672,79785000,34506
1,5319,79785000,79785000,1004,1672,79800000,34510
1,532,7980000,7980000,1004,1672,7995000,3452
1,5320,79800000,79800000,1004,1672,79815000,34518
1,5321,79815000,79815000,1004,1672,79830000,34526
1,5322,79830000,79830000,1004,1672,79845000,34532
1,5323,79845000,79845000,1004,1672,79860000,34538
1,5324,79860000,79860000,1004,1672,79875000,34543
1,5325,79875000,79875000,1004,1672,79890000,34551
1,5326,79890000,79890000,1004,1672,79905000,34559
1,5327,79905000,79905000,1004,1672,79920000,34563
1,5328,79920000,79920000,1004,1672,79935000,34571
1,5329,79935000,79935000,1004,1672,79950000,34576
1,533,7995000,7995000,1004,1672,8010000,3459
1,5330,79950000,79950000,1004,1672,79965000,34583
1,5331,79965000,79965000,1004,1672,79980000,34591
1,5332,79980000,79980000,1004,1672,79995000,34596
1,5333,79995000,79995000,1004,1672,80010000,34603
1,5334,80010000,80010000,1004,1672,80025000,34609
1,5335,80025000,80025000,1004,1672,80040000,34615
1,5336,80040000,80040000,1004,1672,80055000,34623
1,5337,80055000,80055000,1004,1672,80070000,34628
1,5338,80070000,80070000,1004,1672,80085000,34637
1,5339,80085000,80085000,1004,1672,80100000,34640
1,534,8010000,8010000,1004,1672,8025000,3465
1,5340,80100000,80100000,1004,1672,80115000,34648
1,5341,80115000,80115000,1004,1672,80130000,34656
1,5342,80130000,80130000,1004,1672,80145000,34660
1,5343,80145000,80145000,1004,1672,80160000,34669
1,5344,80160000,80160000,1004,1672,80175000,34673
1,5345,80175000,80175000,1004,1672,80190000,34681
1,5346,80190000,80190000,1004,1672,80205000,34689
1,5347,80205000,80205000,1004,1672,80220000,34692
1,5348,80220000,80220000,1004,1672,80235000,34700
1,5349,80235000,80235000,1004,1672,80250000,34706
1,535,8025000,8025000,1004,1672,8040000,3471
1,5350,80250000,80250000,1004,1672,80265000,34714
1,5351,80265000,80265000,1004,1672,80280000,34720
1,5352,80280000,80280000,1004,1672,80295000,34726
1,5353,80295000,80295000,1004,1672,80310000,34733
1,5354,80310000,80310000,1004,1672,80325000,34737
1,5355,80325000,80325000,1004,1672,80340000,34746
1,5356,80340000,80340000,1004,1672,80355000,34753
1,5357,80355000,80355000,1004,1672,80370000,34758
1,5358,80370000,80370000,1004,1672,80385000,34766
1,5359,80385000,80385000,1004,1672,80400000,34770
1,536,8040000,8040000,1004,1672,8055000,3479
1,5360,80400000,80400000,1004,1672,80415000,34778
1,5361,80415000,80415000,1004,1672,80430000,34786
1,5362,80430000,80430000,1004,1672,80445000,34791
1,5363,80445000,80445000,1004,1672,80460000,34797
1,5364,80460000,80460000,1004,1672,80475000,34803
1,5365,80475000,80475000,1004,1672,80490000,34810
1,5366,80490000,80490000,1004,1672,80505000,34819
1,5367,80505000,80505000,1004,1672,80520000,34823
1,5368,80520000,80520000,1004,1672,80535000,34830
1,5369,80535000,80535000,1004,1672,80550000,34835
1,537,8055000,8055000,1004,1672,8070000,3484
1,5370,80550000,80550000,1004,1672,80565000,34843
1,5371,80565000,80565000,1004,1672,80580000,34850
1,5372,80580000,80580000,1004,1672,80595000,34855
1,5373,80595000,80595000,1004,1672,80610000,34864
1,5374,80610000,80610000,1004,1672,80625000,34868
1,5375,80625000,80625000,1004,1672,80640000,34874
1,5376,80640000,80640000,1004,1672,80655000,34883
1,5377,80655000,80655000,1004,1672,80670000,34888
1,5378,80670000,80670000,1004,1672,80685000,34896
1,5379,80685000,80685000,1004,1672,80700000,34900
1,538,8070000,8070000,1004,1672,8085000,3492
1,5380,80700000,80700000,1004,1672,80715000,34908
1,5381,80715000,80715000,1004,1672,80730000,34915
1,5382,80730000,80730000,1004,1672,80745000,34920
1,5383,80745000,80745000,1004,1672,80760000,34928
1,5384,80760000,80760000,1004,1672,80775000,34932
1,5385,80775000,80775000,1004,1672,80790000,34941
1,5386,80790000,80790000,1004,1672,80805000,34948
1,5387,80805000,80805000,1004,1672,80820000,34952
1,5388,80820000,80820000,1004,1672,80835000,34960
1,5389,80835000,80835000,1004,1672,80850000,34965
1,539,8085000,8085000,1004,1672,8100000,3496
1,5390,80850000,80850000,1004,1672,80865000,34973
1,5391,80865000,80865000,1004,1672,80880000,34980
1,5392,80880000,80880000,1004,1672,80895000,34985
1,5393,80895000,80895000,1004,1672,80910000,34992
1,5394,80910000,80910000,1004,1672,80925000,34999
1,5395,80925000,80925000,1004,1672,80940000,35005
1,5396,80940000,80940000,1004,1672,80955000,35012
1,5397,80955000,80955000,1004,1672,80970000,35018
1,5398,80970000,80970000,1004,1672,80985000,35025
1,5399,80985000,80985000,1004,1672,81000000,35029
1,54,810000,810000,1004,1672,825000,350
1,540,8100000,8100000,1004,1672,8115000,3504
1,5400,81000000,81000000,1004,1672,81015000,35038
1,5401,81015000,81015000,1004,1672,81030000,35046
1,5402,81030000,81030000,1004,1672,81045000,35050
1,5403,81045000,81045000,1004,1672,81060000,35057
1,5404,81060000,81060000,1004,1672,81075000,35062
1,5405,81075000,81075000,1004,1672,81090000,35069
1,5406,81090000,81090000,1004,1672,81105000,35079
1,5407,81105000,81105000,1004,1672,81120000,35082
1,5408,81120000,81120000,1004,1672,81135000,35090
1,5409,81135000,81135000,1004,1672,81150000,35095
1,541,8115000,8115000,1004,1672,8130000,3512
1,5410,81150000,81150000,1004,1672,81165000,35102
1,5411,81165000,81165000,1004,1672,81180000,35110
1,5412,81180000,81180000,1004,1672,81195000,35115
1,5413,81195000,81195000,1004,1672,81210000,35123
1,5414,81210000,81210000,1004,1672,81225000,35127
1,5415,81225000,81225000,1004,1672,81240000,35135
1,5416,81240000,81240000,1004,1672,81255000,35142
1,5417,81255000,81255000,1004,1672,81270000,35147
1,5418,81270000,81270000,1004,1672,81285000,35156
1,5419,81285000,81285000,1004,1672,81300000,35159
1,542,8130000,8130000,1004,1672,8145000,3516
1,5420,81300000,81300000,1004,1672,81315000,35167
1,5421,81315000,81315000,1004,1672,81330000,35175
1,5422,81330000,81330000,1004,1672,81345000,35180
1,5423,81345000,81345000,1004,1672,81360000,35187
1,5424,81360000,81360000,1004,1672,81375000,35192
1,5425,81375000,81375000,1004,1672,81390000,35200
1,5426,81390000,81390000,1004,1672,81405000,35207
1,5427,81405000,81405000,1004,1672,81420000,35212
1,5428,81420000,81420000,1004,1672,81435000,35220
1,5429,81435000,81435000,1004,1672,81450000,35225
1,543,8145000,8145000,1004,1672,8160000,3524
1,5430,81450000,81450000,1004,1672,81465000,35233
1,5431,81465000,81465000,1004,1672,81480000,35239
1,5432,81480000,81480000,1004,1672,81495000,35244
1,5433,81495000,81495000,1004,1672,81510000,35252
1,5434,81510000,81510000,1004,1672,81525000,35258
1,5435,81525000,81525000,1004,1672,81540000,35264
1,5436,81540000,81540000,1004,1672,81555000,35273
1,5437,81555000,81555000,1004,1672,81570000,35277
1,5438,81570000,81570000,1004,1672,81585000,35284
1,5439,81585000,81585000,1004,1672,81600000,35289
1,544,8160000,8160000,1004,1672,8175000,3529
1,5440,81600000,81600000,1004,1672,81615000,35297
1,5441,81615000,81615000,1004,1672,81630000,35305
1,5442,81630000,81630000,1004,1672,81645000,35310
1,5443,81645000,81645000,1004,1672,81660000,35317
1,5444,81660000,81660000,1004,1672,81675000,35321
1,5445,81675000,81675000,1004,1672,81690000,35330
1,5446,81690000,81690000,1004,1672,81705000,35338
1,5447,81705000,81705000,1004,1672,81720000,35341
1,5448,81720000,81720000,1004,1672,81735000,35350
1,5449,81735000,81735000,1004,1672,81750000,35354
1,545,8175000,8175000,1004,1672,8190000,3536
1,5450,81750000,81750000,1004,1672,81765000,35362
1,5451,81765000,81765000,1004,1672,81780000,35370
1,5452,81780000,81780000,1004,1672,81795000,35374
1,5453,81795000,81795000,1004,1672,81810000,35382
1,5454,81810000,81810000,1004,1672,81825000,35387
1,5455,81825000,81825000,1004,1672,81840000,35394
1,5456,81840000,81840000,1004,1672,81855000,35401
1,5457,81855000,81855000,1004,1672,81870000,35408
1,5458,81870000,81870000,1004,1672,81885000,35415
1,5459,81885000,81885000,1004,1672,81900000,35418
1,546,8190000,8190000,1004,1672,8205000,3545
1,5460,81900000,81900000,1004,1672,81915000,35427
1,5461,81915000,81915000,1004,1672,81930000,35434
1,5462,81930000,81930000,1004,1672,81945000,35440
1,5463,81945000,81945000,1004,1672,81960000,35447
1,5464,81960000,81960000,1004,1672,81975000,35452
1,5465,81975000,81975000,1004,1672,81990000,35459
1,5466,81990000,81990000,1004,1672,82005000,35467
1,5467,82005000,82005000,1004,1672,82020000,35471
1,5468,82020000,82020000,1004,1672,82035000,35479
1,5469,82035000,82035000,1004,1672,82050000,35485
1,547,8205000,8205000,1004,1672,8220000,3548
1,5470,82050000,82050000,1004,1672,82065000,35492
1,5471,82065000,82065000,1004,1672,82080000,35499
1,5472,82080000,82080000,1004,1672,82095000,35504
1,5473,82095000,82095000,1004,1672,82110000,35511
1,5474,82110000,82110000,1004,1672,82125000,35517
1,5475,82125000,82125000,1004,1672,82140000,35524
1,5476,82140000,82140000,1004,1672,82155000,35532
1,5477,82155000,82155000,1004,1672,82170000,35536
1,5478,82170000,82170000,1004,1672,82185000,35545
1,5479,82185000,82185000,1004,1672,82200000,35549
1,548,8220000,8220000,1004,1672,8235000,3556
1,5480,82200000,82200000,1004,1672,82215000,35556
1,5481,82215000,82215000,1004,1672,82230000,35565
1,5482,82230000,82230000,1004,1672,82245000,35569
1,5483,82245000,82245000,1004,1672,82260000,35576
1,5484,82260000,82260000,1004,1672,82275000,35581
1,5485,82275000,82275000,1004,1672,82290000,35590
1,5486,82290000,82290000,1004,1672,82305000,35597
1,5487,82305000,82305000,1004,1672,82320000,35601
1,5488,82320000,82320000,1004,1672,82335000,35609
1,5489,82335000,82335000,1004,1672,82350000,35613
1,549,8235000,8235000,1004,1672,8250000,3562
1,5490,82350000,82350000,1004,1672,82365000,35622
1,5491,82365000,82365000,1004,1672,82380000,35629
1,5492,82380000,82380000,1004,1672,82395000,35634
1,5493,82395000,82395000,1004,1672,82410000,35642
1,5494,82410000,82410000,1004,1672,82425000,35646
1,5495,82425000,82425000,1004,1672,82440000,35653
1,5496,82440000,82440000,1004,1672,82455000,35662
1,5497,82455000,82455000,1004,1672,82470000,35667
1,5498,82470000,82470000,1004,1672,82485000,35674
1,5499,82485000,82485000,1004,1672,82500000,35679
1,55,825000,825000,1004,1672,840000,356
1,550,8250000,8250000,1004,1672,8265000,3570
1,5500,82500000,82500000,1004,1672,82515000,35686
1,5501,82515000,82515000,1004,1672,82530000,35693
1,5502,82530000,82530000,1004,1672,82545000,35700
1,5503,82545000,82545000,1004,1672,82560000,35706
1,5504,82560000,82560000,1004,1672,82575000,35711
1,5505,82575000,82575000,1004,1672,82590000,35719
1,5506,82590000,82590000,1004,1672,82605000,35727
1,5507,82605000,82605000,1004,1672,82620000,35730
1,5508,82620000,82620000,1004,1672,82635000,35739
1,5509,82635000,82635000,1004,1672,82650000,35744
1,551,8265000,8265000,1004,1672,8280000,3576
1,5510,82650000,82650000,1004,1672,82665000,35751
1,5511,82665000,82665000,1004,1672,82680000,35759
1,5512,82680000,82680000,1004,1672,82695000,35763
1,5513,82695000,82695000,1004,1672,82710000,35772
1,5514,82710000,82710000,1004,1672,82725000,35777
1,5515,82725000,82725000,1004,1672,82740000,35783
1,5516,82740000,82740000,1004,1672,82755000,35791
1,5517,82755000,82755000,1004,1672,82770000,35796
1,5518,82770000,82770000,1004,1672,82785000,35804
1,5519,82785000,82785000,1004,1672,82800000,35808
1,552,8280000,8280000,1004,1672,8295000,3581
1,5520,82800000,82800000,1004,1672,82815000,35817
1,5521,82815000,82815000,1004,1672,82830000,35824
1,5522,82830000,82830000,1004,1672,82845000,35828
1,5523,82845000,82845000,1004,1672,82860000,35836
1,5524,82860000,82860000,1004,1672,82875000,35840
1,5525,82875000,82875000,1004,1672,82890000,35849
1,5526,82890000,82890000,1004,1672,82905000,35857
1,5527,82905000,82905000,1004,1672,82920000,35861
1,5528,82920000,82920000,1004,1672,82935000,35868
1,5529,82935000,82935000,1004,1672,82950000,35873
1,553,8295000,8295000,1004,1672,8310000,3589
1,5530,82950000,82950000,1004,1672,82965000,35882
1,5531,82965000,82965000,1004,1672,82980000,35888
1,5532,82980000,82980000,1004,1672,82995000,35894
1,5533,82995000,82995000,1004,1672,83010000,35901
1,5534,83010000,83010000,1004,1672,83025000,35906
1,5535,83025000,83025000,1004,1672,83040000,35913
1,5536,83040000,83040000,1004,1672,83055000,35921
1,5537,83055000,83055000,1004,1672,83070000,35926
1,5538,83070000,83070000,1004,1672,83085000,35934
1,5539,83085000,83085000,1004,1672,83100000,35938
1,554,8310000,8310000,1004,1672,8325000,3593
1,5540,83100000,83100000,1004,1672,83115000,35945
1,5541,83115000,83115000,1004,1672,83130000,35954
1,5542,83130000,83130000,1004,1672,83145000,35959
1,5543,83145000,83145000,1004,1672,83160000,35965
1,5544,83160000,83160000,1004,1672,83175000,35971
1,5545,83175000,83175000,1004,1672,83190000,35978
1,5546,83190000,83190000,1004,1672,83205000,35986
1,5547,83205000,83205000,1004,1672,83220000,35991
1,5548,83220000,83220000,1004,1672,83235000,35999
1,5549,83235000,83235000,1004,1672,83250000,36003
1,555,8325000,8325000,1004,1672,8340000,3602
1,5550,83250000,83250000,1004,1672,83265000,36011
1,5551,83265000,83265000,1004,1672,83280000,36018
1,5552,83280000,83280000,1004,1672,83295000,36022
1,5553,83295000,83295000,1004,1672,83310000,36032
1,5554,83310000,83310000,1004,1672,83325000,36036
1,5555,83325000,83325000,1004,1672,83340000,36043
1,5556,83340000,83340000,1004,1672,83355000,36051
1,5557,83355000,83355000,1004,1672,83370000,36055
1,5558,83370000,83370000,1004,1672,83385000,36063
1,5559,83385000,83385000,1004,1672,83400000,36068
1,556,8340000,8340000,1004,1672,8355000,3609
1,5560,83400000,83400000,1004,1672,83415000,36076
1,5561,83415000,83415000,1004,1672,83430000,36083
1,5562,83430000,83430000,1004,1672,83445000,36089
1,5563,83445000,83445000,1004,1672,83460000,36095
1,5564,83460000,83460000,1004,1672,83475000,36100
1,5565,83475000,83475000,1004,1672,83490000,36109
1,5566,83490000,83490000,1004,1672,83505000,36116
1,5567,83505000,83505000,1004,1672,83520000,36120
1,5568,83520000,83520000,1004,1672,83535000,36128
1,5569,83535000,83535000,1004,1672,83550000,36133
1,557,8355000,8355000,1004,1672,8370000,3614
1,5570,83550000,83550000,1004,1672,83565000,36141
1,5571,83565000,83565000,1004,1672,83580000,36148
1,5572,83580000,83580000,1004,1672,83595000,36153
1,5573,83595000,83595000,1004,1672,83610000,36160
1,5574,83610000,83610000,1004,1672,83625000,36166
1,5575,83625000,83625000,1004,1672,83640000,36172
1,5576,83640000,83640000,1004,1672,83655000,36181
1,5577,83655000,83655000,1004,1672,83670000,36186
1,5578,83670000,83670000,1004,1672,83685000,36193
1,5579,83685000,83685000,1004,1672,83700000,36197
1,558,8370000,8370000,1004,1672,8385000,3622
1,5580,83700000,83700000,1004,1672,83715000,36205
1,5581,83715000,83715000,1004,1672,83730000,36214
1,5582,83730000,83730000,1004,1672,83745000,36218
1,5583,83745000,83745000,1004,1672,83760000,36226
1,5584,83760000,83760000,1004,1672,83775000,36230
1,5585,83775000,83775000,1004,1672,83790000,36237
1,5586,83790000,83790000,1004,1672,83805000,36246
1,5587,83805000,83805000,1004,1672,83820000,36250
1,5588,83820000,83820000,1004,1672,83835000,36258
1,5589,83835000,83835000,1004,1672,83850000,36263
1,559,8385000,8385000,1004,1672,8400000,3625
1,5590,83850000,83850000,1004,1672,83865000,36271
1,5591,83865000,83865000,1004,1672,83880000,36277
1,5592,83880000,83880000,1004,1672,83895000,36282
1,5593,83895000,83895000,1004,1672,83910000,36291
1,5594,83910000,83910000,1004,1672,83925000,36295
1,5595,83925000,83925000,1004,1672,83940000,36303
1,5596,83940000,83940000,1004,1672,83955000,36310
1,5597,83955000,83955000,1004,1672,83970000,36315
1,5598,83970000,83970000,1004,1672,83985000,36324
1,5599,83985000,83985000,1004,1672,84000000,36327
1,56,840000,840000,1004,1672,855000,365
1,560,8400000,8400000,1004,1672,8415000,3633
1,5600,84000000,84000000,1004,1672,84015000,36335
1,5601,84015000,84015000,1004,1672,84030000,36343
1,5602,84030000,84030000,1004,1672,84045000,36348
1,5603,84045000,84045000,1004,1672,84060000,36354
1,5604,84060000,84060000,1004,1672,84075000,36361
1,5605,84075000,84075000,1004,1672,84090000,36368
1,5606,84090000,84090000,1004,1672,84105000,36375
1,5607,84105000,84105000,1004,1672,84120000,36380
1,5608,84120000,84120000,1004,1672,84135000,36387
1,5609,84135000,84135000,1004,1672,84150000,36392
1,561,8415000,8415000,1004,1672,8430000,3642
1,5610,84150000,84150000,1004,1672,84165000,36401
1,5611,84165000,84165000,1004,1672,84180000,36408
1,5612,84180000,84180000,1004,1672,84195000,36412
1,5613,84195000,84195000,1004,1672,84210000,36420
1,5614,84210000,84210000,1004,1672,84225000,36425
1,5615,84225000,84225000,1004,1672,84240000,36432
1,5616,84240000,84240000,1004,1672,84255000,36441
1,5617,84255000,84255000,1004,1672,84270000,36445
1,5618,84270000,84270000,1004,1672,84285000,36453
1,5619,84285000,84285000,1004,1672,84300000,36457
1,562,8430000,8430000,1004,1672,8445000,3647
1,5620,84300000,84300000,1004,1672,84315000,36464
1,5621,84315000,84315000,1004,1672,84330000,36473
1,5622,84330000,84330000,1004,1672,84345000,36478
1,5623,84345000,84345000,1004,1672,84360000,36485
1,5624,84360000,84360000,1004,1672,84375000,36489
1,5625,84375000,84375000,1004,1672,84390000,36498
1,5626,84390000,84390000,1004,1672,84405000,36505
1,5627,84405000,84405000,1004,1672,84420000,36509
1,5628,84420000,84420000,1004,1672,84435000,36518
1,5629,84435000,84435000,1004,1672,84450000,36522
1,563,8445000,8445000,1004,1672,8460000,3653
1,5630,84450000,84450000,1004,1672,84465000,36530
1,5631,84465000,84465000,1004,1672,84480000,36537
1,5632,84480000,84480000,1004,1672,84495000,36543
1,5633,84495000,84495000,1004,1672,84510000,36550
1,5634,84510000,84510000,1004,1672,84525000,36555
1,5635,84525000,84525000,1004,1672,84540000,36562
1,5636,84540000,84540000,1004,1672,84555000,36569
1,5637,84555000,84555000,1004,1672,84570000,36575
1,5638,84570000,84570000,1004,1672,84585000,36583
1,5639,84585000,84585000,1004,1672,84600000,36587
1,564,8460000,8460000,1004,1672,8475000,3659
1,5640,84600000,84600000,1004,1672,84615000,36595
1,5641,84615000,84615000,1004,1672,84630000,36602
1,5642,84630000,84630000,1004,1672,84645000,36607
1,5643,84645000,84645000,1004,1672,84660000,36614
1,5644,84660000,84660000,1004,1672,84675000,36620
1,5645,84675000,84675000,1004,1672,84690000,36627
1,5646,84690000,84690000,1004,1672,84705000,36636
1,5647,84705000,84705000,1004,1672,84720000,36639
1,5648,84720000,84720000,1004,1672,84735000,36646
1,5649,84735000,84735000,1004,1672,84750000,36653
1,565,8475000,8475000,1004,1672,8490000,3666
1,5650,84750000,84750000,1004,1672,84765000,36660
1,5651,84765000,84765000,1004,1672,84780000,36667
1,5652,84780000,84780000,1004,1672,84795000,36672
1,5653,84795000,84795000,1004,1672,84810000,36680
1,5654,84810000,84810000,1004,1672,84825000,36684
1,5655,84825000,84825000,1004,1672,84840000,36692
1,5656,84840000,84840000,1004,1672,84855000,36700
1,5657,84855000,84855000,1004,1672,84870000,36704
1,5658,84870000,84870000,1004,1672,84885000,36713
1,5659,84885000,84885000,1004,1672,84900000,36716
1,566,8490000,8490000,1004,1672,8505000,3674
1,5660,84900000,84900000,1004,1672,84915000,36724
1,5661,84915000,84915000,1004,1672,84930000,36733
1,5662,84930000,84930000,1004,1672,84945000,36737
1,5663,84945000,84945000,1004,1672,84960000,36744
1,5664,84960000,84960000,1004,1672,84975000,36749
1,5665,84975000,84975000,1004,1672,84990000,36757
1,5666,84990000,84990000,1004,1672,85005000,36765
1,5667,85005000,85005000,1004,1672,85020000,36770
1,5668,85020000,85020000,1004,1672,85035000,36777
1,5669,85035000,85035000,1004,1672,85050000,36781
1,567,8505000,8505000,1004,1672,8520000,3679
1,5670,85050000,85050000,1004,1672,85065000,36790
1,5671,85065000,85065000,1004,1672,85080000,36796
1,5672,85080000,85080000,1004,1672,85095000,36802
1,5673,85095000,85095000,1004,1672,85110000,36810
1,5674,85110000,85110000,1004,1672,85125000,36815
1,5675,85125000,85125000,1004,1672,85140000,36821
1,5676,85140000,85140000,1004,1672,85155000,36829
1,5677,85155000,85155000,1004,1672,85170000,36834
1,5678,85170000,85170000,1004,1672,85185000,36842
1,5679,85185000,85185000,1004,1672,85200000,36847
1,568,8520000,8520000,1004,1672,8535000,3686
1,5680,85200000,85200000,1004,1672,85215000,36854
1,5681,85215000,85215000,1004,1672,85230000,36862
1,5682,85230000,85230000,1004,1672,85245000,36867
1,5683,85245000,85245000,1004,1672,85260000,36874
1,5684,85260000,85260000,1004,1672,85275000,36879
1,5685,85275000,85275000,1004,1672,85290000,36887
1,5686,85290000,85290000,1004,1672,85305000,36895
1,5687,85305000,85305000,1004,1672,85320000,36898
1,5688,85320000,85320000,1004,1672,85335000,36907
1,5689,85335000,85335000,1004,1672,85350000,36912
1,569,8535000,8535000,1004,1672,8550000,3691
1,5690,85350000,85350000,1004,1672,85365000,36919
1,5691,85365000,85365000,1004,1672,85380000,36927
1,5692,85380000,85380000,1004,1672,85395000,36931
1,5693,85395000,85395000,1004,1672,85410000,36939
1,5694,85410000,85410000,1004,1672,85425000,36944
1,5695,85425000,85425000,1004,1672,85440000,36952
1,5696,85440000,85440000,1004,1672,85455000,36959
1,5697,85455000,85455000,1004,1672,85470000,36964
1,5698,85470000,85470000,1004,1672,85485000,36972
1,5699,85485000,85485000,1004,1672,85500000,36975
1,57,855000,855000,1004,1672,870000,370
1,570,8550000,8550000,1004,1672,8565000,3699
1,5700,85500000,85500000,1004,1672,85515000,36985
1,5701,85515000,85515000,1004,1672,85530000,36992
1,5702,85530000,85530000,1004,1672,85545000,36997
1,5703,85545000,85545000,1004,1672,85560000,37004
1,5704,85560000,85560000,1004,1672,85575000,37008
1,5705,85575000,85575000,1004,1672,85590000,37016
1,5706,85590000,85590000,1004,1672,85605000,37025
1,5707,85605000,85605000,1004,1672,85620000,37029
1,5708,85620000,85620000,1004,1672,85635000,37036
1,5709,85635000,85635000,1004,1672,85650000,37042
1,571,8565000,8565000,1004,1672,8580000,3706
1,5710,85650000,85650000,1004,1672,85665000,37049
1,5711,85665000,85665000,1004,1672,85680000,37055
1,5712,85680000,85680000,1004,1672,85695000,37062
1,5713,85695000,85695000,1004,1672,85710000,37069
1,5714,85710000,85710000,1004,1672,85725000,37074
1,5715,85725000,85725000,1004,1672,85740000,37081
1,5716,85740000,85740000,1004,1672,85755000,37089
1,5717,85755000,85755000,1004,1672,85770000,37094
1,5718,85770000,85770000,1004,1672,85785000,37102
1,5719,85785000,85785000,1004,1672,85800000,37106
1,572,8580000,8580000,1004,1672,8595000,3711
1,5720,85800000,85800000,1004,1672,85815000,37113
1,5721,85815000,85815000,1004,1672,85830000,37122
1,5722,85830000,85830000,1004,1672,85845000,37126
1,5723,85845000,85845000,1004,1672,85860000,37134
1,5724,85860000,85860000,1004,1672,85875000,37139
1,5725,85875000,85875000,1004,1672,85890000,37146
1,5726,85890000,85890000,1004,1672,85905000,37154
1,5727,85905000,85905000,1004,1672,85920000,37158
1,5728,85920000,85920000,1004,1672,85935000,37166
1,5729,85935000,85935000,1004,1672,85950000,37171
1,573,8595000,8595000,1004,1672,8610000,3719
1,5730,85950000,85950000,1004,1672,85965000,37180
1,5731,85965000,85965000,1004,1672,85980000,37186
1,5732,85980000,85980000,1004,1672,85995000,37190
1,5733,85995000,85995000,1004,1672,86010000,37199
1,5734,86010000,86010000,1004,1672,86025000,37204
1,5735,86025000,86025000,1004,1672,86040000,37211
1,5736,86040000,86040000,1004,1672,86055000,37219
1,5737,86055000,86055000,1004,1672,86070000,37224
1,5738,86070000,86070000,1004,1672,86085000,37231
1,5739,86085000,86085000,1004,1672,86100000,37235
1,574,8610000,8610000,1004,1672,8625000,3724
1,5740,86100000,86100000,1004,1672,86115000,37244
1,5741,86115000,86115000,1004,1672,86130000,37251
1,5742,86130000,86130000,1004,1672,86145000,37257
1,5743,86145000,86145000,1004,1672,86160000,37263
1,5744,86160000,86160000,1004,1672,86175000,37268
1,5745,86175000,86175000,1004,1672,86190000,37276
1,5746,86190000,86190000,1004,1672,86205000,37284
1,5747,86205000,86205000,1004,1672,86220000,37288
1,5748,86220000,86220000,1004,1672,86235000,37296
1,5749,86235000,86235000,1004,1672,86250000,37301
1,575,8625000,8625000,1004,1672,8640000,3730
1,5750,86250000,86250000,1004,1672,86265000,37308
1,5751,86265000,86265000,1004,1672,86280000,37317
1,5752,86280000,86280000,1004,1672,86295000,37321
1,5753,86295000,86295000,1004,1672,86310000,37328
1,5754,86310000,86310000,1004,1672,86325000,37334
1,5755,86325000,86325000,1004,1672,86340000,37340
1,5756,86340000,86340000,1004,1672,86355000,37348
1,5757,86355000,86355000,1004,1672,86370000,37354
1,5758,86370000,86370000,1004,1672,86385000,37362
1,5759,86385000,86385000,1004,1672,86400000,37365
1,576,8640000,8640000,1004,1672,8655000,3739
1,5760,86400000,86400000,1004,1672,86415000,37373
1,5761,86415000,86415000,1004,1672,86430000,37381
1,5762,86430000,86430000,1004,1672,86445000,37385
1,5763,86445000,86445000,1004,1672,86460000,37394
1,5764,86460000,86460000,1004,1672,86475000,37398
1,5765,86475000,86475000,1004,1672,86490000,37406
1,5766,86490000,86490000,1004,1672,86505000,37414
1,5767,86505000,86505000,1004,1672,86520000,37417
1,5768,86520000,86520000,1004,1672,86535000,37426
1,5769,86535000,86535000,1004,1672,86550000,37431
1,577,8655000,8655000,1004,1672,8670000,3743
1,5770,86550000,86550000,1004,1672,86565000,37439
1,5771,86565000,86565000,1004,1672,86580000,37445
1,5772,86580000,86580000,1004,1672,86595000,37451
1,5773,86595000,86595000,1004,1672,86610000,37458
1,5774,86610000,86610000,1004,1672,86625000,37463
1,5775,86625000,86625000,1004,1672,86640000,37471
1,5776,86640000,86640000,1004,1672,86655000,37478
1,5777,86655000,86655000,1004,1672,86670000,37483
1,5778,86670000,86670000,1004,1672,86685000,37491
1,5779,86685000,86685000,1004,1672,86700000,37495
1,578,8670000,8670000,1004,1672,8685000,3752
1,5780,86700000,86700000,1004,1672,86715000,37503
1,5781,86715000,86715000,1004,1672,86730000,37511
1,5782,86730000,86730000,1004,1672,86745000,37516
1,5783,86745000,86745000,1004,1672,86760000,37522
1,5784,86760000,86760000,1004,1672,86775000,37528
1,5785,86775000,86775000,1004,1672,86790000,37536
1,5786,86790000,86790000,1004,1672,86805000,37544
1,5787,86805000,86805000,1004,1672,86820000,37548
1,5788,86820000,86820000,1004,1672,86835000,37555
1,5789,86835000,86835000,1004,1672,86850000,37560
1,579,8685000,8685000,1004,1672,8700000,3756
1,5790,86850000,86850000,1004,1672,86865000,37568
1,5791,86865000,86865000,1004,1672,86880000,37576
1,5792,86880000,86880000,1004,1672,86895000,37580
1,5793,86895000,86895000,1004,1672,86910000,37589
1,5794,86910000,86910000,1004,1672,86925000,37593
1,5795,86925000,86925000,1004,1672,86940000,37599
1,5796,86940000,86940000,1004,1672,86955000,37608
1,5797,86955000,86955000,1004,1672,86970000,37613
1,5798,86970000,86970000,1004,1672,86985000,37621
1,5799,86985000,86985000,1004,1672,87000000,37625
1,58,870000,870000,1004,1672,885000,378
1,580,8700000,8700000,1004,1672,8715000,3763
1,5800,87000000,87000000,1004,1672,87015000,37633
1,5801,87015000,87015000,1004,1672,87030000,37640
1,5802,87030000,87030000,1004,1672,87045000,37646
1,5803,87045000,87045000,1004,1672,87060000,37653
1,5804,87060000,87060000,1004,1672,87075000,37657
1,5805,87075000,87075000,1004,1672,87090000,37666
1,5806,87090000,87090000,1004,1672,87105000,37673
1,5807,87105000,87105000,1004,1672,87120000,37677
1,5808,87120000,87120000,1004,1672,87135000,37686
1,5809,87135000,87135000,1004,1672,87150000,37690
1,581,8715000,8715000,1004,1672,8730000,3771
1,5810,87150000,87150000,1004,1672,87165000,37698
1,5811,87165000,87165000,1004,1672,87180000,37705
1,5812,87180000,87180000,1004,1672,87195000,37710
1,5813,87195000,87195000,1004,1672,87210000,37717
1,5814,87210000,87210000,1004,1672,87225000,37724
1,5815,87225000,87225000,1004,1672,87240000,37730
1,5816,87240000,87240000,1004,1672,87255000,37737
1,5817,87255000,87255000,1004,1672,87270000,37743
1,5818,87270000,87270000,1004,1672,87285000,37750
1,5819,87285000,87285000,1004,1672,87300000,37755
1,582,8730000,8730000,1004,1672,8745000,3776
1,5820,87300000,87300000,1004,1672,87315000,37763
1,5821,87315000,87315000,1004,1672,87330000,37771
1,5822,87330000,87330000,1004,1672,87345000,37775
1,5823,87345000,87345000,1004,1672,87360000,37782
1,5824,87360000,87360000,1004,1672,87375000,37787
1,5825,87375000,87375000,1004,1672,87390000,37795
1,5826,87390000,87390000,1004,1672,87405000,37804
1,5827,87405000,87405000,1004,1672,87420000,37807
1,5828,87420000,87420000,1004,1672,87435000,37815
1,5829,87435000,87435000,1004,1672,87450000,37820
1,583,8745000,8745000,1004,1672,8760000,3784
1,5830,87450000,87450000,1004,1672,87465000,37827
1,5831,87465000,87465000,1004,1672,87480000,37835
1,5832,87480000,87480000,1004,1672,87495000,37840
1,5833,87495000,87495000,1004,1672,87510000,37848
1,5834,87510000,87510000,1004,1672,87525000,37852
1,5835,87525000,87525000,1004,1672,87540000,37860
1,5836,87540000,87540000,1004,1672,87555000,37868
1,5837,87555000,87555000,1004,1672,87570000,37872
1,5838,87570000,87570000,1004,1672,87585000,37881
1,5839,87585000,87585000,1004,1672,87600000,37884
1,584,8760000,8760000,1004,1672,8775000,3788
1,5840,87600000,87600000,1004,1672,87615000,37892
1,5841,87615000,87615000,1004,1672,87630000,37900
1,5842,87630000,87630000,1004,1672,87645000,37906
1,5843,87645000,87645000,1004,1672,87660000,37912
1,5844,87660000,87660000,1004,1672,87675000,37917
1,5845,87675000,87675000,1004,1672,87690000,37925
1,5846,87690000,87690000,1004,1672,87705000,37932
1,5847,87705000,87705000,1004,1672,87720000,37937
1,5848,87720000,87720000,1004,1672,87735000,37945
1,5849,87735000,87735000,1004,1672,87750000,37950
1,585,8775000,8775000,1004,1672,8790000,3797
1,5850,87750000,87750000,1004,1672,87765000,37958
1,5851,87765000,87765000,1004,1672,87780000,37964
1,5852,87780000,87780000,1004,1672,87795000,37969
1,5853,87795000,87795000,1004,1672,87810000,37978
1,5854,87810000,87810000,1004,1672,87825000,37983
1,5855,87825000,87825000,1004,1672,87840000,37989
1,5856,87840000,87840000,1004,1672,87855000,37998
1,5857,87855000,87855000,1004,1672,87870000,38002
1,5858,87870000,87870000,1004,1672,87885000,38009
1,5859,87885000,87885000,1004,1672,87900000,38015
1,586,8790000,8790000,1004,1672,8805000,3804
1,5860,87900000,87900000,1004,1672,87915000,38022
1,5861,87915000,87915000,1004,1672,87930000,38030
1,5862,87930000,87930000,1004,1672,87945000,38035
1,5863,87945000,87945000,1004,1672,87960000,38042
1,5864,87960000,87960000,1004,1672,87975000,38046
1,5865,87975000,87975000,1004,1672,87990000,38055
1,5866,87990000,87990000,1004,1672,88005000,38063
1,5867,88005000,88005000,1004,1672,88020000,38066
1,5868,88020000,88020000,1004,1672,88035000,38075
1,5869,88035000,88035000,1004,1672,88050000,38079
1,587,8805000,8805000,1004,1672,8820000,3807
1,5870,88050000,88050000,1004,1672,88065000,38088
1,5871,88065000,88065000,1004,1672,88080000,38095
1,5872,88080000,88080000,1004,1672,88095000,38099
1,5873,88095000,88095000,1004,1672,88110000,38107
1,5874,88110000,88110000,1004,1672,88125000,38112
1,5875,88125000,88125000,1004,1672,88140000,38119
1,5876,88140000,88140000,1004,1672,88155000,38127
1,5877,88155000,88155000,1004,1672,88170000,38133
1,5878,88170000,88170000,1004,1672,88185000,38140
1,5879,88185000,88185000,1004,1672,88200000,38143
1,588,8820000,8820000,1004,1672,8835000,3816
1,5880,88200000,88200000,1004,1672,88215000,38152
1,5881,88215000,88215000,1004,1672,88230000,38159
1,5882,88230000,88230000,1004,1672,88245000,38165
1,5883,88245000,88245000,1004,1672,88260000,38172
1,5884,88260000,88260000,1004,1672,88275000,38177
1,5885,88275000,88275000,1004,1672,88290000,38184
1,5886,88290000,88290000,1004,1672,88305000,38192
1,5887,88305000,88305000,1004,1672,88320000,38197
1,5888,88320000,88320000,1004,1672,88335000,38204
1,5889,88335000,88335000,1004,1672,88350000,38210
1,589,8835000,8835000,1004,1672,8850000,3821
1,5890,88350000,88350000,1004,1672,88365000,38217
1,5891,88365000,88365000,1004,1672,88380000,38224
1,5892,88380000,88380000,1004,1672,88395000,38229
1,5893,88395000,88395000,1004,1672,88410000,38237
1,5894,88410000,88410000,1004,1672,88425000,38242
1,5895,88425000,88425000,1004,1672,88440000,38249
1,5896,88440000,88440000,1004,1672,88455000,38257
1,5897,88455000,88455000,1004,1672,88470000,38261
1,5898,88470000,88470000,1004,1672,88485000,38270
1,5899,88485000,88485000,1004,1672,88500000,38274
1,59,885000,885000,1004,1672,900000,381
1,590,8850000,8850000,1004,1672,8865000,3829
1,5900,88500000,88500000,1004,1672,88515000,38281
1,5901,88515000,88515000,1004,1672,88530000,38290
1,5902,88530000,88530000,1004,1672,88545000,38294
1,5903,88545000,88545000,1004,1672,88560000,38301
1,5904,88560000,88560000,1004,1672,88575000,38307
1,5905,88575000,88575000,1004,1672,88590000,38315
1,5906,88590000,88590000,1004,1672,88605000,38322
1,5907,88605000,88605000,1004,1672,88620000,38326
1,5908,88620000,88620000,1004,1672,88635000,38334
1,5909,88635000,88635000,1004,1672,88650000,38338
1,591,8865000,8865000,1004,1672,8880000,3836
1,5910,88650000,88650000,1004,1672,88665000,38348
1,5911,88665000,88665000,1004,1672,88680000,38354
1,5912,88680000,88680000,1004,1672,88695000,38359
1,5913,88695000,88695000,1004,1672,88710000,38367
1,5914,88710000,88710000,1004,1672,88725000,38371
1,5915,88725000,88725000,1004,1672,88740000,38378
1,5916,88740000,88740000,1004,1672,88755000,38387
1,5917,88755000,88755000,1004,1672,88770000,38392
1,5918,88770000,88770000,1004,1672,88785000,38399
1,5919,88785000,88785000,1004,1672,88800000,38404
1,592,8880000,8880000,1004,1672,8895000,3841
1,5920,88800000,88800000,1004,1672,88815000,38411
1,5921,88815000,88815000,1004,1672,88830000,38419
1,5922,88830000,88830000,1004,1672,88845000,38425
1,5923,88845000,88845000,1004,1672,88860000,38431
1,5924,88860000,88860000,1004,1672,88875000,38436
1,5925,88875000,88875000,1004,1672,88890000,38444
1,5926,88890000,88890000,1004,1672,88905000,38452
1,5927,88905000,88905000,1004,1672,88920000,38456
1,5928,88920000,88920000,1004,1672,88935000,38464
1,5929,88935000,88935000,1004,1672,88950000,38469
1,593,8895000,8895000,1004,1672,8910000,3848
1,5930,88950000,88950000,1004,1672,88965000,38476
1,5931,88965000,88965000,1004,1672,88980000,38484
1,5932,88980000,88980000,1004,1672,88995000,38488
1,5933,88995000,88995000,1004,1672,89010000,38497
1,5934,89010000,89010000,1004,1672,89025000,38502
1,5935,89025000,89025000,1004,1672,89040000,38508
1,5936,89040000,89040000,1004,1672,89055000,38516
1,5937,89055000,89055000,1004,1672,89070000,38521
1,5938,89070000,89070000,1004,1672,89085000,38530
1,5939,89085000,89085000,1004,1672,89100000,38533
1,594,8910000,8910000,1004,1672,8925000,3853
1,5940,89100000,89100000,1004,1672,89115000,38542
1,5941,89115000,89115000,1004,1672,89130000,38549
1,5942,89130000,89130000,1004,1672,89145000,38553
1,5943,89145000,89145000,1004,1672,89160000,38561
1,5944,89160000,89160000,1004,1672,89175000,38566
1,5945,89175000,89175000,1004,1672,89190000,38574
1,5946,89190000,89190000,1004,1672,89205000,38582
1,5947,89205000,89205000,1004,1672,89220000,38586
1,5948,89220000,89220000,1004,1672,89235000,38593
1,5949,89235000,89235000,1004,1672,89250000,38598
1,595,8925000,8925000,1004,1672,8940000,3861
1,5950,89250000,89250000,1004,1672,89265000,38607
1,5951,89265000,89265000,1004,1672,89280000,38613
1,5952,89280000,89280000,1004,1672,89295000,38619
1,5953,89295000,89295000,1004,1672,89310000,38626
1,5954,89310000,89310000,1004,1672,89325000,38631
1,5955,89325000,89325000,1004,1672,89340000,38639
1,5956,89340000,89340000,1004,1672,89355000,38646
1,5957,89355000,89355000,1004,1672,89370000,38651
1,5958,89370000,89370000,1004,1672,89385000,38659
1,5959,89385000,89385000,1004,1672,89400000,38663
1,596,8940000,8940000,1004,1672,8955000,3868
1,5960,89400000,89400000,1004,1672,89415000,38670
1,5961,89415000,89415000,1004,1672,89430000,38680
1,5962,89430000,89430000,1004,1672,89445000,38684
1,5963,89445000,89445000,1004,1672,89460000,38690
1,5964,89460000,89460000,1004,1672,89475000,38696
1,5965,89475000,89475000,1004,1672,89490000,38703
1,5966,89490000,89490000,1004,1672,89505000,38711
1,5967,89505000,89505000,1004,1672,89520000,38716
1,5968,89520000,89520000,1004,1672,89535000,38724
1,5969,89535000,89535000,1004,1672,89550000,38728
1,597,8955000,8955000,1004,1672,8970000,3874
1,5970,89550000,89550000,1004,1672,89565000,38736
1,5971,89565000,89565000,1004,1672,89580000,38743
1,5972,89580000,89580000,1004,1672,89595000,38748
1,5973,89595000,89595000,1004,1672,89610000,38757
1,5974,89610000,89610000,1004,1672,89625000,38761
1,5975,89625000,89625000,1004,1672,89640000,38768
1,5976,89640000,89640000,1004,1672,89655000,38776
1,5977,89655000,89655000,1004,1672,89670000,38780
1,5978,89670000,89670000,1004,1672,89685000,38789
1,5979,89685000,89685000,1004,1672,89700000,38793
1,598,8970000,8970000,1004,1672,8985000,3881
1,5980,89700000,89700000,1004,1672,89715000,38801
1,5981,89715000,89715000,1004,1672,89730000,38808
1,5982,89730000,89730000,1004,1672,89745000,38814
1,5983,89745000,89745000,1004,1672,89760000,38820
1,5984,89760000,89760000,1004,1672,89775000,38825
1,5985,89775000,89775000,1004,1672,89790000,38834
1,5986,89790000,89790000,1004,1672,89805000,38841
1,5987,89805000,89805000,1004,1672,89820000,38845
1,5988,89820000,89820000,1004,1672,89835000,38853
1,5989,89835000,89835000,1004,1672,89850000,38859
1,599,8985000,8985000,1004,1672,9000000,3885
1,5990,89850000,89850000,1004,1672,89865000,38866
1,5991,89865000,89865000,1004,1672,89880000,38873
1,5992,89880000,89880000,1004,1672,89895000,38878
1,5993,89895000,89895000,1004,1672,89910000,38885
1,5994,89910000,89910000,1004,1672,89925000,38891
1,5995,89925000,89925000,1004,1672,89940000,38898
1,5996,89940000,89940000,1004,1672,89955000,38906
1,5997,89955000,89955000,1004,1672,89970000,38911
1,5998,89970000,89970000,1004,1672,89985000,38918
1,5999,89985000,89985000,1004,1672,90000000,38922
1,6,90000,90000,1004,1672,105000,41
1,60,900000,900000,1004,1672,915000,390
1,600,9000000,9000000,1004,1672,9015000,3894
1,6000,90000000,90000000,1004,1672,90015000,38930
1,6001,90015000,90015000,1004,1672,90030000,38939
1,6002,90030000,90030000,1004,1672,90045000,38943
1,6003,90045000,90045000,1004,1672,90060000,38951
1,6004,90060000,90060000,1004,1672,90075000,38955
1,6005,90075000,90075000,1004,1672,90090000,38962
1,6006,90090000,90090000,1004,1672,90105000,38972
1,6007,90105000,90105000,1004,1672,90120000,38975
1,6008,90120000,90120000,1004,1672,90135000,38983
1,6009,90135000,90135000,1004,1672,90150000,38988
1,601,9015000,9015000,1004,1672,9030000,3901
1,6010,90150000,90150000,1004,1672,90165000,38996
1,6011,90165000,90165000,1004,1672,90180000,39002
1,6012,90180000,90180000,1004,1672,90195000,39008
1,6013,90195000,90195000,1004,1672,90210000,39016
1,6014,90210000,90210000,1004,1672,90225000,39020
1,6015,90225000,90225000,1004,1672,90240000,39028
1,6016,90240000,90240000,1004,1672,90255000,39035
1,6017,90255000,90255000,1004,1672,90270000,39040
1,6018,90270000,90270000,1004,1672,90285000,39049
1,6019,90285000,90285000,1004,1672,90300000,39052
1,602,9030000,9030000,1004,1672,9045000,3906
1,6020,90300000,90300000,1004,1672,90315000,39060
1,6021,90315000,90315000,1004,1672,90330000,39068
1,6022,90330000,90330000,1004,1672,90345000,39073
1,6023,90345000,90345000,1004,1672,90360000,39080
1,6024,90360000,90360000,1004,1672,90375000,39086
1,6025,90375000,90375000,1004,1672,90390000,39093
1,6026,90390000,90390000,1004,1672,90405000,39100
1,6027,90405000,90405000,1004,1672,90420000,39105
1,6028,90420000,90420000,1004,1672,90435000,39112
1,6029,90435000,90435000,1004,1672,90450000,39118
1,603,9045000,9045000,1004,1672,9060000,3913
1,6030,90450000,90450000,1004,1672,90465000,39126
1,6031,90465000,90465000,1004,1672,90480000,39133
1,6032,90480000,90480000,1004,1672,90495000,39137
1,6033,90495000,90495000,1004,1672,90510000,39145
1,6034,90510000,90510000,1004,1672,90525000,39150
1,6035,90525000,90525000,1004,1672,90540000,39157
1,6036,90540000,90540000,1004,1672,90555000,39166
1,6037,90555000,90555000,1004,1672,90570000,39170
1,6038,90570000,90570000,1004,1672,90585000,39178
1,6039,90585000,90585000,1004,1672,90600000,39182
1,604,9060000,9060000,1004,1672,9075000,3918
1,6040,90600000,90600000,1004,1672,90615000,39190
1,6041,90615000,90615000,1004,1672,90630000,39198
1,6042,90630000,90630000,1004,1672,90645000,39203
1,6043,90645000,90645000,1004,1672,90660000,39210
1,6044,90660000,90660000,1004,1672,90675000,39214
1,6045,90675000,90675000,1004,1672,90690000,39223
1,6046,90690000,90690000,1004,1672,90705000,39231
1,6047,90705000,90705000,1004,1672,90720000,39234
1,6048,90720000,90720000,1004,1672,90735000,39243
1,6049,90735000,90735000,1004,1672,90750000,39247
1,605,9075000,9075000,1004,1672,9090000,3925
1,6050,90750000,90750000,1004,1672,90765000,39255
1,6051,90765000,90765000,1004,1672,90780000,39262
1,6052,90780000,90780000,1004,1672,90795000,39268
1,6053,90795000,90795000,1004,1672,90810000,39275
1,6054,90810000,90810000,1004,1672,90825000,39280
1,6055,90825000,90825000,1004,1672,90840000,39287
1,6056,90840000,90840000,1004,1672,90855000,39294
1,6057,90855000,90855000,1004,1672,90870000,39301
1,6058,90870000,90870000,1004,1672,90885000,39308
1,6059,90885000,90885000,1004,1672,90900000,39312
1,606,9090000,9090000,1004,1672,9105000,3935
1,6060,90900000,90900000,1004,1672,90915000,39320
1,6061,90915000,90915000,1004,1672,90930000,39327
1,6062,90930000,90930000,1004,1672,90945000,39332
1,6063,90945000,90945000,1004,1672,90960000,39340
1,6064,90960000,90960000,1004,1672,90975000,39345
1,6065,90975000,90975000,1004,1672,90990000,39352
1,6066,90990000,90990000,1004,1672,91005000,39361
1,6067,91005000,91005000,1004,1672,91020000,39364
1,6068,91020000,91020000,1004,1672,91035000,39371
1,6069,91035000,91035000,1004,1672,91050000,39378
1,607,9105000,9105000,1004,1672,9120000,3938
1,6070,91050000,91050000,1004,1672,91065000,39385
1,6071,91065000,91065000,1004,1672,91080000,39392
1,6072,91080000,91080000,1004,1672,91095000,39397
1,6073,91095000,91095000,1004,1672,91110000,39405
1,6074,91110000,91110000,1004,1672,91125000,39410
1,6075,91125000,91125000,1004,1672,91140000,39417
1,6076,91140000,91140000,1004,1672,91155000,39425
1,6077,91155000,91155000,1004,1672,91170000,39429
1,6078,91170000,91170000,1004,1672,91185000,39438
1,6079,91185000,91185000,1004,1672,91200000,39441
1,608,9120000,9120000,1004,1672,9135000,3945
1,6080,91200000,91200000,1004,1672,91215000,39450
1,6081,91215000,91215000,1004,1672,91230000,39458
1,6082,91230000,91230000,1004,1672,91245000,39462
1,6083,91245000,91245000,1004,1672,91260000,39469
1,6084,91260000,91260000,1004,1672,91275000,39474
1,6085,91275000,91275000,1004,1672,91290000,39482
1,6086,91290000,91290000,1004,1672,91305000,39490
1,6087,91305000,91305000,1004,1672,91320000,39495
1,6088,91320000,91320000,1004,1672,91335000,39502
1,6089,91335000,91335000,1004,1672,91350000,39506
1,609,9135000,9135000,1004,1672,9150000,3951
1,6090,91350000,91350000,1004,1672,91365000,39515
1,6091,91365000,91365000,1004,1672,91380000,39522
1,6092,91380000,91380000,1004,1672,91395000,39527
1,6093,91395000,91395000,1004,1672,91410000,39535
1,6094,91410000,91410000,1004,1672,91425000,39540
1,6095,91425000,91425000,1004,1672,91440000,39546
1,6096,91440000,91440000,1004,1672,91455000,39554
1,6097,91455000,91455000,1004,1672,91470000,39560
1,6098,91470000,91470000,1004,1672,91485000,39567
1,6099,91485000,91485000,1004,1672,91500000,39572
1,61,915000,915000,1004,1672,930000,397
1,610,9150000,9150000,1004,1672,9165000,3958
1,6100,91500000,91500000,1004,1672,91515000,39579
1,6101,91515000,91515000,1004,1672,91530000,39587
1,6102,91530000,91530000,1004,1672,91545000,39592
1,6103,91545000,91545000,1004,1672,91560000,39599
1,6104,91560000,91560000,1004,1672,91575000,39604
1,6105,91575000,91575000,1004,1672,91590000,39612
1,6106,91590000,91590000,1004,1672,91605000,39620
1,6107,91605000,91605000,1004,1672,91620000,39623
1,6108,91620000,91620000,1004,1672,91635000,39633
1,6109,91635000,91635000,1004,1672,91650000,39637
1,611,9165000,9165000,1004,1672,9180000,3965
1,6110,91650000,91650000,1004,1672,91665000,39644
1,6111,91665000,91665000,1004,1672,91680000,39652
1,6112,91680000,91680000,1004,1672,91695000,39656
1,6113,91695000,91695000,1004,1672,91710000,39664
1,6114,91710000,91710000,1004,1672,91725000,39670
1,6115,91725000,91725000,1004,1672,91740000,39677
1,6116,91740000,91740000,1004,1672,91755000,39684
1,6117,91755000,91755000,1004,1672,91770000,39689
1,6118,91770000,91770000,1004,1672,91785000,39697
1,6119,91785000,91785000,1004,1672,91800000,39700
1,612,9180000,9180000,1004,1672,9195000,3971
1,6120,91800000,91800000,1004,1672,91815000,39710
1,6121,91815000,91815000,1004,1672,91830000,39717
1,6122,91830000,91830000,1004,1672,91845000,39722
1,6123,91845000,91845000,1004,1672,91860000,39729
1,6124,91860000,91860000,1004,1672,91875000,39733
1,6125,91875000,91875000,1004,1672,91890000,39742
1,6126,91890000,91890000,1004,1672,91905000,39750
1,6127,91905000,91905000,1004,1672,91920000,39754
1,6128,91920000,91920000,1004,1672,91935000,39761
1,6129,91935000,91935000,1004,1672,91950000,39767
1,613,9195000,9195000,1004,1672,9210000,3979
1,6130,91950000,91950000,1004,1672,91965000,39774
1,6131,91965000,91965000,1004,1672,91980000,39781
1,6132,91980000,91980000,1004,1672,91995000,39787
1,6133,91995000,91995000,1004,1672,92010000,39794
1,6134,92010000,92010000,1004,1672,92025000,39799
1,6135,92025000,92025000,1004,1672,92040000,39806
1,6136,92040000,92040000,1004,1672,92055000,39814
1,6137,92055000,92055000,1004,1672,92070000,39819
1,6138,92070000,92070000,1004,1672,92085000,39827
1,6139,92085000,92085000,1004,1672,92100000,39831
1,614,9210000,9210000,1004,1672,9225000,3983
1,6140,92100000,92100000,1004,1672,92115000,39838
1,6141,92115000,92115000,1004,1672,92130000,39847
1,6142,92130000,92130000,1004,1672,92145000,39852
1,6143,92145000,92145000,1004,1672,92160000,39859
1,6144,92160000,92160000,1004,1672,92175000,39864
1,6145,92175000,92175000,1004,1672,92190000,39871
1,6146,92190000,92190000,1004,1672,92205000,39879
1,6147,92205000,92205000,1004,1672,92220000,39883
1,6148,92220000,92220000,1004,1672,92235000,39892
1,6149,92235000,92235000,1004,1672,92250000,39896
1,615,9225000,9225000,1004,1672,9240000,3990
1,6150,92250000,92250000,1004,1672,92265000,39905
1,6151,92265000,92265000,1004,1672,92280000,39911
1,6152,92280000,92280000,1004,1672,92295000,39915
1,6153,92295000,92295000,1004,1672,92310000,39924
1,6154,92310000,92310000,1004,1672,92325000,39929
1,6155,92325000,92325000,1004,1672,92340000,39936
1,6156,92340000,92340000,1004,1672,92355000,39944
1,6157,92355000,92355000,1004,1672,92370000,39949
1,6158,92370000,92370000,1004,1672,92385000,39956
1,6159,92385000,92385000,1004,1672,92400000,39961
1,616,9240000,9240000,1004,1672,9255000,3998
1,6160,92400000,92400000,1004,1672,92415000,39969
1,6161,92415000,92415000,1004,1672,92430000,39976
1,6162,92430000,92430000,1004,1672,92445000,39982
1,6163,92445000,92445000,1004,1672,92460000,39988
1,6164,92460000,92460000,1004,1672,92475000,39993
1,6165,92475000,92475000,1004,1672,92490000,40002
1,6166,92490000,92490000,1004,1672,92505000,40009
1,6167,92505000,92505000,1004,1672,92520000,40013
1,6168,92520000,92520000,1004,1672,92535000,40021
1,6169,92535000,92535000,1004,1672,92550000,40026
1,617,9255000,9255000,1004,1672,9270000,4003
1,6170,92550000,92550000,1004,1672,92565000,40033
1,6171,92565000,92565000,1004,1672,92580000,40042
1,6172,92580000,92580000,1004,1672,92595000,40046
1,6173,92595000,92595000,1004,1672,92610000,40053
1,6174,92610000,92610000,1004,1672,92625000,40059
1,6175,92625000,92625000,1004,1672,92640000,40065
1,6176,92640000,92640000,1004,1672,92655000,40074
1,6177,92655000,92655000,1004,1672,92670000,40079
1,6178,92670000,92670000,1004,1672,92685000,40087
1,6179,92685000,92685000,1004,1672,92700000,40090
1,618,9270000,9270000,1004,1672,9285000,4012
1,6180,92700000,92700000,1004,1672,92715000,40098
1,6181,92715000,92715000,1004,1672,92730000,40106
1,6182,92730000,92730000,1004,1672,92745000,40111
1,6183,92745000,92745000,1004,1672,92760000,40119
1,6184,92760000,92760000,1004,1672,92775000,40123
1,6185,92775000,92775000,1004,1672,92790000,40131
1,6186,92790000,92790000,1004,1672,92805000,40139
1,6187,92805000,92805000,1004,1672,92820000,40142
1,6188,92820000,92820000,1004,1672,92835000,40151
1,6189,92835000,92835000,1004,1672,92850000,40156
1,619,9285000,9285000,1004,1672,9300000,4015
1,6190,92850000,92850000,1004,1672,92865000,40164
1,6191,92865000,92865000,1004,1672,92880000,40170
1,6192,92880000,92880000,1004,1672,92895000,40176
1,6193,92895000,92895000,1004,1672,92910000,40184
1,6194,92910000,92910000,1004,1672,92925000,40188
1,6195,92925000,92925000,1004,1672,92940000,40196
1,6196,92940000,92940000,1004,1672,92955000,40203
1,6197,92955000,92955000,1004,1672,92970000,40208
1,6198,92970000,92970000,1004,1672,92985000,40216
1,6199,92985000,92985000,1004,1672,93000000,40221
1,62,930000,930000,1004,1672,945000,402
1,620,9300000,9300000,1004,1672,9315000,4023
1,6200,93000000,93000000,1004,1672,93015000,40228
1,6201,93015000,93015000,1004,1672,93030000,40236
1,6202,93030000,93030000,1004,1672,93045000,40241
1,6203,93045000,93045000,1004,1672,93060000,40247
1,6204,93060000,93060000,1004,1672,93075000,40253
1,6205,93075000,93075000,1004,1672,93090000,40261
1,6206,93090000,93090000,1004,1672,93105000,40269
1,6207,93105000,93105000,1004,1672,93120000,40273
1,6208,93120000,93120000,1004,1672,93135000,40280
1,6209,93135000,93135000,1004,1672,93150000,40285
1,621,9315000,9315000,1004,1672,9330000,4031
1,6210,93150000,93150000,1004,1672,93165000,40294
1,6211,93165000,93165000,1004,1672,93180000,40301
1,6212,93180000,93180000,1004,1672,93195000,40305
1,6213,93195000,93195000,1004,1672,93210000,40314
1,6214,93210000,93210000,1004,1672,93225000,40318
1,6215,93225000,93225000,1004,1672,93240000,40324
1,6216,93240000,93240000,1004,1672,93255000,40334
1,6217,93255000,93255000,1004,1672,93270000,40338
1,6218,93270000,93270000,1004,1672,93285000,40346
1,6219,93285000,93285000,1004,1672,93300000,40350
1,622,9330000,9330000,1004,1672,9345000,4035
1,6220,93300000,93300000,1004,1672,93315000,40358
1,6221,93315000,93315000,1004,1672,93330000,40365
1,6222,93330000,93330000,1004,1672,93345000,40371
1,6223,93345000,93345000,1004,1672,93360000,40378
1,6224,93360000,93360000,1004,1672,93375000,40382
1,6225,93375000,93375000,1004,1672,93390000,40391
1,6226,93390000,93390000,1004,1672,93405000,40398
1,6227,93405000,93405000,1004,1672,93420000,40403
1,6228,93420000,93420000,1004,1672,93435000,40411
1,6229,93435000,93435000,1004,1672,93450000,40415
1,623,9345000,9345000,1004,1672,9360000,4043
1,6230,93450000,93450000,1004,1672,93465000,40423
1,6231,93465000,93465000,1004,1672,93480000,40430
1,6232,93480000,93480000,1004,1672,93495000,40435
1,6233,93495000,93495000,1004,1672,93510000,40443
1,6234,93510000,93510000,1004,1672,93525000,40449
1,6235,93525000,93525000,1004,1672,93540000,40455
1,6236,93540000,93540000,1004,1672,93555000,40462
1,6237,93555000,93555000,1004,1672,93570000,40468
1,6238,93570000,93570000,1004,1672,93585000,40475
1,6239,93585000,93585000,1004,1672,93600000,40480
1,624,9360000,9360000,1004,1672,9375000,4048
1,6240,93600000,93600000,1004,1672,93615000,40488
1,6241,93615000,93615000,1004,1672,93630000,40496
1,6242,93630000,93630000,1004,1672,93645000,40500
1,6243,93645000,93645000,1004,1672,93660000,40507
1,6244,93660000,93660000,1004,1672,93675000,40513
1,6245,93675000,93675000,1004,1672,93690000,40520
1,6246,93690000,93690000,1004,1672,93705000,40529
1,6247,93705000,93705000,1004,1672,93720000,40532
1,6248,93720000,93720000,1004,1672,93735000,40540
1,6249,93735000,93735000,1004,1672,93750000,40545
1,625,9375000,9375000,1004,1672,9390000,4056
1,6250,93750000,93750000,1004,1672,93765000,40553
1,6251,93765000,93765000,1004,1672,93780000,40560
1,6252,93780000,93780000,1004,1672,93795000,40565
1,6253,93795000,93795000,1004,1672,93810000,40573
1,6254,93810000,93810000,1004,1672,93825000,40577
1,6255,93825000,93825000,1004,1672,93840000,40585
1,6256,93840000,93840000,1004,1672,93855000,40593
1,6257,93855000,93855000,1004,1672,93870000,40597
1,6258,93870000,93870000,1004,1672,93885000,40606
1,6259,93885000,93885000,1004,1672,93900000,40609
1,626,9390000,9390000,1004,1672,9405000,4063
1,6260,93900000,93900000,1004,1672,93915000,40617
1,6261,93915000,93915000,1004,1672,93930000,40626
1,6262,93930000,93930000,1004,1672,93945000,40631
1,6263,93945000,93945000,1004,1672,93960000,40637
1,6264,93960000,93960000,1004,1672,93975000,40642
1,6265,93975000,93975000,1004,1672,93990000,40650
1,6266,93990000,93990000,1004,1672,94005000,40657
1,6267,94005000,94005000,1004,1672,94020000,40663
1,6268,94020000,94020000,1004,1672,94035000,40670
1,6269,94035000,94035000,1004,1672,94050000,40675
1,627,9405000,9405000,1004,1672,9420000,4068
1,6270,94050000,94050000,1004,1672,94065000,40683
1,6271,94065000,94065000,1004,1672,94080000,40689
1,6272,94080000,94080000,1004,1672,94095000,40694
1,6273,94095000,94095000,1004,1672,94110000,40703
1,6274,94110000,94110000,1004,1672,94125000,40708
1,6275,94125000,94125000,1004,1672,94140000,40714
1,6276,94140000,94140000,1004,1672,94155000,40723
1,6277,94155000,94155000,1004,1672,94170000,40727
1,6278,94170000,94170000,1004,1672,94185000,40735
1,6279,94185000,94185000,1004,1672,94200000,40740
1,628,9420000,9420000,1004,1672,9435000,4075
1,6280,94200000,94200000,1004,1672,94215000,40747
1,6281,94215000,94215000,1004,1672,94230000,40755
1,6282,94230000,94230000,1004,1672,94245000,40760
1,6283,94245000,94245000,1004,1672,94260000,40767
1,6284,94260000,94260000,1004,1672,94275000,40772
1,6285,94275000,94275000,1004,1672,94290000,40780
1,6286,94290000,94290000,1004,1672,94305000,40788
1,6287,94305000,94305000,1004,1672,94320000,40791
1,6288,94320000,94320000,1004,1672,94335000,40800
1,6289,94335000,94335000,1004,1672,94350000,40804
1,629,9435000,9435000,1004,1672,9450000,4080
1,6290,94350000,94350000,1004,1672,94365000,40813
1,6291,94365000,94365000,1004,1672,94380000,40820
1,6292,94380000,94380000,1004,1672,94395000,40824
1,6293,94395000,94395000,1004,1672,94410000,40832
1,6294,94410000,94410000,1004,1672,94425000,40837
1,6295,94425000,94425000,1004,1672,94440000,40845
1,6296,94440000,94440000,1004,1672,94455000,40852
1,6297,94455000,94455000,1004,1672,94470000,40858
1,6298,94470000,94470000,1004,1672,94485000,40865
1,6299,94485000,94485000,1004,1672,94500000,40868
1,63,945000,945000,1004,1672,960000,410
1,630,9450000,9450000,1004,1672,9465000,4089
1,6300,94500000,94500000,1004,1672,94515000,40877
1,6301,94515000,94515000,1004,1672,94530000,40885
1,6302,94530000,94530000,1004,1672,94545000,40890
1,6303,94545000,94545000,1004,1672,94560000,40897
1,6304,94560000,94560000,1004,1672,94575000,40902
1,6305,94575000,94575000,1004,1672,94590000,40909
1,6306,94590000,94590000,1004,1672,94605000,40917
1,6307,94605000,94605000,1004,1672,94620000,40922
1,6308,94620000,94620000,1004,1672,94635000,40929
1,6309,94635000,94635000,1004,1672,94650000,40935
1,631,9465000,9465000,1004,1672,9480000,4095
1,6310,94650000,94650000,1004,1672,94665000,40942
1,6311,94665000,94665000,1004,1672,94680000,40949
1,6312,94680000,94680000,1004,1672,94695000,40955
1,6313,94695000,94695000,1004,1672,94710000,40962
1,6314,94710000,94710000,1004,1672,94725000,40967
1,6315,94725000,94725000,1004,1672,94740000,40974
1,6316,94740000,94740000,1004,1672,94755000,40982
1,6317,94755000,94755000,1004,1672,94770000,40986
1,6318,94770000,94770000,1004,1672,94785000,40996
1,6319,94785000,94785000,1004,1672,94800000,40999
1,632,9480000,9480000,1004,1672,9495000,4100
1,6320,94800000,94800000,1004,1672,94815000,41006
1,6321,94815000,94815000,1004,1672,94830000,41015
1,6322,94830000,94830000,1004,1672,94845000,41019
1,6323,94845000,94845000,1004,1672,94860000,41026
1,6324,94860000,94860000,1004,1672,94875000,41032
1,6325,94875000,94875000,1004,1672,94890000,41040
1,6326,94890000,94890000,1004,1672,94905000,41047
1,6327,94905000,94905000,1004,1672,94920000,41051
1,6328,94920000,94920000,1004,1672,94935000,41059
1,6329,94935000,94935000,1004,1672,94950000,41064
1,633,9495000,9495000,1004,1672,9510000,4108
1,6330,94950000,94950000,1004,1672,94965000,41073
1,6331,94965000,94965000,1004,1672,94980000,41079
1,6332,94980000,94980000,1004,1672,94995000,41084
1,6333,94995000,94995000,1004,1672,95010000,41092
1,6334,95010000,95010000,1004,1672,95025000,41096
1,6335,95025000,95025000,1004,1672,95040000,41104
1,6336,95040000,95040000,1004,1672,95055000,41112
1,6337,95055000,95055000,1004,1672,95070000,41117
1,6338,95070000,95070000,1004,1672,95085000,41124
1,6339,95085000,95085000,1004,1672,95100000,41129
1,634,9510000,9510000,1004,1672,9525000,4114
1,6340,95100000,95100000,1004,1672,95115000,41136
1,6341,95115000,95115000,1004,1672,95130000,41144
1,6342,95130000,95130000,1004,1672,95145000,41150
1,6343,95145000,95145000,1004,1672,95160000,41156
1,6344,95160000,95160000,1004,1672,95175000,41161
1,6345,95175000,95175000,1004,1672,95190000,41169
1,6346,95190000,95190000,1004,1672,95205000,41178
1,6347,95205000,95205000,1004,1672,95220000,41181
1,6348,95220000,95220000,1004,1672,95235000,41189
1,6349,95235000,95235000,1004,1672,95250000,41194
1,635,9525000,9525000,1004,1672,9540000,4120
1,6350,95250000,95250000,1004,1672,95265000,41201
1,6351,95265000,95265000,1004,1672,95280000,41209
1,6352,95280000,95280000,1004,1672,95295000,41214
1,6353,95295000,95295000,1004,1672,95310000,41222
1,6354,95310000,95310000,1004,1672,95325000,41227
1,6355,95325000,95325000,1004,1672,95340000,41233
1,6356,95340000,95340000,1004,1672,95355000,41241
1,6357,95355000,95355000,1004,1672,95370000,41246
1,6358,95370000,95370000,1004,1672,95385000,41255
1,6359,95385000,95385000,1004,1672,95400000,41258
1,636,9540000,9540000,1004,1672,9555000,4128
1,6360,95400000,95400000,1004,1672,95415000,41267
1,6361,95415000,95415000,1004,1672,95430000,41274
1,6362,95430000,95430000,1004,1672,95445000,41278
1,6363,95445000,95445000,1004,1672,95460000,41287
1,6364,95460000,95460000,1004,1672,95475000,41291
1,6365,95475000,95475000,1004,1672,95490000,41299
1,6366,95490000,95490000,1004,1672,95505000,41307
1,6367,95505000,95505000,1004,1672,95520000,41311
1,6368,95520000,95520000,1004,1672,95535000,41318
1,6369,95535000,95535000,1004,1672,95550000,41324
1,637,9555000,9555000,1004,1672,9570000,4133
1,6370,95550000,95550000,1004,1672,95565000,41332
1,6371,95565000,95565000,1004,1672,95580000,41338
1,6372,95580000,95580000,1004,1672,95595000,41344
1,6373,95595000,95595000,1004,1672,95610000,41351
1,6374,95610000,95610000,1004,1672,95625000,41356
1,6375,95625000,95625000,1004,1672,95640000,41364
1,6376,95640000,95640000,1004,1672,95655000,41371
1,6377,95655000,95655000,1004,1672,95670000,41376
1,6378,95670000,95670000,1004,1672,95685000,41384
1,6379,95685000,95685000,1004,1672,95700000,41388
1,638,9570000,9570000,1004,1672,9585000,4140
1,6380,95700000,95700000,1004,1672,95715000,41396
1,6381,95715000,95715000,1004,1672,95730000,41405
1,6382,95730000,95730000,1004,1672,95745000,41409
1,6383,95745000,95745000,1004,1672,95760000,41415
1,6384,95760000,95760000,1004,1672,95775000,41421
1,6385,95775000,95775000,1004,1672,95790000,41428
1,6386,95790000,95790000,1004,1672,95805000,41437
1,6387,95805000,95805000,1004,1672,95820000,41441
1,6388,95820000,95820000,1004,1672,95835000,41449
1,6389,95835000,95835000,1004,1672,95850000,41453
1,639,9585000,9585000,1004,1672,9600000,4145
1,6390,95850000,95850000,1004,1672,95865000,41461
1,6391,95865000,95865000,1004,1672,95880000,41468
1,6392,95880000,95880000,1004,1672,95895000,41473
1,6393,95895000,95895000,1004,1672,95910000,41482
1,6394,95910000,95910000,1004,1672,95925000,41486
1,6395,95925000,95925000,1004,1672,95940000,41493
1,6396,95940000,95940000,1004,1672,95955000,41501
1,6397,95955000,95955000,1004,1672,95970000,41506
1,6398,95970000,95970000,1004,1672,95985000,41514
1,6399,95985000,95985000,1004,1672,96000000,41518
1,64,960000,960000,1004,1672,975000,414
1,640,9600000,9600000,1004,1672,9615000,4153
1,6400,96000000,96000000,1004,1672,96015000,41526
1,6401,96015000,96015000,1004,1672,96030000,41533
1,6402,96030000,96030000,1004,1672,96045000,41539
1,6403,96045000,96045000,1004,1672,96060000,41546
1,6404,96060000,96060000,1004,1672,96075000,41550
1,6405,96075000,96075000,1004,1672,96090000,41559
1,6406,96090000,96090000,1004,1672,96105000,41566
1,6407,96105000,96105000,1004,1672,96120000,41570
1,6408,96120000,96120000,1004,1672,96135000,41578
1,6409,96135000,96135000,1004,1672,96150000,41584
1,641,9615000,9615000,1004,1672,9630000,4161
1,6410,96150000,96150000,1004,1672,96165000,41591
1,6411,96165000,96165000,1004,1672,96180000,41598
1,6412,96180000,96180000,1004,1672,96195000,41603
1,6413,96195000,96195000,1004,1672,96210000,41610
1,6414,96210000,96210000,1004,1672,96225000,41617
1,6415,96225000,96225000,1004,1672,96240000,41623
1,6416,96240000,96240000,1004,1672,96255000,41631
1,6417,96255000,96255000,1004,1672,96270000,41636
1,6418,96270000,96270000,1004,1672,96285000,41643
1,6419,96285000,96285000,1004,1672,96300000,41647
1,642,9630000,9630000,1004,1672,9645000,4166
1,6420,96300000,96300000,1004,1672,96315000,41656
1,6421,96315000,96315000,1004,1672,96330000,41664
1,6422,96330000,96330000,1004,1672,96345000,41668
1,6423,96345000,96345000,1004,1672,96360000,41676
1,6424,96360000,96360000,1004,1672,96375000,41680
1,6425,96375000,96375000,1004,1672,96390000,41687
1,6426,96390000,96390000,1004,1672,96405000,41697
1,6427,96405000,96405000,1004,1672,96420000,41700
1,6428,96420000,96420000,1004,1672,96435000,41708
1,6429,96435000,96435000,1004,1672,96450000,41713
1,643,9645000,9645000,1004,1672,9660000,4172
1,6430,96450000,96450000,1004,1672,96465000,41721
1,6431,96465000,96465000,1004,1672,96480000,41728
1,6432,96480000,96480000,1004,1672,96495000,41733
1,6433,96495000,96495000,1004,1672,96510000,41741
1,6434,96510000,96510000,1004,1672,96525000,41745
1,6435,96525000,96525000,1004,1672,96540000,41753
1,6436,96540000,96540000,1004,1672,96555000,41760
1,6437,96555000,96555000,1004,1672,96570000,41766
1,6438,96570000,96570000,1004,1672,96585000,41774
1,6439,96585000,96585000,1004,1672,96600000,41777
1,644,9660000,9660000,1004,1672,9675000,4177
1,6440,96600000,96600000,1004,1672,96615000,41785
1,6441,96615000,96615000,1004,1672,96630000,41793
1,6442,96630000,96630000,1004,1672,96645000,41798
1,6443,96645000,96645000,1004,1672,96660000,41805
1,6444,96660000,96660000,1004,1672,96675000,41811
1,6445,96675000,96675000,1004,1672,96690000,41818
1,6446,96690000,96690000,1004,1672,96705000,41825
1,6447,96705000,96705000,1004,1672,96720000,41830
1,6448,96720000,96720000,1004,1672,96735000,41838
1,6449,96735000,96735000,1004,1672,96750000,41843
1,645,9675000,9675000,1004,1672,9690000,4185
1,6450,96750000,96750000,1004,1672,96765000,41851
1,6451,96765000,96765000,1004,1672,96780000,41858
1,6452,96780000,96780000,1004,1672,96795000,41862
1,6453,96795000,96795000,1004,1672,96810000,41870
1,6454,96810000,96810000,1004,1672,96825000,41876
1,6455,96825000,96825000,1004,1672,96840000,41882
1,6456,96840000,96840000,1004,1672,96855000,41891
1,6457,96855000,96855000,1004,1672,96870000,41895
1,6458,96870000,96870000,1004,1672,96885000,41903
1,6459,96885000,96885000,1004,1672,96900000,41907
1,646,9690000,9690000,1004,1672,9705000,4194
1,6460,96900000,96900000,1004,1672,96915000,41915
1,6461,96915000,96915000,1004,1672,96930000,41923
1,6462,96930000,96930000,1004,1672,96945000,41928
1,6463,96945000,96945000,1004,1672,96960000,41935
1,6464,96960000,96960000,1004,1672,96975000,41939
1,6465,96975000,96975000,1004,1672,96990000,41949
1,6466,96990000,96990000,1004,1672,97005000,41956
1,6467,97005000,97005000,1004,1672,97020000,41959
1,6468,97020000,97020000,1004,1672,97035000,41968
1,6469,97035000,97035000,1004,1672,97050000,41972
1,647,9705000,9705000,1004,1672,9720000,4197
1,6470,97050000,97050000,1004,1672,97065000,41980
1,6471,97065000,97065000,1004,1672,97080000,41988
1,6472,97080000,97080000,1004,1672,97095000,41993
1,6473,97095000,97095000,1004,1672,97110000,42000
1,6474,97110000,97110000,1004,1672,97125000,42005
1,6475,97125000,97125000,1004,1672,97140000,42012
1,6476,97140000,97140000,1004,1672,97155000,42019
1,6477,97155000,97155000,1004,1672,97170000,42026
1,6478,97170000,97170000,1004,1672,97185000,42033
1,6479,97185000,97185000,1004,1672,97200000,42037
1,648,9720000,9720000,1004,1672,9735000,4206
1,6480,97200000,97200000,1004,1672,97215000,42045
1,6481,97215000,97215000,1004,1672,97230000,42052
1,6482,97230000,97230000,1004,1672,97245000,42058
1,6483,97245000,97245000,1004,1672,97260000,42065
1,6484,97260000,97260000,1004,1672,97275000,42070
1,6485,97275000,97275000,1004,1672,97290000,42077
1,6486,97290000,97290000,1004,1672,97305000,42086
1,6487,97305000,97305000,1004,1672,97320000,42089
1,6488,97320000,97320000,1004,1672,97335000,42097
1,6489,97335000,97335000,1004,1672,97350000,42103
1,649,9735000,9735000,1004,1672,9750000,4210
1,6490,97350000,97350000,1004,1672,97365000,42110
1,6491,97365000,97365000,1004,1672,97380000,42117
1,6492,97380000,97380000,1004,1672,97395000,42122
1,6493,97395000,97395000,1004,1672,97410000,42130
1,6494,97410000,97410000,1004,1672,97425000,42135
1,6495,97425000,97425000,1004,1672,97440000,42142
1,6496,97440000,97440000,1004,1672,97455000,42150
1,6497,97455000,97455000,1004,1672,97470000,42154
1,6498,97470000,97470000,1004,1672,97485000,42163
1,6499,97485000,97485000,1004,1672,97500000,42167
1,65,975000,975000,1004,1672,990000,422
1,650,9750000,9750000,1004,1672,9765000,4217
1,6500,97500000,97500000,1004,1672,97515000,42175
1,6501,97515000,97515000,1004,1672,97530000,42183
1,6502,97530000,97530000,1004,1672,97545000,42187
1,6503,97545000,97545000,1004,1672,97560000,42194
1,6504,97560000,97560000,1004,1672,97575000,42199
1,6505,97575000,97575000,1004,1672,97590000,42208
1,6506,97590000,97590000,1004,1672,97605000,42215
1,6507,97605000,97605000,1004,1672,97620000,42220
1,6508,97620000,97620000,1004,1672,97635000,42227
1,6509,97635000,97635000,1004,1672,97650000,42231
1,651,9765000,9765000,1004,1672,9780000,4226
1,6510,97650000,97650000,1004,1672,97665000,42240
1,6511,97665000,97665000,1004,1672,97680000,42247
1,6512,97680000,97680000,1004,1672,97695000,42252
1,6513,97695000,97695000,1004,1672,97710000,42260
1,6514,97710000,97710000,1004,1672,97725000,42265
1,6515,97725000,97725000,1004,1672,97740000,42271
1,6516,97740000,97740000,1004,1672,97755000,42280
1,6517,97755000,97755000,1004,1672,97770000,42285
1,6518,97770000,97770000,1004,1672,97785000,42292
1,6519,97785000,97785000,1004,1672,97800000,42297
1,652,9780000,9780000,1004,1672,9795000,4230
1,6520,97800000,97800000,1004,1672,97815000,42304
1,6521,97815000,97815000,1004,1672,97830000,42312
1,6522,97830000,97830000,1004,1672,97845000,42318
1,6523,97845000,97845000,1004,1672,97860000,42324
1,6524,97860000,97860000,1004,1672,97875000,42329
1,6525,97875000,97875000,1004,1672,97890000,42337
1,6526,97890000,97890000,1004,1672,97905000,42345
1,6527,97905000,97905000,1004,1672,97920000,42348
1,6528,97920000,97920000,1004,1672,97935000,42358
1,6529,97935000,97935000,1004,1672,97950000,42362
1,653,9795000,9795000,1004,1672,9810000,4238
1,6530,97950000,97950000,1004,1672,97965000,42369
1,6531,97965000,97965000,1004,1672,97980000,42377
1,6532,97980000,97980000,1004,1672,97995000,42381
1,6533,97995000,97995000,1004,1672,98010000,42390
1,6534,98010000,98010000,1004,1672,98025000,42395
1,6535,98025000,98025000,1004,1672,98040000,42402
1,6536,98040000,98040000,1004,1672,98055000,42409
1,6537,98055000,98055000,1004,1672,98070000,42414
1,6538,98070000,98070000,1004,1672,98085000,42422
1,6539,98085000,98085000,1004,1672,98100000,42426
1,654,9810000,9810000,1004,1672,9825000,4243
1,6540,98100000,98100000,1004,1672,98115000,42435
1,6541,98115000,98115000,1004,1672,98130000,42442
1,6542,98130000,98130000,1004,1672,98145000,42447
1,6543,98145000,98145000,1004,1672,98160000,42454
1,6544,98160000,98160000,1004,1672,98175000,42458
1,6545,98175000,98175000,1004,1672,98190000,42467
1,6546,98190000,98190000,1004,1672,98205000,42475
1,6547,98205000,98205000,1004,1672,98220000,42479
1,6548,98220000,98220000,1004,1672,98235000,42486
1,6549,98235000,98235000,1004,1672,98250000,42492
1,655,9825000,9825000,1004,1672,9840000,4250
1,6550,98250000,98250000,1004,1672,98265000,42500
1,6551,98265000,98265000,1004,1672,98280000,42506
1,6552,98280000,98280000,1004,1672,98295000,42512
1,6553,98295000,98295000,1004,1672,98310000,42519
1,6554,98310000,98310000,1004,1672,98325000,42524
1,6555,98325000,98325000,1004,1672,98340000,42531
1,6556,98340000,98340000,1004,1672,98355000,42540
1,6557,98355000,98355000,1004,1672,98370000,42544
1,6558,98370000,98370000,1004,1672,98385000,42552
1,6559,98385000,98385000,1004,1672,98400000,42556
1,656,9840000,9840000,1004,1672,9855000,4257
1,6560,98400000,98400000,1004,1672,98415000,42563
1,6561,98415000,98415000,1004,1672,98430000,42572
1,6562,98430000,98430000,1004,1672,98445000,42577
1,6563,98445000,98445000,1004,1672,98460000,42584
1,6564,98460000,98460000,1004,1672,98475000,42589
1,6565,98475000,98475000,1004,1672,98490000,42596
1,6566,98490000,98490000,1004,1672,98505000,42604
1,6567,98505000,98505000,1004,1672,98520000,42609
1,6568,98520000,98520000,1004,1672,98535000,42617
1,6569,98535000,98535000,1004,1672,98550000,42621
1,657,9855000,9855000,1004,1672,9870000,4263
1,6570,98550000,98550000,1004,1672,98565000,42630
1,6571,98565000,98565000,1004,1672,98580000,42636
1,6572,98580000,98580000,1004,1672,98595000,42640
1,6573,98595000,98595000,1004,1672,98610000,42650
1,6574,98610000,98610000,1004,1672,98625000,42654
1,6575,98625000,98625000,1004,1672,98640000,42661
1,6576,98640000,98640000,1004,1672,98655000,42669
1,6577,98655000,98655000,1004,1672,98670000,42674
1,6578,98670000,98670000,1004,1672,98685000,42681
1,6579,98685000,98685000,1004,1672,98700000,42686
1,658,9870000,9870000,1004,1672,9885000,4271
1,6580,98700000,98700000,1004,1672,98715000,42694
1,6581,98715000,98715000,1004,1672,98730000,42701
1,6582,98730000,98730000,1004,1672,98745000,42707
1,6583,98745000,98745000,1004,1672,98760000,42713
1,6584,98760000,98760000,1004,1672,98775000,42719
1,6585,98775000,98775000,1004,1672,98790000,42727
1,6586,98790000,98790000,1004,1672,98805000,42734
1,6587,98805000,98805000,1004,1672,98820000,42738
1,6588,98820000,98820000,1004,1672,98835000,42746
1,6589,98835000,98835000,1004,1672,98850000,42751
1,659,9885000,9885000,1004,1672,9900000,4274
1,6590,98850000,98850000,1004,1672,98865000,42759
1,6591,98865000,98865000,1004,1672,98880000,42767
1,6592,98880000,98880000,1004,1672,98895000,42771
1,6593,98895000,98895000,1004,1672,98910000,42778
1,6594,98910000,98910000,1004,1672,98925000,42784
1,6595,98925000,98925000,1004,1672,98940000,42790
1,6596,98940000,98940000,1004,1672,98955000,42799
1,6597,98955000,98955000,1004,1672,98970000,42804
1,6598,98970000,98970000,1004,1672,98985000,42812
1,6599,98985000,98985000,1004,1672,99000000,42815
1,66,990000,990000,1004,1672,1005000,430
1,660,9900000,9900000,1004,1672,9915000,4283
1,6600,99000000,99000000,1004,1672,99015000,42823
1,6601,99015000,99015000,1004,1672,99030000,42832
1,6602,99030000,99030000,1004,1672,99045000,42836
1,6603,99045000,99045000,1004,1672,99060000,42844
1,6604,99060000,99060000,1004,1672,99075000,42848
1,6605,99075000,99075000,1004,1672,99090000,42856
1,6606,99090000,99090000,1004,1672,99105000,42864
1,6607,99105000,99105000,1004,1672,99120000,42868
1,6608,99120000,99120000,1004,1672,99135000,42876
1,6609,99135000,99135000,1004,1672,99150000,42881
1,661,9915000,9915000,1004,1672,9930000,4290
1,6610,99150000,99150000,1004,1672,99165000,42889
1,6611,99165000,99165000,1004,1672,99180000,42895
1,6612,99180000,99180000,1004,1672,99195000,42901
1,6613,99195000,99195000,1004,1672,99210000,42909
1,6614,99210000,99210000,1004,1672,99225000,42913
1,6615,99225000,99225000,1004,1672,99240000,42921
1,6616,99240000,99240000,1004,1672,99255000,42928
1,6617,99255000,99255000,1004,1672,99270000,42933
1,6618,99270000,99270000,1004,1672,99285000,42942
1,6619,99285000,99285000,1004,1672,99300000,42946
1,662,9930000,9930000,1004,1672,9945000,4295
1,6620,99300000,99300000,1004,1672,99315000,42953
1,6621,99315000,99315000,1004,1672,99330000,42961
1,6622,99330000,99330000,1004,1672,99345000,42966
1,6623,99345000,99345000,1004,1672,99360000,42972
1,6624,99360000,99360000,1004,1672,99375000,42979
1,6625,99375000,99375000,1004,1672,99390000,42986
1,6626,99390000,99390000,1004,1672,99405000,42994
1,6627,99405000,99405000,1004,1672,99420000,42998
1,6628,99420000,99420000,1004,1672,99435000,43005
1,6629,99435000,99435000,1004,1672,99450000,43010
1,663,9945000,9945000,1004,1672,9960000,4303
1,6630,99450000,99450000,1004,1672,99465000,43019
1,6631,99465000,99465000,1004,1672,99480000,43026
1,6632,99480000,99480000,1004,1672,99495000,43030
1,6633,99495000,99495000,1004,1672,99510000,43039
1,6634,99510000,99510000,1004,1672,99525000,43043
1,6635,99525000,99525000,1004,1672,99540000,43050
1,6636,99540000,99540000,1004,1672,99555000,43059
1,6637,99555000,99555000,1004,1672,99570000,43063
1,6638,99570000,99570000,1004,1672,99585000,43071
1,6639,99585000,99585000,1004,1672,99600000,43075
1,664,9960000,9960000,1004,1672,9975000,4307
1,6640,99600000,99600000,1004,1672,99615000,43083
1,6641,99615000,99615000,1004,1672,99630000,43091
1,6642,99630000,99630000,1004,1672,99645000,43096
1,6643,99645000,99645000,1004,1672,99660000,43103
1,6644,99660000,99660000,1004,1672,99675000,43107
1,6645,99675000,99675000,1004,1672,99690000,43116
1,6646,99690000,99690000,1004,1672,99705000,43123
1,6647,99705000,99705000,1004,1672,99720000,43128
1,6648,99720000,99720000,1004,1672,99735000,43136
1,6649,99735000,99735000,1004,1672,99750000,43140
1,665,9975000,9975000,1004,1672,9990000,4315
1,6650,99750000,99750000,1004,1672,99765000,43148
1,6651,99765000,99765000,1004,1672,99780000,43155
1,6652,99780000,99780000,1004,1672,99795000,43161
1,6653,99795000,99795000,1004,1672,99810000,43168
1,6654,99810000,99810000,1004,1672,99825000,43174
1,6655,99825000,99825000,1004,1672,99840000,43180
1,6656,99840000,99840000,1004,1672,99855000,43187
1,6657,99855000,99855000,1004,1672,99870000,43193
1,6658,99870000,99870000,1004,1672,99885000,43201
1,6659,99885000,99885000,1004,1672,99900000,43205
1,666,9990000,9990000,1004,1672,10005000,4323
1,6660,99900000,99900000,1004,1672,99915000,43213
1,6661,99915000,99915000,1004,1672,99930000,43221
1,6662,99930000,99930000,1004,1672,99945000,43225
1,6663,99945000,99945000,1004,1672,99960000,43232
1,6664,99960000,99960000,1004,1672,99975000,43238
1,6665,99975000,99975000,1004,1672,99990000,43245
1,6666,99990000,99990000,1004,1672,100005000,43254
1,6667,100005000,100005000,1004,1672,100020000,43257
1,6668,100020000,100020000,1004,1672,100035000,43265
1,6669,100035000,100035000,1004,1672,100050000,43271
1,667,10005000,10005000,1004,1672,10020000,4327
1,6670,100050000,100050000,1004,1672,100065000,43278
1,6671,100065000,100065000,1004,1672,100080000,43285
1,6672,100080000,100080000,1004,1672,100095000,43290
1,6673,100095000,100095000,1004,1672,100110000,43298
1,6674,100110000,100110000,1004,1672,100125000,43302
1,6675,100125000,100125000,1004,1672,100140000,43311
1,6676,100140000,100140000,1004,1672,100155000,43318
1,6677,100155000,100155000,1004,1672,100170000,43322
1,6678,100170000,100170000,1004,1672,100185000,43331
1,6679,100185000,100185000,1004,1672,100200000,43334
1,668,10020000,10020000,1004,1672,10035000,4335
1,6680,100200000,100200000,1004,1672,100215000,43342
1,6681,100215000,100215000,1004,1672,100230000,43351
1,6682,100230000,100230000,1004,1672,100245000,43356
1,6683,100245000,100245000,1004,1672,100260000,43362
1,6684,100260000,100260000,1004,1672,100275000,43367
1,6685,100275000,100275000,1004,1672,100290000,43375
1,6686,100290000,100290000,1004,1672,100305000,43383
1,6687,100305000,100305000,1004,1672,100320000,43388
1,6688,100320000,100320000,1004,1672,100335000,43395
1,6689,100335000,100335000,1004,1672,100350000,43400
1,669,10035000,10035000,1004,1672,10050000,4341
1,6690,100350000,100350000,1004,1672,100365000,43408
1,6691,100365000,100365000,1004,1672,100380000,43414
1,6692,100380000,100380000,1004,1672,100395000,43420
1,6693,100395000,100395000,1004,1672,100410000,43428
1,6694,100410000,100410000,1004,1672,100425000,43433
1,6695,100425000,100425000,1004,1672,100440000,43439
1,6696,100440000,100440000,1004,1672,100455000,43448
1,6697,100455000,100455000,1004,1672,100470000,43452
1,6698,100470000,100470000,1004,1672,100485000,43460
1,6699,100485000,100485000,1004,1672,100500000,43465
1,67,1005000,1005000,1004,1672,1020000,434
1,670,10050000,10050000,1004,1672,10065000,4348
1,6700,100500000,100500000,1004,1672,100515000,43472
1,6701,100515000,100515000,1004,1672,100530000,43480
1,6702,100530000,100530000,1004,1672,100545000,43485
1,6703,100545000,100545000,1004,1672,100560000,43493
1,6704,100560000,100560000,1004,1672,100575000,43497
1,6705,100575000,100575000,1004,1672,100590000,43505
1,6706,100590000,100590000,1004,1672,100605000,43513
1,6707,100605000,100605000,1004,1672,100620000,43516
1,6708,100620000,100620000,1004,1672,100635000,43525
1,6709,100635000,100635000,1004,1672,100650000,43530
1,671,10065000,10065000,1004,1672,10080000,4354
1,6710,100650000,100650000,1004,1672,100665000,43538
1,6711,100665000,100665000,1004,1672,100680000,43545
1,6712,100680000,100680000,1004,1672,100695000,43549
1,6713,100695000,100695000,1004,1672,100710000,43557
1,6714,100710000,100710000,1004,1672,100725000,43562
1,6715,100725000,100725000,1004,1672,100740000,43570
1,6716,100740000,100740000,1004,1672,100755000,43577
1,6717,100755000,100755000,1004,1672,100770000,43583
1,6718,100770000,100770000,1004,1672,100785000,43590
1,6719,100785000,100785000,1004,1672,100800000,43593
1,672,10080000,10080000,1004,1672,10095000,4360
1,6720,100800000,100800000,1004,1672,100815000,43603
1,6721,100815000,100815000,1004,1672,100830000,43610
1,6722,100830000,100830000,1004,1672,100845000,43615
1,6723,100845000,100845000,1004,1672,100860000,43622
1,6724,100860000,100860000,1004,1672,100875000,43627
1,6725,100875000,100875000,1004,1672,100890000,43634
1,6726,100890000,100890000,1004,1672,100905000,43643
1,6727,100905000,100905000,1004,1672,100920000,43647
1,6728,100920000,100920000,1004,1672,100935000,43654
1,6729,100935000,100935000,1004,1672,100950000,43660
1,673,10095000,10095000,1004,1672,10110000,4367
1,6730,100950000,100950000,1004,1672,100965000,43667
1,6731,100965000,100965000,1004,1672,100980000,43674
1,6732,100980000,100980000,1004,1672,100995000,43680
1,6733,100995000,100995000,1004,1672,101010000,43687
1,6734,101010000,101010000,1004,1672,101025000,43692
1,6735,101025000,101025000,1004,1672,101040000,43699
1,6736,101040000,101040000,1004,1672,101055000,43707
1,6737,101055000,101055000,1004,1672,101070000,43712
1,6738,101070000,101070000,1004,1672,101085000,43721
1,6739,101085000,101085000,1004,1672,101100000,43724
1,674,10110000,10110000,1004,1672,10125000,4373
1,6740,101100000,101100000,1004,1672,101115000,43731
1,6741,101115000,101115000,1004,1672,101130000,43740
1,6742,101130000,101130000,1004,1672,101145000,43744
1,6743,101145000,101145000,1004,1672,101160000,43752
1,6744,101160000,101160000,1004,1672,101175000,43757
1,6745,101175000,101175000,1004,1672,101190000,43765
1,6746,101190000,101190000,1004,1672,101205000,43772
1,6747,101205000,101205000,1004,1672,101220000,43776
1,6748,101220000,101220000,1004,1672,101235000,43784
1,6749,101235000,101235000,1004,1672,101250000,43789
1,675,10125000,10125000,1004,1672,10140000,4380
1,6750,101250000,101250000,1004,1672,101265000,43798
1,6751,101265000,101265000,1004,1672,101280000,43804
1,6752,101280000,101280000,1004,1672,101295000,43809
1,6753,101295000,101295000,1004,1672,101310000,43817
1,6754,101310000,101310000,1004,1672,101325000,43822
1,6755,101325000,101325000,1004,1672,101340000,43829
1,6756,101340000,101340000,1004,1672,101355000,43837
1,6757,101355000,101355000,1004,1672,101370000,43842
1,6758,101370000,101370000,1004,1672,101385000,43849
1,6759,101385000,101385000,1004,1672,101400000,43854
1,676,10140000,10140000,1004,1672,10155000,4388
1,6760,101400000,101400000,1004,1672,101415000,43862
1,6761,101415000,101415000,1004,1672,101430000,43869
1,6762,101430000,101430000,1004,1672,101445000,43875
1,6763,101445000,101445000,1004,1672,101460000,43881
1,6764,101460000,101460000,1004,1672,101475000,43886
1,6765,101475000,101475000,1004,1672,101490000,43894
1,6766,101490000,101490000,1004,1672,101505000,43903
1,6767,101505000,101505000,1004,1672,101520000,43906
1,6768,101520000,101520000,1004,1672,101535000,43914
1,6769,101535000,101535000,1004,1672,101550000,43919
1,677,10155000,10155000,1004,1672,10170000,4392
1,6770,101550000,101550000,1004,1672,101565000,43926
1,6771,101565000,101565000,1004,1672,101580000,43935
1,6772,101580000,101580000,1004,1672,101595000,43939
1,6773,101595000,101595000,1004,1672,101610000,43947
1,6774,101610000,101610000,1004,1672,101625000,43952
1,6775,101625000,101625000,1004,1672,101640000,43958
1,6776,101640000,101640000,1004,1672,101655000,43966
1,6777,101655000,101655000,1004,1672,101670000,43972
1,6778,101670000,101670000,1004,1672,101685000,43980
1,6779,101685000,101685000,1004,1672,101700000,43983
1,678,10170000,10170000,1004,1672,10185000,4400
1,6780,101700000,101700000,1004,1672,101715000,43992
1,6781,101715000,101715000,1004,1672,101730000,43999
1,6782,101730000,101730000,1004,1672,101745000,44003
1,6783,101745000,101745000,1004,1672,101760000,44012
1,6784,101760000,101760000,1004,1672,101775000,44016
1,6785,101775000,101775000,1004,1672,101790000,44024
1,6786,101790000,101790000,1004,1672,101805000,44032
1,6787,101805000,101805000,1004,1672,101820000,44036
1,6788,101820000,101820000,1004,1672,101835000,44044
1,6789,101835000,101835000,1004,1672,101850000,44049
1,679,10185000,10185000,1004,1672,10200000,4404
1,6790,101850000,101850000,1004,1672,101865000,44057
1,6791,101865000,101865000,1004,1672,101880000,44063
1,6792,101880000,101880000,1004,1672,101895000,44069
1,6793,101895000,101895000,1004,1672,101910000,44076
1,6794,101910000,101910000,1004,1672,101925000,44082
1,6795,101925000,101925000,1004,1672,101940000,44089
1,6796,101940000,101940000,1004,1672,101955000,44096
1,6797,101955000,101955000,1004,1672,101970000,44101
1,6798,101970000,101970000,1004,1672,101985000,44109
1,6799,101985000,101985000,1004,1672,102000000,44113
1,68,1020000,1020000,1004,1672,1035000,442
1,680,10200000,10200000,1004,1672,10215000,4412
1,6800,102000000,102000000,1004,1672,102015000,44121
1,6801,102015000,102015000,1004,1672,102030000,44130
1,6802,102030000,102030000,1004,1672,102045000,44134
1,6803,102045000,102045000,1004,1672,102060000,44140
1,6804,102060000,102060000,1004,1672,102075000,44146
1,6805,102075000,102075000,1004,1672,102090000,44154
1,6806,102090000,102090000,1004,1672,102105000,44162
1,6807,102105000,102105000,1004,1672,102120000,44166
1,6808,102120000,102120000,1004,1672,102135000,44174
1,6809,102135000,102135000,1004,1672,102150000,44178
1,681,10215000,10215000,1004,1672,10230000,4421
1,6810,102150000,102150000,1004,1672,102165000,44186
1,6811,102165000,102165000,1004,1672,102180000,44194
1,6812,102180000,102180000,1004,1672,102195000,44198
1,6813,102195000,102195000,1004,1672,102210000,44207
1,6814,102210000,102210000,1004,1672,102225000,44211
1,6815,102225000,102225000,1004,1672,102240000,44218
1,6816,102240000,102240000,1004,1672,102255000,44226
1,6817,102255000,102255000,1004,1672,102270000,44231
1,6818,102270000,102270000,1004,1672,102285000,44239
1,6819,102285000,102285000,1004,1672,102300000,44243
1,682,10230000,10230000,1004,1672,10245000,4425
1,6820,102300000,102300000,1004,1672,102315000,44251
1,6821,102315000,102315000,1004,1672,102330000,44258
1,6822,102330000,102330000,1004,1672,102345000,44265
1,6823,102345000,102345000,1004,1672,102360000,44271
1,6824,102360000,102360000,1004,1672,102375000,44275
1,6825,102375000,102375000,1004,1672,102390000,44284
1,6826,102390000,102390000,1004,1672,102405000,44291
1,6827,102405000,102405000,1004,1672,102420000,44295
1,6828,102420000,102420000,1004,1672,102435000,44304
1,6829,102435000,102435000,1004,1672,102450000,44309
1,683,10245000,10245000,1004,1672,10260000,4432
1,6830,102450000,102450000,1004,1672,102465000,44316
1,6831,102465000,102465000,1004,1672,102480000,44323
1,6832,102480000,102480000,1004,1672,102495000,44328
1,6833,102495000,102495000,1004,1672,102510000,44335
1,6834,102510000,102510000,1004,1672,102525000,44342
1,6835,102525000,102525000,1004,1672,102540000,44348
1,6836,102540000,102540000,1004,1672,102555000,44356
1,6837,102555000,102555000,1004,1672,102570000,44361
1,6838,102570000,102570000,1004,1672,102585000,44368
1,6839,102585000,102585000,1004,1672,102600000,44373
1,684,10260000,10260000,1004,1672,10275000,4437
1,6840,102600000,102600000,1004,1672,102615000,44381
1,6841,102615000,102615000,1004,1672,102630000,44389
1,6842,102630000,102630000,1004,1672,102645000,44393
1,6843,102645000,102645000,1004,1672,102660000,44401
1,6844,102660000,102660000,1004,1672,102675000,44405
1,6845,102675000,102675000,1004,1672,102690000,44413
1,6846,102690000,102690000,1004,1672,102705000,44422
1,6847,102705000,102705000,1004,1672,102720000,44425
1,6848,102720000,102720000,1004,1672,102735000,44433
1,6849,102735000,102735000,1004,1672,102750000,44438
1,685,10275000,10275000,1004,1672,10290000,4445
1,6850,102750000,102750000,1004,1672,102765000,44446
1,6851,102765000,102765000,1004,1672,102780000,44453
1,6852,102780000,102780000,1004,1672,102795000,44458
1,6853,102795000,102795000,1004,1672,102810000,44466
1,6854,102810000,102810000,1004,1672,102825000,44470
1,6855,102825000,102825000,1004,1672,102840000,44478
1,6856,102840000,102840000,1004,1672,102855000,44486
1,6857,102855000,102855000,1004,1672,102870000,44491
1,6858,102870000,102870000,1004,1672,102885000,44499
1,6859,102885000,102885000,1004,1672,102900000,44502
1,686,10290000,10290000,1004,1672,10305000,4453
1,6860,102900000,102900000,1004,1672,102915000,44510
1,6861,102915000,102915000,1004,1672,102930000,44518
1,6862,102930000,102930000,1004,1672,102945000,44524
1,6863,102945000,102945000,1004,1672,102960000,44530
1,6864,102960000,102960000,1004,1672,102975000,44536
1,6865,102975000,102975000,1004,1672,102990000,44543
1,6866,102990000,102990000,1004,1672,103005000,44550
1,6867,103005000,103005000,1004,1672,103020000,44555
1,6868,103020000,103020000,1004,1672,103035000,44563
1,6869,103035000,103035000,1004,1672,103050000,44568
1,687,10305000,10305000,1004,1672,10320000,4457
1,6870,103050000,103050000,1004,1672,103065000,44576
1,6871,103065000,103065000,1004,1672,103080000,44583
1,6872,103080000,103080000,1004,1672,103095000,44587
1,6873,103095000,103095000,1004,1672,103110000,44596
1,6874,103110000,103110000,1004,1672,103125000,44601
1,6875,103125000,103125000,1004,1672,103140000,44607
1,6876,103140000,103140000,1004,1672,103155000,44616
1,6877,103155000,103155000,1004,1672,103170000,44620
1,6878,103170000,103170000,1004,1672,103185000,44628
1,6879,103185000,103185000,1004,1672,103200000,44633
1,688,10320000,10320000,1004,1672,10335000,4465
1,6880,103200000,103200000,1004,1672,103215000,44640
1,6881,103215000,103215000,1004,1672,103230000,44648
1,6882,103230000,103230000,1004,1672,103245000,44653
1,6883,103245000,103245000,1004,1672,103260000,44660
1,6884,103260000,103260000,1004,1672,103275000,44664
1,6885,103275000,103275000,1004,1672,103290000,44674
1,6886,103290000,103290000,1004,1672,103305000,44681
1,6887,103305000,103305000,1004,1672,103320000,44684
1,6888,103320000,103320000,1004,1672,103335000,44693
1,6889,103335000,103335000,1004,1672,103350000,44697
1,689,10335000,10335000,1004,1672,10350000,4469
1,6890,103350000,103350000,1004,1672,103365000,44706
1,6891,103365000,103365000,1004,1672,103380000,44713
1,6892,103380000,103380000,1004,1672,103395000,44718
1,6893,103395000,103395000,1004,1672,103410000,44725
1,6894,103410000,103410000,1004,1672,103425000,44730
1,6895,103425000,103425000,1004,1672,103440000,44737
1,6896,103440000,103440000,1004,1672,103455000,44745
1,6897,103455000,103455000,1004,1672,103470000,44751
1,6898,103470000,103470000,1004,1672,103485000,44758
1,6899,103485000,103485000,1004,1672,103500000,44762
1,69,1035000,1035000,1004,1672,1050000,447
1,690,10350000,10350000,1004,1672,10365000,4478
1,6900,103500000,103500000,1004,1672,103515000,44770
1,6901,103515000,103515000,1004,1672,103530000,44777
1,6902,103530000,103530000,1004,1672,103545000,44783
1,6903,103545000,103545000,1004,1672,103560000,44790
1,6904,103560000,103560000,1004,1672,103575000,44795
1,6905,103575000,103575000,1004,1672,103590000,44802
1,6906,103590000,103590000,1004,1672,103605000,44811
1,6907,103605000,103605000,1004,1672,103620000,44815
1,6908,103620000,103620000,1004,1672,103635000,44822
1,6909,103635000,103635000,1004,1672,103650000,44828
1,691,10365000,10365000,1004,1672,10380000,4485
1,6910,103650000,103650000,1004,1672,103665000,44835
1,6911,103665000,103665000,1004,1672,103680000,44842
1,6912,103680000,103680000,1004,1672,103695000,44847
1,6913,103695000,103695000,1004,1672,103710000,44856
1,6914,103710000,103710000,1004,1672,103725000,44860
1,6915,103725000,103725000,1004,1672,103740000,44867
1,6916,103740000,103740000,1004,1672,103755000,44875
1,6917,103755000,103755000,1004,1672,103770000,44879
1,6918,103770000,103770000,1004,1672,103785000,44888
1,6919,103785000,103785000,1004,1672,103800000,44892
1,692,10380000,10380000,1004,1672,10395000,4489
1,6920,103800000,103800000,1004,1672,103815000,44900
1,6921,103815000,103815000,1004,1672,103830000,44908
1,6922,103830000,103830000,1004,1672,103845000,44912
1,6923,103845000,103845000,1004,1672,103860000,44919
1,6924,103860000,103860000,1004,1672,103875000,44925
1,6925,103875000,103875000,1004,1672,103890000,44933
1,6926,103890000,103890000,1004,1672,103905000,44940
1,6927,103905000,103905000,1004,1672,103920000,44945
1,6928,103920000,103920000,1004,1672,103935000,44952
1,6929,103935000,103935000,1004,1672,103950000,44956
1,693,10395000,10395000,1004,1672,10410000,4498
1,6930,103950000,103950000,1004,1672,103965000,44966
1,6931,103965000,103965000,1004,1672,103980000,44972
1,6932,103980000,103980000,1004,1672,103995000,44977
1,6933,103995000,103995000,1004,1672,104010000,44985
1,6934,104010000,104010000,1004,1672,104025000,44990
1,6935,104025000,104025000,1004,1672,104040000,44996
1,6936,104040000,104040000,1004,1672,104055000,45005
1,6937,104055000,104055000,1004,1672,104070000,45010
1,6938,104070000,104070000,1004,1672,104085000,45017
1,6939,104085000,104085000,1004,1672,104100000,45022
1,694,10410000,10410000,1004,1672,10425000,4502
1,6940,104100000,104100000,1004,1672,104115000,45029
1,6941,104115000,104115000,1004,1672,104130000,45038
1,6942,104130000,104130000,1004,1672,104145000,45043
1,6943,104145000,104145000,1004,1672,104160000,45049
1,6944,104160000,104160000,1004,1672,104175000,45054
1,6945,104175000,104175000,1004,1672,104190000,45062
1,6946,104190000,104190000,1004,1672,104205000,45070
1,6947,104205000,104205000,1004,1672,104220000,45074
1,6948,104220000,104220000,1004,1672,104235000,45083
1,6949,104235000,104235000,1004,1672,104250000,45087
1,695,10425000,10425000,1004,1672,10440000,4509
1,6950,104250000,104250000,1004,1672,104265000,45094
1,6951,104265000,104265000,1004,1672,104280000,45102
1,6952,104280000,104280000,1004,1672,104295000,45106
1,6953,104295000,104295000,1004,1672,104310000,45115
1,6954,104310000,104310000,1004,1672,104325000,45120
1,6955,104325000,104325000,1004,1672,104340000,45127
1,6956,104340000,104340000,1004,1672,104355000,45134
1,6957,104355000,104355000,1004,1672,104370000,45139
1,6958,104370000,104370000,1004,1672,104385000,45148
1,6959,104385000,104385000,1004,1672,104400000,45151
1,696,10440000,10440000,1004,1672,10455000,4517
1,6960,104400000,104400000,1004,1672,104415000,45160
1,6961,104415000,104415000,1004,1672,104430000,45167
1,6962,104430000,104430000,1004,1672,104445000,45172
1,6963,104445000,104445000,1004,1672,104460000,45179
1,6964,104460000,104460000,1004,1672,104475000,45184
1,6965,104475000,104475000,1004,1672,104490000,45192
1,6966,104490000,104490000,1004,1672,104505000,45200
1,6967,104505000,104505000,1004,1672,104520000,45204
1,6968,104520000,104520000,1004,1672,104535000,45211
1,6969,104535000,104535000,1004,1672,104550000,45217
1,697,10455000,10455000,1004,1672,10470000,4523
1,6970,104550000,104550000,1004,1672,104565000,45225
1,6971,104565000,104565000,1004,1672,104580000,45231
1,6972,104580000,104580000,1004,1672,104595000,45237
1,6973,104595000,104595000,1004,1672,104610000,45244
1,6974,104610000,104610000,1004,1672,104625000,45249
1,6975,104625000,104625000,1004,1672,104640000,45257
1,6976,104640000,104640000,1004,1672,104655000,45265
1,6977,104655000,104655000,1004,1672,104670000,45269
1,6978,104670000,104670000,1004,1672,104685000,45277
1,6979,104685000,104685000,1004,1672,104700000,45281
1,698,10470000,10470000,1004,1672,10485000,4530
1,6980,104700000,104700000,1004,1672,104715000,45288
1,6981,104715000,104715000,1004,1672,104730000,45298
1,6982,104730000,104730000,1004,1672,104745000,45302
1,6983,104745000,104745000,1004,1672,104760000,45309
1,6984,104760000,104760000,1004,1672,104775000,45314
1,6985,104775000,104775000,1004,1672,104790000,45321
1,6986,104790000,104790000,1004,1672,104805000,45329
1,6987,104805000,104805000,1004,1672,104820000,45334
1,6988,104820000,104820000,1004,1672,104835000,45342
1,6989,104835000,104835000,1004,1672,104850000,45346
1,699,10485000,10485000,1004,1672,10500000,4534
1,6990,104850000,104850000,1004,1672,104865000,45355
1,6991,104865000,104865000,1004,1672,104880000,45361
1,6992,104880000,104880000,1004,1672,104895000,45366
1,6993,104895000,104895000,1004,1672,104910000,45375
1,6994,104910000,104910000,1004,1672,104925000,45379
1,6995,104925000,104925000,1004,1672,104940000,45386
1,6996,104940000,104940000,1004,1672,104955000,45394
1,6997,104955000,104955000,1004,1672,104970000,45399
1,6998,104970000,104970000,1004,1672,104985000,45407
1,6999,104985000,104985000,1004,1672,105000000,45411
1,7,105000,105000,1004,1672,120000,45
1,70,1050000,1050000,1004,1672,1065000,455
1,700,10500000,10500000,1004,1672,10515000,4542
1,7000,105000000,105000000,1004,1672,105015000,45419
1,7001,105015000,105015000,1004,1672,105030000,45426
1,7002,105030000,105030000,1004,1672,105045000,45432
1,7003,105045000,105045000,1004,1672,105060000,45438
1,7004,105060000,105060000,1004,1672,105075000,45444
1,7005,105075000,105075000,1004,1672,105090000,45452
1,7006,105090000,105090000,1004,1672,105105000,45459
1,7007,105105000,105105000,1004,1672,105120000,45463
1,7008,105120000,105120000,1004,1672,105135000,45471
1,7009,105135000,105135000,1004,1672,105150000,45477
1,701,10515000,10515000,1004,1672,10530000,4549
1,7010,105150000,105150000,1004,1672,105165000,45484
1,7011,105165000,105165000,1004,1672,105180000,45492
1,7012,105180000,105180000,1004,1672,105195000,45496
1,7013,105195000,105195000,1004,1672,105210000,45503
1,7014,105210000,105210000,1004,1672,105225000,45509
1,7015,105225000,105225000,1004,1672,105240000,45516
1,7016,105240000,105240000,1004,1672,105255000,45524
1,7017,105255000,105255000,1004,1672,105270000,45529
1,7018,105270000,105270000,1004,1672,105285000,45537
1,7019,105285000,105285000,1004,1672,105300000,45540
1,702,10530000,10530000,1004,1672,10545000,4556
1,7020,105300000,105300000,1004,1672,105315000,45548
1,7021,105315000,105315000,1004,1672,105330000,45557
1,7022,105330000,105330000,1004,1672,105345000,45561
1,7023,105345000,105345000,1004,1672,105360000,45569
1,7024,105360000,105360000,1004,1672,105375000,45573
1,7025,105375000,105375000,1004,1672,105390000,45581
1,7026,105390000,105390000,1004,1672,105405000,45590
1,7027,105405000,105405000,1004,1672,105420000,45593
1,7028,105420000,105420000,1004,1672,105435000,45601
1,7029,105435000,105435000,1004,1672,105450000,45606
1,703,10545000,10545000,1004,1672,10560000,4562
1,7030,105450000,105450000,1004,1672,105465000,45614
1,7031,105465000,105465000,1004,1672,105480000,45620
1,7032,105480000,105480000,1004,1672,105495000,45627
1,7033,105495000,105495000,1004,1672,105510000,45634
1,7034,105510000,105510000,1004,1672,105525000,45638
1,7035,105525000,105525000,1004,1672,105540000,45646
1,7036,105540000,105540000,1004,1672,105555000,45653
1,7037,105555000,105555000,1004,1672,105570000,45658
1,7038,105570000,105570000,1004,1672,105585000,45667
1,7039,105585000,105585000,1004,1672,105600000,45671
1,704,10560000,10560000,1004,1672,10575000,4567
1,7040,105600000,105600000,1004,1672,105615000,45678
1,7041,105615000,105615000,1004,1672,105630000,45686
1,7042,105630000,105630000,1004,1672,105645000,45691
1,7043,105645000,105645000,1004,1672,105660000,45698
1,7044,105660000,105660000,1004,1672,105675000,45704
1,7045,105675000,105675000,1004,1672,105690000,45711
1,7046,105690000,105690000,1004,1672,105705000,45719
1,7047,105705000,105705000,1004,1672,105720000,45723
1,7048,105720000,105720000,1004,1672,105735000,45730
1,7049,105735000,105735000,1004,1672,105750000,45736
1,705,10575000,10575000,1004,1672,10590000,4575
1,7050,105750000,105750000,1004,1672,105765000,45744
1,7051,105765000,105765000,1004,1672,105780000,45751
1,7052,105780000,105780000,1004,1672,105795000,45755
1,7053,105795000,105795000,1004,1672,105810000,45764
1,7054,105810000,105810000,1004,1672,105825000,45768
1,7055,105825000,105825000,1004,1672,105840000,45775
1,7056,105840000,105840000,1004,1672,105855000,45784
1,7057,105855000,105855000,1004,1672,105870000,45788
1,7058,105870000,105870000,1004,1672,105885000,45796
1,7059,105885000,105885000,1004,1672,105900000,45800
1,706,10590000,10590000,1004,1672,10605000,4582
1,7060,105900000,105900000,1004,1672,105915000,45809
1,7061,105915000,105915000,1004,1672,105930000,45816
1,7062,105930000,105930000,1004,1672,105945000,45821
1,7063,105945000,105945000,1004,1672,105960000,45828
1,7064,105960000,105960000,1004,1672,105975000,45832
1,7065,105975000,105975000,1004,1672,105990000,45841
1,7066,105990000,105990000,1004,1672,106005000,45849
1,7067,106005000,106005000,1004,1672,106020000,45853
1,7068,106020000,106020000,1004,1672,106035000,45861
1,7069,106035000,106035000,1004,1672,106050000,45865
1,707,10605000,10605000,1004,1672,10620000,4586
1,7070,106050000,106050000,1004,1672,106065000,45873
1,7071,106065000,106065000,1004,1672,106080000,45880
1,7072,106080000,106080000,1004,1672,106095000,45886
1,7073,106095000,106095000,1004,1672,106110000,45893
1,7074,106110000,106110000,1004,1672,106125000,45899
1,7075,106125000,106125000,1004,1672,106140000,45905
1,7076,106140000,106140000,1004,1672,106155000,45912
1,7077,106155000,106155000,1004,1672,106170000,45919
1,7078,106170000,106170000,1004,1672,106185000,45926
1,7079,106185000,106185000,1004,1672,106200000,45930
1,708,10620000,10620000,1004,1672,10635000,4595
1,7080,106200000,106200000,1004,1672,106215000,45938
1,7081,106215000,106215000,1004,1672,106230000,45946
1,7082,106230000,106230000,1004,1672,106245000,45950
1,7083,106245000,106245000,1004,1672,106260000,45958
1,7084,106260000,106260000,1004,1672,106275000,45963
1,7085,106275000,106275000,1004,1672,106290000,45970
1,7086,106290000,106290000,1004,1672,106305000,45979
1,7087,106305000,106305000,1004,1672,106320000,45982
1,7088,106320000,106320000,1004,1672,106335000,45990
1,7089,106335000,106335000,1004,1672,106350000,45996
1,709,10635000,10635000,1004,1672,10650000,4600
1,7090,106350000,106350000,1004,1672,106365000,46003
1,7091,106365000,106365000,1004,1672,106380000,46010
1,7092,106380000,106380000,1004,1672,106395000,46015
1,7093,106395000,106395000,1004,1672,106410000,46023
1,7094,106410000,106410000,1004,1672,106425000,46028
1,7095,106425000,106425000,1004,1672,106440000,46036
1,7096,106440000,106440000,1004,1672,106455000,46043
1,7097,106455000,106455000,1004,1672,106470000,46047
1,7098,106470000,106470000,1004,1672,106485000,46056
1,7099,106485000,106485000,1004,1672,106500000,46059
1,71,1065000,1065000,1004,1672,1080000,461
1,710,10650000,10650000,1004,1672,10665000,4607
1,7100,106500000,106500000,1004,1672,106515000,46068
1,7101,106515000,106515000,1004,1672,106530000,46076
1,7102,106530000,106530000,1004,1672,106545000,46081
1,7103,106545000,106545000,1004,1672,106560000,46087
1,7104,106560000,106560000,1004,1672,106575000,46092
1,7105,106575000,106575000,1004,1672,106590000,46100
1,7106,106590000,106590000,1004,1672,106605000,46108
1,7107,106605000,106605000,1004,1672,106620000,46113
1,7108,106620000,106620000,1004,1672,106635000,46120
1,7109,106635000,106635000,1004,1672,106650000,46125
1,711,10665000,10665000,1004,1672,10680000,4615
1,7110,106650000,106650000,1004,1672,106665000,46133
1,7111,106665000,106665000,1004,1672,106680000,46140
1,7112,106680000,106680000,1004,1672,106695000,46145
1,7113,106695000,106695000,1004,1672,106710000,46153
1,7114,106710000,106710000,1004,1672,106725000,46158
1,7115,106725000,106725000,1004,1672,106740000,46164
1,7116,106740000,106740000,1004,1672,106755000,46173
1,7117,106755000,106755000,1004,1672,106770000,46178
1,7118,106770000,106770000,1004,1672,106785000,46185
1,7119,106785000,106785000,1004,1672,106800000,46190
1,712,10680000,10680000,1004,1672,10695000,4619
1,7120,106800000,106800000,1004,1672,106815000,46197
1,7121,106815000,106815000,1004,1672,106830000,46205
1,7122,106830000,106830000,1004,1672,106845000,46210
1,7123,106845000,106845000,1004,1672,106860000,46218
1,7124,106860000,106860000,1004,1672,106875000,46222
1,7125,106875000,106875000,1004,1672,106890000,46230
1,7126,106890000,106890000,1004,1672,106905000,46238
1,7127,106905000,106905000,1004,1672,106920000,46241
1,7128,106920000,106920000,1004,1672,106935000,46251
1,7129,106935000,106935000,1004,1672,106950000,46255
1,713,10695000,10695000,1004,1672,10710000,4626
1,7130,106950000,106950000,1004,1672,106965000,46263
1,7131,106965000,106965000,1004,1672,106980000,46270
1,7132,106980000,106980000,1004,1672,106995000,46274
1,7133,106995000,106995000,1004,1672,107010000,46282
1,7134,107010000,107010000,1004,1672,107025000,46288
1,7135,107025000,107025000,1004,1672,107040000,46295
1,7136,107040000,107040000,1004,1672,107055000,46302
1,7137,107055000,107055000,1004,1672,107070000,46308
1,7138,107070000,107070000,1004,1672,107085000,46315
1,7139,107085000,107085000,1004,1672,107100000,46318
1,714,10710000,10710000,1004,1672,10725000,4633
1,715,10725000,10725000,1004,1672,10740000,4639
1,716,10740000,10740000,1004,1672,10755000,4647
1,717,10755000,10755000,1004,1672,10770000,4652
1,718,10770000,10770000,1004,1672,10785000,4660
1,719,10785000,10785000,1004,1672,10800000,4664
1,72,1080000,1080000,1004,1672,1095000,467
1,720,10800000,10800000,1004,1672,10815000,4672
1,721,10815000,10815000,1004,1672,10830000,4680
1,722,10830000,10830000,1004,1672,10845000,4684
1,723,10845000,10845000,1004,1672,10860000,4692
1,724,10860000,10860000,1004,1672,10875000,4696
1,725,10875000,10875000,1004,1672,10890000,4705
1,726,10890000,10890000,1004,1672,10905000,4713
1,727,10905000,10905000,1004,1672,10920000,4716
1,728,10920000,10920000,1004,1672,10935000,4724
1,729,10935000,10935000,1004,1672,10950000,4729
1,73,1095000,1095000,1004,1672,1110000,475
1,730,10950000,10950000,1004,1672,10965000,4737
1,731,10965000,10965000,1004,1672,10980000,4744
1,732,10980000,10980000,1004,1672,10995000,4750
1,733,10995000,10995000,1004,1672,11010000,4757
1,734,11010000,11010000,1004,1672,11025000,4761
1,735,11025000,11025000,1004,1672,11040000,4769
1,736,11040000,11040000,1004,1672,11055000,4777
1,737,11055000,11055000,1004,1672,11070000,4782
1,738,11070000,11070000,1004,1672,11085000,4790
1,739,11085000,11085000,1004,1672,11100000,4794
1,74,1110000,1110000,1004,1672,1125000,480
1,740,11100000,11100000,1004,1672,11115000,4801
1,741,11115000,11115000,1004,1672,11130000,4809
1,742,11130000,11130000,1004,1672,11145000,4815
1,743,11145000,11145000,1004,1672,11160000,4821
1,744,11160000,11160000,1004,1672,11175000,4827
1,745,11175000,11175000,1004,1672,11190000,4834
1,746,11190000,11190000,1004,1672,11205000,4842
1,747,11205000,11205000,1004,1672,11220000,4846
1,748,11220000,11220000,1004,1672,11235000,4854
1,749,11235000,11235000,1004,1672,11250000,4859
1,75,1125000,1125000,1004,1672,1140000,487
1,750,11250000,11250000,1004,1672,11265000,4867
1,751,11265000,11265000,1004,1672,11280000,4874
1,752,11280000,11280000,1004,1672,11295000,4878
1,753,11295000,11295000,1004,1672,11310000,4888
1,754,11310000,11310000,1004,1672,11325000,4892
1,755,11325000,11325000,1004,1672,11340000,4898
1,756,11340000,11340000,1004,1672,11355000,4907
1,757,11355000,11355000,1004,1672,11370000,4911
1,758,11370000,11370000,1004,1672,11385000,4919
1,759,11385000,11385000,1004,1672,11400000,4924
1,76,1140000,1140000,1004,1672,1155000,494
1,760,11400000,11400000,1004,1672,11415000,4932
1,761,11415000,11415000,1004,1672,11430000,4939
1,762,11430000,11430000,1004,1672,11445000,4944
1,763,11445000,11445000,1004,1672,11460000,4951
1,764,11460000,11460000,1004,1672,11475000,4955
1,765,11475000,11475000,1004,1672,11490000,4965
1,766,11490000,11490000,1004,1672,11505000,4972
1,767,11505000,11505000,1004,1672,11520000,4976
1,768,11520000,11520000,1004,1672,11535000,4984
1,769,11535000,11535000,1004,1672,11550000,4988
1,77,1155000,1155000,1004,1672,1170000,499
1,770,11550000,11550000,1004,1672,11565000,4997
1,771,11565000,11565000,1004,1672,11580000,5004
1,772,11580000,11580000,1004,1672,11595000,5009
1,773,11595000,11595000,1004,1672,11610000,5016
1,774,11610000,11610000,1004,1672,11625000,5022
1,775,11625000,11625000,1004,1672,11640000,5028
1,776,11640000,11640000,1004,1672,11655000,5036
1,777,11655000,11655000,1004,1672,11670000,5042
1,778,11670000,11670000,1004,1672,11685000,5049
1,779,11685000,11685000,1004,1672,11700000,5053
1,78,1170000,1170000,1004,1672,1185000,507
1,780,11700000,11700000,1004,1672,11715000,5061
1,781,11715000,11715000,1004,1672,11730000,5069
1,782,11730000,11730000,1004,1672,11745000,5074
1,783,11745000,11745000,1004,1672,11760000,5081
1,784,11760000,11760000,1004,1672,11775000,5086
1,785,11775000,11775000,1004,1672,11790000,5093
1,786,11790000,11790000,1004,1672,11805000,5102
1,787,11805000,11805000,1004,1672,11820000,5106
1,788,11820000,11820000,1004,1672,11835000,5114
1,789,11835000,11835000,1004,1672,11850000,5119
1,79,1185000,1185000,1004,1672,1200000,512
1,790,11850000,11850000,1004,1672,11865000,5126
1,791,11865000,11865000,1004,1672,11880000,5133
1,792,11880000,11880000,1004,1672,11895000,5138
1,793,11895000,11895000,1004,1672,11910000,5147
1,794,11910000,11910000,1004,1672,11925000,5151
1,795,11925000,11925000,1004,1672,11940000,5159
1,796,11940000,11940000,1004,1672,11955000,5166
1,797,11955000,11955000,1004,1672,11970000,5170
1,798,11970000,11970000,1004,1672,11985000,5179
1,799,11985000,11985000,1004,1672,12000000,5183
1,8,120000,120000,1004,1672,135000,52
1,80,1200000,1200000,1004,1672,1215000,519
1,800,12000000,12000000,1004,1672,12015000,5191
1,801,12015000,12015000,1004,1672,12030000,5199
1,802,12030000,12030000,1004,1672,12045000,5204
1,803,12045000,12045000,1004,1672,12060000,5210
1,804,12060000,12060000,1004,1672,12075000,5216
1,805,12075000,12075000,1004,1672,12090000,5224
1,806,12090000,12090000,1004,1672,12105000,5231
1,807,12105000,12105000,1004,1672,12120000,5236
1,808,12120000,12120000,1004,1672,12135000,5243
1,809,12135000,12135000,1004,1672,12150000,5248
1,81,1215000,1215000,1004,1672,1230000,528
1,810,12150000,12150000,1004,1672,12165000,5257
1,811,12165000,12165000,1004,1672,12180000,5263
1,812,12180000,12180000,1004,1672,12195000,5268
1,813,12195000,12195000,1004,1672,12210000,5276
1,814,12210000,12210000,1004,1672,12225000,5281
1,815,12225000,12225000,1004,1672,12240000,5287
1,816,12240000,12240000,1004,1672,12255000,5297
1,817,12255000,12255000,1004,1672,12270000,5301
1,818,12270000,12270000,1004,1672,12285000,5308
1,819,12285000,12285000,1004,1672,12300000,5313
1,82,1230000,1230000,1004,1672,1245000,532
1,820,12300000,12300000,1004,1672,12315000,5320
1,821,12315000,12315000,1004,1672,12330000,5329
1,822,12330000,12330000,1004,1672,12345000,5334
1,823,12345000,12345000,1004,1672,12360000,5341
1,824,12360000,12360000,1004,1672,12375000,5345
1,825,12375000,12375000,1004,1672,12390000,5353
1,826,12390000,12390000,1004,1672,12405000,5361
1,827,12405000,12405000,1004,1672,12420000,5365
1,828,12420000,12420000,1004,1672,12435000,5374
1,829,12435000,12435000,1004,1672,12450000,5378
1,83,1245000,1245000,1004,1672,1260000,538
1,830,12450000,12450000,1004,1672,12465000,5386
1,831,12465000,12465000,1004,1672,12480000,5393
1,832,12480000,12480000,1004,1672,12495000,5397
1,833,12495000,12495000,1004,1672,12510000,5406
1,834,12510000,12510000,1004,1672,12525000,5411
1,835,12525000,12525000,1004,1672,12540000,5418
1,836,12540000,12540000,1004,1672,12555000,5425
1,837,12555000,12555000,1004,1672,12570000,5431
1,838,12570000,12570000,1004,1672,12585000,5439
1,839,12585000,12585000,1004,1672,12600000,5442
1,84,1260000,1260000,1004,1672,1275000,544
1,840,12600000,12600000,1004,1672,12615000,5451
1,841,12615000,12615000,1004,1672,12630000,5458
1,842,12630000,12630000,1004,1672,12645000,5463
1,843,12645000,12645000,1004,1672,12660000,5470
1,844,12660000,12660000,1004,1672,12675000,5476
1,845,12675000,12675000,1004,1672,12690000,5483
1,846,12690000,12690000,1004,1672,12705000,5491
1,847,12705000,12705000,1004,1672,12720000,5495
1,848,12720000,12720000,1004,1672,12735000,5502
1,849,12735000,12735000,1004,1672,12750000,5508
1,85,1275000,1275000,1004,1672,1290000,552
1,850,12750000,12750000,1004,1672,12765000,5516
1,851,12765000,12765000,1004,1672,12780000,5523
1,852,12780000,12780000,1004,1672,12795000,5528
1,853,12795000,12795000,1004,1672,12810000,5535
1,854,12810000,12810000,1004,1672,12825000,5540
1,855,12825000,12825000,1004,1672,12840000,5548
1,856,12840000,12840000,1004,1672,12855000,5556
1,857,12855000,12855000,1004,1672,12870000,5560
1,858,12870000,12870000,1004,1672,12885000,5569
1,859,12885000,12885000,1004,1672,12900000,5572
1,86,1290000,1290000,1004,1672,1305000,560
1,860,12900000,12900000,1004,1672,12915000,5579
1,861,12915000,12915000,1004,1672,12930000,5589
1,862,12930000,12930000,1004,1672,12945000,5593
1,863,12945000,12945000,1004,1672,12960000,5600
1,864,12960000,12960000,1004,1672,12975000,5605
1,865,12975000,12975000,1004,1672,12990000,5613
1,866,12990000,12990000,1004,1672,13005000,5620
1,867,13005000,13005000,1004,1672,13020000,5625
1,868,13020000,13020000,1004,1672,13035000,5633
1,869,13035000,13035000,1004,1672,13050000,5637
1,87,1305000,1305000,1004,1672,1320000,564
1,870,13050000,13050000,1004,1672,13065000,5646
1,871,13065000,13065000,1004,1672,13080000,5652
1,872,13080000,13080000,1004,1672,13095000,5658
1,873,13095000,13095000,1004,1672,13110000,5666
1,874,13110000,13110000,1004,1672,13125000,5670
1,875,13125000,13125000,1004,1672,13140000,5677
1,876,13140000,13140000,1004,1672,13155000,5685
1,877,13155000,13155000,1004,1672,13170000,5690
1,878,13170000,13170000,1004,1672,13185000,5698
1,879,13185000,13185000,1004,1672,13200000,5703
1,88,1320000,1320000,1004,1672,1335000,572
1,880,13200000,13200000,1004,1672,13215000,5710
1,881,13215000,13215000,1004,1672,13230000,5717
1,882,13230000,13230000,1004,1672,13245000,5723
1,883,13245000,13245000,1004,1672,13260000,5729
1,884,13260000,13260000,1004,1672,13275000,5735
1,885,13275000,13275000,1004,1672,13290000,5743
1,886,13290000,13290000,1004,1672,13305000,5751
1,887,13305000,13305000,1004,1672,13320000,5754
1,888,13320000,13320000,1004,1672,13335000,5762
1,889,13335000,13335000,1004,1672,13350000,5768
1,89,1335000,1335000,1004,1672,1350000,576
1,890,13350000,13350000,1004,1672,13365000,5775
1,891,13365000,13365000,1004,1672,13380000,5783
1,892,13380000,13380000,1004,1672,13395000,5787
1,893,13395000,13395000,1004,1672,13410000,5795
1,894,13410000,13410000,1004,1672,13425000,5800
1,895,13425000,13425000,1004,1672,13440000,5807
1,896,13440000,13440000,1004,1672,13455000,5815
1,897,13455000,13455000,1004,1672,13470000,5820
1,898,13470000,13470000,1004,1672,13485000,5828
1,899,13485000,13485000,1004,1672,13500000,5831
1,9,135000,135000,1004,1672,150000,58
1,90,1350000,1350000,1004,1672,1365000,585
1,900,13500000,13500000,1004,1672,13515000,5840
1,901,13515000,13515000,1004,1672,13530000,5848
1,902,13530000,13530000,1004,1672,13545000,5852
1,903,13545000,13545000,1004,1672,13560000,5860
1,904,13560000,13560000,1004,1672,13575000,5864
1,905,13575000,13575000,1004,1672,13590000,5872
1,906,13590000,13590000,1004,1672,13605000,5881
1,907,13605000,13605000,1004,1672,13620000,5885
1,908,13620000,13620000,1004,1672,13635000,5892
1,909,13635000,13635000,1004,1672,13650000,5897
1,91,1365000,1365000,1004,1672,1380000,592
1,910,13650000,13650000,1004,1672,13665000,5905
1,911,13665000,13665000,1004,1672,13680000,5911
1,912,13680000,13680000,1004,1672,13695000,5918
1,913,13695000,13695000,1004,1672,13710000,5925
1,914,13710000,13710000,1004,1672,13725000,5930
1,915,13725000,13725000,1004,1672,13740000,5937
1,916,13740000,13740000,1004,1672,13755000,5944
1,917,13755000,13755000,1004,1672,13770000,5949
1,918,13770000,13770000,1004,1672,13785000,5958
1,919,13785000,13785000,1004,1672,13800000,5962
1,92,1380000,1380000,1004,1672,1395000,596
1,920,13800000,13800000,1004,1672,13815000,5969
1,921,13815000,13815000,1004,1672,13830000,5978
1,922,13830000,13830000,1004,1672,13845000,5982
1,923,13845000,13845000,1004,1672,13860000,5989
1,924,13860000,13860000,1004,1672,13875000,5995
1,925,13875000,13875000,1004,1672,13890000,6002
1,926,13890000,13890000,1004,1672,13905000,6010
1,927,13905000,13905000,1004,1672,13920000,6014
1,928,13920000,13920000,1004,1672,13935000,6022
1,929,13935000,13935000,1004,1672,13950000,6027
1,93,1395000,1395000,1004,1672,1410000,605
1,930,13950000,13950000,1004,1672,13965000,6035
1,931,13965000,13965000,1004,1672,13980000,6042
1,932,13980000,13980000,1004,1672,13995000,6046
1,933,13995000,13995000,1004,1672,14010000,6055
1,934,14010000,14010000,1004,1672,14025000,6059
1,935,14025000,14025000,1004,1672,14040000,6067
1,936,14040000,14040000,1004,1672,14055000,6075
1,937,14055000,14055000,1004,1672,14070000,6079
1,938,14070000,14070000,1004,1672,14085000,6087
1,939,14085000,14085000,1004,1672,14100000,6091
1,94,1410000,1410000,1004,1672,1425000,609
1,940,14100000,14100000,1004,1672,14115000,6100
1,941,14115000,14115000,1004,1672,14130000,6107
1,942,14130000,14130000,1004,1672,14145000,6113
1,943,14145000,14145000,1004,1672,14160000,6119
1,944,14160000,14160000,1004,1672,14175000,6123
1,945,14175000,14175000,1004,1672,14190000,6132
1,946,14190000,14190000,1004,1672,14205000,6140
1,947,14205000,14205000,1004,1672,14220000,6144
1,948,14220000,14220000,1004,1672,14235000,6152
1,949,14235000,14235000,1004,1672,14250000,6157
1,95,1425000,1425000,1004,1672,1440000,616
1,950,14250000,14250000,1004,1672,14265000,6164
1,951,14265000,14265000,1004,1672,14280000,6171
1,952,14280000,14280000,1004,1672,14295000,6177
1,953,14295000,14295000,1004,1672,14310000,6184
1,954,14310000,14310000,1004,1672,14325000,6190
1,955,14325000,14325000,1004,1672,14340000,6196
1,956,14340000,14340000,1004,1672,14355000,6204
1,957,14355000,14355000,1004,1672,14370000,6210
1,958,14370000,14370000,1004,1672,14385000,6217
1,959,14385000,14385000,1004,1672,14400000,6221
1,96,1440000,1440000,1004,1672,1455000,625
1,960,14400000,14400000,1004,1672,14415000,6229
1,961,14415000,14415000,1004,1672,14430000,6237
1,962,14430000,14430000,1004,1672,14445000,6241
1,963,14445000,14445000,1004,1672,14460000,6250
1,964,14460000,14460000,1004,1672,14475000,6254
1,965,14475000,14475000,1004,1672,14490000,6261
1,966,14490000,14490000,1004,1672,14505000,6270
1,967,14505000,14505000,1004,1672,14520000,6273
1,968,14520000,14520000,1004,1672,14535000,6281
1,969,14535000,14535000,1004,1672,14550000,6287
1,97,1455000,1455000,1004,1672,1470000,629
1,970,14550000,14550000,1004,1672,14565000,6295
1,971,14565000,14565000,1004,1672,14580000,6301
1,972,14580000,14580000,1004,1672,14595000,6306
1,973,14595000,14595000,1004,1672,14610000,6314
1,974,14610000,14610000,1004,1672,14625000,6319
1,975,14625000,14625000,1004,1672,14640000,6327
1,976,14640000,14640000,1004,1672,14655000,6334
1,977,14655000,14655000,1004,1672,14670000,6339
1,978,14670000,14670000,1004,1672,14685000,6347
1,979,14685000,14685000,1004,1672,14700000,6350
1,98,1470000,1470000,1004,1672,1485000,637
1,980,14700000,14700000,1004,1672,14715000,6359
1,981,14715000,14715000,1004,1672,14730000,6367
1,982,14730000,14730000,1004,1672,14745000,6372
1,983,14745000,14745000,1004,1672,14760000,6378
1,984,14760000,14760000,1004,1672,14775000,6384
1,985,14775000,14775000,1004,1672,14790000,6391
1,986,14790000,14790000,1004,1672,14805000,6399
1,987,14805000,14805000,1004,1672,14820000,6404
1,988,14820000,14820000,1004,1672,14835000,6411
1,989,14835000,14835000,1004,1672,14850000,6416
1,99,1485000,1485000,1004,1672,1500000,641
1,990,14850000,14850000,1004,1672,14865000,6424
1,991,14865000,14865000,1004,1672,14880000,6432
1,992,14880000,14880000,1004,1672,14895000,6436
1,993,14895000,14895000,1004,1672,14910000,6444
1,994,14910000,14910000,1004,1672,14925000,6449
1,995,14925000,14925000,1004,1672,14940000,6455
1,996,14940000,14940000,1004,1672,14955000,6464
1,997,14955000,14955000,1004,1672,14970000,6469
1,998,14970000,14970000,1004,1672,14985000,6477
1,999,14985000,14985000,1004,1672,15000000,6481
2,0,0,0,47,77,20000,3
2,1,20000,20000,47,77,40000,12
2,10,200000,200000,47,77,220000,89
2,100,2000000,2000000,47,77,2020000,867
2,1000,20000000,20000000,47,77,20020000,8653
2,1001,20020000,20020000,47,77,20040000,8663
2,1002,20040000,20040000,47,77,20060000,8672
2,1003,20060000,20060000,47,77,20080000,8682
2,1004,20080000,20080000,47,77,20100000,8688
2,1005,20100000,20100000,47,77,20120000,8697
2,1006,20120000,20120000,47,77,20140000,8706
2,1007,20140000,20140000,47,77,20160000,8715
2,1008,20160000,20160000,47,77,20180000,8725
2,1009,20180000,20180000,47,77,20200000,8731
2,101,2020000,2020000,47,77,2040000,877
2,1010,20200000,20200000,47,77,20220000,8740
2,1011,20220000,20220000,47,77,20240000,8750
2,1012,20240000,20240000,47,77,20260000,8759
2,1013,20260000,20260000,47,77,20280000,8768
2,1014,20280000,20280000,47,77,20300000,8774
2,1015,20300000,20300000,47,77,20320000,8784
2,1016,20320000,20320000,47,77,20340000,8793
2,1017,20340000,20340000,47,77,20360000,8802
2,1018,20360000,20360000,47,77,20380000,8811
2,1019,20380000,20380000,47,77,20400000,8817
2,102,2040000,2040000,47,77,2060000,886
2,1020,20400000,20400000,47,77,20420000,8827
2,1021,20420000,20420000,47,77,20440000,8836
2,1022,20440000,20440000,47,77,20460000,8845
2,1023,20460000,20460000,47,77,20480000,8855
2,1024,20480000,20480000,47,77,20500000,8861
2,1025,20500000,20500000,47,77,20520000,8870
2,1026,20520000,20520000,47,77,20540000,8879
2,1027,20540000,20540000,47,77,20560000,8888
2,1028,20560000,20560000,47,77,20580000,8898
2,1029,20580000,20580000,47,77,20600000,8904
2,103,2060000,2060000,47,77,2080000,896
2,1030,20600000,20600000,47,77,20620000,8914
2,1031,20620000,20620000,47,77,20640000,8922
2,1032,20640000,20640000,47,77,20660000,8933
2,1033,20660000,20660000,47,77,20680000,8941
2,1034,20680000,20680000,47,77,20700000,8947
2,1035,20700000,20700000,47,77,20720000,8956
2,1036,20720000,20720000,47,77,20740000,8965
2,1037,20740000,20740000,47,77,20760000,8976
2,1038,20760000,20760000,47,77,20780000,8984
2,1039,20780000,20780000,47,77,20800000,8991
2,104,2080000,2080000,47,77,2100000,901
2,1040,20800000,20800000,47,77,20820000,8999
2,1041,20820000,20820000,47,77,20840000,9010
2,1042,20840000,20840000,47,77,20860000,9018
2,1043,20860000,20860000,47,77,20880000,9027
2,1044,20880000,20880000,47,77,20900000,9034
2,1045,20900000,20900000,47,77,20920000,9043
2,1046,20920000,20920000,47,77,20940000,9053
2,1047,20940000,20940000,47,77,20960000,9061
2,1048,20960000,20960000,47,77,20980000,9071
2,1049,20980000,20980000,47,77,21000000,9077
2,105,2100000,2100000,47,77,2120000,911
2,1050,21000000,21000000,47,77,21020000,9087
2,1051,21020000,21020000,47,77,21040000,9096
2,1052,21040000,21040000,47,77,21060000,9104
2,1053,21060000,21060000,47,77,21080000,9114
2,1054,21080000,21080000,47,77,21100000,9120
2,1055,21100000,21100000,47,77,21120000,9130
2,1056,21120000,21120000,47,77,21140000,9138
2,1057,21140000,21140000,47,77,21160000,9148
2,1058,21160000,21160000,47,77,21180000,9158
2,1059,21180000,21180000,47,77,21200000,9164
2,106,2120000,2120000,47,77,2140000,921
2,1060,21200000,21200000,47,77,21220000,9173
2,1061,21220000,21220000,47,77,21240000,9181
2,1062,21240000,21240000,47,77,21260000,9192
2,1063,21260000,21260000,47,77,21280000,9200
2,1064,21280000,21280000,47,77,21300000,9207
2,1065,21300000,21300000,47,77,21320000,9216
2,1066,21320000,21320000,47,77,21340000,9226
2,1067,21340000,21340000,47,77,21360000,9235
2,1068,21360000,21360000,47,77,21380000,9244
2,1069,21380000,21380000,47,77,21400000,9250
2,107,2140000,2140000,47,77,2160000,929
2,1070,21400000,21400000,47,77,21420000,9258
2,1071,21420000,21420000,47,77,21440000,9269
2,1072,21440000,21440000,47,77,21460000,9278
2,1073,21460000,21460000,47,77,21480000,9287
2,1074,21480000,21480000,47,77,21500000,9293
2,1075,21500000,21500000,47,77,21520000,9303
2,1076,21520000,21520000,47,77,21540000,9312
2,1077,21540000,21540000,47,77,21560000,9321
2,1078,21560000,21560000,47,77,21580000,9330
2,1079,21580000,21580000,47,77,21600000,9337
2,108,2160000,2160000,47,77,2180000,939
2,1080,21600000,21600000,47,77,21620000,9346
2,1081,21620000,21620000,47,77,21640000,9355
2,1082,21640000,21640000,47,77,21660000,9364
2,1083,21660000,21660000,47,77,21680000,9374
2,1084,21680000,21680000,47,77,21700000,9380
2,1085,21700000,21700000,47,77,21720000,9389
2,1086,21720000,21720000,47,77,21740000,9399
2,1087,21740000,21740000,47,77,21760000,9407
2,1088,21760000,21760000,47,77,21780000,9417
2,1089,21780000,21780000,47,77,21800000,9423
2,109,2180000,2180000,47,77,2200000,944
2,1090,21800000,21800000,47,77,21820000,9432
2,1091,21820000,21820000,47,77,21840000,9441
2,1092,21840000,21840000,47,77,21860000,9451
2,1093,21860000,21860000,47,77,21880000,9461
2,1094,21880000,21880000,47,77,21900000,9466
2,1095,21900000,21900000,47,77,21920000,9476
2,1096,21920000,21920000,47,77,21940000,9485
2,1097,21940000,21940000,47,77,21960000,9494
2,1098,21960000,21960000,47,77,21980000,9503
2,1099,21980000,21980000,47,77,22000000,9509
2,11,220000,220000,47,77,240000,98
2,110,2200000,2200000,47,77,2220000,955
2,1100,22000000,22000000,47,77,22020000,9520
2,1101,22020000,22020000,47,77,22040000,9528
2,1102,22040000,22040000,47,77,22060000,9538
2,1103,22060000,22060000,47,77,22080000,9546
2,1104,22080000,22080000,47,77,22100000,9553
2,1105,22100000,22100000,47,77,22120000,9562
2,1106,22120000,22120000,47,77,22140000,9571
2,1107,22140000,22140000,47,77,22160000,9581
2,1108,22160000,22160000,47,77,22180000,9589
2,1109,22180000,22180000,47,77,22200000,9597
2,111,2220000,2220000,47,77,2240000,963
2,1110,22200000,22200000,47,77,22220000,9605
2,1111,22220000,22220000,47,77,22240000,9615
2,1112,22240000,22240000,47,77,22260000,9623
2,1113,22260000,22260000,47,77,22280000,9634
2,1114,22280000,22280000,47,77,22300000,9640
2,1115,22300000,22300000,47,77,22320000,9648
2,1116,22320000,22320000,47,77,22340000,9658
2,1117,22340000,22340000,47,77,22360000,9667
2,1118,22360000,22360000,47,77,22380000,9677
2,1119,22380000,22380000,47,77,22400000,9682
2,112,2240000,2240000,47,77,2260000,973
2,1120,22400000,22400000,47,77,22420000,9692
2,1121,22420000,22420000,47,77,22440000,9701
2,1122,22440000,22440000,47,77,22460000,9711
2,1123,22460000,22460000,47,77,22480000,9720
2,1124,22480000,22480000,47,77,22500000,9725
2,1125,22500000,22500000,47,77,22520000,9735
2,1126,22520000,22520000,47,77,22540000,9744
2,1127,22540000,22540000,47,77,22560000,9754
2,1128,22560000,22560000,47,77,22580000,9763
2,1129,22580000,22580000,47,77,22600000,9769
2,113,2260000,2260000,47,77,2280000,982
2,1130,22600000,22600000,47,77,22620000,9779
2,1131,22620000,22620000,47,77,22640000,9788
2,1132,22640000,22640000,47,77,22660000,9797
2,1133,22660000,22660000,47,77,22680000,9805
2,1134,22680000,22680000,47,77,22700000,9813
2,1135,22700000,22700000,47,77,22720000,9822
2,1136,22720000,22720000,47,77,22740000,9831
2,1137,22740000,22740000,47,77,22760000,9840
2,1138,22760000,22760000,47,77,22780000,9849
2,1139,22780000,22780000,47,77,22800000,9856
2,114,2280000,2280000,47,77,2300000,989
2,1140,22800000,22800000,47,77,22820000,9865
2,1141,22820000,22820000,47,77,22840000,9874
2,1142,22840000,22840000,47,77,22860000,9883
2,1143,22860000,22860000,47,77,22880000,9893
2,1144,22880000,22880000,47,77,22900000,9899
2,1145,22900000,22900000,47,77,22920000,9908
2,1146,22920000,22920000,47,77,22940000,9917
2,1147,22940000,22940000,47,77,22960000,9927
2,1148,22960000,22960000,47,77,22980000,9936
2,1149,22980000,22980000,47,77,23000000,9943
2,115,2300000,2300000,47,77,2320000,998
2,1150,23000000,23000000,47,77,23020000,9951
2,1151,23020000,23020000,47,77,23040000,9961
2,1152,23040000,23040000,47,77,23060000,9970
2,1153,23060000,23060000,47,77,23080000,9979
2,1154,23080000,23080000,47,77,23100000,9985
2,1155,23100000,23100000,47,77,23120000,9994
2,1156,23120000,23120000,47,77,23140000,10005
2,1157,23140000,23140000,47,77,23160000,10013
2,1158,23160000,23160000,47,77,23180000,10023
2,1159,23180000,23180000,47,77,23200000,10028
2,116,2320000,2320000,47,77,2340000,1006
2,1160,23200000,23200000,47,77,23220000,10038
2,1161,23220000,23220000,47,77,23240000,10047
2,1162,23240000,23240000,47,77,23260000,10056
2,1163,23260000,23260000,47,77,23280000,10066
2,1164,23280000,23280000,47,77,23300000,10072
2,1165,23300000,23300000,47,77,23320000,10082
2,1166,23320000,23320000,47,77,23340000,10090
2,1167,23340000,23340000,47,77,23360000,10100
2,1168,23360000,23360000,47,77,23380000,10109
2,1169,23380000,23380000,47,77,23400000,10115
2,117,2340000,2340000,47,77,2360000,1016
2,1170,23400000,23400000,47,77,23420000,10125
2,1171,23420000,23420000,47,77,23440000,10133
2,1172,23440000,23440000,47,77,23460000,10143
2,1173,23460000,23460000,47,77,23480000,10152
2,1174,23480000,23480000,47,77,23500000,10159
2,1175,23500000,23500000,47,77,23520000,10167
2,1176,23520000,23520000,47,77,23540000,10177
2,1177,23540000,23540000,47,77,23560000,10187
2,1178,23560000,23560000,47,77,23580000,10195
2,1179,23580000,23580000,47,77,23600000,10202
2,118,2360000,2360000,47,77,2380000,1024
2,1180,23600000,23600000,47,77,23620000,10210
2,1181,23620000,23620000,47,77,23640000,10221
2,1182,23640000,23640000,47,77,23660000,10229
2,1183,23660000,23660000,47,77,23680000,10239
2,1184,23680000,23680000,47,77,23700000,10245
2,1185,23700000,23700000,47,77,23720000,10255
2,1186,23720000,23720000,47,77,23740000,10264
2,1187,23740000,23740000,47,77,23760000,10272
2,1188,23760000,23760000,47,77,23780000,10282
2,1189,23780000,23780000,47,77,23800000,10287
2,119,2380000,2380000,47,77,2400000,1032
2,1190,23800000,23800000,47,77,23820000,10298
2,1191,23820000,23820000,47,77,23840000,10307
2,1192,23840000,23840000,47,77,23860000,10316
2,1193,23860000,23860000,47,77,23880000,10325
2,1194,23880000,23880000,47,77,23900000,10332
2,1195,23900000,23900000,47,77,23920000,10341
2,1196,23920000,23920000,47,77,23940000,10349
2,1197,23940000,23940000,47,77,23960000,10359
2,1198,23960000,23960000,47,77,23980000,10369
2,1199,23980000,23980000,47,77,24000000,10375
2,12,240000,240000,47,77,260000,108
2,120,2400000,2400000,47,77,2420000,1041
2,1200,24000000,24000000,47,77,24020000,10384
2,1201,24020000,24020000,47,77,24040000,10393
2,1202,24040000,24040000,47,77,24060000,10403
2,1203,24060000,24060000,47,77,24080000,10412
2,1204,24080000,24080000,47,77,24100000,10418
2,1205,24100000,24100000,47,77,24120000,10427
2,1206,24120000,24120000,47,77,24140000,10436
2,1207,24140000,24140000,47,77,24160000,10446
2,1208,24160000,24160000,47,77,24180000,10455
2,1209,24180000,24180000,47,77,24200000,10461
2,121,2420000,2420000,47,77,2440000,1050
2,1210,24200000,24200000,47,77,24220000,10470
2,1211,24220000,24220000,47,77,24240000,10480
2,1212,24240000,24240000,47,77,24260000,10490
2,1213,24260000,24260000,47,77,24280000,10498
2,1214,24280000,24280000,47,77,24300000,10504
2,1215,24300000,24300000,47,77,24320000,10514
2,1216,24320000,24320000,47,77,24340000,10523
2,1217,24340000,24340000,47,77,24360000,10532
2,1218,24360000,24360000,47,77,24380000,10541
2,1219,24380000,24380000,47,77,24400000,10549
2,122,2440000,2440000,47,77,2460000,1059
2,1220,24400000,24400000,47,77,24420000,10557
2,1221,24420000,24420000,47,77,24440000,10567
2,1222,24440000,24440000,47,77,24460000,10575
2,1223,24460000,24460000,47,77,24480000,10584
2,1224,24480000,24480000,47,77,24500000,10591
2,1225,24500000,24500000,47,77,24520000,10600
2,1226,24520000,24520000,47,77,24540000,10610
2,1227,24540000,24540000,47,77,24560000,10618
2,1228,24560000,24560000,47,77,24580000,10629
2,1229,24580000,24580000,47,77,24600000,10634
2,123,2460000,2460000,47,77,2480000,1069
2,1230,24600000,24600000,47,77,24620000,10644
2,1231,24620000,24620000,47,77,24640000,10652
2,1232,24640000,24640000,47,77,24660000,10662
2,1233,24660000,24660000,47,77,24680000,10672
2,1234,24680000,24680000,47,77,24700000,10677
2,1235,24700000,24700000,47,77,24720000,10687
2,1236,24720000,24720000,47,77,24740000,10696
2,1237,24740000,24740000,47,77,24760000,10706
2,1238,24760000,24760000,47,77,24780000,10714
2,1239,24780000,24780000,47,77,24800000,10721
2,124,2480000,2480000,47,77,2500000,1075
2,1240,24800000,24800000,47,77,24820000,10730
2,1241,24820000,24820000,47,77,24840000,10739
2,1242,24840000,24840000,47,77,24860000,10749
2,1243,24860000,24860000,47,77,24880000,10757
2,1244,24880000,24880000,47,77,24900000,10764
2,1245,24900000,24900000,47,77,24920000,10773
2,1246,24920000,24920000,47,77,24940000,10783
2,1247,24940000,24940000,47,77,24960000,10792
2,1248,24960000,24960000,47,77,24980000,10801
2,1249,24980000,24980000,47,77,25000000,10808
2,125,2500000,2500000,47,77,2520000,1083
2,1250,25000000,25000000,47,77,25020000,10816
2,1251,25020000,25020000,47,77,25040000,10826
2,1252,25040000,25040000,47,77,25060000,10834
2,1253,25060000,25060000,47,77,25080000,10845
2,1254,25080000,25080000,47,77,25100000,10851
2,1255,25100000,25100000,47,77,25120000,10860
2,1256,25120000,25120000,47,77,25140000,10869
2,1257,25140000,25140000,47,77,25160000,10878
2,1258,25160000,25160000,47,77,25180000,10888
2,1259,25180000,25180000,47,77,25200000,10893
2,126,2520000,2520000,47,77,2540000,1093
2,1260,25200000,25200000,47,77,25220000,10903
2,1261,25220000,25220000,47,77,25240000,10912
2,1262,25240000,25240000,47,77,25260000,10922
2,1263,25260000,25260000,47,77,25280000,10931
2,1264,25280000,25280000,47,77,25300000,10937
2,1265,25300000,25300000,47,77,25320000,10946
2,1266,25320000,25320000,47,77,25340000,10956
2,1267,25340000,25340000,47,77,25360000,10965
2,1268,25360000,25360000,47,77,25380000,10974
2,1269,25380000,25380000,47,77,25400000,10980
2,127,2540000,2540000,47,77,2560000,1103
2,1270,25400000,25400000,47,77,25420000,10990
2,1271,25420000,25420000,47,77,25440000,10999
2,1272,25440000,25440000,47,77,25460000,11008
2,1273,25460000,25460000,47,77,25480000,11017
2,1274,25480000,25480000,47,77,25500000,11023
2,1275,25500000,25500000,47,77,25520000,11034
2,1276,25520000,25520000,47,77,25540000,11042
2,1277,25540000,25540000,47,77,25560000,11051
2,1278,25560000,25560000,47,77,25580000,11060
2,1279,25580000,25580000,47,77,25600000,11067
2,128,2560000,2560000,47,77,2580000,1112
2,1280,25600000,25600000,47,77,25620000,11076
2,1281,25620000,25620000,47,77,25640000,11085
2,1282,25640000,25640000,47,77,25660000,11095
2,1283,25660000,25660000,47,77,25680000,11104
2,1284,25680000,25680000,47,77,25700000,11111
2,1285,25700000,25700000,47,77,25720000,11119
2,1286,25720000,25720000,47,77,25740000,11128
2,1287,25740000,25740000,47,77,25760000,11138
2,1288,25760000,25760000,47,77,25780000,11147
2,1289,25780000,25780000,47,77,25800000,11154
2,129,2580000,2580000,47,77,2600000,1118
2,1290,25800000,25800000,47,77,25820000,11162
2,1291,25820000,25820000,47,77,25840000,11172
2,1292,25840000,25840000,47,77,25860000,11181
2,1293,25860000,25860000,47,77,25880000,11191
2,1294,25880000,25880000,47,77,25900000,11196
2,1295,25900000,25900000,47,77,25920000,11205
2,1296,25920000,25920000,47,77,25940000,11216
2,1297,25940000,25940000,47,77,25960000,11224
2,1298,25960000,25960000,47,77,25980000,11234
2,1299,25980000,25980000,47,77,26000000,11239
2,13,260000,260000,47,77,280000,117
2,130,2600000,2600000,47,77,2620000,1127
2,1300,26000000,26000000,47,77,26020000,11250
2,1301,26020000,26020000,47,77,26040000,11258
2,1302,26040000,26040000,47,77,26060000,11268
2,1303,26060000,26060000,47,77,26080000,11277
2,1304,26080000,26080000,47,77,26100000,11283
2,1305,26100000,26100000,47,77,26120000,11293
2,1306,26120000,26120000,47,77,26140000,11301
2,1307,26140000,26140000,47,77,26160000,11311
2,1308,26160000,26160000,47,77,26180000,11319
2,1309,26180000,26180000,47,77,26200000,11327
2,131,2620000,2620000,47,77,2640000,1137
2,1310,26200000,26200000,47,77,26220000,11336
2,1311,26220000,26220000,47,77,26240000,11345
2,1312,26240000,26240000,47,77,26260000,11354
2,1313,26260000,26260000,47,77,26280000,11363
2,1314,26280000,26280000,47,77,26300000,11370
2,1315,26300000,26300000,47,77,26320000,11378
2,1316,26320000,26320000,47,77,26340000,11388
2,1317,26340000,26340000,47,77,26360000,11398
2,1318,26360000,26360000,47,77,26380000,11407
2,1319,26380000,26380000,47,77,26400000,11413
2,132,2640000,2640000,47,77,2660000,1146
2,1320,26400000,26400000,47,77,26420000,11422
2,1321,26420000,26420000,47,77,26440000,11432
2,1322,26440000,26440000,47,77,26460000,11440
2,1323,26460000,26460000,47,77,26480000,11450
2,1324,26480000,26480000,47,77,26500000,11456
2,1325,26500000,26500000,47,77,26520000,11465
2,1326,26520000,26520000,47,77,26540000,11475
2,1327,26540000,26540000,47,77,26560000,11484
2,1328,26560000,26560000,47,77,26580000,11493
2,1329,26580000,26580000,47,77,26600000,11499
2,133,2660000,2660000,47,77,2680000,1155
2,1330,26600000,26600000,47,77,26620000,11509
2,1331,26620000,26620000,47,77,26640000,11518
2,1332,26640000,26640000,47,77,26660000,11527
2,1333,26660000,26660000,47,77,26680000,11536
2,1334,26680000,26680000,47,77,26700000,11543
2,1335,26700000,26700000,47,77,26720000,11552
2,1336,26720000,26720000,47,77,26740000,11561
2,1337,26740000,26740000,47,77,26760000,11570
2,1338,26760000,26760000,47,77,26780000,11581
2,1339,26780000,26780000,47,77,26800000,11586
2,134,2680000,2680000,47,77,2700000,1161
2,1340,26800000,26800000,47,77,26820000,11595
2,1341,26820000,26820000,47,77,26840000,11604
2,1342,26840000,26840000,47,77,26860000,11613
2,1343,26860000,26860000,47,77,26880000,11623
2,1344,26880000,26880000,47,77,26900000,11629
2,1345,26900000,26900000,47,77,26920000,11639
2,1346,26920000,26920000,47,77,26940000,11647
2,1347,26940000,26940000,47,77,26960000,11658
2,1348,26960000,26960000,47,77,26980000,11666
2,1349,26980000,26980000,47,77,27000000,11672
2,135,2700000,2700000,47,77,2720000,1170
2,1350,27000000,27000000,47,77,27020000,11681
2,1351,27020000,27020000,47,77,27040000,11691
2,1352,27040000,27040000,47,77,27060000,11701
2,1353,27060000,27060000,47,77,27080000,11709
2,1354,27080000,27080000,47,77,27100000,11716
2,1355,27100000,27100000,47,77,27120000,11725
2,1356,27120000,27120000,47,77,27140000,11735
2,1357,27140000,27140000,47,77,27160000,11743
2,1358,27160000,27160000,47,77,27180000,11752
2,1359,27180000,27180000,47,77,27200000,11759
2,136,2720000,2720000,47,77,2740000,1180
2,1360,27200000,27200000,47,77,27220000,11768
2,1361,27220000,27220000,47,77,27240000,11778
2,1362,27240000,27240000,47,77,27260000,11786
2,1363,27260000,27260000,47,77,27280000,11796
2,1364,27280000,27280000,47,77,27300000,11802
2,1365,27300000,27300000,47,77,27320000,11812
2,1366,27320000,27320000,47,77,27340000,11821
2,1367,27340000,27340000,47,77,27360000,11829
2,1368,27360000,27360000,47,77,27380000,11840
2,1369,27380000,27380000,47,77,27400000,11845
2,137,2740000,2740000,47,77,2760000,1189
2,1370,27400000,27400000,47,77,27420000,11855
2,1371,27420000,27420000,47,77,27440000,11863
2,1372,27440000,27440000,47,77,27460000,11874
2,1373,27460000,27460000,47,77,27480000,11883
2,1374,27480000,27480000,47,77,27500000,11889
2,1375,27500000,27500000,47,77,27520000,11898
2,1376,27520000,27520000,47,77,27540000,11906
2,1377,27540000,27540000,47,77,27560000,11917
2,1378,27560000,27560000,47,77,27580000,11925
2,1379,27580000,27580000,47,77,27600000,11932
2,138,2760000,2760000,47,77,2780000,1198
2,1380,27600000,27600000,47,77,27620000,11941
2,1381,27620000,27620000,47,77,27640000,11951
2,1382,27640000,27640000,47,77,27660000,11960
2,1383,27660000,27660000,47,77,27680000,11969
2,1384,27680000,27680000,47,77,27700000,11975
2,1385,27700000,27700000,47,77,27720000,11984
2,1386,27720000,27720000,47,77,27740000,11994
2,1387,27740000,27740000,47,77,27760000,12003
2,1388,27760000,27760000,47,77,27780000,12012
2,1389,27780000,27780000,47,77,27800000,12019
2,139,2780000,2780000,47,77,2800000,1204
2,1390,27800000,27800000,47,77,27820000,12028
2,1391,27820000,27820000,47,77,27840000,12037
2,1392,27840000,27840000,47,77,27860000,12046
2,1393,27860000,27860000,47,77,27880000,12055
2,1394,27880000,27880000,47,77,27900000,12062
2,1395,27900000,27900000,47,77,27920000,12071
2,1396,27920000,27920000,47,77,27940000,12080
2,1397,27940000,27940000,47,77,27960000,12089
2,1398,27960000,27960000,47,77,27980000,12099
2,1399,27980000,27980000,47,77,28000000,12105
2,14,280000,280000,47,77,300000,123
2,140,2800000,2800000,47,77,2820000,1214
2,1400,28000000,28000000,47,77,28020000,12114
2,1401,28020000,28020000,47,77,28040000,12124
2,1402,28040000,28040000,47,77,28060000,12133
2,1403,28060000,28060000,47,77,28080000,12142
2,1404,28080000,28080000,47,77,28100000,12148
2,1405,28100000,28100000,47,77,28120000,12157
2,1406,28120000,28120000,47,77,28140000,12167
2,1407,28140000,28140000,47,77,28160000,12176
2,1408,28160000,28160000,47,77,28180000,12186
2,1409,28180000,28180000,47,77,28200000,12191
2,141,2820000,2820000,47,77,2840000,1224
2,1410,28200000,28200000,47,77,28220000,12201
2,1411,28220000,28220000,47,77,28240000,12210
2,1412,28240000,28240000,47,77,28260000,12219
2,1413,28260000,28260000,47,77,28280000,12228
2,1414,28280000,28280000,47,77,28300000,12234
2,1415,28300000,28300000,47,77,28320000,12245
2,1416,28320000,28320000,47,77,28340000,12253
2,1417,28340000,28340000,47,77,28360000,12263
2,1418,28360000,28360000,47,77,28380000,12271
2,1419,28380000,28380000,47,77,28400000,12279
2,142,2840000,2840000,47,77,2860000,1232
2,1420,28400000,28400000,47,77,28420000,12287
2,1421,28420000,28420000,47,77,28440000,12296
2,1422,28440000,28440000,47,77,28460000,12306
2,1423,28460000,28460000,47,77,28480000,12315
2,1424,28480000,28480000,47,77,28500000,12322
2,1425,28500000,28500000,47,77,28520000,12330
2,1426,28520000,28520000,47,77,28540000,12340
2,1427,28540000,28540000,47,77,28560000,12348
2,1428,28560000,28560000,47,77,28580000,12359
2,1429,28580000,28580000,47,77,28600000,12365
2,143,2860000,2860000,47,77,2880000,1241
2,1430,28600000,28600000,47,77,28620000,12373
2,1431,28620000,28620000,47,77,28640000,12383
2,1432,28640000,28640000,47,77,28660000,12392
2,1433,28660000,28660000,47,77,28680000,12402
2,1434,28680000,28680000,47,77,28700000,12407
2,1435,28700000,28700000,47,77,28720000,12417
2,1436,28720000,28720000,47,77,28740000,12427
2,1437,28740000,28740000,47,77,28760000,12436
2,1438,28760000,28760000,47,77,28780000,12445
2,1439,28780000,28780000,47,77,28800000,12450
2,144,2880000,2880000,47,77,2900000,1248
2,1440,28800000,28800000,47,77,28820000,12461
2,1441,28820000,28820000,47,77,28840000,12469
2,1442,28840000,28840000,47,77,28860000,12479
2,1443,28860000,28860000,47,77,28880000,12488
2,1444,28880000,28880000,47,77,28900000,12494
2,1445,28900000,28900000,47,77,28920000,12504
2,1446,28920000,28920000,47,77,28940000,12513
2,1447,28940000,28940000,47,77,28960000,12522
2,1448,28960000,28960000,47,77,28980000,12530
2,1449,28980000,28980000,47,77,29000000,12538
2,145,2900000,2900000,47,77,2920000,1257
2,1450,29000000,29000000,47,77,29020000,12547
2,1451,29020000,29020000,47,77,29040000,12556
2,1452,29040000,29040000,47,77,29060000,12565
2,1453,29060000,29060000,47,77,29080000,12575
2,1454,29080000,29080000,47,77,29100000,12581
2,1455,29100000,29100000,47,77,29120000,12590
2,1456,29120000,29120000,47,77,29140000,12599
2,1457,29140000,29140000,47,77,29160000,12609
2,1458,29160000,29160000,47,77,29180000,12618
2,1459,29180000,29180000,47,77,29200000,12624
2,146,2920000,2920000,47,77,2940000,1266
2,1460,29200000,29200000,47,77,29220000,12633
2,1461,29220000,29220000,47,77,29240000,12642
2,1462,29240000,29240000,47,77,29260000,12652
2,1463,29260000,29260000,47,77,29280000,12661
2,1464,29280000,29280000,47,77,29300000,12668
2,1465,29300000,29300000,47,77,29320000,12676
2,1466,29320000,29320000,47,77,29340000,12686
2,1467,29340000,29340000,47,77,29360000,12695
2,1468,29360000,29360000,47,77,29380000,12704
2,1469,29380000,29380000,47,77,29400000,12710
2,147,2940000,2940000,47,77,2960000,1275
2,1470,29400000,29400000,47,77,29420000,12720
2,1471,29420000,29420000,47,77,29440000,12730
2,1472,29440000,29440000,47,77,29460000,12738
2,1473,29460000,29460000,47,77,29480000,12748
2,1474,29480000,29480000,47,77,29500000,12754
2,1475,29500000,29500000,47,77,29520000,12763
2,1476,29520000,29520000,47,77,29540000,12772
2,1477,29540000,29540000,47,77,29560000,12781
2,1478,29560000,29560000,47,77,29580000,12791
2,1479,29580000,29580000,47,77,29600000,12797
2,148,2960000,2960000,47,77,2980000,1286
2,1480,29600000,29600000,47,77,29620000,12807
2,1481,29620000,29620000,47,77,29640000,12815
2,1482,29640000,29640000,47,77,29660000,12825
2,1483,29660000,29660000,47,77,29680000,12834
2,1484,29680000,29680000,47,77,29700000,12840
2,1485,29700000,29700000,47,77,29720000,12850
2,1486,29720000,29720000,47,77,29740000,12858
2,1487,29740000,29740000,47,77,29760000,12869
2,1488,29760000,29760000,47,77,29780000,12877
2,1489,29780000,29780000,47,77,29800000,12884
2,149,2980000,2980000,47,77,3000000,1291
2,1490,29800000,29800000,47,77,29820000,12892
2,1491,29820000,29820000,47,77,29840000,12903
2,1492,29840000,29840000,47,77,29860000,12912
2,1493,29860000,29860000,47,77,29880000,12920
2,1494,29880000,29880000,47,77,29900000,12927
2,1495,29900000,29900000,47,77,29920000,12935
2,1496,29920000,29920000,47,77,29940000,12946
2,1497,29940000,29940000,47,77,29960000,12954
2,1498,29960000,29960000,47,77,29980000,12964
2,1499,29980000,29980000,47,77,30000000,12970
2,15,300000,300000,47,77,320000,133
2,150,3000000,3000000,47,77,3020000,1301
2,1500,30000000,30000000,47,77,30020000,12980
2,1501,30020000,30020000,47,77,30040000,12989
2,1502,30040000,30040000,47,77,30060000,12997
2,1503,30060000,30060000,47,77,30080000,13007
2,1504,30080000,30080000,47,77,30100000,13013
2,1505,30100000,30100000,47,77,30120000,13023
2,1506,30120000,30120000,47,77,30140000,13032
2,1507,30140000,30140000,47,77,30160000,13041
2,1508,30160000,30160000,47,77,30180000,13051
2,1509,30180000,30180000,47,77,30200000,13057
2,151,3020000,3020000,47,77,3040000,1309
2,1510,30200000,30200000,47,77,30220000,13066
2,1511,30220000,30220000,47,77,30240000,13074
2,1512,30240000,30240000,47,77,30260000,13084
2,1513,30260000,30260000,47,77,30280000,13094
2,1514,30280000,30280000,47,77,30300000,13100
2,1515,30300000,30300000,47,77,30320000,13109
2,1516,30320000,30320000,47,77,30340000,13118
2,1517,30340000,30340000,47,77,30360000,13128
2,1518,30360000,30360000,47,77,30380000,13137
2,1519,30380000,30380000,47,77,30400000,13143
2,152,3040000,3040000,47,77,3060000,1318
2,1520,30400000,30400000,47,77,30420000,13152
2,1521,30420000,30420000,47,77,30440000,13162
2,1522,30440000,30440000,47,77,30460000,13171
2,1523,30460000,30460000,47,77,30480000,13180
2,1524,30480000,30480000,47,77,30500000,13186
2,1525,30500000,30500000,47,77,30520000,13196
2,1526,30520000,30520000,47,77,30540000,13205
2,1527,30540000,30540000,47,77,30560000,13215
2,1528,30560000,30560000,47,77,30580000,13223
2,1529,30580000,30580000,47,77,30600000,13229
2,153,3060000,3060000,47,77,3080000,1328
2,1530,30600000,30600000,47,77,30620000,13239
2,1531,30620000,30620000,47,77,30640000,13248
2,1532,30640000,30640000,47,77,30660000,13257
2,1533,30660000,30660000,47,77,30680000,13266
2,1534,30680000,30680000,47,77,30700000,13274
2,1535,30700000,30700000,47,77,30720000,13282
2,1536,30720000,30720000,47,77,30740000,13292
2,1537,30740000,30740000,47,77,30760000,13300
2,1538,30760000,30760000,47,77,30780000,13310
2,1539,30780000,30780000,47,77,30800000,13316
2,154,3080000,3080000,47,77,3100000,1334
2,1540,30800000,30800000,47,77,30820000,13325
2,1541,30820000,30820000,47,77,30840000,13335
2,1542,30840000,30840000,47,77,30860000,13344
2,1543,30860000,30860000,47,77,30880000,13354
2,1544,30880000,30880000,47,77,30900000,13359
2,1545,30900000,30900000,47,77,30920000,13369
2,1546,30920000,30920000,47,77,30940000,13377
2,1547,30940000,30940000,47,77,30960000,13387
2,1548,30960000,30960000,47,77,30980000,13397
2,1549,30980000,30980000,47,77,31000000,13402
2,155,3100000,3100000,47,77,3120000,1344
2,1550,31000000,31000000,47,77,31020000,13412
2,1551,31020000,31020000,47,77,31040000,13421
2,1552,31040000,31040000,47,77,31060000,13431
2,1553,31060000,31060000,47,77,31080000,13439
2,1554,31080000,31080000,47,77,31100000,13446
2,1555,31100000,31100000,47,77,31120000,13456
2,1556,31120000,31120000,47,77,31140000,13464
2,1557,31140000,31140000,47,77,31160000,13474
2,1558,31160000,31160000,47,77,31180000,13482
2,1559,31180000,31180000,47,77,31200000,13490
2,156,3120000,3120000,47,77,3140000,1352
2,1560,31200000,31200000,47,77,31220000,13498
2,1561,31220000,31220000,47,77,31240000,13508
2,1562,31240000,31240000,47,77,31260000,13517
2,1563,31260000,31260000,47,77,31280000,13526
2,1564,31280000,31280000,47,77,31300000,13533
2,1565,31300000,31300000,47,77,31320000,13541
2,1566,31320000,31320000,47,77,31340000,13551
2,1567,31340000,31340000,47,77,31360000,13559
2,1568,31360000,31360000,47,77,31380000,13570
2,1569,31380000,31380000,47,77,31400000,13576
2,157,3140000,3140000,47,77,3160000,1363
2,1570,31400000,31400000,47,77,31420000,13585
2,1571,31420000,31420000,47,77,31440000,13594
2,1572,31440000,31440000,47,77,31460000,13604
2,1573,31460000,31460000,47,77,31480000,13613
2,1574,31480000,31480000,47,77,31500000,13618
2,1575,31500000,31500000,47,77,31520000,13628
2,1576,31520000,31520000,47,77,31540000,13638
2,1577,31540000,31540000,47,77,31560000,13647
2,1578,31560000,31560000,47,77,31580000,13656
2,1579,31580000,31580000,47,77,31600000,13662
2,158,3160000,3160000,47,77,3180000,1371
2,1580,31600000,31600000,47,77,31620000,13671
2,1581,31620000,31620000,47,77,31640000,13681
2,1582,31640000,31640000,47,77,31660000,13690
2,1583,31660000,31660000,47,77,31680000,13699
2,1584,31680000,31680000,47,77,31700000,13705
2,1585,31700000,31700000,47,77,31720000,13715
2,1586,31720000,31720000,47,77,31740000,13724
2,1587,31740000,31740000,47,77,31760000,13733
2,1588,31760000,31760000,47,77,31780000,13742
2,1589,31780000,31780000,47,77,31800000,13749
2,159,3180000,3180000,47,77,3200000,1378
2,1590,31800000,31800000,47,77,31820000,13759
2,1591,31820000,31820000,47,77,31840000,13767
2,1592,31840000,31840000,47,77,31860000,13776
2,1593,31860000,31860000,47,77,31880000,13786
2,1594,31880000,31880000,47,77,31900000,13792
2,1595,31900000,31900000,47,77,31920000,13801
2,1596,31920000,31920000,47,77,31940000,13810
2,1597,31940000,31940000,47,77,31960000,13820
2,1598,31960000,31960000,47,77,31980000,13829
2,1599,31980000,31980000,47,77,32000000,13836
2,16,320000,320000,47,77,340000,141
2,160,3200000,3200000,47,77,3220000,1386
2,1600,32000000,32000000,47,77,32020000,13844
2,1601,32020000,32020000,47,77,32040000,13853
2,1602,32040000,32040000,47,77,32060000,13863
2,1603,32060000,32060000,47,77,32080000,13872
2,1604,32080000,32080000,47,77,32100000,13879
2,1605,32100000,32100000,47,77,32120000,13887
2,1606,32120000,32120000,47,77,32140000,13898
2,1607,32140000,32140000,47,77,32160000,13906
2,1608,32160000,32160000,47,77,32180000,13916
2,1609,32180000,32180000,47,77,32200000,13921
2,161,3220000,3220000,47,77,3240000,1396
2,1610,32200000,32200000,47,77,32220000,13931
2,1611,32220000,32220000,47,77,32240000,13941
2,1612,32240000,32240000,47,77,32260000,13949
2,1613,32260000,32260000,47,77,32280000,13959
2,1614,32280000,32280000,47,77,32300000,13964
2,1615,32300000,32300000,47,77,32320000,13975
2,1616,32320000,32320000,47,77,32340000,13983
2,1617,32340000,32340000,47,77,32360000,13993
2,1618,32360000,32360000,47,77,32380000,14002
2,1619,32380000,32380000,47,77,32400000,14008
2,162,3240000,3240000,47,77,3260000,1406
2,1620,32400000,32400000,47,77,32420000,14018
2,1621,32420000,32420000,47,77,32440000,14026
2,1622,32440000,32440000,47,77,32460000,14036
2,1623,32460000,32460000,47,77,32480000,14045
2,1624,32480000,32480000,47,77,32500000,14052
2,1625,32500000,32500000,47,77,32520000,14061
2,1626,32520000,32520000,47,77,32540000,14070
2,1627,32540000,32540000,47,77,32560000,14080
2,1628,32560000,32560000,47,77,32580000,14088
2,1629,32580000,32580000,47,77,32600000,14095
2,163,3260000,3260000,47,77,3280000,1414
2,1630,32600000,32600000,47,77,32620000,14103
2,1631,32620000,32620000,47,77,32640000,14113
2,1632,32640000,32640000,47,77,32660000,14123
2,1633,32660000,32660000,47,77,32680000,14132
2,1634,32680000,32680000,47,77,32700000,14138
2,1635,32700000,32700000,47,77,32720000,14147
2,1636,32720000,32720000,47,77,32740000,14157
2,1637,32740000,32740000,47,77,32760000,14165
2,1638,32760000,32760000,47,77,32780000,14175
2,1639,32780000,32780000,47,77,32800000,14181
2,164,3280000,3280000,47,77,3300000,1421
2,1640,32800000,32800000,47,77,32820000,14191
2,1641,32820000,32820000,47,77,32840000,14200
2,1642,32840000,32840000,47,77,32860000,14209
2,1643,32860000,32860000,47,77,32880000,14218
2,1644,32880000,32880000,47,77,32900000,14225
2,1645,32900000,32900000,47,77,32920000,14234
2,1646,32920000,32920000,47,77,32940000,14243
2,1647,32940000,32940000,47,77,32960000,14252
2,1648,32960000,32960000,47,77,32980000,14261
2,1649,32980000,32980000,47,77,33000000,14268
2,165,3300000,3300000,47,77,3320000,1430
2,1650,33000000,33000000,47,77,33020000,14277
2,1651,33020000,33020000,47,77,33040000,14286
2,1652,33040000,33040000,47,77,33060000,14295
2,1653,33060000,33060000,47,77,33080000,14306
2,1654,33080000,33080000,47,77,33100000,14311
2,1655,33100000,33100000,47,77,33120000,14320
2,1656,33120000,33120000,47,77,33140000,14329
2,1657,33140000,33140000,47,77,33160000,14339
2,1658,33160000,33160000,47,77,33180000,14348
2,1659,33180000,33180000,47,77,33200000,14354
2,166,3320000,3320000,47,77,3340000,1440
2,1660,33200000,33200000,47,77,33220000,14364
2,1661,33220000,33220000,47,77,33240000,14373
2,1662,33240000,33240000,47,77,33260000,14383
2,1663,33260000,33260000,47,77,33280000,14391
2,1664,33280000,33280000,47,77,33300000,14397
2,1665,33300000,33300000,47,77,33320000,14406
2,1666,33320000,33320000,47,77,33340000,14416
2,1667,33340000,33340000,47,77,33360000,14426
2,1668,33360000,33360000,47,77,33380000,14434
2,1669,33380000,33380000,47,77,33400000,14441
2,167,3340000,3340000,47,77,3360000,1448
2,1670,33400000,33400000,47,77,33420000,14450
2,1671,33420000,33420000,47,77,33440000,14460
2,1672,33440000,33440000,47,77,33460000,14468
2,1673,33460000,33460000,47,77,33480000,14477
2,1674,33480000,33480000,47,77,33500000,14485
2,1675,33500000,33500000,47,77,33520000,14493
2,1676,33520000,33520000,47,77,33540000,14503
2,1677,33540000,33540000,47,77,33560000,14511
2,1678,33560000,33560000,47,77,33580000,14522
2,1679,33580000,33580000,47,77,33600000,14527
2,168,3360000,3360000,47,77,3380000,1458
2,1680,33600000,33600000,47,77,33620000,14537
2,1681,33620000,33620000,47,77,33640000,14546
2,1682,33640000,33640000,47,77,33660000,14554
2,1683,33660000,33660000,47,77,33680000,14565
2,1684,33680000,33680000,47,77,33700000,14570
2,1685,33700000,33700000,47,77,33720000,14580
2,1686,33720000,33720000,47,77,33740000,14588
2,1687,33740000,33740000,47,77,33760000,14599
2,1688,33760000,33760000,47,77,33780000,14608
2,1689,33780000,33780000,47,77,33800000,14614
2,169,3380000,3380000,47,77,3400000,1464
2,1690,33800000,33800000,47,77,33820000,14623
2,1691,33820000,33820000,47,77,33840000,14632
2,1692,33840000,33840000,47,77,33860000,14642
2,1693,33860000,33860000,47,77,33880000,14650
2,1694,33880000,33880000,47,77,33900000,14657
2,1695,33900000,33900000,47,77,33920000,14667
2,1696,33920000,33920000,47,77,33940000,14676
2,1697,33940000,33940000,47,77,33960000,14685
2,1698,33960000,33960000,47,77,33980000,14694
2,1699,33980000,33980000,47,77,34000000,14700
2,17,340000,340000,47,77,360000,151
2,170,3400000,3400000,47,77,3420000,1473
2,1700,34000000,34000000,47,77,34020000,14709
2,1701,34020000,34020000,47,77,34040000,14719
2,1702,34040000,34040000,47,77,34060000,14728
2,1703,34060000,34060000,47,77,34080000,14737
2,1704,34080000,34080000,47,77,34100000,14744
2,1705,34100000,34100000,47,77,34120000,14753
2,1706,34120000,34120000,47,77,34140000,14762
2,1707,34140000,34140000,47,77,34160000,14771
2,1708,34160000,34160000,47,77,34180000,14781
2,1709,34180000,34180000,47,77,34200000,14787
2,171,3420000,3420000,47,77,3440000,1483
2,1710,34200000,34200000,47,77,34220000,14796
2,1711,34220000,34220000,47,77,34240000,14805
2,1712,34240000,34240000,47,77,34260000,14815
2,1713,34260000,34260000,47,77,34280000,14824
2,1714,34280000,34280000,47,77,34300000,14830
2,1715,34300000,34300000,47,77,34320000,14839
2,1716,34320000,34320000,47,77,34340000,14849
2,1717,34340000,34340000,47,77,34360000,14858
2,1718,34360000,34360000,47,77,34380000,14867
2,1719,34380000,34380000,47,77,34400000,14873
2,172,3440000,3440000,47,77,3460000,1491
2,1720,34400000,34400000,47,77,34420000,14882
2,1721,34420000,34420000,47,77,34440000,14892
2,1722,34440000,34440000,47,77,34460000,14901
2,1723,34460000,34460000,47,77,34480000,14911
2,1724,34480000,34480000,47,77,34500000,14916
2,1725,34500000,34500000,47,77,34520000,14927
2,1726,34520000,34520000,47,77,34540000,14935
2,1727,34540000,34540000,47,77,34560000,14944
2,1728,34560000,34560000,47,77,34580000,14953
2,1729,34580000,34580000,47,77,34600000,14960
2,173,3460000,3460000,47,77,3480000,1501
2,1730,34600000,34600000,47,77,34620000,14970
2,1731,34620000,34620000,47,77,34640000,14978
2,1732,34640000,34640000,47,77,34660000,14988
2,1733,34660000,34660000,47,77,34680000,14996
2,1734,34680000,34680000,47,77,34700000,15004
2,1735,34700000,34700000,47,77,34720000,15012
2,1736,34720000,34720000,47,77,34740000,15021
2,1737,34740000,34740000,47,77,34760000,15031
2,1738,34760000,34760000,47,77,34780000,15040
2,1739,34780000,34780000,47,77,34800000,15047
2,174,3480000,3480000,47,77,3500000,1507
2,1740,34800000,34800000,47,77,34820000,15055
2,1741,34820000,34820000,47,77,34840000,15065
2,1742,34840000,34840000,47,77,34860000,15074
2,1743,34860000,34860000,47,77,34880000,15084
2,1744,34880000,34880000,47,77,34900000,15090
2,1745,34900000,34900000,47,77,34920000,15098
2,1746,34920000,34920000,47,77,34940000,15109
2,1747,34940000,34940000,47,77,34960000,15117
2,1748,34960000,34960000,47,77,34980000,15127
2,1749,34980000,34980000,47,77,35000000,15132
2,175,3500000,3500000,47,77,3520000,1517
2,1750,35000000,35000000,47,77,35020000,15142
2,1751,35020000,35020000,47,77,35040000,15152
2,1752,35040000,35040000,47,77,35060000,15161
2,1753,35060000,35060000,47,77,35080000,15170
2,1754,35080000,35080000,47,77,35100000,15175
2,1755,35100000,35100000,47,77,35120000,15186
2,1756,35120000,35120000,47,77,35140000,15194
2,1757,35140000,35140000,47,77,35160000,15204
2,1758,35160000,35160000,47,77,35180000,15213
2,1759,35180000,35180000,47,77,35200000,15220
2,176,3520000,3520000,47,77,3540000,1526
2,1760,35200000,35200000,47,77,35220000,15229
2,1761,35220000,35220000,47,77,35240000,15238
2,1762,35240000,35240000,47,77,35260000,15247
2,1763,35260000,35260000,47,77,35280000,15256
2,1764,35280000,35280000,47,77,35300000,15263
2,1765,35300000,35300000,47,77,35320000,15272
2,1766,35320000,35320000,47,77,35340000,15281
2,1767,35340000,35340000,47,77,35360000,15290
2,1768,35360000,35360000,47,77,35380000,15300
2,1769,35380000,35380000,47,77,35400000,15306
2,177,3540000,3540000,47,77,3560000,1535
2,1770,35400000,35400000,47,77,35420000,15315
2,1771,35420000,35420000,47,77,35440000,15324
2,1772,35440000,35440000,47,77,35460000,15334
2,1773,35460000,35460000,47,77,35480000,15343
2,1774,35480000,35480000,47,77,35500000,15349
2,1775,35500000,35500000,47,77,35520000,15358
2,1776,35520000,35520000,47,77,35540000,15368
2,1777,35540000,35540000,47,77,35560000,15377
2,1778,35560000,35560000,47,77,35580000,15386
2,1779,35580000,35580000,47,77,35600000,15393
2,178,3560000,3560000,47,77,3580000,1545
2,1780,35600000,35600000,47,77,35620000,15402
2,1781,35620000,35620000,47,77,35640000,15411
2,1782,35640000,35640000,47,77,35660000,15420
2,1783,35660000,35660000,47,77,35680000,15429
2,1784,35680000,35680000,47,77,35700000,15435
2,1785,35700000,35700000,47,77,35720000,15445
2,1786,35720000,35720000,47,77,35740000,15455
2,1787,35740000,35740000,47,77,35760000,15463
2,1788,35760000,35760000,47,77,35780000,15473
2,1789,35780000,35780000,47,77,35800000,15479
2,179,3580000,3580000,47,77,3600000,1550
2,1790,35800000,35800000,47,77,35820000,15488
2,1791,35820000,35820000,47,77,35840000,15497
2,1792,35840000,35840000,47,77,35860000,15506
2,1793,35860000,35860000,47,77,35880000,15517
2,1794,35880000,35880000,47,77,35900000,15522
2,1795,35900000,35900000,47,77,35920000,15532
2,1796,35920000,35920000,47,77,35940000,15540
2,1797,35940000,35940000,47,77,35960000,15551
2,1798,35960000,35960000,47,77,35980000,15559
2,1799,35980000,35980000,47,77,36000000,15565
2,18,360000,360000,47,77,380000,160
2,180,3600000,3600000,47,77,3620000,1560
2,1800,36000000,36000000,47,77,36020000,15575
2,1801,36020000,36020000,47,77,36040000,15583
2,1802,36040000,36040000,47,77,36060000,15594
2,1803,36060000,36060000,47,77,36080000,15602
2,1804,36080000,36080000,47,77,36100000,15609
2,1805,36100000,36100000,47,77,36120000,15617
2,1806,36120000,36120000,47,77,36140000,15628
2,1807,36140000,36140000,47,77,36160000,15637
2,1808,36160000,36160000,47,77,36180000,15645
2,1809,36180000,36180000,47,77,36200000,15652
2,181,3620000,3620000,47,77,3640000,1568
2,1810,36200000,36200000,47,77,36220000,15661
2,1811,36220000,36220000,47,77,36240000,15671
2,1812,36240000,36240000,47,77,36260000,15679
2,1813,36260000,36260000,47,77,36280000,15689
2,1814,36280000,36280000,47,77,36300000,15696
2,1815,36300000,36300000,47,77,36320000,15705
2,1816,36320000,36320000,47,77,36340000,15714
2,1817,36340000,36340000,47,77,36360000,15722
2,1818,36360000,36360000,47,77,36380000,15732
2,1819,36380000,36380000,47,77,36400000,15738
2,182,3640000,3640000,47,77,3660000,1579
2,1820,36400000,36400000,47,77,36420000,15748
2,1821,36420000,36420000,47,77,36440000,15757
2,1822,36440000,36440000,47,77,36460000,15766
2,1823,36460000,36460000,47,77,36480000,15776
2,1824,36480000,36480000,47,77,36500000,15782
2,1825,36500000,36500000,47,77,36520000,15791
2,1826,36520000,36520000,47,77,36540000,15799
2,1827,36540000,36540000,47,77,36560000,15810
2,1828,36560000,36560000,47,77,36580000,15819
2,1829,36580000,36580000,47,77,36600000,15825
2,183,3660000,3660000,47,77,3680000,1588
2,1830,36600000,36600000,47,77,36620000,15834
2,1831,36620000,36620000,47,77,36640000,15844
2,1832,36640000,36640000,47,77,36660000,15853
2,1833,36660000,36660000,47,77,36680000,15862
2,1834,36680000,36680000,47,77,36700000,15868
2,1835,36700000,36700000,47,77,36720000,15877
2,1836,36720000,36720000,47,77,36740000,15887
2,1837,36740000,36740000,47,77,36760000,15896
2,1838,36760000,36760000,47,77,36780000,15905
2,1839,36780000,36780000,47,77,36800000,15911
2,184,3680000,3680000,47,77,3700000,1594
2,1840,36800000,36800000,47,77,36820000,15921
2,1841,36820000,36820000,47,77,36840000,15930
2,1842,36840000,36840000,47,77,36860000,15940
2,1843,36860000,36860000,47,77,36880000,15948
2,1844,36880000,36880000,47,77,36900000,15955
2,1845,36900000,36900000,47,77,36920000,15964
2,1846,36920000,36920000,47,77,36940000,15973
2,1847,36940000,36940000,47,77,36960000,15982
2,1848,36960000,36960000,47,77,36980000,15992
2,1849,36980000,36980000,47,77,37000000,15999
2,185,3700000,3700000,47,77,3720000,1603
2,1850,37000000,37000000,47,77,37020000,16007
2,1851,37020000,37020000,47,77,37040000,16017
2,1852,37040000,37040000,47,77,37060000,16025
2,1853,37060000,37060000,47,77,37080000,16035
2,1854,37080000,37080000,47,77,37100000,16041
2,1855,37100000,37100000,47,77,37120000,16050
2,1856,37120000,37120000,47,77,37140000,16060
2,1857,37140000,37140000,47,77,37160000,16069
2,1858,37160000,37160000,47,77,37180000,16079
2,1859,37180000,37180000,47,77,37200000,16084
2,186,3720000,3720000,47,77,3740000,1612
2,1860,37200000,37200000,47,77,37220000,16094
2,1861,37220000,37220000,47,77,37240000,16103
2,1862,37240000,37240000,47,77,37260000,16112
2,1863,37260000,37260000,47,77,37280000,16122
2,1864,37280000,37280000,47,77,37300000,16127
2,1865,37300000,37300000,47,77,37320000,16138
2,1866,37320000,37320000,47,77,37340000,16146
2,1867,37340000,37340000,47,77,37360000,16156
2,1868,37360000,37360000,47,77,37380000,16164
2,1869,37380000,37380000,47,77,37400000,16171
2,187,3740000,3740000,47,77,3760000,1622
2,1870,37400000,37400000,47,77,37420000,16181
2,1871,37420000,37420000,47,77,37440000,16189
2,1872,37440000,37440000,47,77,37460000,16199
2,1873,37460000,37460000,47,77,37480000,16207
2,1874,37480000,37480000,47,77,37500000,16215
2,1875,37500000,37500000,47,77,37520000,16223
2,1876,37520000,37520000,47,77,37540000,16233
2,1877,37540000,37540000,47,77,37560000,16242
2,1878,37560000,37560000,47,77,37580000,16252
2,1879,37580000,37580000,47,77,37600000,16258
2,188,3760000,3760000,47,77,3780000,1630
2,1880,37600000,37600000,47,77,37620000,16266
2,1881,37620000,37620000,47,77,37640000,16276
2,1882,37640000,37640000,47,77,37660000,16285
2,1883,37660000,37660000,47,77,37680000,16295
2,1884,37680000,37680000,47,77,37700000,16301
2,1885,37700000,37700000,47,77,37720000,16310
2,1886,37720000,37720000,47,77,37740000,16319
2,1887,37740000,37740000,47,77,37760000,16329
2,1888,37760000,37760000,47,77,37780000,16338
2,1889,37780000,37780000,47,77,37800000,16343
2,189,3780000,3780000,47,77,3800000,1637
2,1890,37800000,37800000,47,77,37820000,16353
2,1891,37820000,37820000,47,77,37840000,16363
2,1892,37840000,37840000,47,77,37860000,16372
2,1893,37860000,37860000,47,77,37880000,16381
2,1894,37880000,37880000,47,77,37900000,16387
2,1895,37900000,37900000,47,77,37920000,16397
2,1896,37920000,37920000,47,77,37940000,16406
2,1897,37940000,37940000,47,77,37960000,16415
2,1898,37960000,37960000,47,77,37980000,16424
2,1899,37980000,37980000,47,77,38000000,16431
2,19,380000,380000,47,77,400000,166
2,190,3800000,3800000,47,77,3820000,1646
2,1900,38000000,38000000,47,77,38020000,16440
2,1901,38020000,38020000,47,77,38040000,16449
2,1902,38040000,38040000,47,77,38060000,16458
2,1903,38060000,38060000,47,77,38080000,16467
2,1904,38080000,38080000,47,77,38100000,16474
2,1905,38100000,38100000,47,77,38120000,16484
2,1906,38120000,38120000,47,77,38140000,16492
2,1907,38140000,38140000,47,77,38160000,16501
2,1908,38160000,38160000,47,77,38180000,16511
2,1909,38180000,38180000,47,77,38200000,16517
2,191,3820000,3820000,47,77,3840000,1656
2,1910,38200000,38200000,47,77,38220000,16526
2,1911,38220000,38220000,47,77,38240000,16535
2,1912,38240000,38240000,47,77,38260000,16546
2,1913,38260000,38260000,47,77,38280000,16554
2,1914,38280000,38280000,47,77,38300000,16561
2,1915,38300000,38300000,47,77,38320000,16569
2,1916,38320000,38320000,47,77,38340000,16579
2,1917,38340000,38340000,47,77,38360000,16588
2,1918,38360000,38360000,47,77,38380000,16597
2,1919,38380000,38380000,47,77,38400000,16604
2,192,3840000,3840000,47,77,3860000,1665
2,1920,38400000,38400000,47,77,38420000,16612
2,1921,38420000,38420000,47,77,38440000,16623
2,1922,38440000,38440000,47,77,38460000,16631
2,1923,38460000,38460000,47,77,38480000,16641
2,1924,38480000,38480000,47,77,38500000,16646
2,1925,38500000,38500000,47,77,38520000,16656
2,1926,38520000,38520000,47,77,38540000,16666
2,1927,38540000,38540000,47,77,38560000,16674
2,1928,38560000,38560000,47,77,38580000,16684
2,1929,38580000,38580000,47,77,38600000,16690
2,193,3860000,3860000,47,77,3880000,1674
2,1930,38600000,38600000,47,77,38620000,16700
2,1931,38620000,38620000,47,77,38640000,16708
2,1932,38640000,38640000,47,77,38660000,16718
2,1933,38660000,38660000,47,77,38680000,16728
2,1934,38680000,38680000,47,77,38700000,16733
2,1935,38700000,38700000,47,77,38720000,16743
2,1936,38720000,38720000,47,77,38740000,16751
2,1937,38740000,38740000,47,77,38760000,16761
2,1938,38760000,38760000,47,77,38780000,16770
2,1939,38780000,38780000,47,77,38800000,16777
2,194,3880000,3880000,47,77,3900000,1680
2,1940,38800000,38800000,47,77,38820000,16786
2,1941,38820000,38820000,47,77,38840000,16795
2,1942,38840000,38840000,47,77,38860000,16805
2,1943,38860000,38860000,47,77,38880000,16813
2,1944,38880000,38880000,47,77,38900000,16820
2,1945,38900000,38900000,47,77,38920000,16828
2,1946,38920000,38920000,47,77,38940000,16839
2,1947,38940000,38940000,47,77,38960000,16848
2,1948,38960000,38960000,47,77,38980000,16857
2,1949,38980000,38980000,47,77,39000000,16863
2,195,3900000,3900000,47,77,3920000,1690
2,1950,39000000,39000000,47,77,39020000,16873
2,1951,39020000,39020000,47,77,39040000,16882
2,1952,39040000,39040000,47,77,39060000,16890
2,1953,39060000,39060000,47,77,39080000,16900
2,1954,39080000,39080000,47,77,39100000,16906
2,1955,39100000,39100000,47,77,39120000,16916
2,1956,39120000,39120000,47,77,39140000,16925
2,1957,39140000,39140000,47,77,39160000,16934
2,1958,39160000,39160000,47,77,39180000,16943
2,1959,39180000,39180000,47,77,39200000,16950
2,196,3920000,3920000,47,77,3940000,1699
2,1960,39200000,39200000,47,77,39220000,16959
2,1961,39220000,39220000,47,77,39240000,16968
2,1962,39240000,39240000,47,77,39260000,16977
2,1963,39260000,39260000,47,77,39280000,16987
2,1964,39280000,39280000,47,77,39300000,16993
2,1965,39300000,39300000,47,77,39320000,17002
2,1966,39320000,39320000,47,77,39340000,17011
2,1967,39340000,39340000,47,77,39360000,17021
2,1968,39360000,39360000,47,77,39380000,17031
2,1969,39380000,39380000,47,77,39400000,17036
2,197,3940000,3940000,47,77,3960000,1708
2,1970,39400000,39400000,47,77,39420000,17045
2,1971,39420000,39420000,47,77,39440000,17054
2,1972,39440000,39440000,47,77,39460000,17064
2,1973,39460000,39460000,47,77,39480000,17073
2,1974,39480000,39480000,47,77,39500000,17079
2,1975,39500000,39500000,47,77,39520000,17089
2,1976,39520000,39520000,47,77,39540000,17098
2,1977,39540000,39540000,47,77,39560000,17108
2,1978,39560000,39560000,47,77,39580000,17116
2,1979,39580000,39580000,47,77,39600000,17122
2,198,3960000,3960000,47,77,3980000,1717
2,1980,39600000,39600000,47,77,39620000,17132
2,1981,39620000,39620000,47,77,39640000,17141
2,1982,39640000,39640000,47,77,39660000,17151
2,1983,39660000,39660000,47,77,39680000,17159
2,1984,39680000,39680000,47,77,39700000,17167
2,1985,39700000,39700000,47,77,39720000,17175
2,1986,39720000,39720000,47,77,39740000,17185
2,1987,39740000,39740000,47,77,39760000,17193
2,1988,39760000,39760000,47,77,39780000,17202
2,1989,39780000,39780000,47,77,39800000,17210
2,199,3980000,3980000,47,77,4000000,1724
2,1990,39800000,39800000,47,77,39820000,17218
2,1991,39820000,39820000,47,77,39840000,17228
2,1992,39840000,39840000,47,77,39860000,17236
2,1993,39860000,39860000,47,77,39880000,17247
2,1994,39880000,39880000,47,77,39900000,17252
2,1995,39900000,39900000,47,77,39920000,17262
2,1996,39920000,39920000,47,77,39940000,17271
2,1997,39940000,39940000,47,77,39960000,17280
2,1998,39960000,39960000,47,77,39980000,17290
2,1999,39980000,39980000,47,77,40000000,17295
2,2,40000,40000,47,77,60000,21
2,20,400000,400000,47,77,420000,175
2,200,4000000,4000000,47,77,4020000,1733
2,2000,40000000,40000000,47,77,40020000,17305
2,2001,40020000,40020000,47,77,40040000,17314
2,2002,40040000,40040000,47,77,40060000,17324
2,2003,40060000,40060000,47,77,40080000,17333
2,2004,40080000,40080000,47,77,40100000,17339
2,2005,40100000,40100000,47,77,40120000,17348
2,2006,40120000,40120000,47,77,40140000,17357
2,2007,40140000,40140000,47,77,40160000,17367
2,2008,40160000,40160000,47,77,40180000,17375
2,2009,40180000,40180000,47,77,40200000,17382
2,201,4020000,4020000,47,77,4040000,1742
2,2010,40200000,40200000,47,77,40220000,17392
2,2011,40220000,40220000,47,77,40240000,17401
2,2012,40240000,40240000,47,77,40260000,17410
2,2013,40260000,40260000,47,77,40280000,17419
2,2014,40280000,40280000,47,77,40300000,17426
2,2015,40300000,40300000,47,77,40320000,17434
2,2016,40320000,40320000,47,77,40340000,17444
2,2017,40340000,40340000,47,77,40360000,17453
2,2018,40360000,40360000,47,77,40380000,17463
2,2019,40380000,40380000,47,77,40400000,17469
2,202,4040000,4040000,47,77,4060000,1751
2,2020,40400000,40400000,47,77,40420000,17478
2,2021,40420000,40420000,47,77,40440000,17487
2,2022,40440000,40440000,47,77,40460000,17496
2,2023,40460000,40460000,47,77,40480000,17506
2,2024,40480000,40480000,47,77,40500000,17512
2,2025,40500000,40500000,47,77,40520000,17521
2,2026,40520000,40520000,47,77,40540000,17530
2,2027,40540000,40540000,47,77,40560000,17540
2,2028,40560000,40560000,47,77,40580000,17549
2,2029,40580000,40580000,47,77,40600000,17555
2,203,4060000,4060000,47,77,4080000,1760
2,2030,40600000,40600000,47,77,40620000,17564
2,2031,40620000,40620000,47,77,40640000,17575
2,2032,40640000,40640000,47,77,40660000,17583
2,2033,40660000,40660000,47,77,40680000,17592
2,2034,40680000,40680000,47,77,40700000,17598
2,2035,40700000,40700000,47,77,40720000,17608
2,2036,40720000,40720000,47,77,40740000,17617
2,2037,40740000,40740000,47,77,40760000,17626
2,2038,40760000,40760000,47,77,40780000,17636
2,2039,40780000,40780000,47,77,40800000,17641
2,204,4080000,4080000,47,77,4100000,1768
2,2040,40800000,40800000,47,77,40820000,17652
2,2041,40820000,40820000,47,77,40840000,17660
2,2042,40840000,40840000,47,77,40860000,17669
2,2043,40860000,40860000,47,77,40880000,17678
2,2044,40880000,40880000,47,77,40900000,17685
2,2045,40900000,40900000,47,77,40920000,17695
2,2046,40920000,40920000,47,77,40940000,17703
2,2047,40940000,40940000,47,77,40960000,17713
2,2048,40960000,40960000,47,77,40980000,17722
2,2049,40980000,40980000,47,77,41000000,17729
2,205,4100000,4100000,47,77,4120000,1776
2,2050,41000000,41000000,47,77,41020000,17737
2,2051,41020000,41020000,47,77,41040000,17746
2,2052,41040000,41040000,47,77,41060000,17757
2,2053,41060000,41060000,47,77,41080000,17765
2,2054,41080000,41080000,47,77,41100000,17772
2,2055,41100000,41100000,47,77,41120000,17780
2,2056,41120000,41120000,47,77,41140000,17790
2,2057,41140000,41140000,47,77,41160000,17799
2,2058,41160000,41160000,47,77,41180000,17809
2,2059,41180000,41180000,47,77,41200000,17815
2,206,4120000,4120000,47,77,4140000,1785
2,2060,41200000,41200000,47,77,41220000,17823
2,2061,41220000,41220000,47,77,41240000,17834
2,2062,41240000,41240000,47,77,41260000,17842
2,2063,41260000,41260000,47,77,41280000,17852
2,2064,41280000,41280000,47,77,41300000,17857
2,2065,41300000,41300000,47,77,41320000,17868
2,2066,41320000,41320000,47,77,41340000,17877
2,2067,41340000,41340000,47,77,41360000,17886
2,2068,41360000,41360000,47,77,41380000,17895
2,2069,41380000,41380000,47,77,41400000,17901
2,207,4140000,4140000,47,77,4160000,1794
2,2070,41400000,41400000,47,77,41420000,17911
2,2071,41420000,41420000,47,77,41440000,17919
2,2072,41440000,41440000,47,77,41460000,17929
2,2073,41460000,41460000,47,77,41480000,17938
2,2074,41480000,41480000,47,77,41500000,17945
2,2075,41500000,41500000,47,77,41520000,17954
2,2076,41520000,41520000,47,77,41540000,17963
2,2077,41540000,41540000,47,77,41560000,17972
2,2078,41560000,41560000,47,77,41580000,17981
2,2079,41580000,41580000,47,77,41600000,17988
2,208,4160000,4160000,47,77,4180000,1804
2,2080,41600000,41600000,47,77,41620000,17997
2,2081,41620000,41620000,47,77,41640000,18006
2,2082,41640000,41640000,47,77,41660000,18016
2,2083,41660000,41660000,47,77,41680000,18025
2,2084,41680000,41680000,47,77,41700000,18031
2,2085,41700000,41700000,47,77,41720000,18040
2,2086,41720000,41720000,47,77,41740000,18050
2,2087,41740000,41740000,47,77,41760000,18059
2,2088,41760000,41760000,47,77,41780000,18068
2,2089,41780000,41780000,47,77,41800000,18074
2,209,4180000,4180000,47,77,4200000,1810
2,2090,41800000,41800000,47,77,41820000,18083
2,2091,41820000,41820000,47,77,41840000,18093
2,2092,41840000,41840000,47,77,41860000,18102
2,2093,41860000,41860000,47,77,41880000,18111
2,2094,41880000,41880000,47,77,41900000,18118
2,2095,41900000,41900000,47,77,41920000,18127
2,2096,41920000,41920000,47,77,41940000,18136
2,2097,41940000,41940000,47,77,41960000,18145
2,2098,41960000,41960000,47,77,41980000,18154
2,2099,41980000,41980000,47,77,42000000,18161
2,21,420000,420000,47,77,440000,185
2,210,4200000,4200000,47,77,4220000,1819
2,2100,42000000,42000000,47,77,42020000,18170
2,2101,42020000,42020000,47,77,42040000,18180
2,2102,42040000,42040000,47,77,42060000,18188
2,2103,42060000,42060000,47,77,42080000,18199
2,2104,42080000,42080000,47,77,42100000,18204
2,2105,42100000,42100000,47,77,42120000,18213
2,2106,42120000,42120000,47,77,42140000,18222
2,2107,42140000,42140000,47,77,42160000,18231
2,2108,42160000,42160000,47,77,42180000,18242
2,2109,42180000,42180000,47,77,42200000,18247
2,211,4220000,4220000,47,77,4240000,1829
2,2110,42200000,42200000,47,77,42220000,18257
2,2111,42220000,42220000,47,77,42240000,18265
2,2112,42240000,42240000,47,77,42260000,18276
2,2113,42260000,42260000,47,77,42280000,18284
2,2114,42280000,42280000,47,77,42300000,18290
2,2115,42300000,42300000,47,77,42320000,18300
2,2116,42320000,42320000,47,77,42340000,18309
2,2117,42340000,42340000,47,77,42360000,18319
2,2118,42360000,42360000,47,77,42380000,18327
2,2119,42380000,42380000,47,77,42400000,18334
2,212,4240000,4240000,47,77,4260000,1838
2,2120,42400000,42400000,47,77,42420000,18343
2,2121,42420000,42420000,47,77,42440000,18353
2,2122,42440000,42440000,47,77,42460000,18362
2,2123,42460000,42460000,47,77,42480000,18370
2,2124,42480000,42480000,47,77,42500000,18377
2,2125,42500000,42500000,47,77,42520000,18386
2,2126,42520000,42520000,47,77,42540000,18396
2,2127,42540000,42540000,47,77,42560000,18404
2,2128,42560000,42560000,47,77,42580000,18414
2,2129,42580000,42580000,47,77,42600000,18421
2,213,4260000,4260000,47,77,4280000,1848
2,2130,42600000,42600000,47,77,42620000,18430
2,2131,42620000,42620000,47,77,42640000,18439
2,2132,42640000,42640000,47,77,42660000,18447
2,2133,42660000,42660000,47,77,42680000,18458
2,2134,42680000,42680000,47,77,42700000,18463
2,2135,42700000,42700000,47,77,42720000,18473
2,2136,42720000,42720000,47,77,42740000,18482
2,2137,42740000,42740000,47,77,42760000,18492
2,2138,42760000,42760000,47,77,42780000,18501
2,2139,42780000,42780000,47,77,42800000,18507
2,214,4280000,4280000,47,77,4300000,1853
2,2140,42800000,42800000,47,77,42820000,18516
2,2141,42820000,42820000,47,77,42840000,18524
2,2142,42840000,42840000,47,77,42860000,18535
2,2143,42860000,42860000,47,77,42880000,18544
2,2144,42880000,42880000,47,77,42900000,18550
2,2145,42900000,42900000,47,77,42920000,18559
2,2146,42920000,42920000,47,77,42940000,18569
2,2147,42940000,42940000,47,77,42960000,18578
2,2148,42960000,42960000,47,77,42980000,18587
2,2149,42980000,42980000,47,77,43000000,18593
2,215,4300000,4300000,47,77,4320000,1862
2,2150,43000000,43000000,47,77,43020000,18603
2,2151,43020000,43020000,47,77,43040000,18612
2,2152,43040000,43040000,47,77,43060000,18621
2,2153,43060000,43060000,47,77,43080000,18630
2,2154,43080000,43080000,47,77,43100000,18637
2,2155,43100000,43100000,47,77,43120000,18646
2,2156,43120000,43120000,47,77,43140000,18655
2,2157,43140000,43140000,47,77,43160000,18665
2,2158,43160000,43160000,47,77,43180000,18673
2,2159,43180000,43180000,47,77,43200000,18680
2,216,4320000,4320000,47,77,4340000,1872
2,2160,43200000,43200000,47,77,43220000,18689
2,2161,43220000,43220000,47,77,43240000,18698
2,2162,43240000,43240000,47,77,43260000,18707
2,2163,43260000,43260000,47,77,43280000,18717
2,2164,43280000,43280000,47,77,43300000,18724
2,2165,43300000,43300000,47,77,43320000,18732
2,2166,43320000,43320000,47,77,43340000,18742
2,2167,43340000,43340000,47,77,43360000,18751
2,2168,43360000,43360000,47,77,43380000,18760
2,2169,43380000,43380000,47,77,43400000,18766
2,217,4340000,4340000,47,77,4360000,1881
2,2170,43400000,43400000,47,77,43420000,18775
2,2171,43420000,43420000,47,77,43440000,18786
2,2172,43440000,43440000,47,77,43460000,18794
2,2173,43460000,43460000,47,77,43480000,18804
2,2174,43480000,43480000,47,77,43500000,18809
2,2175,43500000,43500000,47,77,43520000,18819
2,2176,43520000,43520000,47,77,43540000,18828
2,2177,43540000,43540000,47,77,43560000,18837
2,2178,43560000,43560000,47,77,43580000,18847
2,2179,43580000,43580000,47,77,43600000,18852
2,218,4360000,4360000,47,77,4380000,1891
2,2180,43600000,43600000,47,77,43620000,18863
2,2181,43620000,43620000,47,77,43640000,18871
2,2182,43640000,43640000,47,77,43660000,18881
2,2183,43660000,43660000,47,77,43680000,18889
2,2184,43680000,43680000,47,77,43700000,18897
2,2185,43700000,43700000,47,77,43720000,18906
2,2186,43720000,43720000,47,77,43740000,18914
2,2187,43740000,43740000,47,77,43760000,18924
2,2188,43760000,43760000,47,77,43780000,18933
2,2189,43780000,43780000,47,77,43800000,18940
2,219,4380000,4380000,47,77,4400000,1896
2,2190,43800000,43800000,47,77,43820000,18948
2,2191,43820000,43820000,47,77,43840000,18958
2,2192,43840000,43840000,47,77,43860000,18967
2,2193,43860000,43860000,47,77,43880000,18977
2,2194,43880000,43880000,47,77,43900000,18983
2,2195,43900000,43900000,47,77,43920000,18991
2,2196,43920000,43920000,47,77,43940000,19001
2,2197,43940000,43940000,47,77,43960000,19010
2,2198,43960000,43960000,47,77,43980000,19020
2,2199,43980000,43980000,47,77,44000000,19026
2,22,440000,440000,47,77,460000,195
2,220,4400000,4400000,47,77,4420000,1906
2,2200,44000000,44000000,47,77,44020000,19035
2,2201,44020000,44020000,47,77,44040000,19045
2,2202,44040000,44040000,47,77,44060000,19054
2,2203,44060000,44060000,47,77,44080000,19063
2,2204,44080000,44080000,47,77,44100000,19068
2,2205,44100000,44100000,47,77,44120000,19079
2,2206,44120000,44120000,47,77,44140000,19088
2,2207,44140000,44140000,47,77,44160000,19097
2,2208,44160000,44160000,47,77,44180000,19106
2,2209,44180000,44180000,47,77,44200000,19112
2,221,4420000,4420000,47,77,4440000,1915
2,2210,44200000,44200000,47,77,44220000,19122
2,2211,44220000,44220000,47,77,44240000,19131
2,2212,44240000,44240000,47,77,44260000,19140
2,2213,44260000,44260000,47,77,44280000,19149
2,2214,44280000,44280000,47,77,44300000,19156
2,2215,44300000,44300000,47,77,44320000,19165
2,2216,44320000,44320000,47,77,44340000,19174
2,2217,44340000,44340000,47,77,44360000,19183
2,2218,44360000,44360000,47,77,44380000,19193
2,2219,44380000,44380000,47,77,44400000,19199
2,222,4440000,4440000,47,77,4460000,1925
2,2220,44400000,44400000,47,77,44420000,19209
2,2221,44420000,44420000,47,77,44440000,19217
2,2222,44440000,44440000,47,77,44460000,19227
2,2223,44460000,44460000,47,77,44480000,19236
2,2224,44480000,44480000,47,77,44500000,19242
2,2225,44500000,44500000,47,77,44520000,19251
2,2226,44520000,44520000,47,77,44540000,19260
2,2227,44540000,44540000,47,77,44560000,19271
2,2228,44560000,44560000,47,77,44580000,19279
2,2229,44580000,44580000,47,77,44600000,19286
2,223,4460000,4460000,47,77,4480000,1933
2,2230,44600000,44600000,47,77,44620000,19294
2,2231,44620000,44620000,47,77,44640000,19304
2,2232,44640000,44640000,47,77,44660000,19313
2,2233,44660000,44660000,47,77,44680000,19322
2,2234,44680000,44680000,47,77,44700000,19329
2,2235,44700000,44700000,47,77,44720000,19338
2,2236,44720000,44720000,47,77,44740000,19348
2,2237,44740000,44740000,47,77,44760000,19356
2,2238,44760000,44760000,47,77,44780000,19366
2,2239,44780000,44780000,47,77,44800000,19372
2,224,4480000,4480000,47,77,4500000,1939
2,2240,44800000,44800000,47,77,44820000,19381
2,2241,44820000,44820000,47,77,44840000,19391
2,2242,44840000,44840000,47,77,44860000,19399
2,2243,44860000,44860000,47,77,44880000,19409
2,2244,44880000,44880000,47,77,44900000,19415
2,2245,44900000,44900000,47,77,44920000,19425
2,2246,44920000,44920000,47,77,44940000,19433
2,2247,44940000,44940000,47,77,44960000,19443
2,2248,44960000,44960000,47,77,44980000,19453
2,2249,44980000,44980000,47,77,45000000,19458
2,225,4500000,4500000,47,77,4520000,1950
2,2250,45000000,45000000,47,77,45020000,19468
2,2251,45020000,45020000,47,77,45040000,19476
2,2252,45040000,45040000,47,77,45060000,19487
2,2253,45060000,45060000,47,77,45080000,19495
2,2254,45080000,45080000,47,77,45100000,19502
2,2255,45100000,45100000,47,77,45120000,19511
2,2256,45120000,45120000,47,77,45140000,19521
2,2257,45140000,45140000,47,77,45160000,19530
2,2258,45160000,45160000,47,77,45180000,19538
2,2259,45180000,45180000,47,77,45200000,19545
2,226,4520000,4520000,47,77,4540000,1958
2,2260,45200000,45200000,47,77,45220000,19553
2,2261,45220000,45220000,47,77,45240000,19564
2,2262,45240000,45240000,47,77,45260000,19573
2,2263,45260000,45260000,47,77,45280000,19582
2,2264,45280000,45280000,47,77,45300000,19588
2,2265,45300000,45300000,47,77,45320000,19598
2,2266,45320000,45320000,47,77,45340000,19607
2,2267,45340000,45340000,47,77,45360000,19615
2,2268,45360000,45360000,47,77,45380000,19625
2,2269,45380000,45380000,47,77,45400000,19632
2,227,4540000,4540000,47,77,4560000,1968
2,2270,45400000,45400000,47,77,45420000,19641
2,2271,45420000,45420000,47,77,45440000,19650
2,2272,45440000,45440000,47,77,45460000,19659
2,2273,45460000,45460000,47,77,45480000,19669
2,2274,45480000,45480000,47,77,45500000,19675
2,2275,45500000,45500000,47,77,45520000,19684
2,2276,45520000,45520000,47,77,45540000,19693
2,2277,45540000,45540000,47,77,45560000,19702
2,2278,45560000,45560000,47,77,45580000,19712
2,2279,45580000,45580000,47,77,45600000,19718
2,228,4560000,4560000,47,77,4580000,1976
2,2280,45600000,45600000,47,77,45620000,19727
2,2281,45620000,45620000,47,77,45640000,19736
2,2282,45640000,45640000,47,77,45660000,19746
2,2283,45660000,45660000,47,77,45680000,19756
2,2284,45680000,45680000,47,77,45700000,19761
2,2285,45700000,45700000,47,77,45720000,19770
2,2286,45720000,45720000,47,77,45740000,19780
2,2287,45740000,45740000,47,77,45760000,19789
2,2288,45760000,45760000,47,77,45780000,19798
2,2289,45780000,45780000,47,77,45800000,19804
2,229,4580000,4580000,47,77,4600000,1984
2,2290,45800000,45800000,47,77,45820000,19815
2,2291,45820000,45820000,47,77,45840000,19823
2,2292,45840000,45840000,47,77,45860000,19833
2,2293,45860000,45860000,47,77,45880000,19841
2,2294,45880000,45880000,47,77,45900000,19847
2,2295,45900000,45900000,47,77,45920000,19857
2,2296,45920000,45920000,47,77,45940000,19866
2,2297,45940000,45940000,47,77,45960000,19876
2,2298,45960000,45960000,47,77,45980000,19884
2,2299,45980000,45980000,47,77,46000000,19892
2,23,460000,460000,47,77,480000,203
2,230,4600000,4600000,47,77,4620000,1992
2,2300,46000000,46000000,47,77,46020000,19900
2,2301,46020000,46020000,47,77,46040000,19910
2,2302,46040000,46040000,47,77,46060000,19918
2,2303,46060000,46060000,47,77,46080000,19928
2,2304,46080000,46080000,47,77,46100000,19935
2,2305,46100000,46100000,47,77,46120000,19943
2,2306,46120000,46120000,47,77,46140000,19953
2,2307,46140000,46140000,47,77,46160000,19962
2,2308,46160000,46160000,47,77,46180000,19972
2,2309,46180000,46180000,47,77,46200000,19977
2,231,4620000,4620000,47,77,4640000,2002
2,2310,46200000,46200000,47,77,46220000,19987
2,2311,46220000,46220000,47,77,46240000,19996
2,2312,46240000,46240000,47,77,46260000,20005
2,2313,46260000,46260000,47,77,46280000,20015
2,2314,46280000,46280000,47,77,46300000,20020
2,2315,46300000,46300000,47,77,46320000,20030
2,2316,46320000,46320000,47,77,46340000,20039
2,2317,46340000,46340000,47,77,46360000,20049
2,2318,46360000,46360000,47,77,46380000,20058
2,2319,46380000,46380000,47,77,46400000,20064
2,232,4640000,4640000,47,77,4660000,2011
2,2320,46400000,46400000,47,77,46420000,20074
2,2321,46420000,46420000,47,77,46440000,20082
2,2322,46440000,46440000,47,77,46460000,20092
2,2323,46460000,46460000,47,77,46480000,20100
2,2324,46480000,46480000,47,77,46500000,20108
2,2325,46500000,46500000,47,77,46520000,20117
2,2326,46520000,46520000,47,77,46540000,20126
2,2327,46540000,46540000,47,77,46560000,20135
2,2328,46560000,46560000,47,77,46580000,20144
2,2329,46580000,46580000,47,77,46600000,20151
2,233,4660000,4660000,47,77,4680000,2020
2,2330,46600000,46600000,47,77,46620000,20159
2,2331,46620000,46620000,47,77,46640000,20169
2,2332,46640000,46640000,47,77,46660000,20178
2,2333,46660000,46660000,47,77,46680000,20188
2,2334,46680000,46680000,47,77,46700000,20194
2,2335,46700000,46700000,47,77,46720000,20203
2,2336,46720000,46720000,47,77,46740000,20212
2,2337,46740000,46740000,47,77,46760000,20222
2,2338,46760000,46760000,47,77,46780000,20231
2,2339,46780000,46780000,47,77,46800000,20237
2,234,4680000,4680000,47,77,4700000,2027
2,2340,46800000,46800000,47,77,46820000,20246
2,2341,46820000,46820000,47,77,46840000,20256
2,2342,46840000,46840000,47,77,46860000,20265
2,2343,46860000,46860000,47,77,46880000,20274
2,2344,46880000,46880000,47,77,46900000,20280
2,2345,46900000,46900000,47,77,46920000,20289
2,2346,46920000,46920000,47,77,46940000,20300
2,2347,46940000,46940000,47,77,46960000,20308
2,2348,46960000,46960000,47,77,46980000,20317
2,2349,46980000,46980000,47,77,47000000,20323
2,235,4700000,4700000,47,77,4720000,2035
2,2350,47000000,47000000,47,77,47020000,20333
2,2351,47020000,47020000,47,77,47040000,20342
2,2352,47040000,47040000,47,77,47060000,20351
2,2353,47060000,47060000,47,77,47080000,20361
2,2354,47080000,47080000,47,77,47100000,20367
2,2355,47100000,47100000,47,77,47120000,20377
2,2356,47120000,47120000,47,77,47140000,20385
2,2357,47140000,47140000,47,77,47160000,20394
2,2358,47160000,47160000,47,77,47180000,20404
2,2359,47180000,47180000,47,77,47200000,20410
2,236,4720000,4720000,47,77,4740000,2045
2,2360,47200000,47200000,47,77,47220000,20420
2,2361,47220000,47220000,47,77,47240000,20428
2,2362,47240000,47240000,47,77,47260000,20438
2,2363,47260000,47260000,47,77,47280000,20447
2,2364,47280000,47280000,47,77,47300000,20454
2,2365,47300000,47300000,47,77,47320000,20462
2,2366,47320000,47320000,47,77,47340000,20471
2,2367,47340000,47340000,47,77,47360000,20482
2,2368,47360000,47360000,47,77,47380000,20490
2,2369,47380000,47380000,47,77,47400000,20497
2,237,4740000,4740000,47,77,4760000,2053
2,2370,47400000,47400000,47,77,47420000,20505
2,2371,47420000,47420000,47,77,47440000,20516
2,2372,47440000,47440000,47,77,47460000,20524
2,2373,47460000,47460000,47,77,47480000,20534
2,2374,47480000,47480000,47,77,47500000,20540
2,2375,47500000,47500000,47,77,47520000,20549
2,2376,47520000,47520000,47,77,47540000,20559
2,2377,47540000,47540000,47,77,47560000,20567
2,2378,47560000,47560000,47,77,47580000,20577
2,2379,47580000,47580000,47,77,47600000,20582
2,238,4760000,4760000,47,77,4780000,2064
2,2380,47600000,47600000,47,77,47620000,20593
2,2381,47620000,47620000,47,77,47640000,20602
2,2382,47640000,47640000,47,77,47660000,20611
2,2383,47660000,47660000,47,77,47680000,20620
2,2384,47680000,47680000,47,77,47700000,20626
2,2385,47700000,47700000,47,77,47720000,20636
2,2386,47720000,47720000,47,77,47740000,20644
2,2387,47740000,47740000,47,77,47760000,20654
2,2388,47760000,47760000,47,77,47780000,20664
2,2389,47780000,47780000,47,77,47800000,20670
2,239,4780000,4780000,47,77,4800000,2070
2,2390,47800000,47800000,47,77,47820000,20679
2,2391,47820000,47820000,47,77,47840000,20688
2,2392,47840000,47840000,47,77,47860000,20698
2,2393,47860000,47860000,47,77,47880000,20706
2,2394,47880000,47880000,47,77,47900000,20713
2,2395,47900000,47900000,47,77,47920000,20722
2,2396,47920000,47920000,47,77,47940000,20731
2,2397,47940000,47940000,47,77,47960000,20741
2,2398,47960000,47960000,47,77,47980000,20750
2,2399,47980000,47980000,47,77,48000000,20756
2,24,480000,480000,47,77,500000,210
2,240,4800000,4800000,47,77,4820000,2079
2,2400,48000000,48000000,47,77,48020000,20765
2,2401,48020000,48020000,47,77,48040000,20775
2,2402,48040000,48040000,47,77,48060000,20784
2,2403,48060000,48060000,47,77,48080000,20793
2,2404,48080000,48080000,47,77,48100000,20799
2,2405,48100000,48100000,47,77,48120000,20809
2,2406,48120000,48120000,47,77,48140000,20818
2,2407,48140000,48140000,47,77,48160000,20827
2,2408,48160000,48160000,47,77,48180000,20836
2,2409,48180000,48180000,47,77,48200000,20844
2,241,4820000,4820000,47,77,4840000,2088
2,2410,48200000,48200000,47,77,48220000,20852
2,2411,48220000,48220000,47,77,48240000,20861
2,2412,48240000,48240000,47,77,48260000,20870
2,2413,48260000,48260000,47,77,48280000,20879
2,2414,48280000,48280000,47,77,48300000,20886
2,2415,48300000,48300000,47,77,48320000,20895
2,2416,48320000,48320000,47,77,48340000,20905
2,2417,48340000,48340000,47,77,48360000,20913
2,2418,48360000,48360000,47,77,48380000,20924
2,2419,48380000,48380000,47,77,48400000,20929
2,242,4840000,4840000,47,77,4860000,2097
2,2420,48400000,48400000,47,77,48420000,20938
2,2421,48420000,48420000,47,77,48440000,20947
2,2422,48440000,48440000,47,77,48460000,20957
2,2423,48460000,48460000,47,77,48480000,20967
2,2424,48480000,48480000,47,77,48500000,20972
2,2425,48500000,48500000,47,77,48520000,20982
2,2426,48520000,48520000,47,77,48540000,20991
2,2427,48540000,48540000,47,77,48560000,21001
2,2428,48560000,48560000,47,77,48580000,21009
2,2429,48580000,48580000,47,77,48600000,21015
2,243,4860000,4860000,47,77,4880000,2107
2,2430,48600000,48600000,47,77,48620000,21025
2,2431,48620000,48620000,47,77,48640000,21034
2,2432,48640000,48640000,47,77,48660000,21044
2,2433,48660000,48660000,47,77,48680000,21052
2,2434,48680000,48680000,47,77,48700000,21059
2,2435,48700000,48700000,47,77,48720000,21068
2,2436,48720000,48720000,47,77,48740000,21078
2,2437,48740000,48740000,47,77,48760000,21087
2,2438,48760000,48760000,47,77,48780000,21095
2,2439,48780000,48780000,47,77,48800000,21103
2,244,4880000,4880000,47,77,4900000,2112
2,2440,48800000,48800000,47,77,48820000,21111
2,2441,48820000,48820000,47,77,48840000,21121
2,2442,48840000,48840000,47,77,48860000,21129
2,2443,48860000,48860000,47,77,48880000,21140
2,2444,48880000,48880000,47,77,48900000,21146
2,2445,48900000,48900000,47,77,48920000,21155
2,2446,48920000,48920000,47,77,48940000,21164
2,2447,48940000,48940000,47,77,48960000,21172
2,2448,48960000,48960000,47,77,48980000,21183
2,2449,48980000,48980000,47,77,49000000,21188
2,245,4900000,4900000,47,77,4920000,2122
2,2450,49000000,49000000,47,77,49020000,21198
2,2451,49020000,49020000,47,77,49040000,21207
2,2452,49040000,49040000,47,77,49060000,21217
2,2453,49060000,49060000,47,77,49080000,21226
2,2454,49080000,49080000,47,77,49100000,21232
2,2455,49100000,49100000,47,77,49120000,21241
2,2456,49120000,49120000,47,77,49140000,21250
2,2457,49140000,49140000,47,77,49160000,21260
2,2458,49160000,49160000,47,77,49180000,21269
2,2459,49180000,49180000,47,77,49200000,21275
2,246,4920000,4920000,47,77,4940000,2132
2,2460,49200000,49200000,47,77,49220000,21285
2,2461,49220000,49220000,47,77,49240000,21294
2,2462,49240000,49240000,47,77,49260000,21303
2,2463,49260000,49260000,47,77,49280000,21312
2,2464,49280000,49280000,47,77,49300000,21318
2,2465,49300000,49300000,47,77,49320000,21328
2,2466,49320000,49320000,47,77,49340000,21337
2,2467,49340000,49340000,47,77,49360000,21346
2,2468,49360000,49360000,47,77,49380000,21355
2,2469,49380000,49380000,47,77,49400000,21362
2,247,4940000,4940000,47,77,4960000,2141
2,2470,49400000,49400000,47,77,49420000,21371
2,2471,49420000,49420000,47,77,49440000,21380
2,2472,49440000,49440000,47,77,49460000,21390
2,2473,49460000,49460000,47,77,49480000,21399
2,2474,49480000,49480000,47,77,49500000,21405
2,2475,49500000,49500000,47,77,49520000,21414
2,2476,49520000,49520000,47,77,49540000,21423
2,2477,49540000,49540000,47,77,49560000,21433
2,2478,49560000,49560000,47,77,49580000,21442
2,2479,49580000,49580000,47,77,49600000,21449
2,248,4960000,4960000,47,77,4980000,2150
2,2480,49600000,49600000,47,77,49620000,21457
2,2481,49620000,49620000,47,77,49640000,21467
2,2482,49640000,49640000,47,77,49660000,21476
2,2483,49660000,49660000,47,77,49680000,21485
2,2484,49680000,49680000,47,77,49700000,21491
2,2485,49700000,49700000,47,77,49720000,21500
2,2486,49720000,49720000,47,77,49740000,21511
2,2487,49740000,49740000,47,77,49760000,21519
2,2488,49760000,49760000,47,77,49780000,21529
2,2489,49780000,49780000,47,77,49800000,21534
2,249,4980000,4980000,47,77,5000000,2156
2,2490,49800000,49800000,47,77,49820000,21545
2,2491,49820000,49820000,47,77,49840000,21553
2,2492,49840000,49840000,47,77,49860000,21562
2,2493,49860000,49860000,47,77,49880000,21572
2,2494,49880000,49880000,47,77,49900000,21578
2,2495,49900000,49900000,47,77,49920000,21588
2,2496,49920000,49920000,47,77,49940000,21596
2,2497,49940000,49940000,47,77,49960000,21606
2,2498,49960000,49960000,47,77,49980000,21614
2,2499,49980000,49980000,47,77,50000000,21622
2,25,500000,500000,47,77,520000,219
2,250,5000000,5000000,47,77,5020000,2166
2,2500,50000000,50000000,47,77,50020000,21631
2,2501,50020000,50020000,47,77,50040000,21639
2,2502,50040000,50040000,47,77,50060000,21649
2,2503,50060000,50060000,47,77,50080000,21658
2,2504,50080000,50080000,47,77,50100000,21665
2,2505,50100000,50100000,47,77,50120000,21673
2,2506,50120000,50120000,47,77,50140000,21683
2,2507,50140000,50140000,47,77,50160000,21693
2,2508,50160000,50160000,47,77,50180000,21702
2,2509,50180000,50180000,47,77,50200000,21708
2,251,5020000,5020000,47,77,5040000,2174
2,2510,50200000,50200000,47,77,50220000,21716
2,2511,50220000,50220000,47,77,50240000,21727
2,2512,50240000,50240000,47,77,50260000,21735
2,2513,50260000,50260000,47,77,50280000,21745
2,2514,50280000,50280000,47,77,50300000,21751
2,2515,50300000,50300000,47,77,50320000,21760
2,2516,50320000,50320000,47,77,50340000,21770
2,2517,50340000,50340000,47,77,50360000,21779
2,2518,50360000,50360000,47,77,50380000,21788
2,2519,50380000,50380000,47,77,50400000,21793
2,252,5040000,5040000,47,77,5060000,2184
2,2520,50400000,50400000,47,77,50420000,21804
2,2521,50420000,50420000,47,77,50440000,21813
2,2522,50440000,50440000,47,77,50460000,21822
2,2523,50460000,50460000,47,77,50480000,21831
2,2524,50480000,50480000,47,77,50500000,21838
2,2525,50500000,50500000,47,77,50520000,21847
2,2526,50520000,50520000,47,77,50540000,21856
2,2527,50540000,50540000,47,77,50560000,21865
2,2528,50560000,50560000,47,77,50580000,21875
2,2529,50580000,50580000,47,77,50600000,21881
2,253,5060000,5060000,47,77,5080000,2193
2,2530,50600000,50600000,47,77,50620000,21890
2,2531,50620000,50620000,47,77,50640000,21899
2,2532,50640000,50640000,47,77,50660000,21908
2,2533,50660000,50660000,47,77,50680000,21918
2,2534,50680000,50680000,47,77,50700000,21924
2,2535,50700000,50700000,47,77,50720000,21934
2,2536,50720000,50720000,47,77,50740000,21942
2,2537,50740000,50740000,47,77,50760000,21952
2,2538,50760000,50760000,47,77,50780000,21961
2,2539,50780000,50780000,47,77,50800000,21967
2,254,5080000,5080000,47,77,5100000,2199
2,2540,50800000,50800000,47,77,50820000,21976
2,2541,50820000,50820000,47,77,50840000,21986
2,2542,50840000,50840000,47,77,50860000,21996
2,2543,50860000,50860000,47,77,50880000,22004
2,2544,50880000,50880000,47,77,50900000,22011
2,2545,50900000,50900000,47,77,50920000,22020
2,2546,50920000,50920000,47,77,50940000,22029
2,2547,50940000,50940000,47,77,50960000,22038
2,2548,50960000,50960000,47,77,50980000,22047
2,2549,50980000,50980000,47,77,51000000,22054
2,255,5100000,5100000,47,77,5120000,2209
2,2550,51000000,51000000,47,77,51020000,22063
2,2551,51020000,51020000,47,77,51040000,22073
2,2552,51040000,51040000,47,77,51060000,22081
2,2553,51060000,51060000,47,77,51080000,22091
2,2554,51080000,51080000,47,77,51100000,22097
2,2555,51100000,51100000,47,77,51120000,22106
2,2556,51120000,51120000,47,77,51140000,22116
2,2557,51140000,51140000,47,77,51160000,22124
2,2558,51160000,51160000,47,77,51180000,22135
2,2559,51180000,51180000,47,77,51200000,22140
2,256,5120000,5120000,47,77,5140000,2218
2,2560,51200000,51200000,47,77,51220000,22150
2,2561,51220000,51220000,47,77,51240000,22158
2,2562,51240000,51240000,47,77,51260000,22169
2,2563,51260000,51260000,47,77,51280000,22178
2,2564,51280000,51280000,47,77,51300000,22183
2,2565,51300000,51300000,47,77,51320000,22193
2,2566,51320000,51320000,47,77,51340000,22201
2,2567,51340000,51340000,47,77,51360000,22212
2,2568,51360000,51360000,47,77,51380000,22220
2,2569,51380000,51380000,47,77,51400000,22227
2,257,5140000,5140000,47,77,5160000,2227
2,2570,51400000,51400000,47,77,51420000,22236
2,2571,51420000,51420000,47,77,51440000,22246
2,2572,51440000,51440000,47,77,51460000,22255
2,2573,51460000,51460000,47,77,51480000,22263
2,2574,51480000,51480000,47,77,51500000,22270
2,2575,51500000,51500000,47,77,51520000,22279
2,2576,51520000,51520000,47,77,51540000,22289
2,2577,51540000,51540000,47,77,51560000,22298
2,2578,51560000,51560000,47,77,51580000,22307
2,2579,51580000,51580000,47,77,51600000,22314
2,258,5160000,5160000,47,77,5180000,2236
2,2580,51600000,51600000,47,77,51620000,22323
2,2581,51620000,51620000,47,77,51640000,22332
2,2582,51640000,51640000,47,77,51660000,22340
2,2583,51660000,51660000,47,77,51680000,22350
2,2584,51680000,51680000,47,77,51700000,22357
2,2585,51700000,51700000,47,77,51720000,22366
2,2586,51720000,51720000,47,77,51740000,22375
2,2587,51740000,51740000,47,77,51760000,22384
2,2588,51760000,51760000,47,77,51780000,22394
2,2589,51780000,51780000,47,77,51800000,22400
2,259,5180000,5180000,47,77,5200000,2243
2,2590,51800000,51800000,47,77,51820000,22409
2,2591,51820000,51820000,47,77,51840000,22418
2,2592,51840000,51840000,47,77,51860000,22428
2,2593,51860000,51860000,47,77,51880000,22437
2,2594,51880000,51880000,47,77,51900000,22443
2,2595,51900000,51900000,47,77,51920000,22452
2,2596,51920000,51920000,47,77,51940000,22462
2,2597,51940000,51940000,47,77,51960000,22471
2,2598,51960000,51960000,47,77,51980000,22481
2,2599,51980000,51980000,47,77,52000000,22486
2,26,520000,520000,47,77,540000,228
2,260,5200000,5200000,47,77,5220000,2252
2,2600,52000000,52000000,47,77,52020000,22495
2,2601,52020000,52020000,47,77,52040000,22505
2,2602,52040000,52040000,47,77,52060000,22514
2,2603,52060000,52060000,47,77,52080000,22523
2,2604,52080000,52080000,47,77,52100000,22529
2,2605,52100000,52100000,47,77,52120000,22540
2,2606,52120000,52120000,47,77,52140000,22548
2,2607,52140000,52140000,47,77,52160000,22558
2,2608,52160000,52160000,47,77,52180000,22566
2,2609,52180000,52180000,47,77,52200000,22573
2,261,5220000,5220000,47,77,5240000,2261
2,2610,52200000,52200000,47,77,52220000,22582
2,2611,52220000,52220000,47,77,52240000,22591
2,2612,52240000,52240000,47,77,52260000,22601
2,2613,52260000,52260000,47,77,52280000,22610
2,2614,52280000,52280000,47,77,52300000,22617
2,2615,52300000,52300000,47,77,52320000,22625
2,2616,52320000,52320000,47,77,52340000,22635
2,2617,52340000,52340000,47,77,52360000,22643
2,2618,52360000,52360000,47,77,52380000,22653
2,2619,52380000,52380000,47,77,52400000,22660
2,262,5240000,5240000,47,77,5260000,2270
2,2620,52400000,52400000,47,77,52420000,22668
2,2621,52420000,52420000,47,77,52440000,22678
2,2622,52440000,52440000,47,77,52460000,22687
2,2623,52460000,52460000,47,77,52480000,22697
2,2624,52480000,52480000,47,77,52500000,22702
2,2625,52500000,52500000,47,77,52520000,22712
2,2626,52520000,52520000,47,77,52540000,22722
2,2627,52540000,52540000,47,77,52560000,22730
2,2628,52560000,52560000,47,77,52580000,22740
2,2629,52580000,52580000,47,77,52600000,22745
2,263,5260000,5260000,47,77,5280000,2280
2,2630,52600000,52600000,47,77,52620000,22756
2,2631,52620000,52620000,47,77,52640000,22764
2,2632,52640000,52640000,47,77,52660000,22774
2,2633,52660000,52660000,47,77,52680000,22783
2,2634,52680000,52680000,47,77,52700000,22789
2,2635,52700000,52700000,47,77,52720000,22799
2,2636,52720000,52720000,47,77,52740000,22807
2,2637,52740000,52740000,47,77,52760000,22817
2,2638,52760000,52760000,47,77,52780000,22825
2,2639,52780000,52780000,47,77,52800000,22833
2,264,5280000,5280000,47,77,5300000,2286
2,2640,52800000,52800000,47,77,52820000,22842
2,2641,52820000,52820000,47,77,52840000,22851
2,2642,52840000,52840000,47,77,52860000,22860
2,2643,52860000,52860000,47,77,52880000,22870
2,2644,52880000,52880000,47,77,52900000,22876
2,2645,52900000,52900000,47,77,52920000,22884
2,2646,52920000,52920000,47,77,52940000,22894
2,2647,52940000,52940000,47,77,52960000,22904
2,2648,52960000,52960000,47,77,52980000,22913
2,2649,52980000,52980000,47,77,53000000,22919
2,265,5300000,5300000,47,77,5320000,2295
2,2650,53000000,53000000,47,77,53020000,22928
2,2651,53020000,53020000,47,77,53040000,22937
2,2652,53040000,53040000,47,77,53060000,22947
2,2653,53060000,53060000,47,77,53080000,22956
2,2654,53080000,53080000,47,77,53100000,22962
2,2655,53100000,53100000,47,77,53120000,22971
2,2656,53120000,53120000,47,77,53140000,22981
2,2657,53140000,53140000,47,77,53160000,22990
2,2658,53160000,53160000,47,77,53180000,22999
2,2659,53180000,53180000,47,77,53200000,23005
2,266,5320000,5320000,47,77,5340000,2304
2,2660,53200000,53200000,47,77,53220000,23015
2,2661,53220000,53220000,47,77,53240000,23025
2,2662,53240000,53240000,47,77,53260000,23033
2,2663,53260000,53260000,47,77,53280000,23042
2,2664,53280000,53280000,47,77,53300000,23049
2,2665,53300000,53300000,47,77,53320000,23058
2,2666,53320000,53320000,47,77,53340000,23067
2,2667,53340000,53340000,47,77,53360000,23076
2,2668,53360000,53360000,47,77,53380000,23086
2,2669,53380000,53380000,47,77,53400000,23092
2,267,5340000,5340000,47,77,5360000,2315
2,2670,53400000,53400000,47,77,53420000,23102
2,2671,53420000,53420000,47,77,53440000,23110
2,2672,53440000,53440000,47,77,53460000,23119
2,2673,53460000,53460000,47,77,53480000,23129
2,2674,53480000,53480000,47,77,53500000,23135
2,2675,53500000,53500000,47,77,53520000,23145
2,2676,53520000,53520000,47,77,53540000,23153
2,2677,53540000,53540000,47,77,53560000,23164
2,2678,53560000,53560000,47,77,53580000,23172
2,2679,53580000,53580000,47,77,53600000,23179
2,268,5360000,5360000,47,77,5380000,2323
2,2680,53600000,53600000,47,77,53620000,23187
2,2681,53620000,53620000,47,77,53640000,23197
2,2682,53640000,53640000,47,77,53660000,23207
2,2683,53660000,53660000,47,77,53680000,23215
2,2684,53680000,53680000,47,77,53700000,23222
2,2685,53700000,53700000,47,77,53720000,23230
2,2686,53720000,53720000,47,77,53740000,23241
2,2687,53740000,53740000,47,77,53760000,23249
2,2688,53760000,53760000,47,77,53780000,23259
2,2689,53780000,53780000,47,77,53800000,23265
2,269,5380000,5380000,47,77,5400000,2329
2,2690,53800000,53800000,47,77,53820000,23274
2,2691,53820000,53820000,47,77,53840000,23284
2,2692,53840000,53840000,47,77,53860000,23292
2,2693,53860000,53860000,47,77,53880000,23302
2,2694,53880000,53880000,47,77,53900000,23308
2,2695,53900000,53900000,47,77,53920000,23318
2,2696,53920000,53920000,47,77,53940000,23327
2,2697,53940000,53940000,47,77,53960000,23336
2,2698,53960000,53960000,47,77,53980000,23346
2,2699,53980000,53980000,47,77,54000000,23351
2,27,540000,540000,47,77,560000,237
2,270,5400000,5400000,47,77,5420000,2338
2,2700,54000000,54000000,47,77,54020000,23361
2,2701,54020000,54020000,47,77,54040000,23369
2,2702,54040000,54040000,47,77,54060000,23379
2,2703,54060000,54060000,47,77,54080000,23389
2,2704,54080000,54080000,47,77,54100000,23395
2,2705,54100000,54100000,47,77,54120000,23404
2,2706,54120000,54120000,47,77,54140000,23413
2,2707,54140000,54140000,47,77,54160000,23423
2,2708,54160000,54160000,47,77,54180000,23431
2,2709,54180000,54180000,47,77,54200000,23438
2,271,5420000,5420000,47,77,5440000,2347
2,2710,54200000,54200000,47,77,54220000,23447
2,2711,54220000,54220000,47,77,54240000,23457
2,2712,54240000,54240000,47,77,54260000,23466
2,2713,54260000,54260000,47,77,54280000,23475
2,2714,54280000,54280000,47,77,54300000,23481
2,2715,54300000,54300000,47,77,54320000,23491
2,2716,54320000,54320000,47,77,54340000,23500
2,2717,54340000,54340000,47,77,54360000,23509
2,2718,54360000,54360000,47,77,54380000,23518
2,2719,54380000,54380000,47,77,54400000,23524
2,272,5440000,5440000,47,77,5460000,2357
2,2720,54400000,54400000,47,77,54420000,23534
2,2721,54420000,54420000,47,77,54440000,23543
2,2722,54440000,54440000,47,77,54460000,23552
2,2723,54460000,54460000,47,77,54480000,23561
2,2724,54480000,54480000,47,77,54500000,23569
2,2725,54500000,54500000,47,77,54520000,23577
2,2726,54520000,54520000,47,77,54540000,23586
2,2727,54540000,54540000,47,77,54560000,23595
2,2728,54560000,54560000,47,77,54580000,23605
2,2729,54580000,54580000,47,77,54600000,23611
2,273,5460000,5460000,47,77,5480000,2366
2,2730,54600000,54600000,47,77,54620000,23620
2,2731,54620000,54620000,47,77,54640000,23630
2,2732,54640000,54640000,47,77,54660000,23639
2,2733,54660000,54660000,47,77,54680000,23649
2,2734,54680000,54680000,47,77,54700000,23654
2,2735,54700000,54700000,47,77,54720000,23663
2,2736,54720000,54720000,47,77,54740000,23672
2,2737,54740000,54740000,47,77,54760000,23682
2,2738,54760000,54760000,47,77,54780000,23692
2,2739,54780000,54780000,47,77,54800000,23697
2,274,5480000,5480000,47,77,5500000,2373
2,2740,54800000,54800000,47,77,54820000,23707
2,2741,54820000,54820000,47,77,54840000,23716
2,2742,54840000,54840000,47,77,54860000,23726
2,2743,54860000,54860000,47,77,54880000,23734
2,2744,54880000,54880000,47,77,54900000,23740
2,2745,54900000,54900000,47,77,54920000,23751
2,2746,54920000,54920000,47,77,54940000,23759
2,2747,54940000,54940000,47,77,54960000,23769
2,2748,54960000,54960000,47,77,54980000,23777
2,2749,54980000,54980000,47,77,55000000,23785
2,275,5500000,5500000,47,77,5520000,2381
2,2750,55000000,55000000,47,77,55020000,23793
2,2751,55020000,55020000,47,77,55040000,23803
2,2752,55040000,55040000,47,77,55060000,23812
2,2753,55060000,55060000,47,77,55080000,23820
2,2754,55080000,55080000,47,77,55100000,23828
2,2755,55100000,55100000,47,77,55120000,23836
2,2756,55120000,55120000,47,77,55140000,23846
2,2757,55140000,55140000,47,77,55160000,23854
2,2758,55160000,55160000,47,77,55180000,23865
2,2759,55180000,55180000,47,77,55200000,23871
2,276,5520000,5520000,47,77,5540000,2392
2,2760,55200000,55200000,47,77,55220000,23880
2,2761,55220000,55220000,47,77,55240000,23889
2,2762,55240000,55240000,47,77,55260000,23898
2,2763,55260000,55260000,47,77,55280000,23908
2,2764,55280000,55280000,47,77,55300000,23913
2,2765,55300000,55300000,47,77,55320000,23923
2,2766,55320000,55320000,47,77,55340000,23933
2,2767,55340000,55340000,47,77,55360000,23942
2,2768,55360000,55360000,47,77,55380000,23951
2,2769,55380000,55380000,47,77,55400000,23957
2,277,5540000,5540000,47,77,5560000,2400
2,2770,55400000,55400000,47,77,55420000,23966
2,2771,55420000,55420000,47,77,55440000,23975
2,2772,55440000,55440000,47,77,55460000,23985
2,2773,55460000,55460000,47,77,55480000,23994
2,2774,55480000,55480000,47,77,55500000,24000
2,2775,55500000,55500000,47,77,55520000,24010
2,2776,55520000,55520000,47,77,55540000,24019
2,2777,55540000,55540000,47,77,55560000,24028
2,2778,55560000,55560000,47,77,55580000,24037
2,2779,55580000,55580000,47,77,55600000,24044
2,278,5560000,5560000,47,77,5580000,2409
2,2780,55600000,55600000,47,77,55620000,24053
2,2781,55620000,55620000,47,77,55640000,24062
2,2782,55640000,55640000,47,77,55660000,24071
2,2783,55660000,55660000,47,77,55680000,24081
2,2784,55680000,55680000,47,77,55700000,24087
2,2785,55700000,55700000,47,77,55720000,24096
2,2786,55720000,55720000,47,77,55740000,24105
2,2787,55740000,55740000,47,77,55760000,24115
2,2788,55760000,55760000,47,77,55780000,24124
2,2789,55780000,55780000,47,77,55800000,24130
2,279,5580000,5580000,47,77,5600000,2415
2,2790,55800000,55800000,47,77,55820000,24139
2,2791,55820000,55820000,47,77,55840000,24148
2,2792,55840000,55840000,47,77,55860000,24158
2,2793,55860000,55860000,47,77,55880000,24167
2,2794,55880000,55880000,47,77,55900000,24174
2,2795,55900000,55900000,47,77,55920000,24182
2,2796,55920000,55920000,47,77,55940000,24193
2,2797,55940000,55940000,47,77,55960000,24201
2,2798,55960000,55960000,47,77,55980000,24210
2,2799,55980000,55980000,47,77,56000000,24216
2,28,560000,560000,47,77,580000,246
2,280,5600000,5600000,47,77,5620000,2425
2,2800,56000000,56000000,47,77,56020000,24226
2,2801,56020000,56020000,47,77,56040000,24236
2,2802,56040000,56040000,47,77,56060000,24244
2,2803,56060000,56060000,47,77,56080000,24254
2,2804,56080000,56080000,47,77,56100000,24259
2,2805,56100000,56100000,47,77,56120000,24270
2,2806,56120000,56120000,47,77,56140000,24278
2,2807,56140000,56140000,47,77,56160000,24287
2,2808,56160000,56160000,47,77,56180000,24297
2,2809,56180000,56180000,47,77,56200000,24303
2,281,5620000,5620000,47,77,5640000,2435
2,2810,56200000,56200000,47,77,56220000,24313
2,2811,56220000,56220000,47,77,56240000,24321
2,2812,56240000,56240000,47,77,56260000,24331
2,2813,56260000,56260000,47,77,56280000,24340
2,2814,56280000,56280000,47,77,56300000,24347
2,2815,56300000,56300000,47,77,56320000,24356
2,2816,56320000,56320000,47,77,56340000,24364
2,2817,56340000,56340000,47,77,56360000,24375
2,2818,56360000,56360000,47,77,56380000,24383
2,2819,56380000,56380000,47,77,56400000,24390
2,282,5640000,5640000,47,77,5660000,2443
2,2820,56400000,56400000,47,77,56420000,24398
2,2821,56420000,56420000,47,77,56440000,24408
2,2822,56440000,56440000,47,77,56460000,24418
2,2823,56460000,56460000,47,77,56480000,24427
2,2824,56480000,56480000,47,77,56500000,24433
2,2825,56500000,56500000,47,77,56520000,24441
2,2826,56520000,56520000,47,77,56540000,24452
2,2827,56540000,56540000,47,77,56560000,24460
2,2828,56560000,56560000,47,77,56580000,24470
2,2829,56580000,56580000,47,77,56600000,24476
2,283,5660000,5660000,47,77,5680000,2453
2,2830,56600000,56600000,47,77,56620000,24486
2,2831,56620000,56620000,47,77,56640000,24495
2,2832,56640000,56640000,47,77,56660000,24504
2,2833,56660000,56660000,47,77,56680000,24513
2,2834,56680000,56680000,47,77,56700000,24519
2,2835,56700000,56700000,47,77,56720000,24529
2,2836,56720000,56720000,47,77,56740000,24538
2,2837,56740000,56740000,47,77,56760000,24547
2,2838,56760000,56760000,47,77,56780000,24556
2,2839,56780000,56780000,47,77,56800000,24563
2,284,5680000,5680000,47,77,5700000,2459
2,2840,56800000,56800000,47,77,56820000,24572
2,2841,56820000,56820000,47,77,56840000,24581
2,2842,56840000,56840000,47,77,56860000,24590
2,2843,56860000,56860000,47,77,56880000,24600
2,2844,56880000,56880000,47,77,56900000,24606
2,2845,56900000,56900000,47,77,56920000,24615
2,2846,56920000,56920000,47,77,56940000,24624
2,2847,56940000,56940000,47,77,56960000,24634
2,2848,56960000,56960000,47,77,56980000,24643
2,2849,56980000,56980000,47,77,57000000,24649
2,285,5700000,5700000,47,77,5720000,2469
2,2850,57000000,57000000,47,77,57020000,24659
2,2851,57020000,57020000,47,77,57040000,24668
2,2852,57040000,57040000,47,77,57060000,24677
2,2853,57060000,57060000,47,77,57080000,24686
2,2854,57080000,57080000,47,77,57100000,24692
2,2855,57100000,57100000,47,77,57120000,24701
2,2856,57120000,57120000,47,77,57140000,24711
2,2857,57140000,57140000,47,77,57160000,24721
2,2858,57160000,57160000,47,77,57180000,24729
2,2859,57180000,57180000,47,77,57200000,24736
2,286,5720000,5720000,47,77,5740000,2477
2,2860,57200000,57200000,47,77,57220000,24745
2,2861,57220000,57220000,47,77,57240000,24754
2,2862,57240000,57240000,47,77,57260000,24763
2,2863,57260000,57260000,47,77,57280000,24772
2,2864,57280000,57280000,47,77,57300000,24780
2,2865,57300000,57300000,47,77,57320000,24788
2,2866,57320000,57320000,47,77,57340000,24798
2,2867,57340000,57340000,47,77,57360000,24806
2,2868,57360000,57360000,47,77,57380000,24817
2,2869,57380000,57380000,47,77,57400000,24822
2,287,5740000,5740000,47,77,5760000,2486
2,2870,57400000,57400000,47,77,57420000,24831
2,2871,57420000,57420000,47,77,57440000,24841
2,2872,57440000,57440000,47,77,57460000,24849
2,2873,57460000,57460000,47,77,57480000,24860
2,2874,57480000,57480000,47,77,57500000,24865
2,2875,57500000,57500000,47,77,57520000,24875
2,2876,57520000,57520000,47,77,57540000,24883
2,2877,57540000,57540000,47,77,57560000,24894
2,2878,57560000,57560000,47,77,57580000,24903
2,2879,57580000,57580000,47,77,57600000,24908
2,288,5760000,5760000,47,77,5780000,2496
2,2880,57600000,57600000,47,77,57620000,24918
2,2881,57620000,57620000,47,77,57640000,24927
2,2882,57640000,57640000,47,77,57660000,24937
2,2883,57660000,57660000,47,77,57680000,24945
2,2884,57680000,57680000,47,77,57700000,24952
2,2885,57700000,57700000,47,77,57720000,24962
2,2886,57720000,57720000,47,77,57740000,24971
2,2887,57740000,57740000,47,77,57760000,24980
2,2888,57760000,57760000,47,77,57780000,24988
2,2889,57780000,57780000,47,77,57800000,24995
2,289,5780000,5780000,47,77,5800000,2502
2,2890,57800000,57800000,47,77,57820000,25004
2,2891,57820000,57820000,47,77,57840000,25014
2,2892,57840000,57840000,47,77,57860000,25023
2,2893,57860000,57860000,47,77,57880000,25032
2,2894,57880000,57880000,47,77,57900000,25039
2,2895,57900000,57900000,47,77,57920000,25048
2,2896,57920000,57920000,47,77,57940000,25057
2,2897,57940000,57940000,47,77,57960000,25065
2,2898,57960000,57960000,47,77,57980000,25076
2,2899,57980000,57980000,47,77,58000000,25082
2,29,580000,580000,47,77,600000,254
2,290,5800000,5800000,47,77,5820000,2512
2,2900,58000000,58000000,47,77,58020000,25091
2,2901,58020000,58020000,47,77,58040000,25100
2,2902,58040000,58040000,47,77,58060000,25110
2,2903,58060000,58060000,47,77,58080000,25119
2,2904,58080000,58080000,47,77,58100000,25125
2,2905,58100000,58100000,47,77,58120000,25134
2,2906,58120000,58120000,47,77,58140000,25143
2,2907,58140000,58140000,47,77,58160000,25153
2,2908,58160000,58160000,47,77,58180000,25162
2,2909,58180000,58180000,47,77,58200000,25168
2,291,5820000,5820000,47,77,5840000,2520
2,2910,58200000,58200000,47,77,58220000,25177
2,2911,58220000,58220000,47,77,58240000,25187
2,2912,58240000,58240000,47,77,58260000,25196
2,2913,58260000,58260000,47,77,58280000,25206
2,2914,58280000,58280000,47,77,58300000,25211
2,2915,58300000,58300000,47,77,58320000,25221
2,2916,58320000,58320000,47,77,58340000,25230
2,2917,58340000,58340000,47,77,58360000,25239
2,2918,58360000,58360000,47,77,58380000,25248
2,2919,58380000,58380000,47,77,58400000,25255
2,292,5840000,5840000,47,77,5860000,2530
2,2920,58400000,58400000,47,77,58420000,25265
2,2921,58420000,58420000,47,77,58440000,25273
2,2922,58440000,58440000,47,77,58460000,25283
2,2923,58460000,58460000,47,77,58480000,25291
2,2924,58480000,58480000,47,77,58500000,25298
2,2925,58500000,58500000,47,77,58520000,25307
2,2926,58520000,58520000,47,77,58540000,25316
2,2927,58540000,58540000,47,77,58560000,25326
2,2928,58560000,58560000,47,77,58580000,25335
2,2929,58580000,58580000,47,77,58600000,25342
2,293,5860000,5860000,47,77,5880000,2539
2,2930,58600000,58600000,47,77,58620000,25350
2,2931,58620000,58620000,47,77,58640000,25360
2,2932,58640000,58640000,47,77,58660000,25369
2,2933,58660000,58660000,47,77,58680000,25378
2,2934,58680000,58680000,47,77,58700000,25385
2,2935,58700000,58700000,47,77,58720000,25393
2,2936,58720000,58720000,47,77,58740000,25404
2,2937,58740000,58740000,47,77,58760000,25412
2,2938,58760000,58760000,47,77,58780000,25422
2,2939,58780000,58780000,47,77,58800000,25427
2,294,5880000,5880000,47,77,5900000,2546
2,2940,58800000,58800000,47,77,58820000,25437
2,2941,58820000,58820000,47,77,58840000,25447
2,2942,58840000,58840000,47,77,58860000,25455
2,2943,58860000,58860000,47,77,58880000,25465
2,2944,58880000,58880000,47,77,58900000,25470
2,2945,58900000,58900000,47,77,58920000,25481
2,2946,58920000,58920000,47,77,58940000,25489
2,2947,58940000,58940000,47,77,58960000,25499
2,2948,58960000,58960000,47,77,58980000,25508
2,2949,58980000,58980000,47,77,59000000,25515
2,295,5900000,5900000,47,77,5920000,2555
2,2950,59000000,59000000,47,77,59020000,25524
2,2951,59020000,59020000,47,77,59040000,25532
2,2952,59040000,59040000,47,77,59060000,25542
2,2953,59060000,59060000,47,77,59080000,25551
2,2954,59080000,59080000,47,77,59100000,25558
2,2955,59100000,59100000,47,77,59120000,25567
2,2956,59120000,59120000,47,77,59140000,25576
2,2957,59140000,59140000,47,77,59160000,25585
2,2958,59160000,59160000,47,77,59180000,25595
2,2959,59180000,59180000,47,77,59200000,25601
2,296,5920000,5920000,47,77,5940000,2563
2,2960,59200000,59200000,47,77,59220000,25609
2,2961,59220000,59220000,47,77,59240000,25619
2,2962,59240000,59240000,47,77,59260000,25629
2,2963,59260000,59260000,47,77,59280000,25638
2,2964,59280000,59280000,47,77,59300000,25644
2,2965,59300000,59300000,47,77,59320000,25653
2,2966,59320000,59320000,47,77,59340000,25663
2,2967,59340000,59340000,47,77,59360000,25672
2,2968,59360000,59360000,47,77,59380000,25681
2,2969,59380000,59380000,47,77,59400000,25687
2,297,5940000,5940000,47,77,5960000,2574
2,2970,59400000,59400000,47,77,59420000,25697
2,2971,59420000,59420000,47,77,59440000,25706
2,2972,59440000,59440000,47,77,59460000,25715
2,2973,59460000,59460000,47,77,59480000,25724
2,2974,59480000,59480000,47,77,59500000,25730
2,2975,59500000,59500000,47,77,59520000,25740
2,2976,59520000,59520000,47,77,59540000,25750
2,2977,59540000,59540000,47,77,59560000,25758
2,2978,59560000,59560000,47,77,59580000,25767
2,2979,59580000,59580000,47,77,59600000,25774
2,298,5960000,5960000,47,77,5980000,2582
2,2980,59600000,59600000,47,77,59620000,25783
2,2981,59620000,59620000,47,77,59640000,25792
2,2982,59640000,59640000,47,77,59660000,25801
2,2983,59660000,59660000,47,77,59680000,25812
2,2984,59680000,59680000,47,77,59700000,25817
2,2985,59700000,59700000,47,77,59720000,25827
2,2986,59720000,59720000,47,77,59740000,25835
2,2987,59740000,59740000,47,77,59760000,25845
2,2988,59760000,59760000,47,77,59780000,25854
2,2989,59780000,59780000,47,77,59800000,25860
2,299,5980000,5980000,47,77,6000000,2589
2,2990,59800000,59800000,47,77,59820000,25870
2,2991,59820000,59820000,47,77,59840000,25878
2,2992,59840000,59840000,47,77,59860000,25889
2,2993,59860000,59860000,47,77,59880000,25897
2,2994,59880000,59880000,47,77,59900000,25904
2,2995,59900000,59900000,47,77,59920000,25912
2,2996,59920000,59920000,47,77,59940000,25922
2,2997,59940000,59940000,47,77,59960000,25932
2,2998,59960000,59960000,47,77,59980000,25940
2,2999,59980000,59980000,47,77,60000000,25947
2,3,60000,60000,47,77,80000,30
2,30,600000,600000,47,77,620000,262
2,300,6000000,6000000,47,77,6020000,2597
2,3000,60000000,60000000,47,77,60020000,25956
2,3001,60020000,60020000,47,77,60040000,25966
2,3002,60040000,60040000,47,77,60060000,25974
2,3003,60060000,60060000,47,77,60080000,25984
2,3004,60080000,60080000,47,77,60100000,25991
2,3005,60100000,60100000,47,77,60120000,25999
2,3006,60120000,60120000,47,77,60140000,26009
2,3007,60140000,60140000,47,77,60160000,26017
2,3008,60160000,60160000,47,77,60180000,26027
2,3009,60180000,60180000,47,77,60200000,26033
2,301,6020000,6020000,47,77,6040000,2608
2,3010,60200000,60200000,47,77,60220000,26043
2,3011,60220000,60220000,47,77,60240000,26052
2,3012,60240000,60240000,47,77,60260000,26061
2,3013,60260000,60260000,47,77,60280000,26071
2,3014,60280000,60280000,47,77,60300000,26076
2,3015,60300000,60300000,47,77,60320000,26086
2,3016,60320000,60320000,47,77,60340000,26094
2,3017,60340000,60340000,47,77,60360000,26105
2,3018,60360000,60360000,47,77,60380000,26114
2,3019,60380000,60380000,47,77,60400000,26120
2,302,6040000,6040000,47,77,6060000,2617
2,3020,60400000,60400000,47,77,60420000,26129
2,3021,60420000,60420000,47,77,60440000,26139
2,3022,60440000,60440000,47,77,60460000,26148
2,3023,60460000,60460000,47,77,60480000,26156
2,3024,60480000,60480000,47,77,60500000,26163
2,3025,60500000,60500000,47,77,60520000,26172
2,3026,60520000,60520000,47,77,60540000,26182
2,3027,60540000,60540000,47,77,60560000,26191
2,3028,60560000,60560000,47,77,60580000,26200
2,3029,60580000,60580000,47,77,60600000,26206
2,303,6060000,6060000,47,77,6080000,2626
2,3030,60600000,60600000,47,77,60620000,26216
2,3031,60620000,60620000,47,77,60640000,26225
2,3032,60640000,60640000,47,77,60660000,26234
2,3033,60660000,60660000,47,77,60680000,26243
2,3034,60680000,60680000,47,77,60700000,26250
2,3035,60700000,60700000,47,77,60720000,26259
2,3036,60720000,60720000,47,77,60740000,26268
2,3037,60740000,60740000,47,77,60760000,26277
2,3038,60760000,60760000,47,77,60780000,26287
2,3039,60780000,60780000,47,77,60800000,26294
2,304,6080000,6080000,47,77,6100000,2632
2,3040,60800000,60800000,47,77,60820000,26302
2,3041,60820000,60820000,47,77,60840000,26311
2,3042,60840000,60840000,47,77,60860000,26320
2,3043,60860000,60860000,47,77,60880000,26330
2,3044,60880000,60880000,47,77,60900000,26336
2,3045,60900000,60900000,47,77,60920000,26345
2,3046,60920000,60920000,47,77,60940000,26355
2,3047,60940000,60940000,47,77,60960000,26364
2,3048,60960000,60960000,47,77,60980000,26374
2,3049,60980000,60980000,47,77,61000000,26379
2,305,6100000,6100000,47,77,6120000,2640
2,3050,61000000,61000000,47,77,61020000,26388
2,3051,61020000,61020000,47,77,61040000,26398
2,3052,61040000,61040000,47,77,61060000,26407
2,3053,61060000,61060000,47,77,61080000,26417
2,3054,61080000,61080000,47,77,61100000,26422
2,3055,61100000,61100000,47,77,61120000,26433
2,3056,61120000,61120000,47,77,61140000,26441
2,3057,61140000,61140000,47,77,61160000,26451
2,3058,61160000,61160000,47,77,61180000,26459
2,3059,61180000,61180000,47,77,61200000,26465
2,306,6120000,6120000,47,77,6140000,2651
2,3060,61200000,61200000,47,77,61220000,26476
2,3061,61220000,61220000,47,77,61240000,26484
2,3062,61240000,61240000,47,77,61260000,26494
2,3063,61260000,61260000,47,77,61280000,26502
2,3064,61280000,61280000,47,77,61300000,26510
2,3065,61300000,61300000,47,77,61320000,26518
2,3066,61320000,61320000,47,77,61340000,26528
2,3067,61340000,61340000,47,77,61360000,26537
2,3068,61360000,61360000,47,77,61380000,26546
2,3069,61380000,61380000,47,77,61400000,26553
2,307,6140000,6140000,47,77,6160000,2659
2,3070,61400000,61400000,47,77,61420000,26561
2,3071,61420000,61420000,47,77,61440000,26571
2,3072,61440000,61440000,47,77,61460000,26580
2,3073,61460000,61460000,47,77,61480000,26590
2,3074,61480000,61480000,47,77,61500000,26596
2,3075,61500000,61500000,47,77,61520000,26605
2,3076,61520000,61520000,47,77,61540000,26614
2,3077,61540000,61540000,47,77,61560000,26623
2,3078,61560000,61560000,47,77,61580000,26633
2,3079,61580000,61580000,47,77,61600000,26638
2,308,6160000,6160000,47,77,6180000,2669
2,3080,61600000,61600000,47,77,61620000,26648
2,3081,61620000,61620000,47,77,61640000,26658
2,3082,61640000,61640000,47,77,61660000,26667
2,3083,61660000,61660000,47,77,61680000,26676
2,3084,61680000,61680000,47,77,61700000,26682
2,3085,61700000,61700000,47,77,61720000,26692
2,3086,61720000,61720000,47,77,61740000,26700
2,3087,61740000,61740000,47,77,61760000,26710
2,3088,61760000,61760000,47,77,61780000,26719
2,3089,61780000,61780000,47,77,61800000,26726
2,309,6180000,6180000,47,77,6200000,2675
2,3090,61800000,61800000,47,77,61820000,26735
2,3091,61820000,61820000,47,77,61840000,26744
2,3092,61840000,61840000,47,77,61860000,26753
2,3093,61860000,61860000,47,77,61880000,26762
2,3094,61880000,61880000,47,77,61900000,26769
2,3095,61900000,61900000,47,77,61920000,26778
2,3096,61920000,61920000,47,77,61940000,26787
2,3097,61940000,61940000,47,77,61960000,26796
2,3098,61960000,61960000,47,77,61980000,26806
2,3099,61980000,61980000,47,77,62000000,26812
2,31,620000,620000,47,77,640000,272
2,310,6200000,6200000,47,77,6220000,2685
2,3100,62000000,62000000,47,77,62020000,26821
2,3101,62020000,62020000,47,77,62040000,26830
2,3102,62040000,62040000,47,77,62060000,26841
2,3103,62060000,62060000,47,77,62080000,26849
2,3104,62080000,62080000,47,77,62100000,26855
2,3105,62100000,62100000,47,77,62120000,26864
2,3106,62120000,62120000,47,77,62140000,26874
2,3107,62140000,62140000,47,77,62160000,26883
2,3108,62160000,62160000,47,77,62180000,26892
2,3109,62180000,62180000,47,77,62200000,26899
2,311,6220000,6220000,47,77,6240000,2694
2,3110,62200000,62200000,47,77,62220000,26907
2,3111,62220000,62220000,47,77,62240000,26918
2,3112,62240000,62240000,47,77,62260000,26926
2,3113,62260000,62260000,47,77,62280000,26935
2,3114,62280000,62280000,47,77,62300000,26941
2,3115,62300000,62300000,47,77,62320000,26951
2,3116,62320000,62320000,47,77,62340000,26961
2,3117,62340000,62340000,47,77,62360000,26969
2,3118,62360000,62360000,47,77,62380000,26979
2,3119,62380000,62380000,47,77,62400000,26985
2,312,6240000,6240000,47,77,6260000,2703
2,3120,62400000,62400000,47,77,62420000,26995
2,3121,62420000,62420000,47,77,62440000,27003
2,3122,62440000,62440000,47,77,62460000,27012
2,3123,62460000,62460000,47,77,62480000,27023
2,3124,62480000,62480000,47,77,62500000,27028
2,3125,62500000,62500000,47,77,62520000,27038
2,3126,62520000,62520000,47,77,62540000,27046
2,3127,62540000,62540000,47,77,62560000,27056
2,3128,62560000,62560000,47,77,62580000,27065
2,3129,62580000,62580000,47,77,62600000,27072
2,313,6260000,6260000,47,77,6280000,2712
2,3130,62600000,62600000,47,77,62620000,27081
2,3131,62620000,62620000,47,77,62640000,27089
2,3132,62640000,62640000,47,77,62660000,27100
2,3133,62660000,62660000,47,77,62680000,27108
2,3134,62680000,62680000,47,77,62700000,27115
2,3135,62700000,62700000,47,77,62720000,27123
2,3136,62720000,62720000,47,77,62740000,27134
2,3137,62740000,62740000,47,77,62760000,27143
2,3138,62760000,62760000,47,77,62780000,27152
2,3139,62780000,62780000,47,77,62800000,27158
2,314,6280000,6280000,47,77,6300000,2718
2,3140,62800000,62800000,47,77,62820000,27167
2,3141,62820000,62820000,47,77,62840000,27177
2,3142,62840000,62840000,47,77,62860000,27185
2,3143,62860000,62860000,47,77,62880000,27195
2,3144,62880000,62880000,47,77,62900000,27201
2,3145,62900000,62900000,47,77,62920000,27211
2,3146,62920000,62920000,47,77,62940000,27220
2,3147,62940000,62940000,47,77,62960000,27229
2,3148,62960000,62960000,47,77,62980000,27238
2,3149,62980000,62980000,47,77,63000000,27244
2,315,6300000,6300000,47,77,6320000,2728
2,3150,63000000,63000000,47,77,63020000,27254
2,3151,63020000,63020000,47,77,63040000,27263
2,3152,63040000,63040000,47,77,63060000,27272
2,3153,63060000,63060000,47,77,63080000,27282
2,3154,63080000,63080000,47,77,63100000,27288
2,3155,63100000,63100000,47,77,63120000,27297
2,3156,63120000,63120000,47,77,63140000,27306
2,3157,63140000,63140000,47,77,63160000,27316
2,3158,63160000,63160000,47,77,63180000,27325
2,3159,63180000,63180000,47,77,63200000,27331
2,316,6320000,6320000,47,77,6340000,2737
2,3160,63200000,63200000,47,77,63220000,27340
2,3161,63220000,63220000,47,77,63240000,27349
2,3162,63240000,63240000,47,77,63260000,27359
2,3163,63260000,63260000,47,77,63280000,27368
2,3164,63280000,63280000,47,77,63300000,27374
2,3165,63300000,63300000,47,77,63320000,27384
2,3166,63320000,63320000,47,77,63340000,27393
2,3167,63340000,63340000,47,77,63360000,27402
2,3168,63360000,63360000,47,77,63380000,27411
2,3169,63380000,63380000,47,77,63400000,27417
2,317,6340000,6340000,47,77,6360000,2746
2,3170,63400000,63400000,47,77,63420000,27427
2,3171,63420000,63420000,47,77,63440000,27436
2,3172,63440000,63440000,47,77,63460000,27446
2,3173,63460000,63460000,47,77,63480000,27454
2,3174,63480000,63480000,47,77,63500000,27462
2,3175,63500000,63500000,47,77,63520000,27470
2,3176,63520000,63520000,47,77,63540000,27479
2,3177,63540000,63540000,47,77,63560000,27488
2,3178,63560000,63560000,47,77,63580000,27497
2,3179,63580000,63580000,47,77,63600000,27505
2,318,6360000,6360000,47,77,6380000,2756
2,3180,63600000,63600000,47,77,63620000,27513
2,3181,63620000,63620000,47,77,63640000,27523
2,3182,63640000,63640000,47,77,63660000,27531
2,3183,63660000,63660000,47,77,63680000,27542
2,3184,63680000,63680000,47,77,63700000,27547
2,3185,63700000,63700000,47,77,63720000,27556
2,3186,63720000,63720000,47,77,63740000,27566
2,3187,63740000,63740000,47,77,63760000,27575
2,3188,63760000,63760000,47,77,63780000,27585
2,3189,63780000,63780000,47,77,63800000,27590
2,319,6380000,6380000,47,77,6400000,2762
2,3190,63800000,63800000,47,77,63820000,27600
2,3191,63820000,63820000,47,77,63840000,27609
2,3192,63840000,63840000,47,77,63860000,27619
2,3193,63860000,63860000,47,77,63880000,27628
2,3194,63880000,63880000,47,77,63900000,27633
2,3195,63900000,63900000,47,77,63920000,27643
2,3196,63920000,63920000,47,77,63940000,27652
2,3197,63940000,63940000,47,77,63960000,27662
2,3198,63960000,63960000,47,77,63980000,27670
2,3199,63980000,63980000,47,77,64000000,27677
2,32,640000,640000,47,77,660000,280
2,320,6400000,6400000,47,77,6420000,2771
2,3200,64000000,64000000,47,77,64020000,27687
2,3201,64020000,64020000,47,77,64040000,27696
2,3202,64040000,64040000,47,77,64060000,27705
2,3203,64060000,64060000,47,77,64080000,27713
2,3204,64080000,64080000,47,77,64100000,27721
2,3205,64100000,64100000,47,77,64120000,27729
2,3206,64120000,64120000,47,77,64140000,27739
2,3207,64140000,64140000,47,77,64160000,27748
2,3208,64160000,64160000,47,77,64180000,27758
2,3209,64180000,64180000,47,77,64200000,27764
2,321,6420000,6420000,47,77,6440000,2780
2,3210,64200000,64200000,47,77,64220000,27773
2,3211,64220000,64220000,47,77,64240000,27782
2,3212,64240000,64240000,47,77,64260000,27790
2,3213,64260000,64260000,47,77,64280000,27801
2,3214,64280000,64280000,47,77,64300000,27807
2,3215,64300000,64300000,47,77,64320000,27816
2,3216,64320000,64320000,47,77,64340000,27825
2,3217,64340000,64340000,47,77,64360000,27835
2,3218,64360000,64360000,47,77,64380000,27844
2,3219,64380000,64380000,47,77,64400000,27850
2,322,6440000,6440000,47,77,6460000,2789
2,3220,64400000,64400000,47,77,64420000,27859
2,3221,64420000,64420000,47,77,64440000,27869
2,3222,64440000,64440000,47,77,64460000,27878
2,3223,64460000,64460000,47,77,64480000,27887
2,3224,64480000,64480000,47,77,64500000,27893
2,3225,64500000,64500000,47,77,64520000,27903
2,3226,64520000,64520000,47,77,64540000,27912
2,3227,64540000,64540000,47,77,64560000,27921
2,3228,64560000,64560000,47,77,64580000,27931
2,3229,64580000,64580000,47,77,64600000,27936
2,323,6460000,6460000,47,77,6480000,2799
2,3230,64600000,64600000,47,77,64620000,27946
2,3231,64620000,64620000,47,77,64640000,27955
2,3232,64640000,64640000,47,77,64660000,27964
2,3233,64660000,64660000,47,77,64680000,27973
2,3234,64680000,64680000,47,77,64700000,27980
2,3235,64700000,64700000,47,77,64720000,27990
2,3236,64720000,64720000,47,77,64740000,27998
2,3237,64740000,64740000,47,77,64760000,28008
2,3238,64760000,64760000,47,77,64780000,28017
2,3239,64780000,64780000,47,77,64800000,28023
2,324,6480000,6480000,47,77,6500000,2805
2,3240,64800000,64800000,47,77,64820000,28032
2,3241,64820000,64820000,47,77,64840000,28041
2,3242,64840000,64840000,47,77,64860000,28052
2,3243,64860000,64860000,47,77,64880000,28060
2,3244,64880000,64880000,47,77,64900000,28067
2,3245,64900000,64900000,47,77,64920000,28075
2,3246,64920000,64920000,47,77,64940000,28085
2,3247,64940000,64940000,47,77,64960000,28094
2,3248,64960000,64960000,47,77,64980000,28103
2,3249,64980000,64980000,47,77,65000000,28110
2,325,6500000,6500000,47,77,6520000,2814
2,3250,65000000,65000000,47,77,65020000,28118
2,3251,65020000,65020000,47,77,65040000,28129
2,3252,65040000,65040000,47,77,65060000,28137
2,3253,65060000,65060000,47,77,65080000,28147
2,3254,65080000,65080000,47,77,65100000,28152
2,3255,65100000,65100000,47,77,65120000,28163
2,3256,65120000,65120000,47,77,65140000,28172
2,3257,65140000,65140000,47,77,65160000,28180
2,3258,65160000,65160000,47,77,65180000,28190
2,3259,65180000,65180000,47,77,65200000,28196
2,326,6520000,6520000,47,77,6540000,2823
2,3260,65200000,65200000,47,77,65220000,28206
2,3261,65220000,65220000,47,77,65240000,28214
2,3262,65240000,65240000,47,77,65260000,28224
2,3263,65260000,65260000,47,77,65280000,28233
2,3264,65280000,65280000,47,77,65300000,28240
2,3265,65300000,65300000,47,77,65320000,28249
2,3266,65320000,65320000,47,77,65340000,28257
2,3267,65340000,65340000,47,77,65360000,28267
2,3268,65360000,65360000,47,77,65380000,28276
2,3269,65380000,65380000,47,77,65400000,28283
2,327,6540000,6540000,47,77,6560000,2833
2,3270,65400000,65400000,47,77,65420000,28292
2,3271,65420000,65420000,47,77,65440000,28301
2,3272,65440000,65440000,47,77,65460000,28311
2,3273,65460000,65460000,47,77,65480000,28320
2,3274,65480000,65480000,47,77,65500000,28326
2,3275,65500000,65500000,47,77,65520000,28334
2,3276,65520000,65520000,47,77,65540000,28345
2,3277,65540000,65540000,47,77,65560000,28354
2,3278,65560000,65560000,47,77,65580000,28363
2,3279,65580000,65580000,47,77,65600000,28369
2,328,6560000,6560000,47,77,6580000,2842
2,3280,65600000,65600000,47,77,65620000,28378
2,3281,65620000,65620000,47,77,65640000,28388
2,3282,65640000,65640000,47,77,65660000,28397
2,3283,65660000,65660000,47,77,65680000,28406
2,3284,65680000,65680000,47,77,65700000,28412
2,3285,65700000,65700000,47,77,65720000,28422
2,3286,65720000,65720000,47,77,65740000,28431
2,3287,65740000,65740000,47,77,65760000,28440
2,3288,65760000,65760000,47,77,65780000,28449
2,3289,65780000,65780000,47,77,65800000,28456
2,329,6580000,6580000,47,77,6600000,2848
2,3290,65800000,65800000,47,77,65820000,28465
2,3291,65820000,65820000,47,77,65840000,28475
2,3292,65840000,65840000,47,77,65860000,28483
2,3293,65860000,65860000,47,77,65880000,28493
2,3294,65880000,65880000,47,77,65900000,28499
2,3295,65900000,65900000,47,77,65920000,28508
2,3296,65920000,65920000,47,77,65940000,28517
2,3297,65940000,65940000,47,77,65960000,28526
2,3298,65960000,65960000,47,77,65980000,28537
2,3299,65980000,65980000,47,77,66000000,28542
2,33,660000,660000,47,77,680000,290
2,330,6600000,6600000,47,77,6620000,2858
2,3300,66000000,66000000,47,77,66020000,28552
2,3301,66020000,66020000,47,77,66040000,28560
2,3302,66040000,66040000,47,77,66060000,28570
2,3303,66060000,66060000,47,77,66080000,28579
2,3304,66080000,66080000,47,77,66100000,28585
2,3305,66100000,66100000,47,77,66120000,28595
2,3306,66120000,66120000,47,77,66140000,28604
2,3307,66140000,66140000,47,77,66160000,28614
2,3308,66160000,66160000,47,77,66180000,28622
2,3309,66180000,66180000,47,77,66200000,28629
2,331,6620000,6620000,47,77,6640000,2867
2,3310,66200000,66200000,47,77,66220000,28638
2,3311,66220000,66220000,47,77,66240000,28647
2,3312,66240000,66240000,47,77,66260000,28657
2,3313,66260000,66260000,47,77,66280000,28665
2,3314,66280000,66280000,47,77,66300000,28672
2,3315,66300000,66300000,47,77,66320000,28681
2,3316,66320000,66320000,47,77,66340000,28691
2,3317,66340000,66340000,47,77,66360000,28699
2,3318,66360000,66360000,47,77,66380000,28709
2,3319,66380000,66380000,47,77,66400000,28716
2,332,6640000,6640000,47,77,6660000,2876
2,3320,66400000,66400000,47,77,66420000,28724
2,3321,66420000,66420000,47,77,66440000,28734
2,3322,66440000,66440000,47,77,66460000,28742
2,3323,66460000,66460000,47,77,66480000,28753
2,3324,66480000,66480000,47,77,66500000,28758
2,3325,66500000,66500000,47,77,66520000,28768
2,3326,66520000,66520000,47,77,66540000,28777
2,3327,66540000,66540000,47,77,66560000,28787
2,3328,66560000,66560000,47,77,66580000,28796
2,3329,66580000,66580000,47,77,66600000,28801
2,333,6660000,6660000,47,77,6680000,2885
2,3330,66600000,66600000,47,77,66620000,28811
2,3331,66620000,66620000,47,77,66640000,28819
2,3332,66640000,66640000,47,77,66660000,28830
2,3333,66660000,66660000,47,77,66680000,28839
2,3334,66680000,66680000,47,77,66700000,28845
2,3335,66700000,66700000,47,77,66720000,28854
2,3336,66720000,66720000,47,77,66740000,28864
2,3337,66740000,66740000,47,77,66760000,28873
2,3338,66760000,66760000,47,77,66780000,28881
2,3339,66780000,66780000,47,77,66800000,28888
2,334,6680000,6680000,47,77,6700000,2891
2,3340,66800000,66800000,47,77,66820000,28898
2,3341,66820000,66820000,47,77,66840000,28907
2,3342,66840000,66840000,47,77,66860000,28916
2,3343,66860000,66860000,47,77,66880000,28925
2,3344,66880000,66880000,47,77,66900000,28932
2,3345,66900000,66900000,47,77,66920000,28941
2,3346,66920000,66920000,47,77,66940000,28950
2,3347,66940000,66940000,47,77,66960000,28959
2,3348,66960000,66960000,47,77,66980000,28968
2,3349,66980000,66980000,47,77,67000000,28975
2,335,6700000,6700000,47,77,6720000,2901
2,3350,67000000,67000000,47,77,67020000,28984
2,3351,67020000,67020000,47,77,67040000,28993
2,3352,67040000,67040000,47,77,67060000,29002
2,3353,67060000,67060000,47,77,67080000,29012
2,3354,67080000,67080000,47,77,67100000,29019
2,3355,67100000,67100000,47,77,67120000,29027
2,3356,67120000,67120000,47,77,67140000,29036
2,3357,67140000,67140000,47,77,67160000,29046
2,3358,67160000,67160000,47,77,67180000,29055
2,3359,67180000,67180000,47,77,67200000,29061
2,336,6720000,6720000,47,77,6740000,2910
2,3360,67200000,67200000,47,77,67220000,29070
2,3361,67220000,67220000,47,77,67240000,29081
2,3362,67240000,67240000,47,77,67260000,29089
2,3363,67260000,67260000,47,77,67280000,29099
2,3364,67280000,67280000,47,77,67300000,29104
2,3365,67300000,67300000,47,77,67320000,29113
2,3366,67320000,67320000,47,77,67340000,29123
2,3367,67340000,67340000,47,77,67360000,29132
2,3368,67360000,67360000,47,77,67380000,29142
2,3369,67380000,67380000,47,77,67400000,29147
2,337,6740000,6740000,47,77,6760000,2920
2,3370,67400000,67400000,47,77,67420000,29158
2,3371,67420000,67420000,47,77,67440000,29166
2,3372,67440000,67440000,47,77,67460000,29176
2,3373,67460000,67460000,47,77,67480000,29184
2,3374,67480000,67480000,47,77,67500000,29191
2,3375,67500000,67500000,47,77,67520000,29201
2,3376,67520000,67520000,47,77,67540000,29209
2,3377,67540000,67540000,47,77,67560000,29219
2,3378,67560000,67560000,47,77,67580000,29228
2,3379,67580000,67580000,47,77,67600000,29235
2,338,6760000,6760000,47,77,6780000,2928
2,3380,67600000,67600000,47,77,67620000,29243
2,3381,67620000,67620000,47,77,67640000,29253
2,3382,67640000,67640000,47,77,67660000,29262
2,3383,67660000,67660000,47,77,67680000,29271
2,3384,67680000,67680000,47,77,67700000,29278
2,3385,67700000,67700000,47,77,67720000,29286
2,3386,67720000,67720000,47,77,67740000,29296
2,3387,67740000,67740000,47,77,67760000,29305
2,3388,67760000,67760000,47,77,67780000,29315
2,3389,67780000,67780000,47,77,67800000,29321
2,339,6780000,6780000,47,77,6800000,2935
2,3390,67800000,67800000,47,77,67820000,29330
2,3391,67820000,67820000,47,77,67840000,29340
2,3392,67840000,67840000,47,77,67860000,29348
2,3393,67860000,67860000,47,77,67880000,29358
2,3394,67880000,67880000,47,77,67900000,29363
2,3395,67900000,67900000,47,77,67920000,29374
2,3396,67920000,67920000,47,77,67940000,29383
2,3397,67940000,67940000,47,77,67960000,29392
2,3398,67960000,67960000,47,77,67980000,29401
2,3399,67980000,67980000,47,77,68000000,29407
2,34,680000,680000,47,77,700000,296
2,340,6800000,6800000,47,77,6820000,2944
2,3400,68000000,68000000,47,77,68020000,29417
2,3401,68020000,68020000,47,77,68040000,29425
2,3402,68040000,68040000,47,77,68060000,29435
2,3403,68060000,68060000,47,77,68080000,29444
2,3404,68080000,68080000,47,77,68100000,29451
2,3405,68100000,68100000,47,77,68120000,29460
2,3406,68120000,68120000,47,77,68140000,29469
2,3407,68140000,68140000,47,77,68160000,29478
2,3408,68160000,68160000,47,77,68180000,29488
2,3409,68180000,68180000,47,77,68200000,29494
2,341,6820000,6820000,47,77,6840000,2953
2,3410,68200000,68200000,47,77,68220000,29503
2,3411,68220000,68220000,47,77,68240000,29512
2,3412,68240000,68240000,47,77,68260000,29522
2,3413,68260000,68260000,47,77,68280000,29531
2,3414,68280000,68280000,47,77,68300000,29537
2,3415,68300000,68300000,47,77,68320000,29546
2,3416,68320000,68320000,47,77,68340000,29555
2,3417,68340000,68340000,47,77,68360000,29566
2,3418,68360000,68360000,47,77,68380000,29574
2,3419,68380000,68380000,47,77,68400000,29580
2,342,6840000,6840000,47,77,6860000,2962
2,3420,68400000,68400000,47,77,68420000,29589
2,3421,68420000,68420000,47,77,68440000,29599
2,3422,68440000,68440000,47,77,68460000,29608
2,3423,68460000,68460000,47,77,68480000,29617
2,3424,68480000,68480000,47,77,68500000,29624
2,3425,68500000,68500000,47,77,68520000,29633
2,3426,68520000,68520000,47,77,68540000,29643
2,3427,68540000,68540000,47,77,68560000,29651
2,3428,68560000,68560000,47,77,68580000,29660
2,3429,68580000,68580000,47,77,68600000,29667
2,343,6860000,6860000,47,77,6880000,2971
2,3430,68600000,68600000,47,77,68620000,29676
2,3431,68620000,68620000,47,77,68640000,29686
2,3432,68640000,68640000,47,77,68660000,29694
2,3433,68660000,68660000,47,77,68680000,29704
2,3434,68680000,68680000,47,77,68700000,29710
2,3435,68700000,68700000,47,77,68720000,29720
2,3436,68720000,68720000,47,77,68740000,29728
2,3437,68740000,68740000,47,77,68760000,29737
2,3438,68760000,68760000,47,77,68780000,29748
2,3439,68780000,68780000,47,77,68800000,29753
2,344,6880000,6880000,47,77,6900000,2979
2,3440,68800000,68800000,47,77,68820000,29763
2,3441,68820000,68820000,47,77,68840000,29771
2,3442,68840000,68840000,47,77,68860000,29782
2,3443,68860000,68860000,47,77,68880000,29790
2,3444,68880000,68880000,47,77,68900000,29797
2,3445,68900000,68900000,47,77,68920000,29806
2,3446,68920000,68920000,47,77,68940000,29815
2,3447,68940000,68940000,47,77,68960000,29825
2,3448,68960000,68960000,47,77,68980000,29833
2,3449,68980000,68980000,47,77,69000000,29840
2,345,6900000,6900000,47,77,6920000,2987
2,3450,69000000,69000000,47,77,69020000,29848
2,3451,69020000,69020000,47,77,69040000,29859
2,3452,69040000,69040000,47,77,69060000,29868
2,3453,69060000,69060000,47,77,69080000,29877
2,3454,69080000,69080000,47,77,69100000,29883
2,3455,69100000,69100000,47,77,69120000,29892
2,3456,69120000,69120000,47,77,69140000,29902
2,3457,69140000,69140000,47,77,69160000,29910
2,3458,69160000,69160000,47,77,69180000,29920
2,3459,69180000,69180000,47,77,69200000,29927
2,346,6920000,6920000,47,77,6940000,2997
2,3460,69200000,69200000,47,77,69220000,29936
2,3461,69220000,69220000,47,77,69240000,29945
2,3462,69240000,69240000,47,77,69260000,29954
2,3463,69260000,69260000,47,77,69280000,29964
2,3464,69280000,69280000,47,77,69300000,29969
2,3465,69300000,69300000,47,77,69320000,29979
2,3466,69320000,69320000,47,77,69340000,29988
2,3467,69340000,69340000,47,77,69360000,29997
2,3468,69360000,69360000,47,77,69380000,30007
2,3469,69380000,69380000,47,77,69400000,30013
2,347,6940000,6940000,47,77,6960000,3005
2,3470,69400000,69400000,47,77,69420000,30022
2,3471,69420000,69420000,47,77,69440000,30031
2,3472,69440000,69440000,47,77,69460000,30041
2,3473,69460000,69460000,47,77,69480000,30050
2,3474,69480000,69480000,47,77,69500000,30056
2,3475,69500000,69500000,47,77,69520000,30065
2,3476,69520000,69520000,47,77,69540000,30075
2,3477,69540000,69540000,47,77,69560000,30084
2,3478,69560000,69560000,47,77,69580000,30093
2,3479,69580000,69580000,47,77,69600000,30099
2,348,6960000,6960000,47,77,6980000,3016
2,3480,69600000,69600000,47,77,69620000,30110
2,3481,69620000,69620000,47,77,69640000,30118
2,3482,69640000,69640000,47,77,69660000,30127
2,3483,69660000,69660000,47,77,69680000,30136
2,3484,69680000,69680000,47,77,69700000,30142
2,3485,69700000,69700000,47,77,69720000,30152
2,3486,69720000,69720000,47,77,69740000,30161
2,3487,69740000,69740000,47,77,69760000,30171
2,3488,69760000,69760000,47,77,69780000,30179
2,3489,69780000,69780000,47,77,69800000,30187
2,349,6980000,6980000,47,77,7000000,3021
2,3490,69800000,69800000,47,77,69820000,30195
2,3491,69820000,69820000,47,77,69840000,30204
2,3492,69840000,69840000,47,77,69860000,30213
2,3493,69860000,69860000,47,77,69880000,30223
2,3494,69880000,69880000,47,77,69900000,30230
2,3495,69900000,69900000,47,77,69920000,30238
2,3496,69920000,69920000,47,77,69940000,30248
2,3497,69940000,69940000,47,77,69960000,30257
2,3498,69960000,69960000,47,77,69980000,30267
2,3499,69980000,69980000,47,77,70000000,30272
2,35,700000,700000,47,77,720000,305
2,350,7000000,7000000,47,77,7020000,3030
2,3500,70000000,70000000,47,77,70020000,30281
2,3501,70020000,70020000,47,77,70040000,30291
2,3502,70040000,70040000,47,77,70060000,30300
2,3503,70060000,70060000,47,77,70080000,30310
2,3504,70080000,70080000,47,77,70100000,30315
2,3505,70100000,70100000,47,77,70120000,30325
2,3506,70120000,70120000,47,77,70140000,30334
2,3507,70140000,70140000,47,77,70160000,30344
2,3508,70160000,70160000,47,77,70180000,30353
2,3509,70180000,70180000,47,77,70200000,30358
2,351,7020000,7020000,47,77,7040000,3040
2,3510,70200000,70200000,47,77,70220000,30369
2,3511,70220000,70220000,47,77,70240000,30377
2,3512,70240000,70240000,47,77,70260000,30387
2,3513,70260000,70260000,47,77,70280000,30395
2,3514,70280000,70280000,47,77,70300000,30403
2,3515,70300000,70300000,47,77,70320000,30412
2,3516,70320000,70320000,47,77,70340000,30421
2,3517,70340000,70340000,47,77,70360000,30430
2,3518,70360000,70360000,47,77,70380000,30438
2,3519,70380000,70380000,47,77,70400000,30446
2,352,7040000,7040000,47,77,7060000,3049
2,3520,70400000,70400000,47,77,70420000,30454
2,3521,70420000,70420000,47,77,70440000,30464
2,3522,70440000,70440000,47,77,70460000,30473
2,3523,70460000,70460000,47,77,70480000,30483
2,3524,70480000,70480000,47,77,70500000,30489
2,3525,70500000,70500000,47,77,70520000,30498
2,3526,70520000,70520000,47,77,70540000,30507
2,3527,70540000,70540000,47,77,70560000,30516
2,3528,70560000,70560000,47,77,70580000,30526
2,3529,70580000,70580000,47,77,70600000,30532
2,353,7060000,7060000,47,77,7080000,3059
2,3530,70600000,70600000,47,77,70620000,30541
2,3531,70620000,70620000,47,77,70640000,30551
2,3532,70640000,70640000,47,77,70660000,30560
2,3533,70660000,70660000,47,77,70680000,30569
2,3534,70680000,70680000,47,77,70700000,30575
2,3535,70700000,70700000,47,77,70720000,30584
2,3536,70720000,70720000,47,77,70740000,30594
2,3537,70740000,70740000,47,77,70760000,30603
2,3538,70760000,70760000,47,77,70780000,30612
2,3539,70780000,70780000,47,77,70800000,30618
2,354,7080000,7080000,47,77,7100000,3064
2,3540,70800000,70800000,47,77,70820000,30628
2,3541,70820000,70820000,47,77,70840000,30637
2,3542,70840000,70840000,47,77,70860000,30646
2,3543,70860000,70860000,47,77,70880000,30656
2,3544,70880000,70880000,47,77,70900000,30662
2,3545,70900000,70900000,47,77,70920000,30671
2,3546,70920000,70920000,47,77,70940000,30680
2,3547,70940000,70940000,47,77,70960000,30689
2,3548,70960000,70960000,47,77,70980000,30699
2,3549,70980000,70980000,47,77,71000000,30705
2,355,7100000,7100000,47,77,7120000,3074
2,3550,71000000,71000000,47,77,71020000,30715
2,3551,71020000,71020000,47,77,71040000,30723
2,3552,71040000,71040000,47,77,71060000,30733
2,3553,71060000,71060000,47,77,71080000,30742
2,3554,71080000,71080000,47,77,71100000,30748
2,3555,71100000,71100000,47,77,71120000,30757
2,3556,71120000,71120000,47,77,71140000,30766
2,3557,71140000,71140000,47,77,71160000,30777
2,3558,71160000,71160000,47,77,71180000,30785
2,3559,71180000,71180000,47,77,71200000,30792
2,356,7120000,7120000,47,77,7140000,3082
2,3560,71200000,71200000,47,77,71220000,30800
2,3561,71220000,71220000,47,77,71240000,30811
2,3562,71240000,71240000,47,77,71260000,30819
2,3563,71260000,71260000,47,77,71280000,30828
2,3564,71280000,71280000,47,77,71300000,30835
2,3565,71300000,71300000,47,77,71320000,30844
2,3566,71320000,71320000,47,77,71340000,30854
2,3567,71340000,71340000,47,77,71360000,30862
2,3568,71360000,71360000,47,77,71380000,30872
2,3569,71380000,71380000,47,77,71400000,30877
2,357,7140000,7140000,47,77,7160000,3093
2,3570,71400000,71400000,47,77,71420000,30888
2,3571,71420000,71420000,47,77,71440000,30897
2,3572,71440000,71440000,47,77,71460000,30905
2,3573,71460000,71460000,47,77,71480000,30915
2,3574,71480000,71480000,47,77,71500000,30921
2,3575,71500000,71500000,47,77,71520000,30931
2,3576,71520000,71520000,47,77,71540000,30939
2,3577,71540000,71540000,47,77,71560000,30949
2,3578,71560000,71560000,47,77,71580000,30959
2,3579,71580000,71580000,47,77,71600000,30965
2,358,7160000,7160000,47,77,7180000,3102
2,3580,71600000,71600000,47,77,71620000,30974
2,3581,71620000,71620000,47,77,71640000,30982
2,3582,71640000,71640000,47,77,71660000,30993
2,3583,71660000,71660000,47,77,71680000,31001
2,3584,71680000,71680000,47,77,71700000,31008
2,3585,71700000,71700000,47,77,71720000,31017
2,3586,71720000,71720000,47,77,71740000,31026
2,3587,71740000,71740000,47,77,71760000,31036
2,3588,71760000,71760000,47,77,71780000,31045
2,3589,71780000,71780000,47,77,71800000,31051
2,359,7180000,7180000,47,77,7200000,3107
2,3590,71800000,71800000,47,77,71820000,31059
2,3591,71820000,71820000,47,77,71840000,31070
2,3592,71840000,71840000,47,77,71860000,31079
2,3593,71860000,71860000,47,77,71880000,31088
2,3594,71880000,71880000,47,77,71900000,31094
2,3595,71900000,71900000,47,77,71920000,31104
2,3596,71920000,71920000,47,77,71940000,31113
2,3597,71940000,71940000,47,77,71960000,31122
2,3598,71960000,71960000,47,77,71980000,31131
2,3599,71980000,71980000,47,77,72000000,31138
2,36,720000,720000,47,77,740000,315
2,360,7200000,7200000,47,77,7220000,3117
2,3600,72000000,72000000,47,77,72020000,31147
2,3601,72020000,72020000,47,77,72040000,31156
2,3602,72040000,72040000,47,77,72060000,31165
2,3603,72060000,72060000,47,77,72080000,31174
2,3604,72080000,72080000,47,77,72100000,31181
2,3605,72100000,72100000,47,77,72120000,31190
2,3606,72120000,72120000,47,77,72140000,31200
2,3607,72140000,72140000,47,77,72160000,31208
2,3608,72160000,72160000,47,77,72180000,31218
2,3609,72180000,72180000,47,77,72200000,31224
2,361,7220000,7220000,47,77,7240000,3126
2,3610,72200000,72200000,47,77,72220000,31233
2,3611,72220000,72220000,47,77,72240000,31242
2,3612,72240000,72240000,47,77,72260000,31252
2,3613,72260000,72260000,47,77,72280000,31262
2,3614,72280000,72280000,47,77,72300000,31267
2,3615,72300000,72300000,47,77,72320000,31277
2,3616,72320000,72320000,47,77,72340000,31286
2,3617,72340000,72340000,47,77,72360000,31295
2,3618,72360000,72360000,47,77,72380000,31304
2,3619,72380000,72380000,47,77,72400000,31310
2,362,7240000,7240000,47,77,7260000,3136
2,3620,72400000,72400000,47,77,72420000,31320
2,3621,72420000,72420000,47,77,72440000,31329
2,3622,72440000,72440000,47,77,72460000,31339
2,3623,72460000,72460000,47,77,72480000,31347
2,3624,72480000,72480000,47,77,72500000,31354
2,3625,72500000,72500000,47,77,72520000,31363
2,3626,72520000,72520000,47,77,72540000,31372
2,3627,72540000,72540000,47,77,72560000,31382
2,3628,72560000,72560000,47,77,72580000,31390
2,3629,72580000,72580000,47,77,72600000,31398
2,363,7260000,7260000,47,77,7280000,3144
2,3630,72600000,72600000,47,77,72620000,31406
2,3631,72620000,72620000,47,77,72640000,31416
2,3632,72640000,72640000,47,77,72660000,31424
2,3633,72660000,72660000,47,77,72680000,31435
2,3634,72680000,72680000,47,77,72700000,31441
2,3635,72700000,72700000,47,77,72720000,31449
2,3636,72720000,72720000,47,77,72740000,31459
2,3637,72740000,72740000,47,77,72760000,31467
2,3638,72760000,72760000,47,77,72780000,31478
2,3639,72780000,72780000,47,77,72800000,31483
2,364,7280000,7280000,47,77,7300000,3151
2,3640,72800000,72800000,47,77,72820000,31493
2,3641,72820000,72820000,47,77,72840000,31502
2,3642,72840000,72840000,47,77,72860000,31512
2,3643,72860000,72860000,47,77,72880000,31521
2,3644,72880000,72880000,47,77,72900000,31526
2,3645,72900000,72900000,47,77,72920000,31536
2,3646,72920000,72920000,47,77,72940000,31545
2,3647,72940000,72940000,47,77,72960000,31555
2,3648,72960000,72960000,47,77,72980000,31564
2,3649,72980000,72980000,47,77,73000000,31570
2,365,7300000,7300000,47,77,7320000,3161
2,3650,73000000,73000000,47,77,73020000,31580
2,3651,73020000,73020000,47,77,73040000,31589
2,3652,73040000,73040000,47,77,73060000,31598
2,3653,73060000,73060000,47,77,73080000,31606
2,3654,73080000,73080000,47,77,73100000,31613
2,3655,73100000,73100000,47,77,73120000,31623
2,3656,73120000,73120000,47,77,73140000,31632
2,3657,73140000,73140000,47,77,73160000,31641
2,3658,73160000,73160000,47,77,73180000,31650
2,3659,73180000,73180000,47,77,73200000,31657
2,366,7320000,7320000,47,77,7340000,3170
2,3660,73200000,73200000,47,77,73220000,31666
2,3661,73220000,73220000,47,77,73240000,31675
2,3662,73240000,73240000,47,77,73260000,31684
2,3663,73260000,73260000,47,77,73280000,31694
2,3664,73280000,73280000,47,77,73300000,31700
2,3665,73300000,73300000,47,77,73320000,31709
2,3666,73320000,73320000,47,77,73340000,31718
2,3667,73340000,73340000,47,77,73360000,31728
2,3668,73360000,73360000,47,77,73380000,31737
2,3669,73380000,73380000,47,77,73400000,31744
2,367,7340000,7340000,47,77,7360000,3179
2,3670,73400000,73400000,47,77,73420000,31752
2,3671,73420000,73420000,47,77,73440000,31761
2,3672,73440000,73440000,47,77,73460000,31771
2,3673,73460000,73460000,47,77,73480000,31780
2,3674,73480000,73480000,47,77,73500000,31786
2,3675,73500000,73500000,47,77,73520000,31795
2,3676,73520000,73520000,47,77,73540000,31806
2,3677,73540000,73540000,47,77,73560000,31814
2,3678,73560000,73560000,47,77,73580000,31824
2,3679,73580000,73580000,47,77,73600000,31829
2,368,7360000,7360000,47,77,7380000,3187
2,3680,73600000,73600000,47,77,73620000,31839
2,3681,73620000,73620000,47,77,73640000,31848
2,3682,73640000,73640000,47,77,73660000,31857
2,3683,73660000,73660000,47,77,73680000,31867
2,3684,73680000,73680000,47,77,73700000,31873
2,3685,73700000,73700000,47,77,73720000,31883
2,3686,73720000,73720000,47,77,73740000,31891
2,3687,73740000,73740000,47,77,73760000,31901
2,3688,73760000,73760000,47,77,73780000,31909
2,3689,73780000,73780000,47,77,73800000,31916
2,369,7380000,7380000,47,77,7400000,3195
2,3690,73800000,73800000,47,77,73820000,31926
2,3691,73820000,73820000,47,77,73840000,31934
2,3692,73840000,73840000,47,77,73860000,31944
2,3693,73860000,73860000,47,77,73880000,31953
2,3694,73880000,73880000,47,77,73900000,31960
2,3695,73900000,73900000,47,77,73920000,31968
2,3696,73920000,73920000,47,77,73940000,31978
2,3697,73940000,73940000,47,77,73960000,31988
2,3698,73960000,73960000,47,77,73980000,31996
2,3699,73980000,73980000,47,77,74000000,32003
2,37,740000,740000,47,77,760000,323
2,370,7400000,7400000,47,77,7420000,3203
2,3700,74000000,74000000,47,77,74020000,32011
2,3701,74020000,74020000,47,77,74040000,32022
2,3702,74040000,74040000,47,77,74060000,32030
2,3703,74060000,74060000,47,77,74080000,32040
2,3704,74080000,74080000,47,77,74100000,32046
2,3705,74100000,74100000,47,77,74120000,32055
2,3706,74120000,74120000,47,77,74140000,32065
2,3707,74140000,74140000,47,77,74160000,32073
2,3708,74160000,74160000,47,77,74180000,32083
2,3709,74180000,74180000,47,77,74200000,32088
2,371,7420000,7420000,47,77,7440000,3213
2,3710,74200000,74200000,47,77,74220000,32099
2,3711,74220000,74220000,47,77,74240000,32108
2,3712,74240000,74240000,47,77,74260000,32117
2,3713,74260000,74260000,47,77,74280000,32126
2,3714,74280000,74280000,47,77,74300000,32133
2,3715,74300000,74300000,47,77,74320000,32142
2,3716,74320000,74320000,47,77,74340000,32150
2,3717,74340000,74340000,47,77,74360000,32160
2,3718,74360000,74360000,47,77,74380000,32170
2,3719,74380000,74380000,47,77,74400000,32176
2,372,7440000,7440000,47,77,7460000,3222
2,3720,74400000,74400000,47,77,74420000,32185
2,3721,74420000,74420000,47,77,74440000,32194
2,3722,74440000,74440000,47,77,74460000,32203
2,3723,74460000,74460000,47,77,74480000,32213
2,3724,74480000,74480000,47,77,74500000,32219
2,3725,74500000,74500000,47,77,74520000,32228
2,3726,74520000,74520000,47,77,74540000,32237
2,3727,74540000,74540000,47,77,74560000,32247
2,3728,74560000,74560000,47,77,74580000,32256
2,3729,74580000,74580000,47,77,74600000,32262
2,373,7460000,7460000,47,77,7480000,3231
2,3730,74600000,74600000,47,77,74620000,32271
2,3731,74620000,74620000,47,77,74640000,32281
2,3732,74640000,74640000,47,77,74660000,32291
2,3733,74660000,74660000,47,77,74680000,32299
2,3734,74680000,74680000,47,77,74700000,32305
2,3735,74700000,74700000,47,77,74720000,32315
2,3736,74720000,74720000,47,77,74740000,32324
2,3737,74740000,74740000,47,77,74760000,32333
2,3738,74760000,74760000,47,77,74780000,32342
2,3739,74780000,74780000,47,77,74800000,32349
2,374,7480000,7480000,47,77,7500000,3238
2,3740,74800000,74800000,47,77,74820000,32358
2,3741,74820000,74820000,47,77,74840000,32368
2,3742,74840000,74840000,47,77,74860000,32376
2,3743,74860000,74860000,47,77,74880000,32385
2,3744,74880000,74880000,47,77,74900000,32392
2,3745,74900000,74900000,47,77,74920000,32401
2,3746,74920000,74920000,47,77,74940000,32411
2,3747,74940000,74940000,47,77,74960000,32419
2,3748,74960000,74960000,47,77,74980000,32430
2,3749,74980000,74980000,47,77,75000000,32435
2,375,7500000,7500000,47,77,7520000,3247
2,3750,75000000,75000000,47,77,75020000,32445
2,3751,75020000,75020000,47,77,75040000,32453
2,3752,75040000,75040000,47,77,75060000,32463
2,3753,75060000,75060000,47,77,75080000,32473
2,3754,75080000,75080000,47,77,75100000,32478
2,3755,75100000,75100000,47,77,75120000,32488
2,3756,75120000,75120000,47,77,75140000,32496
2,3757,75140000,75140000,47,77,75160000,32507
2,3758,75160000,75160000,47,77,75180000,32515
2,3759,75180000,75180000,47,77,75200000,32522
2,376,7520000,7520000,47,77,7540000,3256
2,3760,75200000,75200000,47,77,75220000,32531
2,3761,75220000,75220000,47,77,75240000,32540
2,3762,75240000,75240000,47,77,75260000,32550
2,3763,75260000,75260000,47,77,75280000,32558
2,3764,75280000,75280000,47,77,75300000,32565
2,3765,75300000,75300000,47,77,75320000,32574
2,3766,75320000,75320000,47,77,75340000,32584
2,3767,75340000,75340000,47,77,75360000,32593
2,3768,75360000,75360000,47,77,75380000,32602
2,3769,75380000,75380000,47,77,75400000,32609
2,377,7540000,7540000,47,77,7560000,3264
2,3770,75400000,75400000,47,77,75420000,32617
2,3771,75420000,75420000,47,77,75440000,32627
2,3772,75440000,75440000,47,77,75460000,32635
2,3773,75460000,75460000,47,77,75480000,32645
2,3774,75480000,75480000,47,77,75500000,32652
2,3775,75500000,75500000,47,77,75520000,32661
2,3776,75520000,75520000,47,77,75540000,32670
2,3777,75540000,75540000,47,77,75560000,32679
2,3778,75560000,75560000,47,77,75580000,32689
2,3779,75580000,75580000,47,77,75600000,32694
2,378,7560000,7560000,47,77,7580000,3275
2,3780,75600000,75600000,47,77,75620000,32704
2,3781,75620000,75620000,47,77,75640000,32713
2,3782,75640000,75640000,47,77,75660000,32723
2,3783,75660000,75660000,47,77,75680000,32732
2,3784,75680000,75680000,47,77,75700000,32738
2,3785,75700000,75700000,47,77,75720000,32747
2,3786,75720000,75720000,47,77,75740000,32757
2,3787,75740000,75740000,47,77,75760000,32766
2,3788,75760000,75760000,47,77,75780000,32775
2,3789,75780000,75780000,47,77,75800000,32781
2,379,7580000,7580000,47,77,7600000,3281
2,3790,75800000,75800000,47,77,75820000,32790
2,3791,75820000,75820000,47,77,75840000,32800
2,3792,75840000,75840000,47,77,75860000,32809
2,3793,75860000,75860000,47,77,75880000,32818
2,3794,75880000,75880000,47,77,75900000,32824
2,3795,75900000,75900000,47,77,75920000,32835
2,3796,75920000,75920000,47,77,75940000,32843
2,3797,75940000,75940000,47,77,75960000,32852
2,3798,75960000,75960000,47,77,75980000,32861
2,3799,75980000,75980000,47,77,76000000,32868
2,38,760000,760000,47,77,780000,334
2,380,7600000,7600000,47,77,7620000,3290
2,3800,76000000,76000000,47,77,76020000,32877
2,3801,76020000,76020000,47,77,76040000,32886
2,3802,76040000,76040000,47,77,76060000,32896
2,3803,76060000,76060000,47,77,76080000,32905
2,3804,76080000,76080000,47,77,76100000,32912
2,3805,76100000,76100000,47,77,76120000,32920
2,3806,76120000,76120000,47,77,76140000,32929
2,3807,76140000,76140000,47,77,76160000,32938
2,3808,76160000,76160000,47,77,76180000,32948
2,3809,76180000,76180000,47,77,76200000,32955
2,381,7620000,7620000,47,77,7640000,3299
2,3810,76200000,76200000,47,77,76220000,32963
2,3811,76220000,76220000,47,77,76240000,32973
2,3812,76240000,76240000,47,77,76260000,32982
2,3813,76260000,76260000,47,77,76280000,32992
2,3814,76280000,76280000,47,77,76300000,32997
2,3815,76300000,76300000,47,77,76320000,33006
2,3816,76320000,76320000,47,77,76340000,33017
2,3817,76340000,76340000,47,77,76360000,33025
2,3818,76360000,76360000,47,77,76380000,33035
2,3819,76380000,76380000,47,77,76400000,33040
2,382,7640000,7640000,47,77,7660000,3309
2,3820,76400000,76400000,47,77,76420000,33051
2,3821,76420000,76420000,47,77,76440000,33059
2,3822,76440000,76440000,47,77,76460000,33069
2,3823,76460000,76460000,47,77,76480000,33078
2,3824,76480000,76480000,47,77,76500000,33083
2,3825,76500000,76500000,47,77,76520000,33094
2,3826,76520000,76520000,47,77,76540000,33102
2,3827,76540000,76540000,47,77,76560000,33112
2,3828,76560000,76560000,47,77,76580000,33120
2,3829,76580000,76580000,47,77,76600000,33128
2,383,7660000,7660000,47,77,7680000,3318
2,3830,76600000,76600000,47,77,76620000,33137
2,3831,76620000,76620000,47,77,76640000,33146
2,3832,76640000,76640000,47,77,76660000,33155
2,3833,76660000,76660000,47,77,76680000,33164
2,3834,76680000,76680000,47,77,76700000,33171
2,3835,76700000,76700000,47,77,76720000,33179
2,3836,76720000,76720000,47,77,76740000,33189
2,3837,76740000,76740000,47,77,76760000,33199
2,3838,76760000,76760000,47,77,76780000,33208
2,3839,76780000,76780000,47,77,76800000,33214
2,384,7680000,7680000,47,77,7700000,3324
2,3840,76800000,76800000,47,77,76820000,33223
2,3841,76820000,76820000,47,77,76840000,33232
2,3842,76840000,76840000,47,77,76860000,33241
2,3843,76860000,76860000,47,77,76880000,33251
2,3844,76880000,76880000,47,77,76900000,33257
2,3845,76900000,76900000,47,77,76920000,33266
2,3846,76920000,76920000,47,77,76940000,33276
2,3847,76940000,76940000,47,77,76960000,33285
2,3848,76960000,76960000,47,77,76980000,33294
2,3849,76980000,76980000,47,77,77000000,33300
2,385,7700000,7700000,47,77,7720000,3333
2,3850,77000000,77000000,47,77,77020000,33310
2,3851,77020000,77020000,47,77,77040000,33319
2,3852,77040000,77040000,47,77,77060000,33328
2,3853,77060000,77060000,47,77,77080000,33337
2,3854,77080000,77080000,47,77,77100000,33344
2,3855,77100000,77100000,47,77,77120000,33353
2,3856,77120000,77120000,47,77,77140000,33362
2,3857,77140000,77140000,47,77,77160000,33371
2,3858,77160000,77160000,47,77,77180000,33381
2,3859,77180000,77180000,47,77,77200000,33387
2,386,7720000,7720000,47,77,7740000,3343
2,3860,77200000,77200000,47,77,77220000,33396
2,3861,77220000,77220000,47,77,77240000,33405
2,3862,77240000,77240000,47,77,77260000,33414
2,3863,77260000,77260000,47,77,77280000,33424
2,3864,77280000,77280000,47,77,77300000,33430
2,3865,77300000,77300000,47,77,77320000,33440
2,3866,77320000,77320000,47,77,77340000,33448
2,3867,77340000,77340000,47,77,77360000,33459
2,3868,77360000,77360000,47,77,77380000,33467
2,3869,77380000,77380000,47,77,77400000,33473
2,387,7740000,7740000,47,77,7760000,3352
2,3870,77400000,77400000,47,77,77420000,33482
2,3871,77420000,77420000,47,77,77440000,33492
2,3872,77440000,77440000,47,77,77460000,33502
2,3873,77460000,77460000,47,77,77480000,33510
2,3874,77480000,77480000,47,77,77500000,33517
2,3875,77500000,77500000,47,77,77520000,33525
2,3876,77520000,77520000,47,77,77540000,33536
2,3877,77540000,77540000,47,77,77560000,33544
2,3878,77560000,77560000,47,77,77580000,33553
2,3879,77580000,77580000,47,77,77600000,33560
2,388,7760000,7760000,47,77,7780000,3361
2,3880,77600000,77600000,47,77,77620000,33569
2,3881,77620000,77620000,47,77,77640000,33579
2,3882,77640000,77640000,47,77,77660000,33587
2,3883,77660000,77660000,47,77,77680000,33597
2,3884,77680000,77680000,47,77,77700000,33603
2,3885,77700000,77700000,47,77,77720000,33613
2,3886,77720000,77720000,47,77,77740000,33622
2,3887,77740000,77740000,47,77,77760000,33630
2,3888,77760000,77760000,47,77,77780000,33641
2,3889,77780000,77780000,47,77,77800000,33646
2,389,7780000,7780000,47,77,7800000,3367
2,3890,77800000,77800000,47,77,77820000,33656
2,3891,77820000,77820000,47,77,77840000,33664
2,3892,77840000,77840000,47,77,77860000,33674
2,3893,77860000,77860000,47,77,77880000,33684
2,3894,77880000,77880000,47,77,77900000,33690
2,3895,77900000,77900000,47,77,77920000,33699
2,3896,77920000,77920000,47,77,77940000,33707
2,3897,77940000,77940000,47,77,77960000,33718
2,3898,77960000,77960000,47,77,77980000,33726
2,3899,77980000,77980000,47,77,78000000,33733
2,39,780000,780000,47,77,800000,339
2,390,7800000,7800000,47,77,7820000,3376
2,3900,78000000,78000000,47,77,78020000,33742
2,3901,78020000,78020000,47,77,78040000,33752
2,3902,78040000,78040000,47,77,78060000,33761
2,3903,78060000,78060000,47,77,78080000,33770
2,3904,78080000,78080000,47,77,78100000,33776
2,3905,78100000,78100000,47,77,78120000,33785
2,3906,78120000,78120000,47,77,78140000,33795
2,3907,78140000,78140000,47,77,78160000,33804
2,3908,78160000,78160000,47,77,78180000,33813
2,3909,78180000,78180000,47,77,78200000,33819
2,391,7820000,7820000,47,77,7840000,3386
2,3910,78200000,78200000,47,77,78220000,33829
2,3911,78220000,78220000,47,77,78240000,33838
2,3912,78240000,78240000,47,77,78260000,33847
2,3913,78260000,78260000,47,77,78280000,33856
2,3914,78280000,78280000,47,77,78300000,33863
2,3915,78300000,78300000,47,77,78320000,33872
2,3916,78320000,78320000,47,77,78340000,33881
2,3917,78340000,78340000,47,77,78360000,33890
2,3918,78360000,78360000,47,77,78380000,33900
2,3919,78380000,78380000,47,77,78400000,33906
2,392,7840000,7840000,47,77,7860000,3395
2,3920,78400000,78400000,47,77,78420000,33915
2,3921,78420000,78420000,47,77,78440000,33925
2,3922,78440000,78440000,47,77,78460000,33934
2,3923,78460000,78460000,47,77,78480000,33943
2,3924,78480000,78480000,47,77,78500000,33949
2,3925,78500000,78500000,47,77,78520000,33958
2,3926,78520000,78520000,47,77,78540000,33967
2,3927,78540000,78540000,47,77,78560000,33977
2,3928,78560000,78560000,47,77,78580000,33987
2,3929,78580000,78580000,47,77,78600000,33992
2,393,7860000,7860000,47,77,7880000,3405
2,3930,78600000,78600000,47,77,78620000,34002
2,3931,78620000,78620000,47,77,78640000,34011
2,3932,78640000,78640000,47,77,78660000,34020
2,3933,78660000,78660000,47,77,78680000,34029
2,3934,78680000,78680000,47,77,78700000,34035
2,3935,78700000,78700000,47,77,78720000,34046
2,3936,78720000,78720000,47,77,78740000,34054
2,3937,78740000,78740000,47,77,78760000,34064
2,3938,78760000,78760000,47,77,78780000,34072
2,3939,78780000,78780000,47,77,78800000,34080
2,394,7880000,7880000,47,77,7900000,3410
2,3940,78800000,78800000,47,77,78820000,34088
2,3941,78820000,78820000,47,77,78840000,34097
2,3942,78840000,78840000,47,77,78860000,34107
2,3943,78860000,78860000,47,77,78880000,34115
2,3944,78880000,78880000,47,77,78900000,34123
2,3945,78900000,78900000,47,77,78920000,34131
2,3946,78920000,78920000,47,77,78940000,34141
2,3947,78940000,78940000,47,77,78960000,34149
2,3948,78960000,78960000,47,77,78980000,34160
2,3949,78980000,78980000,47,77,79000000,34166
2,395,7900000,7900000,47,77,7920000,3420
2,3950,79000000,79000000,47,77,79020000,34174
2,3951,79020000,79020000,47,77,79040000,34184
2,3952,79040000,79040000,47,77,79060000,34193
2,3953,79060000,79060000,47,77,79080000,34203
2,3954,79080000,79080000,47,77,79100000,34208
2,3955,79100000,79100000,47,77,79120000,34218
2,3956,79120000,79120000,47,77,79140000,34228
2,3957,79140000,79140000,47,77,79160000,34237
2,3958,79160000,79160000,47,77,79180000,34246
2,3959,79180000,79180000,47,77,79200000,34251
2,396,7920000,7920000,47,77,7940000,3429
2,3960,79200000,79200000,47,77,79220000,34261
2,3961,79220000,79220000,47,77,79240000,34270
2,3962,79240000,79240000,47,77,79260000,34280
2,3963,79260000,79260000,47,77,79280000,34289
2,3964,79280000,79280000,47,77,79300000,34295
2,3965,79300000,79300000,47,77,79320000,34305
2,3966,79320000,79320000,47,77,79340000,34314
2,3967,79340000,79340000,47,77,79360000,34323
2,3968,79360000,79360000,47,77,79380000,34331
2,3969,79380000,79380000,47,77,79400000,34339
2,397,7940000,7940000,47,77,7960000,3438
2,3970,79400000,79400000,47,77,79420000,34348
2,3971,79420000,79420000,47,77,79440000,34357
2,3972,79440000,79440000,47,77,79460000,34366
2,3973,79460000,79460000,47,77,79480000,34376
2,3974,79480000,79480000,47,77,79500000,34382
2,3975,79500000,79500000,47,77,79520000,34391
2,3976,79520000,79520000,47,77,79540000,34400
2,3977,79540000,79540000,47,77,79560000,34409
2,3978,79560000,79560000,47,77,79580000,34419
2,3979,79580000,79580000,47,77,79600000,34425
2,398,7960000,7960000,47,77,7980000,3447
2,3980,79600000,79600000,47,77,79620000,34434
2,3981,79620000,79620000,47,77,79640000,34443
2,3982,79640000,79640000,47,77,79660000,34453
2,3983,79660000,79660000,47,77,79680000,34462
2,3984,79680000,79680000,47,77,79700000,34469
2,3985,79700000,79700000,47,77,79720000,34477
2,3986,79720000,79720000,47,77,79740000,34487
2,3987,79740000,79740000,47,77,79760000,34496
2,3988,79760000,79760000,47,77,79780000,34505
2,3989,79780000,79780000,47,77,79800000,34511
2,399,7980000,7980000,47,77,8000000,3454
2,3990,79800000,79800000,47,77,79820000,34521
2,3991,79820000,79820000,47,77,79840000,34531
2,3992,79840000,79840000,47,77,79860000,34539
2,3993,79860000,79860000,47,77,79880000,34549
2,3994,79880000,79880000,47,77,79900000,34554
2,3995,79900000,79900000,47,77,79920000,34564
2,3996,79920000,79920000,47,77,79940000,34573
2,3997,79940000,79940000,47,77,79960000,34582
2,3998,79960000,79960000,47,77,79980000,34592
2,3999,79980000,79980000,47,77,80000000,34598
2,4,80000,80000,47,77,100000,37
2,40,800000,800000,47,77,820000,349
2,400,8000000,8000000,47,77,8020000,3464
2,4000,80000000,80000000,47,77,80020000,34608
2,4001,80020000,80020000,47,77,80040000,34616
2,4002,80040000,80040000,47,77,80060000,34626
2,4003,80060000,80060000,47,77,80080000,34635
2,4004,80080000,80080000,47,77,80100000,34641
2,4005,80100000,80100000,47,77,80120000,34651
2,4006,80120000,80120000,47,77,80140000,34659
2,4007,80140000,80140000,47,77,80160000,34670
2,4008,80160000,80160000,47,77,80180000,34678
2,4009,80180000,80180000,47,77,80200000,34685
2,401,8020000,8020000,47,77,8040000,3472
2,4010,80200000,80200000,47,77,80220000,34693
2,4011,80220000,80220000,47,77,80240000,34703
2,4012,80240000,80240000,47,77,80260000,34713
2,4013,80260000,80260000,47,77,80280000,34721
2,4014,80280000,80280000,47,77,80300000,34728
2,4015,80300000,80300000,47,77,80320000,34736
2,4016,80320000,80320000,47,77,80340000,34747
2,4017,80340000,80340000,47,77,80360000,34755
2,4018,80360000,80360000,47,77,80380000,34765
2,4019,80380000,80380000,47,77,80400000,34771
2,402,8040000,8040000,47,77,8060000,3482
2,4020,80400000,80400000,47,77,80420000,34781
2,4021,80420000,80420000,47,77,80440000,34790
2,4022,80440000,80440000,47,77,80460000,34798
2,4023,80460000,80460000,47,77,80480000,34808
2,4024,80480000,80480000,47,77,80500000,34814
2,4025,80500000,80500000,47,77,80520000,34824
2,4026,80520000,80520000,47,77,80540000,34833
2,4027,80540000,80540000,47,77,80560000,34842
2,4028,80560000,80560000,47,77,80580000,34851
2,4029,80580000,80580000,47,77,80600000,34858
2,403,8060000,8060000,47,77,8080000,3491
2,4030,80600000,80600000,47,77,80620000,34867
2,4031,80620000,80620000,47,77,80640000,34875
2,4032,80640000,80640000,47,77,80660000,34885
2,4033,80660000,80660000,47,77,80680000,34895
2,4034,80680000,80680000,47,77,80700000,34901
2,4035,80700000,80700000,47,77,80720000,34910
2,4036,80720000,80720000,47,77,80740000,34919
2,4037,80740000,80740000,47,77,80760000,34929
2,4038,80760000,80760000,47,77,80780000,34938
2,4039,80780000,80780000,47,77,80800000,34944
2,404,8080000,8080000,47,77,8100000,3497
2,4040,80800000,80800000,47,77,80820000,34953
2,4041,80820000,80820000,47,77,80840000,34963
2,4042,80840000,80840000,47,77,80860000,34972
2,4043,80860000,80860000,47,77,80880000,34981
2,4044,80880000,80880000,47,77,80900000,34987
2,4045,80900000,80900000,47,77,80920000,34996
2,4046,80920000,80920000,47,77,80940000,35006
2,4047,80940000,80940000,47,77,80960000,35016
2,4048,80960000,80960000,47,77,80980000,35024
2,4049,80980000,80980000,47,77,81000000,35030
2,405,8100000,8100000,47,77,8120000,3506
2,4050,81000000,81000000,47,77,81020000,35040
2,4051,81020000,81020000,47,77,81040000,35049
2,4052,81040000,81040000,47,77,81060000,35058
2,4053,81060000,81060000,47,77,81080000,35067
2,4054,81080000,81080000,47,77,81100000,35075
2,4055,81100000,81100000,47,77,81120000,35083
2,4056,81120000,81120000,47,77,81140000,35093
2,4057,81140000,81140000,47,77,81160000,35101
2,4058,81160000,81160000,47,77,81180000,35111
2,4059,81180000,81180000,47,77,81200000,35117
2,406,8120000,8120000,47,77,8140000,3515
2,4060,81200000,81200000,47,77,81220000,35126
2,4061,81220000,81220000,47,77,81240000,35136
2,4062,81240000,81240000,47,77,81260000,35144
2,4063,81260000,81260000,47,77,81280000,35155
2,4064,81280000,81280000,47,77,81300000,35160
2,4065,81300000,81300000,47,77,81320000,35170
2,4066,81320000,81320000,47,77,81340000,35178
2,4067,81340000,81340000,47,77,81360000,35188
2,4068,81360000,81360000,47,77,81380000,35198
2,4069,81380000,81380000,47,77,81400000,35203
2,407,8140000,8140000,47,77,8160000,3525
2,4070,81400000,81400000,47,77,81420000,35213
2,4071,81420000,81420000,47,77,81440000,35222
2,4072,81440000,81440000,47,77,81460000,35232
2,4073,81460000,81460000,47,77,81480000,35240
2,4074,81480000,81480000,47,77,81500000,35247
2,4075,81500000,81500000,47,77,81520000,35257
2,4076,81520000,81520000,47,77,81540000,35265
2,4077,81540000,81540000,47,77,81560000,35275
2,4078,81560000,81560000,47,77,81580000,35283
2,4079,81580000,81580000,47,77,81600000,35290
2,408,8160000,8160000,47,77,8180000,3534
2,4080,81600000,81600000,47,77,81620000,35299
2,4081,81620000,81620000,47,77,81640000,35309
2,4082,81640000,81640000,47,77,81660000,35318
2,4083,81660000,81660000,47,77,81680000,35327
2,4084,81680000,81680000,47,77,81700000,35334
2,4085,81700000,81700000,47,77,81720000,35342
2,4086,81720000,81720000,47,77,81740000,35352
2,4087,81740000,81740000,47,77,81760000,35360
2,4088,81760000,81760000,47,77,81780000,35371
2,4089,81780000,81780000,47,77,81800000,35377
2,409,8180000,8180000,47,77,8200000,3541
2,4090,81800000,81800000,47,77,81820000,35386
2,4091,81820000,81820000,47,77,81840000,35395
2,4092,81840000,81840000,47,77,81860000,35405
2,4093,81860000,81860000,47,77,81880000,35414
2,4094,81880000,81880000,47,77,81900000,35419
2,4095,81900000,81900000,47,77,81920000,35429
2,4096,81920000,81920000,47,77,81940000,35438
2,4097,81940000,81940000,47,77,81960000,35448
2,4098,81960000,81960000,47,77,81980000,35457
2,4099,81980000,81980000,47,77,82000000,35463
2,41,820000,820000,47,77,840000,357
2,410,8200000,8200000,47,77,8220000,3549
2,4100,82000000,82000000,47,77,82020000,35472
2,4101,82020000,82020000,47,77,82040000,35482
2,4102,82040000,82040000,47,77,82060000,35491
2,4103,82060000,82060000,47,77,82080000,35500
2,4104,82080000,82080000,47,77,82100000,35506
2,4105,82100000,82100000,47,77,82120000,35516
2,4106,82120000,82120000,47,77,82140000,35525
2,4107,82140000,82140000,47,77,82160000,35534
2,4108,82160000,82160000,47,77,82180000,35543
2,4109,82180000,82180000,47,77,82200000,35550
2,411,8220000,8220000,47,77,8240000,3559
2,4110,82200000,82200000,47,77,82220000,35560
2,4111,82220000,82220000,47,77,82240000,35568
2,4112,82240000,82240000,47,77,82260000,35577
2,4113,82260000,82260000,47,77,82280000,35586
2,4114,82280000,82280000,47,77,82300000,35593
2,4115,82300000,82300000,47,77,82320000,35602
2,4116,82320000,82320000,47,77,82340000,35611
2,4117,82340000,82340000,47,77,82360000,35621
2,4118,82360000,82360000,47,77,82380000,35630
2,4119,82380000,82380000,47,77,82400000,35637
2,412,8240000,8240000,47,77,8260000,3568
2,4120,82400000,82400000,47,77,82420000,35645
2,4121,82420000,82420000,47,77,82440000,35654
2,4122,82440000,82440000,47,77,82460000,35664
2,4123,82460000,82460000,47,77,82480000,35673
2,4124,82480000,82480000,47,77,82500000,35680
2,4125,82500000,82500000,47,77,82520000,35688
2,4126,82520000,82520000,47,77,82540000,35699
2,4127,82540000,82540000,47,77,82560000,35707
2,4128,82560000,82560000,47,77,82580000,35717
2,4129,82580000,82580000,47,77,82600000,35722
2,413,8260000,8260000,47,77,8280000,3577
2,4130,82600000,82600000,47,77,82620000,35731
2,4131,82620000,82620000,47,77,82640000,35742
2,4132,82640000,82640000,47,77,82660000,35750
2,4133,82660000,82660000,47,77,82680000,35760
2,4134,82680000,82680000,47,77,82700000,35765
2,4135,82700000,82700000,47,77,82720000,35776
2,4136,82720000,82720000,47,77,82740000,35784
2,4137,82740000,82740000,47,77,82760000,35794
2,4138,82760000,82760000,47,77,82780000,35803
2,4139,82780000,82780000,47,77,82800000,35809
2,414,8280000,8280000,47,77,8300000,3584
2,4140,82800000,82800000,47,77,82820000,35819
2,4141,82820000,82820000,47,77,82840000,35827
2,4142,82840000,82840000,47,77,82860000,35837
2,4143,82860000,82860000,47,77,82880000,35846
2,4144,82880000,82880000,47,77,82900000,35853
2,4145,82900000,82900000,47,77,82920000,35862
2,4146,82920000,82920000,47,77,82940000,35871
2,4147,82940000,82940000,47,77,82960000,35880
2,4148,82960000,82960000,47,77,82980000,35889
2,4149,82980000,82980000,47,77,83000000,35896
2,415,8300000,8300000,47,77,8320000,3592
2,4150,83000000,83000000,47,77,83020000,35904
2,4151,83020000,83020000,47,77,83040000,35914
2,4152,83040000,83040000,47,77,83060000,35924
2,4153,83060000,83060000,47,77,83080000,35933
2,4154,83080000,83080000,47,77,83100000,35939
2,4155,83100000,83100000,47,77,83120000,35948
2,4156,83120000,83120000,47,77,83140000,35958
2,4157,83140000,83140000,47,77,83160000,35966
2,4158,83160000,83160000,47,77,83180000,35976
2,4159,83180000,83180000,47,77,83200000,35982
2,416,8320000,8320000,47,77,8340000,3603
2,4160,83200000,83200000,47,77,83220000,35992
2,4161,83220000,83220000,47,77,83240000,36001
2,4162,83240000,83240000,47,77,83260000,36010
2,4163,83260000,83260000,47,77,83280000,36019
2,4164,83280000,83280000,47,77,83300000,36025
2,4165,83300000,83300000,47,77,83320000,36035
2,4166,83320000,83320000,47,77,83340000,36044
2,4167,83340000,83340000,47,77,83360000,36053
2,4168,83360000,83360000,47,77,83380000,36062
2,4169,83380000,83380000,47,77,83400000,36069
2,417,8340000,8340000,47,77,8360000,3611
2,4170,83400000,83400000,47,77,83420000,36078
2,4171,83420000,83420000,47,77,83440000,36087
2,4172,83440000,83440000,47,77,83460000,36096
2,4173,83460000,83460000,47,77,83480000,36107
2,4174,83480000,83480000,47,77,83500000,36112
2,4175,83500000,83500000,47,77,83520000,36121
2,4176,83520000,83520000,47,77,83540000,36130
2,4177,83540000,83540000,47,77,83560000,36140
2,4178,83560000,83560000,47,77,83580000,36149
2,4179,83580000,83580000,47,77,83600000,36155
2,418,8360000,8360000,47,77,8380000,3621
2,4180,83600000,83600000,47,77,83620000,36165
2,4181,83620000,83620000,47,77,83640000,36173
2,4182,83640000,83640000,47,77,83660000,36184
2,4183,83660000,83660000,47,77,83680000,36192
2,4184,83680000,83680000,47,77,83700000,36198
2,4185,83700000,83700000,47,77,83720000,36207
2,4186,83720000,83720000,47,77,83740000,36217
2,4187,83740000,83740000,47,77,83760000,36227
2,4188,83760000,83760000,47,77,83780000,36235
2,4189,83780000,83780000,47,77,83800000,36242
2,419,8380000,8380000,47,77,8400000,3626
2,4190,83800000,83800000,47,77,83820000,36251
2,4191,83820000,83820000,47,77,83840000,36261
2,4192,83840000,83840000,47,77,83860000,36269
2,4193,83860000,83860000,47,77,83880000,36278
2,4194,83880000,83880000,47,77,83900000,36286
2,4195,83900000,83900000,47,77,83920000,36294
2,4196,83920000,83920000,47,77,83940000,36304
2,4197,83940000,83940000,47,77,83960000,36312
2,4198,83960000,83960000,47,77,83980000,36322
2,4199,83980000,83980000,47,77,84000000,36328
2,42,840000,840000,47,77,860000,368
2,420,8400000,8400000,47,77,8420000,3637
2,4200,84000000,84000000,47,77,84020000,36338
2,4201,84020000,84020000,47,77,84040000,36347
2,4202,84040000,84040000,47,77,84060000,36355
2,4203,84060000,84060000,47,77,84080000,36366
2,4204,84080000,84080000,47,77,84100000,36371
2,4205,84100000,84100000,47,77,84120000,36381
2,4206,84120000,84120000,47,77,84140000,36389
2,4207,84140000,84140000,47,77,84160000,36400
2,4208,84160000,84160000,47,77,84180000,36409
2,4209,84180000,84180000,47,77,84200000,36415
2,421,8420000,8420000,47,77,8440000,3646
2,4210,84200000,84200000,47,77,84220000,36424
2,4211,84220000,84220000,47,77,84240000,36433
2,4212,84240000,84240000,47,77,84260000,36443
2,4213,84260000,84260000,47,77,84280000,36451
2,4214,84280000,84280000,47,77,84300000,36458
2,4215,84300000,84300000,47,77,84320000,36467
2,4216,84320000,84320000,47,77,84340000,36477
2,4217,84340000,84340000,47,77,84360000,36486
2,4218,84360000,84360000,47,77,84380000,36495
2,4219,84380000,84380000,47,77,84400000,36501
2,422,8440000,8440000,47,77,8460000,3654
2,4220,84400000,84400000,47,77,84420000,36510
2,4221,84420000,84420000,47,77,84440000,36520
2,4222,84440000,84440000,47,77,84460000,36529
2,4223,84460000,84460000,47,77,84480000,36538
2,4224,84480000,84480000,47,77,84500000,36545
2,4225,84500000,84500000,47,77,84520000,36554
2,4226,84520000,84520000,47,77,84540000,36563
2,4227,84540000,84540000,47,77,84560000,36572
2,4228,84560000,84560000,47,77,84580000,36582
2,4229,84580000,84580000,47,77,84600000,36588
2,423,8460000,8460000,47,77,8480000,3664
2,4230,84600000,84600000,47,77,84620000,36597
2,4231,84620000,84620000,47,77,84640000,36606
2,4232,84640000,84640000,47,77,84660000,36615
2,4233,84660000,84660000,47,77,84680000,36625
2,4234,84680000,84680000,47,77,84700000,36631
2,4235,84700000,84700000,47,77,84720000,36640
2,4236,84720000,84720000,47,77,84740000,36650
2,4237,84740000,84740000,47,77,84760000,36659
2,4238,84760000,84760000,47,77,84780000,36668
2,4239,84780000,84780000,47,77,84800000,36674
2,424,8480000,8480000,47,77,8500000,3669
2,4240,84800000,84800000,47,77,84820000,36683
2,4241,84820000,84820000,47,77,84840000,36693
2,4242,84840000,84840000,47,77,84860000,36702
2,4243,84860000,84860000,47,77,84880000,36712
2,4244,84880000,84880000,47,77,84900000,36717
2,4245,84900000,84900000,47,77,84920000,36728
2,4246,84920000,84920000,47,77,84940000,36736
2,4247,84940000,84940000,47,77,84960000,36745
2,4248,84960000,84960000,47,77,84980000,36754
2,4249,84980000,84980000,47,77,85000000,36760
2,425,8500000,8500000,47,77,8520000,3680
2,4250,85000000,85000000,47,77,85020000,36771
2,4251,85020000,85020000,47,77,85040000,36779
2,4252,85040000,85040000,47,77,85060000,36789
2,4253,85060000,85060000,47,77,85080000,36797
2,4254,85080000,85080000,47,77,85100000,36805
2,4255,85100000,85100000,47,77,85120000,36813
2,4256,85120000,85120000,47,77,85140000,36822
2,4257,85140000,85140000,47,77,85160000,36832
2,4258,85160000,85160000,47,77,85180000,36841
2,4259,85180000,85180000,47,77,85200000,36848
2,426,8520000,8520000,47,77,8540000,3688
2,4260,85200000,85200000,47,77,85220000,36856
2,4261,85220000,85220000,47,77,85240000,36866
2,4262,85240000,85240000,47,77,85260000,36875
2,4263,85260000,85260000,47,77,85280000,36885
2,4264,85280000,85280000,47,77,85300000,36891
2,4265,85300000,85300000,47,77,85320000,36899
2,4266,85320000,85320000,47,77,85340000,36909
2,4267,85340000,85340000,47,77,85360000,36918
2,4268,85360000,85360000,47,77,85380000,36928
2,4269,85380000,85380000,47,77,85400000,36933
2,427,8540000,8540000,47,77,8560000,3698
2,4270,85400000,85400000,47,77,85420000,36943
2,4271,85420000,85420000,47,77,85440000,36953
2,4272,85440000,85440000,47,77,85460000,36962
2,4273,85460000,85460000,47,77,85480000,36971
2,4274,85480000,85480000,47,77,85500000,36976
2,4275,85500000,85500000,47,77,85520000,36987
2,4276,85520000,85520000,47,77,85540000,36995
2,4277,85540000,85540000,47,77,85560000,37005
2,4278,85560000,85560000,47,77,85580000,37014
2,4279,85580000,85580000,47,77,85600000,37021
2,428,8560000,8560000,47,77,8580000,3707
2,4280,85600000,85600000,47,77,85620000,37030
2,4281,85620000,85620000,47,77,85640000,37039
2,4282,85640000,85640000,47,77,85660000,37048
2,4283,85660000,85660000,47,77,85680000,37056
2,4284,85680000,85680000,47,77,85700000,37064
2,4285,85700000,85700000,47,77,85720000,37073
2,4286,85720000,85720000,47,77,85740000,37082
2,4287,85740000,85740000,47,77,85760000,37091
2,4288,85760000,85760000,47,77,85780000,37101
2,4289,85780000,85780000,47,77,85800000,37107
2,429,8580000,8580000,47,77,8600000,3714
2,4290,85800000,85800000,47,77,85820000,37116
2,4291,85820000,85820000,47,77,85840000,37125
2,4292,85840000,85840000,47,77,85860000,37135
2,4293,85860000,85860000,47,77,85880000,37144
2,4294,85880000,85880000,47,77,85900000,37150
2,4295,85900000,85900000,47,77,85920000,37159
2,4296,85920000,85920000,47,77,85940000,37169
2,4297,85940000,85940000,47,77,85960000,37178
2,4298,85960000,85960000,47,77,85980000,37187
2,4299,85980000,85980000,47,77,86000000,37194
2,43,860000,860000,47,77,880000,377
2,430,8600000,8600000,47,77,8620000,3723
2,4300,86000000,86000000,47,77,86020000,37202
2,4301,86020000,86020000,47,77,86040000,37212
2,4302,86040000,86040000,47,77,86060000,37221
2,4303,86060000,86060000,47,77,86080000,37230
2,4304,86080000,86080000,47,77,86100000,37236
2,4305,86100000,86100000,47,77,86120000,37246
2,4306,86120000,86120000,47,77,86140000,37256
2,4307,86140000,86140000,47,77,86160000,37264
2,4308,86160000,86160000,47,77,86180000,37274
2,4309,86180000,86180000,47,77,86200000,37280
2,431,8620000,8620000,47,77,8640000,3731
2,4310,86200000,86200000,47,77,86220000,37289
2,4311,86220000,86220000,47,77,86240000,37298
2,4312,86240000,86240000,47,77,86260000,37307
2,4313,86260000,86260000,47,77,86280000,37318
2,4314,86280000,86280000,47,77,86300000,37323
2,4315,86300000,86300000,47,77,86320000,37333
2,4316,86320000,86320000,47,77,86340000,37341
2,4317,86340000,86340000,47,77,86360000,37351
2,4318,86360000,86360000,47,77,86380000,37360
2,4319,86380000,86380000,47,77,86400000,37366
2,432,8640000,8640000,47,77,8660000,3741
2,4320,86400000,86400000,47,77,86420000,37376
2,4321,86420000,86420000,47,77,86440000,37384
2,4322,86440000,86440000,47,77,86460000,37395
2,4323,86460000,86460000,47,77,86480000,37403
2,4324,86480000,86480000,47,77,86500000,37410
2,4325,86500000,86500000,47,77,86520000,37418
2,4326,86520000,86520000,47,77,86540000,37429
2,4327,86540000,86540000,47,77,86560000,37438
2,4328,86560000,86560000,47,77,86580000,37446
2,4329,86580000,86580000,47,77,86600000,37453
2,433,8660000,8660000,47,77,8680000,3750
2,4330,86600000,86600000,47,77,86620000,37462
2,4331,86620000,86620000,47,77,86640000,37472
2,4332,86640000,86640000,47,77,86660000,37480
2,4333,86660000,86660000,47,77,86680000,37490
2,4334,86680000,86680000,47,77,86700000,37496
2,4335,86700000,86700000,47,77,86720000,37506
2,4336,86720000,86720000,47,77,86740000,37515
2,4337,86740000,86740000,47,77,86760000,37523
2,4338,86760000,86760000,47,77,86780000,37533
2,4339,86780000,86780000,47,77,86800000,37539
2,434,8680000,8680000,47,77,8700000,3757
2,4340,86800000,86800000,47,77,86820000,37549
2,4341,86820000,86820000,47,77,86840000,37558
2,4342,86840000,86840000,47,77,86860000,37567
2,4343,86860000,86860000,47,77,86880000,37577
2,4344,86880000,86880000,47,77,86900000,37583
2,4345,86900000,86900000,47,77,86920000,37592
2,4346,86920000,86920000,47,77,86940000,37600
2,4347,86940000,86940000,47,77,86960000,37611
2,4348,86960000,86960000,47,77,86980000,37620
2,4349,86980000,86980000,47,77,87000000,37626
2,435,8700000,8700000,47,77,8720000,3766
2,4350,87000000,87000000,47,77,87020000,37635
2,4351,87020000,87020000,47,77,87040000,37644
2,4352,87040000,87040000,47,77,87060000,37654
2,4353,87060000,87060000,47,77,87080000,37663
2,4354,87080000,87080000,47,77,87100000,37669
2,4355,87100000,87100000,47,77,87120000,37678
2,4356,87120000,87120000,47,77,87140000,37688
2,4357,87140000,87140000,47,77,87160000,37697
2,4358,87160000,87160000,47,77,87180000,37706
2,4359,87180000,87180000,47,77,87200000,37712
2,436,8720000,8720000,47,77,8740000,3775
2,4360,87200000,87200000,47,77,87220000,37722
2,4361,87220000,87220000,47,77,87240000,37731
2,4362,87240000,87240000,47,77,87260000,37741
2,4363,87260000,87260000,47,77,87280000,37749
2,4364,87280000,87280000,47,77,87300000,37756
2,4365,87300000,87300000,47,77,87320000,37765
2,4366,87320000,87320000,47,77,87340000,37774
2,4367,87340000,87340000,47,77,87360000,37783
2,4368,87360000,87360000,47,77,87380000,37792
2,4369,87380000,87380000,47,77,87400000,37800
2,437,8740000,8740000,47,77,8760000,3785
2,4370,87400000,87400000,47,77,87420000,37808
2,4371,87420000,87420000,47,77,87440000,37818
2,4372,87440000,87440000,47,77,87460000,37826
2,4373,87460000,87460000,47,77,87480000,37836
2,4374,87480000,87480000,47,77,87500000,37842
2,4375,87500000,87500000,47,77,87520000,37851
2,4376,87520000,87520000,47,77,87540000,37861
2,4377,87540000,87540000,47,77,87560000,37870
2,4378,87560000,87560000,47,77,87580000,37880
2,4379,87580000,87580000,47,77,87600000,37885
2,438,8760000,8760000,47,77,8780000,3794
2,4380,87600000,87600000,47,77,87620000,37895
2,4381,87620000,87620000,47,77,87640000,37904
2,4382,87640000,87640000,47,77,87660000,37913
2,4383,87660000,87660000,47,77,87680000,37923
2,4384,87680000,87680000,47,77,87700000,37928
2,4385,87700000,87700000,47,77,87720000,37938
2,4386,87720000,87720000,47,77,87740000,37947
2,4387,87740000,87740000,47,77,87760000,37957
2,4388,87760000,87760000,47,77,87780000,37965
2,4389,87780000,87780000,47,77,87800000,37972
2,439,8780000,8780000,47,77,8800000,3800
2,4390,87800000,87800000,47,77,87820000,37982
2,4391,87820000,87820000,47,77,87840000,37990
2,4392,87840000,87840000,47,77,87860000,38000
2,4393,87860000,87860000,47,77,87880000,38008
2,4394,87880000,87880000,47,77,87900000,38016
2,4395,87900000,87900000,47,77,87920000,38024
2,4396,87920000,87920000,47,77,87940000,38034
2,4397,87940000,87940000,47,77,87960000,38043
2,4398,87960000,87960000,47,77,87980000,38053
2,4399,87980000,87980000,47,77,88000000,38059
2,44,880000,880000,47,77,900000,382
2,440,8800000,8800000,47,77,8820000,3808
2,4400,88000000,88000000,47,77,88020000,38067
2,4401,88020000,88020000,47,77,88040000,38077
2,4402,88040000,88040000,47,77,88060000,38085
2,4403,88060000,88060000,47,77,88080000,38096
2,4404,88080000,88080000,47,77,88100000,38102
2,4405,88100000,88100000,47,77,88120000,38111
2,4406,88120000,88120000,47,77,88140000,38120
2,4407,88140000,88140000,47,77,88160000,38130
2,4408,88160000,88160000,47,77,88180000,38139
2,4409,88180000,88180000,47,77,88200000,38144
2,441,8820000,8820000,47,77,8840000,3818
2,4410,88200000,88200000,47,77,88220000,38154
2,4411,88220000,88220000,47,77,88240000,38164
2,4412,88240000,88240000,47,77,88260000,38173
2,4413,88260000,88260000,47,77,88280000,38182
2,4414,88280000,88280000,47,77,88300000,38188
2,4415,88300000,88300000,47,77,88320000,38198
2,4416,88320000,88320000,47,77,88340000,38207
2,4417,88340000,88340000,47,77,88360000,38216
2,4418,88360000,88360000,47,77,88380000,38225
2,4419,88380000,88380000,47,77,88400000,38231
2,442,8840000,8840000,47,77,8860000,3828
2,4420,88400000,88400000,47,77,88420000,38241
2,4421,88420000,88420000,47,77,88440000,38250
2,4422,88440000,88440000,47,77,88460000,38259
2,4423,88460000,88460000,47,77,88480000,38268
2,4424,88480000,88480000,47,77,88500000,38275
2,4425,88500000,88500000,47,77,88520000,38285
2,4426,88520000,88520000,47,77,88540000,38293
2,4427,88540000,88540000,47,77,88560000,38302
2,4428,88560000,88560000,47,77,88580000,38312
2,4429,88580000,88580000,47,77,88600000,38318
2,443,8860000,8860000,47,77,8880000,3837
2,4430,88600000,88600000,47,77,88620000,38327
2,4431,88620000,88620000,47,77,88640000,38336
2,4432,88640000,88640000,47,77,88660000,38347
2,4433,88660000,88660000,47,77,88680000,38355
2,4434,88680000,88680000,47,77,88700000,38362
2,4435,88700000,88700000,47,77,88720000,38370
2,4436,88720000,88720000,47,77,88740000,38379
2,4437,88740000,88740000,47,77,88760000,38389
2,4438,88760000,88760000,47,77,88780000,38398
2,4439,88780000,88780000,47,77,88800000,38405
2,444,8880000,8880000,47,77,8900000,3843
2,4440,88800000,88800000,47,77,88820000,38413
2,4441,88820000,88820000,47,77,88840000,38424
2,4442,88840000,88840000,47,77,88860000,38432
2,4443,88860000,88860000,47,77,88880000,38442
2,4444,88880000,88880000,47,77,88900000,38447
2,4445,88900000,88900000,47,77,88920000,38457
2,4446,88920000,88920000,47,77,88940000,38467
2,4447,88940000,88940000,47,77,88960000,38475
2,4448,88960000,88960000,47,77,88980000,38485
2,4449,88980000,88980000,47,77,89000000,38491
2,445,8900000,8900000,47,77,8920000,3852
2,4450,89000000,89000000,47,77,89020000,38501
2,4451,89020000,89020000,47,77,89040000,38509
2,4452,89040000,89040000,47,77,89060000,38519
2,4453,89060000,89060000,47,77,89080000,38528
2,4454,89080000,89080000,47,77,89100000,38534
2,4455,89100000,89100000,47,77,89120000,38544
2,4456,89120000,89120000,47,77,89140000,38552
2,4457,89140000,89140000,47,77,89160000,38562
2,4458,89160000,89160000,47,77,89180000,38571
2,4459,89180000,89180000,47,77,89200000,38578
2,446,8920000,8920000,47,77,8940000,3862
2,4460,89200000,89200000,47,77,89220000,38587
2,4461,89220000,89220000,47,77,89240000,38596
2,4462,89240000,89240000,47,77,89260000,38606
2,4463,89260000,89260000,47,77,89280000,38614
2,4464,89280000,89280000,47,77,89300000,38621
2,4465,89300000,89300000,47,77,89320000,38629
2,4466,89320000,89320000,47,77,89340000,38640
2,4467,89340000,89340000,47,77,89360000,38649
2,4468,89360000,89360000,47,77,89380000,38658
2,4469,89380000,89380000,47,77,89400000,38664
2,447,8940000,8940000,47,77,8960000,3871
2,4470,89400000,89400000,47,77,89420000,38673
2,4471,89420000,89420000,47,77,89440000,38683
2,4472,89440000,89440000,47,77,89460000,38691
2,4473,89460000,89460000,47,77,89480000,38701
2,4474,89480000,89480000,47,77,89500000,38707
2,4475,89500000,89500000,47,77,89520000,38717
2,4476,89520000,89520000,47,77,89540000,38726
2,4477,89540000,89540000,47,77,89560000,38735
2,4478,89560000,89560000,47,77,89580000,38744
2,4479,89580000,89580000,47,77,89600000,38751
2,448,8960000,8960000,47,77,8980000,3880
2,4480,89600000,89600000,47,77,89620000,38760
2,4481,89620000,89620000,47,77,89640000,38769
2,4482,89640000,89640000,47,77,89660000,38778
2,4483,89660000,89660000,47,77,89680000,38788
2,4484,89680000,89680000,47,77,89700000,38794
2,4485,89700000,89700000,47,77,89720000,38803
2,4486,89720000,89720000,47,77,89740000,38812
2,4487,89740000,89740000,47,77,89760000,38821
2,4488,89760000,89760000,47,77,89780000,38832
2,4489,89780000,89780000,47,77,89800000,38837
2,449,8980000,8980000,47,77,9000000,3886
2,4490,89800000,89800000,47,77,89820000,38846
2,4491,89820000,89820000,47,77,89840000,38855
2,4492,89840000,89840000,47,77,89860000,38865
2,4493,89860000,89860000,47,77,89880000,38874
2,4494,89880000,89880000,47,77,89900000,38880
2,4495,89900000,89900000,47,77,89920000,38890
2,4496,89920000,89920000,47,77,89940000,38899
2,4497,89940000,89940000,47,77,89960000,38909
2,4498,89960000,89960000,47,77,89980000,38917
2,4499,89980000,89980000,47,77,90000000,38923
2,45,900000,900000,47,77,920000,392
2,450,9000000,9000000,47,77,9020000,3896
2,4500,90000000,90000000,47,77,90020000,38933
2,4501,90020000,90020000,47,77,90040000,38942
2,4502,90040000,90040000,47,77,90060000,38952
2,4503,90060000,90060000,47,77,90080000,38960
2,4504,90080000,90080000,47,77,90100000,38967
2,4505,90100000,90100000,47,77,90120000,38976
2,4506,90120000,90120000,47,77,90140000,38986
2,4507,90140000,90140000,47,77,90160000,38994
2,4508,90160000,90160000,47,77,90180000,39003
2,4509,90180000,90180000,47,77,90200000,39011
2,451,9020000,9020000,47,77,9040000,3905
2,4510,90200000,90200000,47,77,90220000,39019
2,4511,90220000,90220000,47,77,90240000,39029
2,4512,90240000,90240000,47,77,90260000,39037
2,4513,90260000,90260000,47,77,90280000,39048
2,4514,90280000,90280000,47,77,90300000,39053
2,4515,90300000,90300000,47,77,90320000,39063
2,4516,90320000,90320000,47,77,90340000,39072
2,4517,90340000,90340000,47,77,90360000,39081
2,4518,90360000,90360000,47,77,90380000,39091
2,4519,90380000,90380000,47,77,90400000,39096
2,452,9040000,9040000,47,77,9060000,3914
2,4520,90400000,90400000,47,77,90420000,39106
2,4521,90420000,90420000,47,77,90440000,39114
2,4522,90440000,90440000,47,77,90460000,39125
2,4523,90460000,90460000,47,77,90480000,39134
2,4524,90480000,90480000,47,77,90500000,39140
2,4525,90500000,90500000,47,77,90520000,39149
2,4526,90520000,90520000,47,77,90540000,39158
2,4527,90540000,90540000,47,77,90560000,39168
2,4528,90560000,90560000,47,77,90580000,39176
2,4529,90580000,90580000,47,77,90600000,39183
2,453,9060000,9060000,47,77,9080000,3923
2,4530,90600000,90600000,47,77,90620000,39193
2,4531,90620000,90620000,47,77,90640000,39202
2,4532,90640000,90640000,47,77,90660000,39211
2,4533,90660000,90660000,47,77,90680000,39220
2,4534,90680000,90680000,47,77,90700000,39227
2,4535,90700000,90700000,47,77,90720000,39235
2,4536,90720000,90720000,47,77,90740000,39245
2,4537,90740000,90740000,47,77,90760000,39254
2,4538,90760000,90760000,47,77,90780000,39263
2,4539,90780000,90780000,47,77,90800000,39270
2,454,9080000,9080000,47,77,9100000,3930
2,4540,90800000,90800000,47,77,90820000,39279
2,4541,90820000,90820000,47,77,90840000,39288
2,4542,90840000,90840000,47,77,90860000,39297
2,4543,90860000,90860000,47,77,90880000,39307
2,4544,90880000,90880000,47,77,90900000,39313
2,4545,90900000,90900000,47,77,90920000,39322
2,4546,90920000,90920000,47,77,90940000,39331
2,4547,90940000,90940000,47,77,90960000,39341
2,4548,90960000,90960000,47,77,90980000,39350
2,4549,90980000,90980000,47,77,91000000,39356
2,455,9100000,9100000,47,77,9120000,3939
2,4550,91000000,91000000,47,77,91020000,39365
2,4551,91020000,91020000,47,77,91040000,39376
2,4552,91040000,91040000,47,77,91060000,39384
2,4553,91060000,91060000,47,77,91080000,39393
2,4554,91080000,91080000,47,77,91100000,39399
2,4555,91100000,91100000,47,77,91120000,39408
2,4556,91120000,91120000,47,77,91140000,39418
2,4557,91140000,91140000,47,77,91160000,39427
2,4558,91160000,91160000,47,77,91180000,39437
2,4559,91180000,91180000,47,77,91200000,39442
2,456,9120000,9120000,47,77,9140000,3949
2,4560,91200000,91200000,47,77,91220000,39453
2,4561,91220000,91220000,47,77,91240000,39461
2,4562,91240000,91240000,47,77,91260000,39470
2,4563,91260000,91260000,47,77,91280000,39479
2,4564,91280000,91280000,47,77,91300000,39486
2,4565,91300000,91300000,47,77,91320000,39496
2,4566,91320000,91320000,47,77,91340000,39504
2,4567,91340000,91340000,47,77,91360000,39514
2,4568,91360000,91360000,47,77,91380000,39523
2,4569,91380000,91380000,47,77,91400000,39530
2,457,9140000,9140000,47,77,9160000,3957
2,4570,91400000,91400000,47,77,91420000,39538
2,4571,91420000,91420000,47,77,91440000,39547
2,4572,91440000,91440000,47,77,91460000,39557
2,4573,91460000,91460000,47,77,91480000,39566
2,4574,91480000,91480000,47,77,91500000,39573
2,4575,91500000,91500000,47,77,91520000,39581
2,4576,91520000,91520000,47,77,91540000,39591
2,4577,91540000,91540000,47,77,91560000,39600
2,4578,91560000,91560000,47,77,91580000,39610
2,4579,91580000,91580000,47,77,91600000,39616
2,458,9160000,9160000,47,77,9180000,3966
2,4580,91600000,91600000,47,77,91620000,39624
2,4581,91620000,91620000,47,77,91640000,39635
2,4582,91640000,91640000,47,77,91660000,39643
2,4583,91660000,91660000,47,77,91680000,39653
2,4584,91680000,91680000,47,77,91700000,39658
2,4585,91700000,91700000,47,77,91720000,39669
2,4586,91720000,91720000,47,77,91740000,39678
2,4587,91740000,91740000,47,77,91760000,39687
2,4588,91760000,91760000,47,77,91780000,39696
2,4589,91780000,91780000,47,77,91800000,39701
2,459,9180000,9180000,47,77,9200000,3973
2,4590,91800000,91800000,47,77,91820000,39712
2,4591,91820000,91820000,47,77,91840000,39720
2,4592,91840000,91840000,47,77,91860000,39730
2,4593,91860000,91860000,47,77,91880000,39739
2,4594,91880000,91880000,47,77,91900000,39746
2,4595,91900000,91900000,47,77,91920000,39755
2,4596,91920000,91920000,47,77,91940000,39764
2,4597,91940000,91940000,47,77,91960000,39773
2,4598,91960000,91960000,47,77,91980000,39782
2,4599,91980000,91980000,47,77,92000000,39789
2,46,920000,920000,47,77,940000,401
2,460,9200000,9200000,47,77,9220000,3982
2,4600,92000000,92000000,47,77,92020000,39798
2,4601,92020000,92020000,47,77,92040000,39807
2,4602,92040000,92040000,47,77,92060000,39817
2,4603,92060000,92060000,47,77,92080000,39826
2,4604,92080000,92080000,47,77,92100000,39832
2,4605,92100000,92100000,47,77,92120000,39841
2,4606,92120000,92120000,47,77,92140000,39850
2,4607,92140000,92140000,47,77,92160000,39860
2,4608,92160000,92160000,47,77,92180000,39869
2,4609,92180000,92180000,47,77,92200000,39875
2,461,9220000,9220000,47,77,9240000,3991
2,4610,92200000,92200000,47,77,92220000,39884
2,4611,92220000,92220000,47,77,92240000,39894
2,4612,92240000,92240000,47,77,92260000,39903
2,4613,92260000,92260000,47,77,92280000,39912
2,4614,92280000,92280000,47,77,92300000,39919
2,4615,92300000,92300000,47,77,92320000,39928
2,4616,92320000,92320000,47,77,92340000,39937
2,4617,92340000,92340000,47,77,92360000,39946
2,4618,92360000,92360000,47,77,92380000,39955
2,4619,92380000,92380000,47,77,92400000,39962
2,462,9240000,9240000,47,77,9260000,4000
2,4620,92400000,92400000,47,77,92420000,39971
2,4621,92420000,92420000,47,77,92440000,39981
2,4622,92440000,92440000,47,77,92460000,39989
2,4623,92460000,92460000,47,77,92480000,39999
2,4624,92480000,92480000,47,77,92500000,40005
2,4625,92500000,92500000,47,77,92520000,40014
2,4626,92520000,92520000,47,77,92540000,40023
2,4627,92540000,92540000,47,77,92560000,40032
2,4628,92560000,92560000,47,77,92580000,40043
2,4629,92580000,92580000,47,77,92600000,40048
2,463,9260000,9260000,47,77,9280000,4011
2,4630,92600000,92600000,47,77,92620000,40058
2,4631,92620000,92620000,47,77,92640000,40066
2,4632,92640000,92640000,47,77,92660000,40077
2,4633,92660000,92660000,47,77,92680000,40085
2,4634,92680000,92680000,47,77,92700000,40091
2,4635,92700000,92700000,47,77,92720000,40101
2,4636,92720000,92720000,47,77,92740000,40110
2,4637,92740000,92740000,47,77,92760000,40120
2,4638,92760000,92760000,47,77,92780000,40128
2,4639,92780000,92780000,47,77,92800000,40135
2,464,9280000,9280000,47,77,9300000,4016
2,4640,92800000,92800000,47,77,92820000,40143
2,4641,92820000,92820000,47,77,92840000,40154
2,4642,92840000,92840000,47,77,92860000,40163
2,4643,92860000,92860000,47,77,92880000,40171
2,4644,92880000,92880000,47,77,92900000,40178
2,4645,92900000,92900000,47,77,92920000,40187
2,4646,92920000,92920000,47,77,92940000,40197
2,4647,92940000,92940000,47,77,92960000,40205
2,4648,92960000,92960000,47,77,92980000,40215
2,4649,92980000,92980000,47,77,93000000,40222
2,465,9300000,9300000,47,77,9320000,4026
2,4650,93000000,93000000,47,77,93020000,40231
2,4651,93020000,93020000,47,77,93040000,40240
2,4652,93040000,93040000,47,77,93060000,40248
2,4653,93060000,93060000,47,77,93080000,40259
2,4654,93080000,93080000,47,77,93100000,40264
2,4655,93100000,93100000,47,77,93120000,40274
2,4656,93120000,93120000,47,77,93140000,40283
2,4657,93140000,93140000,47,77,93160000,40292
2,4658,93160000,93160000,47,77,93180000,40302
2,4659,93180000,93180000,47,77,93200000,40308
2,466,9320000,9320000,47,77,9340000,4034
2,4660,93200000,93200000,47,77,93220000,40317
2,4661,93220000,93220000,47,77,93240000,40325
2,4662,93240000,93240000,47,77,93260000,40336
2,4663,93260000,93260000,47,77,93280000,40345
2,4664,93280000,93280000,47,77,93300000,40351
2,4665,93300000,93300000,47,77,93320000,40360
2,4666,93320000,93320000,47,77,93340000,40370
2,4667,93340000,93340000,47,77,93360000,40379
2,4668,93360000,93360000,47,77,93380000,40388
2,4669,93380000,93380000,47,77,93400000,40394
2,467,9340000,9340000,47,77,9360000,4044
2,4670,93400000,93400000,47,77,93420000,40404
2,4671,93420000,93420000,47,77,93440000,40413
2,4672,93440000,93440000,47,77,93460000,40422
2,4673,93460000,93460000,47,77,93480000,40431
2,4674,93480000,93480000,47,77,93500000,40437
2,4675,93500000,93500000,47,77,93520000,40447
2,4676,93520000,93520000,47,77,93540000,40456
2,4677,93540000,93540000,47,77,93560000,40466
2,4678,93560000,93560000,47,77,93580000,40474
2,4679,93580000,93580000,47,77,93600000,40481
2,468,9360000,9360000,47,77,9380000,4053
2,4680,93600000,93600000,47,77,93620000,40490
2,4681,93620000,93620000,47,77,93640000,40499
2,4682,93640000,93640000,47,77,93660000,40508
2,4683,93660000,93660000,47,77,93680000,40518
2,4684,93680000,93680000,47,77,93700000,40525
2,4685,93700000,93700000,47,77,93720000,40533
2,4686,93720000,93720000,47,77,93740000,40543
2,4687,93740000,93740000,47,77,93760000,40552
2,4688,93760000,93760000,47,77,93780000,40561
2,4689,93780000,93780000,47,77,93800000,40567
2,469,9380000,9380000,47,77,9400000,4059
2,4690,93800000,93800000,47,77,93820000,40576
2,4691,93820000,93820000,47,77,93840000,40586
2,4692,93840000,93840000,47,77,93860000,40595
2,4693,93860000,93860000,47,77,93880000,40605
2,4694,93880000,93880000,47,77,93900000,40610
2,4695,93900000,93900000,47,77,93920000,40620
2,4696,93920000,93920000,47,77,93940000,40629
2,4697,93940000,93940000,47,77,93960000,40638
2,4698,93960000,93960000,47,77,93980000,40648
2,4699,93980000,93980000,47,77,94000000,40653
2,47,940000,940000,47,77,960000,411
2,470,9400000,9400000,47,77,9420000,4069
2,4700,94000000,94000000,47,77,94020000,40664
2,4701,94020000,94020000,47,77,94040000,40672
2,4702,94040000,94040000,47,77,94060000,40682
2,4703,94060000,94060000,47,77,94080000,40690
2,4704,94080000,94080000,47,77,94100000,40698
2,4705,94100000,94100000,47,77,94120000,40707
2,4706,94120000,94120000,47,77,94140000,40715
2,4707,94140000,94140000,47,77,94160000,40725
2,4708,94160000,94160000,47,77,94180000,40733
2,4709,94180000,94180000,47,77,94200000,40741
2,471,9420000,9420000,47,77,9440000,4078
2,4710,94200000,94200000,47,77,94220000,40749
2,4711,94220000,94220000,47,77,94240000,40759
2,4712,94240000,94240000,47,77,94260000,40768
2,4713,94260000,94260000,47,77,94280000,40778
2,4714,94280000,94280000,47,77,94300000,40784
2,4715,94300000,94300000,47,77,94320000,40792
2,4716,94320000,94320000,47,77,94340000,40802
2,4717,94340000,94340000,47,77,94360000,40811
2,4718,94360000,94360000,47,77,94380000,40821
2,4719,94380000,94380000,47,77,94400000,40827
2,472,9440000,9440000,47,77,9460000,4088
2,4720,94400000,94400000,47,77,94420000,40836
2,4721,94420000,94420000,47,77,94440000,40846
2,4722,94440000,94440000,47,77,94460000,40855
2,4723,94460000,94460000,47,77,94480000,40864
2,4724,94480000,94480000,47,77,94500000,40869
2,4725,94500000,94500000,47,77,94520000,40879
2,4726,94520000,94520000,47,77,94540000,40889
2,4727,94540000,94540000,47,77,94560000,40898
2,4728,94560000,94560000,47,77,94580000,40907
2,4729,94580000,94580000,47,77,94600000,40913
2,473,9460000,9460000,47,77,9480000,4096
2,4730,94600000,94600000,47,77,94620000,40923
2,4731,94620000,94620000,47,77,94640000,40932
2,4732,94640000,94640000,47,77,94660000,40941
2,4733,94660000,94660000,47,77,94680000,40950
2,4734,94680000,94680000,47,77,94700000,40957
2,4735,94700000,94700000,47,77,94720000,40966
2,4736,94720000,94720000,47,77,94740000,40975
2,4737,94740000,94740000,47,77,94760000,40984
2,4738,94760000,94760000,47,77,94780000,40994
2,4739,94780000,94780000,47,77,94800000,41000
2,474,9480000,9480000,47,77,9500000,4103
2,4740,94800000,94800000,47,77,94820000,41010
2,4741,94820000,94820000,47,77,94840000,41018
2,4742,94840000,94840000,47,77,94860000,41027
2,4743,94860000,94860000,47,77,94880000,41037
2,4744,94880000,94880000,47,77,94900000,41043
2,4745,94900000,94900000,47,77,94920000,41052
2,4746,94920000,94920000,47,77,94940000,41061
2,4747,94940000,94940000,47,77,94960000,41072
2,4748,94960000,94960000,47,77,94980000,41080
2,4749,94980000,94980000,47,77,95000000,41087
2,475,9500000,9500000,47,77,9520000,4111
2,4750,95000000,95000000,47,77,95020000,41095
2,4751,95020000,95020000,47,77,95040000,41105
2,4752,95040000,95040000,47,77,95060000,41114
2,4753,95060000,95060000,47,77,95080000,41123
2,4754,95080000,95080000,47,77,95100000,41130
2,4755,95100000,95100000,47,77,95120000,41139
2,4756,95120000,95120000,47,77,95140000,41149
2,4757,95140000,95140000,47,77,95160000,41157
2,4758,95160000,95160000,47,77,95180000,41167
2,4759,95180000,95180000,47,77,95200000,41172
2,476,9520000,9520000,47,77,9540000,4121
2,4760,95200000,95200000,47,77,95220000,41182
2,4761,95220000,95220000,47,77,95240000,41192
2,4762,95240000,95240000,47,77,95260000,41200
2,4763,95260000,95260000,47,77,95280000,41210
2,4764,95280000,95280000,47,77,95300000,41216
2,4765,95300000,95300000,47,77,95320000,41226
2,4766,95320000,95320000,47,77,95340000,41234
2,4767,95340000,95340000,47,77,95360000,41244
2,4768,95360000,95360000,47,77,95380000,41254
2,4769,95380000,95380000,47,77,95400000,41259
2,477,9540000,9540000,47,77,9560000,4131
2,4770,95400000,95400000,47,77,95420000,41269
2,4771,95420000,95420000,47,77,95440000,41277
2,4772,95440000,95440000,47,77,95460000,41288
2,4773,95460000,95460000,47,77,95480000,41296
2,4774,95480000,95480000,47,77,95500000,41303
2,4775,95500000,95500000,47,77,95520000,41312
2,4776,95520000,95520000,47,77,95540000,41321
2,4777,95540000,95540000,47,77,95560000,41331
2,4778,95560000,95560000,47,77,95580000,41339
2,4779,95580000,95580000,47,77,95600000,41346
2,478,9560000,9560000,47,77,9580000,4139
2,4780,95600000,95600000,47,77,95620000,41354
2,4781,95620000,95620000,47,77,95640000,41365
2,4782,95640000,95640000,47,77,95660000,41374
2,4783,95660000,95660000,47,77,95680000,41383
2,4784,95680000,95680000,47,77,95700000,41389
2,4785,95700000,95700000,47,77,95720000,41399
2,4786,95720000,95720000,47,77,95740000,41408
2,4787,95740000,95740000,47,77,95760000,41416
2,4788,95760000,95760000,47,77,95780000,41426
2,4789,95780000,95780000,47,77,95800000,41433
2,479,9580000,9580000,47,77,9600000,4146
2,4790,95800000,95800000,47,77,95820000,41442
2,4791,95820000,95820000,47,77,95840000,41451
2,4792,95840000,95840000,47,77,95860000,41460
2,4793,95860000,95860000,47,77,95880000,41469
2,4794,95880000,95880000,47,77,95900000,41476
2,4795,95900000,95900000,47,77,95920000,41485
2,4796,95920000,95920000,47,77,95940000,41494
2,4797,95940000,95940000,47,77,95960000,41503
2,4798,95960000,95960000,47,77,95980000,41513
2,4799,95980000,95980000,47,77,96000000,41519
2,48,960000,960000,47,77,980000,419
2,480,9600000,9600000,47,77,9620000,4155
2,4800,96000000,96000000,47,77,96020000,41528
2,4801,96020000,96020000,47,77,96040000,41537
2,4802,96040000,96040000,47,77,96060000,41547
2,4803,96060000,96060000,47,77,96080000,41557
2,4804,96080000,96080000,47,77,96100000,41562
2,4805,96100000,96100000,47,77,96120000,41571
2,4806,96120000,96120000,47,77,96140000,41581
2,4807,96140000,96140000,47,77,96160000,41590
2,4808,96160000,96160000,47,77,96180000,41599
2,4809,96180000,96180000,47,77,96200000,41605
2,481,9620000,9620000,47,77,9640000,4165
2,4810,96200000,96200000,47,77,96220000,41615
2,4811,96220000,96220000,47,77,96240000,41624
2,4812,96240000,96240000,47,77,96260000,41634
2,4813,96260000,96260000,47,77,96280000,41642
2,4814,96280000,96280000,47,77,96300000,41648
2,4815,96300000,96300000,47,77,96320000,41658
2,4816,96320000,96320000,47,77,96340000,41667
2,4817,96340000,96340000,47,77,96360000,41677
2,4818,96360000,96360000,47,77,96380000,41685
2,4819,96380000,96380000,47,77,96400000,41693
2,482,9640000,9640000,47,77,9660000,4173
2,4820,96400000,96400000,47,77,96420000,41701
2,4821,96420000,96420000,47,77,96440000,41711
2,4822,96440000,96440000,47,77,96460000,41719
2,4823,96460000,96460000,47,77,96480000,41729
2,4824,96480000,96480000,47,77,96500000,41736
2,4825,96500000,96500000,47,77,96520000,41744
2,4826,96520000,96520000,47,77,96540000,41754
2,4827,96540000,96540000,47,77,96560000,41762
2,4828,96560000,96560000,47,77,96580000,41773
2,4829,96580000,96580000,47,77,96600000,41778
2,483,9660000,9660000,47,77,9680000,4183
2,4830,96600000,96600000,47,77,96620000,41788
2,4831,96620000,96620000,47,77,96640000,41797
2,4832,96640000,96640000,47,77,96660000,41806
2,4833,96660000,96660000,47,77,96680000,41816
2,4834,96680000,96680000,47,77,96700000,41821
2,4835,96700000,96700000,47,77,96720000,41831
2,4836,96720000,96720000,47,77,96740000,41840
2,4837,96740000,96740000,47,77,96760000,41850
2,4838,96760000,96760000,47,77,96780000,41859
2,4839,96780000,96780000,47,77,96800000,41865
2,484,9680000,9680000,47,77,9700000,4190
2,4840,96800000,96800000,47,77,96820000,41875
2,4841,96820000,96820000,47,77,96840000,41883
2,4842,96840000,96840000,47,77,96860000,41893
2,4843,96860000,96860000,47,77,96880000,41901
2,4844,96880000,96880000,47,77,96900000,41908
2,4845,96900000,96900000,47,77,96920000,41918
2,4846,96920000,96920000,47,77,96940000,41927
2,4847,96940000,96940000,47,77,96960000,41936
2,4848,96960000,96960000,47,77,96980000,41945
2,4849,96980000,96980000,47,77,97000000,41952
2,485,9700000,9700000,47,77,9720000,4198
2,4850,97000000,97000000,47,77,97020000,41960
2,4851,97020000,97020000,47,77,97040000,41970
2,4852,97040000,97040000,47,77,97060000,41979
2,4853,97060000,97060000,47,77,97080000,41989
2,4854,97080000,97080000,47,77,97100000,41995
2,4855,97100000,97100000,47,77,97120000,42004
2,4856,97120000,97120000,47,77,97140000,42013
2,4857,97140000,97140000,47,77,97160000,42023
2,4858,97160000,97160000,47,77,97180000,42032
2,4859,97180000,97180000,47,77,97200000,42038
2,486,9720000,9720000,47,77,9740000,4208
2,4860,97200000,97200000,47,77,97220000,42047
2,4861,97220000,97220000,47,77,97240000,42056
2,4862,97240000,97240000,47,77,97260000,42066
2,4863,97260000,97260000,47,77,97280000,42075
2,4864,97280000,97280000,47,77,97300000,42081
2,4865,97300000,97300000,47,77,97320000,42090
2,4866,97320000,97320000,47,77,97340000,42101
2,4867,97340000,97340000,47,77,97360000,42109
2,4868,97360000,97360000,47,77,97380000,42118
2,4869,97380000,97380000,47,77,97400000,42124
2,487,9740000,9740000,47,77,9760000,4216
2,4870,97400000,97400000,47,77,97420000,42134
2,4871,97420000,97420000,47,77,97440000,42143
2,4872,97440000,97440000,47,77,97460000,42152
2,4873,97460000,97460000,47,77,97480000,42162
2,4874,97480000,97480000,47,77,97500000,42168
2,4875,97500000,97500000,47,77,97520000,42178
2,4876,97520000,97520000,47,77,97540000,42186
2,4877,97540000,97540000,47,77,97560000,42195
2,4878,97560000,97560000,47,77,97580000,42204
2,4879,97580000,97580000,47,77,97600000,42211
2,488,9760000,9760000,47,77,9780000,4227
2,4880,97600000,97600000,47,77,97620000,42221
2,4881,97620000,97620000,47,77,97640000,42229
2,4882,97640000,97640000,47,77,97660000,42239
2,4883,97660000,97660000,47,77,97680000,42248
2,4884,97680000,97680000,47,77,97700000,42255
2,4885,97700000,97700000,47,77,97720000,42263
2,4886,97720000,97720000,47,77,97740000,42272
2,4887,97740000,97740000,47,77,97760000,42283
2,4888,97760000,97760000,47,77,97780000,42291
2,4889,97780000,97780000,47,77,97800000,42298
2,489,9780000,9780000,47,77,9800000,4232
2,4890,97800000,97800000,47,77,97820000,42306
2,4891,97820000,97820000,47,77,97840000,42317
2,4892,97840000,97840000,47,77,97860000,42325
2,4893,97860000,97860000,47,77,97880000,42335
2,4894,97880000,97880000,47,77,97900000,42341
2,4895,97900000,97900000,47,77,97920000,42349
2,4896,97920000,97920000,47,77,97940000,42360
2,4897,97940000,97940000,47,77,97960000,42368
2,4898,97960000,97960000,47,77,97980000,42378
2,4899,97980000,97980000,47,77,98000000,42383
2,49,980000,980000,47,77,1000000,426
2,490,9800000,9800000,47,77,9820000,4242
2,4900,98000000,98000000,47,77,98020000,42394
2,4901,98020000,98020000,47,77,98040000,42403
2,4902,98040000,98040000,47,77,98060000,42412
2,4903,98060000,98060000,47,77,98080000,42421
2,4904,98080000,98080000,47,77,98100000,42427
2,4905,98100000,98100000,47,77,98120000,42437
2,4906,98120000,98120000,47,77,98140000,42445
2,4907,98140000,98140000,47,77,98160000,42455
2,4908,98160000,98160000,47,77,98180000,42465
2,4909,98180000,98180000,47,77,98200000,42471
2,491,9820000,9820000,47,77,9840000,4251
2,4910,98200000,98200000,47,77,98220000,42480
2,4911,98220000,98220000,47,77,98240000,42489
2,4912,98240000,98240000,47,77,98260000,42498
2,4913,98260000,98260000,47,77,98280000,42507
2,4914,98280000,98280000,47,77,98300000,42514
2,4915,98300000,98300000,47,77,98320000,42523
2,4916,98320000,98320000,47,77,98340000,42532
2,4917,98340000,98340000,47,77,98360000,42542
2,4918,98360000,98360000,47,77,98380000,42551
2,4919,98380000,98380000,47,77,98400000,42557
2,492,9840000,9840000,47,77,9860000,4260
2,4920,98400000,98400000,47,77,98420000,42566
2,4921,98420000,98420000,47,77,98440000,42576
2,4922,98440000,98440000,47,77,98460000,42585
2,4923,98460000,98460000,47,77,98480000,42594
2,4924,98480000,98480000,47,77,98500000,42600
2,4925,98500000,98500000,47,77,98520000,42610
2,4926,98520000,98520000,47,77,98540000,42619
2,4927,98540000,98540000,47,77,98560000,42628
2,4928,98560000,98560000,47,77,98580000,42637
2,4929,98580000,98580000,47,77,98600000,42644
2,493,9860000,9860000,47,77,9880000,4270
2,4930,98600000,98600000,47,77,98620000,42653
2,4931,98620000,98620000,47,77,98640000,42662
2,4932,98640000,98640000,47,77,98660000,42671
2,4933,98660000,98660000,47,77,98680000,42680
2,4934,98680000,98680000,47,77,98700000,42687
2,4935,98700000,98700000,47,77,98720000,42696
2,4936,98720000,98720000,47,77,98740000,42706
2,4937,98740000,98740000,47,77,98760000,42714
2,4938,98760000,98760000,47,77,98780000,42725
2,4939,98780000,98780000,47,77,98800000,42730
2,494,9880000,9880000,47,77,9900000,4275
2,4940,98800000,98800000,47,77,98820000,42739
2,4941,98820000,98820000,47,77,98840000,42748
2,4942,98840000,98840000,47,77,98860000,42758
2,4943,98860000,98860000,47,77,98880000,42768
2,4944,98880000,98880000,47,77,98900000,42773
2,4945,98900000,98900000,47,77,98920000,42783
2,4946,98920000,98920000,47,77,98940000,42791
2,4947,98940000,98940000,47,77,98960000,42802
2,4948,98960000,98960000,47,77,98980000,42810
2,4949,98980000,98980000,47,77,99000000,42816
2,495,9900000,9900000,47,77,9920000,4285
2,4950,99000000,99000000,47,77,99020000,42826
2,4951,99020000,99020000,47,77,99040000,42835
2,4952,99040000,99040000,47,77,99060000,42845
2,4953,99060000,99060000,47,77,99080000,42853
2,4954,99080000,99080000,47,77,99100000,42860
2,4955,99100000,99100000,47,77,99120000,42869
2,4956,99120000,99120000,47,77,99140000,42879
2,4957,99140000,99140000,47,77,99160000,42888
2,4958,99160000,99160000,47,77,99180000,42896
2,4959,99180000,99180000,47,77,99200000,42904
2,496,9920000,9920000,47,77,9940000,4293
2,4960,99200000,99200000,47,77,99220000,42912
2,4961,99220000,99220000,47,77,99240000,42922
2,4962,99240000,99240000,47,77,99260000,42930
2,4963,99260000,99260000,47,77,99280000,42940
2,4964,99280000,99280000,47,77,99300000,42947
2,4965,99300000,99300000,47,77,99320000,42956
2,4966,99320000,99320000,47,77,99340000,42965
2,4967,99340000,99340000,47,77,99360000,42973
2,4968,99360000,99360000,47,77,99380000,42984
2,4969,99380000,99380000,47,77,99400000,42989
2,497,9940000,9940000,47,77,9960000,4304
2,4970,99400000,99400000,47,77,99420000,42999
2,4971,99420000,99420000,47,77,99440000,43008
2,4972,99440000,99440000,47,77,99460000,43018
2,4973,99460000,99460000,47,77,99480000,43027
2,4974,99480000,99480000,47,77,99500000,43033
2,4975,99500000,99500000,47,77,99520000,43042
2,4976,99520000,99520000,47,77,99540000,43051
2,4977,99540000,99540000,47,77,99560000,43061
2,4978,99560000,99560000,47,77,99580000,43070
2,4979,99580000,99580000,47,77,99600000,43076
2,498,9960000,9960000,47,77,9980000,4313
2,4980,99600000,99600000,47,77,99620000,43085
2,4981,99620000,99620000,47,77,99640000,43095
2,4982,99640000,99640000,47,77,99660000,43104
2,4983,99660000,99660000,47,77,99680000,43113
2,4984,99680000,99680000,47,77,99700000,43119
2,4985,99700000,99700000,47,77,99720000,43129
2,4986,99720000,99720000,47,77,99740000,43138
2,4987,99740000,99740000,47,77,99760000,43147
2,4988,99760000,99760000,47,77,99780000,43156
2,4989,99780000,99780000,47,77,99800000,43163
2,499,9980000,9980000,47,77,10000000,4319
2,4990,99800000,99800000,47,77,99820000,43172
2,4991,99820000,99820000,47,77,99840000,43181
2,4992,99840000,99840000,47,77,99860000,43191
2,4993,99860000,99860000,47,77,99880000,43200
2,4994,99880000,99880000,47,77,99900000,43206
2,4995,99900000,99900000,47,77,99920000,43215
2,4996,99920000,99920000,47,77,99940000,43224
2,4997,99940000,99940000,47,77,99960000,43233
2,4998,99960000,99960000,47,77,99980000,43243
2,4999,99980000,99980000,47,77,100000000,43250
2,5,100000,100000,47,77,120000,46
2,50,1000000,1000000,47,77,1020000,435
2,500,10000000,10000000,47,77,10020000,4328
2,5000,100000000,100000000,47,77,100020000,43258
2,5001,100020000,100020000,47,77,100040000,43268
2,5002,100040000,100040000,47,77,100060000,43277
2,5003,100060000,100060000,47,77,100080000,43286
2,5004,100080000,100080000,47,77,100100000,43292
2,5005,100100000,100100000,47,77,100120000,43301
2,5006,100120000,100120000,47,77,100140000,43312
2,5007,100140000,100140000,47,77,100160000,43320
2,5008,100160000,100160000,47,77,100180000,43330
2,5009,100180000,100180000,47,77,100200000,43335
2,501,10020000,10020000,47,77,10040000,4338
2,5010,100200000,100200000,47,77,100220000,43346
2,5011,100220000,100220000,47,77,100240000,43354
2,5012,100240000,100240000,47,77,100260000,43363
2,5013,100260000,100260000,47,77,100280000,43373
2,5014,100280000,100280000,47,77,100300000,43378
2,5015,100300000,100300000,47,77,100320000,43389
2,5016,100320000,100320000,47,77,100340000,43397
2,5017,100340000,100340000,47,77,100360000,43407
2,5018,100360000,100360000,47,77,100380000,43415
2,5019,100380000,100380000,47,77,100400000,43423
2,502,10040000,10040000,47,77,10060000,4347
2,5020,100400000,100400000,47,77,100420000,43432
2,5021,100420000,100420000,47,77,100440000,43440
2,5022,100440000,100440000,47,77,100460000,43450
2,5023,100460000,100460000,47,77,100480000,43459
2,5024,100480000,100480000,47,77,100500000,43466
2,5025,100500000,100500000,47,77,100520000,43474
2,5026,100520000,100520000,47,77,100540000,43484
2,5027,100540000,100540000,47,77,100560000,43494
2,5028,100560000,100560000,47,77,100580000,43503
2,5029,100580000,100580000,47,77,100600000,43509
2,503,10060000,10060000,47,77,10080000,4355
2,5030,100600000,100600000,47,77,100620000,43517
2,5031,100620000,100620000,47,77,100640000,43527
2,5032,100640000,100640000,47,77,100660000,43536
2,5033,100660000,100660000,47,77,100680000,43546
2,5034,100680000,100680000,47,77,100700000,43552
2,5035,100700000,100700000,47,77,100720000,43561
2,5036,100720000,100720000,47,77,100740000,43571
2,5037,100740000,100740000,47,77,100760000,43580
2,5038,100760000,100760000,47,77,100780000,43589
2,5039,100780000,100780000,47,77,100800000,43594
2,504,10080000,10080000,47,77,10100000,4362
2,5040,100800000,100800000,47,77,100820000,43605
2,5041,100820000,100820000,47,77,100840000,43614
2,5042,100840000,100840000,47,77,100860000,43623
2,5043,100860000,100860000,47,77,100880000,43632
2,5044,100880000,100880000,47,77,100900000,43639
2,5045,100900000,100900000,47,77,100920000,43648
2,5046,100920000,100920000,47,77,100940000,43657
2,5047,100940000,100940000,47,77,100960000,43666
2,5048,100960000,100960000,47,77,100980000,43675
2,5049,100980000,100980000,47,77,101000000,43682
2,505,10100000,10100000,47,77,10120000,4372
2,5050,101000000,101000000,47,77,101020000,43691
2,5051,101020000,101020000,47,77,101040000,43700
2,5052,101040000,101040000,47,77,101060000,43709
2,5053,101060000,101060000,47,77,101080000,43719
2,5054,101080000,101080000,47,77,101100000,43725
2,5055,101100000,101100000,47,77,101120000,43735
2,5056,101120000,101120000,47,77,101140000,43743
2,5057,101140000,101140000,47,77,101160000,43753
2,5058,101160000,101160000,47,77,101180000,43762
2,5059,101180000,101180000,47,77,101200000,43768
2,506,10120000,10120000,47,77,10140000,4381
2,5060,101200000,101200000,47,77,101220000,43777
2,5061,101220000,101220000,47,77,101240000,43787
2,5062,101240000,101240000,47,77,101260000,43797
2,5063,101260000,101260000,47,77,101280000,43805
2,5064,101280000,101280000,47,77,101300000,43812
2,5065,101300000,101300000,47,77,101320000,43820
2,5066,101320000,101320000,47,77,101340000,43830
2,5067,101340000,101340000,47,77,101360000,43839
2,5068,101360000,101360000,47,77,101380000,43848
2,5069,101380000,101380000,47,77,101400000,43855
2,507,10140000,10140000,47,77,10160000,4390
2,5070,101400000,101400000,47,77,101420000,43864
2,5071,101420000,101420000,47,77,101440000,43874
2,5072,101440000,101440000,47,77,101460000,43882
2,5073,101460000,101460000,47,77,101480000,43892
2,5074,101480000,101480000,47,77,101500000,43898
2,5075,101500000,101500000,47,77,101520000,43907
2,5076,101520000,101520000,47,77,101540000,43917
2,5077,101540000,101540000,47,77,101560000,43925
2,5078,101560000,101560000,47,77,101580000,43936
2,5079,101580000,101580000,47,77,101600000,43941
2,508,10160000,10160000,47,77,10180000,4399
2,5080,101600000,101600000,47,77,101620000,43951
2,5081,101620000,101620000,47,77,101640000,43959
2,5082,101640000,101640000,47,77,101660000,43969
2,5083,101660000,101660000,47,77,101680000,43979
2,5084,101680000,101680000,47,77,101700000,43984
2,5085,101700000,101700000,47,77,101720000,43994
2,5086,101720000,101720000,47,77,101740000,44002
2,5087,101740000,101740000,47,77,101760000,44013
2,5088,101760000,101760000,47,77,101780000,44021
2,5089,101780000,101780000,47,77,101800000,44028
2,509,10180000,10180000,47,77,10200000,4405
2,5090,101800000,101800000,47,77,101820000,44037
2,5091,101820000,101820000,47,77,101840000,44047
2,5092,101840000,101840000,47,77,101860000,44056
2,5093,101860000,101860000,47,77,101880000,44064
2,5094,101880000,101880000,47,77,101900000,44071
2,5095,101900000,101900000,47,77,101920000,44080
2,5096,101920000,101920000,47,77,101940000,44090
2,5097,101940000,101940000,47,77,101960000,44099
2,5098,101960000,101960000,47,77,101980000,44108
2,5099,101980000,101980000,47,77,102000000,44114
2,51,1020000,1020000,47,77,1040000,445
2,510,10200000,10200000,47,77,10220000,4415
2,5100,102000000,102000000,47,77,102020000,44124
2,5101,102020000,102020000,47,77,102040000,44133
2,5102,102040000,102040000,47,77,102060000,44141
2,5103,102060000,102060000,47,77,102080000,44151
2,5104,102080000,102080000,47,77,102100000,44158
2,5105,102100000,102100000,47,77,102120000,44167
2,5106,102120000,102120000,47,77,102140000,44176
2,5107,102140000,102140000,47,77,102160000,44185
2,5108,102160000,102160000,47,77,102180000,44195
2,5109,102180000,102180000,47,77,102200000,44201
2,511,10220000,10220000,47,77,10240000,4424
2,5110,102200000,102200000,47,77,102220000,44210
2,5111,102220000,102220000,47,77,102240000,44219
2,5112,102240000,102240000,47,77,102260000,44229
2,5113,102260000,102260000,47,77,102280000,44238
2,5114,102280000,102280000,47,77,102300000,44244
2,5115,102300000,102300000,47,77,102320000,44253
2,5116,102320000,102320000,47,77,102340000,44262
2,5117,102340000,102340000,47,77,102360000,44272
2,5118,102360000,102360000,47,77,102380000,44282
2,5119,102380000,102380000,47,77,102400000,44287
2,512,10240000,10240000,47,77,10260000,4433
2,5120,102400000,102400000,47,77,102420000,44296
2,5121,102420000,102420000,47,77,102440000,44306
2,5122,102440000,102440000,47,77,102460000,44315
2,5123,102460000,102460000,47,77,102480000,44324
2,5124,102480000,102480000,47,77,102500000,44330
2,5125,102500000,102500000,47,77,102520000,44341
2,5126,102520000,102520000,47,77,102540000,44349
2,5127,102540000,102540000,47,77,102560000,44359
2,5128,102560000,102560000,47,77,102580000,44367
2,5129,102580000,102580000,47,77,102600000,44374
2,513,10260000,10260000,47,77,10280000,4442
2,5130,102600000,102600000,47,77,102620000,44383
2,5131,102620000,102620000,47,77,102640000,44392
2,5132,102640000,102640000,47,77,102660000,44402
2,5133,102660000,102660000,47,77,102680000,44410
2,5134,102680000,102680000,47,77,102700000,44418
2,5135,102700000,102700000,47,77,102720000,44426
2,5136,102720000,102720000,47,77,102740000,44436
2,5137,102740000,102740000,47,77,102760000,44444
2,5138,102760000,102760000,47,77,102780000,44454
2,5139,102780000,102780000,47,77,102800000,44461
2,514,10280000,10280000,47,77,10300000,4449
2,5140,102800000,102800000,47,77,102820000,44469
2,5141,102820000,102820000,47,77,102840000,44479
2,5142,102840000,102840000,47,77,102860000,44488
2,5143,102860000,102860000,47,77,102880000,44498
2,5144,102880000,102880000,47,77,102900000,44503
2,5145,102900000,102900000,47,77,102920000,44513
2,5146,102920000,102920000,47,77,102940000,44523
2,5147,102940000,102940000,47,77,102960000,44531
2,5148,102960000,102960000,47,77,102980000,44541
2,5149,102980000,102980000,47,77,103000000,44546
2,515,10300000,10300000,47,77,10320000,4458
2,5150,103000000,103000000,47,77,103020000,44556
2,5151,103020000,103020000,47,77,103040000,44565
2,5152,103040000,103040000,47,77,103060000,44575
2,5153,103060000,103060000,47,77,103080000,44584
2,5154,103080000,103080000,47,77,103100000,44590
2,5155,103100000,103100000,47,77,103120000,44600
2,5156,103120000,103120000,47,77,103140000,44608
2,5157,103140000,103140000,47,77,103160000,44618
2,5158,103160000,103160000,47,77,103180000,44626
2,5159,103180000,103180000,47,77,103200000,44634
2,516,10320000,10320000,47,77,10340000,4467
2,5160,103200000,103200000,47,77,103220000,44643
2,5161,103220000,103220000,47,77,103240000,44652
2,5162,103240000,103240000,47,77,103260000,44661
2,5163,103260000,103260000,47,77,103280000,44671
2,5164,103280000,103280000,47,77,103300000,44677
2,5165,103300000,103300000,47,77,103320000,44685
2,5166,103320000,103320000,47,77,103340000,44695
2,5167,103340000,103340000,47,77,103360000,44704
2,5168,103360000,103360000,47,77,103380000,44714
2,5169,103380000,103380000,47,77,103400000,44720
2,517,10340000,10340000,47,77,10360000,4476
2,5170,103400000,103400000,47,77,103420000,44729
2,5171,103420000,103420000,47,77,103440000,44738
2,5172,103440000,103440000,47,77,103460000,44748
2,5173,103460000,103460000,47,77,103480000,44757
2,5174,103480000,103480000,47,77,103500000,44763
2,5175,103500000,103500000,47,77,103520000,44772
2,5176,103520000,103520000,47,77,103540000,44782
2,5177,103540000,103540000,47,77,103560000,44791
2,5178,103560000,103560000,47,77,103580000,44800
2,5179,103580000,103580000,47,77,103600000,44806
2,518,10360000,10360000,47,77,10380000,4486
2,5180,103600000,103600000,47,77,103620000,44816
2,5181,103620000,103620000,47,77,103640000,44826
2,5182,103640000,103640000,47,77,103660000,44834
2,5183,103660000,103660000,47,77,103680000,44843
2,5184,103680000,103680000,47,77,103700000,44849
2,5185,103700000,103700000,47,77,103720000,44859
2,5186,103720000,103720000,47,77,103740000,44868
2,5187,103740000,103740000,47,77,103760000,44877
2,5188,103760000,103760000,47,77,103780000,44887
2,5189,103780000,103780000,47,77,103800000,44893
2,519,10380000,10380000,47,77,10400000,4493
2,5190,103800000,103800000,47,77,103820000,44903
2,5191,103820000,103820000,47,77,103840000,44911
2,5192,103840000,103840000,47,77,103860000,44920
2,5193,103860000,103860000,47,77,103880000,44930
2,5194,103880000,103880000,47,77,103900000,44936
2,5195,103900000,103900000,47,77,103920000,44946
2,5196,103920000,103920000,47,77,103940000,44954
2,5197,103940000,103940000,47,77,103960000,44965
2,5198,103960000,103960000,47,77,103980000,44973
2,5199,103980000,103980000,47,77,104000000,44980
2,52,1040000,1040000,47,77,1060000,454
2,520,10400000,10400000,47,77,10420000,4501
2,5200,104000000,104000000,47,77,104020000,44988
2,5201,104020000,104020000,47,77,104040000,44997
2,5202,104040000,104040000,47,77,104060000,45008
2,5203,104060000,104060000,47,77,104080000,45016
2,5204,104080000,104080000,47,77,104100000,45023
2,5205,104100000,104100000,47,77,104120000,45031
2,5206,104120000,104120000,47,77,104140000,45042
2,5207,104140000,104140000,47,77,104160000,45050
2,5208,104160000,104160000,47,77,104180000,45060
2,5209,104180000,104180000,47,77,104200000,45066
2,521,10420000,10420000,47,77,10440000,4510
2,5210,104200000,104200000,47,77,104220000,45075
2,5211,104220000,104220000,47,77,104240000,45085
2,5212,104240000,104240000,47,77,104260000,45093
2,5213,104260000,104260000,47,77,104280000,45103
2,5214,104280000,104280000,47,77,104300000,45109
2,5215,104300000,104300000,47,77,104320000,45119
2,5216,104320000,104320000,47,77,104340000,45128
2,5217,104340000,104340000,47,77,104360000,45137
2,5218,104360000,104360000,47,77,104380000,45146
2,5219,104380000,104380000,47,77,104400000,45152
2,522,10440000,10440000,47,77,10460000,4520
2,5220,104400000,104400000,47,77,104420000,45162
2,5221,104420000,104420000,47,77,104440000,45170
2,5222,104440000,104440000,47,77,104460000,45180
2,5223,104460000,104460000,47,77,104480000,45190
2,5224,104480000,104480000,47,77,104500000,45196
2,5225,104500000,104500000,47,77,104520000,45205
2,5226,104520000,104520000,47,77,104540000,45214
2,5227,104540000,104540000,47,77,104560000,45224
2,5228,104560000,104560000,47,77,104580000,45232
2,5229,104580000,104580000,47,77,104600000,45239
2,523,10460000,10460000,47,77,10480000,4529
2,5230,104600000,104600000,47,77,104620000,45248
2,5231,104620000,104620000,47,77,104640000,45258
2,5232,104640000,104640000,47,77,104660000,45267
2,5233,104660000,104660000,47,77,104680000,45276
2,5234,104680000,104680000,47,77,104700000,45282
2,5235,104700000,104700000,47,77,104720000,45291
2,5236,104720000,104720000,47,77,104740000,45301
2,5237,104740000,104740000,47,77,104760000,45310
2,5238,104760000,104760000,47,77,104780000,45319
2,5239,104780000,104780000,47,77,104800000,45325
2,524,10480000,10480000,47,77,10500000,4535
2,5240,104800000,104800000,47,77,104820000,45335
2,5241,104820000,104820000,47,77,104840000,45344
2,5242,104840000,104840000,47,77,104860000,45353
2,5243,104860000,104860000,47,77,104880000,45362
2,5244,104880000,104880000,47,77,104900000,45370
2,5245,104900000,104900000,47,77,104920000,45378
2,5246,104920000,104920000,47,77,104940000,45387
2,5247,104940000,104940000,47,77,104960000,45396
2,5248,104960000,104960000,47,77,104980000,45406
2,5249,104980000,104980000,47,77,105000000,45412
2,525,10500000,10500000,47,77,10520000,4544
2,5250,105000000,105000000,47,77,105020000,45421
2,5251,105020000,105020000,47,77,105040000,45431
2,5252,105040000,105040000,47,77,105060000,45439
2,5253,105060000,105060000,47,77,105080000,45450
2,5254,105080000,105080000,47,77,105100000,45455
2,5255,105100000,105100000,47,77,105120000,45464
2,5256,105120000,105120000,47,77,105140000,45473
2,5257,105140000,105140000,47,77,105160000,45483
2,5258,105160000,105160000,47,77,105180000,45493
2,5259,105180000,105180000,47,77,105200000,45498
2,526,10520000,10520000,47,77,10540000,4554
2,5260,105200000,105200000,47,77,105220000,45508
2,5261,105220000,105220000,47,77,105240000,45517
2,5262,105240000,105240000,47,77,105260000,45527
2,5263,105260000,105260000,47,77,105280000,45535
2,5264,105280000,105280000,47,77,105300000,45541
2,5265,105300000,105300000,47,77,105320000,45552
2,5266,105320000,105320000,47,77,105340000,45560
2,5267,105340000,105340000,47,77,105360000,45570
2,5268,105360000,105360000,47,77,105380000,45578
2,5269,105380000,105380000,47,77,105400000,45585
2,527,10540000,10540000,47,77,10560000,4563
2,5270,105400000,105400000,47,77,105420000,45594
2,5271,105420000,105420000,47,77,105440000,45604
2,5272,105440000,105440000,47,77,105460000,45613
2,5273,105460000,105460000,47,77,105480000,45621
2,5274,105480000,105480000,47,77,105500000,45629
2,5275,105500000,105500000,47,77,105520000,45637
2,5276,105520000,105520000,47,77,105540000,45647
2,5277,105540000,105540000,47,77,105560000,45655
2,5278,105560000,105560000,47,77,105580000,45666
2,5279,105580000,105580000,47,77,105600000,45672
2,528,10560000,10560000,47,77,10580000,4573
2,5280,105600000,105600000,47,77,105620000,45681
2,5281,105620000,105620000,47,77,105640000,45690
2,5282,105640000,105640000,47,77,105660000,45699
2,5283,105660000,105660000,47,77,105680000,45709
2,5284,105680000,105680000,47,77,105700000,45714
2,5285,105700000,105700000,47,77,105720000,45724
2,5286,105720000,105720000,47,77,105740000,45733
2,5287,105740000,105740000,47,77,105760000,45743
2,5288,105760000,105760000,47,77,105780000,45752
2,5289,105780000,105780000,47,77,105800000,45758
2,529,10580000,10580000,47,77,10600000,4578
2,5290,105800000,105800000,47,77,105820000,45767
2,5291,105820000,105820000,47,77,105840000,45776
2,5292,105840000,105840000,47,77,105860000,45786
2,5293,105860000,105860000,47,77,105880000,45795
2,5294,105880000,105880000,47,77,105900000,45801
2,5295,105900000,105900000,47,77,105920000,45811
2,5296,105920000,105920000,47,77,105940000,45820
2,5297,105940000,105940000,47,77,105960000,45829
2,5298,105960000,105960000,47,77,105980000,45838
2,5299,105980000,105980000,47,77,106000000,45845
2,53,1060000,1060000,47,77,1080000,462
2,530,10600000,10600000,47,77,10620000,4587
2,5300,106000000,106000000,47,77,106020000,45854
2,5301,106020000,106020000,47,77,106040000,45863
2,5302,106040000,106040000,47,77,106060000,45872
2,5303,106060000,106060000,47,77,106080000,45881
2,5304,106080000,106080000,47,77,106100000,45888
2,5305,106100000,106100000,47,77,106120000,45897
2,5306,106120000,106120000,47,77,106140000,45906
2,5307,106140000,106140000,47,77,106160000,45916
2,5308,106160000,106160000,47,77,106180000,45925
2,5309,106180000,106180000,47,77,106200000,45931
2,531,10620000,10620000,47,77,10640000,4597
2,5310,106200000,106200000,47,77,106220000,45940
2,5311,106220000,106220000,47,77,106240000,45949
2,5312,106240000,106240000,47,77,106260000,45959
2,5313,106260000,106260000,47,77,106280000,45968
2,5314,106280000,106280000,47,77,106300000,45975
2,5315,106300000,106300000,47,77,106320000,45983
2,5316,106320000,106320000,47,77,106340000,45994
2,5317,106340000,106340000,47,77,106360000,46002
2,5318,106360000,106360000,47,77,106380000,46011
2,5319,106380000,106380000,47,77,106400000,46017
2,532,10640000,10640000,47,77,10660000,4606
2,5320,106400000,106400000,47,77,106420000,46026
2,5321,106420000,106420000,47,77,106440000,46037
2,5322,106440000,106440000,47,77,106460000,46045
2,5323,106460000,106460000,47,77,106480000,46055
2,5324,106480000,106480000,47,77,106500000,46060
2,5325,106500000,106500000,47,77,106520000,46071
2,5326,106520000,106520000,47,77,106540000,46079
2,5327,106540000,106540000,47,77,106560000,46088
2,5328,106560000,106560000,47,77,106580000,46098
2,5329,106580000,106580000,47,77,106600000,46104
2,533,10660000,10660000,47,77,10680000,4616
2,5330,106600000,106600000,47,77,106620000,46114
2,5331,106620000,106620000,47,77,106640000,46122
2,5332,106640000,106640000,47,77,106660000,46132
2,5333,106660000,106660000,47,77,106680000,46141
2,5334,106680000,106680000,47,77,106700000,46148
2,5335,106700000,106700000,47,77,106720000,46157
2,5336,106720000,106720000,47,77,106740000,46165
2,5337,106740000,106740000,47,77,106760000,46175
2,5338,106760000,106760000,47,77,106780000,46184
2,5339,106780000,106780000,47,77,106800000,46191
2,534,10680000,10680000,47,77,10700000,4621
2,5340,106800000,106800000,47,77,106820000,46199
2,5341,106820000,106820000,47,77,106840000,46209
2,5342,106840000,106840000,47,77,106860000,46219
2,5343,106860000,106860000,47,77,106880000,46228
2,5344,106880000,106880000,47,77,106900000,46234
2,5345,106900000,106900000,47,77,106920000,46242
2,5346,106920000,106920000,47,77,106940000,46253
2,5347,106940000,106940000,47,77,106960000,46261
2,5348,106960000,106960000,47,77,106980000,46271
2,5349,106980000,106980000,47,77,107000000,46277
2,535,10700000,10700000,47,77,10720000,4632
2,5350,107000000,107000000,47,77,107020000,46287
2,5351,107020000,107020000,47,77,107040000,46296
2,5352,107040000,107040000,47,77,107060000,46305
2,5353,107060000,107060000,47,77,107080000,46314
2,5354,107080000,107080000,47,77,107100000,46319
2,536,10720000,10720000,47,77,10740000,4640
2,537,10740000,10740000,47,77,10760000,4650
2,538,10760000,10760000,47,77,10780000,4658
2,539,10780000,10780000,47,77,10800000,4665
2,54,1080000,1080000,47,77,1100000,469
2,540,10800000,10800000,47,77,10820000,4675
2,541,10820000,10820000,47,77,10840000,4683
2,542,10840000,10840000,47,77,10860000,4693
2,543,10860000,10860000,47,77,10880000,4701
2,544,10880000,10880000,47,77,10900000,4709
2,545,10900000,10900000,47,77,10920000,4717
2,546,10920000,10920000,47,77,10940000,4727
2,547,10940000,10940000,47,77,10960000,4736
2,548,10960000,10960000,47,77,10980000,4745
2,549,10980000,10980000,47,77,11000000,4752
2,55,1100000,1100000,47,77,1120000,478
2,550,11000000,11000000,47,77,11020000,4760
2,551,11020000,11020000,47,77,11040000,4770
2,552,11040000,11040000,47,77,11060000,4779
2,553,11060000,11060000,47,77,11080000,4789
2,554,11080000,11080000,47,77,11100000,4795
2,555,11100000,11100000,47,77,11120000,4804
2,556,11120000,11120000,47,77,11140000,4814
2,557,11140000,11140000,47,77,11160000,4822
2,558,11160000,11160000,47,77,11180000,4832
2,559,11180000,11180000,47,77,11200000,4837
2,56,1120000,1120000,47,77,1140000,488
2,560,11200000,11200000,47,77,11220000,4847
2,561,11220000,11220000,47,77,11240000,4857
2,562,11240000,11240000,47,77,11260000,4866
2,563,11260000,11260000,47,77,11280000,4875
2,564,11280000,11280000,47,77,11300000,4881
2,565,11300000,11300000,47,77,11320000,4891
2,566,11320000,11320000,47,77,11340000,4899
2,567,11340000,11340000,47,77,11360000,4909
2,568,11360000,11360000,47,77,11380000,4918
2,569,11380000,11380000,47,77,11400000,4925
2,57,1140000,1140000,47,77,1160000,497
2,570,11400000,11400000,47,77,11420000,4934
2,571,11420000,11420000,47,77,11440000,4943
2,572,11440000,11440000,47,77,11460000,4952
2,573,11460000,11460000,47,77,11480000,4962
2,574,11480000,11480000,47,77,11500000,4968
2,575,11500000,11500000,47,77,11520000,4977
2,576,11520000,11520000,47,77,11540000,4986
2,577,11540000,11540000,47,77,11560000,4995
2,578,11560000,11560000,47,77,11580000,5005
2,579,11580000,11580000,47,77,11600000,5011
2,58,1160000,1160000,47,77,1180000,506
2,580,11600000,11600000,47,77,11620000,5020
2,581,11620000,11620000,47,77,11640000,5029
2,582,11640000,11640000,47,77,11660000,5040
2,583,11660000,11660000,47,77,11680000,5048
2,584,11680000,11680000,47,77,11700000,5054
2,585,11700000,11700000,47,77,11720000,5063
2,586,11720000,11720000,47,77,11740000,5073
2,587,11740000,11740000,47,77,11760000,5082
2,588,11760000,11760000,47,77,11780000,5091
2,589,11780000,11780000,47,77,11800000,5098
2,59,1180000,1180000,47,77,1200000,513
2,590,11800000,11800000,47,77,11820000,5107
2,591,11820000,11820000,47,77,11840000,5117
2,592,11840000,11840000,47,77,11860000,5125
2,593,11860000,11860000,47,77,11880000,5134
2,594,11880000,11880000,47,77,11900000,5140
2,595,11900000,11900000,47,77,11920000,5150
2,596,11920000,11920000,47,77,11940000,5160
2,597,11940000,11940000,47,77,11960000,5168
2,598,11960000,11960000,47,77,11980000,5178
2,599,11980000,11980000,47,77,12000000,5184
2,6,120000,120000,47,77,140000,55
2,60,1200000,1200000,47,77,1220000,522
2,600,12000000,12000000,47,77,12020000,5194
2,601,12020000,12020000,47,77,12040000,5202
2,602,12040000,12040000,47,77,12060000,5211
2,603,12060000,12060000,47,77,12080000,5222
2,604,12080000,12080000,47,77,12100000,5227
2,605,12100000,12100000,47,77,12120000,5237
2,606,12120000,12120000,47,77,12140000,5245
2,607,12140000,12140000,47,77,12160000,5256
2,608,12160000,12160000,47,77,12180000,5264
2,609,12180000,12180000,47,77,12200000,5271
2,61,1220000,1220000,47,77,1240000,531
2,610,12200000,12200000,47,77,12220000,5280
2,611,12220000,12220000,47,77,12240000,5288
2,612,12240000,12240000,47,77,12260000,5299
2,613,12260000,12260000,47,77,12280000,5307
2,614,12280000,12280000,47,77,12300000,5314
2,615,12300000,12300000,47,77,12320000,5322
2,616,12320000,12320000,47,77,12340000,5333
2,617,12340000,12340000,47,77,12360000,5342
2,618,12360000,12360000,47,77,12380000,5351
2,619,12380000,12380000,47,77,12400000,5357
2,62,1240000,1240000,47,77,1260000,539
2,620,12400000,12400000,47,77,12420000,5366
2,621,12420000,12420000,47,77,12440000,5376
2,622,12440000,12440000,47,77,12460000,5384
2,623,12460000,12460000,47,77,12480000,5394
2,624,12480000,12480000,47,77,12500000,5401
2,625,12500000,12500000,47,77,12520000,5410
2,626,12520000,12520000,47,77,12540000,5419
2,627,12540000,12540000,47,77,12560000,5428
2,628,12560000,12560000,47,77,12580000,5437
2,629,12580000,12580000,47,77,12600000,5443
2,63,1260000,1260000,47,77,1280000,550
2,630,12600000,12600000,47,77,12620000,5453
2,631,12620000,12620000,47,77,12640000,5462
2,632,12640000,12640000,47,77,12660000,5471
2,633,12660000,12660000,47,77,12680000,5481
2,634,12680000,12680000,47,77,12700000,5487
2,635,12700000,12700000,47,77,12720000,5496
2,636,12720000,12720000,47,77,12740000,5505
2,637,12740000,12740000,47,77,12760000,5515
2,638,12760000,12760000,47,77,12780000,5524
2,639,12780000,12780000,47,77,12800000,5530
2,64,1280000,1280000,47,77,1300000,556
2,640,12800000,12800000,47,77,12820000,5539
2,641,12820000,12820000,47,77,12840000,5549
2,642,12840000,12840000,47,77,12860000,5558
2,643,12860000,12860000,47,77,12880000,5567
2,644,12880000,12880000,47,77,12900000,5573
2,645,12900000,12900000,47,77,12920000,5583
2,646,12920000,12920000,47,77,12940000,5592
2,647,12940000,12940000,47,77,12960000,5601
2,648,12960000,12960000,47,77,12980000,5610
2,649,12980000,12980000,47,77,13000000,5616
2,65,1300000,1300000,47,77,1320000,565
2,650,13000000,13000000,47,77,13020000,5626
2,651,13020000,13020000,47,77,13040000,5635
2,652,13040000,13040000,47,77,13060000,5645
2,653,13060000,13060000,47,77,13080000,5653
2,654,13080000,13080000,47,77,13100000,5661
2,655,13100000,13100000,47,77,13120000,5669
2,656,13120000,13120000,47,77,13140000,5678
2,657,13140000,13140000,47,77,13160000,5687
2,658,13160000,13160000,47,77,13180000,5697
2,659,13180000,13180000,47,77,13200000,5704
2,66,1320000,1320000,47,77,1340000,574
2,660,13200000,13200000,47,77,13220000,5712
2,661,13220000,13220000,47,77,13240000,5722
2,662,13240000,13240000,47,77,13260000,5730
2,663,13260000,13260000,47,77,13280000,5741
2,664,13280000,13280000,47,77,13300000,5746
2,665,13300000,13300000,47,77,13320000,5755
2,666,13320000,13320000,47,77,13340000,5765
2,667,13340000,13340000,47,77,13360000,5774
2,668,13360000,13360000,47,77,13380000,5784
2,669,13380000,13380000,47,77,13400000,5789
2,67,1340000,1340000,47,77,1360000,583
2,670,13400000,13400000,47,77,13420000,5799
2,671,13420000,13420000,47,77,13440000,5808
2,672,13440000,13440000,47,77,13460000,5818
2,673,13460000,13460000,47,77,13480000,5827
2,674,13480000,13480000,47,77,13500000,5832
2,675,13500000,13500000,47,77,13520000,5843
2,676,13520000,13520000,47,77,13540000,5851
2,677,13540000,13540000,47,77,13560000,5861
2,678,13560000,13560000,47,77,13580000,5869
2,679,13580000,13580000,47,77,13600000,5876
2,68,1360000,1360000,47,77,1380000,593
2,680,13600000,13600000,47,77,13620000,5886
2,681,13620000,13620000,47,77,13640000,5895
2,682,13640000,13640000,47,77,13660000,5904
2,683,13660000,13660000,47,77,13680000,5912
2,684,13680000,13680000,47,77,13700000,5920
2,685,13700000,13700000,47,77,13720000,5928
2,686,13720000,13720000,47,77,13740000,5938
2,687,13740000,13740000,47,77,13760000,5947
2,688,13760000,13760000,47,77,13780000,5957
2,689,13780000,13780000,47,77,13800000,5963
2,69,1380000,1380000,47,77,1400000,599
2,690,13800000,13800000,47,77,13820000,5972
2,691,13820000,13820000,47,77,13840000,5981
2,692,13840000,13840000,47,77,13860000,5990
2,693,13860000,13860000,47,77,13880000,6000
2,694,13880000,13880000,47,77,13900000,6006
2,695,13900000,13900000,47,77,13920000,6015
2,696,13920000,13920000,47,77,13940000,6024
2,697,13940000,13940000,47,77,13960000,6034
2,698,13960000,13960000,47,77,13980000,6043
2,699,13980000,13980000,47,77,14000000,6049
2,7,140000,140000,47,77,160000,64
2,70,1400000,1400000,47,77,1420000,608
2,700,14000000,14000000,47,77,14020000,6058
2,701,14020000,14020000,47,77,14040000,6068
2,702,14040000,14040000,47,77,14060000,6077
2,703,14060000,14060000,47,77,14080000,6086
2,704,14080000,14080000,47,77,14100000,6092
2,705,14100000,14100000,47,77,14120000,6102
2,706,14120000,14120000,47,77,14140000,6111
2,707,14140000,14140000,47,77,14160000,6120
2,708,14160000,14160000,47,77,14180000,6130
2,709,14180000,14180000,47,77,14200000,6136
2,71,1420000,1420000,47,77,1440000,617
2,710,14200000,14200000,47,77,14220000,6145
2,711,14220000,14220000,47,77,14240000,6154
2,712,14240000,14240000,47,77,14260000,6163
2,713,14260000,14260000,47,77,14280000,6172
2,714,14280000,14280000,47,77,14300000,6179
2,715,14300000,14300000,47,77,14320000,6189
2,716,14320000,14320000,47,77,14340000,6197
2,717,14340000,14340000,47,77,14360000,6207
2,718,14360000,14360000,47,77,14380000,6216
2,719,14380000,14380000,47,77,14400000,6222
2,72,1440000,1440000,47,77,1460000,627
2,720,14400000,14400000,47,77,14420000,6231
2,721,14420000,14420000,47,77,14440000,6240
2,722,14440000,14440000,47,77,14460000,6251
2,723,14460000,14460000,47,77,14480000,6259
2,724,14480000,14480000,47,77,14500000,6266
2,725,14500000,14500000,47,77,14520000,6274
2,726,14520000,14520000,47,77,14540000,6285
2,727,14540000,14540000,47,77,14560000,6293
2,728,14560000,14560000,47,77,14580000,6302
2,729,14580000,14580000,47,77,14600000,6309
2,73,1460000,1460000,47,77,1480000,636
2,730,14600000,14600000,47,77,14620000,6317
2,731,14620000,14620000,47,77,14640000,6328
2,732,14640000,14640000,47,77,14660000,6336
2,733,14660000,14660000,47,77,14680000,6346
2,734,14680000,14680000,47,77,14700000,6351
2,735,14700000,14700000,47,77,14720000,6362
2,736,14720000,14720000,47,77,14740000,6371
2,737,14740000,14740000,47,77,14760000,6379
2,738,14760000,14760000,47,77,14780000,6389
2,739,14780000,14780000,47,77,14800000,6395
2,74,1480000,1480000,47,77,1500000,642
2,740,14800000,14800000,47,77,14820000,6405
2,741,14820000,14820000,47,77,14840000,6413
2,742,14840000,14840000,47,77,14860000,6423
2,743,14860000,14860000,47,77,14880000,6433
2,744,14880000,14880000,47,77,14900000,6439
2,745,14900000,14900000,47,77,14920000,6448
2,746,14920000,14920000,47,77,14940000,6456
2,747,14940000,14940000,47,77,14960000,6466
2,748,14960000,14960000,47,77,14980000,6475
2,749,14980000,14980000,47,77,15000000,6482
2,75,1500000,1500000,47,77,1520000,651
2,750,15000000,15000000,47,77,15020000,6491
2,751,15020000,15020000,47,77,15040000,6500
2,752,15040000,15040000,47,77,15060000,6510
2,753,15060000,15060000,47,77,15080000,6519
2,754,15080000,15080000,47,77,15100000,6525
2,755,15100000,15100000,47,77,15120000,6533
2,756,15120000,15120000,47,77,15140000,6544
2,757,15140000,15140000,47,77,15160000,6553
2,758,15160000,15160000,47,77,15180000,6562
2,759,15180000,15180000,47,77,15200000,6568
2,76,1520000,1520000,47,77,1540000,661
2,760,15200000,15200000,47,77,15220000,6578
2,761,15220000,15220000,47,77,15240000,6587
2,762,15240000,15240000,47,77,15260000,6596
2,763,15260000,15260000,47,77,15280000,6605
2,764,15280000,15280000,47,77,15300000,6611
2,765,15300000,15300000,47,77,15320000,6621
2,766,15320000,15320000,47,77,15340000,6630
2,767,15340000,15340000,47,77,15360000,6639
2,768,15360000,15360000,47,77,15380000,6648
2,769,15380000,15380000,47,77,15400000,6655
2,77,1540000,1540000,47,77,1560000,670
2,770,15400000,15400000,47,77,15420000,6664
2,771,15420000,15420000,47,77,15440000,6674
2,772,15440000,15440000,47,77,15460000,6682
2,773,15460000,15460000,47,77,15480000,6692
2,774,15480000,15480000,47,77,15500000,6698
2,775,15500000,15500000,47,77,15520000,6707
2,776,15520000,15520000,47,77,15540000,6716
2,777,15540000,15540000,47,77,15560000,6726
2,778,15560000,15560000,47,77,15580000,6736
2,779,15580000,15580000,47,77,15600000,6741
2,78,1560000,1560000,47,77,1580000,680
2,780,15600000,15600000,47,77,15620000,6751
2,781,15620000,15620000,47,77,15640000,6759
2,782,15640000,15640000,47,77,15660000,6769
2,783,15660000,15660000,47,77,15680000,6778
2,784,15680000,15680000,47,77,15700000,6784
2,785,15700000,15700000,47,77,15720000,6794
2,786,15720000,15720000,47,77,15740000,6803
2,787,15740000,15740000,47,77,15760000,6813
2,788,15760000,15760000,47,77,15780000,6821
2,789,15780000,15780000,47,77,15800000,6828
2,79,1580000,1580000,47,77,1600000,685
2,790,15800000,15800000,47,77,15820000,6837
2,791,15820000,15820000,47,77,15840000,6846
2,792,15840000,15840000,47,77,15860000,6856
2,793,15860000,15860000,47,77,15880000,6864
2,794,15880000,15880000,47,77,15900000,6872
2,795,15900000,15900000,47,77,15920000,6880
2,796,15920000,15920000,47,77,15940000,6890
2,797,15940000,15940000,47,77,15960000,6898
2,798,15960000,15960000,47,77,15980000,6908
2,799,15980000,15980000,47,77,16000000,6915
2,8,160000,160000,47,77,180000,74
2,80,1600000,1600000,47,77,1620000,695
2,800,16000000,16000000,47,77,16020000,6923
2,801,16020000,16020000,47,77,16040000,6933
2,802,16040000,16040000,47,77,16060000,6941
2,803,16060000,16060000,47,77,16080000,6952
2,804,16080000,16080000,47,77,16100000,6957
2,805,16100000,16100000,47,77,16120000,6967
2,806,16120000,16120000,47,77,16140000,6976
2,807,16140000,16140000,47,77,16160000,6986
2,808,16160000,16160000,47,77,16180000,6995
2,809,16180000,16180000,47,77,16200000,7000
2,81,1620000,1620000,47,77,1640000,704
2,810,16200000,16200000,47,77,16220000,7010
2,811,16220000,16220000,47,77,16240000,7019
2,812,16240000,16240000,47,77,16260000,7029
2,813,16260000,16260000,47,77,16280000,7038
2,814,16280000,16280000,47,77,16300000,7044
2,815,16300000,16300000,47,77,16320000,7053
2,816,16320000,16320000,47,77,16340000,7063
2,817,16340000,16340000,47,77,16360000,7072
2,818,16360000,16360000,47,77,16380000,7080
2,819,16380000,16380000,47,77,16400000,7087
2,82,1640000,1640000,47,77,1660000,713
2,820,16400000,16400000,47,77,16420000,7097
2,821,16420000,16420000,47,77,16440000,7106
2,822,16440000,16440000,47,77,16460000,7115
2,823,16460000,16460000,47,77,16480000,7124
2,824,16480000,16480000,47,77,16500000,7131
2,825,16500000,16500000,47,77,16520000,7140
2,826,16520000,16520000,47,77,16540000,7149
2,827,16540000,16540000,47,77,16560000,7158
2,828,16560000,16560000,47,77,16580000,7168
2,829,16580000,16580000,47,77,16600000,7174
2,83,1660000,1660000,47,77,1680000,722
2,830,16600000,16600000,47,77,16620000,7183
2,831,16620000,16620000,47,77,16640000,7192
2,832,16640000,16640000,47,77,16660000,7201
2,833,16660000,16660000,47,77,16680000,7211
2,834,16680000,16680000,47,77,16700000,7218
2,835,16700000,16700000,47,77,16720000,7226
2,836,16720000,16720000,47,77,16740000,7235
2,837,16740000,16740000,47,77,16760000,7245
2,838,16760000,16760000,47,77,16780000,7254
2,839,16780000,16780000,47,77,16800000,7260
2,84,1680000,1680000,47,77,1700000,728
2,840,16800000,16800000,47,77,16820000,7269
2,841,16820000,16820000,47,77,16840000,7280
2,842,16840000,16840000,47,77,16860000,7288
2,843,16860000,16860000,47,77,16880000,7298
2,844,16880000,16880000,47,77,16900000,7303
2,845,16900000,16900000,47,77,16920000,7313
2,846,16920000,16920000,47,77,16940000,7322
2,847,16940000,16940000,47,77,16960000,7331
2,848,16960000,16960000,47,77,16980000,7341
2,849,16980000,16980000,47,77,17000000,7346
2,85,1700000,1700000,47,77,1720000,739
2,850,17000000,17000000,47,77,17020000,7357
2,851,17020000,17020000,47,77,17040000,7365
2,852,17040000,17040000,47,77,17060000,7375
2,853,17060000,17060000,47,77,17080000,7383
2,854,17080000,17080000,47,77,17100000,7390
2,855,17100000,17100000,47,77,17120000,7400
2,856,17120000,17120000,47,77,17140000,7408
2,857,17140000,17140000,47,77,17160000,7418
2,858,17160000,17160000,47,77,17180000,7427
2,859,17180000,17180000,47,77,17200000,7434
2,86,1720000,1720000,47,77,1740000,747
2,860,17200000,17200000,47,77,17220000,7442
2,861,17220000,17220000,47,77,17240000,7452
2,862,17240000,17240000,47,77,17260000,7462
2,863,17260000,17260000,47,77,17280000,7470
2,864,17280000,17280000,47,77,17300000,7477
2,865,17300000,17300000,47,77,17320000,7485
2,866,17320000,17320000,47,77,17340000,7495
2,867,17340000,17340000,47,77,17360000,7504
2,868,17360000,17360000,47,77,17380000,7514
2,869,17380000,17380000,47,77,17400000,7520
2,87,1740000,1740000,47,77,1760000,757
2,870,17400000,17400000,47,77,17420000,7529
2,871,17420000,17420000,47,77,17440000,7539
2,872,17440000,17440000,47,77,17460000,7547
2,873,17460000,17460000,47,77,17480000,7557
2,874,17480000,17480000,47,77,17500000,7562
2,875,17500000,17500000,47,77,17520000,7573
2,876,17520000,17520000,47,77,17540000,7582
2,877,17540000,17540000,47,77,17560000,7591
2,878,17560000,17560000,47,77,17580000,7600
2,879,17580000,17580000,47,77,17600000,7607
2,88,1760000,1760000,47,77,1780000,765
2,880,17600000,17600000,47,77,17620000,7616
2,881,17620000,17620000,47,77,17640000,7624
2,882,17640000,17640000,47,77,17660000,7634
2,883,17660000,17660000,47,77,17680000,7643
2,884,17680000,17680000,47,77,17700000,7650
2,885,17700000,17700000,47,77,17720000,7659
2,886,17720000,17720000,47,77,17740000,7668
2,887,17740000,17740000,47,77,17760000,7677
2,888,17760000,17760000,47,77,17780000,7687
2,889,17780000,17780000,47,77,17800000,7693
2,89,1780000,1780000,47,77,1800000,772
2,890,17800000,17800000,47,77,17820000,7702
2,891,17820000,17820000,47,77,17840000,7711
2,892,17840000,17840000,47,77,17860000,7721
2,893,17860000,17860000,47,77,17880000,7730
2,894,17880000,17880000,47,77,17900000,7736
2,895,17900000,17900000,47,77,17920000,7745
2,896,17920000,17920000,47,77,17940000,7755
2,897,17940000,17940000,47,77,17960000,7765
2,898,17960000,17960000,47,77,17980000,7773
2,899,17980000,17980000,47,77,18000000,7779
2,9,180000,180000,47,77,200000,80
2,90,1800000,1800000,47,77,1820000,781
2,900,18000000,18000000,47,77,18020000,7788
2,901,18020000,18020000,47,77,18040000,7798
2,902,18040000,18040000,47,77,18060000,7807
2,903,18060000,18060000,47,77,18080000,7816
2,904,18080000,18080000,47,77,18100000,7823
2,905,18100000,18100000,47,77,18120000,7832
2,906,18120000,18120000,47,77,18140000,7842
2,907,18140000,18140000,47,77,18160000,7850
2,908,18160000,18160000,47,77,18180000,7859
2,909,18180000,18180000,47,77,18200000,7866
2,91,1820000,1820000,47,77,1840000,790
2,910,18200000,18200000,47,77,18220000,7875
2,911,18220000,18220000,47,77,18240000,7885
2,912,18240000,18240000,47,77,18260000,7893
2,913,18260000,18260000,47,77,18280000,7904
2,914,18280000,18280000,47,77,18300000,7909
2,915,18300000,18300000,47,77,18320000,7919
2,916,18320000,18320000,47,77,18340000,7927
2,917,18340000,18340000,47,77,18360000,7936
2,918,18360000,18360000,47,77,18380000,7947
2,919,18380000,18380000,47,77,18400000,7952
2,92,1840000,1840000,47,77,1860000,800
2,920,18400000,18400000,47,77,18420000,7962
2,921,18420000,18420000,47,77,18440000,7970
2,922,18440000,18440000,47,77,18460000,7981
2,923,18460000,18460000,47,77,18480000,7989
2,924,18480000,18480000,47,77,18500000,7996
2,925,18500000,18500000,47,77,18520000,8005
2,926,18520000,18520000,47,77,18540000,8014
2,927,18540000,18540000,47,77,18560000,8024
2,928,18560000,18560000,47,77,18580000,8032
2,929,18580000,18580000,47,77,18600000,8039
2,93,1860000,1860000,47,77,1880000,809
2,930,18600000,18600000,47,77,18620000,8048
2,931,18620000,18620000,47,77,18640000,8058
2,932,18640000,18640000,47,77,18660000,8067
2,933,18660000,18660000,47,77,18680000,8076
2,934,18680000,18680000,47,77,18700000,8082
2,935,18700000,18700000,47,77,18720000,8091
2,936,18720000,18720000,47,77,18740000,8101
2,937,18740000,18740000,47,77,18760000,8109
2,938,18760000,18760000,47,77,18780000,8119
2,939,18780000,18780000,47,77,18800000,8126
2,94,1880000,1880000,47,77,1900000,816
2,940,18800000,18800000,47,77,18820000,8135
2,941,18820000,18820000,47,77,18840000,8144
2,942,18840000,18840000,47,77,18860000,8153
2,943,18860000,18860000,47,77,18880000,8163
2,944,18880000,18880000,47,77,18900000,8168
2,945,18900000,18900000,47,77,18920000,8178
2,946,18920000,18920000,47,77,18940000,8187
2,947,18940000,18940000,47,77,18960000,8197
2,948,18960000,18960000,47,77,18980000,8206
2,949,18980000,18980000,47,77,19000000,8212
2,95,1900000,1900000,47,77,1920000,824
2,950,19000000,19000000,47,77,19020000,8221
2,951,19020000,19020000,47,77,19040000,8230
2,952,19040000,19040000,47,77,19060000,8240
2,953,19060000,19060000,47,77,19080000,8249
2,954,19080000,19080000,47,77,19100000,8255
2,955,19100000,19100000,47,77,19120000,8264
2,956,19120000,19120000,47,77,19140000,8274
2,957,19140000,19140000,47,77,19160000,8283
2,958,19160000,19160000,47,77,19180000,8292
2,959,19180000,19180000,47,77,19200000,8298
2,96,1920000,1920000,47,77,1940000,834
2,960,19200000,19200000,47,77,19220000,8309
2,961,19220000,19220000,47,77,19240000,8317
2,962,19240000,19240000,47,77,19260000,8326
2,963,19260000,19260000,47,77,19280000,8335
2,964,19280000,19280000,47,77,19300000,8342
2,965,19300000,19300000,47,77,19320000,8351
2,966,19320000,19320000,47,77,19340000,8360
2,967,19340000,19340000,47,77,19360000,8370
2,968,19360000,19360000,47,77,19380000,8378
2,969,19380000,19380000,47,77,19400000,8386
2,97,1940000,1940000,47,77,1960000,843
2,970,19400000,19400000,47,77,19420000,8394
2,971,19420000,19420000,47,77,19440000,8403
2,972,19440000,19440000,47,77,19460000,8412
2,973,19460000,19460000,47,77,19480000,8422
2,974,19480000,19480000,47,77,19500000,8429
2,975,19500000,19500000,47,77,19520000,8437
2,976,19520000,19520000,47,77,19540000,8447
2,977,19540000,19540000,47,77,19560000,8456
2,978,19560000,19560000,47,77,19580000,8466
2,979,19580000,19580000,47,77,19600000,8471
2,98,1960000,1960000,47,77,1980000,852
2,980,19600000,19600000,47,77,19620000,8480
2,981,19620000,19620000,47,77,19640000,8491
2,982,19640000,19640000,47,77,19660000,8499
2,983,19660000,19660000,47,77,19680000,8509
2,984,19680000,19680000,47,77,19700000,8514
2,985,19700000,19700000,47,77,19720000,8524
2,986,19720000,19720000,47,77,19740000,8533
2,987,19740000,19740000,47,77,19760000,8543
2,988,19760000,19760000,47,77,19780000,8552
2,989,19780000,19780000,47,77,19800000,8557
2,99,1980000,1980000,47,77,2000000,859
2,990,19800000,19800000,47,77,19820000,8568
2,991,19820000,19820000,47,77,19840000,8576
2,992,19840000,19840000,47,77,19860000,8586
2,993,19860000,19860000,47,77,19880000,8594
2,994,19880000,19880000,47,77,19900000,8602
2,995,19900000,19900000,47,77,19920000,8611
2,996,19920000,19920000,47,77,19940000,8620
2,997,19940000,19940000,47,77,19960000,8629
2,998,19960000,19960000,47,77,19980000,8638
2,999,19980000,19980000,47,77,20000000,8645
3,0,0,0,239,398,25000,4
3,1,25000,25000,239,398,50000,16
3,10,250000,250000,239,398,275000,113
3,100,2500000,2500000,239,398,2525000,1087
3,1000,25000000,25000000,239,398,25025000,10819
3,1001,25025000,25025000,239,398,25050000,10829
3,1002,25050000,25050000,239,398,25075000,10839
3,1003,25075000,25075000,239,398,25100000,10852
3,1004,25100000,25100000,239,398,25125000,10862
3,1005,25125000,25125000,239,398,25150000,10872
3,1006,25150000,25150000,239,398,25175000,10884
3,1007,25175000,25175000,239,398,25200000,10894
3,1008,25200000,25200000,239,398,25225000,10904
3,1009,25225000,25225000,239,398,25250000,10917
3,101,2525000,2525000,239,398,2550000,1096
3,1010,25250000,25250000,239,398,25275000,10927
3,1011,25275000,25275000,239,398,25300000,10938
3,1012,25300000,25300000,239,398,25325000,10948
3,1013,25325000,25325000,239,398,25350000,10960
3,1014,25350000,25350000,239,398,25375000,10968
3,1015,25375000,25375000,239,398,25400000,10981
3,1016,25400000,25400000,239,398,25425000,10992
3,1017,25425000,25425000,239,398,25450000,11003
3,1018,25450000,25450000,239,398,25475000,11013
3,1019,25475000,25475000,239,398,25500000,11024
3,102,2550000,2550000,239,398,2575000,1107
3,1020,25500000,25500000,239,398,25525000,11035
3,1021,25525000,25525000,239,398,25550000,11045
3,1022,25550000,25550000,239,398,25575000,11056
3,1023,25575000,25575000,239,398,25600000,11068
3,1024,25600000,25600000,239,398,25625000,11079
3,1025,25625000,25625000,239,398,25650000,11088
3,1026,25650000,25650000,239,398,25675000,11099
3,1027,25675000,25675000,239,398,25700000,11112
3,1028,25700000,25700000,239,398,25725000,11121
3,1029,25725000,25725000,239,398,25750000,11132
3,103,2575000,2575000,239,398,2600000,1119
3,1030,25750000,25750000,239,398,25775000,11143
3,1031,25775000,25775000,239,398,25800000,11155
3,1032,25800000,25800000,239,398,25825000,11163
3,1033,25825000,25825000,239,398,25850000,11176
3,1034,25850000,25850000,239,398,25875000,11186
3,1035,25875000,25875000,239,398,25900000,11197
3,1036,25900000,25900000,239,398,25925000,11208
3,1037,25925000,25925000,239,398,25950000,11219
3,1038,25950000,25950000,239,398,25975000,11229
3,1039,25975000,25975000,239,398,26000000,11240
3,104,2600000,2600000,239,398,2625000,1129
3,1040,26000000,26000000,239,398,26025000,11252
3,1041,26025000,26025000,239,398,26050000,11262
3,1042,26050000,26050000,239,398,26075000,11272
3,1043,26075000,26075000,239,398,26100000,11284
3,1044,26100000,26100000,239,398,26125000,11294
3,1045,26125000,26125000,239,398,26150000,11306
3,1046,26150000,26150000,239,398,26175000,11315
3,1047,26175000,26175000,239,398,26200000,11328
3,1048,26200000,26200000,239,398,26225000,11338
3,1049,26225000,26225000,239,398,26250000,11348
3,105,2625000,2625000,239,398,2650000,1140
3,1050,26250000,26250000,239,398,26275000,11358
3,1051,26275000,26275000,239,398,26300000,11371
3,1052,26300000,26300000,239,398,26325000,11381
3,1053,26325000,26325000,239,398,26350000,11391
3,1054,26350000,26350000,239,398,26375000,11403
3,1055,26375000,26375000,239,398,26400000,11414
3,1056,26400000,26400000,239,398,26425000,11423
3,1057,26425000,26425000,239,398,26450000,11435
3,1058,26450000,26450000,239,398,26475000,11446
3,1059,26475000,26475000,239,398,26500000,11457
3,106,2650000,2650000,239,398,2675000,1151
3,1060,26500000,26500000,239,398,26525000,11468
3,1061,26525000,26525000,239,398,26550000,11478
3,1062,26550000,26550000,239,398,26575000,11488
3,1063,26575000,26575000,239,398,26600000,11500
3,1064,26600000,26600000,239,398,26625000,11511
3,1065,26625000,26625000,239,398,26650000,11522
3,1066,26650000,26650000,239,398,26675000,11532
3,1067,26675000,26675000,239,398,26700000,11544
3,1068,26700000,26700000,239,398,26725000,11553
3,1069,26725000,26725000,239,398,26750000,11565
3,107,2675000,2675000,239,398,2700000,1162
3,1070,26750000,26750000,239,398,26775000,11574
3,1071,26775000,26775000,239,398,26800000,11587
3,1072,26800000,26800000,239,398,26825000,11598
3,1073,26825000,26825000,239,398,26850000,11608
3,1074,26850000,26850000,239,398,26875000,11618
3,1075,26875000,26875000,239,398,26900000,11630
3,1076,26900000,26900000,239,398,26925000,11641
3,1077,26925000,26925000,239,398,26950000,11651
3,1078,26950000,26950000,239,398,26975000,11662
3,1079,26975000,26975000,239,398,27000000,11673
3,108,2700000,2700000,239,398,2725000,1172
3,1080,27000000,27000000,239,398,27025000,11683
3,1081,27025000,27025000,239,398,27050000,11695
3,1082,27050000,27050000,239,398,27075000,11705
3,1083,27075000,27075000,239,398,27100000,11717
3,1084,27100000,27100000,239,398,27125000,11727
3,1085,27125000,27125000,239,398,27150000,11738
3,1086,27150000,27150000,239,398,27175000,11747
3,1087,27175000,27175000,239,398,27200000,11760
3,1088,27200000,27200000,239,398,27225000,11770
3,1089,27225000,27225000,239,398,27250000,11781
3,109,2725000,2725000,239,398,2750000,1184
3,1090,27250000,27250000,239,398,27275000,11792
3,1091,27275000,27275000,239,398,27300000,11803
3,1092,27300000,27300000,239,398,27325000,11813
3,1093,27325000,27325000,239,398,27350000,11824
3,1094,27350000,27350000,239,398,27375000,11836
3,1095,27375000,27375000,239,398,27400000,11846
3,1096,27400000,27400000,239,398,27425000,11857
3,1097,27425000,27425000,239,398,27450000,11867
3,1098,27450000,27450000,239,398,27475000,11877
3,1099,27475000,27475000,239,398,27500000,11890
3,11,275000,275000,239,398,300000,124
3,110,2750000,2750000,239,398,2775000,1194
3,1100,27500000,27500000,239,398,27525000,11900
3,1101,27525000,27525000,239,398,27550000,11912
3,1102,27550000,27550000,239,398,27575000,11921
3,1103,27575000,27575000,239,398,27600000,11933
3,1104,27600000,27600000,239,398,27625000,11942
3,1105,27625000,27625000,239,398,27650000,11954
3,1106,27650000,27650000,239,398,27675000,11964
3,1107,27675000,27675000,239,398,27700000,11976
3,1108,27700000,27700000,239,398,27725000,11988
3,1109,27725000,27725000,239,398,27750000,11997
3,111,2775000,2775000,239,398,2800000,1205
3,1110,27750000,27750000,239,398,27775000,12007
3,1111,27775000,27775000,239,398,27800000,12020
3,1112,27800000,27800000,239,398,27825000,12030
3,1113,27825000,27825000,239,398,27850000,12040
3,1114,27850000,27850000,239,398,27875000,12051
3,1115,27875000,27875000,239,398,27900000,12063
3,1116,27900000,27900000,239,398,27925000,12072
3,1117,27925000,27925000,239,398,27950000,12084
3,1118,27950000,27950000,239,398,27975000,12095
3,1119,27975000,27975000,239,398,28000000,12106
3,112,2800000,2800000,239,398,2825000,1216
3,1120,28000000,28000000,239,398,28025000,12116
3,1121,28025000,28025000,239,398,28050000,12127
3,1122,28050000,28050000,239,398,28075000,12137
3,1123,28075000,28075000,239,398,28100000,12149
3,1124,28100000,28100000,239,398,28125000,12159
3,1125,28125000,28125000,239,398,28150000,12171
3,1126,28150000,28150000,239,398,28175000,12181
3,1127,28175000,28175000,239,398,28200000,12192
3,1128,28200000,28200000,239,398,28225000,12203
3,1129,28225000,28225000,239,398,28250000,12214
3,113,2825000,2825000,239,398,2850000,1227
3,1130,28250000,28250000,239,398,28275000,12224
3,1131,28275000,28275000,239,398,28300000,12235
3,1132,28300000,28300000,239,398,28325000,12247
3,1133,28325000,28325000,239,398,28350000,12256
3,1134,28350000,28350000,239,398,28375000,12266
3,1135,28375000,28375000,239,398,28400000,12280
3,1136,28400000,28400000,239,398,28425000,12290
3,1137,28425000,28425000,239,398,28450000,12300
3,1138,28450000,28450000,239,398,28475000,12310
3,1139,28475000,28475000,239,398,28500000,12323
3,114,2850000,2850000,239,398,2875000,1236
3,1140,28500000,28500000,239,398,28525000,12331
3,1141,28525000,28525000,239,398,28550000,12343
3,1142,28550000,28550000,239,398,28575000,12354
3,1143,28575000,28575000,239,398,28600000,12366
3,1144,28600000,28600000,239,398,28625000,12376
3,1145,28625000,28625000,239,398,28650000,12387
3,1146,28650000,28650000,239,398,28675000,12397
3,1147,28675000,28675000,239,398,28700000,12408
3,1148,28700000,28700000,239,398,28725000,12419
3,1149,28725000,28725000,239,398,28750000,12430
3,115,2875000,2875000,239,398,2900000,1249
3,1150,28750000,28750000,239,398,28775000,12441
3,1151,28775000,28775000,239,398,28800000,12451
3,1152,28800000,28800000,239,398,28825000,12462
3,1153,28825000,28825000,239,398,28850000,12474
3,1154,28850000,28850000,239,398,28875000,12483
3,1155,28875000,28875000,239,398,28900000,12495
3,1156,28900000,28900000,239,398,28925000,12506
3,1157,28925000,28925000,239,398,28950000,12517
3,1158,28950000,28950000,239,398,28975000,12525
3,1159,28975000,28975000,239,398,29000000,12539
3,116,2900000,2900000,239,398,2925000,1259
3,1160,29000000,29000000,239,398,29025000,12549
3,1161,29025000,29025000,239,398,29050000,12559
3,1162,29050000,29050000,239,398,29075000,12571
3,1163,29075000,29075000,239,398,29100000,12582
3,1164,29100000,29100000,239,398,29125000,12592
3,1165,29125000,29125000,239,398,29150000,12602
3,1166,29150000,29150000,239,398,29175000,12614
3,1167,29175000,29175000,239,398,29200000,12625
3,1168,29200000,29200000,239,398,29225000,12635
3,1169,29225000,29225000,239,398,29250000,12646
3,117,2925000,2925000,239,398,2950000,1270
3,1170,29250000,29250000,239,398,29275000,12656
3,1171,29275000,29275000,239,398,29300000,12669
3,1172,29300000,29300000,239,398,29325000,12678
3,1173,29325000,29325000,239,398,29350000,12690
3,1174,29350000,29350000,239,398,29375000,12700
3,1175,29375000,29375000,239,398,29400000,12711
3,1176,29400000,29400000,239,398,29425000,12721
3,1177,29425000,29425000,239,398,29450000,12733
3,1178,29450000,29450000,239,398,29475000,12743
3,1179,29475000,29475000,239,398,29500000,12755
3,118,2950000,2950000,239,398,2975000,1280
3,1180,29500000,29500000,239,398,29525000,12766
3,1181,29525000,29525000,239,398,29550000,12776
3,1182,29550000,29550000,239,398,29575000,12785
3,1183,29575000,29575000,239,398,29600000,12798
3,1184,29600000,29600000,239,398,29625000,12809
3,1185,29625000,29625000,239,398,29650000,12819
3,1186,29650000,29650000,239,398,29675000,12830
3,1187,29675000,29675000,239,398,29700000,12841
3,1188,29700000,29700000,239,398,29725000,12851
3,1189,29725000,29725000,239,398,29750000,12862
3,119,2975000,2975000,239,398,3000000,1292
3,1190,29750000,29750000,239,398,29775000,12873
3,1191,29775000,29775000,239,398,29800000,12885
3,1192,29800000,29800000,239,398,29825000,12895
3,1193,29825000,29825000,239,398,29850000,12906
3,1194,29850000,29850000,239,398,29875000,12915
3,1195,29875000,29875000,239,398,29900000,12928
3,1196,29900000,29900000,239,398,29925000,12938
3,1197,29925000,29925000,239,398,29950000,12949
3,1198,29950000,29950000,239,398,29975000,12960
3,1199,29975000,29975000,239,398,30000000,12971
3,12,300000,300000,239,398,325000,134
3,120,3000000,3000000,239,398,3025000,1302
3,1200,30000000,30000000,239,398,30025000,12981
3,1201,30025000,30025000,239,398,30050000,12992
3,1202,30050000,30050000,239,398,30075000,13003
3,1203,30075000,30075000,239,398,30100000,13014
3,1204,30100000,30100000,239,398,30125000,13025
3,1205,30125000,30125000,239,398,30150000,13035
3,1206,30150000,30150000,239,398,30175000,13045
3,1207,30175000,30175000,239,398,30200000,13058
3,1208,30200000,30200000,239,398,30225000,13068
3,1209,30225000,30225000,239,398,30250000,13079
3,121,3025000,3025000,239,398,3050000,1313
3,1210,30250000,30250000,239,398,30275000,13089
3,1211,30275000,30275000,239,398,30300000,13101
3,1212,30300000,30300000,239,398,30325000,13110
3,1213,30325000,30325000,239,398,30350000,13123
3,1214,30350000,30350000,239,398,30375000,13132
3,1215,30375000,30375000,239,398,30400000,13144
3,1216,30400000,30400000,239,398,30425000,13155
3,1217,30425000,30425000,239,398,30450000,13165
3,1218,30450000,30450000,239,398,30475000,13175
3,1219,30475000,30475000,239,398,30500000,13187
3,122,3050000,3050000,239,398,3075000,1324
3,1220,30500000,30500000,239,398,30525000,13199
3,1221,30525000,30525000,239,398,30550000,13208
3,1222,30550000,30550000,239,398,30575000,13219
3,1223,30575000,30575000,239,398,30600000,13230
3,1224,30600000,30600000,239,398,30625000,13240
3,1225,30625000,30625000,239,398,30650000,13252
3,1226,30650000,30650000,239,398,30675000,13262
3,1227,30675000,30675000,239,398,30700000,13275
3,1228,30700000,30700000,239,398,30725000,13284
3,1229,30725000,30725000,239,398,30750000,13295
3,123,3075000,3075000,239,398,3100000,1335
3,1230,30750000,30750000,239,398,30775000,13305
3,1231,30775000,30775000,239,398,30800000,13317
3,1232,30800000,30800000,239,398,30825000,13327
3,1233,30825000,30825000,239,398,30850000,13338
3,1234,30850000,30850000,239,398,30875000,13350
3,1235,30875000,30875000,239,398,30900000,13360
3,1236,30900000,30900000,239,398,30925000,13370
3,1237,30925000,30925000,239,398,30950000,13382
3,1238,30950000,30950000,239,398,30975000,13392
3,1239,30975000,30975000,239,398,31000000,13403
3,124,3100000,3100000,239,398,3125000,1346
3,1240,31000000,31000000,239,398,31025000,13414
3,1241,31025000,31025000,239,398,31050000,13425
3,1242,31050000,31050000,239,398,31075000,13434
3,1243,31075000,31075000,239,398,31100000,13447
3,1244,31100000,31100000,239,398,31125000,13458
3,1245,31125000,31125000,239,398,31150000,13468
3,1246,31150000,31150000,239,398,31175000,13478
3,1247,31175000,31175000,239,398,31200000,13491
3,1248,31200000,31200000,239,398,31225000,13500
3,1249,31225000,31225000,239,398,31250000,13511
3,125,3125000,3125000,239,398,3150000,1356
3,1250,31250000,31250000,239,398,31275000,13521
3,1251,31275000,31275000,239,398,31300000,13534
3,1252,31300000,31300000,239,398,31325000,13544
3,1253,31325000,31325000,239,398,31350000,13554
3,1254,31350000,31350000,239,398,31375000,13565
3,1255,31375000,31375000,239,398,31400000,13577
3,1256,31400000,31400000,239,398,31425000,13587
3,1257,31425000,31425000,239,398,31450000,13597
3,1258,31450000,31450000,239,398,31475000,13609
3,1259,31475000,31475000,239,398,31500000,13619
3,126,3150000,3150000,239,398,3175000,1366
3,1260,31500000,31500000,239,398,31525000,13629
3,1261,31525000,31525000,239,398,31550000,13642
3,1262,31550000,31550000,239,398,31575000,13652
3,1263,31575000,31575000,239,398,31600000,13663
3,1264,31600000,31600000,239,398,31625000,13674
3,1265,31625000,31625000,239,398,31650000,13685
3,1266,31650000,31650000,239,398,31675000,13693
3,1267,31675000,31675000,239,398,31700000,13706
3,1268,31700000,31700000,239,398,31725000,13717
3,1269,31725000,31725000,239,398,31750000,13728
3,127,3175000,3175000,239,398,3200000,1379
3,1270,31750000,31750000,239,398,31775000,13738
3,1271,31775000,31775000,239,398,31800000,13750
3,1272,31800000,31800000,239,398,31825000,13760
3,1273,31825000,31825000,239,398,31850000,13770
3,1274,31850000,31850000,239,398,31875000,13781
3,1275,31875000,31875000,239,398,31900000,13793
3,1276,31900000,31900000,239,398,31925000,13804
3,1277,31925000,31925000,239,398,31950000,13813
3,1278,31950000,31950000,239,398,31975000,13824
3,1279,31975000,31975000,239,398,32000000,13837
3,128,3200000,3200000,239,398,3225000,1389
3,1280,32000000,32000000,239,398,32025000,13846
3,1281,32025000,32025000,239,398,32050000,13858
3,1282,32050000,32050000,239,398,32075000,13868
3,1283,32075000,32075000,239,398,32100000,13880
3,1284,32100000,32100000,239,398,32125000,13888
3,1285,32125000,32125000,239,398,32150000,13901
3,1286,32150000,32150000,239,398,32175000,13911
3,1287,32175000,32175000,239,398,32200000,13922
3,1288,32200000,32200000,239,398,32225000,13934
3,1289,32225000,32225000,239,398,32250000,13944
3,129,3225000,3225000,239,398,3250000,1400
3,1290,32250000,32250000,239,398,32275000,13954
3,1291,32275000,32275000,239,398,32300000,13965
3,1292,32300000,32300000,239,398,32325000,13977
3,1293,32325000,32325000,239,398,32350000,13987
3,1294,32350000,32350000,239,398,32375000,13997
3,1295,32375000,32375000,239,398,32400000,14009
3,1296,32400000,32400000,239,398,32425000,14019
3,1297,32425000,32425000,239,398,32450000,14031
3,1298,32450000,32450000,239,398,32475000,14041
3,1299,32475000,32475000,239,398,32500000,14053
3,13,325000,325000,239,398,350000,145
3,130,3250000,3250000,239,398,3275000,1410
3,1300,32500000,32500000,239,398,32525000,14063
3,1301,32525000,32525000,239,398,32550000,14073
3,1302,32550000,32550000,239,398,32575000,14083
3,1303,32575000,32575000,239,398,32600000,14096
3,1304,32600000,32600000,239,398,32625000,14106
3,1305,32625000,32625000,239,398,32650000,14117
3,1306,32650000,32650000,239,398,32675000,14128
3,1307,32675000,32675000,239,398,32700000,14139
3,1308,32700000,32700000,239,398,32725000,14148
3,1309,32725000,32725000,239,398,32750000,14160
3,131,3275000,3275000,239,398,3300000,1422
3,1310,32750000,32750000,239,398,32775000,14171
3,1311,32775000,32775000,239,398,32800000,14182
3,1312,32800000,32800000,239,398,32825000,14193
3,1313,32825000,32825000,239,398,32850000,14203
3,1314,32850000,32850000,239,398,32875000,14213
3,1315,32875000,32875000,239,398,32900000,14226
3,1316,32900000,32900000,239,398,32925000,14236
3,1317,32925000,32925000,239,398,32950000,14247
3,1318,32950000,32950000,239,398,32975000,14257
3,1319,32975000,32975000,239,398,33000000,14269
3,132,3300000,3300000,239,398,3325000,1431
3,1320,33000000,33000000,239,398,33025000,14278
3,1321,33025000,33025000,239,398,33050000,14290
3,1322,33050000,33050000,239,398,33075000,14300
3,1323,33075000,33075000,239,398,33100000,14312
3,1324,33100000,33100000,239,398,33125000,14323
3,1325,33125000,33125000,239,398,33150000,14333
3,1326,33150000,33150000,239,398,33175000,14343
3,1327,33175000,33175000,239,398,33200000,14355
3,1328,33200000,33200000,239,398,33225000,14366
3,1329,33225000,33225000,239,398,33250000,14376
3,133,3325000,3325000,239,398,3350000,1443
3,1330,33250000,33250000,239,398,33275000,14387
3,1331,33275000,33275000,239,398,33300000,14398
3,1332,33300000,33300000,239,398,33325000,14409
3,1333,33325000,33325000,239,398,33350000,14420
3,1334,33350000,33350000,239,398,33375000,14430
3,1335,33375000,33375000,239,398,33400000,14442
3,1336,33400000,33400000,239,398,33425000,14452
3,1337,33425000,33425000,239,398,33450000,14463
3,1338,33450000,33450000,239,398,33475000,14472
3,1339,33475000,33475000,239,398,33500000,14486
3,134,3350000,3350000,239,398,3375000,1453
3,1340,33500000,33500000,239,398,33525000,14495
3,1341,33525000,33525000,239,398,33550000,14506
3,1342,33550000,33550000,239,398,33575000,14517
3,1343,33575000,33575000,239,398,33600000,14528
3,1344,33600000,33600000,239,398,33625000,14538
3,1345,33625000,33625000,239,398,33650000,14549
3,1346,33650000,33650000,239,398,33675000,14561
3,1347,33675000,33675000,239,398,33700000,14571
3,1348,33700000,33700000,239,398,33725000,14582
3,1349,33725000,33725000,239,398,33750000,14593
3,135,3375000,3375000,239,398,3400000,1465
3,1350,33750000,33750000,239,398,33775000,14602
3,1351,33775000,33775000,239,398,33800000,14615
3,1352,33800000,33800000,239,398,33825000,14625
3,1353,33825000,33825000,239,398,33850000,14637
3,1354,33850000,33850000,239,398,33875000,14646
3,1355,33875000,33875000,239,398,33900000,14658
3,1356,33900000,33900000,239,398,33925000,14668
3,1357,33925000,33925000,239,398,33950000,14679
3,1358,33950000,33950000,239,398,33975000,14689
3,1359,33975000,33975000,239,398,34000000,14701
3,136,3400000,3400000,239,398,3425000,1476
3,1360,34000000,34000000,239,398,34025000,14713
3,1361,34025000,34025000,239,398,34050000,14722
3,1362,34050000,34050000,239,398,34075000,14732
3,1363,34075000,34075000,239,398,34100000,14745
3,1364,34100000,34100000,239,398,34125000,14755
3,1365,34125000,34125000,239,398,34150000,14765
3,1366,34150000,34150000,239,398,34175000,14777
3,1367,34175000,34175000,239,398,34200000,14788
3,1368,34200000,34200000,239,398,34225000,14797
3,1369,34225000,34225000,239,398,34250000,14809
3,137,3425000,3425000,239,398,3450000,1486
3,1370,34250000,34250000,239,398,34275000,14820
3,1371,34275000,34275000,239,398,34300000,14831
3,1372,34300000,34300000,239,398,34325000,14841
3,1373,34325000,34325000,239,398,34350000,14853
3,1374,34350000,34350000,239,398,34375000,14862
3,1375,34375000,34375000,239,398,34400000,14874
3,1376,34400000,34400000,239,398,34425000,14884
3,1377,34425000,34425000,239,398,34450000,14896
3,1378,34450000,34450000,239,398,34475000,14906
3,1379,34475000,34475000,239,398,34500000,14917
3,138,3450000,3450000,239,398,3475000,1496
3,1380,34500000,34500000,239,398,34525000,14928
3,1381,34525000,34525000,239,398,34550000,14939
3,1382,34550000,34550000,239,398,34575000,14949
3,1383,34575000,34575000,239,398,34600000,14961
3,1384,34600000,34600000,239,398,34625000,14972
3,1385,34625000,34625000,239,398,34650000,14981
3,1386,34650000,34650000,239,398,34675000,14991
3,1387,34675000,34675000,239,398,34700000,15005
3,1388,34700000,34700000,239,398,34725000,15015
3,1389,34725000,34725000,239,398,34750000,15025
3,139,3475000,3475000,239,398,3500000,1508
3,1390,34750000,34750000,239,398,34775000,15036
3,1391,34775000,34775000,239,398,34800000,15048
3,1392,34800000,34800000,239,398,34825000,15056
3,1393,34825000,34825000,239,398,34850000,15068
3,1394,34850000,34850000,239,398,34875000,15079
3,1395,34875000,34875000,239,398,34900000,15091
3,1396,34900000,34900000,239,398,34925000,15101
3,1397,34925000,34925000,239,398,34950000,15112
3,1398,34950000,34950000,239,398,34975000,15122
3,1399,34975000,34975000,239,398,35000000,15133
3,14,350000,350000,239,398,375000,156
3,140,3500000,3500000,239,398,3525000,1519
3,1400,35000000,35000000,239,398,35025000,15145
3,1401,35025000,35025000,239,398,35050000,15155
3,1402,35050000,35050000,239,398,35075000,15166
3,1403,35075000,35075000,239,398,35100000,15176
3,1404,35100000,35100000,239,398,35125000,15187
3,1405,35125000,35125000,239,398,35150000,15199
3,1406,35150000,35150000,239,398,35175000,15208
3,1407,35175000,35175000,239,398,35200000,15221
3,1408,35200000,35200000,239,398,35225000,15231
3,1409,35225000,35225000,239,398,35250000,15242
3,141,3525000,3525000,239,398,3550000,1529
3,1410,35250000,35250000,239,398,35275000,15250
3,1411,35275000,35275000,239,398,35300000,15264
3,1412,35300000,35300000,239,398,35325000,15274
3,1413,35325000,35325000,239,398,35350000,15284
3,1414,35350000,35350000,239,398,35375000,15296
3,1415,35375000,35375000,239,398,35400000,15307
3,1416,35400000,35400000,239,398,35425000,15317
3,1417,35425000,35425000,239,398,35450000,15328
3,1418,35450000,35450000,239,398,35475000,15339
3,1419,35475000,35475000,239,398,35500000,15350
3,142,3550000,3550000,239,398,3575000,1541
3,1420,35500000,35500000,239,398,35525000,15360
3,1421,35525000,35525000,239,398,35550000,15371
3,1422,35550000,35550000,239,398,35575000,15381
3,1423,35575000,35575000,239,398,35600000,15394
3,1424,35600000,35600000,239,398,35625000,15404
3,1425,35625000,35625000,239,398,35650000,15415
3,1426,35650000,35650000,239,398,35675000,15425
3,1427,35675000,35675000,239,398,35700000,15436
3,1428,35700000,35700000,239,398,35725000,15446
3,1429,35725000,35725000,239,398,35750000,15458
3,143,3575000,3575000,239,398,3600000,1551
3,1430,35750000,35750000,239,398,35775000,15468
3,1431,35775000,35775000,239,398,35800000,15480
3,1432,35800000,35800000,239,398,35825000,15491
3,1433,35825000,35825000,239,398,35850000,15501
3,1434,35850000,35850000,239,398,35875000,15511
3,1435,35875000,35875000,239,398,35900000,15523
3,1436,35900000,35900000,239,398,35925000,15534
3,1437,35925000,35925000,239,398,35950000,15544
3,1438,35950000,35950000,239,398,35975000,15555
3,1439,35975000,35975000,239,398,36000000,15566
3,144,3600000,3600000,239,398,3625000,1561
3,1440,36000000,36000000,239,398,36025000,15576
3,1441,36025000,36025000,239,398,36050000,15588
3,1442,36050000,36050000,239,398,36075000,15598
3,1443,36075000,36075000,239,398,36100000,15610
3,1444,36100000,36100000,239,398,36125000,15620
3,1445,36125000,36125000,239,398,36150000,15631
3,1446,36150000,36150000,239,398,36175000,15640
3,1447,36175000,36175000,239,398,36200000,15653
3,1448,36200000,36200000,239,398,36225000,15663
3,1449,36225000,36225000,239,398,36250000,15674
3,145,3625000,3625000,239,398,3650000,1573
3,1450,36250000,36250000,239,398,36275000,15685
3,1451,36275000,36275000,239,398,36300000,15697
3,1452,36300000,36300000,239,398,36325000,15706
3,1453,36325000,36325000,239,398,36350000,15717
3,1454,36350000,36350000,239,398,36375000,15728
3,1455,36375000,36375000,239,398,36400000,15739
3,1456,36400000,36400000,239,398,36425000,15750
3,1457,36425000,36425000,239,398,36450000,15760
3,1458,36450000,36450000,239,398,36475000,15771
3,1459,36475000,36475000,239,398,36500000,15783
3,146,3650000,3650000,239,398,3675000,1583
3,1460,36500000,36500000,239,398,36525000,15793
3,1461,36525000,36525000,239,398,36550000,15804
3,1462,36550000,36550000,239,398,36575000,15814
3,1463,36575000,36575000,239,398,36600000,15826
3,1464,36600000,36600000,239,398,36625000,15835
3,1465,36625000,36625000,239,398,36650000,15848
3,1466,36650000,36650000,239,398,36675000,15857
3,1467,36675000,36675000,239,398,36700000,15869
3,1468,36700000,36700000,239,398,36725000,15881
3,1469,36725000,36725000,239,398,36750000,15890
3,147,3675000,3675000,239,398,3700000,1595
3,1470,36750000,36750000,239,398,36775000,15900
3,1471,36775000,36775000,239,398,36800000,15912
3,1472,36800000,36800000,239,398,36825000,15924
3,1473,36825000,36825000,239,398,36850000,15933
3,1474,36850000,36850000,239,398,36875000,15944
3,1475,36875000,36875000,239,398,36900000,15956
3,1476,36900000,36900000,239,398,36925000,15965
3,1477,36925000,36925000,239,398,36950000,15977
3,1478,36950000,36950000,239,398,36975000,15987
3,1479,36975000,36975000,239,398,37000000,16000
3,148,3700000,3700000,239,398,3725000,1605
3,1480,37000000,37000000,239,398,37025000,16009
3,1481,37025000,37025000,239,398,37050000,16020
3,1482,37050000,37050000,239,398,37075000,16030
3,1483,37075000,37075000,239,398,37100000,16042
3,1484,37100000,37100000,239,398,37125000,16052
3,1485,37125000,37125000,239,398,37150000,16064
3,1486,37150000,37150000,239,398,37175000,16075
3,1487,37175000,37175000,239,398,37200000,16085
3,1488,37200000,37200000,239,398,37225000,16095
3,1489,37225000,37225000,239,398,37250000,16107
3,149,3725000,3725000,239,398,3750000,1617
3,1490,37250000,37250000,239,398,37275000,16117
3,1491,37275000,37275000,239,398,37300000,16128
3,1492,37300000,37300000,239,398,37325000,16140
3,1493,37325000,37325000,239,398,37350000,16150
3,1494,37350000,37350000,239,398,37375000,16159
3,1495,37375000,37375000,239,398,37400000,16172
3,1496,37400000,37400000,239,398,37425000,16183
3,1497,37425000,37425000,239,398,37450000,16193
3,1498,37450000,37450000,239,398,37475000,16203
3,1499,37475000,37475000,239,398,37500000,16216
3,15,375000,375000,239,398,400000,167
3,150,3750000,3750000,239,398,3775000,1625
3,1500,37500000,37500000,239,398,37525000,16225
3,1501,37525000,37525000,239,398,37550000,16236
3,1502,37550000,37550000,239,398,37575000,16247
3,1503,37575000,37575000,239,398,37600000,16259
3,1504,37600000,37600000,239,398,37625000,16269
3,1505,37625000,37625000,239,398,37650000,16279
3,1506,37650000,37650000,239,398,37675000,16290
3,1507,37675000,37675000,239,398,37700000,16302
3,1508,37700000,37700000,239,398,37725000,16312
3,1509,37725000,37725000,239,398,37750000,16323
3,151,3775000,3775000,239,398,3800000,1638
3,1510,37750000,37750000,239,398,37775000,16334
3,1511,37775000,37775000,239,398,37800000,16344
3,1512,37800000,37800000,239,398,37825000,16354
3,1513,37825000,37825000,239,398,37850000,16367
3,1514,37850000,37850000,239,398,37875000,16377
3,1515,37875000,37875000,239,398,37900000,16388
3,1516,37900000,37900000,239,398,37925000,16399
3,1517,37925000,37925000,239,398,37950000,16410
3,1518,37950000,37950000,239,398,37975000,16418
3,1519,37975000,37975000,239,398,38000000,16432
3,152,3800000,3800000,239,398,3825000,1648
3,1520,38000000,38000000,239,398,38025000,16442
3,1521,38025000,38025000,239,398,38050000,16453
3,1522,38050000,38050000,239,398,38075000,16463
3,1523,38075000,38075000,239,398,38100000,16475
3,1524,38100000,38100000,239,398,38125000,16485
3,1525,38125000,38125000,239,398,38150000,16495
3,1526,38150000,38150000,239,398,38175000,16507
3,1527,38175000,38175000,239,398,38200000,16518
3,1528,38200000,38200000,239,398,38225000,16529
3,1529,38225000,38225000,239,398,38250000,16538
3,153,3825000,3825000,239,398,3850000,1659
3,1530,38250000,38250000,239,398,38275000,16549
3,1531,38275000,38275000,239,398,38300000,16562
3,1532,38300000,38300000,239,398,38325000,16571
3,1533,38325000,38325000,239,398,38350000,16583
3,1534,38350000,38350000,239,398,38375000,16593
3,1535,38375000,38375000,239,398,38400000,16605
3,1536,38400000,38400000,239,398,38425000,16614
3,1537,38425000,38425000,239,398,38450000,16626
3,1538,38450000,38450000,239,398,38475000,16636
3,1539,38475000,38475000,239,398,38500000,16647
3,154,3850000,3850000,239,398,3875000,1670
3,1540,38500000,38500000,239,398,38525000,16659
3,1541,38525000,38525000,239,398,38550000,16669
3,1542,38550000,38550000,239,398,38575000,16679
3,1543,38575000,38575000,239,398,38600000,16691
3,1544,38600000,38600000,239,398,38625000,16702
3,1545,38625000,38625000,239,398,38650000,16712
3,1546,38650000,38650000,239,398,38675000,16722
3,1547,38675000,38675000,239,398,38700000,16734
3,1548,38700000,38700000,239,398,38725000,16744
3,1549,38725000,38725000,239,398,38750000,16756
3,155,3875000,3875000,239,398,3900000,1681
3,1550,38750000,38750000,239,398,38775000,16766
3,1551,38775000,38775000,239,398,38800000,16778
3,1552,38800000,38800000,239,398,38825000,16788
3,1553,38825000,38825000,239,398,38850000,16799
3,1554,38850000,38850000,239,398,38875000,16808
3,1555,38875000,38875000,239,398,38900000,16821
3,1556,38900000,38900000,239,398,38925000,16831
3,1557,38925000,38925000,239,398,38950000,16842
3,1558,38950000,38950000,239,398,38975000,16853
3,1559,38975000,38975000,239,398,39000000,16864
3,156,3900000,3900000,239,398,3925000,1692
3,1560,39000000,39000000,239,398,39025000,16874
3,1561,39025000,39025000,239,398,39050000,16885
3,1562,39050000,39050000,239,398,39075000,16896
3,1563,39075000,39075000,239,398,39100000,16907
3,1564,39100000,39100000,239,398,39125000,16918
3,1565,39125000,39125000,239,398,39150000,16928
3,1566,39150000,39150000,239,398,39175000,16938
3,1567,39175000,39175000,239,398,39200000,16951
3,1568,39200000,39200000,239,398,39225000,16961
3,1569,39225000,39225000,239,398,39250000,16972
3,157,3925000,3925000,239,398,3950000,1702
3,1570,39250000,39250000,239,398,39275000,16983
3,1571,39275000,39275000,239,398,39300000,16994
3,1572,39300000,39300000,239,398,39325000,17003
3,1573,39325000,39325000,239,398,39350000,17015
3,1574,39350000,39350000,239,398,39375000,17025
3,1575,39375000,39375000,239,398,39400000,17037
3,1576,39400000,39400000,239,398,39425000,17048
3,1577,39425000,39425000,239,398,39450000,17059
3,1578,39450000,39450000,239,398,39475000,17068
3,1579,39475000,39475000,239,398,39500000,17080
3,158,3950000,3950000,239,398,3975000,1713
3,1580,39500000,39500000,239,398,39525000,17091
3,1581,39525000,39525000,239,398,39550000,17101
3,1582,39550000,39550000,239,398,39575000,17112
3,1583,39575000,39575000,239,398,39600000,17123
3,1584,39600000,39600000,239,398,39625000,17134
3,1585,39625000,39625000,239,398,39650000,17145
3,1586,39650000,39650000,239,398,39675000,17155
3,1587,39675000,39675000,239,398,39700000,17168
3,1588,39700000,39700000,239,398,39725000,17177
3,1589,39725000,39725000,239,398,39750000,17188
3,159,3975000,3975000,239,398,4000000,1725
3,1590,39750000,39750000,239,398,39775000,17197
3,1591,39775000,39775000,239,398,39800000,17211
3,1592,39800000,39800000,239,398,39825000,17220
3,1593,39825000,39825000,239,398,39850000,17231
3,1594,39850000,39850000,239,398,39875000,17243
3,1595,39875000,39875000,239,398,39900000,17253
3,1596,39900000,39900000,239,398,39925000,17263
3,1597,39925000,39925000,239,398,39950000,17274
3,1598,39950000,39950000,239,398,39975000,17286
3,1599,39975000,39975000,239,398,40000000,17296
3,16,400000,400000,239,398,425000,178
3,160,4000000,4000000,239,398,4025000,1735
3,1600,40000000,40000000,239,398,40025000,17307
3,1601,40025000,40025000,239,398,40050000,17318
3,1602,40050000,40050000,239,398,40075000,17327
3,1603,40075000,40075000,239,398,40100000,17340
3,1604,40100000,40100000,239,398,40125000,17351
3,1605,40125000,40125000,239,398,40150000,17362
3,1606,40150000,40150000,239,398,40175000,17371
3,1607,40175000,40175000,239,398,40200000,17383
3,1608,40200000,40200000,239,398,40225000,17393
3,1609,40225000,40225000,239,398,40250000,17404
3,161,4025000,4025000,239,398,4050000,1745
3,1610,40250000,40250000,239,398,40275000,17414
3,1611,40275000,40275000,239,398,40300000,17427
3,1612,40300000,40300000,239,398,40325000,17438
3,1613,40325000,40325000,239,398,40350000,17447
3,1614,40350000,40350000,239,398,40375000,17457
3,1615,40375000,40375000,239,398,40400000,17470
3,1616,40400000,40400000,239,398,40425000,17480
3,1617,40425000,40425000,239,398,40450000,17490
3,1618,40450000,40450000,239,398,40475000,17502
3,1619,40475000,40475000,239,398,40500000,17513
3,162,4050000,4050000,239,398,4075000,1755
3,1620,40500000,40500000,239,398,40525000,17522
3,1621,40525000,40525000,239,398,40550000,17535
3,1622,40550000,40550000,239,398,40575000,17545
3,1623,40575000,40575000,239,398,40600000,17556
3,1624,40600000,40600000,239,398,40625000,17566
3,1625,40625000,40625000,239,398,40650000,17578
3,1626,40650000,40650000,239,398,40675000,17587
3,1627,40675000,40675000,239,398,40700000,17599
3,1628,40700000,40700000,239,398,40725000,17610
3,1629,40725000,40725000,239,398,40750000,17621
3,163,4075000,4075000,239,398,4100000,1769
3,1630,40750000,40750000,239,398,40775000,17631
3,1631,40775000,40775000,239,398,40800000,17642
3,1632,40800000,40800000,239,398,40825000,17653
3,1633,40825000,40825000,239,398,40850000,17664
3,1634,40850000,40850000,239,398,40875000,17674
3,1635,40875000,40875000,239,398,40900000,17686
3,1636,40900000,40900000,239,398,40925000,17697
3,1637,40925000,40925000,239,398,40950000,17706
3,1638,40950000,40950000,239,398,40975000,17717
3,1639,40975000,40975000,239,398,41000000,17730
3,164,4100000,4100000,239,398,4125000,1778
3,1640,41000000,41000000,239,398,41025000,17740
3,1641,41025000,41025000,239,398,41050000,17750
3,1642,41050000,41050000,239,398,41075000,17761
3,1643,41075000,41075000,239,398,41100000,17773
3,1644,41100000,41100000,239,398,41125000,17781
3,1645,41125000,41125000,239,398,41150000,17794
3,1646,41150000,41150000,239,398,41175000,17804
3,1647,41175000,41175000,239,398,41200000,17816
3,1648,41200000,41200000,239,398,41225000,17826
3,1649,41225000,41225000,239,398,41250000,17837
3,165,4125000,4125000,239,398,4150000,1789
3,1650,41250000,41250000,239,398,41275000,17847
3,1651,41275000,41275000,239,398,41300000,17858
3,1652,41300000,41300000,239,398,41325000,17870
3,1653,41325000,41325000,239,398,41350000,17880
3,1654,41350000,41350000,239,398,41375000,17891
3,1655,41375000,41375000,239,398,41400000,17902
3,1656,41400000,41400000,239,398,41425000,17912
3,1657,41425000,41425000,239,398,41450000,17924
3,1658,41450000,41450000,239,398,41475000,17933
3,1659,41475000,41475000,239,398,41500000,17946
3,166,4150000,4150000,239,398,4175000,1800
3,1660,41500000,41500000,239,398,41525000,17956
3,1661,41525000,41525000,239,398,41550000,17967
3,1662,41550000,41550000,239,398,41575000,17976
3,1663,41575000,41575000,239,398,41600000,17989
3,1664,41600000,41600000,239,398,41625000,17999
3,1665,41625000,41625000,239,398,41650000,18009
3,1666,41650000,41650000,239,398,41675000,18021
3,1667,41675000,41675000,239,398,41700000,18032
3,1668,41700000,41700000,239,398,41725000,18042
3,1669,41725000,41725000,239,398,41750000,18053
3,167,4175000,4175000,239,398,4200000,1811
3,1670,41750000,41750000,239,398,41775000,18064
3,1671,41775000,41775000,239,398,41800000,18075
3,1672,41800000,41800000,239,398,41825000,18086
3,1673,41825000,41825000,239,398,41850000,18096
3,1674,41850000,41850000,239,398,41875000,18106
3,1675,41875000,41875000,239,398,41900000,18119
3,1676,41900000,41900000,239,398,41925000,18129
3,1677,41925000,41925000,239,398,41950000,18140
3,1678,41950000,41950000,239,398,41975000,18150
3,1679,41975000,41975000,239,398,42000000,18162
3,168,4200000,4200000,239,398,4225000,1820
3,1680,42000000,42000000,239,398,42025000,18171
3,1681,42025000,42025000,239,398,42050000,18183
3,1682,42050000,42050000,239,398,42075000,18193
3,1683,42075000,42075000,239,398,42100000,18205
3,1684,42100000,42100000,239,398,42125000,18216
3,1685,42125000,42125000,239,398,42150000,18226
3,1686,42150000,42150000,239,398,42175000,18236
3,1687,42175000,42175000,239,398,42200000,18248
3,1688,42200000,42200000,239,398,42225000,18259
3,1689,42225000,42225000,239,398,42250000,18270
3,169,4225000,4225000,239,398,4250000,1832
3,1690,42250000,42250000,239,398,42275000,18280
3,1691,42275000,42275000,239,398,42300000,18291
3,1692,42300000,42300000,239,398,42325000,18301
3,1693,42325000,42325000,239,398,42350000,18313
3,1694,42350000,42350000,239,398,42375000,18323
3,1695,42375000,42375000,239,398,42400000,18335
3,1696,42400000,42400000,239,398,42425000,18346
3,1697,42425000,42425000,239,398,42450000,18356
3,1698,42450000,42450000,239,398,42475000,18365
3,1699,42475000,42475000,239,398,42500000,18378
3,17,425000,425000,239,398,450000,188
3,170,4250000,4250000,239,398,4275000,1843
3,1700,42500000,42500000,239,398,42525000,18388
3,1701,42525000,42525000,239,398,42550000,18399
3,1702,42550000,42550000,239,398,42575000,18410
3,1703,42575000,42575000,239,398,42600000,18422
3,1704,42600000,42600000,239,398,42625000,18431
3,1705,42625000,42625000,239,398,42650000,18442
3,1706,42650000,42650000,239,398,42675000,18454
3,1707,42675000,42675000,239,398,42700000,18464
3,1708,42700000,42700000,239,398,42725000,18475
3,1709,42725000,42725000,239,398,42750000,18485
3,171,4275000,4275000,239,398,4300000,1854
3,1710,42750000,42750000,239,398,42775000,18496
3,1711,42775000,42775000,239,398,42800000,18508
3,1712,42800000,42800000,239,398,42825000,18518
3,1713,42825000,42825000,239,398,42850000,18530
3,1714,42850000,42850000,239,398,42875000,18539
3,1715,42875000,42875000,239,398,42900000,18551
3,1716,42900000,42900000,239,398,42925000,18560
3,1717,42925000,42925000,239,398,42950000,18573
3,1718,42950000,42950000,239,398,42975000,18582
3,1719,42975000,42975000,239,398,43000000,18594
3,172,4300000,4300000,239,398,4325000,1865
3,1720,43000000,43000000,239,398,43025000,18606
3,1721,43025000,43025000,239,398,43050000,18615
3,1722,43050000,43050000,239,398,43075000,18625
3,1723,43075000,43075000,239,398,43100000,18638
3,1724,43100000,43100000,239,398,43125000,18649
3,1725,43125000,43125000,239,398,43150000,18658
3,1726,43150000,43150000,239,398,43175000,18669
3,1727,43175000,43175000,239,398,43200000,18681
3,1728,43200000,43200000,239,398,43225000,18690
3,1729,43225000,43225000,239,398,43250000,18702
3,173,4325000,4325000,239,398,4350000,1876
3,1730,43250000,43250000,239,398,43275000,18713
3,1731,43275000,43275000,239,398,43300000,18725
3,1732,43300000,43300000,239,398,43325000,18734
3,1733,43325000,43325000,239,398,43350000,18745
3,1734,43350000,43350000,239,398,43375000,18755
3,1735,43375000,43375000,239,398,43400000,18767
3,1736,43400000,43400000,239,398,43425000,18777
3,1737,43425000,43425000,239,398,43450000,18789
3,1738,43450000,43450000,239,398,43475000,18800
3,1739,43475000,43475000,239,398,43500000,18810
3,174,4350000,4350000,239,398,4375000,1885
3,1740,43500000,43500000,239,398,43525000,18821
3,1741,43525000,43525000,239,398,43550000,18832
3,1742,43550000,43550000,239,398,43575000,18842
3,1743,43575000,43575000,239,398,43600000,18853
3,1744,43600000,43600000,239,398,43625000,18865
3,1745,43625000,43625000,239,398,43650000,18875
3,1746,43650000,43650000,239,398,43675000,18884
3,1747,43675000,43675000,239,398,43700000,18898
3,1748,43700000,43700000,239,398,43725000,18908
3,1749,43725000,43725000,239,398,43750000,18918
3,175,4375000,4375000,239,398,4400000,1897
3,1750,43750000,43750000,239,398,43775000,18928
3,1751,43775000,43775000,239,398,43800000,18941
3,1752,43800000,43800000,239,398,43825000,18950
3,1753,43825000,43825000,239,398,43850000,18961
3,1754,43850000,43850000,239,398,43875000,18972
3,1755,43875000,43875000,239,398,43900000,18984
3,1756,43900000,43900000,239,398,43925000,18994
3,1757,43925000,43925000,239,398,43950000,19005
3,1758,43950000,43950000,239,398,43975000,19015
3,1759,43975000,43975000,239,398,44000000,19027
3,176,4400000,4400000,239,398,4425000,1909
3,1760,44000000,44000000,239,398,44025000,19037
3,1761,44025000,44025000,239,398,44050000,19048
3,1762,44050000,44050000,239,398,44075000,19059
3,1763,44075000,44075000,239,398,44100000,19069
3,1764,44100000,44100000,239,398,44125000,19080
3,1765,44125000,44125000,239,398,44150000,19092
3,1766,44150000,44150000,239,398,44175000,19102
3,1767,44175000,44175000,239,398,44200000,19113
3,1768,44200000,44200000,239,398,44225000,19124
3,1769,44225000,44225000,239,398,44250000,19135
3,177,4425000,4425000,239,398,4450000,1919
3,1770,44250000,44250000,239,398,44275000,19143
3,1771,44275000,44275000,239,398,44300000,19157
3,1772,44300000,44300000,239,398,44325000,19167
3,1773,44325000,44325000,239,398,44350000,19178
3,1774,44350000,44350000,239,398,44375000,19189
3,1775,44375000,44375000,239,398,44400000,19200
3,1776,44400000,44400000,239,398,44425000,19210
3,1777,44425000,44425000,239,398,44450000,19220
3,1778,44450000,44450000,239,398,44475000,19232
3,1779,44475000,44475000,239,398,44500000,19243
3,178,4450000,4450000,239,398,4475000,1929
3,1780,44500000,44500000,239,398,44525000,19254
3,1781,44525000,44525000,239,398,44550000,19264
3,1782,44550000,44550000,239,398,44575000,19274
3,1783,44575000,44575000,239,398,44600000,19287
3,1784,44600000,44600000,239,398,44625000,19296
3,1785,44625000,44625000,239,398,44650000,19308
3,1786,44650000,44650000,239,398,44675000,19318
3,1787,44675000,44675000,239,398,44700000,19330
3,1788,44700000,44700000,239,398,44725000,19339
3,1789,44725000,44725000,239,398,44750000,19351
3,179,4475000,4475000,239,398,4500000,1940
3,1790,44750000,44750000,239,398,44775000,19361
3,1791,44775000,44775000,239,398,44800000,19373
3,1792,44800000,44800000,239,398,44825000,19384
3,1793,44825000,44825000,239,398,44850000,19394
3,1794,44850000,44850000,239,398,44875000,19404
3,1795,44875000,44875000,239,398,44900000,19416
3,1796,44900000,44900000,239,398,44925000,19427
3,1797,44925000,44925000,239,398,44950000,19437
3,1798,44950000,44950000,239,398,44975000,19448
3,1799,44975000,44975000,239,398,45000000,19459
3,18,450000,450000,239,398,475000,198
3,180,4500000,4500000,239,398,4525000,1951
3,1800,45000000,45000000,239,398,45025000,19469
3,1801,45025000,45025000,239,398,45050000,19481
3,1802,45050000,45050000,239,398,45075000,19491
3,1803,45075000,45075000,239,398,45100000,19503
3,1804,45100000,45100000,239,398,45125000,19513
3,1805,45125000,45125000,239,398,45150000,19524
3,1806,45150000,45150000,239,398,45175000,19533
3,1807,45175000,45175000,239,398,45200000,19546
3,1808,45200000,45200000,239,398,45225000,19557
3,1809,45225000,45225000,239,398,45250000,19567
3,181,4525000,4525000,239,398,4550000,1962
3,1810,45250000,45250000,239,398,45275000,19578
3,1811,45275000,45275000,239,398,45300000,19589
3,1812,45300000,45300000,239,398,45325000,19599
3,1813,45325000,45325000,239,398,45350000,19610
3,1814,45350000,45350000,239,398,45375000,19621
3,1815,45375000,45375000,239,398,45400000,19633
3,1816,45400000,45400000,239,398,45425000,19643
3,1817,45425000,45425000,239,398,45450000,19653
3,1818,45450000,45450000,239,398,45475000,19663
3,1819,45475000,45475000,239,398,45500000,19676
3,182,4550000,4550000,239,398,4575000,1972
3,1820,45500000,45500000,239,398,45525000,19686
3,1821,45525000,45525000,239,398,45550000,19697
3,1822,45550000,45550000,239,398,45575000,19708
3,1823,45575000,45575000,239,398,45600000,19719
3,1824,45600000,45600000,239,398,45625000,19728
3,1825,45625000,45625000,239,398,45650000,19741
3,1826,45650000,45650000,239,398,45675000,19750
3,1827,45675000,45675000,239,398,45700000,19762
3,1828,45700000,45700000,239,398,45725000,19773
3,1829,45725000,45725000,239,398,45750000,19784
3,183,4575000,4575000,239,398,4600000,1985
3,1830,45750000,45750000,239,398,45775000,19793
3,1831,45775000,45775000,239,398,45800000,19805
3,1832,45800000,45800000,239,398,45825000,19817
3,1833,45825000,45825000,239,398,45850000,19826
3,1834,45850000,45850000,239,398,45875000,19837
3,1835,45875000,45875000,239,398,45900000,19848
3,1836,45900000,45900000,239,398,45925000,19859
3,1837,45925000,45925000,239,398,45950000,19870
3,1838,45950000,45950000,239,398,45975000,19880
3,1839,45975000,45975000,239,398,46000000,19893
3,184,4600000,4600000,239,398,4625000,1995
3,1840,46000000,46000000,239,398,46025000,19902
3,1841,46025000,46025000,239,398,46050000,19913
3,1842,46050000,46050000,239,398,46075000,19923
3,1843,46075000,46075000,239,398,46100000,19936
3,1844,46100000,46100000,239,398,46125000,19945
3,1845,46125000,46125000,239,398,46150000,19956
3,1846,46150000,46150000,239,398,46175000,19968
3,1847,46175000,46175000,239,398,46200000,19978
3,1848,46200000,46200000,239,398,46225000,19988
3,1849,46225000,46225000,239,398,46250000,20000
3,185,4625000,4625000,239,398,4650000,2005
3,1850,46250000,46250000,239,398,46275000,20011
3,1851,46275000,46275000,239,398,46300000,20021
3,1852,46300000,46300000,239,398,46325000,20032
3,1853,46325000,46325000,239,398,46350000,20043
3,1854,46350000,46350000,239,398,46375000,20052
3,1855,46375000,46375000,239,398,46400000,20065
3,1856,46400000,46400000,239,398,46425000,20076
3,1857,46425000,46425000,239,398,46450000,20087
3,1858,46450000,46450000,239,398,46475000,20096
3,1859,46475000,46475000,239,398,46500000,20109
3,186,4650000,4650000,239,398,4675000,2014
3,1860,46500000,46500000,239,398,46525000,20118
3,1861,46525000,46525000,239,398,46550000,20129
3,1862,46550000,46550000,239,398,46575000,20139
3,1863,46575000,46575000,239,398,46600000,20152
3,1864,46600000,46600000,239,398,46625000,20163
3,1865,46625000,46625000,239,398,46650000,20172
3,1866,46650000,46650000,239,398,46675000,20183
3,1867,46675000,46675000,239,398,46700000,20195
3,1868,46700000,46700000,239,398,46725000,20205
3,1869,46725000,46725000,239,398,46750000,20215
3,187,4675000,4675000,239,398,4700000,2028
3,1870,46750000,46750000,239,398,46775000,20227
3,1871,46775000,46775000,239,398,46800000,20238
3,1872,46800000,46800000,239,398,46825000,20247
3,1873,46825000,46825000,239,398,46850000,20260
3,1874,46850000,46850000,239,398,46875000,20270
3,1875,46875000,46875000,239,398,46900000,20281
3,1876,46900000,46900000,239,398,46925000,20292
3,1877,46925000,46925000,239,398,46950000,20303
3,1878,46950000,46950000,239,398,46975000,20312
3,1879,46975000,46975000,239,398,47000000,20324
3,188,4700000,4700000,239,398,4725000,2037
3,1880,47000000,47000000,239,398,47025000,20335
3,1881,47025000,47025000,239,398,47050000,20346
3,1882,47050000,47050000,239,398,47075000,20356
3,1883,47075000,47075000,239,398,47100000,20368
3,1884,47100000,47100000,239,398,47125000,20378
3,1885,47125000,47125000,239,398,47150000,20389
3,1886,47150000,47150000,239,398,47175000,20399
3,1887,47175000,47175000,239,398,47200000,20411
3,1888,47200000,47200000,239,398,47225000,20422
3,1889,47225000,47225000,239,398,47250000,20431
3,189,4725000,4725000,239,398,4750000,2048
3,1890,47250000,47250000,239,398,47275000,20442
3,1891,47275000,47275000,239,398,47300000,20455
3,1892,47300000,47300000,239,398,47325000,20465
3,1893,47325000,47325000,239,398,47350000,20476
3,1894,47350000,47350000,239,398,47375000,20486
3,1895,47375000,47375000,239,398,47400000,20498
3,1896,47400000,47400000,239,398,47425000,20506
3,1897,47425000,47425000,239,398,47450000,20519
3,1898,47450000,47450000,239,398,47475000,20529
3,1899,47475000,47475000,239,398,47500000,20541
3,19,475000,475000,239,398,500000,211
3,190,4750000,4750000,239,398,4775000,2060
3,1900,47500000,47500000,239,398,47525000,20552
3,1901,47525000,47525000,239,398,47550000,20562
3,1902,47550000,47550000,239,398,47575000,20572
3,1903,47575000,47575000,239,398,47600000,20583
3,1904,47600000,47600000,239,398,47625000,20595
3,1905,47625000,47625000,239,398,47650000,20605
3,1906,47650000,47650000,239,398,47675000,20616
3,1907,47675000,47675000,239,398,47700000,20627
3,1908,47700000,47700000,239,398,47725000,20637
3,1909,47725000,47725000,239,398,47750000,20649
3,191,4775000,4775000,239,398,4800000,2071
3,1910,47750000,47750000,239,398,47775000,20659
3,1911,47775000,47775000,239,398,47800000,20671
3,1912,47800000,47800000,239,398,47825000,20681
3,1913,47825000,47825000,239,398,47850000,20692
3,1914,47850000,47850000,239,398,47875000,20701
3,1915,47875000,47875000,239,398,47900000,20714
3,1916,47900000,47900000,239,398,47925000,20724
3,1917,47925000,47925000,239,398,47950000,20735
3,1918,47950000,47950000,239,398,47975000,20746
3,1919,47975000,47975000,239,398,48000000,20757
3,192,4800000,4800000,239,398,4825000,2080
3,1920,48000000,48000000,239,398,48025000,20767
3,1921,48025000,48025000,239,398,48050000,20778
3,1922,48050000,48050000,239,398,48075000,20789
3,1923,48075000,48075000,239,398,48100000,20800
3,1924,48100000,48100000,239,398,48125000,20811
3,1925,48125000,48125000,239,398,48150000,20821
3,1926,48150000,48150000,239,398,48175000,20831
3,1927,48175000,48175000,239,398,48200000,20845
3,1928,48200000,48200000,239,398,48225000,20854
3,1929,48225000,48225000,239,398,48250000,20865
3,193,4825000,4825000,239,398,4850000,2092
3,1930,48250000,48250000,239,398,48275000,20875
3,1931,48275000,48275000,239,398,48300000,20887
3,1932,48300000,48300000,239,398,48325000,20896
3,1933,48325000,48325000,239,398,48350000,20908
3,1934,48350000,48350000,239,398,48375000,20919
3,1935,48375000,48375000,239,398,48400000,20930
3,1936,48400000,48400000,239,398,48425000,20941
3,1937,48425000,48425000,239,398,48450000,20951
3,1938,48450000,48450000,239,398,48475000,20961
3,1939,48475000,48475000,239,398,48500000,20973
3,194,4850000,4850000,239,398,4875000,2103
3,1940,48500000,48500000,239,398,48525000,20984
3,1941,48525000,48525000,239,398,48550000,20995
3,1942,48550000,48550000,239,398,48575000,21005
3,1943,48575000,48575000,239,398,48600000,21016
3,1944,48600000,48600000,239,398,48625000,21027
3,1945,48625000,48625000,239,398,48650000,21038
3,1946,48650000,48650000,239,398,48675000,21048
3,1947,48675000,48675000,239,398,48700000,21060
3,1948,48700000,48700000,239,398,48725000,21071
3,1949,48725000,48725000,239,398,48750000,21081
3,195,4875000,4875000,239,398,4900000,2113
3,1950,48750000,48750000,239,398,48775000,21090
3,1951,48775000,48775000,239,398,48800000,21104
3,1952,48800000,48800000,239,398,48825000,21113
3,1953,48825000,48825000,239,398,48850000,21124
3,1954,48850000,48850000,239,398,48875000,21135
3,1955,48875000,48875000,239,398,48900000,21147
3,1956,48900000,48900000,239,398,48925000,21156
3,1957,48925000,48925000,239,398,48950000,21167
3,1958,48950000,48950000,239,398,48975000,21179
3,1959,48975000,48975000,239,398,49000000,21189
3,196,4900000,4900000,239,398,4925000,2124
3,1960,49000000,49000000,239,398,49025000,21200
3,1961,49025000,49025000,239,398,49050000,21211
3,1962,49050000,49050000,239,398,49075000,21221
3,1963,49075000,49075000,239,398,49100000,21233
3,1964,49100000,49100000,239,398,49125000,21243
3,1965,49125000,49125000,239,398,49150000,21255
3,1966,49150000,49150000,239,398,49175000,21264
3,1967,49175000,49175000,239,398,49200000,21276
3,1968,49200000,49200000,239,398,49225000,21286
3,1969,49225000,49225000,239,398,49250000,21298
3,197,4925000,4925000,239,398,4950000,2135
3,1970,49250000,49250000,239,398,49275000,21307
3,1971,49275000,49275000,239,398,49300000,21319
3,1972,49300000,49300000,239,398,49325000,21331
3,1973,49325000,49325000,239,398,49350000,21340
3,1974,49350000,49350000,239,398,49375000,21350
3,1975,49375000,49375000,239,398,49400000,21363
3,1976,49400000,49400000,239,398,49425000,21374
3,1977,49425000,49425000,239,398,49450000,21383
3,1978,49450000,49450000,239,398,49475000,21395
3,1979,49475000,49475000,239,398,49500000,21406
3,198,4950000,4950000,239,398,4975000,2145
3,1980,49500000,49500000,239,398,49525000,21415
3,1981,49525000,49525000,239,398,49550000,21427
3,1982,49550000,49550000,239,398,49575000,21438
3,1983,49575000,49575000,239,398,49600000,21450
3,1984,49600000,49600000,239,398,49625000,21459
3,1985,49625000,49625000,239,398,49650000,21471
3,1986,49650000,49650000,239,398,49675000,21480
3,1987,49675000,49675000,239,398,49700000,21492
3,1988,49700000,49700000,239,398,49725000,21502
3,1989,49725000,49725000,239,398,49750000,21514
3,199,4975000,4975000,239,398,5000000,2157
3,1990,49750000,49750000,239,398,49775000,21525
3,1991,49775000,49775000,239,398,49800000,21535
3,1992,49800000,49800000,239,398,49825000,21546
3,1993,49825000,49825000,239,398,49850000,21557
3,1994,49850000,49850000,239,398,49875000,21567
3,1995,49875000,49875000,239,398,49900000,21579
3,1996,49900000,49900000,239,398,49925000,21590
3,1997,49925000,49925000,239,398,49950000,21600
3,1998,49950000,49950000,239,398,49975000,21609
3,1999,49975000,49975000,239,398,50000000,21623
3,2,50000,50000,239,398,75000,26
3,20,500000,500000,239,398,525000,221
3,200,5000000,5000000,239,398,5025000,2168
3,2000,50000000,50000000,239,398,50025000,21633
3,2001,50025000,50025000,239,398,50050000,21643
3,2002,50050000,50050000,239,398,50075000,21654
3,2003,50075000,50075000,239,398,50100000,21666
3,2004,50100000,50100000,239,398,50125000,21675
3,2005,50125000,50125000,239,398,50150000,21686
3,2006,50150000,50150000,239,398,50175000,21697
3,2007,50175000,50175000,239,398,50200000,21709
3,2008,50200000,50200000,239,398,50225000,21719
3,2009,50225000,50225000,239,398,50250000,21730
3,201,5025000,5025000,239,398,5050000,2179
3,2010,50250000,50250000,239,398,50275000,21740
3,2011,50275000,50275000,239,398,50300000,21752
3,2012,50300000,50300000,239,398,50325000,21763
3,2013,50325000,50325000,239,398,50350000,21773
3,2014,50350000,50350000,239,398,50375000,21784
3,2015,50375000,50375000,239,398,50400000,21794
3,2016,50400000,50400000,239,398,50425000,21805
3,2017,50425000,50425000,239,398,50450000,21817
3,2018,50450000,50450000,239,398,50475000,21827
3,2019,50475000,50475000,239,398,50500000,21839
3,202,5050000,5050000,239,398,5075000,2188
3,2020,50500000,50500000,239,398,50525000,21849
3,2021,50525000,50525000,239,398,50550000,21860
3,2022,50550000,50550000,239,398,50575000,21868
3,2023,50575000,50575000,239,398,50600000,21882
3,2024,50600000,50600000,239,398,50625000,21892
3,2025,50625000,50625000,239,398,50650000,21903
3,2026,50650000,50650000,239,398,50675000,21914
3,2027,50675000,50675000,239,398,50700000,21925
3,2028,50700000,50700000,239,398,50725000,21935
3,2029,50725000,50725000,239,398,50750000,21946
3,203,5075000,5075000,239,398,5100000,2200
3,2030,50750000,50750000,239,398,50775000,21957
3,2031,50775000,50775000,239,398,50800000,21968
3,2032,50800000,50800000,239,398,50825000,21979
3,2033,50825000,50825000,239,398,50850000,21989
3,2034,50850000,50850000,239,398,50875000,21999
3,2035,50875000,50875000,239,398,50900000,22012
3,2036,50900000,50900000,239,398,50925000,22022
3,2037,50925000,50925000,239,398,50950000,22033
3,2038,50950000,50950000,239,398,50975000,22043
3,2039,50975000,50975000,239,398,51000000,22055
3,204,5100000,5100000,239,398,5125000,2210
3,2040,51000000,51000000,239,398,51025000,22064
3,2041,51025000,51025000,239,398,51050000,22076
3,2042,51050000,51050000,239,398,51075000,22086
3,2043,51075000,51075000,239,398,51100000,22098
3,2044,51100000,51100000,239,398,51125000,22109
3,2045,51125000,51125000,239,398,51150000,22119
3,2046,51150000,51150000,239,398,51175000,22130
3,2047,51175000,51175000,239,398,51200000,22141
3,2048,51200000,51200000,239,398,51225000,22152
3,2049,51225000,51225000,239,398,51250000,22162
3,205,5125000,5125000,239,398,5150000,2222
3,2050,51250000,51250000,239,398,51275000,22173
3,2051,51275000,51275000,239,398,51300000,22184
3,2052,51300000,51300000,239,398,51325000,22194
3,2053,51325000,51325000,239,398,51350000,22207
3,2054,51350000,51350000,239,398,51375000,22216
3,2055,51375000,51375000,239,398,51400000,22228
3,2056,51400000,51400000,239,398,51425000,22238
3,2057,51425000,51425000,239,398,51450000,22249
3,2058,51450000,51450000,239,398,51475000,22258
3,2059,51475000,51475000,239,398,51500000,22271
3,206,5150000,5150000,239,398,5175000,2231
3,2060,51500000,51500000,239,398,51525000,22282
3,2061,51525000,51525000,239,398,51550000,22292
3,2062,51550000,51550000,239,398,51575000,22303
3,2063,51575000,51575000,239,398,51600000,22315
3,2064,51600000,51600000,239,398,51625000,22324
3,2065,51625000,51625000,239,398,51650000,22335
3,2066,51650000,51650000,239,398,51675000,22346
3,2067,51675000,51675000,239,398,51700000,22358
3,2068,51700000,51700000,239,398,51725000,22368
3,2069,51725000,51725000,239,398,51750000,22378
3,207,5175000,5175000,239,398,5200000,2244
3,2070,51750000,51750000,239,398,51775000,22389
3,2071,51775000,51775000,239,398,51800000,22401
3,2072,51800000,51800000,239,398,51825000,22411
3,2073,51825000,51825000,239,398,51850000,22422
3,2074,51850000,51850000,239,398,51875000,22433
3,2075,51875000,51875000,239,398,51900000,22444
3,2076,51900000,51900000,239,398,51925000,22453
3,2077,51925000,51925000,239,398,51950000,22466
3,2078,51950000,51950000,239,398,51975000,22475
3,2079,51975000,51975000,239,398,52000000,22487
3,208,5200000,5200000,239,398,5225000,2255
3,2080,52000000,52000000,239,398,52025000,22499
3,2081,52025000,52025000,239,398,52050000,22509
3,2082,52050000,52050000,239,398,52075000,22518
3,2083,52075000,52075000,239,398,52100000,22530
3,2084,52100000,52100000,239,398,52125000,22542
3,2085,52125000,52125000,239,398,52150000,22551
3,2086,52150000,52150000,239,398,52175000,22562
3,2087,52175000,52175000,239,398,52200000,22574
3,2088,52200000,52200000,239,398,52225000,22584
3,2089,52225000,52225000,239,398,52250000,22595
3,209,5225000,5225000,239,398,5250000,2264
3,2090,52250000,52250000,239,398,52275000,22605
3,2091,52275000,52275000,239,398,52300000,22618
3,2092,52300000,52300000,239,398,52325000,22627
3,2093,52325000,52325000,239,398,52350000,22638
3,2094,52350000,52350000,239,398,52375000,22648
3,2095,52375000,52375000,239,398,52400000,22661
3,2096,52400000,52400000,239,398,52425000,22670
3,2097,52425000,52425000,239,398,52450000,22682
3,2098,52450000,52450000,239,398,52475000,22693
3,2099,52475000,52475000,239,398,52500000,22703
3,21,525000,525000,239,398,550000,232
3,210,5250000,5250000,239,398,5275000,2275
3,2100,52500000,52500000,239,398,52525000,22713
3,2101,52525000,52525000,239,398,52550000,22725
3,2102,52550000,52550000,239,398,52575000,22736
3,2103,52575000,52575000,239,398,52600000,22746
3,2104,52600000,52600000,239,398,52625000,22758
3,2105,52625000,52625000,239,398,52650000,22768
3,2106,52650000,52650000,239,398,52675000,22777
3,2107,52675000,52675000,239,398,52700000,22790
3,2108,52700000,52700000,239,398,52725000,22801
3,2109,52725000,52725000,239,398,52750000,22812
3,211,5275000,5275000,239,398,5300000,2287
3,2110,52750000,52750000,239,398,52775000,22821
3,2111,52775000,52775000,239,398,52800000,22834
3,2112,52800000,52800000,239,398,52825000,22843
3,2113,52825000,52825000,239,398,52850000,22854
3,2114,52850000,52850000,239,398,52875000,22865
3,2115,52875000,52875000,239,398,52900000,22877
3,2116,52900000,52900000,239,398,52925000,22888
3,2117,52925000,52925000,239,398,52950000,22897
3,2118,52950000,52950000,239,398,52975000,22908
3,2119,52975000,52975000,239,398,53000000,22920
3,212,5300000,5300000,239,398,5325000,2298
3,2120,53000000,53000000,239,398,53025000,22930
3,2121,53025000,53025000,239,398,53050000,22941
3,2122,53050000,53050000,239,398,53075000,22952
3,2123,53075000,53075000,239,398,53100000,22963
3,2124,53100000,53100000,239,398,53125000,22972
3,2125,53125000,53125000,239,398,53150000,22985
3,2126,53150000,53150000,239,398,53175000,22995
3,2127,53175000,53175000,239,398,53200000,23006
3,2128,53200000,53200000,239,398,53225000,23017
3,2129,53225000,53225000,239,398,53250000,23028
3,213,5325000,5325000,239,398,5350000,2307
3,2130,53250000,53250000,239,398,53275000,23037
3,2131,53275000,53275000,239,398,53300000,23050
3,2132,53300000,53300000,239,398,53325000,23060
3,2133,53325000,53325000,239,398,53350000,23071
3,2134,53350000,53350000,239,398,53375000,23081
3,2135,53375000,53375000,239,398,53400000,23093
3,2136,53400000,53400000,239,398,53425000,23103
3,2137,53425000,53425000,239,398,53450000,23114
3,2138,53450000,53450000,239,398,53475000,23125
3,2139,53475000,53475000,239,398,53500000,23136
3,214,5350000,5350000,239,398,5375000,2319
3,2140,53500000,53500000,239,398,53525000,23147
3,2141,53525000,53525000,239,398,53550000,23156
3,2142,53550000,53550000,239,398,53575000,23167
3,2143,53575000,53575000,239,398,53600000,23180
3,2144,53600000,53600000,239,398,53625000,23190
3,2145,53625000,53625000,239,398,53650000,23201
3,2146,53650000,53650000,239,398,53675000,23211
3,2147,53675000,53675000,239,398,53700000,23223
3,2148,53700000,53700000,239,398,53725000,23232
3,2149,53725000,53725000,239,398,53750000,23244
3,215,5375000,5375000,239,398,5400000,2330
3,2150,53750000,53750000,239,398,53775000,23254
3,2151,53775000,53775000,239,398,53800000,23266
3,2152,53800000,53800000,239,398,53825000,23277
3,2153,53825000,53825000,239,398,53850000,23287
3,2154,53850000,53850000,239,398,53875000,23297
3,2155,53875000,53875000,239,398,53900000,23309
3,2156,53900000,53900000,239,398,53925000,23320
3,2157,53925000,53925000,239,398,53950000,23330
3,2158,53950000,53950000,239,398,53975000,23341
3,2159,53975000,53975000,239,398,54000000,23352
3,216,5400000,5400000,239,398,5425000,2339
3,2160,54000000,54000000,239,398,54025000,23362
3,2161,54025000,54025000,239,398,54050000,23374
3,2162,54050000,54050000,239,398,54075000,23384
3,2163,54075000,54075000,239,398,54100000,23396
3,2164,54100000,54100000,239,398,54125000,23406
3,2165,54125000,54125000,239,398,54150000,23418
3,2166,54150000,54150000,239,398,54175000,23426
3,2167,54175000,54175000,239,398,54200000,23439
3,2168,54200000,54200000,239,398,54225000,23449
3,2169,54225000,54225000,239,398,54250000,23460
3,217,5425000,5425000,239,398,5450000,2352
3,2170,54250000,54250000,239,398,54275000,23471
3,2171,54275000,54275000,239,398,54300000,23482
3,2172,54300000,54300000,239,398,54325000,23493
3,2173,54325000,54325000,239,398,54350000,23503
3,2174,54350000,54350000,239,398,54375000,23514
3,2175,54375000,54375000,239,398,54400000,23525
3,2176,54400000,54400000,239,398,54425000,23536
3,2177,54425000,54425000,239,398,54450000,23546
3,2178,54450000,54450000,239,398,54475000,23556
3,2179,54475000,54475000,239,398,54500000,23570
3,218,5450000,5450000,239,398,5475000,2362
3,2180,54500000,54500000,239,398,54525000,23579
3,2181,54525000,54525000,239,398,54550000,23590
3,2182,54550000,54550000,239,398,54575000,23601
3,2183,54575000,54575000,239,398,54600000,23612
3,2184,54600000,54600000,239,398,54625000,23621
3,2185,54625000,54625000,239,398,54650000,23633
3,2186,54650000,54650000,239,398,54675000,23644
3,2187,54675000,54675000,239,398,54700000,23655
3,2188,54700000,54700000,239,398,54725000,23666
3,2189,54725000,54725000,239,398,54750000,23677
3,219,5475000,5475000,239,398,5500000,2374
3,2190,54750000,54750000,239,398,54775000,23686
3,2191,54775000,54775000,239,398,54800000,23698
3,2192,54800000,54800000,239,398,54825000,23709
3,2193,54825000,54825000,239,398,54850000,23720
3,2194,54850000,54850000,239,398,54875000,23730
3,2195,54875000,54875000,239,398,54900000,23741
3,2196,54900000,54900000,239,398,54925000,23752
3,2197,54925000,54925000,239,398,54950000,23763
3,2198,54950000,54950000,239,398,54975000,23773
3,2199,54975000,54975000,239,398,55000000,23786
3,22,550000,550000,239,398,575000,242
3,220,5500000,5500000,239,398,5525000,2383
3,2200,55000000,55000000,239,398,55025000,23796
3,2201,55025000,55025000,239,398,55050000,23806
3,2202,55050000,55050000,239,398,55075000,23815
3,2203,55075000,55075000,239,398,55100000,23829
3,2204,55100000,55100000,239,398,55125000,23838
3,2205,55125000,55125000,239,398,55150000,23849
3,2206,55150000,55150000,239,398,55175000,23861
3,2207,55175000,55175000,239,398,55200000,23872
3,2208,55200000,55200000,239,398,55225000,23881
3,2209,55225000,55225000,239,398,55250000,23892
3,221,5525000,5525000,239,398,5550000,2395
3,2210,55250000,55250000,239,398,55275000,23904
3,2211,55275000,55275000,239,398,55300000,23914
3,2212,55300000,55300000,239,398,55325000,23925
3,2213,55325000,55325000,239,398,55350000,23936
3,2214,55350000,55350000,239,398,55375000,23946
3,2215,55375000,55375000,239,398,55400000,23958
3,2216,55400000,55400000,239,398,55425000,23969
3,2217,55425000,55425000,239,398,55450000,23980
3,2218,55450000,55450000,239,398,55475000,23989
3,2219,55475000,55475000,239,398,55500000,24001
3,222,5550000,5550000,239,398,5575000,2404
3,2220,55500000,55500000,239,398,55525000,24011
3,2221,55525000,55525000,239,398,55550000,24023
3,2222,55550000,55550000,239,398,55575000,24032
3,2223,55575000,55575000,239,398,55600000,24045
3,2224,55600000,55600000,239,398,55625000,24056
3,2225,55625000,55625000,239,398,55650000,24065
3,2226,55650000,55650000,239,398,55675000,24075
3,2227,55675000,55675000,239,398,55700000,24088
3,2228,55700000,55700000,239,398,55725000,24099
3,2229,55725000,55725000,239,398,55750000,24108
3,223,5575000,5575000,239,398,5600000,2416
3,2230,55750000,55750000,239,398,55775000,24120
3,2231,55775000,55775000,239,398,55800000,24131
3,2232,55800000,55800000,239,398,55825000,24140
3,2233,55825000,55825000,239,398,55850000,24153
3,2234,55850000,55850000,239,398,55875000,24163
3,2235,55875000,55875000,239,398,55900000,24175
3,2236,55900000,55900000,239,398,55925000,24184
3,2237,55925000,55925000,239,398,55950000,24196
3,2238,55950000,55950000,239,398,55975000,24205
3,2239,55975000,55975000,239,398,56000000,24217
3,224,5600000,5600000,239,398,5625000,2427
3,2240,56000000,56000000,239,398,56025000,24228
3,2241,56025000,56025000,239,398,56050000,24239
3,2242,56050000,56050000,239,398,56075000,24250
3,2243,56075000,56075000,239,398,56100000,24260
3,2244,56100000,56100000,239,398,56125000,24271
3,2245,56125000,56125000,239,398,56150000,24282
3,2246,56150000,56150000,239,398,56175000,24292
3,2247,56175000,56175000,239,398,56200000,24304
3,2248,56200000,56200000,239,398,56225000,24315
3,2249,56225000,56225000,239,398,56250000,24325
3,225,5625000,5625000,239,398,5650000,2438
3,2250,56250000,56250000,239,398,56275000,24335
3,2251,56275000,56275000,239,398,56300000,24348
3,2252,56300000,56300000,239,398,56325000,24358
3,2253,56325000,56325000,239,398,56350000,24368
3,2254,56350000,56350000,239,398,56375000,24379
3,2255,56375000,56375000,239,398,56400000,24391
3,2256,56400000,56400000,239,398,56425000,24400
3,2257,56425000,56425000,239,398,56450000,24412
3,2258,56450000,56450000,239,398,56475000,24422
3,2259,56475000,56475000,239,398,56500000,24434
3,226,5650000,5650000,239,398,5675000,2449
3,2260,56500000,56500000,239,398,56525000,24444
3,2261,56525000,56525000,239,398,56550000,24455
3,2262,56550000,56550000,239,398,56575000,24465
3,2263,56575000,56575000,239,398,56600000,24477
3,2264,56600000,56600000,239,398,56625000,24488
3,2265,56625000,56625000,239,398,56650000,24498
3,2266,56650000,56650000,239,398,56675000,24509
3,2267,56675000,56675000,239,398,56700000,24520
3,2268,56700000,56700000,239,398,56725000,24530
3,2269,56725000,56725000,239,398,56750000,24542
3,227,5675000,5675000,239,398,5700000,2460
3,2270,56750000,56750000,239,398,56775000,24552
3,2271,56775000,56775000,239,398,56800000,24564
3,2272,56800000,56800000,239,398,56825000,24574
3,2273,56825000,56825000,239,398,56850000,24585
3,2274,56850000,56850000,239,398,56875000,24594
3,2275,56875000,56875000,239,398,56900000,24607
3,2276,56900000,56900000,239,398,56925000,24617
3,2277,56925000,56925000,239,398,56950000,24628
3,2278,56950000,56950000,239,398,56975000,24639
3,2279,56975000,56975000,239,398,57000000,24650
3,228,5700000,5700000,239,398,5725000,2470
3,2280,57000000,57000000,239,398,57025000,24660
3,2281,57025000,57025000,239,398,57050000,24671
3,2282,57050000,57050000,239,398,57075000,24682
3,2283,57075000,57075000,239,398,57100000,24693
3,2284,57100000,57100000,239,398,57125000,24705
3,2285,57125000,57125000,239,398,57150000,24714
3,2286,57150000,57150000,239,398,57175000,24724
3,2287,57175000,57175000,239,398,57200000,24737
3,2288,57200000,57200000,239,398,57225000,24747
3,2289,57225000,57225000,239,398,57250000,24758
3,229,5725000,5725000,239,398,5750000,2481
3,2290,57250000,57250000,239,398,57275000,24768
3,2291,57275000,57275000,239,398,57300000,24781
3,2292,57300000,57300000,239,398,57325000,24789
3,2293,57325000,57325000,239,398,57350000,24801
3,2294,57350000,57350000,239,398,57375000,24811
3,2295,57375000,57375000,239,398,57400000,24823
3,2296,57400000,57400000,239,398,57425000,24834
3,2297,57425000,57425000,239,398,57450000,24844
3,2298,57450000,57450000,239,398,57475000,24855
3,2299,57475000,57475000,239,398,57500000,24866
3,23,575000,575000,239,398,600000,255
3,230,5750000,5750000,239,398,5775000,2491
3,2300,57500000,57500000,239,398,57525000,24877
3,2301,57525000,57525000,239,398,57550000,24888
3,2302,57550000,57550000,239,398,57575000,24898
3,2303,57575000,57575000,239,398,57600000,24909
3,2304,57600000,57600000,239,398,57625000,24919
3,2305,57625000,57625000,239,398,57650000,24932
3,2306,57650000,57650000,239,398,57675000,24941
3,2307,57675000,57675000,239,398,57700000,24953
3,2308,57700000,57700000,239,398,57725000,24964
3,2309,57725000,57725000,239,398,57750000,24974
3,231,5775000,5775000,239,398,5800000,2503
3,2310,57750000,57750000,239,398,57775000,24983
3,2311,57775000,57775000,239,398,57800000,24996
3,2312,57800000,57800000,239,398,57825000,25007
3,2313,57825000,57825000,239,398,57850000,25017
3,2314,57850000,57850000,239,398,57875000,25028
3,2315,57875000,57875000,239,398,57900000,25040
3,2316,57900000,57900000,239,398,57925000,25049
3,2317,57925000,57925000,239,398,57950000,25060
3,2318,57950000,57950000,239,398,57975000,25072
3,2319,57975000,57975000,239,398,58000000,25083
3,232,5800000,5800000,239,398,5825000,2514
3,2320,58000000,58000000,239,398,58025000,25093
3,2321,58025000,58025000,239,398,58050000,25103
3,2322,58050000,58050000,239,398,58075000,25114
3,2323,58075000,58075000,239,398,58100000,25126
3,2324,58100000,58100000,239,398,58125000,25136
3,2325,58125000,58125000,239,398,58150000,25148
3,2326,58150000,58150000,239,398,58175000,25158
3,2327,58175000,58175000,239,398,58200000,25169
3,2328,58200000,58200000,239,398,58225000,25178
3,2329,58225000,58225000,239,398,58250000,25191
3,233,5825000,5825000,239,398,5850000,2524
3,2330,58250000,58250000,239,398,58275000,25200
3,2331,58275000,58275000,239,398,58300000,25212
3,2332,58300000,58300000,239,398,58325000,25224
3,2333,58325000,58325000,239,398,58350000,25234
3,2334,58350000,58350000,239,398,58375000,25243
3,2335,58375000,58375000,239,398,58400000,25256
3,2336,58400000,58400000,239,398,58425000,25267
3,2337,58425000,58425000,239,398,58450000,25276
3,2338,58450000,58450000,239,398,58475000,25287
3,2339,58475000,58475000,239,398,58500000,25299
3,234,5850000,5850000,239,398,5875000,2534
3,2340,58500000,58500000,239,398,58525000,25309
3,2341,58525000,58525000,239,398,58550000,25320
3,2342,58550000,58550000,239,398,58575000,25331
3,2343,58575000,58575000,239,398,58600000,25343
3,2344,58600000,58600000,239,398,58625000,25352
3,2345,58625000,58625000,239,398,58650000,25363
3,2346,58650000,58650000,239,398,58675000,25373
3,2347,58675000,58675000,239,398,58700000,25386
3,2348,58700000,58700000,239,398,58725000,25395
3,2349,58725000,58725000,239,398,58750000,25407
3,235,5875000,5875000,239,398,5900000,2547
3,2350,58750000,58750000,239,398,58775000,25418
3,2351,58775000,58775000,239,398,58800000,25428
3,2352,58800000,58800000,239,398,58825000,25439
3,2353,58825000,58825000,239,398,58850000,25450
3,2354,58850000,58850000,239,398,58875000,25461
3,2355,58875000,58875000,239,398,58900000,25471
3,2356,58900000,58900000,239,398,58925000,25483
3,2357,58925000,58925000,239,398,58950000,25493
3,2358,58950000,58950000,239,398,58975000,25502
3,2359,58975000,58975000,239,398,59000000,25516
3,236,5900000,5900000,239,398,5925000,2557
3,2360,59000000,59000000,239,398,59025000,25526
3,2361,59025000,59025000,239,398,59050000,25537
3,2362,59050000,59050000,239,398,59075000,25546
3,2363,59075000,59075000,239,398,59100000,25559
3,2364,59100000,59100000,239,398,59125000,25568
3,2365,59125000,59125000,239,398,59150000,25579
3,2366,59150000,59150000,239,398,59175000,25590
3,2367,59175000,59175000,239,398,59200000,25602
3,2368,59200000,59200000,239,398,59225000,25613
3,2369,59225000,59225000,239,398,59250000,25623
3,237,5925000,5925000,239,398,5950000,2567
3,2370,59250000,59250000,239,398,59275000,25633
3,2371,59275000,59275000,239,398,59300000,25645
3,2372,59300000,59300000,239,398,59325000,25655
3,2373,59325000,59325000,239,398,59350000,25666
3,2374,59350000,59350000,239,398,59375000,25677
3,2375,59375000,59375000,239,398,59400000,25688
3,2376,59400000,59400000,239,398,59425000,25698
3,2377,59425000,59425000,239,398,59450000,25710
3,2378,59450000,59450000,239,398,59475000,25720
3,2379,59475000,59475000,239,398,59500000,25731
3,238,5950000,5950000,239,398,5975000,2578
3,2380,59500000,59500000,239,398,59525000,25742
3,2381,59525000,59525000,239,398,59550000,25753
3,2382,59550000,59550000,239,398,59575000,25762
3,2383,59575000,59575000,239,398,59600000,25775
3,2384,59600000,59600000,239,398,59625000,25785
3,2385,59625000,59625000,239,398,59650000,25796
3,2386,59650000,59650000,239,398,59675000,25807
3,2387,59675000,59675000,239,398,59700000,25818
3,2388,59700000,59700000,239,398,59725000,25828
3,2389,59725000,59725000,239,398,59750000,25839
3,239,5975000,5975000,239,398,6000000,2590
3,2390,59750000,59750000,239,398,59775000,25850
3,2391,59775000,59775000,239,398,59800000,25861
3,2392,59800000,59800000,239,398,59825000,25872
3,2393,59825000,59825000,239,398,59850000,25882
3,2394,59850000,59850000,239,398,59875000,25892
3,2395,59875000,59875000,239,398,59900000,25905
3,2396,59900000,59900000,239,398,59925000,25915
3,2397,59925000,59925000,239,398,59950000,25926
3,2398,59950000,59950000,239,398,59975000,25936
3,2399,59975000,59975000,239,398,60000000,25948
3,24,600000,600000,239,398,625000,263
3,240,6000000,6000000,239,398,6025000,2599
3,2400,60000000,60000000,239,398,60025000,25957
3,2401,60025000,60025000,239,398,60050000,25969
3,2402,60050000,60050000,239,398,60075000,25979
3,2403,60075000,60075000,239,398,60100000,25992
3,2404,60100000,60100000,239,398,60125000,26002
3,2405,60125000,60125000,239,398,60150000,26012
3,2406,60150000,60150000,239,398,60175000,26022
3,2407,60175000,60175000,239,398,60200000,26034
3,2408,60200000,60200000,239,398,60225000,26045
3,2409,60225000,60225000,239,398,60250000,26055
3,241,6025000,6025000,239,398,6050000,2611
3,2410,60250000,60250000,239,398,60275000,26067
3,2411,60275000,60275000,239,398,60300000,26077
3,2412,60300000,60300000,239,398,60325000,26087
3,2413,60325000,60325000,239,398,60350000,26099
3,2414,60350000,60350000,239,398,60375000,26109
3,2415,60375000,60375000,239,398,60400000,26121
3,2416,60400000,60400000,239,398,60425000,26131
3,2417,60425000,60425000,239,398,60450000,26143
3,2418,60450000,60450000,239,398,60475000,26151
3,2419,60475000,60475000,239,398,60500000,26164
3,242,6050000,6050000,239,398,6075000,2621
3,2420,60500000,60500000,239,398,60525000,26175
3,2421,60525000,60525000,239,398,60550000,26185
3,2422,60550000,60550000,239,398,60575000,26196
3,2423,60575000,60575000,239,398,60600000,26207
3,2424,60600000,60600000,239,398,60625000,26218
3,2425,60625000,60625000,239,398,60650000,26228
3,2426,60650000,60650000,239,398,60675000,26239
3,2427,60675000,60675000,239,398,60700000,26251
3,2428,60700000,60700000,239,398,60725000,26261
3,2429,60725000,60725000,239,398,60750000,26271
3,243,6075000,6075000,239,398,6100000,2633
3,2430,60750000,60750000,239,398,60775000,26281
3,2431,60775000,60775000,239,398,60800000,26295
3,2432,60800000,60800000,239,398,60825000,26304
3,2433,60825000,60825000,239,398,60850000,26315
3,2434,60850000,60850000,239,398,60875000,26326
3,2435,60875000,60875000,239,398,60900000,26337
3,2436,60900000,60900000,239,398,60925000,26346
3,2437,60925000,60925000,239,398,60950000,26359
3,2438,60950000,60950000,239,398,60975000,26369
3,2439,60975000,60975000,239,398,61000000,26380
3,244,6100000,6100000,239,398,6125000,2644
3,2440,61000000,61000000,239,398,61025000,26391
3,2441,61025000,61025000,239,398,61050000,26402
3,2442,61050000,61050000,239,398,61075000,26411
3,2443,61075000,61075000,239,398,61100000,26423
3,2444,61100000,61100000,239,398,61125000,26435
3,2445,61125000,61125000,239,398,61150000,26445
3,2446,61150000,61150000,239,398,61175000,26455
3,2447,61175000,61175000,239,398,61200000,26466
3,2448,61200000,61200000,239,398,61225000,26477
3,2449,61225000,61225000,239,398,61250000,26488
3,245,6125000,6125000,239,398,6150000,2654
3,2450,61250000,61250000,239,398,61275000,26498
3,2451,61275000,61275000,239,398,61300000,26511
3,2452,61300000,61300000,239,398,61325000,26521
3,2453,61325000,61325000,239,398,61350000,26531
3,2454,61350000,61350000,239,398,61375000,26541
3,2455,61375000,61375000,239,398,61400000,26554
3,2456,61400000,61400000,239,398,61425000,26563
3,2457,61425000,61425000,239,398,61450000,26574
3,2458,61450000,61450000,239,398,61475000,26586
3,2459,61475000,61475000,239,398,61500000,26597
3,246,6150000,6150000,239,398,6175000,2664
3,2460,61500000,61500000,239,398,61525000,26606
3,2461,61525000,61525000,239,398,61550000,26618
3,2462,61550000,61550000,239,398,61575000,26629
3,2463,61575000,61575000,239,398,61600000,26639
3,2464,61600000,61600000,239,398,61625000,26650
3,2465,61625000,61625000,239,398,61650000,26661
3,2466,61650000,61650000,239,398,61675000,26671
3,2467,61675000,61675000,239,398,61700000,26683
3,2468,61700000,61700000,239,398,61725000,26694
3,2469,61725000,61725000,239,398,61750000,26705
3,247,6175000,6175000,239,398,6200000,2676
3,2470,61750000,61750000,239,398,61775000,26714
3,2471,61775000,61775000,239,398,61800000,26727
3,2472,61800000,61800000,239,398,61825000,26736
3,2473,61825000,61825000,239,398,61850000,26748
3,2474,61850000,61850000,239,398,61875000,26757
3,2475,61875000,61875000,239,398,61900000,26770
3,2476,61900000,61900000,239,398,61925000,26781
3,2477,61925000,61925000,239,398,61950000,26790
3,2478,61950000,61950000,239,398,61975000,26801
3,2479,61975000,61975000,239,398,62000000,26813
3,248,6200000,6200000,239,398,6225000,2687
3,2480,62000000,62000000,239,398,62025000,26824
3,2481,62025000,62025000,239,398,62050000,26833
3,2482,62050000,62050000,239,398,62075000,26845
3,2483,62075000,62075000,239,398,62100000,26856
3,2484,62100000,62100000,239,398,62125000,26865
3,2485,62125000,62125000,239,398,62150000,26878
3,2486,62150000,62150000,239,398,62175000,26888
3,2487,62175000,62175000,239,398,62200000,26900
3,2488,62200000,62200000,239,398,62225000,26910
3,2489,62225000,62225000,239,398,62250000,26921
3,249,6225000,6225000,239,398,6250000,2697
3,2490,62250000,62250000,239,398,62275000,26930
3,2491,62275000,62275000,239,398,62300000,26942
3,2492,62300000,62300000,239,398,62325000,26953
3,2493,62325000,62325000,239,398,62350000,26964
3,2494,62350000,62350000,239,398,62375000,26975
3,2495,62375000,62375000,239,398,62400000,26986
3,2496,62400000,62400000,239,398,62425000,26996
3,2497,62425000,62425000,239,398,62450000,27007
3,2498,62450000,62450000,239,398,62475000,27017
3,2499,62475000,62475000,239,398,62500000,27029
3,25,625000,625000,239,398,650000,275
3,250,6250000,6250000,239,398,6275000,2708
3,2500,62500000,62500000,239,398,62525000,27040
3,2501,62525000,62525000,239,398,62550000,27050
3,2502,62550000,62550000,239,398,62575000,27060
3,2503,62575000,62575000,239,398,62600000,27073
3,2504,62600000,62600000,239,398,62625000,27083
3,2505,62625000,62625000,239,398,62650000,27094
3,2506,62650000,62650000,239,398,62675000,27104
3,2507,62675000,62675000,239,398,62700000,27116
3,2508,62700000,62700000,239,398,62725000,27125
3,2509,62725000,62725000,239,398,62750000,27137
3,251,6275000,6275000,239,398,6300000,2719
3,2510,62750000,62750000,239,398,62775000,27147
3,2511,62775000,62775000,239,398,62800000,27159
3,2512,62800000,62800000,239,398,62825000,27170
3,2513,62825000,62825000,239,398,62850000,27180
3,2514,62850000,62850000,239,398,62875000,27190
3,2515,62875000,62875000,239,398,62900000,27202
3,2516,62900000,62900000,239,398,62925000,27213
3,2517,62925000,62925000,239,398,62950000,27223
3,2518,62950000,62950000,239,398,62975000,27234
3,2519,62975000,62975000,239,398,63000000,27245
3,252,6300000,6300000,239,398,6325000,2729
3,2520,63000000,63000000,239,398,63025000,27255
3,2521,63025000,63025000,239,398,63050000,27267
3,2522,63050000,63050000,239,398,63075000,27278
3,2523,63075000,63075000,239,398,63100000,27289
3,2524,63100000,63100000,239,398,63125000,27299
3,2525,63125000,63125000,239,398,63150000,27310
3,2526,63150000,63150000,239,398,63175000,27319
3,2527,63175000,63175000,239,398,63200000,27332
3,2528,63200000,63200000,239,398,63225000,27342
3,2529,63225000,63225000,239,398,63250000,27354
3,253,6325000,6325000,239,398,6350000,2741
3,2530,63250000,63250000,239,398,63275000,27364
3,2531,63275000,63275000,239,398,63300000,27375
3,2532,63300000,63300000,239,398,63325000,27385
3,2533,63325000,63325000,239,398,63350000,27396
3,2534,63350000,63350000,239,398,63375000,27407
3,2535,63375000,63375000,239,398,63400000,27418
3,2536,63400000,63400000,239,398,63425000,27430
3,2537,63425000,63425000,239,398,63450000,27439
3,2538,63450000,63450000,239,398,63475000,27449
3,2539,63475000,63475000,239,398,63500000,27463
3,254,6350000,6350000,239,398,6375000,2751
3,2540,63500000,63500000,239,398,63525000,27472
3,2541,63525000,63525000,239,398,63550000,27483
3,2542,63550000,63550000,239,398,63575000,27493
3,2543,63575000,63575000,239,398,63600000,27506
3,2544,63600000,63600000,239,398,63625000,27514
3,2545,63625000,63625000,239,398,63650000,27526
3,2546,63650000,63650000,239,398,63675000,27537
3,2547,63675000,63675000,239,398,63700000,27548
3,2548,63700000,63700000,239,398,63725000,27559
3,2549,63725000,63725000,239,398,63750000,27569
3,255,6375000,6375000,239,398,6400000,2763
3,2550,63750000,63750000,239,398,63775000,27580
3,2551,63775000,63775000,239,398,63800000,27591
3,2552,63800000,63800000,239,398,63825000,27602
3,2553,63825000,63825000,239,398,63850000,27613
3,2554,63850000,63850000,239,398,63875000,27623
3,2555,63875000,63875000,239,398,63900000,27634
3,2556,63900000,63900000,239,398,63925000,27645
3,2557,63925000,63925000,239,398,63950000,27657
3,2558,63950000,63950000,239,398,63975000,27666
3,2559,63975000,63975000,239,398,64000000,27678
3,256,6400000,6400000,239,398,6425000,2773
3,2560,64000000,64000000,239,398,64025000,27689
3,2561,64025000,64025000,239,398,64050000,27699
3,2562,64050000,64050000,239,398,64075000,27708
3,2563,64075000,64075000,239,398,64100000,27722
3,2564,64100000,64100000,239,398,64125000,27732
3,2565,64125000,64125000,239,398,64150000,27742
3,2566,64150000,64150000,239,398,64175000,27753
3,2567,64175000,64175000,239,398,64200000,27765
3,2568,64200000,64200000,239,398,64225000,27774
3,2569,64225000,64225000,239,398,64250000,27785
3,257,6425000,6425000,239,398,6450000,2784
3,2570,64250000,64250000,239,398,64275000,27797
3,2571,64275000,64275000,239,398,64300000,27808
3,2572,64300000,64300000,239,398,64325000,27818
3,2573,64325000,64325000,239,398,64350000,27829
3,2574,64350000,64350000,239,398,64375000,27839
3,2575,64375000,64375000,239,398,64400000,27851
3,2576,64400000,64400000,239,398,64425000,27861
3,2577,64425000,64425000,239,398,64450000,27873
3,2578,64450000,64450000,239,398,64475000,27883
3,2579,64475000,64475000,239,398,64500000,27894
3,258,6450000,6450000,239,398,6475000,2793
3,2580,64500000,64500000,239,398,64525000,27904
3,2581,64525000,64525000,239,398,64550000,27916
3,2582,64550000,64550000,239,398,64575000,27925
3,2583,64575000,64575000,239,398,64600000,27937
3,2584,64600000,64600000,239,398,64625000,27949
3,2585,64625000,64625000,239,398,64650000,27959
3,2586,64650000,64650000,239,398,64675000,27968
3,2587,64675000,64675000,239,398,64700000,27981
3,2588,64700000,64700000,239,398,64725000,27992
3,2589,64725000,64725000,239,398,64750000,28001
3,259,6475000,6475000,239,398,6500000,2806
3,2590,64750000,64750000,239,398,64775000,28013
3,2591,64775000,64775000,239,398,64800000,28024
3,2592,64800000,64800000,239,398,64825000,28034
3,2593,64825000,64825000,239,398,64850000,28045
3,2594,64850000,64850000,239,398,64875000,28056
3,2595,64875000,64875000,239,398,64900000,28068
3,2596,64900000,64900000,239,398,64925000,28077
3,2597,64925000,64925000,239,398,64950000,28089
3,2598,64950000,64950000,239,398,64975000,28098
3,2599,64975000,64975000,239,398,65000000,28111
3,26,650000,650000,239,398,675000,285
3,260,6500000,6500000,239,398,6525000,2816
3,2600,65000000,65000000,239,398,65025000,28120
3,2601,65025000,65025000,239,398,65050000,28132
3,2602,65050000,65050000,239,398,65075000,28143
3,2603,65075000,65075000,239,398,65100000,28153
3,2604,65100000,65100000,239,398,65125000,28164
3,2605,65125000,65125000,239,398,65150000,28175
3,2606,65150000,65150000,239,398,65175000,28186
3,2607,65175000,65175000,239,398,65200000,28197
3,2608,65200000,65200000,239,398,65225000,28208
3,2609,65225000,65225000,239,398,65250000,28218
3,261,6525000,6525000,239,398,6550000,2828
3,2610,65250000,65250000,239,398,65275000,28227
3,2611,65275000,65275000,239,398,65300000,28241
3,2612,65300000,65300000,239,398,65325000,28251
3,2613,65325000,65325000,239,398,65350000,28262
3,2614,65350000,65350000,239,398,65375000,28272
3,2615,65375000,65375000,239,398,65400000,28284
3,2616,65400000,65400000,239,398,65425000,28293
3,2617,65425000,65425000,239,398,65450000,28304
3,2618,65450000,65450000,239,398,65475000,28315
3,2619,65475000,65475000,239,398,65500000,28327
3,262,6550000,6550000,239,398,6575000,2838
3,2620,65500000,65500000,239,398,65525000,28338
3,2621,65525000,65525000,239,398,65550000,28348
3,2622,65550000,65550000,239,398,65575000,28358
3,2623,65575000,65575000,239,398,65600000,28370
3,2624,65600000,65600000,239,398,65625000,28381
3,2625,65625000,65625000,239,398,65650000,28391
3,2626,65650000,65650000,239,398,65675000,28402
3,2627,65675000,65675000,239,398,65700000,28413
3,2628,65700000,65700000,239,398,65725000,28423
3,2629,65725000,65725000,239,398,65750000,28435
3,263,6575000,6575000,239,398,6600000,2849
3,2630,65750000,65750000,239,398,65775000,28445
3,2631,65775000,65775000,239,398,65800000,28457
3,2632,65800000,65800000,239,398,65825000,28467
3,2633,65825000,65825000,239,398,65850000,28478
3,2634,65850000,65850000,239,398,65875000,28487
3,2635,65875000,65875000,239,398,65900000,28500
3,2636,65900000,65900000,239,398,65925000,28510
3,2637,65925000,65925000,239,398,65950000,28521
3,2638,65950000,65950000,239,398,65975000,28532
3,2639,65975000,65975000,239,398,66000000,28543
3,264,6600000,6600000,239,398,6625000,2859
3,2640,66000000,66000000,239,398,66025000,28553
3,2641,66025000,66025000,239,398,66050000,28565
3,2642,66050000,66050000,239,398,66075000,28575
3,2643,66075000,66075000,239,398,66100000,28586
3,2644,66100000,66100000,239,398,66125000,28597
3,2645,66125000,66125000,239,398,66150000,28607
3,2646,66150000,66150000,239,398,66175000,28617
3,2647,66175000,66175000,239,398,66200000,28630
3,2648,66200000,66200000,239,398,66225000,28641
3,2649,66225000,66225000,239,398,66250000,28651
3,265,6625000,6625000,239,398,6650000,2870
3,2650,66250000,66250000,239,398,66275000,28661
3,2651,66275000,66275000,239,398,66300000,28673
3,2652,66300000,66300000,239,398,66325000,28682
3,2653,66325000,66325000,239,398,66350000,28694
3,2654,66350000,66350000,239,398,66375000,28704
3,2655,66375000,66375000,239,398,66400000,28717
3,2656,66400000,66400000,239,398,66425000,28727
3,2657,66425000,66425000,239,398,66450000,28737
3,2658,66450000,66450000,239,398,66475000,28748
3,2659,66475000,66475000,239,398,66500000,28759
3,266,6650000,6650000,239,398,6675000,2881
3,2660,66500000,66500000,239,398,66525000,28770
3,2661,66525000,66525000,239,398,66550000,28780
3,2662,66550000,66550000,239,398,66575000,28792
3,2663,66575000,66575000,239,398,66600000,28802
3,2664,66600000,66600000,239,398,66625000,28812
3,2665,66625000,66625000,239,398,66650000,28825
3,2666,66650000,66650000,239,398,66675000,28834
3,2667,66675000,66675000,239,398,66700000,28846
3,2668,66700000,66700000,239,398,66725000,28856
3,2669,66725000,66725000,239,398,66750000,28868
3,267,6675000,6675000,239,398,6700000,2892
3,2670,66750000,66750000,239,398,66775000,28876
3,2671,66775000,66775000,239,398,66800000,28889
3,2672,66800000,66800000,239,398,66825000,28900
3,2673,66825000,66825000,239,398,66850000,28910
3,2674,66850000,66850000,239,398,66875000,28921
3,2675,66875000,66875000,239,398,66900000,28933
3,2676,66900000,66900000,239,398,66925000,28943
3,2677,66925000,66925000,239,398,66950000,28953
3,2678,66950000,66950000,239,398,66975000,28964
3,2679,66975000,66975000,239,398,67000000,28976
3,268,6700000,6700000,239,398,6725000,2904
3,2680,67000000,67000000,239,398,67025000,28986
3,2681,67025000,67025000,239,398,67050000,28996
3,2682,67050000,67050000,239,398,67075000,29007
3,2683,67075000,67075000,239,398,67100000,29020
3,2684,67100000,67100000,239,398,67125000,29029
3,2685,67125000,67125000,239,398,67150000,29040
3,2686,67150000,67150000,239,398,67175000,29051
3,2687,67175000,67175000,239,398,67200000,29062
3,2688,67200000,67200000,239,398,67225000,29071
3,2689,67225000,67225000,239,398,67250000,29084
3,269,6725000,6725000,239,398,6750000,2913
3,2690,67250000,67250000,239,398,67275000,29094
3,2691,67275000,67275000,239,398,67300000,29105
3,2692,67300000,67300000,239,398,67325000,29117
3,2693,67325000,67325000,239,398,67350000,29127
3,2694,67350000,67350000,239,398,67375000,29136
3,2695,67375000,67375000,239,398,67400000,29148
3,2696,67400000,67400000,239,398,67425000,29160
3,2697,67425000,67425000,239,398,67450000,29170
3,2698,67450000,67450000,239,398,67475000,29180
3,2699,67475000,67475000,239,398,67500000,29192
3,27,675000,675000,239,398,700000,297
3,270,6750000,6750000,239,398,6775000,2923
3,2700,67500000,67500000,239,398,67525000,29202
3,2701,67525000,67525000,239,398,67550000,29213
3,2702,67550000,67550000,239,398,67575000,29223
3,2703,67575000,67575000,239,398,67600000,29236
3,2704,67600000,67600000,239,398,67625000,29246
3,2705,67625000,67625000,239,398,67650000,29256
3,2706,67650000,67650000,239,398,67675000,29266
3,2707,67675000,67675000,239,398,67700000,29279
3,2708,67700000,67700000,239,398,67725000,29288
3,2709,67725000,67725000,239,398,67750000,29300
3,271,6775000,6775000,239,398,6800000,2936
3,2710,67750000,67750000,239,398,67775000,29311
3,2711,67775000,67775000,239,398,67800000,29322
3,2712,67800000,67800000,239,398,67825000,29331
3,2713,67825000,67825000,239,398,67850000,29343
3,2714,67850000,67850000,239,398,67875000,29354
3,2715,67875000,67875000,239,398,67900000,29364
3,2716,67900000,67900000,239,398,67925000,29376
3,2717,67925000,67925000,239,398,67950000,29386
3,2718,67950000,67950000,239,398,67975000,29396
3,2719,67975000,67975000,239,398,68000000,29408
3,272,6800000,6800000,239,398,6825000,2946
3,2720,68000000,68000000,239,398,68025000,29419
3,2721,68025000,68025000,239,398,68050000,29430
3,2722,68050000,68050000,239,398,68075000,29439
3,2723,68075000,68075000,239,398,68100000,29452
3,2724,68100000,68100000,239,398,68125000,29461
3,2725,68125000,68125000,239,398,68150000,29473
3,2726,68150000,68150000,239,398,68175000,29483
3,2727,68175000,68175000,239,398,68200000,29495
3,2728,68200000,68200000,239,398,68225000,29506
3,2729,68225000,68225000,239,398,68250000,29515
3,273,6825000,6825000,239,398,6850000,2957
3,2730,68250000,68250000,239,398,68275000,29526
3,2731,68275000,68275000,239,398,68300000,29538
3,2732,68300000,68300000,239,398,68325000,29549
3,2733,68325000,68325000,239,398,68350000,29559
3,2734,68350000,68350000,239,398,68375000,29570
3,2735,68375000,68375000,239,398,68400000,29581
3,2736,68400000,68400000,239,398,68425000,29590
3,2737,68425000,68425000,239,398,68450000,29603
3,2738,68450000,68450000,239,398,68475000,29613
3,2739,68475000,68475000,239,398,68500000,29625
3,274,6850000,6850000,239,398,6875000,2967
3,2740,68500000,68500000,239,398,68525000,29635
3,2741,68525000,68525000,239,398,68550000,29646
3,2742,68550000,68550000,239,398,68575000,29655
3,2743,68575000,68575000,239,398,68600000,29668
3,2744,68600000,68600000,239,398,68625000,29678
3,2745,68625000,68625000,239,398,68650000,29689
3,2746,68650000,68650000,239,398,68675000,29700
3,2747,68675000,68675000,239,398,68700000,29711
3,2748,68700000,68700000,239,398,68725000,29721
3,2749,68725000,68725000,239,398,68750000,29732
3,275,6875000,6875000,239,398,6900000,2980
3,2750,68750000,68750000,239,398,68775000,29743
3,2751,68775000,68775000,239,398,68800000,29754
3,2752,68800000,68800000,239,398,68825000,29765
3,2753,68825000,68825000,239,398,68850000,29775
3,2754,68850000,68850000,239,398,68875000,29785
3,2755,68875000,68875000,239,398,68900000,29798
3,2756,68900000,68900000,239,398,68925000,29808
3,2757,68925000,68925000,239,398,68950000,29819
3,2758,68950000,68950000,239,398,68975000,29829
3,2759,68975000,68975000,239,398,69000000,29841
3,276,6900000,6900000,239,398,6925000,2988
3,2760,69000000,69000000,239,398,69025000,29851
3,2761,69025000,69025000,239,398,69050000,29862
3,2762,69050000,69050000,239,398,69075000,29872
3,2763,69075000,69075000,239,398,69100000,29884
3,2764,69100000,69100000,239,398,69125000,29895
3,2765,69125000,69125000,239,398,69150000,29905
3,2766,69150000,69150000,239,398,69175000,29915
3,2767,69175000,69175000,239,398,69200000,29928
3,2768,69200000,69200000,239,398,69225000,29938
3,2769,69225000,69225000,239,398,69250000,29948
3,277,6925000,6925000,239,398,6950000,3000
3,2770,69250000,69250000,239,398,69275000,29959
3,2771,69275000,69275000,239,398,69300000,29970
3,2772,69300000,69300000,239,398,69325000,29980
3,2773,69325000,69325000,239,398,69350000,29992
3,2774,69350000,69350000,239,398,69375000,30003
3,2775,69375000,69375000,239,398,69400000,30014
3,2776,69400000,69400000,239,398,69425000,30024
3,2777,69425000,69425000,239,398,69450000,30036
3,2778,69450000,69450000,239,398,69475000,30044
3,2779,69475000,69475000,239,398,69500000,30057
3,278,6950000,6950000,239,398,6975000,3011
3,2780,69500000,69500000,239,398,69525000,30067
3,2781,69525000,69525000,239,398,69550000,30079
3,2782,69550000,69550000,239,398,69575000,30089
3,2783,69575000,69575000,239,398,69600000,30100
3,2784,69600000,69600000,239,398,69625000,30111
3,2785,69625000,69625000,239,398,69650000,30121
3,2786,69650000,69650000,239,398,69675000,30132
3,2787,69675000,69675000,239,398,69700000,30143
3,2788,69700000,69700000,239,398,69725000,30155
3,2789,69725000,69725000,239,398,69750000,30164
3,279,6975000,6975000,239,398,7000000,3022
3,2790,69750000,69750000,239,398,69775000,30174
3,2791,69775000,69775000,239,398,69800000,30188
3,2792,69800000,69800000,239,398,69825000,30197
3,2793,69825000,69825000,239,398,69850000,30208
3,2794,69850000,69850000,239,398,69875000,30219
3,2795,69875000,69875000,239,398,69900000,30231
3,2796,69900000,69900000,239,398,69925000,30239
3,2797,69925000,69925000,239,398,69950000,30251
3,2798,69950000,69950000,239,398,69975000,30262
3,2799,69975000,69975000,239,398,70000000,30273
3,28,700000,700000,239,398,725000,308
3,280,7000000,7000000,239,398,7025000,3033
3,2800,70000000,70000000,239,398,70025000,30284
3,2801,70025000,70025000,239,398,70050000,30295
3,2802,70050000,70050000,239,398,70075000,30305
3,2803,70075000,70075000,239,398,70100000,30316
3,2804,70100000,70100000,239,398,70125000,30327
3,2805,70125000,70125000,239,398,70150000,30338
3,2806,70150000,70150000,239,398,70175000,30348
3,2807,70175000,70175000,239,398,70200000,30359
3,2808,70200000,70200000,239,398,70225000,30370
3,2809,70225000,70225000,239,398,70250000,30382
3,281,7025000,7025000,239,398,7050000,3043
3,2810,70250000,70250000,239,398,70275000,30391
3,2811,70275000,70275000,239,398,70300000,30404
3,2812,70300000,70300000,239,398,70325000,30414
3,2813,70325000,70325000,239,398,70350000,30424
3,2814,70350000,70350000,239,398,70375000,30433
3,2815,70375000,70375000,239,398,70400000,30447
3,2816,70400000,70400000,239,398,70425000,30457
3,2817,70425000,70425000,239,398,70450000,30467
3,2818,70450000,70450000,239,398,70475000,30479
3,2819,70475000,70475000,239,398,70500000,30490
3,282,7050000,7050000,239,398,7075000,3054
3,2820,70500000,70500000,239,398,70525000,30499
3,2821,70525000,70525000,239,398,70550000,30510
3,2822,70550000,70550000,239,398,70575000,30522
3,2823,70575000,70575000,239,398,70600000,30533
3,2824,70600000,70600000,239,398,70625000,30543
3,2825,70625000,70625000,239,398,70650000,30554
3,2826,70650000,70650000,239,398,70675000,30564
3,2827,70675000,70675000,239,398,70700000,30576
3,2828,70700000,70700000,239,398,70725000,30587
3,2829,70725000,70725000,239,398,70750000,30598
3,283,7075000,7075000,239,398,7100000,3065
3,2830,70750000,70750000,239,398,70775000,30608
3,2831,70775000,70775000,239,398,70800000,30619
3,2832,70800000,70800000,239,398,70825000,30629
3,2833,70825000,70825000,239,398,70850000,30641
3,2834,70850000,70850000,239,398,70875000,30650
3,2835,70875000,70875000,239,398,70900000,30663
3,2836,70900000,70900000,239,398,70925000,30674
3,2837,70925000,70925000,239,398,70950000,30684
3,2838,70950000,70950000,239,398,70975000,30693
3,2839,70975000,70975000,239,398,71000000,30706
3,284,7100000,7100000,239,398,7125000,3076
3,2840,71000000,71000000,239,398,71025000,30717
3,2841,71025000,71025000,239,398,71050000,30726
3,2842,71050000,71050000,239,398,71075000,30738
3,2843,71075000,71075000,239,398,71100000,30749
3,2844,71100000,71100000,239,398,71125000,30759
3,2845,71125000,71125000,239,398,71150000,30771
3,2846,71150000,71150000,239,398,71175000,30781
3,2847,71175000,71175000,239,398,71200000,30793
3,2848,71200000,71200000,239,398,71225000,30802
3,2849,71225000,71225000,239,398,71250000,30814
3,285,7125000,7125000,239,398,7150000,3087
3,2850,71250000,71250000,239,398,71275000,30823
3,2851,71275000,71275000,239,398,71300000,30836
3,2852,71300000,71300000,239,398,71325000,30846
3,2853,71325000,71325000,239,398,71350000,30857
3,2854,71350000,71350000,239,398,71375000,30868
3,2855,71375000,71375000,239,398,71400000,30878
3,2856,71400000,71400000,239,398,71425000,30889
3,2857,71425000,71425000,239,398,71450000,30900
3,2858,71450000,71450000,239,398,71475000,30911
3,2859,71475000,71475000,239,398,71500000,30922
3,286,7150000,7150000,239,398,7175000,3097
3,2860,71500000,71500000,239,398,71525000,30933
3,2861,71525000,71525000,239,398,71550000,30943
3,2862,71550000,71550000,239,398,71575000,30953
3,2863,71575000,71575000,239,398,71600000,30966
3,2864,71600000,71600000,239,398,71625000,30976
3,2865,71625000,71625000,239,398,71650000,30987
3,2866,71650000,71650000,239,398,71675000,30997
3,2867,71675000,71675000,239,398,71700000,31009
3,2868,71700000,71700000,239,398,71725000,31018
3,2869,71725000,71725000,239,398,71750000,31030
3,287,7175000,7175000,239,398,7200000,3108
3,2870,71750000,71750000,239,398,71775000,31040
3,2871,71775000,71775000,239,398,71800000,31052
3,2872,71800000,71800000,239,398,71825000,31063
3,2873,71825000,71825000,239,398,71850000,31073
3,2874,71850000,71850000,239,398,71875000,31083
3,2875,71875000,71875000,239,398,71900000,31095
3,2876,71900000,71900000,239,398,71925000,31106
3,2877,71925000,71925000,239,398,71950000,31116
3,2878,71950000,71950000,239,398,71975000,31127
3,2879,71975000,71975000,239,398,72000000,31139
3,288,7200000,7200000,239,398,7225000,3118
3,2880,72000000,72000000,239,398,72025000,31148
3,2881,72025000,72025000,239,398,72050000,31160
3,2882,72050000,72050000,239,398,72075000,31170
3,2883,72075000,72075000,239,398,72100000,31182
3,2884,72100000,72100000,239,398,72125000,31192
3,2885,72125000,72125000,239,398,72150000,31203
3,2886,72150000,72150000,239,398,72175000,31213
3,2887,72175000,72175000,239,398,72200000,31225
3,2888,72200000,72200000,239,398,72225000,31235
3,2889,72225000,72225000,239,398,72250000,31246
3,289,7225000,7225000,239,398,7250000,3131
3,2890,72250000,72250000,239,398,72275000,31257
3,2891,72275000,72275000,239,398,72300000,31268
3,2892,72300000,72300000,239,398,72325000,31278
3,2893,72325000,72325000,239,398,72350000,31290
3,2894,72350000,72350000,239,398,72375000,31300
3,2895,72375000,72375000,239,398,72400000,31311
3,2896,72400000,72400000,239,398,72425000,31323
3,2897,72425000,72425000,239,398,72450000,31332
3,2898,72450000,72450000,239,398,72475000,31342
3,2899,72475000,72475000,239,398,72500000,31355
3,29,725000,725000,239,398,750000,318
3,290,7250000,7250000,239,398,7275000,3140
3,2900,72500000,72500000,239,398,72525000,31366
3,2901,72525000,72525000,239,398,72550000,31376
3,2902,72550000,72550000,239,398,72575000,31386
3,2903,72575000,72575000,239,398,72600000,31399
3,2904,72600000,72600000,239,398,72625000,31407
3,2905,72625000,72625000,239,398,72650000,31419
3,2906,72650000,72650000,239,398,72675000,31429
3,2907,72675000,72675000,239,398,72700000,31442
3,2908,72700000,72700000,239,398,72725000,31452
3,2909,72725000,72725000,239,398,72750000,31462
3,291,7275000,7275000,239,398,7300000,3152
3,2910,72750000,72750000,239,398,72775000,31473
3,2911,72775000,72775000,239,398,72800000,31484
3,2912,72800000,72800000,239,398,72825000,31495
3,2913,72825000,72825000,239,398,72850000,31506
3,2914,72850000,72850000,239,398,72875000,31517
3,2915,72875000,72875000,239,398,72900000,31527
3,2916,72900000,72900000,239,398,72925000,31537
3,2917,72925000,72925000,239,398,72950000,31550
3,2918,72950000,72950000,239,398,72975000,31559
3,2919,72975000,72975000,239,398,73000000,31571
3,292,7300000,7300000,239,398,7325000,3163
3,2920,73000000,73000000,239,398,73025000,31582
3,2921,73025000,73025000,239,398,73050000,31593
3,2922,73050000,73050000,239,398,73075000,31601
3,2923,73075000,73075000,239,398,73100000,31614
3,2924,73100000,73100000,239,398,73125000,31625
3,2925,73125000,73125000,239,398,73150000,31635
3,2926,73150000,73150000,239,398,73175000,31646
3,2927,73175000,73175000,239,398,73200000,31658
3,2928,73200000,73200000,239,398,73225000,31668
3,2929,73225000,73225000,239,398,73250000,31678
3,293,7325000,7325000,239,398,7350000,3173
3,2930,73250000,73250000,239,398,73275000,31690
3,2931,73275000,73275000,239,398,73300000,31701
3,2932,73300000,73300000,239,398,73325000,31711
3,2933,73325000,73325000,239,398,73350000,31721
3,2934,73350000,73350000,239,398,73375000,31732
3,2935,73375000,73375000,239,398,73400000,31745
3,2936,73400000,73400000,239,398,73425000,31754
3,2937,73425000,73425000,239,398,73450000,31766
3,2938,73450000,73450000,239,398,73475000,31776
3,2939,73475000,73475000,239,398,73500000,31787
3,294,7350000,7350000,239,398,7375000,3182
3,2940,73500000,73500000,239,398,73525000,31796
3,2941,73525000,73525000,239,398,73550000,31809
3,2942,73550000,73550000,239,398,73575000,31819
3,2943,73575000,73575000,239,398,73600000,31830
3,2944,73600000,73600000,239,398,73625000,31842
3,2945,73625000,73625000,239,398,73650000,31852
3,2946,73650000,73650000,239,398,73675000,31861
3,2947,73675000,73675000,239,398,73700000,31874
3,2948,73700000,73700000,239,398,73725000,31885
3,2949,73725000,73725000,239,398,73750000,31895
3,295,7375000,7375000,239,398,7400000,3196
3,2950,73750000,73750000,239,398,73775000,31905
3,2951,73775000,73775000,239,398,73800000,31917
3,2952,73800000,73800000,239,398,73825000,31927
3,2953,73825000,73825000,239,398,73850000,31938
3,2954,73850000,73850000,239,398,73875000,31949
3,2955,73875000,73875000,239,398,73900000,31961
3,2956,73900000,73900000,239,398,73925000,31971
3,2957,73925000,73925000,239,398,73950000,31981
3,2958,73950000,73950000,239,398,73975000,31991
3,2959,73975000,73975000,239,398,74000000,32004
3,296,7400000,7400000,239,398,7425000,3206
3,2960,74000000,74000000,239,398,74025000,32013
3,2961,74025000,74025000,239,398,74050000,32025
3,2962,74050000,74050000,239,398,74075000,32036
3,2963,74075000,74075000,239,398,74100000,32047
3,2964,74100000,74100000,239,398,74125000,32057
3,2965,74125000,74125000,239,398,74150000,32068
3,2966,74150000,74150000,239,398,74175000,32079
3,2967,74175000,74175000,239,398,74200000,32089
3,2968,74200000,74200000,239,398,74225000,32101
3,2969,74225000,74225000,239,398,74250000,32111
3,297,7425000,7425000,239,398,7450000,3216
3,2970,74250000,74250000,239,398,74275000,32121
3,2971,74275000,74275000,239,398,74300000,32134
3,2972,74300000,74300000,239,398,74325000,32144
3,2973,74325000,74325000,239,398,74350000,32155
3,2974,74350000,74350000,239,398,74375000,32164
3,2975,74375000,74375000,239,398,74400000,32177
3,2976,74400000,74400000,239,398,74425000,32186
3,2977,74425000,74425000,239,398,74450000,32198
3,2978,74450000,74450000,239,398,74475000,32208
3,2979,74475000,74475000,239,398,74500000,32220
3,298,7450000,7450000,239,398,7475000,3227
3,2980,74500000,74500000,239,398,74525000,32231
3,2981,74525000,74525000,239,398,74550000,32241
3,2982,74550000,74550000,239,398,74575000,32251
3,2983,74575000,74575000,239,398,74600000,32263
3,2984,74600000,74600000,239,398,74625000,32274
3,2985,74625000,74625000,239,398,74650000,32284
3,2986,74650000,74650000,239,398,74675000,32295
3,2987,74675000,74675000,239,398,74700000,32306
3,2988,74700000,74700000,239,398,74725000,32316
3,2989,74725000,74725000,239,398,74750000,32328
3,299,7475000,7475000,239,398,7500000,3239
3,2990,74750000,74750000,239,398,74775000,32338
3,2991,74775000,74775000,239,398,74800000,32350
3,2992,74800000,74800000,239,398,74825000,32360
3,2993,74825000,74825000,239,398,74850000,32371
3,2994,74850000,74850000,239,398,74875000,32380
3,2995,74875000,74875000,239,398,74900000,32393
3,2996,74900000,74900000,239,398,74925000,32403
3,2997,74925000,74925000,239,398,74950000,32414
3,2998,74950000,74950000,239,398,74975000,32426
3,2999,74975000,74975000,239,398,75000000,32436
3,3,75000,75000,239,398,100000,38
3,30,750000,750000,239,398,775000,329
3,300,7500000,7500000,239,398,7525000,3248
3,3000,75000000,75000000,239,398,75025000,32446
3,3001,75025000,75025000,239,398,75050000,32457
3,3002,75050000,75050000,239,398,75075000,32468
3,3003,75075000,75075000,239,398,75100000,32479
3,3004,75100000,75100000,239,398,75125000,32490
3,3005,75125000,75125000,239,398,75150000,32501
3,3006,75150000,75150000,239,398,75175000,32510
3,3007,75175000,75175000,239,398,75200000,32523
3,3008,75200000,75200000,239,398,75225000,32533
3,3009,75225000,75225000,239,398,75250000,32544
3,301,7525000,7525000,239,398,7550000,3259
3,3010,75250000,75250000,239,398,75275000,32554
3,3011,75275000,75275000,239,398,75300000,32566
3,3012,75300000,75300000,239,398,75325000,32576
3,3013,75325000,75325000,239,398,75350000,32587
3,3014,75350000,75350000,239,398,75375000,32597
3,3015,75375000,75375000,239,398,75400000,32610
3,3016,75400000,75400000,239,398,75425000,32620
3,3017,75425000,75425000,239,398,75450000,32630
3,3018,75450000,75450000,239,398,75475000,32640
3,3019,75475000,75475000,239,398,75500000,32653
3,302,7550000,7550000,239,398,7575000,3271
3,3020,75500000,75500000,239,398,75525000,32663
3,3021,75525000,75525000,239,398,75550000,32673
3,3022,75550000,75550000,239,398,75575000,32685
3,3023,75575000,75575000,239,398,75600000,32695
3,3024,75600000,75600000,239,398,75625000,32705
3,3025,75625000,75625000,239,398,75650000,32717
3,3026,75650000,75650000,239,398,75675000,32728
3,3027,75675000,75675000,239,398,75700000,32739
3,3028,75700000,75700000,239,398,75725000,32749
3,3029,75725000,75725000,239,398,75750000,32761
3,303,7575000,7575000,239,398,7600000,3282
3,3030,75750000,75750000,239,398,75775000,32769
3,3031,75775000,75775000,239,398,75800000,32782
3,3032,75800000,75800000,239,398,75825000,32793
3,3033,75825000,75825000,239,398,75850000,32804
3,3034,75850000,75850000,239,398,75875000,32814
3,3035,75875000,75875000,239,398,75900000,32825
3,3036,75900000,75900000,239,398,75925000,32836
3,3037,75925000,75925000,239,398,75950000,32846
3,3038,75950000,75950000,239,398,75975000,32857
3,3039,75975000,75975000,239,398,76000000,32869
3,304,7600000,7600000,239,398,7625000,3292
3,3040,76000000,76000000,239,398,76025000,32880
3,3041,76025000,76025000,239,398,76050000,32889
3,3042,76050000,76050000,239,398,76075000,32899
3,3043,76075000,76075000,239,398,76100000,32913
3,3044,76100000,76100000,239,398,76125000,32922
3,3045,76125000,76125000,239,398,76150000,32933
3,3046,76150000,76150000,239,398,76175000,32944
3,3047,76175000,76175000,239,398,76200000,32956
3,3048,76200000,76200000,239,398,76225000,32964
3,3049,76225000,76225000,239,398,76250000,32977
3,305,7625000,7625000,239,398,7650000,3302
3,3050,76250000,76250000,239,398,76275000,32987
3,3051,76275000,76275000,239,398,76300000,32998
3,3052,76300000,76300000,239,398,76325000,33009
3,3053,76325000,76325000,239,398,76350000,33020
3,3054,76350000,76350000,239,398,76375000,33030
3,3055,76375000,76375000,239,398,76400000,33041
3,3056,76400000,76400000,239,398,76425000,33053
3,3057,76425000,76425000,239,398,76450000,33063
3,3058,76450000,76450000,239,398,76475000,33073
3,3059,76475000,76475000,239,398,76500000,33084
3,306,7650000,7650000,239,398,7675000,3313
3,3060,76500000,76500000,239,398,76525000,33095
3,3061,76525000,76525000,239,398,76550000,33107
3,3062,76550000,76550000,239,398,76575000,33116
3,3063,76575000,76575000,239,398,76600000,33129
3,3064,76600000,76600000,239,398,76625000,33139
3,3065,76625000,76625000,239,398,76650000,33149
3,3066,76650000,76650000,239,398,76675000,33159
3,3067,76675000,76675000,239,398,76700000,33172
3,3068,76700000,76700000,239,398,76725000,33182
3,3069,76725000,76725000,239,398,76750000,33192
3,307,7675000,7675000,239,398,7700000,3325
3,3070,76750000,76750000,239,398,76775000,33204
3,3071,76775000,76775000,239,398,76800000,33215
3,3072,76800000,76800000,239,398,76825000,33224
3,3073,76825000,76825000,239,398,76850000,33236
3,3074,76850000,76850000,239,398,76875000,33247
3,3075,76875000,76875000,239,398,76900000,33258
3,3076,76900000,76900000,239,398,76925000,33268
3,3077,76925000,76925000,239,398,76950000,33279
3,3078,76950000,76950000,239,398,76975000,33289
3,3079,76975000,76975000,239,398,77000000,33301
3,308,7700000,7700000,239,398,7725000,3335
3,3080,77000000,77000000,239,398,77025000,33312
3,3081,77025000,77025000,239,398,77050000,33323
3,3082,77050000,77050000,239,398,77075000,33333
3,3083,77075000,77075000,239,398,77100000,33345
3,3084,77100000,77100000,239,398,77125000,33354
3,3085,77125000,77125000,239,398,77150000,33366
3,3086,77150000,77150000,239,398,77175000,33375
3,3087,77175000,77175000,239,398,77200000,33388
3,3088,77200000,77200000,239,398,77225000,33399
3,3089,77225000,77225000,239,398,77250000,33409
3,309,7725000,7725000,239,398,7750000,3347
3,3090,77250000,77250000,239,398,77275000,33419
3,3091,77275000,77275000,239,398,77300000,33431
3,3092,77300000,77300000,239,398,77325000,33442
3,3093,77325000,77325000,239,398,77350000,33451
3,3094,77350000,77350000,239,398,77375000,33463
3,3095,77375000,77375000,239,398,77400000,33474
3,3096,77400000,77400000,239,398,77425000,33484
3,3097,77425000,77425000,239,398,77450000,33496
3,3098,77450000,77450000,239,398,77475000,33506
3,3099,77475000,77475000,239,398,77500000,33518
3,31,775000,775000,239,398,800000,340
3,310,7750000,7750000,239,398,7775000,3357
3,3100,77500000,77500000,239,398,77525000,33528
3,3101,77525000,77525000,239,398,77550000,33539
3,3102,77550000,77550000,239,398,77575000,33548
3,3103,77575000,77575000,239,398,77600000,33561
3,3104,77600000,77600000,239,398,77625000,33571
3,3105,77625000,77625000,239,398,77650000,33582
3,3106,77650000,77650000,239,398,77675000,33593
3,3107,77675000,77675000,239,398,77700000,33604
3,3108,77700000,77700000,239,398,77725000,33614
3,3109,77725000,77725000,239,398,77750000,33625
3,311,7775000,7775000,239,398,7800000,3368
3,3110,77750000,77750000,239,398,77775000,33636
3,3111,77775000,77775000,239,398,77800000,33647
3,3112,77800000,77800000,239,398,77825000,33658
3,3113,77825000,77825000,239,398,77850000,33668
3,3114,77850000,77850000,239,398,77875000,33678
3,3115,77875000,77875000,239,398,77900000,33691
3,3116,77900000,77900000,239,398,77925000,33701
3,3117,77925000,77925000,239,398,77950000,33713
3,3118,77950000,77950000,239,398,77975000,33722
3,3119,77975000,77975000,239,398,78000000,33734
3,312,7800000,7800000,239,398,7825000,3378
3,3120,78000000,78000000,239,398,78025000,33743
3,3121,78025000,78025000,239,398,78050000,33755
3,3122,78050000,78050000,239,398,78075000,33765
3,3123,78075000,78075000,239,398,78100000,33777
3,3124,78100000,78100000,239,398,78125000,33789
3,3125,78125000,78125000,239,398,78150000,33798
3,3126,78150000,78150000,239,398,78175000,33808
3,3127,78175000,78175000,239,398,78200000,33820
3,3128,78200000,78200000,239,398,78225000,33831
3,3129,78225000,78225000,239,398,78250000,33841
3,313,7825000,7825000,239,398,7850000,3390
3,3130,78250000,78250000,239,398,78275000,33852
3,3131,78275000,78275000,239,398,78300000,33864
3,3132,78300000,78300000,239,398,78325000,33873
3,3133,78325000,78325000,239,398,78350000,33885
3,3134,78350000,78350000,239,398,78375000,33896
3,3135,78375000,78375000,239,398,78400000,33907
3,3136,78400000,78400000,239,398,78425000,33917
3,3137,78425000,78425000,239,398,78450000,33928
3,3138,78450000,78450000,239,398,78475000,33938
3,3139,78475000,78475000,239,398,78500000,33950
3,314,7850000,7850000,239,398,7875000,3399
3,3140,78500000,78500000,239,398,78525000,33960
3,3141,78525000,78525000,239,398,78550000,33972
3,3142,78550000,78550000,239,398,78575000,33982
3,3143,78575000,78575000,239,398,78600000,33993
3,3144,78600000,78600000,239,398,78625000,34003
3,3145,78625000,78625000,239,398,78650000,34015
3,3146,78650000,78650000,239,398,78675000,34025
3,3147,78675000,78675000,239,398,78700000,34036
3,3148,78700000,78700000,239,398,78725000,34048
3,3149,78725000,78725000,239,398,78750000,34057
3,315,7875000,7875000,239,398,7900000,3411
3,3150,78750000,78750000,239,398,78775000,34067
3,3151,78775000,78775000,239,398,78800000,34081
3,3152,78800000,78800000,239,398,78825000,34091
3,3153,78825000,78825000,239,398,78850000,34101
3,3154,78850000,78850000,239,398,78875000,34111
3,3155,78875000,78875000,239,398,78900000,34124
3,3156,78900000,78900000,239,398,78925000,34132
3,3157,78925000,78925000,239,398,78950000,34144
3,3158,78950000,78950000,239,398,78975000,34155
3,3159,78975000,78975000,239,398,79000000,34167
3,316,7900000,7900000,239,398,7925000,3423
3,3160,79000000,79000000,239,398,79025000,34177
3,3161,79025000,79025000,239,398,79050000,34187
3,3162,79050000,79050000,239,398,79075000,34198
3,3163,79075000,79075000,239,398,79100000,34209
3,3164,79100000,79100000,239,398,79125000,34220
3,3165,79125000,79125000,239,398,79150000,34231
3,3166,79150000,79150000,239,398,79175000,34242
3,3167,79175000,79175000,239,398,79200000,34252
3,3168,79200000,79200000,239,398,79225000,34263
3,3169,79225000,79225000,239,398,79250000,34275
3,317,7925000,7925000,239,398,7950000,3433
3,3170,79250000,79250000,239,398,79275000,34284
3,3171,79275000,79275000,239,398,79300000,34296
3,3172,79300000,79300000,239,398,79325000,34307
3,3173,79325000,79325000,239,398,79350000,34318
3,3174,79350000,79350000,239,398,79375000,34326
3,3175,79375000,79375000,239,398,79400000,34340
3,3176,79400000,79400000,239,398,79425000,34350
3,3177,79425000,79425000,239,398,79450000,34360
3,3178,79450000,79450000,239,398,79475000,34371
3,3179,79475000,79475000,239,398,79500000,34383
3,318,7950000,7950000,239,398,7975000,3442
3,3180,79500000,79500000,239,398,79525000,34393
3,3181,79525000,79525000,239,398,79550000,34403
3,3182,79550000,79550000,239,398,79575000,34415
3,3183,79575000,79575000,239,398,79600000,34426
3,3184,79600000,79600000,239,398,79625000,34436
3,3185,79625000,79625000,239,398,79650000,34447
3,3186,79650000,79650000,239,398,79675000,34457
3,3187,79675000,79675000,239,398,79700000,34470
3,3188,79700000,79700000,239,398,79725000,34479
3,3189,79725000,79725000,239,398,79750000,34491
3,319,7975000,7975000,239,398,8000000,3455
3,3190,79750000,79750000,239,398,79775000,34501
3,3191,79775000,79775000,239,398,79800000,34512
3,3192,79800000,79800000,239,398,79825000,34522
3,3193,79825000,79825000,239,398,79850000,34534
3,3194,79850000,79850000,239,398,79875000,34544
3,3195,79875000,79875000,239,398,79900000,34555
3,3196,79900000,79900000,239,398,79925000,34567
3,3197,79925000,79925000,239,398,79950000,34577
3,3198,79950000,79950000,239,398,79975000,34586
3,3199,79975000,79975000,239,398,80000000,34599
3,32,800000,800000,239,398,825000,351
3,320,8000000,8000000,239,398,8025000,3466
3,3200,80000000,80000000,239,398,80025000,34610
3,3201,80025000,80025000,239,398,80050000,34620
3,3202,80050000,80050000,239,398,80075000,34631
3,3203,80075000,80075000,239,398,80100000,34642
3,3204,80100000,80100000,239,398,80125000,34652
3,3205,80125000,80125000,239,398,80150000,34663
3,3206,80150000,80150000,239,398,80175000,34674
3,3207,80175000,80175000,239,398,80200000,34686
3,3208,80200000,80200000,239,398,80225000,34696
3,3209,80225000,80225000,239,398,80250000,34707
3,321,8025000,8025000,239,398,8050000,3475
3,3210,80250000,80250000,239,398,80275000,34716
3,3211,80275000,80275000,239,398,80300000,34729
3,3212,80300000,80300000,239,398,80325000,34738
3,3213,80325000,80325000,239,398,80350000,34750
3,3214,80350000,80350000,239,398,80375000,34761
3,3215,80375000,80375000,239,398,80400000,34772
3,3216,80400000,80400000,239,398,80425000,34782
3,3217,80425000,80425000,239,398,80450000,34793
3,3218,80450000,80450000,239,398,80475000,34804
3,3219,80475000,80475000,239,398,80500000,34815
3,322,8050000,8050000,239,398,8075000,3486
3,3220,80500000,80500000,239,398,80525000,34826
3,3221,80525000,80525000,239,398,80550000,34836
3,3222,80550000,80550000,239,398,80575000,34846
3,3223,80575000,80575000,239,398,80600000,34859
3,3224,80600000,80600000,239,398,80625000,34869
3,3225,80625000,80625000,239,398,80650000,34880
3,3226,80650000,80650000,239,398,80675000,34890
3,3227,80675000,80675000,239,398,80700000,34902
3,3228,80700000,80700000,239,398,80725000,34911
3,3229,80725000,80725000,239,398,80750000,34923
3,323,8075000,8075000,239,398,8100000,3498
3,3230,80750000,80750000,239,398,80775000,34933
3,3231,80775000,80775000,239,398,80800000,34945
3,3232,80800000,80800000,239,398,80825000,34956
3,3233,80825000,80825000,239,398,80850000,34966
3,3234,80850000,80850000,239,398,80875000,34976
3,3235,80875000,80875000,239,398,80900000,34988
3,3236,80900000,80900000,239,398,80925000,35000
3,3237,80925000,80925000,239,398,80950000,35009
3,3238,80950000,80950000,239,398,80975000,35020
3,3239,80975000,80975000,239,398,81000000,35031
3,324,8100000,8100000,239,398,8125000,3508
3,3240,81000000,81000000,239,398,81025000,35041
3,3241,81025000,81025000,239,398,81050000,35053
3,3242,81050000,81050000,239,398,81075000,35063
3,3243,81075000,81075000,239,398,81100000,35076
3,3244,81100000,81100000,239,398,81125000,35085
3,3245,81125000,81125000,239,398,81150000,35096
3,3246,81150000,81150000,239,398,81175000,35105
3,3247,81175000,81175000,239,398,81200000,35118
3,3248,81200000,81200000,239,398,81225000,35128
3,3249,81225000,81225000,239,398,81250000,35139
3,325,8125000,8125000,239,398,8150000,3519
3,3250,81250000,81250000,239,398,81275000,35151
3,3251,81275000,81275000,239,398,81300000,35161
3,3252,81300000,81300000,239,398,81325000,35171
3,3253,81325000,81325000,239,398,81350000,35183
3,3254,81350000,81350000,239,398,81375000,35193
3,3255,81375000,81375000,239,398,81400000,35204
3,3256,81400000,81400000,239,398,81425000,35215
3,3257,81425000,81425000,239,398,81450000,35226
3,3258,81450000,81450000,239,398,81475000,35235
3,3259,81475000,81475000,239,398,81500000,35248
3,326,8150000,8150000,239,398,8175000,3530
3,3260,81500000,81500000,239,398,81525000,35259
3,3261,81525000,81525000,239,398,81550000,35269
3,3262,81550000,81550000,239,398,81575000,35279
3,3263,81575000,81575000,239,398,81600000,35291
3,3264,81600000,81600000,239,398,81625000,35301
3,3265,81625000,81625000,239,398,81650000,35312
3,3266,81650000,81650000,239,398,81675000,35322
3,3267,81675000,81675000,239,398,81700000,35335
3,3268,81700000,81700000,239,398,81725000,35345
3,3269,81725000,81725000,239,398,81750000,35355
3,327,8175000,8175000,239,398,8200000,3542
3,3270,81750000,81750000,239,398,81775000,35366
3,3271,81775000,81775000,239,398,81800000,35378
3,3272,81800000,81800000,239,398,81825000,35388
3,3273,81825000,81825000,239,398,81850000,35398
3,3274,81850000,81850000,239,398,81875000,35410
3,3275,81875000,81875000,239,398,81900000,35420
3,3276,81900000,81900000,239,398,81925000,35430
3,3277,81925000,81925000,239,398,81950000,35443
3,3278,81950000,81950000,239,398,81975000,35453
3,3279,81975000,81975000,239,398,82000000,35464
3,328,8200000,8200000,239,398,8225000,3551
3,3280,82000000,82000000,239,398,82025000,35474
3,3281,82025000,82025000,239,398,82050000,35486
3,3282,82050000,82050000,239,398,82075000,35494
3,3283,82075000,82075000,239,398,82100000,35507
3,3284,82100000,82100000,239,398,82125000,35518
3,3285,82125000,82125000,239,398,82150000,35529
3,3286,82150000,82150000,239,398,82175000,35539
3,3287,82175000,82175000,239,398,82200000,35551
3,3288,82200000,82200000,239,398,82225000,35561
3,3289,82225000,82225000,239,398,82250000,35571
3,329,8225000,8225000,239,398,8250000,3563
3,3290,82250000,82250000,239,398,82275000,35582
3,3291,82275000,82275000,239,398,82300000,35594
3,3292,82300000,82300000,239,398,82325000,35605
3,3293,82325000,82325000,239,398,82350000,35614
3,3294,82350000,82350000,239,398,82375000,35625
3,3295,82375000,82375000,239,398,82400000,35638
3,3296,82400000,82400000,239,398,82425000,35647
3,3297,82425000,82425000,239,398,82450000,35658
3,3298,82450000,82450000,239,398,82475000,35669
3,3299,82475000,82475000,239,398,82500000,35681
3,33,825000,825000,239,398,850000,361
3,330,8250000,8250000,239,398,8275000,3572
3,3300,82500000,82500000,239,398,82525000,35689
3,3301,82525000,82525000,239,398,82550000,35702
3,3302,82550000,82550000,239,398,82575000,35712
3,3303,82575000,82575000,239,398,82600000,35723
3,3304,82600000,82600000,239,398,82625000,35735
3,3305,82625000,82625000,239,398,82650000,35745
3,3306,82650000,82650000,239,398,82675000,35755
3,3307,82675000,82675000,239,398,82700000,35766
3,3308,82700000,82700000,239,398,82725000,35778
3,3309,82725000,82725000,239,398,82750000,35788
3,331,8275000,8275000,239,398,8300000,3585
3,3310,82750000,82750000,239,398,82775000,35798
3,3311,82775000,82775000,239,398,82800000,35810
3,3312,82800000,82800000,239,398,82825000,35820
3,3313,82825000,82825000,239,398,82850000,35832
3,3314,82850000,82850000,239,398,82875000,35841
3,3315,82875000,82875000,239,398,82900000,35854
3,3316,82900000,82900000,239,398,82925000,35864
3,3317,82925000,82925000,239,398,82950000,35874
3,3318,82950000,82950000,239,398,82975000,35884
3,3319,82975000,82975000,239,398,83000000,35897
3,332,8300000,8300000,239,398,8325000,3594
3,3320,83000000,83000000,239,398,83025000,35907
3,3321,83025000,83025000,239,398,83050000,35918
3,3322,83050000,83050000,239,398,83075000,35929
3,3323,83075000,83075000,239,398,83100000,35940
3,3324,83100000,83100000,239,398,83125000,35949
3,3325,83125000,83125000,239,398,83150000,35961
3,3326,83150000,83150000,239,398,83175000,35972
3,3327,83175000,83175000,239,398,83200000,35983
3,3328,83200000,83200000,239,398,83225000,35994
3,3329,83225000,83225000,239,398,83250000,36004
3,333,8325000,8325000,239,398,8350000,3606
3,3330,83250000,83250000,239,398,83275000,36014
3,3331,83275000,83275000,239,398,83300000,36026
3,3332,83300000,83300000,239,398,83325000,36037
3,3333,83325000,83325000,239,398,83350000,36048
3,3334,83350000,83350000,239,398,83375000,36058
3,3335,83375000,83375000,239,398,83400000,36070
3,3336,83400000,83400000,239,398,83425000,36079
3,3337,83425000,83425000,239,398,83450000,36091
3,3338,83450000,83450000,239,398,83475000,36101
3,3339,83475000,83475000,239,398,83500000,36113
3,334,8350000,8350000,239,398,8375000,3617
3,3340,83500000,83500000,239,398,83525000,36124
3,3341,83525000,83525000,239,398,83550000,36134
3,3342,83550000,83550000,239,398,83575000,36144
3,3343,83575000,83575000,239,398,83600000,36156
3,3344,83600000,83600000,239,398,83625000,36167
3,3345,83625000,83625000,239,398,83650000,36177
3,3346,83650000,83650000,239,398,83675000,36188
3,3347,83675000,83675000,239,398,83700000,36199
3,3348,83700000,83700000,239,398,83725000,36209
3,3349,83725000,83725000,239,398,83750000,36221
3,335,8375000,8375000,239,398,8400000,3627
3,3350,83750000,83750000,239,398,83775000,36231
3,3351,83775000,83775000,239,398,83800000,36243
3,3352,83800000,83800000,239,398,83825000,36253
3,3353,83825000,83825000,239,398,83850000,36264
3,3354,83850000,83850000,239,398,83875000,36273
3,3355,83875000,83875000,239,398,83900000,36287
3,3356,83900000,83900000,239,398,83925000,36296
3,3357,83925000,83925000,239,398,83950000,36307
3,3358,83950000,83950000,239,398,83975000,36318
3,3359,83975000,83975000,239,398,84000000,36329
3,336,8400000,8400000,239,398,8425000,3638
3,3360,84000000,84000000,239,398,84025000,36339
3,3361,84025000,84025000,239,398,84050000,36350
3,3362,84050000,84050000,239,398,84075000,36362
3,3363,84075000,84075000,239,398,84100000,36372
3,3364,84100000,84100000,239,398,84125000,36383
3,3365,84125000,84125000,239,398,84150000,36393
3,3366,84150000,84150000,239,398,84175000,36403
3,3367,84175000,84175000,239,398,84200000,36416
3,3368,84200000,84200000,239,398,84225000,36426
3,3369,84225000,84225000,239,398,84250000,36438
3,337,8425000,8425000,239,398,8450000,3649
3,3370,84250000,84250000,239,398,84275000,36447
3,3371,84275000,84275000,239,398,84300000,36459
3,3372,84300000,84300000,239,398,84325000,36469
3,3373,84325000,84325000,239,398,84350000,36480
3,3374,84350000,84350000,239,398,84375000,36490
3,3375,84375000,84375000,239,398,84400000,36502
3,3376,84400000,84400000,239,398,84425000,36514
3,3377,84425000,84425000,239,398,84450000,36523
3,3378,84450000,84450000,239,398,84475000,36533
3,3379,84475000,84475000,239,398,84500000,36546
3,338,8450000,8450000,239,398,8475000,3660
3,3380,84500000,84500000,239,398,84525000,36556
3,3381,84525000,84525000,239,398,84550000,36566
3,3382,84550000,84550000,239,398,84575000,36577
3,3383,84575000,84575000,239,398,84600000,36589
3,3384,84600000,84600000,239,398,84625000,36598
3,3385,84625000,84625000,239,398,84650000,36610
3,3386,84650000,84650000,239,398,84675000,36621
3,3387,84675000,84675000,239,398,84700000,36632
3,3388,84700000,84700000,239,398,84725000,36642
3,3389,84725000,84725000,239,398,84750000,36654
3,339,8475000,8475000,239,398,8500000,3670
3,3390,84750000,84750000,239,398,84775000,36663
3,3391,84775000,84775000,239,398,84800000,36675
3,3392,84800000,84800000,239,398,84825000,36685
3,3393,84825000,84825000,239,398,84850000,36697
3,3394,84850000,84850000,239,398,84875000,36707
3,3395,84875000,84875000,239,398,84900000,36718
3,3396,84900000,84900000,239,398,84925000,36729
3,3397,84925000,84925000,239,398,84950000,36740
3,3398,84950000,84950000,239,398,84975000,36750
3,3399,84975000,84975000,239,398,85000000,36761
3,34,850000,850000,239,398,875000,372
3,340,8500000,8500000,239,398,8525000,3682
3,3400,85000000,85000000,239,398,85025000,36773
3,3401,85025000,85025000,239,398,85050000,36782
3,3402,85050000,85050000,239,398,85075000,36792
3,3403,85075000,85075000,239,398,85100000,36806
3,3404,85100000,85100000,239,398,85125000,36816
3,3405,85125000,85125000,239,398,85150000,36826
3,3406,85150000,85150000,239,398,85175000,36837
3,3407,85175000,85175000,239,398,85200000,36849
3,3408,85200000,85200000,239,398,85225000,36857
3,3409,85225000,85225000,239,398,85250000,36869
3,341,8525000,8525000,239,398,8550000,3692
3,3410,85250000,85250000,239,398,85275000,36880
3,3411,85275000,85275000,239,398,85300000,36892
3,3412,85300000,85300000,239,398,85325000,36902
3,3413,85325000,85325000,239,398,85350000,36913
3,3414,85350000,85350000,239,398,85375000,36923
3,3415,85375000,85375000,239,398,85400000,36934
3,3416,85400000,85400000,239,398,85425000,36945
3,3417,85425000,85425000,239,398,85450000,36956
3,3418,85450000,85450000,239,398,85475000,36967
3,3419,85475000,85475000,239,398,85500000,36977
3,342,8550000,8550000,239,398,8575000,3701
3,3420,85500000,85500000,239,398,85525000,36988
3,3421,85525000,85525000,239,398,85550000,37000
3,3422,85550000,85550000,239,398,85575000,37009
3,3423,85575000,85575000,239,398,85600000,37022
3,3424,85600000,85600000,239,398,85625000,37032
3,3425,85625000,85625000,239,398,85650000,37043
3,3426,85650000,85650000,239,398,85675000,37051
3,3427,85675000,85675000,239,398,85700000,37065
3,3428,85700000,85700000,239,398,85725000,37075
3,3429,85725000,85725000,239,398,85750000,37085
3,343,8575000,8575000,239,398,8600000,3715
3,3430,85750000,85750000,239,398,85775000,37097
3,3431,85775000,85775000,239,398,85800000,37108
3,3432,85800000,85800000,239,398,85825000,37118
3,3433,85825000,85825000,239,398,85850000,37128
3,3434,85850000,85850000,239,398,85875000,37140
3,3435,85875000,85875000,239,398,85900000,37151
3,3436,85900000,85900000,239,398,85925000,37161
3,3437,85925000,85925000,239,398,85950000,37172
3,3438,85950000,85950000,239,398,85975000,37182
3,3439,85975000,85975000,239,398,86000000,37195
3,344,8600000,8600000,239,398,8625000,3725
3,3440,86000000,86000000,239,398,86025000,37205
3,3441,86025000,86025000,239,398,86050000,37216
3,3442,86050000,86050000,239,398,86075000,37226
3,3443,86075000,86075000,239,398,86100000,37237
3,3444,86100000,86100000,239,398,86125000,37247
3,3445,86125000,86125000,239,398,86150000,37259
3,3446,86150000,86150000,239,398,86175000,37269
3,3447,86175000,86175000,239,398,86200000,37281
3,3448,86200000,86200000,239,398,86225000,37292
3,3449,86225000,86225000,239,398,86250000,37302
3,345,8625000,8625000,239,398,8650000,3736
3,3450,86250000,86250000,239,398,86275000,37311
3,3451,86275000,86275000,239,398,86300000,37324
3,3452,86300000,86300000,239,398,86325000,37335
3,3453,86325000,86325000,239,398,86350000,37345
3,3454,86350000,86350000,239,398,86375000,37356
3,3455,86375000,86375000,239,398,86400000,37367
3,3456,86400000,86400000,239,398,86425000,37377
3,3457,86425000,86425000,239,398,86450000,37389
3,3458,86450000,86450000,239,398,86475000,37399
3,3459,86475000,86475000,239,398,86500000,37411
3,346,8650000,8650000,239,398,8675000,3746
3,3460,86500000,86500000,239,398,86525000,37421
3,3461,86525000,86525000,239,398,86550000,37432
3,3462,86550000,86550000,239,398,86575000,37441
3,3463,86575000,86575000,239,398,86600000,37454
3,3464,86600000,86600000,239,398,86625000,37464
3,3465,86625000,86625000,239,398,86650000,37475
3,3466,86650000,86650000,239,398,86675000,37486
3,3467,86675000,86675000,239,398,86700000,37497
3,3468,86700000,86700000,239,398,86725000,37507
3,3469,86725000,86725000,239,398,86750000,37518
3,347,8675000,8675000,239,398,8700000,3758
3,3470,86750000,86750000,239,398,86775000,37529
3,3471,86775000,86775000,239,398,86800000,37540
3,3472,86800000,86800000,239,398,86825000,37551
3,3473,86825000,86825000,239,398,86850000,37561
3,3474,86850000,86850000,239,398,86875000,37572
3,3475,86875000,86875000,239,398,86900000,37584
3,3476,86900000,86900000,239,398,86925000,37594
3,3477,86925000,86925000,239,398,86950000,37605
3,3478,86950000,86950000,239,398,86975000,37615
3,3479,86975000,86975000,239,398,87000000,37627
3,348,8700000,8700000,239,398,8725000,3767
3,3480,87000000,87000000,239,398,87025000,37636
3,3481,87025000,87025000,239,398,87050000,37649
3,3482,87050000,87050000,239,398,87075000,37658
3,3483,87075000,87075000,239,398,87100000,37670
3,3484,87100000,87100000,239,398,87125000,37681
3,3485,87125000,87125000,239,398,87150000,37691
3,3486,87150000,87150000,239,398,87175000,37701
3,3487,87175000,87175000,239,398,87200000,37713
3,3488,87200000,87200000,239,398,87225000,37725
3,3489,87225000,87225000,239,398,87250000,37734
3,349,8725000,8725000,239,398,8750000,3778
3,3490,87250000,87250000,239,398,87275000,37745
3,3491,87275000,87275000,239,398,87300000,37757
3,3492,87300000,87300000,239,398,87325000,37766
3,3493,87325000,87325000,239,398,87350000,37778
3,3494,87350000,87350000,239,398,87375000,37788
3,3495,87375000,87375000,239,398,87400000,37801
3,3496,87400000,87400000,239,398,87425000,37810
3,3497,87425000,87425000,239,398,87450000,37821
3,3498,87450000,87450000,239,398,87475000,37831
3,3499,87475000,87475000,239,398,87500000,37843
3,35,875000,875000,239,398,900000,383
3,350,8750000,8750000,239,398,8775000,3789
3,3500,87500000,87500000,239,398,87525000,37853
3,3501,87525000,87525000,239,398,87550000,37864
3,3502,87550000,87550000,239,398,87575000,37876
3,3503,87575000,87575000,239,398,87600000,37886
3,3504,87600000,87600000,239,398,87625000,37896
3,3505,87625000,87625000,239,398,87650000,37908
3,3506,87650000,87650000,239,398,87675000,37918
3,3507,87675000,87675000,239,398,87700000,37929
3,3508,87700000,87700000,239,398,87725000,37941
3,3509,87725000,87725000,239,398,87750000,37951
3,351,8775000,8775000,239,398,8800000,3801
3,3510,87750000,87750000,239,398,87775000,37960
3,3511,87775000,87775000,239,398,87800000,37973
3,3512,87800000,87800000,239,398,87825000,37984
3,3513,87825000,87825000,239,398,87850000,37994
3,3514,87850000,87850000,239,398,87875000,38004
3,3515,87875000,87875000,239,398,87900000,38017
3,3516,87900000,87900000,239,398,87925000,38026
3,3517,87925000,87925000,239,398,87950000,38037
3,3518,87950000,87950000,239,398,87975000,38047
3,3519,87975000,87975000,239,398,88000000,38060
3,352,8800000,8800000,239,398,8825000,3812
3,3520,88000000,88000000,239,398,88025000,38070
3,3521,88025000,88025000,239,398,88050000,38080
3,3522,88050000,88050000,239,398,88075000,38091
3,3523,88075000,88075000,239,398,88100000,38103
3,3524,88100000,88100000,239,398,88125000,38113
3,3525,88125000,88125000,239,398,88150000,38124
3,3526,88150000,88150000,239,398,88175000,38135
3,3527,88175000,88175000,239,398,88200000,38145
3,3528,88200000,88200000,239,398,88225000,38155
3,3529,88225000,88225000,239,398,88250000,38168
3,353,8825000,8825000,239,398,8850000,3822
3,3530,88250000,88250000,239,398,88275000,38178
3,3531,88275000,88275000,239,398,88300000,38189
3,3532,88300000,88300000,239,398,88325000,38200
3,3533,88325000,88325000,239,398,88350000,38211
3,3534,88350000,88350000,239,398,88375000,38219
3,3535,88375000,88375000,239,398,88400000,38232
3,3536,88400000,88400000,239,398,88425000,38243
3,3537,88425000,88425000,239,398,88450000,38254
3,3538,88450000,88450000,239,398,88475000,38264
3,3539,88475000,88475000,239,398,88500000,38276
3,354,8850000,8850000,239,398,8875000,3832
3,3540,88500000,88500000,239,398,88525000,38286
3,3541,88525000,88525000,239,398,88550000,38296
3,3542,88550000,88550000,239,398,88575000,38308
3,3543,88575000,88575000,239,398,88600000,38319
3,3544,88600000,88600000,239,398,88625000,38330
3,3545,88625000,88625000,239,398,88650000,38339
3,3546,88650000,88650000,239,398,88675000,38350
3,3547,88675000,88675000,239,398,88700000,38363
3,3548,88700000,88700000,239,398,88725000,38372
3,3549,88725000,88725000,239,398,88750000,38384
3,355,8875000,8875000,239,398,8900000,3844
3,3550,88750000,88750000,239,398,88775000,38394
3,3551,88775000,88775000,239,398,88800000,38406
3,3552,88800000,88800000,239,398,88825000,38414
3,3553,88825000,88825000,239,398,88850000,38427
3,3554,88850000,88850000,239,398,88875000,38437
3,3555,88875000,88875000,239,398,88900000,38448
3,3556,88900000,88900000,239,398,88925000,38460
3,3557,88925000,88925000,239,398,88950000,38470
3,3558,88950000,88950000,239,398,88975000,38480
3,3559,88975000,88975000,239,398,89000000,38492
3,356,8900000,8900000,239,398,8925000,3854
3,3560,89000000,89000000,239,398,89025000,38503
3,3561,89025000,89025000,239,398,89050000,38513
3,3562,89050000,89050000,239,398,89075000,38523
3,3563,89075000,89075000,239,398,89100000,38535
3,3564,89100000,89100000,239,398,89125000,38545
3,3565,89125000,89125000,239,398,89150000,38557
3,3566,89150000,89150000,239,398,89175000,38567
3,3567,89175000,89175000,239,398,89200000,38579
3,3568,89200000,89200000,239,398,89225000,38589
3,3569,89225000,89225000,239,398,89250000,38599
3,357,8925000,8925000,239,398,8950000,3865
3,3570,89250000,89250000,239,398,89275000,38609
3,3571,89275000,89275000,239,398,89300000,38622
3,3572,89300000,89300000,239,398,89325000,38632
3,3573,89325000,89325000,239,398,89350000,38643
3,3574,89350000,89350000,239,398,89375000,38654
3,3575,89375000,89375000,239,398,89400000,38665
3,3576,89400000,89400000,239,398,89425000,38675
3,3577,89425000,89425000,239,398,89450000,38686
3,3578,89450000,89450000,239,398,89475000,38697
3,3579,89475000,89475000,239,398,89500000,38708
3,358,8950000,8950000,239,398,8975000,3876
3,3580,89500000,89500000,239,398,89525000,38719
3,3581,89525000,89525000,239,398,89550000,38729
3,3582,89550000,89550000,239,398,89575000,38739
3,3583,89575000,89575000,239,398,89600000,38752
3,3584,89600000,89600000,239,398,89625000,38762
3,3585,89625000,89625000,239,398,89650000,38773
3,3586,89650000,89650000,239,398,89675000,38783
3,3587,89675000,89675000,239,398,89700000,38795
3,3588,89700000,89700000,239,398,89725000,38804
3,3589,89725000,89725000,239,398,89750000,38816
3,359,8975000,8975000,239,398,9000000,3887
3,3590,89750000,89750000,239,398,89775000,38826
3,3591,89775000,89775000,239,398,89800000,38838
3,3592,89800000,89800000,239,398,89825000,38849
3,3593,89825000,89825000,239,398,89850000,38860
3,3594,89850000,89850000,239,398,89875000,38869
3,3595,89875000,89875000,239,398,89900000,38881
3,3596,89900000,89900000,239,398,89925000,38892
3,3597,89925000,89925000,239,398,89950000,38902
3,3598,89950000,89950000,239,398,89975000,38913
3,3599,89975000,89975000,239,398,90000000,38924
3,36,900000,900000,239,398,925000,393
3,360,9000000,9000000,239,398,9025000,3897
3,3600,90000000,90000000,239,398,90025000,38935
3,3601,90025000,90025000,239,398,90050000,38946
3,3602,90050000,90050000,239,398,90075000,38956
3,3603,90075000,90075000,239,398,90100000,38968
3,3604,90100000,90100000,239,398,90125000,38978
3,3605,90125000,90125000,239,398,90150000,38989
3,3606,90150000,90150000,239,398,90175000,38998
3,3607,90175000,90175000,239,398,90200000,39012
3,3608,90200000,90200000,239,398,90225000,39021
3,3609,90225000,90225000,239,398,90250000,39032
3,361,9025000,9025000,239,398,9050000,3909
3,3610,90250000,90250000,239,398,90275000,39044
3,3611,90275000,90275000,239,398,90300000,39054
3,3612,90300000,90300000,239,398,90325000,39064
3,3613,90325000,90325000,239,398,90350000,39075
3,3614,90350000,90350000,239,398,90375000,39087
3,3615,90375000,90375000,239,398,90400000,39097
3,3616,90400000,90400000,239,398,90425000,39108
3,3617,90425000,90425000,239,398,90450000,39119
3,3618,90450000,90450000,239,398,90475000,39128
3,3619,90475000,90475000,239,398,90500000,39141
3,362,9050000,9050000,239,398,9075000,3919
3,3620,90500000,90500000,239,398,90525000,39151
3,3621,90525000,90525000,239,398,90550000,39163
3,3622,90550000,90550000,239,398,90575000,39172
3,3623,90575000,90575000,239,398,90600000,39184
3,3624,90600000,90600000,239,398,90625000,39194
3,3625,90625000,90625000,239,398,90650000,39205
3,3626,90650000,90650000,239,398,90675000,39215
3,3627,90675000,90675000,239,398,90700000,39228
3,3628,90700000,90700000,239,398,90725000,39239
3,3629,90725000,90725000,239,398,90750000,39248
3,363,9075000,9075000,239,398,9100000,3931
3,3630,90750000,90750000,239,398,90775000,39258
3,3631,90775000,90775000,239,398,90800000,39271
3,3632,90800000,90800000,239,398,90825000,39281
3,3633,90825000,90825000,239,398,90850000,39291
3,3634,90850000,90850000,239,398,90875000,39303
3,3635,90875000,90875000,239,398,90900000,39314
3,3636,90900000,90900000,239,398,90925000,39323
3,3637,90925000,90925000,239,398,90950000,39335
3,3638,90950000,90950000,239,398,90975000,39346
3,3639,90975000,90975000,239,398,91000000,39357
3,364,9100000,9100000,239,398,9125000,3941
3,3640,91000000,91000000,239,398,91025000,39367
3,3641,91025000,91025000,239,398,91050000,39379
3,3642,91050000,91050000,239,398,91075000,39388
3,3643,91075000,91075000,239,398,91100000,39400
3,3644,91100000,91100000,239,398,91125000,39411
3,3645,91125000,91125000,239,398,91150000,39422
3,3646,91150000,91150000,239,398,91175000,39432
3,3647,91175000,91175000,239,398,91200000,39443
3,3648,91200000,91200000,239,398,91225000,39454
3,3649,91225000,91225000,239,398,91250000,39465
3,365,9125000,9125000,239,398,9150000,3952
3,3650,91250000,91250000,239,398,91275000,39475
3,3651,91275000,91275000,239,398,91300000,39487
3,3652,91300000,91300000,239,398,91325000,39498
3,3653,91325000,91325000,239,398,91350000,39507
3,3654,91350000,91350000,239,398,91375000,39517
3,3655,91375000,91375000,239,398,91400000,39531
3,3656,91400000,91400000,239,398,91425000,39541
3,3657,91425000,91425000,239,398,91450000,39551
3,3658,91450000,91450000,239,398,91475000,39562
3,3659,91475000,91475000,239,398,91500000,39574
3,366,9150000,9150000,239,398,9175000,3961
3,3660,91500000,91500000,239,398,91525000,39582
3,3661,91525000,91525000,239,398,91550000,39595
3,3662,91550000,91550000,239,398,91575000,39605
3,3663,91575000,91575000,239,398,91600000,39617
3,3664,91600000,91600000,239,398,91625000,39627
3,3665,91625000,91625000,239,398,91650000,39638
3,3666,91650000,91650000,239,398,91675000,39648
3,3667,91675000,91675000,239,398,91700000,39659
3,3668,91700000,91700000,239,398,91725000,39671
3,3669,91725000,91725000,239,398,91750000,39681
3,367,9175000,9175000,239,398,9200000,3974
3,3670,91750000,91750000,239,398,91775000,39692
3,3671,91775000,91775000,239,398,91800000,39702
3,3672,91800000,91800000,239,398,91825000,39713
3,3673,91825000,91825000,239,398,91850000,39725
3,3674,91850000,91850000,239,398,91875000,39734
3,3675,91875000,91875000,239,398,91900000,39747
3,3676,91900000,91900000,239,398,91925000,39757
3,3677,91925000,91925000,239,398,91950000,39768
3,3678,91950000,91950000,239,398,91975000,39777
3,3679,91975000,91975000,239,398,92000000,39790
3,368,9200000,9200000,239,398,9225000,3984
3,3680,92000000,92000000,239,398,92025000,39800
3,3681,92025000,92025000,239,398,92050000,39810
3,3682,92050000,92050000,239,398,92075000,39822
3,3683,92075000,92075000,239,398,92100000,39833
3,3684,92100000,92100000,239,398,92125000,39843
3,3685,92125000,92125000,239,398,92150000,39854
3,3686,92150000,92150000,239,398,92175000,39865
3,3687,92175000,92175000,239,398,92200000,39876
3,3688,92200000,92200000,239,398,92225000,39886
3,3689,92225000,92225000,239,398,92250000,39897
3,369,9225000,9225000,239,398,9250000,3995
3,3690,92250000,92250000,239,398,92275000,39907
3,3691,92275000,92275000,239,398,92300000,39920
3,3692,92300000,92300000,239,398,92325000,39930
3,3693,92325000,92325000,239,398,92350000,39941
3,3694,92350000,92350000,239,398,92375000,39951
3,3695,92375000,92375000,239,398,92400000,39963
3,3696,92400000,92400000,239,398,92425000,39972
3,3697,92425000,92425000,239,398,92450000,39984
3,3698,92450000,92450000,239,398,92475000,39994
3,3699,92475000,92475000,239,398,92500000,40006
3,37,925000,925000,239,398,950000,406
3,370,9250000,9250000,239,398,9275000,4006
3,3700,92500000,92500000,239,398,92525000,40017
3,3701,92525000,92525000,239,398,92550000,40027
3,3702,92550000,92550000,239,398,92575000,40037
3,3703,92575000,92575000,239,398,92600000,40049
3,3704,92600000,92600000,239,398,92625000,40060
3,3705,92625000,92625000,239,398,92650000,40070
3,3706,92650000,92650000,239,398,92675000,40081
3,3707,92675000,92675000,239,398,92700000,40092
3,3708,92700000,92700000,239,398,92725000,40102
3,3709,92725000,92725000,239,398,92750000,40114
3,371,9275000,9275000,239,398,9300000,4017
3,3710,92750000,92750000,239,398,92775000,40124
3,3711,92775000,92775000,239,398,92800000,40136
3,3712,92800000,92800000,239,398,92825000,40147
3,3713,92825000,92825000,239,398,92850000,40157
3,3714,92850000,92850000,239,398,92875000,40166
3,3715,92875000,92875000,239,398,92900000,40179
3,3716,92900000,92900000,239,398,92925000,40189
3,3717,92925000,92925000,239,398,92950000,40200
3,3718,92950000,92950000,239,398,92975000,40211
3,3719,92975000,92975000,239,398,93000000,40223
3,372,9300000,9300000,239,398,9325000,4027
3,3720,93000000,93000000,239,398,93025000,40232
3,3721,93025000,93025000,239,398,93050000,40243
3,3722,93050000,93050000,239,398,93075000,40254
3,3723,93075000,93075000,239,398,93100000,40265
3,3724,93100000,93100000,239,398,93125000,40276
3,3725,93125000,93125000,239,398,93150000,40286
3,3726,93150000,93150000,239,398,93175000,40297
3,3727,93175000,93175000,239,398,93200000,40309
3,3728,93200000,93200000,239,398,93225000,40319
3,3729,93225000,93225000,239,398,93250000,40331
3,373,9325000,9325000,239,398,9350000,4038
3,3730,93250000,93250000,239,398,93275000,40340
3,3731,93275000,93275000,239,398,93300000,40352
3,3732,93300000,93300000,239,398,93325000,40361
3,3733,93325000,93325000,239,398,93350000,40374
3,3734,93350000,93350000,239,398,93375000,40383
3,3735,93375000,93375000,239,398,93400000,40395
3,3736,93400000,93400000,239,398,93425000,40407
3,3737,93425000,93425000,239,398,93450000,40416
3,3738,93450000,93450000,239,398,93475000,40426
3,3739,93475000,93475000,239,398,93500000,40438
3,374,9350000,9350000,239,398,9375000,4049
3,3740,93500000,93500000,239,398,93525000,40450
3,3741,93525000,93525000,239,398,93550000,40459
3,3742,93550000,93550000,239,398,93575000,40470
3,3743,93575000,93575000,239,398,93600000,40482
3,3744,93600000,93600000,239,398,93625000,40491
3,3745,93625000,93625000,239,398,93650000,40503
3,3746,93650000,93650000,239,398,93675000,40514
3,3747,93675000,93675000,239,398,93700000,40526
3,3748,93700000,93700000,239,398,93725000,40535
3,3749,93725000,93725000,239,398,93750000,40546
3,375,9375000,9375000,239,398,9400000,4060
3,3750,93750000,93750000,239,398,93775000,40556
3,3751,93775000,93775000,239,398,93800000,40568
3,3752,93800000,93800000,239,398,93825000,40578
3,3753,93825000,93825000,239,398,93850000,40590
3,3754,93850000,93850000,239,398,93875000,40601
3,3755,93875000,93875000,239,398,93900000,40611
3,3756,93900000,93900000,239,398,93925000,40621
3,3757,93925000,93925000,239,398,93950000,40633
3,3758,93950000,93950000,239,398,93975000,40643
3,3759,93975000,93975000,239,398,94000000,40654
3,376,9400000,9400000,239,398,9425000,4071
3,3760,94000000,94000000,239,398,94025000,40666
3,3761,94025000,94025000,239,398,94050000,40676
3,3762,94050000,94050000,239,398,94075000,40685
3,3763,94075000,94075000,239,398,94100000,40699
3,3764,94100000,94100000,239,398,94125000,40709
3,3765,94125000,94125000,239,398,94150000,40719
3,3766,94150000,94150000,239,398,94175000,40729
3,3767,94175000,94175000,239,398,94200000,40742
3,3768,94200000,94200000,239,398,94225000,40751
3,3769,94225000,94225000,239,398,94250000,40762
3,377,9425000,9425000,239,398,9450000,4081
3,3770,94250000,94250000,239,398,94275000,40773
3,3771,94275000,94275000,239,398,94300000,40785
3,3772,94300000,94300000,239,398,94325000,40795
3,3773,94325000,94325000,239,398,94350000,40805
3,3774,94350000,94350000,239,398,94375000,40816
3,3775,94375000,94375000,239,398,94400000,40828
3,3776,94400000,94400000,239,398,94425000,40838
3,3777,94425000,94425000,239,398,94450000,40849
3,3778,94450000,94450000,239,398,94475000,40860
3,3779,94475000,94475000,239,398,94500000,40870
3,378,9450000,9450000,239,398,9475000,4091
3,3780,94500000,94500000,239,398,94525000,40881
3,3781,94525000,94525000,239,398,94550000,40893
3,3782,94550000,94550000,239,398,94575000,40903
3,3783,94575000,94575000,239,398,94600000,40914
3,3784,94600000,94600000,239,398,94625000,40925
3,3785,94625000,94625000,239,398,94650000,40936
3,3786,94650000,94650000,239,398,94675000,40944
3,3787,94675000,94675000,239,398,94700000,40958
3,3788,94700000,94700000,239,398,94725000,40968
3,3789,94725000,94725000,239,398,94750000,40979
3,379,9475000,9475000,239,398,9500000,4104
3,3790,94750000,94750000,239,398,94775000,40989
3,3791,94775000,94775000,239,398,94800000,41001
3,3792,94800000,94800000,239,398,94825000,41011
3,3793,94825000,94825000,239,398,94850000,41021
3,3794,94850000,94850000,239,398,94875000,41033
3,3795,94875000,94875000,239,398,94900000,41044
3,3796,94900000,94900000,239,398,94925000,41055
3,3797,94925000,94925000,239,398,94950000,41065
3,3798,94950000,94950000,239,398,94975000,41075
3,3799,94975000,94975000,239,398,95000000,41088
3,38,950000,950000,239,398,975000,415
3,380,9500000,9500000,239,398,9525000,4115
3,3800,95000000,95000000,239,398,95025000,41097
3,3801,95025000,95025000,239,398,95050000,41109
3,3802,95050000,95050000,239,398,95075000,41119
3,3803,95075000,95075000,239,398,95100000,41131
3,3804,95100000,95100000,239,398,95125000,41140
3,3805,95125000,95125000,239,398,95150000,41152
3,3806,95150000,95150000,239,398,95175000,41162
3,3807,95175000,95175000,239,398,95200000,41173
3,3808,95200000,95200000,239,398,95225000,41185
3,3809,95225000,95225000,239,398,95250000,41195
3,381,9525000,9525000,239,398,9550000,4125
3,3810,95250000,95250000,239,398,95275000,41205
3,3811,95275000,95275000,239,398,95300000,41217
3,3812,95300000,95300000,239,398,95325000,41228
3,3813,95325000,95325000,239,398,95350000,41238
3,3814,95350000,95350000,239,398,95375000,41249
3,3815,95375000,95375000,239,398,95400000,41260
3,3816,95400000,95400000,239,398,95425000,41270
3,3817,95425000,95425000,239,398,95450000,41282
3,3818,95450000,95450000,239,398,95475000,41292
3,3819,95475000,95475000,239,398,95500000,41304
3,382,9550000,9550000,239,398,9575000,4135
3,3820,95500000,95500000,239,398,95525000,41314
3,3821,95525000,95525000,239,398,95550000,41325
3,3822,95550000,95550000,239,398,95575000,41334
3,3823,95575000,95575000,239,398,95600000,41347
3,3824,95600000,95600000,239,398,95625000,41357
3,3825,95625000,95625000,239,398,95650000,41368
3,3826,95650000,95650000,239,398,95675000,41379
3,3827,95675000,95675000,239,398,95700000,41390
3,3828,95700000,95700000,239,398,95725000,41400
3,3829,95725000,95725000,239,398,95750000,41411
3,383,9575000,9575000,239,398,9600000,4147
3,3830,95750000,95750000,239,398,95775000,41422
3,3831,95775000,95775000,239,398,95800000,41434
3,3832,95800000,95800000,239,398,95825000,41444
3,3833,95825000,95825000,239,398,95850000,41454
3,3834,95850000,95850000,239,398,95875000,41464
3,3835,95875000,95875000,239,398,95900000,41477
3,3836,95900000,95900000,239,398,95925000,41487
3,3837,95925000,95925000,239,398,95950000,41498
3,3838,95950000,95950000,239,398,95975000,41509
3,3839,95975000,95975000,239,398,96000000,41520
3,384,9600000,9600000,239,398,9625000,4156
3,3840,96000000,96000000,239,398,96025000,41529
3,3841,96025000,96025000,239,398,96050000,41541
3,3842,96050000,96050000,239,398,96075000,41551
3,3843,96075000,96075000,239,398,96100000,41563
3,3844,96100000,96100000,239,398,96125000,41574
3,3845,96125000,96125000,239,398,96150000,41585
3,3846,96150000,96150000,239,398,96175000,41594
3,3847,96175000,96175000,239,398,96200000,41606
3,3848,96200000,96200000,239,398,96225000,41618
3,3849,96225000,96225000,239,398,96250000,41627
3,385,9625000,9625000,239,398,9650000,4168
3,3850,96250000,96250000,239,398,96275000,41638
3,3851,96275000,96275000,239,398,96300000,41649
3,3852,96300000,96300000,239,398,96325000,41660
3,3853,96325000,96325000,239,398,96350000,41671
3,3854,96350000,96350000,239,398,96375000,41681
3,3855,96375000,96375000,239,398,96400000,41694
3,3856,96400000,96400000,239,398,96425000,41703
3,3857,96425000,96425000,239,398,96450000,41714
3,3858,96450000,96450000,239,398,96475000,41723
3,3859,96475000,96475000,239,398,96500000,41737
3,386,9650000,9650000,239,398,9675000,4178
3,3860,96500000,96500000,239,398,96525000,41746
3,3861,96525000,96525000,239,398,96550000,41757
3,3862,96550000,96550000,239,398,96575000,41769
3,3863,96575000,96575000,239,398,96600000,41779
3,3864,96600000,96600000,239,398,96625000,41789
3,3865,96625000,96625000,239,398,96650000,41801
3,3866,96650000,96650000,239,398,96675000,41812
3,3867,96675000,96675000,239,398,96700000,41822
3,3868,96700000,96700000,239,398,96725000,41833
3,3869,96725000,96725000,239,398,96750000,41844
3,387,9675000,9675000,239,398,9700000,4191
3,3870,96750000,96750000,239,398,96775000,41853
3,3871,96775000,96775000,239,398,96800000,41866
3,3872,96800000,96800000,239,398,96825000,41877
3,3873,96825000,96825000,239,398,96850000,41888
3,3874,96850000,96850000,239,398,96875000,41897
3,3875,96875000,96875000,239,398,96900000,41909
3,3876,96900000,96900000,239,398,96925000,41919
3,3877,96925000,96925000,239,398,96950000,41930
3,3878,96950000,96950000,239,398,96975000,41940
3,3879,96975000,96975000,239,398,97000000,41953
3,388,9700000,9700000,239,398,9725000,4201
3,3880,97000000,97000000,239,398,97025000,41964
3,3881,97025000,97025000,239,398,97050000,41973
3,3882,97050000,97050000,239,398,97075000,41984
3,3883,97075000,97075000,239,398,97100000,41996
3,3884,97100000,97100000,239,398,97125000,42006
3,3885,97125000,97125000,239,398,97150000,42016
3,3886,97150000,97150000,239,398,97175000,42028
3,3887,97175000,97175000,239,398,97200000,42039
3,3888,97200000,97200000,239,398,97225000,42048
3,3889,97225000,97225000,239,398,97250000,42061
3,389,9725000,9725000,239,398,9750000,4211
3,3890,97250000,97250000,239,398,97275000,42071
3,3891,97275000,97275000,239,398,97300000,42082
3,3892,97300000,97300000,239,398,97325000,42092
3,3893,97325000,97325000,239,398,97350000,42104
3,3894,97350000,97350000,239,398,97375000,42113
3,3895,97375000,97375000,239,398,97400000,42125
3,3896,97400000,97400000,239,398,97425000,42136
3,3897,97425000,97425000,239,398,97450000,42147
3,3898,97450000,97450000,239,398,97475000,42157
3,3899,97475000,97475000,239,398,97500000,42169
3,39,975000,975000,239,398,1000000,427
3,390,9750000,9750000,239,398,9775000,4221
3,3900,97500000,97500000,239,398,97525000,42179
3,3901,97525000,97525000,239,398,97550000,42190
3,3902,97550000,97550000,239,398,97575000,42200
3,3903,97575000,97575000,239,398,97600000,42212
3,3904,97600000,97600000,239,398,97625000,42223
3,3905,97625000,97625000,239,398,97650000,42232
3,3906,97650000,97650000,239,398,97675000,42243
3,3907,97675000,97675000,239,398,97700000,42256
3,3908,97700000,97700000,239,398,97725000,42266
3,3909,97725000,97725000,239,398,97750000,42276
3,391,9775000,9775000,239,398,9800000,4233
3,3910,97750000,97750000,239,398,97775000,42287
3,3911,97775000,97775000,239,398,97800000,42299
3,3912,97800000,97800000,239,398,97825000,42307
3,3913,97825000,97825000,239,398,97850000,42320
3,3914,97850000,97850000,239,398,97875000,42330
3,3915,97875000,97875000,239,398,97900000,42342
3,3916,97900000,97900000,239,398,97925000,42353
3,3917,97925000,97925000,239,398,97950000,42363
3,3918,97950000,97950000,239,398,97975000,42373
3,3919,97975000,97975000,239,398,98000000,42384
3,392,9800000,9800000,239,398,9825000,4244
3,3920,98000000,98000000,239,398,98025000,42396
3,3921,98025000,98025000,239,398,98050000,42406
3,3922,98050000,98050000,239,398,98075000,42417
3,3923,98075000,98075000,239,398,98100000,42428
3,3924,98100000,98100000,239,398,98125000,42438
3,3925,98125000,98125000,239,398,98150000,42450
3,3926,98150000,98150000,239,398,98175000,42459
3,3927,98175000,98175000,239,398,98200000,42472
3,3928,98200000,98200000,239,398,98225000,42482
3,3929,98225000,98225000,239,398,98250000,42493
3,393,9825000,9825000,239,398,9850000,4254
3,3930,98250000,98250000,239,398,98275000,42502
3,3931,98275000,98275000,239,398,98300000,42515
3,3932,98300000,98300000,239,398,98325000,42525
3,3933,98325000,98325000,239,398,98350000,42536
3,3934,98350000,98350000,239,398,98375000,42547
3,3935,98375000,98375000,239,398,98400000,42558
3,3936,98400000,98400000,239,398,98425000,42568
3,3937,98425000,98425000,239,398,98450000,42579
3,3938,98450000,98450000,239,398,98475000,42590
3,3939,98475000,98475000,239,398,98500000,42601
3,394,9850000,9850000,239,398,9875000,4266
3,3940,98500000,98500000,239,398,98525000,42612
3,3941,98525000,98525000,239,398,98550000,42622
3,3942,98550000,98550000,239,398,98575000,42632
3,3943,98575000,98575000,239,398,98600000,42645
3,3944,98600000,98600000,239,398,98625000,42655
3,3945,98625000,98625000,239,398,98650000,42666
3,3946,98650000,98650000,239,398,98675000,42676
3,3947,98675000,98675000,239,398,98700000,42688
3,3948,98700000,98700000,239,398,98725000,42697
3,3949,98725000,98725000,239,398,98750000,42709
3,395,9875000,9875000,239,398,9900000,4276
3,3950,98750000,98750000,239,398,98775000,42720
3,3951,98775000,98775000,239,398,98800000,42731
3,3952,98800000,98800000,239,398,98825000,42742
3,3953,98825000,98825000,239,398,98850000,42752
3,3954,98850000,98850000,239,398,98875000,42762
3,3955,98875000,98875000,239,398,98900000,42774
3,3956,98900000,98900000,239,398,98925000,42785
3,3957,98925000,98925000,239,398,98950000,42796
3,3958,98950000,98950000,239,398,98975000,42806
3,3959,98975000,98975000,239,398,99000000,42817
3,396,9900000,9900000,239,398,9925000,4286
3,3960,99000000,99000000,239,398,99025000,42827
3,3961,99025000,99025000,239,398,99050000,42839
3,3962,99050000,99050000,239,398,99075000,42849
3,3963,99075000,99075000,239,398,99100000,42861
3,3964,99100000,99100000,239,398,99125000,42872
3,3965,99125000,99125000,239,398,99150000,42882
3,3966,99150000,99150000,239,398,99175000,42891
3,3967,99175000,99175000,239,398,99200000,42905
3,3968,99200000,99200000,239,398,99225000,42914
3,3969,99225000,99225000,239,398,99250000,42925
3,397,9925000,9925000,239,398,9950000,4299
3,3970,99250000,99250000,239,398,99275000,42936
3,3971,99275000,99275000,239,398,99300000,42948
3,3972,99300000,99300000,239,398,99325000,42957
3,3973,99325000,99325000,239,398,99350000,42968
3,3974,99350000,99350000,239,398,99375000,42980
3,3975,99375000,99375000,239,398,99400000,42990
3,3976,99400000,99400000,239,398,99425000,43001
3,3977,99425000,99425000,239,398,99450000,43011
3,3978,99450000,99450000,239,398,99475000,43022
3,3979,99475000,99475000,239,398,99500000,43034
3,398,9950000,9950000,239,398,9975000,4308
3,3980,99500000,99500000,239,398,99525000,43044
3,3981,99525000,99525000,239,398,99550000,43056
3,3982,99550000,99550000,239,398,99575000,43065
3,3983,99575000,99575000,239,398,99600000,43077
3,3984,99600000,99600000,239,398,99625000,43087
3,3985,99625000,99625000,239,398,99650000,43099
3,3986,99650000,99650000,239,398,99675000,43108
3,3987,99675000,99675000,239,398,99700000,43120
3,3988,99700000,99700000,239,398,99725000,43132
3,3989,99725000,99725000,239,398,99750000,43141
3,399,9975000,9975000,239,398,10000000,4320
3,3990,99750000,99750000,239,398,99775000,43151
3,3991,99775000,99775000,239,398,99800000,43164
3,3992,99800000,99800000,239,398,99825000,43175
3,3993,99825000,99825000,239,398,99850000,43184
3,3994,99850000,99850000,239,398,99875000,43195
3,3995,99875000,99875000,239,398,99900000,43207
3,3996,99900000,99900000,239,398,99925000,43216
3,3997,99925000,99925000,239,398,99950000,43228
3,3998,99950000,99950000,239,398,99975000,43239
3,3999,99975000,99975000,239,398,100000000,43251
3,4,100000,100000,239,398,125000,48
3,40,1000000,1000000,239,398,1025000,438
3,400,10000000,10000000,239,398,10025000,4330
3,4000,100000000,100000000,239,398,100025000,43260
3,4001,100025000,100025000,239,398,100050000,43272
3,4002,100050000,100050000,239,398,100075000,43281
3,4003,100075000,100075000,239,398,100100000,43293
3,4004,100100000,100100000,239,398,100125000,43303
3,4005,100125000,100125000,239,398,100150000,43315
3,4006,100150000,100150000,239,398,100175000,43326
3,4007,100175000,100175000,239,398,100200000,43336
3,4008,100200000,100200000,239,398,100225000,43347
3,4009,100225000,100225000,239,398,100250000,43358
3,401,10025000,10025000,239,398,10050000,4342
3,4010,100250000,100250000,239,398,100275000,43368
3,4011,100275000,100275000,239,398,100300000,43379
3,4012,100300000,100300000,239,398,100325000,43391
3,4013,100325000,100325000,239,398,100350000,43401
3,4014,100350000,100350000,239,398,100375000,43410
3,4015,100375000,100375000,239,398,100400000,43424
3,4016,100400000,100400000,239,398,100425000,43434
3,4017,100425000,100425000,239,398,100450000,43444
3,4018,100450000,100450000,239,398,100475000,43455
3,4019,100475000,100475000,239,398,100500000,43467
3,402,10050000,10050000,239,398,10075000,4350
3,4020,100500000,100500000,239,398,100525000,43476
3,4021,100525000,100525000,239,398,100550000,43487
3,4022,100550000,100550000,239,398,100575000,43498
3,4023,100575000,100575000,239,398,100600000,43510
3,4024,100600000,100600000,239,398,100625000,43520
3,4025,100625000,100625000,239,398,100650000,43531
3,4026,100650000,100650000,239,398,100675000,43541
3,4027,100675000,100675000,239,398,100700000,43553
3,4028,100700000,100700000,239,398,100725000,43563
3,4029,100725000,100725000,239,398,100750000,43574
3,403,10075000,10075000,239,398,10100000,4363
3,4030,100750000,100750000,239,398,100775000,43585
3,4031,100775000,100775000,239,398,100800000,43595
3,4032,100800000,100800000,239,398,100825000,43606
3,4033,100825000,100825000,239,398,100850000,43618
3,4034,100850000,100850000,239,398,100875000,43628
3,4035,100875000,100875000,239,398,100900000,43640
3,4036,100900000,100900000,239,398,100925000,43650
3,4037,100925000,100925000,239,398,100950000,43661
3,4038,100950000,100950000,239,398,100975000,43669
3,4039,100975000,100975000,239,398,101000000,43683
3,404,10100000,10100000,239,398,10125000,4374
3,4040,101000000,101000000,239,398,101025000,43693
3,4041,101025000,101025000,239,398,101050000,43704
3,4042,101050000,101050000,239,398,101075000,43715
3,4043,101075000,101075000,239,398,101100000,43726
3,4044,101100000,101100000,239,398,101125000,43736
3,4045,101125000,101125000,239,398,101150000,43746
3,4046,101150000,101150000,239,398,101175000,43758
3,4047,101175000,101175000,239,398,101200000,43769
3,4048,101200000,101200000,239,398,101225000,43780
3,4049,101225000,101225000,239,398,101250000,43790
3,405,10125000,10125000,239,398,10150000,4384
3,4050,101250000,101250000,239,398,101275000,43800
3,4051,101275000,101275000,239,398,101300000,43813
3,4052,101300000,101300000,239,398,101325000,43823
3,4053,101325000,101325000,239,398,101350000,43834
3,4054,101350000,101350000,239,398,101375000,43844
3,4055,101375000,101375000,239,398,101400000,43856
3,4056,101400000,101400000,239,398,101425000,43865
3,4057,101425000,101425000,239,398,101450000,43877
3,4058,101450000,101450000,239,398,101475000,43887
3,4059,101475000,101475000,239,398,101500000,43899
3,406,10150000,10150000,239,398,10175000,4395
3,4060,101500000,101500000,239,398,101525000,43910
3,4061,101525000,101525000,239,398,101550000,43920
3,4062,101550000,101550000,239,398,101575000,43930
3,4063,101575000,101575000,239,398,101600000,43942
3,4064,101600000,101600000,239,398,101625000,43953
3,4065,101625000,101625000,239,398,101650000,43963
3,4066,101650000,101650000,239,398,101675000,43974
3,4067,101675000,101675000,239,398,101700000,43985
3,4068,101700000,101700000,239,398,101725000,43995
3,4069,101725000,101725000,239,398,101750000,44008
3,407,10175000,10175000,239,398,10200000,4406
3,4070,101750000,101750000,239,398,101775000,44017
3,4071,101775000,101775000,239,398,101800000,44029
3,4072,101800000,101800000,239,398,101825000,44039
3,4073,101825000,101825000,239,398,101850000,44050
3,4074,101850000,101850000,239,398,101875000,44059
3,4075,101875000,101875000,239,398,101900000,44072
3,4076,101900000,101900000,239,398,101925000,44083
3,4077,101925000,101925000,239,398,101950000,44093
3,4078,101950000,101950000,239,398,101975000,44104
3,4079,101975000,101975000,239,398,102000000,44115
3,408,10200000,10200000,239,398,10225000,4417
3,4080,102000000,102000000,239,398,102025000,44125
3,4081,102025000,102025000,239,398,102050000,44136
3,4082,102050000,102050000,239,398,102075000,44147
3,4083,102075000,102075000,239,398,102100000,44159
3,4084,102100000,102100000,239,398,102125000,44169
3,4085,102125000,102125000,239,398,102150000,44179
3,4086,102150000,102150000,239,398,102175000,44190
3,4087,102175000,102175000,239,398,102200000,44202
3,4088,102200000,102200000,239,398,102225000,44212
3,4089,102225000,102225000,239,398,102250000,44223
3,409,10225000,10225000,239,398,10250000,4427
3,4090,102250000,102250000,239,398,102275000,44234
3,4091,102275000,102275000,239,398,102300000,44245
3,4092,102300000,102300000,239,398,102325000,44254
3,4093,102325000,102325000,239,398,102350000,44267
3,4094,102350000,102350000,239,398,102375000,44276
3,4095,102375000,102375000,239,398,102400000,44288
3,4096,102400000,102400000,239,398,102425000,44299
3,4097,102425000,102425000,239,398,102450000,44310
3,4098,102450000,102450000,239,398,102475000,44319
3,4099,102475000,102475000,239,398,102500000,44331
3,41,1025000,1025000,239,398,1050000,448
3,410,10250000,10250000,239,398,10275000,4438
3,4100,102500000,102500000,239,398,102525000,44343
3,4101,102525000,102525000,239,398,102550000,44352
3,4102,102550000,102550000,239,398,102575000,44363
3,4103,102575000,102575000,239,398,102600000,44375
3,4104,102600000,102600000,239,398,102625000,44385
3,4105,102625000,102625000,239,398,102650000,44396
3,4106,102650000,102650000,239,398,102675000,44406
3,4107,102675000,102675000,239,398,102700000,44419
3,4108,102700000,102700000,239,398,102725000,44428
3,4109,102725000,102725000,239,398,102750000,44439
3,411,10275000,10275000,239,398,10300000,4450
3,4110,102750000,102750000,239,398,102775000,44449
3,4111,102775000,102775000,239,398,102800000,44462
3,4112,102800000,102800000,239,398,102825000,44471
3,4113,102825000,102825000,239,398,102850000,44482
3,4114,102850000,102850000,239,398,102875000,44494
3,4115,102875000,102875000,239,398,102900000,44504
3,4116,102900000,102900000,239,398,102925000,44514
3,4117,102925000,102925000,239,398,102950000,44526
3,4118,102950000,102950000,239,398,102975000,44537
3,4119,102975000,102975000,239,398,103000000,44547
3,412,10300000,10300000,239,398,10325000,4460
3,4120,103000000,103000000,239,398,103025000,44559
3,4121,103025000,103025000,239,398,103050000,44569
3,4122,103050000,103050000,239,398,103075000,44578
3,4123,103075000,103075000,239,398,103100000,44591
3,4124,103100000,103100000,239,398,103125000,44602
3,4125,103125000,103125000,239,398,103150000,44613
3,4126,103150000,103150000,239,398,103175000,44622
3,4127,103175000,103175000,239,398,103200000,44635
3,4128,103200000,103200000,239,398,103225000,44644
3,4129,103225000,103225000,239,398,103250000,44655
3,413,10325000,10325000,239,398,10350000,4470
3,4130,103250000,103250000,239,398,103275000,44665
3,4131,103275000,103275000,239,398,103300000,44678
3,4132,103300000,103300000,239,398,103325000,44689
3,4133,103325000,103325000,239,398,103350000,44698
3,4134,103350000,103350000,239,398,103375000,44709
3,4135,103375000,103375000,239,398,103400000,44721
3,4136,103400000,103400000,239,398,103425000,44731
3,4137,103425000,103425000,239,398,103450000,44742
3,4138,103450000,103450000,239,398,103475000,44753
3,4139,103475000,103475000,239,398,103500000,44764
3,414,10350000,10350000,239,398,10375000,4481
3,4140,103500000,103500000,239,398,103525000,44773
3,4141,103525000,103525000,239,398,103550000,44786
3,4142,103550000,103550000,239,398,103575000,44796
3,4143,103575000,103575000,239,398,103600000,44807
3,4144,103600000,103600000,239,398,103625000,44818
3,4145,103625000,103625000,239,398,103650000,44829
3,4146,103650000,103650000,239,398,103675000,44838
3,4147,103675000,103675000,239,398,103700000,44850
3,4148,103700000,103700000,239,398,103725000,44861
3,4149,103725000,103725000,239,398,103750000,44872
3,415,10375000,10375000,239,398,10400000,4494
3,4150,103750000,103750000,239,398,103775000,44882
3,4151,103775000,103775000,239,398,103800000,44894
3,4152,103800000,103800000,239,398,103825000,44904
3,4153,103825000,103825000,239,398,103850000,44915
3,4154,103850000,103850000,239,398,103875000,44926
3,4155,103875000,103875000,239,398,103900000,44937
3,4156,103900000,103900000,239,398,103925000,44948
3,4157,103925000,103925000,239,398,103950000,44957
3,4158,103950000,103950000,239,398,103975000,44968
3,4159,103975000,103975000,239,398,104000000,44981
3,416,10400000,10400000,239,398,10425000,4503
3,4160,104000000,104000000,239,398,104025000,44991
3,4161,104025000,104025000,239,398,104050000,45002
3,4162,104050000,104050000,239,398,104075000,45012
3,4163,104075000,104075000,239,398,104100000,45024
3,4164,104100000,104100000,239,398,104125000,45032
3,4165,104125000,104125000,239,398,104150000,45045
3,4166,104150000,104150000,239,398,104175000,45055
3,4167,104175000,104175000,239,398,104200000,45067
3,4168,104200000,104200000,239,398,104225000,45078
3,4169,104225000,104225000,239,398,104250000,45088
3,417,10425000,10425000,239,398,10450000,4514
3,4170,104250000,104250000,239,398,104275000,45098
3,4171,104275000,104275000,239,398,104300000,45110
3,4172,104300000,104300000,239,398,104325000,45121
3,4173,104325000,104325000,239,398,104350000,45131
3,4174,104350000,104350000,239,398,104375000,45142
3,4175,104375000,104375000,239,398,104400000,45153
3,4176,104400000,104400000,239,398,104425000,45163
3,4177,104425000,104425000,239,398,104450000,45175
3,4178,104450000,104450000,239,398,104475000,45185
3,4179,104475000,104475000,239,398,104500000,45197
3,418,10450000,10450000,239,398,10475000,4525
3,4180,104500000,104500000,239,398,104525000,45207
3,4181,104525000,104525000,239,398,104550000,45218
3,4182,104550000,104550000,239,398,104575000,45227
3,4183,104575000,104575000,239,398,104600000,45240
3,4184,104600000,104600000,239,398,104625000,45250
3,4185,104625000,104625000,239,398,104650000,45261
3,4186,104650000,104650000,239,398,104675000,45272
3,4187,104675000,104675000,239,398,104700000,45283
3,4188,104700000,104700000,239,398,104725000,45294
3,4189,104725000,104725000,239,398,104750000,45304
3,419,10475000,10475000,239,398,10500000,4536
3,4190,104750000,104750000,239,398,104775000,45315
3,4191,104775000,104775000,239,398,104800000,45326
3,4192,104800000,104800000,239,398,104825000,45337
3,4193,104825000,104825000,239,398,104850000,45347
3,4194,104850000,104850000,239,398,104875000,45357
3,4195,104875000,104875000,239,398,104900000,45371
3,4196,104900000,104900000,239,398,104925000,45380
3,4197,104925000,104925000,239,398,104950000,45391
3,4198,104950000,104950000,239,398,104975000,45401
3,4199,104975000,104975000,239,398,105000000,45413
3,42,1050000,1050000,239,398,1075000,457
3,420,10500000,10500000,239,398,10525000,4545
3,4200,105000000,105000000,239,398,105025000,45422
3,4201,105025000,105025000,239,398,105050000,45434
3,4202,105050000,105050000,239,398,105075000,45445
3,4203,105075000,105075000,239,398,105100000,45456
3,4204,105100000,105100000,239,398,105125000,45467
3,4205,105125000,105125000,239,398,105150000,45478
3,4206,105150000,105150000,239,398,105175000,45487
3,4207,105175000,105175000,239,398,105200000,45499
3,4208,105200000,105200000,239,398,105225000,45510
3,4209,105225000,105225000,239,398,105250000,45521
3,421,10525000,10525000,239,398,10550000,4558
3,4210,105250000,105250000,239,398,105275000,45531
3,4211,105275000,105275000,239,398,105300000,45542
3,4212,105300000,105300000,239,398,105325000,45553
3,4213,105325000,105325000,239,398,105350000,45564
3,4214,105350000,105350000,239,398,105375000,45574
3,4215,105375000,105375000,239,398,105400000,45586
3,4216,105400000,105400000,239,398,105425000,45597
3,4217,105425000,105425000,239,398,105450000,45607
3,4218,105450000,105450000,239,398,105475000,45616
3,4219,105475000,105475000,239,398,105500000,45630
3,422,10550000,10550000,239,398,10575000,4568
3,4220,105500000,105500000,239,398,105525000,45639
3,4221,105525000,105525000,239,398,105550000,45650
3,4222,105550000,105550000,239,398,105575000,45662
3,4223,105575000,105575000,239,398,105600000,45673
3,4224,105600000,105600000,239,398,105625000,45682
3,4225,105625000,105625000,239,398,105650000,45693
3,4226,105650000,105650000,239,398,105675000,45705
3,4227,105675000,105675000,239,398,105700000,45715
3,4228,105700000,105700000,239,398,105725000,45726
3,4229,105725000,105725000,239,398,105750000,45737
3,423,10575000,10575000,239,398,10600000,4579
3,4230,105750000,105750000,239,398,105775000,45747
3,4231,105775000,105775000,239,398,105800000,45759
3,4232,105800000,105800000,239,398,105825000,45769
3,4233,105825000,105825000,239,398,105850000,45781
3,4234,105850000,105850000,239,398,105875000,45790
3,4235,105875000,105875000,239,398,105900000,45802
3,4236,105900000,105900000,239,398,105925000,45812
3,4237,105925000,105925000,239,398,105950000,45824
3,4238,105950000,105950000,239,398,105975000,45833
3,4239,105975000,105975000,239,398,106000000,45846
3,424,10600000,10600000,239,398,10625000,4590
3,4240,106000000,106000000,239,398,106025000,45857
3,4241,106025000,106025000,239,398,106050000,45866
3,4242,106050000,106050000,239,398,106075000,45876
3,4243,106075000,106075000,239,398,106100000,45889
3,4244,106100000,106100000,239,398,106125000,45900
3,4245,106125000,106125000,239,398,106150000,45909
3,4246,106150000,106150000,239,398,106175000,45921
3,4247,106175000,106175000,239,398,106200000,45932
3,4248,106200000,106200000,239,398,106225000,45941
3,4249,106225000,106225000,239,398,106250000,45953
3,425,10625000,10625000,239,398,10650000,4601
3,4250,106250000,106250000,239,398,106275000,45964
3,4251,106275000,106275000,239,398,106300000,45976
3,4252,106300000,106300000,239,398,106325000,45985
3,4253,106325000,106325000,239,398,106350000,45997
3,4254,106350000,106350000,239,398,106375000,46006
3,4255,106375000,106375000,239,398,106400000,46018
3,4256,106400000,106400000,239,398,106425000,46029
3,4257,106425000,106425000,239,398,106450000,46040
3,4258,106450000,106450000,239,398,106475000,46051
3,4259,106475000,106475000,239,398,106500000,46061
3,426,10650000,10650000,239,398,10675000,4610
3,4260,106500000,106500000,239,398,106525000,46072
3,4261,106525000,106525000,239,398,106550000,46083
3,4262,106550000,106550000,239,398,106575000,46093
3,4263,106575000,106575000,239,398,106600000,46105
3,4264,106600000,106600000,239,398,106625000,46116
3,4265,106625000,106625000,239,398,106650000,46126
3,4266,106650000,106650000,239,398,106675000,46135
3,4267,106675000,106675000,239,398,106700000,46149
3,4268,106700000,106700000,239,398,106725000,46159
3,4269,106725000,106725000,239,398,106750000,46169
3,427,10675000,10675000,239,398,10700000,4622
3,4270,106750000,106750000,239,398,106775000,46180
3,4271,106775000,106775000,239,398,106800000,46192
3,4272,106800000,106800000,239,398,106825000,46201
3,4273,106825000,106825000,239,398,106850000,46213
3,4274,106850000,106850000,239,398,106875000,46223
3,4275,106875000,106875000,239,398,106900000,46235
3,4276,106900000,106900000,239,398,106925000,46245
3,4277,106925000,106925000,239,398,106950000,46256
3,4278,106950000,106950000,239,398,106975000,46266
3,4279,106975000,106975000,239,398,107000000,46278
3,428,10700000,10700000,239,398,10725000,4634
3,4280,107000000,107000000,239,398,107025000,46289
3,4281,107025000,107025000,239,398,107050000,46299
3,4282,107050000,107050000,239,398,107075000,46310
3,4283,107075000,107075000,239,398,107100000,46320
3,429,10725000,10725000,239,398,10750000,4644
3,43,1075000,1075000,239,398,1100000,470
3,430,10750000,10750000,239,398,10775000,4654
3,431,10775000,10775000,239,398,10800000,4666
3,432,10800000,10800000,239,398,10825000,4676
3,433,10825000,10825000,239,398,10850000,4687
3,434,10850000,10850000,239,398,10875000,4697
3,435,10875000,10875000,239,398,10900000,4710
3,436,10900000,10900000,239,398,10925000,4720
3,437,10925000,10925000,239,398,10950000,4730
3,438,10950000,10950000,239,398,10975000,4740
3,439,10975000,10975000,239,398,11000000,4753
3,44,1100000,1100000,239,398,1125000,481
3,440,11000000,11000000,239,398,11025000,4762
3,441,11025000,11025000,239,398,11050000,4773
3,442,11050000,11050000,239,398,11075000,4785
3,443,11075000,11075000,239,398,11100000,4796
3,444,11100000,11100000,239,398,11125000,4805
3,445,11125000,11125000,239,398,11150000,4817
3,446,11150000,11150000,239,398,11175000,4828
3,447,11175000,11175000,239,398,11200000,4838
3,448,11200000,11200000,239,398,11225000,4850
3,449,11225000,11225000,239,398,11250000,4860
3,45,1125000,1125000,239,398,1150000,491
3,450,11250000,11250000,239,398,11275000,4870
3,451,11275000,11275000,239,398,11300000,4882
3,452,11300000,11300000,239,398,11325000,4893
3,453,11325000,11325000,239,398,11350000,4904
3,454,11350000,11350000,239,398,11375000,4913
3,455,11375000,11375000,239,398,11400000,4926
3,456,11400000,11400000,239,398,11425000,4935
3,457,11425000,11425000,239,398,11450000,4947
3,458,11450000,11450000,239,398,11475000,4956
3,459,11475000,11475000,239,398,11500000,4969
3,46,1150000,1150000,239,398,1175000,502
3,460,11500000,11500000,239,398,11525000,4980
3,461,11525000,11525000,239,398,11550000,4989
3,462,11550000,11550000,239,398,11575000,5000
3,463,11575000,11575000,239,398,11600000,5012
3,464,11600000,11600000,239,398,11625000,5023
3,465,11625000,11625000,239,398,11650000,5033
3,466,11650000,11650000,239,398,11675000,5044
3,467,11675000,11675000,239,398,11700000,5055
3,468,11700000,11700000,239,398,11725000,5064
3,469,11725000,11725000,239,398,11750000,5077
3,47,1175000,1175000,239,398,1200000,514
3,470,11750000,11750000,239,398,11775000,5087
3,471,11775000,11775000,239,398,11800000,5099
3,472,11800000,11800000,239,398,11825000,5109
3,473,11825000,11825000,239,398,11850000,5120
3,474,11850000,11850000,239,398,11875000,5129
3,475,11875000,11875000,239,398,11900000,5141
3,476,11900000,11900000,239,398,11925000,5152
3,477,11925000,11925000,239,398,11950000,5163
3,478,11950000,11950000,239,398,11975000,5174
3,479,11975000,11975000,239,398,12000000,5185
3,48,1200000,1200000,239,398,1225000,523
3,480,12000000,12000000,239,398,12025000,5195
3,481,12025000,12025000,239,398,12050000,5206
3,482,12050000,12050000,239,398,12075000,5217
3,483,12075000,12075000,239,398,12100000,5228
3,484,12100000,12100000,239,398,12125000,5239
3,485,12125000,12125000,239,398,12150000,5249
3,486,12150000,12150000,239,398,12175000,5259
3,487,12175000,12175000,239,398,12200000,5272
3,488,12200000,12200000,239,398,12225000,5282
3,489,12225000,12225000,239,398,12250000,5293
3,49,1225000,1225000,239,398,1250000,534
3,490,12250000,12250000,239,398,12275000,5303
3,491,12275000,12275000,239,398,12300000,5315
3,492,12300000,12300000,239,398,12325000,5324
3,493,12325000,12325000,239,398,12350000,5336
3,494,12350000,12350000,239,398,12375000,5346
3,495,12375000,12375000,239,398,12400000,5358
3,496,12400000,12400000,239,398,12425000,5369
3,497,12425000,12425000,239,398,12450000,5379
3,498,12450000,12450000,239,398,12475000,5389
3,499,12475000,12475000,239,398,12500000,5402
3,5,125000,125000,239,398,150000,59
3,50,1250000,1250000,239,398,1275000,545
3,500,12500000,12500000,239,398,12525000,5412
3,501,12525000,12525000,239,398,12550000,5422
3,502,12550000,12550000,239,398,12575000,5433
3,503,12575000,12575000,239,398,12600000,5444
3,504,12600000,12600000,239,398,12625000,5454
3,505,12625000,12625000,239,398,12650000,5466
3,506,12650000,12650000,239,398,12675000,5477
3,507,12675000,12675000,239,398,12700000,5488
3,508,12700000,12700000,239,398,12725000,5498
3,509,12725000,12725000,239,398,12750000,5509
3,51,1275000,1275000,239,398,1300000,557
3,510,12750000,12750000,239,398,12775000,5518
3,511,12775000,12775000,239,398,12800000,5531
3,512,12800000,12800000,239,398,12825000,5541
3,513,12825000,12825000,239,398,12850000,5553
3,514,12850000,12850000,239,398,12875000,5563
3,515,12875000,12875000,239,398,12900000,5574
3,516,12900000,12900000,239,398,12925000,5585
3,517,12925000,12925000,239,398,12950000,5595
3,518,12950000,12950000,239,398,12975000,5606
3,519,12975000,12975000,239,398,13000000,5617
3,52,1300000,1300000,239,398,1325000,567
3,520,13000000,13000000,239,398,13025000,5629
3,521,13025000,13025000,239,398,13050000,5638
3,522,13050000,13050000,239,398,13075000,5648
3,523,13075000,13075000,239,398,13100000,5662
3,524,13100000,13100000,239,398,13125000,5671
3,525,13125000,13125000,239,398,13150000,5682
3,526,13150000,13150000,239,398,13175000,5692
3,527,13175000,13175000,239,398,13200000,5705
3,528,13200000,13200000,239,398,13225000,5713
3,529,13225000,13225000,239,398,13250000,5725
3,53,1325000,1325000,239,398,1350000,577
3,530,13250000,13250000,239,398,13275000,5736
3,531,13275000,13275000,239,398,13300000,5747
3,532,13300000,13300000,239,398,13325000,5758
3,533,13325000,13325000,239,398,13350000,5769
3,534,13350000,13350000,239,398,13375000,5779
3,535,13375000,13375000,239,398,13400000,5790
3,536,13400000,13400000,239,398,13425000,5801
3,537,13425000,13425000,239,398,13450000,5812
3,538,13450000,13450000,239,398,13475000,5822
3,539,13475000,13475000,239,398,13500000,5833
3,54,1350000,1350000,239,398,1375000,588
3,540,13500000,13500000,239,398,13525000,5844
3,541,13525000,13525000,239,398,13550000,5856
3,542,13550000,13550000,239,398,13575000,5865
3,543,13575000,13575000,239,398,13600000,5877
3,544,13600000,13600000,239,398,13625000,5888
3,545,13625000,13625000,239,398,13650000,5898
3,546,13650000,13650000,239,398,13675000,5907
3,547,13675000,13675000,239,398,13700000,5921
3,548,13700000,13700000,239,398,13725000,5931
3,549,13725000,13725000,239,398,13750000,5941
3,55,1375000,1375000,239,398,1400000,600
3,550,13750000,13750000,239,398,13775000,5953
3,551,13775000,13775000,239,398,13800000,5964
3,552,13800000,13800000,239,398,13825000,5973
3,553,13825000,13825000,239,398,13850000,5984
3,554,13850000,13850000,239,398,13875000,5996
3,555,13875000,13875000,239,398,13900000,6007
3,556,13900000,13900000,239,398,13925000,6017
3,557,13925000,13925000,239,398,13950000,6028
3,558,13950000,13950000,239,398,13975000,6038
3,559,13975000,13975000,239,398,14000000,6050
3,56,1400000,1400000,239,398,1425000,610
3,560,14000000,14000000,239,398,14025000,6060
3,561,14025000,14025000,239,398,14050000,6072
3,562,14050000,14050000,239,398,14075000,6082
3,563,14075000,14075000,239,398,14100000,6093
3,564,14100000,14100000,239,398,14125000,6103
3,565,14125000,14125000,239,398,14150000,6115
3,566,14150000,14150000,239,398,14175000,6124
3,567,14175000,14175000,239,398,14200000,6137
3,568,14200000,14200000,239,398,14225000,6148
3,569,14225000,14225000,239,398,14250000,6158
3,57,1425000,1425000,239,398,1450000,622
3,570,14250000,14250000,239,398,14275000,6167
3,571,14275000,14275000,239,398,14300000,6180
3,572,14300000,14300000,239,398,14325000,6191
3,573,14325000,14325000,239,398,14350000,6200
3,574,14350000,14350000,239,398,14375000,6212
3,575,14375000,14375000,239,398,14400000,6223
3,576,14400000,14400000,239,398,14425000,6233
3,577,14425000,14425000,239,398,14450000,6244
3,578,14450000,14450000,239,398,14475000,6255
3,579,14475000,14475000,239,398,14500000,6267
3,58,1450000,1450000,239,398,1475000,632
3,580,14500000,14500000,239,398,14525000,6276
3,581,14525000,14525000,239,398,14550000,6288
3,582,14550000,14550000,239,398,14575000,6297
3,583,14575000,14575000,239,398,14600000,6310
3,584,14600000,14600000,239,398,14625000,6320
3,585,14625000,14625000,239,398,14650000,6331
3,586,14650000,14650000,239,398,14675000,6342
3,587,14675000,14675000,239,398,14700000,6352
3,588,14700000,14700000,239,398,14725000,6363
3,589,14725000,14725000,239,398,14750000,6374
3,59,1475000,1475000,239,398,1500000,643
3,590,14750000,14750000,239,398,14775000,6385
3,591,14775000,14775000,239,398,14800000,6396
3,592,14800000,14800000,239,398,14825000,6407
3,593,14825000,14825000,239,398,14850000,6417
3,594,14850000,14850000,239,398,14875000,6426
3,595,14875000,14875000,239,398,14900000,6440
3,596,14900000,14900000,239,398,14925000,6450
3,597,14925000,14925000,239,398,14950000,6461
3,598,14950000,14950000,239,398,14975000,6471
3,599,14975000,14975000,239,398,15000000,6483
3,6,150000,150000,239,398,175000,68
3,60,1500000,1500000,239,398,1525000,652
3,600,15000000,15000000,239,398,15025000,6492
3,601,15025000,15025000,239,398,15050000,6504
3,602,15050000,15050000,239,398,15075000,6514
3,603,15075000,15075000,239,398,15100000,6526
3,604,15100000,15100000,239,398,15125000,6537
3,605,15125000,15125000,239,398,15150000,6547
3,606,15150000,15150000,239,398,15175000,6557
3,607,15175000,15175000,239,398,15200000,6569
3,608,15200000,15200000,239,398,15225000,6580
3,609,15225000,15225000,239,398,15250000,6590
3,61,1525000,1525000,239,398,1550000,665
3,610,15250000,15250000,239,398,15275000,6601
3,611,15275000,15275000,239,398,15300000,6612
3,612,15300000,15300000,239,398,15325000,6622
3,613,15325000,15325000,239,398,15350000,6634
3,614,15350000,15350000,239,398,15375000,6644
3,615,15375000,15375000,239,398,15400000,6656
3,616,15400000,15400000,239,398,15425000,6666
3,617,15425000,15425000,239,398,15450000,6677
3,618,15450000,15450000,239,398,15475000,6687
3,619,15475000,15475000,239,398,15500000,6699
3,62,1550000,1550000,239,398,1575000,674
3,620,15500000,15500000,239,398,15525000,6709
3,621,15525000,15525000,239,398,15550000,6720
3,622,15550000,15550000,239,398,15575000,6731
3,623,15575000,15575000,239,398,15600000,6742
3,624,15600000,15600000,239,398,15625000,6752
3,625,15625000,15625000,239,398,15650000,6764
3,626,15650000,15650000,239,398,15675000,6774
3,627,15675000,15675000,239,398,15700000,6785
3,628,15700000,15700000,239,398,15725000,6796
3,629,15725000,15725000,239,398,15750000,6806
3,63,1575000,1575000,239,398,1600000,686
3,630,15750000,15750000,239,398,15775000,6816
3,631,15775000,15775000,239,398,15800000,6829
3,632,15800000,15800000,239,398,15825000,6840
3,633,15825000,15825000,239,398,15850000,6850
3,634,15850000,15850000,239,398,15875000,6860
3,635,15875000,15875000,239,398,15900000,6873
3,636,15900000,15900000,239,398,15925000,6881
3,637,15925000,15925000,239,398,15950000,6893
3,638,15950000,15950000,239,398,15975000,6903
3,639,15975000,15975000,239,398,16000000,6916
3,64,1600000,1600000,239,398,1625000,698
3,640,16000000,16000000,239,398,16025000,6926
3,641,16025000,16025000,239,398,16050000,6936
3,642,16050000,16050000,239,398,16075000,6947
3,643,16075000,16075000,239,398,16100000,6958
3,644,16100000,16100000,239,398,16125000,6969
3,645,16125000,16125000,239,398,16150000,6979
3,646,16150000,16150000,239,398,16175000,6991
3,647,16175000,16175000,239,398,16200000,7001
3,648,16200000,16200000,239,398,16225000,7011
3,649,16225000,16225000,239,398,16250000,7024
3,65,1625000,1625000,239,398,1650000,708
3,650,16250000,16250000,239,398,16275000,7033
3,651,16275000,16275000,239,398,16300000,7045
3,652,16300000,16300000,239,398,16325000,7056
3,653,16325000,16325000,239,398,16350000,7067
3,654,16350000,16350000,239,398,16375000,7075
3,655,16375000,16375000,239,398,16400000,7088
3,656,16400000,16400000,239,398,16425000,7099
3,657,16425000,16425000,239,398,16450000,7109
3,658,16450000,16450000,239,398,16475000,7120
3,659,16475000,16475000,239,398,16500000,7132
3,66,1650000,1650000,239,398,1675000,717
3,660,16500000,16500000,239,398,16525000,7142
3,661,16525000,16525000,239,398,16550000,7152
3,662,16550000,16550000,239,398,16575000,7163
3,663,16575000,16575000,239,398,16600000,7175
3,664,16600000,16600000,239,398,16625000,7185
3,665,16625000,16625000,239,398,16650000,7195
3,666,16650000,16650000,239,398,16675000,7206
3,667,16675000,16675000,239,398,16700000,7219
3,668,16700000,16700000,239,398,16725000,7228
3,669,16725000,16725000,239,398,16750000,7240
3,67,1675000,1675000,239,398,1700000,729
3,670,16750000,16750000,239,398,16775000,7250
3,671,16775000,16775000,239,398,16800000,7261
3,672,16800000,16800000,239,398,16825000,7270
3,673,16825000,16825000,239,398,16850000,7283
3,674,16850000,16850000,239,398,16875000,7293
3,675,16875000,16875000,239,398,16900000,7304
3,676,16900000,16900000,239,398,16925000,7316
3,677,16925000,16925000,239,398,16950000,7326
3,678,16950000,16950000,239,398,16975000,7335
3,679,16975000,16975000,239,398,17000000,7347
3,68,1700000,1700000,239,398,1725000,741
3,680,17000000,17000000,239,398,17025000,7359
3,681,17025000,17025000,239,398,17050000,7369
3,682,17050000,17050000,239,398,17075000,7379
3,683,17075000,17075000,239,398,17100000,7391
3,684,17100000,17100000,239,398,17125000,7401
3,685,17125000,17125000,239,398,17150000,7412
3,686,17150000,17150000,239,398,17175000,7423
3,687,17175000,17175000,239,398,17200000,7435
3,688,17200000,17200000,239,398,17225000,7445
3,689,17225000,17225000,239,398,17250000,7455
3,69,1725000,1725000,239,398,1750000,750
3,690,17250000,17250000,239,398,17275000,7465
3,691,17275000,17275000,239,398,17300000,7478
3,692,17300000,17300000,239,398,17325000,7487
3,693,17325000,17325000,239,398,17350000,7499
3,694,17350000,17350000,239,398,17375000,7510
3,695,17375000,17375000,239,398,17400000,7521
3,696,17400000,17400000,239,398,17425000,7530
3,697,17425000,17425000,239,398,17450000,7542
3,698,17450000,17450000,239,398,17475000,7553
3,699,17475000,17475000,239,398,17500000,7563
3,7,175000,175000,239,398,200000,81
3,70,1750000,1750000,239,398,1775000,761
3,700,17500000,17500000,239,398,17525000,7575
3,701,17525000,17525000,239,398,17550000,7585
3,702,17550000,17550000,239,398,17575000,7595
3,703,17575000,17575000,239,398,17600000,7608
3,704,17600000,17600000,239,398,17625000,7618
3,705,17625000,17625000,239,398,17650000,7629
3,706,17650000,17650000,239,398,17675000,7638
3,707,17675000,17675000,239,398,17700000,7651
3,708,17700000,17700000,239,398,17725000,7660
3,709,17725000,17725000,239,398,17750000,7672
3,71,1775000,1775000,239,398,1800000,773
3,710,17750000,17750000,239,398,17775000,7682
3,711,17775000,17775000,239,398,17800000,7694
3,712,17800000,17800000,239,398,17825000,7705
3,713,17825000,17825000,239,398,17850000,7714
3,714,17850000,17850000,239,398,17875000,7725
3,715,17875000,17875000,239,398,17900000,7737
3,716,17900000,17900000,239,398,17925000,7748
3,717,17925000,17925000,239,398,17950000,7758
3,718,17950000,17950000,239,398,17975000,7769
3,719,17975000,17975000,239,398,18000000,7780
3,72,1800000,1800000,239,398,1825000,783
3,720,18000000,18000000,239,398,18025000,7790
3,721,18025000,18025000,239,398,18050000,7802
3,722,18050000,18050000,239,398,18075000,7812
3,723,18075000,18075000,239,398,18100000,7824
3,724,18100000,18100000,239,398,18125000,7834
3,725,18125000,18125000,239,398,18150000,7845
3,726,18150000,18150000,239,398,18175000,7854
3,727,18175000,18175000,239,398,18200000,7867
3,728,18200000,18200000,239,398,18225000,7877
3,729,18225000,18225000,239,398,18250000,7888
3,73,1825000,1825000,239,398,1850000,794
3,730,18250000,18250000,239,398,18275000,7899
3,731,18275000,18275000,239,398,18300000,7910
3,732,18300000,18300000,239,398,18325000,7920
3,733,18325000,18325000,239,398,18350000,7931
3,734,18350000,18350000,239,398,18375000,7942
3,735,18375000,18375000,239,398,18400000,7953
3,736,18400000,18400000,239,398,18425000,7964
3,737,18425000,18425000,239,398,18450000,7975
3,738,18450000,18450000,239,398,18475000,7984
3,739,18475000,18475000,239,398,18500000,7997
3,74,1850000,1850000,239,398,1875000,805
3,740,18500000,18500000,239,398,18525000,8007
3,741,18525000,18525000,239,398,18550000,8018
3,742,18550000,18550000,239,398,18575000,8028
3,743,18575000,18575000,239,398,18600000,8040
3,744,18600000,18600000,239,398,18625000,8050
3,745,18625000,18625000,239,398,18650000,8061
3,746,18650000,18650000,239,398,18675000,8071
3,747,18675000,18675000,239,398,18700000,8083
3,748,18700000,18700000,239,398,18725000,8094
3,749,18725000,18725000,239,398,18750000,8104
3,75,1875000,1875000,239,398,1900000,817
3,750,18750000,18750000,239,398,18775000,8114
3,751,18775000,18775000,239,398,18800000,8127
3,752,18800000,18800000,239,398,18825000,8137
3,753,18825000,18825000,239,398,18850000,8147
3,754,18850000,18850000,239,398,18875000,8159
3,755,18875000,18875000,239,398,18900000,8169
3,756,18900000,18900000,239,398,18925000,8179
3,757,18925000,18925000,239,398,18950000,8191
3,758,18950000,18950000,239,398,18975000,8202
3,759,18975000,18975000,239,398,19000000,8213
3,76,1900000,1900000,239,398,1925000,826
3,760,19000000,19000000,239,398,19025000,8223
3,761,19025000,19025000,239,398,19050000,8235
3,762,19050000,19050000,239,398,19075000,8243
3,763,19075000,19075000,239,398,19100000,8256
3,764,19100000,19100000,239,398,19125000,8266
3,765,19125000,19125000,239,398,19150000,8278
3,766,19150000,19150000,239,398,19175000,8288
3,767,19175000,19175000,239,398,19200000,8299
3,768,19200000,19200000,239,398,19225000,8310
3,769,19225000,19225000,239,398,19250000,8320
3,77,1925000,1925000,239,398,1950000,837
3,770,19250000,19250000,239,398,19275000,8331
3,771,19275000,19275000,239,398,19300000,8343
3,772,19300000,19300000,239,398,19325000,8354
3,773,19325000,19325000,239,398,19350000,8363
3,774,19350000,19350000,239,398,19375000,8373
3,775,19375000,19375000,239,398,19400000,8387
3,776,19400000,19400000,239,398,19425000,8396
3,777,19425000,19425000,239,398,19450000,8407
3,778,19450000,19450000,239,398,19475000,8418
3,779,19475000,19475000,239,398,19500000,8430
3,78,1950000,1950000,239,398,1975000,847
3,780,19500000,19500000,239,398,19525000,8438
3,781,19525000,19525000,239,398,19550000,8450
3,782,19550000,19550000,239,398,19575000,8461
3,783,19575000,19575000,239,398,19600000,8472
3,784,19600000,19600000,239,398,19625000,8483
3,785,19625000,19625000,239,398,19650000,8494
3,786,19650000,19650000,239,398,19675000,8504
3,787,19675000,19675000,239,398,19700000,8515
3,788,19700000,19700000,239,398,19725000,8527
3,789,19725000,19725000,239,398,19750000,8537
3,79,1975000,1975000,239,398,2000000,860
3,790,19750000,19750000,239,398,19775000,8547
3,791,19775000,19775000,239,398,19800000,8558
3,792,19800000,19800000,239,398,19825000,8569
3,793,19825000,19825000,239,398,19850000,8581
3,794,19850000,19850000,239,398,19875000,8590
3,795,19875000,19875000,239,398,19900000,8603
3,796,19900000,19900000,239,398,19925000,8613
3,797,19925000,19925000,239,398,19950000,8623
3,798,19950000,19950000,239,398,19975000,8632
3,799,19975000,19975000,239,398,20000000,8646
3,8,200000,200000,239,398,225000,91
3,80,2000000,2000000,239,398,2025000,869
3,800,20000000,20000000,239,398,20025000,8656
3,801,20025000,20025000,239,398,20050000,8666
3,802,20050000,20050000,239,398,20075000,8678
3,803,20075000,20075000,239,398,20100000,8689
3,804,20100000,20100000,239,398,20125000,8698
3,805,20125000,20125000,239,398,20150000,8710
3,806,20150000,20150000,239,398,20175000,8721
3,807,20175000,20175000,239,398,20200000,8732
3,808,20200000,20200000,239,398,20225000,8742
3,809,20225000,20225000,239,398,20250000,8753
3,81,2025000,2025000,239,398,2050000,881
3,810,20250000,20250000,239,398,20275000,8763
3,811,20275000,20275000,239,398,20300000,8775
3,812,20300000,20300000,239,398,20325000,8786
3,813,20325000,20325000,239,398,20350000,8797
3,814,20350000,20350000,239,398,20375000,8807
3,815,20375000,20375000,239,398,20400000,8818
3,816,20400000,20400000,239,398,20425000,8828
3,817,20425000,20425000,239,398,20450000,8840
3,818,20450000,20450000,239,398,20475000,8849
3,819,20475000,20475000,239,398,20500000,8862
3,82,2050000,2050000,239,398,2075000,892
3,820,20500000,20500000,239,398,20525000,8873
3,821,20525000,20525000,239,398,20550000,8883
3,822,20550000,20550000,239,398,20575000,8893
3,823,20575000,20575000,239,398,20600000,8905
3,824,20600000,20600000,239,398,20625000,8916
3,825,20625000,20625000,239,398,20650000,8925
3,826,20650000,20650000,239,398,20675000,8937
3,827,20675000,20675000,239,398,20700000,8948
3,828,20700000,20700000,239,398,20725000,8958
3,829,20725000,20725000,239,398,20750000,8970
3,83,2075000,2075000,239,398,2100000,902
3,830,20750000,20750000,239,398,20775000,8980
3,831,20775000,20775000,239,398,20800000,8992
3,832,20800000,20800000,239,398,20825000,9001
3,833,20825000,20825000,239,398,20850000,9013
3,834,20850000,20850000,239,398,20875000,9022
3,835,20875000,20875000,239,398,20900000,9035
3,836,20900000,20900000,239,398,20925000,9045
3,837,20925000,20925000,239,398,20950000,9056
3,838,20950000,20950000,239,398,20975000,9067
3,839,20975000,20975000,239,398,21000000,9078
3,84,2100000,2100000,239,398,2125000,912
3,840,21000000,21000000,239,398,21025000,9088
3,841,21025000,21025000,239,398,21050000,9099
3,842,21050000,21050000,239,398,21075000,9110
3,843,21075000,21075000,239,398,21100000,9121
3,844,21100000,21100000,239,398,21125000,9132
3,845,21125000,21125000,239,398,21150000,9142
3,846,21150000,21150000,239,398,21175000,9152
3,847,21175000,21175000,239,398,21200000,9165
3,848,21200000,21200000,239,398,21225000,9175
3,849,21225000,21225000,239,398,21250000,9186
3,85,2125000,2125000,239,398,2150000,924
3,850,21250000,21250000,239,398,21275000,9196
3,851,21275000,21275000,239,398,21300000,9208
3,852,21300000,21300000,239,398,21325000,9217
3,853,21325000,21325000,239,398,21350000,9229
3,854,21350000,21350000,239,398,21375000,9239
3,855,21375000,21375000,239,398,21400000,9251
3,856,21400000,21400000,239,398,21425000,9263
3,857,21425000,21425000,239,398,21450000,9272
3,858,21450000,21450000,239,398,21475000,9282
3,859,21475000,21475000,239,398,21500000,9294
3,86,2150000,2150000,239,398,2175000,935
3,860,21500000,21500000,239,398,21525000,9305
3,861,21525000,21525000,239,398,21550000,9315
3,862,21550000,21550000,239,398,21575000,9326
3,863,21575000,21575000,239,398,21600000,9338
3,864,21600000,21600000,239,398,21625000,9347
3,865,21625000,21625000,239,398,21650000,9359
3,866,21650000,21650000,239,398,21675000,9369
3,867,21675000,21675000,239,398,21700000,9381
3,868,21700000,21700000,239,398,21725000,9391
3,869,21725000,21725000,239,398,21750000,9402
3,87,2175000,2175000,239,398,2200000,945
3,870,21750000,21750000,239,398,21775000,9412
3,871,21775000,21775000,239,398,21800000,9424
3,872,21800000,21800000,239,398,21825000,9434
3,873,21825000,21825000,239,398,21850000,9446
3,874,21850000,21850000,239,398,21875000,9456
3,875,21875000,21875000,239,398,21900000,9467
3,876,21900000,21900000,239,398,21925000,9477
3,877,21925000,21925000,239,398,21950000,9489
3,878,21950000,21950000,239,398,21975000,9499
3,879,21975000,21975000,239,398,22000000,9510
3,88,2200000,2200000,239,398,2225000,957
3,880,22000000,22000000,239,398,22025000,9522
3,881,22025000,22025000,239,398,22050000,9531
3,882,22050000,22050000,239,398,22075000,9541
3,883,22075000,22075000,239,398,22100000,9554
3,884,22100000,22100000,239,398,22125000,9565
3,885,22125000,22125000,239,398,22150000,9575
3,886,22150000,22150000,239,398,22175000,9585
3,887,22175000,22175000,239,398,22200000,9598
3,888,22200000,22200000,239,398,22225000,9606
3,889,22225000,22225000,239,398,22250000,9618
3,89,2225000,2225000,239,398,2250000,967
3,890,22250000,22250000,239,398,22275000,9629
3,891,22275000,22275000,239,398,22300000,9641
3,892,22300000,22300000,239,398,22325000,9651
3,893,22325000,22325000,239,398,22350000,9661
3,894,22350000,22350000,239,398,22375000,9672
3,895,22375000,22375000,239,398,22400000,9683
3,896,22400000,22400000,239,398,22425000,9694
3,897,22425000,22425000,239,398,22450000,9705
3,898,22450000,22450000,239,398,22475000,9716
3,899,22475000,22475000,239,398,22500000,9726
3,9,225000,225000,239,398,250000,102
3,90,2250000,2250000,239,398,2275000,976
3,900,22500000,22500000,239,398,22525000,9736
3,901,22525000,22525000,239,398,22550000,9749
3,902,22550000,22550000,239,398,22575000,9758
3,903,22575000,22575000,239,398,22600000,9770
3,904,22600000,22600000,239,398,22625000,9781
3,905,22625000,22625000,239,398,22650000,9792
3,906,22650000,22650000,239,398,22675000,9800
3,907,22675000,22675000,239,398,22700000,9814
3,908,22700000,22700000,239,398,22725000,9824
3,909,22725000,22725000,239,398,22750000,9834
3,91,2275000,2275000,239,398,2300000,990
3,910,22750000,22750000,239,398,22775000,9845
3,911,22775000,22775000,239,398,22800000,9857
3,912,22800000,22800000,239,398,22825000,9867
3,913,22825000,22825000,239,398,22850000,9877
3,914,22850000,22850000,239,398,22875000,9889
3,915,22875000,22875000,239,398,22900000,9900
3,916,22900000,22900000,239,398,22925000,9910
3,917,22925000,22925000,239,398,22950000,9920
3,918,22950000,22950000,239,398,22975000,9931
3,919,22975000,22975000,239,398,23000000,9944
3,92,2300000,2300000,239,398,2325000,1000
3,920,23000000,23000000,239,398,23025000,9953
3,921,23025000,23025000,239,398,23050000,9965
3,922,23050000,23050000,239,398,23075000,9975
3,923,23075000,23075000,239,398,23100000,9986
3,924,23100000,23100000,239,398,23125000,9996
3,925,23125000,23125000,239,398,23150000,10008
3,926,23150000,23150000,239,398,23175000,10018
3,927,23175000,23175000,239,398,23200000,10029
3,928,23200000,23200000,239,398,23225000,10041
3,929,23225000,23225000,239,398,23250000,10051
3,93,2325000,2325000,239,398,2350000,1011
3,930,23250000,23250000,239,398,23275000,10060
3,931,23275000,23275000,239,398,23300000,10073
3,932,23300000,23300000,239,398,23325000,10084
3,933,23325000,23325000,239,398,23350000,10094
3,934,23350000,23350000,239,398,23375000,10104
3,935,23375000,23375000,239,398,23400000,10116
3,936,23400000,23400000,239,398,23425000,10126
3,937,23425000,23425000,239,398,23450000,10137
3,938,23450000,23450000,239,398,23475000,10148
3,939,23475000,23475000,239,398,23500000,10160
3,94,2350000,2350000,239,398,2375000,1020
3,940,23500000,23500000,239,398,23525000,10170
3,941,23525000,23525000,239,398,23550000,10181
3,942,23550000,23550000,239,398,23575000,10190
3,943,23575000,23575000,239,398,23600000,10203
3,944,23600000,23600000,239,398,23625000,10212
3,945,23625000,23625000,239,398,23650000,10224
3,946,23650000,23650000,239,398,23675000,10235
3,947,23675000,23675000,239,398,23700000,10246
3,948,23700000,23700000,239,398,23725000,10256
3,949,23725000,23725000,239,398,23750000,10267
3,95,2375000,2375000,239,398,2400000,1033
3,950,23750000,23750000,239,398,23775000,10278
3,951,23775000,23775000,239,398,23800000,10288
3,952,23800000,23800000,239,398,23825000,10300
3,953,23825000,23825000,239,398,23850000,10310
3,954,23850000,23850000,239,398,23875000,10320
3,955,23875000,23875000,239,398,23900000,10333
3,956,23900000,23900000,239,398,23925000,10343
3,957,23925000,23925000,239,398,23950000,10354
3,958,23950000,23950000,239,398,23975000,10364
3,959,23975000,23975000,239,398,24000000,10376
3,96,2400000,2400000,239,398,2425000,1042
3,960,24000000,24000000,239,398,24025000,10385
3,961,24025000,24025000,239,398,24050000,10397
3,962,24050000,24050000,239,398,24075000,10407
3,963,24075000,24075000,239,398,24100000,10419
3,964,24100000,24100000,239,398,24125000,10430
3,965,24125000,24125000,239,398,24150000,10440
3,966,24150000,24150000,239,398,24175000,10450
3,967,24175000,24175000,239,398,24200000,10462
3,968,24200000,24200000,239,398,24225000,10473
3,969,24225000,24225000,239,398,24250000,10483
3,97,2425000,2425000,239,398,2450000,1053
3,970,24250000,24250000,239,398,24275000,10494
3,971,24275000,24275000,239,398,24300000,10505
3,972,24300000,24300000,239,398,24325000,10515
3,973,24325000,24325000,239,398,24350000,10527
3,974,24350000,24350000,239,398,24375000,10537
3,975,24375000,24375000,239,398,24400000,10550
3,976,24400000,24400000,239,398,24425000,10559
3,977,24425000,24425000,239,398,24450000,10570
3,978,24450000,24450000,239,398,24475000,10579
3,979,24475000,24475000,239,398,24500000,10592
3,98,2450000,2450000,239,398,2475000,1064
3,980,24500000,24500000,239,398,24525000,10602
3,981,24525000,24525000,239,398,24550000,10613
3,982,24550000,24550000,239,398,24575000,10625
3,983,24575000,24575000,239,398,24600000,10635
3,984,24600000,24600000,239,398,24625000,10645
3,985,24625000,24625000,239,398,24650000,10656
3,986,24650000,24650000,239,398,24675000,10667
3,987,24675000,24675000,239,398,24700000,10678
3,988,24700000,24700000,239,398,24725000,10689
3,989,24725000,24725000,239,398,24750000,10700
3,99,2475000,2475000,239,398,2500000,1076
3,990,24750000,24750000,239,398,24775000,10709
3,991,24775000,24775000,239,398,24800000,10722
3,992,24800000,24800000,239,398,24825000,10733
3,993,24825000,24825000,239,398,24850000,10743
3,994,24850000,24850000,239,398,24875000,10753
3,995,24875000,24875000,239,398,24900000,10765
3,996,24900000,24900000,239,398,24925000,10775
3,997,24925000,24925000,239,398,24950000,10786
3,998,24950000,24950000,239,398,24975000,10796
3,999,24975000,24975000,239,398,25000000,10809
4,0,0,0,492,819,25000,5
4,1,25000,25000,492,819,50000,17
4,10,250000,250000,492,819,275000,114
4,100,2500000,2500000,492,819,2525000,1088
4,1000,25000000,25000000,492,819,25025000,10820
4,1001,25025000,25025000,492,819,25050000,10830
4,1002,25050000,25050000,492,819,25075000,10840
4,1003,25075000,25075000,492,819,25100000,10853
4,1004,25100000,25100000,492,819,25125000,10863
4,1005,25125000,25125000,492,819,25150000,10873
4,1006,25150000,25150000,492,819,25175000,10885
4,1007,25175000,25175000,492,819,25200000,10895
4,1008,25200000,25200000,492,819,25225000,10905
4,1009,25225000,25225000,492,819,25250000,10918
4,101,2525000,2525000,492,819,2550000,1097
4,1010,25250000,25250000,492,819,25275000,10928
4,1011,25275000,25275000,492,819,25300000,10939
4,1012,25300000,25300000,492,819,25325000,10949
4,1013,25325000,25325000,492,819,25350000,10961
4,1014,25350000,25350000,492,819,25375000,10969
4,1015,25375000,25375000,492,819,25400000,10982
4,1016,25400000,25400000,492,819,25425000,10993
4,1017,25425000,25425000,492,819,25450000,11004
4,1018,25450000,25450000,492,819,25475000,11014
4,1019,25475000,25475000,492,819,25500000,11025
4,102,2550000,2550000,492,819,2575000,1108
4,1020,25500000,25500000,492,819,25525000,11036
4,1021,25525000,25525000,492,819,25550000,11046
4,1022,25550000,25550000,492,819,25575000,11057
4,1023,25575000,25575000,492,819,25600000,11069
4,1024,25600000,25600000,492,819,25625000,11080
4,1025,25625000,25625000,492,819,25650000,11089
4,1026,25650000,25650000,492,819,25675000,11100
4,1027,25675000,25675000,492,819,25700000,11113
4,1028,25700000,25700000,492,819,25725000,11122
4,1029,25725000,25725000,492,819,25750000,11133
4,103,2575000,2575000,492,819,2600000,1120
4,1030,25750000,25750000,492,819,25775000,11144
4,1031,25775000,25775000,492,819,25800000,11156
4,1032,25800000,25800000,492,819,25825000,11164
4,1033,25825000,25825000,492,819,25850000,11177
4,1034,25850000,25850000,492,819,25875000,11187
4,1035,25875000,25875000,492,819,25900000,11198
4,1036,25900000,25900000,492,819,25925000,11209
4,1037,25925000,25925000,492,819,25950000,11220
4,1038,25950000,25950000,492,819,25975000,11230
4,1039,25975000,25975000,492,819,26000000,11241
4,104,2600000,2600000,492,819,2625000,1130
4,1040,26000000,26000000,492,819,26025000,11253
4,1041,26025000,26025000,492,819,26050000,11263
4,1042,26050000,26050000,492,819,26075000,11273
4,1043,26075000,26075000,492,819,26100000,11285
4,1044,26100000,26100000,492,819,26125000,11295
4,1045,26125000,26125000,492,819,26150000,11307
4,1046,26150000,26150000,492,819,26175000,11316
4,1047,26175000,26175000,492,819,26200000,11329
4,1048,26200000,26200000,492,819,26225000,11339
4,1049,26225000,26225000,492,819,26250000,11349
4,105,2625000,2625000,492,819,2650000,1141
4,1050,26250000,26250000,492,819,26275000,11359
4,1051,26275000,26275000,492,819,26300000,11372
4,1052,26300000,26300000,492,819,26325000,11382
4,1053,26325000,26325000,492,819,26350000,11392
4,1054,26350000,26350000,492,819,26375000,11404
4,1055,26375000,26375000,492,819,26400000,11415
4,1056,26400000,26400000,492,819,26425000,11424
4,1057,26425000,26425000,492,819,26450000,11436
4,1058,26450000,26450000,492,819,26475000,11447
4,1059,26475000,26475000,492,819,26500000,11458
4,106,2650000,2650000,492,819,2675000,1152
4,1060,26500000,26500000,492,819,26525000,11469
4,1061,26525000,26525000,492,819,26550000,11479
4,1062,26550000,26550000,492,819,26575000,11489
4,1063,26575000,26575000,492,819,26600000,11501
4,1064,26600000,26600000,492,819,26625000,11512
4,1065,26625000,26625000,492,819,26650000,11523
4,1066,26650000,26650000,492,819,26675000,11533
4,1067,26675000,26675000,492,819,26700000,11545
4,1068,26700000,26700000,492,819,26725000,11554
4,1069,26725000,26725000,492,819,26750000,11566
4,107,2675000,2675000,492,819,2700000,1163
4,1070,26750000,26750000,492,819,26775000,11575
4,1071,26775000,26775000,492,819,26800000,11588
4,1072,26800000,26800000,492,819,26825000,11599
4,1073,26825000,26825000,492,819,26850000,11609
4,1074,26850000,26850000,492,819,26875000,11619
4,1075,26875000,26875000,492,819,26900000,11631
4,1076,26900000,26900000,492,819,26925000,11642
4,1077,26925000,26925000,492,819,26950000,11652
4,1078,26950000,26950000,492,819,26975000,11663
4,1079,26975000,26975000,492,819,27000000,11674
4,108,2700000,2700000,492,819,2725000,1173
4,1080,27000000,27000000,492,819,27025000,11684
4,1081,27025000,27025000,492,819,27050000,11696
4,1082,27050000,27050000,492,819,27075000,11706
4,1083,27075000,27075000,492,819,27100000,11718
4,1084,27100000,27100000,492,819,27125000,11728
4,1085,27125000,27125000,492,819,27150000,11739
4,1086,27150000,27150000,492,819,27175000,11748
4,1087,27175000,27175000,492,819,27200000,11761
4,1088,27200000,27200000,492,819,27225000,11771
4,1089,27225000,27225000,492,819,27250000,11782
4,109,2725000,2725000,492,819,2750000,1185
4,1090,27250000,27250000,492,819,27275000,11793
4,1091,27275000,27275000,492,819,27300000,11804
4,1092,27300000,27300000,492,819,27325000,11814
4,1093,27325000,27325000,492,819,27350000,11825
4,1094,27350000,27350000,492,819,27375000,11837
4,1095,27375000,27375000,492,819,27400000,11847
4,1096,27400000,27400000,492,819,27425000,11858
4,1097,27425000,27425000,492,819,27450000,11868
4,1098,27450000,27450000,492,819,27475000,11878
4,1099,27475000,27475000,492,819,27500000,11891
4,11,275000,275000,492,819,300000,125
4,110,2750000,2750000,492,819,2775000,1195
4,1100,27500000,27500000,492,819,27525000,11901
4,1101,27525000,27525000,492,819,27550000,11913
4,1102,27550000,27550000,492,819,27575000,11922
4,1103,27575000,27575000,492,819,27600000,11934
4,1104,27600000,27600000,492,819,27625000,11943
4,1105,27625000,27625000,492,819,27650000,11955
4,1106,27650000,27650000,492,819,27675000,11965
4,1107,27675000,27675000,492,819,27700000,11977
4,1108,27700000,27700000,492,819,27725000,11989
4,1109,27725000,27725000,492,819,27750000,11998
4,111,2775000,2775000,492,819,2800000,1206
4,1110,27750000,27750000,492,819,27775000,12008
4,1111,27775000,27775000,492,819,27800000,12021
4,1112,27800000,27800000,492,819,27825000,12031
4,1113,27825000,27825000,492,819,27850000,12041
4,1114,27850000,27850000,492,819,27875000,12052
4,1115,27875000,27875000,492,819,27900000,12064
4,1116,27900000,27900000,492,819,27925000,12073
4,1117,27925000,27925000,492,819,27950000,12085
4,1118,27950000,27950000,492,819,27975000,12096
4,1119,27975000,27975000,492,819,28000000,12107
4,112,2800000,2800000,492,819,2825000,1217
4,1120,28000000,28000000,492,819,28025000,12117
4,1121,28025000,28025000,492,819,28050000,12128
4,1122,28050000,28050000,492,819,28075000,12138
4,1123,28075000,28075000,492,819,28100000,12150
4,1124,28100000,28100000,492,819,28125000,12160
4,1125,28125000,28125000,492,819,28150000,12172
4,1126,28150000,28150000,492,819,28175000,12182
4,1127,28175000,28175000,492,819,28200000,12193
4,1128,28200000,28200000,492,819,28225000,12204
4,1129,28225000,28225000,492,819,28250000,12215
4,113,2825000,2825000,492,819,2850000,1228
4,1130,28250000,28250000,492,819,28275000,12225
4,1131,28275000,28275000,492,819,28300000,12236
4,1132,28300000,28300000,492,819,28325000,12248
4,1133,28325000,28325000,492,819,28350000,12257
4,1134,28350000,28350000,492,819,28375000,12267
4,1135,28375000,28375000,492,819,28400000,12281
4,1136,28400000,28400000,492,819,28425000,12291
4,1137,28425000,28425000,492,819,28450000,12301
4,1138,28450000,28450000,492,819,28475000,12311
4,1139,28475000,28475000,492,819,28500000,12324
4,114,2850000,2850000,492,819,2875000,1237
4,1140,28500000,28500000,492,819,28525000,12332
4,1141,28525000,28525000,492,819,28550000,12344
4,1142,28550000,28550000,492,819,28575000,12355
4,1143,28575000,28575000,492,819,28600000,12367
4,1144,28600000,28600000,492,819,28625000,12377
4,1145,28625000,28625000,492,819,28650000,12388
4,1146,28650000,28650000,492,819,28675000,12398
4,1147,28675000,28675000,492,819,28700000,12409
4,1148,28700000,28700000,492,819,28725000,12420
4,1149,28725000,28725000,492,819,28750000,12431
4,115,2875000,2875000,492,819,2900000,1250
4,1150,28750000,28750000,492,819,28775000,12442
4,1151,28775000,28775000,492,819,28800000,12452
4,1152,28800000,28800000,492,819,28825000,12463
4,1153,28825000,28825000,492,819,28850000,12475
4,1154,28850000,28850000,492,819,28875000,12484
4,1155,28875000,28875000,492,819,28900000,12496
4,1156,28900000,28900000,492,819,28925000,12507
4,1157,28925000,28925000,492,819,28950000,12518
4,1158,28950000,28950000,492,819,28975000,12526
4,1159,28975000,28975000,492,819,29000000,12540
4,116,2900000,2900000,492,819,2925000,1260
4,1160,29000000,29000000,492,819,29025000,12550
4,1161,29025000,29025000,492,819,29050000,12560
4,1162,29050000,29050000,492,819,29075000,12572
4,1163,29075000,29075000,492,819,29100000,12583
4,1164,29100000,29100000,492,819,29125000,12593
4,1165,29125000,29125000,492,819,29150000,12603
4,1166,29150000,29150000,492,819,29175000,12615
4,1167,29175000,29175000,492,819,29200000,12626
4,1168,29200000,29200000,492,819,29225000,12636
4,1169,29225000,29225000,492,819,29250000,12647
4,117,2925000,2925000,492,819,2950000,1271
4,1170,29250000,29250000,492,819,29275000,12657
4,1171,29275000,29275000,492,819,29300000,12670
4,1172,29300000,29300000,492,819,29325000,12679
4,1173,29325000,29325000,492,819,29350000,12691
4,1174,29350000,29350000,492,819,29375000,12701
4,1175,29375000,29375000,492,819,29400000,12712
4,1176,29400000,29400000,492,819,29425000,12722
4,1177,29425000,29425000,492,819,29450000,12734
4,1178,29450000,29450000,492,819,29475000,12744
4,1179,29475000,29475000,492,819,29500000,12756
4,118,2950000,2950000,492,819,2975000,1281
4,1180,29500000,29500000,492,819,29525000,12767
4,1181,29525000,29525000,492,819,29550000,12777
4,1182,29550000,29550000,492,819,29575000,12786
4,1183,29575000,29575000,492,819,29600000,12799
4,1184,29600000,29600000,492,819,29625000,12810
4,1185,29625000,29625000,492,819,29650000,12820
4,1186,29650000,29650000,492,819,29675000,12831
4,1187,29675000,29675000,492,819,29700000,12842
4,1188,29700000,29700000,492,819,29725000,12852
4,1189,29725000,29725000,492,819,29750000,12863
4,119,2975000,2975000,492,819,3000000,1293
4,1190,29750000,29750000,492,819,29775000,12874
4,1191,29775000,29775000,492,819,29800000,12886
4,1192,29800000,29800000,492,819,29825000,12896
4,1193,29825000,29825000,492,819,29850000,12907
4,1194,29850000,29850000,492,819,29875000,12916
4,1195,29875000,29875000,492,819,29900000,12929
4,1196,29900000,29900000,492,819,29925000,12939
4,1197,29925000,29925000,492,819,29950000,12950
4,1198,29950000,29950000,492,819,29975000,12961
4,1199,29975000,29975000,492,819,30000000,12972
4,12,300000,300000,492,819,325000,135
4,120,3000000,3000000,492,819,3025000,1303
4,1200,30000000,30000000,492,819,30025000,12982
4,1201,30025000,30025000,492,819,30050000,12993
4,1202,30050000,30050000,492,819,30075000,13004
4,1203,30075000,30075000,492,819,30100000,13015
4,1204,30100000,30100000,492,819,30125000,13026
4,1205,30125000,30125000,492,819,30150000,13036
4,1206,30150000,30150000,492,819,30175000,13046
4,1207,30175000,30175000,492,819,30200000,13059
4,1208,30200000,30200000,492,819,30225000,13069
4,1209,30225000,30225000,492,819,30250000,13080
4,121,3025000,3025000,492,819,3050000,1314
4,1210,30250000,30250000,492,819,30275000,13090
4,1211,30275000,30275000,492,819,30300000,13102
4,1212,30300000,30300000,492,819,30325000,13111
4,1213,30325000,30325000,492,819,30350000,13124
4,1214,30350000,30350000,492,819,30375000,13133
4,1215,30375000,30375000,492,819,30400000,13145
4,1216,30400000,30400000,492,819,30425000,13156
4,1217,30425000,30425000,492,819,30450000,13166
4,1218,30450000,30450000,492,819,30475000,13176
4,1219,30475000,30475000,492,819,30500000,13188
4,122,3050000,3050000,492,819,3075000,1325
4,1220,30500000,30500000,492,819,30525000,13200
4,1221,30525000,30525000,492,819,30550000,13209
4,1222,30550000,30550000,492,819,30575000,13220
4,1223,30575000,30575000,492,819,30600000,13231
4,1224,30600000,30600000,492,819,30625000,13241
4,1225,30625000,30625000,492,819,30650000,13253
4,1226,30650000,30650000,492,819,30675000,13263
4,1227,30675000,30675000,492,819,30700000,13276
4,1228,30700000,30700000,492,819,30725000,13285
4,1229,30725000,30725000,492,819,30750000,13296
4,123,3075000,3075000,492,819,3100000,1336
4,1230,30750000,30750000,492,819,30775000,13306
4,1231,30775000,30775000,492,819,30800000,13318
4,1232,30800000,30800000,492,819,30825000,13328
4,1233,30825000,30825000,492,819,30850000,13339
4,1234,30850000,30850000,492,819,30875000,13351
4,1235,30875000,30875000,492,819,30900000,13361
4,1236,30900000,30900000,492,819,30925000,13371
4,1237,30925000,30925000,492,819,30950000,13383
4,1238,30950000,30950000,492,819,30975000,13393
4,1239,30975000,30975000,492,819,31000000,13404
4,124,3100000,3100000,492,819,3125000,1347
4,1240,31000000,31000000,492,819,31025000,13415
4,1241,31025000,31025000,492,819,31050000,13426
4,1242,31050000,31050000,492,819,31075000,13435
4,1243,31075000,31075000,492,819,31100000,13448
4,1244,31100000,31100000,492,819,31125000,13459
4,1245,31125000,31125000,492,819,31150000,13469
4,1246,31150000,31150000,492,819,31175000,13479
4,1247,31175000,31175000,492,819,31200000,13492
4,1248,31200000,31200000,492,819,31225000,13501
4,1249,31225000,31225000,492,819,31250000,13512
4,125,3125000,3125000,492,819,3150000,1357
4,1250,31250000,31250000,492,819,31275000,13522
4,1251,31275000,31275000,492,819,31300000,13535
4,1252,31300000,31300000,492,819,31325000,13545
4,1253,31325000,31325000,492,819,31350000,13555
4,1254,31350000,31350000,492,819,31375000,13566
4,1255,31375000,31375000,492,819,31400000,13578
4,1256,31400000,31400000,492,819,31425000,13588
4,1257,31425000,31425000,492,819,31450000,13598
4,1258,31450000,31450000,492,819,31475000,13610
4,1259,31475000,31475000,492,819,31500000,13620
4,126,3150000,3150000,492,819,3175000,1367
4,1260,31500000,31500000,492,819,31525000,13630
4,1261,31525000,31525000,492,819,31550000,13643
4,1262,31550000,31550000,492,819,31575000,13653
4,1263,31575000,31575000,492,819,31600000,13664
4,1264,31600000,31600000,492,819,31625000,13675
4,1265,31625000,31625000,492,819,31650000,13686
4,1266,31650000,31650000,492,819,31675000,13694
4,1267,31675000,31675000,492,819,31700000,13707
4,1268,31700000,31700000,492,819,31725000,13718
4,1269,31725000,31725000,492,819,31750000,13729
4,127,3175000,3175000,492,819,3200000,1380
4,1270,31750000,31750000,492,819,31775000,13739
4,1271,31775000,31775000,492,819,31800000,13751
4,1272,31800000,31800000,492,819,31825000,13761
4,1273,31825000,31825000,492,819,31850000,13771
4,1274,31850000,31850000,492,819,31875000,13782
4,1275,31875000,31875000,492,819,31900000,13794
4,1276,31900000,31900000,492,819,31925000,13805
4,1277,31925000,31925000,492,819,31950000,13814
4,1278,31950000,31950000,492,819,31975000,13825
4,1279,31975000,31975000,492,819,32000000,13838
4,128,3200000,3200000,492,819,3225000,1390
4,1280,32000000,32000000,492,819,32025000,13847
4,1281,32025000,32025000,492,819,32050000,13859
4,1282,32050000,32050000,492,819,32075000,13869
4,1283,32075000,32075000,492,819,32100000,13881
4,1284,32100000,32100000,492,819,32125000,13889
4,1285,32125000,32125000,492,819,32150000,13902
4,1286,32150000,32150000,492,819,32175000,13912
4,1287,32175000,32175000,492,819,32200000,13923
4,1288,32200000,32200000,492,819,32225000,13935
4,1289,32225000,32225000,492,819,32250000,13945
4,129,3225000,3225000,492,819,3250000,1401
4,1290,32250000,32250000,492,819,32275000,13955
4,1291,32275000,32275000,492,819,32300000,13966
4,1292,32300000,32300000,492,819,32325000,13978
4,1293,32325000,32325000,492,819,32350000,13988
4,1294,32350000,32350000,492,819,32375000,13998
4,1295,32375000,32375000,492,819,32400000,14010
4,1296,32400000,32400000,492,819,32425000,14020
4,1297,32425000,32425000,492,819,32450000,14032
4,1298,32450000,32450000,492,819,32475000,14042
4,1299,32475000,32475000,492,819,32500000,14054
4,13,325000,325000,492,819,350000,146
4,130,3250000,3250000,492,819,3275000,1411
4,1300,32500000,32500000,492,819,32525000,14064
4,1301,32525000,32525000,492,819,32550000,14074
4,1302,32550000,32550000,492,819,32575000,14084
4,1303,32575000,32575000,492,819,32600000,14097
4,1304,32600000,32600000,492,819,32625000,14107
4,1305,32625000,32625000,492,819,32650000,14118
4,1306,32650000,32650000,492,819,32675000,14129
4,1307,32675000,32675000,492,819,32700000,14140
4,1308,32700000,32700000,492,819,32725000,14149
4,1309,32725000,32725000,492,819,32750000,14161
4,131,3275000,3275000,492,819,3300000,1423
4,1310,32750000,32750000,492,819,32775000,14172
4,1311,32775000,32775000,492,819,32800000,14183
4,1312,32800000,32800000,492,819,32825000,14194
4,1313,32825000,32825000,492,819,32850000,14204
4,1314,32850000,32850000,492,819,32875000,14214
4,1315,32875000,32875000,492,819,32900000,14227
4,1316,32900000,32900000,492,819,32925000,14237
4,1317,32925000,32925000,492,819,32950000,14248
4,1318,32950000,32950000,492,819,32975000,14258
4,1319,32975000,32975000,492,819,33000000,14270
4,132,3300000,3300000,492,819,3325000,1432
4,1320,33000000,33000000,492,819,33025000,14279
4,1321,33025000,33025000,492,819,33050000,14291
4,1322,33050000,33050000,492,819,33075000,14301
4,1323,33075000,33075000,492,819,33100000,14313
4,1324,33100000,33100000,492,819,33125000,14324
4,1325,33125000,33125000,492,819,33150000,14334
4,1326,33150000,33150000,492,819,33175000,14344
4,1327,33175000,33175000,492,819,33200000,14356
4,1328,33200000,33200000,492,819,33225000,14367
4,1329,33225000,33225000,492,819,33250000,14377
4,133,3325000,3325000,492,819,3350000,1444
4,1330,33250000,33250000,492,819,33275000,14388
4,1331,33275000,33275000,492,819,33300000,14399
4,1332,33300000,33300000,492,819,33325000,14410
4,1333,33325000,33325000,492,819,33350000,14421
4,1334,33350000,33350000,492,819,33375000,14431
4,1335,33375000,33375000,492,819,33400000,14443
4,1336,33400000,33400000,492,819,33425000,14453
4,1337,33425000,33425000,492,819,33450000,14464
4,1338,33450000,33450000,492,819,33475000,14473
4,1339,33475000,33475000,492,819,33500000,14487
4,134,3350000,3350000,492,819,3375000,1454
4,1340,33500000,33500000,492,819,33525000,14496
4,1341,33525000,33525000,492,819,33550000,14507
4,1342,33550000,33550000,492,819,33575000,14518
4,1343,33575000,33575000,492,819,33600000,14529
4,1344,33600000,33600000,492,819,33625000,14539
4,1345,33625000,33625000,492,819,33650000,14550
4,1346,33650000,33650000,492,819,33675000,14562
4,1347,33675000,33675000,492,819,33700000,14572
4,1348,33700000,33700000,492,819,33725000,14583
4,1349,33725000,33725000,492,819,33750000,14594
4,135,3375000,3375000,492,819,3400000,1466
4,1350,33750000,33750000,492,819,33775000,14603
4,1351,33775000,33775000,492,819,33800000,14616
4,1352,33800000,33800000,492,819,33825000,14626
4,1353,33825000,33825000,492,819,33850000,14638
4,1354,33850000,33850000,492,819,33875000,14647
4,1355,33875000,33875000,492,819,33900000,14659
4,1356,33900000,33900000,492,819,33925000,14669
4,1357,33925000,33925000,492,819,33950000,14680
4,1358,33950000,33950000,492,819,33975000,14690
4,1359,33975000,33975000,492,819,34000000,14702
4,136,3400000,3400000,492,819,3425000,1477
4,1360,34000000,34000000,492,819,34025000,14714
4,1361,34025000,34025000,492,819,34050000,14723
4,1362,34050000,34050000,492,819,34075000,14733
4,1363,34075000,34075000,492,819,34100000,14746
4,1364,34100000,34100000,492,819,34125000,14756
4,1365,34125000,34125000,492,819,34150000,14766
4,1366,34150000,34150000,492,819,34175000,14778
4,1367,34175000,34175000,492,819,34200000,14789
4,1368,34200000,34200000,492,819,34225000,14798
4,1369,34225000,34225000,492,819,34250000,14810
4,137,3425000,3425000,492,819,3450000,1487
4,1370,34250000,34250000,492,819,34275000,14821
4,1371,34275000,34275000,492,819,34300000,14832
4,1372,34300000,34300000,492,819,34325000,14842
4,1373,34325000,34325000,492,819,34350000,14854
4,1374,34350000,34350000,492,819,34375000,14863
4,1375,34375000,34375000,492,819,34400000,14875
4,1376,34400000,34400000,492,819,34425000,14885
4,1377,34425000,34425000,492,819,34450000,14897
4,1378,34450000,34450000,492,819,34475000,14907
4,1379,34475000,34475000,492,819,34500000,14918
4,138,3450000,3450000,492,819,3475000,1497
4,1380,34500000,34500000,492,819,34525000,14929
4,1381,34525000,34525000,492,819,34550000,14940
4,1382,34550000,34550000,492,819,34575000,14950
4,1383,34575000,34575000,492,819,34600000,14962
4,1384,34600000,34600000,492,819,34625000,14973
4,1385,34625000,34625000,492,819,34650000,14982
4,1386,34650000,34650000,492,819,34675000,14992
4,1387,34675000,34675000,492,819,34700000,15006
4,1388,34700000,34700000,492,819,34725000,15016
4,1389,34725000,34725000,492,819,34750000,15026
4,139,3475000,3475000,492,819,3500000,1509
4,1390,34750000,34750000,492,819,34775000,15037
4,1391,34775000,34775000,492,819,34800000,15049
4,1392,34800000,34800000,492,819,34825000,15057
4,1393,34825000,34825000,492,819,34850000,15069
4,1394,34850000,34850000,492,819,34875000,15080
4,1395,34875000,34875000,492,819,34900000,15092
4,1396,34900000,34900000,492,819,34925000,15102
4,1397,34925000,34925000,492,819,34950000,15113
4,1398,34950000,34950000,492,819,34975000,15123
4,1399,34975000,34975000,492,819,35000000,15134
4,14,350000,350000,492,819,375000,157
4,140,3500000,3500000,492,819,3525000,1520
4,1400,35000000,35000000,492,819,35025000,15146
4,1401,35025000,35025000,492,819,35050000,15156
4,1402,35050000,35050000,492,819,35075000,15167
4,1403,35075000,35075000,492,819,35100000,15177
4,1404,35100000,35100000,492,819,35125000,15188
4,1405,35125000,35125000,492,819,35150000,15200
4,1406,35150000,35150000,492,819,35175000,15209
4,1407,35175000,35175000,492,819,35200000,15222
4,1408,35200000,35200000,492,819,35225000,15232
4,1409,35225000,35225000,492,819,35250000,15243
4,141,3525000,3525000,492,819,3550000,1530
4,1410,35250000,35250000,492,819,35275000,15251
4,1411,35275000,35275000,492,819,35300000,15265
4,1412,35300000,35300000,492,819,35325000,15275
4,1413,35325000,35325000,492,819,35350000,15285
4,1414,35350000,35350000,492,819,35375000,15297
4,1415,35375000,35375000,492,819,35400000,15308
4,1416,35400000,35400000,492,819,35425000,15318
4,1417,35425000,35425000,492,819,35450000,15329
4,1418,35450000,35450000,492,819,35475000,15340
4,1419,35475000,35475000,492,819,35500000,15351
4,142,3550000,3550000,492,819,3575000,1542
4,1420,35500000,35500000,492,819,35525000,15361
4,1421,35525000,35525000,492,819,35550000,15372
4,1422,35550000,35550000,492,819,35575000,15382
4,1423,35575000,35575000,492,819,35600000,15395
4,1424,35600000,35600000,492,819,35625000,15405
4,1425,35625000,35625000,492,819,35650000,15416
4,1426,35650000,35650000,492,819,35675000,15426
4,1427,35675000,35675000,492,819,35700000,15437
4,1428,35700000,35700000,492,819,35725000,15447
4,1429,35725000,35725000,492,819,35750000,15459
4,143,3575000,3575000,492,819,3600000,1552
4,1430,35750000,35750000,492,819,35775000,15469
4,1431,35775000,35775000,492,819,35800000,15481
4,1432,35800000,35800000,492,819,35825000,15492
4,1433,35825000,35825000,492,819,35850000,15502
4,1434,35850000,35850000,492,819,35875000,15512
4,1435,35875000,35875000,492,819,35900000,15524
4,1436,35900000,35900000,492,819,35925000,15535
4,1437,35925000,35925000,492,819,35950000,15545
4,1438,35950000,35950000,492,819,35975000,15556
4,1439,35975000,35975000,492,819,36000000,15567
4,144,3600000,3600000,492,819,3625000,1562
4,1440,36000000,36000000,492,819,36025000,15577
4,1441,36025000,36025000,492,819,36050000,15589
4,1442,36050000,36050000,492,819,36075000,15599
4,1443,36075000,36075000,492,819,36100000,15611
4,1444,36100000,36100000,492,819,36125000,15621
4,1445,36125000,36125000,492,819,36150000,15632
4,1446,36150000,36150000,492,819,36175000,15641
4,1447,36175000,36175000,492,819,36200000,15654
4,1448,36200000,36200000,492,819,36225000,15664
4,1449,36225000,36225000,492,819,36250000,15675
4,145,3625000,3625000,492,819,3650000,1574
4,1450,36250000,36250000,492,819,36275000,15686
4,1451,36275000,36275000,492,819,36300000,15698
4,1452,36300000,36300000,492,819,36325000,15707
4,1453,36325000,36325000,492,819,36350000,15718
4,1454,36350000,36350000,492,819,36375000,15729
4,1455,36375000,36375000,492,819,36400000,15740
4,1456,36400000,36400000,492,819,36425000,15751
4,1457,36425000,36425000,492,819,36450000,15761
4,1458,36450000,36450000,492,819,36475000,15772
4,1459,36475000,36475000,492,819,36500000,15784
4,146,3650000,3650000,492,819,3675000,1584
4,1460,36500000,36500000,492,819,36525000,15794
4,1461,36525000,36525000,492,819,36550000,15805
4,1462,36550000,36550000,492,819,36575000,15815
4,1463,36575000,36575000,492,819,36600000,15827
4,1464,36600000,36600000,492,819,36625000,15836
4,1465,36625000,36625000,492,819,36650000,15849
4,1466,36650000,36650000,492,819,36675000,15858
4,1467,36675000,36675000,492,819,36700000,15870
4,1468,36700000,36700000,492,819,36725000,15882
4,1469,36725000,36725000,492,819,36750000,15891
4,147,3675000,3675000,492,819,3700000,1596
4,1470,36750000,36750000,492,819,36775000,15901
4,1471,36775000,36775000,492,819,36800000,15913
4,1472,36800000,36800000,492,819,36825000,15925
4,1473,36825000,36825000,492,819,36850000,15934
4,1474,36850000,36850000,492,819,36875000,15945
4,1475,36875000,36875000,492,819,36900000,15957
4,1476,36900000,36900000,492,819,36925000,15966
4,1477,36925000,36925000,492,819,36950000,15978
4,1478,36950000,36950000,492,819,36975000,15988
4,1479,36975000,36975000,492,819,37000000,16001
4,148,3700000,3700000,492,819,3725000,1606
4,1480,37000000,37000000,492,819,37025000,16010
4,1481,37025000,37025000,492,819,37050000,16021
4,1482,37050000,37050000,492,819,37075000,16031
4,1483,37075000,37075000,492,819,37100000,16043
4,1484,37100000,37100000,492,819,37125000,16053
4,1485,37125000,37125000,492,819,37150000,16065
4,1486,37150000,37150000,492,819,37175000,16076
4,1487,37175000,37175000,492,819,37200000,16086
4,1488,37200000,37200000,492,819,37225000,16096
4,1489,37225000,37225000,492,819,37250000,16108
4,149,3725000,3725000,492,819,3750000,1618
4,1490,37250000,37250000,492,819,37275000,16118
4,1491,37275000,37275000,492,819,37300000,16129
4,1492,37300000,37300000,492,819,37325000,16141
4,1493,37325000,37325000,492,819,37350000,16151
4,1494,37350000,37350000,492,819,37375000,16160
4,1495,37375000,37375000,492,819,37400000,16173
4,1496,37400000,37400000,492,819,37425000,16184
4,1497,37425000,37425000,492,819,37450000,16194
4,1498,37450000,37450000,492,819,37475000,16204
4,1499,37475000,37475000,492,819,37500000,16217
4,15,375000,375000,492,819,400000,168
4,150,3750000,3750000,492,819,3775000,1626
4,1500,37500000,37500000,492,819,37525000,16226
4,1501,37525000,37525000,492,819,37550000,16237
4,1502,37550000,37550000,492,819,37575000,16248
4,1503,37575000,37575000,492,819,37600000,16260
4,1504,37600000,37600000,492,819,37625000,16270
4,1505,37625000,37625000,492,819,37650000,16280
4,1506,37650000,37650000,492,819,37675000,16291
4,1507,37675000,37675000,492,819,37700000,16303
4,1508,37700000,37700000,492,819,37725000,16313
4,1509,37725000,37725000,492,819,37750000,16324
4,151,3775000,3775000,492,819,3800000,1639
4,1510,37750000,37750000,492,819,37775000,16335
4,1511,37775000,37775000,492,819,37800000,16345
4,1512,37800000,37800000,492,819,37825000,16355
4,1513,37825000,37825000,492,819,37850000,16368
4,1514,37850000,37850000,492,819,37875000,16378
4,1515,37875000,37875000,492,819,37900000,16389
4,1516,37900000,37900000,492,819,37925000,16400
4,1517,37925000,37925000,492,819,37950000,16411
4,1518,37950000,37950000,492,819,37975000,16419
4,1519,37975000,37975000,492,819,38000000,16433
4,152,3800000,3800000,492,819,3825000,1649
4,1520,38000000,38000000,492,819,38025000,16443
4,1521,38025000,38025000,492,819,38050000,16454
4,1522,38050000,38050000,492,819,38075000,16464
4,1523,38075000,38075000,492,819,38100000,16476
4,1524,38100000,38100000,492,819,38125000,16486
4,1525,38125000,38125000,492,819,38150000,16496
4,1526,38150000,38150000,492,819,38175000,16508
4,1527,38175000,38175000,492,819,38200000,16519
4,1528,38200000,38200000,492,819,38225000,16530
4,1529,38225000,38225000,492,819,38250000,16539
4,153,3825000,3825000,492,819,3850000,1660
4,1530,38250000,38250000,492,819,38275000,16550
4,1531,38275000,38275000,492,819,38300000,16563
4,1532,38300000,38300000,492,819,38325000,16572
4,1533,38325000,38325000,492,819,38350000,16584
4,1534,38350000,38350000,492,819,38375000,16594
4,1535,38375000,38375000,492,819,38400000,16606
4,1536,38400000,38400000,492,819,38425000,16615
4,1537,38425000,38425000,492,819,38450000,16627
4,1538,38450000,38450000,492,819,38475000,16637
4,1539,38475000,38475000,492,819,38500000,16648
4,154,3850000,3850000,492,819,3875000,1671
4,1540,38500000,38500000,492,819,38525000,16660
4,1541,38525000,38525000,492,819,38550000,16670
4,1542,38550000,38550000,492,819,38575000,16680
4,1543,38575000,38575000,492,819,38600000,16692
4,1544,38600000,38600000,492,819,38625000,16703
4,1545,38625000,38625000,492,819,38650000,16713
4,1546,38650000,38650000,492,819,38675000,16723
4,1547,38675000,38675000,492,819,38700000,16735
4,1548,38700000,38700000,492,819,38725000,16745
4,1549,38725000,38725000,492,819,38750000,16757
4,155,3875000,3875000,492,819,3900000,1682
4,1550,38750000,38750000,492,819,38775000,16767
4,1551,38775000,38775000,492,819,38800000,16779
4,1552,38800000,38800000,492,819,38825000,16789
4,1553,38825000,38825000,492,819,38850000,16800
4,1554,38850000,38850000,492,819,38875000,16809
4,1555,38875000,38875000,492,819,38900000,16822
4,1556,38900000,38900000,492,819,38925000,16832
4,1557,38925000,38925000,492,819,38950000,16843
4,1558,38950000,38950000,492,819,38975000,16854
4,1559,38975000,38975000,492,819,39000000,16865
4,156,3900000,3900000,492,819,3925000,1693
4,1560,39000000,39000000,492,819,39025000,16875
4,1561,39025000,39025000,492,819,39050000,16886
4,1562,39050000,39050000,492,819,39075000,16897
4,1563,39075000,39075000,492,819,39100000,16908
4,1564,39100000,39100000,492,819,39125000,16919
4,1565,39125000,39125000,492,819,39150000,16929
4,1566,39150000,39150000,492,819,39175000,16939
4,1567,39175000,39175000,492,819,39200000,16952
4,1568,39200000,39200000,492,819,39225000,16962
4,1569,39225000,39225000,492,819,39250000,16973
4,157,3925000,3925000,492,819,3950000,1703
4,1570,39250000,39250000,492,819,39275000,16984
4,1571,39275000,39275000,492,819,39300000,16995
4,1572,39300000,39300000,492,819,39325000,17004
4,1573,39325000,39325000,492,819,39350000,17016
4,1574,39350000,39350000,492,819,39375000,17026
4,1575,39375000,39375000,492,819,39400000,17038
4,1576,39400000,39400000,492,819,39425000,17049
4,1577,39425000,39425000,492,819,39450000,17060
4,1578,39450000,39450000,492,819,39475000,17069
4,1579,39475000,39475000,492,819,39500000,17081
4,158,3950000,3950000,492,819,3975000,1714
4,1580,39500000,39500000,492,819,39525000,17092
4,1581,39525000,39525000,492,819,39550000,17102
4,1582,39550000,39550000,492,819,39575000,17113
4,1583,39575000,39575000,492,819,39600000,17124
4,1584,39600000,39600000,492,819,39625000,17135
4,1585,39625000,39625000,492,819,39650000,17146
4,1586,39650000,39650000,492,819,39675000,17156
4,1587,39675000,39675000,492,819,39700000,17169
4,1588,39700000,39700000,492,819,39725000,17178
4,1589,39725000,39725000,492,819,39750000,17189
4,159,3975000,3975000,492,819,4000000,1726
4,1590,39750000,39750000,492,819,39775000,17198
4,1591,39775000,39775000,492,819,39800000,17212
4,1592,39800000,39800000,492,819,39825000,17221
4,1593,39825000,39825000,492,819,39850000,17232
4,1594,39850000,39850000,492,819,39875000,17244
4,1595,39875000,39875000,492,819,39900000,17254
4,1596,39900000,39900000,492,819,39925000,17264
4,1597,39925000,39925000,492,819,39950000,17275
4,1598,39950000,39950000,492,819,39975000,17287
4,1599,39975000,39975000,492,819,40000000,17297
4,16,400000,400000,492,819,425000,179
4,160,4000000,4000000,492,819,4025000,1736
4,1600,40000000,40000000,492,819,40025000,17308
4,1601,40025000,40025000,492,819,40050000,17319
4,1602,40050000,40050000,492,819,40075000,17328
4,1603,40075000,40075000,492,819,40100000,17341
4,1604,40100000,40100000,492,819,40125000,17352
4,1605,40125000,40125000,492,819,40150000,17363
4,1606,40150000,40150000,492,819,40175000,17372
4,1607,40175000,40175000,492,819,40200000,17384
4,1608,40200000,40200000,492,819,40225000,17394
4,1609,40225000,40225000,492,819,40250000,17405
4,161,4025000,4025000,492,819,4050000,1746
4,1610,40250000,40250000,492,819,40275000,17415
4,1611,40275000,40275000,492,819,40300000,17428
4,1612,40300000,40300000,492,819,40325000,17439
4,1613,40325000,40325000,492,819,40350000,17448
4,1614,40350000,40350000,492,819,40375000,17458
4,1615,40375000,40375000,492,819,40400000,17471
4,1616,40400000,40400000,492,819,40425000,17481
4,1617,40425000,40425000,492,819,40450000,17491
4,1618,40450000,40450000,492,819,40475000,17503
4,1619,40475000,40475000,492,819,40500000,17514
4,162,4050000,4050000,492,819,4075000,1756
4,1620,40500000,40500000,492,819,40525000,17523
4,1621,40525000,40525000,492,819,40550000,17536
4,1622,40550000,40550000,492,819,40575000,17546
4,1623,40575000,40575000,492,819,40600000,17557
4,1624,40600000,40600000,492,819,40625000,17567
4,1625,40625000,40625000,492,819,40650000,17579
4,1626,40650000,40650000,492,819,40675000,17588
4,1627,40675000,40675000,492,819,40700000,17600
4,1628,40700000,40700000,492,819,40725000,17611
4,1629,40725000,40725000,492,819,40750000,17622
4,163,4075000,4075000,492,819,4100000,1770
4,1630,40750000,40750000,492,819,40775000,17632
4,1631,40775000,40775000,492,819,40800000,17643
4,1632,40800000,40800000,492,819,40825000,17654
4,1633,40825000,40825000,492,819,40850000,17665
4,1634,40850000,40850000,492,819,40875000,17675
4,1635,40875000,40875000,492,819,40900000,17687
4,1636,40900000,40900000,492,819,40925000,17698
4,1637,40925000,40925000,492,819,40950000,17707
4,1638,40950000,40950000,492,819,40975000,17718
4,1639,40975000,40975000,492,819,41000000,17731
4,164,4100000,4100000,492,819,4125000,1779
4,1640,41000000,41000000,492,819,41025000,17741
4,1641,41025000,41025000,492,819,41050000,17751
4,1642,41050000,41050000,492,819,41075000,17762
4,1643,41075000,41075000,492,819,41100000,17774
4,1644,41100000,41100000,492,819,41125000,17782
4,1645,41125000,41125000,492,819,41150000,17795
4,1646,41150000,41150000,492,819,41175000,17805
4,1647,41175000,41175000,492,819,41200000,17817
4,1648,41200000,41200000,492,819,41225000,17827
4,1649,41225000,41225000,492,819,41250000,17838
4,165,4125000,4125000,492,819,4150000,1790
4,1650,41250000,41250000,492,819,41275000,17848
4,1651,41275000,41275000,492,819,41300000,17859
4,1652,41300000,41300000,492,819,41325000,17871
4,1653,41325000,41325000,492,819,41350000,17881
4,1654,41350000,41350000,492,819,41375000,17892
4,1655,41375000,41375000,492,819,41400000,17903
4,1656,41400000,41400000,492,819,41425000,17913
4,1657,41425000,41425000,492,819,41450000,17925
4,1658,41450000,41450000,492,819,41475000,17934
4,1659,41475000,41475000,492,819,41500000,17947
4,166,4150000,4150000,492,819,4175000,1801
4,1660,41500000,41500000,492,819,41525000,17957
4,1661,41525000,41525000,492,819,41550000,17968
4,1662,41550000,41550000,492,819,41575000,17977
4,1663,41575000,41575000,492,819,41600000,17990
4,1664,41600000,41600000,492,819,41625000,18000
4,1665,41625000,41625000,492,819,41650000,18010
4,1666,41650000,41650000,492,819,41675000,18022
4,1667,41675000,41675000,492,819,41700000,18033
4,1668,41700000,41700000,492,819,41725000,18043
4,1669,41725000,41725000,492,819,41750000,18054
4,167,4175000,4175000,492,819,4200000,1812
4,1670,41750000,41750000,492,819,41775000,18065
4,1671,41775000,41775000,492,819,41800000,18076
4,1672,41800000,41800000,492,819,41825000,18087
4,1673,41825000,41825000,492,819,41850000,18097
4,1674,41850000,41850000,492,819,41875000,18107
4,1675,41875000,41875000,492,819,41900000,18120
4,1676,41900000,41900000,492,819,41925000,18130
4,1677,41925000,41925000,492,819,41950000,18141
4,1678,41950000,41950000,492,819,41975000,18151
4,1679,41975000,41975000,492,819,42000000,18163
4,168,4200000,4200000,492,819,4225000,1821
4,1680,42000000,42000000,492,819,42025000,18172
4,1681,42025000,42025000,492,819,42050000,18184
4,1682,42050000,42050000,492,819,42075000,18194
4,1683,42075000,42075000,492,819,42100000,18206
4,1684,42100000,42100000,492,819,42125000,18217
4,1685,42125000,42125000,492,819,42150000,18227
4,1686,42150000,42150000,492,819,42175000,18237
4,1687,42175000,42175000,492,819,42200000,18249
4,1688,42200000,42200000,492,819,42225000,18260
4,1689,42225000,42225000,492,819,42250000,18271
4,169,4225000,4225000,492,819,4250000,1833
4,1690,42250000,42250000,492,819,42275000,18281
4,1691,42275000,42275000,492,819,42300000,18292
4,1692,42300000,42300000,492,819,42325000,18302
4,1693,42325000,42325000,492,819,42350000,18314
4,1694,42350000,42350000,492,819,42375000,18324
4,1695,42375000,42375000,492,819,42400000,18336
4,1696,42400000,42400000,492,819,42425000,18347
4,1697,42425000,42425000,492,819,42450000,18357
4,1698,42450000,42450000,492,819,42475000,18366
4,1699,42475000,42475000,492,819,42500000,18379
4,17,425000,425000,492,819,450000,189
4,170,4250000,4250000,492,819,4275000,1844
4,1700,42500000,42500000,492,819,42525000,18389
4,1701,42525000,42525000,492,819,42550000,18400
4,1702,42550000,42550000,492,819,42575000,18411
4,1703,42575000,42575000,492,819,42600000,18423
4,1704,42600000,42600000,492,819,42625000,18432
4,1705,42625000,42625000,492,819,42650000,18443
4,1706,42650000,42650000,492,819,42675000,18455
4,1707,42675000,42675000,492,819,42700000,18465
4,1708,42700000,42700000,492,819,42725000,18476
4,1709,42725000,42725000,492,819,42750000,18486
4,171,4275000,4275000,492,819,4300000,1855
4,1710,42750000,42750000,492,819,42775000,18497
4,1711,42775000,42775000,492,819,42800000,18509
4,1712,42800000,42800000,492,819,42825000,18519
4,1713,42825000,42825000,492,819,42850000,18531
4,1714,42850000,42850000,492,819,42875000,18540
4,1715,42875000,42875000,492,819,42900000,18552
4,1716,42900000,42900000,492,819,42925000,18561
4,1717,42925000,42925000,492,819,42950000,18574
4,1718,42950000,42950000,492,819,42975000,18583
4,1719,42975000,42975000,492,819,43000000,18595
4,172,4300000,4300000,492,819,4325000,1866
4,1720,43000000,43000000,492,819,43025000,18607
4,1721,43025000,43025000,492,819,43050000,18616
4,1722,43050000,43050000,492,819,43075000,18626
4,1723,43075000,43075000,492,819,43100000,18639
4,1724,43100000,43100000,492,819,43125000,18650
4,1725,43125000,43125000,492,819,43150000,18659
4,1726,43150000,43150000,492,819,43175000,18670
4,1727,43175000,43175000,492,819,43200000,18682
4,1728,43200000,43200000,492,819,43225000,18691
4,1729,43225000,43225000,492,819,43250000,18703
4,173,4325000,4325000,492,819,4350000,1877
4,1730,43250000,43250000,492,819,43275000,18714
4,1731,43275000,43275000,492,819,43300000,18726
4,1732,43300000,43300000,492,819,43325000,18735
4,1733,43325000,43325000,492,819,43350000,18746
4,1734,43350000,43350000,492,819,43375000,18756
4,1735,43375000,43375000,492,819,43400000,18768
4,1736,43400000,43400000,492,819,43425000,18778
4,1737,43425000,43425000,492,819,43450000,18790
4,1738,43450000,43450000,492,819,43475000,18801
4,1739,43475000,43475000,492,819,43500000,18811
4,174,4350000,4350000,492,819,4375000,1886
4,1740,43500000,43500000,492,819,43525000,18822
4,1741,43525000,43525000,492,819,43550000,18833
4,1742,43550000,43550000,492,819,43575000,18843
4,1743,43575000,43575000,492,819,43600000,18854
4,1744,43600000,43600000,492,819,43625000,18866
4,1745,43625000,43625000,492,819,43650000,18876
4,1746,43650000,43650000,492,819,43675000,18885
4,1747,43675000,43675000,492,819,43700000,18899
4,1748,43700000,43700000,492,819,43725000,18909
4,1749,43725000,43725000,492,819,43750000,18919
4,175,4375000,4375000,492,819,4400000,1898
4,1750,43750000,43750000,492,819,43775000,18929
4,1751,43775000,43775000,492,819,43800000,18942
4,1752,43800000,43800000,492,819,43825000,18951
4,1753,43825000,43825000,492,819,43850000,18962
4,1754,43850000,43850000,492,819,43875000,18973
4,1755,43875000,43875000,492,819,43900000,18985
4,1756,43900000,43900000,492,819,43925000,18995
4,1757,43925000,43925000,492,819,43950000,19006
4,1758,43950000,43950000,492,819,43975000,19016
4,1759,43975000,43975000,492,819,44000000,19028
4,176,4400000,4400000,492,819,4425000,1910
4,1760,44000000,44000000,492,819,44025000,19038
4,1761,44025000,44025000,492,819,44050000,19049
4,1762,44050000,44050000,492,819,44075000,19060
4,1763,44075000,44075000,492,819,44100000,19070
4,1764,44100000,44100000,492,819,44125000,19081
4,1765,44125000,44125000,492,819,44150000,19093
4,1766,44150000,44150000,492,819,44175000,19103
4,1767,44175000,44175000,492,819,44200000,19114
4,1768,44200000,44200000,492,819,44225000,19125
4,1769,44225000,44225000,492,819,44250000,19136
4,177,4425000,4425000,492,819,4450000,1920
4,1770,44250000,44250000,492,819,44275000,19144
4,1771,44275000,44275000,492,819,44300000,19158
4,1772,44300000,44300000,492,819,44325000,19168
4,1773,44325000,44325000,492,819,44350000,19179
4,1774,44350000,44350000,492,819,44375000,19190
4,1775,44375000,44375000,492,819,44400000,19201
4,1776,44400000,44400000,492,819,44425000,19211
4,1777,44425000,44425000,492,819,44450000,19221
4,1778,44450000,44450000,492,819,44475000,19233
4,1779,44475000,44475000,492,819,44500000,19244
4,178,4450000,4450000,492,819,4475000,1930
4,1780,44500000,44500000,492,819,44525000,19255
4,1781,44525000,44525000,492,819,44550000,19265
4,1782,44550000,44550000,492,819,44575000,19275
4,1783,44575000,44575000,492,819,44600000,19288
4,1784,44600000,44600000,492,819,44625000,19297
4,1785,44625000,44625000,492,819,44650000,19309
4,1786,44650000,44650000,492,819,44675000,19319
4,1787,44675000,44675000,492,819,44700000,19331
4,1788,44700000,44700000,492,819,44725000,19340
4,1789,44725000,44725000,492,819,44750000,19352
4,179,4475000,4475000,492,819,4500000,1941
4,1790,44750000,44750000,492,819,44775000,19362
4,1791,44775000,44775000,492,819,44800000,19374
4,1792,44800000,44800000,492,819,44825000,19385
4,1793,44825000,44825000,492,819,44850000,19395
4,1794,44850000,44850000,492,819,44875000,19405
4,1795,44875000,44875000,492,819,44900000,19417
4,1796,44900000,44900000,492,819,44925000,19428
4,1797,44925000,44925000,492,819,44950000,19438
4,1798,44950000,44950000,492,819,44975000,19449
4,1799,44975000,44975000,492,819,45000000,19460
4,18,450000,450000,492,819,475000,199
4,180,4500000,4500000,492,819,4525000,1952
4,1800,45000000,45000000,492,819,45025000,19470
4,1801,45025000,45025000,492,819,45050000,19482
4,1802,45050000,45050000,492,819,45075000,19492
4,1803,45075000,45075000,492,819,45100000,19504
4,1804,45100000,45100000,492,819,45125000,19514
4,1805,45125000,45125000,492,819,45150000,19525
4,1806,45150000,45150000,492,819,45175000,19534
4,1807,45175000,45175000,492,819,45200000,19547
4,1808,45200000,45200000,492,819,45225000,19558
4,1809,45225000,45225000,492,819,45250000,19568
4,181,4525000,4525000,492,819,4550000,1963
4,1810,45250000,45250000,492,819,45275000,19579
4,1811,45275000,45275000,492,819,45300000,19590
4,1812,45300000,45300000,492,819,45325000,19600
4,1813,45325000,45325000,492,819,45350000,19611
4,1814,45350000,45350000,492,819,45375000,19622
4,1815,45375000,45375000,492,819,45400000,19634
4,1816,45400000,45400000,492,819,45425000,19644
4,1817,45425000,45425000,492,819,45450000,19654
4,1818,45450000,45450000,492,819,45475000,19664
4,1819,45475000,45475000,492,819,45500000,19677
4,182,4550000,4550000,492,819,4575000,1973
4,1820,45500000,45500000,492,819,45525000,19687
4,1821,45525000,45525000,492,819,45550000,19698
4,1822,45550000,45550000,492,819,45575000,19709
4,1823,45575000,45575000,492,819,45600000,19720
4,1824,45600000,45600000,492,819,45625000,19729
4,1825,45625000,45625000,492,819,45650000,19742
4,1826,45650000,45650000,492,819,45675000,19751
4,1827,45675000,45675000,492,819,45700000,19763
4,1828,45700000,45700000,492,819,45725000,19774
4,1829,45725000,45725000,492,819,45750000,19785
4,183,4575000,4575000,492,819,4600000,1986
4,1830,45750000,45750000,492,819,45775000,19794
4,1831,45775000,45775000,492,819,45800000,19806
4,1832,45800000,45800000,492,819,45825000,19818
4,1833,45825000,45825000,492,819,45850000,19827
4,1834,45850000,45850000,492,819,45875000,19838
4,1835,45875000,45875000,492,819,45900000,19849
4,1836,45900000,45900000,492,819,45925000,19860
4,1837,45925000,45925000,492,819,45950000,19871
4,1838,45950000,45950000,492,819,45975000,19881
4,1839,45975000,45975000,492,819,46000000,19894
4,184,4600000,4600000,492,819,4625000,1996
4,1840,46000000,46000000,492,819,46025000,19903
4,1841,46025000,46025000,492,819,46050000,19914
4,1842,46050000,46050000,492,819,46075000,19924
4,1843,46075000,46075000,492,819,46100000,19937
4,1844,46100000,46100000,492,819,46125000,19946
4,1845,46125000,46125000,492,819,46150000,19957
4,1846,46150000,46150000,492,819,46175000,19969
4,1847,46175000,46175000,492,819,46200000,19979
4,1848,46200000,46200000,492,819,46225000,19989
4,1849,46225000,46225000,492,819,46250000,20001
4,185,4625000,4625000,492,819,4650000,2006
4,1850,46250000,46250000,492,819,46275000,20012
4,1851,46275000,46275000,492,819,46300000,20022
4,1852,46300000,46300000,492,819,46325000,20033
4,1853,46325000,46325000,492,819,46350000,20044
4,1854,46350000,46350000,492,819,46375000,20053
4,1855,46375000,46375000,492,819,46400000,20066
4,1856,46400000,46400000,492,819,46425000,20077
4,1857,46425000,46425000,492,819,46450000,20088
4,1858,46450000,46450000,492,819,46475000,20097
4,1859,46475000,46475000,492,819,46500000,20110
4,186,4650000,4650000,492,819,4675000,2015
4,1860,46500000,46500000,492,819,46525000,20119
4,1861,46525000,46525000,492,819,46550000,20130
4,1862,46550000,46550000,492,819,46575000,20140
4,1863,46575000,46575000,492,819,46600000,20153
4,1864,46600000,46600000,492,819,46625000,20164
4,1865,46625000,46625000,492,819,46650000,20173
4,1866,46650000,46650000,492,819,46675000,20184
4,1867,46675000,46675000,492,819,46700000,20196
4,1868,46700000,46700000,492,819,46725000,20206
4,1869,46725000,46725000,492,819,46750000,20216
4,187,4675000,4675000,492,819,4700000,2029
4,1870,46750000,46750000,492,819,46775000,20228
4,1871,46775000,46775000,492,819,46800000,20239
4,1872,46800000,46800000,492,819,46825000,20248
4,1873,46825000,46825000,492,819,46850000,20261
4,1874,46850000,46850000,492,819,46875000,20271
4,1875,46875000,46875000,492,819,46900000,20282
4,1876,46900000,46900000,492,819,46925000,20293
4,1877,46925000,46925000,492,819,46950000,20304
4,1878,46950000,46950000,492,819,46975000,20313
4,1879,46975000,46975000,492,819,47000000,20325
4,188,4700000,4700000,492,819,4725000,2038
4,1880,47000000,47000000,492,819,47025000,20336
4,1881,47025000,47025000,492,819,47050000,20347
4,1882,47050000,47050000,492,819,47075000,20357
4,1883,47075000,47075000,492,819,47100000,20369
4,1884,47100000,47100000,492,819,47125000,20379
4,1885,47125000,47125000,492,819,47150000,20390
4,1886,47150000,47150000,492,819,47175000,20400
4,1887,47175000,47175000,492,819,47200000,20412
4,1888,47200000,47200000,492,819,47225000,20423
4,1889,47225000,47225000,492,819,47250000,20432
4,189,4725000,4725000,492,819,4750000,2049
4,1890,47250000,47250000,492,819,47275000,20443
4,1891,47275000,47275000,492,819,47300000,20456
4,1892,47300000,47300000,492,819,47325000,20466
4,1893,47325000,47325000,492,819,47350000,20477
4,1894,47350000,47350000,492,819,47375000,20487
4,1895,47375000,47375000,492,819,47400000,20499
4,1896,47400000,47400000,492,819,47425000,20507
4,1897,47425000,47425000,492,819,47450000,20520
4,1898,47450000,47450000,492,819,47475000,20530
4,1899,47475000,47475000,492,819,47500000,20542
4,19,475000,475000,492,819,500000,212
4,190,4750000,4750000,492,819,4775000,2061
4,1900,47500000,47500000,492,819,47525000,20553
4,1901,47525000,47525000,492,819,47550000,20563
4,1902,47550000,47550000,492,819,47575000,20573
4,1903,47575000,47575000,492,819,47600000,20584
4,1904,47600000,47600000,492,819,47625000,20596
4,1905,47625000,47625000,492,819,47650000,20606
4,1906,47650000,47650000,492,819,47675000,20617
4,1907,47675000,47675000,492,819,47700000,20628
4,1908,47700000,47700000,492,819,47725000,20638
4,1909,47725000,47725000,492,819,47750000,20650
4,191,4775000,4775000,492,819,4800000,2072
4,1910,47750000,47750000,492,819,47775000,20660
4,1911,47775000,47775000,492,819,47800000,20672
4,1912,47800000,47800000,492,819,47825000,20682
4,1913,47825000,47825000,492,819,47850000,20693
4,1914,47850000,47850000,492,819,47875000,20702
4,1915,47875000,47875000,492,819,47900000,20715
4,1916,47900000,47900000,492,819,47925000,20725
4,1917,47925000,47925000,492,819,47950000,20736
4,1918,47950000,47950000,492,819,47975000,20747
4,1919,47975000,47975000,492,819,48000000,20758
4,192,4800000,4800000,492,819,4825000,2081
4,1920,48000000,48000000,492,819,48025000,20768
4,1921,48025000,48025000,492,819,48050000,20779
4,1922,48050000,48050000,492,819,48075000,20790
4,1923,48075000,48075000,492,819,48100000,20801
4,1924,48100000,48100000,492,819,48125000,20812
4,1925,48125000,48125000,492,819,48150000,20822
4,1926,48150000,48150000,492,819,48175000,20832
4,1927,48175000,48175000,492,819,48200000,20846
4,1928,48200000,48200000,492,819,48225000,20855
4,1929,48225000,48225000,492,819,48250000,20866
4,193,4825000,4825000,492,819,4850000,2093
4,1930,48250000,48250000,492,819,48275000,20876
4,1931,48275000,48275000,492,819,48300000,20888
4,1932,48300000,48300000,492,819,48325000,20897
4,1933,48325000,48325000,492,819,48350000,20909
4,1934,48350000,48350000,492,819,48375000,20920
4,1935,48375000,48375000,492,819,48400000,20931
4,1936,48400000,48400000,492,819,48425000,20942
4,1937,48425000,48425000,492,819,48450000,20952
4,1938,48450000,48450000,492,819,48475000,20962
4,1939,48475000,48475000,492,819,48500000,20974
4,194,4850000,4850000,492,819,4875000,2104
4,1940,48500000,48500000,492,819,48525000,20985
4,1941,48525000,48525000,492,819,48550000,20996
4,1942,48550000,48550000,492,819,48575000,21006
4,1943,48575000,48575000,492,819,48600000,21017
4,1944,48600000,48600000,492,819,48625000,21028
4,1945,48625000,48625000,492,819,48650000,21039
4,1946,48650000,48650000,492,819,48675000,21049
4,1947,48675000,48675000,492,819,48700000,21061
4,1948,48700000,48700000,492,819,48725000,21072
4,1949,48725000,48725000,492,819,48750000,21082
4,195,4875000,4875000,492,819,4900000,2114
4,1950,48750000,48750000,492,819,48775000,21091
4,1951,48775000,48775000,492,819,48800000,21105
4,1952,48800000,48800000,492,819,48825000,21114
4,1953,48825000,48825000,492,819,48850000,21125
4,1954,48850000,48850000,492,819,48875000,21136
4,1955,48875000,48875000,492,819,48900000,21148
4,1956,48900000,48900000,492,819,48925000,21157
4,1957,48925000,48925000,492,819,48950000,21168
4,1958,48950000,48950000,492,819,48975000,21180
4,1959,48975000,48975000,492,819,49000000,21190
4,196,4900000,4900000,492,819,4925000,2125
4,1960,49000000,49000000,492,819,49025000,21201
4,1961,49025000,49025000,492,819,49050000,21212
4,1962,49050000,49050000,492,819,49075000,21222
4,1963,49075000,49075000,492,819,49100000,21234
4,1964,49100000,49100000,492,819,49125000,21244
4,1965,49125000,49125000,492,819,49150000,21256
4,1966,49150000,49150000,492,819,49175000,21265
4,1967,49175000,49175000,492,819,49200000,21277
4,1968,49200000,49200000,492,819,49225000,21287
4,1969,49225000,49225000,492,819,49250000,21299
4,197,4925000,4925000,492,819,4950000,2136
4,1970,49250000,49250000,492,819,49275000,21308
4,1971,49275000,49275000,492,819,49300000,21320
4,1972,49300000,49300000,492,819,49325000,21332
4,1973,49325000,49325000,492,819,49350000,21341
4,1974,49350000,49350000,492,819,49375000,21351
4,1975,49375000,49375000,492,819,49400000,21364
4,1976,49400000,49400000,492,819,49425000,21375
4,1977,49425000,49425000,492,819,49450000,21384
4,1978,49450000,49450000,492,819,49475000,21396
4,1979,49475000,49475000,492,819,49500000,21407
4,198,4950000,4950000,492,819,4975000,2146
4,1980,49500000,49500000,492,819,49525000,21416
4,1981,49525000,49525000,492,819,49550000,21428
4,1982,49550000,49550000,492,819,49575000,21439
4,1983,49575000,49575000,492,819,49600000,21451
4,1984,49600000,49600000,492,819,49625000,21460
4,1985,49625000,49625000,492,819,49650000,21472
4,1986,49650000,49650000,492,819,49675000,21481
4,1987,49675000,49675000,492,819,49700000,21493
4,1988,49700000,49700000,492,819,49725000,21503
4,1989,49725000,49725000,492,819,49750000,21515
4,199,4975000,4975000,492,819,5000000,2158
4,1990,49750000,49750000,492,819,49775000,21526
4,1991,49775000,49775000,492,819,49800000,21536
4,1992,49800000,49800000,492,819,49825000,21547
4,1993,49825000,49825000,492,819,49850000,21558
4,1994,49850000,49850000,492,819,49875000,21568
4,1995,49875000,49875000,492,819,49900000,21580
4,1996,49900000,49900000,492,819,49925000,21591
4,1997,49925000,49925000,492,819,49950000,21601
4,1998,49950000,49950000,492,819,49975000,21610
4,1999,49975000,49975000,492,819,50000000,21624
4,2,50000,50000,492,819,75000,27
4,20,500000,500000,492,819,525000,222
4,200,5000000,5000000,492,819,5025000,2169
4,2000,50000000,50000000,492,819,50025000,21634
4,2001,50025000,50025000,492,819,50050000,21644
4,2002,50050000,50050000,492,819,50075000,21655
4,2003,50075000,50075000,492,819,50100000,21667
4,2004,50100000,50100000,492,819,50125000,21676
4,2005,50125000,50125000,492,819,50150000,21687
4,2006,50150000,50150000,492,819,50175000,21698
4,2007,50175000,50175000,492,819,50200000,21710
4,2008,50200000,50200000,492,819,50225000,21720
4,2009,50225000,50225000,492,819,50250000,21731
4,201,5025000,5025000,492,819,5050000,2180
4,2010,50250000,50250000,492,819,50275000,21741
4,2011,50275000,50275000,492,819,50300000,21753
4,2012,50300000,50300000,492,819,50325000,21764
4,2013,50325000,50325000,492,819,50350000,21774
4,2014,50350000,50350000,492,819,50375000,21785
4,2015,50375000,50375000,492,819,50400000,21795
4,2016,50400000,50400000,492,819,50425000,21806
4,2017,50425000,50425000,492,819,50450000,21818
4,2018,50450000,50450000,492,819,50475000,21828
4,2019,50475000,50475000,492,819,50500000,21840
4,202,5050000,5050000,492,819,5075000,2189
4,2020,50500000,50500000,492,819,50525000,21850
4,2021,50525000,50525000,492,819,50550000,21861
4,2022,50550000,50550000,492,819,50575000,21869
4,2023,50575000,50575000,492,819,50600000,21883
4,2024,50600000,50600000,492,819,50625000,21893
4,2025,50625000,50625000,492,819,50650000,21904
4,2026,50650000,50650000,492,819,50675000,21915
4,2027,50675000,50675000,492,819,50700000,21926
4,2028,50700000,50700000,492,819,50725000,21936
4,2029,50725000,50725000,492,819,50750000,21947
4,203,5075000,5075000,492,819,5100000,2201
4,2030,50750000,50750000,492,819,50775000,21958
4,2031,50775000,50775000,492,819,50800000,21969
4,2032,50800000,50800000,492,819,50825000,21980
4,2033,50825000,50825000,492,819,50850000,21990
4,2034,50850000,50850000,492,819,50875000,22000
4,2035,50875000,50875000,492,819,50900000,22013
4,2036,50900000,50900000,492,819,50925000,22023
4,2037,50925000,50925000,492,819,50950000,22034
4,2038,50950000,50950000,492,819,50975000,22044
4,2039,50975000,50975000,492,819,51000000,22056
4,204,5100000,5100000,492,819,5125000,2211
4,2040,51000000,51000000,492,819,51025000,22065
4,2041,51025000,51025000,492,819,51050000,22077
4,2042,51050000,51050000,492,819,51075000,22087
4,2043,51075000,51075000,492,819,51100000,22099
4,2044,51100000,51100000,492,819,51125000,22110
4,2045,51125000,51125000,492,819,51150000,22120
4,2046,51150000,51150000,492,819,51175000,22131
4,2047,51175000,51175000,492,819,51200000,22142
4,2048,51200000,51200000,492,819,51225000,22153
4,2049,51225000,51225000,492,819,51250000,22163
4,205,5125000,5125000,492,819,5150000,2223
4,2050,51250000,51250000,492,819,51275000,22174
4,2051,51275000,51275000,492,819,51300000,22185
4,2052,51300000,51300000,492,819,51325000,22195
4,2053,51325000,51325000,492,819,51350000,22208
4,2054,51350000,51350000,492,819,51375000,22217
4,2055,51375000,51375000,492,819,51400000,22229
4,2056,51400000,51400000,492,819,51425000,22239
4,2057,51425000,51425000,492,819,51450000,22250
4,2058,51450000,51450000,492,819,51475000,22259
4,2059,51475000,51475000,492,819,51500000,22272
4,206,5150000,5150000,492,819,5175000,2232
4,2060,51500000,51500000,492,819,51525000,22283
4,2061,51525000,51525000,492,819,51550000,22293
4,2062,51550000,51550000,492,819,51575000,22304
4,2063,51575000,51575000,492,819,51600000,22316
4,2064,51600000,51600000,492,819,51625000,22325
4,2065,51625000,51625000,492,819,51650000,22336
4,2066,51650000,51650000,492,819,51675000,22347
4,2067,51675000,51675000,492,819,51700000,22359
4,2068,51700000,51700000,492,819,51725000,22369
4,2069,51725000,51725000,492,819,51750000,22379
4,207,5175000,5175000,492,819,5200000,2245
4,2070,51750000,51750000,492,819,51775000,22390
4,2071,51775000,51775000,492,819,51800000,22402
4,2072,51800000,51800000,492,819,51825000,22412
4,2073,51825000,51825000,492,819,51850000,22423
4,2074,51850000,51850000,492,819,51875000,22434
4,2075,51875000,51875000,492,819,51900000,22445
4,2076,51900000,51900000,492,819,51925000,22454
4,2077,51925000,51925000,492,819,51950000,22467
4,2078,51950000,51950000,492,819,51975000,22476
4,2079,51975000,51975000,492,819,52000000,22488
4,208,5200000,5200000,492,819,5225000,2256
4,2080,52000000,52000000,492,819,52025000,22500
4,2081,52025000,52025000,492,819,52050000,22510
4,2082,52050000,52050000,492,819,52075000,22519
4,2083,52075000,52075000,492,819,52100000,22531
4,2084,52100000,52100000,492,819,52125000,22543
4,2085,52125000,52125000,492,819,52150000,22552
4,2086,52150000,52150000,492,819,52175000,22563
4,2087,52175000,52175000,492,819,52200000,22575
4,2088,52200000,52200000,492,819,52225000,22585
4,2089,52225000,52225000,492,819,52250000,22596
4,209,5225000,5225000,492,819,5250000,2265
4,2090,52250000,52250000,492,819,52275000,22606
4,2091,52275000,52275000,492,819,52300000,22619
4,2092,52300000,52300000,492,819,52325000,22628
4,2093,52325000,52325000,492,819,52350000,22639
4,2094,52350000,52350000,492,819,52375000,22649
4,2095,52375000,52375000,492,819,52400000,22662
4,2096,52400000,52400000,492,819,52425000,22671
4,2097,52425000,52425000,492,819,52450000,22683
4,2098,52450000,52450000,492,819,52475000,22694
4,2099,52475000,52475000,492,819,52500000,22704
4,21,525000,525000,492,819,550000,233
4,210,5250000,5250000,492,819,5275000,2276
4,2100,52500000,52500000,492,819,52525000,22714
4,2101,52525000,52525000,492,819,52550000,22726
4,2102,52550000,52550000,492,819,52575000,22737
4,2103,52575000,52575000,492,819,52600000,22747
4,2104,52600000,52600000,492,819,52625000,22759
4,2105,52625000,52625000,492,819,52650000,22769
4,2106,52650000,52650000,492,819,52675000,22778
4,2107,52675000,52675000,492,819,52700000,22791
4,2108,52700000,52700000,492,819,52725000,22802
4,2109,52725000,52725000,492,819,52750000,22813
4,211,5275000,5275000,492,819,5300000,2288
4,2110,52750000,52750000,492,819,52775000,22822
4,2111,52775000,52775000,492,819,52800000,22835
4,2112,52800000,52800000,492,819,52825000,22844
4,2113,52825000,52825000,492,819,52850000,22855
4,2114,52850000,52850000,492,819,52875000,22866
4,2115,52875000,52875000,492,819,52900000,22878
4,2116,52900000,52900000,492,819,52925000,22889
4,2117,52925000,52925000,492,819,52950000,22898
4,2118,52950000,52950000,492,819,52975000,22909
4,2119,52975000,52975000,492,819,53000000,22921
4,212,5300000,5300000,492,819,5325000,2299
4,2120,53000000,53000000,492,819,53025000,22931
4,2121,53025000,53025000,492,819,53050000,22942
4,2122,53050000,53050000,492,819,53075000,22953
4,2123,53075000,53075000,492,819,53100000,22964
4,2124,53100000,53100000,492,819,53125000,22973
4,2125,53125000,53125000,492,819,53150000,22986
4,2126,53150000,53150000,492,819,53175000,22996
4,2127,53175000,53175000,492,819,53200000,23007
4,2128,53200000,53200000,492,819,53225000,23018
4,2129,53225000,53225000,492,819,53250000,23029
4,213,5325000,5325000,492,819,5350000,2308
4,2130,53250000,53250000,492,819,53275000,23038
4,2131,53275000,53275000,492,819,53300000,23051
4,2132,53300000,53300000,492,819,53325000,23061
4,2133,53325000,53325000,492,819,53350000,23072
4,2134,53350000,53350000,492,819,53375000,23082
4,2135,53375000,53375000,492,819,53400000,23094
4,2136,53400000,53400000,492,819,53425000,23104
4,2137,53425000,53425000,492,819,53450000,23115
4,2138,53450000,53450000,492,819,53475000,23126
4,2139,53475000,53475000,492,819,53500000,23137
4,214,5350000,5350000,492,819,5375000,2320
4,2140,53500000,53500000,492,819,53525000,23148
4,2141,53525000,53525000,492,819,53550000,23157
4,2142,53550000,53550000,492,819,53575000,23168
4,2143,53575000,53575000,492,819,53600000,23181
4,2144,53600000,53600000,492,819,53625000,23191
4,2145,53625000,53625000,492,819,53650000,23202
4,2146,53650000,53650000,492,819,53675000,23212
4,2147,53675000,53675000,492,819,53700000,23224
4,2148,53700000,53700000,492,819,53725000,23233
4,2149,53725000,53725000,492,819,53750000,23245
4,215,5375000,5375000,492,819,5400000,2331
4,2150,53750000,53750000,492,819,53775000,23255
4,2151,53775000,53775000,492,819,53800000,23267
4,2152,53800000,53800000,492,819,53825000,23278
4,2153,53825000,53825000,492,819,53850000,23288
4,2154,53850000,53850000,492,819,53875000,23298
4,2155,53875000,53875000,492,819,53900000,23310
4,2156,53900000,53900000,492,819,53925000,23321
4,2157,53925000,53925000,492,819,53950000,23331
4,2158,53950000,53950000,492,819,53975000,23342
4,2159,53975000,53975000,492,819,54000000,23353
4,216,5400000,5400000,492,819,5425000,2340
4,2160,54000000,54000000,492,819,54025000,23363
4,2161,54025000,54025000,492,819,54050000,23375
4,2162,54050000,54050000,492,819,54075000,23385
4,2163,54075000,54075000,492,819,54100000,23397
4,2164,54100000,54100000,492,819,54125000,23407
4,2165,54125000,54125000,492,819,54150000,23419
4,2166,54150000,54150000,492,819,54175000,23427
4,2167,54175000,54175000,492,819,54200000,23440
4,2168,54200000,54200000,492,819,54225000,23450
4,2169,54225000,54225000,492,819,54250000,23461
4,217,5425000,5425000,492,819,5450000,2353
4,2170,54250000,54250000,492,819,54275000,23472
4,2171,54275000,54275000,492,819,54300000,23483
4,2172,54300000,54300000,492,819,54325000,23494
4,2173,54325000,54325000,492,819,54350000,23504
4,2174,54350000,54350000,492,819,54375000,23515
4,2175,54375000,54375000,492,819,54400000,23526
4,2176,54400000,54400000,492,819,54425000,23537
4,2177,54425000,54425000,492,819,54450000,23547
4,2178,54450000,54450000,492,819,54475000,23557
4,2179,54475000,54475000,492,819,54500000,23571
4,218,5450000,5450000,492,819,5475000,2363
4,2180,54500000,54500000,492,819,54525000,23580
4,2181,54525000,54525000,492,819,54550000,23591
4,2182,54550000,54550000,492,819,54575000,23602
4,2183,54575000,54575000,492,819,54600000,23613
4,2184,54600000,54600000,492,819,54625000,23622
4,2185,54625000,54625000,492,819,54650000,23634
4,2186,54650000,54650000,492,819,54675000,23645
4,2187,54675000,54675000,492,819,54700000,23656
4,2188,54700000,54700000,492,819,54725000,23667
4,2189,54725000,54725000,492,819,54750000,23678
4,219,5475000,5475000,492,819,5500000,2375
4,2190,54750000,54750000,492,819,54775000,23687
4,2191,54775000,54775000,492,819,54800000,23699
4,2192,54800000,54800000,492,819,54825000,23710
4,2193,54825000,54825000,492,819,54850000,23721
4,2194,54850000,54850000,492,819,54875000,23731
4,2195,54875000,54875000,492,819,54900000,23742
4,2196,54900000,54900000,492,819,54925000,23753
4,2197,54925000,54925000,492,819,54950000,23764
4,2198,54950000,54950000,492,819,54975000,23774
4,2199,54975000,54975000,492,819,55000000,23787
4,22,550000,550000,492,819,575000,243
4,220,5500000,5500000,492,819,5525000,2384
4,2200,55000000,55000000,492,819,55025000,23797
4,2201,55025000,55025000,492,819,55050000,23807
4,2202,55050000,55050000,492,819,55075000,23816
4,2203,55075000,55075000,492,819,55100000,23830
4,2204,55100000,55100000,492,819,55125000,23839
4,2205,55125000,55125000,492,819,55150000,23850
4,2206,55150000,55150000,492,819,55175000,23862
4,2207,55175000,55175000,492,819,55200000,23873
4,2208,55200000,55200000,492,819,55225000,23882
4,2209,55225000,55225000,492,819,55250000,23893
4,221,5525000,5525000,492,819,5550000,2396
4,2210,55250000,55250000,492,819,55275000,23905
4,2211,55275000,55275000,492,819,55300000,23915
4,2212,55300000,55300000,492,819,55325000,23926
4,2213,55325000,55325000,492,819,55350000,23937
4,2214,55350000,55350000,492,819,55375000,23947
4,2215,55375000,55375000,492,819,55400000,23959
4,2216,55400000,55400000,492,819,55425000,23970
4,2217,55425000,55425000,492,819,55450000,23981
4,2218,55450000,55450000,492,819,55475000,23990
4,2219,55475000,55475000,492,819,55500000,24002
4,222,5550000,5550000,492,819,5575000,2405
4,2220,55500000,55500000,492,819,55525000,24012
4,2221,55525000,55525000,492,819,55550000,24024
4,2222,55550000,55550000,492,819,55575000,24033
4,2223,55575000,55575000,492,819,55600000,24046
4,2224,55600000,55600000,492,819,55625000,24057
4,2225,55625000,55625000,492,819,55650000,24066
4,2226,55650000,55650000,492,819,55675000,24076
4,2227,55675000,55675000,492,819,55700000,24089
4,2228,55700000,55700000,492,819,55725000,24100
4,2229,55725000,55725000,492,819,55750000,24109
4,223,5575000,5575000,492,819,5600000,2417
4,2230,55750000,55750000,492,819,55775000,24121
4,2231,55775000,55775000,492,819,55800000,24132
4,2232,55800000,55800000,492,819,55825000,24141
4,2233,55825000,55825000,492,819,55850000,24154
4,2234,55850000,55850000,492,819,55875000,24164
4,2235,55875000,55875000,492,819,55900000,24176
4,2236,55900000,55900000,492,819,55925000,24185
4,2237,55925000,55925000,492,819,55950000,24197
4,2238,55950000,55950000,492,819,55975000,24206
4,2239,55975000,55975000,492,819,56000000,24218
4,224,5600000,5600000,492,819,5625000,2428
4,2240,56000000,56000000,492,819,56025000,24229
4,2241,56025000,56025000,492,819,56050000,24240
4,2242,56050000,56050000,492,819,56075000,24251
4,2243,56075000,56075000,492,819,56100000,24261
4,2244,56100000,56100000,492,819,56125000,24272
4,2245,56125000,56125000,492,819,56150000,24283
4,2246,56150000,56150000,492,819,56175000,24293
4,2247,56175000,56175000,492,819,56200000,24305
4,2248,56200000,56200000,492,819,56225000,24316
4,2249,56225000,56225000,492,819,56250000,24326
4,225,5625000,5625000,492,819,5650000,2439
4,2250,56250000,56250000,492,819,56275000,24336
4,2251,56275000,56275000,492,819,56300000,24349
4,2252,56300000,56300000,492,819,56325000,24359
4,2253,56325000,56325000,492,819,56350000,24369
4,2254,56350000,56350000,492,819,56375000,24380
4,2255,56375000,56375000,492,819,56400000,24392
4,2256,56400000,56400000,492,819,56425000,24401
4,2257,56425000,56425000,492,819,56450000,24413
4,2258,56450000,56450000,492,819,56475000,24423
4,2259,56475000,56475000,492,819,56500000,24435
4,226,5650000,5650000,492,819,5675000,2450
4,2260,56500000,56500000,492,819,56525000,24445
4,2261,56525000,56525000,492,819,56550000,24456
4,2262,56550000,56550000,492,819,56575000,24466
4,2263,56575000,56575000,492,819,56600000,24478
4,2264,56600000,56600000,492,819,56625000,24489
4,2265,56625000,56625000,492,819,56650000,24499
4,2266,56650000,56650000,492,819,56675000,24510
4,2267,56675000,56675000,492,819,56700000,24521
4,2268,56700000,56700000,492,819,56725000,24531
4,2269,56725000,56725000,492,819,56750000,24543
4,227,5675000,5675000,492,819,5700000,2461
4,2270,56750000,56750000,492,819,56775000,24553
4,2271,56775000,56775000,492,819,56800000,24565
4,2272,56800000,56800000,492,819,56825000,24575
4,2273,56825000,56825000,492,819,56850000,24586
4,2274,56850000,56850000,492,819,56875000,24595
4,2275,56875000,56875000,492,819,56900000,24608
4,2276,56900000,56900000,492,819,56925000,24618
4,2277,56925000,56925000,492,819,56950000,24629
4,2278,56950000,56950000,492,819,56975000,24640
4,2279,56975000,56975000,492,819,57000000,24651
4,228,5700000,5700000,492,819,5725000,2471
4,2280,57000000,57000000,492,819,57025000,24661
4,2281,57025000,57025000,492,819,57050000,24672
4,2282,57050000,57050000,492,819,57075000,24683
4,2283,57075000,57075000,492,819,57100000,24694
4,2284,57100000,57100000,492,819,57125000,24706
4,2285,57125000,57125000,492,819,57150000,24715
4,2286,57150000,57150000,492,819,57175000,24725
4,2287,57175000,57175000,492,819,57200000,24738
4,2288,57200000,57200000,492,819,57225000,24748
4,2289,57225000,57225000,492,819,57250000,24759
4,229,5725000,5725000,492,819,5750000,2482
4,2290,57250000,57250000,492,819,57275000,24769
4,2291,57275000,57275000,492,819,57300000,24782
4,2292,57300000,57300000,492,819,57325000,24790
4,2293,57325000,57325000,492,819,57350000,24802
4,2294,57350000,57350000,492,819,57375000,24812
4,2295,57375000,57375000,492,819,57400000,24824
4,2296,57400000,57400000,492,819,57425000,24835
4,2297,57425000,57425000,492,819,57450000,24845
4,2298,57450000,57450000,492,819,57475000,24856
4,2299,57475000,57475000,492,819,57500000,24867
4,23,575000,575000,492,819,600000,256
4,230,5750000,5750000,492,819,5775000,2492
4,2300,57500000,57500000,492,819,57525000,24878
4,2301,57525000,57525000,492,819,57550000,24889
4,2302,57550000,57550000,492,819,57575000,24899
4,2303,57575000,57575000,492,819,57600000,24910
4,2304,57600000,57600000,492,819,57625000,24920
4,2305,57625000,57625000,492,819,57650000,24933
4,2306,57650000,57650000,492,819,57675000,24942
4,2307,57675000,57675000,492,819,57700000,24954
4,2308,57700000,57700000,492,819,57725000,24965
4,2309,57725000,57725000,492,819,57750000,24975
4,231,5775000,5775000,492,819,5800000,2504
4,2310,57750000,57750000,492,819,57775000,24984
4,2311,57775000,57775000,492,819,57800000,24997
4,2312,57800000,57800000,492,819,57825000,25008
4,2313,57825000,57825000,492,819,57850000,25018
4,2314,57850000,57850000,492,819,57875000,25029
4,2315,57875000,57875000,492,819,57900000,25041
4,2316,57900000,57900000,492,819,57925000,25050
4,2317,57925000,57925000,492,819,57950000,25061
4,2318,57950000,57950000,492,819,57975000,25073
4,2319,57975000,57975000,492,819,58000000,25084
4,232,5800000,5800000,492,819,5825000,2515
4,2320,58000000,58000000,492,819,58025000,25094
4,2321,58025000,58025000,492,819,58050000,25104
4,2322,58050000,58050000,492,819,58075000,25115
4,2323,58075000,58075000,492,819,58100000,25127
4,2324,58100000,58100000,492,819,58125000,25137
4,2325,58125000,58125000,492,819,58150000,25149
4,2326,58150000,58150000,492,819,58175000,25159
4,2327,58175000,58175000,492,819,58200000,25170
4,2328,58200000,58200000,492,819,58225000,25179
4,2329,58225000,58225000,492,819,58250000,25192
4,233,5825000,5825000,492,819,5850000,2525
4,2330,58250000,58250000,492,819,58275000,25201
4,2331,58275000,58275000,492,819,58300000,25213
4,2332,58300000,58300000,492,819,58325000,25225
4,2333,58325000,58325000,492,819,58350000,25235
4,2334,58350000,58350000,492,819,58375000,25244
4,2335,58375000,58375000,492,819,58400000,25257
4,2336,58400000,58400000,492,819,58425000,25268
4,2337,58425000,58425000,492,819,58450000,25277
4,2338,58450000,58450000,492,819,58475000,25288
4,2339,58475000,58475000,492,819,58500000,25300
4,234,5850000,5850000,492,819,5875000,2535
4,2340,58500000,58500000,492,819,58525000,25310
4,2341,58525000,58525000,492,819,58550000,25321
4,2342,58550000,58550000,492,819,58575000,25332
4,2343,58575000,58575000,492,819,58600000,25344
4,2344,58600000,58600000,492,819,58625000,25353
4,2345,58625000,58625000,492,819,58650000,25364
4,2346,58650000,58650000,492,819,58675000,25374
4,2347,58675000,58675000,492,819,58700000,25387
4,2348,58700000,58700000,492,819,58725000,25396
4,2349,58725000,58725000,492,819,58750000,25408
4,235,5875000,5875000,492,819,5900000,2548
4,2350,58750000,58750000,492,819,58775000,25419
4,2351,58775000,58775000,492,819,58800000,25429
4,2352,58800000,58800000,492,819,58825000,25440
4,2353,58825000,58825000,492,819,58850000,25451
4,2354,58850000,58850000,492,819,58875000,25462
4,2355,58875000,58875000,492,819,58900000,25472
4,2356,58900000,58900000,492,819,58925000,25484
4,2357,58925000,58925000,492,819,58950000,25494
4,2358,58950000,58950000,492,819,58975000,25503
4,2359,58975000,58975000,492,819,59000000,25517
4,236,5900000,5900000,492,819,5925000,2558
4,2360,59000000,59000000,492,819,59025000,25527
4,2361,59025000,59025000,492,819,59050000,25538
4,2362,59050000,59050000,492,819,59075000,25547
4,2363,59075000,59075000,492,819,59100000,25560
4,2364,59100000,59100000,492,819,59125000,25569
4,2365,59125000,59125000,492,819,59150000,25580
4,2366,59150000,59150000,492,819,59175000,25591
4,2367,59175000,59175000,492,819,59200000,25603
4,2368,59200000,59200000,492,819,59225000,25614
4,2369,59225000,59225000,492,819,59250000,25624
4,237,5925000,5925000,492,819,5950000,2568
4,2370,59250000,59250000,492,819,59275000,25634
4,2371,59275000,59275000,492,819,59300000,25646
4,2372,59300000,59300000,492,819,59325000,25656
4,2373,59325000,59325000,492,819,59350000,25667
4,2374,59350000,59350000,492,819,59375000,25678
4,2375,59375000,59375000,492,819,59400000,25689
4,2376,59400000,59400000,492,819,59425000,25699
4,2377,59425000,59425000,492,819,59450000,25711
4,2378,59450000,59450000,492,819,59475000,25721
4,2379,59475000,59475000,492,819,59500000,25732
4,238,5950000,5950000,492,819,5975000,2579
4,2380,59500000,59500000,492,819,59525000,25743
4,2381,59525000,59525000,492,819,59550000,25754
4,2382,59550000,59550000,492,819,59575000,25763
4,2383,59575000,59575000,492,819,59600000,25776
4,2384,59600000,59600000,492,819,59625000,25786
4,2385,59625000,59625000,492,819,59650000,25797
4,2386,59650000,59650000,492,819,59675000,25808
4,2387,59675000,59675000,492,819,59700000,25819
4,2388,59700000,59700000,492,819,59725000,25829
4,2389,59725000,59725000,492,819,59750000,25840
4,239,5975000,5975000,492,819,6000000,2591
4,2390,59750000,59750000,492,819,59775000,25851
4,2391,59775000,59775000,492,819,59800000,25862
4,2392,59800000,59800000,492,819,59825000,25873
4,2393,59825000,59825000,492,819,59850000,25883
4,2394,59850000,59850000,492,819,59875000,25893
4,2395,59875000,59875000,492,819,59900000,25906
4,2396,59900000,59900000,492,819,59925000,25916
4,2397,59925000,59925000,492,819,59950000,25927
4,2398,59950000,59950000,492,819,59975000,25937
4,2399,59975000,59975000,492,819,60000000,25949
4,24,600000,600000,492,819,625000,264
4,240,6000000,6000000,492,819,6025000,2600
4,2400,60000000,60000000,492,819,60025000,25958
4,2401,60025000,60025000,492,819,60050000,25970
4,2402,60050000,60050000,492,819,60075000,25980
4,2403,60075000,60075000,492,819,60100000,25993
4,2404,60100000,60100000,492,819,60125000,26003
4,2405,60125000,60125000,492,819,60150000,26013
4,2406,60150000,60150000,492,819,60175000,26023
4,2407,60175000,60175000,492,819,60200000,26035
4,2408,60200000,60200000,492,819,60225000,26046
4,2409,60225000,60225000,492,819,60250000,26056
4,241,6025000,6025000,492,819,6050000,2612
4,2410,60250000,60250000,492,819,60275000,26068
4,2411,60275000,60275000,492,819,60300000,26078
4,2412,60300000,60300000,492,819,60325000,26088
4,2413,60325000,60325000,492,819,60350000,26100
4,2414,60350000,60350000,492,819,60375000,26110
4,2415,60375000,60375000,492,819,60400000,26122
4,2416,60400000,60400000,492,819,60425000,26132
4,2417,60425000,60425000,492,819,60450000,26144
4,2418,60450000,60450000,492,819,60475000,26152
4,2419,60475000,60475000,492,819,60500000,26165
4,242,6050000,6050000,492,819,6075000,2622
4,2420,60500000,60500000,492,819,60525000,26176
4,2421,60525000,60525000,492,819,60550000,26186
4,2422,60550000,60550000,492,819,60575000,26197
4,2423,60575000,60575000,492,819,60600000,26208
4,2424,60600000,60600000,492,819,60625000,26219
4,2425,60625000,60625000,492,819,60650000,26229
4,2426,60650000,60650000,492,819,60675000,26240
4,2427,60675000,60675000,492,819,60700000,26252
4,2428,60700000,60700000,492,819,60725000,26262
4,2429,60725000,60725000,492,819,60750000,26272
4,243,6075000,6075000,492,819,6100000,2634
4,2430,60750000,60750000,492,819,60775000,26282
4,2431,60775000,60775000,492,819,60800000,26296
4,2432,60800000,60800000,492,819,60825000,26305
4,2433,60825000,60825000,492,819,60850000,26316
4,2434,60850000,60850000,492,819,60875000,26327
4,2435,60875000,60875000,492,819,60900000,26338
4,2436,60900000,60900000,492,819,60925000,26347
4,2437,60925000,60925000,492,819,60950000,26360
4,2438,60950000,60950000,492,819,60975000,26370
4,2439,60975000,60975000,492,819,61000000,26381
4,244,6100000,6100000,492,819,6125000,2645
4,2440,61000000,61000000,492,819,61025000,26392
4,2441,61025000,61025000,492,819,61050000,26403
4,2442,61050000,61050000,492,819,61075000,26412
4,2443,61075000,61075000,492,819,61100000,26424
4,2444,61100000,61100000,492,819,61125000,26436
4,2445,61125000,61125000,492,819,61150000,26446
4,2446,61150000,61150000,492,819,61175000,26456
4,2447,61175000,61175000,492,819,61200000,26467
4,2448,61200000,61200000,492,819,61225000,26478
4,2449,61225000,61225000,492,819,61250000,26489
4,245,6125000,6125000,492,819,6150000,2655
4,2450,61250000,61250000,492,819,61275000,26499
4,2451,61275000,61275000,492,819,61300000,26512
4,2452,61300000,61300000,492,819,61325000,26522
4,2453,61325000,61325000,492,819,61350000,26532
4,2454,61350000,61350000,492,819,61375000,26542
4,2455,61375000,61375000,492,819,61400000,26555
4,2456,61400000,61400000,492,819,61425000,26564
4,2457,61425000,61425000,492,819,61450000,26575
4,2458,61450000,61450000,492,819,61475000,26587
4,2459,61475000,61475000,492,819,61500000,26598
4,246,6150000,6150000,492,819,6175000,2665
4,2460,61500000,61500000,492,819,61525000,26607
4,2461,61525000,61525000,492,819,61550000,26619
4,2462,61550000,61550000,492,819,61575000,26630
4,2463,61575000,61575000,492,819,61600000,26640
4,2464,61600000,61600000,492,819,61625000,26651
4,2465,61625000,61625000,492,819,61650000,26662
4,2466,61650000,61650000,492,819,61675000,26672
4,2467,61675000,61675000,492,819,61700000,26684
4,2468,61700000,61700000,492,819,61725000,26695
4,2469,61725000,61725000,492,819,61750000,26706
4,247,6175000,6175000,492,819,6200000,2677
4,2470,61750000,61750000,492,819,61775000,26715
4,2471,61775000,61775000,492,819,61800000,26728
4,2472,61800000,61800000,492,819,61825000,26737
4,2473,61825000,61825000,492,819,61850000,26749
4,2474,61850000,61850000,492,819,61875000,26758
4,2475,61875000,61875000,492,819,61900000,26771
4,2476,61900000,61900000,492,819,61925000,26782
4,2477,61925000,61925000,492,819,61950000,26791
4,2478,61950000,61950000,492,819,61975000,26802
4,2479,61975000,61975000,492,819,62000000,26814
4,248,6200000,6200000,492,819,6225000,2688
4,2480,62000000,62000000,492,819,62025000,26825
4,2481,62025000,62025000,492,819,62050000,26834
4,2482,62050000,62050000,492,819,62075000,26846
4,2483,62075000,62075000,492,819,62100000,26857
4,2484,62100000,62100000,492,819,62125000,26866
4,2485,62125000,62125000,492,819,62150000,26879
4,2486,62150000,62150000,492,819,62175000,26889
4,2487,62175000,62175000,492,819,62200000,26901
4,2488,62200000,62200000,492,819,62225000,26911
4,2489,62225000,62225000,492,819,62250000,26922
4,249,6225000,6225000,492,819,6250000,2698
4,2490,62250000,62250000,492,819,62275000,26931
4,2491,62275000,62275000,492,819,62300000,26943
4,2492,62300000,62300000,492,819,62325000,26954
4,2493,62325000,62325000,492,819,62350000,26965
4,2494,62350000,62350000,492,819,62375000,26976
4,2495,62375000,62375000,492,819,62400000,26987
4,2496,62400000,62400000,492,819,62425000,26997
4,2497,62425000,62425000,492,819,62450000,27008
4,2498,62450000,62450000,492,819,62475000,27018
4,2499,62475000,62475000,492,819,62500000,27030
4,25,625000,625000,492,819,650000,276
4,250,6250000,6250000,492,819,6275000,2709
4,2500,62500000,62500000,492,819,62525000,27041
4,2501,62525000,62525000,492,819,62550000,27051
4,2502,62550000,62550000,492,819,62575000,27061
4,2503,62575000,62575000,492,819,62600000,27074
4,2504,62600000,62600000,492,819,62625000,27084
4,2505,62625000,62625000,492,819,62650000,27095
4,2506,62650000,62650000,492,819,62675000,27105
4,2507,62675000,62675000,492,819,62700000,27117
4,2508,62700000,62700000,492,819,62725000,27126
4,2509,62725000,62725000,492,819,62750000,27138
4,251,6275000,6275000,492,819,6300000,2720
4,2510,62750000,62750000,492,819,62775000,27148
4,2511,62775000,62775000,492,819,62800000,27160
4,2512,62800000,62800000,492,819,62825000,27171
4,2513,62825000,62825000,492,819,62850000,27181
4,2514,62850000,62850000,492,819,62875000,27191
4,2515,62875000,62875000,492,819,62900000,27203
4,2516,62900000,62900000,492,819,62925000,27214
4,2517,62925000,62925000,492,819,62950000,27224
4,2518,62950000,62950000,492,819,62975000,27235
4,2519,62975000,62975000,492,819,63000000,27246
4,252,6300000,6300000,492,819,6325000,2730
4,2520,63000000,63000000,492,819,63025000,27256
4,2521,63025000,63025000,492,819,63050000,27268
4,2522,63050000,63050000,492,819,63075000,27279
4,2523,63075000,63075000,492,819,63100000,27290
4,2524,63100000,63100000,492,819,63125000,27300
4,2525,63125000,63125000,492,819,63150000,27311
4,2526,63150000,63150000,492,819,63175000,27320
4,2527,63175000,63175000,492,819,63200000,27333
4,2528,63200000,63200000,492,819,63225000,27343
4,2529,63225000,63225000,492,819,63250000,27355
4,253,6325000,6325000,492,819,6350000,2742
4,2530,63250000,63250000,492,819,63275000,27365
4,2531,63275000,63275000,492,819,63300000,27376
4,2532,63300000,63300000,492,819,63325000,27386
4,2533,63325000,63325000,492,819,63350000,27397
4,2534,63350000,63350000,492,819,63375000,27408
4,2535,63375000,63375000,492,819,63400000,27419
4,2536,63400000,63400000,492,819,63425000,27431
4,2537,63425000,63425000,492,819,63450000,27440
4,2538,63450000,63450000,492,819,63475000,27450
4,2539,63475000,63475000,492,819,63500000,27464
4,254,6350000,6350000,492,819,6375000,2752
4,2540,63500000,63500000,492,819,63525000,27473
4,2541,63525000,63525000,492,819,63550000,27484
4,2542,63550000,63550000,492,819,63575000,27494
4,2543,63575000,63575000,492,819,63600000,27507
4,2544,63600000,63600000,492,819,63625000,27515
4,2545,63625000,63625000,492,819,63650000,27527
4,2546,63650000,63650000,492,819,63675000,27538
4,2547,63675000,63675000,492,819,63700000,27549
4,2548,63700000,63700000,492,819,63725000,27560
4,2549,63725000,63725000,492,819,63750000,27570
4,255,6375000,6375000,492,819,6400000,2764
4,2550,63750000,63750000,492,819,63775000,27581
4,2551,63775000,63775000,492,819,63800000,27592
4,2552,63800000,63800000,492,819,63825000,27603
4,2553,63825000,63825000,492,819,63850000,27614
4,2554,63850000,63850000,492,819,63875000,27624
4,2555,63875000,63875000,492,819,63900000,27635
4,2556,63900000,63900000,492,819,63925000,27646
4,2557,63925000,63925000,492,819,63950000,27658
4,2558,63950000,63950000,492,819,63975000,27667
4,2559,63975000,63975000,492,819,64000000,27679
4,256,6400000,6400000,492,819,6425000,2774
4,2560,64000000,64000000,492,819,64025000,27690
4,2561,64025000,64025000,492,819,64050000,27700
4,2562,64050000,64050000,492,819,64075000,27709
4,2563,64075000,64075000,492,819,64100000,27723
4,2564,64100000,64100000,492,819,64125000,27733
4,2565,64125000,64125000,492,819,64150000,27743
4,2566,64150000,64150000,492,819,64175000,27754
4,2567,64175000,64175000,492,819,64200000,27766
4,2568,64200000,64200000,492,819,64225000,27775
4,2569,64225000,64225000,492,819,64250000,27786
4,257,6425000,6425000,492,819,6450000,2785
4,2570,64250000,64250000,492,819,64275000,27798
4,2571,64275000,64275000,492,819,64300000,27809
4,2572,64300000,64300000,492,819,64325000,27819
4,2573,64325000,64325000,492,819,64350000,27830
4,2574,64350000,64350000,492,819,64375000,27840
4,2575,64375000,64375000,492,819,64400000,27852
4,2576,64400000,64400000,492,819,64425000,27862
4,2577,64425000,64425000,492,819,64450000,27874
4,2578,64450000,64450000,492,819,64475000,27884
4,2579,64475000,64475000,492,819,64500000,27895
4,258,6450000,6450000,492,819,6475000,2794
4,2580,64500000,64500000,492,819,64525000,27905
4,2581,64525000,64525000,492,819,64550000,27917
4,2582,64550000,64550000,492,819,64575000,27926
4,2583,64575000,64575000,492,819,64600000,27938
4,2584,64600000,64600000,492,819,64625000,27950
4,2585,64625000,64625000,492,819,64650000,27960
4,2586,64650000,64650000,492,819,64675000,27969
4,2587,64675000,64675000,492,819,64700000,27982
4,2588,64700000,64700000,492,819,64725000,27993
4,2589,64725000,64725000,492,819,64750000,28002
4,259,6475000,6475000,492,819,6500000,2807
4,2590,64750000,64750000,492,819,64775000,28014
4,2591,64775000,64775000,492,819,64800000,28025
4,2592,64800000,64800000,492,819,64825000,28035
4,2593,64825000,64825000,492,819,64850000,28046
4,2594,64850000,64850000,492,819,64875000,28057
4,2595,64875000,64875000,492,819,64900000,28069
4,2596,64900000,64900000,492,819,64925000,28078
4,2597,64925000,64925000,492,819,64950000,28090
4,2598,64950000,64950000,492,819,64975000,28099
4,2599,64975000,64975000,492,819,65000000,28112
4,26,650000,650000,492,819,675000,286
4,260,6500000,6500000,492,819,6525000,2817
4,2600,65000000,65000000,492,819,65025000,28121
4,2601,65025000,65025000,492,819,65050000,28133
4,2602,65050000,65050000,492,819,65075000,28144
4,2603,65075000,65075000,492,819,65100000,28154
4,2604,65100000,65100000,492,819,65125000,28165
4,2605,65125000,65125000,492,819,65150000,28176
4,2606,65150000,65150000,492,819,65175000,28187
4,2607,65175000,65175000,492,819,65200000,28198
4,2608,65200000,65200000,492,819,65225000,28209
4,2609,65225000,65225000,492,819,65250000,28219
4,261,6525000,6525000,492,819,6550000,2829
4,2610,65250000,65250000,492,819,65275000,28228
4,2611,65275000,65275000,492,819,65300000,28242
4,2612,65300000,65300000,492,819,65325000,28252
4,2613,65325000,65325000,492,819,65350000,28263
4,2614,65350000,65350000,492,819,65375000,28273
4,2615,65375000,65375000,492,819,65400000,28285
4,2616,65400000,65400000,492,819,65425000,28294
4,2617,65425000,65425000,492,819,65450000,28305
4,2618,65450000,65450000,492,819,65475000,28316
4,2619,65475000,65475000,492,819,65500000,28328
4,262,6550000,6550000,492,819,6575000,2839
4,2620,65500000,65500000,492,819,65525000,28339
4,2621,65525000,65525000,492,819,65550000,28349
4,2622,65550000,65550000,492,819,65575000,28359
4,2623,65575000,65575000,492,819,65600000,28371
4,2624,65600000,65600000,492,819,65625000,28382
4,2625,65625000,65625000,492,819,65650000,28392
4,2626,65650000,65650000,492,819,65675000,28403
4,2627,65675000,65675000,492,819,65700000,28414
4,2628,65700000,65700000,492,819,65725000,28424
4,2629,65725000,65725000,492,819,65750000,28436
4,263,6575000,6575000,492,819,6600000,2850
4,2630,65750000,65750000,492,819,65775000,28446
4,2631,65775000,65775000,492,819,65800000,28458
4,2632,65800000,65800000,492,819,65825000,28468
4,2633,65825000,65825000,492,819,65850000,28479
4,2634,65850000,65850000,492,819,65875000,28488
4,2635,65875000,65875000,492,819,65900000,28501
4,2636,65900000,65900000,492,819,65925000,28511
4,2637,65925000,65925000,492,819,65950000,28522
4,2638,65950000,65950000,492,819,65975000,28533
4,2639,65975000,65975000,492,819,66000000,28544
4,264,6600000,6600000,492,819,6625000,2860
4,2640,66000000,66000000,492,819,66025000,28554
4,2641,66025000,66025000,492,819,66050000,28566
4,2642,66050000,66050000,492,819,66075000,28576
4,2643,66075000,66075000,492,819,66100000,28587
4,2644,66100000,66100000,492,819,66125000,28598
4,2645,66125000,66125000,492,819,66150000,28608
4,2646,66150000,66150000,492,819,66175000,28618
4,2647,66175000,66175000,492,819,66200000,28631
4,2648,66200000,66200000,492,819,66225000,28642
4,2649,66225000,66225000,492,819,66250000,28652
4,265,6625000,6625000,492,819,6650000,2871
4,2650,66250000,66250000,492,819,66275000,28662
4,2651,66275000,66275000,492,819,66300000,28674
4,2652,66300000,66300000,492,819,66325000,28683
4,2653,66325000,66325000,492,819,66350000,28695
4,2654,66350000,66350000,492,819,66375000,28705
4,2655,66375000,66375000,492,819,66400000,28718
4,2656,66400000,66400000,492,819,66425000,28728
4,2657,66425000,66425000,492,819,66450000,28738
4,2658,66450000,66450000,492,819,66475000,28749
4,2659,66475000,66475000,492,819,66500000,28760
4,266,6650000,6650000,492,819,6675000,2882
4,2660,66500000,66500000,492,819,66525000,28771
4,2661,66525000,66525000,492,819,66550000,28781
4,2662,66550000,66550000,492,819,66575000,28793
4,2663,66575000,66575000,492,819,66600000,28803
4,2664,66600000,66600000,492,819,66625000,28813
4,2665,66625000,66625000,492,819,66650000,28826
4,2666,66650000,66650000,492,819,66675000,28835
4,2667,66675000,66675000,492,819,66700000,28847
4,2668,66700000,66700000,492,819,66725000,28857
4,2669,66725000,66725000,492,819,66750000,28869
4,267,6675000,6675000,492,819,6700000,2893
4,2670,66750000,66750000,492,819,66775000,28877
4,2671,66775000,66775000,492,819,66800000,28890
4,2672,66800000,66800000,492,819,66825000,28901
4,2673,66825000,66825000,492,819,66850000,28911
4,2674,66850000,66850000,492,819,66875000,28922
4,2675,66875000,66875000,492,819,66900000,28934
4,2676,66900000,66900000,492,819,66925000,28944
4,2677,66925000,66925000,492,819,66950000,28954
4,2678,66950000,66950000,492,819,66975000,28965
4,2679,66975000,66975000,492,819,67000000,28977
4,268,6700000,6700000,492,819,6725000,2905
4,2680,67000000,67000000,492,819,67025000,28987
4,2681,67025000,67025000,492,819,67050000,28997
4,2682,67050000,67050000,492,819,67075000,29008
4,2683,67075000,67075000,492,819,67100000,29021
4,2684,67100000,67100000,492,819,67125000,29030
4,2685,67125000,67125000,492,819,67150000,29041
4,2686,67150000,67150000,492,819,67175000,29052
4,2687,67175000,67175000,492,819,67200000,29063
4,2688,67200000,67200000,492,819,67225000,29072
4,2689,67225000,67225000,492,819,67250000,29085
4,269,6725000,6725000,492,819,6750000,2914
4,2690,67250000,67250000,492,819,67275000,29095
4,2691,67275000,67275000,492,819,67300000,29106
4,2692,67300000,67300000,492,819,67325000,29118
4,2693,67325000,67325000,492,819,67350000,29128
4,2694,67350000,67350000,492,819,67375000,29137
4,2695,67375000,67375000,492,819,67400000,29149
4,2696,67400000,67400000,492,819,67425000,29161
4,2697,67425000,67425000,492,819,67450000,29171
4,2698,67450000,67450000,492,819,67475000,29181
4,2699,67475000,67475000,492,819,67500000,29193
4,27,675000,675000,492,819,700000,298
4,270,6750000,6750000,492,819,6775000,2924
4,2700,67500000,67500000,492,819,67525000,29203
4,2701,67525000,67525000,492,819,67550000,29214
4,2702,67550000,67550000,492,819,67575000,29224
4,2703,67575000,67575000,492,819,67600000,29237
4,2704,67600000,67600000,492,819,67625000,29247
4,2705,67625000,67625000,492,819,67650000,29257
4,2706,67650000,67650000,492,819,67675000,29267
4,2707,67675000,67675000,492,819,67700000,29280
4,2708,67700000,67700000,492,819,67725000,29289
4,2709,67725000,67725000,492,819,67750000,29301
4,271,6775000,6775000,492,819,6800000,2937
4,2710,67750000,67750000,492,819,67775000,29312
4,2711,67775000,67775000,492,819,67800000,29323
4,2712,67800000,67800000,492,819,67825000,29332
4,2713,67825000,67825000,492,819,67850000,29344
4,2714,67850000,67850000,492,819,67875000,29355
4,2715,67875000,67875000,492,819,67900000,29365
4,2716,67900000,67900000,492,819,67925000,29377
4,2717,67925000,67925000,492,819,67950000,29387
4,2718,67950000,67950000,492,819,67975000,29397
4,2719,67975000,67975000,492,819,68000000,29409
4,272,6800000,6800000,492,819,6825000,2947
4,2720,68000000,68000000,492,819,68025000,29420
4,2721,68025000,68025000,492,819,68050000,29431
4,2722,68050000,68050000,492,819,68075000,29440
4,2723,68075000,68075000,492,819,68100000,29453
4,2724,68100000,68100000,492,819,68125000,29462
4,2725,68125000,68125000,492,819,68150000,29474
4,2726,68150000,68150000,492,819,68175000,29484
4,2727,68175000,68175000,492,819,68200000,29496
4,2728,68200000,68200000,492,819,68225000,29507
4,2729,68225000,68225000,492,819,68250000,29516
4,273,6825000,6825000,492,819,6850000,2958
4,2730,68250000,68250000,492,819,68275000,29527
4,2731,68275000,68275000,492,819,68300000,29539
4,2732,68300000,68300000,492,819,68325000,29550
4,2733,68325000,68325000,492,819,68350000,29560
4,2734,68350000,68350000,492,819,68375000,29571
4,2735,68375000,68375000,492,819,68400000,29582
4,2736,68400000,68400000,492,819,68425000,29591
4,2737,68425000,68425000,492,819,68450000,29604
4,2738,68450000,68450000,492,819,68475000,29614
4,2739,68475000,68475000,492,819,68500000,29626
4,274,6850000,6850000,492,819,6875000,2968
4,2740,68500000,68500000,492,819,68525000,29636
4,2741,68525000,68525000,492,819,68550000,29647
4,2742,68550000,68550000,492,819,68575000,29656
4,2743,68575000,68575000,492,819,68600000,29669
4,2744,68600000,68600000,492,819,68625000,29679
4,2745,68625000,68625000,492,819,68650000,29690
4,2746,68650000,68650000,492,819,68675000,29701
4,2747,68675000,68675000,492,819,68700000,29712
4,2748,68700000,68700000,492,819,68725000,29722
4,2749,68725000,68725000,492,819,68750000,29733
4,275,6875000,6875000,492,819,6900000,2981
4,2750,68750000,68750000,492,819,68775000,29744
4,2751,68775000,68775000,492,819,68800000,29755
4,2752,68800000,68800000,492,819,68825000,29766
4,2753,68825000,68825000,492,819,68850000,29776
4,2754,68850000,68850000,492,819,68875000,29786
4,2755,68875000,68875000,492,819,68900000,29799
4,2756,68900000,68900000,492,819,68925000,29809
4,2757,68925000,68925000,492,819,68950000,29820
4,2758,68950000,68950000,492,819,68975000,29830
4,2759,68975000,68975000,492,819,69000000,29842
4,276,6900000,6900000,492,819,6925000,2989
4,2760,69000000,69000000,492,819,69025000,29852
4,2761,69025000,69025000,492,819,69050000,29863
4,2762,69050000,69050000,492,819,69075000,29873
4,2763,69075000,69075000,492,819,69100000,29885
4,2764,69100000,69100000,492,819,69125000,29896
4,2765,69125000,69125000,492,819,69150000,29906
4,2766,69150000,69150000,492,819,69175000,29916
4,2767,69175000,69175000,492,819,69200000,29929
4,2768,69200000,69200000,492,819,69225000,29939
4,2769,69225000,69225000,492,819,69250000,29949
4,277,6925000,6925000,492,819,6950000,3001
4,2770,69250000,69250000,492,819,69275000,29960
4,2771,69275000,69275000,492,819,69300000,29971
4,2772,69300000,69300000,492,819,69325000,29981
4,2773,69325000,69325000,492,819,69350000,29993
4,2774,69350000,69350000,492,819,69375000,30004
4,2775,69375000,69375000,492,819,69400000,30015
4,2776,69400000,69400000,492,819,69425000,30025
4,2777,69425000,69425000,492,819,69450000,30037
4,2778,69450000,69450000,492,819,69475000,30045
4,2779,69475000,69475000,492,819,69500000,30058
4,278,6950000,6950000,492,819,6975000,3012
4,2780,69500000,69500000,492,819,69525000,30068
4,2781,69525000,69525000,492,819,69550000,30080
4,2782,69550000,69550000,492,819,69575000,30090
4,2783,69575000,69575000,492,819,69600000,30101
4,2784,69600000,69600000,492,819,69625000,30112
4,2785,69625000,69625000,492,819,69650000,30122
4,2786,69650000,69650000,492,819,69675000,30133
4,2787,69675000,69675000,492,819,69700000,30144
4,2788,69700000,69700000,492,819,69725000,30156
4,2789,69725000,69725000,492,819,69750000,30165
4,279,6975000,6975000,492,819,7000000,3023
4,2790,69750000,69750000,492,819,69775000,30175
4,2791,69775000,69775000,492,819,69800000,30189
4,2792,69800000,69800000,492,819,69825000,30198
4,2793,69825000,69825000,492,819,69850000,30209
4,2794,69850000,69850000,492,819,69875000,30220
4,2795,69875000,69875000,492,819,69900000,30232
4,2796,69900000,69900000,492,819,69925000,30240
4,2797,69925000,69925000,492,819,69950000,30252
4,2798,69950000,69950000,492,819,69975000,30263
4,2799,69975000,69975000,492,819,70000000,30274
4,28,700000,700000,492,819,725000,309
4,280,7000000,7000000,492,819,7025000,3034
4,2800,70000000,70000000,492,819,70025000,30285
4,2801,70025000,70025000,492,819,70050000,30296
4,2802,70050000,70050000,492,819,70075000,30306
4,2803,70075000,70075000,492,819,70100000,30317
4,2804,70100000,70100000,492,819,70125000,30328
4,2805,70125000,70125000,492,819,70150000,30339
4,2806,70150000,70150000,492,819,70175000,30349
4,2807,70175000,70175000,492,819,70200000,30360
4,2808,70200000,70200000,492,819,70225000,30371
4,2809,70225000,70225000,492,819,70250000,30383
4,281,7025000,7025000,492,819,7050000,3044
4,2810,70250000,70250000,492,819,70275000,30392
4,2811,70275000,70275000,492,819,70300000,30405
4,2812,70300000,70300000,492,819,70325000,30415
4,2813,70325000,70325000,492,819,70350000,30425
4,2814,70350000,70350000,492,819,70375000,30434
4,2815,70375000,70375000,492,819,70400000,30448
4,2816,70400000,70400000,492,819,70425000,30458
4,2817,70425000,70425000,492,819,70450000,30468
4,2818,70450000,70450000,492,819,70475000,30480
4,2819,70475000,70475000,492,819,70500000,30491
4,282,7050000,7050000,492,819,7075000,3055
4,2820,70500000,70500000,492,819,70525000,30500
4,2821,70525000,70525000,492,819,70550000,30511
4,2822,70550000,70550000,492,819,70575000,30523
4,2823,70575000,70575000,492,819,70600000,30534
4,2824,70600000,70600000,492,819,70625000,30544
4,2825,70625000,70625000,492,819,70650000,30555
4,2826,70650000,70650000,492,819,70675000,30565
4,2827,70675000,70675000,492,819,70700000,30577
4,2828,70700000,70700000,492,819,70725000,30588
4,2829,70725000,70725000,492,819,70750000,30599
4,283,7075000,7075000,492,819,7100000,3066
4,2830,70750000,70750000,492,819,70775000,30609
4,2831,70775000,70775000,492,819,70800000,30620
4,2832,70800000,70800000,492,819,70825000,30630
4,2833,70825000,70825000,492,819,70850000,30642
4,2834,70850000,70850000,492,819,70875000,30651
4,2835,70875000,70875000,492,819,70900000,30664
4,2836,70900000,70900000,492,819,70925000,30675
4,2837,70925000,70925000,492,819,70950000,30685
4,2838,70950000,70950000,492,819,70975000,30694
4,2839,70975000,70975000,492,819,71000000,30707
4,284,7100000,7100000,492,819,7125000,3077
4,2840,71000000,71000000,492,819,71025000,30718
4,2841,71025000,71025000,492,819,71050000,30727
4,2842,71050000,71050000,492,819,71075000,30739
4,2843,71075000,71075000,492,819,71100000,30750
4,2844,71100000,71100000,492,819,71125000,30760
4,2845,71125000,71125000,492,819,71150000,30772
4,2846,71150000,71150000,492,819,71175000,30782
4,2847,71175000,71175000,492,819,71200000,30794
4,2848,71200000,71200000,492,819,71225000,30803
4,2849,71225000,71225000,492,819,71250000,30815
4,285,7125000,7125000,492,819,7150000,3088
4,2850,71250000,71250000,492,819,71275000,30824
4,2851,71275000,71275000,492,819,71300000,30837
4,2852,71300000,71300000,492,819,71325000,30847
4,2853,71325000,71325000,492,819,71350000,30858
4,2854,71350000,71350000,492,819,71375000,30869
4,2855,71375000,71375000,492,819,71400000,30879
4,2856,71400000,71400000,492,819,71425000,30890
4,2857,71425000,71425000,492,819,71450000,30901
4,2858,71450000,71450000,492,819,71475000,30912
4,2859,71475000,71475000,492,819,71500000,30923
4,286,7150000,7150000,492,819,7175000,3098
4,2860,71500000,71500000,492,819,71525000,30934
4,2861,71525000,71525000,492,819,71550000,30944
4,2862,71550000,71550000,492,819,71575000,30954
4,2863,71575000,71575000,492,819,71600000,30967
4,2864,71600000,71600000,492,819,71625000,30977
4,2865,71625000,71625000,492,819,71650000,30988
4,2866,71650000,71650000,492,819,71675000,30998
4,2867,71675000,71675000,492,819,71700000,31010
4,2868,71700000,71700000,492,819,71725000,31019
4,2869,71725000,71725000,492,819,71750000,31031
4,287,7175000,7175000,492,819,7200000,3109
4,2870,71750000,71750000,492,819,71775000,31041
4,2871,71775000,71775000,492,819,71800000,31053
4,2872,71800000,71800000,492,819,71825000,31064
4,2873,71825000,71825000,492,819,71850000,31074
4,2874,71850000,71850000,492,819,71875000,31084
4,2875,71875000,71875000,492,819,71900000,31096
4,2876,71900000,71900000,492,819,71925000,31107
4,2877,71925000,71925000,492,819,71950000,31117
4,2878,71950000,71950000,492,819,71975000,31128
4,2879,71975000,71975000,492,819,72000000,31140
4,288,7200000,7200000,492,819,7225000,3119
4,2880,72000000,72000000,492,819,72025000,31149
4,2881,72025000,72025000,492,819,72050000,31161
4,2882,72050000,72050000,492,819,72075000,31171
4,2883,72075000,72075000,492,819,72100000,31183
4,2884,72100000,72100000,492,819,72125000,31193
4,2885,72125000,72125000,492,819,72150000,31204
4,2886,72150000,72150000,492,819,72175000,31214
4,2887,72175000,72175000,492,819,72200000,31226
4,2888,72200000,72200000,492,819,72225000,31236
4,2889,72225000,72225000,492,819,72250000,31247
4,289,7225000,7225000,492,819,7250000,3132
4,2890,72250000,72250000,492,819,72275000,31258
4,2891,72275000,72275000,492,819,72300000,31269
4,2892,72300000,72300000,492,819,72325000,31279
4,2893,72325000,72325000,492,819,72350000,31291
4,2894,72350000,72350000,492,819,72375000,31301
4,2895,72375000,72375000,492,819,72400000,31312
4,2896,72400000,72400000,492,819,72425000,31324
4,2897,72425000,72425000,492,819,72450000,31333
4,2898,72450000,72450000,492,819,72475000,31343
4,2899,72475000,72475000,492,819,72500000,31356
4,29,725000,725000,492,819,750000,319
4,290,7250000,7250000,492,819,7275000,3141
4,2900,72500000,72500000,492,819,72525000,31367
4,2901,72525000,72525000,492,819,72550000,31377
4,2902,72550000,72550000,492,819,72575000,31387
4,2903,72575000,72575000,492,819,72600000,31400
4,2904,72600000,72600000,492,819,72625000,31408
4,2905,72625000,72625000,492,819,72650000,31420
4,2906,72650000,72650000,492,819,72675000,31430
4,2907,72675000,72675000,492,819,72700000,31443
4,2908,72700000,72700000,492,819,72725000,31453
4,2909,72725000,72725000,492,819,72750000,31463
4,291,7275000,7275000,492,819,7300000,3153
4,2910,72750000,72750000,492,819,72775000,31474
4,2911,72775000,72775000,492,819,72800000,31485
4,2912,72800000,72800000,492,819,72825000,31496
4,2913,72825000,72825000,492,819,72850000,31507
4,2914,72850000,72850000,492,819,72875000,31518
4,2915,72875000,72875000,492,819,72900000,31528
4,2916,72900000,72900000,492,819,72925000,31538
4,2917,72925000,72925000,492,819,72950000,31551
4,2918,72950000,72950000,492,819,72975000,31560
4,2919,72975000,72975000,492,819,73000000,31572
4,292,7300000,7300000,492,819,7325000,3164
4,2920,73000000,73000000,492,819,73025000,31583
4,2921,73025000,73025000,492,819,73050000,31594
4,2922,73050000,73050000,492,819,73075000,31602
4,2923,73075000,73075000,492,819,73100000,31615
4,2924,73100000,73100000,492,819,73125000,31626
4,2925,73125000,73125000,492,819,73150000,31636
4,2926,73150000,73150000,492,819,73175000,31647
4,2927,73175000,73175000,492,819,73200000,31659
4,2928,73200000,73200000,492,819,73225000,31669
4,2929,73225000,73225000,492,819,73250000,31679
4,293,7325000,7325000,492,819,7350000,3174
4,2930,73250000,73250000,492,819,73275000,31691
4,2931,73275000,73275000,492,819,73300000,31702
4,2932,73300000,73300000,492,819,73325000,31712
4,2933,73325000,73325000,492,819,73350000,31722
4,2934,73350000,73350000,492,819,73375000,31733
4,2935,73375000,73375000,492,819,73400000,31746
4,2936,73400000,73400000,492,819,73425000,31755
4,2937,73425000,73425000,492,819,73450000,31767
4,2938,73450000,73450000,492,819,73475000,31777
4,2939,73475000,73475000,492,819,73500000,31788
4,294,7350000,7350000,492,819,7375000,3183
4,2940,73500000,73500000,492,819,73525000,31797
4,2941,73525000,73525000,492,819,73550000,31810
4,2942,73550000,73550000,492,819,73575000,31820
4,2943,73575000,73575000,492,819,73600000,31831
4,2944,73600000,73600000,492,819,73625000,31843
4,2945,73625000,73625000,492,819,73650000,31853
4,2946,73650000,73650000,492,819,73675000,31862
4,2947,73675000,73675000,492,819,73700000,31875
4,2948,73700000,73700000,492,819,73725000,31886
4,2949,73725000,73725000,492,819,73750000,31896
4,295,7375000,7375000,492,819,7400000,3197
4,2950,73750000,73750000,492,819,73775000,31906
4,2951,73775000,73775000,492,819,73800000,31918
4,2952,73800000,73800000,492,819,73825000,31928
4,2953,73825000,73825000,492,819,73850000,31939
4,2954,73850000,73850000,492,819,73875000,31950
4,2955,73875000,73875000,492,819,73900000,31962
4,2956,73900000,73900000,492,819,73925000,31972
4,2957,73925000,73925000,492,819,73950000,31982
4,2958,73950000,73950000,492,819,73975000,31992
4,2959,73975000,73975000,492,819,74000000,32005
4,296,7400000,7400000,492,819,7425000,3207
4,2960,74000000,74000000,492,819,74025000,32014
4,2961,74025000,74025000,492,819,74050000,32026
4,2962,74050000,74050000,492,819,74075000,32037
4,2963,74075000,74075000,492,819,74100000,32048
4,2964,74100000,74100000,492,819,74125000,32058
4,2965,74125000,74125000,492,819,74150000,32069
4,2966,74150000,74150000,492,819,74175000,32080
4,2967,74175000,74175000,492,819,74200000,32090
4,2968,74200000,74200000,492,819,74225000,32102
4,2969,74225000,74225000,492,819,74250000,32112
4,297,7425000,7425000,492,819,7450000,3217
4,2970,74250000,74250000,492,819,74275000,32122
4,2971,74275000,74275000,492,819,74300000,32135
4,2972,74300000,74300000,492,819,74325000,32145
4,2973,74325000,74325000,492,819,74350000,32156
4,2974,74350000,74350000,492,819,74375000,32165
4,2975,74375000,74375000,492,819,74400000,32178
4,2976,74400000,74400000,492,819,74425000,32187
4,2977,74425000,74425000,492,819,74450000,32199
4,2978,74450000,74450000,492,819,74475000,32209
4,2979,74475000,74475000,492,819,74500000,32221
4,298,7450000,7450000,492,819,7475000,3228
4,2980,74500000,74500000,492,819,74525000,32232
4,2981,74525000,74525000,492,819,74550000,32242
4,2982,74550000,74550000,492,819,74575000,32252
4,2983,74575000,74575000,492,819,74600000,32264
4,2984,74600000,74600000,492,819,74625000,32275
4,2985,74625000,74625000,492,819,74650000,32285
4,2986,74650000,74650000,492,819,74675000,32296
4,2987,74675000,74675000,492,819,74700000,32307
4,2988,74700000,74700000,492,819,74725000,32317
4,2989,74725000,74725000,492,819,74750000,32329
4,299,7475000,7475000,492,819,7500000,3240
4,2990,74750000,74750000,492,819,74775000,32339
4,2991,74775000,74775000,492,819,74800000,32351
4,2992,74800000,74800000,492,819,74825000,32361
4,2993,74825000,74825000,492,819,74850000,32372
4,2994,74850000,74850000,492,819,74875000,32381
4,2995,74875000,74875000,492,819,74900000,32394
4,2996,74900000,74900000,492,819,74925000,32404
4,2997,74925000,74925000,492,819,74950000,32415
4,2998,74950000,74950000,492,819,74975000,32427
4,2999,74975000,74975000,492,819,75000000,32437
4,3,75000,75000,492,819,100000,39
4,30,750000,750000,492,819,775000,330
4,300,7500000,7500000,492,819,7525000,3249
4,3000,75000000,75000000,492,819,75025000,32447
4,3001,75025000,75025000,492,819,75050000,32458
4,3002,75050000,75050000,492,819,75075000,32469
4,3003,75075000,75075000,492,819,75100000,32480
4,3004,75100000,75100000,492,819,75125000,32491
4,3005,75125000,75125000,492,819,75150000,32502
4,3006,75150000,75150000,492,819,75175000,32511
4,3007,75175000,75175000,492,819,75200000,32524
4,3008,75200000,75200000,492,819,75225000,32534
4,3009,75225000,75225000,492,819,75250000,32545
4,301,7525000,7525000,492,819,7550000,3260
4,3010,75250000,75250000,492,819,75275000,32555
4,3011,75275000,75275000,492,819,75300000,32567
4,3012,75300000,75300000,492,819,75325000,32577
4,3013,75325000,75325000,492,819,75350000,32588
4,3014,75350000,75350000,492,819,75375000,32598
4,3015,75375000,75375000,492,819,75400000,32611
4,3016,75400000,75400000,492,819,75425000,32621
4,3017,75425000,75425000,492,819,75450000,32631
4,3018,75450000,75450000,492,819,75475000,32641
4,3019,75475000,75475000,492,819,75500000,32654
4,302,7550000,7550000,492,819,7575000,3272
4,3020,75500000,75500000,492,819,75525000,32664
4,3021,75525000,75525000,492,819,75550000,32674
4,3022,75550000,75550000,492,819,75575000,32686
4,3023,75575000,75575000,492,819,75600000,32696
4,3024,75600000,75600000,492,819,75625000,32706
4,3025,75625000,75625000,492,819,75650000,32718
4,3026,75650000,75650000,492,819,75675000,32729
4,3027,75675000,75675000,492,819,75700000,32740
4,3028,75700000,75700000,492,819,75725000,32750
4,3029,75725000,75725000,492,819,75750000,32762
4,303,7575000,7575000,492,819,7600000,3283
4,3030,75750000,75750000,492,819,75775000,32770
4,3031,75775000,75775000,492,819,75800000,32783
4,3032,75800000,75800000,492,819,75825000,32794
4,3033,75825000,75825000,492,819,75850000,32805
4,3034,75850000,75850000,492,819,75875000,32815
4,3035,75875000,75875000,492,819,75900000,32826
4,3036,75900000,75900000,492,819,75925000,32837
4,3037,75925000,75925000,492,819,75950000,32847
4,3038,75950000,75950000,492,819,75975000,32858
4,3039,75975000,75975000,492,819,76000000,32870
4,304,7600000,7600000,492,819,7625000,3293
4,3040,76000000,76000000,492,819,76025000,32881
4,3041,76025000,76025000,492,819,76050000,32890
4,3042,76050000,76050000,492,819,76075000,32900
4,3043,76075000,76075000,492,819,76100000,32914
4,3044,76100000,76100000,492,819,76125000,32923
4,3045,76125000,76125000,492,819,76150000,32934
4,3046,76150000,76150000,492,819,76175000,32945
4,3047,76175000,76175000,492,819,76200000,32957
4,3048,76200000,76200000,492,819,76225000,32965
4,3049,76225000,76225000,492,819,76250000,32978
4,305,7625000,7625000,492,819,7650000,3303
4,3050,76250000,76250000,492,819,76275000,32988
4,3051,76275000,76275000,492,819,76300000,32999
4,3052,76300000,76300000,492,819,76325000,33010
4,3053,76325000,76325000,492,819,76350000,33021
4,3054,76350000,76350000,492,819,76375000,33031
4,3055,76375000,76375000,492,819,76400000,33042
4,3056,76400000,76400000,492,819,76425000,33054
4,3057,76425000,76425000,492,819,76450000,33064
4,3058,76450000,76450000,492,819,76475000,33074
4,3059,76475000,76475000,492,819,76500000,33085
4,306,7650000,7650000,492,819,7675000,3314
4,3060,76500000,76500000,492,819,76525000,33096
4,3061,76525000,76525000,492,819,76550000,33108
4,3062,76550000,76550000,492,819,76575000,33117
4,3063,76575000,76575000,492,819,76600000,33130
4,3064,76600000,76600000,492,819,76625000,33140
4,3065,76625000,76625000,492,819,76650000,33150
4,3066,76650000,76650000,492,819,76675000,33160
4,3067,76675000,76675000,492,819,76700000,33173
4,3068,76700000,76700000,492,819,76725000,33183
4,3069,76725000,76725000,492,819,76750000,33193
4,307,7675000,7675000,492,819,7700000,3326
4,3070,76750000,76750000,492,819,76775000,33205
4,3071,76775000,76775000,492,819,76800000,33216
4,3072,76800000,76800000,492,819,76825000,33225
4,3073,76825000,76825000,492,819,76850000,33237
4,3074,76850000,76850000,492,819,76875000,33248
4,3075,76875000,76875000,492,819,76900000,33259
4,3076,76900000,76900000,492,819,76925000,33269
4,3077,76925000,76925000,492,819,76950000,33280
4,3078,76950000,76950000,492,819,76975000,33290
4,3079,76975000,76975000,492,819,77000000,33302
4,308,7700000,7700000,492,819,7725000,3336
4,3080,77000000,77000000,492,819,77025000,33313
4,3081,77025000,77025000,492,819,77050000,33324
4,3082,77050000,77050000,492,819,77075000,33334
4,3083,77075000,77075000,492,819,77100000,33346
4,3084,77100000,77100000,492,819,77125000,33355
4,3085,77125000,77125000,492,819,77150000,33367
4,3086,77150000,77150000,492,819,77175000,33376
4,3087,77175000,77175000,492,819,77200000,33389
4,3088,77200000,77200000,492,819,77225000,33400
4,3089,77225000,77225000,492,819,77250000,33410
4,309,7725000,7725000,492,819,7750000,3348
4,3090,77250000,77250000,492,819,77275000,33420
4,3091,77275000,77275000,492,819,77300000,33432
4,3092,77300000,77300000,492,819,77325000,33443
4,3093,77325000,77325000,492,819,77350000,33452
4,3094,77350000,77350000,492,819,77375000,33464
4,3095,77375000,77375000,492,819,77400000,33475
4,3096,77400000,77400000,492,819,77425000,33485
4,3097,77425000,77425000,492,819,77450000,33497
4,3098,77450000,77450000,492,819,77475000,33507
4,3099,77475000,77475000,492,819,77500000,33519
4,31,775000,775000,492,819,800000,341
4,310,7750000,7750000,492,819,7775000,3358
4,3100,77500000,77500000,492,819,77525000,33529
4,3101,77525000,77525000,492,819,77550000,33540
4,3102,77550000,77550000,492,819,77575000,33549
4,3103,77575000,77575000,492,819,77600000,33562
4,3104,77600000,77600000,492,819,77625000,33572
4,3105,77625000,77625000,492,819,77650000,33583
4,3106,77650000,77650000,492,819,77675000,33594
4,3107,77675000,77675000,492,819,77700000,33605
4,3108,77700000,77700000,492,819,77725000,33615
4,3109,77725000,77725000,492,819,77750000,33626
4,311,7775000,7775000,492,819,7800000,3369
4,3110,77750000,77750000,492,819,77775000,33637
4,3111,77775000,77775000,492,819,77800000,33648
4,3112,77800000,77800000,492,819,77825000,33659
4,3113,77825000,77825000,492,819,77850000,33669
4,3114,77850000,77850000,492,819,77875000,33679
4,3115,77875000,77875000,492,819,77900000,33692
4,3116,77900000,77900000,492,819,77925000,33702
4,3117,77925000,77925000,492,819,77950000,33714
4,3118,77950000,77950000,492,819,77975000,33723
4,3119,77975000,77975000,492,819,78000000,33735
4,312,7800000,7800000,492,819,7825000,3379
4,3120,78000000,78000000,492,819,78025000,33744
4,3121,78025000,78025000,492,819,78050000,33756
4,3122,78050000,78050000,492,819,78075000,33766
4,3123,78075000,78075000,492,819,78100000,33778
4,3124,78100000,78100000,492,819,78125000,33790
4,3125,78125000,78125000,492,819,78150000,33799
4,3126,78150000,78150000,492,819,78175000,33809
4,3127,78175000,78175000,492,819,78200000,33821
4,3128,78200000,78200000,492,819,78225000,33832
4,3129,78225000,78225000,492,819,78250000,33842
4,313,7825000,7825000,492,819,7850000,3391
4,3130,78250000,78250000,492,819,78275000,33853
4,3131,78275000,78275000,492,819,78300000,33865
4,3132,78300000,78300000,492,819,78325000,33874
4,3133,78325000,78325000,492,819,78350000,33886
4,3134,78350000,78350000,492,819,78375000,33897
4,3135,78375000,78375000,492,819,78400000,33908
4,3136,78400000,78400000,492,819,78425000,33918
4,3137,78425000,78425000,492,819,78450000,33929
4,3138,78450000,78450000,492,819,78475000,33939
4,3139,78475000,78475000,492,819,78500000,33951
4,314,7850000,7850000,492,819,7875000,3400
4,3140,78500000,78500000,492,819,78525000,33961
4,3141,78525000,78525000,492,819,78550000,33973
4,3142,78550000,78550000,492,819,78575000,33983
4,3143,78575000,78575000,492,819,78600000,33994
4,3144,78600000,78600000,492,819,78625000,34004
4,3145,78625000,78625000,492,819,78650000,34016
4,3146,78650000,78650000,492,819,78675000,34026
4,3147,78675000,78675000,492,819,78700000,34037
4,3148,78700000,78700000,492,819,78725000,34049
4,3149,78725000,78725000,492,819,78750000,34058
4,315,7875000,7875000,492,819,7900000,3412
4,3150,78750000,78750000,492,819,78775000,34068
4,3151,78775000,78775000,492,819,78800000,34082
4,3152,78800000,78800000,492,819,78825000,34092
4,3153,78825000,78825000,492,819,78850000,34102
4,3154,78850000,78850000,492,819,78875000,34112
4,3155,78875000,78875000,492,819,78900000,34125
4,3156,78900000,78900000,492,819,78925000,34133
4,3157,78925000,78925000,492,819,78950000,34145
4,3158,78950000,78950000,492,819,78975000,34156
4,3159,78975000,78975000,492,819,79000000,34168
4,316,7900000,7900000,492,819,7925000,3424
4,3160,79000000,79000000,492,819,79025000,34178
4,3161,79025000,79025000,492,819,79050000,34188
4,3162,79050000,79050000,492,819,79075000,34199
4,3163,79075000,79075000,492,819,79100000,34210
4,3164,79100000,79100000,492,819,79125000,34221
4,3165,79125000,79125000,492,819,79150000,34232
4,3166,79150000,79150000,492,819,79175000,34243
4,3167,79175000,79175000,492,819,79200000,34253
4,3168,79200000,79200000,492,819,79225000,34264
4,3169,79225000,79225000,492,819,79250000,34276
4,317,7925000,7925000,492,819,7950000,3434
4,3170,79250000,79250000,492,819,79275000,34285
4,3171,79275000,79275000,492,819,79300000,34297
4,3172,79300000,79300000,492,819,79325000,34308
4,3173,79325000,79325000,492,819,79350000,34319
4,3174,79350000,79350000,492,819,79375000,34327
4,3175,79375000,79375000,492,819,79400000,34341
4,3176,79400000,79400000,492,819,79425000,34351
4,3177,79425000,79425000,492,819,79450000,34361
4,3178,79450000,79450000,492,819,79475000,34372
4,3179,79475000,79475000,492,819,79500000,34384
4,318,7950000,7950000,492,819,7975000,3443
4,3180,79500000,79500000,492,819,79525000,34394
4,3181,79525000,79525000,492,819,79550000,34404
4,3182,79550000,79550000,492,819,79575000,34416
4,3183,79575000,79575000,492,819,79600000,34427
4,3184,79600000,79600000,492,819,79625000,34437
4,3185,79625000,79625000,492,819,79650000,34448
4,3186,79650000,79650000,492,819,79675000,34458
4,3187,79675000,79675000,492,819,79700000,34471
4,3188,79700000,79700000,492,819,79725000,34480
4,3189,79725000,79725000,492,819,79750000,34492
4,319,7975000,7975000,492,819,8000000,3456
4,3190,79750000,79750000,492,819,79775000,34502
4,3191,79775000,79775000,492,819,79800000,34513
4,3192,79800000,79800000,492,819,79825000,34523
4,3193,79825000,79825000,492,819,79850000,34535
4,3194,79850000,79850000,492,819,79875000,34545
4,3195,79875000,79875000,492,819,79900000,34556
4,3196,79900000,79900000,492,819,79925000,34568
4,3197,79925000,79925000,492,819,79950000,34578
4,3198,79950000,79950000,492,819,79975000,34587
4,3199,79975000,79975000,492,819,80000000,34600
4,32,800000,800000,492,819,825000,352
4,320,8000000,8000000,492,819,8025000,3467
4,3200,80000000,80000000,492,819,80025000,34611
4,3201,80025000,80025000,492,819,80050000,34621
4,3202,80050000,80050000,492,819,80075000,34632
4,3203,80075000,80075000,492,819,80100000,34643
4,3204,80100000,80100000,492,819,80125000,34653
4,3205,80125000,80125000,492,819,80150000,34664
4,3206,80150000,80150000,492,819,80175000,34675
4,3207,80175000,80175000,492,819,80200000,34687
4,3208,80200000,80200000,492,819,80225000,34697
4,3209,80225000,80225000,492,819,80250000,34708
4,321,8025000,8025000,492,819,8050000,3476
4,3210,80250000,80250000,492,819,80275000,34717
4,3211,80275000,80275000,492,819,80300000,34730
4,3212,80300000,80300000,492,819,80325000,34739
4,3213,80325000,80325000,492,819,80350000,34751
4,3214,80350000,80350000,492,819,80375000,34762
4,3215,80375000,80375000,492,819,80400000,34773
4,3216,80400000,80400000,492,819,80425000,34783
4,3217,80425000,80425000,492,819,80450000,34794
4,3218,80450000,80450000,492,819,80475000,34805
4,3219,80475000,80475000,492,819,80500000,34816
4,322,8050000,8050000,492,819,8075000,3487
4,3220,80500000,80500000,492,819,80525000,34827
4,3221,80525000,80525000,492,819,80550000,34837
4,3222,80550000,80550000,492,819,80575000,34847
4,3223,80575000,80575000,492,819,80600000,34860
4,3224,80600000,80600000,492,819,80625000,34870
4,3225,80625000,80625000,492,819,80650000,34881
4,3226,80650000,80650000,492,819,80675000,34891
4,3227,80675000,80675000,492,819,80700000,34903
4,3228,80700000,80700000,492,819,80725000,34912
4,3229,80725000,80725000,492,819,80750000,34924
4,323,8075000,8075000,492,819,8100000,3499
4,3230,80750000,80750000,492,819,80775000,34934
4,3231,80775000,80775000,492,819,80800000,34946
4,3232,80800000,80800000,492,819,80825000,34957
4,3233,80825000,80825000,492,819,80850000,34967
4,3234,80850000,80850000,492,819,80875000,34977
4,3235,80875000,80875000,492,819,80900000,34989
4,3236,80900000,80900000,492,819,80925000,35001
4,3237,80925000,80925000,492,819,80950000,35010
4,3238,80950000,80950000,492,819,80975000,35021
4,3239,80975000,80975000,492,819,81000000,35032
4,324,8100000,8100000,492,819,8125000,3509
4,3240,81000000,81000000,492,819,81025000,35042
4,3241,81025000,81025000,492,819,81050000,35054
4,3242,81050000,81050000,492,819,81075000,35064
4,3243,81075000,81075000,492,819,81100000,35077
4,3244,81100000,81100000,492,819,81125000,35086
4,3245,81125000,81125000,492,819,81150000,35097
4,3246,81150000,81150000,492,819,81175000,35106
4,3247,81175000,81175000,492,819,81200000,35119
4,3248,81200000,81200000,492,819,81225000,35129
4,3249,81225000,81225000,492,819,81250000,35140
4,325,8125000,8125000,492,819,8150000,3520
4,3250,81250000,81250000,492,819,81275000,35152
4,3251,81275000,81275000,492,819,81300000,35162
4,3252,81300000,81300000,492,819,81325000,35172
4,3253,81325000,81325000,492,819,81350000,35184
4,3254,81350000,81350000,492,819,81375000,35194
4,3255,81375000,81375000,492,819,81400000,35205
4,3256,81400000,81400000,492,819,81425000,35216
4,3257,81425000,81425000,492,819,81450000,35227
4,3258,81450000,81450000,492,819,81475000,35236
4,3259,81475000,81475000,492,819,81500000,35249
4,326,8150000,8150000,492,819,8175000,3531
4,3260,81500000,81500000,492,819,81525000,35260
4,3261,81525000,81525000,492,819,81550000,35270
4,3262,81550000,81550000,492,819,81575000,35280
4,3263,81575000,81575000,492,819,81600000,35292
4,3264,81600000,81600000,492,819,81625000,35302
4,3265,81625000,81625000,492,819,81650000,35313
4,3266,81650000,81650000,492,819,81675000,35323
4,3267,81675000,81675000,492,819,81700000,35336
4,3268,81700000,81700000,492,819,81725000,35346
4,3269,81725000,81725000,492,819,81750000,35356
4,327,8175000,8175000,492,819,8200000,3543
4,3270,81750000,81750000,492,819,81775000,35367
4,3271,81775000,81775000,492,819,81800000,35379
4,3272,81800000,81800000,492,819,81825000,35389
4,3273,81825000,81825000,492,819,81850000,35399
4,3274,81850000,81850000,492,819,81875000,35411
4,3275,81875000,81875000,492,819,81900000,35421
4,3276,81900000,81900000,492,819,81925000,35431
4,3277,81925000,81925000,492,819,81950000,35444
4,3278,81950000,81950000,492,819,81975000,35454
4,3279,81975000,81975000,492,819,82000000,35465
4,328,8200000,8200000,492,819,8225000,3552
4,3280,82000000,82000000,492,819,82025000,35475
4,3281,82025000,82025000,492,819,82050000,35487
4,3282,82050000,82050000,492,819,82075000,35495
4,3283,82075000,82075000,492,819,82100000,35508
4,3284,82100000,82100000,492,819,82125000,35519
4,3285,82125000,82125000,492,819,82150000,35530
4,3286,82150000,82150000,492,819,82175000,35540
4,3287,82175000,82175000,492,819,82200000,35552
4,3288,82200000,82200000,492,819,82225000,35562
4,3289,82225000,82225000,492,819,82250000,35572
4,329,8225000,8225000,492,819,8250000,3564
4,3290,82250000,82250000,492,819,82275000,35583
4,3291,82275000,82275000,492,819,82300000,35595
4,3292,82300000,82300000,492,819,82325000,35606
4,3293,82325000,82325000,492,819,82350000,35615
4,3294,82350000,82350000,492,819,82375000,35626
4,3295,82375000,82375000,492,819,82400000,35639
4,3296,82400000,82400000,492,819,82425000,35648
4,3297,82425000,82425000,492,819,82450000,35659
4,3298,82450000,82450000,492,819,82475000,35670
4,3299,82475000,82475000,492,819,82500000,35682
4,33,825000,825000,492,819,850000,362
4,330,8250000,8250000,492,819,8275000,3573
4,3300,82500000,82500000,492,819,82525000,35690
4,3301,82525000,82525000,492,819,82550000,35703
4,3302,82550000,82550000,492,819,82575000,35713
4,3303,82575000,82575000,492,819,82600000,35724
4,3304,82600000,82600000,492,819,82625000,35736
4,3305,82625000,82625000,492,819,82650000,35746
4,3306,82650000,82650000,492,819,82675000,35756
4,3307,82675000,82675000,492,819,82700000,35767
4,3308,82700000,82700000,492,819,82725000,35779
4,3309,82725000,82725000,492,819,82750000,35789
4,331,8275000,8275000,492,819,8300000,3586
4,3310,82750000,82750000,492,819,82775000,35799
4,3311,82775000,82775000,492,819,82800000,35811
4,3312,82800000,82800000,492,819,82825000,35821
4,3313,82825000,82825000,492,819,82850000,35833
4,3314,82850000,82850000,492,819,82875000,35842
4,3315,82875000,82875000,492,819,82900000,35855
4,3316,82900000,82900000,492,819,82925000,35865
4,3317,82925000,82925000,492,819,82950000,35875
4,3318,82950000,82950000,492,819,82975000,35885
4,3319,82975000,82975000,492,819,83000000,35898
4,332,8300000,8300000,492,819,8325000,3595
4,3320,83000000,83000000,492,819,83025000,35908
4,3321,83025000,83025000,492,819,83050000,35919
4,3322,83050000,83050000,492,819,83075000,35930
4,3323,83075000,83075000,492,819,83100000,35941
4,3324,83100000,83100000,492,819,83125000,35950
4,3325,83125000,83125000,492,819,83150000,35962
4,3326,83150000,83150000,492,819,83175000,35973
4,3327,83175000,83175000,492,819,83200000,35984
4,3328,83200000,83200000,492,819,83225000,35995
4,3329,83225000,83225000,492,819,83250000,36005
4,333,8325000,8325000,492,819,8350000,3607
4,3330,83250000,83250000,492,819,83275000,36015
4,3331,83275000,83275000,492,819,83300000,36027
4,3332,83300000,83300000,492,819,83325000,36038
4,3333,83325000,83325000,492,819,83350000,36049
4,3334,83350000,83350000,492,819,83375000,36059
4,3335,83375000,83375000,492,819,83400000,36071
4,3336,83400000,83400000,492,819,83425000,36080
4,3337,83425000,83425000,492,819,83450000,36092
4,3338,83450000,83450000,492,819,83475000,36102
4,3339,83475000,83475000,492,819,83500000,36114
4,334,8350000,8350000,492,819,8375000,3618
4,3340,83500000,83500000,492,819,83525000,36125
4,3341,83525000,83525000,492,819,83550000,36135
4,3342,83550000,83550000,492,819,83575000,36145
4,3343,83575000,83575000,492,819,83600000,36157
4,3344,83600000,83600000,492,819,83625000,36168
4,3345,83625000,83625000,492,819,83650000,36178
4,3346,83650000,83650000,492,819,83675000,36189
4,3347,83675000,83675000,492,819,83700000,36200
4,3348,83700000,83700000,492,819,83725000,36210
4,3349,83725000,83725000,492,819,83750000,36222
4,335,8375000,8375000,492,819,8400000,3628
4,3350,83750000,83750000,492,819,83775000,36232
4,3351,83775000,83775000,492,819,83800000,36244
4,3352,83800000,83800000,492,819,83825000,36254
4,3353,83825000,83825000,492,819,83850000,36265
4,3354,83850000,83850000,492,819,83875000,36274
4,3355,83875000,83875000,492,819,83900000,36288
4,3356,83900000,83900000,492,819,83925000,36297
4,3357,83925000,83925000,492,819,83950000,36308
4,3358,83950000,83950000,492,819,83975000,36319
4,3359,83975000,83975000,492,819,84000000,36330
4,336,8400000,8400000,492,819,8425000,3639
4,3360,84000000,84000000,492,819,84025000,36340
4,3361,84025000,84025000,492,819,84050000,36351
4,3362,84050000,84050000,492,819,84075000,36363
4,3363,84075000,84075000,492,819,84100000,36373
4,3364,84100000,84100000,492,819,84125000,36384
4,3365,84125000,84125000,492,819,84150000,36394
4,3366,84150000,84150000,492,819,84175000,36404
4,3367,84175000,84175000,492,819,84200000,36417
4,3368,84200000,84200000,492,819,84225000,36427
4,3369,84225000,84225000,492,819,84250000,36439
4,337,8425000,8425000,492,819,8450000,3650
4,3370,84250000,84250000,492,819,84275000,36448
4,3371,84275000,84275000,492,819,84300000,36460
4,3372,84300000,84300000,492,819,84325000,36470
4,3373,84325000,84325000,492,819,84350000,36481
4,3374,84350000,84350000,492,819,84375000,36491
4,3375,84375000,84375000,492,819,84400000,36503
4,3376,84400000,84400000,492,819,84425000,36515
4,3377,84425000,84425000,492,819,84450000,36524
4,3378,84450000,84450000,492,819,84475000,36534
4,3379,84475000,84475000,492,819,84500000,36547
4,338,8450000,8450000,492,819,8475000,3661
4,3380,84500000,84500000,492,819,84525000,36557
4,3381,84525000,84525000,492,819,84550000,36567
4,3382,84550000,84550000,492,819,84575000,36578
4,3383,84575000,84575000,492,819,84600000,36590
4,3384,84600000,84600000,492,819,84625000,36599
4,3385,84625000,84625000,492,819,84650000,36611
4,3386,84650000,84650000,492,819,84675000,36622
4,3387,84675000,84675000,492,819,84700000,36633
4,3388,84700000,84700000,492,819,84725000,36643
4,3389,84725000,84725000,492,819,84750000,36655
4,339,8475000,8475000,492,819,8500000,3671
4,3390,84750000,84750000,492,819,84775000,36664
4,3391,84775000,84775000,492,819,84800000,36676
4,3392,84800000,84800000,492,819,84825000,36686
4,3393,84825000,84825000,492,819,84850000,36698
4,3394,84850000,84850000,492,819,84875000,36708
4,3395,84875000,84875000,492,819,84900000,36719
4,3396,84900000,84900000,492,819,84925000,36730
4,3397,84925000,84925000,492,819,84950000,36741
4,3398,84950000,84950000,492,819,84975000,36751
4,3399,84975000,84975000,492,819,85000000,36762
4,34,850000,850000,492,819,875000,373
4,340,8500000,8500000,492,819,8525000,3683
4,3400,85000000,85000000,492,819,85025000,36774
4,3401,85025000,85025000,492,819,85050000,36783
4,3402,85050000,85050000,492,819,85075000,36793
4,3403,85075000,85075000,492,819,85100000,36807
4,3404,85100000,85100000,492,819,85125000,36817
4,3405,85125000,85125000,492,819,85150000,36827
4,3406,85150000,85150000,492,819,85175000,36838
4,3407,85175000,85175000,492,819,85200000,36850
4,3408,85200000,85200000,492,819,85225000,36858
4,3409,85225000,85225000,492,819,85250000,36870
4,341,8525000,8525000,492,819,8550000,3693
4,3410,85250000,85250000,492,819,85275000,36881
4,3411,85275000,85275000,492,819,85300000,36893
4,3412,85300000,85300000,492,819,85325000,36903
4,3413,85325000,85325000,492,819,85350000,36914
4,3414,85350000,85350000,492,819,85375000,36924
4,3415,85375000,85375000,492,819,85400000,36935
4,3416,85400000,85400000,492,819,85425000,36946
4,3417,85425000,85425000,492,819,85450000,36957
4,3418,85450000,85450000,492,819,85475000,36968
4,3419,85475000,85475000,492,819,85500000,36978
4,342,8550000,8550000,492,819,8575000,3702
4,3420,85500000,85500000,492,819,85525000,36989
4,3421,85525000,85525000,492,819,85550000,37001
4,3422,85550000,85550000,492,819,85575000,37010
4,3423,85575000,85575000,492,819,85600000,37023
4,3424,85600000,85600000,492,819,85625000,37033
4,3425,85625000,85625000,492,819,85650000,37044
4,3426,85650000,85650000,492,819,85675000,37052
4,3427,85675000,85675000,492,819,85700000,37066
4,3428,85700000,85700000,492,819,85725000,37076
4,3429,85725000,85725000,492,819,85750000,37086
4,343,8575000,8575000,492,819,8600000,3716
4,3430,85750000,85750000,492,819,85775000,37098
4,3431,85775000,85775000,492,819,85800000,37109
4,3432,85800000,85800000,492,819,85825000,37119
4,3433,85825000,85825000,492,819,85850000,37129
4,3434,85850000,85850000,492,819,85875000,37141
4,3435,85875000,85875000,492,819,85900000,37152
4,3436,85900000,85900000,492,819,85925000,37162
4,3437,85925000,85925000,492,819,85950000,37173
4,3438,85950000,85950000,492,819,85975000,37183
4,3439,85975000,85975000,492,819,86000000,37196
4,344,8600000,8600000,492,819,8625000,3726
4,3440,86000000,86000000,492,819,86025000,37206
4,3441,86025000,86025000,492,819,86050000,37217
4,3442,86050000,86050000,492,819,86075000,37227
4,3443,86075000,86075000,492,819,86100000,37238
4,3444,86100000,86100000,492,819,86125000,37248
4,3445,86125000,86125000,492,819,86150000,37260
4,3446,86150000,86150000,492,819,86175000,37270
4,3447,86175000,86175000,492,819,86200000,37282
4,3448,86200000,86200000,492,819,86225000,37293
4,3449,86225000,86225000,492,819,86250000,37303
4,345,8625000,8625000,492,819,8650000,3737
4,3450,86250000,86250000,492,819,86275000,37312
4,3451,86275000,86275000,492,819,86300000,37325
4,3452,86300000,86300000,492,819,86325000,37336
4,3453,86325000,86325000,492,819,86350000,37346
4,3454,86350000,86350000,492,819,86375000,37357
4,3455,86375000,86375000,492,819,86400000,37368
4,3456,86400000,86400000,492,819,86425000,37378
4,3457,86425000,86425000,492,819,86450000,37390
4,3458,86450000,86450000,492,819,86475000,37400
4,3459,86475000,86475000,492,819,86500000,37412
4,346,8650000,8650000,492,819,8675000,3747
4,3460,86500000,86500000,492,819,86525000,37422
4,3461,86525000,86525000,492,819,86550000,37433
4,3462,86550000,86550000,492,819,86575000,37442
4,3463,86575000,86575000,492,819,86600000,37455
4,3464,86600000,86600000,492,819,86625000,37465
4,3465,86625000,86625000,492,819,86650000,37476
4,3466,86650000,86650000,492,819,86675000,37487
4,3467,86675000,86675000,492,819,86700000,37498
4,3468,86700000,86700000,492,819,86725000,37508
4,3469,86725000,86725000,492,819,86750000,37519
4,347,8675000,8675000,492,819,8700000,3759
4,3470,86750000,86750000,492,819,86775000,37530
4,3471,86775000,86775000,492,819,86800000,37541
4,3472,86800000,86800000,492,819,86825000,37552
4,3473,86825000,86825000,492,819,86850000,37562
4,3474,86850000,86850000,492,819,86875000,37573
4,3475,86875000,86875000,492,819,86900000,37585
4,3476,86900000,86900000,492,819,86925000,37595
4,3477,86925000,86925000,492,819,86950000,37606
4,3478,86950000,86950000,492,819,86975000,37616
4,3479,86975000,86975000,492,819,87000000,37628
4,348,8700000,8700000,492,819,8725000,3768
4,3480,87000000,87000000,492,819,87025000,37637
4,3481,87025000,87025000,492,819,87050000,37650
4,3482,87050000,87050000,492,819,87075000,37659
4,3483,87075000,87075000,492,819,87100000,37671
4,3484,87100000,87100000,492,819,87125000,37682
4,3485,87125000,87125000,492,819,87150000,37692
4,3486,87150000,87150000,492,819,87175000,37702
4,3487,87175000,87175000,492,819,87200000,37714
4,3488,87200000,87200000,492,819,87225000,37726
4,3489,87225000,87225000,492,819,87250000,37735
4,349,8725000,8725000,492,819,8750000,3779
4,3490,87250000,87250000,492,819,87275000,37746
4,3491,87275000,87275000,492,819,87300000,37758
4,3492,87300000,87300000,492,819,87325000,37767
4,3493,87325000,87325000,492,819,87350000,37779
4,3494,87350000,87350000,492,819,87375000,37789
4,3495,87375000,87375000,492,819,87400000,37802
4,3496,87400000,87400000,492,819,87425000,37811
4,3497,87425000,87425000,492,819,87450000,37822
4,3498,87450000,87450000,492,819,87475000,37832
4,3499,87475000,87475000,492,819,87500000,37844
4,35,875000,875000,492,819,900000,384
4,350,8750000,8750000,492,819,8775000,3790
4,3500,87500000,87500000,492,819,87525000,37854
4,3501,87525000,87525000,492,819,87550000,37865
4,3502,87550000,87550000,492,819,87575000,37877
4,3503,87575000,87575000,492,819,87600000,37887
4,3504,87600000,87600000,492,819,87625000,37897
4,3505,87625000,87625000,492,819,87650000,37909
4,3506,87650000,87650000,492,819,87675000,37919
4,3507,87675000,87675000,492,819,87700000,37930
4,3508,87700000,87700000,492,819,87725000,37942
4,3509,87725000,87725000,492,819,87750000,37952
4,351,8775000,8775000,492,819,8800000,3802
4,3510,87750000,87750000,492,819,87775000,37961
4,3511,87775000,87775000,492,819,87800000,37974
4,3512,87800000,87800000,492,819,87825000,37985
4,3513,87825000,87825000,492,819,87850000,37995
4,3514,87850000,87850000,492,819,87875000,38005
4,3515,87875000,87875000,492,819,87900000,38018
4,3516,87900000,87900000,492,819,87925000,38027
4,3517,87925000,87925000,492,819,87950000,38038
4,3518,87950000,87950000,492,819,87975000,38048
4,3519,87975000,87975000,492,819,88000000,38061
4,352,8800000,8800000,492,819,8825000,3813
4,3520,88000000,88000000,492,819,88025000,38071
4,3521,88025000,88025000,492,819,88050000,38081
4,3522,88050000,88050000,492,819,88075000,38092
4,3523,88075000,88075000,492,819,88100000,38104
4,3524,88100000,88100000,492,819,88125000,38114
4,3525,88125000,88125000,492,819,88150000,38125
4,3526,88150000,88150000,492,819,88175000,38136
4,3527,88175000,88175000,492,819,88200000,38146
4,3528,88200000,88200000,492,819,88225000,38156
4,3529,88225000,88225000,492,819,88250000,38169
4,353,8825000,8825000,492,819,8850000,3823
4,3530,88250000,88250000,492,819,88275000,38179
4,3531,88275000,88275000,492,819,88300000,38190
4,3532,88300000,88300000,492,819,88325000,38201
4,3533,88325000,88325000,492,819,88350000,38212
4,3534,88350000,88350000,492,819,88375000,38220
4,3535,88375000,88375000,492,819,88400000,38233
4,3536,88400000,88400000,492,819,88425000,38244
4,3537,88425000,88425000,492,819,88450000,38255
4,3538,88450000,88450000,492,819,88475000,38265
4,3539,88475000,88475000,492,819,88500000,38277
4,354,8850000,8850000,492,819,8875000,3833
4,3540,88500000,88500000,492,819,88525000,38287
4,3541,88525000,88525000,492,819,88550000,38297
4,3542,88550000,88550000,492,819,88575000,38309
4,3543,88575000,88575000,492,819,88600000,38320
4,3544,88600000,88600000,492,819,88625000,38331
4,3545,88625000,88625000,492,819,88650000,38340
4,3546,88650000,88650000,492,819,88675000,38351
4,3547,88675000,88675000,492,819,88700000,38364
4,3548,88700000,88700000,492,819,88725000,38373
4,3549,88725000,88725000,492,819,88750000,38385
4,355,8875000,8875000,492,819,8900000,3845
4,3550,88750000,88750000,492,819,88775000,38395
4,3551,88775000,88775000,492,819,88800000,38407
4,3552,88800000,88800000,492,819,88825000,38415
4,3553,88825000,88825000,492,819,88850000,38428
4,3554,88850000,88850000,492,819,88875000,38438
4,3555,88875000,88875000,492,819,88900000,38449
4,3556,88900000,88900000,492,819,88925000,38461
4,3557,88925000,88925000,492,819,88950000,38471
4,3558,88950000,88950000,492,819,88975000,38481
4,3559,88975000,88975000,492,819,89000000,38493
4,356,8900000,8900000,492,819,8925000,3855
4,3560,89000000,89000000,492,819,89025000,38504
4,3561,89025000,89025000,492,819,89050000,38514
4,3562,89050000,89050000,492,819,89075000,38524
4,3563,89075000,89075000,492,819,89100000,38536
4,3564,89100000,89100000,492,819,89125000,38546
4,3565,89125000,89125000,492,819,89150000,38558
4,3566,89150000,89150000,492,819,89175000,38568
4,3567,89175000,89175000,492,819,89200000,38580
4,3568,89200000,89200000,492,819,89225000,38590
4,3569,89225000,89225000,492,819,89250000,38600
4,357,8925000,8925000,492,819,8950000,3866
4,3570,89250000,89250000,492,819,89275000,38610
4,3571,89275000,89275000,492,819,89300000,38623
4,3572,89300000,89300000,492,819,89325000,38633
4,3573,89325000,89325000,492,819,89350000,38644
4,3574,89350000,89350000,492,819,89375000,38655
4,3575,89375000,89375000,492,819,89400000,38666
4,3576,89400000,89400000,492,819,89425000,38676
4,3577,89425000,89425000,492,819,89450000,38687
4,3578,89450000,89450000,492,819,89475000,38698
4,3579,89475000,89475000,492,819,89500000,38709
4,358,8950000,8950000,492,819,8975000,3877
4,3580,89500000,89500000,492,819,89525000,38720
4,3581,89525000,89525000,492,819,89550000,38730
4,3582,89550000,89550000,492,819,89575000,38740
4,3583,89575000,89575000,492,819,89600000,38753
4,3584,89600000,89600000,492,819,89625000,38763
4,3585,89625000,89625000,492,819,89650000,38774
4,3586,89650000,89650000,492,819,89675000,38784
4,3587,89675000,89675000,492,819,89700000,38796
4,3588,89700000,89700000,492,819,89725000,38805
4,3589,89725000,89725000,492,819,89750000,38817
4,359,8975000,8975000,492,819,9000000,3888
4,3590,89750000,89750000,492,819,89775000,38827
4,3591,89775000,89775000,492,819,89800000,38839
4,3592,89800000,89800000,492,819,89825000,38850
4,3593,89825000,89825000,492,819,89850000,38861
4,3594,89850000,89850000,492,819,89875000,38870
4,3595,89875000,89875000,492,819,89900000,38882
4,3596,89900000,89900000,492,819,89925000,38893
4,3597,89925000,89925000,492,819,89950000,38903
4,3598,89950000,89950000,492,819,89975000,38914
4,3599,89975000,89975000,492,819,90000000,38925
4,36,900000,900000,492,819,925000,394
4,360,9000000,9000000,492,819,9025000,3898
4,3600,90000000,90000000,492,819,90025000,38936
4,3601,90025000,90025000,492,819,90050000,38947
4,3602,90050000,90050000,492,819,90075000,38957
4,3603,90075000,90075000,492,819,90100000,38969
4,3604,90100000,90100000,492,819,90125000,38979
4,3605,90125000,90125000,492,819,90150000,38990
4,3606,90150000,90150000,492,819,90175000,38999
4,3607,90175000,90175000,492,819,90200000,39013
4,3608,90200000,90200000,492,819,90225000,39022
4,3609,90225000,90225000,492,819,90250000,39033
4,361,9025000,9025000,492,819,9050000,3910
4,3610,90250000,90250000,492,819,90275000,39045
4,3611,90275000,90275000,492,819,90300000,39055
4,3612,90300000,90300000,492,819,90325000,39065
4,3613,90325000,90325000,492,819,90350000,39076
4,3614,90350000,90350000,492,819,90375000,39088
4,3615,90375000,90375000,492,819,90400000,39098
4,3616,90400000,90400000,492,819,90425000,39109
4,3617,90425000,90425000,492,819,90450000,39120
4,3618,90450000,90450000,492,819,90475000,39129
4,3619,90475000,90475000,492,819,90500000,39142
4,362,9050000,9050000,492,819,9075000,3920
4,3620,90500000,90500000,492,819,90525000,39152
4,3621,90525000,90525000,492,819,90550000,39164
4,3622,90550000,90550000,492,819,90575000,39173
4,3623,90575000,90575000,492,819,90600000,39185
4,3624,90600000,90600000,492,819,90625000,39195
4,3625,90625000,90625000,492,819,90650000,39206
4,3626,90650000,90650000,492,819,90675000,39216
4,3627,90675000,90675000,492,819,90700000,39229
4,3628,90700000,90700000,492,819,90725000,39240
4,3629,90725000,90725000,492,819,90750000,39249
4,363,9075000,9075000,492,819,9100000,3932
4,3630,90750000,90750000,492,819,90775000,39259
4,3631,90775000,90775000,492,819,90800000,39272
4,3632,90800000,90800000,492,819,90825000,39282
4,3633,90825000,90825000,492,819,90850000,39292
4,3634,90850000,90850000,492,819,90875000,39304
4,3635,90875000,90875000,492,819,90900000,39315
4,3636,90900000,90900000,492,819,90925000,39324
4,3637,90925000,90925000,492,819,90950000,39336
4,3638,90950000,90950000,492,819,90975000,39347
4,3639,90975000,90975000,492,819,91000000,39358
4,364,9100000,9100000,492,819,9125000,3942
4,3640,91000000,91000000,492,819,91025000,39368
4,3641,91025000,91025000,492,819,91050000,39380
4,3642,91050000,91050000,492,819,91075000,39389
4,3643,91075000,91075000,492,819,91100000,39401
4,3644,91100000,91100000,492,819,91125000,39412
4,3645,91125000,91125000,492,819,91150000,39423
4,3646,91150000,91150000,492,819,91175000,39433
4,3647,91175000,91175000,492,819,91200000,39444
4,3648,91200000,91200000,492,819,91225000,39455
4,3649,91225000,91225000,492,819,91250000,39466
4,365,9125000,9125000,492,819,9150000,3953
4,3650,91250000,91250000,492,819,91275000,39476
4,3651,91275000,91275000,492,819,91300000,39488
4,3652,91300000,91300000,492,819,91325000,39499
4,3653,91325000,91325000,492,819,91350000,39508
4,3654,91350000,91350000,492,819,91375000,39518
4,3655,91375000,91375000,492,819,91400000,39532
4,3656,91400000,91400000,492,819,91425000,39542
4,3657,91425000,91425000,492,819,91450000,39552
4,3658,91450000,91450000,492,819,91475000,39563
4,3659,91475000,91475000,492,819,91500000,39575
4,366,9150000,9150000,492,819,9175000,3962
4,3660,91500000,91500000,492,819,91525000,39583
4,3661,91525000,91525000,492,819,91550000,39596
4,3662,91550000,91550000,492,819,91575000,39606
4,3663,91575000,91575000,492,819,91600000,39618
4,3664,91600000,91600000,492,819,91625000,39628
4,3665,91625000,91625000,492,819,91650000,39639
4,3666,91650000,91650000,492,819,91675000,39649
4,3667,91675000,91675000,492,819,91700000,39660
4,3668,91700000,91700000,492,819,91725000,39672
4,3669,91725000,91725000,492,819,91750000,39682
4,367,9175000,9175000,492,819,9200000,3975
4,3670,91750000,91750000,492,819,91775000,39693
4,3671,91775000,91775000,492,819,91800000,39703
4,3672,91800000,91800000,492,819,91825000,39714
4,3673,91825000,91825000,492,819,91850000,39726
4,3674,91850000,91850000,492,819,91875000,39735
4,3675,91875000,91875000,492,819,91900000,39748
4,3676,91900000,91900000,492,819,91925000,39758
4,3677,91925000,91925000,492,819,91950000,39769
4,3678,91950000,91950000,492,819,91975000,39778
4,3679,91975000,91975000,492,819,92000000,39791
4,368,9200000,9200000,492,819,9225000,3985
4,3680,92000000,92000000,492,819,92025000,39801
4,3681,92025000,92025000,492,819,92050000,39811
4,3682,92050000,92050000,492,819,92075000,39823
4,3683,92075000,92075000,492,819,92100000,39834
4,3684,92100000,92100000,492,819,92125000,39844
4,3685,92125000,92125000,492,819,92150000,39855
4,3686,92150000,92150000,492,819,92175000,39866
4,3687,92175000,92175000,492,819,92200000,39877
4,3688,92200000,92200000,492,819,92225000,39887
4,3689,92225000,92225000,492,819,92250000,39898
4,369,9225000,9225000,492,819,9250000,3996
4,3690,92250000,92250000,492,819,92275000,39908
4,3691,92275000,92275000,492,819,92300000,39921
4,3692,92300000,92300000,492,819,92325000,39931
4,3693,92325000,92325000,492,819,92350000,39942
4,3694,92350000,92350000,492,819,92375000,39952
4,3695,92375000,92375000,492,819,92400000,39964
4,3696,92400000,92400000,492,819,92425000,39973
4,3697,92425000,92425000,492,819,92450000,39985
4,3698,92450000,92450000,492,819,92475000,39995
4,3699,92475000,92475000,492,819,92500000,40007
4,37,925000,925000,492,819,950000,407
4,370,9250000,9250000,492,819,9275000,4007
4,3700,92500000,92500000,492,819,92525000,40018
4,3701,92525000,92525000,492,819,92550000,40028
4,3702,92550000,92550000,492,819,92575000,40038
4,3703,92575000,92575000,492,819,92600000,40050
4,3704,92600000,92600000,492,819,92625000,40061
4,3705,92625000,92625000,492,819,92650000,40071
4,3706,92650000,92650000,492,819,92675000,40082
4,3707,92675000,92675000,492,819,92700000,40093
4,3708,92700000,92700000,492,819,92725000,40103
4,3709,92725000,92725000,492,819,92750000,40115
4,371,9275000,9275000,492,819,9300000,4018
4,3710,92750000,92750000,492,819,92775000,40125
4,3711,92775000,92775000,492,819,92800000,40137
4,3712,92800000,92800000,492,819,92825000,40148
4,3713,92825000,92825000,492,819,92850000,40158
4,3714,92850000,92850000,492,819,92875000,40167
4,3715,92875000,92875000,492,819,92900000,40180
4,3716,92900000,92900000,492,819,92925000,40190
4,3717,92925000,92925000,492,819,92950000,40201
4,3718,92950000,92950000,492,819,92975000,40212
4,3719,92975000,92975000,492,819,93000000,40224
4,372,9300000,9300000,492,819,9325000,4028
4,3720,93000000,93000000,492,819,93025000,40233
4,3721,93025000,93025000,492,819,93050000,40244
4,3722,93050000,93050000,492,819,93075000,40255
4,3723,93075000,93075000,492,819,93100000,40266
4,3724,93100000,93100000,492,819,93125000,40277
4,3725,93125000,93125000,492,819,93150000,40287
4,3726,93150000,93150000,492,819,93175000,40298
4,3727,93175000,93175000,492,819,93200000,40310
4,3728,93200000,93200000,492,819,93225000,40320
4,3729,93225000,93225000,492,819,93250000,40332
4,373,9325000,9325000,492,819,9350000,4039
4,3730,93250000,93250000,492,819,93275000,40341
4,3731,93275000,93275000,492,819,93300000,40353
4,3732,93300000,93300000,492,819,93325000,40362
4,3733,93325000,93325000,492,819,93350000,40375
4,3734,93350000,93350000,492,819,93375000,40384
4,3735,93375000,93375000,492,819,93400000,40396
4,3736,93400000,93400000,492,819,93425000,40408
4,3737,93425000,93425000,492,819,93450000,40417
4,3738,93450000,93450000,492,819,93475000,40427
4,3739,93475000,93475000,492,819,93500000,40439
4,374,9350000,9350000,492,819,9375000,4050
4,3740,93500000,93500000,492,819,93525000,40451
4,3741,93525000,93525000,492,819,93550000,40460
4,3742,93550000,93550000,492,819,93575000,40471
4,3743,93575000,93575000,492,819,93600000,40483
4,3744,93600000,93600000,492,819,93625000,40492
4,3745,93625000,93625000,492,819,93650000,40504
4,3746,93650000,93650000,492,819,93675000,40515
4,3747,93675000,93675000,492,819,93700000,40527
4,3748,93700000,93700000,492,819,93725000,40536
4,3749,93725000,93725000,492,819,93750000,40547
4,375,9375000,9375000,492,819,9400000,4061
4,3750,93750000,93750000,492,819,93775000,40557
4,3751,93775000,93775000,492,819,93800000,40569
4,3752,93800000,93800000,492,819,93825000,40579
4,3753,93825000,93825000,492,819,93850000,40591
4,3754,93850000,93850000,492,819,93875000,40602
4,3755,93875000,93875000,492,819,93900000,40612
4,3756,93900000,93900000,492,819,93925000,40622
4,3757,93925000,93925000,492,819,93950000,40634
4,3758,93950000,93950000,492,819,93975000,40644
4,3759,93975000,93975000,492,819,94000000,40655
4,376,9400000,9400000,492,819,9425000,4072
4,3760,94000000,94000000,492,819,94025000,40667
4,3761,94025000,94025000,492,819,94050000,40677
4,3762,94050000,94050000,492,819,94075000,40686
4,3763,94075000,94075000,492,819,94100000,40700
4,3764,94100000,94100000,492,819,94125000,40710
4,3765,94125000,94125000,492,819,94150000,40720
4,3766,94150000,94150000,492,819,94175000,40730
4,3767,94175000,94175000,492,819,94200000,40743
4,3768,94200000,94200000,492,819,94225000,40752
4,3769,94225000,94225000,492,819,94250000,40763
4,377,9425000,9425000,492,819,9450000,4082
4,3770,94250000,94250000,492,819,94275000,40774
4,3771,94275000,94275000,492,819,94300000,40786
4,3772,94300000,94300000,492,819,94325000,40796
4,3773,94325000,94325000,492,819,94350000,40806
4,3774,94350000,94350000,492,819,94375000,40817
4,3775,94375000,94375000,492,819,94400000,40829
4,3776,94400000,94400000,492,819,94425000,40839
4,3777,94425000,94425000,492,819,94450000,40850
4,3778,94450000,94450000,492,819,94475000,40861
4,3779,94475000,94475000,492,819,94500000,40871
4,378,9450000,9450000,492,819,9475000,4092
4,3780,94500000,94500000,492,819,94525000,40882
4,3781,94525000,94525000,492,819,94550000,40894
4,3782,94550000,94550000,492,819,94575000,40904
4,3783,94575000,94575000,492,819,94600000,40915
4,3784,94600000,94600000,492,819,94625000,40926
4,3785,94625000,94625000,492,819,94650000,40937
4,3786,94650000,94650000,492,819,94675000,40945
4,3787,94675000,94675000,492,819,94700000,40959
4,3788,94700000,94700000,492,819,94725000,40969
4,3789,94725000,94725000,492,819,94750000,40980
4,379,9475000,9475000,492,819,9500000,4105
4,3790,94750000,94750000,492,819,94775000,40990
4,3791,94775000,94775000,492,819,94800000,41002
4,3792,94800000,94800000,492,819,94825000,41012
4,3793,94825000,94825000,492,819,94850000,41022
4,3794,94850000,94850000,492,819,94875000,41034
4,3795,94875000,94875000,492,819,94900000,41045
4,3796,94900000,94900000,492,819,94925000,41056
4,3797,94925000,94925000,492,819,94950000,41066
4,3798,94950000,94950000,492,819,94975000,41076
4,3799,94975000,94975000,492,819,95000000,41089
4,38,950000,950000,492,819,975000,416
4,380,9500000,9500000,492,819,9525000,4116
4,3800,95000000,95000000,492,819,95025000,41098
4,3801,95025000,95025000,492,819,95050000,41110
4,3802,95050000,95050000,492,819,95075000,41120
4,3803,95075000,95075000,492,819,95100000,41132
4,3804,95100000,95100000,492,819,95125000,41141
4,3805,95125000,95125000,492,819,95150000,41153
4,3806,95150000,95150000,492,819,95175000,41163
4,3807,95175000,95175000,492,819,95200000,41174
4,3808,95200000,95200000,492,819,95225000,41186
4,3809,95225000,95225000,492,819,95250000,41196
4,381,9525000,9525000,492,819,9550000,4126
4,3810,95250000,95250000,492,819,95275000,41206
4,3811,95275000,95275000,492,819,95300000,41218
4,3812,95300000,95300000,492,819,95325000,41229
4,3813,95325000,95325000,492,819,95350000,41239
4,3814,95350000,95350000,492,819,95375000,41250
4,3815,95375000,95375000,492,819,95400000,41261
4,3816,95400000,95400000,492,819,95425000,41271
4,3817,95425000,95425000,492,819,95450000,41283
4,3818,95450000,95450000,492,819,95475000,41293
4,3819,95475000,95475000,492,819,95500000,41305
4,382,9550000,9550000,492,819,9575000,4136
4,3820,95500000,95500000,492,819,95525000,41315
4,3821,95525000,95525000,492,819,95550000,41326
4,3822,95550000,95550000,492,819,95575000,41335
4,3823,95575000,95575000,492,819,95600000,41348
4,3824,95600000,95600000,492,819,95625000,41358
4,3825,95625000,95625000,492,819,95650000,41369
4,3826,95650000,95650000,492,819,95675000,41380
4,3827,95675000,95675000,492,819,95700000,41391
4,3828,95700000,95700000,492,819,95725000,41401
4,3829,95725000,95725000,492,819,95750000,41412
4,383,9575000,9575000,492,819,9600000,4148
4,3830,95750000,95750000,492,819,95775000,41423
4,3831,95775000,95775000,492,819,95800000,41435
4,3832,95800000,95800000,492,819,95825000,41445
4,3833,95825000,95825000,492,819,95850000,41455
4,3834,95850000,95850000,492,819,95875000,41465
4,3835,95875000,95875000,492,819,95900000,41478
4,3836,95900000,95900000,492,819,95925000,41488
4,3837,95925000,95925000,492,819,95950000,41499
4,3838,95950000,95950000,492,819,95975000,41510
4,3839,95975000,95975000,492,819,96000000,41521
4,384,9600000,9600000,492,819,9625000,4157
4,3840,96000000,96000000,492,819,96025000,41530
4,3841,96025000,96025000,492,819,96050000,41542
4,3842,96050000,96050000,492,819,96075000,41552
4,3843,96075000,96075000,492,819,96100000,41564
4,3844,96100000,96100000,492,819,96125000,41575
4,3845,96125000,96125000,492,819,96150000,41586
4,3846,96150000,96150000,492,819,96175000,41595
4,3847,96175000,96175000,492,819,96200000,41607
4,3848,96200000,96200000,492,819,96225000,41619
4,3849,96225000,96225000,492,819,96250000,41628
4,385,9625000,9625000,492,819,9650000,4169
4,3850,96250000,96250000,492,819,96275000,41639
4,3851,96275000,96275000,492,819,96300000,41650
4,3852,96300000,96300000,492,819,96325000,41661
4,3853,96325000,96325000,492,819,96350000,41672
4,3854,96350000,96350000,492,819,96375000,41682
4,3855,96375000,96375000,492,819,96400000,41695
4,3856,96400000,96400000,492,819,96425000,41704
4,3857,96425000,96425000,492,819,96450000,41715
4,3858,96450000,96450000,492,819,96475000,41724
4,3859,96475000,96475000,492,819,96500000,41738
4,386,9650000,9650000,492,819,9675000,4179
4,3860,96500000,96500000,492,819,96525000,41747
4,3861,96525000,96525000,492,819,96550000,41758
4,3862,96550000,96550000,492,819,96575000,41770
4,3863,96575000,96575000,492,819,96600000,41780
4,3864,96600000,96600000,492,819,96625000,41790
4,3865,96625000,96625000,492,819,96650000,41802
4,3866,96650000,96650000,492,819,96675000,41813
4,3867,96675000,96675000,492,819,96700000,41823
4,3868,96700000,96700000,492,819,96725000,41834
4,3869,96725000,96725000,492,819,96750000,41845
4,387,9675000,9675000,492,819,9700000,4192
4,3870,96750000,96750000,492,819,96775000,41854
4,3871,96775000,96775000,492,819,96800000,41867
4,3872,96800000,96800000,492,819,96825000,41878
4,3873,96825000,96825000,492,819,96850000,41889
4,3874,96850000,96850000,492,819,96875000,41898
4,3875,96875000,96875000,492,819,96900000,41910
4,3876,96900000,96900000,492,819,96925000,41920
4,3877,96925000,96925000,492,819,96950000,41931
4,3878,96950000,96950000,492,819,96975000,41941
4,3879,96975000,96975000,492,819,97000000,41954
4,388,9700000,9700000,492,819,9725000,4202
4,3880,97000000,97000000,492,819,97025000,41965
4,3881,97025000,97025000,492,819,97050000,41974
4,3882,97050000,97050000,492,819,97075000,41985
4,3883,97075000,97075000,492,819,97100000,41997
4,3884,97100000,97100000,492,819,97125000,42007
4,3885,97125000,97125000,492,819,97150000,42017
4,3886,97150000,97150000,492,819,97175000,42029
4,3887,97175000,97175000,492,819,97200000,42040
4,3888,97200000,97200000,492,819,97225000,42049
4,3889,97225000,97225000,492,819,97250000,42062
4,389,9725000,9725000,492,819,9750000,4212
4,3890,97250000,97250000,492,819,97275000,42072
4,3891,97275000,97275000,492,819,97300000,42083
4,3892,97300000,97300000,492,819,97325000,42093
4,3893,97325000,97325000,492,819,97350000,42105
4,3894,97350000,97350000,492,819,97375000,42114
4,3895,97375000,97375000,492,819,97400000,42126
4,3896,97400000,97400000,492,819,97425000,42137
4,3897,97425000,97425000,492,819,97450000,42148
4,3898,97450000,97450000,492,819,97475000,42158
4,3899,97475000,97475000,492,819,97500000,42170
4,39,975000,975000,492,819,1000000,428
4,390,9750000,9750000,492,819,9775000,4222
4,3900,97500000,97500000,492,819,97525000,42180
4,3901,97525000,97525000,492,819,97550000,42191
4,3902,97550000,97550000,492,819,97575000,42201
4,3903,97575000,97575000,492,819,97600000,42213
4,3904,97600000,97600000,492,819,97625000,42224
4,3905,97625000,97625000,492,819,97650000,42233
4,3906,97650000,97650000,492,819,97675000,42244
4,3907,97675000,97675000,492,819,97700000,42257
4,3908,97700000,97700000,492,819,97725000,42267
4,3909,97725000,97725000,492,819,97750000,42277
4,391,9775000,9775000,492,819,9800000,4234
4,3910,97750000,97750000,492,819,97775000,42288
4,3911,97775000,97775000,492,819,97800000,42300
4,3912,97800000,97800000,492,819,97825000,42308
4,3913,97825000,97825000,492,819,97850000,42321
4,3914,97850000,97850000,492,819,97875000,42331
4,3915,97875000,97875000,492,819,97900000,42343
4,3916,97900000,97900000,492,819,97925000,42354
4,3917,97925000,97925000,492,819,97950000,42364
4,3918,97950000,97950000,492,819,97975000,42374
4,3919,97975000,97975000,492,819,98000000,42385
4,392,9800000,9800000,492,819,9825000,4245
4,3920,98000000,98000000,492,819,98025000,42397
4,3921,98025000,98025000,492,819,98050000,42407
4,3922,98050000,98050000,492,819,98075000,42418
4,3923,98075000,98075000,492,819,98100000,42429
4,3924,98100000,98100000,492,819,98125000,42439
4,3925,98125000,98125000,492,819,98150000,42451
4,3926,98150000,98150000,492,819,98175000,42460
4,3927,98175000,98175000,492,819,98200000,42473
4,3928,98200000,98200000,492,819,98225000,42483
4,3929,98225000,98225000,492,819,98250000,42494
4,393,9825000,9825000,492,819,9850000,4255
4,3930,98250000,98250000,492,819,98275000,42503
4,3931,98275000,98275000,492,819,98300000,42516
4,3932,98300000,98300000,492,819,98325000,42526
4,3933,98325000,98325000,492,819,98350000,42537
4,3934,98350000,98350000,492,819,98375000,42548
4,3935,98375000,98375000,492,819,98400000,42559
4,3936,98400000,98400000,492,819,98425000,42569
4,3937,98425000,98425000,492,819,98450000,42580
4,3938,98450000,98450000,492,819,98475000,42591
4,3939,98475000,98475000,492,819,98500000,42602
4,394,9850000,9850000,492,819,9875000,4267
4,3940,98500000,98500000,492,819,98525000,42613
4,3941,98525000,98525000,492,819,98550000,42623
4,3942,98550000,98550000,492,819,98575000,42633
4,3943,98575000,98575000,492,819,98600000,42646
4,3944,98600000,98600000,492,819,98625000,42656
4,3945,98625000,98625000,492,819,98650000,42667
4,3946,98650000,98650000,492,819,98675000,42677
4,3947,98675000,98675000,492,819,98700000,42689
4,3948,98700000,98700000,492,819,98725000,42698
4,3949,98725000,98725000,492,819,98750000,42710
4,395,9875000,9875000,492,819,9900000,4277
4,3950,98750000,98750000,492,819,98775000,42721
4,3951,98775000,98775000,492,819,98800000,42732
4,3952,98800000,98800000,492,819,98825000,42743
4,3953,98825000,98825000,492,819,98850000,42753
4,3954,98850000,98850000,492,819,98875000,42763
4,3955,98875000,98875000,492,819,98900000,42775
4,3956,98900000,98900000,492,819,98925000,42786
4,3957,98925000,98925000,492,819,98950000,42797
4,3958,98950000,98950000,492,819,98975000,42807
4,3959,98975000,98975000,492,819,99000000,42818
4,396,9900000,9900000,492,819,9925000,4287
4,3960,99000000,99000000,492,819,99025000,42828
4,3961,99025000,99025000,492,819,99050000,42840
4,3962,99050000,99050000,492,819,99075000,42850
4,3963,99075000,99075000,492,819,99100000,42862
4,3964,99100000,99100000,492,819,99125000,42873
4,3965,99125000,99125000,492,819,99150000,42883
4,3966,99150000,99150000,492,819,99175000,42892
4,3967,99175000,99175000,492,819,99200000,42906
4,3968,99200000,99200000,492,819,99225000,42915
4,3969,99225000,99225000,492,819,99250000,42926
4,397,9925000,9925000,492,819,9950000,4300
4,3970,99250000,99250000,492,819,99275000,42937
4,3971,99275000,99275000,492,819,99300000,42949
4,3972,99300000,99300000,492,819,99325000,42958
4,3973,99325000,99325000,492,819,99350000,42969
4,3974,99350000,99350000,492,819,99375000,42981
4,3975,99375000,99375000,492,819,99400000,42991
4,3976,99400000,99400000,492,819,99425000,43002
4,3977,99425000,99425000,492,819,99450000,43012
4,3978,99450000,99450000,492,819,99475000,43023
4,3979,99475000,99475000,492,819,99500000,43035
4,398,9950000,9950000,492,819,9975000,4309
4,3980,99500000,99500000,492,819,99525000,43045
4,3981,99525000,99525000,492,819,99550000,43057
4,3982,99550000,99550000,492,819,99575000,43066
4,3983,99575000,99575000,492,819,99600000,43078
4,3984,99600000,99600000,492,819,99625000,43088
4,3985,99625000,99625000,492,819,99650000,43100
4,3986,99650000,99650000,492,819,99675000,43109
4,3987,99675000,99675000,492,819,99700000,43121
4,3988,99700000,99700000,492,819,99725000,43133
4,3989,99725000,99725000,492,819,99750000,43142
4,399,9975000,9975000,492,819,10000000,4321
4,3990,99750000,99750000,492,819,99775000,43152
4,3991,99775000,99775000,492,819,99800000,43165
4,3992,99800000,99800000,492,819,99825000,43176
4,3993,99825000,99825000,492,819,99850000,43185
4,3994,99850000,99850000,492,819,99875000,43196
4,3995,99875000,99875000,492,819,99900000,43208
4,3996,99900000,99900000,492,819,99925000,43217
4,3997,99925000,99925000,492,819,99950000,43229
4,3998,99950000,99950000,492,819,99975000,43240
4,3999,99975000,99975000,492,819,100000000,43252
4,4,100000,100000,492,819,125000,49
4,40,1000000,1000000,492,819,1025000,439
4,400,10000000,10000000,492,819,10025000,4331
4,4000,100000000,100000000,492,819,100025000,43261
4,4001,100025000,100025000,492,819,100050000,43273
4,4002,100050000,100050000,492,819,100075000,43282
4,4003,100075000,100075000,492,819,100100000,43294
4,4004,100100000,100100000,492,819,100125000,43304
4,4005,100125000,100125000,492,819,100150000,43316
4,4006,100150000,100150000,492,819,100175000,43327
4,4007,100175000,100175000,492,819,100200000,43337
4,4008,100200000,100200000,492,819,100225000,43348
4,4009,100225000,100225000,492,819,100250000,43359
4,401,10025000,10025000,492,819,10050000,4343
4,4010,100250000,100250000,492,819,100275000,43369
4,4011,100275000,100275000,492,819,100300000,43380
4,4012,100300000,100300000,492,819,100325000,43392
4,4013,100325000,100325000,492,819,100350000,43402
4,4014,100350000,100350000,492,819,100375000,43411
4,4015,100375000,100375000,492,819,100400000,43425
4,4016,100400000,100400000,492,819,100425000,43435
4,4017,100425000,100425000,492,819,100450000,43445
4,4018,100450000,100450000,492,819,100475000,43456
4,4019,100475000,100475000,492,819,100500000,43468
4,402,10050000,10050000,492,819,10075000,4351
4,4020,100500000,100500000,492,819,100525000,43477
4,4021,100525000,100525000,492,819,100550000,43488
4,4022,100550000,100550000,492,819,100575000,43499
4,4023,100575000,100575000,492,819,100600000,43511
4,4024,100600000,100600000,492,819,100625000,43521
4,4025,100625000,100625000,492,819,100650000,43532
4,4026,100650000,100650000,492,819,100675000,43542
4,4027,100675000,100675000,492,819,100700000,43554
4,4028,100700000,100700000,492,819,100725000,43564
4,4029,100725000,100725000,492,819,100750000,43575
4,403,10075000,10075000,492,819,10100000,4364
4,4030,100750000,100750000,492,819,100775000,43586
4,4031,100775000,100775000,492,819,100800000,43596
4,4032,100800000,100800000,492,819,100825000,43607
4,4033,100825000,100825000,492,819,100850000,43619
4,4034,100850000,100850000,492,819,100875000,43629
4,4035,100875000,100875000,492,819,100900000,43641
4,4036,100900000,100900000,492,819,100925000,43651
4,4037,100925000,100925000,492,819,100950000,43662
4,4038,100950000,100950000,492,819,100975000,43670
4,4039,100975000,100975000,492,819,101000000,43684
4,404,10100000,10100000,492,819,10125000,4375
4,4040,101000000,101000000,492,819,101025000,43694
4,4041,101025000,101025000,492,819,101050000,43705
4,4042,101050000,101050000,492,819,101075000,43716
4,4043,101075000,101075000,492,819,101100000,43727
4,4044,101100000,101100000,492,819,101125000,43737
4,4045,101125000,101125000,492,819,101150000,43747
4,4046,101150000,101150000,492,819,101175000,43759
4,4047,101175000,101175000,492,819,101200000,43770
4,4048,101200000,101200000,492,819,101225000,43781
4,4049,101225000,101225000,492,819,101250000,43791
4,405,10125000,10125000,492,819,10150000,4385
4,4050,101250000,101250000,492,819,101275000,43801
4,4051,101275000,101275000,492,819,101300000,43814
4,4052,101300000,101300000,492,819,101325000,43824
4,4053,101325000,101325000,492,819,101350000,43835
4,4054,101350000,101350000,492,819,101375000,43845
4,4055,101375000,101375000,492,819,101400000,43857
4,4056,101400000,101400000,492,819,101425000,43866
4,4057,101425000,101425000,492,819,101450000,43878
4,4058,101450000,101450000,492,819,101475000,43888
4,4059,101475000,101475000,492,819,101500000,43900
4,406,10150000,10150000,492,819,10175000,4396
4,4060,101500000,101500000,492,819,101525000,43911
4,4061,101525000,101525000,492,819,101550000,43921
4,4062,101550000,101550000,492,819,101575000,43931
4,4063,101575000,101575000,492,819,101600000,43943
4,4064,101600000,101600000,492,819,101625000,43954
4,4065,101625000,101625000,492,819,101650000,43964
4,4066,101650000,101650000,492,819,101675000,43975
4,4067,101675000,101675000,492,819,101700000,43986
4,4068,101700000,101700000,492,819,101725000,43996
4,4069,101725000,101725000,492,819,101750000,44009
4,407,10175000,10175000,492,819,10200000,4407
4,4070,101750000,101750000,492,819,101775000,44018
4,4071,101775000,101775000,492,819,101800000,44030
4,4072,101800000,101800000,492,819,101825000,44040
4,4073,101825000,101825000,492,819,101850000,44051
4,4074,101850000,101850000,492,819,101875000,44060
4,4075,101875000,101875000,492,819,101900000,44073
4,4076,101900000,101900000,492,819,101925000,44084
4,4077,101925000,101925000,492,819,101950000,44094
4,4078,101950000,101950000,492,819,101975000,44105
4,4079,101975000,101975000,492,819,102000000,44116
4,408,10200000,10200000,492,819,10225000,4418
4,4080,102000000,102000000,492,819,102025000,44126
4,4081,102025000,102025000,492,819,102050000,44137
4,4082,102050000,102050000,492,819,102075000,44148
4,4083,102075000,102075000,492,819,102100000,44160
4,4084,102100000,102100000,492,819,102125000,44170
4,4085,102125000,102125000,492,819,102150000,44180
4,4086,102150000,102150000,492,819,102175000,44191
4,4087,102175000,102175000,492,819,102200000,44203
4,4088,102200000,102200000,492,819,102225000,44213
4,4089,102225000,102225000,492,819,102250000,44224
4,409,10225000,10225000,492,819,10250000,4428
4,4090,102250000,102250000,492,819,102275000,44235
4,4091,102275000,102275000,492,819,102300000,44246
4,4092,102300000,102300000,492,819,102325000,44255
4,4093,102325000,102325000,492,819,102350000,44268
4,4094,102350000,102350000,492,819,102375000,44277
4,4095,102375000,102375000,492,819,102400000,44289
4,4096,102400000,102400000,492,819,102425000,44300
4,4097,102425000,102425000,492,819,102450000,44311
4,4098,102450000,102450000,492,819,102475000,44320
4,4099,102475000,102475000,492,819,102500000,44332
4,41,1025000,1025000,492,819,1050000,449
4,410,10250000,10250000,492,819,10275000,4439
4,4100,102500000,102500000,492,819,102525000,44344
4,4101,102525000,102525000,492,819,102550000,44353
4,4102,102550000,102550000,492,819,102575000,44364
4,4103,102575000,102575000,492,819,102600000,44376
4,4104,102600000,102600000,492,819,102625000,44386
4,4105,102625000,102625000,492,819,102650000,44397
4,4106,102650000,102650000,492,819,102675000,44407
4,4107,102675000,102675000,492,819,102700000,44420
4,4108,102700000,102700000,492,819,102725000,44429
4,4109,102725000,102725000,492,819,102750000,44440
4,411,10275000,10275000,492,819,10300000,4451
4,4110,102750000,102750000,492,819,102775000,44450
4,4111,102775000,102775000,492,819,102800000,44463
4,4112,102800000,102800000,492,819,102825000,44472
4,4113,102825000,102825000,492,819,102850000,44483
4,4114,102850000,102850000,492,819,102875000,44495
4,4115,102875000,102875000,492,819,102900000,44505
4,4116,102900000,102900000,492,819,102925000,44515
4,4117,102925000,102925000,492,819,102950000,44527
4,4118,102950000,102950000,492,819,102975000,44538
4,4119,102975000,102975000,492,819,103000000,44548
4,412,10300000,10300000,492,819,10325000,4461
4,4120,103000000,103000000,492,819,103025000,44560
4,4121,103025000,103025000,492,819,103050000,44570
4,4122,103050000,103050000,492,819,103075000,44579
4,4123,103075000,103075000,492,819,103100000,44592
4,4124,103100000,103100000,492,819,103125000,44603
4,4125,103125000,103125000,492,819,103150000,44614
4,4126,103150000,103150000,492,819,103175000,44623
4,4127,103175000,103175000,492,819,103200000,44636
4,4128,103200000,103200000,492,819,103225000,44645
4,4129,103225000,103225000,492,819,103250000,44656
4,413,10325000,10325000,492,819,10350000,4471
4,4130,103250000,103250000,492,819,103275000,44666
4,4131,103275000,103275000,492,819,103300000,44679
4,4132,103300000,103300000,492,819,103325000,44690
4,4133,103325000,103325000,492,819,103350000,44699
4,4134,103350000,103350000,492,819,103375000,44710
4,4135,103375000,103375000,492,819,103400000,44722
4,4136,103400000,103400000,492,819,103425000,44732
4,4137,103425000,103425000,492,819,103450000,44743
4,4138,103450000,103450000,492,819,103475000,44754
4,4139,103475000,103475000,492,819,103500000,44765
4,414,10350000,10350000,492,819,10375000,4482
4,4140,103500000,103500000,492,819,103525000,44774
4,4141,103525000,103525000,492,819,103550000,44787
4,4142,103550000,103550000,492,819,103575000,44797
4,4143,103575000,103575000,492,819,103600000,44808
4,4144,103600000,103600000,492,819,103625000,44819
4,4145,103625000,103625000,492,819,103650000,44830
4,4146,103650000,103650000,492,819,103675000,44839
4,4147,103675000,103675000,492,819,103700000,44851
4,4148,103700000,103700000,492,819,103725000,44862
4,4149,103725000,103725000,492,819,103750000,44873
4,415,10375000,10375000,492,819,10400000,4495
4,4150,103750000,103750000,492,819,103775000,44883
4,4151,103775000,103775000,492,819,103800000,44895
4,4152,103800000,103800000,492,819,103825000,44905
4,4153,103825000,103825000,492,819,103850000,44916
4,4154,103850000,103850000,492,819,103875000,44927
4,4155,103875000,103875000,492,819,103900000,44938
4,4156,103900000,103900000,492,819,103925000,44949
4,4157,103925000,103925000,492,819,103950000,44958
4,4158,103950000,103950000,492,819,103975000,44969
4,4159,103975000,103975000,492,819,104000000,44982
4,416,10400000,10400000,492,819,10425000,4504
4,4160,104000000,104000000,492,819,104025000,44992
4,4161,104025000,104025000,492,819,104050000,45003
4,4162,104050000,104050000,492,819,104075000,45013
4,4163,104075000,104075000,492,819,104100000,45025
4,4164,104100000,104100000,492,819,104125000,45033
4,4165,104125000,104125000,492,819,104150000,45046
4,4166,104150000,104150000,492,819,104175000,45056
4,4167,104175000,104175000,492,819,104200000,45068
4,4168,104200000,104200000,492,819,104225000,45079
4,4169,104225000,104225000,492,819,104250000,45089
4,417,10425000,10425000,492,819,10450000,4515
4,4170,104250000,104250000,492,819,104275000,45099
4,4171,104275000,104275000,492,819,104300000,45111
4,4172,104300000,104300000,492,819,104325000,45122
4,4173,104325000,104325000,492,819,104350000,45132
4,4174,104350000,104350000,492,819,104375000,45143
4,4175,104375000,104375000,492,819,104400000,45154
4,4176,104400000,104400000,492,819,104425000,45164
4,4177,104425000,104425000,492,819,104450000,45176
4,4178,104450000,104450000,492,819,104475000,45186
4,4179,104475000,104475000,492,819,104500000,45198
4,418,10450000,10450000,492,819,10475000,4526
4,4180,104500000,104500000,492,819,104525000,45208
4,4181,104525000,104525000,492,819,104550000,45219
4,4182,104550000,104550000,492,819,104575000,45228
4,4183,104575000,104575000,492,819,104600000,45241
4,4184,104600000,104600000,492,819,104625000,45251
4,4185,104625000,104625000,492,819,104650000,45262
4,4186,104650000,104650000,492,819,104675000,45273
4,4187,104675000,104675000,492,819,104700000,45284
4,4188,104700000,104700000,492,819,104725000,45295
4,4189,104725000,104725000,492,819,104750000,45305
4,419,10475000,10475000,492,819,10500000,4537
4,4190,104750000,104750000,492,819,104775000,45316
4,4191,104775000,104775000,492,819,104800000,45327
4,4192,104800000,104800000,492,819,104825000,45338
4,4193,104825000,104825000,492,819,104850000,45348
4,4194,104850000,104850000,492,819,104875000,45358
4,4195,104875000,104875000,492,819,104900000,45372
4,4196,104900000,104900000,492,819,104925000,45381
4,4197,104925000,104925000,492,819,104950000,45392
4,4198,104950000,104950000,492,819,104975000,45402
4,4199,104975000,104975000,492,819,105000000,45414
4,42,1050000,1050000,492,819,1075000,458
4,420,10500000,10500000,492,819,10525000,4546
4,4200,105000000,105000000,492,819,105025000,45423
4,4201,105025000,105025000,492,819,105050000,45435
4,4202,105050000,105050000,492,819,105075000,45446
4,4203,105075000,105075000,492,819,105100000,45457
4,4204,105100000,105100000,492,819,105125000,45468
4,4205,105125000,105125000,492,819,105150000,45479
4,4206,105150000,105150000,492,819,105175000,45488
4,4207,105175000,105175000,492,819,105200000,45500
4,4208,105200000,105200000,492,819,105225000,45511
4,4209,105225000,105225000,492,819,105250000,45522
4,421,10525000,10525000,492,819,10550000,4559
4,4210,105250000,105250000,492,819,105275000,45532
4,4211,105275000,105275000,492,819,105300000,45543
4,4212,105300000,105300000,492,819,105325000,45554
4,4213,105325000,105325000,492,819,105350000,45565
4,4214,105350000,105350000,492,819,105375000,45575
4,4215,105375000,105375000,492,819,105400000,45587
4,4216,105400000,105400000,492,819,105425000,45598
4,4217,105425000,105425000,492,819,105450000,45608
4,4218,105450000,105450000,492,819,105475000,45617
4,4219,105475000,105475000,492,819,105500000,45631
4,422,10550000,10550000,492,819,10575000,4569
4,4220,105500000,105500000,492,819,105525000,45640
4,4221,105525000,105525000,492,819,105550000,45651
4,4222,105550000,105550000,492,819,105575000,45663
4,4223,105575000,105575000,492,819,105600000,45674
4,4224,105600000,105600000,492,819,105625000,45683
4,4225,105625000,105625000,492,819,105650000,45694
4,4226,105650000,105650000,492,819,105675000,45706
4,4227,105675000,105675000,492,819,105700000,45716
4,4228,105700000,105700000,492,819,105725000,45727
4,4229,105725000,105725000,492,819,105750000,45738
4,423,10575000,10575000,492,819,10600000,4580
4,4230,105750000,105750000,492,819,105775000,45748
4,4231,105775000,105775000,492,819,105800000,45760
4,4232,105800000,105800000,492,819,105825000,45770
4,4233,105825000,105825000,492,819,105850000,45782
4,4234,105850000,105850000,492,819,105875000,45791
4,4235,105875000,105875000,492,819,105900000,45803
4,4236,105900000,105900000,492,819,105925000,45813
4,4237,105925000,105925000,492,819,105950000,45825
4,4238,105950000,105950000,492,819,105975000,45834
4,4239,105975000,105975000,492,819,106000000,45847
4,424,10600000,10600000,492,819,10625000,4591
4,4240,106000000,106000000,492,819,106025000,45858
4,4241,106025000,106025000,492,819,106050000,45867
4,4242,106050000,106050000,492,819,106075000,45877
4,4243,106075000,106075000,492,819,106100000,45890
4,4244,106100000,106100000,492,819,106125000,45901
4,4245,106125000,106125000,492,819,106150000,45910
4,4246,106150000,106150000,492,819,106175000,45922
4,4247,106175000,106175000,492,819,106200000,45933
4,4248,106200000,106200000,492,819,106225000,45942
4,4249,106225000,106225000,492,819,106250000,45954
4,425,10625000,10625000,492,819,10650000,4602
4,4250,106250000,106250000,492,819,106275000,45965
4,4251,106275000,106275000,492,819,106300000,45977
4,4252,106300000,106300000,492,819,106325000,45986
4,4253,106325000,106325000,492,819,106350000,45998
4,4254,106350000,106350000,492,819,106375000,46007
4,4255,106375000,106375000,492,819,106400000,46019
4,4256,106400000,106400000,492,819,106425000,46030
4,4257,106425000,106425000,492,819,106450000,46041
4,4258,106450000,106450000,492,819,106475000,46052
4,4259,106475000,106475000,492,819,106500000,46062
4,426,10650000,10650000,492,819,10675000,4611
4,4260,106500000,106500000,492,819,106525000,46073
4,4261,106525000,106525000,492,819,106550000,46084
4,4262,106550000,106550000,492,819,106575000,46094
4,4263,106575000,106575000,492,819,106600000,46106
4,4264,106600000,106600000,492,819,106625000,46117
4,4265,106625000,106625000,492,819,106650000,46127
4,4266,106650000,106650000,492,819,106675000,46136
4,4267,106675000,106675000,492,819,106700000,46150
4,4268,106700000,106700000,492,819,106725000,46160
4,4269,106725000,106725000,492,819,106750000,46170
4,427,10675000,10675000,492,819,10700000,4623
4,4270,106750000,106750000,492,819,106775000,46181
4,4271,106775000,106775000,492,819,106800000,46193
4,4272,106800000,106800000,492,819,106825000,46202
4,4273,106825000,106825000,492,819,106850000,46214
4,4274,106850000,106850000,492,819,106875000,46224
4,4275,106875000,106875000,492,819,106900000,46236
4,4276,106900000,106900000,492,819,106925000,46246
4,4277,106925000,106925000,492,819,106950000,46257
4,4278,106950000,106950000,492,819,106975000,46267
4,4279,106975000,106975000,492,819,107000000,46279
4,428,10700000,10700000,492,819,10725000,4635
4,4280,107000000,107000000,492,819,107025000,46290
4,4281,107025000,107025000,492,819,107050000,46300
4,4282,107050000,107050000,492,819,107075000,46311
4,4283,107075000,107075000,492,819,107100000,46321
4,429,10725000,10725000,492,819,10750000,4645
4,43,1075000,1075000,492,819,1100000,471
4,430,10750000,10750000,492,819,10775000,4655
4,431,10775000,10775000,492,819,10800000,4667
4,432,10800000,10800000,492,819,10825000,4677
4,433,10825000,10825000,492,819,10850000,4688
4,434,10850000,10850000,492,819,10875000,4698
4,435,10875000,10875000,492,819,10900000,4711
4,436,10900000,10900000,492,819,10925000,4721
4,437,10925000,10925000,492,819,10950000,4731
4,438,10950000,10950000,492,819,10975000,4741
4,439,10975000,10975000,492,819,11000000,4754
4,44,1100000,1100000,492,819,1125000,482
4,440,11000000,11000000,492,819,11025000,4763
4,441,11025000,11025000,492,819,11050000,4774
4,442,11050000,11050000,492,819,11075000,4786
4,443,11075000,11075000,492,819,11100000,4797
4,444,11100000,11100000,492,819,11125000,4806
4,445,11125000,11125000,492,819,11150000,4818
4,446,11150000,11150000,492,819,11175000,4829
4,447,11175000,11175000,492,819,11200000,4839
4,448,11200000,11200000,492,819,11225000,4851
4,449,11225000,11225000,492,819,11250000,4861
4,45,1125000,1125000,492,819,1150000,492
4,450,11250000,11250000,492,819,11275000,4871
4,451,11275000,11275000,492,819,11300000,4883
4,452,11300000,11300000,492,819,11325000,4894
4,453,11325000,11325000,492,819,11350000,4905
4,454,11350000,11350000,492,819,11375000,4914
4,455,11375000,11375000,492,819,11400000,4927
4,456,11400000,11400000,492,819,11425000,4936
4,457,11425000,11425000,492,819,11450000,4948
4,458,11450000,11450000,492,819,11475000,4957
4,459,11475000,11475000,492,819,11500000,4970
4,46,1150000,1150000,492,819,1175000,503
4,460,11500000,11500000,492,819,11525000,4981
4,461,11525000,11525000,492,819,11550000,4990
4,462,11550000,11550000,492,819,11575000,5001
4,463,11575000,11575000,492,819,11600000,5013
4,464,11600000,11600000,492,819,11625000,5024
4,465,11625000,11625000,492,819,11650000,5034
4,466,11650000,11650000,492,819,11675000,5045
4,467,11675000,11675000,492,819,11700000,5056
4,468,11700000,11700000,492,819,11725000,5065
4,469,11725000,11725000,492,819,11750000,5078
4,47,1175000,1175000,492,819,1200000,515
4,470,11750000,11750000,492,819,11775000,5088
4,471,11775000,11775000,492,819,11800000,5100
4,472,11800000,11800000,492,819,11825000,5110
4,473,11825000,11825000,492,819,11850000,5121
4,474,11850000,11850000,492,819,11875000,5130
4,475,11875000,11875000,492,819,11900000,5142
4,476,11900000,11900000,492,819,11925000,5153
4,477,11925000,11925000,492,819,11950000,5164
4,478,11950000,11950000,492,819,11975000,5175
4,479,11975000,11975000,492,819,12000000,5186
4,48,1200000,1200000,492,819,1225000,524
4,480,12000000,12000000,492,819,12025000,5196
4,481,12025000,12025000,492,819,12050000,5207
4,482,12050000,12050000,492,819,12075000,5218
4,483,12075000,12075000,492,819,12100000,5229
4,484,12100000,12100000,492,819,12125000,5240
4,485,12125000,12125000,492,819,12150000,5250
4,486,12150000,12150000,492,819,12175000,5260
4,487,12175000,12175000,492,819,12200000,5273
4,488,12200000,12200000,492,819,12225000,5283
4,489,12225000,12225000,492,819,12250000,5294
4,49,1225000,1225000,492,819,1250000,535
4,490,12250000,12250000,492,819,12275000,5304
4,491,12275000,12275000,492,819,12300000,5316
4,492,12300000,12300000,492,819,12325000,5325
4,493,12325000,12325000,492,819,12350000,5337
4,494,12350000,12350000,492,819,12375000,5347
4,495,12375000,12375000,492,819,12400000,5359
4,496,12400000,12400000,492,819,12425000,5370
4,497,12425000,12425000,492,819,12450000,5380
4,498,12450000,12450000,492,819,12475000,5390
4,499,12475000,12475000,492,819,12500000,5403
4,5,125000,125000,492,819,150000,60
4,50,1250000,1250000,492,819,1275000,546
4,500,12500000,12500000,492,819,12525000,5413
4,501,12525000,12525000,492,819,12550000,5423
4,502,12550000,12550000,492,819,12575000,5434
4,503,12575000,12575000,492,819,12600000,5445
4,504,12600000,12600000,492,819,12625000,5455
4,505,12625000,12625000,492,819,12650000,5467
4,506,12650000,12650000,492,819,12675000,5478
4,507,12675000,12675000,492,819,12700000,5489
4,508,12700000,12700000,492,819,12725000,5499
4,509,12725000,12725000,492,819,12750000,5510
4,51,1275000,1275000,492,819,1300000,558
4,510,12750000,12750000,492,819,12775000,5519
4,511,12775000,12775000,492,819,12800000,5532
4,512,12800000,12800000,492,819,12825000,5542
4,513,12825000,12825000,492,819,12850000,5554
4,514,12850000,12850000,492,819,12875000,5564
4,515,12875000,12875000,492,819,12900000,5575
4,516,12900000,12900000,492,819,12925000,5586
4,517,12925000,12925000,492,819,12950000,5596
4,518,12950000,12950000,492,819,12975000,5607
4,519,12975000,12975000,492,819,13000000,5618
4,52,1300000,1300000,492,819,1325000,568
4,520,13000000,13000000,492,819,13025000,5630
4,521,13025000,13025000,492,819,13050000,5639
4,522,13050000,13050000,492,819,13075000,5649
4,523,13075000,13075000,492,819,13100000,5663
4,524,13100000,13100000,492,819,13125000,5672
4,525,13125000,13125000,492,819,13150000,5683
4,526,13150000,13150000,492,819,13175000,5693
4,527,13175000,13175000,492,819,13200000,5706
4,528,13200000,13200000,492,819,13225000,5714
4,529,13225000,13225000,492,819,13250000,5726
4,53,1325000,1325000,492,819,1350000,578
4,530,13250000,13250000,492,819,13275000,5737
4,531,13275000,13275000,492,819,13300000,5748
4,532,13300000,13300000,492,819,13325000,5759
4,533,13325000,13325000,492,819,13350000,5770
4,534,13350000,13350000,492,819,13375000,5780
4,535,13375000,13375000,492,819,13400000,5791
4,536,13400000,13400000,492,819,13425000,5802
4,537,13425000,13425000,492,819,13450000,5813
4,538,13450000,13450000,492,819,13475000,5823
4,539,13475000,13475000,492,819,13500000,5834
4,54,1350000,1350000,492,819,1375000,589
4,540,13500000,13500000,492,819,13525000,5845
4,541,13525000,13525000,492,819,13550000,5857
4,542,13550000,13550000,492,819,13575000,5866
4,543,13575000,13575000,492,819,13600000,5878
4,544,13600000,13600000,492,819,13625000,5889
4,545,13625000,13625000,492,819,13650000,5899
4,546,13650000,13650000,492,819,13675000,5908
4,547,13675000,13675000,492,819,13700000,5922
4,548,13700000,13700000,492,819,13725000,5932
4,549,13725000,13725000,492,819,13750000,5942
4,55,1375000,1375000,492,819,1400000,601
4,550,13750000,13750000,492,819,13775000,5954
4,551,13775000,13775000,492,819,13800000,5965
4,552,13800000,13800000,492,819,13825000,5974
4,553,13825000,13825000,492,819,13850000,5985
4,554,13850000,13850000,492,819,13875000,5997
4,555,13875000,13875000,492,819,13900000,6008
4,556,13900000,13900000,492,819,13925000,6018
4,557,13925000,13925000,492,819,13950000,6029
4,558,13950000,13950000,492,819,13975000,6039
4,559,13975000,13975000,492,819,14000000,6051
4,56,1400000,1400000,492,819,1425000,611
4,560,14000000,14000000,492,819,14025000,6061
4,561,14025000,14025000,492,819,14050000,6073
4,562,14050000,14050000,492,819,14075000,6083
4,563,14075000,14075000,492,819,14100000,6094
4,564,14100000,14100000,492,819,14125000,6104
4,565,14125000,14125000,492,819,14150000,6116
4,566,14150000,14150000,492,819,14175000,6125
4,567,14175000,14175000,492,819,14200000,6138
4,568,14200000,14200000,492,819,14225000,6149
4,569,14225000,14225000,492,819,14250000,6159
4,57,1425000,1425000,492,819,1450000,623
4,570,14250000,14250000,492,819,14275000,6168
4,571,14275000,14275000,492,819,14300000,6181
4,572,14300000,14300000,492,819,14325000,6192
4,573,14325000,14325000,492,819,14350000,6201
4,574,14350000,14350000,492,819,14375000,6213
4,575,14375000,14375000,492,819,14400000,6224
4,576,14400000,14400000,492,819,14425000,6234
4,577,14425000,14425000,492,819,14450000,6245
4,578,14450000,14450000,492,819,14475000,6256
4,579,14475000,14475000,492,819,14500000,6268
4,58,1450000,1450000,492,819,1475000,633
4,580,14500000,14500000,492,819,14525000,6277
4,581,14525000,14525000,492,819,14550000,6289
4,582,14550000,14550000,492,819,14575000,6298
4,583,14575000,14575000,492,819,14600000,6311
4,584,14600000,14600000,492,819,14625000,6321
4,585,14625000,14625000,492,819,14650000,6332
4,586,14650000,14650000,492,819,14675000,6343
4,587,14675000,14675000,492,819,14700000,6353
4,588,14700000,14700000,492,819,14725000,6364
4,589,14725000,14725000,492,819,14750000,6375
4,59,1475000,1475000,492,819,1500000,644
4,590,14750000,14750000,492,819,14775000,6386
4,591,14775000,14775000,492,819,14800000,6397
4,592,14800000,14800000,492,819,14825000,6408
4,593,14825000,14825000,492,819,14850000,6418
4,594,14850000,14850000,492,819,14875000,6427
4,595,14875000,14875000,492,819,14900000,6441
4,596,14900000,14900000,492,819,14925000,6451
4,597,14925000,14925000,492,819,14950000,6462
4,598,14950000,14950000,492,819,14975000,6472
4,599,14975000,14975000,492,819,15000000,6484
4,6,150000,150000,492,819,175000,69
4,60,1500000,1500000,492,819,1525000,653
4,600,15000000,15000000,492,819,15025000,6493
4,601,15025000,15025000,492,819,15050000,6505
4,602,15050000,15050000,492,819,15075000,6515
4,603,15075000,15075000,492,819,15100000,6527
4,604,15100000,15100000,492,819,15125000,6538
4,605,15125000,15125000,492,819,15150000,6548
4,606,15150000,15150000,492,819,15175000,6558
4,607,15175000,15175000,492,819,15200000,6570
4,608,15200000,15200000,492,819,15225000,6581
4,609,15225000,15225000,492,819,15250000,6591
4,61,1525000,1525000,492,819,1550000,666
4,610,15250000,15250000,492,819,15275000,6602
4,611,15275000,15275000,492,819,15300000,6613
4,612,15300000,15300000,492,819,15325000,6623
4,613,15325000,15325000,492,819,15350000,6635
4,614,15350000,15350000,492,819,15375000,6645
4,615,15375000,15375000,492,819,15400000,6657
4,616,15400000,15400000,492,819,15425000,6667
4,617,15425000,15425000,492,819,15450000,6678
4,618,15450000,15450000,492,819,15475000,6688
4,619,15475000,15475000,492,819,15500000,6700
4,62,1550000,1550000,492,819,1575000,675
4,620,15500000,15500000,492,819,15525000,6710
4,621,15525000,15525000,492,819,15550000,6721
4,622,15550000,15550000,492,819,15575000,6732
4,623,15575000,15575000,492,819,15600000,6743
4,624,15600000,15600000,492,819,15625000,6753
4,625,15625000,15625000,492,819,15650000,6765
4,626,15650000,15650000,492,819,15675000,6775
4,627,15675000,15675000,492,819,15700000,6786
4,628,15700000,15700000,492,819,15725000,6797
4,629,15725000,15725000,492,819,15750000,6807
4,63,1575000,1575000,492,819,1600000,687
4,630,15750000,15750000,492,819,15775000,6817
4,631,15775000,15775000,492,819,15800000,6830
4,632,15800000,15800000,492,819,15825000,6841
4,633,15825000,15825000,492,819,15850000,6851
4,634,15850000,15850000,492,819,15875000,6861
4,635,15875000,15875000,492,819,15900000,6874
4,636,15900000,15900000,492,819,15925000,6882
4,637,15925000,15925000,492,819,15950000,6894
4,638,15950000,15950000,492,819,15975000,6904
4,639,15975000,15975000,492,819,16000000,6917
4,64,1600000,1600000,492,819,1625000,699
4,640,16000000,16000000,492,819,16025000,6927
4,641,16025000,16025000,492,819,16050000,6937
4,642,16050000,16050000,492,819,16075000,6948
4,643,16075000,16075000,492,819,16100000,6959
4,644,16100000,16100000,492,819,16125000,6970
4,645,16125000,16125000,492,819,16150000,6980
4,646,16150000,16150000,492,819,16175000,6992
4,647,16175000,16175000,492,819,16200000,7002
4,648,16200000,16200000,492,819,16225000,7012
4,649,16225000,16225000,492,819,16250000,7025
4,65,1625000,1625000,492,819,1650000,709
4,650,16250000,16250000,492,819,16275000,7034
4,651,16275000,16275000,492,819,16300000,7046
4,652,16300000,16300000,492,819,16325000,7057
4,653,16325000,16325000,492,819,16350000,7068
4,654,16350000,16350000,492,819,16375000,7076
4,655,16375000,16375000,492,819,16400000,7089
4,656,16400000,16400000,492,819,16425000,7100
4,657,16425000,16425000,492,819,16450000,7110
4,658,16450000,16450000,492,819,16475000,7121
4,659,16475000,16475000,492,819,16500000,7133
4,66,1650000,1650000,492,819,1675000,718
4,660,16500000,16500000,492,819,16525000,7143
4,661,16525000,16525000,492,819,16550000,7153
4,662,16550000,16550000,492,819,16575000,7164
4,663,16575000,16575000,492,819,16600000,7176
4,664,16600000,16600000,492,819,16625000,7186
4,665,16625000,16625000,492,819,16650000,7196
4,666,16650000,16650000,492,819,16675000,7207
4,667,16675000,16675000,492,819,16700000,7220
4,668,16700000,16700000,492,819,16725000,7229
4,669,16725000,16725000,492,819,16750000,7241
4,67,1675000,1675000,492,819,1700000,730
4,670,16750000,16750000,492,819,16775000,7251
4,671,16775000,16775000,492,819,16800000,7262
4,672,16800000,16800000,492,819,16825000,7271
4,673,16825000,16825000,492,819,16850000,7284
4,674,16850000,16850000,492,819,16875000,7294
4,675,16875000,16875000,492,819,16900000,7305
4,676,16900000,16900000,492,819,16925000,7317
4,677,16925000,16925000,492,819,16950000,7327
4,678,16950000,16950000,492,819,16975000,7336
4,679,16975000,16975000,492,819,17000000,7348
4,68,1700000,1700000,492,819,1725000,742
4,680,17000000,17000000,492,819,17025000,7360
4,681,17025000,17025000,492,819,17050000,7370
4,682,17050000,17050000,492,819,17075000,7380
4,683,17075000,17075000,492,819,17100000,7392
4,684,17100000,17100000,492,819,17125000,7402
4,685,17125000,17125000,492,819,17150000,7413
4,686,17150000,17150000,492,819,17175000,7424
4,687,17175000,17175000,492,819,17200000,7436
4,688,17200000,17200000,492,819,17225000,7446
4,689,17225000,17225000,492,819,17250000,7456
4,69,1725000,1725000,492,819,1750000,751
4,690,17250000,17250000,492,819,17275000,7466
4,691,17275000,17275000,492,819,17300000,7479
4,692,17300000,17300000,492,819,17325000,7488
4,693,17325000,17325000,492,819,17350000,7500
4,694,17350000,17350000,492,819,17375000,7511
4,695,17375000,17375000,492,819,17400000,7522
4,696,17400000,17400000,492,819,17425000,7531
4,697,17425000,17425000,492,819,17450000,7543
4,698,17450000,17450000,492,819,17475000,7554
4,699,17475000,17475000,492,819,17500000,7564
4,7,175000,175000,492,819,200000,82
4,70,1750000,1750000,492,819,1775000,762
4,700,17500000,17500000,492,819,17525000,7576
4,701,17525000,17525000,492,819,17550000,7586
4,702,17550000,17550000,492,819,17575000,7596
4,703,17575000,17575000,492,819,17600000,7609
4,704,17600000,17600000,492,819,17625000,7619
4,705,17625000,17625000,492,819,17650000,7630
4,706,17650000,17650000,492,819,17675000,7639
4,707,17675000,17675000,492,819,17700000,7652
4,708,17700000,17700000,492,819,17725000,7661
4,709,17725000,17725000,492,819,17750000,7673
4,71,1775000,1775000,492,819,1800000,774
4,710,17750000,17750000,492,819,17775000,7683
4,711,17775000,17775000,492,819,17800000,7695
4,712,17800000,17800000,492,819,17825000,7706
4,713,17825000,17825000,492,819,17850000,7715
4,714,17850000,17850000,492,819,17875000,7726
4,715,17875000,17875000,492,819,17900000,7738
4,716,17900000,17900000,492,819,17925000,7749
4,717,17925000,17925000,492,819,17950000,7759
4,718,17950000,17950000,492,819,17975000,7770
4,719,17975000,17975000,492,819,18000000,7781
4,72,1800000,1800000,492,819,1825000,784
4,720,18000000,18000000,492,819,18025000,7791
4,721,18025000,18025000,492,819,18050000,7803
4,722,18050000,18050000,492,819,18075000,7813
4,723,18075000,18075000,492,819,18100000,7825
4,724,18100000,18100000,492,819,18125000,7835
4,725,18125000,18125000,492,819,18150000,7846
4,726,18150000,18150000,492,819,18175000,7855
4,727,18175000,18175000,492,819,18200000,7868
4,728,18200000,18200000,492,819,18225000,7878
4,729,18225000,18225000,492,819,18250000,7889
4,73,1825000,1825000,492,819,1850000,795
4,730,18250000,18250000,492,819,18275000,7900
4,731,18275000,18275000,492,819,18300000,7911
4,732,18300000,18300000,492,819,18325000,7921
4,733,18325000,18325000,492,819,18350000,7932
4,734,18350000,18350000,492,819,18375000,7943
4,735,18375000,18375000,492,819,18400000,7954
4,736,18400000,18400000,492,819,18425000,7965
4,737,18425000,18425000,492,819,18450000,7976
4,738,18450000,18450000,492,819,18475000,7985
4,739,18475000,18475000,492,819,18500000,7998
4,74,1850000,1850000,492,819,1875000,806
4,740,18500000,18500000,492,819,18525000,8008
4,741,18525000,18525000,492,819,18550000,8019
4,742,18550000,18550000,492,819,18575000,8029
4,743,18575000,18575000,492,819,18600000,8041
4,744,18600000,18600000,492,819,18625000,8051
4,745,18625000,18625000,492,819,18650000,8062
4,746,18650000,18650000,492,819,18675000,8072
4,747,18675000,18675000,492,819,18700000,8084
4,748,18700000,18700000,492,819,18725000,8095
4,749,18725000,18725000,492,819,18750000,8105
4,75,1875000,1875000,492,819,1900000,818
4,750,18750000,18750000,492,819,18775000,8115
4,751,18775000,18775000,492,819,18800000,8128
4,752,18800000,18800000,492,819,18825000,8138
4,753,18825000,18825000,492,819,18850000,8148
4,754,18850000,18850000,492,819,18875000,8160
4,755,18875000,18875000,492,819,18900000,8170
4,756,18900000,18900000,492,819,18925000,8180
4,757,18925000,18925000,492,819,18950000,8192
4,758,18950000,18950000,492,819,18975000,8203
4,759,18975000,18975000,492,819,19000000,8214
4,76,1900000,1900000,492,819,1925000,827
4,760,19000000,19000000,492,819,19025000,8224
4,761,19025000,19025000,492,819,19050000,8236
4,762,19050000,19050000,492,819,19075000,8244
4,763,19075000,19075000,492,819,19100000,8257
4,764,19100000,19100000,492,819,19125000,8267
4,765,19125000,19125000,492,819,19150000,8279
4,766,19150000,19150000,492,819,19175000,8289
4,767,19175000,19175000,492,819,19200000,8300
4,768,19200000,19200000,492,819,19225000,8311
4,769,19225000,19225000,492,819,19250000,8321
4,77,1925000,1925000,492,819,1950000,838
4,770,19250000,19250000,492,819,19275000,8332
4,771,19275000,19275000,492,819,19300000,8344
4,772,19300000,19300000,492,819,19325000,8355
4,773,19325000,19325000,492,819,19350000,8364
4,774,19350000,19350000,492,819,19375000,8374
4,775,19375000,19375000,492,819,19400000,8388
4,776,19400000,19400000,492,819,19425000,8397
4,777,19425000,19425000,492,819,19450000,8408
4,778,19450000,19450000,492,819,19475000,8419
4,779,19475000,19475000,492,819,19500000,8431
4,78,1950000,1950000,492,819,1975000,848
4,780,19500000,19500000,492,819,19525000,8439
4,781,19525000,19525000,492,819,19550000,8451
4,782,19550000,19550000,492,819,19575000,8462
4,783,19575000,19575000,492,819,19600000,8473
4,784,19600000,19600000,492,819,19625000,8484
4,785,19625000,19625000,492,819,19650000,8495
4,786,19650000,19650000,492,819,19675000,8505
4,787,19675000,19675000,492,819,19700000,8516
4,788,19700000,19700000,492,819,19725000,8528
4,789,19725000,19725000,492,819,19750000,8538
4,79,1975000,1975000,492,819,2000000,861
4,790,19750000,19750000,492,819,19775000,8548
4,791,19775000,19775000,492,819,19800000,8559
4,792,19800000,19800000,492,819,19825000,8570
4,793,19825000,19825000,492,819,19850000,8582
4,794,19850000,19850000,492,819,19875000,8591
4,795,19875000,19875000,492,819,19900000,8604
4,796,19900000,19900000,492,819,19925000,8614
4,797,19925000,19925000,492,819,19950000,8624
4,798,19950000,19950000,492,819,19975000,8633
4,799,19975000,19975000,492,819,20000000,8647
4,8,200000,200000,492,819,225000,92
4,80,2000000,2000000,492,819,2025000,870
4,800,20000000,20000000,492,819,20025000,8657
4,801,20025000,20025000,492,819,20050000,8667
4,802,20050000,20050000,492,819,20075000,8679
4,803,20075000,20075000,492,819,20100000,8690
4,804,20100000,20100000,492,819,20125000,8699
4,805,20125000,20125000,492,819,20150000,8711
4,806,20150000,20150000,492,819,20175000,8722
4,807,20175000,20175000,492,819,20200000,8733
4,808,20200000,20200000,492,819,20225000,8743
4,809,20225000,20225000,492,819,20250000,8754
4,81,2025000,2025000,492,819,2050000,882
4,810,20250000,20250000,492,819,20275000,8764
4,811,20275000,20275000,492,819,20300000,8776
4,812,20300000,20300000,492,819,20325000,8787
4,813,20325000,20325000,492,819,20350000,8798
4,814,20350000,20350000,492,819,20375000,8808
4,815,20375000,20375000,492,819,20400000,8819
4,816,20400000,20400000,492,819,20425000,8829
4,817,20425000,20425000,492,819,20450000,8841
4,818,20450000,20450000,492,819,20475000,8850
4,819,20475000,20475000,492,819,20500000,8863
4,82,2050000,2050000,492,819,2075000,893
4,820,20500000,20500000,492,819,20525000,8874
4,821,20525000,20525000,492,819,20550000,8884
4,822,20550000,20550000,492,819,20575000,8894
4,823,20575000,20575000,492,819,20600000,8906
4,824,20600000,20600000,492,819,20625000,8917
4,825,20625000,20625000,492,819,20650000,8926
4,826,20650000,20650000,492,819,20675000,8938
4,827,20675000,20675000,492,819,20700000,8949
4,828,20700000,20700000,492,819,20725000,8959
4,829,20725000,20725000,492,819,20750000,8971
4,83,2075000,2075000,492,819,2100000,903
4,830,20750000,20750000,492,819,20775000,8981
4,831,20775000,20775000,492,819,20800000,8993
4,832,20800000,20800000,492,819,20825000,9002
4,833,20825000,20825000,492,819,20850000,9014
4,834,20850000,20850000,492,819,20875000,9023
4,835,20875000,20875000,492,819,20900000,9036
4,836,20900000,20900000,492,819,20925000,9046
4,837,20925000,20925000,492,819,20950000,9057
4,838,20950000,20950000,492,819,20975000,9068
4,839,20975000,20975000,492,819,21000000,9079
4,84,2100000,2100000,492,819,2125000,913
4,840,21000000,21000000,492,819,21025000,9089
4,841,21025000,21025000,492,819,21050000,9100
4,842,21050000,21050000,492,819,21075000,9111
4,843,21075000,21075000,492,819,21100000,9122
4,844,21100000,21100000,492,819,21125000,9133
4,845,21125000,21125000,492,819,21150000,9143
4,846,21150000,21150000,492,819,21175000,9153
4,847,21175000,21175000,492,819,21200000,9166
4,848,21200000,21200000,492,819,21225000,9176
4,849,21225000,21225000,492,819,21250000,9187
4,85,2125000,2125000,492,819,2150000,925
4,850,21250000,21250000,492,819,21275000,9197
4,851,21275000,21275000,492,819,21300000,9209
4,852,21300000,21300000,492,819,21325000,9218
4,853,21325000,21325000,492,819,21350000,9230
4,854,21350000,21350000,492,819,21375000,9240
4,855,21375000,21375000,492,819,21400000,9252
4,856,21400000,21400000,492,819,21425000,9264
4,857,21425000,21425000,492,819,21450000,9273
4,858,21450000,21450000,492,819,21475000,9283
4,859,21475000,21475000,492,819,21500000,9295
4,86,2150000,2150000,492,819,2175000,936
4,860,21500000,21500000,492,819,21525000,9306
4,861,21525000,21525000,492,819,21550000,9316
4,862,21550000,21550000,492,819,21575000,9327
4,863,21575000,21575000,492,819,21600000,9339
4,864,21600000,21600000,492,819,21625000,9348
4,865,21625000,21625000,492,819,21650000,9360
4,866,21650000,21650000,492,819,21675000,9370
4,867,21675000,21675000,492,819,21700000,9382
4,868,21700000,21700000,492,819,21725000,9392
4,869,21725000,21725000,492,819,21750000,9403
4,87,2175000,2175000,492,819,2200000,946
4,870,21750000,21750000,492,819,21775000,9413
4,871,21775000,21775000,492,819,21800000,9425
4,872,21800000,21800000,492,819,21825000,9435
4,873,21825000,21825000,492,819,21850000,9447
4,874,21850000,21850000,492,819,21875000,9457
4,875,21875000,21875000,492,819,21900000,9468
4,876,21900000,21900000,492,819,21925000,9478
4,877,21925000,21925000,492,819,21950000,9490
4,878,21950000,21950000,492,819,21975000,9500
4,879,21975000,21975000,492,819,22000000,9511
4,88,2200000,2200000,492,819,2225000,958
4,880,22000000,22000000,492,819,22025000,9523
4,881,22025000,22025000,492,819,22050000,9532
4,882,22050000,22050000,492,819,22075000,9542
4,883,22075000,22075000,492,819,22100000,9555
4,884,22100000,22100000,492,819,22125000,9566
4,885,22125000,22125000,492,819,22150000,9576
4,886,22150000,22150000,492,819,22175000,9586
4,887,22175000,22175000,492,819,22200000,9599
4,888,22200000,22200000,492,819,22225000,9607
4,889,22225000,22225000,492,819,22250000,9619
4,89,2225000,2225000,492,819,2250000,968
4,890,22250000,22250000,492,819,22275000,9630
4,891,22275000,22275000,492,819,22300000,9642
4,892,22300000,22300000,492,819,22325000,9652
4,893,22325000,22325000,492,819,22350000,9662
4,894,22350000,22350000,492,819,22375000,9673
4,895,22375000,22375000,492,819,22400000,9684
4,896,22400000,22400000,492,819,22425000,9695
4,897,22425000,22425000,492,819,22450000,9706
4,898,22450000,22450000,492,819,22475000,9717
4,899,22475000,22475000,492,819,22500000,9727
4,9,225000,225000,492,819,250000,103
4,90,2250000,2250000,492,819,2275000,977
4,900,22500000,22500000,492,819,22525000,9737
4,901,22525000,22525000,492,819,22550000,9750
4,902,22550000,22550000,492,819,22575000,9759
4,903,22575000,22575000,492,819,22600000,9771
4,904,22600000,22600000,492,819,22625000,9782
4,905,22625000,22625000,492,819,22650000,9793
4,906,22650000,22650000,492,819,22675000,9801
4,907,22675000,22675000,492,819,22700000,9815
4,908,22700000,22700000,492,819,22725000,9825
4,909,22725000,22725000,492,819,22750000,9835
4,91,2275000,2275000,492,819,2300000,991
4,910,22750000,22750000,492,819,22775000,9846
4,911,22775000,22775000,492,819,22800000,9858
4,912,22800000,22800000,492,819,22825000,9868
4,913,22825000,22825000,492,819,22850000,9878
4,914,22850000,22850000,492,819,22875000,9890
4,915,22875000,22875000,492,819,22900000,9901
4,916,22900000,22900000,492,819,22925000,9911
4,917,22925000,22925000,492,819,22950000,9921
4,918,22950000,22950000,492,819,22975000,9932
4,919,22975000,22975000,492,819,23000000,9945
4,92,2300000,2300000,492,819,2325000,1001
4,920,23000000,23000000,492,819,23025000,9954
4,921,23025000,23025000,492,819,23050000,9966
4,922,23050000,23050000,492,819,23075000,9976
4,923,23075000,23075000,492,819,23100000,9987
4,924,23100000,23100000,492,819,23125000,9997
4,925,23125000,23125000,492,819,23150000,10009
4,926,23150000,23150000,492,819,23175000,10019
4,927,23175000,23175000,492,819,23200000,10030
4,928,23200000,23200000,492,819,23225000,10042
4,929,23225000,23225000,492,819,23250000,10052
4,93,2325000,2325000,492,819,2350000,1012
4,930,23250000,23250000,492,819,23275000,10061
4,931,23275000,23275000,492,819,23300000,10074
4,932,23300000,23300000,492,819,23325000,10085
4,933,23325000,23325000,492,819,23350000,10095
4,934,23350000,23350000,492,819,23375000,10105
4,935,23375000,23375000,492,819,23400000,10117
4,936,23400000,23400000,492,819,23425000,10127
4,937,23425000,23425000,492,819,23450000,10138
4,938,23450000,23450000,492,819,23475000,10149
4,939,23475000,23475000,492,819,23500000,10161
4,94,2350000,2350000,492,819,2375000,1021
4,940,23500000,23500000,492,819,23525000,10171
4,941,23525000,23525000,492,819,23550000,10182
4,942,23550000,23550000,492,819,23575000,10191
4,943,23575000,23575000,492,819,23600000,10204
4,944,23600000,23600000,492,819,23625000,10213
4,945,23625000,23625000,492,819,23650000,10225
4,946,23650000,23650000,492,819,23675000,10236
4,947,23675000,23675000,492,819,23700000,10247
4,948,23700000,23700000,492,819,23725000,10257
4,949,23725000,23725000,492,819,23750000,10268
4,95,2375000,2375000,492,819,2400000,1034
4,950,23750000,23750000,492,819,23775000,10279
4,951,23775000,23775000,492,819,23800000,10289
4,952,23800000,23800000,492,819,23825000,10301
4,953,23825000,23825000,492,819,23850000,10311
4,954,23850000,23850000,492,819,23875000,10321
4,955,23875000,23875000,492,819,23900000,10334
4,956,23900000,23900000,492,819,23925000,10344
4,957,23925000,23925000,492,819,23950000,10355
4,958,23950000,23950000,492,819,23975000,10365
4,959,23975000,23975000,492,819,24000000,10377
4,96,2400000,2400000,492,819,2425000,1043
4,960,24000000,24000000,492,819,24025000,10386
4,961,24025000,24025000,492,819,24050000,10398
4,962,24050000,24050000,492,819,24075000,10408
4,963,24075000,24075000,492,819,24100000,10420
4,964,24100000,24100000,492,819,24125000,10431
4,965,24125000,24125000,492,819,24150000,10441
4,966,24150000,24150000,492,819,24175000,10451
4,967,24175000,24175000,492,819,24200000,10463
4,968,24200000,24200000,492,819,24225000,10474
4,969,24225000,24225000,492,819,24250000,10484
4,97,2425000,2425000,492,819,2450000,1054
4,970,24250000,24250000,492,819,24275000,10495
4,971,24275000,24275000,492,819,24300000,10506
4,972,24300000,24300000,492,819,24325000,10516
4,973,24325000,24325000,492,819,24350000,10528
4,974,24350000,24350000,492,819,24375000,10538
4,975,24375000,24375000,492,819,24400000,10551
4,976,24400000,24400000,492,819,24425000,10560
4,977,24425000,24425000,492,819,24450000,10571
4,978,24450000,24450000,492,819,24475000,10580
4,979,24475000,24475000,492,819,24500000,10593
4,98,2450000,2450000,492,819,2475000,1065
4,980,24500000,24500000,492,819,24525000,10603
4,981,24525000,24525000,492,819,24550000,10614
4,982,24550000,24550000,492,819,24575000,10626
4,983,24575000,24575000,492,819,24600000,10636
4,984,24600000,24600000,492,819,24625000,10646
4,985,24625000,24625000,492,819,24650000,10657
4,986,24650000,24650000,492,819,24675000,10668
4,987,24675000,24675000,492,819,24700000,10679
4,988,24700000,24700000,492,819,24725000,10690
4,989,24725000,24725000,492,819,24750000,10701
4,99,2475000,2475000,492,819,2500000,1077
4,990,24750000,24750000,492,819,24775000,10710
4,991,24775000,24775000,492,819,24800000,10723
4,992,24800000,24800000,492,819,24825000,10734
4,993,24825000,24825000,492,819,24850000,10744
4,994,24850000,24850000,492,819,24875000,10754
4,995,24875000,24875000,492,819,24900000,10766
4,996,24900000,24900000,492,819,24925000,10776
4,997,24925000,24925000,492,819,24950000,10787
4,998,24950000,24950000,492,819,24975000,10797
4,999,24975000,24975000,492,819,25000000,10810
5,0,0,0,1569,2615,25000,6
5,1,25000,25000,1569,2615,50000,18
5,10,250000,250000,1569,2615,275000,115
5,100,2500000,2500000,1569,2615,2525000,1089
5,1000,25000000,25000000,1569,2615,25025000,10821
5,1001,25025000,25025000,1569,2615,25050000,10831
5,1002,25050000,25050000,1569,2615,25075000,10841
5,1003,25075000,25075000,1569,2615,25100000,10854
5,1004,25100000,25100000,1569,2615,25125000,10864
5,1005,25125000,25125000,1569,2615,25150000,10874
5,1006,25150000,25150000,1569,2615,25175000,10886
5,1007,25175000,25175000,1569,2615,25200000,10896
5,1008,25200000,25200000,1569,2615,25225000,10906
5,1009,25225000,25225000,1569,2615,25250000,10919
5,101,2525000,2525000,1569,2615,2550000,1098
5,1010,25250000,25250000,1569,2615,25275000,10929
5,1011,25275000,25275000,1569,2615,25300000,10940
5,1012,25300000,25300000,1569,2615,25325000,10950
5,1013,25325000,25325000,1569,2615,25350000,10962
5,1014,25350000,25350000,1569,2615,25375000,10970
5,1015,25375000,25375000,1569,2615,25400000,10983
5,1016,25400000,25400000,1569,2615,25425000,10994
5,1017,25425000,25425000,1569,2615,25450000,11005
5,1018,25450000,25450000,1569,2615,25475000,11015
5,1019,25475000,25475000,1569,2615,25500000,11026
5,102,2550000,2550000,1569,2615,2575000,1109
5,1020,25500000,25500000,1569,2615,25525000,11037
5,1021,25525000,25525000,1569,2615,25550000,11047
5,1022,25550000,25550000,1569,2615,25575000,11058
5,1023,25575000,25575000,1569,2615,25600000,11070
5,1024,25600000,25600000,1569,2615,25625000,11081
5,1025,25625000,25625000,1569,2615,25650000,11090
5,1026,25650000,25650000,1569,2615,25675000,11101
5,1027,25675000,25675000,1569,2615,25700000,11114
5,1028,25700000,25700000,1569,2615,25725000,11123
5,1029,25725000,25725000,1569,2615,25750000,11134
5,103,2575000,2575000,1569,2615,2600000,1121
5,1030,25750000,25750000,1569,2615,25775000,11145
5,1031,25775000,25775000,1569,2615,25800000,11157
5,1032,25800000,25800000,1569,2615,25825000,11165
5,1033,25825000,25825000,1569,2615,25850000,11178
5,1034,25850000,25850000,1569,2615,25875000,11188
5,1035,25875000,25875000,1569,2615,25900000,11199
5,1036,25900000,25900000,1569,2615,25925000,11210
5,1037,25925000,25925000,1569,2615,25950000,11221
5,1038,25950000,25950000,1569,2615,25975000,11231
5,1039,25975000,25975000,1569,2615,26000000,11242
5,104,2600000,2600000,1569,2615,2625000,1131
5,1040,26000000,26000000,1569,2615,26025000,11254
5,1041,26025000,26025000,1569,2615,26050000,11264
5,1042,26050000,26050000,1569,2615,26075000,11274
5,1043,26075000,26075000,1569,2615,26100000,11286
5,1044,26100000,26100000,1569,2615,26125000,11296
5,1045,26125000,26125000,1569,2615,26150000,11308
5,1046,26150000,26150000,1569,2615,26175000,11317
5,1047,26175000,26175000,1569,2615,26200000,11330
5,1048,26200000,26200000,1569,2615,26225000,11340
5,1049,26225000,26225000,1569,2615,26250000,11350
5,105,2625000,2625000,1569,2615,2650000,1142
5,1050,26250000,26250000,1569,2615,26275000,11360
5,1051,26275000,26275000,1569,2615,26300000,11373
5,1052,26300000,26300000,1569,2615,26325000,11383
5,1053,26325000,26325000,1569,2615,26350000,11393
5,1054,26350000,26350000,1569,2615,26375000,11405
5,1055,26375000,26375000,1569,2615,26400000,11416
5,1056,26400000,26400000,1569,2615,26425000,11425
5,1057,26425000,26425000,1569,2615,26450000,11437
5,1058,26450000,26450000,1569,2615,26475000,11448
5,1059,26475000,26475000,1569,2615,26500000,11459
5,106,2650000,2650000,1569,2615,2675000,1153
5,1060,26500000,26500000,1569,2615,26525000,11470
5,1061,26525000,26525000,1569,2615,26550000,11480
5,1062,26550000,26550000,1569,2615,26575000,11490
5,1063,26575000,26575000,1569,2615,26600000,11502
5,1064,26600000,26600000,1569,2615,26625000,11513
5,1065,26625000,26625000,1569,2615,26650000,11524
5,1066,26650000,26650000,1569,2615,26675000,11534
5,1067,26675000,26675000,1569,2615,26700000,11546
5,1068,26700000,26700000,1569,2615,26725000,11555
5,1069,26725000,26725000,1569,2615,26750000,11567
5,107,2675000,2675000,1569,2615,2700000,1164
5,1070,26750000,26750000,1569,2615,26775000,11576
5,1071,26775000,26775000,1569,2615,26800000,11589
5,1072,26800000,26800000,1569,2615,26825000,11600
5,1073,26825000,26825000,1569,2615,26850000,11610
5,1074,26850000,26850000,1569,2615,26875000,11620
5,1075,26875000,26875000,1569,2615,26900000,11632
5,1076,26900000,26900000,1569,2615,26925000,11643
5,1077,26925000,26925000,1569,2615,26950000,11653
5,1078,26950000,26950000,1569,2615,26975000,11664
5,1079,26975000,26975000,1569,2615,27000000,11675
5,108,2700000,2700000,1569,2615,2725000,1174
5,1080,27000000,27000000,1569,2615,27025000,11685
5,1081,27025000,27025000,1569,2615,27050000,11697
5,1082,27050000,27050000,1569,2615,27075000,11707
5,1083,27075000,27075000,1569,2615,27100000,11719
5,1084,27100000,27100000,1569,2615,27125000,11729
5,1085,27125000,27125000,1569,2615,27150000,11740
5,1086,27150000,27150000,1569,2615,27175000,11749
5,1087,27175000,27175000,1569,2615,27200000,11762
5,1088,27200000,27200000,1569,2615,27225000,11772
5,1089,27225000,27225000,1569,2615,27250000,11783
5,109,2725000,2725000,1569,2615,2750000,1186
5,1090,27250000,27250000,1569,2615,27275000,11794
5,1091,27275000,27275000,1569,2615,27300000,11805
5,1092,27300000,27300000,1569,2615,27325000,11815
5,1093,27325000,27325000,1569,2615,27350000,11826
5,1094,27350000,27350000,1569,2615,27375000,11838
5,1095,27375000,27375000,1569,2615,27400000,11848
5,1096,27400000,27400000,1569,2615,27425000,11859
5,1097,27425000,27425000,1569,2615,27450000,11869
5,1098,27450000,27450000,1569,2615,27475000,11879
5,1099,27475000,27475000,1569,2615,27500000,11892
5,11,275000,275000,1569,2615,300000,126
5,110,2750000,2750000,1569,2615,2775000,1196
5,1100,27500000,27500000,1569,2615,27525000,11902
5,1101,27525000,27525000,1569,2615,27550000,11914
5,1102,27550000,27550000,1569,2615,27575000,11923
5,1103,27575000,27575000,1569,2615,27600000,11935
5,1104,27600000,27600000,1569,2615,27625000,11944
5,1105,27625000,27625000,1569,2615,27650000,11956
5,1106,27650000,27650000,1569,2615,27675000,11966
5,1107,27675000,27675000,1569,2615,27700000,11978
5,1108,27700000,27700000,1569,2615,27725000,11990
5,1109,27725000,27725000,1569,2615,27750000,11999
5,111,2775000,2775000,1569,2615,2800000,1207
5,1110,27750000,27750000,1569,2615,27775000,12009
5,1111,27775000,27775000,1569,2615,27800000,12022
5,1112,27800000,27800000,1569,2615,27825000,12032
5,1113,27825000,27825000,1569,2615,27850000,12042
5,1114,27850000,27850000,1569,2615,27875000,12053
5,1115,27875000,27875000,1569,2615,27900000,12065
5,1116,27900000,27900000,1569,2615,27925000,12074
5,1117,27925000,27925000,1569,2615,27950000,12086
5,1118,27950000,27950000,1569,2615,27975000,12097
5,1119,27975000,27975000,1569,2615,28000000,12108
5,112,2800000,2800000,1569,2615,2825000,1218
5,1120,28000000,28000000,1569,2615,28025000,12118
5,1121,28025000,28025000,1569,2615,28050000,12129
5,1122,28050000,28050000,1569,2615,28075000,12139
5,1123,28075000,28075000,1569,2615,28100000,12151
5,1124,28100000,28100000,1569,2615,28125000,12161
5,1125,28125000,28125000,1569,2615,28150000,12173
5,1126,28150000,28150000,1569,2615,28175000,12183
5,1127,28175000,28175000,1569,2615,28200000,12194
5,1128,28200000,28200000,1569,2615,28225000,12205
5,1129,28225000,28225000,1569,2615,28250000,12216
5,113,2825000,2825000,1569,2615,2850000,1229
5,1130,28250000,28250000,1569,2615,28275000,12226
5,1131,28275000,28275000,1569,2615,28300000,12237
5,1132,28300000,28300000,1569,2615,28325000,12249
5,1133,28325000,28325000,1569,2615,28350000,12258
5,1134,28350000,28350000,1569,2615,28375000,12268
5,1135,28375000,28375000,1569,2615,28400000,12282
5,1136,28400000,28400000,1569,2615,28425000,12292
5,1137,28425000,28425000,1569,2615,28450000,12302
5,1138,28450000,28450000,1569,2615,28475000,12312
5,1139,28475000,28475000,1569,2615,28500000,12325
5,114,2850000,2850000,1569,2615,2875000,1238
5,1140,28500000,28500000,1569,2615,28525000,12333
5,1141,28525000,28525000,1569,2615,28550000,12345
5,1142,28550000,28550000,1569,2615,28575000,12356
5,1143,28575000,28575000,1569,2615,28600000,12368
5,1144,28600000,28600000,1569,2615,28625000,12378
5,1145,28625000,28625000,1569,2615,28650000,12389
5,1146,28650000,28650000,1569,2615,28675000,12399
5,1147,28675000,28675000,1569,2615,28700000,12410
5,1148,28700000,28700000,1569,2615,28725000,12421
5,1149,28725000,28725000,1569,2615,28750000,12432
5,115,2875000,2875000,1569,2615,2900000,1251
5,1150,28750000,28750000,1569,2615,28775000,12443
5,1151,28775000,28775000,1569,2615,28800000,12453
5,1152,28800000,28800000,1569,2615,28825000,12464
5,1153,28825000,28825000,1569,2615,28850000,12476
5,1154,28850000,28850000,1569,2615,28875000,12485
5,1155,28875000,28875000,1569,2615,28900000,12497
5,1156,28900000,28900000,1569,2615,28925000,12508
5,1157,28925000,28925000,1569,2615,28950000,12519
5,1158,28950000,28950000,1569,2615,28975000,12527
5,1159,28975000,28975000,1569,2615,29000000,12541
5,116,2900000,2900000,1569,2615,2925000,1261
5,1160,29000000,29000000,1569,2615,29025000,12551
5,1161,29025000,29025000,1569,2615,29050000,12561
5,1162,29050000,29050000,1569,2615,29075000,12573
5,1163,29075000,29075000,1569,2615,29100000,12584
5,1164,29100000,29100000,1569,2615,29125000,12594
5,1165,29125000,29125000,1569,2615,29150000,12604
5,1166,29150000,29150000,1569,2615,29175000,12616
5,1167,29175000,29175000,1569,2615,29200000,12627
5,1168,29200000,29200000,1569,2615,29225000,12637
5,1169,29225000,29225000,1569,2615,29250000,12648
5,117,2925000,2925000,1569,2615,2950000,1272
5,1170,29250000,29250000,1569,2615,29275000,12658
5,1171,29275000,29275000,1569,2615,29300000,12671
5,1172,29300000,29300000,1569,2615,29325000,12680
5,1173,29325000,29325000,1569,2615,29350000,12692
5,1174,29350000,29350000,1569,2615,29375000,12702
5,1175,29375000,29375000,1569,2615,29400000,12713
5,1176,29400000,29400000,1569,2615,29425000,12723
5,1177,29425000,29425000,1569,2615,29450000,12735
5,1178,29450000,29450000,1569,2615,29475000,12745
5,1179,29475000,29475000,1569,2615,29500000,12757
5,118,2950000,2950000,1569,2615,2975000,1282
5,1180,29500000,29500000,1569,2615,29525000,12768
5,1181,29525000,29525000,1569,2615,29550000,12778
5,1182,29550000,29550000,1569,2615,29575000,12787
5,1183,29575000,29575000,1569,2615,29600000,12800
5,1184,29600000,29600000,1569,2615,29625000,12811
5,1185,29625000,29625000,1569,2615,29650000,12821
5,1186,29650000,29650000,1569,2615,29675000,12832
5,1187,29675000,29675000,1569,2615,29700000,12843
5,1188,29700000,29700000,1569,2615,29725000,12853
5,1189,29725000,29725000,1569,2615,29750000,12864
5,119,2975000,2975000,1569,2615,3000000,1294
5,1190,29750000,29750000,1569,2615,29775000,12875
5,1191,29775000,29775000,1569,2615,29800000,12887
5,1192,29800000,29800000,1569,2615,29825000,12897
5,1193,29825000,29825000,1569,2615,29850000,12908
5,1194,29850000,29850000,1569,2615,29875000,12917
5,1195,29875000,29875000,1569,2615,29900000,12930
5,1196,29900000,29900000,1569,2615,29925000,12940
5,1197,29925000,29925000,1569,2615,29950000,12951
5,1198,29950000,29950000,1569,2615,29975000,12962
5,1199,29975000,29975000,1569,2615,30000000,12973
5,12,300000,300000,1569,2615,325000,136
5,120,3000000,3000000,1569,2615,3025000,1304
5,1200,30000000,30000000,1569,2615,30025000,12983
5,1201,30025000,30025000,1569,2615,30050000,12994
5,1202,30050000,30050000,1569,2615,30075000,13005
5,1203,30075000,30075000,1569,2615,30100000,13016
5,1204,30100000,30100000,1569,2615,30125000,13027
5,1205,30125000,30125000,1569,2615,30150000,13037
5,1206,30150000,30150000,1569,2615,30175000,13047
5,1207,30175000,30175000,1569,2615,30200000,13060
5,1208,30200000,30200000,1569,2615,30225000,13070
5,1209,30225000,30225000,1569,2615,30250000,13081
5,121,3025000,3025000,1569,2615,3050000,1315
5,1210,30250000,30250000,1569,2615,30275000,13091
5,1211,30275000,30275000,1569,2615,30300000,13103
5,1212,30300000,30300000,1569,2615,30325000,13112
5,1213,30325000,30325000,1569,2615,30350000,13125
5,1214,30350000,30350000,1569,2615,30375000,13134
5,1215,30375000,30375000,1569,2615,30400000,13146
5,1216,30400000,30400000,1569,2615,30425000,13157
5,1217,30425000,30425000,1569,2615,30450000,13167
5,1218,30450000,30450000,1569,2615,30475000,13177
5,1219,30475000,30475000,1569,2615,30500000,13189
5,122,3050000,3050000,1569,2615,3075000,1326
5,1220,30500000,30500000,1569,2615,30525000,13201
5,1221,30525000,30525000,1569,2615,30550000,13210
5,1222,30550000,30550000,1569,2615,30575000,13221
5,1223,30575000,30575000,1569,2615,30600000,13232
5,1224,30600000,30600000,1569,2615,30625000,13242
5,1225,30625000,30625000,1569,2615,30650000,13254
5,1226,30650000,30650000,1569,2615,30675000,13264
5,1227,30675000,30675000,1569,2615,30700000,13277
5,1228,30700000,30700000,1569,2615,30725000,13286
5,1229,30725000,30725000,1569,2615,30750000,13297
5,123,3075000,3075000,1569,2615,3100000,1337
5,1230,30750000,30750000,1569,2615,30775000,13307
5,1231,30775000,30775000,1569,2615,30800000,13319
5,1232,30800000,30800000,1569,2615,30825000,13329
5,1233,30825000,30825000,1569,2615,30850000,13340
5,1234,30850000,30850000,1569,2615,30875000,13352
5,1235,30875000,30875000,1569,2615,30900000,13362
5,1236,30900000,30900000,1569,2615,30925000,13372
5,1237,30925000,30925000,1569,2615,30950000,13384
5,1238,30950000,30950000,1569,2615,30975000,13394
5,1239,30975000,30975000,1569,2615,31000000,13405
5,124,3100000,3100000,1569,2615,3125000,1348
5,1240,31000000,31000000,1569,2615,31025000,13416
5,1241,31025000,31025000,1569,2615,31050000,13427
5,1242,31050000,31050000,1569,2615,31075000,13436
5,1243,31075000,31075000,1569,2615,31100000,13449
5,1244,31100000,31100000,1569,2615,31125000,13460
5,1245,31125000,31125000,1569,2615,31150000,13470
5,1246,31150000,31150000,1569,2615,31175000,13480
5,1247,31175000,31175000,1569,2615,31200000,13493
5,1248,31200000,31200000,1569,2615,31225000,13502
5,1249,31225000,31225000,1569,2615,31250000,13513
5,125,3125000,3125000,1569,2615,3150000,1358
5,1250,31250000,31250000,1569,2615,31275000,13523
5,1251,31275000,31275000,1569,2615,31300000,13536
5,1252,31300000,31300000,1569,2615,31325000,13546
5,1253,31325000,31325000,1569,2615,31350000,13556
5,1254,31350000,31350000,1569,2615,31375000,13567
5,1255,31375000,31375000,1569,2615,31400000,13579
5,1256,31400000,31400000,1569,2615,31425000,13589
5,1257,31425000,31425000,1569,2615,31450000,13599
5,1258,31450000,31450000,1569,2615,31475000,13611
5,1259,31475000,31475000,1569,2615,31500000,13621
5,126,3150000,3150000,1569,2615,3175000,1368
5,1260,31500000,31500000,1569,2615,31525000,13631
5,1261,31525000,31525000,1569,2615,31550000,13644
5,1262,31550000,31550000,1569,2615,31575000,13654
5,1263,31575000,31575000,1569,2615,31600000,13665
5,1264,31600000,31600000,1569,2615,31625000,13676
5,1265,31625000,31625000,1569,2615,31650000,13687
5,1266,31650000,31650000,1569,2615,31675000,13695
5,1267,31675000,31675000,1569,2615,31700000,13708
5,1268,31700000,31700000,1569,2615,31725000,13719
5,1269,31725000,31725000,1569,2615,31750000,13730
5,127,3175000,3175000,1569,2615,3200000,1381
5,1270,31750000,31750000,1569,2615,31775000,13740
5,1271,31775000,31775000,1569,2615,31800000,13752
5,1272,31800000,31800000,1569,2615,31825000,13762
5,1273,31825000,31825000,1569,2615,31850000,13772
5,1274,31850000,31850000,1569,2615,31875000,13783
5,1275,31875000,31875000,1569,2615,31900000,13795
5,1276,31900000,31900000,1569,2615,31925000,13806
5,1277,31925000,31925000,1569,2615,31950000,13815
5,1278,31950000,31950000,1569,2615,31975000,13826
5,1279,31975000,31975000,1569,2615,32000000,13839
5,128,3200000,3200000,1569,2615,3225000,1391
5,1280,32000000,32000000,1569,2615,32025000,13848
5,1281,32025000,32025000,1569,2615,32050000,13860
5,1282,32050000,32050000,1569,2615,32075000,13870
5,1283,32075000,32075000,1569,2615,32100000,13882
5,1284,32100000,32100000,1569,2615,32125000,13890
5,1285,32125000,32125000,1569,2615,32150000,13903
5,1286,32150000,32150000,1569,2615,32175000,13913
5,1287,32175000,32175000,1569,2615,32200000,13924
5,1288,32200000,32200000,1569,2615,32225000,13936
5,1289,32225000,32225000,1569,2615,32250000,13946
5,129,3225000,3225000,1569,2615,3250000,1402
5,1290,32250000,32250000,1569,2615,32275000,13956
5,1291,32275000,32275000,1569,2615,32300000,13967
5,1292,32300000,32300000,1569,2615,32325000,13979
5,1293,32325000,32325000,1569,2615,32350000,13989
5,1294,32350000,32350000,1569,2615,32375000,13999
5,1295,32375000,32375000,1569,2615,32400000,14011
5,1296,32400000,32400000,1569,2615,32425000,14021
5,1297,32425000,32425000,1569,2615,32450000,14033
5,1298,32450000,32450000,1569,2615,32475000,14043
5,1299,32475000,32475000,1569,2615,32500000,14055
5,13,325000,325000,1569,2615,350000,147
5,130,3250000,3250000,1569,2615,3275000,1412
5,1300,32500000,32500000,1569,2615,32525000,14065
5,1301,32525000,32525000,1569,2615,32550000,14075
5,1302,32550000,32550000,1569,2615,32575000,14085
5,1303,32575000,32575000,1569,2615,32600000,14098
5,1304,32600000,32600000,1569,2615,32625000,14108
5,1305,32625000,32625000,1569,2615,32650000,14119
5,1306,32650000,32650000,1569,2615,32675000,14130
5,1307,32675000,32675000,1569,2615,32700000,14141
5,1308,32700000,32700000,1569,2615,32725000,14150
5,1309,32725000,32725000,1569,2615,32750000,14162
5,131,3275000,3275000,1569,2615,3300000,1424
5,1310,32750000,32750000,1569,2615,32775000,14173
5,1311,32775000,32775000,1569,2615,32800000,14184
5,1312,32800000,32800000,1569,2615,32825000,14195
5,1313,32825000,32825000,1569,2615,32850000,14205
5,1314,32850000,32850000,1569,2615,32875000,14215
5,1315,32875000,32875000,1569,2615,32900000,14228
5,1316,32900000,32900000,1569,2615,32925000,14238
5,1317,32925000,32925000,1569,2615,32950000,14249
5,1318,32950000,32950000,1569,2615,32975000,14259
5,1319,32975000,32975000,1569,2615,33000000,14271
5,132,3300000,3300000,1569,2615,3325000,1433
5,1320,33000000,33000000,1569,2615,33025000,14280
5,1321,33025000,33025000,1569,2615,33050000,14292
5,1322,33050000,33050000,1569,2615,33075000,14302
5,1323,33075000,33075000,1569,2615,33100000,14314
5,1324,33100000,33100000,1569,2615,33125000,14325
5,1325,33125000,33125000,1569,2615,33150000,14335
5,1326,33150000,33150000,1569,2615,33175000,14345
5,1327,33175000,33175000,1569,2615,33200000,14357
5,1328,33200000,33200000,1569,2615,33225000,14368
5,1329,33225000,33225000,1569,2615,33250000,14378
5,133,3325000,3325000,1569,2615,3350000,1445
5,1330,33250000,33250000,1569,2615,33275000,14389
5,1331,33275000,33275000,1569,2615,33300000,14400
5,1332,33300000,33300000,1569,2615,33325000,14411
5,1333,33325000,33325000,1569,2615,33350000,14422
5,1334,33350000,33350000,1569,2615,33375000,14432
5,1335,33375000,33375000,1569,2615,33400000,14444
5,1336,33400000,33400000,1569,2615,33425000,14454
5,1337,33425000,33425000,1569,2615,33450000,14465
5,1338,33450000,33450000,1569,2615,33475000,14474
5,1339,33475000,33475000,1569,2615,33500000,14488
5,134,3350000,3350000,1569,2615,3375000,1455
5,1340,33500000,33500000,1569,2615,33525000,14497
5,1341,33525000,33525000,1569,2615,33550000,14508
5,1342,33550000,33550000,1569,2615,33575000,14519
5,1343,33575000,33575000,1569,2615,33600000,14530
5,1344,33600000,33600000,1569,2615,33625000,14540
5,1345,33625000,33625000,1569,2615,33650000,14551
5,1346,33650000,33650000,1569,2615,33675000,14563
5,1347,33675000,33675000,1569,2615,33700000,14573
5,1348,33700000,33700000,1569,2615,33725000,14584
5,1349,33725000,33725000,1569,2615,33750000,14595
5,135,3375000,3375000,1569,2615,3400000,1467
5,1350,33750000,33750000,1569,2615,33775000,14604
5,1351,33775000,33775000,1569,2615,33800000,14617
5,1352,33800000,33800000,1569,2615,33825000,14627
5,1353,33825000,33825000,1569,2615,33850000,14639
5,1354,33850000,33850000,1569,2615,33875000,14648
5,1355,33875000,33875000,1569,2615,33900000,14660
5,1356,33900000,33900000,1569,2615,33925000,14670
5,1357,33925000,33925000,1569,2615,33950000,14681
5,1358,33950000,33950000,1569,2615,33975000,14691
5,1359,33975000,33975000,1569,2615,34000000,14703
5,136,3400000,3400000,1569,2615,3425000,1478
5,1360,34000000,34000000,1569,2615,34025000,14715
5,1361,34025000,34025000,1569,2615,34050000,14724
5,1362,34050000,34050000,1569,2615,34075000,14734
5,1363,34075000,34075000,1569,2615,34100000,14747
5,1364,34100000,34100000,1569,2615,34125000,14757
5,1365,34125000,34125000,1569,2615,34150000,14767
5,1366,34150000,34150000,1569,2615,34175000,14779
5,1367,34175000,34175000,1569,2615,34200000,14790
5,1368,34200000,34200000,1569,2615,34225000,14799
5,1369,34225000,34225000,1569,2615,34250000,14811
5,137,3425000,3425000,1569,2615,3450000,1488
5,1370,34250000,34250000,1569,2615,34275000,14822
5,1371,34275000,34275000,1569,2615,34300000,14833
5,1372,34300000,34300000,1569,2615,34325000,14843
5,1373,34325000,34325000,1569,2615,34350000,14855
5,1374,34350000,34350000,1569,2615,34375000,14864
5,1375,34375000,34375000,1569,2615,34400000,14876
5,1376,34400000,34400000,1569,2615,34425000,14886
5,1377,34425000,34425000,1569,2615,34450000,14898
5,1378,34450000,34450000,1569,2615,34475000,14908
5,1379,34475000,34475000,1569,2615,34500000,14919
5,138,3450000,3450000,1569,2615,3475000,1498
5,1380,34500000,34500000,1569,2615,34525000,14930
5,1381,34525000,34525000,1569,2615,34550000,14941
5,1382,34550000,34550000,1569,2615,34575000,14951
5,1383,34575000,34575000,1569,2615,34600000,14963
5,1384,34600000,34600000,1569,2615,34625000,14974
5,1385,34625000,34625000,1569,2615,34650000,14983
5,1386,34650000,34650000,1569,2615,34675000,14993
5,1387,34675000,34675000,1569,2615,34700000,15007
5,1388,34700000,34700000,1569,2615,34725000,15017
5,1389,34725000,34725000,1569,2615,34750000,15027
5,139,3475000,3475000,1569,2615,3500000,1510
5,1390,34750000,34750000,1569,2615,34775000,15038
5,1391,34775000,34775000,1569,2615,34800000,15050
5,1392,34800000,34800000,1569,2615,34825000,15058
5,1393,34825000,34825000,1569,2615,34850000,15070
5,1394,34850000,34850000,1569,2615,34875000,15081
5,1395,34875000,34875000,1569,2615,34900000,15093
5,1396,34900000,34900000,1569,2615,34925000,15103
5,1397,34925000,34925000,1569,2615,34950000,15114
5,1398,34950000,34950000,1569,2615,34975000,15124
5,1399,34975000,34975000,1569,2615,35000000,15135
5,14,350000,350000,1569,2615,375000,158
5,140,3500000,3500000,1569,2615,3525000,1521
5,1400,35000000,35000000,1569,2615,35025000,15147
5,1401,35025000,35025000,1569,2615,35050000,15157
5,1402,35050000,35050000,1569,2615,35075000,15168
5,1403,35075000,35075000,1569,2615,35100000,15178
5,1404,35100000,35100000,1569,2615,35125000,15189
5,1405,35125000,35125000,1569,2615,35150000,15201
5,1406,35150000,35150000,1569,2615,35175000,15210
5,1407,35175000,35175000,1569,2615,35200000,15223
5,1408,35200000,35200000,1569,2615,35225000,15233
5,1409,35225000,35225000,1569,2615,35250000,15244
5,141,3525000,3525000,1569,2615,3550000,1531
5,1410,35250000,35250000,1569,2615,35275000,15252
5,1411,35275000,35275000,1569,2615,35300000,15266
5,1412,35300000,35300000,1569,2615,35325000,15276
5,1413,35325000,35325000,1569,2615,35350000,15286
5,1414,35350000,35350000,1569,2615,35375000,15298
5,1415,35375000,35375000,1569,2615,35400000,15309
5,1416,35400000,35400000,1569,2615,35425000,15319
5,1417,35425000,35425000,1569,2615,35450000,15330
5,1418,35450000,35450000,1569,2615,35475000,15341
5,1419,35475000,35475000,1569,2615,35500000,15352
5,142,3550000,3550000,1569,2615,3575000,1543
5,1420,35500000,35500000,1569,2615,35525000,15362
5,1421,35525000,35525000,1569,2615,35550000,15373
5,1422,35550000,35550000,1569,2615,35575000,15383
5,1423,35575000,35575000,1569,2615,35600000,15396
5,1424,35600000,35600000,1569,2615,35625000,15406
5,1425,35625000,35625000,1569,2615,35650000,15417
5,1426,35650000,35650000,1569,2615,35675000,15427
5,1427,35675000,35675000,1569,2615,35700000,15438
5,1428,35700000,35700000,1569,2615,35725000,15448
5,1429,35725000,35725000,1569,2615,35750000,15460
5,143,3575000,3575000,1569,2615,3600000,1553
5,1430,35750000,35750000,1569,2615,35775000,15470
5,1431,35775000,35775000,1569,2615,35800000,15482
5,1432,35800000,35800000,1569,2615,35825000,15493
5,1433,35825000,35825000,1569,2615,35850000,15503
5,1434,35850000,35850000,1569,2615,35875000,15513
5,1435,35875000,35875000,1569,2615,35900000,15525
5,1436,35900000,35900000,1569,2615,35925000,15536
5,1437,35925000,35925000,1569,2615,35950000,15546
5,1438,35950000,35950000,1569,2615,35975000,15557
5,1439,35975000,35975000,1569,2615,36000000,15568
5,144,3600000,3600000,1569,2615,3625000,1563
5,1440,36000000,36000000,1569,2615,36025000,15578
5,1441,36025000,36025000,1569,2615,36050000,15590
5,1442,36050000,36050000,1569,2615,36075000,15600
5,1443,36075000,36075000,1569,2615,36100000,15612
5,1444,36100000,36100000,1569,2615,36125000,15622
5,1445,36125000,36125000,1569,2615,36150000,15633
5,1446,36150000,36150000,1569,2615,36175000,15642
5,1447,36175000,36175000,1569,2615,36200000,15655
5,1448,36200000,36200000,1569,2615,36225000,15665
5,1449,36225000,36225000,1569,2615,36250000,15676
5,145,3625000,3625000,1569,2615,3650000,1575
5,1450,36250000,36250000,1569,2615,36275000,15687
5,1451,36275000,36275000,1569,2615,36300000,15699
5,1452,36300000,36300000,1569,2615,36325000,15708
5,1453,36325000,36325000,1569,2615,36350000,15719
5,1454,36350000,36350000,1569,2615,36375000,15730
5,1455,36375000,36375000,1569,2615,36400000,15741
5,1456,36400000,36400000,1569,2615,36425000,15752
5,1457,36425000,36425000,1569,2615,36450000,15762
5,1458,36450000,36450000,1569,2615,36475000,15773
5,1459,36475000,36475000,1569,2615,36500000,15785
5,146,3650000,3650000,1569,2615,3675000,1585
5,1460,36500000,36500000,1569,2615,36525000,15795
5,1461,36525000,36525000,1569,2615,36550000,15806
5,1462,36550000,36550000,1569,2615,36575000,15816
5,1463,36575000,36575000,1569,2615,36600000,15828
5,1464,36600000,36600000,1569,2615,36625000,15837
5,1465,36625000,36625000,1569,2615,36650000,15850
5,1466,36650000,36650000,1569,2615,36675000,15859
5,1467,36675000,36675000,1569,2615,36700000,15871
5,1468,36700000,36700000,1569,2615,36725000,15883
5,1469,36725000,36725000,1569,2615,36750000,15892
5,147,3675000,3675000,1569,2615,3700000,1597
5,1470,36750000,36750000,1569,2615,36775000,15902
5,1471,36775000,36775000,1569,2615,36800000,15914
5,1472,36800000,36800000,1569,2615,36825000,15926
5,1473,36825000,36825000,1569,2615,36850000,15935
5,1474,36850000,36850000,1569,2615,36875000,15946
5,1475,36875000,36875000,1569,2615,36900000,15958
5,1476,36900000,36900000,1569,2615,36925000,15967
5,1477,36925000,36925000,1569,2615,36950000,15979
5,1478,36950000,36950000,1569,2615,36975000,15989
5,1479,36975000,36975000,1569,2615,37000000,16002
5,148,3700000,3700000,1569,2615,3725000,1607
5,1480,37000000,37000000,1569,2615,37025000,16011
5,1481,37025000,37025000,1569,2615,37050000,16022
5,1482,37050000,37050000,1569,2615,37075000,16032
5,1483,37075000,37075000,1569,2615,37100000,16044
5,1484,37100000,37100000,1569,2615,37125000,16054
5,1485,37125000,37125000,1569,2615,37150000,16066
5,1486,37150000,37150000,1569,2615,37175000,16077
5,1487,37175000,37175000,1569,2615,37200000,16087
5,1488,37200000,37200000,1569,2615,37225000,16097
5,1489,37225000,37225000,1569,2615,37250000,16109
5,149,3725000,3725000,1569,2615,3750000,1619
5,1490,37250000,37250000,1569,2615,37275000,16119
5,1491,37275000,37275000,1569,2615,37300000,16130
5,1492,37300000,37300000,1569,2615,37325000,16142
5,1493,37325000,37325000,1569,2615,37350000,16152
5,1494,37350000,37350000,1569,2615,37375000,16161
5,1495,37375000,37375000,1569,2615,37400000,16174
5,1496,37400000,37400000,1569,2615,37425000,16185
5,1497,37425000,37425000,1569,2615,37450000,16195
5,1498,37450000,37450000,1569,2615,37475000,16205
5,1499,37475000,37475000,1569,2615,37500000,16218
5,15,375000,375000,1569,2615,400000,169
5,150,3750000,3750000,1569,2615,3775000,1627
5,1500,37500000,37500000,1569,2615,37525000,16227
5,1501,37525000,37525000,1569,2615,37550000,16238
5,1502,37550000,37550000,1569,2615,37575000,16249
5,1503,37575000,37575000,1569,2615,37600000,16261
5,1504,37600000,37600000,1569,2615,37625000,16271
5,1505,37625000,37625000,1569,2615,37650000,16281
5,1506,37650000,37650000,1569,2615,37675000,16292
5,1507,37675000,37675000,1569,2615,37700000,16304
5,1508,37700000,37700000,1569,2615,37725000,16314
5,1509,37725000,37725000,1569,2615,37750000,16325
5,151,3775000,3775000,1569,2615,3800000,1640
5,1510,37750000,37750000,1569,2615,37775000,16336
5,1511,37775000,37775000,1569,2615,37800000,16346
5,1512,37800000,37800000,1569,2615,37825000,16356
5,1513,37825000,37825000,1569,2615,37850000,16369
5,1514,37850000,37850000,1569,2615,37875000,16379
5,1515,37875000,37875000,1569,2615,37900000,16390
5,1516,37900000,37900000,1569,2615,37925000,16401
5,1517,37925000,37925000,1569,2615,37950000,16412
5,1518,37950000,37950000,1569,2615,37975000,16420
5,1519,37975000,37975000,1569,2615,38000000,16434
5,152,3800000,3800000,1569,2615,3825000,1650
5,1520,38000000,38000000,1569,2615,38025000,16444
5,1521,38025000,38025000,1569,2615,38050000,16455
5,1522,38050000,38050000,1569,2615,38075000,16465
5,1523,38075000,38075000,1569,2615,38100000,16477
5,1524,38100000,38100000,1569,2615,38125000,16487
5,1525,38125000,38125000,1569,2615,38150000,16497
5,1526,38150000,38150000,1569,2615,38175000,16509
5,1527,38175000,38175000,1569,2615,38200000,16520
5,1528,38200000,38200000,1569,2615,38225000,16531
5,1529,38225000,38225000,1569,2615,38250000,16540
5,153,3825000,3825000,1569,2615,3850000,1661
5,1530,38250000,38250000,1569,2615,38275000,16551
5,1531,38275000,38275000,1569,2615,38300000,16564
5,1532,38300000,38300000,1569,2615,38325000,16573
5,1533,38325000,38325000,1569,2615,38350000,16585
5,1534,38350000,38350000,1569,2615,38375000,16595
5,1535,38375000,38375000,1569,2615,38400000,16607
5,1536,38400000,38400000,1569,2615,38425000,16616
5,1537,38425000,38425000,1569,2615,38450000,16628
5,1538,38450000,38450000,1569,2615,38475000,16638
5,1539,38475000,38475000,1569,2615,38500000,16649
5,154,3850000,3850000,1569,2615,3875000,1672
5,1540,38500000,38500000,1569,2615,38525000,16661
5,1541,38525000,38525000,1569,2615,38550000,16671
5,1542,38550000,38550000,1569,2615,38575000,16681
5,1543,38575000,38575000,1569,2615,38600000,16693
5,1544,38600000,38600000,1569,2615,38625000,16704
5,1545,38625000,38625000,1569,2615,38650000,16714
5,1546,38650000,38650000,1569,2615,38675000,16724
5,1547,38675000,38675000,1569,2615,38700000,16736
5,1548,38700000,38700000,1569,2615,38725000,16746
5,1549,38725000,38725000,1569,2615,38750000,16758
5,155,3875000,3875000,1569,2615,3900000,1683
5,1550,38750000,38750000,1569,2615,38775000,16768
5,1551,38775000,38775000,1569,2615,38800000,16780
5,1552,38800000,38800000,1569,2615,38825000,16790
5,1553,38825000,38825000,1569,2615,38850000,16801
5,1554,38850000,38850000,1569,2615,38875000,16810
5,1555,38875000,38875000,1569,2615,38900000,16823
5,1556,38900000,38900000,1569,2615,38925000,16833
5,1557,38925000,38925000,1569,2615,38950000,16844
5,1558,38950000,38950000,1569,2615,38975000,16855
5,1559,38975000,38975000,1569,2615,39000000,16866
5,156,3900000,3900000,1569,2615,3925000,1694
5,1560,39000000,39000000,1569,2615,39025000,16876
5,1561,39025000,39025000,1569,2615,39050000,16887
5,1562,39050000,39050000,1569,2615,39075000,16898
5,1563,39075000,39075000,1569,2615,39100000,16909
5,1564,39100000,39100000,1569,2615,39125000,16920
5,1565,39125000,39125000,1569,2615,39150000,16930
5,1566,39150000,39150000,1569,2615,39175000,16940
5,1567,39175000,39175000,1569,2615,39200000,16953
5,1568,39200000,39200000,1569,2615,39225000,16963
5,1569,39225000,39225000,1569,2615,39250000,16974
5,157,3925000,3925000,1569,2615,3950000,1704
5,1570,39250000,39250000,1569,2615,39275000,16985
5,1571,39275000,39275000,1569,2615,39300000,16996
5,1572,39300000,39300000,1569,2615,39325000,17005
5,1573,39325000,39325000,1569,2615,39350000,17017
5,1574,39350000,39350000,1569,2615,39375000,17027
5,1575,39375000,39375000,1569,2615,39400000,17039
5,1576,39400000,39400000,1569,2615,39425000,17050
5,1577,39425000,39425000,1569,2615,39450000,17061
5,1578,39450000,39450000,1569,2615,39475000,17070
5,1579,39475000,39475000,1569,2615,39500000,17082
5,158,3950000,3950000,1569,2615,3975000,1715
5,1580,39500000,39500000,1569,2615,39525000,17093
5,1581,39525000,39525000,1569,2615,39550000,17103
5,1582,39550000,39550000,1569,2615,39575000,17114
5,1583,39575000,39575000,1569,2615,39600000,17125
5,1584,39600000,39600000,1569,2615,39625000,17136
5,1585,39625000,39625000,1569,2615,39650000,17147
5,1586,39650000,39650000,1569,2615,39675000,17157
5,1587,39675000,39675000,1569,2615,39700000,17170
5,1588,39700000,39700000,1569,2615,39725000,17179
5,1589,39725000,39725000,1569,2615,39750000,17190
5,159,3975000,3975000,1569,2615,4000000,1727
5,1590,39750000,39750000,1569,2615,39775000,17199
5,1591,39775000,39775000,1569,2615,39800000,17213
5,1592,39800000,39800000,1569,2615,39825000,17222
5,1593,39825000,39825000,1569,2615,39850000,17233
5,1594,39850000,39850000,1569,2615,39875000,17245
5,1595,39875000,39875000,1569,2615,39900000,17255
5,1596,39900000,39900000,1569,2615,39925000,17265
5,1597,39925000,39925000,1569,2615,39950000,17276
5,1598,39950000,39950000,1569,2615,39975000,17288
5,1599,39975000,39975000,1569,2615,40000000,17298
5,16,400000,400000,1569,2615,425000,180
5,160,4000000,4000000,1569,2615,4025000,1737
5,1600,40000000,40000000,1569,2615,40025000,17309
5,1601,40025000,40025000,1569,2615,40050000,17320
5,1602,40050000,40050000,1569,2615,40075000,17329
5,1603,40075000,40075000,1569,2615,40100000,17342
5,1604,40100000,40100000,1569,2615,40125000,17353
5,1605,40125000,40125000,1569,2615,40150000,17364
5,1606,40150000,40150000,1569,2615,40175000,17373
5,1607,40175000,40175000,1569,2615,40200000,17385
5,1608,40200000,40200000,1569,2615,40225000,17395
5,1609,40225000,40225000,1569,2615,40250000,17406
5,161,4025000,4025000,1569,2615,4050000,1747
5,1610,40250000,40250000,1569,2615,40275000,17416
5,1611,40275000,40275000,1569,2615,40300000,17429
5,1612,40300000,40300000,1569,2615,40325000,17440
5,1613,40325000,40325000,1569,2615,40350000,17449
5,1614,40350000,40350000,1569,2615,40375000,17459
5,1615,40375000,40375000,1569,2615,40400000,17472
5,1616,40400000,40400000,1569,2615,40425000,17482
5,1617,40425000,40425000,1569,2615,40450000,17492
5,1618,40450000,40450000,1569,2615,40475000,17504
5,1619,40475000,40475000,1569,2615,40500000,17515
5,162,4050000,4050000,1569,2615,4075000,1757
5,1620,40500000,40500000,1569,2615,40525000,17524
5,1621,40525000,40525000,1569,2615,40550000,17537
5,1622,40550000,40550000,1569,2615,40575000,17547
5,1623,40575000,40575000,1569,2615,40600000,17558
5,1624,40600000,40600000,1569,2615,40625000,17568
5,1625,40625000,40625000,1569,2615,40650000,17580
5,1626,40650000,40650000,1569,2615,40675000,17589
5,1627,40675000,40675000,1569,2615,40700000,17601
5,1628,40700000,40700000,1569,2615,40725000,17612
5,1629,40725000,40725000,1569,2615,40750000,17623
5,163,4075000,4075000,1569,2615,4100000,1771
5,1630,40750000,40750000,1569,2615,40775000,17633
5,1631,40775000,40775000,1569,2615,40800000,17644
5,1632,40800000,40800000,1569,2615,40825000,17655
5,1633,40825000,40825000,1569,2615,40850000,17666
5,1634,40850000,40850000,1569,2615,40875000,17676
5,1635,40875000,40875000,1569,2615,40900000,17688
5,1636,40900000,40900000,1569,2615,40925000,17699
5,1637,40925000,40925000,1569,2615,40950000,17708
5,1638,40950000,40950000,1569,2615,40975000,17719
5,1639,40975000,40975000,1569,2615,41000000,17732
5,164,4100000,4100000,1569,2615,4125000,1780
5,1640,41000000,41000000,1569,2615,41025000,17742
5,1641,41025000,41025000,1569,2615,41050000,17752
5,1642,41050000,41050000,1569,2615,41075000,17763
5,1643,41075000,41075000,1569,2615,41100000,17775
5,1644,41100000,41100000,1569,2615,41125000,17783
5,1645,41125000,41125000,1569,2615,41150000,17796
5,1646,41150000,41150000,1569,2615,41175000,17806
5,1647,41175000,41175000,1569,2615,41200000,17818
5,1648,41200000,41200000,1569,2615,41225000,17828
5,1649,41225000,41225000,1569,2615,41250000,17839
5,165,4125000,4125000,1569,2615,4150000,1791
5,1650,41250000,41250000,1569,2615,41275000,17849
5,1651,41275000,41275000,1569,2615,41300000,17860
5,1652,41300000,41300000,1569,2615,41325000,17872
5,1653,41325000,41325000,1569,2615,41350000,17882
5,1654,41350000,41350000,1569,2615,41375000,17893
5,1655,41375000,41375000,1569,2615,41400000,17904
5,1656,41400000,41400000,1569,2615,41425000,17914
5,1657,41425000,41425000,1569,2615,41450000,17926
5,1658,41450000,41450000,1569,2615,41475000,17935
5,1659,41475000,41475000,1569,2615,41500000,17948
5,166,4150000,4150000,1569,2615,4175000,1802
5,1660,41500000,41500000,1569,2615,41525000,17958
5,1661,41525000,41525000,1569,2615,41550000,17969
5,1662,41550000,41550000,1569,2615,41575000,17978
5,1663,41575000,41575000,1569,2615,41600000,17991
5,1664,41600000,41600000,1569,2615,41625000,18001
5,1665,41625000,41625000,1569,2615,41650000,18011
5,1666,41650000,41650000,1569,2615,41675000,18023
5,1667,41675000,41675000,1569,2615,41700000,18034
5,1668,41700000,41700000,1569,2615,41725000,18044
5,1669,41725000,41725000,1569,2615,41750000,18055
5,167,4175000,4175000,1569,2615,4200000,1813
5,1670,41750000,41750000,1569,2615,41775000,18066
5,1671,41775000,41775000,1569,2615,41800000,18077
5,1672,41800000,41800000,1569,2615,41825000,18088
5,1673,41825000,41825000,1569,2615,41850000,18098
5,1674,41850000,41850000,1569,2615,41875000,18108
5,1675,41875000,41875000,1569,2615,41900000,18121
5,1676,41900000,41900000,1569,2615,41925000,18131
5,1677,41925000,41925000,1569,2615,41950000,18142
5,1678,41950000,41950000,1569,2615,41975000,18152
5,1679,41975000,41975000,1569,2615,42000000,18164
5,168,4200000,4200000,1569,2615,4225000,1822
5,1680,42000000,42000000,1569,2615,42025000,18173
5,1681,42025000,42025000,1569,2615,42050000,18185
5,1682,42050000,42050000,1569,2615,42075000,18195
5,1683,42075000,42075000,1569,2615,42100000,18207
5,1684,42100000,42100000,1569,2615,42125000,18218
5,1685,42125000,42125000,1569,2615,42150000,18228
5,1686,42150000,42150000,1569,2615,42175000,18238
5,1687,42175000,42175000,1569,2615,42200000,18250
5,1688,42200000,42200000,1569,2615,42225000,18261
5,1689,42225000,42225000,1569,2615,42250000,18272
5,169,4225000,4225000,1569,2615,4250000,1834
5,1690,42250000,42250000,1569,2615,42275000,18282
5,1691,42275000,42275000,1569,2615,42300000,18293
5,1692,42300000,42300000,1569,2615,42325000,18303
5,1693,42325000,42325000,1569,2615,42350000,18315
5,1694,42350000,42350000,1569,2615,42375000,18325
5,1695,42375000,42375000,1569,2615,42400000,18337
5,1696,42400000,42400000,1569,2615,42425000,18348
5,1697,42425000,42425000,1569,2615,42450000,18358
5,1698,42450000,42450000,1569,2615,42475000,18367
5,1699,42475000,42475000,1569,2615,42500000,18380
5,17,425000,425000,1569,2615,450000,190
5,170,4250000,4250000,1569,2615,4275000,1845
5,1700,42500000,42500000,1569,2615,42525000,18390
5,1701,42525000,42525000,1569,2615,42550000,18401
5,1702,42550000,42550000,1569,2615,42575000,18412
5,1703,42575000,42575000,1569,2615,42600000,18424
5,1704,42600000,42600000,1569,2615,42625000,18433
5,1705,42625000,42625000,1569,2615,42650000,18444
5,1706,42650000,42650000,1569,2615,42675000,18456
5,1707,42675000,42675000,1569,2615,42700000,18466
5,1708,42700000,42700000,1569,2615,42725000,18477
5,1709,42725000,42725000,1569,2615,42750000,18487
5,171,4275000,4275000,1569,2615,4300000,1856
5,1710,42750000,42750000,1569,2615,42775000,18498
5,1711,42775000,42775000,1569,2615,42800000,18510
5,1712,42800000,42800000,1569,2615,42825000,18520
5,1713,42825000,42825000,1569,2615,42850000,18532
5,1714,42850000,42850000,1569,2615,42875000,18541
5,1715,42875000,42875000,1569,2615,42900000,18553
5,1716,42900000,42900000,1569,2615,42925000,18562
5,1717,42925000,42925000,1569,2615,42950000,18575
5,1718,42950000,42950000,1569,2615,42975000,18584
5,1719,42975000,42975000,1569,2615,43000000,18596
5,172,4300000,4300000,1569,2615,4325000,1867
5,1720,43000000,43000000,1569,2615,43025000,18608
5,1721,43025000,43025000,1569,2615,43050000,18617
5,1722,43050000,43050000,1569,2615,43075000,18627
5,1723,43075000,43075000,1569,2615,43100000,18640
5,1724,43100000,43100000,1569,2615,43125000,18651
5,1725,43125000,43125000,1569,2615,43150000,18660
5,1726,43150000,43150000,1569,2615,43175000,18671
5,1727,43175000,43175000,1569,2615,43200000,18683
5,1728,43200000,43200000,1569,2615,43225000,18692
5,1729,43225000,43225000,1569,2615,43250000,18704
5,173,4325000,4325000,1569,2615,4350000,1878
5,1730,43250000,43250000,1569,2615,43275000,18715
5,1731,43275000,43275000,1569,2615,43300000,18727
5,1732,43300000,43300000,1569,2615,43325000,18736
5,1733,43325000,43325000,1569,2615,43350000,18747
5,1734,43350000,43350000,1569,2615,43375000,18757
5,1735,43375000,43375000,1569,2615,43400000,18769
5,1736,43400000,43400000,1569,2615,43425000,18779
5,1737,43425000,43425000,1569,2615,43450000,18791
5,1738,43450000,43450000,1569,2615,43475000,18802
5,1739,43475000,43475000,1569,2615,43500000,18812
5,174,4350000,4350000,1569,2615,4375000,1887
5,1740,43500000,43500000,1569,2615,43525000,18823
5,1741,43525000,43525000,1569,2615,43550000,18834
5,1742,43550000,43550000,1569,2615,43575000,18844
5,1743,43575000,43575000,1569,2615,43600000,18855
5,1744,43600000,43600000,1569,2615,43625000,18867
5,1745,43625000,43625000,1569,2615,43650000,18877
5,1746,43650000,43650000,1569,2615,43675000,18886
5,1747,43675000,43675000,1569,2615,43700000,18900
5,1748,43700000,43700000,1569,2615,43725000,18910
5,1749,43725000,43725000,1569,2615,43750000,18920
5,175,4375000,4375000,1569,2615,4400000,1899
5,1750,43750000,43750000,1569,2615,43775000,18930
5,1751,43775000,43775000,1569,2615,43800000,18943
5,1752,43800000,43800000,1569,2615,43825000,18952
5,1753,43825000,43825000,1569,2615,43850000,18963
5,1754,43850000,43850000,1569,2615,43875000,18974
5,1755,43875000,43875000,1569,2615,43900000,18986
5,1756,43900000,43900000,1569,2615,43925000,18996
5,1757,43925000,43925000,1569,2615,43950000,19007
5,1758,43950000,43950000,1569,2615,43975000,19017
5,1759,43975000,43975000,1569,2615,44000000,19029
5,176,4400000,4400000,1569,2615,4425000,1911
5,1760,44000000,44000000,1569,2615,44025000,19039
5,1761,44025000,44025000,1569,2615,44050000,19050
5,1762,44050000,44050000,1569,2615,44075000,19061
5,1763,44075000,44075000,1569,2615,44100000,19071
5,1764,44100000,44100000,1569,2615,44125000,19082
5,1765,44125000,44125000,1569,2615,44150000,19094
5,1766,44150000,44150000,1569,2615,44175000,19104
5,1767,44175000,44175000,1569,2615,44200000,19115
5,1768,44200000,44200000,1569,2615,44225000,19126
5,1769,44225000,44225000,1569,2615,44250000,19137
5,177,4425000,4425000,1569,2615,4450000,1921
5,1770,44250000,44250000,1569,2615,44275000,19145
5,1771,44275000,44275000,1569,2615,44300000,19159
5,1772,44300000,44300000,1569,2615,44325000,19169
5,1773,44325000,44325000,1569,2615,44350000,19180
5,1774,44350000,44350000,1569,2615,44375000,19191
5,1775,44375000,44375000,1569,2615,44400000,19202
5,1776,44400000,44400000,1569,2615,44425000,19212
5,1777,44425000,44425000,1569,2615,44450000,19222
5,1778,44450000,44450000,1569,2615,44475000,19234
5,1779,44475000,44475000,1569,2615,44500000,19245
5,178,4450000,4450000,1569,2615,4475000,1931
5,1780,44500000,44500000,1569,2615,44525000,19256
5,1781,44525000,44525000,1569,2615,44550000,19266
5,1782,44550000,44550000,1569,2615,44575000,19276
5,1783,44575000,44575000,1569,2615,44600000,19289
5,1784,44600000,44600000,1569,2615,44625000,19298
5,1785,44625000,44625000,1569,2615,44650000,19310
5,1786,44650000,44650000,1569,2615,44675000,19320
5,1787,44675000,44675000,1569,2615,44700000,19332
5,1788,44700000,44700000,1569,2615,44725000,19341
5,1789,44725000,44725000,1569,2615,44750000,19353
5,179,4475000,4475000,1569,2615,4500000,1942
5,1790,44750000,44750000,1569,2615,44775000,19363
5,1791,44775000,44775000,1569,2615,44800000,19375
5,1792,44800000,44800000,1569,2615,44825000,19386
5,1793,44825000,44825000,1569,2615,44850000,19396
5,1794,44850000,44850000,1569,2615,44875000,19406
5,1795,44875000,44875000,1569,2615,44900000,19418
5,1796,44900000,44900000,1569,2615,44925000,19429
5,1797,44925000,44925000,1569,2615,44950000,19439
5,1798,44950000,44950000,1569,2615,44975000,19450
5,1799,44975000,44975000,1569,2615,45000000,19461
5,18,450000,450000,1569,2615,475000,200
5,180,4500000,4500000,1569,2615,4525000,1953
5,1800,45000000,45000000,1569,2615,45025000,19471
5,1801,45025000,45025000,1569,2615,45050000,19483
5,1802,45050000,45050000,1569,2615,45075000,19493
5,1803,45075000,45075000,1569,2615,45100000,19505
5,1804,45100000,45100000,1569,2615,45125000,19515
5,1805,45125000,45125000,1569,2615,45150000,19526
5,1806,45150000,45150000,1569,2615,45175000,19535
5,1807,45175000,45175000,1569,2615,45200000,19548
5,1808,45200000,45200000,1569,2615,45225000,19559
5,1809,45225000,45225000,1569,2615,45250000,19569
5,181,4525000,4525000,1569,2615,4550000,1964
5,1810,45250000,45250000,1569,2615,45275000,19580
5,1811,45275000,45275000,1569,2615,45300000,19591
5,1812,45300000,45300000,1569,2615,45325000,19601
5,1813,45325000,45325000,1569,2615,45350000,19612
5,1814,45350000,45350000,1569,2615,45375000,19623
5,1815,45375000,45375000,1569,2615,45400000,19635
5,1816,45400000,45400000,1569,2615,45425000,19645
5,1817,45425000,45425000,1569,2615,45450000,19655
5,1818,45450000,45450000,1569,2615,45475000,19665
5,1819,45475000,45475000,1569,2615,45500000,19678
5,182,4550000,4550000,1569,2615,4575000,1974
5,1820,45500000,45500000,1569,2615,45525000,19688
5,1821,45525000,45525000,1569,2615,45550000,19699
5,1822,45550000,45550000,1569,2615,45575000,19710
5,1823,45575000,45575000,1569,2615,45600000,19721
5,1824,45600000,45600000,1569,2615,45625000,19730
5,1825,45625000,45625000,1569,2615,45650000,19743
5,1826,45650000,45650000,1569,2615,45675000,19752
5,1827,45675000,45675000,1569,2615,45700000,19764
5,1828,45700000,45700000,1569,2615,45725000,19775
5,1829,45725000,45725000,1569,2615,45750000,19786
5,183,4575000,4575000,1569,2615,4600000,1987
5,1830,45750000,45750000,1569,2615,45775000,19795
5,1831,45775000,45775000,1569,2615,45800000,19807
5,1832,45800000,45800000,1569,2615,45825000,19819
5,1833,45825000,45825000,1569,2615,45850000,19828
5,1834,45850000,45850000,1569,2615,45875000,19839
5,1835,45875000,45875000,1569,2615,45900000,19850
5,1836,45900000,45900000,1569,2615,45925000,19861
5,1837,45925000,45925000,1569,2615,45950000,19872
5,1838,45950000,45950000,1569,2615,45975000,19882
5,1839,45975000,45975000,1569,2615,46000000,19895
5,184,4600000,4600000,1569,2615,4625000,1997
5,1840,46000000,46000000,1569,2615,46025000,19904
5,1841,46025000,46025000,1569,2615,46050000,19915
5,1842,46050000,46050000,1569,2615,46075000,19925
5,1843,46075000,46075000,1569,2615,46100000,19938
5,1844,46100000,46100000,1569,2615,46125000,19947
5,1845,46125000,46125000,1569,2615,46150000,19958
5,1846,46150000,46150000,1569,2615,46175000,19970
5,1847,46175000,46175000,1569,2615,46200000,19980
5,1848,46200000,46200000,1569,2615,46225000,19990
5,1849,46225000,46225000,1569,2615,46250000,20002
5,185,4625000,4625000,1569,2615,4650000,2007
5,1850,46250000,46250000,1569,2615,46275000,20013
5,1851,46275000,46275000,1569,2615,46300000,20023
5,1852,46300000,46300000,1569,2615,46325000,20034
5,1853,46325000,46325000,1569,2615,46350000,20045
5,1854,46350000,46350000,1569,2615,46375000,20054
5,1855,46375000,46375000,1569,2615,46400000,20067
5,1856,46400000,46400000,1569,2615,46425000,20078
5,1857,46425000,46425000,1569,2615,46450000,20089
5,1858,46450000,46450000,1569,2615,46475000,20098
5,1859,46475000,46475000,1569,2615,46500000,20111
5,186,4650000,4650000,1569,2615,4675000,2016
5,1860,46500000,46500000,1569,2615,46525000,20120
5,1861,46525000,46525000,1569,2615,46550000,20131
5,1862,46550000,46550000,1569,2615,46575000,20141
5,1863,46575000,46575000,1569,2615,46600000,20154
5,1864,46600000,46600000,1569,2615,46625000,20165
5,1865,46625000,46625000,1569,2615,46650000,20174
5,1866,46650000,46650000,1569,2615,46675000,20185
5,1867,46675000,46675000,1569,2615,46700000,20197
5,1868,46700000,46700000,1569,2615,46725000,20207
5,1869,46725000,46725000,1569,2615,46750000,20217
5,187,4675000,4675000,1569,2615,4700000,2030
5,1870,46750000,46750000,1569,2615,46775000,20229
5,1871,46775000,46775000,1569,2615,46800000,20240
5,1872,46800000,46800000,1569,2615,46825000,20249
5,1873,46825000,46825000,1569,2615,46850000,20262
5,1874,46850000,46850000,1569,2615,46875000,20272
5,1875,46875000,46875000,1569,2615,46900000,20283
5,1876,46900000,46900000,1569,2615,46925000,20294
5,1877,46925000,46925000,1569,2615,46950000,20305
5,1878,46950000,46950000,1569,2615,46975000,20314
5,1879,46975000,46975000,1569,2615,47000000,20326
5,188,4700000,4700000,1569,2615,4725000,2039
5,1880,47000000,47000000,1569,2615,47025000,20337
5,1881,47025000,47025000,1569,2615,47050000,20348
5,1882,47050000,47050000,1569,2615,47075000,20358
5,1883,47075000,47075000,1569,2615,47100000,20370
5,1884,47100000,47100000,1569,2615,47125000,20380
5,1885,47125000,47125000,1569,2615,47150000,20391
5,1886,47150000,47150000,1569,2615,47175000,20401
5,1887,47175000,47175000,1569,2615,47200000,20413
5,1888,47200000,47200000,1569,2615,47225000,20424
5,1889,47225000,47225000,1569,2615,47250000,20433
5,189,4725000,4725000,1569,2615,4750000,2050
5,1890,47250000,47250000,1569,2615,47275000,20444
5,1891,47275000,47275000,1569,2615,47300000,20457
5,1892,47300000,47300000,1569,2615,47325000,20467
5,1893,47325000,47325000,1569,2615,47350000,20478
5,1894,47350000,47350000,1569,2615,47375000,20488
5,1895,47375000,47375000,1569,2615,47400000,20500
5,1896,47400000,47400000,1569,2615,47425000,20508
5,1897,47425000,47425000,1569,2615,47450000,20521
5,1898,47450000,47450000,1569,2615,47475000,20531
5,1899,47475000,47475000,1569,2615,47500000,20543
5,19,475000,475000,1569,2615,500000,213
5,190,4750000,4750000,1569,2615,4775000,2062
5,1900,47500000,47500000,1569,2615,47525000,20554
5,1901,47525000,47525000,1569,2615,47550000,20564
5,1902,47550000,47550000,1569,2615,47575000,20574
5,1903,47575000,47575000,1569,2615,47600000,20585
5,1904,47600000,47600000,1569,2615,47625000,20597
5,1905,47625000,47625000,1569,2615,47650000,20607
5,1906,47650000,47650000,1569,2615,47675000,20618
5,1907,47675000,47675000,1569,2615,47700000,20629
5,1908,47700000,47700000,1569,2615,47725000,20639
5,1909,47725000,47725000,1569,2615,47750000,20651
5,191,4775000,4775000,1569,2615,4800000,2073
5,1910,47750000,47750000,1569,2615,47775000,20661
5,1911,47775000,47775000,1569,2615,47800000,20673
5,1912,47800000,47800000,1569,2615,47825000,20683
5,1913,47825000,47825000,1569,2615,47850000,20694
5,1914,47850000,47850000,1569,2615,47875000,20703
5,1915,47875000,47875000,1569,2615,47900000,20716
5,1916,47900000,47900000,1569,2615,47925000,20726
5,1917,47925000,47925000,1569,2615,47950000,20737
5,1918,47950000,47950000,1569,2615,47975000,20748
5,1919,47975000,47975000,1569,2615,48000000,20759
5,192,4800000,4800000,1569,2615,4825000,2082
5,1920,48000000,48000000,1569,2615,48025000,20769
5,1921,48025000,48025000,1569,2615,48050000,20780
5,1922,48050000,48050000,1569,2615,48075000,20791
5,1923,48075000,48075000,1569,2615,48100000,20802
5,1924,48100000,48100000,1569,2615,48125000,20813
5,1925,48125000,48125000,1569,2615,48150000,20823
5,1926,48150000,48150000,1569,2615,48175000,20833
5,1927,48175000,48175000,1569,2615,48200000,20847
5,1928,48200000,48200000,1569,2615,48225000,20856
5,1929,48225000,48225000,1569,2615,48250000,20867
5,193,4825000,4825000,1569,2615,4850000,2094
5,1930,48250000,48250000,1569,2615,48275000,20877
5,1931,48275000,48275000,1569,2615,48300000,20889
5,1932,48300000,48300000,1569,2615,48325000,20898
5,1933,48325000,48325000,1569,2615,48350000,20910
5,1934,48350000,48350000,1569,2615,48375000,20921
5,1935,48375000,48375000,1569,2615,48400000,20932
5,1936,48400000,48400000,1569,2615,48425000,20943
5,1937,48425000,48425000,1569,2615,48450000,20953
5,1938,48450000,48450000,1569,2615,48475000,20963
5,1939,48475000,48475000,1569,2615,48500000,20975
5,194,4850000,4850000,1569,2615,4875000,2105
5,1940,48500000,48500000,1569,2615,48525000,20986
5,1941,48525000,48525000,1569,2615,48550000,20997
5,1942,48550000,48550000,1569,2615,48575000,21007
5,1943,48575000,48575000,1569,2615,48600000,21018
5,1944,48600000,48600000,1569,2615,48625000,21029
5,1945,48625000,48625000,1569,2615,48650000,21040
5,1946,48650000,48650000,1569,2615,48675000,21050
5,1947,48675000,48675000,1569,2615,48700000,21062
5,1948,48700000,48700000,1569,2615,48725000,21073
5,1949,48725000,48725000,1569,2615,48750000,21083
5,195,4875000,4875000,1569,2615,4900000,2115
5,1950,48750000,48750000,1569,2615,48775000,21092
5,1951,48775000,48775000,1569,2615,48800000,21106
5,1952,48800000,48800000,1569,2615,48825000,21115
5,1953,48825000,48825000,1569,2615,48850000,21126
5,1954,48850000,48850000,1569,2615,48875000,21137
5,1955,48875000,48875000,1569,2615,48900000,21149
5,1956,48900000,48900000,1569,2615,48925000,21158
5,1957,48925000,48925000,1569,2615,48950000,21169
5,1958,48950000,48950000,1569,2615,48975000,21181
5,1959,48975000,48975000,1569,2615,49000000,21191
5,196,4900000,4900000,1569,2615,4925000,2126
5,1960,49000000,49000000,1569,2615,49025000,21202
5,1961,49025000,49025000,1569,2615,49050000,21213
5,1962,49050000,49050000,1569,2615,49075000,21223
5,1963,49075000,49075000,1569,2615,49100000,21235
5,1964,49100000,49100000,1569,2615,49125000,21245
5,1965,49125000,49125000,1569,2615,49150000,21257
5,1966,49150000,49150000,1569,2615,49175000,21266
5,1967,49175000,49175000,1569,2615,49200000,21278
5,1968,49200000,49200000,1569,2615,49225000,21288
5,1969,49225000,49225000,1569,2615,49250000,21300
5,197,4925000,4925000,1569,2615,4950000,2137
5,1970,49250000,49250000,1569,2615,49275000,21309
5,1971,49275000,49275000,1569,2615,49300000,21321
5,1972,49300000,49300000,1569,2615,49325000,21333
5,1973,49325000,49325000,1569,2615,49350000,21342
5,1974,49350000,49350000,1569,2615,49375000,21352
5,1975,49375000,49375000,1569,2615,49400000,21365
5,1976,49400000,49400000,1569,2615,49425000,21376
5,1977,49425000,49425000,1569,2615,49450000,21385
5,1978,49450000,49450000,1569,2615,49475000,21397
5,1979,49475000,49475000,1569,2615,49500000,21408
5,198,4950000,4950000,1569,2615,4975000,2147
5,1980,49500000,49500000,1569,2615,49525000,21417
5,1981,49525000,49525000,1569,2615,49550000,21429
5,1982,49550000,49550000,1569,2615,49575000,21440
5,1983,49575000,49575000,1569,2615,49600000,21452
5,1984,49600000,49600000,1569,2615,49625000,21461
5,1985,49625000,49625000,1569,2615,49650000,21473
5,1986,49650000,49650000,1569,2615,49675000,21482
5,1987,49675000,49675000,1569,2615,49700000,21494
5,1988,49700000,49700000,1569,2615,49725000,21504
5,1989,49725000,49725000,1569,2615,49750000,21516
5,199,4975000,4975000,1569,2615,5000000,2159
5,1990,49750000,49750000,1569,2615,49775000,21527
5,1991,49775000,49775000,1569,2615,49800000,21537
5,1992,49800000,49800000,1569,2615,49825000,21548
5,1993,49825000,49825000,1569,2615,49850000,21559
5,1994,49850000,49850000,1569,2615,49875000,21569
5,1995,49875000,49875000,1569,2615,49900000,21581
5,1996,49900000,49900000,1569,2615,49925000,21592
5,1997,49925000,49925000,1569,2615,49950000,21602
5,1998,49950000,49950000,1569,2615,49975000,21611
5,1999,49975000,49975000,1569,2615,50000000,21625
5,2,50000,50000,1569,2615,75000,28
5,20,500000,500000,1569,2615,525000,223
5,200,5000000,5000000,1569,2615,5025000,2170
5,2000,50000000,50000000,1569,2615,50025000,21635
5,2001,50025000,50025000,1569,2615,50050000,21645
5,2002,50050000,50050000,1569,2615,50075000,21656
5,2003,50075000,50075000,1569,2615,50100000,21668
5,2004,50100000,50100000,1569,2615,50125000,21677
5,2005,50125000,50125000,1569,2615,50150000,21688
5,2006,50150000,50150000,1569,2615,50175000,21699
5,2007,50175000,50175000,1569,2615,50200000,21711
5,2008,50200000,50200000,1569,2615,50225000,21721
5,2009,50225000,50225000,1569,2615,50250000,21732
5,201,5025000,5025000,1569,2615,5050000,2181
5,2010,50250000,50250000,1569,2615,50275000,21742
5,2011,50275000,50275000,1569,2615,50300000,21754
5,2012,50300000,50300000,1569,2615,50325000,21765
5,2013,50325000,50325000,1569,2615,50350000,21775
5,2014,50350000,50350000,1569,2615,50375000,21786
5,2015,50375000,50375000,1569,2615,50400000,21796
5,2016,50400000,50400000,1569,2615,50425000,21807
5,2017,50425000,50425000,1569,2615,50450000,21819
5,2018,50450000,50450000,1569,2615,50475000,21829
5,2019,50475000,50475000,1569,2615,50500000,21841
5,202,5050000,5050000,1569,2615,5075000,2190
5,2020,50500000,50500000,1569,2615,50525000,21851
5,2021,50525000,50525000,1569,2615,50550000,21862
5,2022,50550000,50550000,1569,2615,50575000,21870
5,2023,50575000,50575000,1569,2615,50600000,21884
5,2024,50600000,50600000,1569,2615,50625000,21894
5,2025,50625000,50625000,1569,2615,50650000,21905
5,2026,50650000,50650000,1569,2615,50675000,21916
5,2027,50675000,50675000,1569,2615,50700000,21927
5,2028,50700000,50700000,1569,2615,50725000,21937
5,2029,50725000,50725000,1569,2615,50750000,21948
5,203,5075000,5075000,1569,2615,5100000,2202
5,2030,50750000,50750000,1569,2615,50775000,21959
5,2031,50775000,50775000,1569,2615,50800000,21970
5,2032,50800000,50800000,1569,2615,50825000,21981
5,2033,50825000,50825000,1569,2615,50850000,21991
5,2034,50850000,50850000,1569,2615,50875000,22001
5,2035,50875000,50875000,1569,2615,50900000,22014
5,2036,50900000,50900000,1569,2615,50925000,22024
5,2037,50925000,50925000,1569,2615,50950000,22035
5,2038,50950000,50950000,1569,2615,50975000,22045
5,2039,50975000,50975000,1569,2615,51000000,22057
5,204,5100000,5100000,1569,2615,5125000,2212
5,2040,51000000,51000000,1569,2615,51025000,22066
5,2041,51025000,51025000,1569,2615,51050000,22078
5,2042,51050000,51050000,1569,2615,51075000,22088
5,2043,51075000,51075000,1569,2615,51100000,22100
5,2044,51100000,51100000,1569,2615,51125000,22111
5,2045,51125000,51125000,1569,2615,51150000,22121
5,2046,51150000,51150000,1569,2615,51175000,22132
5,2047,51175000,51175000,1569,2615,51200000,22143
5,2048,51200000,51200000,1569,2615,51225000,22154
5,2049,51225000,51225000,1569,2615,51250000,22164
5,205,5125000,5125000,1569,2615,5150000,2224
5,2050,51250000,51250000,1569,2615,51275000,22175
5,2051,51275000,51275000,1569,2615,51300000,22186
5,2052,51300000,51300000,1569,2615,51325000,22196
5,2053,51325000,51325000,1569,2615,51350000,22209
5,2054,51350000,51350000,1569,2615,51375000,22218
5,2055,51375000,51375000,1569,2615,51400000,22230
5,2056,51400000,51400000,1569,2615,51425000,22240
5,2057,51425000,51425000,1569,2615,51450000,22251
5,2058,51450000,51450000,1569,2615,51475000,22260
5,2059,51475000,51475000,1569,2615,51500000,22273
5,206,5150000,5150000,1569,2615,5175000,2233
5,2060,51500000,51500000,1569,2615,51525000,22284
5,2061,51525000,51525000,1569,2615,51550000,22294
5,2062,51550000,51550000,1569,2615,51575000,22305
5,2063,51575000,51575000,1569,2615,51600000,22317
5,2064,51600000,51600000,1569,2615,51625000,22326
5,2065,51625000,51625000,1569,2615,51650000,22337
5,2066,51650000,51650000,1569,2615,51675000,22348
5,2067,51675000,51675000,1569,2615,51700000,22360
5,2068,51700000,51700000,1569,2615,51725000,22370
5,2069,51725000,51725000,1569,2615,51750000,22380
5,207,5175000,5175000,1569,2615,5200000,2246
5,2070,51750000,51750000,1569,2615,51775000,22391
5,2071,51775000,51775000,1569,2615,51800000,22403
5,2072,51800000,51800000,1569,2615,51825000,22413
5,2073,51825000,51825000,1569,2615,51850000,22424
5,2074,51850000,51850000,1569,2615,51875000,22435
5,2075,51875000,51875000,1569,2615,51900000,22446
5,2076,51900000,51900000,1569,2615,51925000,22455
5,2077,51925000,51925000,1569,2615,51950000,22468
5,2078,51950000,51950000,1569,2615,51975000,22477
5,2079,51975000,51975000,1569,2615,52000000,22489
5,208,5200000,5200000,1569,2615,5225000,2257
5,2080,52000000,52000000,1569,2615,52025000,22501
5,2081,52025000,52025000,1569,2615,52050000,22511
5,2082,52050000,52050000,1569,2615,52075000,22520
5,2083,52075000,52075000,1569,2615,52100000,22532
5,2084,52100000,52100000,1569,2615,52125000,22544
5,2085,52125000,52125000,1569,2615,52150000,22553
5,2086,52150000,52150000,1569,2615,52175000,22564
5,2087,52175000,52175000,1569,2615,52200000,22576
5,2088,52200000,52200000,1569,2615,52225000,22586
5,2089,52225000,52225000,1569,2615,52250000,22597
5,209,5225000,5225000,1569,2615,5250000,2266
5,2090,52250000,52250000,1569,2615,52275000,22607
5,2091,52275000,52275000,1569,2615,52300000,22620
5,2092,52300000,52300000,1569,2615,52325000,22629
5,2093,52325000,52325000,1569,2615,52350000,22640
5,2094,52350000,52350000,1569,2615,52375000,22650
5,2095,52375000,52375000,1569,2615,52400000,22663
5,2096,52400000,52400000,1569,2615,52425000,22672
5,2097,52425000,52425000,1569,2615,52450000,22684
5,2098,52450000,52450000,1569,2615,52475000,22695
5,2099,52475000,52475000,1569,2615,52500000,22705
5,21,525000,525000,1569,2615,550000,234
5,210,5250000,5250000,1569,2615,5275000,2277
5,2100,52500000,52500000,1569,2615,52525000,22715
5,2101,52525000,52525000,1569,2615,52550000,22727
5,2102,52550000,52550000,1569,2615,52575000,22738
5,2103,52575000,52575000,1569,2615,52600000,22748
5,2104,52600000,52600000,1569,2615,52625000,22760
5,2105,52625000,52625000,1569,2615,52650000,22770
5,2106,52650000,52650000,1569,2615,52675000,22779
5,2107,52675000,52675000,1569,2615,52700000,22792
5,2108,52700000,52700000,1569,2615,52725000,22803
5,2109,52725000,52725000,1569,2615,52750000,22814
5,211,5275000,5275000,1569,2615,5300000,2289
5,2110,52750000,52750000,1569,2615,52775000,22823
5,2111,52775000,52775000,1569,2615,52800000,22836
5,2112,52800000,52800000,1569,2615,52825000,22845
5,2113,52825000,52825000,1569,2615,52850000,22856
5,2114,52850000,52850000,1569,2615,52875000,22867
5,2115,52875000,52875000,1569,2615,52900000,22879
5,2116,52900000,52900000,1569,2615,52925000,22890
5,2117,52925000,52925000,1569,2615,52950000,22899
5,2118,52950000,52950000,1569,2615,52975000,22910
5,2119,52975000,52975000,1569,2615,53000000,22922
5,212,5300000,5300000,1569,2615,5325000,2300
5,2120,53000000,53000000,1569,2615,53025000,22932
5,2121,53025000,53025000,1569,2615,53050000,22943
5,2122,53050000,53050000,1569,2615,53075000,22954
5,2123,53075000,53075000,1569,2615,53100000,22965
5,2124,53100000,53100000,1569,2615,53125000,22974
5,2125,53125000,53125000,1569,2615,53150000,22987
5,2126,53150000,53150000,1569,2615,53175000,22997
5,2127,53175000,53175000,1569,2615,53200000,23008
5,2128,53200000,53200000,1569,2615,53225000,23019
5,2129,53225000,53225000,1569,2615,53250000,23030
5,213,5325000,5325000,1569,2615,5350000,2309
5,2130,53250000,53250000,1569,2615,53275000,23039
5,2131,53275000,53275000,1569,2615,53300000,23052
5,2132,53300000,53300000,1569,2615,53325000,23062
5,2133,53325000,53325000,1569,2615,53350000,23073
5,2134,53350000,53350000,1569,2615,53375000,23083
5,2135,53375000,53375000,1569,2615,53400000,23095
5,2136,53400000,53400000,1569,2615,53425000,23105
5,2137,53425000,53425000,1569,2615,53450000,23116
5,2138,53450000,53450000,1569,2615,53475000,23127
5,2139,53475000,53475000,1569,2615,53500000,23138
5,214,5350000,5350000,1569,2615,5375000,2321
5,2140,53500000,53500000,1569,2615,53525000,23149
5,2141,53525000,53525000,1569,2615,53550000,23158
5,2142,53550000,53550000,1569,2615,53575000,23169
5,2143,53575000,53575000,1569,2615,53600000,23182
5,2144,53600000,53600000,1569,2615,53625000,23192
5,2145,53625000,53625000,1569,2615,53650000,23203
5,2146,53650000,53650000,1569,2615,53675000,23213
5,2147,53675000,53675000,1569,2615,53700000,23225
5,2148,53700000,53700000,1569,2615,53725000,23234
5,2149,53725000,53725000,1569,2615,53750000,23246
5,215,5375000,5375000,1569,2615,5400000,2332
5,2150,53750000,53750000,1569,2615,53775000,23256
5,2151,53775000,53775000,1569,2615,53800000,23268
5,2152,53800000,53800000,1569,2615,53825000,23279
5,2153,53825000,53825000,1569,2615,53850000,23289
5,2154,53850000,53850000,1569,2615,53875000,23299
5,2155,53875000,53875000,1569,2615,53900000,23311
5,2156,53900000,53900000,1569,2615,53925000,23322
5,2157,53925000,53925000,1569,2615,53950000,23332
5,2158,53950000,53950000,1569,2615,53975000,23343
5,2159,53975000,53975000,1569,2615,54000000,23354
5,216,5400000,5400000,1569,2615,5425000,2341
5,2160,54000000,54000000,1569,2615,54025000,23364
5,2161,54025000,54025000,1569,2615,54050000,23376
5,2162,54050000,54050000,1569,2615,54075000,23386
5,2163,54075000,54075000,1569,2615,54100000,23398
5,2164,54100000,54100000,1569,2615,54125000,23408
5,2165,54125000,54125000,1569,2615,54150000,23420
5,2166,54150000,54150000,1569,2615,54175000,23428
5,2167,54175000,54175000,1569,2615,54200000,23441
5,2168,54200000,54200000,1569,2615,54225000,23451
5,2169,54225000,54225000,1569,2615,54250000,23462
5,217,5425000,5425000,1569,2615,5450000,2354
5,2170,54250000,54250000,1569,2615,54275000,23473
5,2171,54275000,54275000,1569,2615,54300000,23484
5,2172,54300000,54300000,1569,2615,54325000,23495
5,2173,54325000,54325000,1569,2615,54350000,23505
5,2174,54350000,54350000,1569,2615,54375000,23516
5,2175,54375000,54375000,1569,2615,54400000,23527
5,2176,54400000,54400000,1569,2615,54425000,23538
5,2177,54425000,54425000,1569,2615,54450000,23548
5,2178,54450000,54450000,1569,2615,54475000,23558
5,2179,54475000,54475000,1569,2615,54500000,23572
5,218,5450000,5450000,1569,2615,5475000,2364
5,2180,54500000,54500000,1569,2615,54525000,23581
5,2181,54525000,54525000,1569,2615,54550000,23592
5,2182,54550000,54550000,1569,2615,54575000,23603
5,2183,54575000,54575000,1569,2615,54600000,23614
5,2184,54600000,54600000,1569,2615,54625000,23623
5,2185,54625000,54625000,1569,2615,54650000,23635
5,2186,54650000,54650000,1569,2615,54675000,23646
5,2187,54675000,54675000,1569,2615,54700000,23657
5,2188,54700000,54700000,1569,2615,54725000,23668
5,2189,54725000,54725000,1569,2615,54750000,23679
5,219,5475000,5475000,1569,2615,5500000,2376
5,2190,54750000,54750000,1569,2615,54775000,23688
5,2191,54775000,54775000,1569,2615,54800000,23700
5,2192,54800000,54800000,1569,2615,54825000,23711
5,2193,54825000,54825000,1569,2615,54850000,23722
5,2194,54850000,54850000,1569,2615,54875000,23732
5,2195,54875000,54875000,1569,2615,54900000,23743
5,2196,54900000,54900000,1569,2615,54925000,23754
5,2197,54925000,54925000,1569,2615,54950000,23765
5,2198,54950000,54950000,1569,2615,54975000,23775
5,2199,54975000,54975000,1569,2615,55000000,23788
5,22,550000,550000,1569,2615,575000,244
5,220,5500000,5500000,1569,2615,5525000,2385
5,2200,55000000,55000000,1569,2615,55025000,23798
5,2201,55025000,55025000,1569,2615,55050000,23808
5,2202,55050000,55050000,1569,2615,55075000,23817
5,2203,55075000,55075000,1569,2615,55100000,23831
5,2204,55100000,55100000,1569,2615,55125000,23840
5,2205,55125000,55125000,1569,2615,55150000,23851
5,2206,55150000,55150000,1569,2615,55175000,23863
5,2207,55175000,55175000,1569,2615,55200000,23874
5,2208,55200000,55200000,1569,2615,55225000,23883
5,2209,55225000,55225000,1569,2615,55250000,23894
5,221,5525000,5525000,1569,2615,5550000,2397
5,2210,55250000,55250000,1569,2615,55275000,23906
5,2211,55275000,55275000,1569,2615,55300000,23916
5,2212,55300000,55300000,1569,2615,55325000,23927
5,2213,55325000,55325000,1569,2615,55350000,23938
5,2214,55350000,55350000,1569,2615,55375000,23948
5,2215,55375000,55375000,1569,2615,55400000,23960
5,2216,55400000,55400000,1569,2615,55425000,23971
5,2217,55425000,55425000,1569,2615,55450000,23982
5,2218,55450000,55450000,1569,2615,55475000,23991
5,2219,55475000,55475000,1569,2615,55500000,24003
5,222,5550000,5550000,1569,2615,5575000,2406
5,2220,55500000,55500000,1569,2615,55525000,24013
5,2221,55525000,55525000,1569,2615,55550000,24025
5,2222,55550000,55550000,1569,2615,55575000,24034
5,2223,55575000,55575000,1569,2615,55600000,24047
5,2224,55600000,55600000,1569,2615,55625000,24058
5,2225,55625000,55625000,1569,2615,55650000,24067
5,2226,55650000,55650000,1569,2615,55675000,24077
5,2227,55675000,55675000,1569,2615,55700000,24090
5,2228,55700000,55700000,1569,2615,55725000,24101
5,2229,55725000,55725000,1569,2615,55750000,24110
5,223,5575000,5575000,1569,2615,5600000,2418
5,2230,55750000,55750000,1569,2615,55775000,24122
5,2231,55775000,55775000,1569,2615,55800000,24133
5,2232,55800000,55800000,1569,2615,55825000,24142
5,2233,55825000,55825000,1569,2615,55850000,24155
5,2234,55850000,55850000,1569,2615,55875000,24165
5,2235,55875000,55875000,1569,2615,55900000,24177
5,2236,55900000,55900000,1569,2615,55925000,24186
5,2237,55925000,55925000,1569,2615,55950000,24198
5,2238,55950000,55950000,1569,2615,55975000,24207
5,2239,55975000,55975000,1569,2615,56000000,24219
5,224,5600000,5600000,1569,2615,5625000,2429
5,2240,56000000,56000000,1569,2615,56025000,24230
5,2241,56025000,56025000,1569,2615,56050000,24241
5,2242,56050000,56050000,1569,2615,56075000,24252
5,2243,56075000,56075000,1569,2615,56100000,24262
5,2244,56100000,56100000,1569,2615,56125000,24273
5,2245,56125000,56125000,1569,2615,56150000,24284
5,2246,56150000,56150000,1569,2615,56175000,24294
5,2247,56175000,56175000,1569,2615,56200000,24306
5,2248,56200000,56200000,1569,2615,56225000,24317
5,2249,56225000,56225000,1569,2615,56250000,24327
5,225,5625000,5625000,1569,2615,5650000,2440
5,2250,56250000,56250000,1569,2615,56275000,24337
5,2251,56275000,56275000,1569,2615,56300000,24350
5,2252,56300000,56300000,1569,2615,56325000,24360
5,2253,56325000,56325000,1569,2615,56350000,24370
5,2254,56350000,56350000,1569,2615,56375000,24381
5,2255,56375000,56375000,1569,2615,56400000,24393
5,2256,56400000,56400000,1569,2615,56425000,24402
5,2257,56425000,56425000,1569,2615,56450000,24414
5,2258,56450000,56450000,1569,2615,56475000,24424
5,2259,56475000,56475000,1569,2615,56500000,24436
5,226,5650000,5650000,1569,2615,5675000,2451
5,2260,56500000,56500000,1569,2615,56525000,24446
5,2261,56525000,56525000,1569,2615,56550000,24457
5,2262,56550000,56550000,1569,2615,56575000,24467
5,2263,56575000,56575000,1569,2615,56600000,24479
5,2264,56600000,56600000,1569,2615,56625000,24490
5,2265,56625000,56625000,1569,2615,56650000,24500
5,2266,56650000,56650000,1569,2615,56675000,24511
5,2267,56675000,56675000,1569,2615,56700000,24522
5,2268,56700000,56700000,1569,2615,56725000,24532
5,2269,56725000,56725000,1569,2615,56750000,24544
5,227,5675000,5675000,1569,2615,5700000,2462
5,2270,56750000,56750000,1569,2615,56775000,24554
5,2271,56775000,56775000,1569,2615,56800000,24566
5,2272,56800000,56800000,1569,2615,56825000,24576
5,2273,56825000,56825000,1569,2615,56850000,24587
5,2274,56850000,56850000,1569,2615,56875000,24596
5,2275,56875000,56875000,1569,2615,56900000,24609
5,2276,56900000,56900000,1569,2615,56925000,24619
5,2277,56925000,56925000,1569,2615,56950000,24630
5,2278,56950000,56950000,1569,2615,56975000,24641
5,2279,56975000,56975000,1569,2615,57000000,24652
5,228,5700000,5700000,1569,2615,5725000,2472
5,2280,57000000,57000000,1569,2615,57025000,24662
5,2281,57025000,57025000,1569,2615,57050000,24673
5,2282,57050000,57050000,1569,2615,57075000,24684
5,2283,57075000,57075000,1569,2615,57100000,24695
5,2284,57100000,57100000,1569,2615,57125000,24707
5,2285,57125000,57125000,1569,2615,57150000,24716
5,2286,57150000,57150000,1569,2615,57175000,24726
5,2287,57175000,57175000,1569,2615,57200000,24739
5,2288,57200000,57200000,1569,2615,57225000,24749
5,2289,57225000,57225000,1569,2615,57250000,24760
5,229,5725000,5725000,1569,2615,5750000,2483
5,2290,57250000,57250000,1569,2615,57275000,24770
5,2291,57275000,57275000,1569,2615,57300000,24783
5,2292,57300000,57300000,1569,2615,57325000,24791
5,2293,57325000,57325000,1569,2615,57350000,24803
5,2294,57350000,57350000,1569,2615,57375000,24813
5,2295,57375000,57375000,1569,2615,57400000,24825
5,2296,57400000,57400000,1569,2615,57425000,24836
5,2297,57425000,57425000,1569,2615,57450000,24846
5,2298,57450000,57450000,1569,2615,57475000,24857
5,2299,57475000,57475000,1569,2615,57500000,24868
5,23,575000,575000,1569,2615,600000,257
5,230,5750000,5750000,1569,2615,5775000,2493
5,2300,57500000,57500000,1569,2615,57525000,24879
5,2301,57525000,57525000,1569,2615,57550000,24890
5,2302,57550000,57550000,1569,2615,57575000,24900
5,2303,57575000,57575000,1569,2615,57600000,24911
5,2304,57600000,57600000,1569,2615,57625000,24921
5,2305,57625000,57625000,1569,2615,57650000,24934
5,2306,57650000,57650000,1569,2615,57675000,24943
5,2307,57675000,57675000,1569,2615,57700000,24955
5,2308,57700000,57700000,1569,2615,57725000,24966
5,2309,57725000,57725000,1569,2615,57750000,24976
5,231,5775000,5775000,1569,2615,5800000,2505
5,2310,57750000,57750000,1569,2615,57775000,24985
5,2311,57775000,57775000,1569,2615,57800000,24998
5,2312,57800000,57800000,1569,2615,57825000,25009
5,2313,57825000,57825000,1569,2615,57850000,25019
5,2314,57850000,57850000,1569,2615,57875000,25030
5,2315,57875000,57875000,1569,2615,57900000,25042
5,2316,57900000,57900000,1569,2615,57925000,25051
5,2317,57925000,57925000,1569,2615,57950000,25062
5,2318,57950000,57950000,1569,2615,57975000,25074
5,2319,57975000,57975000,1569,2615,58000000,25085
5,232,5800000,5800000,1569,2615,5825000,2516
5,2320,58000000,58000000,1569,2615,58025000,25095
5,2321,58025000,58025000,1569,2615,58050000,25105
5,2322,58050000,58050000,1569,2615,58075000,25116
5,2323,58075000,58075000,1569,2615,58100000,25128
5,2324,58100000,58100000,1569,2615,58125000,25138
5,2325,58125000,58125000,1569,2615,58150000,25150
5,2326,58150000,58150000,1569,2615,58175000,25160
5,2327,58175000,58175000,1569,2615,58200000,25171
5,2328,58200000,58200000,1569,2615,58225000,25180
5,2329,58225000,58225000,1569,2615,58250000,25193
5,233,5825000,5825000,1569,2615,5850000,2526
5,2330,58250000,58250000,1569,2615,58275000,25202
5,2331,58275000,58275000,1569,2615,58300000,25214
5,2332,58300000,58300000,1569,2615,58325000,25226
5,2333,58325000,58325000,1569,2615,58350000,25236
5,2334,58350000,58350000,1569,2615,58375000,25245
5,2335,58375000,58375000,1569,2615,58400000,25258
5,2336,58400000,58400000,1569,2615,58425000,25269
5,2337,58425000,58425000,1569,2615,58450000,25278
5,2338,58450000,58450000,1569,2615,58475000,25289
5,2339,58475000,58475000,1569,2615,58500000,25301
5,234,5850000,5850000,1569,2615,5875000,2536
5,2340,58500000,58500000,1569,2615,58525000,25311
5,2341,58525000,58525000,1569,2615,58550000,25322
5,2342,58550000,58550000,1569,2615,58575000,25333
5,2343,58575000,58575000,1569,2615,58600000,25345
5,2344,58600000,58600000,1569,2615,58625000,25354
5,2345,58625000,58625000,1569,2615,58650000,25365
5,2346,58650000,58650000,1569,2615,58675000,25375
5,2347,58675000,58675000,1569,2615,58700000,25388
5,2348,58700000,58700000,1569,2615,58725000,25397
5,2349,58725000,58725000,1569,2615,58750000,25409
5,235,5875000,5875000,1569,2615,5900000,2549
5,2350,58750000,58750000,1569,2615,58775000,25420
5,2351,58775000,58775000,1569,2615,58800000,25430
5,2352,58800000,58800000,1569,2615,58825000,25441
5,2353,58825000,58825000,1569,2615,58850000,25452
5,2354,58850000,58850000,1569,2615,58875000,25463
5,2355,58875000,58875000,1569,2615,58900000,25473
5,2356,58900000,58900000,1569,2615,58925000,25485
5,2357,58925000,58925000,1569,2615,58950000,25495
5,2358,58950000,58950000,1569,2615,58975000,25504
5,2359,58975000,58975000,1569,2615,59000000,25518
5,236,5900000,5900000,1569,2615,5925000,2559
5,2360,59000000,59000000,1569,2615,59025000,25528
5,2361,59025000,59025000,1569,2615,59050000,25539
5,2362,59050000,59050000,1569,2615,59075000,25548
5,2363,59075000,59075000,1569,2615,59100000,25561
5,2364,59100000,59100000,1569,2615,59125000,25570
5,2365,59125000,59125000,1569,2615,59150000,25581
5,2366,59150000,59150000,1569,2615,59175000,25592
5,2367,59175000,59175000,1569,2615,59200000,25604
5,2368,59200000,59200000,1569,2615,59225000,25615
5,2369,59225000,59225000,1569,2615,59250000,25625
5,237,5925000,5925000,1569,2615,5950000,2569
5,2370,59250000,59250000,1569,2615,59275000,25635
5,2371,59275000,59275000,1569,2615,59300000,25647
5,2372,59300000,59300000,1569,2615,59325000,25657
5,2373,59325000,59325000,1569,2615,59350000,25668
5,2374,59350000,59350000,1569,2615,59375000,25679
5,2375,59375000,59375000,1569,2615,59400000,25690
5,2376,59400000,59400000,1569,2615,59425000,25700
5,2377,59425000,59425000,1569,2615,59450000,25712
5,2378,59450000,59450000,1569,2615,59475000,25722
5,2379,59475000,59475000,1569,2615,59500000,25733
5,238,5950000,5950000,1569,2615,5975000,2580
5,2380,59500000,59500000,1569,2615,59525000,25744
5,2381,59525000,59525000,1569,2615,59550000,25755
5,2382,59550000,59550000,1569,2615,59575000,25764
5,2383,59575000,59575000,1569,2615,59600000,25777
5,2384,59600000,59600000,1569,2615,59625000,25787
5,2385,59625000,59625000,1569,2615,59650000,25798
5,2386,59650000,59650000,1569,2615,59675000,25809
5,2387,59675000,59675000,1569,2615,59700000,25820
5,2388,59700000,59700000,1569,2615,59725000,25830
5,2389,59725000,59725000,1569,2615,59750000,25841
5,239,5975000,5975000,1569,2615,6000000,2592
5,2390,59750000,59750000,1569,2615,59775000,25852
5,2391,59775000,59775000,1569,2615,59800000,25863
5,2392,59800000,59800000,1569,2615,59825000,25874
5,2393,59825000,59825000,1569,2615,59850000,25884
5,2394,59850000,59850000,1569,2615,59875000,25894
5,2395,59875000,59875000,1569,2615,59900000,25907
5,2396,59900000,59900000,1569,2615,59925000,25917
5,2397,59925000,59925000,1569,2615,59950000,25928
5,2398,59950000,59950000,1569,2615,59975000,25938
5,2399,59975000,59975000,1569,2615,60000000,25950
5,24,600000,600000,1569,2615,625000,265
5,240,6000000,6000000,1569,2615,6025000,2601
5,2400,60000000,60000000,1569,2615,60025000,25959
5,2401,60025000,60025000,1569,2615,60050000,25971
5,2402,60050000,60050000,1569,2615,60075000,25981
5,2403,60075000,60075000,1569,2615,60100000,25994
5,2404,60100000,60100000,1569,2615,60125000,26004
5,2405,60125000,60125000,1569,2615,60150000,26014
5,2406,60150000,60150000,1569,2615,60175000,26024
5,2407,60175000,60175000,1569,2615,60200000,26036
5,2408,60200000,60200000,1569,2615,60225000,26047
5,2409,60225000,60225000,1569,2615,60250000,26057
5,241,6025000,6025000,1569,2615,6050000,2613
5,2410,60250000,60250000,1569,2615,60275000,26069
5,2411,60275000,60275000,1569,2615,60300000,26079
5,2412,60300000,60300000,1569,2615,60325000,26089
5,2413,60325000,60325000,1569,2615,60350000,26101
5,2414,60350000,60350000,1569,2615,60375000,26111
5,2415,60375000,60375000,1569,2615,60400000,26123
5,2416,60400000,60400000,1569,2615,60425000,26133
5,2417,60425000,60425000,1569,2615,60450000,26145
5,2418,60450000,60450000,1569,2615,60475000,26153
5,2419,60475000,60475000,1569,2615,60500000,26166
5,242,6050000,6050000,1569,2615,6075000,2623
5,2420,60500000,60500000,1569,2615,60525000,26177
5,2421,60525000,60525000,1569,2615,60550000,26187
5,2422,60550000,60550000,1569,2615,60575000,26198
5,2423,60575000,60575000,1569,2615,60600000,26209
5,2424,60600000,60600000,1569,2615,60625000,26220
5,2425,60625000,60625000,1569,2615,60650000,26230
5,2426,60650000,60650000,1569,2615,60675000,26241
5,2427,60675000,60675000,1569,2615,60700000,26253
5,2428,60700000,60700000,1569,2615,60725000,26263
5,2429,60725000,60725000,1569,2615,60750000,26273
5,243,6075000,6075000,1569,2615,6100000,2635
5,2430,60750000,60750000,1569,2615,60775000,26283
5,2431,60775000,60775000,1569,2615,60800000,26297
5,2432,60800000,60800000,1569,2615,60825000,26306
5,2433,60825000,60825000,1569,2615,60850000,26317
5,2434,60850000,60850000,1569,2615,60875000,26328
5,2435,60875000,60875000,1569,2615,60900000,26339
5,2436,60900000,60900000,1569,2615,60925000,26348
5,2437,60925000,60925000,1569,2615,60950000,26361
5,2438,60950000,60950000,1569,2615,60975000,26371
5,2439,60975000,60975000,1569,2615,61000000,26382
5,244,6100000,6100000,1569,2615,6125000,2646
5,2440,61000000,61000000,1569,2615,61025000,26393
5,2441,61025000,61025000,1569,2615,61050000,26404
5,2442,61050000,61050000,1569,2615,61075000,26413
5,2443,61075000,61075000,1569,2615,61100000,26425
5,2444,61100000,61100000,1569,2615,61125000,26437
5,2445,61125000,61125000,1569,2615,61150000,26447
5,2446,61150000,61150000,1569,2615,61175000,26457
5,2447,61175000,61175000,1569,2615,61200000,26468
5,2448,61200000,61200000,1569,2615,61225000,26479
5,2449,61225000,61225000,1569,2615,61250000,26490
5,245,6125000,6125000,1569,2615,6150000,2656
5,2450,61250000,61250000,1569,2615,61275000,26500
5,2451,61275000,61275000,1569,2615,61300000,26513
5,2452,61300000,61300000,1569,2615,61325000,26523
5,2453,61325000,61325000,1569,2615,61350000,26533
5,2454,61350000,61350000,1569,2615,61375000,26543
5,2455,61375000,61375000,1569,2615,61400000,26556
5,2456,61400000,61400000,1569,2615,61425000,26565
5,2457,61425000,61425000,1569,2615,61450000,26576
5,2458,61450000,61450000,1569,2615,61475000,26588
5,2459,61475000,61475000,1569,2615,61500000,26599
5,246,6150000,6150000,1569,2615,6175000,2666
5,2460,61500000,61500000,1569,2615,61525000,26608
5,2461,61525000,61525000,1569,2615,61550000,26620
5,2462,61550000,61550000,1569,2615,61575000,26631
5,2463,61575000,61575000,1569,2615,61600000,26641
5,2464,61600000,61600000,1569,2615,61625000,26652
5,2465,61625000,61625000,1569,2615,61650000,26663
5,2466,61650000,61650000,1569,2615,61675000,26673
5,2467,61675000,61675000,1569,2615,61700000,26685
5,2468,61700000,61700000,1569,2615,61725000,26696
5,2469,61725000,61725000,1569,2615,61750000,26707
5,247,6175000,6175000,1569,2615,6200000,2678
5,2470,61750000,61750000,1569,2615,61775000,26716
5,2471,61775000,61775000,1569,2615,61800000,26729
5,2472,61800000,61800000,1569,2615,61825000,26738
5,2473,61825000,61825000,1569,2615,61850000,26750
5,2474,61850000,61850000,1569,2615,61875000,26759
5,2475,61875000,61875000,1569,2615,61900000,26772
5,2476,61900000,61900000,1569,2615,61925000,26783
5,2477,61925000,61925000,1569,2615,61950000,26792
5,2478,61950000,61950000,1569,2615,61975000,26803
5,2479,61975000,61975000,1569,2615,62000000,26815
5,248,6200000,6200000,1569,2615,6225000,2689
5,2480,62000000,62000000,1569,2615,62025000,26826
5,2481,62025000,62025000,1569,2615,62050000,26835
5,2482,62050000,62050000,1569,2615,62075000,26847
5,2483,62075000,62075000,1569,2615,62100000,26858
5,2484,62100000,62100000,1569,2615,62125000,26867
5,2485,62125000,62125000,1569,2615,62150000,26880
5,2486,62150000,62150000,1569,2615,62175000,26890
5,2487,62175000,62175000,1569,2615,62200000,26902
5,2488,62200000,62200000,1569,2615,62225000,26912
5,2489,62225000,62225000,1569,2615,62250000,26923
5,249,6225000,6225000,1569,2615,6250000,2699
5,2490,62250000,62250000,1569,2615,62275000,26932
5,2491,62275000,62275000,1569,2615,62300000,26944
5,2492,62300000,62300000,1569,2615,62325000,26955
5,2493,62325000,62325000,1569,2615,62350000,26966
5,2494,62350000,62350000,1569,2615,62375000,26977
5,2495,62375000,62375000,1569,2615,62400000,26988
5,2496,62400000,62400000,1569,2615,62425000,26998
5,2497,62425000,62425000,1569,2615,62450000,27009
5,2498,62450000,62450000,1569,2615,62475000,27019
5,2499,62475000,62475000,1569,2615,62500000,27031
5,25,625000,625000,1569,2615,650000,277
5,250,6250000,6250000,1569,2615,6275000,2710
5,2500,62500000,62500000,1569,2615,62525000,27042
5,2501,62525000,62525000,1569,2615,62550000,27052
5,2502,62550000,62550000,1569,2615,62575000,27062
5,2503,62575000,62575000,1569,2615,62600000,27075
5,2504,62600000,62600000,1569,2615,62625000,27085
5,2505,62625000,62625000,1569,2615,62650000,27096
5,2506,62650000,62650000,1569,2615,62675000,27106
5,2507,62675000,62675000,1569,2615,62700000,27118
5,2508,62700000,62700000,1569,2615,62725000,27127
5,2509,62725000,62725000,1569,2615,62750000,27139
5,251,6275000,6275000,1569,2615,6300000,2721
5,2510,62750000,62750000,1569,2615,62775000,27149
5,2511,62775000,62775000,1569,2615,62800000,27161
5,2512,62800000,62800000,1569,2615,62825000,27172
5,2513,62825000,62825000,1569,2615,62850000,27182
5,2514,62850000,62850000,1569,2615,62875000,27192
5,2515,62875000,62875000,1569,2615,62900000,27204
5,2516,62900000,62900000,1569,2615,62925000,27215
5,2517,62925000,62925000,1569,2615,62950000,27225
5,2518,62950000,62950000,1569,2615,62975000,27236
5,2519,62975000,62975000,1569,2615,63000000,27247
5,252,6300000,6300000,1569,2615,6325000,2731
5,2520,63000000,63000000,1569,2615,63025000,27257
5,2521,63025000,63025000,1569,2615,63050000,27269
5,2522,63050000,63050000,1569,2615,63075000,27280
5,2523,63075000,63075000,1569,2615,63100000,27291
5,2524,63100000,63100000,1569,2615,63125000,27301
5,2525,63125000,63125000,1569,2615,63150000,27312
5,2526,63150000,63150000,1569,2615,63175000,27321
5,2527,63175000,63175000,1569,2615,63200000,27334
5,2528,63200000,63200000,1569,2615,63225000,27344
5,2529,63225000,63225000,1569,2615,63250000,27356
5,253,6325000,6325000,1569,2615,6350000,2743
5,2530,63250000,63250000,1569,2615,63275000,27366
5,2531,63275000,63275000,1569,2615,63300000,27377
5,2532,63300000,63300000,1569,2615,63325000,27387
5,2533,63325000,63325000,1569,2615,63350000,27398
5,2534,63350000,63350000,1569,2615,63375000,27409
5,2535,63375000,63375000,1569,2615,63400000,27420
5,2536,63400000,63400000,1569,2615,63425000,27432
5,2537,63425000,63425000,1569,2615,63450000,27441
5,2538,63450000,63450000,1569,2615,63475000,27451
5,2539,63475000,63475000,1569,2615,63500000,27465
5,254,6350000,6350000,1569,2615,6375000,2753
5,2540,63500000,63500000,1569,2615,63525000,27474
5,2541,63525000,63525000,1569,2615,63550000,27485
5,2542,63550000,63550000,1569,2615,63575000,27495
5,2543,63575000,63575000,1569,2615,63600000,27508
5,2544,63600000,63600000,1569,2615,63625000,27516
5,2545,63625000,63625000,1569,2615,63650000,27528
5,2546,63650000,63650000,1569,2615,63675000,27539
5,2547,63675000,63675000,1569,2615,63700000,27550
5,2548,63700000,63700000,1569,2615,63725000,27561
5,2549,63725000,63725000,1569,2615,63750000,27571
5,255,6375000,6375000,1569,2615,6400000,2765
5,2550,63750000,63750000,1569,2615,63775000,27582
5,2551,63775000,63775000,1569,2615,63800000,27593
5,2552,63800000,63800000,1569,2615,63825000,27604
5,2553,63825000,63825000,1569,2615,63850000,27615
5,2554,63850000,63850000,1569,2615,63875000,27625
5,2555,63875000,63875000,1569,2615,63900000,27636
5,2556,63900000,63900000,1569,2615,63925000,27647
5,2557,63925000,63925000,1569,2615,63950000,27659
5,2558,63950000,63950000,1569,2615,63975000,27668
5,2559,63975000,63975000,1569,2615,64000000,27680
5,256,6400000,6400000,1569,2615,6425000,2775
5,2560,64000000,64000000,1569,2615,64025000,27691
5,2561,64025000,64025000,1569,2615,64050000,27701
5,2562,64050000,64050000,1569,2615,64075000,27710
5,2563,64075000,64075000,1569,2615,64100000,27724
5,2564,64100000,64100000,1569,2615,64125000,27734
5,2565,64125000,64125000,1569,2615,64150000,27744
5,2566,64150000,64150000,1569,2615,64175000,27755
5,2567,64175000,64175000,1569,2615,64200000,27767
5,2568,64200000,64200000,1569,2615,64225000,27776
5,2569,64225000,64225000,1569,2615,64250000,27787
5,257,6425000,6425000,1569,2615,6450000,2786
5,2570,64250000,64250000,1569,2615,64275000,27799
5,2571,64275000,64275000,1569,2615,64300000,27810
5,2572,64300000,64300000,1569,2615,64325000,27820
5,2573,64325000,64325000,1569,2615,64350000,27831
5,2574,64350000,64350000,1569,2615,64375000,27841
5,2575,64375000,64375000,1569,2615,64400000,27853
5,2576,64400000,64400000,1569,2615,64425000,27863
5,2577,64425000,64425000,1569,2615,64450000,27875
5,2578,64450000,64450000,1569,2615,64475000,27885
5,2579,64475000,64475000,1569,2615,64500000,27896
5,258,6450000,6450000,1569,2615,6475000,2795
5,2580,64500000,64500000,1569,2615,64525000,27906
5,2581,64525000,64525000,1569,2615,64550000,27918
5,2582,64550000,64550000,1569,2615,64575000,27927
5,2583,64575000,64575000,1569,2615,64600000,27939
5,2584,64600000,64600000,1569,2615,64625000,27951
5,2585,64625000,64625000,1569,2615,64650000,27961
5,2586,64650000,64650000,1569,2615,64675000,27970
5,2587,64675000,64675000,1569,2615,64700000,27983
5,2588,64700000,64700000,1569,2615,64725000,27994
5,2589,64725000,64725000,1569,2615,64750000,28003
5,259,6475000,6475000,1569,2615,6500000,2808
5,2590,64750000,64750000,1569,2615,64775000,28015
5,2591,64775000,64775000,1569,2615,64800000,28026
5,2592,64800000,64800000,1569,2615,64825000,28036
5,2593,64825000,64825000,1569,2615,64850000,28047
5,2594,64850000,64850000,1569,2615,64875000,28058
5,2595,64875000,64875000,1569,2615,64900000,28070
5,2596,64900000,64900000,1569,2615,64925000,28079
5,2597,64925000,64925000,1569,2615,64950000,28091
5,2598,64950000,64950000,1569,2615,64975000,28100
5,2599,64975000,64975000,1569,2615,65000000,28113
5,26,650000,650000,1569,2615,675000,287
5,260,6500000,6500000,1569,2615,6525000,2818
5,2600,65000000,65000000,1569,2615,65025000,28122
5,2601,65025000,65025000,1569,2615,65050000,28134
5,2602,65050000,65050000,1569,2615,65075000,28145
5,2603,65075000,65075000,1569,2615,65100000,28155
5,2604,65100000,65100000,1569,2615,65125000,28166
5,2605,65125000,65125000,1569,2615,65150000,28177
5,2606,65150000,65150000,1569,2615,65175000,28188
5,2607,65175000,65175000,1569,2615,65200000,28199
5,2608,65200000,65200000,1569,2615,65225000,28210
5,2609,65225000,65225000,1569,2615,65250000,28220
5,261,6525000,6525000,1569,2615,6550000,2830
5,2610,65250000,65250000,1569,2615,65275000,28229
5,2611,65275000,65275000,1569,2615,65300000,28243
5,2612,65300000,65300000,1569,2615,65325000,28253
5,2613,65325000,65325000,1569,2615,65350000,28264
5,2614,65350000,65350000,1569,2615,65375000,28274
5,2615,65375000,65375000,1569,2615,65400000,28286
5,2616,65400000,65400000,1569,2615,65425000,28295
5,2617,65425000,65425000,1569,2615,65450000,28306
5,2618,65450000,65450000,1569,2615,65475000,28317
5,2619,65475000,65475000,1569,2615,65500000,28329
5,262,6550000,6550000,1569,2615,6575000,2840
5,2620,65500000,65500000,1569,2615,65525000,28340
5,2621,65525000,65525000,1569,2615,65550000,28350
5,2622,65550000,65550000,1569,2615,65575000,28360
5,2623,65575000,65575000,1569,2615,65600000,28372
5,2624,65600000,65600000,1569,2615,65625000,28383
5,2625,65625000,65625000,1569,2615,65650000,28393
5,2626,65650000,65650000,1569,2615,65675000,28404
5,2627,65675000,65675000,1569,2615,65700000,28415
5,2628,65700000,65700000,1569,2615,65725000,28425
5,2629,65725000,65725000,1569,2615,65750000,28437
5,263,6575000,6575000,1569,2615,6600000,2851
5,2630,65750000,65750000,1569,2615,65775000,28447
5,2631,65775000,65775000,1569,2615,65800000,28459
5,2632,65800000,65800000,1569,2615,65825000,28469
5,2633,65825000,65825000,1569,2615,65850000,28480
5,2634,65850000,65850000,1569,2615,65875000,28489
5,2635,65875000,65875000,1569,2615,65900000,28502
5,2636,65900000,65900000,1569,2615,65925000,28512
5,2637,65925000,65925000,1569,2615,65950000,28523
5,2638,65950000,65950000,1569,2615,65975000,28534
5,2639,65975000,65975000,1569,2615,66000000,28545
5,264,6600000,6600000,1569,2615,6625000,2861
5,2640,66000000,66000000,1569,2615,66025000,28555
5,2641,66025000,66025000,1569,2615,66050000,28567
5,2642,66050000,66050000,1569,2615,66075000,28577
5,2643,66075000,66075000,1569,2615,66100000,28588
5,2644,66100000,66100000,1569,2615,66125000,28599
5,2645,66125000,66125000,1569,2615,66150000,28609
5,2646,66150000,66150000,1569,2615,66175000,28619
5,2647,66175000,66175000,1569,2615,66200000,28632
5,2648,66200000,66200000,1569,2615,66225000,28643
5,2649,66225000,66225000,1569,2615,66250000,28653
5,265,6625000,6625000,1569,2615,6650000,2872
5,2650,66250000,66250000,1569,2615,66275000,28663
5,2651,66275000,66275000,1569,2615,66300000,28675
5,2652,66300000,66300000,1569,2615,66325000,28684
5,2653,66325000,66325000,1569,2615,66350000,28696
5,2654,66350000,66350000,1569,2615,66375000,28706
5,2655,66375000,66375000,1569,2615,66400000,28719
5,2656,66400000,66400000,1569,2615,66425000,28729
5,2657,66425000,66425000,1569,2615,66450000,28739
5,2658,66450000,66450000,1569,2615,66475000,28750
5,2659,66475000,66475000,1569,2615,66500000,28761
5,266,6650000,6650000,1569,2615,6675000,2883
5,2660,66500000,66500000,1569,2615,66525000,28772
5,2661,66525000,66525000,1569,2615,66550000,28782
5,2662,66550000,66550000,1569,2615,66575000,28794
5,2663,66575000,66575000,1569,2615,66600000,28804
5,2664,66600000,66600000,1569,2615,66625000,28814
5,2665,66625000,66625000,1569,2615,66650000,28827
5,2666,66650000,66650000,1569,2615,66675000,28836
5,2667,66675000,66675000,1569,2615,66700000,28848
5,2668,66700000,66700000,1569,2615,66725000,28858
5,2669,66725000,66725000,1569,2615,66750000,28870
5,267,6675000,6675000,1569,2615,6700000,2894
5,2670,66750000,66750000,1569,2615,66775000,28878
5,2671,66775000,66775000,1569,2615,66800000,28891
5,2672,66800000,66800000,1569,2615,66825000,28902
5,2673,66825000,66825000,1569,2615,66850000,28912
5,2674,66850000,66850000,1569,2615,66875000,28923
5,2675,66875000,66875000,1569,2615,66900000,28935
5,2676,66900000,66900000,1569,2615,66925000,28945
5,2677,66925000,66925000,1569,2615,66950000,28955
5,2678,66950000,66950000,1569,2615,66975000,28966
5,2679,66975000,66975000,1569,2615,67000000,28978
5,268,6700000,6700000,1569,2615,6725000,2906
5,2680,67000000,67000000,1569,2615,67025000,28988
5,2681,67025000,67025000,1569,2615,67050000,28998
5,2682,67050000,67050000,1569,2615,67075000,29009
5,2683,67075000,67075000,1569,2615,67100000,29022
5,2684,67100000,67100000,1569,2615,67125000,29031
5,2685,67125000,67125000,1569,2615,67150000,29042
5,2686,67150000,67150000,1569,2615,67175000,29053
5,2687,67175000,67175000,1569,2615,67200000,29064
5,2688,67200000,67200000,1569,2615,67225000,29073
5,2689,67225000,67225000,1569,2615,67250000,29086
5,269,6725000,6725000,1569,2615,6750000,2915
5,2690,67250000,67250000,1569,2615,67275000,29096
5,2691,67275000,67275000,1569,2615,67300000,29107
5,2692,67300000,67300000,1569,2615,67325000,29119
5,2693,67325000,67325000,1569,2615,67350000,29129
5,2694,67350000,67350000,1569,2615,67375000,29138
5,2695,67375000,67375000,1569,2615,67400000,29150
5,2696,67400000,67400000,1569,2615,67425000,29162
5,2697,67425000,67425000,1569,2615,67450000,29172
5,2698,67450000,67450000,1569,2615,67475000,29182
5,2699,67475000,67475000,1569,2615,67500000,29194
5,27,675000,675000,1569,2615,700000,299
5,270,6750000,6750000,1569,2615,6775000,2925
5,2700,67500000,67500000,1569,2615,67525000,29204
5,2701,67525000,67525000,1569,2615,67550000,29215
5,2702,67550000,67550000,1569,2615,67575000,29225
5,2703,67575000,67575000,1569,2615,67600000,29238
5,2704,67600000,67600000,1569,2615,67625000,29248
5,2705,67625000,67625000,1569,2615,67650000,29258
5,2706,67650000,67650000,1569,2615,67675000,29268
5,2707,67675000,67675000,1569,2615,67700000,29281
5,2708,67700000,67700000,1569,2615,67725000,29290
5,2709,67725000,67725000,1569,2615,67750000,29302
5,271,6775000,6775000,1569,2615,6800000,2938
5,2710,67750000,67750000,1569,2615,67775000,29313
5,2711,67775000,67775000,1569,2615,67800000,29324
5,2712,67800000,67800000,1569,2615,67825000,29333
5,2713,67825000,67825000,1569,2615,67850000,29345
5,2714,67850000,67850000,1569,2615,67875000,29356
5,2715,67875000,67875000,1569,2615,67900000,29366
5,2716,67900000,67900000,1569,2615,67925000,29378
5,2717,67925000,67925000,1569,2615,67950000,29388
5,2718,67950000,67950000,1569,2615,67975000,29398
5,2719,67975000,67975000,1569,2615,68000000,29410
5,272,6800000,6800000,1569,2615,6825000,2948
5,2720,68000000,68000000,1569,2615,68025000,29421
5,2721,68025000,68025000,1569,2615,68050000,29432
5,2722,68050000,68050000,1569,2615,68075000,29441
5,2723,68075000,68075000,1569,2615,68100000,29454
5,2724,68100000,68100000,1569,2615,68125000,29463
5,2725,68125000,68125000,1569,2615,68150000,29475
5,2726,68150000,68150000,1569,2615,68175000,29485
5,2727,68175000,68175000,1569,2615,68200000,29497
5,2728,68200000,68200000,1569,2615,68225000,29508
5,2729,68225000,68225000,1569,2615,68250000,29517
5,273,6825000,6825000,1569,2615,6850000,2959
5,2730,68250000,68250000,1569,2615,68275000,29528
5,2731,68275000,68275000,1569,2615,68300000,29540
5,2732,68300000,68300000,1569,2615,68325000,29551
5,2733,68325000,68325000,1569,2615,68350000,29561
5,2734,68350000,68350000,1569,2615,68375000,29572
5,2735,68375000,68375000,1569,2615,68400000,29583
5,2736,68400000,68400000,1569,2615,68425000,29592
5,2737,68425000,68425000,1569,2615,68450000,29605
5,2738,68450000,68450000,1569,2615,68475000,29615
5,2739,68475000,68475000,1569,2615,68500000,29627
5,274,6850000,6850000,1569,2615,6875000,2969
5,2740,68500000,68500000,1569,2615,68525000,29637
5,2741,68525000,68525000,1569,2615,68550000,29648
5,2742,68550000,68550000,1569,2615,68575000,29657
5,2743,68575000,68575000,1569,2615,68600000,29670
5,2744,68600000,68600000,1569,2615,68625000,29680
5,2745,68625000,68625000,1569,2615,68650000,29691
5,2746,68650000,68650000,1569,2615,68675000,29702
5,2747,68675000,68675000,1569,2615,68700000,29713
5,2748,68700000,68700000,1569,2615,68725000,29723
5,2749,68725000,68725000,1569,2615,68750000,29734
5,275,6875000,6875000,1569,2615,6900000,2982
5,2750,68750000,68750000,1569,2615,68775000,29745
5,2751,68775000,68775000,1569,2615,68800000,29756
5,2752,68800000,68800000,1569,2615,68825000,29767
5,2753,68825000,68825000,1569,2615,68850000,29777
5,2754,68850000,68850000,1569,2615,68875000,29787
5,2755,68875000,68875000,1569,2615,68900000,29800
5,2756,68900000,68900000,1569,2615,68925000,29810
5,2757,68925000,68925000,1569,2615,68950000,29821
5,2758,68950000,68950000,1569,2615,68975000,29831
5,2759,68975000,68975000,1569,2615,69000000,29843
5,276,6900000,6900000,1569,2615,6925000,2990
5,2760,69000000,69000000,1569,2615,69025000,29853
5,2761,69025000,69025000,1569,2615,69050000,29864
5,2762,69050000,69050000,1569,2615,69075000,29874
5,2763,69075000,69075000,1569,2615,69100000,29886
5,2764,69100000,69100000,1569,2615,69125000,29897
5,2765,69125000,69125000,1569,2615,69150000,29907
5,2766,69150000,69150000,1569,2615,69175000,29917
5,2767,69175000,69175000,1569,2615,69200000,29930
5,2768,69200000,69200000,1569,2615,69225000,29940
5,2769,69225000,69225000,1569,2615,69250000,29950
5,277,6925000,6925000,1569,2615,6950000,3002
5,2770,69250000,69250000,1569,2615,69275000,29961
5,2771,69275000,69275000,1569,2615,69300000,29972
5,2772,69300000,69300000,1569,2615,69325000,29982
5,2773,69325000,69325000,1569,2615,69350000,29994
5,2774,69350000,69350000,1569,2615,69375000,30005
5,2775,69375000,69375000,1569,2615,69400000,30016
5,2776,69400000,69400000,1569,2615,69425000,30026
5,2777,69425000,69425000,1569,2615,69450000,30038
5,2778,69450000,69450000,1569,2615,69475000,30046
5,2779,69475000,69475000,1569,2615,69500000,30059
5,278,6950000,6950000,1569,2615,6975000,3013
5,2780,69500000,69500000,1569,2615,69525000,30069
5,2781,69525000,69525000,1569,2615,69550000,30081
5,2782,69550000,69550000,1569,2615,69575000,30091
5,2783,69575000,69575000,1569,2615,69600000,30102
5,2784,69600000,69600000,1569,2615,69625000,30113
5,2785,69625000,69625000,1569,2615,69650000,30123
5,2786,69650000,69650000,1569,2615,69675000,30134
5,2787,69675000,69675000,1569,2615,69700000,30145
5,2788,69700000,69700000,1569,2615,69725000,30157
5,2789,69725000,69725000,1569,2615,69750000,30166
5,279,6975000,6975000,1569,2615,7000000,3024
5,2790,69750000,69750000,1569,2615,69775000,30176
5,2791,69775000,69775000,1569,2615,69800000,30190
5,2792,69800000,69800000,1569,2615,69825000,30199
5,2793,69825000,69825000,1569,2615,69850000,30210
5,2794,69850000,69850000,1569,2615,69875000,30221
5,2795,69875000,69875000,1569,2615,69900000,30233
5,2796,69900000,69900000,1569,2615,69925000,30241
5,2797,69925000,69925000,1569,2615,69950000,30253
5,2798,69950000,69950000,1569,2615,69975000,30264
5,2799,69975000,69975000,1569,2615,70000000,30275
5,28,700000,700000,1569,2615,725000,310
5,280,7000000,7000000,1569,2615,7025000,3035
5,2800,70000000,70000000,1569,2615,70025000,30286
5,2801,70025000,70025000,1569,2615,70050000,30297
5,2802,70050000,70050000,1569,2615,70075000,30307
5,2803,70075000,70075000,1569,2615,70100000,30318
5,2804,70100000,70100000,1569,2615,70125000,30329
5,2805,70125000,70125000,1569,2615,70150000,30340
5,2806,70150000,70150000,1569,2615,70175000,30350
5,2807,70175000,70175000,1569,2615,70200000,30361
5,2808,70200000,70200000,1569,2615,70225000,30372
5,2809,70225000,70225000,1569,2615,70250000,30384
5,281,7025000,7025000,1569,2615,7050000,3045
5,2810,70250000,70250000,1569,2615,70275000,30393
5,2811,70275000,70275000,1569,2615,70300000,30406
5,2812,70300000,70300000,1569,2615,70325000,30416
5,2813,70325000,70325000,1569,2615,70350000,30426
5,2814,70350000,70350000,1569,2615,70375000,30435
5,2815,70375000,70375000,1569,2615,70400000,30449
5,2816,70400000,70400000,1569,2615,70425000,30459
5,2817,70425000,70425000,1569,2615,70450000,30469
5,2818,70450000,70450000,1569,2615,70475000,30481
5,2819,70475000,70475000,1569,2615,70500000,30492
5,282,7050000,7050000,1569,2615,7075000,3056
5,2820,70500000,70500000,1569,2615,70525000,30501
5,2821,70525000,70525000,1569,2615,70550000,30512
5,2822,70550000,70550000,1569,2615,70575000,30524
5,2823,70575000,70575000,1569,2615,70600000,30535
5,2824,70600000,70600000,1569,2615,70625000,30545
5,2825,70625000,70625000,1569,2615,70650000,30556
5,2826,70650000,70650000,1569,2615,70675000,30566
5,2827,70675000,70675000,1569,2615,70700000,30578
5,2828,70700000,70700000,1569,2615,70725000,30589
5,2829,70725000,70725000,1569,2615,70750000,30600
5,283,7075000,7075000,1569,2615,7100000,3067
5,2830,70750000,70750000,1569,2615,70775000,30610
5,2831,70775000,70775000,1569,2615,70800000,30621
5,2832,70800000,70800000,1569,2615,70825000,30631
5,2833,70825000,70825000,1569,2615,70850000,30643
5,2834,70850000,70850000,1569,2615,70875000,30652
5,2835,70875000,70875000,1569,2615,70900000,30665
5,2836,70900000,70900000,1569,2615,70925000,30676
5,2837,70925000,70925000,1569,2615,70950000,30686
5,2838,70950000,70950000,1569,2615,70975000,30695
5,2839,70975000,70975000,1569,2615,71000000,30708
5,284,7100000,7100000,1569,2615,7125000,3078
5,2840,71000000,71000000,1569,2615,71025000,30719
5,2841,71025000,71025000,1569,2615,71050000,30728
5,2842,71050000,71050000,1569,2615,71075000,30740
5,2843,71075000,71075000,1569,2615,71100000,30751
5,2844,71100000,71100000,1569,2615,71125000,30761
5,2845,71125000,71125000,1569,2615,71150000,30773
5,2846,71150000,71150000,1569,2615,71175000,30783
5,2847,71175000,71175000,1569,2615,71200000,30795
5,2848,71200000,71200000,1569,2615,71225000,30804
5,2849,71225000,71225000,1569,2615,71250000,30816
5,285,7125000,7125000,1569,2615,7150000,3089
5,2850,71250000,71250000,1569,2615,71275000,30825
5,2851,71275000,71275000,1569,2615,71300000,30838
5,2852,71300000,71300000,1569,2615,71325000,30848
5,2853,71325000,71325000,1569,2615,71350000,30859
5,2854,71350000,71350000,1569,2615,71375000,30870
5,2855,71375000,71375000,1569,2615,71400000,30880
5,2856,71400000,71400000,1569,2615,71425000,30891
5,2857,71425000,71425000,1569,2615,71450000,30902
5,2858,71450000,71450000,1569,2615,71475000,30913
5,2859,71475000,71475000,1569,2615,71500000,30924
5,286,7150000,7150000,1569,2615,7175000,3099
5,2860,71500000,71500000,1569,2615,71525000,30935
5,2861,71525000,71525000,1569,2615,71550000,30945
5,2862,71550000,71550000,1569,2615,71575000,30955
5,2863,71575000,71575000,1569,2615,71600000,30968
5,2864,71600000,71600000,1569,2615,71625000,30978
5,2865,71625000,71625000,1569,2615,71650000,30989
5,2866,71650000,71650000,1569,2615,71675000,30999
5,2867,71675000,71675000,1569,2615,71700000,31011
5,2868,71700000,71700000,1569,2615,71725000,31020
5,2869,71725000,71725000,1569,2615,71750000,31032
5,287,7175000,7175000,1569,2615,7200000,3110
5,2870,71750000,71750000,1569,2615,71775000,31042
5,2871,71775000,71775000,1569,2615,71800000,31054
5,2872,71800000,71800000,1569,2615,71825000,31065
5,2873,71825000,71825000,1569,2615,71850000,31075
5,2874,71850000,71850000,1569,2615,71875000,31085
5,2875,71875000,71875000,1569,2615,71900000,31097
5,2876,71900000,71900000,1569,2615,71925000,31108
5,2877,71925000,71925000,1569,2615,71950000,31118
5,2878,71950000,71950000,1569,2615,71975000,31129
5,2879,71975000,71975000,1569,2615,72000000,31141
5,288,7200000,7200000,1569,2615,7225000,3120
5,2880,72000000,72000000,1569,2615,72025000,31150
5,2881,72025000,72025000,1569,2615,72050000,31162
5,2882,72050000,72050000,1569,2615,72075000,31172
5,2883,72075000,72075000,1569,2615,72100000,31184
5,2884,72100000,72100000,1569,2615,72125000,31194
5,2885,72125000,72125000,1569,2615,72150000,31205
5,2886,72150000,72150000,1569,2615,72175000,31215
5,2887,72175000,72175000,1569,2615,72200000,31227
5,2888,72200000,72200000,1569,2615,72225000,31237
5,2889,72225000,72225000,1569,2615,72250000,31248
5,289,7225000,7225000,1569,2615,7250000,3133
5,2890,72250000,72250000,1569,2615,72275000,31259
5,2891,72275000,72275000,1569,2615,72300000,31270
5,2892,72300000,72300000,1569,2615,72325000,31280
5,2893,72325000,72325000,1569,2615,72350000,31292
5,2894,72350000,72350000,1569,2615,72375000,31302
5,2895,72375000,72375000,1569,2615,72400000,31313
5,2896,72400000,72400000,1569,2615,72425000,31325
5,2897,72425000,72425000,1569,2615,72450000,31334
5,2898,72450000,72450000,1569,2615,72475000,31344
5,2899,72475000,72475000,1569,2615,72500000,31357
5,29,725000,725000,1569,2615,750000,320
5,290,7250000,7250000,1569,2615,7275000,3142
5,2900,72500000,72500000,1569,2615,72525000,31368
5,2901,72525000,72525000,1569,2615,72550000,31378
5,2902,72550000,72550000,1569,2615,72575000,31388
5,2903,72575000,72575000,1569,2615,72600000,31401
5,2904,72600000,72600000,1569,2615,72625000,31409
5,2905,72625000,72625000,1569,2615,72650000,31421
5,2906,72650000,72650000,1569,2615,72675000,31431
5,2907,72675000,72675000,1569,2615,72700000,31444
5,2908,72700000,72700000,1569,2615,72725000,31454
5,2909,72725000,72725000,1569,2615,72750000,31464
5,291,7275000,7275000,1569,2615,7300000,3154
5,2910,72750000,72750000,1569,2615,72775000,31475
5,2911,72775000,72775000,1569,2615,72800000,31486
5,2912,72800000,72800000,1569,2615,72825000,31497
5,2913,72825000,72825000,1569,2615,72850000,31508
5,2914,72850000,72850000,1569,2615,72875000,31519
5,2915,72875000,72875000,1569,2615,72900000,31529
5,2916,72900000,72900000,1569,2615,72925000,31539
5,2917,72925000,72925000,1569,2615,72950000,31552
5,2918,72950000,72950000,1569,2615,72975000,31561
5,2919,72975000,72975000,1569,2615,73000000,31573
5,292,7300000,7300000,1569,2615,7325000,3165
5,2920,73000000,73000000,1569,2615,73025000,31584
5,2921,73025000,73025000,1569,2615,73050000,31595
5,2922,73050000,73050000,1569,2615,73075000,31603
5,2923,73075000,73075000,1569,2615,73100000,31616
5,2924,73100000,73100000,1569,2615,73125000,31627
5,2925,73125000,73125000,1569,2615,73150000,31637
5,2926,73150000,73150000,1569,2615,73175000,31648
5,2927,73175000,73175000,1569,2615,73200000,31660
5,2928,73200000,73200000,1569,2615,73225000,31670
5,2929,73225000,73225000,1569,2615,73250000,31680
5,293,7325000,7325000,1569,2615,7350000,3175
5,2930,73250000,73250000,1569,2615,73275000,31692
5,2931,73275000,73275000,1569,2615,73300000,31703
5,2932,73300000,73300000,1569,2615,73325000,31713
5,2933,73325000,73325000,1569,2615,73350000,31723
5,2934,73350000,73350000,1569,2615,73375000,31734
5,2935,73375000,73375000,1569,2615,73400000,31747
5,2936,73400000,73400000,1569,2615,73425000,31756
5,2937,73425000,73425000,1569,2615,73450000,31768
5,2938,73450000,73450000,1569,2615,73475000,31778
5,2939,73475000,73475000,1569,2615,73500000,31789
5,294,7350000,7350000,1569,2615,7375000,3184
5,2940,73500000,73500000,1569,2615,73525000,31798
5,2941,73525000,73525000,1569,2615,73550000,31811
5,2942,73550000,73550000,1569,2615,73575000,31821
5,2943,73575000,73575000,1569,2615,73600000,31832
5,2944,73600000,73600000,1569,2615,73625000,31844
5,2945,73625000,73625000,1569,2615,73650000,31854
5,2946,73650000,73650000,1569,2615,73675000,31863
5,2947,73675000,73675000,1569,2615,73700000,31876
5,2948,73700000,73700000,1569,2615,73725000,31887
5,2949,73725000,73725000,1569,2615,73750000,31897
5,295,7375000,7375000,1569,2615,7400000,3198
5,2950,73750000,73750000,1569,2615,73775000,31907
5,2951,73775000,73775000,1569,2615,73800000,31919
5,2952,73800000,73800000,1569,2615,73825000,31929
5,2953,73825000,73825000,1569,2615,73850000,31940
5,2954,73850000,73850000,1569,2615,73875000,31951
5,2955,73875000,73875000,1569,2615,73900000,31963
5,2956,73900000,73900000,1569,2615,73925000,31973
5,2957,73925000,73925000,1569,2615,73950000,31983
5,2958,73950000,73950000,1569,2615,73975000,31993
5,2959,73975000,73975000,1569,2615,74000000,32006
5,296,7400000,7400000,1569,2615,7425000,3208
5,2960,74000000,74000000,1569,2615,74025000,32015
5,2961,74025000,74025000,1569,2615,74050000,32027
5,2962,74050000,74050000,1569,2615,74075000,32038
5,2963,74075000,74075000,1569,2615,74100000,32049
5,2964,74100000,74100000,1569,2615,74125000,32059
5,2965,74125000,74125000,1569,2615,74150000,32070
5,2966,74150000,74150000,1569,2615,74175000,32081
5,2967,74175000,74175000,1569,2615,74200000,32091
5,2968,74200000,74200000,1569,2615,74225000,32103
5,2969,74225000,74225000,1569,2615,74250000,32113
5,297,7425000,7425000,1569,2615,7450000,3218
5,2970,74250000,74250000,1569,2615,74275000,32123
5,2971,74275000,74275000,1569,2615,74300000,32136
5,2972,74300000,74300000,1569,2615,74325000,32146
5,2973,74325000,74325000,1569,2615,74350000,32157
5,2974,74350000,74350000,1569,2615,74375000,32166
5,2975,74375000,74375000,1569,2615,74400000,32179
5,2976,74400000,74400000,1569,2615,74425000,32188
5,2977,74425000,74425000,1569,2615,74450000,32200
5,2978,74450000,74450000,1569,2615,74475000,32210
5,2979,74475000,74475000,1569,2615,74500000,32222
5,298,7450000,7450000,1569,2615,7475000,3229
5,2980,74500000,74500000,1569,2615,74525000,32233
5,2981,74525000,74525000,1569,2615,74550000,32243
5,2982,74550000,74550000,1569,2615,74575000,32253
5,2983,74575000,74575000,1569,2615,74600000,32265
5,2984,74600000,74600000,1569,2615,74625000,32276
5,2985,74625000,74625000,1569,2615,74650000,32286
5,2986,74650000,74650000,1569,2615,74675000,32297
5,2987,74675000,74675000,1569,2615,74700000,32308
5,2988,74700000,74700000,1569,2615,74725000,32318
5,2989,74725000,74725000,1569,2615,74750000,32330
5,299,7475000,7475000,1569,2615,7500000,3241
5,2990,74750000,74750000,1569,2615,74775000,32340
5,2991,74775000,74775000,1569,2615,74800000,32352
5,2992,74800000,74800000,1569,2615,74825000,32362
5,2993,74825000,74825000,1569,2615,74850000,32373
5,2994,74850000,74850000,1569,2615,74875000,32382
5,2995,74875000,74875000,1569,2615,74900000,32395
5,2996,74900000,74900000,1569,2615,74925000,32405
5,2997,74925000,74925000,1569,2615,74950000,32416
5,2998,74950000,74950000,1569,2615,74975000,32428
5,2999,74975000,74975000,1569,2615,75000000,32438
5,3,75000,75000,1569,2615,100000,40
5,30,750000,750000,1569,2615,775000,331
5,300,7500000,7500000,1569,2615,7525000,3250
5,3000,75000000,75000000,1569,2615,75025000,32448
5,3001,75025000,75025000,1569,2615,75050000,32459
5,3002,75050000,75050000,1569,2615,75075000,32470
5,3003,75075000,75075000,1569,2615,75100000,32481
5,3004,75100000,75100000,1569,2615,75125000,32492
5,3005,75125000,75125000,1569,2615,75150000,32503
5,3006,75150000,75150000,1569,2615,75175000,32512
5,3007,75175000,75175000,1569,2615,75200000,32525
5,3008,75200000,75200000,1569,2615,75225000,32535
5,3009,75225000,75225000,1569,2615,75250000,32546
5,301,7525000,7525000,1569,2615,7550000,3261
5,3010,75250000,75250000,1569,2615,75275000,32556
5,3011,75275000,75275000,1569,2615,75300000,32568
5,3012,75300000,75300000,1569,2615,75325000,32578
5,3013,75325000,75325000,1569,2615,75350000,32589
5,3014,75350000,75350000,1569,2615,75375000,32599
5,3015,75375000,75375000,1569,2615,75400000,32612
5,3016,75400000,75400000,1569,2615,75425000,32622
5,3017,75425000,75425000,1569,2615,75450000,32632
5,3018,75450000,75450000,1569,2615,75475000,32642
5,3019,75475000,75475000,1569,2615,75500000,32655
5,302,7550000,7550000,1569,2615,7575000,3273
5,3020,75500000,75500000,1569,2615,75525000,32665
5,3021,75525000,75525000,1569,2615,75550000,32675
5,3022,75550000,75550000,1569,2615,75575000,32687
5,3023,75575000,75575000,1569,2615,75600000,32697
5,3024,75600000,75600000,1569,2615,75625000,32707
5,3025,75625000,75625000,1569,2615,75650000,32719
5,3026,75650000,75650000,1569,2615,75675000,32730
5,3027,75675000,75675000,1569,2615,75700000,32741
5,3028,75700000,75700000,1569,2615,75725000,32751
5,3029,75725000,75725000,1569,2615,75750000,32763
5,303,7575000,7575000,1569,2615,7600000,3284
5,3030,75750000,75750000,1569,2615,75775000,32771
5,3031,75775000,75775000,1569,2615,75800000,32784
5,3032,75800000,75800000,1569,2615,75825000,32795
5,3033,75825000,75825000,1569,2615,75850000,32806
5,3034,75850000,75850000,1569,2615,75875000,32816
5,3035,75875000,75875000,1569,2615,75900000,32827
5,3036,75900000,75900000,1569,2615,75925000,32838
5,3037,75925000,75925000,1569,2615,75950000,32848
5,3038,75950000,75950000,1569,2615,75975000,32859
5,3039,75975000,75975000,1569,2615,76000000,32871
5,304,7600000,7600000,1569,2615,7625000,3294
5,3040,76000000,76000000,1569,2615,76025000,32882
5,3041,76025000,76025000,1569,2615,76050000,32891
5,3042,76050000,76050000,1569,2615,76075000,32901
5,3043,76075000,76075000,1569,2615,76100000,32915
5,3044,76100000,76100000,1569,2615,76125000,32924
5,3045,76125000,76125000,1569,2615,76150000,32935
5,3046,76150000,76150000,1569,2615,76175000,32946
5,3047,76175000,76175000,1569,2615,76200000,32958
5,3048,76200000,76200000,1569,2615,76225000,32966
5,3049,76225000,76225000,1569,2615,76250000,32979
5,305,7625000,7625000,1569,2615,7650000,3304
5,3050,76250000,76250000,1569,2615,76275000,32989
5,3051,76275000,76275000,1569,2615,76300000,33000
5,3052,76300000,76300000,1569,2615,76325000,33011
5,3053,76325000,76325000,1569,2615,76350000,33022
5,3054,76350000,76350000,1569,2615,76375000,33032
5,3055,76375000,76375000,1569,2615,76400000,33043
5,3056,76400000,76400000,1569,2615,76425000,33055
5,3057,76425000,76425000,1569,2615,76450000,33065
5,3058,76450000,76450000,1569,2615,76475000,33075
5,3059,76475000,76475000,1569,2615,76500000,33086
5,306,7650000,7650000,1569,2615,7675000,3315
5,3060,76500000,76500000,1569,2615,76525000,33097
5,3061,76525000,76525000,1569,2615,76550000,33109
5,3062,76550000,76550000,1569,2615,76575000,33118
5,3063,76575000,76575000,1569,2615,76600000,33131
5,3064,76600000,76600000,1569,2615,76625000,33141
5,3065,76625000,76625000,1569,2615,76650000,33151
5,3066,76650000,76650000,1569,2615,76675000,33161
5,3067,76675000,76675000,1569,2615,76700000,33174
5,3068,76700000,76700000,1569,2615,76725000,33184
5,3069,76725000,76725000,1569,2615,76750000,33194
5,307,7675000,7675000,1569,2615,7700000,3327
5,3070,76750000,76750000,1569,2615,76775000,33206
5,3071,76775000,76775000,1569,2615,76800000,33217
5,3072,76800000,76800000,1569,2615,76825000,33226
5,3073,76825000,76825000,1569,2615,76850000,33238
5,3074,76850000,76850000,1569,2615,76875000,33249
5,3075,76875000,76875000,1569,2615,76900000,33260
5,3076,76900000,76900000,1569,2615,76925000,33270
5,3077,76925000,76925000,1569,2615,76950000,33281
5,3078,76950000,76950000,1569,2615,76975000,33291
5,3079,76975000,76975000,1569,2615,77000000,33303
5,308,7700000,7700000,1569,2615,7725000,3337
5,3080,77000000,77000000,1569,2615,77025000,33314
5,3081,77025000,77025000,1569,2615,77050000,33325
5,3082,77050000,77050000,1569,2615,77075000,33335
5,3083,77075000,77075000,1569,2615,77100000,33347
5,3084,77100000,77100000,1569,2615,77125000,33356
5,3085,77125000,77125000,1569,2615,77150000,33368
5,3086,77150000,77150000,1569,2615,77175000,33377
5,3087,77175000,77175000,1569,2615,77200000,33390
5,3088,77200000,77200000,1569,2615,77225000,33401
5,3089,77225000,77225000,1569,2615,77250000,33411
5,309,7725000,7725000,1569,2615,7750000,3349
5,3090,77250000,77250000,1569,2615,77275000,33421
5,3091,77275000,77275000,1569,2615,77300000,33433
5,3092,77300000,77300000,1569,2615,77325000,33444
5,3093,77325000,77325000,1569,2615,77350000,33453
5,3094,77350000,77350000,1569,2615,77375000,33465
5,3095,77375000,77375000,1569,2615,77400000,33476
5,3096,77400000,77400000,1569,2615,77425000,33486
5,3097,77425000,77425000,1569,2615,77450000,33498
5,3098,77450000,77450000,1569,2615,77475000,33508
5,3099,77475000,77475000,1569,2615,77500000,33520
5,31,775000,775000,1569,2615,800000,342
5,310,7750000,7750000,1569,2615,7775000,3359
5,3100,77500000,77500000,1569,2615,77525000,33530
5,3101,77525000,77525000,1569,2615,77550000,33541
5,3102,77550000,77550000,1569,2615,77575000,33550
5,3103,77575000,77575000,1569,2615,77600000,33563
5,3104,77600000,77600000,1569,2615,77625000,33573
5,3105,77625000,77625000,1569,2615,77650000,33584
5,3106,77650000,77650000,1569,2615,77675000,33595
5,3107,77675000,77675000,1569,2615,77700000,33606
5,3108,77700000,77700000,1569,2615,77725000,33616
5,3109,77725000,77725000,1569,2615,77750000,33627
5,311,7775000,7775000,1569,2615,7800000,3370
5,3110,77750000,77750000,1569,2615,77775000,33638
5,3111,77775000,77775000,1569,2615,77800000,33649
5,3112,77800000,77800000,1569,2615,77825000,33660
5,3113,77825000,77825000,1569,2615,77850000,33670
5,3114,77850000,77850000,1569,2615,77875000,33680
5,3115,77875000,77875000,1569,2615,77900000,33693
5,3116,77900000,77900000,1569,2615,77925000,33703
5,3117,77925000,77925000,1569,2615,77950000,33715
5,3118,77950000,77950000,1569,2615,77975000,33724
5,3119,77975000,77975000,1569,2615,78000000,33736
5,312,7800000,7800000,1569,2615,7825000,3380
5,3120,78000000,78000000,1569,2615,78025000,33745
5,3121,78025000,78025000,1569,2615,78050000,33757
5,3122,78050000,78050000,1569,2615,78075000,33767
5,3123,78075000,78075000,1569,2615,78100000,33779
5,3124,78100000,78100000,1569,2615,78125000,33791
5,3125,78125000,78125000,1569,2615,78150000,33800
5,3126,78150000,78150000,1569,2615,78175000,33810
5,3127,78175000,78175000,1569,2615,78200000,33822
5,3128,78200000,78200000,1569,2615,78225000,33833
5,3129,78225000,78225000,1569,2615,78250000,33843
5,313,7825000,7825000,1569,2615,7850000,3392
5,3130,78250000,78250000,1569,2615,78275000,33854
5,3131,78275000,78275000,1569,2615,78300000,33866
5,3132,78300000,78300000,1569,2615,78325000,33875
5,3133,78325000,78325000,1569,2615,78350000,33887
5,3134,78350000,78350000,1569,2615,78375000,33898
5,3135,78375000,78375000,1569,2615,78400000,33909
5,3136,78400000,78400000,1569,2615,78425000,33919
5,3137,78425000,78425000,1569,2615,78450000,33930
5,3138,78450000,78450000,1569,2615,78475000,33940
5,3139,78475000,78475000,1569,2615,78500000,33952
5,314,7850000,7850000,1569,2615,7875000,3401
5,3140,78500000,78500000,1569,2615,78525000,33962
5,3141,78525000,78525000,1569,2615,78550000,33974
5,3142,78550000,78550000,1569,2615,78575000,33984
5,3143,78575000,78575000,1569,2615,78600000,33995
5,3144,78600000,78600000,1569,2615,78625000,34005
5,3145,78625000,78625000,1569,2615,78650000,34017
5,3146,78650000,78650000,1569,2615,78675000,34027
5,3147,78675000,78675000,1569,2615,78700000,34038
5,3148,78700000,78700000,1569,2615,78725000,34050
5,3149,78725000,78725000,1569,2615,78750000,34059
5,315,7875000,7875000,1569,2615,7900000,3413
5,3150,78750000,78750000,1569,2615,78775000,34069
5,3151,78775000,78775000,1569,2615,78800000,34083
5,3152,78800000,78800000,1569,2615,78825000,34093
5,3153,78825000,78825000,1569,2615,78850000,34103
5,3154,78850000,78850000,1569,2615,78875000,34113
5,3155,78875000,78875000,1569,2615,78900000,34126
5,3156,78900000,78900000,1569,2615,78925000,34134
5,3157,78925000,78925000,1569,2615,78950000,34146
5,3158,78950000,78950000,1569,2615,78975000,34157
5,3159,78975000,78975000,1569,2615,79000000,34169
5,316,7900000,7900000,1569,2615,7925000,3425
5,3160,79000000,79000000,1569,2615,79025000,34179
5,3161,79025000,79025000,1569,2615,79050000,34189
5,3162,79050000,79050000,1569,2615,79075000,34200
5,3163,79075000,79075000,1569,2615,79100000,34211
5,3164,79100000,79100000,1569,2615,79125000,34222
5,3165,79125000,79125000,1569,2615,79150000,34233
5,3166,79150000,79150000,1569,2615,79175000,34244
5,3167,79175000,79175000,1569,2615,79200000,34254
5,3168,79200000,79200000,1569,2615,79225000,34265
5,3169,79225000,79225000,1569,2615,79250000,34277
5,317,7925000,7925000,1569,2615,7950000,3435
5,3170,79250000,79250000,1569,2615,79275000,34286
5,3171,79275000,79275000,1569,2615,79300000,34298
5,3172,79300000,79300000,1569,2615,79325000,34309
5,3173,79325000,79325000,1569,2615,79350000,34320
5,3174,79350000,79350000,1569,2615,79375000,34328
5,3175,79375000,79375000,1569,2615,79400000,34342
5,3176,79400000,79400000,1569,2615,79425000,34352
5,3177,79425000,79425000,1569,2615,79450000,34362
5,3178,79450000,79450000,1569,2615,79475000,34373
5,3179,79475000,79475000,1569,2615,79500000,34385
5,318,7950000,7950000,1569,2615,7975000,3444
5,3180,79500000,79500000,1569,2615,79525000,34395
5,3181,79525000,79525000,1569,2615,79550000,34405
5,3182,79550000,79550000,1569,2615,79575000,34417
5,3183,79575000,79575000,1569,2615,79600000,34428
5,3184,79600000,79600000,1569,2615,79625000,34438
5,3185,79625000,79625000,1569,2615,79650000,34449
5,3186,79650000,79650000,1569,2615,79675000,34459
5,3187,79675000,79675000,1569,2615,79700000,34472
5,3188,79700000,79700000,1569,2615,79725000,34481
5,3189,79725000,79725000,1569,2615,79750000,34493
5,319,7975000,7975000,1569,2615,8000000,3457
5,3190,79750000,79750000,1569,2615,79775000,34503
5,3191,79775000,79775000,1569,2615,79800000,34514
5,3192,79800000,79800000,1569,2615,79825000,34524
5,3193,79825000,79825000,1569,2615,79850000,34536
5,3194,79850000,79850000,1569,2615,79875000,34546
5,3195,79875000,79875000,1569,2615,79900000,34557
5,3196,79900000,79900000,1569,2615,79925000,34569
5,3197,79925000,79925000,1569,2615,79950000,34579
5,3198,79950000,79950000,1569,2615,79975000,34588
5,3199,79975000,79975000,1569,2615,80000000,34601
5,32,800000,800000,1569,2615,825000,353
5,320,8000000,8000000,1569,2615,8025000,3468
5,3200,80000000,80000000,1569,2615,80025000,34612
5,3201,80025000,80025000,1569,2615,80050000,34622
5,3202,80050000,80050000,1569,2615,80075000,34633
5,3203,80075000,80075000,1569,2615,80100000,34644
5,3204,80100000,80100000,1569,2615,80125000,34654
5,3205,80125000,80125000,1569,2615,80150000,34665
5,3206,80150000,80150000,1569,2615,80175000,34676
5,3207,80175000,80175000,1569,2615,80200000,34688
5,3208,80200000,80200000,1569,2615,80225000,34698
5,3209,80225000,80225000,1569,2615,80250000,34709
5,321,8025000,8025000,1569,2615,8050000,3477
5,3210,80250000,80250000,1569,2615,80275000,34718
5,3211,80275000,80275000,1569,2615,80300000,34731
5,3212,80300000,80300000,1569,2615,80325000,34740
5,3213,80325000,80325000,1569,2615,80350000,34752
5,3214,80350000,80350000,1569,2615,80375000,34763
5,3215,80375000,80375000,1569,2615,80400000,34774
5,3216,80400000,80400000,1569,2615,80425000,34784
5,3217,80425000,80425000,1569,2615,80450000,34795
5,3218,80450000,80450000,1569,2615,80475000,34806
5,3219,80475000,80475000,1569,2615,80500000,34817
5,322,8050000,8050000,1569,2615,8075000,3488
5,3220,80500000,80500000,1569,2615,80525000,34828
5,3221,80525000,80525000,1569,2615,80550000,34838
5,3222,80550000,80550000,1569,2615,80575000,34848
5,3223,80575000,80575000,1569,2615,80600000,34861
5,3224,80600000,80600000,1569,2615,80625000,34871
5,3225,80625000,80625000,1569,2615,80650000,34882
5,3226,80650000,80650000,1569,2615,80675000,34892
5,3227,80675000,80675000,1569,2615,80700000,34904
5,3228,80700000,80700000,1569,2615,80725000,34913
5,3229,80725000,80725000,1569,2615,80750000,34925
5,323,8075000,8075000,1569,2615,8100000,3500
5,3230,80750000,80750000,1569,2615,80775000,34935
5,3231,80775000,80775000,1569,2615,80800000,34947
5,3232,80800000,80800000,1569,2615,80825000,34958
5,3233,80825000,80825000,1569,2615,80850000,34968
5,3234,80850000,80850000,1569,2615,80875000,34978
5,3235,80875000,80875000,1569,2615,80900000,34990
5,3236,80900000,80900000,1569,2615,80925000,35002
5,3237,80925000,80925000,1569,2615,80950000,35011
5,3238,80950000,80950000,1569,2615,80975000,35022
5,3239,80975000,80975000,1569,2615,81000000,35033
5,324,8100000,8100000,1569,2615,8125000,3510
5,3240,81000000,81000000,1569,2615,81025000,35043
5,3241,81025000,81025000,1569,2615,81050000,35055
5,3242,81050000,81050000,1569,2615,81075000,35065
5,3243,81075000,81075000,1569,2615,81100000,35078
5,3244,81100000,81100000,1569,2615,81125000,35087
5,3245,81125000,81125000,1569,2615,81150000,35098
5,3246,81150000,81150000,1569,2615,81175000,35107
5,3247,81175000,81175000,1569,2615,81200000,35120
5,3248,81200000,81200000,1569,2615,81225000,35130
5,3249,81225000,81225000,1569,2615,81250000,35141
5,325,8125000,8125000,1569,2615,8150000,3521
5,3250,81250000,81250000,1569,2615,81275000,35153
5,3251,81275000,81275000,1569,2615,81300000,35163
5,3252,81300000,81300000,1569,2615,81325000,35173
5,3253,81325000,81325000,1569,2615,81350000,35185
5,3254,81350000,81350000,1569,2615,81375000,35195
5,3255,81375000,81375000,1569,2615,81400000,35206
5,3256,81400000,81400000,1569,2615,81425000,35217
5,3257,81425000,81425000,1569,2615,81450000,35228
5,3258,81450000,81450000,1569,2615,81475000,35237
5,3259,81475000,81475000,1569,2615,81500000,35250
5,326,8150000,8150000,1569,2615,8175000,3532
5,3260,81500000,81500000,1569,2615,81525000,35261
5,3261,81525000,81525000,1569,2615,81550000,35271
5,3262,81550000,81550000,1569,2615,81575000,35281
5,3263,81575000,81575000,1569,2615,81600000,35293
5,3264,81600000,81600000,1569,2615,81625000,35303
5,3265,81625000,81625000,1569,2615,81650000,35314
5,3266,81650000,81650000,1569,2615,81675000,35324
5,3267,81675000,81675000,1569,2615,81700000,35337
5,3268,81700000,81700000,1569,2615,81725000,35347
5,3269,81725000,81725000,1569,2615,81750000,35357
5,327,8175000,8175000,1569,2615,8200000,3544
5,3270,81750000,81750000,1569,2615,81775000,35368
5,3271,81775000,81775000,1569,2615,81800000,35380
5,3272,81800000,81800000,1569,2615,81825000,35390
5,3273,81825000,81825000,1569,2615,81850000,35400
5,3274,81850000,81850000,1569,2615,81875000,35412
5,3275,81875000,81875000,1569,2615,81900000,35422
5,3276,81900000,81900000,1569,2615,81925000,35432
5,3277,81925000,81925000,1569,2615,81950000,35445
5,3278,81950000,81950000,1569,2615,81975000,35455
5,3279,81975000,81975000,1569,2615,82000000,35466
5,328,8200000,8200000,1569,2615,8225000,3553
5,3280,82000000,82000000,1569,2615,82025000,35476
5,3281,82025000,82025000,1569,2615,82050000,35488
5,3282,82050000,82050000,1569,2615,82075000,35496
5,3283,82075000,82075000,1569,2615,82100000,35509
5,3284,82100000,82100000,1569,2615,82125000,35520
5,3285,82125000,82125000,1569,2615,82150000,35531
5,3286,82150000,82150000,1569,2615,82175000,35541
5,3287,82175000,82175000,1569,2615,82200000,35553
5,3288,82200000,82200000,1569,2615,82225000,35563
5,3289,82225000,82225000,1569,2615,82250000,35573
5,329,8225000,8225000,1569,2615,8250000,3565
5,3290,82250000,82250000,1569,2615,82275000,35584
5,3291,82275000,82275000,1569,2615,82300000,35596
5,3292,82300000,82300000,1569,2615,82325000,35607
5,3293,82325000,82325000,1569,2615,82350000,35616
5,3294,82350000,82350000,1569,2615,82375000,35627
5,3295,82375000,82375000,1569,2615,82400000,35640
5,3296,82400000,82400000,1569,2615,82425000,35649
5,3297,82425000,82425000,1569,2615,82450000,35660
5,3298,82450000,82450000,1569,2615,82475000,35671
5,3299,82475000,82475000,1569,2615,82500000,35683
5,33,825000,825000,1569,2615,850000,363
5,330,8250000,8250000,1569,2615,8275000,3574
5,3300,82500000,82500000,1569,2615,82525000,35691
5,3301,82525000,82525000,1569,2615,82550000,35704
5,3302,82550000,82550000,1569,2615,82575000,35714
5,3303,82575000,82575000,1569,2615,82600000,35725
5,3304,82600000,82600000,1569,2615,82625000,35737
5,3305,82625000,82625000,1569,2615,82650000,35747
5,3306,82650000,82650000,1569,2615,82675000,35757
5,3307,82675000,82675000,1569,2615,82700000,35768
5,3308,82700000,82700000,1569,2615,82725000,35780
5,3309,82725000,82725000,1569,2615,82750000,35790
5,331,8275000,8275000,1569,2615,8300000,3587
5,3310,82750000,82750000,1569,2615,82775000,35800
5,3311,82775000,82775000,1569,2615,82800000,35812
5,3312,82800000,82800000,1569,2615,82825000,35822
5,3313,82825000,82825000,1569,2615,82850000,35834
5,3314,82850000,82850000,1569,2615,82875000,35843
5,3315,82875000,82875000,1569,2615,82900000,35856
5,3316,82900000,82900000,1569,2615,82925000,35866
5,3317,82925000,82925000,1569,2615,82950000,35876
5,3318,82950000,82950000,1569,2615,82975000,35886
5,3319,82975000,82975000,1569,2615,83000000,35899
5,332,8300000,8300000,1569,2615,8325000,3596
5,3320,83000000,83000000,1569,2615,83025000,35909
5,3321,83025000,83025000,1569,2615,83050000,35920
5,3322,83050000,83050000,1569,2615,83075000,35931
5,3323,83075000,83075000,1569,2615,83100000,35942
5,3324,83100000,83100000,1569,2615,83125000,35951
5,3325,83125000,83125000,1569,2615,83150000,35963
5,3326,83150000,83150000,1569,2615,83175000,35974
5,3327,83175000,83175000,1569,2615,83200000,35985
5,3328,83200000,83200000,1569,2615,83225000,35996
5,3329,83225000,83225000,1569,2615,83250000,36006
5,333,8325000,8325000,1569,2615,8350000,3608
5,3330,83250000,83250000,1569,2615,83275000,36016
5,3331,83275000,83275000,1569,2615,83300000,36028
5,3332,83300000,83300000,1569,2615,83325000,36039
5,3333,83325000,83325000,1569,2615,83350000,36050
5,3334,83350000,83350000,1569,2615,83375000,36060
5,3335,83375000,83375000,1569,2615,83400000,36072
5,3336,83400000,83400000,1569,2615,83425000,36081
5,3337,83425000,83425000,1569,2615,83450000,36093
5,3338,83450000,83450000,1569,2615,83475000,36103
5,3339,83475000,83475000,1569,2615,83500000,36115
5,334,8350000,8350000,1569,2615,8375000,3619
5,3340,83500000,83500000,1569,2615,83525000,36126
5,3341,83525000,83525000,1569,2615,83550000,36136
5,3342,83550000,83550000,1569,2615,83575000,36146
5,3343,83575000,83575000,1569,2615,83600000,36158
5,3344,83600000,83600000,1569,2615,83625000,36169
5,3345,83625000,83625000,1569,2615,83650000,36179
5,3346,83650000,83650000,1569,2615,83675000,36190
5,3347,83675000,83675000,1569,2615,83700000,36201
5,3348,83700000,83700000,1569,2615,83725000,36211
5,3349,83725000,83725000,1569,2615,83750000,36223
5,335,8375000,8375000,1569,2615,8400000,3629
5,3350,83750000,83750000,1569,2615,83775000,36233
5,3351,83775000,83775000,1569,2615,83800000,36245
5,3352,83800000,83800000,1569,2615,83825000,36255
5,3353,83825000,83825000,1569,2615,83850000,36266
5,3354,83850000,83850000,1569,2615,83875000,36275
5,3355,83875000,83875000,1569,2615,83900000,36289
5,3356,83900000,83900000,1569,2615,83925000,36298
5,3357,83925000,83925000,1569,2615,83950000,36309
5,3358,83950000,83950000,1569,2615,83975000,36320
5,3359,83975000,83975000,1569,2615,84000000,36331
5,336,8400000,8400000,1569,2615,8425000,3640
5,3360,84000000,84000000,1569,2615,84025000,36341
5,3361,84025000,84025000,1569,2615,84050000,36352
5,3362,84050000,84050000,1569,2615,84075000,36364
5,3363,84075000,84075000,1569,2615,84100000,36374
5,3364,84100000,84100000,1569,2615,84125000,36385
5,3365,84125000,84125000,1569,2615,84150000,36395
5,3366,84150000,84150000,1569,2615,84175000,36405
5,3367,84175000,84175000,1569,2615,84200000,36418
5,3368,84200000,84200000,1569,2615,84225000,36428
5,3369,84225000,84225000,1569,2615,84250000,36440
5,337,8425000,8425000,1569,2615,8450000,3651
5,3370,84250000,84250000,1569,2615,84275000,36449
5,3371,84275000,84275000,1569,2615,84300000,36461
5,3372,84300000,84300000,1569,2615,84325000,36471
5,3373,84325000,84325000,1569,2615,84350000,36482
5,3374,84350000,84350000,1569,2615,84375000,36492
5,3375,84375000,84375000,1569,2615,84400000,36504
5,3376,84400000,84400000,1569,2615,84425000,36516
5,3377,84425000,84425000,1569,2615,84450000,36525
5,3378,84450000,84450000,1569,2615,84475000,36535
5,3379,84475000,84475000,1569,2615,84500000,36548
5,338,8450000,8450000,1569,2615,8475000,3662
5,3380,84500000,84500000,1569,2615,84525000,36558
5,3381,84525000,84525000,1569,2615,84550000,36568
5,3382,84550000,84550000,1569,2615,84575000,36579
5,3383,84575000,84575000,1569,2615,84600000,36591
5,3384,84600000,84600000,1569,2615,84625000,36600
5,3385,84625000,84625000,1569,2615,84650000,36612
5,3386,84650000,84650000,1569,2615,84675000,36623
5,3387,84675000,84675000,1569,2615,84700000,36634
5,3388,84700000,84700000,1569,2615,84725000,36644
5,3389,84725000,84725000,1569,2615,84750000,36656
5,339,8475000,8475000,1569,2615,8500000,3672
5,3390,84750000,84750000,1569,2615,84775000,36665
5,3391,84775000,84775000,1569,2615,84800000,36677
5,3392,84800000,84800000,1569,2615,84825000,36687
5,3393,84825000,84825000,1569,2615,84850000,36699
5,3394,84850000,84850000,1569,2615,84875000,36709
5,3395,84875000,84875000,1569,2615,84900000,36720
5,3396,84900000,84900000,1569,2615,84925000,36731
5,3397,84925000,84925000,1569,2615,84950000,36742
5,3398,84950000,84950000,1569,2615,84975000,36752
5,3399,84975000,84975000,1569,2615,85000000,36763
5,34,850000,850000,1569,2615,875000,374
5,340,8500000,8500000,1569,2615,8525000,3684
5,3400,85000000,85000000,1569,2615,85025000,36775
5,3401,85025000,85025000,1569,2615,85050000,36784
5,3402,85050000,85050000,1569,2615,85075000,36794
5,3403,85075000,85075000,1569,2615,85100000,36808
5,3404,85100000,85100000,1569,2615,85125000,36818
5,3405,85125000,85125000,1569,2615,85150000,36828
5,3406,85150000,85150000,1569,2615,85175000,36839
5,3407,85175000,85175000,1569,2615,85200000,36851
5,3408,85200000,85200000,1569,2615,85225000,36859
5,3409,85225000,85225000,1569,2615,85250000,36871
5,341,8525000,8525000,1569,2615,8550000,3694
5,3410,85250000,85250000,1569,2615,85275000,36882
5,3411,85275000,85275000,1569,2615,85300000,36894
5,3412,85300000,85300000,1569,2615,85325000,36904
5,3413,85325000,85325000,1569,2615,85350000,36915
5,3414,85350000,85350000,1569,2615,85375000,36925
5,3415,85375000,85375000,1569,2615,85400000,36936
5,3416,85400000,85400000,1569,2615,85425000,36947
5,3417,85425000,85425000,1569,2615,85450000,36958
5,3418,85450000,85450000,1569,2615,85475000,36969
5,3419,85475000,85475000,1569,2615,85500000,36979
5,342,8550000,8550000,1569,2615,8575000,3703
5,3420,85500000,85500000,1569,2615,85525000,36990
5,3421,85525000,85525000,1569,2615,85550000,37002
5,3422,85550000,85550000,1569,2615,85575000,37011
5,3423,85575000,85575000,1569,2615,85600000,37024
5,3424,85600000,85600000,1569,2615,85625000,37034
5,3425,85625000,85625000,1569,2615,85650000,37045
5,3426,85650000,85650000,1569,2615,85675000,37053
5,3427,85675000,85675000,1569,2615,85700000,37067
5,3428,85700000,85700000,1569,2615,85725000,37077
5,3429,85725000,85725000,1569,2615,85750000,37087
5,343,8575000,8575000,1569,2615,8600000,3717
5,3430,85750000,85750000,1569,2615,85775000,37099
5,3431,85775000,85775000,1569,2615,85800000,37110
5,3432,85800000,85800000,1569,2615,85825000,37120
5,3433,85825000,85825000,1569,2615,85850000,37130
5,3434,85850000,85850000,1569,2615,85875000,37142
5,3435,85875000,85875000,1569,2615,85900000,37153
5,3436,85900000,85900000,1569,2615,85925000,37163
5,3437,85925000,85925000,1569,2615,85950000,37174
5,3438,85950000,85950000,1569,2615,85975000,37184
5,3439,85975000,85975000,1569,2615,86000000,37197
5,344,8600000,8600000,1569,2615,8625000,3727
5,3440,86000000,86000000,1569,2615,86025000,37207
5,3441,86025000,86025000,1569,2615,86050000,37218
5,3442,86050000,86050000,1569,2615,86075000,37228
5,3443,86075000,86075000,1569,2615,86100000,37239
5,3444,86100000,86100000,1569,2615,86125000,37249
5,3445,86125000,86125000,1569,2615,86150000,37261
5,3446,86150000,86150000,1569,2615,86175000,37271
5,3447,86175000,86175000,1569,2615,86200000,37283
5,3448,86200000,86200000,1569,2615,86225000,37294
5,3449,86225000,86225000,1569,2615,86250000,37304
5,345,8625000,8625000,1569,2615,8650000,3738
5,3450,86250000,86250000,1569,2615,86275000,37313
5,3451,86275000,86275000,1569,2615,86300000,37326
5,3452,86300000,86300000,1569,2615,86325000,37337
5,3453,86325000,86325000,1569,2615,86350000,37347
5,3454,86350000,86350000,1569,2615,86375000,37358
5,3455,86375000,86375000,1569,2615,86400000,37369
5,3456,86400000,86400000,1569,2615,86425000,37379
5,3457,86425000,86425000,1569,2615,86450000,37391
5,3458,86450000,86450000,1569,2615,86475000,37401
5,3459,86475000,86475000,1569,2615,86500000,37413
5,346,8650000,8650000,1569,2615,8675000,3748
5,3460,86500000,86500000,1569,2615,86525000,37423
5,3461,86525000,86525000,1569,2615,86550000,37434
5,3462,86550000,86550000,1569,2615,86575000,37443
5,3463,86575000,86575000,1569,2615,86600000,37456
5,3464,86600000,86600000,1569,2615,86625000,37466
5,3465,86625000,86625000,1569,2615,86650000,37477
5,3466,86650000,86650000,1569,2615,86675000,37488
5,3467,86675000,86675000,1569,2615,86700000,37499
5,3468,86700000,86700000,1569,2615,86725000,37509
5,3469,86725000,86725000,1569,2615,86750000,37520
5,347,8675000,8675000,1569,2615,8700000,3760
5,3470,86750000,86750000,1569,2615,86775000,37531
5,3471,86775000,86775000,1569,2615,86800000,37542
5,3472,86800000,86800000,1569,2615,86825000,37553
5,3473,86825000,86825000,1569,2615,86850000,37563
5,3474,86850000,86850000,1569,2615,86875000,37574
5,3475,86875000,86875000,1569,2615,86900000,37586
5,3476,86900000,86900000,1569,2615,86925000,37596
5,3477,86925000,86925000,1569,2615,86950000,37607
5,3478,86950000,86950000,1569,2615,86975000,37617
5,3479,86975000,86975000,1569,2615,87000000,37629
5,348,8700000,8700000,1569,2615,8725000,3769
5,3480,87000000,87000000,1569,2615,87025000,37638
5,3481,87025000,87025000,1569,2615,87050000,37651
5,3482,87050000,87050000,1569,2615,87075000,37660
5,3483,87075000,87075000,1569,2615,87100000,37672
5,3484,87100000,87100000,1569,2615,87125000,37683
5,3485,87125000,87125000,1569,2615,87150000,37693
5,3486,87150000,87150000,1569,2615,87175000,37703
5,3487,87175000,87175000,1569,2615,87200000,37715
5,3488,87200000,87200000,1569,2615,87225000,37727
5,3489,87225000,87225000,1569,2615,87250000,37736
5,349,8725000,8725000,1569,2615,8750000,3780
5,3490,87250000,87250000,1569,2615,87275000,37747
5,3491,87275000,87275000,1569,2615,87300000,37759
5,3492,87300000,87300000,1569,2615,87325000,37768
5,3493,87325000,87325000,1569,2615,87350000,37780
5,3494,87350000,87350000,1569,2615,87375000,37790
5,3495,87375000,87375000,1569,2615,87400000,37803
5,3496,87400000,87400000,1569,2615,87425000,37812
5,3497,87425000,87425000,1569,2615,87450000,37823
5,3498,87450000,87450000,1569,2615,87475000,37833
5,3499,87475000,87475000,1569,2615,87500000,37845
5,35,875000,875000,1569,2615,900000,385
5,350,8750000,8750000,1569,2615,8775000,3791
5,3500,87500000,87500000,1569,2615,87525000,37855
5,3501,87525000,87525000,1569,2615,87550000,37866
5,3502,87550000,87550000,1569,2615,87575000,37878
5,3503,87575000,87575000,1569,2615,87600000,37888
5,3504,87600000,87600000,1569,2615,87625000,37898
5,3505,87625000,87625000,1569,2615,87650000,37910
5,3506,87650000,87650000,1569,2615,87675000,37920
5,3507,87675000,87675000,1569,2615,87700000,37931
5,3508,87700000,87700000,1569,2615,87725000,37943
5,3509,87725000,87725000,1569,2615,87750000,37953
5,351,8775000,8775000,1569,2615,8800000,3803
5,3510,87750000,87750000,1569,2615,87775000,37962
5,3511,87775000,87775000,1569,2615,87800000,37975
5,3512,87800000,87800000,1569,2615,87825000,37986
5,3513,87825000,87825000,1569,2615,87850000,37996
5,3514,87850000,87850000,1569,2615,87875000,38006
5,3515,87875000,87875000,1569,2615,87900000,38019
5,3516,87900000,87900000,1569,2615,87925000,38028
5,3517,87925000,87925000,1569,2615,87950000,38039
5,3518,87950000,87950000,1569,2615,87975000,38049
5,3519,87975000,87975000,1569,2615,88000000,38062
5,352,8800000,8800000,1569,2615,8825000,3814
5,3520,88000000,88000000,1569,2615,88025000,38072
5,3521,88025000,88025000,1569,2615,88050000,38082
5,3522,88050000,88050000,1569,2615,88075000,38093
5,3523,88075000,88075000,1569,2615,88100000,38105
5,3524,88100000,88100000,1569,2615,88125000,38115
5,3525,88125000,88125000,1569,2615,88150000,38126
5,3526,88150000,88150000,1569,2615,88175000,38137
5,3527,88175000,88175000,1569,2615,88200000,38147
5,3528,88200000,88200000,1569,2615,88225000,38157
5,3529,88225000,88225000,1569,2615,88250000,38170
5,353,8825000,8825000,1569,2615,8850000,3824
5,3530,88250000,88250000,1569,2615,88275000,38180
5,3531,88275000,88275000,1569,2615,88300000,38191
5,3532,88300000,88300000,1569,2615,88325000,38202
5,3533,88325000,88325000,1569,2615,88350000,38213
5,3534,88350000,88350000,1569,2615,88375000,38221
5,3535,88375000,88375000,1569,2615,88400000,38234
5,3536,88400000,88400000,1569,2615,88425000,38245
5,3537,88425000,88425000,1569,2615,88450000,38256
5,3538,88450000,88450000,1569,2615,88475000,38266
5,3539,88475000,88475000,1569,2615,88500000,38278
5,354,8850000,8850000,1569,2615,8875000,3834
5,3540,88500000,88500000,1569,2615,88525000,38288
5,3541,88525000,88525000,1569,2615,88550000,38298
5,3542,88550000,88550000,1569,2615,88575000,38310
5,3543,88575000,88575000,1569,2615,88600000,38321
5,3544,88600000,88600000,1569,2615,88625000,38332
5,3545,88625000,88625000,1569,2615,88650000,38341
5,3546,88650000,88650000,1569,2615,88675000,38352
5,3547,88675000,88675000,1569,2615,88700000,38365
5,3548,88700000,88700000,1569,2615,88725000,38374
5,3549,88725000,88725000,1569,2615,88750000,38386
5,355,8875000,8875000,1569,2615,8900000,3846
5,3550,88750000,88750000,1569,2615,88775000,38396
5,3551,88775000,88775000,1569,2615,88800000,38408
5,3552,88800000,88800000,1569,2615,88825000,38416
5,3553,88825000,88825000,1569,2615,88850000,38429
5,3554,88850000,88850000,1569,2615,88875000,38439
5,3555,88875000,88875000,1569,2615,88900000,38450
5,3556,88900000,88900000,1569,2615,88925000,38462
5,3557,88925000,88925000,1569,2615,88950000,38472
5,3558,88950000,88950000,1569,2615,88975000,38482
5,3559,88975000,88975000,1569,2615,89000000,38494
5,356,8900000,8900000,1569,2615,8925000,3856
5,3560,89000000,89000000,1569,2615,89025000,38505
5,3561,89025000,89025000,1569,2615,89050000,38515
5,3562,89050000,89050000,1569,2615,89075000,38525
5,3563,89075000,89075000,1569,2615,89100000,38537
5,3564,89100000,89100000,1569,2615,89125000,38547
5,3565,89125000,89125000,1569,2615,89150000,38559
5,3566,89150000,89150000,1569,2615,89175000,38569
5,3567,89175000,89175000,1569,2615,89200000,38581
5,3568,89200000,89200000,1569,2615,89225000,38591
5,3569,89225000,89225000,1569,2615,89250000,38601
5,357,8925000,8925000,1569,2615,8950000,3867
5,3570,89250000,89250000,1569,2615,89275000,38611
5,3571,89275000,89275000,1569,2615,89300000,38624
5,3572,89300000,89300000,1569,2615,89325000,38634
5,3573,89325000,89325000,1569,2615,89350000,38645
5,3574,89350000,89350000,1569,2615,89375000,38656
5,3575,89375000,89375000,1569,2615,89400000,38667
5,3576,89400000,89400000,1569,2615,89425000,38677
5,3577,89425000,89425000,1569,2615,89450000,38688
5,3578,89450000,89450000,1569,2615,89475000,38699
5,3579,89475000,89475000,1569,2615,89500000,38710
5,358,8950000,8950000,1569,2615,8975000,3878
5,3580,89500000,89500000,1569,2615,89525000,38721
5,3581,89525000,89525000,1569,2615,89550000,38731
5,3582,89550000,89550000,1569,2615,89575000,38741
5,3583,89575000,89575000,1569,2615,89600000,38754
5,3584,89600000,89600000,1569,2615,89625000,38764
5,3585,89625000,89625000,1569,2615,89650000,38775
5,3586,89650000,89650000,1569,2615,89675000,38785
5,3587,89675000,89675000,1569,2615,89700000,38797
5,3588,89700000,89700000,1569,2615,89725000,38806
5,3589,89725000,89725000,1569,2615,89750000,38818
5,359,8975000,8975000,1569,2615,9000000,3889
5,3590,89750000,89750000,1569,2615,89775000,38828
5,3591,89775000,89775000,1569,2615,89800000,38840
5,3592,89800000,89800000,1569,2615,89825000,38851
5,3593,89825000,89825000,1569,2615,89850000,38862
5,3594,89850000,89850000,1569,2615,89875000,38871
5,3595,89875000,89875000,1569,2615,89900000,38883
5,3596,89900000,89900000,1569,2615,89925000,38894
5,3597,89925000,89925000,1569,2615,89950000,38904
5,3598,89950000,89950000,1569,2615,89975000,38915
5,3599,89975000,89975000,1569,2615,90000000,38926
5,36,900000,900000,1569,2615,925000,395
5,360,9000000,9000000,1569,2615,9025000,3899
5,3600,90000000,90000000,1569,2615,90025000,38937
5,3601,90025000,90025000,1569,2615,90050000,38948
5,3602,90050000,90050000,1569,2615,90075000,38958
5,3603,90075000,90075000,1569,2615,90100000,38970
5,3604,90100000,90100000,1569,2615,90125000,38980
5,3605,90125000,90125000,1569,2615,90150000,38991
5,3606,90150000,90150000,1569,2615,90175000,39000
5,3607,90175000,90175000,1569,2615,90200000,39014
5,3608,90200000,90200000,1569,2615,90225000,39023
5,3609,90225000,90225000,1569,2615,90250000,39034
5,361,9025000,9025000,1569,2615,9050000,3911
5,3610,90250000,90250000,1569,2615,90275000,39046
5,3611,90275000,90275000,1569,2615,90300000,39056
5,3612,90300000,90300000,1569,2615,90325000,39066
5,3613,90325000,90325000,1569,2615,90350000,39077
5,3614,90350000,90350000,1569,2615,90375000,39089
5,3615,90375000,90375000,1569,2615,90400000,39099
5,3616,90400000,90400000,1569,2615,90425000,39110
5,3617,90425000,90425000,1569,2615,90450000,39121
5,3618,90450000,90450000,1569,2615,90475000,39130
5,3619,90475000,90475000,1569,2615,90500000,39143
5,362,9050000,9050000,1569,2615,9075000,3921
5,3620,90500000,90500000,1569,2615,90525000,39153
5,3621,90525000,90525000,1569,2615,90550000,39165
5,3622,90550000,90550000,1569,2615,90575000,39174
5,3623,90575000,90575000,1569,2615,90600000,39186
5,3624,90600000,90600000,1569,2615,90625000,39196
5,3625,90625000,90625000,1569,2615,90650000,39207
5,3626,90650000,90650000,1569,2615,90675000,39217
5,3627,90675000,90675000,1569,2615,90700000,39230
5,3628,90700000,90700000,1569,2615,90725000,39241
5,3629,90725000,90725000,1569,2615,90750000,39250
5,363,9075000,9075000,1569,2615,9100000,3933
5,3630,90750000,90750000,1569,2615,90775000,39260
5,3631,90775000,90775000,1569,2615,90800000,39273
5,3632,90800000,90800000,1569,2615,90825000,39283
5,3633,90825000,90825000,1569,2615,90850000,39293
5,3634,90850000,90850000,1569,2615,90875000,39305
5,3635,90875000,90875000,1569,2615,90900000,39316
5,3636,90900000,90900000,1569,2615,90925000,39325
5,3637,90925000,90925000,1569,2615,90950000,39337
5,3638,90950000,90950000,1569,2615,90975000,39348
5,3639,90975000,90975000,1569,2615,91000000,39359
5,364,9100000,9100000,1569,2615,9125000,3943
5,3640,91000000,91000000,1569,2615,91025000,39369
5,3641,91025000,91025000,1569,2615,91050000,39381
5,3642,91050000,91050000,1569,2615,91075000,39390
5,3643,91075000,91075000,1569,2615,91100000,39402
5,3644,91100000,91100000,1569,2615,91125000,39413
5,3645,91125000,91125000,1569,2615,91150000,39424
5,3646,91150000,91150000,1569,2615,91175000,39434
5,3647,91175000,91175000,1569,2615,91200000,39445
5,3648,91200000,91200000,1569,2615,91225000,39456
5,3649,91225000,91225000,1569,2615,91250000,39467
5,365,9125000,9125000,1569,2615,9150000,3954
5,3650,91250000,91250000,1569,2615,91275000,39477
5,3651,91275000,91275000,1569,2615,91300000,39489
5,3652,91300000,91300000,1569,2615,91325000,39500
5,3653,91325000,91325000,1569,2615,91350000,39509
5,3654,91350000,91350000,1569,2615,91375000,39519
5,3655,91375000,91375000,1569,2615,91400000,39533
5,3656,91400000,91400000,1569,2615,91425000,39543
5,3657,91425000,91425000,1569,2615,91450000,39553
5,3658,91450000,91450000,1569,2615,91475000,39564
5,3659,91475000,91475000,1569,2615,91500000,39576
5,366,9150000,9150000,1569,2615,9175000,3963
5,3660,91500000,91500000,1569,2615,91525000,39584
5,3661,91525000,91525000,1569,2615,91550000,39597
5,3662,91550000,91550000,1569,2615,91575000,39607
5,3663,91575000,91575000,1569,2615,91600000,39619
5,3664,91600000,91600000,1569,2615,91625000,39629
5,3665,91625000,91625000,1569,2615,91650000,39640
5,3666,91650000,91650000,1569,2615,91675000,39650
5,3667,91675000,91675000,1569,2615,91700000,39661
5,3668,91700000,91700000,1569,2615,91725000,39673
5,3669,91725000,91725000,1569,2615,91750000,39683
5,367,9175000,9175000,1569,2615,9200000,3976
5,3670,91750000,91750000,1569,2615,91775000,39694
5,3671,91775000,91775000,1569,2615,91800000,39704
5,3672,91800000,91800000,1569,2615,91825000,39715
5,3673,91825000,91825000,1569,2615,91850000,39727
5,3674,91850000,91850000,1569,2615,91875000,39736
5,3675,91875000,91875000,1569,2615,91900000,39749
5,3676,91900000,91900000,1569,2615,91925000,39759
5,3677,91925000,91925000,1569,2615,91950000,39770
5,3678,91950000,91950000,1569,2615,91975000,39779
5,3679,91975000,91975000,1569,2615,92000000,39792
5,368,9200000,9200000,1569,2615,9225000,3986
5,3680,92000000,92000000,1569,2615,92025000,39802
5,3681,92025000,92025000,1569,2615,92050000,39812
5,3682,92050000,92050000,1569,2615,92075000,39824
5,3683,92075000,92075000,1569,2615,92100000,39835
5,3684,92100000,92100000,1569,2615,92125000,39845
5,3685,92125000,92125000,1569,2615,92150000,39856
5,3686,92150000,92150000,1569,2615,92175000,39867
5,3687,92175000,92175000,1569,2615,92200000,39878
5,3688,92200000,92200000,1569,2615,92225000,39888
5,3689,92225000,92225000,1569,2615,92250000,39899
5,369,9225000,9225000,1569,2615,9250000,3997
5,3690,92250000,92250000,1569,2615,92275000,39909
5,3691,92275000,92275000,1569,2615,92300000,39922
5,3692,92300000,92300000,1569,2615,92325000,39932
5,3693,92325000,92325000,1569,2615,92350000,39943
5,3694,92350000,92350000,1569,2615,92375000,39953
5,3695,92375000,92375000,1569,2615,92400000,39965
5,3696,92400000,92400000,1569,2615,92425000,39974
5,3697,92425000,92425000,1569,2615,92450000,39986
5,3698,92450000,92450000,1569,2615,92475000,39996
5,3699,92475000,92475000,1569,2615,92500000,40008
5,37,925000,925000,1569,2615,950000,408
5,370,9250000,9250000,1569,2615,9275000,4008
5,3700,92500000,92500000,1569,2615,92525000,40019
5,3701,92525000,92525000,1569,2615,92550000,40029
5,3702,92550000,92550000,1569,2615,92575000,40039
5,3703,92575000,92575000,1569,2615,92600000,40051
5,3704,92600000,92600000,1569,2615,92625000,40062
5,3705,92625000,92625000,1569,2615,92650000,40072
5,3706,92650000,92650000,1569,2615,92675000,40083
5,3707,92675000,92675000,1569,2615,92700000,40094
5,3708,92700000,92700000,1569,2615,92725000,40104
5,3709,92725000,92725000,1569,2615,92750000,40116
5,371,9275000,9275000,1569,2615,9300000,4019
5,3710,92750000,92750000,1569,2615,92775000,40126
5,3711,92775000,92775000,1569,2615,92800000,40138
5,3712,92800000,92800000,1569,2615,92825000,40149
5,3713,92825000,92825000,1569,2615,92850000,40159
5,3714,92850000,92850000,1569,2615,92875000,40168
5,3715,92875000,92875000,1569,2615,92900000,40181
5,3716,92900000,92900000,1569,2615,92925000,40191
5,3717,92925000,92925000,1569,2615,92950000,40202
5,3718,92950000,92950000,1569,2615,92975000,40213
5,3719,92975000,92975000,1569,2615,93000000,40225
5,372,9300000,9300000,1569,2615,9325000,4029
5,3720,93000000,93000000,1569,2615,93025000,40234
5,3721,93025000,93025000,1569,2615,93050000,40245
5,3722,93050000,93050000,1569,2615,93075000,40256
5,3723,93075000,93075000,1569,2615,93100000,40267
5,3724,93100000,93100000,1569,2615,93125000,40278
5,3725,93125000,93125000,1569,2615,93150000,40288
5,3726,93150000,93150000,1569,2615,93175000,40299
5,3727,93175000,93175000,1569,2615,93200000,40311
5,3728,93200000,93200000,1569,2615,93225000,40321
5,3729,93225000,93225000,1569,2615,93250000,40333
5,373,9325000,9325000,1569,2615,9350000,4040
5,3730,93250000,93250000,1569,2615,93275000,40342
5,3731,93275000,93275000,1569,2615,93300000,40354
5,3732,93300000,93300000,1569,2615,93325000,40363
5,3733,93325000,93325000,1569,2615,93350000,40376
5,3734,93350000,93350000,1569,2615,93375000,40385
5,3735,93375000,93375000,1569,2615,93400000,40397
5,3736,93400000,93400000,1569,2615,93425000,40409
5,3737,93425000,93425000,1569,2615,93450000,40418
5,3738,93450000,93450000,1569,2615,93475000,40428
5,3739,93475000,93475000,1569,2615,93500000,40440
5,374,9350000,9350000,1569,2615,9375000,4051
5,3740,93500000,93500000,1569,2615,93525000,40452
5,3741,93525000,93525000,1569,2615,93550000,40461
5,3742,93550000,93550000,1569,2615,93575000,40472
5,3743,93575000,93575000,1569,2615,93600000,40484
5,3744,93600000,93600000,1569,2615,93625000,40493
5,3745,93625000,93625000,1569,2615,93650000,40505
5,3746,93650000,93650000,1569,2615,93675000,40516
5,3747,93675000,93675000,1569,2615,93700000,40528
5,3748,93700000,93700000,1569,2615,93725000,40537
5,3749,93725000,93725000,1569,2615,93750000,40548
5,375,9375000,9375000,1569,2615,9400000,4062
5,3750,93750000,93750000,1569,2615,93775000,40558
5,3751,93775000,93775000,1569,2615,93800000,40570
5,3752,93800000,93800000,1569,2615,93825000,40580
5,3753,93825000,93825000,1569,2615,93850000,40592
5,3754,93850000,93850000,1569,2615,93875000,40603
5,3755,93875000,93875000,1569,2615,93900000,40613
5,3756,93900000,93900000,1569,2615,93925000,40623
5,3757,93925000,93925000,1569,2615,93950000,40635
5,3758,93950000,93950000,1569,2615,93975000,40645
5,3759,93975000,93975000,1569,2615,94000000,40656
5,376,9400000,9400000,1569,2615,9425000,4073
5,3760,94000000,94000000,1569,2615,94025000,40668
5,3761,94025000,94025000,1569,2615,94050000,40678
5,3762,94050000,94050000,1569,2615,94075000,40687
5,3763,94075000,94075000,1569,2615,94100000,40701
5,3764,94100000,94100000,1569,2615,94125000,40711
5,3765,94125000,94125000,1569,2615,94150000,40721
5,3766,94150000,94150000,1569,2615,94175000,40731
5,3767,94175000,94175000,1569,2615,94200000,40744
5,3768,94200000,94200000,1569,2615,94225000,40753
5,3769,94225000,94225000,1569,2615,94250000,40764
5,377,9425000,9425000,1569,2615,9450000,4083
5,3770,94250000,94250000,1569,2615,94275000,40775
5,3771,94275000,94275000,1569,2615,94300000,40787
5,3772,94300000,94300000,1569,2615,94325000,40797
5,3773,94325000,94325000,1569,2615,94350000,40807
5,3774,94350000,94350000,1569,2615,94375000,40818
5,3775,94375000,94375000,1569,2615,94400000,40830
5,3776,94400000,94400000,1569,2615,94425000,40840
5,3777,94425000,94425000,1569,2615,94450000,40851
5,3778,94450000,94450000,1569,2615,94475000,40862
5,3779,94475000,94475000,1569,2615,94500000,40872
5,378,9450000,9450000,1569,2615,9475000,4093
5,3780,94500000,94500000,1569,2615,94525000,40883
5,3781,94525000,94525000,1569,2615,94550000,40895
5,3782,94550000,94550000,1569,2615,94575000,40905
5,3783,94575000,94575000,1569,2615,94600000,40916
5,3784,94600000,94600000,1569,2615,94625000,40927
5,3785,94625000,94625000,1569,2615,94650000,40938
5,3786,94650000,94650000,1569,2615,94675000,40946
5,3787,94675000,94675000,1569,2615,94700000,40960
5,3788,94700000,94700000,1569,2615,94725000,40970
5,3789,94725000,94725000,1569,2615,94750000,40981
5,379,9475000,9475000,1569,2615,9500000,4106
5,3790,94750000,94750000,1569,2615,94775000,40991
5,3791,94775000,94775000,1569,2615,94800000,41003
5,3792,94800000,94800000,1569,2615,94825000,41013
5,3793,94825000,94825000,1569,2615,94850000,41023
5,3794,94850000,94850000,1569,2615,94875000,41035
5,3795,94875000,94875000,1569,2615,94900000,41046
5,3796,94900000,94900000,1569,2615,94925000,41057
5,3797,94925000,94925000,1569,2615,94950000,41067
5,3798,94950000,94950000,1569,2615,94975000,41077
5,3799,94975000,94975000,1569,2615,95000000,41090
5,38,950000,950000,1569,2615,975000,417
5,380,9500000,9500000,1569,2615,9525000,4117
5,3800,95000000,95000000,1569,2615,95025000,41099
5,3801,95025000,95025000,1569,2615,95050000,41111
5,3802,95050000,95050000,1569,2615,95075000,41121
5,3803,95075000,95075000,1569,2615,95100000,41133
5,3804,95100000,95100000,1569,2615,95125000,41142
5,3805,95125000,95125000,1569,2615,95150000,41154
5,3806,95150000,95150000,1569,2615,95175000,41164
5,3807,95175000,95175000,1569,2615,95200000,41175
5,3808,95200000,95200000,1569,2615,95225000,41187
5,3809,95225000,95225000,1569,2615,95250000,41197
5,381,9525000,9525000,1569,2615,9550000,4127
5,3810,95250000,95250000,1569,2615,95275000,41207
5,3811,95275000,95275000,1569,2615,95300000,41219
5,3812,95300000,95300000,1569,2615,95325000,41230
5,3813,95325000,95325000,1569,2615,95350000,41240
5,3814,95350000,95350000,1569,2615,95375000,41251
5,3815,95375000,95375000,1569,2615,95400000,41262
5,3816,95400000,95400000,1569,2615,95425000,41272
5,3817,95425000,95425000,1569,2615,95450000,41284
5,3818,95450000,95450000,1569,2615,95475000,41294
5,3819,95475000,95475000,1569,2615,95500000,41306
5,382,9550000,9550000,1569,2615,9575000,4137
5,3820,95500000,95500000,1569,2615,95525000,41316
5,3821,95525000,95525000,1569,2615,95550000,41327
5,3822,95550000,95550000,1569,2615,95575000,41336
5,3823,95575000,95575000,1569,2615,95600000,41349
5,3824,95600000,95600000,1569,2615,95625000,41359
5,3825,95625000,95625000,1569,2615,95650000,41370
5,3826,95650000,95650000,1569,2615,95675000,41381
5,3827,95675000,95675000,1569,2615,95700000,41392
5,3828,95700000,95700000,1569,2615,95725000,41402
5,3829,95725000,95725000,1569,2615,95750000,41413
5,383,9575000,9575000,1569,2615,9600000,4149
5,3830,95750000,95750000,1569,2615,95775000,41424
5,3831,95775000,95775000,1569,2615,95800000,41436
5,3832,95800000,95800000,1569,2615,95825000,41446
5,3833,95825000,95825000,1569,2615,95850000,41456
5,3834,95850000,95850000,1569,2615,95875000,41466
5,3835,95875000,95875000,1569,2615,95900000,41479
5,3836,95900000,95900000,1569,2615,95925000,41489
5,3837,95925000,95925000,1569,2615,95950000,41500
5,3838,95950000,95950000,1569,2615,95975000,41511
5,3839,95975000,95975000,1569,2615,96000000,41522
5,384,9600000,9600000,1569,2615,9625000,4158
5,3840,96000000,96000000,1569,2615,96025000,41531
5,3841,96025000,96025000,1569,2615,96050000,41543
5,3842,96050000,96050000,1569,2615,96075000,41553
5,3843,96075000,96075000,1569,2615,96100000,41565
5,3844,96100000,96100000,1569,2615,96125000,41576
5,3845,96125000,96125000,1569,2615,96150000,41587
5,3846,96150000,96150000,1569,2615,96175000,41596
5,3847,96175000,96175000,1569,2615,96200000,41608
5,3848,96200000,96200000,1569,2615,96225000,41620
5,3849,96225000,96225000,1569,2615,96250000,41629
5,385,9625000,9625000,1569,2615,9650000,4170
5,3850,96250000,96250000,1569,2615,96275000,41640
5,3851,96275000,96275000,1569,2615,96300000,41651
5,3852,96300000,96300000,1569,2615,96325000,41662
5,3853,96325000,96325000,1569,2615,96350000,41673
5,3854,96350000,96350000,1569,2615,96375000,41683
5,3855,96375000,96375000,1569,2615,96400000,41696
5,3856,96400000,96400000,1569,2615,96425000,41705
5,3857,96425000,96425000,1569,2615,96450000,41716
5,3858,96450000,96450000,1569,2615,96475000,41725
5,3859,96475000,96475000,1569,2615,96500000,41739
5,386,9650000,9650000,1569,2615,9675000,4180
5,3860,96500000,96500000,1569,2615,96525000,41748
5,3861,96525000,96525000,1569,2615,96550000,41759
5,3862,96550000,96550000,1569,2615,96575000,41771
5,3863,96575000,96575000,1569,2615,96600000,41781
5,3864,96600000,96600000,1569,2615,96625000,41791
5,3865,96625000,96625000,1569,2615,96650000,41803
5,3866,96650000,96650000,1569,2615,96675000,41814
5,3867,96675000,96675000,1569,2615,96700000,41824
5,3868,96700000,96700000,1569,2615,96725000,41835
5,3869,96725000,96725000,1569,2615,96750000,41846
5,387,9675000,9675000,1569,2615,9700000,4193
5,3870,96750000,96750000,1569,2615,96775000,41855
5,3871,96775000,96775000,1569,2615,96800000,41868
5,3872,96800000,96800000,1569,2615,96825000,41879
5,3873,96825000,96825000,1569,2615,96850000,41890
5,3874,96850000,96850000,1569,2615,96875000,41899
5,3875,96875000,96875000,1569,2615,96900000,41911
5,3876,96900000,96900000,1569,2615,96925000,41921
5,3877,96925000,96925000,1569,2615,96950000,41932
5,3878,96950000,96950000,1569,2615,96975000,41942
5,3879,96975000,96975000,1569,2615,97000000,41955
5,388,9700000,9700000,1569,2615,9725000,4203
5,3880,97000000,97000000,1569,2615,97025000,41966
5,3881,97025000,97025000,1569,2615,97050000,41975
5,3882,97050000,97050000,1569,2615,97075000,41986
5,3883,97075000,97075000,1569,2615,97100000,41998
5,3884,97100000,97100000,1569,2615,97125000,42008
5,3885,97125000,97125000,1569,2615,97150000,42018
5,3886,97150000,97150000,1569,2615,97175000,42030
5,3887,97175000,97175000,1569,2615,97200000,42041
5,3888,97200000,97200000,1569,2615,97225000,42050
5,3889,97225000,97225000,1569,2615,97250000,42063
5,389,9725000,9725000,1569,2615,9750000,4213
5,3890,97250000,97250000,1569,2615,97275000,42073
5,3891,97275000,97275000,1569,2615,97300000,42084
5,3892,97300000,97300000,1569,2615,97325000,42094
5,3893,97325000,97325000,1569,2615,97350000,42106
5,3894,97350000,97350000,1569,2615,97375000,42115
5,3895,97375000,97375000,1569,2615,97400000,42127
5,3896,97400000,97400000,1569,2615,97425000,42138
5,3897,97425000,97425000,1569,2615,97450000,42149
5,3898,97450000,97450000,1569,2615,97475000,42159
5,3899,97475000,97475000,1569,2615,97500000,42171
5,39,975000,975000,1569,2615,1000000,429
5,390,9750000,9750000,1569,2615,9775000,4223
5,3900,97500000,97500000,1569,2615,97525000,42181
5,3901,97525000,97525000,1569,2615,97550000,42192
5,3902,97550000,97550000,1569,2615,97575000,42202
5,3903,97575000,97575000,1569,2615,97600000,42214
5,3904,97600000,97600000,1569,2615,97625000,42225
5,3905,97625000,97625000,1569,2615,97650000,42234
5,3906,97650000,97650000,1569,2615,97675000,42245
5,3907,97675000,97675000,1569,2615,97700000,42258
5,3908,97700000,97700000,1569,2615,97725000,42268
5,3909,97725000,97725000,1569,2615,97750000,42278
5,391,9775000,9775000,1569,2615,9800000,4235
5,3910,97750000,97750000,1569,2615,97775000,42289
5,3911,97775000,97775000,1569,2615,97800000,42301
5,3912,97800000,97800000,1569,2615,97825000,42309
5,3913,97825000,97825000,1569,2615,97850000,42322
5,3914,97850000,97850000,1569,2615,97875000,42332
5,3915,97875000,97875000,1569,2615,97900000,42344
5,3916,97900000,97900000,1569,2615,97925000,42355
5,3917,97925000,97925000,1569,2615,97950000,42365
5,3918,97950000,97950000,1569,2615,97975000,42375
5,3919,97975000,97975000,1569,2615,98000000,42386
5,392,9800000,9800000,1569,2615,9825000,4246
5,3920,98000000,98000000,1569,2615,98025000,42398
5,3921,98025000,98025000,1569,2615,98050000,42408
5,3922,98050000,98050000,1569,2615,98075000,42419
5,3923,98075000,98075000,1569,2615,98100000,42430
5,3924,98100000,98100000,1569,2615,98125000,42440
5,3925,98125000,98125000,1569,2615,98150000,42452
5,3926,98150000,98150000,1569,2615,98175000,42461
5,3927,98175000,98175000,1569,2615,98200000,42474
5,3928,98200000,98200000,1569,2615,98225000,42484
5,3929,98225000,98225000,1569,2615,98250000,42495
5,393,9825000,9825000,1569,2615,9850000,4256
5,3930,98250000,98250000,1569,2615,98275000,42504
5,3931,98275000,98275000,1569,2615,98300000,42517
5,3932,98300000,98300000,1569,2615,98325000,42527
5,3933,98325000,98325000,1569,2615,98350000,42538
5,3934,98350000,98350000,1569,2615,98375000,42549
5,3935,98375000,98375000,1569,2615,98400000,42560
5,3936,98400000,98400000,1569,2615,98425000,42570
5,3937,98425000,98425000,1569,2615,98450000,42581
5,3938,98450000,98450000,1569,2615,98475000,42592
5,3939,98475000,98475000,1569,2615,98500000,42603
5,394,9850000,9850000,1569,2615,9875000,4268
5,3940,98500000,98500000,1569,2615,98525000,42614
5,3941,98525000,98525000,1569,2615,98550000,42624
5,3942,98550000,98550000,1569,2615,98575000,42634
5,3943,98575000,98575000,1569,2615,98600000,42647
5,3944,98600000,98600000,1569,2615,98625000,42657
5,3945,98625000,98625000,1569,2615,98650000,42668
5,3946,98650000,98650000,1569,2615,98675000,42678
5,3947,98675000,98675000,1569,2615,98700000,42690
5,3948,98700000,98700000,1569,2615,98725000,42699
5,3949,98725000,98725000,1569,2615,98750000,42711
5,395,9875000,9875000,1569,2615,9900000,4278
5,3950,98750000,98750000,1569,2615,98775000,42722
5,3951,98775000,98775000,1569,2615,98800000,42733
5,3952,98800000,98800000,1569,2615,98825000,42744
5,3953,98825000,98825000,1569,2615,98850000,42754
5,3954,98850000,98850000,1569,2615,98875000,42764
5,3955,98875000,98875000,1569,2615,98900000,42776
5,3956,98900000,98900000,1569,2615,98925000,42787
5,3957,98925000,98925000,1569,2615,98950000,42798
5,3958,98950000,98950000,1569,2615,98975000,42808
5,3959,98975000,98975000,1569,2615,99000000,42819
5,396,9900000,9900000,1569,2615,9925000,4288
5,3960,99000000,99000000,1569,2615,99025000,42829
5,3961,99025000,99025000,1569,2615,99050000,42841
5,3962,99050000,99050000,1569,2615,99075000,42851
5,3963,99075000,99075000,1569,2615,99100000,42863
5,3964,99100000,99100000,1569,2615,99125000,42874
5,3965,99125000,99125000,1569,2615,99150000,42884
5,3966,99150000,99150000,1569,2615,99175000,42893
5,3967,99175000,99175000,1569,2615,99200000,42907
5,3968,99200000,99200000,1569,2615,99225000,42916
5,3969,99225000,99225000,1569,2615,99250000,42927
5,397,9925000,9925000,1569,2615,9950000,4301
5,3970,99250000,99250000,1569,2615,99275000,42938
5,3971,99275000,99275000,1569,2615,99300000,42950
5,3972,99300000,99300000,1569,2615,99325000,42959
5,3973,99325000,99325000,1569,2615,99350000,42970
5,3974,99350000,99350000,1569,2615,99375000,42982
5,3975,99375000,99375000,1569,2615,99400000,42992
5,3976,99400000,99400000,1569,2615,99425000,43003
5,3977,99425000,99425000,1569,2615,99450000,43013
5,3978,99450000,99450000,1569,2615,99475000,43024
5,3979,99475000,99475000,1569,2615,99500000,43036
5,398,9950000,9950000,1569,2615,9975000,4310
5,3980,99500000,99500000,1569,2615,99525000,43046
5,3981,99525000,99525000,1569,2615,99550000,43058
5,3982,99550000,99550000,1569,2615,99575000,43067
5,3983,99575000,99575000,1569,2615,99600000,43079
5,3984,99600000,99600000,1569,2615,99625000,43089
5,3985,99625000,99625000,1569,2615,99650000,43101
5,3986,99650000,99650000,1569,2615,99675000,43110
5,3987,99675000,99675000,1569,2615,99700000,43122
5,3988,99700000,99700000,1569,2615,99725000,43134
5,3989,99725000,99725000,1569,2615,99750000,43143
5,399,9975000,9975000,1569,2615,10000000,4322
5,3990,99750000,99750000,1569,2615,99775000,43153
5,3991,99775000,99775000,1569,2615,99800000,43166
5,3992,99800000,99800000,1569,2615,99825000,43177
5,3993,99825000,99825000,1569,2615,99850000,43186
5,3994,99850000,99850000,1569,2615,99875000,43197
5,3995,99875000,99875000,1569,2615,99900000,43209
5,3996,99900000,99900000,1569,2615,99925000,43218
5,3997,99925000,99925000,1569,2615,99950000,43230
5,3998,99950000,99950000,1569,2615,99975000,43241
5,3999,99975000,99975000,1569,2615,100000000,43253
5,4,100000,100000,1569,2615,125000,50
5,40,1000000,1000000,1569,2615,1025000,440
5,400,10000000,10000000,1569,2615,10025000,4332
5,4000,100000000,100000000,1569,2615,100025000,43262
5,4001,100025000,100025000,1569,2615,100050000,43274
5,4002,100050000,100050000,1569,2615,100075000,43283
5,4003,100075000,100075000,1569,2615,100100000,43295
5,4004,100100000,100100000,1569,2615,100125000,43305
5,4005,100125000,100125000,1569,2615,100150000,43317
5,4006,100150000,100150000,1569,2615,100175000,43328
5,4007,100175000,100175000,1569,2615,100200000,43338
5,4008,100200000,100200000,1569,2615,100225000,43349
5,4009,100225000,100225000,1569,2615,100250000,43360
5,401,10025000,10025000,1569,2615,10050000,4344
5,4010,100250000,100250000,1569,2615,100275000,43370
5,4011,100275000,100275000,1569,2615,100300000,43381
5,4012,100300000,100300000,1569,2615,100325000,43393
5,4013,100325000,100325000,1569,2615,100350000,43403
5,4014,100350000,100350000,1569,2615,100375000,43412
5,4015,100375000,100375000,1569,2615,100400000,43426
5,4016,100400000,100400000,1569,2615,100425000,43436
5,4017,100425000,100425000,1569,2615,100450000,43446
5,4018,100450000,100450000,1569,2615,100475000,43457
5,4019,100475000,100475000,1569,2615,100500000,43469
5,402,10050000,10050000,1569,2615,10075000,4352
5,4020,100500000,100500000,1569,2615,100525000,43478
5,4021,100525000,100525000,1569,2615,100550000,43489
5,4022,100550000,100550000,1569,2615,100575000,43500
5,4023,100575000,100575000,1569,2615,100600000,43512
5,4024,100600000,100600000,1569,2615,100625000,43522
5,4025,100625000,100625000,1569,2615,100650000,43533
5,4026,100650000,100650000,1569,2615,100675000,43543
5,4027,100675000,100675000,1569,2615,100700000,43555
5,4028,100700000,100700000,1569,2615,100725000,43565
5,4029,100725000,100725000,1569,2615,100750000,43576
5,403,10075000,10075000,1569,2615,10100000,4365
5,4030,100750000,100750000,1569,2615,100775000,43587
5,4031,100775000,100775000,1569,2615,100800000,43597
5,4032,100800000,100800000,1569,2615,100825000,43608
5,4033,100825000,100825000,1569,2615,100850000,43620
5,4034,100850000,100850000,1569,2615,100875000,43630
5,4035,100875000,100875000,1569,2615,100900000,43642
5,4036,100900000,100900000,1569,2615,100925000,43652
5,4037,100925000,100925000,1569,2615,100950000,43663
5,4038,100950000,100950000,1569,2615,100975000,43671
5,4039,100975000,100975000,1569,2615,101000000,43685
5,404,10100000,10100000,1569,2615,10125000,4376
5,4040,101000000,101000000,1569,2615,101025000,43695
5,4041,101025000,101025000,1569,2615,101050000,43706
5,4042,101050000,101050000,1569,2615,101075000,43717
5,4043,101075000,101075000,1569,2615,101100000,43728
5,4044,101100000,101100000,1569,2615,101125000,43738
5,4045,101125000,101125000,1569,2615,101150000,43748
5,4046,101150000,101150000,1569,2615,101175000,43760
5,4047,101175000,101175000,1569,2615,101200000,43771
5,4048,101200000,101200000,1569,2615,101225000,43782
5,4049,101225000,101225000,1569,2615,101250000,43792
5,405,10125000,10125000,1569,2615,10150000,4386
5,4050,101250000,101250000,1569,2615,101275000,43802
5,4051,101275000,101275000,1569,2615,101300000,43815
5,4052,101300000,101300000,1569,2615,101325000,43825
5,4053,101325000,101325000,1569,2615,101350000,43836
5,4054,101350000,101350000,1569,2615,101375000,43846
5,4055,101375000,101375000,1569,2615,101400000,43858
5,4056,101400000,101400000,1569,2615,101425000,43867
5,4057,101425000,101425000,1569,2615,101450000,43879
5,4058,101450000,101450000,1569,2615,101475000,43889
5,4059,101475000,101475000,1569,2615,101500000,43901
5,406,10150000,10150000,1569,2615,10175000,4397
5,4060,101500000,101500000,1569,2615,101525000,43912
5,4061,101525000,101525000,1569,2615,101550000,43922
5,4062,101550000,101550000,1569,2615,101575000,43932
5,4063,101575000,101575000,1569,2615,101600000,43944
5,4064,101600000,101600000,1569,2615,101625000,43955
5,4065,101625000,101625000,1569,2615,101650000,43965
5,4066,101650000,101650000,1569,2615,101675000,43976
5,4067,101675000,101675000,1569,2615,101700000,43987
5,4068,101700000,101700000,1569,2615,101725000,43997
5,4069,101725000,101725000,1569,2615,101750000,44010
5,407,10175000,10175000,1569,2615,10200000,4408
5,4070,101750000,101750000,1569,2615,101775000,44019
5,4071,101775000,101775000,1569,2615,101800000,44031
5,4072,101800000,101800000,1569,2615,101825000,44041
5,4073,101825000,101825000,1569,2615,101850000,44052
5,4074,101850000,101850000,1569,2615,101875000,44061
5,4075,101875000,101875000,1569,2615,101900000,44074
5,4076,101900000,101900000,1569,2615,101925000,44085
5,4077,101925000,101925000,1569,2615,101950000,44095
5,4078,101950000,101950000,1569,2615,101975000,44106
5,4079,101975000,101975000,1569,2615,102000000,44117
5,408,10200000,10200000,1569,2615,10225000,4419
5,4080,102000000,102000000,1569,2615,102025000,44127
5,4081,102025000,102025000,1569,2615,102050000,44138
5,4082,102050000,102050000,1569,2615,102075000,44149
5,4083,102075000,102075000,1569,2615,102100000,44161
5,4084,102100000,102100000,1569,2615,102125000,44171
5,4085,102125000,102125000,1569,2615,102150000,44181
5,4086,102150000,102150000,1569,2615,102175000,44192
5,4087,102175000,102175000,1569,2615,102200000,44204
5,4088,102200000,102200000,1569,2615,102225000,44214
5,4089,102225000,102225000,1569,2615,102250000,44225
5,409,10225000,10225000,1569,2615,10250000,4429
5,4090,102250000,102250000,1569,2615,102275000,44236
5,4091,102275000,102275000,1569,2615,102300000,44247
5,4092,102300000,102300000,1569,2615,102325000,44256
5,4093,102325000,102325000,1569,2615,102350000,44269
5,4094,102350000,102350000,1569,2615,102375000,44278
5,4095,102375000,102375000,1569,2615,102400000,44290
5,4096,102400000,102400000,1569,2615,102425000,44301
5,4097,102425000,102425000,1569,2615,102450000,44312
5,4098,102450000,102450000,1569,2615,102475000,44321
5,4099,102475000,102475000,1569,2615,102500000,44333
5,41,1025000,1025000,1569,2615,1050000,450
5,410,10250000,10250000,1569,2615,10275000,4440
5,4100,102500000,102500000,1569,2615,102525000,44345
5,4101,102525000,102525000,1569,2615,102550000,44354
5,4102,102550000,102550000,1569,2615,102575000,44365
5,4103,102575000,102575000,1569,2615,102600000,44377
5,4104,102600000,102600000,1569,2615,102625000,44387
5,4105,102625000,102625000,1569,2615,102650000,44398
5,4106,102650000,102650000,1569,2615,102675000,44408
5,4107,102675000,102675000,1569,2615,102700000,44421
5,4108,102700000,102700000,1569,2615,102725000,44430
5,4109,102725000,102725000,1569,2615,102750000,44441
5,411,10275000,10275000,1569,2615,10300000,4452
5,4110,102750000,102750000,1569,2615,102775000,44451
5,4111,102775000,102775000,1569,2615,102800000,44464
5,4112,102800000,102800000,1569,2615,102825000,44473
5,4113,102825000,102825000,1569,2615,102850000,44484
5,4114,102850000,102850000,1569,2615,102875000,44496
5,4115,102875000,102875000,1569,2615,102900000,44506
5,4116,102900000,102900000,1569,2615,102925000,44516
5,4117,102925000,102925000,1569,2615,102950000,44528
5,4118,102950000,102950000,1569,2615,102975000,44539
5,4119,102975000,102975000,1569,2615,103000000,44549
5,412,10300000,10300000,1569,2615,10325000,4462
5,4120,103000000,103000000,1569,2615,103025000,44561
5,4121,103025000,103025000,1569,2615,103050000,44571
5,4122,103050000,103050000,1569,2615,103075000,44580
5,4123,103075000,103075000,1569,2615,103100000,44593
5,4124,103100000,103100000,1569,2615,103125000,44604
5,4125,103125000,103125000,1569,2615,103150000,44615
5,4126,103150000,103150000,1569,2615,103175000,44624
5,4127,103175000,103175000,1569,2615,103200000,44637
5,4128,103200000,103200000,1569,2615,103225000,44646
5,4129,103225000,103225000,1569,2615,103250000,44657
5,413,10325000,10325000,1569,2615,10350000,4472
5,4130,103250000,103250000,1569,2615,103275000,44667
5,4131,103275000,103275000,1569,2615,103300000,44680
5,4132,103300000,103300000,1569,2615,103325000,44691
5,4133,103325000,103325000,1569,2615,103350000,44700
5,4134,103350000,103350000,1569,2615,103375000,44711
5,4135,103375000,103375000,1569,2615,103400000,44723
5,4136,103400000,103400000,1569,2615,103425000,44733
5,4137,103425000,103425000,1569,2615,103450000,44744
5,4138,103450000,103450000,1569,2615,103475000,44755
5,4139,103475000,103475000,1569,2615,103500000,44766
5,414,10350000,10350000,1569,2615,10375000,4483
5,4140,103500000,103500000,1569,2615,103525000,44775
5,4141,103525000,103525000,1569,2615,103550000,44788
5,4142,103550000,103550000,1569,2615,103575000,44798
5,4143,103575000,103575000,1569,2615,103600000,44809
5,4144,103600000,103600000,1569,2615,103625000,44820
5,4145,103625000,103625000,1569,2615,103650000,44831
5,4146,103650000,103650000,1569,2615,103675000,44840
5,4147,103675000,103675000,1569,2615,103700000,44852
5,4148,103700000,103700000,1569,2615,103725000,44863
5,4149,103725000,103725000,1569,2615,103750000,44874
5,415,10375000,10375000,1569,2615,10400000,4496
5,4150,103750000,103750000,1569,2615,103775000,44884
5,4151,103775000,103775000,1569,2615,103800000,44896
5,4152,103800000,103800000,1569,2615,103825000,44906
5,4153,103825000,103825000,1569,2615,103850000,44917
5,4154,103850000,103850000,1569,2615,103875000,44928
5,4155,103875000,103875000,1569,2615,103900000,44939
5,4156,103900000,103900000,1569,2615,103925000,44950
5,4157,103925000,103925000,1569,2615,103950000,44959
5,4158,103950000,103950000,1569,2615,103975000,44970
5,4159,103975000,103975000,1569,2615,104000000,44983
5,416,10400000,10400000,1569,2615,10425000,4505
5,4160,104000000,104000000,1569,2615,104025000,44993
5,4161,104025000,104025000,1569,2615,104050000,45004
5,4162,104050000,104050000,1569,2615,104075000,45014
5,4163,104075000,104075000,1569,2615,104100000,45026
5,4164,104100000,104100000,1569,2615,104125000,45034
5,4165,104125000,104125000,1569,2615,104150000,45047
5,4166,104150000,104150000,1569,2615,104175000,45057
5,4167,104175000,104175000,1569,2615,104200000,45069
5,4168,104200000,104200000,1569,2615,104225000,45080
5,4169,104225000,104225000,1569,2615,104250000,45090
5,417,10425000,10425000,1569,2615,10450000,4516
5,4170,104250000,104250000,1569,2615,104275000,45100
5,4171,104275000,104275000,1569,2615,104300000,45112
5,4172,104300000,104300000,1569,2615,104325000,45123
5,4173,104325000,104325000,1569,2615,104350000,45133
5,4174,104350000,104350000,1569,2615,104375000,45144
5,4175,104375000,104375000,1569,2615,104400000,45155
5,4176,104400000,104400000,1569,2615,104425000,45165
5,4177,104425000,104425000,1569,2615,104450000,45177
5,4178,104450000,104450000,1569,2615,104475000,45187
5,4179,104475000,104475000,1569,2615,104500000,45199
5,418,10450000,10450000,1569,2615,10475000,4527
5,4180,104500000,104500000,1569,2615,104525000,45209
5,4181,104525000,104525000,1569,2615,104550000,45220
5,4182,104550000,104550000,1569,2615,104575000,45229
5,4183,104575000,104575000,1569,2615,104600000,45242
5,4184,104600000,104600000,1569,2615,104625000,45252
5,4185,104625000,104625000,1569,2615,104650000,45263
5,4186,104650000,104650000,1569,2615,104675000,45274
5,4187,104675000,104675000,1569,2615,104700000,45285
5,4188,104700000,104700000,1569,2615,104725000,45296
5,4189,104725000,104725000,1569,2615,104750000,45306
5,419,10475000,10475000,1569,2615,10500000,4538
5,4190,104750000,104750000,1569,2615,104775000,45317
5,4191,104775000,104775000,1569,2615,104800000,45328
5,4192,104800000,104800000,1569,2615,104825000,45339
5,4193,104825000,104825000,1569,2615,104850000,45349
5,4194,104850000,104850000,1569,2615,104875000,45359
5,4195,104875000,104875000,1569,2615,104900000,45373
5,4196,104900000,104900000,1569,2615,104925000,45382
5,4197,104925000,104925000,1569,2615,104950000,45393
5,4198,104950000,104950000,1569,2615,104975000,45403
5,4199,104975000,104975000,1569,2615,105000000,45415
5,42,1050000,1050000,1569,2615,1075000,459
5,420,10500000,10500000,1569,2615,10525000,4547
5,4200,105000000,105000000,1569,2615,105025000,45424
5,4201,105025000,105025000,1569,2615,105050000,45436
5,4202,105050000,105050000,1569,2615,105075000,45447
5,4203,105075000,105075000,1569,2615,105100000,45458
5,4204,105100000,105100000,1569,2615,105125000,45469
5,4205,105125000,105125000,1569,2615,105150000,45480
5,4206,105150000,105150000,1569,2615,105175000,45489
5,4207,105175000,105175000,1569,2615,105200000,45501
5,4208,105200000,105200000,1569,2615,105225000,45512
5,4209,105225000,105225000,1569,2615,105250000,45523
5,421,10525000,10525000,1569,2615,10550000,4560
5,4210,105250000,105250000,1569,2615,105275000,45533
5,4211,105275000,105275000,1569,2615,105300000,45544
5,4212,105300000,105300000,1569,2615,105325000,45555
5,4213,105325000,105325000,1569,2615,105350000,45566
5,4214,105350000,105350000,1569,2615,105375000,45576
5,4215,105375000,105375000,1569,2615,105400000,45588
5,4216,105400000,105400000,1569,2615,105425000,45599
5,4217,105425000,105425000,1569,2615,105450000,45609
5,4218,105450000,105450000,1569,2615,105475000,45618
5,4219,105475000,105475000,1569,2615,105500000,45632
5,422,10550000,10550000,1569,2615,10575000,4570
5,4220,105500000,105500000,1569,2615,105525000,45641
5,4221,105525000,105525000,1569,2615,105550000,45652
5,4222,105550000,105550000,1569,2615,105575000,45664
5,4223,105575000,105575000,1569,2615,105600000,45675
5,4224,105600000,105600000,1569,2615,105625000,45684
5,4225,105625000,105625000,1569,2615,105650000,45695
5,4226,105650000,105650000,1569,2615,105675000,45707
5,4227,105675000,105675000,1569,2615,105700000,45717
5,4228,105700000,105700000,1569,2615,105725000,45728
5,4229,105725000,105725000,1569,2615,105750000,45739
5,423,10575000,10575000,1569,2615,10600000,4581
5,4230,105750000,105750000,1569,2615,105775000,45749
5,4231,105775000,105775000,1569,2615,105800000,45761
5,4232,105800000,105800000,1569,2615,105825000,45771
5,4233,105825000,105825000,1569,2615,105850000,45783
5,4234,105850000,105850000,1569,2615,105875000,45792
5,4235,105875000,105875000,1569,2615,105900000,45804
5,4236,105900000,105900000,1569,2615,105925000,45814
5,4237,105925000,105925000,1569,2615,105950000,45826
5,4238,105950000,105950000,1569,2615,105975000,45835
5,4239,105975000,105975000,1569,2615,106000000,45848
5,424,10600000,10600000,1569,2615,10625000,4592
5,4240,106000000,106000000,1569,2615,106025000,45859
5,4241,106025000,106025000,1569,2615,106050000,45868
5,4242,106050000,106050000,1569,2615,106075000,45878
5,4243,106075000,106075000,1569,2615,106100000,45891
5,4244,106100000,106100000,1569,2615,106125000,45902
5,4245,106125000,106125000,1569,2615,106150000,45911
5,4246,106150000,106150000,1569,2615,106175000,45923
5,4247,106175000,106175000,1569,2615,106200000,45934
5,4248,106200000,106200000,1569,2615,106225000,45943
5,4249,106225000,106225000,1569,2615,106250000,45955
5,425,10625000,10625000,1569,2615,10650000,4603
5,4250,106250000,106250000,1569,2615,106275000,45966
5,4251,106275000,106275000,1569,2615,106300000,45978
5,4252,106300000,106300000,1569,2615,106325000,45987
5,4253,106325000,106325000,1569,2615,106350000,45999
5,4254,106350000,106350000,1569,2615,106375000,46008
5,4255,106375000,106375000,1569,2615,106400000,46020
5,4256,106400000,106400000,1569,2615,106425000,46031
5,4257,106425000,106425000,1569,2615,106450000,46042
5,4258,106450000,106450000,1569,2615,106475000,46053
5,4259,106475000,106475000,1569,2615,106500000,46063
5,426,10650000,10650000,1569,2615,10675000,4612
5,4260,106500000,106500000,1569,2615,106525000,46074
5,4261,106525000,106525000,1569,2615,106550000,46085
5,4262,106550000,106550000,1569,2615,106575000,46095
5,4263,106575000,106575000,1569,2615,106600000,46107
5,4264,106600000,106600000,1569,2615,106625000,46118
5,4265,106625000,106625000,1569,2615,106650000,46128
5,4266,106650000,106650000,1569,2615,106675000,46137
5,4267,106675000,106675000,1569,2615,106700000,46151
5,4268,106700000,106700000,1569,2615,106725000,46161
5,4269,106725000,106725000,1569,2615,106750000,46171
5,427,10675000,10675000,1569,2615,10700000,4624
5,4270,106750000,106750000,1569,2615,106775000,46182
5,4271,106775000,106775000,1569,2615,106800000,46194
5,4272,106800000,106800000,1569,2615,106825000,46203
5,4273,106825000,106825000,1569,2615,106850000,46215
5,4274,106850000,106850000,1569,2615,106875000,46225
5,4275,106875000,106875000,1569,2615,106900000,46237
5,4276,106900000,106900000,1569,2615,106925000,46247
5,4277,106925000,106925000,1569,2615,106950000,46258
5,4278,106950000,106950000,1569,2615,106975000,46268
5,4279,106975000,106975000,1569,2615,107000000,46280
5,428,10700000,10700000,1569,2615,10725000,4636
5,4280,107000000,107000000,1569,2615,107025000,46291
5,4281,107025000,107025000,1569,2615,107050000,46301
5,4282,107050000,107050000,1569,2615,107075000,46312
5,4283,107075000,107075000,1569,2615,107100000,46322
5,429,10725000,10725000,1569,2615,10750000,4646
5,43,1075000,1075000,1569,2615,1100000,472
5,430,10750000,10750000,1569,2615,10775000,4656
5,431,10775000,10775000,1569,2615,10800000,4668
5,432,10800000,10800000,1569,2615,10825000,4678
5,433,10825000,10825000,1569,2615,10850000,4689
5,434,10850000,10850000,1569,2615,10875000,4699
5,435,10875000,10875000,1569,2615,10900000,4712
5,436,10900000,10900000,1569,2615,10925000,4722
5,437,10925000,10925000,1569,2615,10950000,4732
5,438,10950000,10950000,1569,2615,10975000,4742
5,439,10975000,10975000,1569,2615,11000000,4755
5,44,1100000,1100000,1569,2615,1125000,483
5,440,11000000,11000000,1569,2615,11025000,4764
5,441,11025000,11025000,1569,2615,11050000,4775
5,442,11050000,11050000,1569,2615,11075000,4787
5,443,11075000,11075000,1569,2615,11100000,4798
5,444,11100000,11100000,1569,2615,11125000,4807
5,445,11125000,11125000,1569,2615,11150000,4819
5,446,11150000,11150000,1569,2615,11175000,4830
5,447,11175000,11175000,1569,2615,11200000,4840
5,448,11200000,11200000,1569,2615,11225000,4852
5,449,11225000,11225000,1569,2615,11250000,4862
5,45,1125000,1125000,1569,2615,1150000,493
5,450,11250000,11250000,1569,2615,11275000,4872
5,451,11275000,11275000,1569,2615,11300000,4884
5,452,11300000,11300000,1569,2615,11325000,4895
5,453,11325000,11325000,1569,2615,11350000,4906
5,454,11350000,11350000,1569,2615,11375000,4915
5,455,11375000,11375000,1569,2615,11400000,4928
5,456,11400000,11400000,1569,2615,11425000,4937
5,457,11425000,11425000,1569,2615,11450000,4949
5,458,11450000,11450000,1569,2615,11475000,4958
5,459,11475000,11475000,1569,2615,11500000,4971
5,46,1150000,1150000,1569,2615,1175000,504
5,460,11500000,11500000,1569,2615,11525000,4982
5,461,11525000,11525000,1569,2615,11550000,4991
5,462,11550000,11550000,1569,2615,11575000,5002
5,463,11575000,11575000,1569,2615,11600000,5014
5,464,11600000,11600000,1569,2615,11625000,5025
5,465,11625000,11625000,1569,2615,11650000,5035
5,466,11650000,11650000,1569,2615,11675000,5046
5,467,11675000,11675000,1569,2615,11700000,5057
5,468,11700000,11700000,1569,2615,11725000,5066
5,469,11725000,11725000,1569,2615,11750000,5079
5,47,1175000,1175000,1569,2615,1200000,516
5,470,11750000,11750000,1569,2615,11775000,5089
5,471,11775000,11775000,1569,2615,11800000,5101
5,472,11800000,11800000,1569,2615,11825000,5111
5,473,11825000,11825000,1569,2615,11850000,5122
5,474,11850000,11850000,1569,2615,11875000,5131
5,475,11875000,11875000,1569,2615,11900000,5143
5,476,11900000,11900000,1569,2615,11925000,5154
5,477,11925000,11925000,1569,2615,11950000,5165
5,478,11950000,11950000,1569,2615,11975000,5176
5,479,11975000,11975000,1569,2615,12000000,5187
5,48,1200000,1200000,1569,2615,1225000,525
5,480,12000000,12000000,1569,2615,12025000,5197
5,481,12025000,12025000,1569,2615,12050000,5208
5,482,12050000,12050000,1569,2615,12075000,5219
5,483,12075000,12075000,1569,2615,12100000,5230
5,484,12100000,12100000,1569,2615,12125000,5241
5,485,12125000,12125000,1569,2615,12150000,5251
5,486,12150000,12150000,1569,2615,12175000,5261
5,487,12175000,12175000,1569,2615,12200000,5274
5,488,12200000,12200000,1569,2615,12225000,5284
5,489,12225000,12225000,1569,2615,12250000,5295
5,49,1225000,1225000,1569,2615,1250000,536
5,490,12250000,12250000,1569,2615,12275000,5305
5,491,12275000,12275000,1569,2615,12300000,5317
5,492,12300000,12300000,1569,2615,12325000,5326
5,493,12325000,12325000,1569,2615,12350000,5338
5,494,12350000,12350000,1569,2615,12375000,5348
5,495,12375000,12375000,1569,2615,12400000,5360
5,496,12400000,12400000,1569,2615,12425000,5371
5,497,12425000,12425000,1569,2615,12450000,5381
5,498,12450000,12450000,1569,2615,12475000,5391
5,499,12475000,12475000,1569,2615,12500000,5404
5,5,125000,125000,1569,2615,150000,61
5,50,1250000,1250000,1569,2615,1275000,547
5,500,12500000,12500000,1569,2615,12525000,5414
5,501,12525000,12525000,1569,2615,12550000,5424
5,502,12550000,12550000,1569,2615,12575000,5435
5,503,12575000,12575000,1569,2615,12600000,5446
5,504,12600000,12600000,1569,2615,12625000,5456
5,505,12625000,12625000,1569,2615,12650000,5468
5,506,12650000,12650000,1569,2615,12675000,5479
5,507,12675000,12675000,1569,2615,12700000,5490
5,508,12700000,12700000,1569,2615,12725000,5500
5,509,12725000,12725000,1569,2615,12750000,5511
5,51,1275000,1275000,1569,2615,1300000,559
5,510,12750000,12750000,1569,2615,12775000,5520
5,511,12775000,12775000,1569,2615,12800000,5533
5,512,12800000,12800000,1569,2615,12825000,5543
5,513,12825000,12825000,1569,2615,12850000,5555
5,514,12850000,12850000,1569,2615,12875000,5565
5,515,12875000,12875000,1569,2615,12900000,5576
5,516,12900000,12900000,1569,2615,12925000,5587
5,517,12925000,12925000,1569,2615,12950000,5597
5,518,12950000,12950000,1569,2615,12975000,5608
5,519,12975000,12975000,1569,2615,13000000,5619
5,52,1300000,1300000,1569,2615,1325000,569
5,520,13000000,13000000,1569,2615,13025000,5631
5,521,13025000,13025000,1569,2615,13050000,5640
5,522,13050000,13050000,1569,2615,13075000,5650
5,523,13075000,13075000,1569,2615,13100000,5664
5,524,13100000,13100000,1569,2615,13125000,5673
5,525,13125000,13125000,1569,2615,13150000,5684
5,526,13150000,13150000,1569,2615,13175000,5694
5,527,13175000,13175000,1569,2615,13200000,5707
5,528,13200000,13200000,1569,2615,13225000,5715
5,529,13225000,13225000,1569,2615,13250000,5727
5,53,1325000,1325000,1569,2615,1350000,579
5,530,13250000,13250000,1569,2615,13275000,5738
5,531,13275000,13275000,1569,2615,13300000,5749
5,532,13300000,13300000,1569,2615,13325000,5760
5,533,13325000,13325000,1569,2615,13350000,5771
5,534,13350000,13350000,1569,2615,13375000,5781
5,535,13375000,13375000,1569,2615,13400000,5792
5,536,13400000,13400000,1569,2615,13425000,5803
5,537,13425000,13425000,1569,2615,13450000,5814
5,538,13450000,13450000,1569,2615,13475000,5824
5,539,13475000,13475000,1569,2615,13500000,5835
5,54,1350000,1350000,1569,2615,1375000,590
5,540,13500000,13500000,1569,2615,13525000,5846
5,541,13525000,13525000,1569,2615,13550000,5858
5,542,13550000,13550000,1569,2615,13575000,5867
5,543,13575000,13575000,1569,2615,13600000,5879
5,544,13600000,13600000,1569,2615,13625000,5890
5,545,13625000,13625000,1569,2615,13650000,5900
5,546,13650000,13650000,1569,2615,13675000,5909
5,547,13675000,13675000,1569,2615,13700000,5923
5,548,13700000,13700000,1569,2615,13725000,5933
5,549,13725000,13725000,1569,2615,13750000,5943
5,55,1375000,1375000,1569,2615,1400000,602
5,550,13750000,13750000,1569,2615,13775000,5955
5,551,13775000,13775000,1569,2615,13800000,5966
5,552,13800000,13800000,1569,2615,13825000,5975
5,553,13825000,13825000,1569,2615,13850000,5986
5,554,13850000,13850000,1569,2615,13875000,5998
5,555,13875000,13875000,1569,2615,13900000,6009
5,556,13900000,13900000,1569,2615,13925000,6019
5,557,13925000,13925000,1569,2615,13950000,6030
5,558,13950000,13950000,1569,2615,13975000,6040
5,559,13975000,13975000,1569,2615,14000000,6052
5,56,1400000,1400000,1569,2615,1425000,612
5,560,14000000,14000000,1569,2615,14025000,6062
5,561,14025000,14025000,1569,2615,14050000,6074
5,562,14050000,14050000,1569,2615,14075000,6084
5,563,14075000,14075000,1569,2615,14100000,6095
5,564,14100000,14100000,1569,2615,14125000,6105
5,565,14125000,14125000,1569,2615,14150000,6117
5,566,14150000,14150000,1569,2615,14175000,6126
5,567,14175000,14175000,1569,2615,14200000,6139
5,568,14200000,14200000,1569,2615,14225000,6150
5,569,14225000,14225000,1569,2615,14250000,6160
5,57,1425000,1425000,1569,2615,1450000,624
5,570,14250000,14250000,1569,2615,14275000,6169
5,571,14275000,14275000,1569,2615,14300000,6182
5,572,14300000,14300000,1569,2615,14325000,6193
5,573,14325000,14325000,1569,2615,14350000,6202
5,574,14350000,14350000,1569,2615,14375000,6214
5,575,14375000,14375000,1569,2615,14400000,6225
5,576,14400000,14400000,1569,2615,14425000,6235
5,577,14425000,14425000,1569,2615,14450000,6246
5,578,14450000,14450000,1569,2615,14475000,6257
5,579,14475000,14475000,1569,2615,14500000,6269
5,58,1450000,1450000,1569,2615,1475000,634
5,580,14500000,14500000,1569,2615,14525000,6278
5,581,14525000,14525000,1569,2615,14550000,6290
5,582,14550000,14550000,1569,2615,14575000,6299
5,583,14575000,14575000,1569,2615,14600000,6312
5,584,14600000,14600000,1569,2615,14625000,6322
5,585,14625000,14625000,1569,2615,14650000,6333
5,586,14650000,14650000,1569,2615,14675000,6344
5,587,14675000,14675000,1569,2615,14700000,6354
5,588,14700000,14700000,1569,2615,14725000,6365
5,589,14725000,14725000,1569,2615,14750000,6376
5,59,1475000,1475000,1569,2615,1500000,645
5,590,14750000,14750000,1569,2615,14775000,6387
5,591,14775000,14775000,1569,2615,14800000,6398
5,592,14800000,14800000,1569,2615,14825000,6409
5,593,14825000,14825000,1569,2615,14850000,6419
5,594,14850000,14850000,1569,2615,14875000,6428
5,595,14875000,14875000,1569,2615,14900000,6442
5,596,14900000,14900000,1569,2615,14925000,6452
5,597,14925000,14925000,1569,2615,14950000,6463
5,598,14950000,14950000,1569,2615,14975000,6473
5,599,14975000,14975000,1569,2615,15000000,6485
5,6,150000,150000,1569,2615,175000,70
5,60,1500000,1500000,1569,2615,1525000,654
5,600,15000000,15000000,1569,2615,15025000,6494
5,601,15025000,15025000,1569,2615,15050000,6506
5,602,15050000,15050000,1569,2615,15075000,6516
5,603,15075000,15075000,1569,2615,15100000,6528
5,604,15100000,15100000,1569,2615,15125000,6539
5,605,15125000,15125000,1569,2615,15150000,6549
5,606,15150000,15150000,1569,2615,15175000,6559
5,607,15175000,15175000,1569,2615,15200000,6571
5,608,15200000,15200000,1569,2615,15225000,6582
5,609,15225000,15225000,1569,2615,15250000,6592
5,61,1525000,1525000,1569,2615,1550000,667
5,610,15250000,15250000,1569,2615,15275000,6603
5,611,15275000,15275000,1569,2615,15300000,6614
5,612,15300000,15300000,1569,2615,15325000,6624
5,613,15325000,15325000,1569,2615,15350000,6636
5,614,15350000,15350000,1569,2615,15375000,6646
5,615,15375000,15375000,1569,2615,15400000,6658
5,616,15400000,15400000,1569,2615,15425000,6668
5,617,15425000,15425000,1569,2615,15450000,6679
5,618,15450000,15450000,1569,2615,15475000,6689
5,619,15475000,15475000,1569,2615,15500000,6701
5,62,1550000,1550000,1569,2615,1575000,676
5,620,15500000,15500000,1569,2615,15525000,6711
5,621,15525000,15525000,1569,2615,15550000,6722
5,622,15550000,15550000,1569,2615,15575000,6733
5,623,15575000,15575000,1569,2615,15600000,6744
5,624,15600000,15600000,1569,2615,15625000,6754
5,625,15625000,15625000,1569,2615,15650000,6766
5,626,15650000,15650000,1569,2615,15675000,6776
5,627,15675000,15675000,1569,2615,15700000,6787
5,628,15700000,15700000,1569,2615,15725000,6798
5,629,15725000,15725000,1569,2615,15750000,6808
5,63,1575000,1575000,1569,2615,1600000,688
5,630,15750000,15750000,1569,2615,15775000,6818
5,631,15775000,15775000,1569,2615,15800000,6831
5,632,15800000,15800000,1569,2615,15825000,6842
5,633,15825000,15825000,1569,2615,15850000,6852
5,634,15850000,15850000,1569,2615,15875000,6862
5,635,15875000,15875000,1569,2615,15900000,6875
5,636,15900000,15900000,1569,2615,15925000,6883
5,637,15925000,15925000,1569,2615,15950000,6895
5,638,15950000,15950000,1569,2615,15975000,6905
5,639,15975000,15975000,1569,2615,16000000,6918
5,64,1600000,1600000,1569,2615,1625000,700
5,640,16000000,16000000,1569,2615,16025000,6928
5,641,16025000,16025000,1569,2615,16050000,6938
5,642,16050000,16050000,1569,2615,16075000,6949
5,643,16075000,16075000,1569,2615,16100000,6960
5,644,16100000,16100000,1569,2615,16125000,6971
5,645,16125000,16125000,1569,2615,16150000,6981
5,646,16150000,16150000,1569,2615,16175000,6993
5,647,16175000,16175000,1569,2615,16200000,7003
5,648,16200000,16200000,1569,2615,16225000,7013
5,649,16225000,16225000,1569,2615,16250000,7026
5,65,1625000,1625000,1569,2615,1650000,710
5,650,16250000,16250000,1569,2615,16275000,7035
5,651,16275000,16275000,1569,2615,16300000,7047
5,652,16300000,16300000,1569,2615,16325000,7058
5,653,16325000,16325000,1569,2615,16350000,7069
5,654,16350000,16350000,1569,2615,16375000,7077
5,655,16375000,16375000,1569,2615,16400000,7090
5,656,16400000,16400000,1569,2615,16425000,7101
5,657,16425000,16425000,1569,2615,16450000,7111
5,658,16450000,16450000,1569,2615,16475000,7122
5,659,16475000,16475000,1569,2615,16500000,7134
5,66,1650000,1650000,1569,2615,1675000,719
5,660,16500000,16500000,1569,2615,16525000,7144
5,661,16525000,16525000,1569,2615,16550000,7154
5,662,16550000,16550000,1569,2615,16575000,7165
5,663,16575000,16575000,1569,2615,16600000,7177
5,664,16600000,16600000,1569,2615,16625000,7187
5,665,16625000,16625000,1569,2615,16650000,7197
5,666,16650000,16650000,1569,2615,16675000,7208
5,667,16675000,16675000,1569,2615,16700000,7221
5,668,16700000,16700000,1569,2615,16725000,7230
5,669,16725000,16725000,1569,2615,16750000,7242
5,67,1675000,1675000,1569,2615,1700000,731
5,670,16750000,16750000,1569,2615,16775000,7252
5,671,16775000,16775000,1569,2615,16800000,7263
5,672,16800000,16800000,1569,2615,16825000,7272
5,673,16825000,16825000,1569,2615,16850000,7285
5,674,16850000,16850000,1569,2615,16875000,7295
5,675,16875000,16875000,1569,2615,16900000,7306
5,676,16900000,16900000,1569,2615,16925000,7318
5,677,16925000,16925000,1569,2615,16950000,7328
5,678,16950000,16950000,1569,2615,16975000,7337
5,679,16975000,16975000,1569,2615,17000000,7349
5,68,1700000,1700000,1569,2615,1725000,743
5,680,17000000,17000000,1569,2615,17025000,7361
5,681,17025000,17025000,1569,2615,17050000,7371
5,682,17050000,17050000,1569,2615,17075000,7381
5,683,17075000,17075000,1569,2615,17100000,7393
5,684,17100000,17100000,1569,2615,17125000,7403
5,685,17125000,17125000,1569,2615,17150000,7414
5,686,17150000,17150000,1569,2615,17175000,7425
5,687,17175000,17175000,1569,2615,17200000,7437
5,688,17200000,17200000,1569,2615,17225000,7447
5,689,17225000,17225000,1569,2615,17250000,7457
5,69,1725000,1725000,1569,2615,1750000,752
5,690,17250000,17250000,1569,2615,17275000,7467
5,691,17275000,17275000,1569,2615,17300000,7480
5,692,17300000,17300000,1569,2615,17325000,7489
5,693,17325000,17325000,1569,2615,17350000,7501
5,694,17350000,17350000,1569,2615,17375000,7512
5,695,17375000,17375000,1569,2615,17400000,7523
5,696,17400000,17400000,1569,2615,17425000,7532
5,697,17425000,17425000,1569,2615,17450000,7544
5,698,17450000,17450000,1569,2615,17475000,7555
5,699,17475000,17475000,1569,2615,17500000,7565
5,7,175000,175000,1569,2615,200000,83
5,70,1750000,1750000,1569,2615,1775000,763
5,700,17500000,17500000,1569,2615,17525000,7577
5,701,17525000,17525000,1569,2615,17550000,7587
5,702,17550000,17550000,1569,2615,17575000,7597
5,703,17575000,17575000,1569,2615,17600000,7610
5,704,17600000,17600000,1569,2615,17625000,7620
5,705,17625000,17625000,1569,2615,17650000,7631
5,706,17650000,17650000,1569,2615,17675000,7640
5,707,17675000,17675000,1569,2615,17700000,7653
5,708,17700000,17700000,1569,2615,17725000,7662
5,709,17725000,17725000,1569,2615,17750000,7674
5,71,1775000,1775000,1569,2615,1800000,775
5,710,17750000,17750000,1569,2615,17775000,7684
5,711,17775000,17775000,1569,2615,17800000,7696
5,712,17800000,17800000,1569,2615,17825000,7707
5,713,17825000,17825000,1569,2615,17850000,7716
5,714,17850000,17850000,1569,2615,17875000,7727
5,715,17875000,17875000,1569,2615,17900000,7739
5,716,17900000,17900000,1569,2615,17925000,7750
5,717,17925000,17925000,1569,2615,17950000,7760
5,718,17950000,17950000,1569,2615,17975000,7771
5,719,17975000,17975000,1569,2615,18000000,7782
5,72,1800000,1800000,1569,2615,1825000,785
5,720,18000000,18000000,1569,2615,18025000,7792
5,721,18025000,18025000,1569,2615,18050000,7804
5,722,18050000,18050000,1569,2615,18075000,7814
5,723,18075000,18075000,1569,2615,18100000,7826
5,724,18100000,18100000,1569,2615,18125000,7836
5,725,18125000,18125000,1569,2615,18150000,7847
5,726,18150000,18150000,1569,2615,18175000,7856
5,727,18175000,18175000,1569,2615,18200000,7869
5,728,18200000,18200000,1569,2615,18225000,7879
5,729,18225000,18225000,1569,2615,18250000,7890
5,73,1825000,1825000,1569,2615,1850000,796
5,730,18250000,18250000,1569,2615,18275000,7901
5,731,18275000,18275000,1569,2615,18300000,7912
5,732,18300000,18300000,1569,2615,18325000,7922
5,733,18325000,18325000,1569,2615,18350000,7933
5,734,18350000,18350000,1569,2615,18375000,7944
5,735,18375000,18375000,1569,2615,18400000,7955
5,736,18400000,18400000,1569,2615,18425000,7966
5,737,18425000,18425000,1569,2615,18450000,7977
5,738,18450000,18450000,1569,2615,18475000,7986
5,739,18475000,18475000,1569,2615,18500000,7999
5,74,1850000,1850000,1569,2615,1875000,807
5,740,18500000,18500000,1569,2615,18525000,8009
5,741,18525000,18525000,1569,2615,18550000,8020
5,742,18550000,18550000,1569,2615,18575000,8030
5,743,18575000,18575000,1569,2615,18600000,8042
5,744,18600000,18600000,1569,2615,18625000,8052
5,745,18625000,18625000,1569,2615,18650000,8063
5,746,18650000,18650000,1569,2615,18675000,8073
5,747,18675000,18675000,1569,2615,18700000,8085
5,748,18700000,18700000,1569,2615,18725000,8096
5,749,18725000,18725000,1569,2615,18750000,8106
5,75,1875000,1875000,1569,2615,1900000,819
5,750,18750000,18750000,1569,2615,18775000,8116
5,751,18775000,18775000,1569,2615,18800000,8129
5,752,18800000,18800000,1569,2615,18825000,8139
5,753,18825000,18825000,1569,2615,18850000,8149
5,754,18850000,18850000,1569,2615,18875000,8161
5,755,18875000,18875000,1569,2615,18900000,8171
5,756,18900000,18900000,1569,2615,18925000,8181
5,757,18925000,18925000,1569,2615,18950000,8193
5,758,18950000,18950000,1569,2615,18975000,8204
5,759,18975000,18975000,1569,2615,19000000,8215
5,76,1900000,1900000,1569,2615,1925000,828
5,760,19000000,19000000,1569,2615,19025000,8225
5,761,19025000,19025000,1569,2615,19050000,8237
5,762,19050000,19050000,1569,2615,19075000,8245
5,763,19075000,19075000,1569,2615,19100000,8258
5,764,19100000,19100000,1569,2615,19125000,8268
5,765,19125000,19125000,1569,2615,19150000,8280
5,766,19150000,19150000,1569,2615,19175000,8290
5,767,19175000,19175000,1569,2615,19200000,8301
5,768,19200000,19200000,1569,2615,19225000,8312
5,769,19225000,19225000,1569,2615,19250000,8322
5,77,1925000,1925000,1569,2615,1950000,839
5,770,19250000,19250000,1569,2615,19275000,8333
5,771,19275000,19275000,1569,2615,19300000,8345
5,772,19300000,19300000,1569,2615,19325000,8356
5,773,19325000,19325000,1569,2615,19350000,8365
5,774,19350000,19350000,1569,2615,19375000,8375
5,775,19375000,19375000,1569,2615,19400000,8389
5,776,19400000,19400000,1569,2615,19425000,8398
5,777,19425000,19425000,1569,2615,19450000,8409
5,778,19450000,19450000,1569,2615,19475000,8420
5,779,19475000,19475000,1569,2615,19500000,8432
5,78,1950000,1950000,1569,2615,1975000,849
5,780,19500000,19500000,1569,2615,19525000,8440
5,781,19525000,19525000,1569,2615,19550000,8452
5,782,19550000,19550000,1569,2615,19575000,8463
5,783,19575000,19575000,1569,2615,19600000,8474
5,784,19600000,19600000,1569,2615,19625000,8485
5,785,19625000,19625000,1569,2615,19650000,8496
5,786,19650000,19650000,1569,2615,19675000,8506
5,787,19675000,19675000,1569,2615,19700000,8517
5,788,19700000,19700000,1569,2615,19725000,8529
5,789,19725000,19725000,1569,2615,19750000,8539
5,79,1975000,1975000,1569,2615,2000000,862
5,790,19750000,19750000,1569,2615,19775000,8549
5,791,19775000,19775000,1569,2615,19800000,8560
5,792,19800000,19800000,1569,2615,19825000,8571
5,793,19825000,19825000,1569,2615,19850000,8583
5,794,19850000,19850000,1569,2615,19875000,8592
5,795,19875000,19875000,1569,2615,19900000,8605
5,796,19900000,19900000,1569,2615,19925000,8615
5,797,19925000,19925000,1569,2615,19950000,8625
5,798,19950000,19950000,1569,2615,19975000,8634
5,799,19975000,19975000,1569,2615,20000000,8648
5,8,200000,200000,1569,2615,225000,93
5,80,2000000,2000000,1569,2615,2025000,871
5,800,20000000,20000000,1569,2615,20025000,8658
5,801,20025000,20025000,1569,2615,20050000,8668
5,802,20050000,20050000,1569,2615,20075000,8680
5,803,20075000,20075000,1569,2615,20100000,8691
5,804,20100000,20100000,1569,2615,20125000,8700
5,805,20125000,20125000,1569,2615,20150000,8712
5,806,20150000,20150000,1569,2615,20175000,8723
5,807,20175000,20175000,1569,2615,20200000,8734
5,808,20200000,20200000,1569,2615,20225000,8744
5,809,20225000,20225000,1569,2615,20250000,8755
5,81,2025000,2025000,1569,2615,2050000,883
5,810,20250000,20250000,1569,2615,20275000,8765
5,811,20275000,20275000,1569,2615,20300000,8777
5,812,20300000,20300000,1569,2615,20325000,8788
5,813,20325000,20325000,1569,2615,20350000,8799
5,814,20350000,20350000,1569,2615,20375000,8809
5,815,20375000,20375000,1569,2615,20400000,8820
5,816,20400000,20400000,1569,2615,20425000,8830
5,817,20425000,20425000,1569,2615,20450000,8842
5,818,20450000,20450000,1569,2615,20475000,8851
5,819,20475000,20475000,1569,2615,20500000,8864
5,82,2050000,2050000,1569,2615,2075000,894
5,820,20500000,20500000,1569,2615,20525000,8875
5,821,20525000,20525000,1569,2615,20550000,8885
5,822,20550000,20550000,1569,2615,20575000,8895
5,823,20575000,20575000,1569,2615,20600000,8907
5,824,20600000,20600000,1569,2615,20625000,8918
5,825,20625000,20625000,1569,2615,20650000,8927
5,826,20650000,20650000,1569,2615,20675000,8939
5,827,20675000,20675000,1569,2615,20700000,8950
5,828,20700000,20700000,1569,2615,20725000,8960
5,829,20725000,20725000,1569,2615,20750000,8972
5,83,2075000,2075000,1569,2615,2100000,904
5,830,20750000,20750000,1569,2615,20775000,8982
5,831,20775000,20775000,1569,2615,20800000,8994
5,832,20800000,20800000,1569,2615,20825000,9003
5,833,20825000,20825000,1569,2615,20850000,9015
5,834,20850000,20850000,1569,2615,20875000,9024
5,835,20875000,20875000,1569,2615,20900000,9037
5,836,20900000,20900000,1569,2615,20925000,9047
5,837,20925000,20925000,1569,2615,20950000,9058
5,838,20950000,20950000,1569,2615,20975000,9069
5,839,20975000,20975000,1569,2615,21000000,9080
5,84,2100000,2100000,1569,2615,2125000,914
5,840,21000000,21000000,1569,2615,21025000,9090
5,841,21025000,21025000,1569,2615,21050000,9101
5,842,21050000,21050000,1569,2615,21075000,9112
5,843,21075000,21075000,1569,2615,21100000,9123
5,844,21100000,21100000,1569,2615,21125000,9134
5,845,21125000,21125000,1569,2615,21150000,9144
5,846,21150000,21150000,1569,2615,21175000,9154
5,847,21175000,21175000,1569,2615,21200000,9167
5,848,21200000,21200000,1569,2615,21225000,9177
5,849,21225000,21225000,1569,2615,21250000,9188
5,85,2125000,2125000,1569,2615,2150000,926
5,850,21250000,21250000,1569,2615,21275000,9198
5,851,21275000,21275000,1569,2615,21300000,9210
5,852,21300000,21300000,1569,2615,21325000,9219
5,853,21325000,21325000,1569,2615,21350000,9231
5,854,21350000,21350000,1569,2615,21375000,9241
5,855,21375000,21375000,1569,2615,21400000,9253
5,856,21400000,21400000,1569,2615,21425000,9265
5,857,21425000,21425000,1569,2615,21450000,9274
5,858,21450000,21450000,1569,2615,21475000,9284
5,859,21475000,21475000,1569,2615,21500000,9296
5,86,2150000,2150000,1569,2615,2175000,937
5,860,21500000,21500000,1569,2615,21525000,9307
5,861,21525000,21525000,1569,2615,21550000,9317
5,862,21550000,21550000,1569,2615,21575000,9328
5,863,21575000,21575000,1569,2615,21600000,9340
5,864,21600000,21600000,1569,2615,21625000,9349
5,865,21625000,21625000,1569,2615,21650000,9361
5,866,21650000,21650000,1569,2615,21675000,9371
5,867,21675000,21675000,1569,2615,21700000,9383
5,868,21700000,21700000,1569,2615,21725000,9393
5,869,21725000,21725000,1569,2615,21750000,9404
5,87,2175000,2175000,1569,2615,2200000,947
5,870,21750000,21750000,1569,2615,21775000,9414
5,871,21775000,21775000,1569,2615,21800000,9426
5,872,21800000,21800000,1569,2615,21825000,9436
5,873,21825000,21825000,1569,2615,21850000,9448
5,874,21850000,21850000,1569,2615,21875000,9458
5,875,21875000,21875000,1569,2615,21900000,9469
5,876,21900000,21900000,1569,2615,21925000,9479
5,877,21925000,21925000,1569,2615,21950000,9491
5,878,21950000,21950000,1569,2615,21975000,9501
5,879,21975000,21975000,1569,2615,22000000,9512
5,88,2200000,2200000,1569,2615,2225000,959
5,880,22000000,22000000,1569,2615,22025000,9524
5,881,22025000,22025000,1569,2615,22050000,9533
5,882,22050000,22050000,1569,2615,22075000,9543
5,883,22075000,22075000,1569,2615,22100000,9556
5,884,22100000,22100000,1569,2615,22125000,9567
5,885,22125000,22125000,1569,2615,22150000,9577
5,886,22150000,22150000,1569,2615,22175000,9587
5,887,22175000,22175000,1569,2615,22200000,9600
5,888,22200000,22200000,1569,2615,22225000,9608
5,889,22225000,22225000,1569,2615,22250000,9620
5,89,2225000,2225000,1569,2615,2250000,969
5,890,22250000,22250000,1569,2615,22275000,9631
5,891,22275000,22275000,1569,2615,22300000,9643
5,892,22300000,22300000,1569,2615,22325000,9653
5,893,22325000,22325000,1569,2615,22350000,9663
5,894,22350000,22350000,1569,2615,22375000,9674
5,895,22375000,22375000,1569,2615,22400000,9685
5,896,22400000,22400000,1569,2615,22425000,9696
5,897,22425000,22425000,1569,2615,22450000,9707
5,898,22450000,22450000,1569,2615,22475000,9718
5,899,22475000,22475000,1569,2615,22500000,9728
5,9,225000,225000,1569,2615,250000,104
5,90,2250000,2250000,1569,2615,2275000,978
5,900,22500000,22500000,1569,2615,22525000,9738
5,901,22525000,22525000,1569,2615,22550000,9751
5,902,22550000,22550000,1569,2615,22575000,9760
5,903,22575000,22575000,1569,2615,22600000,9772
5,904,22600000,22600000,1569,2615,22625000,9783
5,905,22625000,22625000,1569,2615,22650000,9794
5,906,22650000,22650000,1569,2615,22675000,9802
5,907,22675000,22675000,1569,2615,22700000,9816
5,908,22700000,22700000,1569,2615,22725000,9826
5,909,22725000,22725000,1569,2615,22750000,9836
5,91,2275000,2275000,1569,2615,2300000,992
5,910,22750000,22750000,1569,2615,22775000,9847
5,911,22775000,22775000,1569,2615,22800000,9859
5,912,22800000,22800000,1569,2615,22825000,9869
5,913,22825000,22825000,1569,2615,22850000,9879
5,914,22850000,22850000,1569,2615,22875000,9891
5,915,22875000,22875000,1569,2615,22900000,9902
5,916,22900000,22900000,1569,2615,22925000,9912
5,917,22925000,22925000,1569,2615,22950000,9922
5,918,22950000,22950000,1569,2615,22975000,9933
5,919,22975000,22975000,1569,2615,23000000,9946
5,92,2300000,2300000,1569,2615,2325000,1002
5,920,23000000,23000000,1569,2615,23025000,9955
5,921,23025000,23025000,1569,2615,23050000,9967
5,922,23050000,23050000,1569,2615,23075000,9977
5,923,23075000,23075000,1569,2615,23100000,9988
5,924,23100000,23100000,1569,2615,23125000,9998
5,925,23125000,23125000,1569,2615,23150000,10010
5,926,23150000,23150000,1569,2615,23175000,10020
5,927,23175000,23175000,1569,2615,23200000,10031
5,928,23200000,23200000,1569,2615,23225000,10043
5,929,23225000,23225000,1569,2615,23250000,10053
5,93,2325000,2325000,1569,2615,2350000,1013
5,930,23250000,23250000,1569,2615,23275000,10062
5,931,23275000,23275000,1569,2615,23300000,10075
5,932,23300000,23300000,1569,2615,23325000,10086
5,933,23325000,23325000,1569,2615,23350000,10096
5,934,23350000,23350000,1569,2615,23375000,10106
5,935,23375000,23375000,1569,2615,23400000,10118
5,936,23400000,23400000,1569,2615,23425000,10128
5,937,23425000,23425000,1569,2615,23450000,10139
5,938,23450000,23450000,1569,2615,23475000,10150
5,939,23475000,23475000,1569,2615,23500000,10162
5,94,2350000,2350000,1569,2615,2375000,1022
5,940,23500000,23500000,1569,2615,23525000,10172
5,941,23525000,23525000,1569,2615,23550000,10183
5,942,23550000,23550000,1569,2615,23575000,10192
5,943,23575000,23575000,1569,2615,23600000,10205
5,944,23600000,23600000,1569,2615,23625000,10214
5,945,23625000,23625000,1569,2615,23650000,10226
5,946,23650000,23650000,1569,2615,23675000,10237
5,947,23675000,23675000,1569,2615,23700000,10248
5,948,23700000,23700000,1569,2615,23725000,10258
5,949,23725000,23725000,1569,2615,23750000,10269
5,95,2375000,2375000,1569,2615,2400000,1035
5,950,23750000,23750000,1569,2615,23775000,10280
5,951,23775000,23775000,1569,2615,23800000,10290
5,952,23800000,23800000,1569,2615,23825000,10302
5,953,23825000,23825000,1569,2615,23850000,10312
5,954,23850000,23850000,1569,2615,23875000,10322
5,955,23875000,23875000,1569,2615,23900000,10335
5,956,23900000,23900000,1569,2615,23925000,10345
5,957,23925000,23925000,1569,2615,23950000,10356
5,958,23950000,23950000,1569,2615,23975000,10366
5,959,23975000,23975000,1569,2615,24000000,10378
5,96,2400000,2400000,1569,2615,2425000,1044
5,960,24000000,24000000,1569,2615,24025000,10387
5,961,24025000,24025000,1569,2615,24050000,10399
5,962,24050000,24050000,1569,2615,24075000,10409
5,963,24075000,24075000,1569,2615,24100000,10421
5,964,24100000,24100000,1569,2615,24125000,10432
5,965,24125000,24125000,1569,2615,24150000,10442
5,966,24150000,24150000,1569,2615,24175000,10452
5,967,24175000,24175000,1569,2615,24200000,10464
5,968,24200000,24200000,1569,2615,24225000,10475
5,969,24225000,24225000,1569,2615,24250000,10485
5,97,2425000,2425000,1569,2615,2450000,1055
5,970,24250000,24250000,1569,2615,24275000,10496
5,971,24275000,24275000,1569,2615,24300000,10507
5,972,24300000,24300000,1569,2615,24325000,10517
5,973,24325000,24325000,1569,2615,24350000,10529
5,974,24350000,24350000,1569,2615,24375000,10539
5,975,24375000,24375000,1569,2615,24400000,10552
5,976,24400000,24400000,1569,2615,24425000,10561
5,977,24425000,24425000,1569,2615,24450000,10572
5,978,24450000,24450000,1569,2615,24475000,10581
5,979,24475000,24475000,1569,2615,24500000,10594
5,98,2450000,2450000,1569,2615,2475000,1066
5,980,24500000,24500000,1569,2615,24525000,10604
5,981,24525000,24525000,1569,2615,24550000,10615
5,982,24550000,24550000,1569,2615,24575000,10627
5,983,24575000,24575000,1569,2615,24600000,10637
5,984,24600000,24600000,1569,2615,24625000,10647
5,985,24625000,24625000,1569,2615,24650000,10658
5,986,24650000,24650000,1569,2615,24675000,10669
5,987,24675000,24675000,1569,2615,24700000,10680
5,988,24700000,24700000,1569,2615,24725000,10691
5,989,24725000,24725000,1569,2615,24750000,10702
5,99,2475000,2475000,1569,2615,2500000,1078
5,990,24750000,24750000,1569,2615,24775000,10711
5,991,24775000,24775000,1569,2615,24800000,10724
5,992,24800000,24800000,1569,2615,24825000,10735
5,993,24825000,24825000,1569,2615,24850000,10745
5,994,24850000,24850000,1569,2615,24875000,10755
5,995,24875000,24875000,1569,2615,24900000,10767
5,996,24900000,24900000,1569,2615,24925000,10777
5,997,24925000,24925000,1569,2615,24950000,10788
5,998,24950000,24950000,1569,2615,24975000,10798
5,999,24975000,24975000,1569,2615,25000000,10811
6,0,0,0,3,4,30000,9
6,1,30000,30000,3,4,60000,22
6,10,300000,300000,3,4,330000,139
6,100,3000000,3000000,3,4,3030000,1307
6,1000,30000000,30000000,3,4,30030000,12986
6,1001,30030000,30030000,3,4,30060000,12998
6,1002,30060000,30060000,3,4,30090000,13010
6,1003,30090000,30090000,3,4,30120000,13024
6,1004,30120000,30120000,3,4,30150000,13038
6,1005,30150000,30150000,3,4,30180000,13052
6,1006,30180000,30180000,3,4,30210000,13064
6,1007,30210000,30210000,3,4,30240000,13075
6,1008,30240000,30240000,3,4,30270000,13088
6,1009,30270000,30270000,3,4,30300000,13104
6,101,3030000,3030000,3,4,3060000,1319
6,1010,30300000,30300000,3,4,30330000,13115
6,1011,30330000,30330000,3,4,30360000,13129
6,1012,30360000,30360000,3,4,30390000,13141
6,1013,30390000,30390000,3,4,30420000,13153
6,1014,30420000,30420000,3,4,30450000,13168
6,1015,30450000,30450000,3,4,30480000,13181
6,1016,30480000,30480000,3,4,30510000,13192
6,1017,30510000,30510000,3,4,30540000,13206
6,1018,30540000,30540000,3,4,30570000,13218
6,1019,30570000,30570000,3,4,30600000,13233
6,102,3060000,3060000,3,4,3090000,1332
6,1020,30600000,30600000,3,4,30630000,13246
6,1021,30630000,30630000,3,4,30660000,13258
6,1022,30660000,30660000,3,4,30690000,13270
6,1023,30690000,30690000,3,4,30720000,13283
6,1024,30720000,30720000,3,4,30750000,13298
6,1025,30750000,30750000,3,4,30780000,13311
6,1026,30780000,30780000,3,4,30810000,13323
6,1027,30810000,30810000,3,4,30840000,13336
6,1028,30840000,30840000,3,4,30870000,13347
6,1029,30870000,30870000,3,4,30900000,13363
6,103,3090000,3090000,3,4,3120000,1345
6,1030,30900000,30900000,3,4,30930000,13375
6,1031,30930000,30930000,3,4,30960000,13388
6,1032,30960000,30960000,3,4,30990000,13400
6,1033,30990000,30990000,3,4,31020000,13413
6,1034,31020000,31020000,3,4,31050000,13428
6,1035,31050000,31050000,3,4,31080000,13440
6,1036,31080000,31080000,3,4,31110000,13452
6,1037,31110000,31110000,3,4,31140000,13465
6,1038,31140000,31140000,3,4,31170000,13477
6,1039,31170000,31170000,3,4,31200000,13494
6,104,3120000,3120000,3,4,3150000,1359
6,1040,31200000,31200000,3,4,31230000,13505
6,1041,31230000,31230000,3,4,31260000,13518
6,1042,31260000,31260000,3,4,31290000,13530
6,1043,31290000,31290000,3,4,31320000,13542
6,1044,31320000,31320000,3,4,31350000,13557
6,1045,31350000,31350000,3,4,31380000,13571
6,1046,31380000,31380000,3,4,31410000,13582
6,1047,31410000,31410000,3,4,31440000,13595
6,1048,31440000,31440000,3,4,31470000,13608
6,1049,31470000,31470000,3,4,31500000,13622
6,105,3150000,3150000,3,4,3180000,1372
6,1050,31500000,31500000,3,4,31530000,13634
6,1051,31530000,31530000,3,4,31560000,13648
6,1052,31560000,31560000,3,4,31590000,13659
6,1053,31590000,31590000,3,4,31620000,13672
6,1054,31620000,31620000,3,4,31650000,13688
6,1055,31650000,31650000,3,4,31680000,13700
6,1056,31680000,31680000,3,4,31710000,13712
6,1057,31710000,31710000,3,4,31740000,13725
6,1058,31740000,31740000,3,4,31770000,13736
6,1059,31770000,31770000,3,4,31800000,13753
6,106,3180000,3180000,3,4,3210000,1384
6,1060,31800000,31800000,3,4,31830000,13765
6,1061,31830000,31830000,3,4,31860000,13777
6,1062,31860000,31860000,3,4,31890000,13790
6,1063,31890000,31890000,3,4,31920000,13802
6,1064,31920000,31920000,3,4,31950000,13816
6,1065,31950000,31950000,3,4,31980000,13830
6,1066,31980000,31980000,3,4,32010000,13842
6,1067,32010000,32010000,3,4,32040000,13854
6,1068,32040000,32040000,3,4,32070000,13867
6,1069,32070000,32070000,3,4,32100000,13883
6,107,3210000,3210000,3,4,3240000,1397
6,1070,32100000,32100000,3,4,32130000,13893
6,1071,32130000,32130000,3,4,32160000,13907
6,1072,32160000,32160000,3,4,32190000,13919
6,1073,32190000,32190000,3,4,32220000,13932
6,1074,32220000,32220000,3,4,32250000,13947
6,1075,32250000,32250000,3,4,32280000,13960
6,1076,32280000,32280000,3,4,32310000,13972
6,1077,32310000,32310000,3,4,32340000,13984
6,1078,32340000,32340000,3,4,32370000,13996
6,1079,32370000,32370000,3,4,32400000,14012
6,108,3240000,3240000,3,4,3270000,1409
6,1080,32400000,32400000,3,4,32430000,14024
6,1081,32430000,32430000,3,4,32460000,14037
6,1082,32460000,32460000,3,4,32490000,14049
6,1083,32490000,32490000,3,4,32520000,14062
6,1084,32520000,32520000,3,4,32550000,14076
6,1085,32550000,32550000,3,4,32580000,14089
6,1086,32580000,32580000,3,4,32610000,14101
6,1087,32610000,32610000,3,4,32640000,14114
6,1088,32640000,32640000,3,4,32670000,14126
6,1089,32670000,32670000,3,4,32700000,14142
6,109,3270000,3270000,3,4,3300000,1425
6,1090,32700000,32700000,3,4,32730000,14155
6,1091,32730000,32730000,3,4,32760000,14166
6,1092,32760000,32760000,3,4,32790000,14178
6,1093,32790000,32790000,3,4,32820000,14192
6,1094,32820000,32820000,3,4,32850000,14206
6,1095,32850000,32850000,3,4,32880000,14219
6,1096,32880000,32880000,3,4,32910000,14232
6,1097,32910000,32910000,3,4,32940000,14244
6,1098,32940000,32940000,3,4,32970000,14255
6,1099,32970000,32970000,3,4,33000000,14272
6,11,330000,330000,3,4,360000,152
6,110,3300000,3300000,3,4,3330000,1437
6,1100,33000000,33000000,3,4,33030000,14283
6,1101,33030000,33030000,3,4,33060000,14296
6,1102,33060000,33060000,3,4,33090000,14309
6,1103,33090000,33090000,3,4,33120000,14321
6,1104,33120000,33120000,3,4,33150000,14336
6,1105,33150000,33150000,3,4,33180000,14349
6,1106,33180000,33180000,3,4,33210000,14360
6,1107,33210000,33210000,3,4,33240000,14374
6,1108,33240000,33240000,3,4,33270000,14386
6,1109,33270000,33270000,3,4,33300000,14401
6,111,3330000,3330000,3,4,3360000,1449
6,1110,33300000,33300000,3,4,33330000,14414
6,1111,33330000,33330000,3,4,33360000,14427
6,1112,33360000,33360000,3,4,33390000,14437
6,1113,33390000,33390000,3,4,33420000,14451
6,1114,33420000,33420000,3,4,33450000,14466
6,1115,33450000,33450000,3,4,33480000,14478
6,1116,33480000,33480000,3,4,33510000,14491
6,1117,33510000,33510000,3,4,33540000,14504
6,1118,33540000,33540000,3,4,33570000,14515
6,1119,33570000,33570000,3,4,33600000,14531
6,112,3360000,3360000,3,4,3390000,1461
6,1120,33600000,33600000,3,4,33630000,14543
6,1121,33630000,33630000,3,4,33660000,14555
6,1122,33660000,33660000,3,4,33690000,14568
6,1123,33690000,33690000,3,4,33720000,14581
6,1124,33720000,33720000,3,4,33750000,14596
6,1125,33750000,33750000,3,4,33780000,14609
6,1126,33780000,33780000,3,4,33810000,14620
6,1127,33810000,33810000,3,4,33840000,14633
6,1128,33840000,33840000,3,4,33870000,14645
6,1129,33870000,33870000,3,4,33900000,14661
6,113,3390000,3390000,3,4,3420000,1474
6,1130,33900000,33900000,3,4,33930000,14673
6,1131,33930000,33930000,3,4,33960000,14686
6,1132,33960000,33960000,3,4,33990000,14698
6,1133,33990000,33990000,3,4,34020000,14710
6,1134,34020000,34020000,3,4,34050000,14725
6,1135,34050000,34050000,3,4,34080000,14738
6,1136,34080000,34080000,3,4,34110000,14750
6,1137,34110000,34110000,3,4,34140000,14763
6,1138,34140000,34140000,3,4,34170000,14775
6,1139,34170000,34170000,3,4,34200000,14791
6,114,3420000,3420000,3,4,3450000,1489
6,1140,34200000,34200000,3,4,34230000,14802
6,1141,34230000,34230000,3,4,34260000,14816
6,1142,34260000,34260000,3,4,34290000,14827
6,1143,34290000,34290000,3,4,34320000,14840
6,1144,34320000,34320000,3,4,34350000,14856
6,1145,34350000,34350000,3,4,34380000,14868
6,1146,34380000,34380000,3,4,34410000,14880
6,1147,34410000,34410000,3,4,34440000,14893
6,1148,34440000,34440000,3,4,34470000,14904
6,1149,34470000,34470000,3,4,34500000,14920
6,115,3450000,3450000,3,4,3480000,1502
6,1150,34500000,34500000,3,4,34530000,14933
6,1151,34530000,34530000,3,4,34560000,14945
6,1152,34560000,34560000,3,4,34590000,14957
6,1153,34590000,34590000,3,4,34620000,14971
6,1154,34620000,34620000,3,4,34650000,14984
6,1155,34650000,34650000,3,4,34680000,14997
6,1156,34680000,34680000,3,4,34710000,15010
6,1157,34710000,34710000,3,4,34740000,15022
6,1158,34740000,34740000,3,4,34770000,15035
6,1159,34770000,34770000,3,4,34800000,15051
6,116,3480000,3480000,3,4,3510000,1514
6,1160,34800000,34800000,3,4,34830000,15062
6,1161,34830000,34830000,3,4,34860000,15075
6,1162,34860000,34860000,3,4,34890000,15087
6,1163,34890000,34890000,3,4,34920000,15099
6,1164,34920000,34920000,3,4,34950000,15115
6,1165,34950000,34950000,3,4,34980000,15128
6,1166,34980000,34980000,3,4,35010000,15139
6,1167,35010000,35010000,3,4,35040000,15153
6,1168,35040000,35040000,3,4,35070000,15164
6,1169,35070000,35070000,3,4,35100000,15179
6,117,3510000,3510000,3,4,3540000,1527
6,1170,35100000,35100000,3,4,35130000,15192
6,1171,35130000,35130000,3,4,35160000,15205
6,1172,35160000,35160000,3,4,35190000,15216
6,1173,35190000,35190000,3,4,35220000,15230
6,1174,35220000,35220000,3,4,35250000,15245
6,1175,35250000,35250000,3,4,35280000,15257
6,1176,35280000,35280000,3,4,35310000,15269
6,1177,35310000,35310000,3,4,35340000,15282
6,1178,35340000,35340000,3,4,35370000,15294
6,1179,35370000,35370000,3,4,35400000,15310
6,118,3540000,3540000,3,4,3570000,1538
6,1180,35400000,35400000,3,4,35430000,15322
6,1181,35430000,35430000,3,4,35460000,15335
6,1182,35460000,35460000,3,4,35490000,15346
6,1183,35490000,35490000,3,4,35520000,15359
6,1184,35520000,35520000,3,4,35550000,15374
6,1185,35550000,35550000,3,4,35580000,15387
6,1186,35580000,35580000,3,4,35610000,15399
6,1187,35610000,35610000,3,4,35640000,15412
6,1188,35640000,35640000,3,4,35670000,15424
6,1189,35670000,35670000,3,4,35700000,15439
6,119,3570000,3570000,3,4,3600000,1554
6,1190,35700000,35700000,3,4,35730000,15451
6,1191,35730000,35730000,3,4,35760000,15464
6,1192,35760000,35760000,3,4,35790000,15477
6,1193,35790000,35790000,3,4,35820000,15489
6,1194,35820000,35820000,3,4,35850000,15504
6,1195,35850000,35850000,3,4,35880000,15518
6,1196,35880000,35880000,3,4,35910000,15528
6,1197,35910000,35910000,3,4,35940000,15541
6,1198,35940000,35940000,3,4,35970000,15554
6,1199,35970000,35970000,3,4,36000000,15569
6,12,360000,360000,3,4,390000,164
6,120,3600000,3600000,3,4,3630000,1566
6,1200,36000000,36000000,3,4,36030000,15581
6,1201,36030000,36030000,3,4,36060000,15595
6,1202,36060000,36060000,3,4,36090000,15606
6,1203,36090000,36090000,3,4,36120000,15618
6,1204,36120000,36120000,3,4,36150000,15634
6,1205,36150000,36150000,3,4,36180000,15646
6,1206,36180000,36180000,3,4,36210000,15658
6,1207,36210000,36210000,3,4,36240000,15672
6,1208,36240000,36240000,3,4,36270000,15683
6,1209,36270000,36270000,3,4,36300000,15700
6,121,3630000,3630000,3,4,3660000,1580
6,1210,36300000,36300000,3,4,36330000,15711
6,1211,36330000,36330000,3,4,36360000,15723
6,1212,36360000,36360000,3,4,36390000,15736
6,1213,36390000,36390000,3,4,36420000,15749
6,1214,36420000,36420000,3,4,36450000,15763
6,1215,36450000,36450000,3,4,36480000,15777
6,1216,36480000,36480000,3,4,36510000,15789
6,1217,36510000,36510000,3,4,36540000,15800
6,1218,36540000,36540000,3,4,36570000,15813
6,1219,36570000,36570000,3,4,36600000,15829
6,122,3660000,3660000,3,4,3690000,1591
6,1220,36600000,36600000,3,4,36630000,15840
6,1221,36630000,36630000,3,4,36660000,15854
6,1222,36660000,36660000,3,4,36690000,15866
6,1223,36690000,36690000,3,4,36720000,15878
6,1224,36720000,36720000,3,4,36750000,15893
6,1225,36750000,36750000,3,4,36780000,15906
6,1226,36780000,36780000,3,4,36810000,15918
6,1227,36810000,36810000,3,4,36840000,15931
6,1228,36840000,36840000,3,4,36870000,15943
6,1229,36870000,36870000,3,4,36900000,15959
6,123,3690000,3690000,3,4,3720000,1604
6,1230,36900000,36900000,3,4,36930000,15971
6,1231,36930000,36930000,3,4,36960000,15983
6,1232,36960000,36960000,3,4,36990000,15995
6,1233,36990000,36990000,3,4,37020000,16008
6,1234,37020000,37020000,3,4,37050000,16023
6,1235,37050000,37050000,3,4,37080000,16036
6,1236,37080000,37080000,3,4,37110000,16048
6,1237,37110000,37110000,3,4,37140000,16061
6,1238,37140000,37140000,3,4,37170000,16072
6,1239,37170000,37170000,3,4,37200000,16088
6,124,3720000,3720000,3,4,3750000,1620
6,1240,37200000,37200000,3,4,37230000,16100
6,1241,37230000,37230000,3,4,37260000,16113
6,1242,37260000,37260000,3,4,37290000,16125
6,1243,37290000,37290000,3,4,37320000,16139
6,1244,37320000,37320000,3,4,37350000,16153
6,1245,37350000,37350000,3,4,37380000,16165
6,1246,37380000,37380000,3,4,37410000,16178
6,1247,37410000,37410000,3,4,37440000,16190
6,1248,37440000,37440000,3,4,37470000,16202
6,1249,37470000,37470000,3,4,37500000,16219
6,125,3750000,3750000,3,4,3780000,1631
6,1250,37500000,37500000,3,4,37530000,16230
6,1251,37530000,37530000,3,4,37560000,16243
6,1252,37560000,37560000,3,4,37590000,16255
6,1253,37590000,37590000,3,4,37620000,16267
6,1254,37620000,37620000,3,4,37650000,16282
6,1255,37650000,37650000,3,4,37680000,16296
6,1256,37680000,37680000,3,4,37710000,16307
6,1257,37710000,37710000,3,4,37740000,16320
6,1258,37740000,37740000,3,4,37770000,16333
6,1259,37770000,37770000,3,4,37800000,16347
6,126,3780000,3780000,3,4,3810000,1643
6,1260,37800000,37800000,3,4,37830000,16360
6,1261,37830000,37830000,3,4,37860000,16373
6,1262,37860000,37860000,3,4,37890000,16384
6,1263,37890000,37890000,3,4,37920000,16398
6,1264,37920000,37920000,3,4,37950000,16413
6,1265,37950000,37950000,3,4,37980000,16425
6,1266,37980000,37980000,3,4,38010000,16437
6,1267,38010000,38010000,3,4,38040000,16450
6,1268,38040000,38040000,3,4,38070000,16461
6,1269,38070000,38070000,3,4,38100000,16478
6,127,3810000,3810000,3,4,3840000,1657
6,1270,38100000,38100000,3,4,38130000,16490
6,1271,38130000,38130000,3,4,38160000,16502
6,1272,38160000,38160000,3,4,38190000,16515
6,1273,38190000,38190000,3,4,38220000,16527
6,1274,38220000,38220000,3,4,38250000,16541
6,1275,38250000,38250000,3,4,38280000,16555
6,1276,38280000,38280000,3,4,38310000,16567
6,1277,38310000,38310000,3,4,38340000,16580
6,1278,38340000,38340000,3,4,38370000,16592
6,1279,38370000,38370000,3,4,38400000,16608
6,128,3840000,3840000,3,4,3870000,1668
6,1280,38400000,38400000,3,4,38430000,16619
6,1281,38430000,38430000,3,4,38460000,16632
6,1282,38460000,38460000,3,4,38490000,16644
6,1283,38490000,38490000,3,4,38520000,16657
6,1284,38520000,38520000,3,4,38550000,16672
6,1285,38550000,38550000,3,4,38580000,16685
6,1286,38580000,38580000,3,4,38610000,16697
6,1287,38610000,38610000,3,4,38640000,16709
6,1288,38640000,38640000,3,4,38670000,16721
6,1289,38670000,38670000,3,4,38700000,16737
6,129,3870000,3870000,3,4,3900000,1684
6,1290,38700000,38700000,3,4,38730000,16749
6,1291,38730000,38730000,3,4,38760000,16762
6,1292,38760000,38760000,3,4,38790000,16774
6,1293,38790000,38790000,3,4,38820000,16787
6,1294,38820000,38820000,3,4,38850000,16802
6,1295,38850000,38850000,3,4,38880000,16814
6,1296,38880000,38880000,3,4,38910000,16826
6,1297,38910000,38910000,3,4,38940000,16840
6,1298,38940000,38940000,3,4,38970000,16851
6,1299,38970000,38970000,3,4,39000000,16867
6,13,390000,390000,3,4,420000,176
6,130,3900000,3900000,3,4,3930000,1697
6,1300,39000000,39000000,3,4,39030000,16880
6,1301,39030000,39030000,3,4,39060000,16891
6,1302,39060000,39060000,3,4,39090000,16903
6,1303,39090000,39090000,3,4,39120000,16917
6,1304,39120000,39120000,3,4,39150000,16931
6,1305,39150000,39150000,3,4,39180000,16944
6,1306,39180000,39180000,3,4,39210000,16957
6,1307,39210000,39210000,3,4,39240000,16969
6,1308,39240000,39240000,3,4,39270000,16980
6,1309,39270000,39270000,3,4,39300000,16997
6,131,3930000,3930000,3,4,3960000,1709
6,1310,39300000,39300000,3,4,39330000,17008
6,1311,39330000,39330000,3,4,39360000,17022
6,1312,39360000,39360000,3,4,39390000,17034
6,1313,39390000,39390000,3,4,39420000,17046
6,1314,39420000,39420000,3,4,39450000,17062
6,1315,39450000,39450000,3,4,39480000,17074
6,1316,39480000,39480000,3,4,39510000,17085
6,1317,39510000,39510000,3,4,39540000,17099
6,1318,39540000,39540000,3,4,39570000,17111
6,1319,39570000,39570000,3,4,39600000,17126
6,132,3960000,3960000,3,4,3990000,1720
6,1320,39600000,39600000,3,4,39630000,17139
6,1321,39630000,39630000,3,4,39660000,17152
6,1322,39660000,39660000,3,4,39690000,17162
6,1323,39690000,39690000,3,4,39720000,17176
6,1324,39720000,39720000,3,4,39750000,17191
6,1325,39750000,39750000,3,4,39780000,17203
6,1326,39780000,39780000,3,4,39810000,17216
6,1327,39810000,39810000,3,4,39840000,17229
6,1328,39840000,39840000,3,4,39870000,17241
6,1329,39870000,39870000,3,4,39900000,17256
6,133,3990000,3990000,3,4,4020000,1734
6,1330,39900000,39900000,3,4,39930000,17268
6,1331,39930000,39930000,3,4,39960000,17281
6,1332,39960000,39960000,3,4,39990000,17293
6,1333,39990000,39990000,3,4,40020000,17306
6,1334,40020000,40020000,3,4,40050000,17321
6,1335,40050000,40050000,3,4,40080000,17334
6,1336,40080000,40080000,3,4,40110000,17345
6,1337,40110000,40110000,3,4,40140000,17358
6,1338,40140000,40140000,3,4,40170000,17370
6,1339,40170000,40170000,3,4,40200000,17386
6,134,4020000,4020000,3,4,4050000,1748
6,1340,40200000,40200000,3,4,40230000,17398
6,1341,40230000,40230000,3,4,40260000,17411
6,1342,40260000,40260000,3,4,40290000,17423
6,1343,40290000,40290000,3,4,40320000,17435
6,1344,40320000,40320000,3,4,40350000,17450
6,1345,40350000,40350000,3,4,40380000,17464
6,1346,40380000,40380000,3,4,40410000,17475
6,1347,40410000,40410000,3,4,40440000,17488
6,1348,40440000,40440000,3,4,40470000,17501
6,1349,40470000,40470000,3,4,40500000,17516
6,135,4050000,4050000,3,4,4080000,1761
6,1350,40500000,40500000,3,4,40530000,17527
6,1351,40530000,40530000,3,4,40560000,17541
6,1352,40560000,40560000,3,4,40590000,17552
6,1353,40590000,40590000,3,4,40620000,17565
6,1354,40620000,40620000,3,4,40650000,17581
6,1355,40650000,40650000,3,4,40680000,17593
6,1356,40680000,40680000,3,4,40710000,17605
6,1357,40710000,40710000,3,4,40740000,17618
6,1358,40740000,40740000,3,4,40770000,17629
6,1359,40770000,40770000,3,4,40800000,17645
6,136,4080000,4080000,3,4,4110000,1774
6,1360,40800000,40800000,3,4,40830000,17658
6,1361,40830000,40830000,3,4,40860000,17670
6,1362,40860000,40860000,3,4,40890000,17683
6,1363,40890000,40890000,3,4,40920000,17696
6,1364,40920000,40920000,3,4,40950000,17709
6,1365,40950000,40950000,3,4,40980000,17723
6,1366,40980000,40980000,3,4,41010000,17735
6,1367,41010000,41010000,3,4,41040000,17747
6,1368,41040000,41040000,3,4,41070000,17760
6,1369,41070000,41070000,3,4,41100000,17776
6,137,4110000,4110000,3,4,4140000,1786
6,1370,41100000,41100000,3,4,41130000,17787
6,1371,41130000,41130000,3,4,41160000,17800
6,1372,41160000,41160000,3,4,41190000,17812
6,1373,41190000,41190000,3,4,41220000,17824
6,1374,41220000,41220000,3,4,41250000,17840
6,1375,41250000,41250000,3,4,41280000,17853
6,1376,41280000,41280000,3,4,41310000,17864
6,1377,41310000,41310000,3,4,41340000,17878
6,1378,41340000,41340000,3,4,41370000,17889
6,1379,41370000,41370000,3,4,41400000,17905
6,138,4140000,4140000,3,4,4170000,1799
6,1380,41400000,41400000,3,4,41430000,17917
6,1381,41430000,41430000,3,4,41460000,17930
6,1382,41460000,41460000,3,4,41490000,17942
6,1383,41490000,41490000,3,4,41520000,17955
6,1384,41520000,41520000,3,4,41550000,17970
6,1385,41550000,41550000,3,4,41580000,17982
6,1386,41580000,41580000,3,4,41610000,17994
6,1387,41610000,41610000,3,4,41640000,18007
6,1388,41640000,41640000,3,4,41670000,18019
6,1389,41670000,41670000,3,4,41700000,18035
6,139,4170000,4170000,3,4,4200000,1814
6,1390,41700000,41700000,3,4,41730000,18047
6,1391,41730000,41730000,3,4,41760000,18060
6,1392,41760000,41760000,3,4,41790000,18071
6,1393,41790000,41790000,3,4,41820000,18084
6,1394,41820000,41820000,3,4,41850000,18099
6,1395,41850000,41850000,3,4,41880000,18112
6,1396,41880000,41880000,3,4,41910000,18125
6,1397,41910000,41910000,3,4,41940000,18137
6,1398,41940000,41940000,3,4,41970000,18149
6,1399,41970000,41970000,3,4,42000000,18165
6,14,420000,420000,3,4,450000,191
6,140,4200000,4200000,3,4,4230000,1825
6,1400,42000000,42000000,3,4,42030000,18176
6,1401,42030000,42030000,3,4,42060000,18189
6,1402,42060000,42060000,3,4,42090000,18202
6,1403,42090000,42090000,3,4,42120000,18214
6,1404,42120000,42120000,3,4,42150000,18229
6,1405,42150000,42150000,3,4,42180000,18243
6,1406,42180000,42180000,3,4,42210000,18253
6,1407,42210000,42210000,3,4,42240000,18266
6,1408,42240000,42240000,3,4,42270000,18279
6,1409,42270000,42270000,3,4,42300000,18294
6,141,4230000,4230000,3,4,4260000,1839
6,1410,42300000,42300000,3,4,42330000,18306
6,1411,42330000,42330000,3,4,42360000,18320
6,1412,42360000,42360000,3,4,42390000,18331
6,1413,42390000,42390000,3,4,42420000,18344
6,1414,42420000,42420000,3,4,42450000,18359
6,1415,42450000,42450000,3,4,42480000,18371
6,1416,42480000,42480000,3,4,42510000,18384
6,1417,42510000,42510000,3,4,42540000,18397
6,1418,42540000,42540000,3,4,42570000,18408
6,1419,42570000,42570000,3,4,42600000,18425
6,142,4260000,4260000,3,4,4290000,1851
6,1420,42600000,42600000,3,4,42630000,18436
6,1421,42630000,42630000,3,4,42660000,18448
6,1422,42660000,42660000,3,4,42690000,18461
6,1423,42690000,42690000,3,4,42720000,18474
6,1424,42720000,42720000,3,4,42750000,18488
6,1425,42750000,42750000,3,4,42780000,18502
6,1426,42780000,42780000,3,4,42810000,18514
6,1427,42810000,42810000,3,4,42840000,18525
6,1428,42840000,42840000,3,4,42870000,18538
6,1429,42870000,42870000,3,4,42900000,18554
6,143,4290000,4290000,3,4,4320000,1863
6,1430,42900000,42900000,3,4,42930000,18566
6,1431,42930000,42930000,3,4,42960000,18579
6,1432,42960000,42960000,3,4,42990000,18591
6,1433,42990000,42990000,3,4,43020000,18604
6,1434,43020000,43020000,3,4,43050000,18618
6,1435,43050000,43050000,3,4,43080000,18631
6,1436,43080000,43080000,3,4,43110000,18643
6,1437,43110000,43110000,3,4,43140000,18656
6,1438,43140000,43140000,3,4,43170000,18668
6,1439,43170000,43170000,3,4,43200000,18684
6,144,4320000,4320000,3,4,4350000,1879
6,1440,43200000,43200000,3,4,43230000,18696
6,1441,43230000,43230000,3,4,43260000,18708
6,1442,43260000,43260000,3,4,43290000,18720
6,1443,43290000,43290000,3,4,43320000,18733
6,1444,43320000,43320000,3,4,43350000,18748
6,1445,43350000,43350000,3,4,43380000,18761
6,1446,43380000,43380000,3,4,43410000,18773
6,1447,43410000,43410000,3,4,43440000,18787
6,1448,43440000,43440000,3,4,43470000,18797
6,1449,43470000,43470000,3,4,43500000,18813
6,145,4350000,4350000,3,4,4380000,1892
6,1450,43500000,43500000,3,4,43530000,18826
6,1451,43530000,43530000,3,4,43560000,18838
6,1452,43560000,43560000,3,4,43590000,18850
6,1453,43590000,43590000,3,4,43620000,18864
6,1454,43620000,43620000,3,4,43650000,18878
6,1455,43650000,43650000,3,4,43680000,18890
6,1456,43680000,43680000,3,4,43710000,18903
6,1457,43710000,43710000,3,4,43740000,18915
6,1458,43740000,43740000,3,4,43770000,18927
6,1459,43770000,43770000,3,4,43800000,18944
6,146,4380000,4380000,3,4,4410000,1902
6,1460,43800000,43800000,3,4,43830000,18955
6,1461,43830000,43830000,3,4,43860000,18968
6,1462,43860000,43860000,3,4,43890000,18980
6,1463,43890000,43890000,3,4,43920000,18992
6,1464,43920000,43920000,3,4,43950000,19008
6,1465,43950000,43950000,3,4,43980000,19021
6,1466,43980000,43980000,3,4,44010000,19032
6,1467,44010000,44010000,3,4,44040000,19046
6,1468,44040000,44040000,3,4,44070000,19058
6,1469,44070000,44070000,3,4,44100000,19072
6,147,4410000,4410000,3,4,4440000,1916
6,1470,44100000,44100000,3,4,44130000,19085
6,1471,44130000,44130000,3,4,44160000,19098
6,1472,44160000,44160000,3,4,44190000,19109
6,1473,44190000,44190000,3,4,44220000,19123
6,1474,44220000,44220000,3,4,44250000,19138
6,1475,44250000,44250000,3,4,44280000,19150
6,1476,44280000,44280000,3,4,44310000,19162
6,1477,44310000,44310000,3,4,44340000,19175
6,1478,44340000,44340000,3,4,44370000,19186
6,1479,44370000,44370000,3,4,44400000,19203
6,148,4440000,4440000,3,4,4470000,1928
6,1480,44400000,44400000,3,4,44430000,19215
6,1481,44430000,44430000,3,4,44460000,19228
6,1482,44460000,44460000,3,4,44490000,19240
6,1483,44490000,44490000,3,4,44520000,19252
6,1484,44520000,44520000,3,4,44550000,19267
6,1485,44550000,44550000,3,4,44580000,19280
6,1486,44580000,44580000,3,4,44610000,19292
6,1487,44610000,44610000,3,4,44640000,19305
6,1488,44640000,44640000,3,4,44670000,19317
6,1489,44670000,44670000,3,4,44700000,19333
6,149,4470000,4470000,3,4,4500000,1943
6,1490,44700000,44700000,3,4,44730000,19344
6,1491,44730000,44730000,3,4,44760000,19357
6,1492,44760000,44760000,3,4,44790000,19369
6,1493,44790000,44790000,3,4,44820000,19382
6,1494,44820000,44820000,3,4,44850000,19397
6,1495,44850000,44850000,3,4,44880000,19410
6,1496,44880000,44880000,3,4,44910000,19422
6,1497,44910000,44910000,3,4,44940000,19434
6,1498,44940000,44940000,3,4,44970000,19447
6,1499,44970000,44970000,3,4,45000000,19462
6,15,450000,450000,3,4,480000,204
6,150,4500000,4500000,3,4,4530000,1956
6,1500,45000000,45000000,3,4,45030000,19474
6,1501,45030000,45030000,3,4,45060000,19488
6,1502,45060000,45060000,3,4,45090000,19499
6,1503,45090000,45090000,3,4,45120000,19512
6,1504,45120000,45120000,3,4,45150000,19527
6,1505,45150000,45150000,3,4,45180000,19539
6,1506,45180000,45180000,3,4,45210000,19551
6,1507,45210000,45210000,3,4,45240000,19565
6,1508,45240000,45240000,3,4,45270000,19576
6,1509,45270000,45270000,3,4,45300000,19592
6,151,4530000,4530000,3,4,4560000,1969
6,1510,45300000,45300000,3,4,45330000,19605
6,1511,45330000,45330000,3,4,45360000,19616
6,1512,45360000,45360000,3,4,45390000,19628
6,1513,45390000,45390000,3,4,45420000,19642
6,1514,45420000,45420000,3,4,45450000,19656
6,1515,45450000,45450000,3,4,45480000,19670
6,1516,45480000,45480000,3,4,45510000,19682
6,1517,45510000,45510000,3,4,45540000,19694
6,1518,45540000,45540000,3,4,45570000,19706
6,1519,45570000,45570000,3,4,45600000,19722
6,152,4560000,4560000,3,4,4590000,1980
6,1520,45600000,45600000,3,4,45630000,19733
6,1521,45630000,45630000,3,4,45660000,19747
6,1522,45660000,45660000,3,4,45690000,19759
6,1523,45690000,45690000,3,4,45720000,19771
6,1524,45720000,45720000,3,4,45750000,19787
6,1525,45750000,45750000,3,4,45780000,19799
6,1526,45780000,45780000,3,4,45810000,19810
6,1527,45810000,45810000,3,4,45840000,19824
6,1528,45840000,45840000,3,4,45870000,19836
6,1529,45870000,45870000,3,4,45900000,19851
6,153,4590000,4590000,3,4,4620000,1993
6,1530,45900000,45900000,3,4,45930000,19864
6,1531,45930000,45930000,3,4,45960000,19877
6,1532,45960000,45960000,3,4,45990000,19888
6,1533,45990000,45990000,3,4,46020000,19901
6,1534,46020000,46020000,3,4,46050000,19916
6,1535,46050000,46050000,3,4,46080000,19929
6,1536,46080000,46080000,3,4,46110000,19941
6,1537,46110000,46110000,3,4,46140000,19954
6,1538,46140000,46140000,3,4,46170000,19966
6,1539,46170000,46170000,3,4,46200000,19981
6,154,4620000,4620000,3,4,4650000,2008
6,1540,46200000,46200000,3,4,46230000,19993
6,1541,46230000,46230000,3,4,46260000,20006
6,1542,46260000,46260000,3,4,46290000,20018
6,1543,46290000,46290000,3,4,46320000,20031
6,1544,46320000,46320000,3,4,46350000,20046
6,1545,46350000,46350000,3,4,46380000,20059
6,1546,46380000,46380000,3,4,46410000,20070
6,1547,46410000,46410000,3,4,46440000,20083
6,1548,46440000,46440000,3,4,46470000,20095
6,1549,46470000,46470000,3,4,46500000,20112
6,155,4650000,4650000,3,4,4680000,2021
6,1550,46500000,46500000,3,4,46530000,20123
6,1551,46530000,46530000,3,4,46560000,20136
6,1552,46560000,46560000,3,4,46590000,20149
6,1553,46590000,46590000,3,4,46620000,20160
6,1554,46620000,46620000,3,4,46650000,20175
6,1555,46650000,46650000,3,4,46680000,20189
6,1556,46680000,46680000,3,4,46710000,20200
6,1557,46710000,46710000,3,4,46740000,20213
6,1558,46740000,46740000,3,4,46770000,20226
6,1559,46770000,46770000,3,4,46800000,20241
6,156,4680000,4680000,3,4,4710000,2033
6,1560,46800000,46800000,3,4,46830000,20252
6,1561,46830000,46830000,3,4,46860000,20266
6,1562,46860000,46860000,3,4,46890000,20277
6,1563,46890000,46890000,3,4,46920000,20290
6,1564,46920000,46920000,3,4,46950000,20306
6,1565,46950000,46950000,3,4,46980000,20318
6,1566,46980000,46980000,3,4,47010000,20331
6,1567,47010000,47010000,3,4,47040000,20343
6,1568,47040000,47040000,3,4,47070000,20354
6,1569,47070000,47070000,3,4,47100000,20371
6,157,4710000,4710000,3,4,4740000,2046
6,1570,47100000,47100000,3,4,47130000,20383
6,1571,47130000,47130000,3,4,47160000,20395
6,1572,47160000,47160000,3,4,47190000,20408
6,1573,47190000,47190000,3,4,47220000,20421
6,1574,47220000,47220000,3,4,47250000,20434
6,1575,47250000,47250000,3,4,47280000,20448
6,1576,47280000,47280000,3,4,47310000,20460
6,1577,47310000,47310000,3,4,47340000,20472
6,1578,47340000,47340000,3,4,47370000,20485
6,1579,47370000,47370000,3,4,47400000,20501
6,158,4740000,4740000,3,4,4770000,2058
6,1580,47400000,47400000,3,4,47430000,20512
6,1581,47430000,47430000,3,4,47460000,20525
6,1582,47460000,47460000,3,4,47490000,20537
6,1583,47490000,47490000,3,4,47520000,20550
6,1584,47520000,47520000,3,4,47550000,20565
6,1585,47550000,47550000,3,4,47580000,20578
6,1586,47580000,47580000,3,4,47610000,20590
6,1587,47610000,47610000,3,4,47640000,20603
6,1588,47640000,47640000,3,4,47670000,20614
6,1589,47670000,47670000,3,4,47700000,20630
6,159,4770000,4770000,3,4,4800000,2074
6,1590,47700000,47700000,3,4,47730000,20642
6,1591,47730000,47730000,3,4,47760000,20655
6,1592,47760000,47760000,3,4,47790000,20667
6,1593,47790000,47790000,3,4,47820000,20680
6,1594,47820000,47820000,3,4,47850000,20695
6,1595,47850000,47850000,3,4,47880000,20707
6,1596,47880000,47880000,3,4,47910000,20719
6,1597,47910000,47910000,3,4,47940000,20732
6,1598,47940000,47940000,3,4,47970000,20744
6,1599,47970000,47970000,3,4,48000000,20760
6,16,480000,480000,3,4,510000,216
6,160,4800000,4800000,3,4,4830000,2085
6,1600,48000000,48000000,3,4,48030000,20773
6,1601,48030000,48030000,3,4,48060000,20785
6,1602,48060000,48060000,3,4,48090000,20796
6,1603,48090000,48090000,3,4,48120000,20810
6,1604,48120000,48120000,3,4,48150000,20824
6,1605,48150000,48150000,3,4,48180000,20837
6,1606,48180000,48180000,3,4,48210000,20850
6,1607,48210000,48210000,3,4,48240000,20862
6,1608,48240000,48240000,3,4,48270000,20874
6,1609,48270000,48270000,3,4,48300000,20890
6,161,4830000,4830000,3,4,4860000,2098
6,1610,48300000,48300000,3,4,48330000,20901
6,1611,48330000,48330000,3,4,48360000,20914
6,1612,48360000,48360000,3,4,48390000,20927
6,1613,48390000,48390000,3,4,48420000,20939
6,1614,48420000,48420000,3,4,48450000,20954
6,1615,48450000,48450000,3,4,48480000,20968
6,1616,48480000,48480000,3,4,48510000,20978
6,1617,48510000,48510000,3,4,48540000,20992
6,1618,48540000,48540000,3,4,48570000,21004
6,1619,48570000,48570000,3,4,48600000,21019
6,162,4860000,4860000,3,4,4890000,2110
6,1620,48600000,48600000,3,4,48630000,21032
6,1621,48630000,48630000,3,4,48660000,21045
6,1622,48660000,48660000,3,4,48690000,21056
6,1623,48690000,48690000,3,4,48720000,21069
6,1624,48720000,48720000,3,4,48750000,21084
6,1625,48750000,48750000,3,4,48780000,21096
6,1626,48780000,48780000,3,4,48810000,21109
6,1627,48810000,48810000,3,4,48840000,21122
6,1628,48840000,48840000,3,4,48870000,21133
6,1629,48870000,48870000,3,4,48900000,21150
6,163,4890000,4890000,3,4,4920000,2123
6,1630,48900000,48900000,3,4,48930000,21161
6,1631,48930000,48930000,3,4,48960000,21173
6,1632,48960000,48960000,3,4,48990000,21186
6,1633,48990000,48990000,3,4,49020000,21199
6,1634,49020000,49020000,3,4,49050000,21214
6,1635,49050000,49050000,3,4,49080000,21227
6,1636,49080000,49080000,3,4,49110000,21239
6,1637,49110000,49110000,3,4,49140000,21251
6,1638,49140000,49140000,3,4,49170000,21263
6,1639,49170000,49170000,3,4,49200000,21279
6,164,4920000,4920000,3,4,4950000,2138
6,1640,49200000,49200000,3,4,49230000,21291
6,1641,49230000,49230000,3,4,49260000,21304
6,1642,49260000,49260000,3,4,49290000,21316
6,1643,49290000,49290000,3,4,49320000,21329
6,1644,49320000,49320000,3,4,49350000,21343
6,1645,49350000,49350000,3,4,49380000,21356
6,1646,49380000,49380000,3,4,49410000,21368
6,1647,49410000,49410000,3,4,49440000,21381
6,1648,49440000,49440000,3,4,49470000,21393
6,1649,49470000,49470000,3,4,49500000,21409
6,165,4950000,4950000,3,4,4980000,2151
6,1650,49500000,49500000,3,4,49530000,21421
6,1651,49530000,49530000,3,4,49560000,21434
6,1652,49560000,49560000,3,4,49590000,21445
6,1653,49590000,49590000,3,4,49620000,21458
6,1654,49620000,49620000,3,4,49650000,21474
6,1655,49650000,49650000,3,4,49680000,21486
6,1656,49680000,49680000,3,4,49710000,21498
6,1657,49710000,49710000,3,4,49740000,21512
6,1658,49740000,49740000,3,4,49770000,21522
6,1659,49770000,49770000,3,4,49800000,21538
6,166,4980000,4980000,3,4,5010000,2163
6,1660,49800000,49800000,3,4,49830000,21551
6,1661,49830000,49830000,3,4,49860000,21563
6,1662,49860000,49860000,3,4,49890000,21575
6,1663,49890000,49890000,3,4,49920000,21589
6,1664,49920000,49920000,3,4,49950000,21603
6,1665,49950000,49950000,3,4,49980000,21615
6,1666,49980000,49980000,3,4,50010000,21628
6,1667,50010000,50010000,3,4,50040000,21640
6,1668,50040000,50040000,3,4,50070000,21653
6,1669,50070000,50070000,3,4,50100000,21669
6,167,5010000,5010000,3,4,5040000,2175
6,1670,50100000,50100000,3,4,50130000,21680
6,1671,50130000,50130000,3,4,50160000,21694
6,1672,50160000,50160000,3,4,50190000,21705
6,1673,50190000,50190000,3,4,50220000,21717
6,1674,50220000,50220000,3,4,50250000,21733
6,1675,50250000,50250000,3,4,50280000,21746
6,1676,50280000,50280000,3,4,50310000,21757
6,1677,50310000,50310000,3,4,50340000,21771
6,1678,50340000,50340000,3,4,50370000,21783
6,1679,50370000,50370000,3,4,50400000,21797
6,168,5040000,5040000,3,4,5070000,2187
6,1680,50400000,50400000,3,4,50430000,21810
6,1681,50430000,50430000,3,4,50460000,21823
6,1682,50460000,50460000,3,4,50490000,21834
6,1683,50490000,50490000,3,4,50520000,21848
6,1684,50520000,50520000,3,4,50550000,21863
6,1685,50550000,50550000,3,4,50580000,21876
6,1686,50580000,50580000,3,4,50610000,21887
6,1687,50610000,50610000,3,4,50640000,21900
6,1688,50640000,50640000,3,4,50670000,21912
6,1689,50670000,50670000,3,4,50700000,21928
6,169,5070000,5070000,3,4,5100000,2203
6,1690,50700000,50700000,3,4,50730000,21940
6,1691,50730000,50730000,3,4,50760000,21953
6,1692,50760000,50760000,3,4,50790000,21965
6,1693,50790000,50790000,3,4,50820000,21977
6,1694,50820000,50820000,3,4,50850000,21992
6,1695,50850000,50850000,3,4,50880000,22005
6,1696,50880000,50880000,3,4,50910000,22017
6,1697,50910000,50910000,3,4,50940000,22030
6,1698,50940000,50940000,3,4,50970000,22042
6,1699,50970000,50970000,3,4,51000000,22058
6,17,510000,510000,3,4,540000,229
6,170,5100000,5100000,3,4,5130000,2215
6,1700,51000000,51000000,3,4,51030000,22069
6,1701,51030000,51030000,3,4,51060000,22082
6,1702,51060000,51060000,3,4,51090000,22095
6,1703,51090000,51090000,3,4,51120000,22107
6,1704,51120000,51120000,3,4,51150000,22122
6,1705,51150000,51150000,3,4,51180000,22136
6,1706,51180000,51180000,3,4,51210000,22147
6,1707,51210000,51210000,3,4,51240000,22159
6,1708,51240000,51240000,3,4,51270000,22172
6,1709,51270000,51270000,3,4,51300000,22187
6,171,5130000,5130000,3,4,5160000,2228
6,1710,51300000,51300000,3,4,51330000,22199
6,1711,51330000,51330000,3,4,51360000,22213
6,1712,51360000,51360000,3,4,51390000,22224
6,1713,51390000,51390000,3,4,51420000,22237
6,1714,51420000,51420000,3,4,51450000,22252
6,1715,51450000,51450000,3,4,51480000,22264
6,1716,51480000,51480000,3,4,51510000,22276
6,1717,51510000,51510000,3,4,51540000,22290
6,1718,51540000,51540000,3,4,51570000,22301
6,1719,51570000,51570000,3,4,51600000,22318
6,172,5160000,5160000,3,4,5190000,2241
6,1720,51600000,51600000,3,4,51630000,22330
6,1721,51630000,51630000,3,4,51660000,22341
6,1722,51660000,51660000,3,4,51690000,22354
6,1723,51690000,51690000,3,4,51720000,22367
6,1724,51720000,51720000,3,4,51750000,22381
6,1725,51750000,51750000,3,4,51780000,22395
6,1726,51780000,51780000,3,4,51810000,22407
6,1727,51810000,51810000,3,4,51840000,22419
6,1728,51840000,51840000,3,4,51870000,22431
6,1729,51870000,51870000,3,4,51900000,22447
6,173,5190000,5190000,3,4,5220000,2253
6,1730,51900000,51900000,3,4,51930000,22458
6,1731,51930000,51930000,3,4,51960000,22472
6,1732,51960000,51960000,3,4,51990000,22484
6,1733,51990000,51990000,3,4,52020000,22496
6,1734,52020000,52020000,3,4,52050000,22512
6,1735,52050000,52050000,3,4,52080000,22524
6,1736,52080000,52080000,3,4,52110000,22536
6,1737,52110000,52110000,3,4,52140000,22549
6,1738,52140000,52140000,3,4,52170000,22561
6,1739,52170000,52170000,3,4,52200000,22577
6,174,5220000,5220000,3,4,5250000,2267
6,1740,52200000,52200000,3,4,52230000,22589
6,1741,52230000,52230000,3,4,52260000,22602
6,1742,52260000,52260000,3,4,52290000,22613
6,1743,52290000,52290000,3,4,52320000,22626
6,1744,52320000,52320000,3,4,52350000,22641
6,1745,52350000,52350000,3,4,52380000,22654
6,1746,52380000,52380000,3,4,52410000,22666
6,1747,52410000,52410000,3,4,52440000,22679
6,1748,52440000,52440000,3,4,52470000,22691
6,1749,52470000,52470000,3,4,52500000,22706
6,175,5250000,5250000,3,4,5280000,2281
6,1750,52500000,52500000,3,4,52530000,22718
6,1751,52530000,52530000,3,4,52560000,22731
6,1752,52560000,52560000,3,4,52590000,22743
6,1753,52590000,52590000,3,4,52620000,22757
6,1754,52620000,52620000,3,4,52650000,22771
6,1755,52650000,52650000,3,4,52680000,22784
6,1756,52680000,52680000,3,4,52710000,22796
6,1757,52710000,52710000,3,4,52740000,22808
6,1758,52740000,52740000,3,4,52770000,22820
6,1759,52770000,52770000,3,4,52800000,22837
6,176,5280000,5280000,3,4,5310000,2292
6,1760,52800000,52800000,3,4,52830000,22848
6,1761,52830000,52830000,3,4,52860000,22861
6,1762,52860000,52860000,3,4,52890000,22874
6,1763,52890000,52890000,3,4,52920000,22885
6,1764,52920000,52920000,3,4,52950000,22900
6,1765,52950000,52950000,3,4,52980000,22914
6,1766,52980000,52980000,3,4,53010000,22925
6,1767,53010000,53010000,3,4,53040000,22938
6,1768,53040000,53040000,3,4,53070000,22951
6,1769,53070000,53070000,3,4,53100000,22966
6,177,5310000,5310000,3,4,5340000,2305
6,1770,53100000,53100000,3,4,53130000,22978
6,1771,53130000,53130000,3,4,53160000,22991
6,1772,53160000,53160000,3,4,53190000,23002
6,1773,53190000,53190000,3,4,53220000,23016
6,1774,53220000,53220000,3,4,53250000,23031
6,1775,53250000,53250000,3,4,53280000,23043
6,1776,53280000,53280000,3,4,53310000,23056
6,1777,53310000,53310000,3,4,53340000,23068
6,1778,53340000,53340000,3,4,53370000,23079
6,1779,53370000,53370000,3,4,53400000,23096
6,178,5340000,5340000,3,4,5370000,2318
6,1780,53400000,53400000,3,4,53430000,23108
6,1781,53430000,53430000,3,4,53460000,23120
6,1782,53460000,53460000,3,4,53490000,23133
6,1783,53490000,53490000,3,4,53520000,23146
6,1784,53520000,53520000,3,4,53550000,23159
6,1785,53550000,53550000,3,4,53580000,23173
6,1786,53580000,53580000,3,4,53610000,23185
6,1787,53610000,53610000,3,4,53640000,23198
6,1788,53640000,53640000,3,4,53670000,23210
6,1789,53670000,53670000,3,4,53700000,23226
6,179,5370000,5370000,3,4,5400000,2333
6,1790,53700000,53700000,3,4,53730000,23238
6,1791,53730000,53730000,3,4,53760000,23250
6,1792,53760000,53760000,3,4,53790000,23262
6,1793,53790000,53790000,3,4,53820000,23275
6,1794,53820000,53820000,3,4,53850000,23290
6,1795,53850000,53850000,3,4,53880000,23303
6,1796,53880000,53880000,3,4,53910000,23315
6,1797,53910000,53910000,3,4,53940000,23328
6,1798,53940000,53940000,3,4,53970000,23339
6,1799,53970000,53970000,3,4,54000000,23355
6,18,540000,540000,3,4,570000,241
6,180,5400000,5400000,3,4,5430000,2345
6,1800,54000000,54000000,3,4,54030000,23367
6,1801,54030000,54030000,3,4,54060000,23380
6,1802,54060000,54060000,3,4,54090000,23392
6,1803,54090000,54090000,3,4,54120000,23405
6,1804,54120000,54120000,3,4,54150000,23421
6,1805,54150000,54150000,3,4,54180000,23432
6,1806,54180000,54180000,3,4,54210000,23444
6,1807,54210000,54210000,3,4,54240000,23458
6,1808,54240000,54240000,3,4,54270000,23469
6,1809,54270000,54270000,3,4,54300000,23485
6,181,5430000,5430000,3,4,5460000,2358
6,1810,54300000,54300000,3,4,54330000,23498
6,1811,54330000,54330000,3,4,54360000,23510
6,1812,54360000,54360000,3,4,54390000,23521
6,1813,54390000,54390000,3,4,54420000,23535
6,1814,54420000,54420000,3,4,54450000,23549
6,1815,54450000,54450000,3,4,54480000,23562
6,1816,54480000,54480000,3,4,54510000,23575
6,1817,54510000,54510000,3,4,54540000,23587
6,1818,54540000,54540000,3,4,54570000,23599
6,1819,54570000,54570000,3,4,54600000,23615
6,182,5460000,5460000,3,4,5490000,2369
6,1820,54600000,54600000,3,4,54630000,23626
6,1821,54630000,54630000,3,4,54660000,23640
6,1822,54660000,54660000,3,4,54690000,23652
6,1823,54690000,54690000,3,4,54720000,23664
6,1824,54720000,54720000,3,4,54750000,23680
6,1825,54750000,54750000,3,4,54780000,23693
6,1826,54780000,54780000,3,4,54810000,23703
6,1827,54810000,54810000,3,4,54840000,23717
6,1828,54840000,54840000,3,4,54870000,23729
6,1829,54870000,54870000,3,4,54900000,23744
6,183,5490000,5490000,3,4,5520000,2382
6,1830,54900000,54900000,3,4,54930000,23757
6,1831,54930000,54930000,3,4,54960000,23770
6,1832,54960000,54960000,3,4,54990000,23781
6,1833,54990000,54990000,3,4,55020000,23794
6,1834,55020000,55020000,3,4,55050000,23809
6,1835,55050000,55050000,3,4,55080000,23821
6,1836,55080000,55080000,3,4,55110000,23834
6,1837,55110000,55110000,3,4,55140000,23847
6,1838,55140000,55140000,3,4,55170000,23859
6,1839,55170000,55170000,3,4,55200000,23875
6,184,5520000,5520000,3,4,5550000,2398
6,1840,55200000,55200000,3,4,55230000,23886
6,1841,55230000,55230000,3,4,55260000,23899
6,1842,55260000,55260000,3,4,55290000,23911
6,1843,55290000,55290000,3,4,55320000,23924
6,1844,55320000,55320000,3,4,55350000,23939
6,1845,55350000,55350000,3,4,55380000,23952
6,1846,55380000,55380000,3,4,55410000,23964
6,1847,55410000,55410000,3,4,55440000,23976
6,1848,55440000,55440000,3,4,55470000,23988
6,1849,55470000,55470000,3,4,55500000,24004
6,185,5550000,5550000,3,4,5580000,2410
6,1850,55500000,55500000,3,4,55530000,24016
6,1851,55530000,55530000,3,4,55560000,24029
6,1852,55560000,55560000,3,4,55590000,24041
6,1853,55590000,55590000,3,4,55620000,24054
6,1854,55620000,55620000,3,4,55650000,24068
6,1855,55650000,55650000,3,4,55680000,24082
6,1856,55680000,55680000,3,4,55710000,24093
6,1857,55710000,55710000,3,4,55740000,24106
6,1858,55740000,55740000,3,4,55770000,24119
6,1859,55770000,55770000,3,4,55800000,24134
6,186,5580000,5580000,3,4,5610000,2422
6,1860,55800000,55800000,3,4,55830000,24146
6,1861,55830000,55830000,3,4,55860000,24159
6,1862,55860000,55860000,3,4,55890000,24170
6,1863,55890000,55890000,3,4,55920000,24183
6,1864,55920000,55920000,3,4,55950000,24199
6,1865,55950000,55950000,3,4,55980000,24211
6,1866,55980000,55980000,3,4,56010000,24223
6,1867,56010000,56010000,3,4,56040000,24237
6,1868,56040000,56040000,3,4,56070000,24247
6,1869,56070000,56070000,3,4,56100000,24263
6,187,5610000,5610000,3,4,5640000,2436
6,1870,56100000,56100000,3,4,56130000,24276
6,1871,56130000,56130000,3,4,56160000,24288
6,1872,56160000,56160000,3,4,56190000,24301
6,1873,56190000,56190000,3,4,56220000,24314
6,1874,56220000,56220000,3,4,56250000,24328
6,1875,56250000,56250000,3,4,56280000,24341
6,1876,56280000,56280000,3,4,56310000,24353
6,1877,56310000,56310000,3,4,56340000,24365
6,1878,56340000,56340000,3,4,56370000,24378
6,1879,56370000,56370000,3,4,56400000,24394
6,188,5640000,5640000,3,4,5670000,2446
6,1880,56400000,56400000,3,4,56430000,24405
6,1881,56430000,56430000,3,4,56460000,24419
6,1882,56460000,56460000,3,4,56490000,24430
6,1883,56490000,56490000,3,4,56520000,24442
6,1884,56520000,56520000,3,4,56550000,24458
6,1885,56550000,56550000,3,4,56580000,24471
6,1886,56580000,56580000,3,4,56610000,24482
6,1887,56610000,56610000,3,4,56640000,24496
6,1888,56640000,56640000,3,4,56670000,24508
6,1889,56670000,56670000,3,4,56700000,24523
6,189,5670000,5670000,3,4,5700000,2463
6,1890,56700000,56700000,3,4,56730000,24535
6,1891,56730000,56730000,3,4,56760000,24548
6,1892,56760000,56760000,3,4,56790000,24560
6,1893,56790000,56790000,3,4,56820000,24573
6,1894,56820000,56820000,3,4,56850000,24588
6,1895,56850000,56850000,3,4,56880000,24601
6,1896,56880000,56880000,3,4,56910000,24612
6,1897,56910000,56910000,3,4,56940000,24625
6,1898,56940000,56940000,3,4,56970000,24637
6,1899,56970000,56970000,3,4,57000000,24653
6,19,570000,570000,3,4,600000,258
6,190,5700000,5700000,3,4,5730000,2475
6,1900,57000000,57000000,3,4,57030000,24665
6,1901,57030000,57030000,3,4,57060000,24678
6,1902,57060000,57060000,3,4,57090000,24690
6,1903,57090000,57090000,3,4,57120000,24702
6,1904,57120000,57120000,3,4,57150000,24717
6,1905,57150000,57150000,3,4,57180000,24730
6,1906,57180000,57180000,3,4,57210000,24743
6,1907,57210000,57210000,3,4,57240000,24755
6,1908,57240000,57240000,3,4,57270000,24767
6,1909,57270000,57270000,3,4,57300000,24784
6,191,5730000,5730000,3,4,5760000,2487
6,1910,57300000,57300000,3,4,57330000,24794
6,1911,57330000,57330000,3,4,57360000,24807
6,1912,57360000,57360000,3,4,57390000,24820
6,1913,57390000,57390000,3,4,57420000,24832
6,1914,57420000,57420000,3,4,57450000,24847
6,1915,57450000,57450000,3,4,57480000,24861
6,1916,57480000,57480000,3,4,57510000,24872
6,1917,57510000,57510000,3,4,57540000,24884
6,1918,57540000,57540000,3,4,57570000,24897
6,1919,57570000,57570000,3,4,57600000,24912
6,192,5760000,5760000,3,4,5790000,2500
6,1920,57600000,57600000,3,4,57630000,24924
6,1921,57630000,57630000,3,4,57660000,24938
6,1922,57660000,57660000,3,4,57690000,24949
6,1923,57690000,57690000,3,4,57720000,24963
6,1924,57720000,57720000,3,4,57750000,24977
6,1925,57750000,57750000,3,4,57780000,24989
6,1926,57780000,57780000,3,4,57810000,25002
6,1927,57810000,57810000,3,4,57840000,25015
6,1928,57840000,57840000,3,4,57870000,25026
6,1929,57870000,57870000,3,4,57900000,25043
6,193,5790000,5790000,3,4,5820000,2513
6,1930,57900000,57900000,3,4,57930000,25055
6,1931,57930000,57930000,3,4,57960000,25066
6,1932,57960000,57960000,3,4,57990000,25079
6,1933,57990000,57990000,3,4,58020000,25092
6,1934,58020000,58020000,3,4,58050000,25106
6,1935,58050000,58050000,3,4,58080000,25120
6,1936,58080000,58080000,3,4,58110000,25132
6,1937,58110000,58110000,3,4,58140000,25144
6,1938,58140000,58140000,3,4,58170000,25156
6,1939,58170000,58170000,3,4,58200000,25172
6,194,5820000,5820000,3,4,5850000,2527
6,1940,58200000,58200000,3,4,58230000,25184
6,1941,58230000,58230000,3,4,58260000,25197
6,1942,58260000,58260000,3,4,58290000,25209
6,1943,58290000,58290000,3,4,58320000,25222
6,1944,58320000,58320000,3,4,58350000,25237
6,1945,58350000,58350000,3,4,58380000,25249
6,1946,58380000,58380000,3,4,58410000,25261
6,1947,58410000,58410000,3,4,58440000,25274
6,1948,58440000,58440000,3,4,58470000,25286
6,1949,58470000,58470000,3,4,58500000,25302
6,195,5850000,5850000,3,4,5880000,2540
6,1950,58500000,58500000,3,4,58530000,25314
6,1951,58530000,58530000,3,4,58560000,25327
6,1952,58560000,58560000,3,4,58590000,25338
6,1953,58590000,58590000,3,4,58620000,25351
6,1954,58620000,58620000,3,4,58650000,25366
6,1955,58650000,58650000,3,4,58680000,25379
6,1956,58680000,58680000,3,4,58710000,25391
6,1957,58710000,58710000,3,4,58740000,25405
6,1958,58740000,58740000,3,4,58770000,25416
6,1959,58770000,58770000,3,4,58800000,25431
6,196,5880000,5880000,3,4,5910000,2552
6,1960,58800000,58800000,3,4,58830000,25444
6,1961,58830000,58830000,3,4,58860000,25456
6,1962,58860000,58860000,3,4,58890000,25468
6,1963,58890000,58890000,3,4,58920000,25482
6,1964,58920000,58920000,3,4,58950000,25496
6,1965,58950000,58950000,3,4,58980000,25509
6,1966,58980000,58980000,3,4,59010000,25521
6,1967,59010000,59010000,3,4,59040000,25533
6,1968,59040000,59040000,3,4,59070000,25545
6,1969,59070000,59070000,3,4,59100000,25562
6,197,5910000,5910000,3,4,5940000,2564
6,1970,59100000,59100000,3,4,59130000,25573
6,1971,59130000,59130000,3,4,59160000,25586
6,1972,59160000,59160000,3,4,59190000,25599
6,1973,59190000,59190000,3,4,59220000,25610
6,1974,59220000,59220000,3,4,59250000,25626
6,1975,59250000,59250000,3,4,59280000,25639
6,1976,59280000,59280000,3,4,59310000,25650
6,1977,59310000,59310000,3,4,59340000,25664
6,1978,59340000,59340000,3,4,59370000,25676
6,1979,59370000,59370000,3,4,59400000,25691
6,198,5940000,5940000,3,4,5970000,2577
6,1980,59400000,59400000,3,4,59430000,25703
6,1981,59430000,59430000,3,4,59460000,25716
6,1982,59460000,59460000,3,4,59490000,25727
6,1983,59490000,59490000,3,4,59520000,25741
6,1984,59520000,59520000,3,4,59550000,25756
6,1985,59550000,59550000,3,4,59580000,25768
6,1986,59580000,59580000,3,4,59610000,25781
6,1987,59610000,59610000,3,4,59640000,25793
6,1988,59640000,59640000,3,4,59670000,25804
6,1989,59670000,59670000,3,4,59700000,25821
6,199,5970000,5970000,3,4,6000000,2593
6,1990,59700000,59700000,3,4,59730000,25833
6,1991,59730000,59730000,3,4,59760000,25846
6,1992,59760000,59760000,3,4,59790000,25858
6,1993,59790000,59790000,3,4,59820000,25871
6,1994,59820000,59820000,3,4,59850000,25885
6,1995,59850000,59850000,3,4,59880000,25898
6,1996,59880000,59880000,3,4,59910000,25910
6,1997,59910000,59910000,3,4,59940000,25923
6,1998,59940000,59940000,3,4,59970000,25935
6,1999,59970000,59970000,3,4,60000000,25951
6,2,60000,60000,3,4,90000,34
6,20,600000,600000,3,4,630000,268
6,200,6000000,6000000,3,4,6030000,2604
6,2000,60000000,60000000,3,4,60030000,25963
6,2001,60030000,60030000,3,4,60060000,25975
6,2002,60060000,60060000,3,4,60090000,25987
6,2003,60090000,60090000,3,4,60120000,26000
6,2004,60120000,60120000,3,4,60150000,26015
6,2005,60150000,60150000,3,4,60180000,26028
6,2006,60180000,60180000,3,4,60210000,26040
6,2007,60210000,60210000,3,4,60240000,26053
6,2008,60240000,60240000,3,4,60270000,26065
6,2009,60270000,60270000,3,4,60300000,26080
6,201,6030000,6030000,3,4,6060000,2618
6,2010,60300000,60300000,3,4,60330000,26092
6,2011,60330000,60330000,3,4,60360000,26106
6,2012,60360000,60360000,3,4,60390000,26117
6,2013,60390000,60390000,3,4,60420000,26130
6,2014,60420000,60420000,3,4,60450000,26146
6,2015,60450000,60450000,3,4,60480000,26157
6,2016,60480000,60480000,3,4,60510000,26169
6,2017,60510000,60510000,3,4,60540000,26183
6,2018,60540000,60540000,3,4,60570000,26194
6,2019,60570000,60570000,3,4,60600000,26210
6,202,6060000,6060000,3,4,6090000,2629
6,2020,60600000,60600000,3,4,60630000,26223
6,2021,60630000,60630000,3,4,60660000,26235
6,2022,60660000,60660000,3,4,60690000,26246
6,2023,60690000,60690000,3,4,60720000,26260
6,2024,60720000,60720000,3,4,60750000,26274
6,2025,60750000,60750000,3,4,60780000,26288
6,2026,60780000,60780000,3,4,60810000,26300
6,2027,60810000,60810000,3,4,60840000,26312
6,2028,60840000,60840000,3,4,60870000,26325
6,2029,60870000,60870000,3,4,60900000,26340
6,203,6090000,6090000,3,4,6120000,2641
6,2030,60900000,60900000,3,4,60930000,26351
6,2031,60930000,60930000,3,4,60960000,26365
6,2032,60960000,60960000,3,4,60990000,26377
6,2033,60990000,60990000,3,4,61020000,26389
6,2034,61020000,61020000,3,4,61050000,26405
6,2035,61050000,61050000,3,4,61080000,26418
6,2036,61080000,61080000,3,4,61110000,26428
6,2037,61110000,61110000,3,4,61140000,26442
6,2038,61140000,61140000,3,4,61170000,26454
6,2039,61170000,61170000,3,4,61200000,26469
6,204,6120000,6120000,3,4,6150000,2657
6,2040,61200000,61200000,3,4,61230000,26482
6,2041,61230000,61230000,3,4,61260000,26495
6,2042,61260000,61260000,3,4,61290000,26507
6,2043,61290000,61290000,3,4,61320000,26519
6,2044,61320000,61320000,3,4,61350000,26534
6,2045,61350000,61350000,3,4,61380000,26547
6,2046,61380000,61380000,3,4,61410000,26559
6,2047,61410000,61410000,3,4,61440000,26572
6,2048,61440000,61440000,3,4,61470000,26584
6,2049,61470000,61470000,3,4,61500000,26600
6,205,6150000,6150000,3,4,6180000,2670
6,2050,61500000,61500000,3,4,61530000,26611
6,2051,61530000,61530000,3,4,61560000,26624
6,2052,61560000,61560000,3,4,61590000,26636
6,2053,61590000,61590000,3,4,61620000,26649
6,2054,61620000,61620000,3,4,61650000,26664
6,2055,61650000,61650000,3,4,61680000,26677
6,2056,61680000,61680000,3,4,61710000,26689
6,2057,61710000,61710000,3,4,61740000,26701
6,2058,61740000,61740000,3,4,61770000,26713
6,2059,61770000,61770000,3,4,61800000,26730
6,206,6180000,6180000,3,4,6210000,2682
6,2060,61800000,61800000,3,4,61830000,26741
6,2061,61830000,61830000,3,4,61860000,26754
6,2062,61860000,61860000,3,4,61890000,26767
6,2063,61890000,61890000,3,4,61920000,26779
6,2064,61920000,61920000,3,4,61950000,26793
6,2065,61950000,61950000,3,4,61980000,26807
6,2066,61980000,61980000,3,4,62010000,26818
6,2067,62010000,62010000,3,4,62040000,26831
6,2068,62040000,62040000,3,4,62070000,26844
6,2069,62070000,62070000,3,4,62100000,26859
6,207,6210000,6210000,3,4,6240000,2695
6,2070,62100000,62100000,3,4,62130000,26871
6,2071,62130000,62130000,3,4,62160000,26884
6,2072,62160000,62160000,3,4,62190000,26895
6,2073,62190000,62190000,3,4,62220000,26908
6,2074,62220000,62220000,3,4,62250000,26924
6,2075,62250000,62250000,3,4,62280000,26936
6,2076,62280000,62280000,3,4,62310000,26949
6,2077,62310000,62310000,3,4,62340000,26962
6,2078,62340000,62340000,3,4,62370000,26972
6,2079,62370000,62370000,3,4,62400000,26989
6,208,6240000,6240000,3,4,6270000,2707
6,2080,62400000,62400000,3,4,62430000,27001
6,2081,62430000,62430000,3,4,62460000,27013
6,2082,62460000,62460000,3,4,62490000,27026
6,2083,62490000,62490000,3,4,62520000,27039
6,2084,62520000,62520000,3,4,62550000,27053
6,2085,62550000,62550000,3,4,62580000,27066
6,2086,62580000,62580000,3,4,62610000,27078
6,2087,62610000,62610000,3,4,62640000,27090
6,2088,62640000,62640000,3,4,62670000,27103
6,2089,62670000,62670000,3,4,62700000,27119
6,209,6270000,6270000,3,4,6300000,2722
6,2090,62700000,62700000,3,4,62730000,27130
6,2091,62730000,62730000,3,4,62760000,27144
6,2092,62760000,62760000,3,4,62790000,27155
6,2093,62790000,62790000,3,4,62820000,27168
6,2094,62820000,62820000,3,4,62850000,27183
6,2095,62850000,62850000,3,4,62880000,27196
6,2096,62880000,62880000,3,4,62910000,27208
6,2097,62910000,62910000,3,4,62940000,27221
6,2098,62940000,62940000,3,4,62970000,27233
6,2099,62970000,62970000,3,4,63000000,27248
6,21,630000,630000,3,4,660000,281
6,210,6300000,6300000,3,4,6330000,2734
6,2100,63000000,63000000,3,4,63030000,27260
6,2101,63030000,63030000,3,4,63060000,27273
6,2102,63060000,63060000,3,4,63090000,27285
6,2103,63090000,63090000,3,4,63120000,27298
6,2104,63120000,63120000,3,4,63150000,27313
6,2105,63150000,63150000,3,4,63180000,27326
6,2106,63180000,63180000,3,4,63210000,27337
6,2107,63210000,63210000,3,4,63240000,27350
6,2108,63240000,63240000,3,4,63270000,27362
6,2109,63270000,63270000,3,4,63300000,27378
6,211,6330000,6330000,3,4,6360000,2747
6,2110,63300000,63300000,3,4,63330000,27391
6,2111,63330000,63330000,3,4,63360000,27403
6,2112,63360000,63360000,3,4,63390000,27415
6,2113,63390000,63390000,3,4,63420000,27428
6,2114,63420000,63420000,3,4,63450000,27442
6,2115,63450000,63450000,3,4,63480000,27455
6,2116,63480000,63480000,3,4,63510000,27468
6,2117,63510000,63510000,3,4,63540000,27480
6,2118,63540000,63540000,3,4,63570000,27492
6,2119,63570000,63570000,3,4,63600000,27509
6,212,6360000,6360000,3,4,6390000,2759
6,2120,63600000,63600000,3,4,63630000,27519
6,2121,63630000,63630000,3,4,63660000,27532
6,2122,63660000,63660000,3,4,63690000,27545
6,2123,63690000,63690000,3,4,63720000,27557
6,2124,63720000,63720000,3,4,63750000,27572
6,2125,63750000,63750000,3,4,63780000,27586
6,2126,63780000,63780000,3,4,63810000,27597
6,2127,63810000,63810000,3,4,63840000,27610
6,2128,63840000,63840000,3,4,63870000,27622
6,2129,63870000,63870000,3,4,63900000,27637
6,213,6390000,6390000,3,4,6420000,2772
6,2130,63900000,63900000,3,4,63930000,27650
6,2131,63930000,63930000,3,4,63960000,27663
6,2132,63960000,63960000,3,4,63990000,27674
6,2133,63990000,63990000,3,4,64020000,27688
6,2134,64020000,64020000,3,4,64050000,27702
6,2135,64050000,64050000,3,4,64080000,27714
6,2136,64080000,64080000,3,4,64110000,27727
6,2137,64110000,64110000,3,4,64140000,27740
6,2138,64140000,64140000,3,4,64170000,27751
6,2139,64170000,64170000,3,4,64200000,27768
6,214,6420000,6420000,3,4,6450000,2787
6,2140,64200000,64200000,3,4,64230000,27780
6,2141,64230000,64230000,3,4,64260000,27791
6,2142,64260000,64260000,3,4,64290000,27804
6,2143,64290000,64290000,3,4,64320000,27817
6,2144,64320000,64320000,3,4,64350000,27832
6,2145,64350000,64350000,3,4,64380000,27845
6,2146,64380000,64380000,3,4,64410000,27857
6,2147,64410000,64410000,3,4,64440000,27870
6,2148,64440000,64440000,3,4,64470000,27881
6,2149,64470000,64470000,3,4,64500000,27897
6,215,6450000,6450000,3,4,6480000,2800
6,2150,64500000,64500000,3,4,64530000,27909
6,2151,64530000,64530000,3,4,64560000,27922
6,2152,64560000,64560000,3,4,64590000,27934
6,2153,64590000,64590000,3,4,64620000,27947
6,2154,64620000,64620000,3,4,64650000,27962
6,2155,64650000,64650000,3,4,64680000,27974
6,2156,64680000,64680000,3,4,64710000,27986
6,2157,64710000,64710000,3,4,64740000,27999
6,2158,64740000,64740000,3,4,64770000,28011
6,2159,64770000,64770000,3,4,64800000,28027
6,216,6480000,6480000,3,4,6510000,2811
6,2160,64800000,64800000,3,4,64830000,28039
6,2161,64830000,64830000,3,4,64860000,28053
6,2162,64860000,64860000,3,4,64890000,28063
6,2163,64890000,64890000,3,4,64920000,28076
6,2164,64920000,64920000,3,4,64950000,28092
6,2165,64950000,64950000,3,4,64980000,28104
6,2166,64980000,64980000,3,4,65010000,28116
6,2167,65010000,65010000,3,4,65040000,28130
6,2168,65040000,65040000,3,4,65070000,28141
6,2169,65070000,65070000,3,4,65100000,28156
6,217,6510000,6510000,3,4,6540000,2824
6,2170,65100000,65100000,3,4,65130000,28169
6,2171,65130000,65130000,3,4,65160000,28181
6,2172,65160000,65160000,3,4,65190000,28193
6,2173,65190000,65190000,3,4,65220000,28207
6,2174,65220000,65220000,3,4,65250000,28221
6,2175,65250000,65250000,3,4,65280000,28234
6,2176,65280000,65280000,3,4,65310000,28246
6,2177,65310000,65310000,3,4,65340000,28258
6,2178,65340000,65340000,3,4,65370000,28271
6,2179,65370000,65370000,3,4,65400000,28287
6,218,6540000,6540000,3,4,6570000,2836
6,2180,65400000,65400000,3,4,65430000,28298
6,2181,65430000,65430000,3,4,65460000,28312
6,2182,65460000,65460000,3,4,65490000,28324
6,2183,65490000,65490000,3,4,65520000,28335
6,2184,65520000,65520000,3,4,65550000,28351
6,2185,65550000,65550000,3,4,65580000,28364
6,2186,65580000,65580000,3,4,65610000,28375
6,2187,65610000,65610000,3,4,65640000,28389
6,2188,65640000,65640000,3,4,65670000,28401
6,2189,65670000,65670000,3,4,65700000,28416
6,219,6570000,6570000,3,4,6600000,2852
6,2190,65700000,65700000,3,4,65730000,28428
6,2191,65730000,65730000,3,4,65760000,28441
6,2192,65760000,65760000,3,4,65790000,28452
6,2193,65790000,65790000,3,4,65820000,28466
6,2194,65820000,65820000,3,4,65850000,28481
6,2195,65850000,65850000,3,4,65880000,28494
6,2196,65880000,65880000,3,4,65910000,28506
6,2197,65910000,65910000,3,4,65940000,28518
6,2198,65940000,65940000,3,4,65970000,28530
6,2199,65970000,65970000,3,4,66000000,28546
6,22,660000,660000,3,4,690000,294
6,220,6600000,6600000,3,4,6630000,2864
6,2200,66000000,66000000,3,4,66030000,28558
6,2201,66030000,66030000,3,4,66060000,28571
6,2202,66060000,66060000,3,4,66090000,28583
6,2203,66090000,66090000,3,4,66120000,28596
6,2204,66120000,66120000,3,4,66150000,28610
6,2205,66150000,66150000,3,4,66180000,28623
6,2206,66180000,66180000,3,4,66210000,28635
6,2207,66210000,66210000,3,4,66240000,28648
6,2208,66240000,66240000,3,4,66270000,28660
6,2209,66270000,66270000,3,4,66300000,28676
6,221,6630000,6630000,3,4,6660000,2877
6,2210,66300000,66300000,3,4,66330000,28688
6,2211,66330000,66330000,3,4,66360000,28700
6,2212,66360000,66360000,3,4,66390000,28713
6,2213,66390000,66390000,3,4,66420000,28725
6,2214,66420000,66420000,3,4,66450000,28740
6,2215,66450000,66450000,3,4,66480000,28754
6,2216,66480000,66480000,3,4,66510000,28765
6,2217,66510000,66510000,3,4,66540000,28778
6,2218,66540000,66540000,3,4,66570000,28790
6,2219,66570000,66570000,3,4,66600000,28805
6,222,6660000,6660000,3,4,6690000,2889
6,2220,66600000,66600000,3,4,66630000,28817
6,2221,66630000,66630000,3,4,66660000,28831
6,2222,66660000,66660000,3,4,66690000,28842
6,2223,66690000,66690000,3,4,66720000,28855
6,2224,66720000,66720000,3,4,66750000,28871
6,2225,66750000,66750000,3,4,66780000,28882
6,2226,66780000,66780000,3,4,66810000,28894
6,2227,66810000,66810000,3,4,66840000,28908
6,2228,66840000,66840000,3,4,66870000,28919
6,2229,66870000,66870000,3,4,66900000,28936
6,223,6690000,6690000,3,4,6720000,2902
6,2230,66900000,66900000,3,4,66930000,28948
6,2231,66930000,66930000,3,4,66960000,28960
6,2232,66960000,66960000,3,4,66990000,28972
6,2233,66990000,66990000,3,4,67020000,28985
6,2234,67020000,67020000,3,4,67050000,28999
6,2235,67050000,67050000,3,4,67080000,29013
6,2236,67080000,67080000,3,4,67110000,29025
6,2237,67110000,67110000,3,4,67140000,29037
6,2238,67140000,67140000,3,4,67170000,29050
6,2239,67170000,67170000,3,4,67200000,29065
6,224,6720000,6720000,3,4,6750000,2916
6,2240,67200000,67200000,3,4,67230000,29076
6,2241,67230000,67230000,3,4,67260000,29090
6,2242,67260000,67260000,3,4,67290000,29102
6,2243,67290000,67290000,3,4,67320000,29114
6,2244,67320000,67320000,3,4,67350000,29130
6,2245,67350000,67350000,3,4,67380000,29143
6,2246,67380000,67380000,3,4,67410000,29154
6,2247,67410000,67410000,3,4,67440000,29167
6,2248,67440000,67440000,3,4,67470000,29179
6,2249,67470000,67470000,3,4,67500000,29195
6,225,6750000,6750000,3,4,6780000,2929
6,2250,67500000,67500000,3,4,67530000,29207
6,2251,67530000,67530000,3,4,67560000,29220
6,2252,67560000,67560000,3,4,67590000,29232
6,2253,67590000,67590000,3,4,67620000,29244
6,2254,67620000,67620000,3,4,67650000,29259
6,2255,67650000,67650000,3,4,67680000,29272
6,2256,67680000,67680000,3,4,67710000,29284
6,2257,67710000,67710000,3,4,67740000,29297
6,2258,67740000,67740000,3,4,67770000,29309
6,2259,67770000,67770000,3,4,67800000,29325
6,226,6780000,6780000,3,4,6810000,2942
6,2260,67800000,67800000,3,4,67830000,29336
6,2261,67830000,67830000,3,4,67860000,29349
6,2262,67860000,67860000,3,4,67890000,29361
6,2263,67890000,67890000,3,4,67920000,29375
6,2264,67920000,67920000,3,4,67950000,29389
6,2265,67950000,67950000,3,4,67980000,29402
6,2266,67980000,67980000,3,4,68010000,29415
6,2267,68010000,68010000,3,4,68040000,29426
6,2268,68040000,68040000,3,4,68070000,29438
6,2269,68070000,68070000,3,4,68100000,29455
6,227,6810000,6810000,3,4,6840000,2954
6,2270,68100000,68100000,3,4,68130000,29466
6,2271,68130000,68130000,3,4,68160000,29479
6,2272,68160000,68160000,3,4,68190000,29492
6,2273,68190000,68190000,3,4,68220000,29504
6,2274,68220000,68220000,3,4,68250000,29518
6,2275,68250000,68250000,3,4,68280000,29532
6,2276,68280000,68280000,3,4,68310000,29543
6,2277,68310000,68310000,3,4,68340000,29556
6,2278,68340000,68340000,3,4,68370000,29569
6,2279,68370000,68370000,3,4,68400000,29584
6,228,6840000,6840000,3,4,6870000,2966
6,2280,68400000,68400000,3,4,68430000,29597
6,2281,68430000,68430000,3,4,68460000,29609
6,2282,68460000,68460000,3,4,68490000,29620
6,2283,68490000,68490000,3,4,68520000,29634
6,2284,68520000,68520000,3,4,68550000,29649
6,2285,68550000,68550000,3,4,68580000,29661
6,2286,68580000,68580000,3,4,68610000,29674
6,2287,68610000,68610000,3,4,68640000,29687
6,2288,68640000,68640000,3,4,68670000,29697
6,2289,68670000,68670000,3,4,68700000,29714
6,229,6870000,6870000,3,4,6900000,2983
6,2290,68700000,68700000,3,4,68730000,29726
6,2291,68730000,68730000,3,4,68760000,29738
6,2292,68760000,68760000,3,4,68790000,29751
6,2293,68790000,68790000,3,4,68820000,29764
6,2294,68820000,68820000,3,4,68850000,29778
6,2295,68850000,68850000,3,4,68880000,29791
6,2296,68880000,68880000,3,4,68910000,29803
6,2297,68910000,68910000,3,4,68940000,29816
6,2298,68940000,68940000,3,4,68970000,29828
6,2299,68970000,68970000,3,4,69000000,29844
6,23,690000,690000,3,4,720000,306
6,230,6900000,6900000,3,4,6930000,2993
6,2300,69000000,69000000,3,4,69030000,29856
6,2301,69030000,69030000,3,4,69060000,29869
6,2302,69060000,69060000,3,4,69090000,29880
6,2303,69090000,69090000,3,4,69120000,29893
6,2304,69120000,69120000,3,4,69150000,29908
6,2305,69150000,69150000,3,4,69180000,29921
6,2306,69180000,69180000,3,4,69210000,29933
6,2307,69210000,69210000,3,4,69240000,29946
6,2308,69240000,69240000,3,4,69270000,29958
6,2309,69270000,69270000,3,4,69300000,29973
6,231,6930000,6930000,3,4,6960000,3006
6,2310,69300000,69300000,3,4,69330000,29985
6,2311,69330000,69330000,3,4,69360000,29998
6,2312,69360000,69360000,3,4,69390000,30010
6,2313,69390000,69390000,3,4,69420000,30023
6,2314,69420000,69420000,3,4,69450000,30039
6,2315,69450000,69450000,3,4,69480000,30051
6,2316,69480000,69480000,3,4,69510000,30062
6,2317,69510000,69510000,3,4,69540000,30076
6,2318,69540000,69540000,3,4,69570000,30087
6,2319,69570000,69570000,3,4,69600000,30103
6,232,6960000,6960000,3,4,6990000,3019
6,2320,69600000,69600000,3,4,69630000,30116
6,2321,69630000,69630000,3,4,69660000,30128
6,2322,69660000,69660000,3,4,69690000,30140
6,2323,69690000,69690000,3,4,69720000,30153
6,2324,69720000,69720000,3,4,69750000,30167
6,2325,69750000,69750000,3,4,69780000,30180
6,2326,69780000,69780000,3,4,69810000,30193
6,2327,69810000,69810000,3,4,69840000,30205
6,2328,69840000,69840000,3,4,69870000,30217
6,2329,69870000,69870000,3,4,69900000,30234
6,233,6990000,6990000,3,4,7020000,3031
6,2330,69900000,69900000,3,4,69930000,30244
6,2331,69930000,69930000,3,4,69960000,30258
6,2332,69960000,69960000,3,4,69990000,30270
6,2333,69990000,69990000,3,4,70020000,30282
6,2334,70020000,70020000,3,4,70050000,30298
6,2335,70050000,70050000,3,4,70080000,30311
6,2336,70080000,70080000,3,4,70110000,30322
6,2337,70110000,70110000,3,4,70140000,30335
6,2338,70140000,70140000,3,4,70170000,30347
6,2339,70170000,70170000,3,4,70200000,30362
6,234,7020000,7020000,3,4,7050000,3046
6,2340,70200000,70200000,3,4,70230000,30375
6,2341,70230000,70230000,3,4,70260000,30388
6,2342,70260000,70260000,3,4,70290000,30399
6,2343,70290000,70290000,3,4,70320000,30413
6,2344,70320000,70320000,3,4,70350000,30427
6,2345,70350000,70350000,3,4,70380000,30439
6,2346,70380000,70380000,3,4,70410000,30452
6,2347,70410000,70410000,3,4,70440000,30465
6,2348,70440000,70440000,3,4,70470000,30477
6,2349,70470000,70470000,3,4,70500000,30493
6,235,7050000,7050000,3,4,7080000,3060
6,2350,70500000,70500000,3,4,70530000,30505
6,2351,70530000,70530000,3,4,70560000,30517
6,2352,70560000,70560000,3,4,70590000,30529
6,2353,70590000,70590000,3,4,70620000,30542
6,2354,70620000,70620000,3,4,70650000,30557
6,2355,70650000,70650000,3,4,70680000,30570
6,2356,70680000,70680000,3,4,70710000,30582
6,2357,70710000,70710000,3,4,70740000,30595
6,2358,70740000,70740000,3,4,70770000,30606
6,2359,70770000,70770000,3,4,70800000,30622
6,236,7080000,7080000,3,4,7110000,3071
6,2360,70800000,70800000,3,4,70830000,30634
6,2361,70830000,70830000,3,4,70860000,30647
6,2362,70860000,70860000,3,4,70890000,30659
6,2363,70890000,70890000,3,4,70920000,30672
6,2364,70920000,70920000,3,4,70950000,30687
6,2365,70950000,70950000,3,4,70980000,30700
6,2366,70980000,70980000,3,4,71010000,30711
6,2367,71010000,71010000,3,4,71040000,30724
6,2368,71040000,71040000,3,4,71070000,30737
6,2369,71070000,71070000,3,4,71100000,30752
6,237,7110000,7110000,3,4,7140000,3083
6,2370,71100000,71100000,3,4,71130000,30764
6,2371,71130000,71130000,3,4,71160000,30778
6,2372,71160000,71160000,3,4,71190000,30788
6,2373,71190000,71190000,3,4,71220000,30801
6,2374,71220000,71220000,3,4,71250000,30817
6,2375,71250000,71250000,3,4,71280000,30829
6,2376,71280000,71280000,3,4,71310000,30841
6,2377,71310000,71310000,3,4,71340000,30855
6,2378,71340000,71340000,3,4,71370000,30866
6,2379,71370000,71370000,3,4,71400000,30881
6,238,7140000,7140000,3,4,7170000,3096
6,2380,71400000,71400000,3,4,71430000,30894
6,2381,71430000,71430000,3,4,71460000,30906
6,2382,71460000,71460000,3,4,71490000,30919
6,2383,71490000,71490000,3,4,71520000,30932
6,2384,71520000,71520000,3,4,71550000,30946
6,2385,71550000,71550000,3,4,71580000,30960
6,2386,71580000,71580000,3,4,71610000,30971
6,2387,71610000,71610000,3,4,71640000,30983
6,2388,71640000,71640000,3,4,71670000,30996
6,2389,71670000,71670000,3,4,71700000,31012
6,239,7170000,7170000,3,4,7200000,3111
6,2390,71700000,71700000,3,4,71730000,31023
6,2391,71730000,71730000,3,4,71760000,31037
6,2392,71760000,71760000,3,4,71790000,31049
6,2393,71790000,71790000,3,4,71820000,31060
6,2394,71820000,71820000,3,4,71850000,31076
6,2395,71850000,71850000,3,4,71880000,31089
6,2396,71880000,71880000,3,4,71910000,31100
6,2397,71910000,71910000,3,4,71940000,31114
6,2398,71940000,71940000,3,4,71970000,31126
6,2399,71970000,71970000,3,4,72000000,31142
6,24,720000,720000,3,4,750000,321
6,240,7200000,7200000,3,4,7230000,3124
6,2400,72000000,72000000,3,4,72030000,31153
6,2401,72030000,72030000,3,4,72060000,31166
6,2402,72060000,72060000,3,4,72090000,31178
6,2403,72090000,72090000,3,4,72120000,31191
6,2404,72120000,72120000,3,4,72150000,31206
6,2405,72150000,72150000,3,4,72180000,31219
6,2406,72180000,72180000,3,4,72210000,31231
6,2407,72210000,72210000,3,4,72240000,31243
6,2408,72240000,72240000,3,4,72270000,31255
6,2409,72270000,72270000,3,4,72300000,31271
6,241,7230000,7230000,3,4,7260000,3137
6,2410,72300000,72300000,3,4,72330000,31283
6,2411,72330000,72330000,3,4,72360000,31296
6,2412,72360000,72360000,3,4,72390000,31308
6,2413,72390000,72390000,3,4,72420000,31321
6,2414,72420000,72420000,3,4,72450000,31335
6,2415,72450000,72450000,3,4,72480000,31348
6,2416,72480000,72480000,3,4,72510000,31361
6,2417,72510000,72510000,3,4,72540000,31373
6,2418,72540000,72540000,3,4,72570000,31385
6,2419,72570000,72570000,3,4,72600000,31402
6,242,7260000,7260000,3,4,7290000,3148
6,2420,72600000,72600000,3,4,72630000,31413
6,2421,72630000,72630000,3,4,72660000,31425
6,2422,72660000,72660000,3,4,72690000,31438
6,2423,72690000,72690000,3,4,72720000,31450
6,2424,72720000,72720000,3,4,72750000,31465
6,2425,72750000,72750000,3,4,72780000,31479
6,2426,72780000,72780000,3,4,72810000,31490
6,2427,72810000,72810000,3,4,72840000,31503
6,2428,72840000,72840000,3,4,72870000,31515
6,2429,72870000,72870000,3,4,72900000,31530
6,243,7290000,7290000,3,4,7320000,3162
6,2430,72900000,72900000,3,4,72930000,31542
6,2431,72930000,72930000,3,4,72960000,31556
6,2432,72960000,72960000,3,4,72990000,31567
6,2433,72990000,72990000,3,4,73020000,31581
6,2434,73020000,73020000,3,4,73050000,31596
6,2435,73050000,73050000,3,4,73080000,31607
6,2436,73080000,73080000,3,4,73110000,31620
6,2437,73110000,73110000,3,4,73140000,31633
6,2438,73140000,73140000,3,4,73170000,31644
6,2439,73170000,73170000,3,4,73200000,31661
6,244,7320000,7320000,3,4,7350000,3176
6,2440,73200000,73200000,3,4,73230000,31673
6,2441,73230000,73230000,3,4,73260000,31685
6,2442,73260000,73260000,3,4,73290000,31697
6,2443,73290000,73290000,3,4,73320000,31710
6,2444,73320000,73320000,3,4,73350000,31724
6,2445,73350000,73350000,3,4,73380000,31738
6,2446,73380000,73380000,3,4,73410000,31750
6,2447,73410000,73410000,3,4,73440000,31762
6,2448,73440000,73440000,3,4,73470000,31775
6,2449,73470000,73470000,3,4,73500000,31790
6,245,7350000,7350000,3,4,7380000,3188
6,2450,73500000,73500000,3,4,73530000,31802
6,2451,73530000,73530000,3,4,73560000,31815
6,2452,73560000,73560000,3,4,73590000,31827
6,2453,73590000,73590000,3,4,73620000,31840
6,2454,73620000,73620000,3,4,73650000,31855
6,2455,73650000,73650000,3,4,73680000,31868
6,2456,73680000,73680000,3,4,73710000,31879
6,2457,73710000,73710000,3,4,73740000,31892
6,2458,73740000,73740000,3,4,73770000,31904
6,2459,73770000,73770000,3,4,73800000,31920
6,246,7380000,7380000,3,4,7410000,3201
6,2460,73800000,73800000,3,4,73830000,31932
6,2461,73830000,73830000,3,4,73860000,31945
6,2462,73860000,73860000,3,4,73890000,31957
6,2463,73890000,73890000,3,4,73920000,31969
6,2464,73920000,73920000,3,4,73950000,31984
6,2465,73950000,73950000,3,4,73980000,31997
6,2466,73980000,73980000,3,4,74010000,32009
6,2467,74010000,74010000,3,4,74040000,32023
6,2468,74040000,74040000,3,4,74070000,32034
6,2469,74070000,74070000,3,4,74100000,32050
6,247,7410000,7410000,3,4,7440000,3214
6,2470,74100000,74100000,3,4,74130000,32062
6,2471,74130000,74130000,3,4,74160000,32074
6,2472,74160000,74160000,3,4,74190000,32086
6,2473,74190000,74190000,3,4,74220000,32100
6,2474,74220000,74220000,3,4,74250000,32114
6,2475,74250000,74250000,3,4,74280000,32127
6,2476,74280000,74280000,3,4,74310000,32140
6,2477,74310000,74310000,3,4,74340000,32151
6,2478,74340000,74340000,3,4,74370000,32163
6,2479,74370000,74370000,3,4,74400000,32180
6,248,7440000,7440000,3,4,7470000,3225
6,2480,74400000,74400000,3,4,74430000,32191
6,2481,74430000,74430000,3,4,74460000,32204
6,2482,74460000,74460000,3,4,74490000,32217
6,2483,74490000,74490000,3,4,74520000,32229
6,2484,74520000,74520000,3,4,74550000,32244
6,2485,74550000,74550000,3,4,74580000,32257
6,2486,74580000,74580000,3,4,74610000,32268
6,2487,74610000,74610000,3,4,74640000,32282
6,2488,74640000,74640000,3,4,74670000,32294
6,2489,74670000,74670000,3,4,74700000,32309
6,249,7470000,7470000,3,4,7500000,3242
6,2490,74700000,74700000,3,4,74730000,32322
6,2491,74730000,74730000,3,4,74760000,32334
6,2492,74760000,74760000,3,4,74790000,32345
6,2493,74790000,74790000,3,4,74820000,32359
6,2494,74820000,74820000,3,4,74850000,32374
6,2495,74850000,74850000,3,4,74880000,32386
6,2496,74880000,74880000,3,4,74910000,32399
6,2497,74910000,74910000,3,4,74940000,32412
6,2498,74940000,74940000,3,4,74970000,32422
6,2499,74970000,74970000,3,4,75000000,32439
6,25,750000,750000,3,4,780000,335
6,250,7500000,7500000,3,4,7530000,3254
6,2500,75000000,75000000,3,4,75030000,32451
6,2501,75030000,75030000,3,4,75060000,32464
6,2502,75060000,75060000,3,4,75090000,32476
6,2503,75090000,75090000,3,4,75120000,32489
6,2504,75120000,75120000,3,4,75150000,32504
6,2505,75150000,75150000,3,4,75180000,32516
6,2506,75180000,75180000,3,4,75210000,32528
6,2507,75210000,75210000,3,4,75240000,32541
6,2508,75240000,75240000,3,4,75270000,32553
6,2509,75270000,75270000,3,4,75300000,32569
6,251,7530000,7530000,3,4,7560000,3265
6,2510,75300000,75300000,3,4,75330000,32581
6,2511,75330000,75330000,3,4,75360000,32594
6,2512,75360000,75360000,3,4,75390000,32605
6,2513,75390000,75390000,3,4,75420000,32618
6,2514,75420000,75420000,3,4,75450000,32633
6,2515,75450000,75450000,3,4,75480000,32646
6,2516,75480000,75480000,3,4,75510000,32658
6,2517,75510000,75510000,3,4,75540000,32671
6,2518,75540000,75540000,3,4,75570000,32684
6,2519,75570000,75570000,3,4,75600000,32698
6,252,7560000,7560000,3,4,7590000,3278
6,2520,75600000,75600000,3,4,75630000,32710
6,2521,75630000,75630000,3,4,75660000,32724
6,2522,75660000,75660000,3,4,75690000,32735
6,2523,75690000,75690000,3,4,75720000,32748
6,2524,75720000,75720000,3,4,75750000,32764
6,2525,75750000,75750000,3,4,75780000,32776
6,2526,75780000,75780000,3,4,75810000,32787
6,2527,75810000,75810000,3,4,75840000,32801
6,2528,75840000,75840000,3,4,75870000,32812
6,2529,75870000,75870000,3,4,75900000,32828
6,253,7590000,7590000,3,4,7620000,3291
6,2530,75900000,75900000,3,4,75930000,32841
6,2531,75930000,75930000,3,4,75960000,32853
6,2532,75960000,75960000,3,4,75990000,32865
6,2533,75990000,75990000,3,4,76020000,32878
6,2534,76020000,76020000,3,4,76050000,32892
6,2535,76050000,76050000,3,4,76080000,32906
6,2536,76080000,76080000,3,4,76110000,32918
6,2537,76110000,76110000,3,4,76140000,32930
6,2538,76140000,76140000,3,4,76170000,32943
6,2539,76170000,76170000,3,4,76200000,32959
6,254,7620000,7620000,3,4,7650000,3305
6,2540,76200000,76200000,3,4,76230000,32969
6,2541,76230000,76230000,3,4,76260000,32983
6,2542,76260000,76260000,3,4,76290000,32995
6,2543,76290000,76290000,3,4,76320000,33007
6,2544,76320000,76320000,3,4,76350000,33023
6,2545,76350000,76350000,3,4,76380000,33036
6,2546,76380000,76380000,3,4,76410000,33047
6,2547,76410000,76410000,3,4,76440000,33060
6,2548,76440000,76440000,3,4,76470000,33072
6,2549,76470000,76470000,3,4,76500000,33087
6,255,7650000,7650000,3,4,7680000,3319
6,2550,76500000,76500000,3,4,76530000,33100
6,2551,76530000,76530000,3,4,76560000,33113
6,2552,76560000,76560000,3,4,76590000,33125
6,2553,76590000,76590000,3,4,76620000,33138
6,2554,76620000,76620000,3,4,76650000,33152
6,2555,76650000,76650000,3,4,76680000,33165
6,2556,76680000,76680000,3,4,76710000,33177
6,2557,76710000,76710000,3,4,76740000,33190
6,2558,76740000,76740000,3,4,76770000,33202
6,2559,76770000,76770000,3,4,76800000,33218
6,256,7680000,7680000,3,4,7710000,3331
6,2560,76800000,76800000,3,4,76830000,33230
6,2561,76830000,76830000,3,4,76860000,33242
6,2562,76860000,76860000,3,4,76890000,33254
6,2563,76890000,76890000,3,4,76920000,33267
6,2564,76920000,76920000,3,4,76950000,33282
6,2565,76950000,76950000,3,4,76980000,33295
6,2566,76980000,76980000,3,4,77010000,33307
6,2567,77010000,77010000,3,4,77040000,33320
6,2568,77040000,77040000,3,4,77070000,33331
6,2569,77070000,77070000,3,4,77100000,33348
6,257,7710000,7710000,3,4,7740000,3344
6,2570,77100000,77100000,3,4,77130000,33359
6,2571,77130000,77130000,3,4,77160000,33372
6,2572,77160000,77160000,3,4,77190000,33385
6,2573,77190000,77190000,3,4,77220000,33397
6,2574,77220000,77220000,3,4,77250000,33412
6,2575,77250000,77250000,3,4,77280000,33425
6,2576,77280000,77280000,3,4,77310000,33436
6,2577,77310000,77310000,3,4,77340000,33449
6,2578,77340000,77340000,3,4,77370000,33462
6,2579,77370000,77370000,3,4,77400000,33477
6,258,7740000,7740000,3,4,7770000,3355
6,2580,77400000,77400000,3,4,77430000,33489
6,2581,77430000,77430000,3,4,77460000,33503
6,2582,77460000,77460000,3,4,77490000,33513
6,2583,77490000,77490000,3,4,77520000,33526
6,2584,77520000,77520000,3,4,77550000,33542
6,2585,77550000,77550000,3,4,77580000,33554
6,2586,77580000,77580000,3,4,77610000,33567
6,2587,77610000,77610000,3,4,77640000,33580
6,2588,77640000,77640000,3,4,77670000,33591
6,2589,77670000,77670000,3,4,77700000,33607
6,259,7770000,7770000,3,4,7800000,3371
6,2590,77700000,77700000,3,4,77730000,33619
6,2591,77730000,77730000,3,4,77760000,33631
6,2592,77760000,77760000,3,4,77790000,33644
6,2593,77790000,77790000,3,4,77820000,33657
6,2594,77820000,77820000,3,4,77850000,33671
6,2595,77850000,77850000,3,4,77880000,33685
6,2596,77880000,77880000,3,4,77910000,33696
6,2597,77910000,77910000,3,4,77940000,33708
6,2598,77940000,77940000,3,4,77970000,33721
6,2599,77970000,77970000,3,4,78000000,33737
6,26,780000,780000,3,4,810000,346
6,260,7800000,7800000,3,4,7830000,3383
6,2600,78000000,78000000,3,4,78030000,33748
6,2601,78030000,78030000,3,4,78060000,33762
6,2602,78060000,78060000,3,4,78090000,33774
6,2603,78090000,78090000,3,4,78120000,33786
6,2604,78120000,78120000,3,4,78150000,33801
6,2605,78150000,78150000,3,4,78180000,33814
6,2606,78180000,78180000,3,4,78210000,33826
6,2607,78210000,78210000,3,4,78240000,33839
6,2608,78240000,78240000,3,4,78270000,33851
6,2609,78270000,78270000,3,4,78300000,33867
6,261,7830000,7830000,3,4,7860000,3396
6,2610,78300000,78300000,3,4,78330000,33878
6,2611,78330000,78330000,3,4,78360000,33891
6,2612,78360000,78360000,3,4,78390000,33903
6,2613,78390000,78390000,3,4,78420000,33916
6,2614,78420000,78420000,3,4,78450000,33931
6,2615,78450000,78450000,3,4,78480000,33944
6,2616,78480000,78480000,3,4,78510000,33956
6,2617,78510000,78510000,3,4,78540000,33968
6,2618,78540000,78540000,3,4,78570000,33980
6,2619,78570000,78570000,3,4,78600000,33996
6,262,7860000,7860000,3,4,7890000,3408
6,2620,78600000,78600000,3,4,78630000,34009
6,2621,78630000,78630000,3,4,78660000,34021
6,2622,78660000,78660000,3,4,78690000,34033
6,2623,78690000,78690000,3,4,78720000,34047
6,2624,78720000,78720000,3,4,78750000,34060
6,2625,78750000,78750000,3,4,78780000,34073
6,2626,78780000,78780000,3,4,78810000,34086
6,2627,78810000,78810000,3,4,78840000,34098
6,2628,78840000,78840000,3,4,78870000,34110
6,2629,78870000,78870000,3,4,78900000,34127
6,263,7890000,7890000,3,4,7920000,3421
6,2630,78900000,78900000,3,4,78930000,34138
6,2631,78930000,78930000,3,4,78960000,34150
6,2632,78960000,78960000,3,4,78990000,34163
6,2633,78990000,78990000,3,4,79020000,34175
6,2634,79020000,79020000,3,4,79050000,34190
6,2635,79050000,79050000,3,4,79080000,34204
6,2636,79080000,79080000,3,4,79110000,34215
6,2637,79110000,79110000,3,4,79140000,34229
6,2638,79140000,79140000,3,4,79170000,34240
6,2639,79170000,79170000,3,4,79200000,34255
6,264,7920000,7920000,3,4,7950000,3436
6,2640,79200000,79200000,3,4,79230000,34268
6,2641,79230000,79230000,3,4,79260000,34281
6,2642,79260000,79260000,3,4,79290000,34292
6,2643,79290000,79290000,3,4,79320000,34306
6,2644,79320000,79320000,3,4,79350000,34321
6,2645,79350000,79350000,3,4,79380000,34332
6,2646,79380000,79380000,3,4,79410000,34345
6,2647,79410000,79410000,3,4,79440000,34358
6,2648,79440000,79440000,3,4,79470000,34369
6,2649,79470000,79470000,3,4,79500000,34386
6,265,7950000,7950000,3,4,7980000,3448
6,2650,79500000,79500000,3,4,79530000,34398
6,2651,79530000,79530000,3,4,79560000,34410
6,2652,79560000,79560000,3,4,79590000,34422
6,2653,79590000,79590000,3,4,79620000,34435
6,2654,79620000,79620000,3,4,79650000,34450
6,2655,79650000,79650000,3,4,79680000,34463
6,2656,79680000,79680000,3,4,79710000,34475
6,2657,79710000,79710000,3,4,79740000,34488
6,2658,79740000,79740000,3,4,79770000,34500
6,2659,79770000,79770000,3,4,79800000,34515
6,266,7980000,7980000,3,4,8010000,3460
6,2660,79800000,79800000,3,4,79830000,34527
6,2661,79830000,79830000,3,4,79860000,34540
6,2662,79860000,79860000,3,4,79890000,34552
6,2663,79890000,79890000,3,4,79920000,34565
6,2664,79920000,79920000,3,4,79950000,34580
6,2665,79950000,79950000,3,4,79980000,34593
6,2666,79980000,79980000,3,4,80010000,34604
6,2667,80010000,80010000,3,4,80040000,34617
6,2668,80040000,80040000,3,4,80070000,34629
6,2669,80070000,80070000,3,4,80100000,34645
6,267,8010000,8010000,3,4,8040000,3473
6,2670,80100000,80100000,3,4,80130000,34657
6,2671,80130000,80130000,3,4,80160000,34671
6,2672,80160000,80160000,3,4,80190000,34682
6,2673,80190000,80190000,3,4,80220000,34694
6,2674,80220000,80220000,3,4,80250000,34710
6,2675,80250000,80250000,3,4,80280000,34722
6,2676,80280000,80280000,3,4,80310000,34734
6,2677,80310000,80310000,3,4,80340000,34748
6,2678,80340000,80340000,3,4,80370000,34759
6,2679,80370000,80370000,3,4,80400000,34775
6,268,8040000,8040000,3,4,8070000,3485
6,2680,80400000,80400000,3,4,80430000,34787
6,2681,80430000,80430000,3,4,80460000,34799
6,2682,80460000,80460000,3,4,80490000,34811
6,2683,80490000,80490000,3,4,80520000,34825
6,2684,80520000,80520000,3,4,80550000,34839
6,2685,80550000,80550000,3,4,80580000,34852
6,2686,80580000,80580000,3,4,80610000,34865
6,2687,80610000,80610000,3,4,80640000,34876
6,2688,80640000,80640000,3,4,80670000,34889
6,2689,80670000,80670000,3,4,80700000,34905
6,269,8070000,8070000,3,4,8100000,3501
6,2690,80700000,80700000,3,4,80730000,34916
6,2691,80730000,80730000,3,4,80760000,34930
6,2692,80760000,80760000,3,4,80790000,34942
6,2693,80790000,80790000,3,4,80820000,34954
6,2694,80820000,80820000,3,4,80850000,34969
6,2695,80850000,80850000,3,4,80880000,34982
6,2696,80880000,80880000,3,4,80910000,34993
6,2697,80910000,80910000,3,4,80940000,35007
6,2698,80940000,80940000,3,4,80970000,35019
6,2699,80970000,80970000,3,4,81000000,35034
6,27,810000,810000,3,4,840000,358
6,270,8100000,8100000,3,4,8130000,3513
6,2700,81000000,81000000,3,4,81030000,35047
6,2701,81030000,81030000,3,4,81060000,35059
6,2702,81060000,81060000,3,4,81090000,35070
6,2703,81090000,81090000,3,4,81120000,35084
6,2704,81120000,81120000,3,4,81150000,35099
6,2705,81150000,81150000,3,4,81180000,35112
6,2706,81180000,81180000,3,4,81210000,35124
6,2707,81210000,81210000,3,4,81240000,35137
6,2708,81240000,81240000,3,4,81270000,35148
6,2709,81270000,81270000,3,4,81300000,35164
6,271,8130000,8130000,3,4,8160000,3526
6,2710,81300000,81300000,3,4,81330000,35176
6,2711,81330000,81330000,3,4,81360000,35189
6,2712,81360000,81360000,3,4,81390000,35201
6,2713,81390000,81390000,3,4,81420000,35214
6,2714,81420000,81420000,3,4,81450000,35229
6,2715,81450000,81450000,3,4,81480000,35241
6,2716,81480000,81480000,3,4,81510000,35253
6,2717,81510000,81510000,3,4,81540000,35266
6,2718,81540000,81540000,3,4,81570000,35278
6,2719,81570000,81570000,3,4,81600000,35294
6,272,8160000,8160000,3,4,8190000,3537
6,2720,81600000,81600000,3,4,81630000,35306
6,2721,81630000,81630000,3,4,81660000,35319
6,2722,81660000,81660000,3,4,81690000,35331
6,2723,81690000,81690000,3,4,81720000,35343
6,2724,81720000,81720000,3,4,81750000,35358
6,2725,81750000,81750000,3,4,81780000,35372
6,2726,81780000,81780000,3,4,81810000,35383
6,2727,81810000,81810000,3,4,81840000,35396
6,2728,81840000,81840000,3,4,81870000,35409
6,2729,81870000,81870000,3,4,81900000,35423
6,273,8190000,8190000,3,4,8220000,3550
6,2730,81900000,81900000,3,4,81930000,35435
6,2731,81930000,81930000,3,4,81960000,35449
6,2732,81960000,81960000,3,4,81990000,35460
6,2733,81990000,81990000,3,4,82020000,35473
6,2734,82020000,82020000,3,4,82050000,35489
6,2735,82050000,82050000,3,4,82080000,35501
6,2736,82080000,82080000,3,4,82110000,35512
6,2737,82110000,82110000,3,4,82140000,35526
6,2738,82140000,82140000,3,4,82170000,35537
6,2739,82170000,82170000,3,4,82200000,35554
6,274,8220000,8220000,3,4,8250000,3566
6,2740,82200000,82200000,3,4,82230000,35566
6,2741,82230000,82230000,3,4,82260000,35578
6,2742,82260000,82260000,3,4,82290000,35591
6,2743,82290000,82290000,3,4,82320000,35603
6,2744,82320000,82320000,3,4,82350000,35617
6,2745,82350000,82350000,3,4,82380000,35631
6,2746,82380000,82380000,3,4,82410000,35643
6,2747,82410000,82410000,3,4,82440000,35655
6,2748,82440000,82440000,3,4,82470000,35668
6,2749,82470000,82470000,3,4,82500000,35684
6,275,8250000,8250000,3,4,8280000,3578
6,2750,82500000,82500000,3,4,82530000,35694
6,2751,82530000,82530000,3,4,82560000,35708
6,2752,82560000,82560000,3,4,82590000,35720
6,2753,82590000,82590000,3,4,82620000,35732
6,2754,82620000,82620000,3,4,82650000,35748
6,2755,82650000,82650000,3,4,82680000,35761
6,2756,82680000,82680000,3,4,82710000,35773
6,2757,82710000,82710000,3,4,82740000,35785
6,2758,82740000,82740000,3,4,82770000,35797
6,2759,82770000,82770000,3,4,82800000,35813
6,276,8280000,8280000,3,4,8310000,3590
6,2760,82800000,82800000,3,4,82830000,35825
6,2761,82830000,82830000,3,4,82860000,35838
6,2762,82860000,82860000,3,4,82890000,35850
6,2763,82890000,82890000,3,4,82920000,35863
6,2764,82920000,82920000,3,4,82950000,35877
6,2765,82950000,82950000,3,4,82980000,35890
6,2766,82980000,82980000,3,4,83010000,35902
6,2767,83010000,83010000,3,4,83040000,35915
6,2768,83040000,83040000,3,4,83070000,35927
6,2769,83070000,83070000,3,4,83100000,35943
6,277,8310000,8310000,3,4,8340000,3604
6,2770,83100000,83100000,3,4,83130000,35955
6,2771,83130000,83130000,3,4,83160000,35967
6,2772,83160000,83160000,3,4,83190000,35979
6,2773,83190000,83190000,3,4,83220000,35993
6,2774,83220000,83220000,3,4,83250000,36007
6,2775,83250000,83250000,3,4,83280000,36020
6,2776,83280000,83280000,3,4,83310000,36033
6,2777,83310000,83310000,3,4,83340000,36045
6,2778,83340000,83340000,3,4,83370000,36056
6,2779,83370000,83370000,3,4,83400000,36073
6,278,8340000,8340000,3,4,8370000,3615
6,2780,83400000,83400000,3,4,83430000,36084
6,2781,83430000,83430000,3,4,83460000,36097
6,2782,83460000,83460000,3,4,83490000,36110
6,2783,83490000,83490000,3,4,83520000,36122
6,2784,83520000,83520000,3,4,83550000,36137
6,2785,83550000,83550000,3,4,83580000,36150
6,2786,83580000,83580000,3,4,83610000,36161
6,2787,83610000,83610000,3,4,83640000,36174
6,2788,83640000,83640000,3,4,83670000,36187
6,2789,83670000,83670000,3,4,83700000,36202
6,279,8370000,8370000,3,4,8400000,3630
6,2790,83700000,83700000,3,4,83730000,36215
6,2791,83730000,83730000,3,4,83760000,36228
6,2792,83760000,83760000,3,4,83790000,36238
6,2793,83790000,83790000,3,4,83820000,36252
6,2794,83820000,83820000,3,4,83850000,36267
6,2795,83850000,83850000,3,4,83880000,36279
6,2796,83880000,83880000,3,4,83910000,36292
6,2797,83910000,83910000,3,4,83940000,36305
6,2798,83940000,83940000,3,4,83970000,36316
6,2799,83970000,83970000,3,4,84000000,36332
6,28,840000,840000,3,4,870000,371
6,280,8400000,8400000,3,4,8430000,3643
6,2800,84000000,84000000,3,4,84030000,36344
6,2801,84030000,84030000,3,4,84060000,36356
6,2802,84060000,84060000,3,4,84090000,36369
6,2803,84090000,84090000,3,4,84120000,36382
6,2804,84120000,84120000,3,4,84150000,36396
6,2805,84150000,84150000,3,4,84180000,36410
6,2806,84180000,84180000,3,4,84210000,36421
6,2807,84210000,84210000,3,4,84240000,36434
6,2808,84240000,84240000,3,4,84270000,36446
6,2809,84270000,84270000,3,4,84300000,36462
6,281,8430000,8430000,3,4,8460000,3655
6,2810,84300000,84300000,3,4,84330000,36474
6,2811,84330000,84330000,3,4,84360000,36487
6,2812,84360000,84360000,3,4,84390000,36499
6,2813,84390000,84390000,3,4,84420000,36511
6,2814,84420000,84420000,3,4,84450000,36526
6,2815,84450000,84450000,3,4,84480000,36539
6,2816,84480000,84480000,3,4,84510000,36551
6,2817,84510000,84510000,3,4,84540000,36564
6,2818,84540000,84540000,3,4,84570000,36576
6,2819,84570000,84570000,3,4,84600000,36592
6,282,8460000,8460000,3,4,8490000,3667
6,2820,84600000,84600000,3,4,84630000,36603
6,2821,84630000,84630000,3,4,84660000,36616
6,2822,84660000,84660000,3,4,84690000,36628
6,2823,84690000,84690000,3,4,84720000,36641
6,2824,84720000,84720000,3,4,84750000,36657
6,2825,84750000,84750000,3,4,84780000,36669
6,2826,84780000,84780000,3,4,84810000,36681
6,2827,84810000,84810000,3,4,84840000,36694
6,2828,84840000,84840000,3,4,84870000,36705
6,2829,84870000,84870000,3,4,84900000,36721
6,283,8490000,8490000,3,4,8520000,3681
6,2830,84900000,84900000,3,4,84930000,36734
6,2831,84930000,84930000,3,4,84960000,36746
6,2832,84960000,84960000,3,4,84990000,36758
6,2833,84990000,84990000,3,4,85020000,36772
6,2834,85020000,85020000,3,4,85050000,36785
6,2835,85050000,85050000,3,4,85080000,36798
6,2836,85080000,85080000,3,4,85110000,36811
6,2837,85110000,85110000,3,4,85140000,36823
6,2838,85140000,85140000,3,4,85170000,36835
6,2839,85170000,85170000,3,4,85200000,36852
6,284,8520000,8520000,3,4,8550000,3695
6,2840,85200000,85200000,3,4,85230000,36863
6,2841,85230000,85230000,3,4,85260000,36876
6,2842,85260000,85260000,3,4,85290000,36888
6,2843,85290000,85290000,3,4,85320000,36900
6,2844,85320000,85320000,3,4,85350000,36916
6,2845,85350000,85350000,3,4,85380000,36929
6,2846,85380000,85380000,3,4,85410000,36940
6,2847,85410000,85410000,3,4,85440000,36954
6,2848,85440000,85440000,3,4,85470000,36965
6,2849,85470000,85470000,3,4,85500000,36980
6,285,8550000,8550000,3,4,8580000,3708
6,2850,85500000,85500000,3,4,85530000,36993
6,2851,85530000,85530000,3,4,85560000,37006
6,2852,85560000,85560000,3,4,85590000,37017
6,2853,85590000,85590000,3,4,85620000,37031
6,2854,85620000,85620000,3,4,85650000,37046
6,2855,85650000,85650000,3,4,85680000,37057
6,2856,85680000,85680000,3,4,85710000,37070
6,2857,85710000,85710000,3,4,85740000,37083
6,2858,85740000,85740000,3,4,85770000,37095
6,2859,85770000,85770000,3,4,85800000,37111
6,286,8580000,8580000,3,4,8610000,3720
6,2860,85800000,85800000,3,4,85830000,37123
6,2861,85830000,85830000,3,4,85860000,37136
6,2862,85860000,85860000,3,4,85890000,37147
6,2863,85890000,85890000,3,4,85920000,37160
6,2864,85920000,85920000,3,4,85950000,37175
6,2865,85950000,85950000,3,4,85980000,37188
6,2866,85980000,85980000,3,4,86010000,37200
6,2867,86010000,86010000,3,4,86040000,37213
6,2868,86040000,86040000,3,4,86070000,37225
6,2869,86070000,86070000,3,4,86100000,37240
6,287,8610000,8610000,3,4,8640000,3732
6,2870,86100000,86100000,3,4,86130000,37252
6,2871,86130000,86130000,3,4,86160000,37265
6,2872,86160000,86160000,3,4,86190000,37277
6,2873,86190000,86190000,3,4,86220000,37290
6,2874,86220000,86220000,3,4,86250000,37305
6,2875,86250000,86250000,3,4,86280000,37319
6,2876,86280000,86280000,3,4,86310000,37329
6,2877,86310000,86310000,3,4,86340000,37342
6,2878,86340000,86340000,3,4,86370000,37355
6,2879,86370000,86370000,3,4,86400000,37370
6,288,8640000,8640000,3,4,8670000,3744
6,2880,86400000,86400000,3,4,86430000,37382
6,2881,86430000,86430000,3,4,86460000,37396
6,2882,86460000,86460000,3,4,86490000,37407
6,2883,86490000,86490000,3,4,86520000,37419
6,2884,86520000,86520000,3,4,86550000,37435
6,2885,86550000,86550000,3,4,86580000,37447
6,2886,86580000,86580000,3,4,86610000,37459
6,2887,86610000,86610000,3,4,86640000,37473
6,2888,86640000,86640000,3,4,86670000,37484
6,2889,86670000,86670000,3,4,86700000,37500
6,289,8670000,8670000,3,4,8700000,3761
6,2890,86700000,86700000,3,4,86730000,37512
6,2891,86730000,86730000,3,4,86760000,37524
6,2892,86760000,86760000,3,4,86790000,37537
6,2893,86790000,86790000,3,4,86820000,37550
6,2894,86820000,86820000,3,4,86850000,37564
6,2895,86850000,86850000,3,4,86880000,37578
6,2896,86880000,86880000,3,4,86910000,37590
6,2897,86910000,86910000,3,4,86940000,37601
6,2898,86940000,86940000,3,4,86970000,37614
6,2899,86970000,86970000,3,4,87000000,37630
6,29,870000,870000,3,4,900000,386
6,290,8700000,8700000,3,4,8730000,3772
6,2900,87000000,87000000,3,4,87030000,37641
6,2901,87030000,87030000,3,4,87060000,37655
6,2902,87060000,87060000,3,4,87090000,37667
6,2903,87090000,87090000,3,4,87120000,37679
6,2904,87120000,87120000,3,4,87150000,37694
6,2905,87150000,87150000,3,4,87180000,37707
6,2906,87180000,87180000,3,4,87210000,37718
6,2907,87210000,87210000,3,4,87240000,37732
6,2908,87240000,87240000,3,4,87270000,37744
6,2909,87270000,87270000,3,4,87300000,37760
6,291,8730000,8730000,3,4,8760000,3786
6,2910,87300000,87300000,3,4,87330000,37772
6,2911,87330000,87330000,3,4,87360000,37784
6,2912,87360000,87360000,3,4,87390000,37796
6,2913,87390000,87390000,3,4,87420000,37809
6,2914,87420000,87420000,3,4,87450000,37824
6,2915,87450000,87450000,3,4,87480000,37837
6,2916,87480000,87480000,3,4,87510000,37849
6,2917,87510000,87510000,3,4,87540000,37862
6,2918,87540000,87540000,3,4,87570000,37873
6,2919,87570000,87570000,3,4,87600000,37889
6,292,8760000,8760000,3,4,8790000,3798
6,2920,87600000,87600000,3,4,87630000,37901
6,2921,87630000,87630000,3,4,87660000,37914
6,2922,87660000,87660000,3,4,87690000,37926
6,2923,87690000,87690000,3,4,87720000,37939
6,2924,87720000,87720000,3,4,87750000,37954
6,2925,87750000,87750000,3,4,87780000,37966
6,2926,87780000,87780000,3,4,87810000,37979
6,2927,87810000,87810000,3,4,87840000,37991
6,2928,87840000,87840000,3,4,87870000,38003
6,2929,87870000,87870000,3,4,87900000,38020
6,293,8790000,8790000,3,4,8820000,3809
6,2930,87900000,87900000,3,4,87930000,38031
6,2931,87930000,87930000,3,4,87960000,38044
6,2932,87960000,87960000,3,4,87990000,38056
6,2933,87990000,87990000,3,4,88020000,38068
6,2934,88020000,88020000,3,4,88050000,38083
6,2935,88050000,88050000,3,4,88080000,38097
6,2936,88080000,88080000,3,4,88110000,38108
6,2937,88110000,88110000,3,4,88140000,38121
6,2938,88140000,88140000,3,4,88170000,38134
6,2939,88170000,88170000,3,4,88200000,38148
6,294,8820000,8820000,3,4,8850000,3825
6,2940,88200000,88200000,3,4,88230000,38160
6,2941,88230000,88230000,3,4,88260000,38174
6,2942,88260000,88260000,3,4,88290000,38185
6,2943,88290000,88290000,3,4,88320000,38199
6,2944,88320000,88320000,3,4,88350000,38214
6,2945,88350000,88350000,3,4,88380000,38226
6,2946,88380000,88380000,3,4,88410000,38238
6,2947,88410000,88410000,3,4,88440000,38251
6,2948,88440000,88440000,3,4,88470000,38262
6,2949,88470000,88470000,3,4,88500000,38279
6,295,8850000,8850000,3,4,8880000,3838
6,2950,88500000,88500000,3,4,88530000,38291
6,2951,88530000,88530000,3,4,88560000,38303
6,2952,88560000,88560000,3,4,88590000,38316
6,2953,88590000,88590000,3,4,88620000,38328
6,2954,88620000,88620000,3,4,88650000,38342
6,2955,88650000,88650000,3,4,88680000,38356
6,2956,88680000,88680000,3,4,88710000,38368
6,2957,88710000,88710000,3,4,88740000,38380
6,2958,88740000,88740000,3,4,88770000,38393
6,2959,88770000,88770000,3,4,88800000,38409
6,296,8880000,8880000,3,4,8910000,3849
6,2960,88800000,88800000,3,4,88830000,38420
6,2961,88830000,88830000,3,4,88860000,38433
6,2962,88860000,88860000,3,4,88890000,38445
6,2963,88890000,88890000,3,4,88920000,38458
6,2964,88920000,88920000,3,4,88950000,38473
6,2965,88950000,88950000,3,4,88980000,38486
6,2966,88980000,88980000,3,4,89010000,38498
6,2967,89010000,89010000,3,4,89040000,38510
6,2968,89040000,89040000,3,4,89070000,38522
6,2969,89070000,89070000,3,4,89100000,38538
6,297,8910000,8910000,3,4,8940000,3863
6,2970,89100000,89100000,3,4,89130000,38550
6,2971,89130000,89130000,3,4,89160000,38563
6,2972,89160000,89160000,3,4,89190000,38575
6,2973,89190000,89190000,3,4,89220000,38588
6,2974,89220000,89220000,3,4,89250000,38602
6,2975,89250000,89250000,3,4,89280000,38615
6,2976,89280000,89280000,3,4,89310000,38627
6,2977,89310000,89310000,3,4,89340000,38641
6,2978,89340000,89340000,3,4,89370000,38652
6,2979,89370000,89370000,3,4,89400000,38668
6,298,8940000,8940000,3,4,8970000,3875
6,2980,89400000,89400000,3,4,89430000,38681
6,2981,89430000,89430000,3,4,89460000,38692
6,2982,89460000,89460000,3,4,89490000,38704
6,2983,89490000,89490000,3,4,89520000,38718
6,2984,89520000,89520000,3,4,89550000,38732
6,2985,89550000,89550000,3,4,89580000,38745
6,2986,89580000,89580000,3,4,89610000,38758
6,2987,89610000,89610000,3,4,89640000,38770
6,2988,89640000,89640000,3,4,89670000,38781
6,2989,89670000,89670000,3,4,89700000,38798
6,299,8970000,8970000,3,4,9000000,3890
6,2990,89700000,89700000,3,4,89730000,38809
6,2991,89730000,89730000,3,4,89760000,38822
6,2992,89760000,89760000,3,4,89790000,38835
6,2993,89790000,89790000,3,4,89820000,38847
6,2994,89820000,89820000,3,4,89850000,38863
6,2995,89850000,89850000,3,4,89880000,38875
6,2996,89880000,89880000,3,4,89910000,38886
6,2997,89910000,89910000,3,4,89940000,38900
6,2998,89940000,89940000,3,4,89970000,38912
6,2999,89970000,89970000,3,4,90000000,38927
6,3,90000,90000,3,4,120000,47
6,30,900000,900000,3,4,930000,398
6,300,9000000,9000000,3,4,9030000,3902
6,3000,90000000,90000000,3,4,90030000,38940
6,3001,90030000,90030000,3,4,90060000,38953
6,3002,90060000,90060000,3,4,90090000,38963
6,3003,90090000,90090000,3,4,90120000,38977
6,3004,90120000,90120000,3,4,90150000,38992
6,3005,90150000,90150000,3,4,90180000,39004
6,3006,90180000,90180000,3,4,90210000,39017
6,3007,90210000,90210000,3,4,90240000,39030
6,3008,90240000,90240000,3,4,90270000,39041
6,3009,90270000,90270000,3,4,90300000,39057
6,301,9030000,9030000,3,4,9060000,3915
6,3010,90300000,90300000,3,4,90330000,39069
6,3011,90330000,90330000,3,4,90360000,39082
6,3012,90360000,90360000,3,4,90390000,39094
6,3013,90390000,90390000,3,4,90420000,39107
6,3014,90420000,90420000,3,4,90450000,39122
6,3015,90450000,90450000,3,4,90480000,39135
6,3016,90480000,90480000,3,4,90510000,39146
6,3017,90510000,90510000,3,4,90540000,39159
6,3018,90540000,90540000,3,4,90570000,39171
6,3019,90570000,90570000,3,4,90600000,39187
6,302,9060000,9060000,3,4,9090000,3926
6,3020,90600000,90600000,3,4,90630000,39199
6,3021,90630000,90630000,3,4,90660000,39212
6,3022,90660000,90660000,3,4,90690000,39224
6,3023,90690000,90690000,3,4,90720000,39236
6,3024,90720000,90720000,3,4,90750000,39251
6,3025,90750000,90750000,3,4,90780000,39264
6,3026,90780000,90780000,3,4,90810000,39276
6,3027,90810000,90810000,3,4,90840000,39289
6,3028,90840000,90840000,3,4,90870000,39302
6,3029,90870000,90870000,3,4,90900000,39317
6,303,9090000,9090000,3,4,9120000,3940
6,3030,90900000,90900000,3,4,90930000,39328
6,3031,90930000,90930000,3,4,90960000,39342
6,3032,90960000,90960000,3,4,90990000,39353
6,3033,90990000,90990000,3,4,91020000,39366
6,3034,91020000,91020000,3,4,91050000,39382
6,3035,91050000,91050000,3,4,91080000,39394
6,3036,91080000,91080000,3,4,91110000,39406
6,3037,91110000,91110000,3,4,91140000,39419
6,3038,91140000,91140000,3,4,91170000,39430
6,3039,91170000,91170000,3,4,91200000,39446
6,304,9120000,9120000,3,4,9150000,3955
6,3040,91200000,91200000,3,4,91230000,39459
6,3041,91230000,91230000,3,4,91260000,39471
6,3042,91260000,91260000,3,4,91290000,39483
6,3043,91290000,91290000,3,4,91320000,39497
6,3044,91320000,91320000,3,4,91350000,39510
6,3045,91350000,91350000,3,4,91380000,39524
6,3046,91380000,91380000,3,4,91410000,39536
6,3047,91410000,91410000,3,4,91440000,39548
6,3048,91440000,91440000,3,4,91470000,39561
6,3049,91470000,91470000,3,4,91500000,39577
6,305,9150000,9150000,3,4,9180000,3967
6,3050,91500000,91500000,3,4,91530000,39588
6,3051,91530000,91530000,3,4,91560000,39601
6,3052,91560000,91560000,3,4,91590000,39613
6,3053,91590000,91590000,3,4,91620000,39625
6,3054,91620000,91620000,3,4,91650000,39641
6,3055,91650000,91650000,3,4,91680000,39654
6,3056,91680000,91680000,3,4,91710000,39665
6,3057,91710000,91710000,3,4,91740000,39679
6,3058,91740000,91740000,3,4,91770000,39690
6,3059,91770000,91770000,3,4,91800000,39705
6,306,9180000,9180000,3,4,9210000,3980
6,3060,91800000,91800000,3,4,91830000,39718
6,3061,91830000,91830000,3,4,91860000,39731
6,3062,91860000,91860000,3,4,91890000,39743
6,3063,91890000,91890000,3,4,91920000,39756
6,3064,91920000,91920000,3,4,91950000,39771
6,3065,91950000,91950000,3,4,91980000,39783
6,3066,91980000,91980000,3,4,92010000,39795
6,3067,92010000,92010000,3,4,92040000,39808
6,3068,92040000,92040000,3,4,92070000,39820
6,3069,92070000,92070000,3,4,92100000,39836
6,307,9210000,9210000,3,4,9240000,3992
6,3070,92100000,92100000,3,4,92130000,39848
6,3071,92130000,92130000,3,4,92160000,39861
6,3072,92160000,92160000,3,4,92190000,39872
6,3073,92190000,92190000,3,4,92220000,39885
6,3074,92220000,92220000,3,4,92250000,39900
6,3075,92250000,92250000,3,4,92280000,39913
6,3076,92280000,92280000,3,4,92310000,39925
6,3077,92310000,92310000,3,4,92340000,39938
6,3078,92340000,92340000,3,4,92370000,39950
6,3079,92370000,92370000,3,4,92400000,39966
6,308,9240000,9240000,3,4,9270000,4004
6,3080,92400000,92400000,3,4,92430000,39977
6,3081,92430000,92430000,3,4,92460000,39990
6,3082,92460000,92460000,3,4,92490000,40003
6,3083,92490000,92490000,3,4,92520000,40015
6,3084,92520000,92520000,3,4,92550000,40030
6,3085,92550000,92550000,3,4,92580000,40044
6,3086,92580000,92580000,3,4,92610000,40054
6,3087,92610000,92610000,3,4,92640000,40067
6,3088,92640000,92640000,3,4,92670000,40080
6,3089,92670000,92670000,3,4,92700000,40095
6,309,9270000,9270000,3,4,9300000,4020
6,3090,92700000,92700000,3,4,92730000,40107
6,3091,92730000,92730000,3,4,92760000,40121
6,3092,92760000,92760000,3,4,92790000,40132
6,3093,92790000,92790000,3,4,92820000,40144
6,3094,92820000,92820000,3,4,92850000,40160
6,3095,92850000,92850000,3,4,92880000,40172
6,3096,92880000,92880000,3,4,92910000,40185
6,3097,92910000,92910000,3,4,92940000,40198
6,3098,92940000,92940000,3,4,92970000,40209
6,3099,92970000,92970000,3,4,93000000,40226
6,31,930000,930000,3,4,960000,412
6,310,9300000,9300000,3,4,9330000,4032
6,3100,93000000,93000000,3,4,93030000,40237
6,3101,93030000,93030000,3,4,93060000,40249
6,3102,93060000,93060000,3,4,93090000,40262
6,3103,93090000,93090000,3,4,93120000,40275
6,3104,93120000,93120000,3,4,93150000,40289
6,3105,93150000,93150000,3,4,93180000,40303
6,3106,93180000,93180000,3,4,93210000,40315
6,3107,93210000,93210000,3,4,93240000,40326
6,3108,93240000,93240000,3,4,93270000,40339
6,3109,93270000,93270000,3,4,93300000,40355
6,311,9330000,9330000,3,4,9360000,4045
6,3110,93300000,93300000,3,4,93330000,40366
6,3111,93330000,93330000,3,4,93360000,40380
6,3112,93360000,93360000,3,4,93390000,40392
6,3113,93390000,93390000,3,4,93420000,40405
6,3114,93420000,93420000,3,4,93450000,40419
6,3115,93450000,93450000,3,4,93480000,40432
6,3116,93480000,93480000,3,4,93510000,40444
6,3117,93510000,93510000,3,4,93540000,40457
6,3118,93540000,93540000,3,4,93570000,40469
6,3119,93570000,93570000,3,4,93600000,40485
6,312,9360000,9360000,3,4,9390000,4057
6,3120,93600000,93600000,3,4,93630000,40497
6,3121,93630000,93630000,3,4,93660000,40509
6,3122,93660000,93660000,3,4,93690000,40521
6,3123,93690000,93690000,3,4,93720000,40534
6,3124,93720000,93720000,3,4,93750000,40549
6,3125,93750000,93750000,3,4,93780000,40562
6,3126,93780000,93780000,3,4,93810000,40574
6,3127,93810000,93810000,3,4,93840000,40587
6,3128,93840000,93840000,3,4,93870000,40598
6,3129,93870000,93870000,3,4,93900000,40614
6,313,9390000,9390000,3,4,9420000,4070
6,3130,93900000,93900000,3,4,93930000,40627
6,3131,93930000,93930000,3,4,93960000,40639
6,3132,93960000,93960000,3,4,93990000,40651
6,3133,93990000,93990000,3,4,94020000,40665
6,3134,94020000,94020000,3,4,94050000,40679
6,3135,94050000,94050000,3,4,94080000,40691
6,3136,94080000,94080000,3,4,94110000,40704
6,3137,94110000,94110000,3,4,94140000,40716
6,3138,94140000,94140000,3,4,94170000,40728
6,3139,94170000,94170000,3,4,94200000,40745
6,314,9420000,9420000,3,4,9450000,4084
6,3140,94200000,94200000,3,4,94230000,40756
6,3141,94230000,94230000,3,4,94260000,40769
6,3142,94260000,94260000,3,4,94290000,40781
6,3143,94290000,94290000,3,4,94320000,40793
6,3144,94320000,94320000,3,4,94350000,40808
6,3145,94350000,94350000,3,4,94380000,40822
6,3146,94380000,94380000,3,4,94410000,40833
6,3147,94410000,94410000,3,4,94440000,40847
6,3148,94440000,94440000,3,4,94470000,40859
6,3149,94470000,94470000,3,4,94500000,40873
6,315,9450000,9450000,3,4,9480000,4097
6,3150,94500000,94500000,3,4,94530000,40886
6,3151,94530000,94530000,3,4,94560000,40899
6,3152,94560000,94560000,3,4,94590000,40910
6,3153,94590000,94590000,3,4,94620000,40924
6,3154,94620000,94620000,3,4,94650000,40939
6,3155,94650000,94650000,3,4,94680000,40951
6,3156,94680000,94680000,3,4,94710000,40963
6,3157,94710000,94710000,3,4,94740000,40976
6,3158,94740000,94740000,3,4,94770000,40987
6,3159,94770000,94770000,3,4,94800000,41004
6,316,9480000,9480000,3,4,9510000,4109
6,3160,94800000,94800000,3,4,94830000,41016
6,3161,94830000,94830000,3,4,94860000,41028
6,3162,94860000,94860000,3,4,94890000,41041
6,3163,94890000,94890000,3,4,94920000,41053
6,3164,94920000,94920000,3,4,94950000,41068
6,3165,94950000,94950000,3,4,94980000,41081
6,3166,94980000,94980000,3,4,95010000,41093
6,3167,95010000,95010000,3,4,95040000,41106
6,3168,95040000,95040000,3,4,95070000,41118
6,3169,95070000,95070000,3,4,95100000,41134
6,317,9510000,9510000,3,4,9540000,4122
6,3170,95100000,95100000,3,4,95130000,41145
6,3171,95130000,95130000,3,4,95160000,41158
6,3172,95160000,95160000,3,4,95190000,41170
6,3173,95190000,95190000,3,4,95220000,41183
6,3174,95220000,95220000,3,4,95250000,41198
6,3175,95250000,95250000,3,4,95280000,41211
6,3176,95280000,95280000,3,4,95310000,41223
6,3177,95310000,95310000,3,4,95340000,41235
6,3178,95340000,95340000,3,4,95370000,41247
6,3179,95370000,95370000,3,4,95400000,41263
6,318,9540000,9540000,3,4,9570000,4134
6,3180,95400000,95400000,3,4,95430000,41275
6,3181,95430000,95430000,3,4,95460000,41289
6,3182,95460000,95460000,3,4,95490000,41300
6,3183,95490000,95490000,3,4,95520000,41313
6,3184,95520000,95520000,3,4,95550000,41328
6,3185,95550000,95550000,3,4,95580000,41340
6,3186,95580000,95580000,3,4,95610000,41352
6,3187,95610000,95610000,3,4,95640000,41366
6,3188,95640000,95640000,3,4,95670000,41377
6,3189,95670000,95670000,3,4,95700000,41393
6,319,9570000,9570000,3,4,9600000,4150
6,3190,95700000,95700000,3,4,95730000,41406
6,3191,95730000,95730000,3,4,95760000,41417
6,3192,95760000,95760000,3,4,95790000,41429
6,3193,95790000,95790000,3,4,95820000,41443
6,3194,95820000,95820000,3,4,95850000,41457
6,3195,95850000,95850000,3,4,95880000,41470
6,3196,95880000,95880000,3,4,95910000,41483
6,3197,95910000,95910000,3,4,95940000,41495
6,3198,95940000,95940000,3,4,95970000,41507
6,3199,95970000,95970000,3,4,96000000,41523
6,32,960000,960000,3,4,990000,423
6,320,9600000,9600000,3,4,9630000,4162
6,3200,96000000,96000000,3,4,96030000,41534
6,3201,96030000,96030000,3,4,96060000,41548
6,3202,96060000,96060000,3,4,96090000,41560
6,3203,96090000,96090000,3,4,96120000,41572
6,3204,96120000,96120000,3,4,96150000,41588
6,3205,96150000,96150000,3,4,96180000,41600
6,3206,96180000,96180000,3,4,96210000,41611
6,3207,96210000,96210000,3,4,96240000,41625
6,3208,96240000,96240000,3,4,96270000,41637
6,3209,96270000,96270000,3,4,96300000,41652
6,321,9630000,9630000,3,4,9660000,4174
6,3210,96300000,96300000,3,4,96330000,41665
6,3211,96330000,96330000,3,4,96360000,41678
6,3212,96360000,96360000,3,4,96390000,41688
6,3213,96390000,96390000,3,4,96420000,41702
6,3214,96420000,96420000,3,4,96450000,41717
6,3215,96450000,96450000,3,4,96480000,41730
6,3216,96480000,96480000,3,4,96510000,41742
6,3217,96510000,96510000,3,4,96540000,41755
6,3218,96540000,96540000,3,4,96570000,41767
6,3219,96570000,96570000,3,4,96600000,41782
6,322,9660000,9660000,3,4,9690000,4186
6,3220,96600000,96600000,3,4,96630000,41794
6,3221,96630000,96630000,3,4,96660000,41807
6,3222,96660000,96660000,3,4,96690000,41819
6,3223,96690000,96690000,3,4,96720000,41832
6,3224,96720000,96720000,3,4,96750000,41847
6,3225,96750000,96750000,3,4,96780000,41860
6,3226,96780000,96780000,3,4,96810000,41871
6,3227,96810000,96810000,3,4,96840000,41884
6,3228,96840000,96840000,3,4,96870000,41896
6,3229,96870000,96870000,3,4,96900000,41912
6,323,9690000,9690000,3,4,9720000,4199
6,3230,96900000,96900000,3,4,96930000,41924
6,3231,96930000,96930000,3,4,96960000,41937
6,3232,96960000,96960000,3,4,96990000,41950
6,3233,96990000,96990000,3,4,97020000,41961
6,3234,97020000,97020000,3,4,97050000,41976
6,3235,97050000,97050000,3,4,97080000,41990
6,3236,97080000,97080000,3,4,97110000,42001
6,3237,97110000,97110000,3,4,97140000,42014
6,3238,97140000,97140000,3,4,97170000,42027
6,3239,97170000,97170000,3,4,97200000,42042
6,324,9720000,9720000,3,4,9750000,4214
6,3240,97200000,97200000,3,4,97230000,42053
6,3241,97230000,97230000,3,4,97260000,42067
6,3242,97260000,97260000,3,4,97290000,42078
6,3243,97290000,97290000,3,4,97320000,42091
6,3244,97320000,97320000,3,4,97350000,42107
6,3245,97350000,97350000,3,4,97380000,42119
6,3246,97380000,97380000,3,4,97410000,42131
6,3247,97410000,97410000,3,4,97440000,42144
6,3248,97440000,97440000,3,4,97470000,42155
6,3249,97470000,97470000,3,4,97500000,42172
6,325,9750000,9750000,3,4,9780000,4228
6,3250,97500000,97500000,3,4,97530000,42184
6,3251,97530000,97530000,3,4,97560000,42196
6,3252,97560000,97560000,3,4,97590000,42209
6,3253,97590000,97590000,3,4,97620000,42222
6,3254,97620000,97620000,3,4,97650000,42235
6,3255,97650000,97650000,3,4,97680000,42249
6,3256,97680000,97680000,3,4,97710000,42261
6,3257,97710000,97710000,3,4,97740000,42273
6,3258,97740000,97740000,3,4,97770000,42286
6,3259,97770000,97770000,3,4,97800000,42302
6,326,9780000,9780000,3,4,9810000,4239
6,3260,97800000,97800000,3,4,97830000,42313
6,3261,97830000,97830000,3,4,97860000,42326
6,3262,97860000,97860000,3,4,97890000,42338
6,3263,97890000,97890000,3,4,97920000,42350
6,3264,97920000,97920000,3,4,97950000,42366
6,3265,97950000,97950000,3,4,97980000,42379
6,3266,97980000,97980000,3,4,98010000,42391
6,3267,98010000,98010000,3,4,98040000,42404
6,3268,98040000,98040000,3,4,98070000,42415
6,3269,98070000,98070000,3,4,98100000,42431
6,327,9810000,9810000,3,4,9840000,4252
6,3270,98100000,98100000,3,4,98130000,42443
6,3271,98130000,98130000,3,4,98160000,42456
6,3272,98160000,98160000,3,4,98190000,42468
6,3273,98190000,98190000,3,4,98220000,42481
6,3274,98220000,98220000,3,4,98250000,42496
6,3275,98250000,98250000,3,4,98280000,42508
6,3276,98280000,98280000,3,4,98310000,42520
6,3277,98310000,98310000,3,4,98340000,42533
6,3278,98340000,98340000,3,4,98370000,42545
6,3279,98370000,98370000,3,4,98400000,42561
6,328,9840000,9840000,3,4,9870000,4264
6,3280,98400000,98400000,3,4,98430000,42573
6,3281,98430000,98430000,3,4,98460000,42586
6,3282,98460000,98460000,3,4,98490000,42597
6,3283,98490000,98490000,3,4,98520000,42611
6,3284,98520000,98520000,3,4,98550000,42625
6,3285,98550000,98550000,3,4,98580000,42638
6,3286,98580000,98580000,3,4,98610000,42651
6,3287,98610000,98610000,3,4,98640000,42663
6,3288,98640000,98640000,3,4,98670000,42675
6,3289,98670000,98670000,3,4,98700000,42691
6,329,9870000,9870000,3,4,9900000,4279
6,3290,98700000,98700000,3,4,98730000,42702
6,3291,98730000,98730000,3,4,98760000,42715
6,3292,98760000,98760000,3,4,98790000,42728
6,3293,98790000,98790000,3,4,98820000,42740
6,3294,98820000,98820000,3,4,98850000,42755
6,3295,98850000,98850000,3,4,98880000,42769
6,3296,98880000,98880000,3,4,98910000,42779
6,3297,98910000,98910000,3,4,98940000,42792
6,3298,98940000,98940000,3,4,98970000,42805
6,3299,98970000,98970000,3,4,99000000,42820
6,33,990000,990000,3,4,1020000,436
6,330,9900000,9900000,3,4,9930000,4291
6,3300,99000000,99000000,3,4,99030000,42833
6,3301,99030000,99030000,3,4,99060000,42846
6,3302,99060000,99060000,3,4,99090000,42857
6,3303,99090000,99090000,3,4,99120000,42870
6,3304,99120000,99120000,3,4,99150000,42885
6,3305,99150000,99150000,3,4,99180000,42897
6,3306,99180000,99180000,3,4,99210000,42910
6,3307,99210000,99210000,3,4,99240000,42923
6,3308,99240000,99240000,3,4,99270000,42934
6,3309,99270000,99270000,3,4,99300000,42951
6,331,9930000,9930000,3,4,9960000,4305
6,3310,99300000,99300000,3,4,99330000,42962
6,3311,99330000,99330000,3,4,99360000,42974
6,3312,99360000,99360000,3,4,99390000,42987
6,3313,99390000,99390000,3,4,99420000,43000
6,3314,99420000,99420000,3,4,99450000,43014
6,3315,99450000,99450000,3,4,99480000,43028
6,3316,99480000,99480000,3,4,99510000,43040
6,3317,99510000,99510000,3,4,99540000,43052
6,3318,99540000,99540000,3,4,99570000,43064
6,3319,99570000,99570000,3,4,99600000,43080
6,332,9960000,9960000,3,4,9990000,4316
6,3320,99600000,99600000,3,4,99630000,43092
6,3321,99630000,99630000,3,4,99660000,43105
6,3322,99660000,99660000,3,4,99690000,43117
6,3323,99690000,99690000,3,4,99720000,43130
6,3324,99720000,99720000,3,4,99750000,43144
6,3325,99750000,99750000,3,4,99780000,43157
6,3326,99780000,99780000,3,4,99810000,43169
6,3327,99810000,99810000,3,4,99840000,43182
6,3328,99840000,99840000,3,4,99870000,43194
6,3329,99870000,99870000,3,4,99900000,43210
6,333,9990000,9990000,3,4,10020000,4329
6,3330,99900000,99900000,3,4,99930000,43222
6,3331,99930000,99930000,3,4,99960000,43234
6,3332,99960000,99960000,3,4,99990000,43246
6,3333,99990000,99990000,3,4,100020000,43259
6,3334,100020000,100020000,3,4,100050000,43275
6,3335,100050000,100050000,3,4,100080000,43287
6,3336,100080000,100080000,3,4,100110000,43299
6,3337,100110000,100110000,3,4,100140000,43313
6,3338,100140000,100140000,3,4,100170000,43323
6,3339,100170000,100170000,3,4,100200000,43339
6,334,10020000,10020000,3,4,10050000,4345
6,3340,100200000,100200000,3,4,100230000,43352
6,3341,100230000,100230000,3,4,100260000,43364
6,3342,100260000,100260000,3,4,100290000,43376
6,3343,100290000,100290000,3,4,100320000,43390
6,3344,100320000,100320000,3,4,100350000,43404
6,3345,100350000,100350000,3,4,100380000,43416
6,3346,100380000,100380000,3,4,100410000,43429
6,3347,100410000,100410000,3,4,100440000,43441
6,3348,100440000,100440000,3,4,100470000,43453
6,3349,100470000,100470000,3,4,100500000,43470
6,335,10050000,10050000,3,4,10080000,4356
6,3350,100500000,100500000,3,4,100530000,43481
6,3351,100530000,100530000,3,4,100560000,43495
6,3352,100560000,100560000,3,4,100590000,43506
6,3353,100590000,100590000,3,4,100620000,43518
6,3354,100620000,100620000,3,4,100650000,43534
6,3355,100650000,100650000,3,4,100680000,43547
6,3356,100680000,100680000,3,4,100710000,43558
6,3357,100710000,100710000,3,4,100740000,43572
6,3358,100740000,100740000,3,4,100770000,43584
6,3359,100770000,100770000,3,4,100800000,43598
6,336,10080000,10080000,3,4,10110000,4368
6,3360,100800000,100800000,3,4,100830000,43611
6,3361,100830000,100830000,3,4,100860000,43624
6,3362,100860000,100860000,3,4,100890000,43635
6,3363,100890000,100890000,3,4,100920000,43649
6,3364,100920000,100920000,3,4,100950000,43664
6,3365,100950000,100950000,3,4,100980000,43676
6,3366,100980000,100980000,3,4,101010000,43688
6,3367,101010000,101010000,3,4,101040000,43701
6,3368,101040000,101040000,3,4,101070000,43713
6,3369,101070000,101070000,3,4,101100000,43729
6,337,10110000,10110000,3,4,10140000,4382
6,3370,101100000,101100000,3,4,101130000,43741
6,3371,101130000,101130000,3,4,101160000,43754
6,3372,101160000,101160000,3,4,101190000,43766
6,3373,101190000,101190000,3,4,101220000,43778
6,3374,101220000,101220000,3,4,101250000,43793
6,3375,101250000,101250000,3,4,101280000,43806
6,3376,101280000,101280000,3,4,101310000,43818
6,3377,101310000,101310000,3,4,101340000,43831
6,3378,101340000,101340000,3,4,101370000,43843
6,3379,101370000,101370000,3,4,101400000,43859
6,338,10140000,10140000,3,4,10170000,4393
6,3380,101400000,101400000,3,4,101430000,43870
6,3381,101430000,101430000,3,4,101460000,43883
6,3382,101460000,101460000,3,4,101490000,43895
6,3383,101490000,101490000,3,4,101520000,43908
6,3384,101520000,101520000,3,4,101550000,43923
6,3385,101550000,101550000,3,4,101580000,43937
6,3386,101580000,101580000,3,4,101610000,43948
6,3387,101610000,101610000,3,4,101640000,43960
6,3388,101640000,101640000,3,4,101670000,43973
6,3389,101670000,101670000,3,4,101700000,43988
6,339,10170000,10170000,3,4,10200000,4409
6,3390,101700000,101700000,3,4,101730000,44000
6,3391,101730000,101730000,3,4,101760000,44014
6,3392,101760000,101760000,3,4,101790000,44025
6,3393,101790000,101790000,3,4,101820000,44038
6,3394,101820000,101820000,3,4,101850000,44053
6,3395,101850000,101850000,3,4,101880000,44065
6,3396,101880000,101880000,3,4,101910000,44077
6,3397,101910000,101910000,3,4,101940000,44091
6,3398,101940000,101940000,3,4,101970000,44102
6,3399,101970000,101970000,3,4,102000000,44118
6,34,1020000,1020000,3,4,1050000,451
6,340,10200000,10200000,3,4,10230000,4422
6,3400,102000000,102000000,3,4,102030000,44131
6,3401,102030000,102030000,3,4,102060000,44142
6,3402,102060000,102060000,3,4,102090000,44155
6,3403,102090000,102090000,3,4,102120000,44168
6,3404,102120000,102120000,3,4,102150000,44182
6,3405,102150000,102150000,3,4,102180000,44196
6,3406,102180000,102180000,3,4,102210000,44208
6,3407,102210000,102210000,3,4,102240000,44220
6,3408,102240000,102240000,3,4,102270000,44232
6,3409,102270000,102270000,3,4,102300000,44248
6,341,10230000,10230000,3,4,10260000,4434
6,3410,102300000,102300000,3,4,102330000,44259
6,3411,102330000,102330000,3,4,102360000,44273
6,3412,102360000,102360000,3,4,102390000,44285
6,3413,102390000,102390000,3,4,102420000,44297
6,3414,102420000,102420000,3,4,102450000,44313
6,3415,102450000,102450000,3,4,102480000,44325
6,3416,102480000,102480000,3,4,102510000,44336
6,3417,102510000,102510000,3,4,102540000,44350
6,3418,102540000,102540000,3,4,102570000,44362
6,3419,102570000,102570000,3,4,102600000,44378
6,342,10260000,10260000,3,4,10290000,4446
6,3420,102600000,102600000,3,4,102630000,44390
6,3421,102630000,102630000,3,4,102660000,44403
6,3422,102660000,102660000,3,4,102690000,44414
6,3423,102690000,102690000,3,4,102720000,44427
6,3424,102720000,102720000,3,4,102750000,44442
6,3425,102750000,102750000,3,4,102780000,44455
6,3426,102780000,102780000,3,4,102810000,44467
6,3427,102810000,102810000,3,4,102840000,44480
6,3428,102840000,102840000,3,4,102870000,44492
6,3429,102870000,102870000,3,4,102900000,44507
6,343,10290000,10290000,3,4,10320000,4459
6,3430,102900000,102900000,3,4,102930000,44519
6,3431,102930000,102930000,3,4,102960000,44532
6,3432,102960000,102960000,3,4,102990000,44544
6,3433,102990000,102990000,3,4,103020000,44557
6,3434,103020000,103020000,3,4,103050000,44572
6,3435,103050000,103050000,3,4,103080000,44585
6,3436,103080000,103080000,3,4,103110000,44597
6,3437,103110000,103110000,3,4,103140000,44609
6,3438,103140000,103140000,3,4,103170000,44621
6,3439,103170000,103170000,3,4,103200000,44638
6,344,10320000,10320000,3,4,10350000,4473
6,3440,103200000,103200000,3,4,103230000,44649
6,3441,103230000,103230000,3,4,103260000,44662
6,3442,103260000,103260000,3,4,103290000,44675
6,3443,103290000,103290000,3,4,103320000,44686
6,3444,103320000,103320000,3,4,103350000,44701
6,3445,103350000,103350000,3,4,103380000,44715
6,3446,103380000,103380000,3,4,103410000,44726
6,3447,103410000,103410000,3,4,103440000,44739
6,3448,103440000,103440000,3,4,103470000,44752
6,3449,103470000,103470000,3,4,103500000,44767
6,345,10350000,10350000,3,4,10380000,4487
6,3450,103500000,103500000,3,4,103530000,44778
6,3451,103530000,103530000,3,4,103560000,44792
6,3452,103560000,103560000,3,4,103590000,44803
6,3453,103590000,103590000,3,4,103620000,44817
6,3454,103620000,103620000,3,4,103650000,44832
6,3455,103650000,103650000,3,4,103680000,44844
6,3456,103680000,103680000,3,4,103710000,44857
6,3457,103710000,103710000,3,4,103740000,44869
6,3458,103740000,103740000,3,4,103770000,44880
6,3459,103770000,103770000,3,4,103800000,44897
6,346,10380000,10380000,3,4,10410000,4499
6,3460,103800000,103800000,3,4,103830000,44909
6,3461,103830000,103830000,3,4,103860000,44921
6,3462,103860000,103860000,3,4,103890000,44934
6,3463,103890000,103890000,3,4,103920000,44947
6,3464,103920000,103920000,3,4,103950000,44960
6,3465,103950000,103950000,3,4,103980000,44974
6,3466,103980000,103980000,3,4,104010000,44986
6,3467,104010000,104010000,3,4,104040000,44998
6,3468,104040000,104040000,3,4,104070000,45011
6,3469,104070000,104070000,3,4,104100000,45027
6,347,10410000,10410000,3,4,10440000,4511
6,3470,104100000,104100000,3,4,104130000,45039
6,3471,104130000,104130000,3,4,104160000,45051
6,3472,104160000,104160000,3,4,104190000,45063
6,3473,104190000,104190000,3,4,104220000,45076
6,3474,104220000,104220000,3,4,104250000,45091
6,3475,104250000,104250000,3,4,104280000,45104
6,3476,104280000,104280000,3,4,104310000,45116
6,3477,104310000,104310000,3,4,104340000,45129
6,3478,104340000,104340000,3,4,104370000,45140
6,3479,104370000,104370000,3,4,104400000,45156
6,348,10440000,10440000,3,4,10470000,4524
6,3480,104400000,104400000,3,4,104430000,45168
6,3481,104430000,104430000,3,4,104460000,45181
6,3482,104460000,104460000,3,4,104490000,45193
6,3483,104490000,104490000,3,4,104520000,45206
6,3484,104520000,104520000,3,4,104550000,45221
6,3485,104550000,104550000,3,4,104580000,45233
6,3486,104580000,104580000,3,4,104610000,45245
6,3487,104610000,104610000,3,4,104640000,45259
6,3488,104640000,104640000,3,4,104670000,45270
6,3489,104670000,104670000,3,4,104700000,45286
6,349,10470000,10470000,3,4,10500000,4539
6,3490,104700000,104700000,3,4,104730000,45299
6,3491,104730000,104730000,3,4,104760000,45311
6,3492,104760000,104760000,3,4,104790000,45322
6,3493,104790000,104790000,3,4,104820000,45336
6,3494,104820000,104820000,3,4,104850000,45350
6,3495,104850000,104850000,3,4,104880000,45363
6,3496,104880000,104880000,3,4,104910000,45376
6,3497,104910000,104910000,3,4,104940000,45388
6,3498,104940000,104940000,3,4,104970000,45400
6,3499,104970000,104970000,3,4,105000000,45416
6,35,1050000,1050000,3,4,1080000,463
6,350,10500000,10500000,3,4,10530000,4550
6,3500,105000000,105000000,3,4,105030000,45427
6,3501,105030000,105030000,3,4,105060000,45440
6,3502,105060000,105060000,3,4,105090000,45453
6,3503,105090000,105090000,3,4,105120000,45465
6,3504,105120000,105120000,3,4,105150000,45481
6,3505,105150000,105150000,3,4,105180000,45494
6,3506,105180000,105180000,3,4,105210000,45504
6,3507,105210000,105210000,3,4,105240000,45518
6,3508,105240000,105240000,3,4,105270000,45530
6,3509,105270000,105270000,3,4,105300000,45545
6,351,10530000,10530000,3,4,10560000,4564
6,3510,105300000,105300000,3,4,105330000,45558
6,3511,105330000,105330000,3,4,105360000,45571
6,3512,105360000,105360000,3,4,105390000,45582
6,3513,105390000,105390000,3,4,105420000,45595
6,3514,105420000,105420000,3,4,105450000,45610
6,3515,105450000,105450000,3,4,105480000,45622
6,3516,105480000,105480000,3,4,105510000,45635
6,3517,105510000,105510000,3,4,105540000,45648
6,3518,105540000,105540000,3,4,105570000,45659
6,3519,105570000,105570000,3,4,105600000,45676
6,352,10560000,10560000,3,4,10590000,4576
6,3520,105600000,105600000,3,4,105630000,45687
6,3521,105630000,105630000,3,4,105660000,45700
6,3522,105660000,105660000,3,4,105690000,45712
6,3523,105690000,105690000,3,4,105720000,45725
6,3524,105720000,105720000,3,4,105750000,45740
6,3525,105750000,105750000,3,4,105780000,45753
6,3526,105780000,105780000,3,4,105810000,45765
6,3527,105810000,105810000,3,4,105840000,45777
6,3528,105840000,105840000,3,4,105870000,45789
6,3529,105870000,105870000,3,4,105900000,45805
6,353,10590000,10590000,3,4,10620000,4588
6,3530,105900000,105900000,3,4,105930000,45817
6,3531,105930000,105930000,3,4,105960000,45830
6,3532,105960000,105960000,3,4,105990000,45842
6,3533,105990000,105990000,3,4,106020000,45855
6,3534,106020000,106020000,3,4,106050000,45869
6,3535,106050000,106050000,3,4,106080000,45882
6,3536,106080000,106080000,3,4,106110000,45894
6,3537,106110000,106110000,3,4,106140000,45907
6,3538,106140000,106140000,3,4,106170000,45920
6,3539,106170000,106170000,3,4,106200000,45935
6,354,10620000,10620000,3,4,10650000,4604
6,3540,106200000,106200000,3,4,106230000,45947
6,3541,106230000,106230000,3,4,106260000,45960
6,3542,106260000,106260000,3,4,106290000,45971
6,3543,106290000,106290000,3,4,106320000,45984
6,3544,106320000,106320000,3,4,106350000,46000
6,3545,106350000,106350000,3,4,106380000,46012
6,3546,106380000,106380000,3,4,106410000,46024
6,3547,106410000,106410000,3,4,106440000,46038
6,3548,106440000,106440000,3,4,106470000,46048
6,3549,106470000,106470000,3,4,106500000,46064
6,355,10650000,10650000,3,4,10680000,4617
6,3550,106500000,106500000,3,4,106530000,46077
6,3551,106530000,106530000,3,4,106560000,46089
6,3552,106560000,106560000,3,4,106590000,46101
6,3553,106590000,106590000,3,4,106620000,46115
6,3554,106620000,106620000,3,4,106650000,46129
6,3555,106650000,106650000,3,4,106680000,46142
6,3556,106680000,106680000,3,4,106710000,46154
6,3557,106710000,106710000,3,4,106740000,46166
6,3558,106740000,106740000,3,4,106770000,46179
6,3559,106770000,106770000,3,4,106800000,46195
6,356,10680000,10680000,3,4,10710000,4627
6,3560,106800000,106800000,3,4,106830000,46206
6,3561,106830000,106830000,3,4,106860000,46220
6,3562,106860000,106860000,3,4,106890000,46231
6,3563,106890000,106890000,3,4,106920000,46243
6,3564,106920000,106920000,3,4,106950000,46259
6,3565,106950000,106950000,3,4,106980000,46272
6,3566,106980000,106980000,3,4,107010000,46283
6,3567,107010000,107010000,3,4,107040000,46297
6,3568,107040000,107040000,3,4,107070000,46309
6,3569,107070000,107070000,3,4,107100000,46323
6,357,10710000,10710000,3,4,10740000,4641
6,358,10740000,10740000,3,4,10770000,4653
6,359,10770000,10770000,3,4,10800000,4669
6,36,1080000,1080000,3,4,1110000,476
6,360,10800000,10800000,3,4,10830000,4681
6,361,10830000,10830000,3,4,10860000,4694
6,362,10860000,10860000,3,4,10890000,4706
6,363,10890000,10890000,3,4,10920000,4718
6,364,10920000,10920000,3,4,10950000,4733
6,365,10950000,10950000,3,4,10980000,4746
6,366,10980000,10980000,3,4,11010000,4758
6,367,11010000,11010000,3,4,11040000,4771
6,368,11040000,11040000,3,4,11070000,4783
6,369,11070000,11070000,3,4,11100000,4799
6,37,1110000,1110000,3,4,1140000,489
6,370,11100000,11100000,3,4,11130000,4810
6,371,11130000,11130000,3,4,11160000,4823
6,372,11160000,11160000,3,4,11190000,4835
6,373,11190000,11190000,3,4,11220000,4848
6,374,11220000,11220000,3,4,11250000,4863
6,375,11250000,11250000,3,4,11280000,4876
6,376,11280000,11280000,3,4,11310000,4889
6,377,11310000,11310000,3,4,11340000,4900
6,378,11340000,11340000,3,4,11370000,4912
6,379,11370000,11370000,3,4,11400000,4929
6,38,1140000,1140000,3,4,1170000,500
6,380,11400000,11400000,3,4,11430000,4940
6,381,11430000,11430000,3,4,11460000,4953
6,382,11460000,11460000,3,4,11490000,4966
6,383,11490000,11490000,3,4,11520000,4978
6,384,11520000,11520000,3,4,11550000,4992
6,385,11550000,11550000,3,4,11580000,5006
6,386,11580000,11580000,3,4,11610000,5017
6,387,11610000,11610000,3,4,11640000,5030
6,388,11640000,11640000,3,4,11670000,5043
6,389,11670000,11670000,3,4,11700000,5058
6,39,1170000,1170000,3,4,1200000,517
6,390,11700000,11700000,3,4,11730000,5070
6,391,11730000,11730000,3,4,11760000,5083
6,392,11760000,11760000,3,4,11790000,5094
6,393,11790000,11790000,3,4,11820000,5108
6,394,11820000,11820000,3,4,11850000,5123
6,395,11850000,11850000,3,4,11880000,5135
6,396,11880000,11880000,3,4,11910000,5148
6,397,11910000,11910000,3,4,11940000,5161
6,398,11940000,11940000,3,4,11970000,5171
6,399,11970000,11970000,3,4,12000000,5188
6,4,120000,120000,3,4,150000,62
6,40,1200000,1200000,3,4,1230000,529
6,400,12000000,12000000,3,4,12030000,5200
6,401,12030000,12030000,3,4,12060000,5212
6,402,12060000,12060000,3,4,12090000,5225
6,403,12090000,12090000,3,4,12120000,5238
6,404,12120000,12120000,3,4,12150000,5252
6,405,12150000,12150000,3,4,12180000,5265
6,406,12180000,12180000,3,4,12210000,5277
6,407,12210000,12210000,3,4,12240000,5289
6,408,12240000,12240000,3,4,12270000,5302
6,409,12270000,12270000,3,4,12300000,5318
6,41,1230000,1230000,3,4,1260000,540
6,410,12300000,12300000,3,4,12330000,5330
6,411,12330000,12330000,3,4,12360000,5343
6,412,12360000,12360000,3,4,12390000,5354
6,413,12390000,12390000,3,4,12420000,5367
6,414,12420000,12420000,3,4,12450000,5382
6,415,12450000,12450000,3,4,12480000,5395
6,416,12480000,12480000,3,4,12510000,5407
6,417,12510000,12510000,3,4,12540000,5420
6,418,12540000,12540000,3,4,12570000,5432
6,419,12570000,12570000,3,4,12600000,5447
6,42,1260000,1260000,3,4,1290000,553
6,420,12600000,12600000,3,4,12630000,5459
6,421,12630000,12630000,3,4,12660000,5472
6,422,12660000,12660000,3,4,12690000,5484
6,423,12690000,12690000,3,4,12720000,5497
6,424,12720000,12720000,3,4,12750000,5512
6,425,12750000,12750000,3,4,12780000,5525
6,426,12780000,12780000,3,4,12810000,5536
6,427,12810000,12810000,3,4,12840000,5550
6,428,12840000,12840000,3,4,12870000,5561
6,429,12870000,12870000,3,4,12900000,5577
6,43,1290000,1290000,3,4,1320000,566
6,430,12900000,12900000,3,4,12930000,5590
6,431,12930000,12930000,3,4,12960000,5602
6,432,12960000,12960000,3,4,12990000,5614
6,433,12990000,12990000,3,4,13020000,5627
6,434,13020000,13020000,3,4,13050000,5641
6,435,13050000,13050000,3,4,13080000,5654
6,436,13080000,13080000,3,4,13110000,5667
6,437,13110000,13110000,3,4,13140000,5679
6,438,13140000,13140000,3,4,13170000,5691
6,439,13170000,13170000,3,4,13200000,5708
6,44,1320000,1320000,3,4,1350000,580
6,440,13200000,13200000,3,4,13230000,5718
6,441,13230000,13230000,3,4,13260000,5731
6,442,13260000,13260000,3,4,13290000,5744
6,443,13290000,13290000,3,4,13320000,5756
6,444,13320000,13320000,3,4,13350000,5772
6,445,13350000,13350000,3,4,13380000,5785
6,446,13380000,13380000,3,4,13410000,5796
6,447,13410000,13410000,3,4,13440000,5809
6,448,13440000,13440000,3,4,13470000,5821
6,449,13470000,13470000,3,4,13500000,5836
6,45,1350000,1350000,3,4,1380000,594
6,450,13500000,13500000,3,4,13530000,5849
6,451,13530000,13530000,3,4,13560000,5862
6,452,13560000,13560000,3,4,13590000,5873
6,453,13590000,13590000,3,4,13620000,5887
6,454,13620000,13620000,3,4,13650000,5901
6,455,13650000,13650000,3,4,13680000,5913
6,456,13680000,13680000,3,4,13710000,5926
6,457,13710000,13710000,3,4,13740000,5939
6,458,13740000,13740000,3,4,13770000,5950
6,459,13770000,13770000,3,4,13800000,5967
6,46,1380000,1380000,3,4,1410000,606
6,460,13800000,13800000,3,4,13830000,5979
6,461,13830000,13830000,3,4,13860000,5991
6,462,13860000,13860000,3,4,13890000,6003
6,463,13890000,13890000,3,4,13920000,6016
6,464,13920000,13920000,3,4,13950000,6031
6,465,13950000,13950000,3,4,13980000,6044
6,466,13980000,13980000,3,4,14010000,6056
6,467,14010000,14010000,3,4,14040000,6069
6,468,14040000,14040000,3,4,14070000,6080
6,469,14070000,14070000,3,4,14100000,6096
6,47,1410000,1410000,3,4,1440000,618
6,470,14100000,14100000,3,4,14130000,6108
6,471,14130000,14130000,3,4,14160000,6121
6,472,14160000,14160000,3,4,14190000,6133
6,473,14190000,14190000,3,4,14220000,6146
6,474,14220000,14220000,3,4,14250000,6161
6,475,14250000,14250000,3,4,14280000,6173
6,476,14280000,14280000,3,4,14310000,6185
6,477,14310000,14310000,3,4,14340000,6198
6,478,14340000,14340000,3,4,14370000,6211
6,479,14370000,14370000,3,4,14400000,6226
6,48,1440000,1440000,3,4,1470000,630
6,480,14400000,14400000,3,4,14430000,6238
6,481,14430000,14430000,3,4,14460000,6252
6,482,14460000,14460000,3,4,14490000,6262
6,483,14490000,14490000,3,4,14520000,6275
6,484,14520000,14520000,3,4,14550000,6291
6,485,14550000,14550000,3,4,14580000,6303
6,486,14580000,14580000,3,4,14610000,6315
6,487,14610000,14610000,3,4,14640000,6329
6,488,14640000,14640000,3,4,14670000,6340
6,489,14670000,14670000,3,4,14700000,6355
6,49,1470000,1470000,3,4,1500000,646
6,490,14700000,14700000,3,4,14730000,6368
6,491,14730000,14730000,3,4,14760000,6380
6,492,14760000,14760000,3,4,14790000,6392
6,493,14790000,14790000,3,4,14820000,6406
6,494,14820000,14820000,3,4,14850000,6420
6,495,14850000,14850000,3,4,14880000,6434
6,496,14880000,14880000,3,4,14910000,6445
6,497,14910000,14910000,3,4,14940000,6457
6,498,14940000,14940000,3,4,14970000,6470
6,499,14970000,14970000,3,4,15000000,6486
6,5,150000,150000,3,4,180000,75
6,50,1500000,1500000,3,4,1530000,657
6,500,15000000,15000000,3,4,15030000,6497
6,501,15030000,15030000,3,4,15060000,6511
6,502,15060000,15060000,3,4,15090000,6523
6,503,15090000,15090000,3,4,15120000,6534
6,504,15120000,15120000,3,4,15150000,6550
6,505,15150000,15150000,3,4,15180000,6563
6,506,15180000,15180000,3,4,15210000,6574
6,507,15210000,15210000,3,4,15240000,6588
6,508,15240000,15240000,3,4,15270000,6600
6,509,15270000,15270000,3,4,15300000,6615
6,51,1530000,1530000,3,4,1560000,671
6,510,15300000,15300000,3,4,15330000,6627
6,511,15330000,15330000,3,4,15360000,6640
6,512,15360000,15360000,3,4,15390000,6652
6,513,15390000,15390000,3,4,15420000,6665
6,514,15420000,15420000,3,4,15450000,6680
6,515,15450000,15450000,3,4,15480000,6693
6,516,15480000,15480000,3,4,15510000,6705
6,517,15510000,15510000,3,4,15540000,6717
6,518,15540000,15540000,3,4,15570000,6729
6,519,15570000,15570000,3,4,15600000,6745
6,52,1560000,1560000,3,4,1590000,683
6,520,15600000,15600000,3,4,15630000,6757
6,521,15630000,15630000,3,4,15660000,6770
6,522,15660000,15660000,3,4,15690000,6782
6,523,15690000,15690000,3,4,15720000,6795
6,524,15720000,15720000,3,4,15750000,6809
6,525,15750000,15750000,3,4,15780000,6822
6,526,15780000,15780000,3,4,15810000,6834
6,527,15810000,15810000,3,4,15840000,6847
6,528,15840000,15840000,3,4,15870000,6859
6,529,15870000,15870000,3,4,15900000,6876
6,53,1590000,1590000,3,4,1620000,696
6,530,15900000,15900000,3,4,15930000,6887
6,531,15930000,15930000,3,4,15960000,6899
6,532,15960000,15960000,3,4,15990000,6912
6,533,15990000,15990000,3,4,16020000,6924
6,534,16020000,16020000,3,4,16050000,6939
6,535,16050000,16050000,3,4,16080000,6953
6,536,16080000,16080000,3,4,16110000,6964
6,537,16110000,16110000,3,4,16140000,6977
6,538,16140000,16140000,3,4,16170000,6989
6,539,16170000,16170000,3,4,16200000,7004
6,54,1620000,1620000,3,4,1650000,711
6,540,16200000,16200000,3,4,16230000,7016
6,541,16230000,16230000,3,4,16260000,7030
6,542,16260000,16260000,3,4,16290000,7041
6,543,16290000,16290000,3,4,16320000,7054
6,544,16320000,16320000,3,4,16350000,7070
6,545,16350000,16350000,3,4,16380000,7081
6,546,16380000,16380000,3,4,16410000,7094
6,547,16410000,16410000,3,4,16440000,7107
6,548,16440000,16440000,3,4,16470000,7118
6,549,16470000,16470000,3,4,16500000,7135
6,55,1650000,1650000,3,4,1680000,723
6,550,16500000,16500000,3,4,16530000,7147
6,551,16530000,16530000,3,4,16560000,7159
6,552,16560000,16560000,3,4,16590000,7171
6,553,16590000,16590000,3,4,16620000,7184
6,554,16620000,16620000,3,4,16650000,7198
6,555,16650000,16650000,3,4,16680000,7212
6,556,16680000,16680000,3,4,16710000,7224
6,557,16710000,16710000,3,4,16740000,7236
6,558,16740000,16740000,3,4,16770000,7249
6,559,16770000,16770000,3,4,16800000,7264
6,56,1680000,1680000,3,4,1710000,735
6,560,16800000,16800000,3,4,16830000,7275
6,561,16830000,16830000,3,4,16860000,7289
6,562,16860000,16860000,3,4,16890000,7301
6,563,16890000,16890000,3,4,16920000,7314
6,564,16920000,16920000,3,4,16950000,7329
6,565,16950000,16950000,3,4,16980000,7342
6,566,16980000,16980000,3,4,17010000,7353
6,567,17010000,17010000,3,4,17040000,7366
6,568,17040000,17040000,3,4,17070000,7378
6,569,17070000,17070000,3,4,17100000,7394
6,57,1710000,1710000,3,4,1740000,748
6,570,17100000,17100000,3,4,17130000,7406
6,571,17130000,17130000,3,4,17160000,7419
6,572,17160000,17160000,3,4,17190000,7431
6,573,17190000,17190000,3,4,17220000,7443
6,574,17220000,17220000,3,4,17250000,7458
6,575,17250000,17250000,3,4,17280000,7471
6,576,17280000,17280000,3,4,17310000,7483
6,577,17310000,17310000,3,4,17340000,7496
6,578,17340000,17340000,3,4,17370000,7508
6,579,17370000,17370000,3,4,17400000,7524
6,58,1740000,1740000,3,4,1770000,760
6,580,17400000,17400000,3,4,17430000,7536
6,581,17430000,17430000,3,4,17460000,7548
6,582,17460000,17460000,3,4,17490000,7560
6,583,17490000,17490000,3,4,17520000,7574
6,584,17520000,17520000,3,4,17550000,7588
6,585,17550000,17550000,3,4,17580000,7601
6,586,17580000,17580000,3,4,17610000,7614
6,587,17610000,17610000,3,4,17640000,7625
6,588,17640000,17640000,3,4,17670000,7637
6,589,17670000,17670000,3,4,17700000,7654
6,59,1770000,1770000,3,4,1800000,776
6,590,17700000,17700000,3,4,17730000,7665
6,591,17730000,17730000,3,4,17760000,7678
6,592,17760000,17760000,3,4,17790000,7691
6,593,17790000,17790000,3,4,17820000,7703
6,594,17820000,17820000,3,4,17850000,7717
6,595,17850000,17850000,3,4,17880000,7731
6,596,17880000,17880000,3,4,17910000,7742
6,597,17910000,17910000,3,4,17940000,7756
6,598,17940000,17940000,3,4,17970000,7768
6,599,17970000,17970000,3,4,18000000,7783
6,6,180000,180000,3,4,210000,86
6,60,1800000,1800000,3,4,1830000,788
6,600,18000000,18000000,3,4,18030000,7796
6,601,18030000,18030000,3,4,18060000,7808
6,602,18060000,18060000,3,4,18090000,7819
6,603,18090000,18090000,3,4,18120000,7833
6,604,18120000,18120000,3,4,18150000,7848
6,605,18150000,18150000,3,4,18180000,7860
6,606,18180000,18180000,3,4,18210000,7873
6,607,18210000,18210000,3,4,18240000,7886
6,608,18240000,18240000,3,4,18270000,7896
6,609,18270000,18270000,3,4,18300000,7913
6,61,1830000,1830000,3,4,1860000,801
6,610,18300000,18300000,3,4,18330000,7925
6,611,18330000,18330000,3,4,18360000,7937
6,612,18360000,18360000,3,4,18390000,7950
6,613,18390000,18390000,3,4,18420000,7963
6,614,18420000,18420000,3,4,18450000,7978
6,615,18450000,18450000,3,4,18480000,7990
6,616,18480000,18480000,3,4,18510000,8002
6,617,18510000,18510000,3,4,18540000,8015
6,618,18540000,18540000,3,4,18570000,8027
6,619,18570000,18570000,3,4,18600000,8043
6,62,1860000,1860000,3,4,1890000,812
6,620,18600000,18600000,3,4,18630000,8055
6,621,18630000,18630000,3,4,18660000,8068
6,622,18660000,18660000,3,4,18690000,8079
6,623,18690000,18690000,3,4,18720000,8092
6,624,18720000,18720000,3,4,18750000,8107
6,625,18750000,18750000,3,4,18780000,8120
6,626,18780000,18780000,3,4,18810000,8132
6,627,18810000,18810000,3,4,18840000,8145
6,628,18840000,18840000,3,4,18870000,8157
6,629,18870000,18870000,3,4,18900000,8172
6,63,1890000,1890000,3,4,1920000,825
6,630,18900000,18900000,3,4,18930000,8184
6,631,18930000,18930000,3,4,18960000,8198
6,632,18960000,18960000,3,4,18990000,8209
6,633,18990000,18990000,3,4,19020000,8222
6,634,19020000,19020000,3,4,19050000,8238
6,635,19050000,19050000,3,4,19080000,8250
6,636,19080000,19080000,3,4,19110000,8261
6,637,19110000,19110000,3,4,19140000,8275
6,638,19140000,19140000,3,4,19170000,8286
6,639,19170000,19170000,3,4,19200000,8302
6,64,1920000,1920000,3,4,1950000,840
6,640,19200000,19200000,3,4,19230000,8315
6,641,19230000,19230000,3,4,19260000,8327
6,642,19260000,19260000,3,4,19290000,8339
6,643,19290000,19290000,3,4,19320000,8352
6,644,19320000,19320000,3,4,19350000,8366
6,645,19350000,19350000,3,4,19380000,8379
6,646,19380000,19380000,3,4,19410000,8392
6,647,19410000,19410000,3,4,19440000,8404
6,648,19440000,19440000,3,4,19470000,8417
6,649,19470000,19470000,3,4,19500000,8433
6,65,1950000,1950000,3,4,1980000,853
6,650,19500000,19500000,3,4,19530000,8443
6,651,19530000,19530000,3,4,19560000,8457
6,652,19560000,19560000,3,4,19590000,8469
6,653,19590000,19590000,3,4,19620000,8481
6,654,19620000,19620000,3,4,19650000,8497
6,655,19650000,19650000,3,4,19680000,8510
6,656,19680000,19680000,3,4,19710000,8521
6,657,19710000,19710000,3,4,19740000,8534
6,658,19740000,19740000,3,4,19770000,8546
6,659,19770000,19770000,3,4,19800000,8561
6,66,1980000,1980000,3,4,2010000,865
6,660,19800000,19800000,3,4,19830000,8574
6,661,19830000,19830000,3,4,19860000,8587
6,662,19860000,19860000,3,4,19890000,8598
6,663,19890000,19890000,3,4,19920000,8612
6,664,19920000,19920000,3,4,19950000,8626
6,665,19950000,19950000,3,4,19980000,8639
6,666,19980000,19980000,3,4,20010000,8651
6,667,20010000,20010000,3,4,20040000,8664
6,668,20040000,20040000,3,4,20070000,8676
6,669,20070000,20070000,3,4,20100000,8692
6,67,2010000,2010000,3,4,2040000,878
6,670,20100000,20100000,3,4,20130000,8704
6,671,20130000,20130000,3,4,20160000,8716
6,672,20160000,20160000,3,4,20190000,8728
6,673,20190000,20190000,3,4,20220000,8741
6,674,20220000,20220000,3,4,20250000,8756
6,675,20250000,20250000,3,4,20280000,8769
6,676,20280000,20280000,3,4,20310000,8781
6,677,20310000,20310000,3,4,20340000,8794
6,678,20340000,20340000,3,4,20370000,8805
6,679,20370000,20370000,3,4,20400000,8821
6,68,2040000,2040000,3,4,2070000,890
6,680,20400000,20400000,3,4,20430000,8833
6,681,20430000,20430000,3,4,20460000,8846
6,682,20460000,20460000,3,4,20490000,8859
6,683,20490000,20490000,3,4,20520000,8871
6,684,20520000,20520000,3,4,20550000,8886
6,685,20550000,20550000,3,4,20580000,8899
6,686,20580000,20580000,3,4,20610000,8910
6,687,20610000,20610000,3,4,20640000,8923
6,688,20640000,20640000,3,4,20670000,8936
6,689,20670000,20670000,3,4,20700000,8951
6,69,2070000,2070000,3,4,2100000,905
6,690,20700000,20700000,3,4,20730000,8963
6,691,20730000,20730000,3,4,20760000,8977
6,692,20760000,20760000,3,4,20790000,8987
6,693,20790000,20790000,3,4,20820000,9000
6,694,20820000,20820000,3,4,20850000,9016
6,695,20850000,20850000,3,4,20880000,9028
6,696,20880000,20880000,3,4,20910000,9040
6,697,20910000,20910000,3,4,20940000,9054
6,698,20940000,20940000,3,4,20970000,9065
6,699,20970000,20970000,3,4,21000000,9081
6,7,210000,210000,3,4,240000,99
6,70,2100000,2100000,3,4,2130000,918
6,700,21000000,21000000,3,4,21030000,9093
6,701,21030000,21030000,3,4,21060000,9105
6,702,21060000,21060000,3,4,21090000,9118
6,703,21090000,21090000,3,4,21120000,9131
6,704,21120000,21120000,3,4,21150000,9145
6,705,21150000,21150000,3,4,21180000,9159
6,706,21180000,21180000,3,4,21210000,9170
6,707,21210000,21210000,3,4,21240000,9182
6,708,21240000,21240000,3,4,21270000,9195
6,709,21270000,21270000,3,4,21300000,9211
6,71,2130000,2130000,3,4,2160000,930
6,710,21300000,21300000,3,4,21330000,9222
6,711,21330000,21330000,3,4,21360000,9236
6,712,21360000,21360000,3,4,21390000,9248
6,713,21390000,21390000,3,4,21420000,9259
6,714,21420000,21420000,3,4,21450000,9275
6,715,21450000,21450000,3,4,21480000,9288
6,716,21480000,21480000,3,4,21510000,9300
6,717,21510000,21510000,3,4,21540000,9313
6,718,21540000,21540000,3,4,21570000,9325
6,719,21570000,21570000,3,4,21600000,9341
6,72,2160000,2160000,3,4,2190000,942
6,720,21600000,21600000,3,4,21630000,9352
6,721,21630000,21630000,3,4,21660000,9365
6,722,21660000,21660000,3,4,21690000,9377
6,723,21690000,21690000,3,4,21720000,9390
6,724,21720000,21720000,3,4,21750000,9405
6,725,21750000,21750000,3,4,21780000,9418
6,726,21780000,21780000,3,4,21810000,9430
6,727,21810000,21810000,3,4,21840000,9442
6,728,21840000,21840000,3,4,21870000,9454
6,729,21870000,21870000,3,4,21900000,9470
6,73,2190000,2190000,3,4,2220000,956
6,730,21900000,21900000,3,4,21930000,9482
6,731,21930000,21930000,3,4,21960000,9495
6,732,21960000,21960000,3,4,21990000,9507
6,733,21990000,21990000,3,4,22020000,9521
6,734,22020000,22020000,3,4,22050000,9534
6,735,22050000,22050000,3,4,22080000,9547
6,736,22080000,22080000,3,4,22110000,9560
6,737,22110000,22110000,3,4,22140000,9572
6,738,22140000,22140000,3,4,22170000,9584
6,739,22170000,22170000,3,4,22200000,9601
6,74,2220000,2220000,3,4,2250000,970
6,740,22200000,22200000,3,4,22230000,9612
6,741,22230000,22230000,3,4,22260000,9624
6,742,22260000,22260000,3,4,22290000,9637
6,743,22290000,22290000,3,4,22320000,9649
6,744,22320000,22320000,3,4,22350000,9664
6,745,22350000,22350000,3,4,22380000,9678
6,746,22380000,22380000,3,4,22410000,9689
6,747,22410000,22410000,3,4,22440000,9702
6,748,22440000,22440000,3,4,22470000,9714
6,749,22470000,22470000,3,4,22500000,9729
6,75,2250000,2250000,3,4,2280000,983
6,750,22500000,22500000,3,4,22530000,9742
6,751,22530000,22530000,3,4,22560000,9755
6,752,22560000,22560000,3,4,22590000,9766
6,753,22590000,22590000,3,4,22620000,9780
6,754,22620000,22620000,3,4,22650000,9795
6,755,22650000,22650000,3,4,22680000,9806
6,756,22680000,22680000,3,4,22710000,9819
6,757,22710000,22710000,3,4,22740000,9832
6,758,22740000,22740000,3,4,22770000,9843
6,759,22770000,22770000,3,4,22800000,9860
6,76,2280000,2280000,3,4,2310000,995
6,760,22800000,22800000,3,4,22830000,9872
6,761,22830000,22830000,3,4,22860000,9884
6,762,22860000,22860000,3,4,22890000,9896
6,763,22890000,22890000,3,4,22920000,9909
6,764,22920000,22920000,3,4,22950000,9923
6,765,22950000,22950000,3,4,22980000,9937
6,766,22980000,22980000,3,4,23010000,9949
6,767,23010000,23010000,3,4,23040000,9962
6,768,23040000,23040000,3,4,23070000,9974
6,769,23070000,23070000,3,4,23100000,9989
6,77,2310000,2310000,3,4,2340000,1007
6,770,23100000,23100000,3,4,23130000,10001
6,771,23130000,23130000,3,4,23160000,10014
6,772,23160000,23160000,3,4,23190000,10026
6,773,23190000,23190000,3,4,23220000,10039
6,774,23220000,23220000,3,4,23250000,10054
6,775,23250000,23250000,3,4,23280000,10067
6,776,23280000,23280000,3,4,23310000,10078
6,777,23310000,23310000,3,4,23340000,10091
6,778,23340000,23340000,3,4,23370000,10103
6,779,23370000,23370000,3,4,23400000,10119
6,78,2340000,2340000,3,4,2370000,1019
6,780,23400000,23400000,3,4,23430000,10131
6,781,23430000,23430000,3,4,23460000,10144
6,782,23460000,23460000,3,4,23490000,10156
6,783,23490000,23490000,3,4,23520000,10168
6,784,23520000,23520000,3,4,23550000,10184
6,785,23550000,23550000,3,4,23580000,10196
6,786,23580000,23580000,3,4,23610000,10208
6,787,23610000,23610000,3,4,23640000,10222
6,788,23640000,23640000,3,4,23670000,10233
6,789,23670000,23670000,3,4,23700000,10249
6,79,2370000,2370000,3,4,2400000,1036
6,790,23700000,23700000,3,4,23730000,10261
6,791,23730000,23730000,3,4,23760000,10273
6,792,23760000,23760000,3,4,23790000,10285
6,793,23790000,23790000,3,4,23820000,10299
6,794,23820000,23820000,3,4,23850000,10313
6,795,23850000,23850000,3,4,23880000,10326
6,796,23880000,23880000,3,4,23910000,10339
6,797,23910000,23910000,3,4,23940000,10350
6,798,23940000,23940000,3,4,23970000,10362
6,799,23970000,23970000,3,4,24000000,10379
6,8,240000,240000,3,4,270000,111
6,80,2400000,2400000,3,4,2430000,1047
6,800,24000000,24000000,3,4,24030000,10390
6,801,24030000,24030000,3,4,24060000,10404
6,802,24060000,24060000,3,4,24090000,10416
6,803,24090000,24090000,3,4,24120000,10428
6,804,24120000,24120000,3,4,24150000,10443
6,805,24150000,24150000,3,4,24180000,10456
6,806,24180000,24180000,3,4,24210000,10467
6,807,24210000,24210000,3,4,24240000,10481
6,808,24240000,24240000,3,4,24270000,10493
6,809,24270000,24270000,3,4,24300000,10508
6,81,2430000,2430000,3,4,2460000,1060
6,810,24300000,24300000,3,4,24330000,10521
6,811,24330000,24330000,3,4,24360000,10533
6,812,24360000,24360000,3,4,24390000,10544
6,813,24390000,24390000,3,4,24420000,10558
6,814,24420000,24420000,3,4,24450000,10573
6,815,24450000,24450000,3,4,24480000,10585
6,816,24480000,24480000,3,4,24510000,10598
6,817,24510000,24510000,3,4,24540000,10611
6,818,24540000,24540000,3,4,24570000,10622
6,819,24570000,24570000,3,4,24600000,10638
6,82,2460000,2460000,3,4,2490000,1073
6,820,24600000,24600000,3,4,24630000,10650
6,821,24630000,24630000,3,4,24660000,10663
6,822,24660000,24660000,3,4,24690000,10675
6,823,24690000,24690000,3,4,24720000,10688
6,824,24720000,24720000,3,4,24750000,10703
6,825,24750000,24750000,3,4,24780000,10715
6,826,24780000,24780000,3,4,24810000,10727
6,827,24810000,24810000,3,4,24840000,10740
6,828,24840000,24840000,3,4,24870000,10752
6,829,24870000,24870000,3,4,24900000,10768
6,83,2490000,2490000,3,4,2520000,1084
6,830,24900000,24900000,3,4,24930000,10780
6,831,24930000,24930000,3,4,24960000,10793
6,832,24960000,24960000,3,4,24990000,10804
6,833,24990000,24990000,3,4,25020000,10817
6,834,25020000,25020000,3,4,25050000,10832
6,835,25050000,25050000,3,4,25080000,10846
6,836,25080000,25080000,3,4,25110000,10857
6,837,25110000,25110000,3,4,25140000,10870
6,838,25140000,25140000,3,4,25170000,10883
6,839,25170000,25170000,3,4,25200000,10897
6,84,2520000,2520000,3,4,2550000,1099
6,840,25200000,25200000,3,4,25230000,10909
6,841,25230000,25230000,3,4,25260000,10923
6,842,25260000,25260000,3,4,25290000,10934
6,843,25290000,25290000,3,4,25320000,10947
6,844,25320000,25320000,3,4,25350000,10963
6,845,25350000,25350000,3,4,25380000,10975
6,846,25380000,25380000,3,4,25410000,10986
6,847,25410000,25410000,3,4,25440000,11000
6,848,25440000,25440000,3,4,25470000,11011
6,849,25470000,25470000,3,4,25500000,11027
6,85,2550000,2550000,3,4,2580000,1113
6,850,25500000,25500000,3,4,25530000,11040
6,851,25530000,25530000,3,4,25560000,11052
6,852,25560000,25560000,3,4,25590000,11065
6,853,25590000,25590000,3,4,25620000,11077
6,854,25620000,25620000,3,4,25650000,11091
6,855,25650000,25650000,3,4,25680000,11105
6,856,25680000,25680000,3,4,25710000,11117
6,857,25710000,25710000,3,4,25740000,11129
6,858,25740000,25740000,3,4,25770000,11142
6,859,25770000,25770000,3,4,25800000,11158
6,86,2580000,2580000,3,4,2610000,1124
6,860,25800000,25800000,3,4,25830000,11168
6,861,25830000,25830000,3,4,25860000,11182
6,862,25860000,25860000,3,4,25890000,11194
6,863,25890000,25890000,3,4,25920000,11206
6,864,25920000,25920000,3,4,25950000,11222
6,865,25950000,25950000,3,4,25980000,11235
6,866,25980000,25980000,3,4,26010000,11246
6,867,26010000,26010000,3,4,26040000,11259
6,868,26040000,26040000,3,4,26070000,11271
6,869,26070000,26070000,3,4,26100000,11287
6,87,2610000,2610000,3,4,2640000,1138
6,870,26100000,26100000,3,4,26130000,11299
6,871,26130000,26130000,3,4,26160000,11312
6,872,26160000,26160000,3,4,26190000,11324
6,873,26190000,26190000,3,4,26220000,11337
6,874,26220000,26220000,3,4,26250000,11351
6,875,26250000,26250000,3,4,26280000,11364
6,876,26280000,26280000,3,4,26310000,11376
6,877,26310000,26310000,3,4,26340000,11389
6,878,26340000,26340000,3,4,26370000,11401
6,879,26370000,26370000,3,4,26400000,11417
6,88,2640000,2640000,3,4,2670000,1150
6,880,26400000,26400000,3,4,26430000,11429
6,881,26430000,26430000,3,4,26460000,11441
6,882,26460000,26460000,3,4,26490000,11453
6,883,26490000,26490000,3,4,26520000,11466
6,884,26520000,26520000,3,4,26550000,11481
6,885,26550000,26550000,3,4,26580000,11494
6,886,26580000,26580000,3,4,26610000,11507
6,887,26610000,26610000,3,4,26640000,11519
6,888,26640000,26640000,3,4,26670000,11530
6,889,26670000,26670000,3,4,26700000,11547
6,89,2670000,2670000,3,4,2700000,1165
6,890,26700000,26700000,3,4,26730000,11558
6,891,26730000,26730000,3,4,26760000,11571
6,892,26760000,26760000,3,4,26790000,11584
6,893,26790000,26790000,3,4,26820000,11596
6,894,26820000,26820000,3,4,26850000,11611
6,895,26850000,26850000,3,4,26880000,11624
6,896,26880000,26880000,3,4,26910000,11635
6,897,26910000,26910000,3,4,26940000,11648
6,898,26940000,26940000,3,4,26970000,11661
6,899,26970000,26970000,3,4,27000000,11676
6,9,270000,270000,3,4,300000,127
6,90,2700000,2700000,3,4,2730000,1177
6,900,27000000,27000000,3,4,27030000,11688
6,901,27030000,27030000,3,4,27060000,11702
6,902,27060000,27060000,3,4,27090000,11712
6,903,27090000,27090000,3,4,27120000,11726
6,904,27120000,27120000,3,4,27150000,11741
6,905,27150000,27150000,3,4,27180000,11753
6,906,27180000,27180000,3,4,27210000,11766
6,907,27210000,27210000,3,4,27240000,11779
6,908,27240000,27240000,3,4,27270000,11790
6,909,27270000,27270000,3,4,27300000,11806
6,91,2730000,2730000,3,4,2760000,1190
6,910,27300000,27300000,3,4,27330000,11818
6,911,27330000,27330000,3,4,27360000,11830
6,912,27360000,27360000,3,4,27390000,11843
6,913,27390000,27390000,3,4,27420000,11856
6,914,27420000,27420000,3,4,27450000,11870
6,915,27450000,27450000,3,4,27480000,11884
6,916,27480000,27480000,3,4,27510000,11895
6,917,27510000,27510000,3,4,27540000,11907
6,918,27540000,27540000,3,4,27570000,11920
6,919,27570000,27570000,3,4,27600000,11936
6,92,2760000,2760000,3,4,2790000,1201
6,920,27600000,27600000,3,4,27630000,11948
6,921,27630000,27630000,3,4,27660000,11961
6,922,27660000,27660000,3,4,27690000,11973
6,923,27690000,27690000,3,4,27720000,11985
6,924,27720000,27720000,3,4,27750000,12000
6,925,27750000,27750000,3,4,27780000,12013
6,926,27780000,27780000,3,4,27810000,12025
6,927,27810000,27810000,3,4,27840000,12038
6,928,27840000,27840000,3,4,27870000,12050
6,929,27870000,27870000,3,4,27900000,12066
6,93,2790000,2790000,3,4,2820000,1215
6,930,27900000,27900000,3,4,27930000,12077
6,931,27930000,27930000,3,4,27960000,12090
6,932,27960000,27960000,3,4,27990000,12102
6,933,27990000,27990000,3,4,28020000,12115
6,934,28020000,28020000,3,4,28050000,12130
6,935,28050000,28050000,3,4,28080000,12143
6,936,28080000,28080000,3,4,28110000,12155
6,937,28110000,28110000,3,4,28140000,12168
6,938,28140000,28140000,3,4,28170000,12179
6,939,28170000,28170000,3,4,28200000,12195
6,94,2820000,2820000,3,4,2850000,1230
6,940,28200000,28200000,3,4,28230000,12208
6,941,28230000,28230000,3,4,28260000,12220
6,942,28260000,28260000,3,4,28290000,12232
6,943,28290000,28290000,3,4,28320000,12246
6,944,28320000,28320000,3,4,28350000,12259
6,945,28350000,28350000,3,4,28380000,12272
6,946,28380000,28380000,3,4,28410000,12285
6,947,28410000,28410000,3,4,28440000,12297
6,948,28440000,28440000,3,4,28470000,12309
6,949,28470000,28470000,3,4,28500000,12326
6,95,2850000,2850000,3,4,2880000,1242
6,950,28500000,28500000,3,4,28530000,12337
6,951,28530000,28530000,3,4,28560000,12349
6,952,28560000,28560000,3,4,28590000,12362
6,953,28590000,28590000,3,4,28620000,12374
6,954,28620000,28620000,3,4,28650000,12390
6,955,28650000,28650000,3,4,28680000,12403
6,956,28680000,28680000,3,4,28710000,12414
6,957,28710000,28710000,3,4,28740000,12428
6,958,28740000,28740000,3,4,28770000,12439
6,959,28770000,28770000,3,4,28800000,12454
6,96,2880000,2880000,3,4,2910000,1255
6,960,28800000,28800000,3,4,28830000,12467
6,961,28830000,28830000,3,4,28860000,12480
6,962,28860000,28860000,3,4,28890000,12491
6,963,28890000,28890000,3,4,28920000,12505
6,964,28920000,28920000,3,4,28950000,12520
6,965,28950000,28950000,3,4,28980000,12531
6,966,28980000,28980000,3,4,29010000,12544
6,967,29010000,29010000,3,4,29040000,12557
6,968,29040000,29040000,3,4,29070000,12568
6,969,29070000,29070000,3,4,29100000,12585
6,97,2910000,2910000,3,4,2940000,1267
6,970,29100000,29100000,3,4,29130000,12597
6,971,29130000,29130000,3,4,29160000,12610
6,972,29160000,29160000,3,4,29190000,12621
6,973,29190000,29190000,3,4,29220000,12634
6,974,29220000,29220000,3,4,29250000,12649
6,975,29250000,29250000,3,4,29280000,12662
6,976,29280000,29280000,3,4,29310000,12674
6,977,29310000,29310000,3,4,29340000,12687
6,978,29340000,29340000,3,4,29370000,12699
6,979,29370000,29370000,3,4,29400000,12714
6,98,2940000,2940000,3,4,2970000,1278
6,980,29400000,29400000,3,4,29430000,12726
6,981,29430000,29430000,3,4,29460000,12739
6,982,29460000,29460000,3,4,29490000,12751
6,983,29490000,29490000,3,4,29520000,12764
6,984,29520000,29520000,3,4,29550000,12779
6,985,29550000,29550000,3,4,29580000,12792
6,986,29580000,29580000,3,4,29610000,12803
6,987,29610000,29610000,3,4,29640000,12816
6,988,29640000,29640000,3,4,29670000,12829
6,989,29670000,29670000,3,4,29700000,12844
6,99,2970000,2970000,3,4,3000000,1295
6,990,29700000,29700000,3,4,29730000,12856
6,991,29730000,29730000,3,4,29760000,12870
6,992,29760000,29760000,3,4,29790000,12881
6,993,29790000,29790000,3,4,29820000,12893
6,994,29820000,29820000,3,4,29850000,12909
6,995,29850000,29850000,3,4,29880000,12921
6,996,29880000,29880000,3,4,29910000,12933
6,997,29910000,29910000,3,4,29940000,12947
6,998,29940000,29940000,3,4,29970000,12958
6,999,29970000,29970000,3,4,30000000,12974
7,0,0,0,1534,2556,35000,10
7,1,35000,35000,1534,2556,70000,24
7,10,350000,350000,1534,2556,385000,161
7,100,3500000,3500000,1534,2556,3535000,1523
7,1000,35000000,35000000,1534,2556,35035000,15149
7,1001,35035000,35035000,1534,2556,35070000,15165
7,1002,35070000,35070000,1534,2556,35105000,15181
7,1003,35105000,35105000,1534,2556,35140000,15195
7,1004,35140000,35140000,1534,2556,35175000,15211
7,1005,35175000,35175000,1534,2556,35210000,15226
7,1006,35210000,35210000,1534,2556,35245000,15239
7,1007,35245000,35245000,1534,2556,35280000,15258
7,1008,35280000,35280000,1534,2556,35315000,15270
7,1009,35315000,35315000,1534,2556,35350000,15287
7,101,3535000,3535000,1534,2556,3570000,1539
7,1010,35350000,35350000,1534,2556,35385000,15302
7,1011,35385000,35385000,1534,2556,35420000,15316
7,1012,35420000,35420000,1534,2556,35455000,15331
7,1013,35455000,35455000,1534,2556,35490000,15347
7,1014,35490000,35490000,1534,2556,35525000,15363
7,1015,35525000,35525000,1534,2556,35560000,15378
7,1016,35560000,35560000,1534,2556,35595000,15390
7,1017,35595000,35595000,1534,2556,35630000,15408
7,1018,35630000,35630000,1534,2556,35665000,15421
7,1019,35665000,35665000,1534,2556,35700000,15440
7,102,3570000,3570000,1534,2556,3605000,1556
7,1020,35700000,35700000,1534,2556,35735000,15453
7,1021,35735000,35735000,1534,2556,35770000,15466
7,1022,35770000,35770000,1534,2556,35805000,15484
7,1023,35805000,35805000,1534,2556,35840000,15498
7,1024,35840000,35840000,1534,2556,35875000,15514
7,1025,35875000,35875000,1534,2556,35910000,15529
7,1026,35910000,35910000,1534,2556,35945000,15542
7,1027,35945000,35945000,1534,2556,35980000,15560
7,1028,35980000,35980000,1534,2556,36015000,15573
7,1029,36015000,36015000,1534,2556,36050000,15591
7,103,3605000,3605000,1534,2556,3640000,1569
7,1030,36050000,36050000,1534,2556,36085000,15603
7,1031,36085000,36085000,1534,2556,36120000,15619
7,1032,36120000,36120000,1534,2556,36155000,15635
7,1033,36155000,36155000,1534,2556,36190000,15649
7,1034,36190000,36190000,1534,2556,36225000,15666
7,1035,36225000,36225000,1534,2556,36260000,15680
7,1036,36260000,36260000,1534,2556,36295000,15692
7,1037,36295000,36295000,1534,2556,36330000,15712
7,1038,36330000,36330000,1534,2556,36365000,15725
7,1039,36365000,36365000,1534,2556,36400000,15742
7,104,3640000,3640000,1534,2556,3675000,1586
7,1040,36400000,36400000,1534,2556,36435000,15755
7,1041,36435000,36435000,1534,2556,36470000,15770
7,1042,36470000,36470000,1534,2556,36505000,15786
7,1043,36505000,36505000,1534,2556,36540000,15801
7,1044,36540000,36540000,1534,2556,36575000,15817
7,1045,36575000,36575000,1534,2556,36610000,15831
7,1046,36610000,36610000,1534,2556,36645000,15846
7,1047,36645000,36645000,1534,2556,36680000,15863
7,1048,36680000,36680000,1534,2556,36715000,15874
7,1049,36715000,36715000,1534,2556,36750000,15894
7,105,3675000,3675000,1534,2556,3710000,1600
7,1050,36750000,36750000,1534,2556,36785000,15907
7,1051,36785000,36785000,1534,2556,36820000,15922
7,1052,36820000,36820000,1534,2556,36855000,15937
7,1053,36855000,36855000,1534,2556,36890000,15951
7,1054,36890000,36890000,1534,2556,36925000,15968
7,1055,36925000,36925000,1534,2556,36960000,15984
7,1056,36960000,36960000,1534,2556,36995000,15997
7,1057,36995000,36995000,1534,2556,37030000,16013
7,1058,37030000,37030000,1534,2556,37065000,16028
7,1059,37065000,37065000,1534,2556,37100000,16045
7,106,3710000,3710000,1534,2556,3745000,1614
7,1060,37100000,37100000,1534,2556,37135000,16057
7,1061,37135000,37135000,1534,2556,37170000,16073
7,1062,37170000,37170000,1534,2556,37205000,16089
7,1063,37205000,37205000,1534,2556,37240000,16104
7,1064,37240000,37240000,1534,2556,37275000,16120
7,1065,37275000,37275000,1534,2556,37310000,16134
7,1066,37310000,37310000,1534,2556,37345000,16147
7,1067,37345000,37345000,1534,2556,37380000,16166
7,1068,37380000,37380000,1534,2556,37415000,16179
7,1069,37415000,37415000,1534,2556,37450000,16196
7,107,3745000,3745000,1534,2556,3780000,1632
7,1070,37450000,37450000,1534,2556,37485000,16209
7,1071,37485000,37485000,1534,2556,37520000,16224
7,1072,37520000,37520000,1534,2556,37555000,16239
7,1073,37555000,37555000,1534,2556,37590000,16256
7,1074,37590000,37590000,1534,2556,37625000,16272
7,1075,37625000,37625000,1534,2556,37660000,16286
7,1076,37660000,37660000,1534,2556,37695000,16299
7,1077,37695000,37695000,1534,2556,37730000,16316
7,1078,37730000,37730000,1534,2556,37765000,16330
7,1079,37765000,37765000,1534,2556,37800000,16348
7,108,3780000,3780000,1534,2556,3815000,1644
7,1080,37800000,37800000,1534,2556,37835000,16361
7,1081,37835000,37835000,1534,2556,37870000,16375
7,1082,37870000,37870000,1534,2556,37905000,16392
7,1083,37905000,37905000,1534,2556,37940000,16407
7,1084,37940000,37940000,1534,2556,37975000,16421
7,1085,37975000,37975000,1534,2556,38010000,16438
7,1086,38010000,38010000,1534,2556,38045000,16451
7,1087,38045000,38045000,1534,2556,38080000,16468
7,1088,38080000,38080000,1534,2556,38115000,16481
7,1089,38115000,38115000,1534,2556,38150000,16498
7,109,3815000,3815000,1534,2556,3850000,1662
7,1090,38150000,38150000,1534,2556,38185000,16512
7,1091,38185000,38185000,1534,2556,38220000,16528
7,1092,38220000,38220000,1534,2556,38255000,16544
7,1093,38255000,38255000,1534,2556,38290000,16557
7,1094,38290000,38290000,1534,2556,38325000,16574
7,1095,38325000,38325000,1534,2556,38360000,16589
7,1096,38360000,38360000,1534,2556,38395000,16601
7,1097,38395000,38395000,1534,2556,38430000,16620
7,1098,38430000,38430000,1534,2556,38465000,16633
7,1099,38465000,38465000,1534,2556,38500000,16650
7,11,385000,385000,1534,2556,420000,177
7,110,3850000,3850000,1534,2556,3885000,1676
7,1100,38500000,38500000,1534,2556,38535000,16664
7,1101,38535000,38535000,1534,2556,38570000,16678
7,1102,38570000,38570000,1534,2556,38605000,16694
7,1103,38605000,38605000,1534,2556,38640000,16710
7,1104,38640000,38640000,1534,2556,38675000,16725
7,1105,38675000,38675000,1534,2556,38710000,16740
7,1106,38710000,38710000,1534,2556,38745000,16753
7,1107,38745000,38745000,1534,2556,38780000,16771
7,1108,38780000,38780000,1534,2556,38815000,16783
7,1109,38815000,38815000,1534,2556,38850000,16803
7,111,3885000,3885000,1534,2556,3920000,1691
7,1110,38850000,38850000,1534,2556,38885000,16816
7,1111,38885000,38885000,1534,2556,38920000,16829
7,1112,38920000,38920000,1534,2556,38955000,16846
7,1113,38955000,38955000,1534,2556,38990000,16860
7,1114,38990000,38990000,1534,2556,39025000,16877
7,1115,39025000,39025000,1534,2556,39060000,16892
7,1116,39060000,39060000,1534,2556,39095000,16904
7,1117,39095000,39095000,1534,2556,39130000,16922
7,1118,39130000,39130000,1534,2556,39165000,16936
7,1119,39165000,39165000,1534,2556,39200000,16954
7,112,3920000,3920000,1534,2556,3955000,1705
7,1120,39200000,39200000,1534,2556,39235000,16965
7,1121,39235000,39235000,1534,2556,39270000,16981
7,1122,39270000,39270000,1534,2556,39305000,16998
7,1123,39305000,39305000,1534,2556,39340000,17012
7,1124,39340000,39340000,1534,2556,39375000,17028
7,1125,39375000,39375000,1534,2556,39410000,17042
7,1126,39410000,39410000,1534,2556,39445000,17056
7,1127,39445000,39445000,1534,2556,39480000,17075
7,1128,39480000,39480000,1534,2556,39515000,17087
7,1129,39515000,39515000,1534,2556,39550000,17104
7,113,3955000,3955000,1534,2556,3990000,1721
7,1130,39550000,39550000,1534,2556,39585000,17118
7,1131,39585000,39585000,1534,2556,39620000,17133
7,1132,39620000,39620000,1534,2556,39655000,17148
7,1133,39655000,39655000,1534,2556,39690000,17163
7,1134,39690000,39690000,1534,2556,39725000,17180
7,1135,39725000,39725000,1534,2556,39760000,17194
7,1136,39760000,39760000,1534,2556,39795000,17208
7,1137,39795000,39795000,1534,2556,39830000,17225
7,1138,39830000,39830000,1534,2556,39865000,17237
7,1139,39865000,39865000,1534,2556,39900000,17257
7,114,3990000,3990000,1534,2556,4025000,1738
7,1140,39900000,39900000,1534,2556,39935000,17269
7,1141,39935000,39935000,1534,2556,39970000,17284
7,1142,39970000,39970000,1534,2556,40005000,17300
7,1143,40005000,40005000,1534,2556,40040000,17315
7,1144,40040000,40040000,1534,2556,40075000,17330
7,1145,40075000,40075000,1534,2556,40110000,17346
7,1146,40110000,40110000,1534,2556,40145000,17360
7,1147,40145000,40145000,1534,2556,40180000,17376
7,1148,40180000,40180000,1534,2556,40215000,17390
7,1149,40215000,40215000,1534,2556,40250000,17407
7,115,4025000,4025000,1534,2556,4060000,1752
7,1150,40250000,40250000,1534,2556,40285000,17420
7,1151,40285000,40285000,1534,2556,40320000,17436
7,1152,40320000,40320000,1534,2556,40355000,17451
7,1153,40355000,40355000,1534,2556,40390000,17466
7,1154,40390000,40390000,1534,2556,40425000,17483
7,1155,40425000,40425000,1534,2556,40460000,17497
7,1156,40460000,40460000,1534,2556,40495000,17509
7,1157,40495000,40495000,1534,2556,40530000,17528
7,1158,40530000,40530000,1534,2556,40565000,17542
7,1159,40565000,40565000,1534,2556,40600000,17559
7,116,4060000,4060000,1534,2556,4095000,1765
7,1160,40600000,40600000,1534,2556,40635000,17572
7,1161,40635000,40635000,1534,2556,40670000,17586
7,1162,40670000,40670000,1534,2556,40705000,17602
7,1163,40705000,40705000,1534,2556,40740000,17619
7,1164,40740000,40740000,1534,2556,40775000,17634
7,1165,40775000,40775000,1534,2556,40810000,17648
7,1166,40810000,40810000,1534,2556,40845000,17662
7,1167,40845000,40845000,1534,2556,40880000,17679
7,1168,40880000,40880000,1534,2556,40915000,17692
7,1169,40915000,40915000,1534,2556,40950000,17710
7,117,4095000,4095000,1534,2556,4130000,1782
7,1170,40950000,40950000,1534,2556,40985000,17724
7,1171,40985000,40985000,1534,2556,41020000,17738
7,1172,41020000,41020000,1534,2556,41055000,17754
7,1173,41055000,41055000,1534,2556,41090000,17769
7,1174,41090000,41090000,1534,2556,41125000,17784
7,1175,41125000,41125000,1534,2556,41160000,17801
7,1176,41160000,41160000,1534,2556,41195000,17813
7,1177,41195000,41195000,1534,2556,41230000,17831
7,1178,41230000,41230000,1534,2556,41265000,17844
7,1179,41265000,41265000,1534,2556,41300000,17861
7,118,4130000,4130000,1534,2556,4165000,1795
7,1180,41300000,41300000,1534,2556,41335000,17874
7,1181,41335000,41335000,1534,2556,41370000,17890
7,1182,41370000,41370000,1534,2556,41405000,17907
7,1183,41405000,41405000,1534,2556,41440000,17920
7,1184,41440000,41440000,1534,2556,41475000,17936
7,1185,41475000,41475000,1534,2556,41510000,17951
7,1186,41510000,41510000,1534,2556,41545000,17964
7,1187,41545000,41545000,1534,2556,41580000,17983
7,1188,41580000,41580000,1534,2556,41615000,17995
7,1189,41615000,41615000,1534,2556,41650000,18012
7,119,4165000,4165000,1534,2556,4200000,1815
7,1190,41650000,41650000,1534,2556,41685000,18027
7,1191,41685000,41685000,1534,2556,41720000,18041
7,1192,41720000,41720000,1534,2556,41755000,18056
7,1193,41755000,41755000,1534,2556,41790000,18072
7,1194,41790000,41790000,1534,2556,41825000,18089
7,1195,41825000,41825000,1534,2556,41860000,18103
7,1196,41860000,41860000,1534,2556,41895000,18115
7,1197,41895000,41895000,1534,2556,41930000,18133
7,1198,41930000,41930000,1534,2556,41965000,18146
7,1199,41965000,41965000,1534,2556,42000000,18166
7,12,420000,420000,1534,2556,455000,193
7,120,4200000,4200000,1534,2556,4235000,1827
7,1200,42000000,42000000,1534,2556,42035000,18178
7,1201,42035000,42035000,1534,2556,42070000,18191
7,1202,42070000,42070000,1534,2556,42105000,18209
7,1203,42105000,42105000,1534,2556,42140000,18223
7,1204,42140000,42140000,1534,2556,42175000,18239
7,1205,42175000,42175000,1534,2556,42210000,18254
7,1206,42210000,42210000,1534,2556,42245000,18267
7,1207,42245000,42245000,1534,2556,42280000,18285
7,1208,42280000,42280000,1534,2556,42315000,18298
7,1209,42315000,42315000,1534,2556,42350000,18316
7,121,4235000,4235000,1534,2556,4270000,1841
7,1210,42350000,42350000,1534,2556,42385000,18328
7,1211,42385000,42385000,1534,2556,42420000,18345
7,1212,42420000,42420000,1534,2556,42455000,18360
7,1213,42455000,42455000,1534,2556,42490000,18374
7,1214,42490000,42490000,1534,2556,42525000,18391
7,1215,42525000,42525000,1534,2556,42560000,18405
7,1216,42560000,42560000,1534,2556,42595000,18418
7,1217,42595000,42595000,1534,2556,42630000,18437
7,1218,42630000,42630000,1534,2556,42665000,18450
7,1219,42665000,42665000,1534,2556,42700000,18467
7,122,4270000,4270000,1534,2556,4305000,1858
7,1220,42700000,42700000,1534,2556,42735000,18480
7,1221,42735000,42735000,1534,2556,42770000,18495
7,1222,42770000,42770000,1534,2556,42805000,18511
7,1223,42805000,42805000,1534,2556,42840000,18526
7,1224,42840000,42840000,1534,2556,42875000,18542
7,1225,42875000,42875000,1534,2556,42910000,18556
7,1226,42910000,42910000,1534,2556,42945000,18571
7,1227,42945000,42945000,1534,2556,42980000,18588
7,1228,42980000,42980000,1534,2556,43015000,18600
7,1229,43015000,43015000,1534,2556,43050000,18619
7,123,4305000,4305000,1534,2556,4340000,1873
7,1230,43050000,43050000,1534,2556,43085000,18632
7,1231,43085000,43085000,1534,2556,43120000,18647
7,1232,43120000,43120000,1534,2556,43155000,18662
7,1233,43155000,43155000,1534,2556,43190000,18677
7,1234,43190000,43190000,1534,2556,43225000,18693
7,1235,43225000,43225000,1534,2556,43260000,18709
7,1236,43260000,43260000,1534,2556,43295000,18722
7,1237,43295000,43295000,1534,2556,43330000,18738
7,1238,43330000,43330000,1534,2556,43365000,18753
7,1239,43365000,43365000,1534,2556,43400000,18770
7,124,4340000,4340000,1534,2556,4375000,1888
7,1240,43400000,43400000,1534,2556,43435000,18782
7,1241,43435000,43435000,1534,2556,43470000,18798
7,1242,43470000,43470000,1534,2556,43505000,18814
7,1243,43505000,43505000,1534,2556,43540000,18829
7,1244,43540000,43540000,1534,2556,43575000,18845
7,1245,43575000,43575000,1534,2556,43610000,18860
7,1246,43610000,43610000,1534,2556,43645000,18872
7,1247,43645000,43645000,1534,2556,43680000,18891
7,1248,43680000,43680000,1534,2556,43715000,18904
7,1249,43715000,43715000,1534,2556,43750000,18921
7,125,4375000,4375000,1534,2556,4410000,1903
7,1250,43750000,43750000,1534,2556,43785000,18935
7,1251,43785000,43785000,1534,2556,43820000,18949
7,1252,43820000,43820000,1534,2556,43855000,18964
7,1253,43855000,43855000,1534,2556,43890000,18981
7,1254,43890000,43890000,1534,2556,43925000,18997
7,1255,43925000,43925000,1534,2556,43960000,19011
7,1256,43960000,43960000,1534,2556,43995000,19024
7,1257,43995000,43995000,1534,2556,44030000,19041
7,1258,44030000,44030000,1534,2556,44065000,19055
7,1259,44065000,44065000,1534,2556,44100000,19073
7,126,4410000,4410000,1534,2556,4445000,1917
7,1260,44100000,44100000,1534,2556,44135000,19086
7,1261,44135000,44135000,1534,2556,44170000,19100
7,1262,44170000,44170000,1534,2556,44205000,19118
7,1263,44205000,44205000,1534,2556,44240000,19132
7,1264,44240000,44240000,1534,2556,44275000,19146
7,1265,44275000,44275000,1534,2556,44310000,19163
7,1266,44310000,44310000,1534,2556,44345000,19176
7,1267,44345000,44345000,1534,2556,44380000,19194
7,1268,44380000,44380000,1534,2556,44415000,19206
7,1269,44415000,44415000,1534,2556,44450000,19223
7,127,4445000,4445000,1534,2556,4480000,1934
7,1270,44450000,44450000,1534,2556,44485000,19237
7,1271,44485000,44485000,1534,2556,44520000,19253
7,1272,44520000,44520000,1534,2556,44555000,19269
7,1273,44555000,44555000,1534,2556,44590000,19282
7,1274,44590000,44590000,1534,2556,44625000,19299
7,1275,44625000,44625000,1534,2556,44660000,19314
7,1276,44660000,44660000,1534,2556,44695000,19326
7,1277,44695000,44695000,1534,2556,44730000,19345
7,1278,44730000,44730000,1534,2556,44765000,19358
7,1279,44765000,44765000,1534,2556,44800000,19376
7,128,4480000,4480000,1534,2556,4515000,1948
7,1280,44800000,44800000,1534,2556,44835000,19389
7,1281,44835000,44835000,1534,2556,44870000,19403
7,1282,44870000,44870000,1534,2556,44905000,19419
7,1283,44905000,44905000,1534,2556,44940000,19435
7,1284,44940000,44940000,1534,2556,44975000,19451
7,1285,44975000,44975000,1534,2556,45010000,19465
7,1286,45010000,45010000,1534,2556,45045000,19478
7,1287,45045000,45045000,1534,2556,45080000,19496
7,1288,45080000,45080000,1534,2556,45115000,19508
7,1289,45115000,45115000,1534,2556,45150000,19528
7,129,4515000,4515000,1534,2556,4550000,1965
7,1290,45150000,45150000,1534,2556,45185000,19541
7,1291,45185000,45185000,1534,2556,45220000,19554
7,1292,45220000,45220000,1534,2556,45255000,19571
7,1293,45255000,45255000,1534,2556,45290000,19585
7,1294,45290000,45290000,1534,2556,45325000,19602
7,1295,45325000,45325000,1534,2556,45360000,19617
7,1296,45360000,45360000,1534,2556,45395000,19630
7,1297,45395000,45395000,1534,2556,45430000,19647
7,1298,45430000,45430000,1534,2556,45465000,19661
7,1299,45465000,45465000,1534,2556,45500000,19679
7,13,455000,455000,1534,2556,490000,206
7,130,4550000,4550000,1534,2556,4585000,1977
7,1300,45500000,45500000,1534,2556,45535000,19690
7,1301,45535000,45535000,1534,2556,45570000,19707
7,1302,45570000,45570000,1534,2556,45605000,19723
7,1303,45605000,45605000,1534,2556,45640000,19737
7,1304,45640000,45640000,1534,2556,45675000,19753
7,1305,45675000,45675000,1534,2556,45710000,19767
7,1306,45710000,45710000,1534,2556,45745000,19781
7,1307,45745000,45745000,1534,2556,45780000,19800
7,1308,45780000,45780000,1534,2556,45815000,19812
7,1309,45815000,45815000,1534,2556,45850000,19829
7,131,4585000,4585000,1534,2556,4620000,1994
7,1310,45850000,45850000,1534,2556,45885000,19843
7,1311,45885000,45885000,1534,2556,45920000,19858
7,1312,45920000,45920000,1534,2556,45955000,19873
7,1313,45955000,45955000,1534,2556,45990000,19889
7,1314,45990000,45990000,1534,2556,46025000,19905
7,1315,46025000,46025000,1534,2556,46060000,19919
7,1316,46060000,46060000,1534,2556,46095000,19933
7,1317,46095000,46095000,1534,2556,46130000,19950
7,1318,46130000,46130000,1534,2556,46165000,19963
7,1319,46165000,46165000,1534,2556,46200000,19982
7,132,4620000,4620000,1534,2556,4655000,2009
7,1320,46200000,46200000,1534,2556,46235000,19994
7,1321,46235000,46235000,1534,2556,46270000,20009
7,1322,46270000,46270000,1534,2556,46305000,20025
7,1323,46305000,46305000,1534,2556,46340000,20040
7,1324,46340000,46340000,1534,2556,46375000,20055
7,1325,46375000,46375000,1534,2556,46410000,20071
7,1326,46410000,46410000,1534,2556,46445000,20085
7,1327,46445000,46445000,1534,2556,46480000,20101
7,1328,46480000,46480000,1534,2556,46515000,20115
7,1329,46515000,46515000,1534,2556,46550000,20132
7,133,4655000,4655000,1534,2556,4690000,2024
7,1330,46550000,46550000,1534,2556,46585000,20146
7,1331,46585000,46585000,1534,2556,46620000,20161
7,1332,46620000,46620000,1534,2556,46655000,20176
7,1333,46655000,46655000,1534,2556,46690000,20191
7,1334,46690000,46690000,1534,2556,46725000,20208
7,1335,46725000,46725000,1534,2556,46760000,20223
7,1336,46760000,46760000,1534,2556,46795000,20234
7,1337,46795000,46795000,1534,2556,46830000,20253
7,1338,46830000,46830000,1534,2556,46865000,20267
7,1339,46865000,46865000,1534,2556,46900000,20284
7,134,4690000,4690000,1534,2556,4725000,2040
7,1340,46900000,46900000,1534,2556,46935000,20297
7,1341,46935000,46935000,1534,2556,46970000,20311
7,1342,46970000,46970000,1534,2556,47005000,20327
7,1343,47005000,47005000,1534,2556,47040000,20344
7,1344,47040000,47040000,1534,2556,47075000,20359
7,1345,47075000,47075000,1534,2556,47110000,20373
7,1346,47110000,47110000,1534,2556,47145000,20387
7,1347,47145000,47145000,1534,2556,47180000,20405
7,1348,47180000,47180000,1534,2556,47215000,20417
7,1349,47215000,47215000,1534,2556,47250000,20435
7,135,4725000,4725000,1534,2556,4760000,2054
7,1350,47250000,47250000,1534,2556,47285000,20449
7,1351,47285000,47285000,1534,2556,47320000,20463
7,1352,47320000,47320000,1534,2556,47355000,20480
7,1353,47355000,47355000,1534,2556,47390000,20494
7,1354,47390000,47390000,1534,2556,47425000,20509
7,1355,47425000,47425000,1534,2556,47460000,20526
7,1356,47460000,47460000,1534,2556,47495000,20538
7,1357,47495000,47495000,1534,2556,47530000,20556
7,1358,47530000,47530000,1534,2556,47565000,20569
7,1359,47565000,47565000,1534,2556,47600000,20586
7,136,4760000,4760000,1534,2556,4795000,2067
7,1360,47600000,47600000,1534,2556,47635000,20599
7,1361,47635000,47635000,1534,2556,47670000,20615
7,1362,47670000,47670000,1534,2556,47705000,20632
7,1363,47705000,47705000,1534,2556,47740000,20645
7,1364,47740000,47740000,1534,2556,47775000,20662
7,1365,47775000,47775000,1534,2556,47810000,20676
7,1366,47810000,47810000,1534,2556,47845000,20689
7,1367,47845000,47845000,1534,2556,47880000,20708
7,1368,47880000,47880000,1534,2556,47915000,20720
7,1369,47915000,47915000,1534,2556,47950000,20738
7,137,4795000,4795000,1534,2556,4830000,2086
7,1370,47950000,47950000,1534,2556,47985000,20752
7,1371,47985000,47985000,1534,2556,48020000,20766
7,1372,48020000,48020000,1534,2556,48055000,20781
7,1373,48055000,48055000,1534,2556,48090000,20797
7,1374,48090000,48090000,1534,2556,48125000,20814
7,1375,48125000,48125000,1534,2556,48160000,20828
7,1376,48160000,48160000,1534,2556,48195000,20840
7,1377,48195000,48195000,1534,2556,48230000,20858
7,1378,48230000,48230000,1534,2556,48265000,20871
7,1379,48265000,48265000,1534,2556,48300000,20891
7,138,4830000,4830000,1534,2556,4865000,2100
7,1380,48300000,48300000,1534,2556,48335000,20903
7,1381,48335000,48335000,1534,2556,48370000,20917
7,1382,48370000,48370000,1534,2556,48405000,20934
7,1383,48405000,48405000,1534,2556,48440000,20948
7,1384,48440000,48440000,1534,2556,48475000,20964
7,1385,48475000,48475000,1534,2556,48510000,20979
7,1386,48510000,48510000,1534,2556,48545000,20993
7,1387,48545000,48545000,1534,2556,48580000,21010
7,1388,48580000,48580000,1534,2556,48615000,21023
7,1389,48615000,48615000,1534,2556,48650000,21041
7,139,4865000,4865000,1534,2556,4900000,2116
7,1390,48650000,48650000,1534,2556,48685000,21053
7,1391,48685000,48685000,1534,2556,48720000,21070
7,1392,48720000,48720000,1534,2556,48755000,21085
7,1393,48755000,48755000,1534,2556,48790000,21099
7,1394,48790000,48790000,1534,2556,48825000,21116
7,1395,48825000,48825000,1534,2556,48860000,21130
7,1396,48860000,48860000,1534,2556,48895000,21143
7,1397,48895000,48895000,1534,2556,48930000,21162
7,1398,48930000,48930000,1534,2556,48965000,21176
7,1399,48965000,48965000,1534,2556,49000000,21192
7,14,490000,490000,1534,2556,525000,224
7,140,4900000,4900000,1534,2556,4935000,2130
7,1400,49000000,49000000,1534,2556,49035000,21205
7,1401,49035000,49035000,1534,2556,49070000,21220
7,1402,49070000,49070000,1534,2556,49105000,21236
7,1403,49105000,49105000,1534,2556,49140000,21252
7,1404,49140000,49140000,1534,2556,49175000,21267
7,1405,49175000,49175000,1534,2556,49210000,21281
7,1406,49210000,49210000,1534,2556,49245000,21296
7,1407,49245000,49245000,1534,2556,49280000,21313
7,1408,49280000,49280000,1534,2556,49315000,21325
7,1409,49315000,49315000,1534,2556,49350000,21344
7,141,4935000,4935000,1534,2556,4970000,2144
7,1410,49350000,49350000,1534,2556,49385000,21357
7,1411,49385000,49385000,1534,2556,49420000,21372
7,1412,49420000,49420000,1534,2556,49455000,21387
7,1413,49455000,49455000,1534,2556,49490000,21402
7,1414,49490000,49490000,1534,2556,49525000,21418
7,1415,49525000,49525000,1534,2556,49560000,21435
7,1416,49560000,49560000,1534,2556,49595000,21447
7,1417,49595000,49595000,1534,2556,49630000,21463
7,1418,49630000,49630000,1534,2556,49665000,21478
7,1419,49665000,49665000,1534,2556,49700000,21495
7,142,4970000,4970000,1534,2556,5005000,2160
7,1420,49700000,49700000,1534,2556,49735000,21508
7,1421,49735000,49735000,1534,2556,49770000,21523
7,1422,49770000,49770000,1534,2556,49805000,21539
7,1423,49805000,49805000,1534,2556,49840000,21554
7,1424,49840000,49840000,1534,2556,49875000,21570
7,1425,49875000,49875000,1534,2556,49910000,21585
7,1426,49910000,49910000,1534,2556,49945000,21597
7,1427,49945000,49945000,1534,2556,49980000,21616
7,1428,49980000,49980000,1534,2556,50015000,21629
7,1429,50015000,50015000,1534,2556,50050000,21646
7,143,5005000,5005000,1534,2556,5040000,2176
7,1430,50050000,50050000,1534,2556,50085000,21660
7,1431,50085000,50085000,1534,2556,50120000,21674
7,1432,50120000,50120000,1534,2556,50155000,21690
7,1433,50155000,50155000,1534,2556,50190000,21706
7,1434,50190000,50190000,1534,2556,50225000,21722
7,1435,50225000,50225000,1534,2556,50260000,21736
7,1436,50260000,50260000,1534,2556,50295000,21749
7,1437,50295000,50295000,1534,2556,50330000,21767
7,1438,50330000,50330000,1534,2556,50365000,21780
7,1439,50365000,50365000,1534,2556,50400000,21798
7,144,5040000,5040000,1534,2556,5075000,2191
7,1440,50400000,50400000,1534,2556,50435000,21811
7,1441,50435000,50435000,1534,2556,50470000,21825
7,1442,50470000,50470000,1534,2556,50505000,21843
7,1443,50505000,50505000,1534,2556,50540000,21857
7,1444,50540000,50540000,1534,2556,50575000,21871
7,1445,50575000,50575000,1534,2556,50610000,21888
7,1446,50610000,50610000,1534,2556,50645000,21901
7,1447,50645000,50645000,1534,2556,50680000,21919
7,1448,50680000,50680000,1534,2556,50715000,21931
7,1449,50715000,50715000,1534,2556,50750000,21949
7,145,5075000,5075000,1534,2556,5110000,2206
7,1450,50750000,50750000,1534,2556,50785000,21962
7,1451,50785000,50785000,1534,2556,50820000,21978
7,1452,50820000,50820000,1534,2556,50855000,21994
7,1453,50855000,50855000,1534,2556,50890000,22007
7,1454,50890000,50890000,1534,2556,50925000,22025
7,1455,50925000,50925000,1534,2556,50960000,22039
7,1456,50960000,50960000,1534,2556,50995000,22051
7,1457,50995000,50995000,1534,2556,51030000,22070
7,1458,51030000,51030000,1534,2556,51065000,22083
7,1459,51065000,51065000,1534,2556,51100000,22101
7,146,5110000,5110000,1534,2556,5145000,2220
7,1460,51100000,51100000,1534,2556,51135000,22114
7,1461,51135000,51135000,1534,2556,51170000,22128
7,1462,51170000,51170000,1534,2556,51205000,22144
7,1463,51205000,51205000,1534,2556,51240000,22160
7,1464,51240000,51240000,1534,2556,51275000,22176
7,1465,51275000,51275000,1534,2556,51310000,22190
7,1466,51310000,51310000,1534,2556,51345000,22204
7,1467,51345000,51345000,1534,2556,51380000,22221
7,1468,51380000,51380000,1534,2556,51415000,22233
7,1469,51415000,51415000,1534,2556,51450000,22253
7,147,5145000,5145000,1534,2556,5180000,2237
7,1470,51450000,51450000,1534,2556,51485000,22266
7,1471,51485000,51485000,1534,2556,51520000,22280
7,1472,51520000,51520000,1534,2556,51555000,22296
7,1473,51555000,51555000,1534,2556,51590000,22310
7,1474,51590000,51590000,1534,2556,51625000,22327
7,1475,51625000,51625000,1534,2556,51660000,22342
7,1476,51660000,51660000,1534,2556,51695000,22355
7,1477,51695000,51695000,1534,2556,51730000,22372
7,1478,51730000,51730000,1534,2556,51765000,22386
7,1479,51765000,51765000,1534,2556,51800000,22404
7,148,5180000,5180000,1534,2556,5215000,2249
7,1480,51800000,51800000,1534,2556,51835000,22415
7,1481,51835000,51835000,1534,2556,51870000,22432
7,1482,51870000,51870000,1534,2556,51905000,22448
7,1483,51905000,51905000,1534,2556,51940000,22463
7,1484,51940000,51940000,1534,2556,51975000,22478
7,1485,51975000,51975000,1534,2556,52010000,22492
7,1486,52010000,52010000,1534,2556,52045000,22506
7,1487,52045000,52045000,1534,2556,52080000,22525
7,1488,52080000,52080000,1534,2556,52115000,22538
7,1489,52115000,52115000,1534,2556,52150000,22554
7,149,5215000,5215000,1534,2556,5250000,2268
7,1490,52150000,52150000,1534,2556,52185000,22568
7,1491,52185000,52185000,1534,2556,52220000,22583
7,1492,52220000,52220000,1534,2556,52255000,22598
7,1493,52255000,52255000,1534,2556,52290000,22614
7,1494,52290000,52290000,1534,2556,52325000,22630
7,1495,52325000,52325000,1534,2556,52360000,22644
7,1496,52360000,52360000,1534,2556,52395000,22658
7,1497,52395000,52395000,1534,2556,52430000,22675
7,1498,52430000,52430000,1534,2556,52465000,22688
7,1499,52465000,52465000,1534,2556,52500000,22707
7,15,525000,525000,1534,2556,560000,238
7,150,5250000,5250000,1534,2556,5285000,2282
7,1500,52500000,52500000,1534,2556,52535000,22720
7,1501,52535000,52535000,1534,2556,52570000,22734
7,1502,52570000,52570000,1534,2556,52605000,22750
7,1503,52605000,52605000,1534,2556,52640000,22765
7,1504,52640000,52640000,1534,2556,52675000,22780
7,1505,52675000,52675000,1534,2556,52710000,22797
7,1506,52710000,52710000,1534,2556,52745000,22810
7,1507,52745000,52745000,1534,2556,52780000,22826
7,1508,52780000,52780000,1534,2556,52815000,22840
7,1509,52815000,52815000,1534,2556,52850000,22857
7,151,5285000,5285000,1534,2556,5320000,2296
7,1510,52850000,52850000,1534,2556,52885000,22871
7,1511,52885000,52885000,1534,2556,52920000,22886
7,1512,52920000,52920000,1534,2556,52955000,22901
7,1513,52955000,52955000,1534,2556,52990000,22916
7,1514,52990000,52990000,1534,2556,53025000,22933
7,1515,53025000,53025000,1534,2556,53060000,22948
7,1516,53060000,53060000,1534,2556,53095000,22959
7,1517,53095000,53095000,1534,2556,53130000,22979
7,1518,53130000,53130000,1534,2556,53165000,22992
7,1519,53165000,53165000,1534,2556,53200000,23009
7,152,5320000,5320000,1534,2556,5355000,2311
7,1520,53200000,53200000,1534,2556,53235000,23022
7,1521,53235000,53235000,1534,2556,53270000,23036
7,1522,53270000,53270000,1534,2556,53305000,23053
7,1523,53305000,53305000,1534,2556,53340000,23069
7,1524,53340000,53340000,1534,2556,53375000,23084
7,1525,53375000,53375000,1534,2556,53410000,23098
7,1526,53410000,53410000,1534,2556,53445000,23112
7,1527,53445000,53445000,1534,2556,53480000,23130
7,1528,53480000,53480000,1534,2556,53515000,23142
7,1529,53515000,53515000,1534,2556,53550000,23160
7,153,5355000,5355000,1534,2556,5390000,2326
7,1530,53550000,53550000,1534,2556,53585000,23174
7,1531,53585000,53585000,1534,2556,53620000,23188
7,1532,53620000,53620000,1534,2556,53655000,23205
7,1533,53655000,53655000,1534,2556,53690000,23219
7,1534,53690000,53690000,1534,2556,53725000,23235
7,1535,53725000,53725000,1534,2556,53760000,23251
7,1536,53760000,53760000,1534,2556,53795000,23263
7,1537,53795000,53795000,1534,2556,53830000,23281
7,1538,53830000,53830000,1534,2556,53865000,23294
7,1539,53865000,53865000,1534,2556,53900000,23312
7,154,5390000,5390000,1534,2556,5425000,2342
7,1540,53900000,53900000,1534,2556,53935000,23324
7,1541,53935000,53935000,1534,2556,53970000,23340
7,1542,53970000,53970000,1534,2556,54005000,23357
7,1543,54005000,54005000,1534,2556,54040000,23370
7,1544,54040000,54040000,1534,2556,54075000,23387
7,1545,54075000,54075000,1534,2556,54110000,23401
7,1546,54110000,54110000,1534,2556,54145000,23414
7,1547,54145000,54145000,1534,2556,54180000,23433
7,1548,54180000,54180000,1534,2556,54215000,23445
7,1549,54215000,54215000,1534,2556,54250000,23463
7,155,5425000,5425000,1534,2556,5460000,2359
7,1550,54250000,54250000,1534,2556,54285000,23477
7,1551,54285000,54285000,1534,2556,54320000,23492
7,1552,54320000,54320000,1534,2556,54355000,23506
7,1553,54355000,54355000,1534,2556,54390000,23522
7,1554,54390000,54390000,1534,2556,54425000,23539
7,1555,54425000,54425000,1534,2556,54460000,23553
7,1556,54460000,54460000,1534,2556,54495000,23566
7,1557,54495000,54495000,1534,2556,54530000,23583
7,1558,54530000,54530000,1534,2556,54565000,23596
7,1559,54565000,54565000,1534,2556,54600000,23616
7,156,5460000,5460000,1534,2556,5495000,2371
7,1560,54600000,54600000,1534,2556,54635000,23628
7,1561,54635000,54635000,1534,2556,54670000,23642
7,1562,54670000,54670000,1534,2556,54705000,23659
7,1563,54705000,54705000,1534,2556,54740000,23673
7,1564,54740000,54740000,1534,2556,54775000,23689
7,1565,54775000,54775000,1534,2556,54810000,23704
7,1566,54810000,54810000,1534,2556,54845000,23718
7,1567,54845000,54845000,1534,2556,54880000,23735
7,1568,54880000,54880000,1534,2556,54915000,23749
7,1569,54915000,54915000,1534,2556,54950000,23766
7,157,5495000,5495000,1534,2556,5530000,2388
7,1570,54950000,54950000,1534,2556,54985000,23778
7,1571,54985000,54985000,1534,2556,55020000,23795
7,1572,55020000,55020000,1534,2556,55055000,23810
7,1573,55055000,55055000,1534,2556,55090000,23825
7,1574,55090000,55090000,1534,2556,55125000,23841
7,1575,55125000,55125000,1534,2556,55160000,23855
7,1576,55160000,55160000,1534,2556,55195000,23868
7,1577,55195000,55195000,1534,2556,55230000,23887
7,1578,55230000,55230000,1534,2556,55265000,23901
7,1579,55265000,55265000,1534,2556,55300000,23917
7,158,5530000,5530000,1534,2556,5565000,2402
7,1580,55300000,55300000,1534,2556,55335000,23930
7,1581,55335000,55335000,1534,2556,55370000,23945
7,1582,55370000,55370000,1534,2556,55405000,23961
7,1583,55405000,55405000,1534,2556,55440000,23977
7,1584,55440000,55440000,1534,2556,55475000,23992
7,1585,55475000,55475000,1534,2556,55510000,24007
7,1586,55510000,55510000,1534,2556,55545000,24021
7,1587,55545000,55545000,1534,2556,55580000,24038
7,1588,55580000,55580000,1534,2556,55615000,24050
7,1589,55615000,55615000,1534,2556,55650000,24069
7,159,5565000,5565000,1534,2556,5600000,2419
7,1590,55650000,55650000,1534,2556,55685000,24083
7,1591,55685000,55685000,1534,2556,55720000,24097
7,1592,55720000,55720000,1534,2556,55755000,24112
7,1593,55755000,55755000,1534,2556,55790000,24127
7,1594,55790000,55790000,1534,2556,55825000,24143
7,1595,55825000,55825000,1534,2556,55860000,24160
7,1596,55860000,55860000,1534,2556,55895000,24172
7,1597,55895000,55895000,1534,2556,55930000,24188
7,1598,55930000,55930000,1534,2556,55965000,24203
7,1599,55965000,55965000,1534,2556,56000000,24220
7,16,560000,560000,1534,2556,595000,250
7,160,5600000,5600000,1534,2556,5635000,2432
7,1600,56000000,56000000,1534,2556,56035000,24233
7,1601,56035000,56035000,1534,2556,56070000,24248
7,1602,56070000,56070000,1534,2556,56105000,24265
7,1603,56105000,56105000,1534,2556,56140000,24279
7,1604,56140000,56140000,1534,2556,56175000,24295
7,1605,56175000,56175000,1534,2556,56210000,24310
7,1606,56210000,56210000,1534,2556,56245000,24322
7,1607,56245000,56245000,1534,2556,56280000,24342
7,1608,56280000,56280000,1534,2556,56315000,24354
7,1609,56315000,56315000,1534,2556,56350000,24371
7,161,5635000,5635000,1534,2556,5670000,2447
7,1610,56350000,56350000,1534,2556,56385000,24385
7,1611,56385000,56385000,1534,2556,56420000,24399
7,1612,56420000,56420000,1534,2556,56455000,24415
7,1613,56455000,56455000,1534,2556,56490000,24431
7,1614,56490000,56490000,1534,2556,56525000,24447
7,1615,56525000,56525000,1534,2556,56560000,24461
7,1616,56560000,56560000,1534,2556,56595000,24474
7,1617,56595000,56595000,1534,2556,56630000,24492
7,1618,56630000,56630000,1534,2556,56665000,24505
7,1619,56665000,56665000,1534,2556,56700000,24524
7,162,5670000,5670000,1534,2556,5705000,2464
7,1620,56700000,56700000,1534,2556,56735000,24536
7,1621,56735000,56735000,1534,2556,56770000,24550
7,1622,56770000,56770000,1534,2556,56805000,24568
7,1623,56805000,56805000,1534,2556,56840000,24582
7,1624,56840000,56840000,1534,2556,56875000,24597
7,1625,56875000,56875000,1534,2556,56910000,24613
7,1626,56910000,56910000,1534,2556,56945000,24626
7,1627,56945000,56945000,1534,2556,56980000,24644
7,1628,56980000,56980000,1534,2556,57015000,24656
7,1629,57015000,57015000,1534,2556,57050000,24674
7,163,5705000,5705000,1534,2556,5740000,2478
7,1630,57050000,57050000,1534,2556,57085000,24687
7,1631,57085000,57085000,1534,2556,57120000,24703
7,1632,57120000,57120000,1534,2556,57155000,24719
7,1633,57155000,57155000,1534,2556,57190000,24732
7,1634,57190000,57190000,1534,2556,57225000,24750
7,1635,57225000,57225000,1534,2556,57260000,24764
7,1636,57260000,57260000,1534,2556,57295000,24777
7,1637,57295000,57295000,1534,2556,57330000,24795
7,1638,57330000,57330000,1534,2556,57365000,24808
7,1639,57365000,57365000,1534,2556,57400000,24826
7,164,5740000,5740000,1534,2556,5775000,2494
7,1640,57400000,57400000,1534,2556,57435000,24839
7,1641,57435000,57435000,1534,2556,57470000,24854
7,1642,57470000,57470000,1534,2556,57505000,24869
7,1643,57505000,57505000,1534,2556,57540000,24885
7,1644,57540000,57540000,1534,2556,57575000,24901
7,1645,57575000,57575000,1534,2556,57610000,24915
7,1646,57610000,57610000,1534,2556,57645000,24929
7,1647,57645000,57645000,1534,2556,57680000,24946
7,1648,57680000,57680000,1534,2556,57715000,24958
7,1649,57715000,57715000,1534,2556,57750000,24978
7,165,5775000,5775000,1534,2556,5810000,2509
7,1650,57750000,57750000,1534,2556,57785000,24991
7,1651,57785000,57785000,1534,2556,57820000,25005
7,1652,57820000,57820000,1534,2556,57855000,25021
7,1653,57855000,57855000,1534,2556,57890000,25036
7,1654,57890000,57890000,1534,2556,57925000,25052
7,1655,57925000,57925000,1534,2556,57960000,25067
7,1656,57960000,57960000,1534,2556,57995000,25080
7,1657,57995000,57995000,1534,2556,58030000,25097
7,1658,58030000,58030000,1534,2556,58065000,25112
7,1659,58065000,58065000,1534,2556,58100000,25129
7,166,5810000,5810000,1534,2556,5845000,2521
7,1660,58100000,58100000,1534,2556,58135000,25140
7,1661,58135000,58135000,1534,2556,58170000,25157
7,1662,58170000,58170000,1534,2556,58205000,25173
7,1663,58205000,58205000,1534,2556,58240000,25188
7,1664,58240000,58240000,1534,2556,58275000,25203
7,1665,58275000,58275000,1534,2556,58310000,25217
7,1666,58310000,58310000,1534,2556,58345000,25231
7,1667,58345000,58345000,1534,2556,58380000,25250
7,1668,58380000,58380000,1534,2556,58415000,25263
7,1669,58415000,58415000,1534,2556,58450000,25279
7,167,5845000,5845000,1534,2556,5880000,2541
7,1670,58450000,58450000,1534,2556,58485000,25294
7,1671,58485000,58485000,1534,2556,58520000,25308
7,1672,58520000,58520000,1534,2556,58555000,25323
7,1673,58555000,58555000,1534,2556,58590000,25339
7,1674,58590000,58590000,1534,2556,58625000,25355
7,1675,58625000,58625000,1534,2556,58660000,25370
7,1676,58660000,58660000,1534,2556,58695000,25383
7,1677,58695000,58695000,1534,2556,58730000,25400
7,1678,58730000,58730000,1534,2556,58765000,25413
7,1679,58765000,58765000,1534,2556,58800000,25432
7,168,5880000,5880000,1534,2556,5915000,2553
7,1680,58800000,58800000,1534,2556,58835000,25445
7,1681,58835000,58835000,1534,2556,58870000,25459
7,1682,58870000,58870000,1534,2556,58905000,25475
7,1683,58905000,58905000,1534,2556,58940000,25490
7,1684,58940000,58940000,1534,2556,58975000,25505
7,1685,58975000,58975000,1534,2556,59010000,25522
7,1686,59010000,59010000,1534,2556,59045000,25535
7,1687,59045000,59045000,1534,2556,59080000,25552
7,1688,59080000,59080000,1534,2556,59115000,25565
7,1689,59115000,59115000,1534,2556,59150000,25582
7,169,5915000,5915000,1534,2556,5950000,2570
7,1690,59150000,59150000,1534,2556,59185000,25596
7,1691,59185000,59185000,1534,2556,59220000,25611
7,1692,59220000,59220000,1534,2556,59255000,25627
7,1693,59255000,59255000,1534,2556,59290000,25641
7,1694,59290000,59290000,1534,2556,59325000,25658
7,1695,59325000,59325000,1534,2556,59360000,25673
7,1696,59360000,59360000,1534,2556,59395000,25684
7,1697,59395000,59395000,1534,2556,59430000,25704
7,1698,59430000,59430000,1534,2556,59465000,25717
7,1699,59465000,59465000,1534,2556,59500000,25734
7,17,595000,595000,1534,2556,630000,269
7,170,5950000,5950000,1534,2556,5985000,2584
7,1700,59500000,59500000,1534,2556,59535000,25747
7,1701,59535000,59535000,1534,2556,59570000,25761
7,1702,59570000,59570000,1534,2556,59605000,25778
7,1703,59605000,59605000,1534,2556,59640000,25794
7,1704,59640000,59640000,1534,2556,59675000,25810
7,1705,59675000,59675000,1534,2556,59710000,25823
7,1706,59710000,59710000,1534,2556,59745000,25837
7,1707,59745000,59745000,1534,2556,59780000,25855
7,1708,59780000,59780000,1534,2556,59815000,25867
7,1709,59815000,59815000,1534,2556,59850000,25886
7,171,5985000,5985000,1534,2556,6020000,2598
7,1710,59850000,59850000,1534,2556,59885000,25899
7,1711,59885000,59885000,1534,2556,59920000,25913
7,1712,59920000,59920000,1534,2556,59955000,25930
7,1713,59955000,59955000,1534,2556,59990000,25944
7,1714,59990000,59990000,1534,2556,60025000,25960
7,1715,60025000,60025000,1534,2556,60060000,25976
7,1716,60060000,60060000,1534,2556,60095000,25988
7,1717,60095000,60095000,1534,2556,60130000,26006
7,1718,60130000,60130000,1534,2556,60165000,26019
7,1719,60165000,60165000,1534,2556,60200000,26037
7,172,6020000,6020000,1534,2556,6055000,2614
7,1720,60200000,60200000,1534,2556,60235000,26049
7,1721,60235000,60235000,1534,2556,60270000,26066
7,1722,60270000,60270000,1534,2556,60305000,26082
7,1723,60305000,60305000,1534,2556,60340000,26095
7,1724,60340000,60340000,1534,2556,60375000,26112
7,1725,60375000,60375000,1534,2556,60410000,26126
7,1726,60410000,60410000,1534,2556,60445000,26140
7,1727,60445000,60445000,1534,2556,60480000,26158
7,1728,60480000,60480000,1534,2556,60515000,26170
7,1729,60515000,60515000,1534,2556,60550000,26188
7,173,6055000,6055000,1534,2556,6090000,2630
7,1730,60550000,60550000,1534,2556,60585000,26202
7,1731,60585000,60585000,1534,2556,60620000,26217
7,1732,60620000,60620000,1534,2556,60655000,26231
7,1733,60655000,60655000,1534,2556,60690000,26247
7,1734,60690000,60690000,1534,2556,60725000,26264
7,1735,60725000,60725000,1534,2556,60760000,26278
7,1736,60760000,60760000,1534,2556,60795000,26291
7,1737,60795000,60795000,1534,2556,60830000,26308
7,1738,60830000,60830000,1534,2556,60865000,26322
7,1739,60865000,60865000,1534,2556,60900000,26341
7,174,6090000,6090000,1534,2556,6125000,2647
7,1740,60900000,60900000,1534,2556,60935000,26353
7,1741,60935000,60935000,1534,2556,60970000,26367
7,1742,60970000,60970000,1534,2556,61005000,26384
7,1743,61005000,61005000,1534,2556,61040000,26399
7,1744,61040000,61040000,1534,2556,61075000,26414
7,1745,61075000,61075000,1534,2556,61110000,26429
7,1746,61110000,61110000,1534,2556,61145000,26443
7,1747,61145000,61145000,1534,2556,61180000,26460
7,1748,61180000,61180000,1534,2556,61215000,26474
7,1749,61215000,61215000,1534,2556,61250000,26491
7,175,6125000,6125000,1534,2556,6160000,2660
7,1750,61250000,61250000,1534,2556,61285000,26503
7,1751,61285000,61285000,1534,2556,61320000,26520
7,1752,61320000,61320000,1534,2556,61355000,26535
7,1753,61355000,61355000,1534,2556,61390000,26550
7,1754,61390000,61390000,1534,2556,61425000,26566
7,1755,61425000,61425000,1534,2556,61460000,26581
7,1756,61460000,61460000,1534,2556,61495000,26593
7,1757,61495000,61495000,1534,2556,61530000,26612
7,1758,61530000,61530000,1534,2556,61565000,26626
7,1759,61565000,61565000,1534,2556,61600000,26642
7,176,6160000,6160000,1534,2556,6195000,2673
7,1760,61600000,61600000,1534,2556,61635000,26656
7,1761,61635000,61635000,1534,2556,61670000,26670
7,1762,61670000,61670000,1534,2556,61705000,26686
7,1763,61705000,61705000,1534,2556,61740000,26702
7,1764,61740000,61740000,1534,2556,61775000,26717
7,1765,61775000,61775000,1534,2556,61810000,26732
7,1766,61810000,61810000,1534,2556,61845000,26746
7,1767,61845000,61845000,1534,2556,61880000,26763
7,1768,61880000,61880000,1534,2556,61915000,26775
7,1769,61915000,61915000,1534,2556,61950000,26794
7,177,6195000,6195000,1534,2556,6230000,2691
7,1770,61950000,61950000,1534,2556,61985000,26808
7,1771,61985000,61985000,1534,2556,62020000,26822
7,1772,62020000,62020000,1534,2556,62055000,26838
7,1773,62055000,62055000,1534,2556,62090000,26852
7,1774,62090000,62090000,1534,2556,62125000,26868
7,1775,62125000,62125000,1534,2556,62160000,26885
7,1776,62160000,62160000,1534,2556,62195000,26897
7,1777,62195000,62195000,1534,2556,62230000,26914
7,1778,62230000,62230000,1534,2556,62265000,26928
7,1779,62265000,62265000,1534,2556,62300000,26945
7,178,6230000,6230000,1534,2556,6265000,2704
7,1780,62300000,62300000,1534,2556,62335000,26958
7,1781,62335000,62335000,1534,2556,62370000,26973
7,1782,62370000,62370000,1534,2556,62405000,26990
7,1783,62405000,62405000,1534,2556,62440000,27004
7,1784,62440000,62440000,1534,2556,62475000,27020
7,1785,62475000,62475000,1534,2556,62510000,27035
7,1786,62510000,62510000,1534,2556,62545000,27047
7,1787,62545000,62545000,1534,2556,62580000,27067
7,1788,62580000,62580000,1534,2556,62615000,27079
7,1789,62615000,62615000,1534,2556,62650000,27097
7,179,6265000,6265000,1534,2556,6300000,2723
7,1790,62650000,62650000,1534,2556,62685000,27110
7,1791,62685000,62685000,1534,2556,62720000,27124
7,1792,62720000,62720000,1534,2556,62755000,27140
7,1793,62755000,62755000,1534,2556,62790000,27156
7,1794,62790000,62790000,1534,2556,62825000,27173
7,1795,62825000,62825000,1534,2556,62860000,27186
7,1796,62860000,62860000,1534,2556,62895000,27199
7,1797,62895000,62895000,1534,2556,62930000,27217
7,1798,62930000,62930000,1534,2556,62965000,27230
7,1799,62965000,62965000,1534,2556,63000000,27249
7,18,630000,630000,1534,2556,665000,282
7,180,6300000,6300000,1534,2556,6335000,2735
7,1800,63000000,63000000,1534,2556,63035000,27261
7,1801,63035000,63035000,1534,2556,63070000,27275
7,1802,63070000,63070000,1534,2556,63105000,27293
7,1803,63105000,63105000,1534,2556,63140000,27307
7,1804,63140000,63140000,1534,2556,63175000,27322
7,1805,63175000,63175000,1534,2556,63210000,27338
7,1806,63210000,63210000,1534,2556,63245000,27352
7,1807,63245000,63245000,1534,2556,63280000,27369
7,1808,63280000,63280000,1534,2556,63315000,27381
7,1809,63315000,63315000,1534,2556,63350000,27399
7,181,6335000,6335000,1534,2556,6370000,2749
7,1810,63350000,63350000,1534,2556,63385000,27412
7,1811,63385000,63385000,1534,2556,63420000,27429
7,1812,63420000,63420000,1534,2556,63455000,27444
7,1813,63455000,63455000,1534,2556,63490000,27457
7,1814,63490000,63490000,1534,2556,63525000,27475
7,1815,63525000,63525000,1534,2556,63560000,27489
7,1816,63560000,63560000,1534,2556,63595000,27502
7,1817,63595000,63595000,1534,2556,63630000,27520
7,1818,63630000,63630000,1534,2556,63665000,27533
7,1819,63665000,63665000,1534,2556,63700000,27551
7,182,6370000,6370000,1534,2556,6405000,2767
7,1820,63700000,63700000,1534,2556,63735000,27564
7,1821,63735000,63735000,1534,2556,63770000,27579
7,1822,63770000,63770000,1534,2556,63805000,27594
7,1823,63805000,63805000,1534,2556,63840000,27611
7,1824,63840000,63840000,1534,2556,63875000,27626
7,1825,63875000,63875000,1534,2556,63910000,27640
7,1826,63910000,63910000,1534,2556,63945000,27654
7,1827,63945000,63945000,1534,2556,63980000,27671
7,1828,63980000,63980000,1534,2556,64015000,27684
7,1829,64015000,64015000,1534,2556,64050000,27703
7,183,6405000,6405000,1534,2556,6440000,2781
7,1830,64050000,64050000,1534,2556,64085000,27716
7,1831,64085000,64085000,1534,2556,64120000,27730
7,1832,64120000,64120000,1534,2556,64155000,27746
7,1833,64155000,64155000,1534,2556,64190000,27761
7,1834,64190000,64190000,1534,2556,64225000,27777
7,1835,64225000,64225000,1534,2556,64260000,27792
7,1836,64260000,64260000,1534,2556,64295000,27805
7,1837,64295000,64295000,1534,2556,64330000,27822
7,1838,64330000,64330000,1534,2556,64365000,27837
7,1839,64365000,64365000,1534,2556,64400000,27854
7,184,6440000,6440000,1534,2556,6475000,2796
7,1840,64400000,64400000,1534,2556,64435000,27866
7,1841,64435000,64435000,1534,2556,64470000,27882
7,1842,64470000,64470000,1534,2556,64505000,27898
7,1843,64505000,64505000,1534,2556,64540000,27913
7,1844,64540000,64540000,1534,2556,64575000,27928
7,1845,64575000,64575000,1534,2556,64610000,27943
7,1846,64610000,64610000,1534,2556,64645000,27956
7,1847,64645000,64645000,1534,2556,64680000,27975
7,1848,64680000,64680000,1534,2556,64715000,27988
7,1849,64715000,64715000,1534,2556,64750000,28004
7,185,6475000,6475000,1534,2556,6510000,2812
7,1850,64750000,64750000,1534,2556,64785000,28019
7,1851,64785000,64785000,1534,2556,64820000,28033
7,1852,64820000,64820000,1534,2556,64855000,28048
7,1853,64855000,64855000,1534,2556,64890000,28064
7,1854,64890000,64890000,1534,2556,64925000,28080
7,1855,64925000,64925000,1534,2556,64960000,28095
7,1856,64960000,64960000,1534,2556,64995000,28108
7,1857,64995000,64995000,1534,2556,65030000,28126
7,1858,65030000,65030000,1534,2556,65065000,28138
7,1859,65065000,65065000,1534,2556,65100000,28157
7,186,6510000,6510000,1534,2556,6545000,2825
7,1860,65100000,65100000,1534,2556,65135000,28170
7,1861,65135000,65135000,1534,2556,65170000,28184
7,1862,65170000,65170000,1534,2556,65205000,28201
7,1863,65205000,65205000,1534,2556,65240000,28215
7,1864,65240000,65240000,1534,2556,65275000,28230
7,1865,65275000,65275000,1534,2556,65310000,28247
7,1866,65310000,65310000,1534,2556,65345000,28260
7,1867,65345000,65345000,1534,2556,65380000,28277
7,1868,65380000,65380000,1534,2556,65415000,28290
7,1869,65415000,65415000,1534,2556,65450000,28307
7,187,6545000,6545000,1534,2556,6580000,2843
7,1870,65450000,65450000,1534,2556,65485000,28321
7,1871,65485000,65485000,1534,2556,65520000,28336
7,1872,65520000,65520000,1534,2556,65555000,28352
7,1873,65555000,65555000,1534,2556,65590000,28366
7,1874,65590000,65590000,1534,2556,65625000,28384
7,1875,65625000,65625000,1534,2556,65660000,28398
7,1876,65660000,65660000,1534,2556,65695000,28409
7,1877,65695000,65695000,1534,2556,65730000,28429
7,1878,65730000,65730000,1534,2556,65765000,28442
7,1879,65765000,65765000,1534,2556,65800000,28460
7,188,6580000,6580000,1534,2556,6615000,2855
7,1880,65800000,65800000,1534,2556,65835000,28472
7,1881,65835000,65835000,1534,2556,65870000,28486
7,1882,65870000,65870000,1534,2556,65905000,28503
7,1883,65905000,65905000,1534,2556,65940000,28519
7,1884,65940000,65940000,1534,2556,65975000,28535
7,1885,65975000,65975000,1534,2556,66010000,28548
7,1886,66010000,66010000,1534,2556,66045000,28562
7,1887,66045000,66045000,1534,2556,66080000,28580
7,1888,66080000,66080000,1534,2556,66115000,28592
7,1889,66115000,66115000,1534,2556,66150000,28611
7,189,6615000,6615000,1534,2556,6650000,2873
7,1890,66150000,66150000,1534,2556,66185000,28624
7,1891,66185000,66185000,1534,2556,66220000,28639
7,1892,66220000,66220000,1534,2556,66255000,28655
7,1893,66255000,66255000,1534,2556,66290000,28669
7,1894,66290000,66290000,1534,2556,66325000,28685
7,1895,66325000,66325000,1534,2556,66360000,28701
7,1896,66360000,66360000,1534,2556,66395000,28714
7,1897,66395000,66395000,1534,2556,66430000,28731
7,1898,66430000,66430000,1534,2556,66465000,28744
7,1899,66465000,66465000,1534,2556,66500000,28762
7,19,665000,665000,1534,2556,700000,300
7,190,6650000,6650000,1534,2556,6685000,2886
7,1900,66500000,66500000,1534,2556,66535000,28774
7,1901,66535000,66535000,1534,2556,66570000,28791
7,1902,66570000,66570000,1534,2556,66605000,28807
7,1903,66605000,66605000,1534,2556,66640000,28820
7,1904,66640000,66640000,1534,2556,66675000,28837
7,1905,66675000,66675000,1534,2556,66710000,28851
7,1906,66710000,66710000,1534,2556,66745000,28865
7,1907,66745000,66745000,1534,2556,66780000,28883
7,1908,66780000,66780000,1534,2556,66815000,28896
7,1909,66815000,66815000,1534,2556,66850000,28913
7,191,6685000,6685000,1534,2556,6720000,2903
7,1910,66850000,66850000,1534,2556,66885000,28927
7,1911,66885000,66885000,1534,2556,66920000,28942
7,1912,66920000,66920000,1534,2556,66955000,28956
7,1913,66955000,66955000,1534,2556,66990000,28973
7,1914,66990000,66990000,1534,2556,67025000,28989
7,1915,67025000,67025000,1534,2556,67060000,29003
7,1916,67060000,67060000,1534,2556,67095000,29016
7,1917,67095000,67095000,1534,2556,67130000,29033
7,1918,67130000,67130000,1534,2556,67165000,29047
7,1919,67165000,67165000,1534,2556,67200000,29066
7,192,6720000,6720000,1534,2556,6755000,2918
7,1920,67200000,67200000,1534,2556,67235000,29078
7,1921,67235000,67235000,1534,2556,67270000,29092
7,1922,67270000,67270000,1534,2556,67305000,29109
7,1923,67305000,67305000,1534,2556,67340000,29124
7,1924,67340000,67340000,1534,2556,67375000,29139
7,1925,67375000,67375000,1534,2556,67410000,29155
7,1926,67410000,67410000,1534,2556,67445000,29168
7,1927,67445000,67445000,1534,2556,67480000,29185
7,1928,67480000,67480000,1534,2556,67515000,29199
7,1929,67515000,67515000,1534,2556,67550000,29216
7,193,6755000,6755000,1534,2556,6790000,2931
7,1930,67550000,67550000,1534,2556,67585000,29229
7,1931,67585000,67585000,1534,2556,67620000,29245
7,1932,67620000,67620000,1534,2556,67655000,29260
7,1933,67655000,67655000,1534,2556,67690000,29275
7,1934,67690000,67690000,1534,2556,67725000,29291
7,1935,67725000,67725000,1534,2556,67760000,29306
7,1936,67760000,67760000,1534,2556,67795000,29318
7,1937,67795000,67795000,1534,2556,67830000,29337
7,1938,67830000,67830000,1534,2556,67865000,29351
7,1939,67865000,67865000,1534,2556,67900000,29367
7,194,6790000,6790000,1534,2556,6825000,2949
7,1940,67900000,67900000,1534,2556,67935000,29381
7,1941,67935000,67935000,1534,2556,67970000,29395
7,1942,67970000,67970000,1534,2556,68005000,29412
7,1943,68005000,68005000,1534,2556,68040000,29427
7,1944,68040000,68040000,1534,2556,68075000,29442
7,1945,68075000,68075000,1534,2556,68110000,29457
7,1946,68110000,68110000,1534,2556,68145000,29471
7,1947,68145000,68145000,1534,2556,68180000,29489
7,1948,68180000,68180000,1534,2556,68215000,29500
7,1949,68215000,68215000,1534,2556,68250000,29519
7,195,6825000,6825000,1534,2556,6860000,2963
7,1950,68250000,68250000,1534,2556,68285000,29533
7,1951,68285000,68285000,1534,2556,68320000,29547
7,1952,68320000,68320000,1534,2556,68355000,29563
7,1953,68355000,68355000,1534,2556,68390000,29577
7,1954,68390000,68390000,1534,2556,68425000,29593
7,1955,68425000,68425000,1534,2556,68460000,29610
7,1956,68460000,68460000,1534,2556,68495000,29622
7,1957,68495000,68495000,1534,2556,68530000,29639
7,1958,68530000,68530000,1534,2556,68565000,29653
7,1959,68565000,68565000,1534,2556,68600000,29671
7,196,6860000,6860000,1534,2556,6895000,2976
7,1960,68600000,68600000,1534,2556,68635000,29683
7,1961,68635000,68635000,1534,2556,68670000,29698
7,1962,68670000,68670000,1534,2556,68705000,29715
7,1963,68705000,68705000,1534,2556,68740000,29729
7,1964,68740000,68740000,1534,2556,68775000,29746
7,1965,68775000,68775000,1534,2556,68810000,29760
7,1966,68810000,68810000,1534,2556,68845000,29772
7,1967,68845000,68845000,1534,2556,68880000,29792
7,1968,68880000,68880000,1534,2556,68915000,29804
7,1969,68915000,68915000,1534,2556,68950000,29822
7,197,6895000,6895000,1534,2556,6930000,2994
7,1970,68950000,68950000,1534,2556,68985000,29835
7,1971,68985000,68985000,1534,2556,69020000,29849
7,1972,69020000,69020000,1534,2556,69055000,29865
7,1973,69055000,69055000,1534,2556,69090000,29881
7,1974,69090000,69090000,1534,2556,69125000,29898
7,1975,69125000,69125000,1534,2556,69160000,29911
7,1976,69160000,69160000,1534,2556,69195000,29925
7,1977,69195000,69195000,1534,2556,69230000,29942
7,1978,69230000,69230000,1534,2556,69265000,29955
7,1979,69265000,69265000,1534,2556,69300000,29974
7,198,6930000,6930000,1534,2556,6965000,3007
7,1980,69300000,69300000,1534,2556,69335000,29986
7,1981,69335000,69335000,1534,2556,69370000,30001
7,1982,69370000,69370000,1534,2556,69405000,30018
7,1983,69405000,69405000,1534,2556,69440000,30032
7,1984,69440000,69440000,1534,2556,69475000,30047
7,1985,69475000,69475000,1534,2556,69510000,30063
7,1986,69510000,69510000,1534,2556,69545000,30077
7,1987,69545000,69545000,1534,2556,69580000,30094
7,1988,69580000,69580000,1534,2556,69615000,30106
7,1989,69615000,69615000,1534,2556,69650000,30124
7,199,6965000,6965000,1534,2556,7000000,3025
7,1990,69650000,69650000,1534,2556,69685000,30137
7,1991,69685000,69685000,1534,2556,69720000,30154
7,1992,69720000,69720000,1534,2556,69755000,30169
7,1993,69755000,69755000,1534,2556,69790000,30183
7,1994,69790000,69790000,1534,2556,69825000,30200
7,1995,69825000,69825000,1534,2556,69860000,30214
7,1996,69860000,69860000,1534,2556,69895000,30227
7,1997,69895000,69895000,1534,2556,69930000,30245
7,1998,69930000,69930000,1534,2556,69965000,30259
7,1999,69965000,69965000,1534,2556,70000000,30276
7,2,70000,70000,1534,2556,105000,42
7,20,700000,700000,1534,2556,735000,313
7,200,7000000,7000000,1534,2556,7035000,3038
7,2000,70000000,70000000,1534,2556,70035000,30289
7,2001,70035000,70035000,1534,2556,70070000,30304
7,2002,70070000,70070000,1534,2556,70105000,30319
7,2003,70105000,70105000,1534,2556,70140000,30336
7,2004,70140000,70140000,1534,2556,70175000,30351
7,2005,70175000,70175000,1534,2556,70210000,30365
7,2006,70210000,70210000,1534,2556,70245000,30379
7,2007,70245000,70245000,1534,2556,70280000,30396
7,2008,70280000,70280000,1534,2556,70315000,30409
7,2009,70315000,70315000,1534,2556,70350000,30428
7,201,7035000,7035000,1534,2556,7070000,3053
7,2010,70350000,70350000,1534,2556,70385000,30442
7,2011,70385000,70385000,1534,2556,70420000,30455
7,2012,70420000,70420000,1534,2556,70455000,30471
7,2013,70455000,70455000,1534,2556,70490000,30486
7,2014,70490000,70490000,1534,2556,70525000,30502
7,2015,70525000,70525000,1534,2556,70560000,30518
7,2016,70560000,70560000,1534,2556,70595000,30530
7,2017,70595000,70595000,1534,2556,70630000,30547
7,2018,70630000,70630000,1534,2556,70665000,30562
7,2019,70665000,70665000,1534,2556,70700000,30579
7,202,7070000,7070000,1534,2556,7105000,3068
7,2020,70700000,70700000,1534,2556,70735000,30591
7,2021,70735000,70735000,1534,2556,70770000,30607
7,2022,70770000,70770000,1534,2556,70805000,30623
7,2023,70805000,70805000,1534,2556,70840000,30638
7,2024,70840000,70840000,1534,2556,70875000,30653
7,2025,70875000,70875000,1534,2556,70910000,30668
7,2026,70910000,70910000,1534,2556,70945000,30681
7,2027,70945000,70945000,1534,2556,70980000,30701
7,2028,70980000,70980000,1534,2556,71015000,30713
7,2029,71015000,71015000,1534,2556,71050000,30729
7,203,7105000,7105000,1534,2556,7140000,3084
7,2030,71050000,71050000,1534,2556,71085000,30744
7,2031,71085000,71085000,1534,2556,71120000,30758
7,2032,71120000,71120000,1534,2556,71155000,30774
7,2033,71155000,71155000,1534,2556,71190000,30789
7,2034,71190000,71190000,1534,2556,71225000,30805
7,2035,71225000,71225000,1534,2556,71260000,30820
7,2036,71260000,71260000,1534,2556,71295000,30833
7,2037,71295000,71295000,1534,2556,71330000,30851
7,2038,71330000,71330000,1534,2556,71365000,30863
7,2039,71365000,71365000,1534,2556,71400000,30882
7,204,7140000,7140000,1534,2556,7175000,3100
7,2040,71400000,71400000,1534,2556,71435000,30895
7,2041,71435000,71435000,1534,2556,71470000,30909
7,2042,71470000,71470000,1534,2556,71505000,30926
7,2043,71505000,71505000,1534,2556,71540000,30940
7,2044,71540000,71540000,1534,2556,71575000,30956
7,2045,71575000,71575000,1534,2556,71610000,30972
7,2046,71610000,71610000,1534,2556,71645000,30985
7,2047,71645000,71645000,1534,2556,71680000,31002
7,2048,71680000,71680000,1534,2556,71715000,31015
7,2049,71715000,71715000,1534,2556,71750000,31033
7,205,7175000,7175000,1534,2556,7210000,3114
7,2050,71750000,71750000,1534,2556,71785000,31046
7,2051,71785000,71785000,1534,2556,71820000,31061
7,2052,71820000,71820000,1534,2556,71855000,31077
7,2053,71855000,71855000,1534,2556,71890000,31091
7,2054,71890000,71890000,1534,2556,71925000,31109
7,2055,71925000,71925000,1534,2556,71960000,31123
7,2056,71960000,71960000,1534,2556,71995000,31134
7,2057,71995000,71995000,1534,2556,72030000,31154
7,2058,72030000,72030000,1534,2556,72065000,31167
7,2059,72065000,72065000,1534,2556,72100000,31185
7,206,7210000,7210000,1534,2556,7245000,3128
7,2060,72100000,72100000,1534,2556,72135000,31197
7,2061,72135000,72135000,1534,2556,72170000,31212
7,2062,72170000,72170000,1534,2556,72205000,31228
7,2063,72205000,72205000,1534,2556,72240000,31244
7,2064,72240000,72240000,1534,2556,72275000,31260
7,2065,72275000,72275000,1534,2556,72310000,31273
7,2066,72310000,72310000,1534,2556,72345000,31288
7,2067,72345000,72345000,1534,2556,72380000,31305
7,2068,72380000,72380000,1534,2556,72415000,31317
7,2069,72415000,72415000,1534,2556,72450000,31336
7,207,7245000,7245000,1534,2556,7280000,3145
7,2070,72450000,72450000,1534,2556,72485000,31349
7,2071,72485000,72485000,1534,2556,72520000,31364
7,2072,72520000,72520000,1534,2556,72555000,31380
7,2073,72555000,72555000,1534,2556,72590000,31394
7,2074,72590000,72590000,1534,2556,72625000,31410
7,2075,72625000,72625000,1534,2556,72660000,31426
7,2076,72660000,72660000,1534,2556,72695000,31439
7,2077,72695000,72695000,1534,2556,72730000,31456
7,2078,72730000,72730000,1534,2556,72765000,31470
7,2079,72765000,72765000,1534,2556,72800000,31487
7,208,7280000,7280000,1534,2556,7315000,3158
7,2080,72800000,72800000,1534,2556,72835000,31499
7,2081,72835000,72835000,1534,2556,72870000,31516
7,2082,72870000,72870000,1534,2556,72905000,31532
7,2083,72905000,72905000,1534,2556,72940000,31546
7,2084,72940000,72940000,1534,2556,72975000,31562
7,2085,72975000,72975000,1534,2556,73010000,31576
7,2086,73010000,73010000,1534,2556,73045000,31590
7,2087,73045000,73045000,1534,2556,73080000,31608
7,2088,73080000,73080000,1534,2556,73115000,31621
7,2089,73115000,73115000,1534,2556,73150000,31638
7,209,7315000,7315000,1534,2556,7350000,3177
7,2090,73150000,73150000,1534,2556,73185000,31652
7,2091,73185000,73185000,1534,2556,73220000,31667
7,2092,73220000,73220000,1534,2556,73255000,31681
7,2093,73255000,73255000,1534,2556,73290000,31698
7,2094,73290000,73290000,1534,2556,73325000,31714
7,2095,73325000,73325000,1534,2556,73360000,31729
7,2096,73360000,73360000,1534,2556,73395000,31741
7,2097,73395000,73395000,1534,2556,73430000,31758
7,2098,73430000,73430000,1534,2556,73465000,31772
7,2099,73465000,73465000,1534,2556,73500000,31791
7,21,735000,735000,1534,2556,770000,328
7,210,7350000,7350000,1534,2556,7385000,3190
7,2100,73500000,73500000,1534,2556,73535000,31804
7,2101,73535000,73535000,1534,2556,73570000,31817
7,2102,73570000,73570000,1534,2556,73605000,31834
7,2103,73605000,73605000,1534,2556,73640000,31849
7,2104,73640000,73640000,1534,2556,73675000,31864
7,2105,73675000,73675000,1534,2556,73710000,31880
7,2106,73710000,73710000,1534,2556,73745000,31893
7,2107,73745000,73745000,1534,2556,73780000,31910
7,2108,73780000,73780000,1534,2556,73815000,31924
7,2109,73815000,73815000,1534,2556,73850000,31941
7,211,7385000,7385000,1534,2556,7420000,3204
7,2110,73850000,73850000,1534,2556,73885000,31954
7,2111,73885000,73885000,1534,2556,73920000,31970
7,2112,73920000,73920000,1534,2556,73955000,31986
7,2113,73955000,73955000,1534,2556,73990000,32000
7,2114,73990000,73990000,1534,2556,74025000,32016
7,2115,74025000,74025000,1534,2556,74060000,32031
7,2116,74060000,74060000,1534,2556,74095000,32043
7,2117,74095000,74095000,1534,2556,74130000,32063
7,2118,74130000,74130000,1534,2556,74165000,32076
7,2119,74165000,74165000,1534,2556,74200000,32092
7,212,7420000,7420000,1534,2556,7455000,3220
7,2120,74200000,74200000,1534,2556,74235000,32106
7,2121,74235000,74235000,1534,2556,74270000,32120
7,2122,74270000,74270000,1534,2556,74305000,32137
7,2123,74305000,74305000,1534,2556,74340000,32152
7,2124,74340000,74340000,1534,2556,74375000,32167
7,2125,74375000,74375000,1534,2556,74410000,32182
7,2126,74410000,74410000,1534,2556,74445000,32196
7,2127,74445000,74445000,1534,2556,74480000,32214
7,2128,74480000,74480000,1534,2556,74515000,32225
7,2129,74515000,74515000,1534,2556,74550000,32245
7,213,7455000,7455000,1534,2556,7490000,3235
7,2130,74550000,74550000,1534,2556,74585000,32258
7,2131,74585000,74585000,1534,2556,74620000,32272
7,2132,74620000,74620000,1534,2556,74655000,32288
7,2133,74655000,74655000,1534,2556,74690000,32302
7,2134,74690000,74690000,1534,2556,74725000,32319
7,2135,74725000,74725000,1534,2556,74760000,32335
7,2136,74760000,74760000,1534,2556,74795000,32347
7,2137,74795000,74795000,1534,2556,74830000,32364
7,2138,74830000,74830000,1534,2556,74865000,32378
7,2139,74865000,74865000,1534,2556,74900000,32396
7,214,7490000,7490000,1534,2556,7525000,3251
7,2140,74900000,74900000,1534,2556,74935000,32408
7,2141,74935000,74935000,1534,2556,74970000,32423
7,2142,74970000,74970000,1534,2556,75005000,32440
7,2143,75005000,75005000,1534,2556,75040000,32454
7,2144,75040000,75040000,1534,2556,75075000,32471
7,2145,75075000,75075000,1534,2556,75110000,32485
7,2146,75110000,75110000,1534,2556,75145000,32498
7,2147,75145000,75145000,1534,2556,75180000,32517
7,2148,75180000,75180000,1534,2556,75215000,32529
7,2149,75215000,75215000,1534,2556,75250000,32547
7,215,7525000,7525000,1534,2556,7560000,3266
7,2150,75250000,75250000,1534,2556,75285000,32560
7,2151,75285000,75285000,1534,2556,75320000,32575
7,2152,75320000,75320000,1534,2556,75355000,32590
7,2153,75355000,75355000,1534,2556,75390000,32606
7,2154,75390000,75390000,1534,2556,75425000,32623
7,2155,75425000,75425000,1534,2556,75460000,32636
7,2156,75460000,75460000,1534,2556,75495000,32650
7,2157,75495000,75495000,1534,2556,75530000,32667
7,2158,75530000,75530000,1534,2556,75565000,32680
7,2159,75565000,75565000,1534,2556,75600000,32699
7,216,7560000,7560000,1534,2556,7595000,3279
7,2160,75600000,75600000,1534,2556,75635000,32711
7,2161,75635000,75635000,1534,2556,75670000,32726
7,2162,75670000,75670000,1534,2556,75705000,32743
7,2163,75705000,75705000,1534,2556,75740000,32758
7,2164,75740000,75740000,1534,2556,75775000,32772
7,2165,75775000,75775000,1534,2556,75810000,32788
7,2166,75810000,75810000,1534,2556,75845000,32802
7,2167,75845000,75845000,1534,2556,75880000,32819
7,2168,75880000,75880000,1534,2556,75915000,32832
7,2169,75915000,75915000,1534,2556,75950000,32849
7,217,7595000,7595000,1534,2556,7630000,3296
7,2170,75950000,75950000,1534,2556,75985000,32862
7,2171,75985000,75985000,1534,2556,76020000,32879
7,2172,76020000,76020000,1534,2556,76055000,32894
7,2173,76055000,76055000,1534,2556,76090000,32908
7,2174,76090000,76090000,1534,2556,76125000,32925
7,2175,76125000,76125000,1534,2556,76160000,32939
7,2176,76160000,76160000,1534,2556,76195000,32952
7,2177,76195000,76195000,1534,2556,76230000,32970
7,2178,76230000,76230000,1534,2556,76265000,32984
7,2179,76265000,76265000,1534,2556,76300000,33001
7,218,7630000,7630000,1534,2556,7665000,3311
7,2180,76300000,76300000,1534,2556,76335000,33015
7,2181,76335000,76335000,1534,2556,76370000,33029
7,2182,76370000,76370000,1534,2556,76405000,33044
7,2183,76405000,76405000,1534,2556,76440000,33061
7,2184,76440000,76440000,1534,2556,76475000,33076
7,2185,76475000,76475000,1534,2556,76510000,33091
7,2186,76510000,76510000,1534,2556,76545000,33104
7,2187,76545000,76545000,1534,2556,76580000,33121
7,2188,76580000,76580000,1534,2556,76615000,33134
7,2189,76615000,76615000,1534,2556,76650000,33153
7,219,7665000,7665000,1534,2556,7700000,3328
7,2190,76650000,76650000,1534,2556,76685000,33167
7,2191,76685000,76685000,1534,2556,76720000,33180
7,2192,76720000,76720000,1534,2556,76755000,33196
7,2193,76755000,76755000,1534,2556,76790000,33211
7,2194,76790000,76790000,1534,2556,76825000,33227
7,2195,76825000,76825000,1534,2556,76860000,33243
7,2196,76860000,76860000,1534,2556,76895000,33255
7,2197,76895000,76895000,1534,2556,76930000,33273
7,2198,76930000,76930000,1534,2556,76965000,33287
7,2199,76965000,76965000,1534,2556,77000000,33304
7,22,770000,770000,1534,2556,805000,343
7,220,7700000,7700000,1534,2556,7735000,3339
7,2200,77000000,77000000,1534,2556,77035000,33316
7,2201,77035000,77035000,1534,2556,77070000,33332
7,2202,77070000,77070000,1534,2556,77105000,33349
7,2203,77105000,77105000,1534,2556,77140000,33363
7,2204,77140000,77140000,1534,2556,77175000,33378
7,2205,77175000,77175000,1534,2556,77210000,33393
7,2206,77210000,77210000,1534,2556,77245000,33406
7,2207,77245000,77245000,1534,2556,77280000,33426
7,2208,77280000,77280000,1534,2556,77315000,33438
7,2209,77315000,77315000,1534,2556,77350000,33454
7,221,7735000,7735000,1534,2556,7770000,3356
7,2210,77350000,77350000,1534,2556,77385000,33469
7,2211,77385000,77385000,1534,2556,77420000,33483
7,2212,77420000,77420000,1534,2556,77455000,33499
7,2213,77455000,77455000,1534,2556,77490000,33514
7,2214,77490000,77490000,1534,2556,77525000,33531
7,2215,77525000,77525000,1534,2556,77560000,33545
7,2216,77560000,77560000,1534,2556,77595000,33558
7,2217,77595000,77595000,1534,2556,77630000,33576
7,2218,77630000,77630000,1534,2556,77665000,33588
7,2219,77665000,77665000,1534,2556,77700000,33608
7,222,7770000,7770000,1534,2556,7805000,3372
7,2220,77700000,77700000,1534,2556,77735000,33620
7,2221,77735000,77735000,1534,2556,77770000,33634
7,2222,77770000,77770000,1534,2556,77805000,33651
7,2223,77805000,77805000,1534,2556,77840000,33665
7,2224,77840000,77840000,1534,2556,77875000,33681
7,2225,77875000,77875000,1534,2556,77910000,33697
7,2226,77910000,77910000,1534,2556,77945000,33710
7,2227,77945000,77945000,1534,2556,77980000,33727
7,2228,77980000,77980000,1534,2556,78015000,33740
7,2229,78015000,78015000,1534,2556,78050000,33758
7,223,7805000,7805000,1534,2556,7840000,3387
7,2230,78050000,78050000,1534,2556,78085000,33771
7,2231,78085000,78085000,1534,2556,78120000,33787
7,2232,78120000,78120000,1534,2556,78155000,33802
7,2233,78155000,78155000,1534,2556,78190000,33816
7,2234,78190000,78190000,1534,2556,78225000,33834
7,2235,78225000,78225000,1534,2556,78260000,33848
7,2236,78260000,78260000,1534,2556,78295000,33860
7,2237,78295000,78295000,1534,2556,78330000,33879
7,2238,78330000,78330000,1534,2556,78365000,33892
7,2239,78365000,78365000,1534,2556,78400000,33910
7,224,7840000,7840000,1534,2556,7875000,3402
7,2240,78400000,78400000,1534,2556,78435000,33922
7,2241,78435000,78435000,1534,2556,78470000,33937
7,2242,78470000,78470000,1534,2556,78505000,33953
7,2243,78505000,78505000,1534,2556,78540000,33969
7,2244,78540000,78540000,1534,2556,78575000,33985
7,2245,78575000,78575000,1534,2556,78610000,33998
7,2246,78610000,78610000,1534,2556,78645000,34013
7,2247,78645000,78645000,1534,2556,78680000,34030
7,2248,78680000,78680000,1534,2556,78715000,34043
7,2249,78715000,78715000,1534,2556,78750000,34061
7,225,7875000,7875000,1534,2556,7910000,3417
7,2250,78750000,78750000,1534,2556,78785000,34074
7,2251,78785000,78785000,1534,2556,78820000,34089
7,2252,78820000,78820000,1534,2556,78855000,34105
7,2253,78855000,78855000,1534,2556,78890000,34120
7,2254,78890000,78890000,1534,2556,78925000,34135
7,2255,78925000,78925000,1534,2556,78960000,34151
7,2256,78960000,78960000,1534,2556,78995000,34164
7,2257,78995000,78995000,1534,2556,79030000,34181
7,2258,79030000,79030000,1534,2556,79065000,34195
7,2259,79065000,79065000,1534,2556,79100000,34212
7,226,7910000,7910000,1534,2556,7945000,3430
7,2260,79100000,79100000,1534,2556,79135000,34224
7,2261,79135000,79135000,1534,2556,79170000,34241
7,2262,79170000,79170000,1534,2556,79205000,34257
7,2263,79205000,79205000,1534,2556,79240000,34271
7,2264,79240000,79240000,1534,2556,79275000,34287
7,2265,79275000,79275000,1534,2556,79310000,34302
7,2266,79310000,79310000,1534,2556,79345000,34315
7,2267,79345000,79345000,1534,2556,79380000,34333
7,2268,79380000,79380000,1534,2556,79415000,34346
7,2269,79415000,79415000,1534,2556,79450000,34363
7,227,7945000,7945000,1534,2556,7980000,3449
7,2270,79450000,79450000,1534,2556,79485000,34378
7,2271,79485000,79485000,1534,2556,79520000,34392
7,2272,79520000,79520000,1534,2556,79555000,34406
7,2273,79555000,79555000,1534,2556,79590000,34423
7,2274,79590000,79590000,1534,2556,79625000,34439
7,2275,79625000,79625000,1534,2556,79660000,34454
7,2276,79660000,79660000,1534,2556,79695000,34466
7,2277,79695000,79695000,1534,2556,79730000,34483
7,2278,79730000,79730000,1534,2556,79765000,34497
7,2279,79765000,79765000,1534,2556,79800000,34516
7,228,7980000,7980000,1534,2556,8015000,3462
7,2280,79800000,79800000,1534,2556,79835000,34529
7,2281,79835000,79835000,1534,2556,79870000,34542
7,2282,79870000,79870000,1534,2556,79905000,34560
7,2283,79905000,79905000,1534,2556,79940000,34574
7,2284,79940000,79940000,1534,2556,79975000,34589
7,2285,79975000,79975000,1534,2556,80010000,34605
7,2286,80010000,80010000,1534,2556,80045000,34618
7,2287,80045000,80045000,1534,2556,80080000,34636
7,2288,80080000,80080000,1534,2556,80115000,34649
7,2289,80115000,80115000,1534,2556,80150000,34666
7,229,8015000,8015000,1534,2556,8050000,3478
7,2290,80150000,80150000,1534,2556,80185000,34679
7,2291,80185000,80185000,1534,2556,80220000,34695
7,2292,80220000,80220000,1534,2556,80255000,34711
7,2293,80255000,80255000,1534,2556,80290000,34725
7,2294,80290000,80290000,1534,2556,80325000,34741
7,2295,80325000,80325000,1534,2556,80360000,34756
7,2296,80360000,80360000,1534,2556,80395000,34768
7,2297,80395000,80395000,1534,2556,80430000,34788
7,2298,80430000,80430000,1534,2556,80465000,34801
7,2299,80465000,80465000,1534,2556,80500000,34818
7,23,805000,805000,1534,2556,840000,359
7,230,8050000,8050000,1534,2556,8085000,3493
7,2300,80500000,80500000,1534,2556,80535000,34831
7,2301,80535000,80535000,1534,2556,80570000,34845
7,2302,80570000,80570000,1534,2556,80605000,34862
7,2303,80605000,80605000,1534,2556,80640000,34877
7,2304,80640000,80640000,1534,2556,80675000,34893
7,2305,80675000,80675000,1534,2556,80710000,34907
7,2306,80710000,80710000,1534,2556,80745000,34921
7,2307,80745000,80745000,1534,2556,80780000,34939
7,2308,80780000,80780000,1534,2556,80815000,34950
7,2309,80815000,80815000,1534,2556,80850000,34970
7,231,8085000,8085000,1534,2556,8120000,3507
7,2310,80850000,80850000,1534,2556,80885000,34983
7,2311,80885000,80885000,1534,2556,80920000,34997
7,2312,80920000,80920000,1534,2556,80955000,35013
7,2313,80955000,80955000,1534,2556,80990000,35027
7,2314,80990000,80990000,1534,2556,81025000,35044
7,2315,81025000,81025000,1534,2556,81060000,35060
7,2316,81060000,81060000,1534,2556,81095000,35073
7,2317,81095000,81095000,1534,2556,81130000,35089
7,2318,81130000,81130000,1534,2556,81165000,35103
7,2319,81165000,81165000,1534,2556,81200000,35121
7,232,8120000,8120000,1534,2556,8155000,3522
7,2320,81200000,81200000,1534,2556,81235000,35133
7,2321,81235000,81235000,1534,2556,81270000,35149
7,2322,81270000,81270000,1534,2556,81305000,35165
7,2323,81305000,81305000,1534,2556,81340000,35179
7,2324,81340000,81340000,1534,2556,81375000,35196
7,2325,81375000,81375000,1534,2556,81410000,35210
7,2326,81410000,81410000,1534,2556,81445000,35223
7,2327,81445000,81445000,1534,2556,81480000,35242
7,2328,81480000,81480000,1534,2556,81515000,35254
7,2329,81515000,81515000,1534,2556,81550000,35272
7,233,8155000,8155000,1534,2556,8190000,3538
7,2330,81550000,81550000,1534,2556,81585000,35285
7,2331,81585000,81585000,1534,2556,81620000,35300
7,2332,81620000,81620000,1534,2556,81655000,35315
7,2333,81655000,81655000,1534,2556,81690000,35332
7,2334,81690000,81690000,1534,2556,81725000,35348
7,2335,81725000,81725000,1534,2556,81760000,35361
7,2336,81760000,81760000,1534,2556,81795000,35375
7,2337,81795000,81795000,1534,2556,81830000,35392
7,2338,81830000,81830000,1534,2556,81865000,35406
7,2339,81865000,81865000,1534,2556,81900000,35424
7,234,8190000,8190000,1534,2556,8225000,3554
7,2340,81900000,81900000,1534,2556,81935000,35436
7,2341,81935000,81935000,1534,2556,81970000,35451
7,2342,81970000,81970000,1534,2556,82005000,35468
7,2343,82005000,82005000,1534,2556,82040000,35483
7,2344,82040000,82040000,1534,2556,82075000,35497
7,2345,82075000,82075000,1534,2556,82110000,35513
7,2346,82110000,82110000,1534,2556,82145000,35527
7,2347,82145000,82145000,1534,2556,82180000,35544
7,2348,82180000,82180000,1534,2556,82215000,35557
7,2349,82215000,82215000,1534,2556,82250000,35574
7,235,8225000,8225000,1534,2556,8260000,3569
7,2350,82250000,82250000,1534,2556,82285000,35588
7,2351,82285000,82285000,1534,2556,82320000,35604
7,2352,82320000,82320000,1534,2556,82355000,35619
7,2353,82355000,82355000,1534,2556,82390000,35633
7,2354,82390000,82390000,1534,2556,82425000,35650
7,2355,82425000,82425000,1534,2556,82460000,35665
7,2356,82460000,82460000,1534,2556,82495000,35677
7,2357,82495000,82495000,1534,2556,82530000,35695
7,2358,82530000,82530000,1534,2556,82565000,35709
7,2359,82565000,82565000,1534,2556,82600000,35726
7,236,8260000,8260000,1534,2556,8295000,3582
7,2360,82600000,82600000,1534,2556,82635000,35740
7,2361,82635000,82635000,1534,2556,82670000,35754
7,2362,82670000,82670000,1534,2556,82705000,35769
7,2363,82705000,82705000,1534,2556,82740000,35786
7,2364,82740000,82740000,1534,2556,82775000,35801
7,2365,82775000,82775000,1534,2556,82810000,35816
7,2366,82810000,82810000,1534,2556,82845000,35829
7,2367,82845000,82845000,1534,2556,82880000,35847
7,2368,82880000,82880000,1534,2556,82915000,35859
7,2369,82915000,82915000,1534,2556,82950000,35878
7,237,8295000,8295000,1534,2556,8330000,3599
7,2370,82950000,82950000,1534,2556,82985000,35892
7,2371,82985000,82985000,1534,2556,83020000,35905
7,2372,83020000,83020000,1534,2556,83055000,35922
7,2373,83055000,83055000,1534,2556,83090000,35936
7,2374,83090000,83090000,1534,2556,83125000,35952
7,2375,83125000,83125000,1534,2556,83160000,35968
7,2376,83160000,83160000,1534,2556,83195000,35980
7,2377,83195000,83195000,1534,2556,83230000,35998
7,2378,83230000,83230000,1534,2556,83265000,36012
7,2379,83265000,83265000,1534,2556,83300000,36029
7,238,8330000,8330000,1534,2556,8365000,3612
7,2380,83300000,83300000,1534,2556,83335000,36041
7,2381,83335000,83335000,1534,2556,83370000,36057
7,2382,83370000,83370000,1534,2556,83405000,36074
7,2383,83405000,83405000,1534,2556,83440000,36088
7,2384,83440000,83440000,1534,2556,83475000,36104
7,2385,83475000,83475000,1534,2556,83510000,36118
7,2386,83510000,83510000,1534,2556,83545000,36131
7,2387,83545000,83545000,1534,2556,83580000,36151
7,2388,83580000,83580000,1534,2556,83615000,36163
7,2389,83615000,83615000,1534,2556,83650000,36180
7,239,8365000,8365000,1534,2556,8400000,3631
7,2390,83650000,83650000,1534,2556,83685000,36194
7,2391,83685000,83685000,1534,2556,83720000,36208
7,2392,83720000,83720000,1534,2556,83755000,36224
7,2393,83755000,83755000,1534,2556,83790000,36239
7,2394,83790000,83790000,1534,2556,83825000,36256
7,2395,83825000,83825000,1534,2556,83860000,36270
7,2396,83860000,83860000,1534,2556,83895000,36283
7,2397,83895000,83895000,1534,2556,83930000,36301
7,2398,83930000,83930000,1534,2556,83965000,36313
7,2399,83965000,83965000,1534,2556,84000000,36333
7,24,840000,840000,1534,2556,875000,375
7,240,8400000,8400000,1534,2556,8435000,3644
7,2400,84000000,84000000,1534,2556,84035000,36345
7,2401,84035000,84035000,1534,2556,84070000,36360
7,2402,84070000,84070000,1534,2556,84105000,36376
7,2403,84105000,84105000,1534,2556,84140000,36390
7,2404,84140000,84140000,1534,2556,84175000,36406
7,2405,84175000,84175000,1534,2556,84210000,36422
7,2406,84210000,84210000,1534,2556,84245000,36436
7,2407,84245000,84245000,1534,2556,84280000,36452
7,2408,84280000,84280000,1534,2556,84315000,36465
7,2409,84315000,84315000,1534,2556,84350000,36483
7,241,8435000,8435000,1534,2556,8470000,3658
7,2410,84350000,84350000,1534,2556,84385000,36496
7,2411,84385000,84385000,1534,2556,84420000,36512
7,2412,84420000,84420000,1534,2556,84455000,36527
7,2413,84455000,84455000,1534,2556,84490000,36541
7,2414,84490000,84490000,1534,2556,84525000,36559
7,2415,84525000,84525000,1534,2556,84560000,36573
7,2416,84560000,84560000,1534,2556,84595000,36585
7,2417,84595000,84595000,1534,2556,84630000,36604
7,2418,84630000,84630000,1534,2556,84665000,36618
7,2419,84665000,84665000,1534,2556,84700000,36635
7,242,8470000,8470000,1534,2556,8505000,3675
7,2420,84700000,84700000,1534,2556,84735000,36647
7,2421,84735000,84735000,1534,2556,84770000,36662
7,2422,84770000,84770000,1534,2556,84805000,36678
7,2423,84805000,84805000,1534,2556,84840000,36695
7,2424,84840000,84840000,1534,2556,84875000,36710
7,2425,84875000,84875000,1534,2556,84910000,36723
7,2426,84910000,84910000,1534,2556,84945000,36738
7,2427,84945000,84945000,1534,2556,84980000,36755
7,2428,84980000,84980000,1534,2556,85015000,36768
7,2429,85015000,85015000,1534,2556,85050000,36786
7,243,8505000,8505000,1534,2556,8540000,3689
7,2430,85050000,85050000,1534,2556,85085000,36799
7,2431,85085000,85085000,1534,2556,85120000,36814
7,2432,85120000,85120000,1534,2556,85155000,36830
7,2433,85155000,85155000,1534,2556,85190000,36845
7,2434,85190000,85190000,1534,2556,85225000,36860
7,2435,85225000,85225000,1534,2556,85260000,36877
7,2436,85260000,85260000,1534,2556,85295000,36889
7,2437,85295000,85295000,1534,2556,85330000,36906
7,2438,85330000,85330000,1534,2556,85365000,36920
7,2439,85365000,85365000,1534,2556,85400000,36937
7,244,8540000,8540000,1534,2556,8575000,3704
7,2440,85400000,85400000,1534,2556,85435000,36950
7,2441,85435000,85435000,1534,2556,85470000,36966
7,2442,85470000,85470000,1534,2556,85505000,36982
7,2443,85505000,85505000,1534,2556,85540000,36996
7,2444,85540000,85540000,1534,2556,85575000,37012
7,2445,85575000,85575000,1534,2556,85610000,37027
7,2446,85610000,85610000,1534,2556,85645000,37040
7,2447,85645000,85645000,1534,2556,85680000,37058
7,2448,85680000,85680000,1534,2556,85715000,37071
7,2449,85715000,85715000,1534,2556,85750000,37088
7,245,8575000,8575000,1534,2556,8610000,3721
7,2450,85750000,85750000,1534,2556,85785000,37103
7,2451,85785000,85785000,1534,2556,85820000,37117
7,2452,85820000,85820000,1534,2556,85855000,37132
7,2453,85855000,85855000,1534,2556,85890000,37148
7,2454,85890000,85890000,1534,2556,85925000,37164
7,2455,85925000,85925000,1534,2556,85960000,37179
7,2456,85960000,85960000,1534,2556,85995000,37191
7,2457,85995000,85995000,1534,2556,86030000,37209
7,2458,86030000,86030000,1534,2556,86065000,37222
7,2459,86065000,86065000,1534,2556,86100000,37241
7,246,8610000,8610000,1534,2556,8645000,3734
7,2460,86100000,86100000,1534,2556,86135000,37254
7,2461,86135000,86135000,1534,2556,86170000,37267
7,2462,86170000,86170000,1534,2556,86205000,37285
7,2463,86205000,86205000,1534,2556,86240000,37299
7,2464,86240000,86240000,1534,2556,86275000,37314
7,2465,86275000,86275000,1534,2556,86310000,37330
7,2466,86310000,86310000,1534,2556,86345000,37343
7,2467,86345000,86345000,1534,2556,86380000,37361
7,2468,86380000,86380000,1534,2556,86415000,37374
7,2469,86415000,86415000,1534,2556,86450000,37392
7,247,8645000,8645000,1534,2556,8680000,3751
7,2470,86450000,86450000,1534,2556,86485000,37404
7,2471,86485000,86485000,1534,2556,86520000,37420
7,2472,86520000,86520000,1534,2556,86555000,37436
7,2473,86555000,86555000,1534,2556,86590000,37450
7,2474,86590000,86590000,1534,2556,86625000,37467
7,2475,86625000,86625000,1534,2556,86660000,37481
7,2476,86660000,86660000,1534,2556,86695000,37493
7,2477,86695000,86695000,1534,2556,86730000,37513
7,2478,86730000,86730000,1534,2556,86765000,37526
7,2479,86765000,86765000,1534,2556,86800000,37543
7,248,8680000,8680000,1534,2556,8715000,3764
7,2480,86800000,86800000,1534,2556,86835000,37556
7,2481,86835000,86835000,1534,2556,86870000,37570
7,2482,86870000,86870000,1534,2556,86905000,37587
7,2483,86905000,86905000,1534,2556,86940000,37602
7,2484,86940000,86940000,1534,2556,86975000,37618
7,2485,86975000,86975000,1534,2556,87010000,37632
7,2486,87010000,87010000,1534,2556,87045000,37647
7,2487,87045000,87045000,1534,2556,87080000,37664
7,2488,87080000,87080000,1534,2556,87115000,37675
7,2489,87115000,87115000,1534,2556,87150000,37695
7,249,8715000,8715000,1534,2556,8750000,3781
7,2490,87150000,87150000,1534,2556,87185000,37708
7,2491,87185000,87185000,1534,2556,87220000,37723
7,2492,87220000,87220000,1534,2556,87255000,37738
7,2493,87255000,87255000,1534,2556,87290000,37752
7,2494,87290000,87290000,1534,2556,87325000,37769
7,2495,87325000,87325000,1534,2556,87360000,37785
7,2496,87360000,87360000,1534,2556,87395000,37798
7,2497,87395000,87395000,1534,2556,87430000,37814
7,2498,87430000,87430000,1534,2556,87465000,37828
7,2499,87465000,87465000,1534,2556,87500000,37846
7,25,875000,875000,1534,2556,910000,389
7,250,8750000,8750000,1534,2556,8785000,3795
7,2500,87500000,87500000,1534,2556,87535000,37858
7,2501,87535000,87535000,1534,2556,87570000,37874
7,2502,87570000,87570000,1534,2556,87605000,37890
7,2503,87605000,87605000,1534,2556,87640000,37905
7,2504,87640000,87640000,1534,2556,87675000,37921
7,2505,87675000,87675000,1534,2556,87710000,37935
7,2506,87710000,87710000,1534,2556,87745000,37948
7,2507,87745000,87745000,1534,2556,87780000,37967
7,2508,87780000,87780000,1534,2556,87815000,37980
7,2509,87815000,87815000,1534,2556,87850000,37997
7,251,8785000,8785000,1534,2556,8820000,3810
7,2510,87850000,87850000,1534,2556,87885000,38010
7,2511,87885000,87885000,1534,2556,87920000,38025
7,2512,87920000,87920000,1534,2556,87955000,38040
7,2513,87955000,87955000,1534,2556,87990000,38057
7,2514,87990000,87990000,1534,2556,88025000,38073
7,2515,88025000,88025000,1534,2556,88060000,38086
7,2516,88060000,88060000,1534,2556,88095000,38100
7,2517,88095000,88095000,1534,2556,88130000,38117
7,2518,88130000,88130000,1534,2556,88165000,38131
7,2519,88165000,88165000,1534,2556,88200000,38149
7,252,8820000,8820000,1534,2556,8855000,3826
7,2520,88200000,88200000,1534,2556,88235000,38162
7,2521,88235000,88235000,1534,2556,88270000,38176
7,2522,88270000,88270000,1534,2556,88305000,38193
7,2523,88305000,88305000,1534,2556,88340000,38208
7,2524,88340000,88340000,1534,2556,88375000,38222
7,2525,88375000,88375000,1534,2556,88410000,38239
7,2526,88410000,88410000,1534,2556,88445000,38252
7,2527,88445000,88445000,1534,2556,88480000,38269
7,2528,88480000,88480000,1534,2556,88515000,38282
7,2529,88515000,88515000,1534,2556,88550000,38299
7,253,8855000,8855000,1534,2556,8890000,3840
7,2530,88550000,88550000,1534,2556,88585000,38313
7,2531,88585000,88585000,1534,2556,88620000,38329
7,2532,88620000,88620000,1534,2556,88655000,38344
7,2533,88655000,88655000,1534,2556,88690000,38358
7,2534,88690000,88690000,1534,2556,88725000,38375
7,2535,88725000,88725000,1534,2556,88760000,38390
7,2536,88760000,88760000,1534,2556,88795000,38402
7,2537,88795000,88795000,1534,2556,88830000,38421
7,2538,88830000,88830000,1534,2556,88865000,38434
7,2539,88865000,88865000,1534,2556,88900000,38451
7,254,8890000,8890000,1534,2556,8925000,3857
7,2540,88900000,88900000,1534,2556,88935000,38465
7,2541,88935000,88935000,1534,2556,88970000,38479
7,2542,88970000,88970000,1534,2556,89005000,38495
7,2543,89005000,89005000,1534,2556,89040000,38511
7,2544,89040000,89040000,1534,2556,89075000,38526
7,2545,89075000,89075000,1534,2556,89110000,38541
7,2546,89110000,89110000,1534,2556,89145000,38554
7,2547,89145000,89145000,1534,2556,89180000,38572
7,2548,89180000,89180000,1534,2556,89215000,38584
7,2549,89215000,89215000,1534,2556,89250000,38603
7,255,8925000,8925000,1534,2556,8960000,3872
7,2550,89250000,89250000,1534,2556,89285000,38617
7,2551,89285000,89285000,1534,2556,89320000,38630
7,2552,89320000,89320000,1534,2556,89355000,38647
7,2553,89355000,89355000,1534,2556,89390000,38661
7,2554,89390000,89390000,1534,2556,89425000,38678
7,2555,89425000,89425000,1534,2556,89460000,38693
7,2556,89460000,89460000,1534,2556,89495000,38705
7,2557,89495000,89495000,1534,2556,89530000,38723
7,2558,89530000,89530000,1534,2556,89565000,38737
7,2559,89565000,89565000,1534,2556,89600000,38755
7,256,8960000,8960000,1534,2556,8995000,3883
7,2560,89600000,89600000,1534,2556,89635000,38766
7,2561,89635000,89635000,1534,2556,89670000,38782
7,2562,89670000,89670000,1534,2556,89705000,38799
7,2563,89705000,89705000,1534,2556,89740000,38813
7,2564,89740000,89740000,1534,2556,89775000,38829
7,2565,89775000,89775000,1534,2556,89810000,38843
7,2566,89810000,89810000,1534,2556,89845000,38856
7,2567,89845000,89845000,1534,2556,89880000,38876
7,2568,89880000,89880000,1534,2556,89915000,38888
7,2569,89915000,89915000,1534,2556,89950000,38905
7,257,8995000,8995000,1534,2556,9030000,3903
7,2570,89950000,89950000,1534,2556,89985000,38919
7,2571,89985000,89985000,1534,2556,90020000,38934
7,2572,90020000,90020000,1534,2556,90055000,38949
7,2573,90055000,90055000,1534,2556,90090000,38964
7,2574,90090000,90090000,1534,2556,90125000,38981
7,2575,90125000,90125000,1534,2556,90160000,38995
7,2576,90160000,90160000,1534,2556,90195000,39009
7,2577,90195000,90195000,1534,2556,90230000,39026
7,2578,90230000,90230000,1534,2556,90265000,39038
7,2579,90265000,90265000,1534,2556,90300000,39058
7,258,9030000,9030000,1534,2556,9065000,3916
7,2580,90300000,90300000,1534,2556,90335000,39070
7,2581,90335000,90335000,1534,2556,90370000,39085
7,2582,90370000,90370000,1534,2556,90405000,39101
7,2583,90405000,90405000,1534,2556,90440000,39115
7,2584,90440000,90440000,1534,2556,90475000,39131
7,2585,90475000,90475000,1534,2556,90510000,39147
7,2586,90510000,90510000,1534,2556,90545000,39161
7,2587,90545000,90545000,1534,2556,90580000,39177
7,2588,90580000,90580000,1534,2556,90615000,39191
7,2589,90615000,90615000,1534,2556,90650000,39208
7,259,9065000,9065000,1534,2556,9100000,3934
7,2590,90650000,90650000,1534,2556,90685000,39221
7,2591,90685000,90685000,1534,2556,90720000,39237
7,2592,90720000,90720000,1534,2556,90755000,39252
7,2593,90755000,90755000,1534,2556,90790000,39267
7,2594,90790000,90790000,1534,2556,90825000,39284
7,2595,90825000,90825000,1534,2556,90860000,39298
7,2596,90860000,90860000,1534,2556,90895000,39310
7,2597,90895000,90895000,1534,2556,90930000,39329
7,2598,90930000,90930000,1534,2556,90965000,39343
7,2599,90965000,90965000,1534,2556,91000000,39360
7,26,910000,910000,1534,2556,945000,403
7,260,9100000,9100000,1534,2556,9135000,3946
7,2600,91000000,91000000,1534,2556,91035000,39372
7,2601,91035000,91035000,1534,2556,91070000,39387
7,2602,91070000,91070000,1534,2556,91105000,39403
7,2603,91105000,91105000,1534,2556,91140000,39420
7,2604,91140000,91140000,1534,2556,91175000,39435
7,2605,91175000,91175000,1534,2556,91210000,39449
7,2606,91210000,91210000,1534,2556,91245000,39463
7,2607,91245000,91245000,1534,2556,91280000,39480
7,2608,91280000,91280000,1534,2556,91315000,39493
7,2609,91315000,91315000,1534,2556,91350000,39511
7,261,9135000,9135000,1534,2556,9170000,3960
7,2610,91350000,91350000,1534,2556,91385000,39525
7,2611,91385000,91385000,1534,2556,91420000,39539
7,2612,91420000,91420000,1534,2556,91455000,39555
7,2613,91455000,91455000,1534,2556,91490000,39570
7,2614,91490000,91490000,1534,2556,91525000,39585
7,2615,91525000,91525000,1534,2556,91560000,39602
7,2616,91560000,91560000,1534,2556,91595000,39614
7,2617,91595000,91595000,1534,2556,91630000,39631
7,2618,91630000,91630000,1534,2556,91665000,39645
7,2619,91665000,91665000,1534,2556,91700000,39662
7,262,9170000,9170000,1534,2556,9205000,3977
7,2620,91700000,91700000,1534,2556,91735000,39675
7,2621,91735000,91735000,1534,2556,91770000,39691
7,2622,91770000,91770000,1534,2556,91805000,39708
7,2623,91805000,91805000,1534,2556,91840000,39721
7,2624,91840000,91840000,1534,2556,91875000,39737
7,2625,91875000,91875000,1534,2556,91910000,39752
7,2626,91910000,91910000,1534,2556,91945000,39765
7,2627,91945000,91945000,1534,2556,91980000,39784
7,2628,91980000,91980000,1534,2556,92015000,39796
7,2629,92015000,92015000,1534,2556,92050000,39813
7,263,9205000,9205000,1534,2556,9240000,3993
7,2630,92050000,92050000,1534,2556,92085000,39828
7,2631,92085000,92085000,1534,2556,92120000,39842
7,2632,92120000,92120000,1534,2556,92155000,39857
7,2633,92155000,92155000,1534,2556,92190000,39873
7,2634,92190000,92190000,1534,2556,92225000,39889
7,2635,92225000,92225000,1534,2556,92260000,39904
7,2636,92260000,92260000,1534,2556,92295000,39916
7,2637,92295000,92295000,1534,2556,92330000,39934
7,2638,92330000,92330000,1534,2556,92365000,39947
7,2639,92365000,92365000,1534,2556,92400000,39967
7,264,9240000,9240000,1534,2556,9275000,4009
7,2640,92400000,92400000,1534,2556,92435000,39979
7,2641,92435000,92435000,1534,2556,92470000,39992
7,2642,92470000,92470000,1534,2556,92505000,40010
7,2643,92505000,92505000,1534,2556,92540000,40024
7,2644,92540000,92540000,1534,2556,92575000,40040
7,2645,92575000,92575000,1534,2556,92610000,40055
7,2646,92610000,92610000,1534,2556,92645000,40068
7,2647,92645000,92645000,1534,2556,92680000,40086
7,2648,92680000,92680000,1534,2556,92715000,40099
7,2649,92715000,92715000,1534,2556,92750000,40117
7,265,9275000,9275000,1534,2556,9310000,4022
7,2650,92750000,92750000,1534,2556,92785000,40129
7,2651,92785000,92785000,1534,2556,92820000,40145
7,2652,92820000,92820000,1534,2556,92855000,40161
7,2653,92855000,92855000,1534,2556,92890000,40175
7,2654,92890000,92890000,1534,2556,92925000,40192
7,2655,92925000,92925000,1534,2556,92960000,40206
7,2656,92960000,92960000,1534,2556,92995000,40219
7,2657,92995000,92995000,1534,2556,93030000,40238
7,2658,93030000,93030000,1534,2556,93065000,40251
7,2659,93065000,93065000,1534,2556,93100000,40268
7,266,9310000,9310000,1534,2556,9345000,4036
7,2660,93100000,93100000,1534,2556,93135000,40281
7,2661,93135000,93135000,1534,2556,93170000,40296
7,2662,93170000,93170000,1534,2556,93205000,40312
7,2663,93205000,93205000,1534,2556,93240000,40327
7,2664,93240000,93240000,1534,2556,93275000,40343
7,2665,93275000,93275000,1534,2556,93310000,40357
7,2666,93310000,93310000,1534,2556,93345000,40372
7,2667,93345000,93345000,1534,2556,93380000,40389
7,2668,93380000,93380000,1534,2556,93415000,40400
7,2669,93415000,93415000,1534,2556,93450000,40420
7,267,9345000,9345000,1534,2556,9380000,4054
7,2670,93450000,93450000,1534,2556,93485000,40433
7,2671,93485000,93485000,1534,2556,93520000,40448
7,2672,93520000,93520000,1534,2556,93555000,40463
7,2673,93555000,93555000,1534,2556,93590000,40478
7,2674,93590000,93590000,1534,2556,93625000,40494
7,2675,93625000,93625000,1534,2556,93660000,40510
7,2676,93660000,93660000,1534,2556,93695000,40523
7,2677,93695000,93695000,1534,2556,93730000,40539
7,2678,93730000,93730000,1534,2556,93765000,40554
7,2679,93765000,93765000,1534,2556,93800000,40571
7,268,9380000,9380000,1534,2556,9415000,4066
7,2680,93800000,93800000,1534,2556,93835000,40583
7,2681,93835000,93835000,1534,2556,93870000,40599
7,2682,93870000,93870000,1534,2556,93905000,40615
7,2683,93905000,93905000,1534,2556,93940000,40630
7,2684,93940000,93940000,1534,2556,93975000,40646
7,2685,93975000,93975000,1534,2556,94010000,40660
7,2686,94010000,94010000,1534,2556,94045000,40673
7,2687,94045000,94045000,1534,2556,94080000,40692
7,2688,94080000,94080000,1534,2556,94115000,40705
7,2689,94115000,94115000,1534,2556,94150000,40722
7,269,9415000,9415000,1534,2556,9450000,4085
7,2690,94150000,94150000,1534,2556,94185000,40736
7,2691,94185000,94185000,1534,2556,94220000,40750
7,2692,94220000,94220000,1534,2556,94255000,40765
7,2693,94255000,94255000,1534,2556,94290000,40782
7,2694,94290000,94290000,1534,2556,94325000,40798
7,2695,94325000,94325000,1534,2556,94360000,40812
7,2696,94360000,94360000,1534,2556,94395000,40825
7,2697,94395000,94395000,1534,2556,94430000,40842
7,2698,94430000,94430000,1534,2556,94465000,40856
7,2699,94465000,94465000,1534,2556,94500000,40874
7,27,945000,945000,1534,2556,980000,420
7,270,9450000,9450000,1534,2556,9485000,4098
7,2700,94500000,94500000,1534,2556,94535000,40887
7,2701,94535000,94535000,1534,2556,94570000,40901
7,2702,94570000,94570000,1534,2556,94605000,40918
7,2703,94605000,94605000,1534,2556,94640000,40933
7,2704,94640000,94640000,1534,2556,94675000,40947
7,2705,94675000,94675000,1534,2556,94710000,40964
7,2706,94710000,94710000,1534,2556,94745000,40977
7,2707,94745000,94745000,1534,2556,94780000,40995
7,2708,94780000,94780000,1534,2556,94815000,41007
7,2709,94815000,94815000,1534,2556,94850000,41024
7,271,9485000,9485000,1534,2556,9520000,4112
7,2710,94850000,94850000,1534,2556,94885000,41038
7,2711,94885000,94885000,1534,2556,94920000,41054
7,2712,94920000,94920000,1534,2556,94955000,41070
7,2713,94955000,94955000,1534,2556,94990000,41083
7,2714,94990000,94990000,1534,2556,95025000,41100
7,2715,95025000,95025000,1534,2556,95060000,41115
7,2716,95060000,95060000,1534,2556,95095000,41127
7,2717,95095000,95095000,1534,2556,95130000,41146
7,2718,95130000,95130000,1534,2556,95165000,41159
7,2719,95165000,95165000,1534,2556,95200000,41176
7,272,9520000,9520000,1534,2556,9555000,4129
7,2720,95200000,95200000,1534,2556,95235000,41190
7,2721,95235000,95235000,1534,2556,95270000,41204
7,2722,95270000,95270000,1534,2556,95305000,41220
7,2723,95305000,95305000,1534,2556,95340000,41236
7,2724,95340000,95340000,1534,2556,95375000,41252
7,2725,95375000,95375000,1534,2556,95410000,41266
7,2726,95410000,95410000,1534,2556,95445000,41279
7,2727,95445000,95445000,1534,2556,95480000,41297
7,2728,95480000,95480000,1534,2556,95515000,41309
7,2729,95515000,95515000,1534,2556,95550000,41329
7,273,9555000,9555000,1534,2556,9590000,4143
7,2730,95550000,95550000,1534,2556,95585000,41342
7,2731,95585000,95585000,1534,2556,95620000,41355
7,2732,95620000,95620000,1534,2556,95655000,41372
7,2733,95655000,95655000,1534,2556,95690000,41386
7,2734,95690000,95690000,1534,2556,95725000,41403
7,2735,95725000,95725000,1534,2556,95760000,41418
7,2736,95760000,95760000,1534,2556,95795000,41430
7,2737,95795000,95795000,1534,2556,95830000,41448
7,2738,95830000,95830000,1534,2556,95865000,41462
7,2739,95865000,95865000,1534,2556,95900000,41480
7,274,9590000,9590000,1534,2556,9625000,4159
7,2740,95900000,95900000,1534,2556,95935000,41491
7,2741,95935000,95935000,1534,2556,95970000,41508
7,2742,95970000,95970000,1534,2556,96005000,41524
7,2743,96005000,96005000,1534,2556,96040000,41538
7,2744,96040000,96040000,1534,2556,96075000,41554
7,2745,96075000,96075000,1534,2556,96110000,41568
7,2746,96110000,96110000,1534,2556,96145000,41582
7,2747,96145000,96145000,1534,2556,96180000,41601
7,2748,96180000,96180000,1534,2556,96215000,41613
7,2749,96215000,96215000,1534,2556,96250000,41630
7,275,9625000,9625000,1534,2556,9660000,4175
7,2750,96250000,96250000,1534,2556,96285000,41644
7,2751,96285000,96285000,1534,2556,96320000,41659
7,2752,96320000,96320000,1534,2556,96355000,41674
7,2753,96355000,96355000,1534,2556,96390000,41689
7,2754,96390000,96390000,1534,2556,96425000,41706
7,2755,96425000,96425000,1534,2556,96460000,41720
7,2756,96460000,96460000,1534,2556,96495000,41734
7,2757,96495000,96495000,1534,2556,96530000,41751
7,2758,96530000,96530000,1534,2556,96565000,41764
7,2759,96565000,96565000,1534,2556,96600000,41783
7,276,9660000,9660000,1534,2556,9695000,4188
7,2760,96600000,96600000,1534,2556,96635000,41795
7,2761,96635000,96635000,1534,2556,96670000,41810
7,2762,96670000,96670000,1534,2556,96705000,41826
7,2763,96705000,96705000,1534,2556,96740000,41841
7,2764,96740000,96740000,1534,2556,96775000,41856
7,2765,96775000,96775000,1534,2556,96810000,41872
7,2766,96810000,96810000,1534,2556,96845000,41886
7,2767,96845000,96845000,1534,2556,96880000,41902
7,2768,96880000,96880000,1534,2556,96915000,41916
7,2769,96915000,96915000,1534,2556,96950000,41933
7,277,9695000,9695000,1534,2556,9730000,4205
7,2770,96950000,96950000,1534,2556,96985000,41946
7,2771,96985000,96985000,1534,2556,97020000,41962
7,2772,97020000,97020000,1534,2556,97055000,41977
7,2773,97055000,97055000,1534,2556,97090000,41992
7,2774,97090000,97090000,1534,2556,97125000,42009
7,2775,97125000,97125000,1534,2556,97160000,42024
7,2776,97160000,97160000,1534,2556,97195000,42035
7,2777,97195000,97195000,1534,2556,97230000,42054
7,2778,97230000,97230000,1534,2556,97265000,42068
7,2779,97265000,97265000,1534,2556,97300000,42085
7,278,9730000,9730000,1534,2556,9765000,4218
7,2780,97300000,97300000,1534,2556,97335000,42098
7,2781,97335000,97335000,1534,2556,97370000,42112
7,2782,97370000,97370000,1534,2556,97405000,42128
7,2783,97405000,97405000,1534,2556,97440000,42145
7,2784,97440000,97440000,1534,2556,97475000,42160
7,2785,97475000,97475000,1534,2556,97510000,42174
7,2786,97510000,97510000,1534,2556,97545000,42188
7,2787,97545000,97545000,1534,2556,97580000,42205
7,2788,97580000,97580000,1534,2556,97615000,42218
7,2789,97615000,97615000,1534,2556,97650000,42236
7,279,9765000,9765000,1534,2556,9800000,4236
7,2790,97650000,97650000,1534,2556,97685000,42250
7,2791,97685000,97685000,1534,2556,97720000,42264
7,2792,97720000,97720000,1534,2556,97755000,42281
7,2793,97755000,97755000,1534,2556,97790000,42295
7,2794,97790000,97790000,1534,2556,97825000,42310
7,2795,97825000,97825000,1534,2556,97860000,42327
7,2796,97860000,97860000,1534,2556,97895000,42339
7,2797,97895000,97895000,1534,2556,97930000,42357
7,2798,97930000,97930000,1534,2556,97965000,42370
7,2799,97965000,97965000,1534,2556,98000000,42387
7,28,980000,980000,1534,2556,1015000,432
7,280,9800000,9800000,1534,2556,9835000,4248
7,2800,98000000,98000000,1534,2556,98035000,42400
7,2801,98035000,98035000,1534,2556,98070000,42416
7,2802,98070000,98070000,1534,2556,98105000,42433
7,2803,98105000,98105000,1534,2556,98140000,42446
7,2804,98140000,98140000,1534,2556,98175000,42462
7,2805,98175000,98175000,1534,2556,98210000,42477
7,2806,98210000,98210000,1534,2556,98245000,42490
7,2807,98245000,98245000,1534,2556,98280000,42509
7,2808,98280000,98280000,1534,2556,98315000,42521
7,2809,98315000,98315000,1534,2556,98350000,42539
7,281,9835000,9835000,1534,2556,9870000,4265
7,2810,98350000,98350000,1534,2556,98385000,42553
7,2811,98385000,98385000,1534,2556,98420000,42567
7,2812,98420000,98420000,1534,2556,98455000,42582
7,2813,98455000,98455000,1534,2556,98490000,42598
7,2814,98490000,98490000,1534,2556,98525000,42615
7,2815,98525000,98525000,1534,2556,98560000,42629
7,2816,98560000,98560000,1534,2556,98595000,42641
7,2817,98595000,98595000,1534,2556,98630000,42659
7,2818,98630000,98630000,1534,2556,98665000,42672
7,2819,98665000,98665000,1534,2556,98700000,42692
7,282,9870000,9870000,1534,2556,9905000,4281
7,2820,98700000,98700000,1534,2556,98735000,42704
7,2821,98735000,98735000,1534,2556,98770000,42717
7,2822,98770000,98770000,1534,2556,98805000,42735
7,2823,98805000,98805000,1534,2556,98840000,42749
7,2824,98840000,98840000,1534,2556,98875000,42765
7,2825,98875000,98875000,1534,2556,98910000,42780
7,2826,98910000,98910000,1534,2556,98945000,42794
7,2827,98945000,98945000,1534,2556,98980000,42811
7,2828,98980000,98980000,1534,2556,99015000,42824
7,2829,99015000,99015000,1534,2556,99050000,42842
7,283,9905000,9905000,1534,2556,9940000,4294
7,2830,99050000,99050000,1534,2556,99085000,42854
7,2831,99085000,99085000,1534,2556,99120000,42871
7,2832,99120000,99120000,1534,2556,99155000,42886
7,2833,99155000,99155000,1534,2556,99190000,42900
7,2834,99190000,99190000,1534,2556,99225000,42917
7,2835,99225000,99225000,1534,2556,99260000,42931
7,2836,99260000,99260000,1534,2556,99295000,42944
7,2837,99295000,99295000,1534,2556,99330000,42963
7,2838,99330000,99330000,1534,2556,99365000,42976
7,2839,99365000,99365000,1534,2556,99400000,42993
7,284,9940000,9940000,1534,2556,9975000,4311
7,2840,99400000,99400000,1534,2556,99435000,43006
7,2841,99435000,99435000,1534,2556,99470000,43021
7,2842,99470000,99470000,1534,2556,99505000,43037
7,2843,99505000,99505000,1534,2556,99540000,43053
7,2844,99540000,99540000,1534,2556,99575000,43068
7,2845,99575000,99575000,1534,2556,99610000,43082
7,2846,99610000,99610000,1534,2556,99645000,43097
7,2847,99645000,99645000,1534,2556,99680000,43114
7,2848,99680000,99680000,1534,2556,99715000,43126
7,2849,99715000,99715000,1534,2556,99750000,43145
7,285,9975000,9975000,1534,2556,10010000,4325
7,2850,99750000,99750000,1534,2556,99785000,43158
7,2851,99785000,99785000,1534,2556,99820000,43173
7,2852,99820000,99820000,1534,2556,99855000,43188
7,2853,99855000,99855000,1534,2556,99890000,43203
7,2854,99890000,99890000,1534,2556,99925000,43219
7,2855,99925000,99925000,1534,2556,99960000,43235
7,2856,99960000,99960000,1534,2556,99995000,43248
7,2857,99995000,99995000,1534,2556,100030000,43264
7,2858,100030000,100030000,1534,2556,100065000,43279
7,2859,100065000,100065000,1534,2556,100100000,43296
7,286,10010000,10010000,1534,2556,10045000,4339
7,2860,100100000,100100000,1534,2556,100135000,43309
7,2861,100135000,100135000,1534,2556,100170000,43324
7,2862,100170000,100170000,1534,2556,100205000,43340
7,2863,100205000,100205000,1534,2556,100240000,43355
7,2864,100240000,100240000,1534,2556,100275000,43371
7,2865,100275000,100275000,1534,2556,100310000,43386
7,2866,100310000,100310000,1534,2556,100345000,43398
7,2867,100345000,100345000,1534,2556,100380000,43417
7,2868,100380000,100380000,1534,2556,100415000,43430
7,2869,100415000,100415000,1534,2556,100450000,43447
7,287,10045000,10045000,1534,2556,10080000,4357
7,2870,100450000,100450000,1534,2556,100485000,43461
7,2871,100485000,100485000,1534,2556,100520000,43475
7,2872,100520000,100520000,1534,2556,100555000,43490
7,2873,100555000,100555000,1534,2556,100590000,43507
7,2874,100590000,100590000,1534,2556,100625000,43523
7,2875,100625000,100625000,1534,2556,100660000,43537
7,2876,100660000,100660000,1534,2556,100695000,43550
7,2877,100695000,100695000,1534,2556,100730000,43568
7,2878,100730000,100730000,1534,2556,100765000,43581
7,2879,100765000,100765000,1534,2556,100800000,43599
7,288,10080000,10080000,1534,2556,10115000,4369
7,2880,100800000,100800000,1534,2556,100835000,43612
7,2881,100835000,100835000,1534,2556,100870000,43626
7,2882,100870000,100870000,1534,2556,100905000,43644
7,2883,100905000,100905000,1534,2556,100940000,43658
7,2884,100940000,100940000,1534,2556,100975000,43672
7,2885,100975000,100975000,1534,2556,101010000,43689
7,2886,101010000,101010000,1534,2556,101045000,43702
7,2887,101045000,101045000,1534,2556,101080000,43720
7,2888,101080000,101080000,1534,2556,101115000,43732
7,2889,101115000,101115000,1534,2556,101150000,43749
7,289,10115000,10115000,1534,2556,10150000,4387
7,2890,101150000,101150000,1534,2556,101185000,43763
7,2891,101185000,101185000,1534,2556,101220000,43779
7,2892,101220000,101220000,1534,2556,101255000,43795
7,2893,101255000,101255000,1534,2556,101290000,43808
7,2894,101290000,101290000,1534,2556,101325000,43826
7,2895,101325000,101325000,1534,2556,101360000,43840
7,2896,101360000,101360000,1534,2556,101395000,43852
7,2897,101395000,101395000,1534,2556,101430000,43871
7,2898,101430000,101430000,1534,2556,101465000,43884
7,2899,101465000,101465000,1534,2556,101500000,43902
7,29,1015000,1015000,1534,2556,1050000,452
7,290,10150000,10150000,1534,2556,10185000,4401
7,2900,101500000,101500000,1534,2556,101535000,43915
7,2901,101535000,101535000,1534,2556,101570000,43929
7,2902,101570000,101570000,1534,2556,101605000,43945
7,2903,101605000,101605000,1534,2556,101640000,43961
7,2904,101640000,101640000,1534,2556,101675000,43977
7,2905,101675000,101675000,1534,2556,101710000,43991
7,2906,101710000,101710000,1534,2556,101745000,44004
7,2907,101745000,101745000,1534,2556,101780000,44022
7,2908,101780000,101780000,1534,2556,101815000,44034
7,2909,101815000,101815000,1534,2556,101850000,44054
7,291,10185000,10185000,1534,2556,10220000,4416
7,2910,101850000,101850000,1534,2556,101885000,44067
7,2911,101885000,101885000,1534,2556,101920000,44081
7,2912,101920000,101920000,1534,2556,101955000,44097
7,2913,101955000,101955000,1534,2556,101990000,44111
7,2914,101990000,101990000,1534,2556,102025000,44128
7,2915,102025000,102025000,1534,2556,102060000,44143
7,2916,102060000,102060000,1534,2556,102095000,44156
7,2917,102095000,102095000,1534,2556,102130000,44173
7,2918,102130000,102130000,1534,2556,102165000,44187
7,2919,102165000,102165000,1534,2556,102200000,44205
7,292,10220000,10220000,1534,2556,10255000,4430
7,2920,102200000,102200000,1534,2556,102235000,44216
7,2921,102235000,102235000,1534,2556,102270000,44233
7,2922,102270000,102270000,1534,2556,102305000,44249
7,2923,102305000,102305000,1534,2556,102340000,44263
7,2924,102340000,102340000,1534,2556,102375000,44279
7,2925,102375000,102375000,1534,2556,102410000,44293
7,2926,102410000,102410000,1534,2556,102445000,44307
7,2927,102445000,102445000,1534,2556,102480000,44326
7,2928,102480000,102480000,1534,2556,102515000,44339
7,2929,102515000,102515000,1534,2556,102550000,44355
7,293,10255000,10255000,1534,2556,10290000,4447
7,2930,102550000,102550000,1534,2556,102585000,44369
7,2931,102585000,102585000,1534,2556,102620000,44384
7,2932,102620000,102620000,1534,2556,102655000,44399
7,2933,102655000,102655000,1534,2556,102690000,44415
7,2934,102690000,102690000,1534,2556,102725000,44431
7,2935,102725000,102725000,1534,2556,102760000,44445
7,2936,102760000,102760000,1534,2556,102795000,44459
7,2937,102795000,102795000,1534,2556,102830000,44476
7,2938,102830000,102830000,1534,2556,102865000,44489
7,2939,102865000,102865000,1534,2556,102900000,44508
7,294,10290000,10290000,1534,2556,10325000,4463
7,2940,102900000,102900000,1534,2556,102935000,44520
7,2941,102935000,102935000,1534,2556,102970000,44535
7,2942,102970000,102970000,1534,2556,103005000,44551
7,2943,103005000,103005000,1534,2556,103040000,44566
7,2944,103040000,103040000,1534,2556,103075000,44581
7,2945,103075000,103075000,1534,2556,103110000,44598
7,2946,103110000,103110000,1534,2556,103145000,44611
7,2947,103145000,103145000,1534,2556,103180000,44627
7,2948,103180000,103180000,1534,2556,103215000,44641
7,2949,103215000,103215000,1534,2556,103250000,44658
7,295,10325000,10325000,1534,2556,10360000,4477
7,2950,103250000,103250000,1534,2556,103285000,44672
7,2951,103285000,103285000,1534,2556,103320000,44687
7,2952,103320000,103320000,1534,2556,103355000,44702
7,2953,103355000,103355000,1534,2556,103390000,44717
7,2954,103390000,103390000,1534,2556,103425000,44734
7,2955,103425000,103425000,1534,2556,103460000,44749
7,2956,103460000,103460000,1534,2556,103495000,44760
7,2957,103495000,103495000,1534,2556,103530000,44779
7,2958,103530000,103530000,1534,2556,103565000,44793
7,2959,103565000,103565000,1534,2556,103600000,44810
7,296,10360000,10360000,1534,2556,10395000,4490
7,2960,103600000,103600000,1534,2556,103635000,44823
7,2961,103635000,103635000,1534,2556,103670000,44837
7,2962,103670000,103670000,1534,2556,103705000,44854
7,2963,103705000,103705000,1534,2556,103740000,44870
7,2964,103740000,103740000,1534,2556,103775000,44885
7,2965,103775000,103775000,1534,2556,103810000,44899
7,2966,103810000,103810000,1534,2556,103845000,44913
7,2967,103845000,103845000,1534,2556,103880000,44931
7,2968,103880000,103880000,1534,2556,103915000,44943
7,2969,103915000,103915000,1534,2556,103950000,44961
7,297,10395000,10395000,1534,2556,10430000,4507
7,2970,103950000,103950000,1534,2556,103985000,44975
7,2971,103985000,103985000,1534,2556,104020000,44989
7,2972,104020000,104020000,1534,2556,104055000,45006
7,2973,104055000,104055000,1534,2556,104090000,45020
7,2974,104090000,104090000,1534,2556,104125000,45035
7,2975,104125000,104125000,1534,2556,104160000,45052
7,2976,104160000,104160000,1534,2556,104195000,45064
7,2977,104195000,104195000,1534,2556,104230000,45082
7,2978,104230000,104230000,1534,2556,104265000,45095
7,2979,104265000,104265000,1534,2556,104300000,45113
7,298,10430000,10430000,1534,2556,10465000,4521
7,2980,104300000,104300000,1534,2556,104335000,45125
7,2981,104335000,104335000,1534,2556,104370000,45141
7,2982,104370000,104370000,1534,2556,104405000,45158
7,2983,104405000,104405000,1534,2556,104440000,45171
7,2984,104440000,104440000,1534,2556,104475000,45188
7,2985,104475000,104475000,1534,2556,104510000,45202
7,2986,104510000,104510000,1534,2556,104545000,45215
7,2987,104545000,104545000,1534,2556,104580000,45234
7,2988,104580000,104580000,1534,2556,104615000,45246
7,2989,104615000,104615000,1534,2556,104650000,45264
7,299,10465000,10465000,1534,2556,10500000,4540
7,2990,104650000,104650000,1534,2556,104685000,45278
7,2991,104685000,104685000,1534,2556,104720000,45292
7,2992,104720000,104720000,1534,2556,104755000,45307
7,2993,104755000,104755000,1534,2556,104790000,45323
7,2994,104790000,104790000,1534,2556,104825000,45340
7,2995,104825000,104825000,1534,2556,104860000,45354
7,2996,104860000,104860000,1534,2556,104895000,45367
7,2997,104895000,104895000,1534,2556,104930000,45384
7,2998,104930000,104930000,1534,2556,104965000,45397
7,2999,104965000,104965000,1534,2556,105000000,45417
7,3,105000,105000,1534,2556,140000,56
7,30,1050000,1050000,1534,2556,1085000,465
7,300,10500000,10500000,1534,2556,10535000,4552
7,3000,105000000,105000000,1534,2556,105035000,45429
7,3001,105035000,105035000,1534,2556,105070000,45443
7,3002,105070000,105070000,1534,2556,105105000,45460
7,3003,105105000,105105000,1534,2556,105140000,45474
7,3004,105140000,105140000,1534,2556,105175000,45490
7,3005,105175000,105175000,1534,2556,105210000,45505
7,3006,105210000,105210000,1534,2556,105245000,45519
7,3007,105245000,105245000,1534,2556,105280000,45536
7,3008,105280000,105280000,1534,2556,105315000,45549
7,3009,105315000,105315000,1534,2556,105350000,45567
7,301,10535000,10535000,1534,2556,10570000,4566
7,3010,105350000,105350000,1534,2556,105385000,45579
7,3011,105385000,105385000,1534,2556,105420000,45596
7,3012,105420000,105420000,1534,2556,105455000,45611
7,3013,105455000,105455000,1534,2556,105490000,45626
7,3014,105490000,105490000,1534,2556,105525000,45642
7,3015,105525000,105525000,1534,2556,105560000,45656
7,3016,105560000,105560000,1534,2556,105595000,45669
7,3017,105595000,105595000,1534,2556,105630000,45688
7,3018,105630000,105630000,1534,2556,105665000,45702
7,3019,105665000,105665000,1534,2556,105700000,45718
7,302,10570000,10570000,1534,2556,10605000,4583
7,3020,105700000,105700000,1534,2556,105735000,45731
7,3021,105735000,105735000,1534,2556,105770000,45746
7,3022,105770000,105770000,1534,2556,105805000,45762
7,3023,105805000,105805000,1534,2556,105840000,45778
7,3024,105840000,105840000,1534,2556,105875000,45793
7,3025,105875000,105875000,1534,2556,105910000,45807
7,3026,105910000,105910000,1534,2556,105945000,45822
7,3027,105945000,105945000,1534,2556,105980000,45839
7,3028,105980000,105980000,1534,2556,106015000,45851
7,3029,106015000,106015000,1534,2556,106050000,45870
7,303,10605000,10605000,1534,2556,10640000,4598
7,3030,106050000,106050000,1534,2556,106085000,45884
7,3031,106085000,106085000,1534,2556,106120000,45898
7,3032,106120000,106120000,1534,2556,106155000,45913
7,3033,106155000,106155000,1534,2556,106190000,45928
7,3034,106190000,106190000,1534,2556,106225000,45944
7,3035,106225000,106225000,1534,2556,106260000,45961
7,3036,106260000,106260000,1534,2556,106295000,45973
7,3037,106295000,106295000,1534,2556,106330000,45989
7,3038,106330000,106330000,1534,2556,106365000,46004
7,3039,106365000,106365000,1534,2556,106400000,46021
7,304,10640000,10640000,1534,2556,10675000,4613
7,3040,106400000,106400000,1534,2556,106435000,46034
7,3041,106435000,106435000,1534,2556,106470000,46049
7,3042,106470000,106470000,1534,2556,106505000,46065
7,3043,106505000,106505000,1534,2556,106540000,46080
7,3044,106540000,106540000,1534,2556,106575000,46096
7,3045,106575000,106575000,1534,2556,106610000,46111
7,3046,106610000,106610000,1534,2556,106645000,46123
7,3047,106645000,106645000,1534,2556,106680000,46143
7,3048,106680000,106680000,1534,2556,106715000,46155
7,3049,106715000,106715000,1534,2556,106750000,46172
7,305,10675000,10675000,1534,2556,10710000,4628
7,3050,106750000,106750000,1534,2556,106785000,46186
7,3051,106785000,106785000,1534,2556,106820000,46200
7,3052,106820000,106820000,1534,2556,106855000,46216
7,3053,106855000,106855000,1534,2556,106890000,46232
7,3054,106890000,106890000,1534,2556,106925000,46248
7,3055,106925000,106925000,1534,2556,106960000,46262
7,3056,106960000,106960000,1534,2556,106995000,46275
7,3057,106995000,106995000,1534,2556,107030000,46293
7,3058,107030000,107030000,1534,2556,107065000,46306
7,3059,107065000,107065000,1534,2556,107100000,46324
7,306,10710000,10710000,1534,2556,10745000,4642
7,307,10745000,10745000,1534,2556,10780000,4659
7,308,10780000,10780000,1534,2556,10815000,4673
7,309,10815000,10815000,1534,2556,10850000,4690
7,31,1085000,1085000,1534,2556,1120000,479
7,310,10850000,10850000,1534,2556,10885000,4703
7,311,10885000,10885000,1534,2556,10920000,4719
7,312,10920000,10920000,1534,2556,10955000,4734
7,313,10955000,10955000,1534,2556,10990000,4749
7,314,10990000,10990000,1534,2556,11025000,4765
7,315,11025000,11025000,1534,2556,11060000,4780
7,316,11060000,11060000,1534,2556,11095000,4792
7,317,11095000,11095000,1534,2556,11130000,4811
7,318,11130000,11130000,1534,2556,11165000,4825
7,319,11165000,11165000,1534,2556,11200000,4841
7,32,1120000,1120000,1534,2556,1155000,495
7,320,11200000,11200000,1534,2556,11235000,4855
7,321,11235000,11235000,1534,2556,11270000,4869
7,322,11270000,11270000,1534,2556,11305000,4885
7,323,11305000,11305000,1534,2556,11340000,4901
7,324,11340000,11340000,1534,2556,11375000,4916
7,325,11375000,11375000,1534,2556,11410000,4931
7,326,11410000,11410000,1534,2556,11445000,4945
7,327,11445000,11445000,1534,2556,11480000,4963
7,328,11480000,11480000,1534,2556,11515000,4974
7,329,11515000,11515000,1534,2556,11550000,4993
7,33,1155000,1155000,1534,2556,1190000,509
7,330,11550000,11550000,1534,2556,11585000,5007
7,331,11585000,11585000,1534,2556,11620000,5021
7,332,11620000,11620000,1534,2556,11655000,5037
7,333,11655000,11655000,1534,2556,11690000,5051
7,334,11690000,11690000,1534,2556,11725000,5067
7,335,11725000,11725000,1534,2556,11760000,5084
7,336,11760000,11760000,1534,2556,11795000,5096
7,337,11795000,11795000,1534,2556,11830000,5113
7,338,11830000,11830000,1534,2556,11865000,5127
7,339,11865000,11865000,1534,2556,11900000,5144
7,34,1190000,1190000,1534,2556,1225000,526
7,340,11900000,11900000,1534,2556,11935000,5157
7,341,11935000,11935000,1534,2556,11970000,5172
7,342,11970000,11970000,1534,2556,12005000,5189
7,343,12005000,12005000,1534,2556,12040000,5203
7,344,12040000,12040000,1534,2556,12075000,5220
7,345,12075000,12075000,1534,2556,12110000,5234
7,346,12110000,12110000,1534,2556,12145000,5246
7,347,12145000,12145000,1534,2556,12180000,5266
7,348,12180000,12180000,1534,2556,12215000,5278
7,349,12215000,12215000,1534,2556,12250000,5296
7,35,1225000,1225000,1534,2556,1260000,541
7,350,12250000,12250000,1534,2556,12285000,5309
7,351,12285000,12285000,1534,2556,12320000,5323
7,352,12320000,12320000,1534,2556,12355000,5339
7,353,12355000,12355000,1534,2556,12390000,5355
7,354,12390000,12390000,1534,2556,12425000,5372
7,355,12425000,12425000,1534,2556,12460000,5385
7,356,12460000,12460000,1534,2556,12495000,5398
7,357,12495000,12495000,1534,2556,12530000,5416
7,358,12530000,12530000,1534,2556,12565000,5429
7,359,12565000,12565000,1534,2556,12600000,5448
7,36,1260000,1260000,1534,2556,1295000,554
7,360,12600000,12600000,1534,2556,12635000,5460
7,361,12635000,12635000,1534,2556,12670000,5475
7,362,12670000,12670000,1534,2556,12705000,5492
7,363,12705000,12705000,1534,2556,12740000,5506
7,364,12740000,12740000,1534,2556,12775000,5521
7,365,12775000,12775000,1534,2556,12810000,5537
7,366,12810000,12810000,1534,2556,12845000,5551
7,367,12845000,12845000,1534,2556,12880000,5568
7,368,12880000,12880000,1534,2556,12915000,5580
7,369,12915000,12915000,1534,2556,12950000,5598
7,37,1295000,1295000,1534,2556,1330000,571
7,370,12950000,12950000,1534,2556,12985000,5611
7,371,12985000,12985000,1534,2556,13020000,5628
7,372,13020000,13020000,1534,2556,13055000,5643
7,373,13055000,13055000,1534,2556,13090000,5656
7,374,13090000,13090000,1534,2556,13125000,5674
7,375,13125000,13125000,1534,2556,13160000,5688
7,376,13160000,13160000,1534,2556,13195000,5701
7,377,13195000,13195000,1534,2556,13230000,5719
7,378,13230000,13230000,1534,2556,13265000,5733
7,379,13265000,13265000,1534,2556,13300000,5750
7,38,1330000,1330000,1534,2556,1365000,586
7,380,13300000,13300000,1534,2556,13335000,5763
7,381,13335000,13335000,1534,2556,13370000,5778
7,382,13370000,13370000,1534,2556,13405000,5793
7,383,13405000,13405000,1534,2556,13440000,5810
7,384,13440000,13440000,1534,2556,13475000,5825
7,385,13475000,13475000,1534,2556,13510000,5839
7,386,13510000,13510000,1534,2556,13545000,5853
7,387,13545000,13545000,1534,2556,13580000,5870
7,388,13580000,13580000,1534,2556,13615000,5883
7,389,13615000,13615000,1534,2556,13650000,5902
7,39,1365000,1365000,1534,2556,1400000,603
7,390,13650000,13650000,1534,2556,13685000,5915
7,391,13685000,13685000,1534,2556,13720000,5929
7,392,13720000,13720000,1534,2556,13755000,5945
7,393,13755000,13755000,1534,2556,13790000,5960
7,394,13790000,13790000,1534,2556,13825000,5976
7,395,13825000,13825000,1534,2556,13860000,5992
7,396,13860000,13860000,1534,2556,13895000,6004
7,397,13895000,13895000,1534,2556,13930000,6021
7,398,13930000,13930000,1534,2556,13965000,6036
7,399,13965000,13965000,1534,2556,14000000,6053
7,4,140000,140000,1534,2556,175000,71
7,40,1400000,1400000,1534,2556,1435000,614
7,400,14000000,14000000,1534,2556,14035000,6065
7,401,14035000,14035000,1534,2556,14070000,6081
7,402,14070000,14070000,1534,2556,14105000,6097
7,403,14105000,14105000,1534,2556,14140000,6112
7,404,14140000,14140000,1534,2556,14175000,6127
7,405,14175000,14175000,1534,2556,14210000,6142
7,406,14210000,14210000,1534,2556,14245000,6155
7,407,14245000,14245000,1534,2556,14280000,6174
7,408,14280000,14280000,1534,2556,14315000,6187
7,409,14315000,14315000,1534,2556,14350000,6203
7,41,1435000,1435000,1534,2556,1470000,631
7,410,14350000,14350000,1534,2556,14385000,6218
7,411,14385000,14385000,1534,2556,14420000,6232
7,412,14420000,14420000,1534,2556,14455000,6248
7,413,14455000,14455000,1534,2556,14490000,6263
7,414,14490000,14490000,1534,2556,14525000,6279
7,415,14525000,14525000,1534,2556,14560000,6294
7,416,14560000,14560000,1534,2556,14595000,6307
7,417,14595000,14595000,1534,2556,14630000,6325
7,418,14630000,14630000,1534,2556,14665000,6337
7,419,14665000,14665000,1534,2556,14700000,6356
7,42,1470000,1470000,1534,2556,1505000,647
7,420,14700000,14700000,1534,2556,14735000,6369
7,421,14735000,14735000,1534,2556,14770000,6383
7,422,14770000,14770000,1534,2556,14805000,6400
7,423,14805000,14805000,1534,2556,14840000,6414
7,424,14840000,14840000,1534,2556,14875000,6429
7,425,14875000,14875000,1534,2556,14910000,6446
7,426,14910000,14910000,1534,2556,14945000,6459
7,427,14945000,14945000,1534,2556,14980000,6476
7,428,14980000,14980000,1534,2556,15015000,6489
7,429,15015000,15015000,1534,2556,15050000,6507
7,43,1505000,1505000,1534,2556,1540000,662
7,430,15050000,15050000,1534,2556,15085000,6520
7,431,15085000,15085000,1534,2556,15120000,6535
7,432,15120000,15120000,1534,2556,15155000,6551
7,433,15155000,15155000,1534,2556,15190000,6565
7,434,15190000,15190000,1534,2556,15225000,6583
7,435,15225000,15225000,1534,2556,15260000,6597
7,436,15260000,15260000,1534,2556,15295000,6608
7,437,15295000,15295000,1534,2556,15330000,6628
7,438,15330000,15330000,1534,2556,15365000,6641
7,439,15365000,15365000,1534,2556,15400000,6659
7,44,1540000,1540000,1534,2556,1575000,677
7,440,15400000,15400000,1534,2556,15435000,6671
7,441,15435000,15435000,1534,2556,15470000,6685
7,442,15470000,15470000,1534,2556,15505000,6702
7,443,15505000,15505000,1534,2556,15540000,6718
7,444,15540000,15540000,1534,2556,15575000,6734
7,445,15575000,15575000,1534,2556,15610000,6747
7,446,15610000,15610000,1534,2556,15645000,6762
7,447,15645000,15645000,1534,2556,15680000,6779
7,448,15680000,15680000,1534,2556,15715000,6791
7,449,15715000,15715000,1534,2556,15750000,6810
7,45,1575000,1575000,1534,2556,1610000,691
7,450,15750000,15750000,1534,2556,15785000,6823
7,451,15785000,15785000,1534,2556,15820000,6838
7,452,15820000,15820000,1534,2556,15855000,6854
7,453,15855000,15855000,1534,2556,15890000,6868
7,454,15890000,15890000,1534,2556,15925000,6884
7,455,15925000,15925000,1534,2556,15960000,6900
7,456,15960000,15960000,1534,2556,15995000,6913
7,457,15995000,15995000,1534,2556,16030000,6930
7,458,16030000,16030000,1534,2556,16065000,6943
7,459,16065000,16065000,1534,2556,16100000,6961
7,46,1610000,1610000,1534,2556,1645000,705
7,460,16100000,16100000,1534,2556,16135000,6973
7,461,16135000,16135000,1534,2556,16170000,6990
7,462,16170000,16170000,1534,2556,16205000,7006
7,463,16205000,16205000,1534,2556,16240000,7020
7,464,16240000,16240000,1534,2556,16275000,7036
7,465,16275000,16275000,1534,2556,16310000,7050
7,466,16310000,16310000,1534,2556,16345000,7064
7,467,16345000,16345000,1534,2556,16380000,7082
7,468,16380000,16380000,1534,2556,16415000,7095
7,469,16415000,16415000,1534,2556,16450000,7112
7,47,1645000,1645000,1534,2556,1680000,724
7,470,16450000,16450000,1534,2556,16485000,7126
7,471,16485000,16485000,1534,2556,16520000,7141
7,472,16520000,16520000,1534,2556,16555000,7155
7,473,16555000,16555000,1534,2556,16590000,7172
7,474,16590000,16590000,1534,2556,16625000,7188
7,475,16625000,16625000,1534,2556,16660000,7202
7,476,16660000,16660000,1534,2556,16695000,7215
7,477,16695000,16695000,1534,2556,16730000,7232
7,478,16730000,16730000,1534,2556,16765000,7246
7,479,16765000,16765000,1534,2556,16800000,7265
7,48,1680000,1680000,1534,2556,1715000,737
7,480,16800000,16800000,1534,2556,16835000,7278
7,481,16835000,16835000,1534,2556,16870000,7291
7,482,16870000,16870000,1534,2556,16905000,7308
7,483,16905000,16905000,1534,2556,16940000,7323
7,484,16940000,16940000,1534,2556,16975000,7338
7,485,16975000,16975000,1534,2556,17010000,7354
7,486,17010000,17010000,1534,2556,17045000,7367
7,487,17045000,17045000,1534,2556,17080000,7384
7,488,17080000,17080000,1534,2556,17115000,7398
7,489,17115000,17115000,1534,2556,17150000,7415
7,49,1715000,1715000,1534,2556,1750000,753
7,490,17150000,17150000,1534,2556,17185000,7428
7,491,17185000,17185000,1534,2556,17220000,7444
7,492,17220000,17220000,1534,2556,17255000,7459
7,493,17255000,17255000,1534,2556,17290000,7474
7,494,17290000,17290000,1534,2556,17325000,7490
7,495,17325000,17325000,1534,2556,17360000,7505
7,496,17360000,17360000,1534,2556,17395000,7517
7,497,17395000,17395000,1534,2556,17430000,7537
7,498,17430000,17430000,1534,2556,17465000,7550
7,499,17465000,17465000,1534,2556,17500000,7566
7,5,175000,175000,1534,2556,210000,87
7,50,1750000,1750000,1534,2556,1785000,767
7,500,17500000,17500000,1534,2556,17535000,7580
7,501,17535000,17535000,1534,2556,17570000,7594
7,502,17570000,17570000,1534,2556,17605000,7611
7,503,17605000,17605000,1534,2556,17640000,7626
7,504,17640000,17640000,1534,2556,17675000,7641
7,505,17675000,17675000,1534,2556,17710000,7656
7,506,17710000,17710000,1534,2556,17745000,7670
7,507,17745000,17745000,1534,2556,17780000,7688
7,508,17780000,17780000,1534,2556,17815000,7699
7,509,17815000,17815000,1534,2556,17850000,7718
7,51,1785000,1785000,1534,2556,1820000,782
7,510,17850000,17850000,1534,2556,17885000,7732
7,511,17885000,17885000,1534,2556,17920000,7746
7,512,17920000,17920000,1534,2556,17955000,7762
7,513,17955000,17955000,1534,2556,17990000,7776
7,514,17990000,17990000,1534,2556,18025000,7793
7,515,18025000,18025000,1534,2556,18060000,7809
7,516,18060000,18060000,1534,2556,18095000,7821
7,517,18095000,18095000,1534,2556,18130000,7838
7,518,18130000,18130000,1534,2556,18165000,7852
7,519,18165000,18165000,1534,2556,18200000,7870
7,52,1820000,1820000,1534,2556,1855000,797
7,520,18200000,18200000,1534,2556,18235000,7882
7,521,18235000,18235000,1534,2556,18270000,7897
7,522,18270000,18270000,1534,2556,18305000,7914
7,523,18305000,18305000,1534,2556,18340000,7928
7,524,18340000,18340000,1534,2556,18375000,7945
7,525,18375000,18375000,1534,2556,18410000,7959
7,526,18410000,18410000,1534,2556,18445000,7971
7,527,18445000,18445000,1534,2556,18480000,7991
7,528,18480000,18480000,1534,2556,18515000,8003
7,529,18515000,18515000,1534,2556,18550000,8021
7,53,1855000,1855000,1534,2556,1890000,813
7,530,18550000,18550000,1534,2556,18585000,8034
7,531,18585000,18585000,1534,2556,18620000,8049
7,532,18620000,18620000,1534,2556,18655000,8064
7,533,18655000,18655000,1534,2556,18690000,8080
7,534,18690000,18690000,1534,2556,18725000,8097
7,535,18725000,18725000,1534,2556,18760000,8110
7,536,18760000,18760000,1534,2556,18795000,8124
7,537,18795000,18795000,1534,2556,18830000,8141
7,538,18830000,18830000,1534,2556,18865000,8154
7,539,18865000,18865000,1534,2556,18900000,8173
7,54,1890000,1890000,1534,2556,1925000,829
7,540,18900000,18900000,1534,2556,18935000,8185
7,541,18935000,18935000,1534,2556,18970000,8200
7,542,18970000,18970000,1534,2556,19005000,8217
7,543,19005000,19005000,1534,2556,19040000,8231
7,544,19040000,19040000,1534,2556,19075000,8246
7,545,19075000,19075000,1534,2556,19110000,8262
7,546,19110000,19110000,1534,2556,19145000,8276
7,547,19145000,19145000,1534,2556,19180000,8293
7,548,19180000,19180000,1534,2556,19215000,8306
7,549,19215000,19215000,1534,2556,19250000,8323
7,55,1925000,1925000,1534,2556,1960000,844
7,550,19250000,19250000,1534,2556,19285000,8336
7,551,19285000,19285000,1534,2556,19320000,8353
7,552,19320000,19320000,1534,2556,19355000,8368
7,553,19355000,19355000,1534,2556,19390000,8382
7,554,19390000,19390000,1534,2556,19425000,8399
7,555,19425000,19425000,1534,2556,19460000,8413
7,556,19460000,19460000,1534,2556,19495000,8426
7,557,19495000,19495000,1534,2556,19530000,8444
7,558,19530000,19530000,1534,2556,19565000,8458
7,559,19565000,19565000,1534,2556,19600000,8475
7,56,1960000,1960000,1534,2556,1995000,857
7,560,19600000,19600000,1534,2556,19635000,8488
7,561,19635000,19635000,1534,2556,19670000,8503
7,562,19670000,19670000,1534,2556,19705000,8518
7,563,19705000,19705000,1534,2556,19740000,8535
7,564,19740000,19740000,1534,2556,19775000,8550
7,565,19775000,19775000,1534,2556,19810000,8565
7,566,19810000,19810000,1534,2556,19845000,8578
7,567,19845000,19845000,1534,2556,19880000,8595
7,568,19880000,19880000,1534,2556,19915000,8608
7,569,19915000,19915000,1534,2556,19950000,8627
7,57,1995000,1995000,1534,2556,2030000,874
7,570,19950000,19950000,1534,2556,19985000,8641
7,571,19985000,19985000,1534,2556,20020000,8654
7,572,20020000,20020000,1534,2556,20055000,8670
7,573,20055000,20055000,1534,2556,20090000,8685
7,574,20090000,20090000,1534,2556,20125000,8701
7,575,20125000,20125000,1534,2556,20160000,8717
7,576,20160000,20160000,1534,2556,20195000,8729
7,577,20195000,20195000,1534,2556,20230000,8746
7,578,20230000,20230000,1534,2556,20265000,8761
7,579,20265000,20265000,1534,2556,20300000,8778
7,58,2030000,2030000,1534,2556,2065000,887
7,580,20300000,20300000,1534,2556,20335000,8790
7,581,20335000,20335000,1534,2556,20370000,8806
7,582,20370000,20370000,1534,2556,20405000,8823
7,583,20405000,20405000,1534,2556,20440000,8837
7,584,20440000,20440000,1534,2556,20475000,8852
7,585,20475000,20475000,1534,2556,20510000,8867
7,586,20510000,20510000,1534,2556,20545000,8880
7,587,20545000,20545000,1534,2556,20580000,8900
7,588,20580000,20580000,1534,2556,20615000,8912
7,589,20615000,20615000,1534,2556,20650000,8928
7,59,2065000,2065000,1534,2556,2100000,906
7,590,20650000,20650000,1534,2556,20685000,8943
7,591,20685000,20685000,1534,2556,20720000,8957
7,592,20720000,20720000,1534,2556,20755000,8973
7,593,20755000,20755000,1534,2556,20790000,8988
7,594,20790000,20790000,1534,2556,20825000,9004
7,595,20825000,20825000,1534,2556,20860000,9019
7,596,20860000,20860000,1534,2556,20895000,9032
7,597,20895000,20895000,1534,2556,20930000,9050
7,598,20930000,20930000,1534,2556,20965000,9062
7,599,20965000,20965000,1534,2556,21000000,9082
7,6,210000,210000,1534,2556,245000,100
7,60,2100000,2100000,1534,2556,2135000,919
7,600,21000000,21000000,1534,2556,21035000,9094
7,601,21035000,21035000,1534,2556,21070000,9108
7,602,21070000,21070000,1534,2556,21105000,9125
7,603,21105000,21105000,1534,2556,21140000,9139
7,604,21140000,21140000,1534,2556,21175000,9155
7,605,21175000,21175000,1534,2556,21210000,9171
7,606,21210000,21210000,1534,2556,21245000,9184
7,607,21245000,21245000,1534,2556,21280000,9201
7,608,21280000,21280000,1534,2556,21315000,9214
7,609,21315000,21315000,1534,2556,21350000,9232
7,61,2135000,2135000,1534,2556,2170000,933
7,610,21350000,21350000,1534,2556,21385000,9245
7,611,21385000,21385000,1534,2556,21420000,9260
7,612,21420000,21420000,1534,2556,21455000,9276
7,613,21455000,21455000,1534,2556,21490000,9290
7,614,21490000,21490000,1534,2556,21525000,9308
7,615,21525000,21525000,1534,2556,21560000,9322
7,616,21560000,21560000,1534,2556,21595000,9334
7,617,21595000,21595000,1534,2556,21630000,9353
7,618,21630000,21630000,1534,2556,21665000,9366
7,619,21665000,21665000,1534,2556,21700000,9384
7,62,2170000,2170000,1534,2556,2205000,949
7,620,21700000,21700000,1534,2556,21735000,9396
7,621,21735000,21735000,1534,2556,21770000,9411
7,622,21770000,21770000,1534,2556,21805000,9427
7,623,21805000,21805000,1534,2556,21840000,9443
7,624,21840000,21840000,1534,2556,21875000,9459
7,625,21875000,21875000,1534,2556,21910000,9472
7,626,21910000,21910000,1534,2556,21945000,9487
7,627,21945000,21945000,1534,2556,21980000,9504
7,628,21980000,21980000,1534,2556,22015000,9516
7,629,22015000,22015000,1534,2556,22050000,9535
7,63,2205000,2205000,1534,2556,2240000,964
7,630,22050000,22050000,1534,2556,22085000,9548
7,631,22085000,22085000,1534,2556,22120000,9563
7,632,22120000,22120000,1534,2556,22155000,9579
7,633,22155000,22155000,1534,2556,22190000,9594
7,634,22190000,22190000,1534,2556,22225000,9609
7,635,22225000,22225000,1534,2556,22260000,9625
7,636,22260000,22260000,1534,2556,22295000,9638
7,637,22295000,22295000,1534,2556,22330000,9655
7,638,22330000,22330000,1534,2556,22365000,9669
7,639,22365000,22365000,1534,2556,22400000,9686
7,64,2240000,2240000,1534,2556,2275000,979
7,640,22400000,22400000,1534,2556,22435000,9698
7,641,22435000,22435000,1534,2556,22470000,9715
7,642,22470000,22470000,1534,2556,22505000,9731
7,643,22505000,22505000,1534,2556,22540000,9745
7,644,22540000,22540000,1534,2556,22575000,9761
7,645,22575000,22575000,1534,2556,22610000,9775
7,646,22610000,22610000,1534,2556,22645000,9789
7,647,22645000,22645000,1534,2556,22680000,9807
7,648,22680000,22680000,1534,2556,22715000,9820
7,649,22715000,22715000,1534,2556,22750000,9837
7,65,2275000,2275000,1534,2556,2310000,996
7,650,22750000,22750000,1534,2556,22785000,9852
7,651,22785000,22785000,1534,2556,22820000,9866
7,652,22820000,22820000,1534,2556,22855000,9880
7,653,22855000,22855000,1534,2556,22890000,9897
7,654,22890000,22890000,1534,2556,22925000,9913
7,655,22925000,22925000,1534,2556,22960000,9928
7,656,22960000,22960000,1534,2556,22995000,9940
7,657,22995000,22995000,1534,2556,23030000,9957
7,658,23030000,23030000,1534,2556,23065000,9971
7,659,23065000,23065000,1534,2556,23100000,9990
7,66,2310000,2310000,1534,2556,2345000,1009
7,660,23100000,23100000,1534,2556,23135000,10003
7,661,23135000,23135000,1534,2556,23170000,10016
7,662,23170000,23170000,1534,2556,23205000,10033
7,663,23205000,23205000,1534,2556,23240000,10048
7,664,23240000,23240000,1534,2556,23275000,10063
7,665,23275000,23275000,1534,2556,23310000,10079
7,666,23310000,23310000,1534,2556,23345000,10092
7,667,23345000,23345000,1534,2556,23380000,10110
7,668,23380000,23380000,1534,2556,23415000,10123
7,669,23415000,23415000,1534,2556,23450000,10140
7,67,2345000,2345000,1534,2556,2380000,1025
7,670,23450000,23450000,1534,2556,23485000,10153
7,671,23485000,23485000,1534,2556,23520000,10169
7,672,23520000,23520000,1534,2556,23555000,10185
7,673,23555000,23555000,1534,2556,23590000,10199
7,674,23590000,23590000,1534,2556,23625000,10215
7,675,23625000,23625000,1534,2556,23660000,10230
7,676,23660000,23660000,1534,2556,23695000,10242
7,677,23695000,23695000,1534,2556,23730000,10262
7,678,23730000,23730000,1534,2556,23765000,10275
7,679,23765000,23765000,1534,2556,23800000,10291
7,68,2380000,2380000,1534,2556,2415000,1039
7,680,23800000,23800000,1534,2556,23835000,10305
7,681,23835000,23835000,1534,2556,23870000,10319
7,682,23870000,23870000,1534,2556,23905000,10336
7,683,23905000,23905000,1534,2556,23940000,10351
7,684,23940000,23940000,1534,2556,23975000,10367
7,685,23975000,23975000,1534,2556,24010000,10381
7,686,24010000,24010000,1534,2556,24045000,10395
7,687,24045000,24045000,1534,2556,24080000,10413
7,688,24080000,24080000,1534,2556,24115000,10424
7,689,24115000,24115000,1534,2556,24150000,10444
7,69,2415000,2415000,1534,2556,2450000,1056
7,690,24150000,24150000,1534,2556,24185000,10457
7,691,24185000,24185000,1534,2556,24220000,10471
7,692,24220000,24220000,1534,2556,24255000,10487
7,693,24255000,24255000,1534,2556,24290000,10501
7,694,24290000,24290000,1534,2556,24325000,10518
7,695,24325000,24325000,1534,2556,24360000,10534
7,696,24360000,24360000,1534,2556,24395000,10546
7,697,24395000,24395000,1534,2556,24430000,10563
7,698,24430000,24430000,1534,2556,24465000,10577
7,699,24465000,24465000,1534,2556,24500000,10595
7,7,245000,245000,1534,2556,280000,118
7,70,2450000,2450000,1534,2556,2485000,1070
7,700,24500000,24500000,1534,2556,24535000,10607
7,701,24535000,24535000,1534,2556,24570000,10623
7,702,24570000,24570000,1534,2556,24605000,10639
7,703,24605000,24605000,1534,2556,24640000,10653
7,704,24640000,24640000,1534,2556,24675000,10670
7,705,24675000,24675000,1534,2556,24710000,10684
7,706,24710000,24710000,1534,2556,24745000,10697
7,707,24745000,24745000,1534,2556,24780000,10716
7,708,24780000,24780000,1534,2556,24815000,10728
7,709,24815000,24815000,1534,2556,24850000,10746
7,71,2485000,2485000,1534,2556,2520000,1085
7,710,24850000,24850000,1534,2556,24885000,10759
7,711,24885000,24885000,1534,2556,24920000,10774
7,712,24920000,24920000,1534,2556,24955000,10789
7,713,24955000,24955000,1534,2556,24990000,10805
7,714,24990000,24990000,1534,2556,25025000,10822
7,715,25025000,25025000,1534,2556,25060000,10835
7,716,25060000,25060000,1534,2556,25095000,10849
7,717,25095000,25095000,1534,2556,25130000,10866
7,718,25130000,25130000,1534,2556,25165000,10880
7,719,25165000,25165000,1534,2556,25200000,10898
7,72,2520000,2520000,1534,2556,2555000,1101
7,720,25200000,25200000,1534,2556,25235000,10910
7,721,25235000,25235000,1534,2556,25270000,10925
7,722,25270000,25270000,1534,2556,25305000,10942
7,723,25305000,25305000,1534,2556,25340000,10957
7,724,25340000,25340000,1534,2556,25375000,10971
7,725,25375000,25375000,1534,2556,25410000,10987
7,726,25410000,25410000,1534,2556,25445000,11001
7,727,25445000,25445000,1534,2556,25480000,11018
7,728,25480000,25480000,1534,2556,25515000,11031
7,729,25515000,25515000,1534,2556,25550000,11048
7,73,2555000,2555000,1534,2556,2590000,1115
7,730,25550000,25550000,1534,2556,25585000,11061
7,731,25585000,25585000,1534,2556,25620000,11078
7,732,25620000,25620000,1534,2556,25655000,11093
7,733,25655000,25655000,1534,2556,25690000,11107
7,734,25690000,25690000,1534,2556,25725000,11124
7,735,25725000,25725000,1534,2556,25760000,11139
7,736,25760000,25760000,1534,2556,25795000,11151
7,737,25795000,25795000,1534,2556,25830000,11169
7,738,25830000,25830000,1534,2556,25865000,11183
7,739,25865000,25865000,1534,2556,25900000,11200
7,74,2590000,2590000,1534,2556,2625000,1132
7,740,25900000,25900000,1534,2556,25935000,11214
7,741,25935000,25935000,1534,2556,25970000,11228
7,742,25970000,25970000,1534,2556,26005000,11243
7,743,26005000,26005000,1534,2556,26040000,11260
7,744,26040000,26040000,1534,2556,26075000,11275
7,745,26075000,26075000,1534,2556,26110000,11290
7,746,26110000,26110000,1534,2556,26145000,11303
7,747,26145000,26145000,1534,2556,26180000,11320
7,748,26180000,26180000,1534,2556,26215000,11333
7,749,26215000,26215000,1534,2556,26250000,11352
7,75,2625000,2625000,1534,2556,2660000,1147
7,750,26250000,26250000,1534,2556,26285000,11366
7,751,26285000,26285000,1534,2556,26320000,11379
7,752,26320000,26320000,1534,2556,26355000,11396
7,753,26355000,26355000,1534,2556,26390000,11410
7,754,26390000,26390000,1534,2556,26425000,11426
7,755,26425000,26425000,1534,2556,26460000,11442
7,756,26460000,26460000,1534,2556,26495000,11454
7,757,26495000,26495000,1534,2556,26530000,11472
7,758,26530000,26530000,1534,2556,26565000,11486
7,759,26565000,26565000,1534,2556,26600000,11503
7,76,2660000,2660000,1534,2556,2695000,1158
7,760,26600000,26600000,1534,2556,26635000,11515
7,761,26635000,26635000,1534,2556,26670000,11531
7,762,26670000,26670000,1534,2556,26705000,11548
7,763,26705000,26705000,1534,2556,26740000,11562
7,764,26740000,26740000,1534,2556,26775000,11577
7,765,26775000,26775000,1534,2556,26810000,11592
7,766,26810000,26810000,1534,2556,26845000,11605
7,767,26845000,26845000,1534,2556,26880000,11625
7,768,26880000,26880000,1534,2556,26915000,11637
7,769,26915000,26915000,1534,2556,26950000,11654
7,77,2695000,2695000,1534,2556,2730000,1178
7,770,26950000,26950000,1534,2556,26985000,11668
7,771,26985000,26985000,1534,2556,27020000,11682
7,772,27020000,27020000,1534,2556,27055000,11698
7,773,27055000,27055000,1534,2556,27090000,11713
7,774,27090000,27090000,1534,2556,27125000,11730
7,775,27125000,27125000,1534,2556,27160000,11744
7,776,27160000,27160000,1534,2556,27195000,11757
7,777,27195000,27195000,1534,2556,27230000,11775
7,778,27230000,27230000,1534,2556,27265000,11787
7,779,27265000,27265000,1534,2556,27300000,11807
7,78,2730000,2730000,1534,2556,2765000,1191
7,780,27300000,27300000,1534,2556,27335000,11819
7,781,27335000,27335000,1534,2556,27370000,11833
7,782,27370000,27370000,1534,2556,27405000,11850
7,783,27405000,27405000,1534,2556,27440000,11864
7,784,27440000,27440000,1534,2556,27475000,11880
7,785,27475000,27475000,1534,2556,27510000,11896
7,786,27510000,27510000,1534,2556,27545000,11910
7,787,27545000,27545000,1534,2556,27580000,11926
7,788,27580000,27580000,1534,2556,27615000,11939
7,789,27615000,27615000,1534,2556,27650000,11957
7,79,2765000,2765000,1534,2556,2800000,1208
7,790,27650000,27650000,1534,2556,27685000,11970
7,791,27685000,27685000,1534,2556,27720000,11986
7,792,27720000,27720000,1534,2556,27755000,12001
7,793,27755000,27755000,1534,2556,27790000,12015
7,794,27790000,27790000,1534,2556,27825000,12033
7,795,27825000,27825000,1534,2556,27860000,12047
7,796,27860000,27860000,1534,2556,27895000,12059
7,797,27895000,27895000,1534,2556,27930000,12078
7,798,27930000,27930000,1534,2556,27965000,12091
7,799,27965000,27965000,1534,2556,28000000,12109
7,8,280000,280000,1534,2556,315000,130
7,80,2800000,2800000,1534,2556,2835000,1221
7,800,28000000,28000000,1534,2556,28035000,12121
7,801,28035000,28035000,1534,2556,28070000,12136
7,802,28070000,28070000,1534,2556,28105000,12152
7,803,28105000,28105000,1534,2556,28140000,12169
7,804,28140000,28140000,1534,2556,28175000,12184
7,805,28175000,28175000,1534,2556,28210000,12197
7,806,28210000,28210000,1534,2556,28245000,12212
7,807,28245000,28245000,1534,2556,28280000,12229
7,808,28280000,28280000,1534,2556,28315000,12242
7,809,28315000,28315000,1534,2556,28350000,12260
7,81,2835000,2835000,1534,2556,2870000,1235
7,810,28350000,28350000,1534,2556,28385000,12273
7,811,28385000,28385000,1534,2556,28420000,12288
7,812,28420000,28420000,1534,2556,28455000,12304
7,813,28455000,28455000,1534,2556,28490000,12319
7,814,28490000,28490000,1534,2556,28525000,12334
7,815,28525000,28525000,1534,2556,28560000,12350
7,816,28560000,28560000,1534,2556,28595000,12363
7,817,28595000,28595000,1534,2556,28630000,12380
7,818,28630000,28630000,1534,2556,28665000,12394
7,819,28665000,28665000,1534,2556,28700000,12411
7,82,2870000,2870000,1534,2556,2905000,1252
7,820,28700000,28700000,1534,2556,28735000,12424
7,821,28735000,28735000,1534,2556,28770000,12440
7,822,28770000,28770000,1534,2556,28805000,12456
7,823,28805000,28805000,1534,2556,28840000,12470
7,824,28840000,28840000,1534,2556,28875000,12486
7,825,28875000,28875000,1534,2556,28910000,12501
7,826,28910000,28910000,1534,2556,28945000,12514
7,827,28945000,28945000,1534,2556,28980000,12532
7,828,28980000,28980000,1534,2556,29015000,12545
7,829,29015000,29015000,1534,2556,29050000,12562
7,83,2905000,2905000,1534,2556,2940000,1268
7,830,29050000,29050000,1534,2556,29085000,12577
7,831,29085000,29085000,1534,2556,29120000,12591
7,832,29120000,29120000,1534,2556,29155000,12605
7,833,29155000,29155000,1534,2556,29190000,12622
7,834,29190000,29190000,1534,2556,29225000,12638
7,835,29225000,29225000,1534,2556,29260000,12653
7,836,29260000,29260000,1534,2556,29295000,12665
7,837,29295000,29295000,1534,2556,29330000,12683
7,838,29330000,29330000,1534,2556,29365000,12696
7,839,29365000,29365000,1534,2556,29400000,12715
7,84,2940000,2940000,1534,2556,2975000,1283
7,840,29400000,29400000,1534,2556,29435000,12728
7,841,29435000,29435000,1534,2556,29470000,12741
7,842,29470000,29470000,1534,2556,29505000,12759
7,843,29505000,29505000,1534,2556,29540000,12773
7,844,29540000,29540000,1534,2556,29575000,12788
7,845,29575000,29575000,1534,2556,29610000,12804
7,846,29610000,29610000,1534,2556,29645000,12817
7,847,29645000,29645000,1534,2556,29680000,12835
7,848,29680000,29680000,1534,2556,29715000,12848
7,849,29715000,29715000,1534,2556,29750000,12865
7,85,2975000,2975000,1534,2556,3010000,1297
7,850,29750000,29750000,1534,2556,29785000,12878
7,851,29785000,29785000,1534,2556,29820000,12894
7,852,29820000,29820000,1534,2556,29855000,12910
7,853,29855000,29855000,1534,2556,29890000,12924
7,854,29890000,29890000,1534,2556,29925000,12941
7,855,29925000,29925000,1534,2556,29960000,12955
7,856,29960000,29960000,1534,2556,29995000,12967
7,857,29995000,29995000,1534,2556,30030000,12987
7,858,30030000,30030000,1534,2556,30065000,13000
7,859,30065000,30065000,1534,2556,30100000,13017
7,86,3010000,3010000,1534,2556,3045000,1311
7,860,30100000,30100000,1534,2556,30135000,13030
7,861,30135000,30135000,1534,2556,30170000,13044
7,862,30170000,30170000,1534,2556,30205000,13061
7,863,30205000,30205000,1534,2556,30240000,13076
7,864,30240000,30240000,1534,2556,30275000,13092
7,865,30275000,30275000,1534,2556,30310000,13106
7,866,30310000,30310000,1534,2556,30345000,13120
7,867,30345000,30345000,1534,2556,30380000,13138
7,868,30380000,30380000,1534,2556,30415000,13149
7,869,30415000,30415000,1534,2556,30450000,13169
7,87,3045000,3045000,1534,2556,3080000,1329
7,870,30450000,30450000,1534,2556,30485000,13182
7,871,30485000,30485000,1534,2556,30520000,13197
7,872,30520000,30520000,1534,2556,30555000,13212
7,873,30555000,30555000,1534,2556,30590000,13226
7,874,30590000,30590000,1534,2556,30625000,13243
7,875,30625000,30625000,1534,2556,30660000,13259
7,876,30660000,30660000,1534,2556,30695000,13272
7,877,30695000,30695000,1534,2556,30730000,13288
7,878,30730000,30730000,1534,2556,30765000,13302
7,879,30765000,30765000,1534,2556,30800000,13320
7,88,3080000,3080000,1534,2556,3115000,1341
7,880,30800000,30800000,1534,2556,30835000,13332
7,881,30835000,30835000,1534,2556,30870000,13348
7,882,30870000,30870000,1534,2556,30905000,13364
7,883,30905000,30905000,1534,2556,30940000,13378
7,884,30940000,30940000,1534,2556,30975000,13395
7,885,30975000,30975000,1534,2556,31010000,13409
7,886,31010000,31010000,1534,2556,31045000,13422
7,887,31045000,31045000,1534,2556,31080000,13441
7,888,31080000,31080000,1534,2556,31115000,13454
7,889,31115000,31115000,1534,2556,31150000,13471
7,89,3115000,3115000,1534,2556,3150000,1360
7,890,31150000,31150000,1534,2556,31185000,13484
7,891,31185000,31185000,1534,2556,31220000,13499
7,892,31220000,31220000,1534,2556,31255000,13514
7,893,31255000,31255000,1534,2556,31290000,13531
7,894,31290000,31290000,1534,2556,31325000,13547
7,895,31325000,31325000,1534,2556,31360000,13560
7,896,31360000,31360000,1534,2556,31395000,13574
7,897,31395000,31395000,1534,2556,31430000,13591
7,898,31430000,31430000,1534,2556,31465000,13605
7,899,31465000,31465000,1534,2556,31500000,13623
7,9,315000,315000,1534,2556,350000,148
7,90,3150000,3150000,1534,2556,3185000,1373
7,900,31500000,31500000,1534,2556,31535000,13635
7,901,31535000,31535000,1534,2556,31570000,13650
7,902,31570000,31570000,1534,2556,31605000,13667
7,903,31605000,31605000,1534,2556,31640000,13682
7,904,31640000,31640000,1534,2556,31675000,13696
7,905,31675000,31675000,1534,2556,31710000,13713
7,906,31710000,31710000,1534,2556,31745000,13726
7,907,31745000,31745000,1534,2556,31780000,13743
7,908,31780000,31780000,1534,2556,31815000,13756
7,909,31815000,31815000,1534,2556,31850000,13773
7,91,3185000,3185000,1534,2556,3220000,1387
7,910,31850000,31850000,1534,2556,31885000,13787
7,911,31885000,31885000,1534,2556,31920000,13803
7,912,31920000,31920000,1534,2556,31955000,13818
7,913,31955000,31955000,1534,2556,31990000,13832
7,914,31990000,31990000,1534,2556,32025000,13849
7,915,32025000,32025000,1534,2556,32060000,13864
7,916,32060000,32060000,1534,2556,32095000,13876
7,917,32095000,32095000,1534,2556,32130000,13894
7,918,32130000,32130000,1534,2556,32165000,13908
7,919,32165000,32165000,1534,2556,32200000,13925
7,92,3220000,3220000,1534,2556,3255000,1404
7,920,32200000,32200000,1534,2556,32235000,13939
7,921,32235000,32235000,1534,2556,32270000,13953
7,922,32270000,32270000,1534,2556,32305000,13969
7,923,32305000,32305000,1534,2556,32340000,13985
7,924,32340000,32340000,1534,2556,32375000,14000
7,925,32375000,32375000,1534,2556,32410000,14015
7,926,32410000,32410000,1534,2556,32445000,14028
7,927,32445000,32445000,1534,2556,32480000,14046
7,928,32480000,32480000,1534,2556,32515000,14058
7,929,32515000,32515000,1534,2556,32550000,14077
7,93,3255000,3255000,1534,2556,3290000,1418
7,930,32550000,32550000,1534,2556,32585000,14091
7,931,32585000,32585000,1534,2556,32620000,14104
7,932,32620000,32620000,1534,2556,32655000,14121
7,933,32655000,32655000,1534,2556,32690000,14135
7,934,32690000,32690000,1534,2556,32725000,14151
7,935,32725000,32725000,1534,2556,32760000,14167
7,936,32760000,32760000,1534,2556,32795000,14179
7,937,32795000,32795000,1534,2556,32830000,14197
7,938,32830000,32830000,1534,2556,32865000,14211
7,939,32865000,32865000,1534,2556,32900000,14229
7,94,3290000,3290000,1534,2556,3325000,1434
7,940,32900000,32900000,1534,2556,32935000,14240
7,941,32935000,32935000,1534,2556,32970000,14256
7,942,32970000,32970000,1534,2556,33005000,14273
7,943,33005000,33005000,1534,2556,33040000,14287
7,944,33040000,33040000,1534,2556,33075000,14303
7,945,33075000,33075000,1534,2556,33110000,14317
7,946,33110000,33110000,1534,2556,33145000,14330
7,947,33145000,33145000,1534,2556,33180000,14350
7,948,33180000,33180000,1534,2556,33215000,14362
7,949,33215000,33215000,1534,2556,33250000,14379
7,95,3325000,3325000,1534,2556,3360000,1450
7,950,33250000,33250000,1534,2556,33285000,14393
7,951,33285000,33285000,1534,2556,33320000,14407
7,952,33320000,33320000,1534,2556,33355000,14423
7,953,33355000,33355000,1534,2556,33390000,14438
7,954,33390000,33390000,1534,2556,33425000,14455
7,955,33425000,33425000,1534,2556,33460000,14469
7,956,33460000,33460000,1534,2556,33495000,14483
7,957,33495000,33495000,1534,2556,33530000,14500
7,958,33530000,33530000,1534,2556,33565000,14512
7,959,33565000,33565000,1534,2556,33600000,14532
7,96,3360000,3360000,1534,2556,3395000,1462
7,960,33600000,33600000,1534,2556,33635000,14544
7,961,33635000,33635000,1534,2556,33670000,14559
7,962,33670000,33670000,1534,2556,33705000,14575
7,963,33705000,33705000,1534,2556,33740000,14589
7,964,33740000,33740000,1534,2556,33775000,14605
7,965,33775000,33775000,1534,2556,33810000,14621
7,966,33810000,33810000,1534,2556,33845000,14635
7,967,33845000,33845000,1534,2556,33880000,14651
7,968,33880000,33880000,1534,2556,33915000,14664
7,969,33915000,33915000,1534,2556,33950000,14682
7,97,3395000,3395000,1534,2556,3430000,1480
7,970,33950000,33950000,1534,2556,33985000,14695
7,971,33985000,33985000,1534,2556,34020000,14711
7,972,34020000,34020000,1534,2556,34055000,14726
7,973,34055000,34055000,1534,2556,34090000,14741
7,974,34090000,34090000,1534,2556,34125000,14758
7,975,34125000,34125000,1534,2556,34160000,14772
7,976,34160000,34160000,1534,2556,34195000,14784
7,977,34195000,34195000,1534,2556,34230000,14803
7,978,34230000,34230000,1534,2556,34265000,14817
7,979,34265000,34265000,1534,2556,34300000,14834
7,98,3430000,3430000,1534,2556,3465000,1493
7,980,34300000,34300000,1534,2556,34335000,14846
7,981,34335000,34335000,1534,2556,34370000,14861
7,982,34370000,34370000,1534,2556,34405000,14877
7,983,34405000,34405000,1534,2556,34440000,14894
7,984,34440000,34440000,1534,2556,34475000,14909
7,985,34475000,34475000,1534,2556,34510000,14922
7,986,34510000,34510000,1534,2556,34545000,14937
7,987,34545000,34545000,1534,2556,34580000,14954
7,988,34580000,34580000,1534,2556,34615000,14967
7,989,34615000,34615000,1534,2556,34650000,14985
7,99,3465000,3465000,1534,2556,3500000,1511
7,990,34650000,34650000,1534,2556,34685000,14999
7,991,34685000,34685000,1534,2556,34720000,15013
7,992,34720000,34720000,1534,2556,34755000,15029
7,993,34755000,34755000,1534,2556,34790000,15044
7,994,34790000,34790000,1534,2556,34825000,15059
7,995,34825000,34825000,1534,2556,34860000,15076
7,996,34860000,34860000,1534,2556,34895000,15088
7,997,34895000,34895000,1534,2556,34930000,15105
7,998,34930000,34930000,1534,2556,34965000,15119
7,999,34965000,34965000,1534,2556,35000000,15136
8,0,0,0,5575,9291,45000,14
8,1,45000,45000,5575,9291,90000,35
8,10,450000,450000,5575,9291,495000,208
8,100,4500000,4500000,5575,9291,4545000,1960
8,1000,45000000,45000000,5575,9291,45045000,19479
8,1001,45045000,45045000,5575,9291,45090000,19500
8,1002,45090000,45090000,5575,9291,45135000,19518
8,1003,45135000,45135000,5575,9291,45180000,19540
8,1004,45180000,45180000,5575,9291,45225000,19560
8,1005,45225000,45225000,5575,9291,45270000,19577
8,1006,45270000,45270000,5575,9291,45315000,19596
8,1007,45315000,45315000,5575,9291,45360000,19618
8,1008,45360000,45360000,5575,9291,45405000,19637
8,1009,45405000,45405000,5575,9291,45450000,19657
8,101,4545000,4545000,5575,9291,4590000,1981
8,1010,45450000,45450000,5575,9291,45495000,19673
8,1011,45495000,45495000,5575,9291,45540000,19695
8,1012,45540000,45540000,5575,9291,45585000,19714
8,1013,45585000,45585000,5575,9291,45630000,19734
8,1014,45630000,45630000,5575,9291,45675000,19754
8,1015,45675000,45675000,5575,9291,45720000,19772
8,1016,45720000,45720000,5575,9291,45765000,19791
8,1017,45765000,45765000,5575,9291,45810000,19811
8,1018,45810000,45810000,5575,9291,45855000,19831
8,1019,45855000,45855000,5575,9291,45900000,19852
8,102,4590000,4590000,5575,9291,4635000,2000
8,1020,45900000,45900000,5575,9291,45945000,19868
8,1021,45945000,45945000,5575,9291,45990000,19890
8,1022,45990000,45990000,5575,9291,46035000,19908
8,1023,46035000,46035000,5575,9291,46080000,19930
8,1024,46080000,46080000,5575,9291,46125000,19948
8,1025,46125000,46125000,5575,9291,46170000,19967
8,1026,46170000,46170000,5575,9291,46215000,19985
8,1027,46215000,46215000,5575,9291,46260000,20007
8,1028,46260000,46260000,5575,9291,46305000,20026
8,1029,46305000,46305000,5575,9291,46350000,20047
8,103,4635000,4635000,5575,9291,4680000,2022
8,1030,46350000,46350000,5575,9291,46395000,20062
8,1031,46395000,46395000,5575,9291,46440000,20084
8,1032,46440000,46440000,5575,9291,46485000,20103
8,1033,46485000,46485000,5575,9291,46530000,20124
8,1034,46530000,46530000,5575,9291,46575000,20142
8,1035,46575000,46575000,5575,9291,46620000,20162
8,1036,46620000,46620000,5575,9291,46665000,20180
8,1037,46665000,46665000,5575,9291,46710000,20201
8,1038,46710000,46710000,5575,9291,46755000,20220
8,1039,46755000,46755000,5575,9291,46800000,20242
8,104,4680000,4680000,5575,9291,4725000,2041
8,1040,46800000,46800000,5575,9291,46845000,20258
8,1041,46845000,46845000,5575,9291,46890000,20278
8,1042,46890000,46890000,5575,9291,46935000,20298
8,1043,46935000,46935000,5575,9291,46980000,20319
8,1044,46980000,46980000,5575,9291,47025000,20338
8,1045,47025000,47025000,5575,9291,47070000,20355
8,1046,47070000,47070000,5575,9291,47115000,20375
8,1047,47115000,47115000,5575,9291,47160000,20396
8,1048,47160000,47160000,5575,9291,47205000,20415
8,1049,47205000,47205000,5575,9291,47250000,20436
8,105,4725000,4725000,5575,9291,4770000,2059
8,1050,47250000,47250000,5575,9291,47295000,20452
8,1051,47295000,47295000,5575,9291,47340000,20473
8,1052,47340000,47340000,5575,9291,47385000,20492
8,1053,47385000,47385000,5575,9291,47430000,20513
8,1054,47430000,47430000,5575,9291,47475000,20532
8,1055,47475000,47475000,5575,9291,47520000,20551
8,1056,47520000,47520000,5575,9291,47565000,20570
8,1057,47565000,47565000,5575,9291,47610000,20591
8,1058,47610000,47610000,5575,9291,47655000,20609
8,1059,47655000,47655000,5575,9291,47700000,20631
8,106,4770000,4770000,5575,9291,4815000,2077
8,1060,47700000,47700000,5575,9291,47745000,20647
8,1061,47745000,47745000,5575,9291,47790000,20668
8,1062,47790000,47790000,5575,9291,47835000,20686
8,1063,47835000,47835000,5575,9291,47880000,20709
8,1064,47880000,47880000,5575,9291,47925000,20727
8,1065,47925000,47925000,5575,9291,47970000,20745
8,1066,47970000,47970000,5575,9291,48015000,20763
8,1067,48015000,48015000,5575,9291,48060000,20786
8,1068,48060000,48060000,5575,9291,48105000,20804
8,1069,48105000,48105000,5575,9291,48150000,20825
8,107,4815000,4815000,5575,9291,4860000,2099
8,1070,48150000,48150000,5575,9291,48195000,20841
8,1071,48195000,48195000,5575,9291,48240000,20863
8,1072,48240000,48240000,5575,9291,48285000,20882
8,1073,48285000,48285000,5575,9291,48330000,20902
8,1074,48330000,48330000,5575,9291,48375000,20922
8,1075,48375000,48375000,5575,9291,48420000,20940
8,1076,48420000,48420000,5575,9291,48465000,20959
8,1077,48465000,48465000,5575,9291,48510000,20980
8,1078,48510000,48510000,5575,9291,48555000,20999
8,1079,48555000,48555000,5575,9291,48600000,21020
8,108,4860000,4860000,5575,9291,4905000,2118
8,1080,48600000,48600000,5575,9291,48645000,21036
8,1081,48645000,48645000,5575,9291,48690000,21057
8,1082,48690000,48690000,5575,9291,48735000,21076
8,1083,48735000,48735000,5575,9291,48780000,21097
8,1084,48780000,48780000,5575,9291,48825000,21117
8,1085,48825000,48825000,5575,9291,48870000,21134
8,1086,48870000,48870000,5575,9291,48915000,21153
8,1087,48915000,48915000,5575,9291,48960000,21174
8,1088,48960000,48960000,5575,9291,49005000,21194
8,1089,49005000,49005000,5575,9291,49050000,21215
8,109,4905000,4905000,5575,9291,4950000,2139
8,1090,49050000,49050000,5575,9291,49095000,21230
8,1091,49095000,49095000,5575,9291,49140000,21253
8,1092,49140000,49140000,5575,9291,49185000,21271
8,1093,49185000,49185000,5575,9291,49230000,21292
8,1094,49230000,49230000,5575,9291,49275000,21310
8,1095,49275000,49275000,5575,9291,49320000,21330
8,1096,49320000,49320000,5575,9291,49365000,21348
8,1097,49365000,49365000,5575,9291,49410000,21369
8,1098,49410000,49410000,5575,9291,49455000,21388
8,1099,49455000,49455000,5575,9291,49500000,21410
8,11,495000,495000,5575,9291,540000,230
8,110,4950000,4950000,5575,9291,4995000,2154
8,1100,49500000,49500000,5575,9291,49545000,21425
8,1101,49545000,49545000,5575,9291,49590000,21446
8,1102,49590000,49590000,5575,9291,49635000,21465
8,1103,49635000,49635000,5575,9291,49680000,21487
8,1104,49680000,49680000,5575,9291,49725000,21505
8,1105,49725000,49725000,5575,9291,49770000,21524
8,1106,49770000,49770000,5575,9291,49815000,21543
8,1107,49815000,49815000,5575,9291,49860000,21564
8,1108,49860000,49860000,5575,9291,49905000,21583
8,1109,49905000,49905000,5575,9291,49950000,21604
8,111,4995000,4995000,5575,9291,5040000,2177
8,1110,49950000,49950000,5575,9291,49995000,21620
8,1111,49995000,49995000,5575,9291,50040000,21641
8,1112,50040000,50040000,5575,9291,50085000,21661
8,1113,50085000,50085000,5575,9291,50130000,21681
8,1114,50130000,50130000,5575,9291,50175000,21700
8,1115,50175000,50175000,5575,9291,50220000,21718
8,1116,50220000,50220000,5575,9291,50265000,21738
8,1117,50265000,50265000,5575,9291,50310000,21758
8,1118,50310000,50310000,5575,9291,50355000,21777
8,1119,50355000,50355000,5575,9291,50400000,21799
8,112,5040000,5040000,5575,9291,5085000,2195
8,1120,50400000,50400000,5575,9291,50445000,21815
8,1121,50445000,50445000,5575,9291,50490000,21835
8,1122,50490000,50490000,5575,9291,50535000,21854
8,1123,50535000,50535000,5575,9291,50580000,21877
8,1124,50580000,50580000,5575,9291,50625000,21895
8,1125,50625000,50625000,5575,9291,50670000,21913
8,1126,50670000,50670000,5575,9291,50715000,21932
8,1127,50715000,50715000,5575,9291,50760000,21954
8,1128,50760000,50760000,5575,9291,50805000,21972
8,1129,50805000,50805000,5575,9291,50850000,21993
8,113,5085000,5085000,5575,9291,5130000,2216
8,1130,50850000,50850000,5575,9291,50895000,22009
8,1131,50895000,50895000,5575,9291,50940000,22031
8,1132,50940000,50940000,5575,9291,50985000,22049
8,1133,50985000,50985000,5575,9291,51030000,22071
8,1134,51030000,51030000,5575,9291,51075000,22089
8,1135,51075000,51075000,5575,9291,51120000,22108
8,1136,51120000,51120000,5575,9291,51165000,22126
8,1137,51165000,51165000,5575,9291,51210000,22148
8,1138,51210000,51210000,5575,9291,51255000,22166
8,1139,51255000,51255000,5575,9291,51300000,22188
8,114,5130000,5130000,5575,9291,5175000,2234
8,1140,51300000,51300000,5575,9291,51345000,22205
8,1141,51345000,51345000,5575,9291,51390000,22225
8,1142,51390000,51390000,5575,9291,51435000,22244
8,1143,51435000,51435000,5575,9291,51480000,22265
8,1144,51480000,51480000,5575,9291,51525000,22285
8,1145,51525000,51525000,5575,9291,51570000,22302
8,1146,51570000,51570000,5575,9291,51615000,22321
8,1147,51615000,51615000,5575,9291,51660000,22343
8,1148,51660000,51660000,5575,9291,51705000,22362
8,1149,51705000,51705000,5575,9291,51750000,22382
8,115,5175000,5175000,5575,9291,5220000,2254
8,1150,51750000,51750000,5575,9291,51795000,22398
8,1151,51795000,51795000,5575,9291,51840000,22420
8,1152,51840000,51840000,5575,9291,51885000,22439
8,1153,51885000,51885000,5575,9291,51930000,22459
8,1154,51930000,51930000,5575,9291,51975000,22479
8,1155,51975000,51975000,5575,9291,52020000,22497
8,1156,52020000,52020000,5575,9291,52065000,22516
8,1157,52065000,52065000,5575,9291,52110000,22537
8,1158,52110000,52110000,5575,9291,52155000,22556
8,1159,52155000,52155000,5575,9291,52200000,22578
8,116,5220000,5220000,5575,9291,5265000,2272
8,1160,52200000,52200000,5575,9291,52245000,22593
8,1161,52245000,52245000,5575,9291,52290000,22615
8,1162,52290000,52290000,5575,9291,52335000,22633
8,1163,52335000,52335000,5575,9291,52380000,22655
8,1164,52380000,52380000,5575,9291,52425000,22673
8,1165,52425000,52425000,5575,9291,52470000,22692
8,1166,52470000,52470000,5575,9291,52515000,22710
8,1167,52515000,52515000,5575,9291,52560000,22732
8,1168,52560000,52560000,5575,9291,52605000,22751
8,1169,52605000,52605000,5575,9291,52650000,22772
8,117,5265000,5265000,5575,9291,5310000,2293
8,1170,52650000,52650000,5575,9291,52695000,22787
8,1171,52695000,52695000,5575,9291,52740000,22809
8,1172,52740000,52740000,5575,9291,52785000,22828
8,1173,52785000,52785000,5575,9291,52830000,22849
8,1174,52830000,52830000,5575,9291,52875000,22868
8,1175,52875000,52875000,5575,9291,52920000,22887
8,1176,52920000,52920000,5575,9291,52965000,22906
8,1177,52965000,52965000,5575,9291,53010000,22926
8,1178,53010000,53010000,5575,9291,53055000,22945
8,1179,53055000,53055000,5575,9291,53100000,22967
8,118,5310000,5310000,5575,9291,5355000,2312
8,1180,53100000,53100000,5575,9291,53145000,22983
8,1181,53145000,53145000,5575,9291,53190000,23003
8,1182,53190000,53190000,5575,9291,53235000,23023
8,1183,53235000,53235000,5575,9291,53280000,23044
8,1184,53280000,53280000,5575,9291,53325000,23063
8,1185,53325000,53325000,5575,9291,53370000,23080
8,1186,53370000,53370000,5575,9291,53415000,23100
8,1187,53415000,53415000,5575,9291,53460000,23121
8,1188,53460000,53460000,5575,9291,53505000,23140
8,1189,53505000,53505000,5575,9291,53550000,23161
8,119,5355000,5355000,5575,9291,5400000,2334
8,1190,53550000,53550000,5575,9291,53595000,23177
8,1191,53595000,53595000,5575,9291,53640000,23199
8,1192,53640000,53640000,5575,9291,53685000,23217
8,1193,53685000,53685000,5575,9291,53730000,23239
8,1194,53730000,53730000,5575,9291,53775000,23257
8,1195,53775000,53775000,5575,9291,53820000,23276
8,1196,53820000,53820000,5575,9291,53865000,23295
8,1197,53865000,53865000,5575,9291,53910000,23316
8,1198,53910000,53910000,5575,9291,53955000,23334
8,1199,53955000,53955000,5575,9291,54000000,23356
8,12,540000,540000,5575,9291,585000,248
8,120,5400000,5400000,5575,9291,5445000,2350
8,1200,54000000,54000000,5575,9291,54045000,23372
8,1201,54045000,54045000,5575,9291,54090000,23393
8,1202,54090000,54090000,5575,9291,54135000,23411
8,1203,54135000,54135000,5575,9291,54180000,23434
8,1204,54180000,54180000,5575,9291,54225000,23452
8,1205,54225000,54225000,5575,9291,54270000,23470
8,1206,54270000,54270000,5575,9291,54315000,23488
8,1207,54315000,54315000,5575,9291,54360000,23511
8,1208,54360000,54360000,5575,9291,54405000,23530
8,1209,54405000,54405000,5575,9291,54450000,23550
8,121,5445000,5445000,5575,9291,5490000,2370
8,1210,54450000,54450000,5575,9291,54495000,23567
8,1211,54495000,54495000,5575,9291,54540000,23588
8,1212,54540000,54540000,5575,9291,54585000,23607
8,1213,54585000,54585000,5575,9291,54630000,23627
8,1214,54630000,54630000,5575,9291,54675000,23647
8,1215,54675000,54675000,5575,9291,54720000,23665
8,1216,54720000,54720000,5575,9291,54765000,23684
8,1217,54765000,54765000,5575,9291,54810000,23705
8,1218,54810000,54810000,5575,9291,54855000,23724
8,1219,54855000,54855000,5575,9291,54900000,23745
8,122,5490000,5490000,5575,9291,5535000,2390
8,1220,54900000,54900000,5575,9291,54945000,23761
8,1221,54945000,54945000,5575,9291,54990000,23782
8,1222,54990000,54990000,5575,9291,55035000,23801
8,1223,55035000,55035000,5575,9291,55080000,23822
8,1224,55080000,55080000,5575,9291,55125000,23842
8,1225,55125000,55125000,5575,9291,55170000,23860
8,1226,55170000,55170000,5575,9291,55215000,23878
8,1227,55215000,55215000,5575,9291,55260000,23900
8,1228,55260000,55260000,5575,9291,55305000,23919
8,1229,55305000,55305000,5575,9291,55350000,23940
8,123,5535000,5535000,5575,9291,5580000,2411
8,1230,55350000,55350000,5575,9291,55395000,23955
8,1231,55395000,55395000,5575,9291,55440000,23978
8,1232,55440000,55440000,5575,9291,55485000,23996
8,1233,55485000,55485000,5575,9291,55530000,24017
8,1234,55530000,55530000,5575,9291,55575000,24035
8,1235,55575000,55575000,5575,9291,55620000,24055
8,1236,55620000,55620000,5575,9291,55665000,24073
8,1237,55665000,55665000,5575,9291,55710000,24094
8,1238,55710000,55710000,5575,9291,55755000,24113
8,1239,55755000,55755000,5575,9291,55800000,24135
8,124,5580000,5580000,5575,9291,5625000,2430
8,1240,55800000,55800000,5575,9291,55845000,24150
8,1241,55845000,55845000,5575,9291,55890000,24171
8,1242,55890000,55890000,5575,9291,55935000,24191
8,1243,55935000,55935000,5575,9291,55980000,24212
8,1244,55980000,55980000,5575,9291,56025000,24231
8,1245,56025000,56025000,5575,9291,56070000,24249
8,1246,56070000,56070000,5575,9291,56115000,24268
8,1247,56115000,56115000,5575,9291,56160000,24289
8,1248,56160000,56160000,5575,9291,56205000,24308
8,1249,56205000,56205000,5575,9291,56250000,24329
8,125,5625000,5625000,5575,9291,5670000,2448
8,1250,56250000,56250000,5575,9291,56295000,24345
8,1251,56295000,56295000,5575,9291,56340000,24366
8,1252,56340000,56340000,5575,9291,56385000,24386
8,1253,56385000,56385000,5575,9291,56430000,24406
8,1254,56430000,56430000,5575,9291,56475000,24425
8,1255,56475000,56475000,5575,9291,56520000,24443
8,1256,56520000,56520000,5575,9291,56565000,24463
8,1257,56565000,56565000,5575,9291,56610000,24483
8,1258,56610000,56610000,5575,9291,56655000,24502
8,1259,56655000,56655000,5575,9291,56700000,24525
8,126,5670000,5670000,5575,9291,5715000,2467
8,1260,56700000,56700000,5575,9291,56745000,24540
8,1261,56745000,56745000,5575,9291,56790000,24561
8,1262,56790000,56790000,5575,9291,56835000,24579
8,1263,56835000,56835000,5575,9291,56880000,24602
8,1264,56880000,56880000,5575,9291,56925000,24620
8,1265,56925000,56925000,5575,9291,56970000,24638
8,1266,56970000,56970000,5575,9291,57015000,24657
8,1267,57015000,57015000,5575,9291,57060000,24679
8,1268,57060000,57060000,5575,9291,57105000,24697
8,1269,57105000,57105000,5575,9291,57150000,24718
8,127,5715000,5715000,5575,9291,5760000,2488
8,1270,57150000,57150000,5575,9291,57195000,24734
8,1271,57195000,57195000,5575,9291,57240000,24756
8,1272,57240000,57240000,5575,9291,57285000,24774
8,1273,57285000,57285000,5575,9291,57330000,24796
8,1274,57330000,57330000,5575,9291,57375000,24814
8,1275,57375000,57375000,5575,9291,57420000,24833
8,1276,57420000,57420000,5575,9291,57465000,24852
8,1277,57465000,57465000,5575,9291,57510000,24873
8,1278,57510000,57510000,5575,9291,57555000,24892
8,1279,57555000,57555000,5575,9291,57600000,24913
8,128,5760000,5760000,5575,9291,5805000,2507
8,1280,57600000,57600000,5575,9291,57645000,24930
8,1281,57645000,57645000,5575,9291,57690000,24950
8,1282,57690000,57690000,5575,9291,57735000,24969
8,1283,57735000,57735000,5575,9291,57780000,24990
8,1284,57780000,57780000,5575,9291,57825000,25010
8,1285,57825000,57825000,5575,9291,57870000,25027
8,1286,57870000,57870000,5575,9291,57915000,25046
8,1287,57915000,57915000,5575,9291,57960000,25068
8,1288,57960000,57960000,5575,9291,58005000,25087
8,1289,58005000,58005000,5575,9291,58050000,25107
8,129,5805000,5805000,5575,9291,5850000,2528
8,1290,58050000,58050000,5575,9291,58095000,25123
8,1291,58095000,58095000,5575,9291,58140000,25145
8,1292,58140000,58140000,5575,9291,58185000,25164
8,1293,58185000,58185000,5575,9291,58230000,25185
8,1294,58230000,58230000,5575,9291,58275000,25204
8,1295,58275000,58275000,5575,9291,58320000,25223
8,1296,58320000,58320000,5575,9291,58365000,25241
8,1297,58365000,58365000,5575,9291,58410000,25262
8,1298,58410000,58410000,5575,9291,58455000,25281
8,1299,58455000,58455000,5575,9291,58500000,25303
8,13,585000,585000,5575,9291,630000,270
8,130,5850000,5850000,5575,9291,5895000,2544
8,1300,58500000,58500000,5575,9291,58545000,25318
8,1301,58545000,58545000,5575,9291,58590000,25340
8,1302,58590000,58590000,5575,9291,58635000,25358
8,1303,58635000,58635000,5575,9291,58680000,25380
8,1304,58680000,58680000,5575,9291,58725000,25398
8,1305,58725000,58725000,5575,9291,58770000,25417
8,1306,58770000,58770000,5575,9291,58815000,25435
8,1307,58815000,58815000,5575,9291,58860000,25457
8,1308,58860000,58860000,5575,9291,58905000,25476
8,1309,58905000,58905000,5575,9291,58950000,25497
8,131,5895000,5895000,5575,9291,5940000,2565
8,1310,58950000,58950000,5575,9291,58995000,25513
8,1311,58995000,58995000,5575,9291,59040000,25534
8,1312,59040000,59040000,5575,9291,59085000,25554
8,1313,59085000,59085000,5575,9291,59130000,25574
8,1314,59130000,59130000,5575,9291,59175000,25593
8,1315,59175000,59175000,5575,9291,59220000,25612
8,1316,59220000,59220000,5575,9291,59265000,25631
8,1317,59265000,59265000,5575,9291,59310000,25651
8,1318,59310000,59310000,5575,9291,59355000,25670
8,1319,59355000,59355000,5575,9291,59400000,25692
8,132,5940000,5940000,5575,9291,5985000,2585
8,1320,59400000,59400000,5575,9291,59445000,25708
8,1321,59445000,59445000,5575,9291,59490000,25728
8,1322,59490000,59490000,5575,9291,59535000,25748
8,1323,59535000,59535000,5575,9291,59580000,25769
8,1324,59580000,59580000,5575,9291,59625000,25788
8,1325,59625000,59625000,5575,9291,59670000,25805
8,1326,59670000,59670000,5575,9291,59715000,25825
8,1327,59715000,59715000,5575,9291,59760000,25847
8,1328,59760000,59760000,5575,9291,59805000,25865
8,1329,59805000,59805000,5575,9291,59850000,25887
8,133,5985000,5985000,5575,9291,6030000,2605
8,1330,59850000,59850000,5575,9291,59895000,25902
8,1331,59895000,59895000,5575,9291,59940000,25924
8,1332,59940000,59940000,5575,9291,59985000,25942
8,1333,59985000,59985000,5575,9291,60030000,25964
8,1334,60030000,60030000,5575,9291,60075000,25982
8,1335,60075000,60075000,5575,9291,60120000,26001
8,1336,60120000,60120000,5575,9291,60165000,26020
8,1337,60165000,60165000,5575,9291,60210000,26041
8,1338,60210000,60210000,5575,9291,60255000,26059
8,1339,60255000,60255000,5575,9291,60300000,26081
8,134,6030000,6030000,5575,9291,6075000,2624
8,1340,60300000,60300000,5575,9291,60345000,26097
8,1341,60345000,60345000,5575,9291,60390000,26118
8,1342,60390000,60390000,5575,9291,60435000,26136
8,1343,60435000,60435000,5575,9291,60480000,26159
8,1344,60480000,60480000,5575,9291,60525000,26178
8,1345,60525000,60525000,5575,9291,60570000,26195
8,1346,60570000,60570000,5575,9291,60615000,26214
8,1347,60615000,60615000,5575,9291,60660000,26236
8,1348,60660000,60660000,5575,9291,60705000,26255
8,1349,60705000,60705000,5575,9291,60750000,26275
8,135,6075000,6075000,5575,9291,6120000,2642
8,1350,60750000,60750000,5575,9291,60795000,26292
8,1351,60795000,60795000,5575,9291,60840000,26313
8,1352,60840000,60840000,5575,9291,60885000,26332
8,1353,60885000,60885000,5575,9291,60930000,26352
8,1354,60930000,60930000,5575,9291,60975000,26372
8,1355,60975000,60975000,5575,9291,61020000,26390
8,1356,61020000,61020000,5575,9291,61065000,26409
8,1357,61065000,61065000,5575,9291,61110000,26430
8,1358,61110000,61110000,5575,9291,61155000,26449
8,1359,61155000,61155000,5575,9291,61200000,26470
8,136,6120000,6120000,5575,9291,6165000,2662
8,1360,61200000,61200000,5575,9291,61245000,26486
8,1361,61245000,61245000,5575,9291,61290000,26508
8,1362,61290000,61290000,5575,9291,61335000,26526
8,1363,61335000,61335000,5575,9291,61380000,26548
8,1364,61380000,61380000,5575,9291,61425000,26567
8,1365,61425000,61425000,5575,9291,61470000,26585
8,1366,61470000,61470000,5575,9291,61515000,26603
8,1367,61515000,61515000,5575,9291,61560000,26625
8,1368,61560000,61560000,5575,9291,61605000,26644
8,1369,61605000,61605000,5575,9291,61650000,26665
8,137,6165000,6165000,5575,9291,6210000,2683
8,1370,61650000,61650000,5575,9291,61695000,26680
8,1371,61695000,61695000,5575,9291,61740000,26703
8,1372,61740000,61740000,5575,9291,61785000,26721
8,1373,61785000,61785000,5575,9291,61830000,26742
8,1374,61830000,61830000,5575,9291,61875000,26760
8,1375,61875000,61875000,5575,9291,61920000,26780
8,1376,61920000,61920000,5575,9291,61965000,26798
8,1377,61965000,61965000,5575,9291,62010000,26819
8,1378,62010000,62010000,5575,9291,62055000,26839
8,1379,62055000,62055000,5575,9291,62100000,26860
8,138,6210000,6210000,5575,9291,6255000,2701
8,1380,62100000,62100000,5575,9291,62145000,26876
8,1381,62145000,62145000,5575,9291,62190000,26896
8,1382,62190000,62190000,5575,9291,62235000,26916
8,1383,62235000,62235000,5575,9291,62280000,26937
8,1384,62280000,62280000,5575,9291,62325000,26956
8,1385,62325000,62325000,5575,9291,62370000,26974
8,1386,62370000,62370000,5575,9291,62415000,26993
8,1387,62415000,62415000,5575,9291,62460000,27014
8,1388,62460000,62460000,5575,9291,62505000,27033
8,1389,62505000,62505000,5575,9291,62550000,27054
8,139,6255000,6255000,5575,9291,6300000,2724
8,1390,62550000,62550000,5575,9291,62595000,27070
8,1391,62595000,62595000,5575,9291,62640000,27091
8,1392,62640000,62640000,5575,9291,62685000,27111
8,1393,62685000,62685000,5575,9291,62730000,27131
8,1394,62730000,62730000,5575,9291,62775000,27150
8,1395,62775000,62775000,5575,9291,62820000,27169
8,1396,62820000,62820000,5575,9291,62865000,27188
8,1397,62865000,62865000,5575,9291,62910000,27209
8,1398,62910000,62910000,5575,9291,62955000,27227
8,1399,62955000,62955000,5575,9291,63000000,27250
8,14,630000,630000,5575,9291,675000,288
8,140,6300000,6300000,5575,9291,6345000,2739
8,1400,63000000,63000000,5575,9291,63045000,27265
8,1401,63045000,63045000,5575,9291,63090000,27286
8,1402,63090000,63090000,5575,9291,63135000,27304
8,1403,63135000,63135000,5575,9291,63180000,27327
8,1404,63180000,63180000,5575,9291,63225000,27345
8,1405,63225000,63225000,5575,9291,63270000,27363
8,1406,63270000,63270000,5575,9291,63315000,27382
8,1407,63315000,63315000,5575,9291,63360000,27404
8,1408,63360000,63360000,5575,9291,63405000,27422
8,1409,63405000,63405000,5575,9291,63450000,27443
8,141,6345000,6345000,5575,9291,6390000,2760
8,1410,63450000,63450000,5575,9291,63495000,27459
8,1411,63495000,63495000,5575,9291,63540000,27481
8,1412,63540000,63540000,5575,9291,63585000,27500
8,1413,63585000,63585000,5575,9291,63630000,27521
8,1414,63630000,63630000,5575,9291,63675000,27540
8,1415,63675000,63675000,5575,9291,63720000,27558
8,1416,63720000,63720000,5575,9291,63765000,27577
8,1417,63765000,63765000,5575,9291,63810000,27598
8,1418,63810000,63810000,5575,9291,63855000,27617
8,1419,63855000,63855000,5575,9291,63900000,27638
8,142,6390000,6390000,5575,9291,6435000,2778
8,1420,63900000,63900000,5575,9291,63945000,27655
8,1421,63945000,63945000,5575,9291,63990000,27675
8,1422,63990000,63990000,5575,9291,64035000,27694
8,1423,64035000,64035000,5575,9291,64080000,27715
8,1424,64080000,64080000,5575,9291,64125000,27735
8,1425,64125000,64125000,5575,9291,64170000,27752
8,1426,64170000,64170000,5575,9291,64215000,27771
8,1427,64215000,64215000,5575,9291,64260000,27793
8,1428,64260000,64260000,5575,9291,64305000,27812
8,1429,64305000,64305000,5575,9291,64350000,27833
8,143,6435000,6435000,5575,9291,6480000,2801
8,1430,64350000,64350000,5575,9291,64395000,27848
8,1431,64395000,64395000,5575,9291,64440000,27871
8,1432,64440000,64440000,5575,9291,64485000,27889
8,1433,64485000,64485000,5575,9291,64530000,27910
8,1434,64530000,64530000,5575,9291,64575000,27929
8,1435,64575000,64575000,5575,9291,64620000,27948
8,1436,64620000,64620000,5575,9291,64665000,27966
8,1437,64665000,64665000,5575,9291,64710000,27987
8,1438,64710000,64710000,5575,9291,64755000,28006
8,1439,64755000,64755000,5575,9291,64800000,28028
8,144,6480000,6480000,5575,9291,6525000,2819
8,1440,64800000,64800000,5575,9291,64845000,28043
8,1441,64845000,64845000,5575,9291,64890000,28065
8,1442,64890000,64890000,5575,9291,64935000,28083
8,1443,64935000,64935000,5575,9291,64980000,28105
8,1444,64980000,64980000,5575,9291,65025000,28123
8,1445,65025000,65025000,5575,9291,65070000,28142
8,1446,65070000,65070000,5575,9291,65115000,28161
8,1447,65115000,65115000,5575,9291,65160000,28182
8,1448,65160000,65160000,5575,9291,65205000,28202
8,1449,65205000,65205000,5575,9291,65250000,28222
8,145,6525000,6525000,5575,9291,6570000,2837
8,1450,65250000,65250000,5575,9291,65295000,28238
8,1451,65295000,65295000,5575,9291,65340000,28259
8,1452,65340000,65340000,5575,9291,65385000,28279
8,1453,65385000,65385000,5575,9291,65430000,28299
8,1454,65430000,65430000,5575,9291,65475000,28318
8,1455,65475000,65475000,5575,9291,65520000,28337
8,1456,65520000,65520000,5575,9291,65565000,28356
8,1457,65565000,65565000,5575,9291,65610000,28376
8,1458,65610000,65610000,5575,9291,65655000,28395
8,1459,65655000,65655000,5575,9291,65700000,28417
8,146,6570000,6570000,5575,9291,6615000,2856
8,1460,65700000,65700000,5575,9291,65745000,28433
8,1461,65745000,65745000,5575,9291,65790000,28453
8,1462,65790000,65790000,5575,9291,65835000,28473
8,1463,65835000,65835000,5575,9291,65880000,28495
8,1464,65880000,65880000,5575,9291,65925000,28513
8,1465,65925000,65925000,5575,9291,65970000,28531
8,1466,65970000,65970000,5575,9291,66015000,28550
8,1467,66015000,66015000,5575,9291,66060000,28572
8,1468,66060000,66060000,5575,9291,66105000,28590
8,1469,66105000,66105000,5575,9291,66150000,28612
8,147,6615000,6615000,5575,9291,6660000,2878
8,1470,66150000,66150000,5575,9291,66195000,28627
8,1471,66195000,66195000,5575,9291,66240000,28649
8,1472,66240000,66240000,5575,9291,66285000,28667
8,1473,66285000,66285000,5575,9291,66330000,28689
8,1474,66330000,66330000,5575,9291,66375000,28707
8,1475,66375000,66375000,5575,9291,66420000,28726
8,1476,66420000,66420000,5575,9291,66465000,28745
8,1477,66465000,66465000,5575,9291,66510000,28766
8,1478,66510000,66510000,5575,9291,66555000,28784
8,1479,66555000,66555000,5575,9291,66600000,28806
8,148,6660000,6660000,5575,9291,6705000,2896
8,1480,66600000,66600000,5575,9291,66645000,28823
8,1481,66645000,66645000,5575,9291,66690000,28843
8,1482,66690000,66690000,5575,9291,66735000,28862
8,1483,66735000,66735000,5575,9291,66780000,28884
8,1484,66780000,66780000,5575,9291,66825000,28903
8,1485,66825000,66825000,5575,9291,66870000,28920
8,1486,66870000,66870000,5575,9291,66915000,28939
8,1487,66915000,66915000,5575,9291,66960000,28961
8,1488,66960000,66960000,5575,9291,67005000,28980
8,1489,67005000,67005000,5575,9291,67050000,29000
8,149,6705000,6705000,5575,9291,6750000,2917
8,1490,67050000,67050000,5575,9291,67095000,29017
8,1491,67095000,67095000,5575,9291,67140000,29038
8,1492,67140000,67140000,5575,9291,67185000,29057
8,1493,67185000,67185000,5575,9291,67230000,29077
8,1494,67230000,67230000,5575,9291,67275000,29097
8,1495,67275000,67275000,5575,9291,67320000,29115
8,1496,67320000,67320000,5575,9291,67365000,29134
8,1497,67365000,67365000,5575,9291,67410000,29156
8,1498,67410000,67410000,5575,9291,67455000,29174
8,1499,67455000,67455000,5575,9291,67500000,29196
8,15,675000,675000,5575,9291,720000,307
8,150,6750000,6750000,5575,9291,6795000,2933
8,1500,67500000,67500000,5575,9291,67545000,29211
8,1501,67545000,67545000,5575,9291,67590000,29233
8,1502,67590000,67590000,5575,9291,67635000,29251
8,1503,67635000,67635000,5575,9291,67680000,29273
8,1504,67680000,67680000,5575,9291,67725000,29292
8,1505,67725000,67725000,5575,9291,67770000,29310
8,1506,67770000,67770000,5575,9291,67815000,29328
8,1507,67815000,67815000,5575,9291,67860000,29350
8,1508,67860000,67860000,5575,9291,67905000,29369
8,1509,67905000,67905000,5575,9291,67950000,29390
8,151,6795000,6795000,5575,9291,6840000,2955
8,1510,67950000,67950000,5575,9291,67995000,29405
8,1511,67995000,67995000,5575,9291,68040000,29428
8,1512,68040000,68040000,5575,9291,68085000,29446
8,1513,68085000,68085000,5575,9291,68130000,29467
8,1514,68130000,68130000,5575,9291,68175000,29486
8,1515,68175000,68175000,5575,9291,68220000,29505
8,1516,68220000,68220000,5575,9291,68265000,29524
8,1517,68265000,68265000,5575,9291,68310000,29544
8,1518,68310000,68310000,5575,9291,68355000,29564
8,1519,68355000,68355000,5575,9291,68400000,29585
8,152,6840000,6840000,5575,9291,6885000,2973
8,1520,68400000,68400000,5575,9291,68445000,29601
8,1521,68445000,68445000,5575,9291,68490000,29621
8,1522,68490000,68490000,5575,9291,68535000,29641
8,1523,68535000,68535000,5575,9291,68580000,29662
8,1524,68580000,68580000,5575,9291,68625000,29681
8,1525,68625000,68625000,5575,9291,68670000,29699
8,1526,68670000,68670000,5575,9291,68715000,29718
8,1527,68715000,68715000,5575,9291,68760000,29739
8,1528,68760000,68760000,5575,9291,68805000,29758
8,1529,68805000,68805000,5575,9291,68850000,29779
8,153,6885000,6885000,5575,9291,6930000,2995
8,1530,68850000,68850000,5575,9291,68895000,29795
8,1531,68895000,68895000,5575,9291,68940000,29817
8,1532,68940000,68940000,5575,9291,68985000,29836
8,1533,68985000,68985000,5575,9291,69030000,29857
8,1534,69030000,69030000,5575,9291,69075000,29875
8,1535,69075000,69075000,5575,9291,69120000,29894
8,1536,69120000,69120000,5575,9291,69165000,29913
8,1537,69165000,69165000,5575,9291,69210000,29934
8,1538,69210000,69210000,5575,9291,69255000,29952
8,1539,69255000,69255000,5575,9291,69300000,29975
8,154,6930000,6930000,5575,9291,6975000,3014
8,1540,69300000,69300000,5575,9291,69345000,29990
8,1541,69345000,69345000,5575,9291,69390000,30011
8,1542,69390000,69390000,5575,9291,69435000,30029
8,1543,69435000,69435000,5575,9291,69480000,30052
8,1544,69480000,69480000,5575,9291,69525000,30070
8,1545,69525000,69525000,5575,9291,69570000,30088
8,1546,69570000,69570000,5575,9291,69615000,30107
8,1547,69615000,69615000,5575,9291,69660000,30129
8,1548,69660000,69660000,5575,9291,69705000,30148
8,1549,69705000,69705000,5575,9291,69750000,30168
8,155,6975000,6975000,5575,9291,7020000,3032
8,1550,69750000,69750000,5575,9291,69795000,30185
8,1551,69795000,69795000,5575,9291,69840000,30206
8,1552,69840000,69840000,5575,9291,69885000,30225
8,1553,69885000,69885000,5575,9291,69930000,30246
8,1554,69930000,69930000,5575,9291,69975000,30265
8,1555,69975000,69975000,5575,9291,70020000,30283
8,1556,70020000,70020000,5575,9291,70065000,30302
8,1557,70065000,70065000,5575,9291,70110000,30323
8,1558,70110000,70110000,5575,9291,70155000,30342
8,1559,70155000,70155000,5575,9291,70200000,30363
8,156,7020000,7020000,5575,9291,7065000,3051
8,1560,70200000,70200000,5575,9291,70245000,30380
8,1561,70245000,70245000,5575,9291,70290000,30400
8,1562,70290000,70290000,5575,9291,70335000,30419
8,1563,70335000,70335000,5575,9291,70380000,30440
8,1564,70380000,70380000,5575,9291,70425000,30460
8,1565,70425000,70425000,5575,9291,70470000,30478
8,1566,70470000,70470000,5575,9291,70515000,30496
8,1567,70515000,70515000,5575,9291,70560000,30519
8,1568,70560000,70560000,5575,9291,70605000,30537
8,1569,70605000,70605000,5575,9291,70650000,30558
8,157,7065000,7065000,5575,9291,7110000,3072
8,1570,70650000,70650000,5575,9291,70695000,30573
8,1571,70695000,70695000,5575,9291,70740000,30596
8,1572,70740000,70740000,5575,9291,70785000,30614
8,1573,70785000,70785000,5575,9291,70830000,30635
8,1574,70830000,70830000,5575,9291,70875000,30654
8,1575,70875000,70875000,5575,9291,70920000,30673
8,1576,70920000,70920000,5575,9291,70965000,30691
8,1577,70965000,70965000,5575,9291,71010000,30712
8,1578,71010000,71010000,5575,9291,71055000,30731
8,1579,71055000,71055000,5575,9291,71100000,30753
8,158,7110000,7110000,5575,9291,7155000,3091
8,1580,71100000,71100000,5575,9291,71145000,30768
8,1581,71145000,71145000,5575,9291,71190000,30790
8,1582,71190000,71190000,5575,9291,71235000,30809
8,1583,71235000,71235000,5575,9291,71280000,30830
8,1584,71280000,71280000,5575,9291,71325000,30849
8,1585,71325000,71325000,5575,9291,71370000,30867
8,1586,71370000,71370000,5575,9291,71415000,30886
8,1587,71415000,71415000,5575,9291,71460000,30907
8,1588,71460000,71460000,5575,9291,71505000,30927
8,1589,71505000,71505000,5575,9291,71550000,30947
8,159,7155000,7155000,5575,9291,7200000,3112
8,1590,71550000,71550000,5575,9291,71595000,30963
8,1591,71595000,71595000,5575,9291,71640000,30984
8,1592,71640000,71640000,5575,9291,71685000,31004
8,1593,71685000,71685000,5575,9291,71730000,31024
8,1594,71730000,71730000,5575,9291,71775000,31043
8,1595,71775000,71775000,5575,9291,71820000,31062
8,1596,71820000,71820000,5575,9291,71865000,31081
8,1597,71865000,71865000,5575,9291,71910000,31101
8,1598,71910000,71910000,5575,9291,71955000,31120
8,1599,71955000,71955000,5575,9291,72000000,31143
8,16,720000,720000,5575,9291,765000,325
8,160,7200000,7200000,5575,9291,7245000,3129
8,1600,72000000,72000000,5575,9291,72045000,31158
8,1601,72045000,72045000,5575,9291,72090000,31179
8,1602,72090000,72090000,5575,9291,72135000,31198
8,1603,72135000,72135000,5575,9291,72180000,31220
8,1604,72180000,72180000,5575,9291,72225000,31238
8,1605,72225000,72225000,5575,9291,72270000,31256
8,1606,72270000,72270000,5575,9291,72315000,31275
8,1607,72315000,72315000,5575,9291,72360000,31297
8,1608,72360000,72360000,5575,9291,72405000,31315
8,1609,72405000,72405000,5575,9291,72450000,31337
8,161,7245000,7245000,5575,9291,7290000,3149
8,1610,72450000,72450000,5575,9291,72495000,31352
8,1611,72495000,72495000,5575,9291,72540000,31374
8,1612,72540000,72540000,5575,9291,72585000,31392
8,1613,72585000,72585000,5575,9291,72630000,31414
8,1614,72630000,72630000,5575,9291,72675000,31432
8,1615,72675000,72675000,5575,9291,72720000,31451
8,1616,72720000,72720000,5575,9291,72765000,31471
8,1617,72765000,72765000,5575,9291,72810000,31491
8,1618,72810000,72810000,5575,9291,72855000,31510
8,1619,72855000,72855000,5575,9291,72900000,31531
8,162,7290000,7290000,5575,9291,7335000,3168
8,1620,72900000,72900000,5575,9291,72945000,31548
8,1621,72945000,72945000,5575,9291,72990000,31568
8,1622,72990000,72990000,5575,9291,73035000,31587
8,1623,73035000,73035000,5575,9291,73080000,31609
8,1624,73080000,73080000,5575,9291,73125000,31628
8,1625,73125000,73125000,5575,9291,73170000,31645
8,1626,73170000,73170000,5575,9291,73215000,31664
8,1627,73215000,73215000,5575,9291,73260000,31686
8,1628,73260000,73260000,5575,9291,73305000,31705
8,1629,73305000,73305000,5575,9291,73350000,31725
8,163,7335000,7335000,5575,9291,7380000,3189
8,1630,73350000,73350000,5575,9291,73395000,31742
8,1631,73395000,73395000,5575,9291,73440000,31763
8,1632,73440000,73440000,5575,9291,73485000,31782
8,1633,73485000,73485000,5575,9291,73530000,31803
8,1634,73530000,73530000,5575,9291,73575000,31822
8,1635,73575000,73575000,5575,9291,73620000,31841
8,1636,73620000,73620000,5575,9291,73665000,31859
8,1637,73665000,73665000,5575,9291,73710000,31881
8,1638,73710000,73710000,5575,9291,73755000,31899
8,1639,73755000,73755000,5575,9291,73800000,31921
8,164,7380000,7380000,5575,9291,7425000,3209
8,1640,73800000,73800000,5575,9291,73845000,31936
8,1641,73845000,73845000,5575,9291,73890000,31958
8,1642,73890000,73890000,5575,9291,73935000,31976
8,1643,73935000,73935000,5575,9291,73980000,31998
8,1644,73980000,73980000,5575,9291,74025000,32017
8,1645,74025000,74025000,5575,9291,74070000,32035
8,1646,74070000,74070000,5575,9291,74115000,32053
8,1647,74115000,74115000,5575,9291,74160000,32075
8,1648,74160000,74160000,5575,9291,74205000,32094
8,1649,74205000,74205000,5575,9291,74250000,32115
8,165,7425000,7425000,5575,9291,7470000,3226
8,1650,74250000,74250000,5575,9291,74295000,32131
8,1651,74295000,74295000,5575,9291,74340000,32153
8,1652,74340000,74340000,5575,9291,74385000,32172
8,1653,74385000,74385000,5575,9291,74430000,32192
8,1654,74430000,74430000,5575,9291,74475000,32211
8,1655,74475000,74475000,5575,9291,74520000,32230
8,1656,74520000,74520000,5575,9291,74565000,32249
8,1657,74565000,74565000,5575,9291,74610000,32269
8,1658,74610000,74610000,5575,9291,74655000,32289
8,1659,74655000,74655000,5575,9291,74700000,32310
8,166,7470000,7470000,5575,9291,7515000,3245
8,1660,74700000,74700000,5575,9291,74745000,32326
8,1661,74745000,74745000,5575,9291,74790000,32346
8,1662,74790000,74790000,5575,9291,74835000,32366
8,1663,74835000,74835000,5575,9291,74880000,32387
8,1664,74880000,74880000,5575,9291,74925000,32406
8,1665,74925000,74925000,5575,9291,74970000,32424
8,1666,74970000,74970000,5575,9291,75015000,32443
8,1667,75015000,75015000,5575,9291,75060000,32465
8,1668,75060000,75060000,5575,9291,75105000,32483
8,1669,75105000,75105000,5575,9291,75150000,32505
8,167,7515000,7515000,5575,9291,7560000,3267
8,1670,75150000,75150000,5575,9291,75195000,32520
8,1671,75195000,75195000,5575,9291,75240000,32542
8,1672,75240000,75240000,5575,9291,75285000,32561
8,1673,75285000,75285000,5575,9291,75330000,32582
8,1674,75330000,75330000,5575,9291,75375000,32600
8,1675,75375000,75375000,5575,9291,75420000,32619
8,1676,75420000,75420000,5575,9291,75465000,32638
8,1677,75465000,75465000,5575,9291,75510000,32659
8,1678,75510000,75510000,5575,9291,75555000,32677
8,1679,75555000,75555000,5575,9291,75600000,32700
8,168,7560000,7560000,5575,9291,7605000,3286
8,1680,75600000,75600000,5575,9291,75645000,32715
8,1681,75645000,75645000,5575,9291,75690000,32736
8,1682,75690000,75690000,5575,9291,75735000,32754
8,1683,75735000,75735000,5575,9291,75780000,32777
8,1684,75780000,75780000,5575,9291,75825000,32796
8,1685,75825000,75825000,5575,9291,75870000,32813
8,1686,75870000,75870000,5575,9291,75915000,32833
8,1687,75915000,75915000,5575,9291,75960000,32854
8,1688,75960000,75960000,5575,9291,76005000,32873
8,1689,76005000,76005000,5575,9291,76050000,32893
8,169,7605000,7605000,5575,9291,7650000,3306
8,1690,76050000,76050000,5575,9291,76095000,32910
8,1691,76095000,76095000,5575,9291,76140000,32931
8,1692,76140000,76140000,5575,9291,76185000,32950
8,1693,76185000,76185000,5575,9291,76230000,32971
8,1694,76230000,76230000,5575,9291,76275000,32990
8,1695,76275000,76275000,5575,9291,76320000,33008
8,1696,76320000,76320000,5575,9291,76365000,33027
8,1697,76365000,76365000,5575,9291,76410000,33048
8,1698,76410000,76410000,5575,9291,76455000,33067
8,1699,76455000,76455000,5575,9291,76500000,33088
8,17,765000,765000,5575,9291,810000,347
8,170,7650000,7650000,5575,9291,7695000,3322
8,1700,76500000,76500000,5575,9291,76545000,33105
8,1701,76545000,76545000,5575,9291,76590000,33126
8,1702,76590000,76590000,5575,9291,76635000,33144
8,1703,76635000,76635000,5575,9291,76680000,33166
8,1704,76680000,76680000,5575,9291,76725000,33185
8,1705,76725000,76725000,5575,9291,76770000,33203
8,1706,76770000,76770000,5575,9291,76815000,33221
8,1707,76815000,76815000,5575,9291,76860000,33244
8,1708,76860000,76860000,5575,9291,76905000,33262
8,1709,76905000,76905000,5575,9291,76950000,33283
8,171,7695000,7695000,5575,9291,7740000,3345
8,1710,76950000,76950000,5575,9291,76995000,33298
8,1711,76995000,76995000,5575,9291,77040000,33321
8,1712,77040000,77040000,5575,9291,77085000,33339
8,1713,77085000,77085000,5575,9291,77130000,33360
8,1714,77130000,77130000,5575,9291,77175000,33379
8,1715,77175000,77175000,5575,9291,77220000,33398
8,1716,77220000,77220000,5575,9291,77265000,33416
8,1717,77265000,77265000,5575,9291,77310000,33437
8,1718,77310000,77310000,5575,9291,77355000,33457
8,1719,77355000,77355000,5575,9291,77400000,33478
8,172,7740000,7740000,5575,9291,7785000,3363
8,1720,77400000,77400000,5575,9291,77445000,33494
8,1721,77445000,77445000,5575,9291,77490000,33515
8,1722,77490000,77490000,5575,9291,77535000,33534
8,1723,77535000,77535000,5575,9291,77580000,33555
8,1724,77580000,77580000,5575,9291,77625000,33574
8,1725,77625000,77625000,5575,9291,77670000,33592
8,1726,77670000,77670000,5575,9291,77715000,33611
8,1727,77715000,77715000,5575,9291,77760000,33632
8,1728,77760000,77760000,5575,9291,77805000,33652
8,1729,77805000,77805000,5575,9291,77850000,33672
8,173,7785000,7785000,5575,9291,7830000,3384
8,1730,77850000,77850000,5575,9291,77895000,33688
8,1731,77895000,77895000,5575,9291,77940000,33709
8,1732,77940000,77940000,5575,9291,77985000,33729
8,1733,77985000,77985000,5575,9291,78030000,33749
8,1734,78030000,78030000,5575,9291,78075000,33768
8,1735,78075000,78075000,5575,9291,78120000,33788
8,1736,78120000,78120000,5575,9291,78165000,33806
8,1737,78165000,78165000,5575,9291,78210000,33827
8,1738,78210000,78210000,5575,9291,78255000,33845
8,1739,78255000,78255000,5575,9291,78300000,33868
8,174,7830000,7830000,5575,9291,7875000,3403
8,1740,78300000,78300000,5575,9291,78345000,33883
8,1741,78345000,78345000,5575,9291,78390000,33904
8,1742,78390000,78390000,5575,9291,78435000,33923
8,1743,78435000,78435000,5575,9291,78480000,33945
8,1744,78480000,78480000,5575,9291,78525000,33963
8,1745,78525000,78525000,5575,9291,78570000,33981
8,1746,78570000,78570000,5575,9291,78615000,34000
8,1747,78615000,78615000,5575,9291,78660000,34022
8,1748,78660000,78660000,5575,9291,78705000,34040
8,1749,78705000,78705000,5575,9291,78750000,34062
8,175,7875000,7875000,5575,9291,7920000,3422
8,1750,78750000,78750000,5575,9291,78795000,34077
8,1751,78795000,78795000,5575,9291,78840000,34099
8,1752,78840000,78840000,5575,9291,78885000,34118
8,1753,78885000,78885000,5575,9291,78930000,34139
8,1754,78930000,78930000,5575,9291,78975000,34158
8,1755,78975000,78975000,5575,9291,79020000,34176
8,1756,79020000,79020000,5575,9291,79065000,34196
8,1757,79065000,79065000,5575,9291,79110000,34216
8,1758,79110000,79110000,5575,9291,79155000,34235
8,1759,79155000,79155000,5575,9291,79200000,34256
8,176,7920000,7920000,5575,9291,7965000,3440
8,1760,79200000,79200000,5575,9291,79245000,34273
8,1761,79245000,79245000,5575,9291,79290000,34293
8,1762,79290000,79290000,5575,9291,79335000,34312
8,1763,79335000,79335000,5575,9291,79380000,34334
8,1764,79380000,79380000,5575,9291,79425000,34353
8,1765,79425000,79425000,5575,9291,79470000,34370
8,1766,79470000,79470000,5575,9291,79515000,34389
8,1767,79515000,79515000,5575,9291,79560000,34411
8,1768,79560000,79560000,5575,9291,79605000,34430
8,1769,79605000,79605000,5575,9291,79650000,34451
8,177,7965000,7965000,5575,9291,8010000,3461
8,1770,79650000,79650000,5575,9291,79695000,34467
8,1771,79695000,79695000,5575,9291,79740000,34489
8,1772,79740000,79740000,5575,9291,79785000,34507
8,1773,79785000,79785000,5575,9291,79830000,34528
8,1774,79830000,79830000,5575,9291,79875000,34547
8,1775,79875000,79875000,5575,9291,79920000,34566
8,1776,79920000,79920000,5575,9291,79965000,34584
8,1777,79965000,79965000,5575,9291,80010000,34606
8,1778,80010000,80010000,5575,9291,80055000,34624
8,1779,80055000,80055000,5575,9291,80100000,34646
8,178,8010000,8010000,5575,9291,8055000,3480
8,1780,80100000,80100000,5575,9291,80145000,34661
8,1781,80145000,80145000,5575,9291,80190000,34683
8,1782,80190000,80190000,5575,9291,80235000,34701
8,1783,80235000,80235000,5575,9291,80280000,34723
8,1784,80280000,80280000,5575,9291,80325000,34742
8,1785,80325000,80325000,5575,9291,80370000,34760
8,1786,80370000,80370000,5575,9291,80415000,34779
8,1787,80415000,80415000,5575,9291,80460000,34800
8,1788,80460000,80460000,5575,9291,80505000,34820
8,1789,80505000,80505000,5575,9291,80550000,34840
8,179,8055000,8055000,5575,9291,8100000,3502
8,1790,80550000,80550000,5575,9291,80595000,34856
8,1791,80595000,80595000,5575,9291,80640000,34878
8,1792,80640000,80640000,5575,9291,80685000,34897
8,1793,80685000,80685000,5575,9291,80730000,34917
8,1794,80730000,80730000,5575,9291,80775000,34936
8,1795,80775000,80775000,5575,9291,80820000,34955
8,1796,80820000,80820000,5575,9291,80865000,34974
8,1797,80865000,80865000,5575,9291,80910000,34994
8,1798,80910000,80910000,5575,9291,80955000,35014
8,1799,80955000,80955000,5575,9291,81000000,35035
8,18,810000,810000,5575,9291,855000,366
8,180,8100000,8100000,5575,9291,8145000,3517
8,1800,81000000,81000000,5575,9291,81045000,35051
8,1801,81045000,81045000,5575,9291,81090000,35071
8,1802,81090000,81090000,5575,9291,81135000,35091
8,1803,81135000,81135000,5575,9291,81180000,35113
8,1804,81180000,81180000,5575,9291,81225000,35131
8,1805,81225000,81225000,5575,9291,81270000,35150
8,1806,81270000,81270000,5575,9291,81315000,35168
8,1807,81315000,81315000,5575,9291,81360000,35190
8,1808,81360000,81360000,5575,9291,81405000,35208
8,1809,81405000,81405000,5575,9291,81450000,35230
8,181,8145000,8145000,5575,9291,8190000,3539
8,1810,81450000,81450000,5575,9291,81495000,35245
8,1811,81495000,81495000,5575,9291,81540000,35267
8,1812,81540000,81540000,5575,9291,81585000,35286
8,1813,81585000,81585000,5575,9291,81630000,35307
8,1814,81630000,81630000,5575,9291,81675000,35325
8,1815,81675000,81675000,5575,9291,81720000,35344
8,1816,81720000,81720000,5575,9291,81765000,35363
8,1817,81765000,81765000,5575,9291,81810000,35384
8,1818,81810000,81810000,5575,9291,81855000,35402
8,1819,81855000,81855000,5575,9291,81900000,35425
8,182,8190000,8190000,5575,9291,8235000,3557
8,1820,81900000,81900000,5575,9291,81945000,35441
8,1821,81945000,81945000,5575,9291,81990000,35461
8,1822,81990000,81990000,5575,9291,82035000,35480
8,1823,82035000,82035000,5575,9291,82080000,35502
8,1824,82080000,82080000,5575,9291,82125000,35521
8,1825,82125000,82125000,5575,9291,82170000,35538
8,1826,82170000,82170000,5575,9291,82215000,35558
8,1827,82215000,82215000,5575,9291,82260000,35579
8,1828,82260000,82260000,5575,9291,82305000,35598
8,1829,82305000,82305000,5575,9291,82350000,35618
8,183,8235000,8235000,5575,9291,8280000,3579
8,1830,82350000,82350000,5575,9291,82395000,35635
8,1831,82395000,82395000,5575,9291,82440000,35656
8,1832,82440000,82440000,5575,9291,82485000,35675
8,1833,82485000,82485000,5575,9291,82530000,35696
8,1834,82530000,82530000,5575,9291,82575000,35715
8,1835,82575000,82575000,5575,9291,82620000,35733
8,1836,82620000,82620000,5575,9291,82665000,35752
8,1837,82665000,82665000,5575,9291,82710000,35774
8,1838,82710000,82710000,5575,9291,82755000,35792
8,1839,82755000,82755000,5575,9291,82800000,35814
8,184,8280000,8280000,5575,9291,8325000,3597
8,1840,82800000,82800000,5575,9291,82845000,35830
8,1841,82845000,82845000,5575,9291,82890000,35851
8,1842,82890000,82890000,5575,9291,82935000,35869
8,1843,82935000,82935000,5575,9291,82980000,35891
8,1844,82980000,82980000,5575,9291,83025000,35910
8,1845,83025000,83025000,5575,9291,83070000,35928
8,1846,83070000,83070000,5575,9291,83115000,35946
8,1847,83115000,83115000,5575,9291,83160000,35969
8,1848,83160000,83160000,5575,9291,83205000,35987
8,1849,83205000,83205000,5575,9291,83250000,36008
8,185,8325000,8325000,5575,9291,8370000,3616
8,1850,83250000,83250000,5575,9291,83295000,36023
8,1851,83295000,83295000,5575,9291,83340000,36046
8,1852,83340000,83340000,5575,9291,83385000,36064
8,1853,83385000,83385000,5575,9291,83430000,36085
8,1854,83430000,83430000,5575,9291,83475000,36105
8,1855,83475000,83475000,5575,9291,83520000,36123
8,1856,83520000,83520000,5575,9291,83565000,36142
8,1857,83565000,83565000,5575,9291,83610000,36162
8,1858,83610000,83610000,5575,9291,83655000,36182
8,1859,83655000,83655000,5575,9291,83700000,36203
8,186,8370000,8370000,5575,9291,8415000,3634
8,1860,83700000,83700000,5575,9291,83745000,36219
8,1861,83745000,83745000,5575,9291,83790000,36240
8,1862,83790000,83790000,5575,9291,83835000,36259
8,1863,83835000,83835000,5575,9291,83880000,36280
8,1864,83880000,83880000,5575,9291,83925000,36299
8,1865,83925000,83925000,5575,9291,83970000,36317
8,1866,83970000,83970000,5575,9291,84015000,36336
8,1867,84015000,84015000,5575,9291,84060000,36357
8,1868,84060000,84060000,5575,9291,84105000,36377
8,1869,84105000,84105000,5575,9291,84150000,36397
8,187,8415000,8415000,5575,9291,8460000,3656
8,1870,84150000,84150000,5575,9291,84195000,36413
8,1871,84195000,84195000,5575,9291,84240000,36435
8,1872,84240000,84240000,5575,9291,84285000,36454
8,1873,84285000,84285000,5575,9291,84330000,36475
8,1874,84330000,84330000,5575,9291,84375000,36493
8,1875,84375000,84375000,5575,9291,84420000,36513
8,1876,84420000,84420000,5575,9291,84465000,36531
8,1877,84465000,84465000,5575,9291,84510000,36552
8,1878,84510000,84510000,5575,9291,84555000,36570
8,1879,84555000,84555000,5575,9291,84600000,36593
8,188,8460000,8460000,5575,9291,8505000,3676
8,1880,84600000,84600000,5575,9291,84645000,36608
8,1881,84645000,84645000,5575,9291,84690000,36629
8,1882,84690000,84690000,5575,9291,84735000,36648
8,1883,84735000,84735000,5575,9291,84780000,36670
8,1884,84780000,84780000,5575,9291,84825000,36688
8,1885,84825000,84825000,5575,9291,84870000,36706
8,1886,84870000,84870000,5575,9291,84915000,36725
8,1887,84915000,84915000,5575,9291,84960000,36747
8,1888,84960000,84960000,5575,9291,85005000,36766
8,1889,85005000,85005000,5575,9291,85050000,36787
8,189,8505000,8505000,5575,9291,8550000,3696
8,1890,85050000,85050000,5575,9291,85095000,36803
8,1891,85095000,85095000,5575,9291,85140000,36824
8,1892,85140000,85140000,5575,9291,85185000,36843
8,1893,85185000,85185000,5575,9291,85230000,36864
8,1894,85230000,85230000,5575,9291,85275000,36883
8,1895,85275000,85275000,5575,9291,85320000,36901
8,1896,85320000,85320000,5575,9291,85365000,36921
8,1897,85365000,85365000,5575,9291,85410000,36941
8,1898,85410000,85410000,5575,9291,85455000,36960
8,1899,85455000,85455000,5575,9291,85500000,36981
8,19,855000,855000,5575,9291,900000,387
8,190,8550000,8550000,5575,9291,8595000,3712
8,1900,85500000,85500000,5575,9291,85545000,36998
8,1901,85545000,85545000,5575,9291,85590000,37018
8,1902,85590000,85590000,5575,9291,85635000,37037
8,1903,85635000,85635000,5575,9291,85680000,37059
8,1904,85680000,85680000,5575,9291,85725000,37078
8,1905,85725000,85725000,5575,9291,85770000,37096
8,1906,85770000,85770000,5575,9291,85815000,37114
8,1907,85815000,85815000,5575,9291,85860000,37137
8,1908,85860000,85860000,5575,9291,85905000,37155
8,1909,85905000,85905000,5575,9291,85950000,37176
8,191,8595000,8595000,5575,9291,8640000,3733
8,1910,85950000,85950000,5575,9291,85995000,37192
8,1911,85995000,85995000,5575,9291,86040000,37214
8,1912,86040000,86040000,5575,9291,86085000,37232
8,1913,86085000,86085000,5575,9291,86130000,37253
8,1914,86130000,86130000,5575,9291,86175000,37272
8,1915,86175000,86175000,5575,9291,86220000,37291
8,1916,86220000,86220000,5575,9291,86265000,37309
8,1917,86265000,86265000,5575,9291,86310000,37331
8,1918,86310000,86310000,5575,9291,86355000,37349
8,1919,86355000,86355000,5575,9291,86400000,37371
8,192,8640000,8640000,5575,9291,8685000,3753
8,1920,86400000,86400000,5575,9291,86445000,37386
8,1921,86445000,86445000,5575,9291,86490000,37408
8,1922,86490000,86490000,5575,9291,86535000,37427
8,1923,86535000,86535000,5575,9291,86580000,37448
8,1924,86580000,86580000,5575,9291,86625000,37468
8,1925,86625000,86625000,5575,9291,86670000,37485
8,1926,86670000,86670000,5575,9291,86715000,37504
8,1927,86715000,86715000,5575,9291,86760000,37525
8,1928,86760000,86760000,5575,9291,86805000,37545
8,1929,86805000,86805000,5575,9291,86850000,37565
8,193,8685000,8685000,5575,9291,8730000,3773
8,1930,86850000,86850000,5575,9291,86895000,37581
8,1931,86895000,86895000,5575,9291,86940000,37603
8,1932,86940000,86940000,5575,9291,86985000,37622
8,1933,86985000,86985000,5575,9291,87030000,37642
8,1934,87030000,87030000,5575,9291,87075000,37661
8,1935,87075000,87075000,5575,9291,87120000,37680
8,1936,87120000,87120000,5575,9291,87165000,37699
8,1937,87165000,87165000,5575,9291,87210000,37719
8,1938,87210000,87210000,5575,9291,87255000,37739
8,1939,87255000,87255000,5575,9291,87300000,37761
8,194,8730000,8730000,5575,9291,8775000,3792
8,1940,87300000,87300000,5575,9291,87345000,37776
8,1941,87345000,87345000,5575,9291,87390000,37797
8,1942,87390000,87390000,5575,9291,87435000,37816
8,1943,87435000,87435000,5575,9291,87480000,37838
8,1944,87480000,87480000,5575,9291,87525000,37856
8,1945,87525000,87525000,5575,9291,87570000,37875
8,1946,87570000,87570000,5575,9291,87615000,37893
8,1947,87615000,87615000,5575,9291,87660000,37915
8,1948,87660000,87660000,5575,9291,87705000,37933
8,1949,87705000,87705000,5575,9291,87750000,37955
8,195,8775000,8775000,5575,9291,8820000,3811
8,1950,87750000,87750000,5575,9291,87795000,37970
8,1951,87795000,87795000,5575,9291,87840000,37992
8,1952,87840000,87840000,5575,9291,87885000,38011
8,1953,87885000,87885000,5575,9291,87930000,38032
8,1954,87930000,87930000,5575,9291,87975000,38050
8,1955,87975000,87975000,5575,9291,88020000,38069
8,1956,88020000,88020000,5575,9291,88065000,38089
8,1957,88065000,88065000,5575,9291,88110000,38109
8,1958,88110000,88110000,5575,9291,88155000,38128
8,1959,88155000,88155000,5575,9291,88200000,38150
8,196,8820000,8820000,5575,9291,8865000,3830
8,1960,88200000,88200000,5575,9291,88245000,38166
8,1961,88245000,88245000,5575,9291,88290000,38186
8,1962,88290000,88290000,5575,9291,88335000,38205
8,1963,88335000,88335000,5575,9291,88380000,38227
8,1964,88380000,88380000,5575,9291,88425000,38246
8,1965,88425000,88425000,5575,9291,88470000,38263
8,1966,88470000,88470000,5575,9291,88515000,38283
8,1967,88515000,88515000,5575,9291,88560000,38304
8,1968,88560000,88560000,5575,9291,88605000,38323
8,1969,88605000,88605000,5575,9291,88650000,38343
8,197,8865000,8865000,5575,9291,8910000,3850
8,1970,88650000,88650000,5575,9291,88695000,38360
8,1971,88695000,88695000,5575,9291,88740000,38381
8,1972,88740000,88740000,5575,9291,88785000,38400
8,1973,88785000,88785000,5575,9291,88830000,38422
8,1974,88830000,88830000,5575,9291,88875000,38440
8,1975,88875000,88875000,5575,9291,88920000,38459
8,1976,88920000,88920000,5575,9291,88965000,38477
8,1977,88965000,88965000,5575,9291,89010000,38499
8,1978,89010000,89010000,5575,9291,89055000,38517
8,1979,89055000,89055000,5575,9291,89100000,38539
8,198,8910000,8910000,5575,9291,8955000,3869
8,1980,89100000,89100000,5575,9291,89145000,38555
8,1981,89145000,89145000,5575,9291,89190000,38576
8,1982,89190000,89190000,5575,9291,89235000,38594
8,1983,89235000,89235000,5575,9291,89280000,38616
8,1984,89280000,89280000,5575,9291,89325000,38635
8,1985,89325000,89325000,5575,9291,89370000,38653
8,1986,89370000,89370000,5575,9291,89415000,38671
8,1987,89415000,89415000,5575,9291,89460000,38694
8,1988,89460000,89460000,5575,9291,89505000,38712
8,1989,89505000,89505000,5575,9291,89550000,38733
8,199,8955000,8955000,5575,9291,9000000,3891
8,1990,89550000,89550000,5575,9291,89595000,38749
8,1991,89595000,89595000,5575,9291,89640000,38771
8,1992,89640000,89640000,5575,9291,89685000,38790
8,1993,89685000,89685000,5575,9291,89730000,38810
8,1994,89730000,89730000,5575,9291,89775000,38830
8,1995,89775000,89775000,5575,9291,89820000,38848
8,1996,89820000,89820000,5575,9291,89865000,38867
8,1997,89865000,89865000,5575,9291,89910000,38887
8,1998,89910000,89910000,5575,9291,89955000,38907
8,1999,89955000,89955000,5575,9291,90000000,38928
8,2,90000,90000,5575,9291,135000,53
8,20,900000,900000,5575,9291,945000,404
8,200,9000000,9000000,5575,9291,9045000,3907
8,2000,90000000,90000000,5575,9291,90045000,38944
8,2001,90045000,90045000,5575,9291,90090000,38965
8,2002,90090000,90090000,5575,9291,90135000,38984
8,2003,90135000,90135000,5575,9291,90180000,39005
8,2004,90180000,90180000,5575,9291,90225000,39024
8,2005,90225000,90225000,5575,9291,90270000,39042
8,2006,90270000,90270000,5575,9291,90315000,39061
8,2007,90315000,90315000,5575,9291,90360000,39083
8,2008,90360000,90360000,5575,9291,90405000,39102
8,2009,90405000,90405000,5575,9291,90450000,39123
8,201,9045000,9045000,5575,9291,9090000,3927
8,2010,90450000,90450000,5575,9291,90495000,39138
8,2011,90495000,90495000,5575,9291,90540000,39160
8,2012,90540000,90540000,5575,9291,90585000,39179
8,2013,90585000,90585000,5575,9291,90630000,39200
8,2014,90630000,90630000,5575,9291,90675000,39218
8,2015,90675000,90675000,5575,9291,90720000,39238
8,2016,90720000,90720000,5575,9291,90765000,39256
8,2017,90765000,90765000,5575,9291,90810000,39277
8,2018,90810000,90810000,5575,9291,90855000,39295
8,2019,90855000,90855000,5575,9291,90900000,39318
8,202,9090000,9090000,5575,9291,9135000,3947
8,2020,90900000,90900000,5575,9291,90945000,39333
8,2021,90945000,90945000,5575,9291,90990000,39354
8,2022,90990000,90990000,5575,9291,91035000,39373
8,2023,91035000,91035000,5575,9291,91080000,39395
8,2024,91080000,91080000,5575,9291,91125000,39414
8,2025,91125000,91125000,5575,9291,91170000,39431
8,2026,91170000,91170000,5575,9291,91215000,39451
8,2027,91215000,91215000,5575,9291,91260000,39472
8,2028,91260000,91260000,5575,9291,91305000,39491
8,2029,91305000,91305000,5575,9291,91350000,39512
8,203,9135000,9135000,5575,9291,9180000,3968
8,2030,91350000,91350000,5575,9291,91395000,39528
8,2031,91395000,91395000,5575,9291,91440000,39549
8,2032,91440000,91440000,5575,9291,91485000,39568
8,2033,91485000,91485000,5575,9291,91530000,39589
8,2034,91530000,91530000,5575,9291,91575000,39608
8,2035,91575000,91575000,5575,9291,91620000,39626
8,2036,91620000,91620000,5575,9291,91665000,39646
8,2037,91665000,91665000,5575,9291,91710000,39666
8,2038,91710000,91710000,5575,9291,91755000,39685
8,2039,91755000,91755000,5575,9291,91800000,39706
8,204,9180000,9180000,5575,9291,9225000,3987
8,2040,91800000,91800000,5575,9291,91845000,39723
8,2041,91845000,91845000,5575,9291,91890000,39744
8,2042,91890000,91890000,5575,9291,91935000,39762
8,2043,91935000,91935000,5575,9291,91980000,39785
8,2044,91980000,91980000,5575,9291,92025000,39803
8,2045,92025000,92025000,5575,9291,92070000,39821
8,2046,92070000,92070000,5575,9291,92115000,39839
8,2047,92115000,92115000,5575,9291,92160000,39862
8,2048,92160000,92160000,5575,9291,92205000,39880
8,2049,92205000,92205000,5575,9291,92250000,39901
8,205,9225000,9225000,5575,9291,9270000,4005
8,2050,92250000,92250000,5575,9291,92295000,39917
8,2051,92295000,92295000,5575,9291,92340000,39939
8,2052,92340000,92340000,5575,9291,92385000,39957
8,2053,92385000,92385000,5575,9291,92430000,39978
8,2054,92430000,92430000,5575,9291,92475000,39997
8,2055,92475000,92475000,5575,9291,92520000,40016
8,2056,92520000,92520000,5575,9291,92565000,40034
8,2057,92565000,92565000,5575,9291,92610000,40056
8,2058,92610000,92610000,5575,9291,92655000,40075
8,2059,92655000,92655000,5575,9291,92700000,40096
8,206,9270000,9270000,5575,9291,9315000,4024
8,2060,92700000,92700000,5575,9291,92745000,40112
8,2061,92745000,92745000,5575,9291,92790000,40133
8,2062,92790000,92790000,5575,9291,92835000,40152
8,2063,92835000,92835000,5575,9291,92880000,40173
8,2064,92880000,92880000,5575,9291,92925000,40193
8,2065,92925000,92925000,5575,9291,92970000,40210
8,2066,92970000,92970000,5575,9291,93015000,40229
8,2067,93015000,93015000,5575,9291,93060000,40250
8,2068,93060000,93060000,5575,9291,93105000,40270
8,2069,93105000,93105000,5575,9291,93150000,40290
8,207,9315000,9315000,5575,9291,9360000,4046
8,2070,93150000,93150000,5575,9291,93195000,40306
8,2071,93195000,93195000,5575,9291,93240000,40328
8,2072,93240000,93240000,5575,9291,93285000,40347
8,2073,93285000,93285000,5575,9291,93330000,40367
8,2074,93330000,93330000,5575,9291,93375000,40386
8,2075,93375000,93375000,5575,9291,93420000,40406
8,2076,93420000,93420000,5575,9291,93465000,40424
8,2077,93465000,93465000,5575,9291,93510000,40445
8,2078,93510000,93510000,5575,9291,93555000,40464
8,2079,93555000,93555000,5575,9291,93600000,40486
8,208,9360000,9360000,5575,9291,9405000,4064
8,2080,93600000,93600000,5575,9291,93645000,40501
8,2081,93645000,93645000,5575,9291,93690000,40522
8,2082,93690000,93690000,5575,9291,93735000,40541
8,2083,93735000,93735000,5575,9291,93780000,40563
8,2084,93780000,93780000,5575,9291,93825000,40581
8,2085,93825000,93825000,5575,9291,93870000,40600
8,2086,93870000,93870000,5575,9291,93915000,40618
8,2087,93915000,93915000,5575,9291,93960000,40640
8,2088,93960000,93960000,5575,9291,94005000,40658
8,2089,94005000,94005000,5575,9291,94050000,40680
8,209,9405000,9405000,5575,9291,9450000,4086
8,2090,94050000,94050000,5575,9291,94095000,40695
8,2091,94095000,94095000,5575,9291,94140000,40717
8,2092,94140000,94140000,5575,9291,94185000,40737
8,2093,94185000,94185000,5575,9291,94230000,40757
8,2094,94230000,94230000,5575,9291,94275000,40776
8,2095,94275000,94275000,5575,9291,94320000,40794
8,2096,94320000,94320000,5575,9291,94365000,40814
8,2097,94365000,94365000,5575,9291,94410000,40834
8,2098,94410000,94410000,5575,9291,94455000,40853
8,2099,94455000,94455000,5575,9291,94500000,40875
8,21,945000,945000,5575,9291,990000,424
8,210,9450000,9450000,5575,9291,9495000,4101
8,2100,94500000,94500000,5575,9291,94545000,40891
8,2101,94545000,94545000,5575,9291,94590000,40911
8,2102,94590000,94590000,5575,9291,94635000,40930
8,2103,94635000,94635000,5575,9291,94680000,40952
8,2104,94680000,94680000,5575,9291,94725000,40971
8,2105,94725000,94725000,5575,9291,94770000,40988
8,2106,94770000,94770000,5575,9291,94815000,41008
8,2107,94815000,94815000,5575,9291,94860000,41029
8,2108,94860000,94860000,5575,9291,94905000,41048
8,2109,94905000,94905000,5575,9291,94950000,41069
8,211,9495000,9495000,5575,9291,9540000,4123
8,2110,94950000,94950000,5575,9291,94995000,41085
8,2111,94995000,94995000,5575,9291,95040000,41107
8,2112,95040000,95040000,5575,9291,95085000,41125
8,2113,95085000,95085000,5575,9291,95130000,41147
8,2114,95130000,95130000,5575,9291,95175000,41165
8,2115,95175000,95175000,5575,9291,95220000,41184
8,2116,95220000,95220000,5575,9291,95265000,41202
8,2117,95265000,95265000,5575,9291,95310000,41224
8,2118,95310000,95310000,5575,9291,95355000,41242
8,2119,95355000,95355000,5575,9291,95400000,41264
8,212,9540000,9540000,5575,9291,9585000,4141
8,2120,95400000,95400000,5575,9291,95445000,41280
8,2121,95445000,95445000,5575,9291,95490000,41301
8,2122,95490000,95490000,5575,9291,95535000,41319
8,2123,95535000,95535000,5575,9291,95580000,41341
8,2124,95580000,95580000,5575,9291,95625000,41360
8,2125,95625000,95625000,5575,9291,95670000,41378
8,2126,95670000,95670000,5575,9291,95715000,41397
8,2127,95715000,95715000,5575,9291,95760000,41419
8,2128,95760000,95760000,5575,9291,95805000,41438
8,2129,95805000,95805000,5575,9291,95850000,41458
8,213,9585000,9585000,5575,9291,9630000,4163
8,2130,95850000,95850000,5575,9291,95895000,41474
8,2131,95895000,95895000,5575,9291,95940000,41496
8,2132,95940000,95940000,5575,9291,95985000,41515
8,2133,95985000,95985000,5575,9291,96030000,41535
8,2134,96030000,96030000,5575,9291,96075000,41555
8,2135,96075000,96075000,5575,9291,96120000,41573
8,2136,96120000,96120000,5575,9291,96165000,41592
8,2137,96165000,96165000,5575,9291,96210000,41612
8,2138,96210000,96210000,5575,9291,96255000,41632
8,2139,96255000,96255000,5575,9291,96300000,41653
8,214,9630000,9630000,5575,9291,9675000,4181
8,2140,96300000,96300000,5575,9291,96345000,41669
8,2141,96345000,96345000,5575,9291,96390000,41690
8,2142,96390000,96390000,5575,9291,96435000,41709
8,2143,96435000,96435000,5575,9291,96480000,41731
8,2144,96480000,96480000,5575,9291,96525000,41749
8,2145,96525000,96525000,5575,9291,96570000,41768
8,2146,96570000,96570000,5575,9291,96615000,41786
8,2147,96615000,96615000,5575,9291,96660000,41808
8,2148,96660000,96660000,5575,9291,96705000,41827
8,2149,96705000,96705000,5575,9291,96750000,41848
8,215,9675000,9675000,5575,9291,9720000,4200
8,2150,96750000,96750000,5575,9291,96795000,41863
8,2151,96795000,96795000,5575,9291,96840000,41885
8,2152,96840000,96840000,5575,9291,96885000,41904
8,2153,96885000,96885000,5575,9291,96930000,41925
8,2154,96930000,96930000,5575,9291,96975000,41943
8,2155,96975000,96975000,5575,9291,97020000,41963
8,2156,97020000,97020000,5575,9291,97065000,41981
8,2157,97065000,97065000,5575,9291,97110000,42002
8,2158,97110000,97110000,5575,9291,97155000,42020
8,2159,97155000,97155000,5575,9291,97200000,42043
8,216,9720000,9720000,5575,9291,9765000,4219
8,2160,97200000,97200000,5575,9291,97245000,42059
8,2161,97245000,97245000,5575,9291,97290000,42079
8,2162,97290000,97290000,5575,9291,97335000,42099
8,2163,97335000,97335000,5575,9291,97380000,42120
8,2164,97380000,97380000,5575,9291,97425000,42139
8,2165,97425000,97425000,5575,9291,97470000,42156
8,2166,97470000,97470000,5575,9291,97515000,42176
8,2167,97515000,97515000,5575,9291,97560000,42197
8,2168,97560000,97560000,5575,9291,97605000,42216
8,2169,97605000,97605000,5575,9291,97650000,42237
8,217,9765000,9765000,5575,9291,9810000,4240
8,2170,97650000,97650000,5575,9291,97695000,42253
8,2171,97695000,97695000,5575,9291,97740000,42274
8,2172,97740000,97740000,5575,9291,97785000,42293
8,2173,97785000,97785000,5575,9291,97830000,42314
8,2174,97830000,97830000,5575,9291,97875000,42333
8,2175,97875000,97875000,5575,9291,97920000,42351
8,2176,97920000,97920000,5575,9291,97965000,42371
8,2177,97965000,97965000,5575,9291,98010000,42392
8,2178,98010000,98010000,5575,9291,98055000,42410
8,2179,98055000,98055000,5575,9291,98100000,42432
8,218,9810000,9810000,5575,9291,9855000,4258
8,2180,98100000,98100000,5575,9291,98145000,42448
8,2181,98145000,98145000,5575,9291,98190000,42469
8,2182,98190000,98190000,5575,9291,98235000,42487
8,2183,98235000,98235000,5575,9291,98280000,42510
8,2184,98280000,98280000,5575,9291,98325000,42528
8,2185,98325000,98325000,5575,9291,98370000,42546
8,2186,98370000,98370000,5575,9291,98415000,42564
8,2187,98415000,98415000,5575,9291,98460000,42587
8,2188,98460000,98460000,5575,9291,98505000,42605
8,2189,98505000,98505000,5575,9291,98550000,42626
8,219,9855000,9855000,5575,9291,9900000,4280
8,2190,98550000,98550000,5575,9291,98595000,42642
8,2191,98595000,98595000,5575,9291,98640000,42664
8,2192,98640000,98640000,5575,9291,98685000,42682
8,2193,98685000,98685000,5575,9291,98730000,42703
8,2194,98730000,98730000,5575,9291,98775000,42723
8,2195,98775000,98775000,5575,9291,98820000,42741
8,2196,98820000,98820000,5575,9291,98865000,42760
8,2197,98865000,98865000,5575,9291,98910000,42781
8,2198,98910000,98910000,5575,9291,98955000,42800
8,2199,98955000,98955000,5575,9291,99000000,42821
8,22,990000,990000,5575,9291,1035000,443
8,220,9900000,9900000,5575,9291,9945000,4296
8,2200,99000000,99000000,5575,9291,99045000,42837
8,2201,99045000,99045000,5575,9291,99090000,42858
8,2202,99090000,99090000,5575,9291,99135000,42877
8,2203,99135000,99135000,5575,9291,99180000,42898
8,2204,99180000,99180000,5575,9291,99225000,42918
8,2205,99225000,99225000,5575,9291,99270000,42935
8,2206,99270000,99270000,5575,9291,99315000,42954
8,2207,99315000,99315000,5575,9291,99360000,42975
8,2208,99360000,99360000,5575,9291,99405000,42995
8,2209,99405000,99405000,5575,9291,99450000,43015
8,221,9945000,9945000,5575,9291,9990000,4317
8,2210,99450000,99450000,5575,9291,99495000,43031
8,2211,99495000,99495000,5575,9291,99540000,43054
8,2212,99540000,99540000,5575,9291,99585000,43072
8,2213,99585000,99585000,5575,9291,99630000,43093
8,2214,99630000,99630000,5575,9291,99675000,43111
8,2215,99675000,99675000,5575,9291,99720000,43131
8,2216,99720000,99720000,5575,9291,99765000,43149
8,2217,99765000,99765000,5575,9291,99810000,43170
8,2218,99810000,99810000,5575,9291,99855000,43189
8,2219,99855000,99855000,5575,9291,99900000,43211
8,222,9990000,9990000,5575,9291,10035000,4336
8,2220,99900000,99900000,5575,9291,99945000,43226
8,2221,99945000,99945000,5575,9291,99990000,43247
8,2222,99990000,99990000,5575,9291,100035000,43266
8,2223,100035000,100035000,5575,9291,100080000,43288
8,2224,100080000,100080000,5575,9291,100125000,43306
8,2225,100125000,100125000,5575,9291,100170000,43325
8,2226,100170000,100170000,5575,9291,100215000,43343
8,2227,100215000,100215000,5575,9291,100260000,43365
8,2228,100260000,100260000,5575,9291,100305000,43384
8,2229,100305000,100305000,5575,9291,100350000,43405
8,223,10035000,10035000,5575,9291,10080000,4358
8,2230,100350000,100350000,5575,9291,100395000,43421
8,2231,100395000,100395000,5575,9291,100440000,43442
8,2232,100440000,100440000,5575,9291,100485000,43462
8,2233,100485000,100485000,5575,9291,100530000,43482
8,2234,100530000,100530000,5575,9291,100575000,43501
8,2235,100575000,100575000,5575,9291,100620000,43519
8,2236,100620000,100620000,5575,9291,100665000,43539
8,2237,100665000,100665000,5575,9291,100710000,43559
8,2238,100710000,100710000,5575,9291,100755000,43578
8,2239,100755000,100755000,5575,9291,100800000,43600
8,224,10080000,10080000,5575,9291,10125000,4377
8,2240,100800000,100800000,5575,9291,100845000,43616
8,2241,100845000,100845000,5575,9291,100890000,43636
8,2242,100890000,100890000,5575,9291,100935000,43655
8,2243,100935000,100935000,5575,9291,100980000,43677
8,2244,100980000,100980000,5575,9291,101025000,43696
8,2245,101025000,101025000,5575,9291,101070000,43714
8,2246,101070000,101070000,5575,9291,101115000,43733
8,2247,101115000,101115000,5575,9291,101160000,43755
8,2248,101160000,101160000,5575,9291,101205000,43773
8,2249,101205000,101205000,5575,9291,101250000,43794
8,225,10125000,10125000,5575,9291,10170000,4394
8,2250,101250000,101250000,5575,9291,101295000,43810
8,2251,101295000,101295000,5575,9291,101340000,43832
8,2252,101340000,101340000,5575,9291,101385000,43850
8,2253,101385000,101385000,5575,9291,101430000,43872
8,2254,101430000,101430000,5575,9291,101475000,43890
8,2255,101475000,101475000,5575,9291,101520000,43909
8,2256,101520000,101520000,5575,9291,101565000,43927
8,2257,101565000,101565000,5575,9291,101610000,43949
8,2258,101610000,101610000,5575,9291,101655000,43967
8,2259,101655000,101655000,5575,9291,101700000,43989
8,226,10170000,10170000,5575,9291,10215000,4413
8,2260,101700000,101700000,5575,9291,101745000,44005
8,2261,101745000,101745000,5575,9291,101790000,44026
8,2262,101790000,101790000,5575,9291,101835000,44045
8,2263,101835000,101835000,5575,9291,101880000,44066
8,2264,101880000,101880000,5575,9291,101925000,44086
8,2265,101925000,101925000,5575,9291,101970000,44103
8,2266,101970000,101970000,5575,9291,102015000,44122
8,2267,102015000,102015000,5575,9291,102060000,44144
8,2268,102060000,102060000,5575,9291,102105000,44163
8,2269,102105000,102105000,5575,9291,102150000,44183
8,227,10215000,10215000,5575,9291,10260000,4435
8,2270,102150000,102150000,5575,9291,102195000,44199
8,2271,102195000,102195000,5575,9291,102240000,44221
8,2272,102240000,102240000,5575,9291,102285000,44240
8,2273,102285000,102285000,5575,9291,102330000,44260
8,2274,102330000,102330000,5575,9291,102375000,44280
8,2275,102375000,102375000,5575,9291,102420000,44298
8,2276,102420000,102420000,5575,9291,102465000,44317
8,2277,102465000,102465000,5575,9291,102510000,44337
8,2278,102510000,102510000,5575,9291,102555000,44357
8,2279,102555000,102555000,5575,9291,102600000,44379
8,228,10260000,10260000,5575,9291,10305000,4454
8,2280,102600000,102600000,5575,9291,102645000,44394
8,2281,102645000,102645000,5575,9291,102690000,44416
8,2282,102690000,102690000,5575,9291,102735000,44434
8,2283,102735000,102735000,5575,9291,102780000,44456
8,2284,102780000,102780000,5575,9291,102825000,44474
8,2285,102825000,102825000,5575,9291,102870000,44493
8,2286,102870000,102870000,5575,9291,102915000,44511
8,2287,102915000,102915000,5575,9291,102960000,44533
8,2288,102960000,102960000,5575,9291,103005000,44552
8,2289,103005000,103005000,5575,9291,103050000,44573
8,229,10305000,10305000,5575,9291,10350000,4474
8,2290,103050000,103050000,5575,9291,103095000,44588
8,2291,103095000,103095000,5575,9291,103140000,44610
8,2292,103140000,103140000,5575,9291,103185000,44629
8,2293,103185000,103185000,5575,9291,103230000,44650
8,2294,103230000,103230000,5575,9291,103275000,44668
8,2295,103275000,103275000,5575,9291,103320000,44688
8,2296,103320000,103320000,5575,9291,103365000,44707
8,2297,103365000,103365000,5575,9291,103410000,44727
8,2298,103410000,103410000,5575,9291,103455000,44746
8,2299,103455000,103455000,5575,9291,103500000,44768
8,23,1035000,1035000,5575,9291,1080000,464
8,230,10350000,10350000,5575,9291,10395000,4491
8,2300,103500000,103500000,5575,9291,103545000,44784
8,2301,103545000,103545000,5575,9291,103590000,44804
8,2302,103590000,103590000,5575,9291,103635000,44824
8,2303,103635000,103635000,5575,9291,103680000,44845
8,2304,103680000,103680000,5575,9291,103725000,44864
8,2305,103725000,103725000,5575,9291,103770000,44881
8,2306,103770000,103770000,5575,9291,103815000,44901
8,2307,103815000,103815000,5575,9291,103860000,44922
8,2308,103860000,103860000,5575,9291,103905000,44941
8,2309,103905000,103905000,5575,9291,103950000,44962
8,231,10395000,10395000,5575,9291,10440000,4512
8,2310,103950000,103950000,5575,9291,103995000,44978
8,2311,103995000,103995000,5575,9291,104040000,44999
8,2312,104040000,104040000,5575,9291,104085000,45018
8,2313,104085000,104085000,5575,9291,104130000,45040
8,2314,104130000,104130000,5575,9291,104175000,45058
8,2315,104175000,104175000,5575,9291,104220000,45077
8,2316,104220000,104220000,5575,9291,104265000,45096
8,2317,104265000,104265000,5575,9291,104310000,45117
8,2318,104310000,104310000,5575,9291,104355000,45135
8,2319,104355000,104355000,5575,9291,104400000,45157
8,232,10440000,10440000,5575,9291,10485000,4531
8,2320,104400000,104400000,5575,9291,104445000,45173
8,2321,104445000,104445000,5575,9291,104490000,45194
8,2322,104490000,104490000,5575,9291,104535000,45212
8,2323,104535000,104535000,5575,9291,104580000,45235
8,2324,104580000,104580000,5575,9291,104625000,45253
8,2325,104625000,104625000,5575,9291,104670000,45271
8,2326,104670000,104670000,5575,9291,104715000,45289
8,2327,104715000,104715000,5575,9291,104760000,45312
8,2328,104760000,104760000,5575,9291,104805000,45330
8,2329,104805000,104805000,5575,9291,104850000,45351
8,233,10485000,10485000,5575,9291,10530000,4551
8,2330,104850000,104850000,5575,9291,104895000,45368
8,2331,104895000,104895000,5575,9291,104940000,45389
8,2332,104940000,104940000,5575,9291,104985000,45408
8,2333,104985000,104985000,5575,9291,105030000,45428
8,2334,105030000,105030000,5575,9291,105075000,45448
8,2335,105075000,105075000,5575,9291,105120000,45466
8,2336,105120000,105120000,5575,9291,105165000,45485
8,2337,105165000,105165000,5575,9291,105210000,45506
8,2338,105210000,105210000,5575,9291,105255000,45525
8,2339,105255000,105255000,5575,9291,105300000,45546
8,234,10530000,10530000,5575,9291,10575000,4571
8,2340,105300000,105300000,5575,9291,105345000,45562
8,2341,105345000,105345000,5575,9291,105390000,45583
8,2342,105390000,105390000,5575,9291,105435000,45602
8,2343,105435000,105435000,5575,9291,105480000,45623
8,2344,105480000,105480000,5575,9291,105525000,45643
8,2345,105525000,105525000,5575,9291,105570000,45660
8,2346,105570000,105570000,5575,9291,105615000,45679
8,2347,105615000,105615000,5575,9291,105660000,45701
8,2348,105660000,105660000,5575,9291,105705000,45720
8,2349,105705000,105705000,5575,9291,105750000,45741
8,235,10575000,10575000,5575,9291,10620000,4589
8,2350,105750000,105750000,5575,9291,105795000,45756
8,2351,105795000,105795000,5575,9291,105840000,45779
8,2352,105840000,105840000,5575,9291,105885000,45797
8,2353,105885000,105885000,5575,9291,105930000,45818
8,2354,105930000,105930000,5575,9291,105975000,45836
8,2355,105975000,105975000,5575,9291,106020000,45856
8,2356,106020000,106020000,5575,9291,106065000,45874
8,2357,106065000,106065000,5575,9291,106110000,45895
8,2358,106110000,106110000,5575,9291,106155000,45914
8,2359,106155000,106155000,5575,9291,106200000,45936
8,236,10620000,10620000,5575,9291,10665000,4608
8,2360,106200000,106200000,5575,9291,106245000,45951
8,2361,106245000,106245000,5575,9291,106290000,45972
8,2362,106290000,106290000,5575,9291,106335000,45991
8,2363,106335000,106335000,5575,9291,106380000,46013
8,2364,106380000,106380000,5575,9291,106425000,46032
8,2365,106425000,106425000,5575,9291,106470000,46050
8,2366,106470000,106470000,5575,9291,106515000,46069
8,2367,106515000,106515000,5575,9291,106560000,46090
8,2368,106560000,106560000,5575,9291,106605000,46109
8,2369,106605000,106605000,5575,9291,106650000,46130
8,237,10665000,10665000,5575,9291,10710000,4629
8,2370,106650000,106650000,5575,9291,106695000,46146
8,2371,106695000,106695000,5575,9291,106740000,46167
8,2372,106740000,106740000,5575,9291,106785000,46187
8,2373,106785000,106785000,5575,9291,106830000,46207
8,2374,106830000,106830000,5575,9291,106875000,46226
8,2375,106875000,106875000,5575,9291,106920000,46244
8,2376,106920000,106920000,5575,9291,106965000,46264
8,2377,106965000,106965000,5575,9291,107010000,46284
8,2378,107010000,107010000,5575,9291,107055000,46303
8,2379,107055000,107055000,5575,9291,107100000,46325
8,238,10710000,10710000,5575,9291,10755000,4648
8,239,10755000,10755000,5575,9291,10800000,4670
8,24,1080000,1080000,5575,9291,1125000,484
8,240,10800000,10800000,5575,9291,10845000,4685
8,241,10845000,10845000,5575,9291,10890000,4707
8,242,10890000,10890000,5575,9291,10935000,4725
8,243,10935000,10935000,5575,9291,10980000,4747
8,244,10980000,10980000,5575,9291,11025000,4766
8,245,11025000,11025000,5575,9291,11070000,4784
8,246,11070000,11070000,5575,9291,11115000,4802
8,247,11115000,11115000,5575,9291,11160000,4824
8,248,11160000,11160000,5575,9291,11205000,4843
8,249,11205000,11205000,5575,9291,11250000,4864
8,25,1125000,1125000,5575,9291,1170000,501
8,250,11250000,11250000,5575,9291,11295000,4879
8,251,11295000,11295000,5575,9291,11340000,4902
8,252,11340000,11340000,5575,9291,11385000,4920
8,253,11385000,11385000,5575,9291,11430000,4941
8,254,11430000,11430000,5575,9291,11475000,4959
8,255,11475000,11475000,5575,9291,11520000,4979
8,256,11520000,11520000,5575,9291,11565000,4998
8,257,11565000,11565000,5575,9291,11610000,5018
8,258,11610000,11610000,5575,9291,11655000,5038
8,259,11655000,11655000,5575,9291,11700000,5059
8,26,1170000,1170000,5575,9291,1215000,520
8,260,11700000,11700000,5575,9291,11745000,5075
8,261,11745000,11745000,5575,9291,11790000,5095
8,262,11790000,11790000,5575,9291,11835000,5115
8,263,11835000,11835000,5575,9291,11880000,5136
8,264,11880000,11880000,5575,9291,11925000,5155
8,265,11925000,11925000,5575,9291,11970000,5173
8,266,11970000,11970000,5575,9291,12015000,5192
8,267,12015000,12015000,5575,9291,12060000,5213
8,268,12060000,12060000,5575,9291,12105000,5232
8,269,12105000,12105000,5575,9291,12150000,5253
8,27,1215000,1215000,5575,9291,1260000,542
8,270,12150000,12150000,5575,9291,12195000,5269
8,271,12195000,12195000,5575,9291,12240000,5290
8,272,12240000,12240000,5575,9291,12285000,5310
8,273,12285000,12285000,5575,9291,12330000,5331
8,274,12330000,12330000,5575,9291,12375000,5349
8,275,12375000,12375000,5575,9291,12420000,5368
8,276,12420000,12420000,5575,9291,12465000,5387
8,277,12465000,12465000,5575,9291,12510000,5408
8,278,12510000,12510000,5575,9291,12555000,5426
8,279,12555000,12555000,5575,9291,12600000,5449
8,28,1260000,1260000,5575,9291,1305000,561
8,280,12600000,12600000,5575,9291,12645000,5464
8,281,12645000,12645000,5575,9291,12690000,5485
8,282,12690000,12690000,5575,9291,12735000,5503
8,283,12735000,12735000,5575,9291,12780000,5526
8,284,12780000,12780000,5575,9291,12825000,5544
8,285,12825000,12825000,5575,9291,12870000,5562
8,286,12870000,12870000,5575,9291,12915000,5581
8,287,12915000,12915000,5575,9291,12960000,5603
8,288,12960000,12960000,5575,9291,13005000,5621
8,289,13005000,13005000,5575,9291,13050000,5642
8,29,1305000,1305000,5575,9291,1350000,581
8,290,13050000,13050000,5575,9291,13095000,5659
8,291,13095000,13095000,5575,9291,13140000,5680
8,292,13140000,13140000,5575,9291,13185000,5699
8,293,13185000,13185000,5575,9291,13230000,5720
8,294,13230000,13230000,5575,9291,13275000,5739
8,295,13275000,13275000,5575,9291,13320000,5757
8,296,13320000,13320000,5575,9291,13365000,5776
8,297,13365000,13365000,5575,9291,13410000,5797
8,298,13410000,13410000,5575,9291,13455000,5816
8,299,13455000,13455000,5575,9291,13500000,5837
8,3,135000,135000,5575,9291,180000,76
8,30,1350000,1350000,5575,9291,1395000,597
8,300,13500000,13500000,5575,9291,13545000,5854
8,301,13545000,13545000,5575,9291,13590000,5874
8,302,13590000,13590000,5575,9291,13635000,5893
8,303,13635000,13635000,5575,9291,13680000,5914
8,304,13680000,13680000,5575,9291,13725000,5934
8,305,13725000,13725000,5575,9291,13770000,5951
8,306,13770000,13770000,5575,9291,13815000,5970
8,307,13815000,13815000,5575,9291,13860000,5993
8,308,13860000,13860000,5575,9291,13905000,6011
8,309,13905000,13905000,5575,9291,13950000,6032
8,31,1395000,1395000,5575,9291,1440000,619
8,310,13950000,13950000,5575,9291,13995000,6047
8,311,13995000,13995000,5575,9291,14040000,6070
8,312,14040000,14040000,5575,9291,14085000,6088
8,313,14085000,14085000,5575,9291,14130000,6109
8,314,14130000,14130000,5575,9291,14175000,6128
8,315,14175000,14175000,5575,9291,14220000,6147
8,316,14220000,14220000,5575,9291,14265000,6165
8,317,14265000,14265000,5575,9291,14310000,6186
8,318,14310000,14310000,5575,9291,14355000,6205
8,319,14355000,14355000,5575,9291,14400000,6227
8,32,1440000,1440000,5575,9291,1485000,638
8,320,14400000,14400000,5575,9291,14445000,6242
8,321,14445000,14445000,5575,9291,14490000,6264
8,322,14490000,14490000,5575,9291,14535000,6282
8,323,14535000,14535000,5575,9291,14580000,6304
8,324,14580000,14580000,5575,9291,14625000,6323
8,325,14625000,14625000,5575,9291,14670000,6341
8,326,14670000,14670000,5575,9291,14715000,6360
8,327,14715000,14715000,5575,9291,14760000,6381
8,328,14760000,14760000,5575,9291,14805000,6401
8,329,14805000,14805000,5575,9291,14850000,6421
8,33,1485000,1485000,5575,9291,1530000,658
8,330,14850000,14850000,5575,9291,14895000,6437
8,331,14895000,14895000,5575,9291,14940000,6458
8,332,14940000,14940000,5575,9291,14985000,6478
8,333,14985000,14985000,5575,9291,15030000,6498
8,334,15030000,15030000,5575,9291,15075000,6517
8,335,15075000,15075000,5575,9291,15120000,6536
8,336,15120000,15120000,5575,9291,15165000,6555
8,337,15165000,15165000,5575,9291,15210000,6575
8,338,15210000,15210000,5575,9291,15255000,6594
8,339,15255000,15255000,5575,9291,15300000,6616
8,34,1530000,1530000,5575,9291,1575000,678
8,340,15300000,15300000,5575,9291,15345000,6632
8,341,15345000,15345000,5575,9291,15390000,6653
8,342,15390000,15390000,5575,9291,15435000,6672
8,343,15435000,15435000,5575,9291,15480000,6694
8,344,15480000,15480000,5575,9291,15525000,6712
8,345,15525000,15525000,5575,9291,15570000,6730
8,346,15570000,15570000,5575,9291,15615000,6749
8,347,15615000,15615000,5575,9291,15660000,6771
8,348,15660000,15660000,5575,9291,15705000,6789
8,349,15705000,15705000,5575,9291,15750000,6811
8,35,1575000,1575000,5575,9291,1620000,697
8,350,15750000,15750000,5575,9291,15795000,6826
8,351,15795000,15795000,5575,9291,15840000,6848
8,352,15840000,15840000,5575,9291,15885000,6866
8,353,15885000,15885000,5575,9291,15930000,6888
8,354,15930000,15930000,5575,9291,15975000,6906
8,355,15975000,15975000,5575,9291,16020000,6925
8,356,16020000,16020000,5575,9291,16065000,6944
8,357,16065000,16065000,5575,9291,16110000,6965
8,358,16110000,16110000,5575,9291,16155000,6984
8,359,16155000,16155000,5575,9291,16200000,7005
8,36,1620000,1620000,5575,9291,1665000,715
8,360,16200000,16200000,5575,9291,16245000,7022
8,361,16245000,16245000,5575,9291,16290000,7042
8,362,16290000,16290000,5575,9291,16335000,7061
8,363,16335000,16335000,5575,9291,16380000,7083
8,364,16380000,16380000,5575,9291,16425000,7102
8,365,16425000,16425000,5575,9291,16470000,7119
8,366,16470000,16470000,5575,9291,16515000,7138
8,367,16515000,16515000,5575,9291,16560000,7160
8,368,16560000,16560000,5575,9291,16605000,7179
8,369,16605000,16605000,5575,9291,16650000,7199
8,37,1665000,1665000,5575,9291,1710000,736
8,370,16650000,16650000,5575,9291,16695000,7216
8,371,16695000,16695000,5575,9291,16740000,7237
8,372,16740000,16740000,5575,9291,16785000,7256
8,373,16785000,16785000,5575,9291,16830000,7276
8,374,16830000,16830000,5575,9291,16875000,7296
8,375,16875000,16875000,5575,9291,16920000,7315
8,376,16920000,16920000,5575,9291,16965000,7333
8,377,16965000,16965000,5575,9291,17010000,7355
8,378,17010000,17010000,5575,9291,17055000,7373
8,379,17055000,17055000,5575,9291,17100000,7395
8,38,1710000,1710000,5575,9291,1755000,755
8,380,17100000,17100000,5575,9291,17145000,7410
8,381,17145000,17145000,5575,9291,17190000,7432
8,382,17190000,17190000,5575,9291,17235000,7450
8,383,17235000,17235000,5575,9291,17280000,7472
8,384,17280000,17280000,5575,9291,17325000,7491
8,385,17325000,17325000,5575,9291,17370000,7509
8,386,17370000,17370000,5575,9291,17415000,7527
8,387,17415000,17415000,5575,9291,17460000,7549
8,388,17460000,17460000,5575,9291,17505000,7568
8,389,17505000,17505000,5575,9291,17550000,7589
8,39,1755000,1755000,5575,9291,1800000,777
8,390,17550000,17550000,5575,9291,17595000,7604
8,391,17595000,17595000,5575,9291,17640000,7627
8,392,17640000,17640000,5575,9291,17685000,7646
8,393,17685000,17685000,5575,9291,17730000,7666
8,394,17730000,17730000,5575,9291,17775000,7685
8,395,17775000,17775000,5575,9291,17820000,7704
8,396,17820000,17820000,5575,9291,17865000,7723
8,397,17865000,17865000,5575,9291,17910000,7743
8,398,17910000,17910000,5575,9291,17955000,7763
8,399,17955000,17955000,5575,9291,18000000,7784
8,4,180000,180000,5575,9291,225000,94
8,40,1800000,1800000,5575,9291,1845000,792
8,400,18000000,18000000,5575,9291,18045000,7800
8,401,18045000,18045000,5575,9291,18090000,7820
8,402,18090000,18090000,5575,9291,18135000,7840
8,403,18135000,18135000,5575,9291,18180000,7861
8,404,18180000,18180000,5575,9291,18225000,7880
8,405,18225000,18225000,5575,9291,18270000,7898
8,406,18270000,18270000,5575,9291,18315000,7917
8,407,18315000,18315000,5575,9291,18360000,7938
8,408,18360000,18360000,5575,9291,18405000,7957
8,409,18405000,18405000,5575,9291,18450000,7979
8,41,1845000,1845000,5575,9291,1890000,814
8,410,18450000,18450000,5575,9291,18495000,7994
8,411,18495000,18495000,5575,9291,18540000,8016
8,412,18540000,18540000,5575,9291,18585000,8035
8,413,18585000,18585000,5575,9291,18630000,8056
8,414,18630000,18630000,5575,9291,18675000,8074
8,415,18675000,18675000,5575,9291,18720000,8093
8,416,18720000,18720000,5575,9291,18765000,8112
8,417,18765000,18765000,5575,9291,18810000,8133
8,418,18810000,18810000,5575,9291,18855000,8151
8,419,18855000,18855000,5575,9291,18900000,8174
8,42,1890000,1890000,5575,9291,1935000,832
8,420,18900000,18900000,5575,9291,18945000,8189
8,421,18945000,18945000,5575,9291,18990000,8210
8,422,18990000,18990000,5575,9291,19035000,8228
8,423,19035000,19035000,5575,9291,19080000,8251
8,424,19080000,19080000,5575,9291,19125000,8269
8,425,19125000,19125000,5575,9291,19170000,8287
8,426,19170000,19170000,5575,9291,19215000,8307
8,427,19215000,19215000,5575,9291,19260000,8328
8,428,19260000,19260000,5575,9291,19305000,8347
8,429,19305000,19305000,5575,9291,19350000,8367
8,43,1935000,1935000,5575,9291,1980000,854
8,430,19350000,19350000,5575,9291,19395000,8384
8,431,19395000,19395000,5575,9291,19440000,8405
8,432,19440000,19440000,5575,9291,19485000,8424
8,433,19485000,19485000,5575,9291,19530000,8445
8,434,19530000,19530000,5575,9291,19575000,8464
8,435,19575000,19575000,5575,9291,19620000,8482
8,436,19620000,19620000,5575,9291,19665000,8501
8,437,19665000,19665000,5575,9291,19710000,8522
8,438,19710000,19710000,5575,9291,19755000,8541
8,439,19755000,19755000,5575,9291,19800000,8562
8,44,1980000,1980000,5575,9291,2025000,872
8,440,19800000,19800000,5575,9291,19845000,8579
8,441,19845000,19845000,5575,9291,19890000,8599
8,442,19890000,19890000,5575,9291,19935000,8618
8,443,19935000,19935000,5575,9291,19980000,8640
8,444,19980000,19980000,5575,9291,20025000,8659
8,445,20025000,20025000,5575,9291,20070000,8677
8,446,20070000,20070000,5575,9291,20115000,8695
8,447,20115000,20115000,5575,9291,20160000,8718
8,448,20160000,20160000,5575,9291,20205000,8736
8,449,20205000,20205000,5575,9291,20250000,8757
8,45,2025000,2025000,5575,9291,2070000,891
8,450,20250000,20250000,5575,9291,20295000,8772
8,451,20295000,20295000,5575,9291,20340000,8795
8,452,20340000,20340000,5575,9291,20385000,8813
8,453,20385000,20385000,5575,9291,20430000,8834
8,454,20430000,20430000,5575,9291,20475000,8853
8,455,20475000,20475000,5575,9291,20520000,8872
8,456,20520000,20520000,5575,9291,20565000,8890
8,457,20565000,20565000,5575,9291,20610000,8911
8,458,20610000,20610000,5575,9291,20655000,8930
8,459,20655000,20655000,5575,9291,20700000,8952
8,46,2070000,2070000,5575,9291,2115000,909
8,460,20700000,20700000,5575,9291,20745000,8968
8,461,20745000,20745000,5575,9291,20790000,8989
8,462,20790000,20790000,5575,9291,20835000,9008
8,463,20835000,20835000,5575,9291,20880000,9029
8,464,20880000,20880000,5575,9291,20925000,9048
8,465,20925000,20925000,5575,9291,20970000,9066
8,466,20970000,20970000,5575,9291,21015000,9085
8,467,21015000,21015000,5575,9291,21060000,9106
8,468,21060000,21060000,5575,9291,21105000,9126
8,469,21105000,21105000,5575,9291,21150000,9146
8,47,2115000,2115000,5575,9291,2160000,931
8,470,21150000,21150000,5575,9291,21195000,9162
8,471,21195000,21195000,5575,9291,21240000,9183
8,472,21240000,21240000,5575,9291,21285000,9203
8,473,21285000,21285000,5575,9291,21330000,9223
8,474,21330000,21330000,5575,9291,21375000,9242
8,475,21375000,21375000,5575,9291,21420000,9261
8,476,21420000,21420000,5575,9291,21465000,9280
8,477,21465000,21465000,5575,9291,21510000,9301
8,478,21510000,21510000,5575,9291,21555000,9319
8,479,21555000,21555000,5575,9291,21600000,9342
8,48,2160000,2160000,5575,9291,2205000,950
8,480,21600000,21600000,5575,9291,21645000,9357
8,481,21645000,21645000,5575,9291,21690000,9378
8,482,21690000,21690000,5575,9291,21735000,9397
8,483,21735000,21735000,5575,9291,21780000,9419
8,484,21780000,21780000,5575,9291,21825000,9437
8,485,21825000,21825000,5575,9291,21870000,9455
8,486,21870000,21870000,5575,9291,21915000,9474
8,487,21915000,21915000,5575,9291,21960000,9496
8,488,21960000,21960000,5575,9291,22005000,9514
8,489,22005000,22005000,5575,9291,22050000,9536
8,49,2205000,2205000,5575,9291,2250000,971
8,490,22050000,22050000,5575,9291,22095000,9551
8,491,22095000,22095000,5575,9291,22140000,9573
8,492,22140000,22140000,5575,9291,22185000,9591
8,493,22185000,22185000,5575,9291,22230000,9613
8,494,22230000,22230000,5575,9291,22275000,9632
8,495,22275000,22275000,5575,9291,22320000,9650
8,496,22320000,22320000,5575,9291,22365000,9670
8,497,22365000,22365000,5575,9291,22410000,9690
8,498,22410000,22410000,5575,9291,22455000,9709
8,499,22455000,22455000,5575,9291,22500000,9730
8,5,225000,225000,5575,9291,270000,112
8,50,2250000,2250000,5575,9291,2295000,986
8,500,22500000,22500000,5575,9291,22545000,9747
8,501,22545000,22545000,5575,9291,22590000,9767
8,502,22590000,22590000,5575,9291,22635000,9786
8,503,22635000,22635000,5575,9291,22680000,9808
8,504,22680000,22680000,5575,9291,22725000,9827
8,505,22725000,22725000,5575,9291,22770000,9844
8,506,22770000,22770000,5575,9291,22815000,9863
8,507,22815000,22815000,5575,9291,22860000,9885
8,508,22860000,22860000,5575,9291,22905000,9904
8,509,22905000,22905000,5575,9291,22950000,9924
8,51,2295000,2295000,5575,9291,2340000,1008
8,510,22950000,22950000,5575,9291,22995000,9941
8,511,22995000,22995000,5575,9291,23040000,9963
8,512,23040000,23040000,5575,9291,23085000,9981
8,513,23085000,23085000,5575,9291,23130000,10002
8,514,23130000,23130000,5575,9291,23175000,10021
8,515,23175000,23175000,5575,9291,23220000,10040
8,516,23220000,23220000,5575,9291,23265000,10058
8,517,23265000,23265000,5575,9291,23310000,10080
8,518,23310000,23310000,5575,9291,23355000,10098
8,519,23355000,23355000,5575,9291,23400000,10120
8,52,2340000,2340000,5575,9291,2385000,1028
8,520,23400000,23400000,5575,9291,23445000,10135
8,521,23445000,23445000,5575,9291,23490000,10157
8,522,23490000,23490000,5575,9291,23535000,10175
8,523,23535000,23535000,5575,9291,23580000,10197
8,524,23580000,23580000,5575,9291,23625000,10216
8,525,23625000,23625000,5575,9291,23670000,10234
8,526,23670000,23670000,5575,9291,23715000,10252
8,527,23715000,23715000,5575,9291,23760000,10274
8,528,23760000,23760000,5575,9291,23805000,10294
8,529,23805000,23805000,5575,9291,23850000,10314
8,53,2385000,2385000,5575,9291,2430000,1048
8,530,23850000,23850000,5575,9291,23895000,10330
8,531,23895000,23895000,5575,9291,23940000,10352
8,532,23940000,23940000,5575,9291,23985000,10371
8,533,23985000,23985000,5575,9291,24030000,10391
8,534,24030000,24030000,5575,9291,24075000,10410
8,535,24075000,24075000,5575,9291,24120000,10429
8,536,24120000,24120000,5575,9291,24165000,10448
8,537,24165000,24165000,5575,9291,24210000,10468
8,538,24210000,24210000,5575,9291,24255000,10488
8,539,24255000,24255000,5575,9291,24300000,10509
8,54,2430000,2430000,5575,9291,2475000,1067
8,540,24300000,24300000,5575,9291,24345000,10525
8,541,24345000,24345000,5575,9291,24390000,10545
8,542,24390000,24390000,5575,9291,24435000,10565
8,543,24435000,24435000,5575,9291,24480000,10586
8,544,24480000,24480000,5575,9291,24525000,10605
8,545,24525000,24525000,5575,9291,24570000,10624
8,546,24570000,24570000,5575,9291,24615000,10642
8,547,24615000,24615000,5575,9291,24660000,10664
8,548,24660000,24660000,5575,9291,24705000,10682
8,549,24705000,24705000,5575,9291,24750000,10704
8,55,2475000,2475000,5575,9291,2520000,1086
8,550,24750000,24750000,5575,9291,24795000,10719
8,551,24795000,24795000,5575,9291,24840000,10741
8,552,24840000,24840000,5575,9291,24885000,10760
8,553,24885000,24885000,5575,9291,24930000,10781
8,554,24930000,24930000,5575,9291,24975000,10799
8,555,24975000,24975000,5575,9291,25020000,10818
8,556,25020000,25020000,5575,9291,25065000,10837
8,557,25065000,25065000,5575,9291,25110000,10858
8,558,25110000,25110000,5575,9291,25155000,10876
8,559,25155000,25155000,5575,9291,25200000,10899
8,56,2520000,2520000,5575,9291,2565000,1105
8,560,25200000,25200000,5575,9291,25245000,10914
8,561,25245000,25245000,5575,9291,25290000,10935
8,562,25290000,25290000,5575,9291,25335000,10954
8,563,25335000,25335000,5575,9291,25380000,10976
8,564,25380000,25380000,5575,9291,25425000,10995
8,565,25425000,25425000,5575,9291,25470000,11012
8,566,25470000,25470000,5575,9291,25515000,11032
8,567,25515000,25515000,5575,9291,25560000,11053
8,568,25560000,25560000,5575,9291,25605000,11072
8,569,25605000,25605000,5575,9291,25650000,11092
8,57,2565000,2565000,5575,9291,2610000,1125
8,570,25650000,25650000,5575,9291,25695000,11109
8,571,25695000,25695000,5575,9291,25740000,11130
8,572,25740000,25740000,5575,9291,25785000,11149
8,573,25785000,25785000,5575,9291,25830000,11170
8,574,25830000,25830000,5575,9291,25875000,11189
8,575,25875000,25875000,5575,9291,25920000,11207
8,576,25920000,25920000,5575,9291,25965000,11226
8,577,25965000,25965000,5575,9291,26010000,11247
8,578,26010000,26010000,5575,9291,26055000,11266
8,579,26055000,26055000,5575,9291,26100000,11288
8,58,2610000,2610000,5575,9291,2655000,1144
8,580,26100000,26100000,5575,9291,26145000,11304
8,581,26145000,26145000,5575,9291,26190000,11325
8,582,26190000,26190000,5575,9291,26235000,11343
8,583,26235000,26235000,5575,9291,26280000,11365
8,584,26280000,26280000,5575,9291,26325000,11384
8,585,26325000,26325000,5575,9291,26370000,11402
8,586,26370000,26370000,5575,9291,26415000,11420
8,587,26415000,26415000,5575,9291,26460000,11443
8,588,26460000,26460000,5575,9291,26505000,11461
8,589,26505000,26505000,5575,9291,26550000,11482
8,59,2655000,2655000,5575,9291,2700000,1166
8,590,26550000,26550000,5575,9291,26595000,11497
8,591,26595000,26595000,5575,9291,26640000,11520
8,592,26640000,26640000,5575,9291,26685000,11538
8,593,26685000,26685000,5575,9291,26730000,11559
8,594,26730000,26730000,5575,9291,26775000,11578
8,595,26775000,26775000,5575,9291,26820000,11597
8,596,26820000,26820000,5575,9291,26865000,11616
8,597,26865000,26865000,5575,9291,26910000,11636
8,598,26910000,26910000,5575,9291,26955000,11656
8,599,26955000,26955000,5575,9291,27000000,11677
8,6,270000,270000,5575,9291,315000,131
8,60,2700000,2700000,5575,9291,2745000,1182
8,600,27000000,27000000,5575,9291,27045000,11693
8,601,27045000,27045000,5575,9291,27090000,11714
8,602,27090000,27090000,5575,9291,27135000,11733
8,603,27135000,27135000,5575,9291,27180000,11754
8,604,27180000,27180000,5575,9291,27225000,11773
8,605,27225000,27225000,5575,9291,27270000,11791
8,606,27270000,27270000,5575,9291,27315000,11810
8,607,27315000,27315000,5575,9291,27360000,11831
8,608,27360000,27360000,5575,9291,27405000,11851
8,609,27405000,27405000,5575,9291,27450000,11871
8,61,2745000,2745000,5575,9291,2790000,1202
8,610,27450000,27450000,5575,9291,27495000,11887
8,611,27495000,27495000,5575,9291,27540000,11908
8,612,27540000,27540000,5575,9291,27585000,11928
8,613,27585000,27585000,5575,9291,27630000,11949
8,614,27630000,27630000,5575,9291,27675000,11967
8,615,27675000,27675000,5575,9291,27720000,11987
8,616,27720000,27720000,5575,9291,27765000,12005
8,617,27765000,27765000,5575,9291,27810000,12026
8,618,27810000,27810000,5575,9291,27855000,12044
8,619,27855000,27855000,5575,9291,27900000,12067
8,62,2790000,2790000,5575,9291,2835000,1222
8,620,27900000,27900000,5575,9291,27945000,12082
8,621,27945000,27945000,5575,9291,27990000,12103
8,622,27990000,27990000,5575,9291,28035000,12122
8,623,28035000,28035000,5575,9291,28080000,12144
8,624,28080000,28080000,5575,9291,28125000,12162
8,625,28125000,28125000,5575,9291,28170000,12180
8,626,28170000,28170000,5575,9291,28215000,12199
8,627,28215000,28215000,5575,9291,28260000,12221
8,628,28260000,28260000,5575,9291,28305000,12239
8,629,28305000,28305000,5575,9291,28350000,12261
8,63,2835000,2835000,5575,9291,2880000,1243
8,630,28350000,28350000,5575,9291,28395000,12277
8,631,28395000,28395000,5575,9291,28440000,12298
8,632,28440000,28440000,5575,9291,28485000,12317
8,633,28485000,28485000,5575,9291,28530000,12338
8,634,28530000,28530000,5575,9291,28575000,12357
8,635,28575000,28575000,5575,9291,28620000,12375
8,636,28620000,28620000,5575,9291,28665000,12395
8,637,28665000,28665000,5575,9291,28710000,12415
8,638,28710000,28710000,5575,9291,28755000,12434
8,639,28755000,28755000,5575,9291,28800000,12455
8,64,2880000,2880000,5575,9291,2925000,1262
8,640,28800000,28800000,5575,9291,28845000,12472
8,641,28845000,28845000,5575,9291,28890000,12492
8,642,28890000,28890000,5575,9291,28935000,12511
8,643,28935000,28935000,5575,9291,28980000,12533
8,644,28980000,28980000,5575,9291,29025000,12552
8,645,29025000,29025000,5575,9291,29070000,12569
8,646,29070000,29070000,5575,9291,29115000,12588
8,647,29115000,29115000,5575,9291,29160000,12611
8,648,29160000,29160000,5575,9291,29205000,12629
8,649,29205000,29205000,5575,9291,29250000,12650
8,65,2925000,2925000,5575,9291,2970000,1279
8,650,29250000,29250000,5575,9291,29295000,12666
8,651,29295000,29295000,5575,9291,29340000,12688
8,652,29340000,29340000,5575,9291,29385000,12706
8,653,29385000,29385000,5575,9291,29430000,12727
8,654,29430000,29430000,5575,9291,29475000,12746
8,655,29475000,29475000,5575,9291,29520000,12765
8,656,29520000,29520000,5575,9291,29565000,12783
8,657,29565000,29565000,5575,9291,29610000,12805
8,658,29610000,29610000,5575,9291,29655000,12823
8,659,29655000,29655000,5575,9291,29700000,12845
8,66,2970000,2970000,5575,9291,3015000,1299
8,660,29700000,29700000,5575,9291,29745000,12860
8,661,29745000,29745000,5575,9291,29790000,12882
8,662,29790000,29790000,5575,9291,29835000,12900
8,663,29835000,29835000,5575,9291,29880000,12922
8,664,29880000,29880000,5575,9291,29925000,12942
8,665,29925000,29925000,5575,9291,29970000,12959
8,666,29970000,29970000,5575,9291,30015000,12978
8,667,30015000,30015000,5575,9291,30060000,12999
8,668,30060000,30060000,5575,9291,30105000,13019
8,669,30105000,30105000,5575,9291,30150000,13039
8,67,3015000,3015000,5575,9291,3060000,1320
8,670,30150000,30150000,5575,9291,30195000,13055
8,671,30195000,30195000,5575,9291,30240000,13077
8,672,30240000,30240000,5575,9291,30285000,13096
8,673,30285000,30285000,5575,9291,30330000,13116
8,674,30330000,30330000,5575,9291,30375000,13135
8,675,30375000,30375000,5575,9291,30420000,13154
8,676,30420000,30420000,5575,9291,30465000,13173
8,677,30465000,30465000,5575,9291,30510000,13193
8,678,30510000,30510000,5575,9291,30555000,13213
8,679,30555000,30555000,5575,9291,30600000,13234
8,68,3060000,3060000,5575,9291,3105000,1339
8,680,30600000,30600000,5575,9291,30645000,13250
8,681,30645000,30645000,5575,9291,30690000,13271
8,682,30690000,30690000,5575,9291,30735000,13290
8,683,30735000,30735000,5575,9291,30780000,13312
8,684,30780000,30780000,5575,9291,30825000,13330
8,685,30825000,30825000,5575,9291,30870000,13349
8,686,30870000,30870000,5575,9291,30915000,13367
8,687,30915000,30915000,5575,9291,30960000,13389
8,688,30960000,30960000,5575,9291,31005000,13407
8,689,31005000,31005000,5575,9291,31050000,13429
8,69,3105000,3105000,5575,9291,3150000,1361
8,690,31050000,31050000,5575,9291,31095000,13444
8,691,31095000,31095000,5575,9291,31140000,13466
8,692,31140000,31140000,5575,9291,31185000,13485
8,693,31185000,31185000,5575,9291,31230000,13506
8,694,31230000,31230000,5575,9291,31275000,13524
8,695,31275000,31275000,5575,9291,31320000,13543
8,696,31320000,31320000,5575,9291,31365000,13562
8,697,31365000,31365000,5575,9291,31410000,13583
8,698,31410000,31410000,5575,9291,31455000,13602
8,699,31455000,31455000,5575,9291,31500000,13624
8,7,315000,315000,5575,9291,360000,153
8,70,3150000,3150000,5575,9291,3195000,1376
8,700,31500000,31500000,5575,9291,31545000,13640
8,701,31545000,31545000,5575,9291,31590000,13660
8,702,31590000,31590000,5575,9291,31635000,13679
8,703,31635000,31635000,5575,9291,31680000,13701
8,704,31680000,31680000,5575,9291,31725000,13720
8,705,31725000,31725000,5575,9291,31770000,13737
8,706,31770000,31770000,5575,9291,31815000,13757
8,707,31815000,31815000,5575,9291,31860000,13778
8,708,31860000,31860000,5575,9291,31905000,13797
8,709,31905000,31905000,5575,9291,31950000,13817
8,71,3195000,3195000,5575,9291,3240000,1398
8,710,31950000,31950000,5575,9291,31995000,13834
8,711,31995000,31995000,5575,9291,32040000,13855
8,712,32040000,32040000,5575,9291,32085000,13874
8,713,32085000,32085000,5575,9291,32130000,13895
8,714,32130000,32130000,5575,9291,32175000,13914
8,715,32175000,32175000,5575,9291,32220000,13933
8,716,32220000,32220000,5575,9291,32265000,13951
8,717,32265000,32265000,5575,9291,32310000,13973
8,718,32310000,32310000,5575,9291,32355000,13991
8,719,32355000,32355000,5575,9291,32400000,14013
8,72,3240000,3240000,5575,9291,3285000,1416
8,720,32400000,32400000,5575,9291,32445000,14029
8,721,32445000,32445000,5575,9291,32490000,14050
8,722,32490000,32490000,5575,9291,32535000,14068
8,723,32535000,32535000,5575,9291,32580000,14090
8,724,32580000,32580000,5575,9291,32625000,14109
8,725,32625000,32625000,5575,9291,32670000,14127
8,726,32670000,32670000,5575,9291,32715000,14145
8,727,32715000,32715000,5575,9291,32760000,14168
8,728,32760000,32760000,5575,9291,32805000,14186
8,729,32805000,32805000,5575,9291,32850000,14207
8,73,3285000,3285000,5575,9291,3330000,1438
8,730,32850000,32850000,5575,9291,32895000,14222
8,731,32895000,32895000,5575,9291,32940000,14245
8,732,32940000,32940000,5575,9291,32985000,14264
8,733,32985000,32985000,5575,9291,33030000,14284
8,734,33030000,33030000,5575,9291,33075000,14304
8,735,33075000,33075000,5575,9291,33120000,14322
8,736,33120000,33120000,5575,9291,33165000,14341
8,737,33165000,33165000,5575,9291,33210000,14361
8,738,33210000,33210000,5575,9291,33255000,14381
8,739,33255000,33255000,5575,9291,33300000,14402
8,74,3330000,3330000,5575,9291,3375000,1456
8,740,33300000,33300000,5575,9291,33345000,14418
8,741,33345000,33345000,5575,9291,33390000,14439
8,742,33390000,33390000,5575,9291,33435000,14458
8,743,33435000,33435000,5575,9291,33480000,14479
8,744,33480000,33480000,5575,9291,33525000,14498
8,745,33525000,33525000,5575,9291,33570000,14516
8,746,33570000,33570000,5575,9291,33615000,14535
8,747,33615000,33615000,5575,9291,33660000,14556
8,748,33660000,33660000,5575,9291,33705000,14576
8,749,33705000,33705000,5575,9291,33750000,14597
8,75,3375000,3375000,5575,9291,3420000,1475
8,750,33750000,33750000,5575,9291,33795000,14612
8,751,33795000,33795000,5575,9291,33840000,14634
8,752,33840000,33840000,5575,9291,33885000,14653
8,753,33885000,33885000,5575,9291,33930000,14674
8,754,33930000,33930000,5575,9291,33975000,14692
8,755,33975000,33975000,5575,9291,34020000,14712
8,756,34020000,34020000,5575,9291,34065000,14730
8,757,34065000,34065000,5575,9291,34110000,14751
8,758,34110000,34110000,5575,9291,34155000,14769
8,759,34155000,34155000,5575,9291,34200000,14792
8,76,3420000,3420000,5575,9291,3465000,1494
8,760,34200000,34200000,5575,9291,34245000,14807
8,761,34245000,34245000,5575,9291,34290000,14828
8,762,34290000,34290000,5575,9291,34335000,14847
8,763,34335000,34335000,5575,9291,34380000,14869
8,764,34380000,34380000,5575,9291,34425000,14887
8,765,34425000,34425000,5575,9291,34470000,14905
8,766,34470000,34470000,5575,9291,34515000,14925
8,767,34515000,34515000,5575,9291,34560000,14946
8,768,34560000,34560000,5575,9291,34605000,14965
8,769,34605000,34605000,5575,9291,34650000,14986
8,77,3465000,3465000,5575,9291,3510000,1515
8,770,34650000,34650000,5575,9291,34695000,15002
8,771,34695000,34695000,5575,9291,34740000,15023
8,772,34740000,34740000,5575,9291,34785000,15042
8,773,34785000,34785000,5575,9291,34830000,15063
8,774,34830000,34830000,5575,9291,34875000,15082
8,775,34875000,34875000,5575,9291,34920000,15100
8,776,34920000,34920000,5575,9291,34965000,15120
8,777,34965000,34965000,5575,9291,35010000,15140
8,778,35010000,35010000,5575,9291,35055000,15159
8,779,35055000,35055000,5575,9291,35100000,15180
8,78,3510000,3510000,5575,9291,3555000,1533
8,780,35100000,35100000,5575,9291,35145000,15197
8,781,35145000,35145000,5575,9291,35190000,15217
8,782,35190000,35190000,5575,9291,35235000,15236
8,783,35235000,35235000,5575,9291,35280000,15259
8,784,35280000,35280000,5575,9291,35325000,15277
8,785,35325000,35325000,5575,9291,35370000,15295
8,786,35370000,35370000,5575,9291,35415000,15313
8,787,35415000,35415000,5575,9291,35460000,15336
8,788,35460000,35460000,5575,9291,35505000,15354
8,789,35505000,35505000,5575,9291,35550000,15375
8,79,3555000,3555000,5575,9291,3600000,1555
8,790,35550000,35550000,5575,9291,35595000,15391
8,791,35595000,35595000,5575,9291,35640000,15413
8,792,35640000,35640000,5575,9291,35685000,15431
8,793,35685000,35685000,5575,9291,35730000,15452
8,794,35730000,35730000,5575,9291,35775000,15471
8,795,35775000,35775000,5575,9291,35820000,15490
8,796,35820000,35820000,5575,9291,35865000,15508
8,797,35865000,35865000,5575,9291,35910000,15530
8,798,35910000,35910000,5575,9291,35955000,15548
8,799,35955000,35955000,5575,9291,36000000,15570
8,8,360000,360000,5575,9291,405000,171
8,80,3600000,3600000,5575,9291,3645000,1571
8,800,36000000,36000000,5575,9291,36045000,15586
8,801,36045000,36045000,5575,9291,36090000,15607
8,802,36090000,36090000,5575,9291,36135000,15626
8,803,36135000,36135000,5575,9291,36180000,15647
8,804,36180000,36180000,5575,9291,36225000,15667
8,805,36225000,36225000,5575,9291,36270000,15684
8,806,36270000,36270000,5575,9291,36315000,15703
8,807,36315000,36315000,5575,9291,36360000,15724
8,808,36360000,36360000,5575,9291,36405000,15744
8,809,36405000,36405000,5575,9291,36450000,15764
8,81,3645000,3645000,5575,9291,3690000,1592
8,810,36450000,36450000,5575,9291,36495000,15780
8,811,36495000,36495000,5575,9291,36540000,15802
8,812,36540000,36540000,5575,9291,36585000,15821
8,813,36585000,36585000,5575,9291,36630000,15841
8,814,36630000,36630000,5575,9291,36675000,15860
8,815,36675000,36675000,5575,9291,36720000,15879
8,816,36720000,36720000,5575,9291,36765000,15898
8,817,36765000,36765000,5575,9291,36810000,15919
8,818,36810000,36810000,5575,9291,36855000,15938
8,819,36855000,36855000,5575,9291,36900000,15960
8,82,3690000,3690000,5575,9291,3735000,1610
8,820,36900000,36900000,5575,9291,36945000,15975
8,821,36945000,36945000,5575,9291,36990000,15996
8,822,36990000,36990000,5575,9291,37035000,16015
8,823,37035000,37035000,5575,9291,37080000,16037
8,824,37080000,37080000,5575,9291,37125000,16055
8,825,37125000,37125000,5575,9291,37170000,16074
8,826,37170000,37170000,5575,9291,37215000,16092
8,827,37215000,37215000,5575,9291,37260000,16114
8,828,37260000,37260000,5575,9291,37305000,16132
8,829,37305000,37305000,5575,9291,37350000,16154
8,83,3735000,3735000,5575,9291,3780000,1633
8,830,37350000,37350000,5575,9291,37395000,16169
8,831,37395000,37395000,5575,9291,37440000,16191
8,832,37440000,37440000,5575,9291,37485000,16210
8,833,37485000,37485000,5575,9291,37530000,16231
8,834,37530000,37530000,5575,9291,37575000,16250
8,835,37575000,37575000,5575,9291,37620000,16268
8,836,37620000,37620000,5575,9291,37665000,16288
8,837,37665000,37665000,5575,9291,37710000,16308
8,838,37710000,37710000,5575,9291,37755000,16327
8,839,37755000,37755000,5575,9291,37800000,16349
8,84,3780000,3780000,5575,9291,3825000,1651
8,840,37800000,37800000,5575,9291,37845000,16365
8,841,37845000,37845000,5575,9291,37890000,16385
8,842,37890000,37890000,5575,9291,37935000,16404
8,843,37935000,37935000,5575,9291,37980000,16426
8,844,37980000,37980000,5575,9291,38025000,16445
8,845,38025000,38025000,5575,9291,38070000,16462
8,846,38070000,38070000,5575,9291,38115000,16482
8,847,38115000,38115000,5575,9291,38160000,16503
8,848,38160000,38160000,5575,9291,38205000,16522
8,849,38205000,38205000,5575,9291,38250000,16542
8,85,3825000,3825000,5575,9291,3870000,1669
8,850,38250000,38250000,5575,9291,38295000,16559
8,851,38295000,38295000,5575,9291,38340000,16581
8,852,38340000,38340000,5575,9291,38385000,16599
8,853,38385000,38385000,5575,9291,38430000,16621
8,854,38430000,38430000,5575,9291,38475000,16639
8,855,38475000,38475000,5575,9291,38520000,16658
8,856,38520000,38520000,5575,9291,38565000,16676
8,857,38565000,38565000,5575,9291,38610000,16698
8,858,38610000,38610000,5575,9291,38655000,16716
8,859,38655000,38655000,5575,9291,38700000,16738
8,86,3870000,3870000,5575,9291,3915000,1688
8,860,38700000,38700000,5575,9291,38745000,16754
8,861,38745000,38745000,5575,9291,38790000,16775
8,862,38790000,38790000,5575,9291,38835000,16793
8,863,38835000,38835000,5575,9291,38880000,16815
8,864,38880000,38880000,5575,9291,38925000,16834
8,865,38925000,38925000,5575,9291,38970000,16852
8,866,38970000,38970000,5575,9291,39015000,16870
8,867,39015000,39015000,5575,9291,39060000,16893
8,868,39060000,39060000,5575,9291,39105000,16912
8,869,39105000,39105000,5575,9291,39150000,16932
8,87,3915000,3915000,5575,9291,3960000,1710
8,870,39150000,39150000,5575,9291,39195000,16948
8,871,39195000,39195000,5575,9291,39240000,16970
8,872,39240000,39240000,5575,9291,39285000,16989
8,873,39285000,39285000,5575,9291,39330000,17009
8,874,39330000,39330000,5575,9291,39375000,17029
8,875,39375000,39375000,5575,9291,39420000,17047
8,876,39420000,39420000,5575,9291,39465000,17066
8,877,39465000,39465000,5575,9291,39510000,17086
8,878,39510000,39510000,5575,9291,39555000,17106
8,879,39555000,39555000,5575,9291,39600000,17127
8,88,3960000,3960000,5575,9291,4005000,1729
8,880,39600000,39600000,5575,9291,39645000,17143
8,881,39645000,39645000,5575,9291,39690000,17164
8,882,39690000,39690000,5575,9291,39735000,17183
8,883,39735000,39735000,5575,9291,39780000,17204
8,884,39780000,39780000,5575,9291,39825000,17223
8,885,39825000,39825000,5575,9291,39870000,17242
8,886,39870000,39870000,5575,9291,39915000,17260
8,887,39915000,39915000,5575,9291,39960000,17282
8,888,39960000,39960000,5575,9291,40005000,17301
8,889,40005000,40005000,5575,9291,40050000,17322
8,89,4005000,4005000,5575,9291,4050000,1749
8,890,40050000,40050000,5575,9291,40095000,17337
8,891,40095000,40095000,5575,9291,40140000,17359
8,892,40140000,40140000,5575,9291,40185000,17378
8,893,40185000,40185000,5575,9291,40230000,17399
8,894,40230000,40230000,5575,9291,40275000,17417
8,895,40275000,40275000,5575,9291,40320000,17437
8,896,40320000,40320000,5575,9291,40365000,17455
8,897,40365000,40365000,5575,9291,40410000,17476
8,898,40410000,40410000,5575,9291,40455000,17494
8,899,40455000,40455000,5575,9291,40500000,17517
8,9,405000,405000,5575,9291,450000,192
8,90,4050000,4050000,5575,9291,4095000,1766
8,900,40500000,40500000,5575,9291,40545000,17532
8,901,40545000,40545000,5575,9291,40590000,17553
8,902,40590000,40590000,5575,9291,40635000,17573
8,903,40635000,40635000,5575,9291,40680000,17594
8,904,40680000,40680000,5575,9291,40725000,17613
8,905,40725000,40725000,5575,9291,40770000,17630
8,906,40770000,40770000,5575,9291,40815000,17650
8,907,40815000,40815000,5575,9291,40860000,17671
8,908,40860000,40860000,5575,9291,40905000,17690
8,909,40905000,40905000,5575,9291,40950000,17711
8,91,4095000,4095000,5575,9291,4140000,1787
8,910,40950000,40950000,5575,9291,40995000,17727
8,911,40995000,40995000,5575,9291,41040000,17748
8,912,41040000,41040000,5575,9291,41085000,17767
8,913,41085000,41085000,5575,9291,41130000,17788
8,914,41130000,41130000,5575,9291,41175000,17807
8,915,41175000,41175000,5575,9291,41220000,17825
8,916,41220000,41220000,5575,9291,41265000,17845
8,917,41265000,41265000,5575,9291,41310000,17865
8,918,41310000,41310000,5575,9291,41355000,17884
8,919,41355000,41355000,5575,9291,41400000,17906
8,92,4140000,4140000,5575,9291,4185000,1806
8,920,41400000,41400000,5575,9291,41445000,17922
8,921,41445000,41445000,5575,9291,41490000,17943
8,922,41490000,41490000,5575,9291,41535000,17961
8,923,41535000,41535000,5575,9291,41580000,17984
8,924,41580000,41580000,5575,9291,41625000,18002
8,925,41625000,41625000,5575,9291,41670000,18020
8,926,41670000,41670000,5575,9291,41715000,18038
8,927,41715000,41715000,5575,9291,41760000,18061
8,928,41760000,41760000,5575,9291,41805000,18079
8,929,41805000,41805000,5575,9291,41850000,18100
8,93,4185000,4185000,5575,9291,4230000,1826
8,930,41850000,41850000,5575,9291,41895000,18116
8,931,41895000,41895000,5575,9291,41940000,18138
8,932,41940000,41940000,5575,9291,41985000,18156
8,933,41985000,41985000,5575,9291,42030000,18177
8,934,42030000,42030000,5575,9291,42075000,18196
8,935,42075000,42075000,5575,9291,42120000,18215
8,936,42120000,42120000,5575,9291,42165000,18234
8,937,42165000,42165000,5575,9291,42210000,18255
8,938,42210000,42210000,5575,9291,42255000,18274
8,939,42255000,42255000,5575,9291,42300000,18295
8,94,4230000,4230000,5575,9291,4275000,1846
8,940,42300000,42300000,5575,9291,42345000,18311
8,941,42345000,42345000,5575,9291,42390000,18332
8,942,42390000,42390000,5575,9291,42435000,18351
8,943,42435000,42435000,5575,9291,42480000,18372
8,944,42480000,42480000,5575,9291,42525000,18392
8,945,42525000,42525000,5575,9291,42570000,18409
8,946,42570000,42570000,5575,9291,42615000,18428
8,947,42615000,42615000,5575,9291,42660000,18449
8,948,42660000,42660000,5575,9291,42705000,18469
8,949,42705000,42705000,5575,9291,42750000,18489
8,95,4275000,4275000,5575,9291,4320000,1864
8,950,42750000,42750000,5575,9291,42795000,18505
8,951,42795000,42795000,5575,9291,42840000,18527
8,952,42840000,42840000,5575,9291,42885000,18546
8,953,42885000,42885000,5575,9291,42930000,18567
8,954,42930000,42930000,5575,9291,42975000,18585
8,955,42975000,42975000,5575,9291,43020000,18605
8,956,43020000,43020000,5575,9291,43065000,18623
8,957,43065000,43065000,5575,9291,43110000,18644
8,958,43110000,43110000,5575,9291,43155000,18663
8,959,43155000,43155000,5575,9291,43200000,18685
8,96,4320000,4320000,5575,9291,4365000,1883
8,960,43200000,43200000,5575,9291,43245000,18700
8,961,43245000,43245000,5575,9291,43290000,18721
8,962,43290000,43290000,5575,9291,43335000,18740
8,963,43335000,43335000,5575,9291,43380000,18762
8,964,43380000,43380000,5575,9291,43425000,18780
8,965,43425000,43425000,5575,9291,43470000,18799
8,966,43470000,43470000,5575,9291,43515000,18817
8,967,43515000,43515000,5575,9291,43560000,18839
8,968,43560000,43560000,5575,9291,43605000,18857
8,969,43605000,43605000,5575,9291,43650000,18879
8,97,4365000,4365000,5575,9291,4410000,1904
8,970,43650000,43650000,5575,9291,43695000,18895
8,971,43695000,43695000,5575,9291,43740000,18916
8,972,43740000,43740000,5575,9291,43785000,18936
8,973,43785000,43785000,5575,9291,43830000,18956
8,974,43830000,43830000,5575,9291,43875000,18975
8,975,43875000,43875000,5575,9291,43920000,18993
8,976,43920000,43920000,5575,9291,43965000,19013
8,977,43965000,43965000,5575,9291,44010000,19033
8,978,44010000,44010000,5575,9291,44055000,19052
8,979,44055000,44055000,5575,9291,44100000,19074
8,98,4410000,4410000,5575,9291,4455000,1923
8,980,44100000,44100000,5575,9291,44145000,19090
8,981,44145000,44145000,5575,9291,44190000,19110
8,982,44190000,44190000,5575,9291,44235000,19129
8,983,44235000,44235000,5575,9291,44280000,19151
8,984,44280000,44280000,5575,9291,44325000,19170
8,985,44325000,44325000,5575,9291,44370000,19187
8,986,44370000,44370000,5575,9291,44415000,19207
8,987,44415000,44415000,5575,9291,44460000,19229
8,988,44460000,44460000,5575,9291,44505000,19247
8,989,44505000,44505000,5575,9291,44550000,19268
8,99,4455000,4455000,5575,9291,4500000,1944
8,990,44550000,44550000,5575,9291,44595000,19284
8,991,44595000,44595000,5575,9291,44640000,19306
8,992,44640000,44640000,5575,9291,44685000,19324
8,993,44685000,44685000,5575,9291,44730000,19346
8,994,44730000,44730000,5575,9291,44775000,19364
8,995,44775000,44775000,5575,9291,44820000,19383
8,996,44820000,44820000,5575,9291,44865000,19401
8,997,44865000,44865000,5575,9291,44910000,19423
8,998,44910000,44910000,5575,9291,44955000,19441
8,999,44955000,44955000,5575,9291,45000000,19463
9,0,0,0,11179,18631,85000,31
9,1,85000,85000,11179,18631,170000,67
9,10,850000,850000,11179,18631,935000,399
9,100,8500000,8500000,11179,18631,8585000,3709
9,1000,85000000,85000000,11179,18631,85085000,36800
9,1001,85085000,85085000,11179,18631,85170000,36836
9,1002,85170000,85170000,11179,18631,85255000,36872
9,1003,85255000,85255000,11179,18631,85340000,36910
9,1004,85340000,85340000,11179,18631,85425000,36948
9,1005,85425000,85425000,11179,18631,85510000,36984
9,1006,85510000,85510000,11179,18631,85595000,37019
9,1007,85595000,85595000,11179,18631,85680000,37060
9,1008,85680000,85680000,11179,18631,85765000,37092
9,1009,85765000,85765000,11179,18631,85850000,37131
9,101,8585000,8585000,11179,18631,8670000,3745
9,1010,85850000,85850000,11179,18631,85935000,37167
9,1011,85935000,85935000,11179,18631,86020000,37203
9,1012,86020000,86020000,11179,18631,86105000,37242
9,1013,86105000,86105000,11179,18631,86190000,37278
9,1014,86190000,86190000,11179,18631,86275000,37315
9,1015,86275000,86275000,11179,18631,86360000,37352
9,1016,86360000,86360000,11179,18631,86445000,37387
9,1017,86445000,86445000,11179,18631,86530000,37425
9,1018,86530000,86530000,11179,18631,86615000,37460
9,1019,86615000,86615000,11179,18631,86700000,37501
9,102,8670000,8670000,11179,18631,8755000,3782
9,1020,86700000,86700000,11179,18631,86785000,37534
9,1021,86785000,86785000,11179,18631,86870000,37571
9,1022,86870000,86870000,11179,18631,86955000,37609
9,1023,86955000,86955000,11179,18631,87040000,37645
9,1024,87040000,87040000,11179,18631,87125000,37684
9,1025,87125000,87125000,11179,18631,87210000,37720
9,1026,87210000,87210000,11179,18631,87295000,37753
9,1027,87295000,87295000,11179,18631,87380000,37793
9,1028,87380000,87380000,11179,18631,87465000,37829
9,1029,87465000,87465000,11179,18631,87550000,37867
9,103,8755000,8755000,11179,18631,8840000,3819
9,1030,87550000,87550000,11179,18631,87635000,37902
9,1031,87635000,87635000,11179,18631,87720000,37940
9,1032,87720000,87720000,11179,18631,87805000,37976
9,1033,87805000,87805000,11179,18631,87890000,38013
9,1034,87890000,87890000,11179,18631,87975000,38051
9,1035,87975000,87975000,11179,18631,88060000,38087
9,1036,88060000,88060000,11179,18631,88145000,38122
9,1037,88145000,88145000,11179,18631,88230000,38161
9,1038,88230000,88230000,11179,18631,88315000,38195
9,1039,88315000,88315000,11179,18631,88400000,38235
9,104,8840000,8840000,11179,18631,8925000,3858
9,1040,88400000,88400000,11179,18631,88485000,38271
9,1041,88485000,88485000,11179,18631,88570000,38306
9,1042,88570000,88570000,11179,18631,88655000,38345
9,1043,88655000,88655000,11179,18631,88740000,38382
9,1044,88740000,88740000,11179,18631,88825000,38417
9,1045,88825000,88825000,11179,18631,88910000,38454
9,1046,88910000,88910000,11179,18631,88995000,38489
9,1047,88995000,88995000,11179,18631,89080000,38529
9,1048,89080000,89080000,11179,18631,89165000,38564
9,1049,89165000,89165000,11179,18631,89250000,38604
9,105,8925000,8925000,11179,18631,9010000,3893
9,1050,89250000,89250000,11179,18631,89335000,38637
9,1051,89335000,89335000,11179,18631,89420000,38674
9,1052,89420000,89420000,11179,18631,89505000,38713
9,1053,89505000,89505000,11179,18631,89590000,38747
9,1054,89590000,89590000,11179,18631,89675000,38786
9,1055,89675000,89675000,11179,18631,89760000,38823
9,1056,89760000,89760000,11179,18631,89845000,38857
9,1057,89845000,89845000,11179,18631,89930000,38896
9,1058,89930000,89930000,11179,18631,90015000,38931
9,1059,90015000,90015000,11179,18631,90100000,38971
9,106,9010000,9010000,11179,18631,9095000,3928
9,1060,90100000,90100000,11179,18631,90185000,39006
9,1061,90185000,90185000,11179,18631,90270000,39043
9,1062,90270000,90270000,11179,18631,90355000,39078
9,1063,90355000,90355000,11179,18631,90440000,39116
9,1064,90440000,90440000,11179,18631,90525000,39154
9,1065,90525000,90525000,11179,18631,90610000,39189
9,1066,90610000,90610000,11179,18631,90695000,39225
9,1067,90695000,90695000,11179,18631,90780000,39265
9,1068,90780000,90780000,11179,18631,90865000,39299
9,1069,90865000,90865000,11179,18631,90950000,39338
9,107,9095000,9095000,11179,18631,9180000,3969
9,1070,90950000,90950000,11179,18631,91035000,39374
9,1071,91035000,91035000,11179,18631,91120000,39409
9,1072,91120000,91120000,11179,18631,91205000,39447
9,1073,91205000,91205000,11179,18631,91290000,39484
9,1074,91290000,91290000,11179,18631,91375000,39520
9,1075,91375000,91375000,11179,18631,91460000,39558
9,1076,91460000,91460000,11179,18631,91545000,39593
9,1077,91545000,91545000,11179,18631,91630000,39632
9,1078,91630000,91630000,11179,18631,91715000,39667
9,1079,91715000,91715000,11179,18631,91800000,39707
9,108,9180000,9180000,11179,18631,9265000,4001
9,1080,91800000,91800000,11179,18631,91885000,39740
9,1081,91885000,91885000,11179,18631,91970000,39776
9,1082,91970000,91970000,11179,18631,92055000,39815
9,1083,92055000,92055000,11179,18631,92140000,39851
9,1084,92140000,92140000,11179,18631,92225000,39890
9,1085,92225000,92225000,11179,18631,92310000,39926
9,1086,92310000,92310000,11179,18631,92395000,39959
9,1087,92395000,92395000,11179,18631,92480000,40000
9,1088,92480000,92480000,11179,18631,92565000,40035
9,1089,92565000,92565000,11179,18631,92650000,40073
9,109,9265000,9265000,11179,18631,9350000,4041
9,1090,92650000,92650000,11179,18631,92735000,40108
9,1091,92735000,92735000,11179,18631,92820000,40146
9,1092,92820000,92820000,11179,18631,92905000,40182
9,1093,92905000,92905000,11179,18631,92990000,40218
9,1094,92990000,92990000,11179,18631,93075000,40257
9,1095,93075000,93075000,11179,18631,93160000,40293
9,1096,93160000,93160000,11179,18631,93245000,40329
9,1097,93245000,93245000,11179,18631,93330000,40368
9,1098,93330000,93330000,11179,18631,93415000,40401
9,1099,93415000,93415000,11179,18631,93500000,40441
9,11,935000,935000,11179,18631,1020000,437
9,110,9350000,9350000,11179,18631,9435000,4076
9,1100,93500000,93500000,11179,18631,93585000,40476
9,1101,93585000,93585000,11179,18631,93670000,40512
9,1102,93670000,93670000,11179,18631,93755000,40550
9,1103,93755000,93755000,11179,18631,93840000,40588
9,1104,93840000,93840000,11179,18631,93925000,40624
9,1105,93925000,93925000,11179,18631,94010000,40661
9,1106,94010000,94010000,11179,18631,94095000,40696
9,1107,94095000,94095000,11179,18631,94180000,40734
9,1108,94180000,94180000,11179,18631,94265000,40770
9,1109,94265000,94265000,11179,18631,94350000,40809
9,111,9435000,9435000,11179,18631,9520000,4113
9,1110,94350000,94350000,11179,18631,94435000,40843
9,1111,94435000,94435000,11179,18631,94520000,40880
9,1112,94520000,94520000,11179,18631,94605000,40919
9,1113,94605000,94605000,11179,18631,94690000,40954
9,1114,94690000,94690000,11179,18631,94775000,40992
9,1115,94775000,94775000,11179,18631,94860000,41030
9,1116,94860000,94860000,11179,18631,94945000,41062
9,1117,94945000,94945000,11179,18631,95030000,41102
9,1118,95030000,95030000,11179,18631,95115000,41137
9,1119,95115000,95115000,11179,18631,95200000,41177
9,112,9520000,9520000,11179,18631,9605000,4151
9,1120,95200000,95200000,11179,18631,95285000,41212
9,1121,95285000,95285000,11179,18631,95370000,41248
9,1122,95370000,95370000,11179,18631,95455000,41285
9,1123,95455000,95455000,11179,18631,95540000,41322
9,1124,95540000,95540000,11179,18631,95625000,41361
9,1125,95625000,95625000,11179,18631,95710000,41395
9,1126,95710000,95710000,11179,18631,95795000,41431
9,1127,95795000,95795000,11179,18631,95880000,41471
9,1128,95880000,95880000,11179,18631,95965000,41504
9,1129,95965000,95965000,11179,18631,96050000,41544
9,113,9605000,9605000,11179,18631,9690000,4187
9,1130,96050000,96050000,11179,18631,96135000,41579
9,1131,96135000,96135000,11179,18631,96220000,41616
9,1132,96220000,96220000,11179,18631,96305000,41654
9,1133,96305000,96305000,11179,18631,96390000,41691
9,1134,96390000,96390000,11179,18631,96475000,41726
9,1135,96475000,96475000,11179,18631,96560000,41763
9,1136,96560000,96560000,11179,18631,96645000,41799
9,1137,96645000,96645000,11179,18631,96730000,41837
9,1138,96730000,96730000,11179,18631,96815000,41873
9,1139,96815000,96815000,11179,18631,96900000,41913
9,114,9690000,9690000,11179,18631,9775000,4224
9,1140,96900000,96900000,11179,18631,96985000,41947
9,1141,96985000,96985000,11179,18631,97070000,41983
9,1142,97070000,97070000,11179,18631,97155000,42021
9,1143,97155000,97155000,11179,18631,97240000,42057
9,1144,97240000,97240000,11179,18631,97325000,42095
9,1145,97325000,97325000,11179,18631,97410000,42132
9,1146,97410000,97410000,11179,18631,97495000,42165
9,1147,97495000,97495000,11179,18631,97580000,42206
9,1148,97580000,97580000,11179,18631,97665000,42241
9,1149,97665000,97665000,11179,18631,97750000,42279
9,115,9775000,9775000,11179,18631,9860000,4261
9,1150,97750000,97750000,11179,18631,97835000,42315
9,1151,97835000,97835000,11179,18631,97920000,42352
9,1152,97920000,97920000,11179,18631,98005000,42388
9,1153,98005000,98005000,11179,18631,98090000,42424
9,1154,98090000,98090000,11179,18631,98175000,42463
9,1155,98175000,98175000,11179,18631,98260000,42499
9,1156,98260000,98260000,11179,18631,98345000,42534
9,1157,98345000,98345000,11179,18631,98430000,42574
9,1158,98430000,98430000,11179,18631,98515000,42607
9,1159,98515000,98515000,11179,18631,98600000,42648
9,116,9860000,9860000,11179,18631,9945000,4297
9,1160,98600000,98600000,11179,18631,98685000,42683
9,1161,98685000,98685000,11179,18631,98770000,42718
9,1162,98770000,98770000,11179,18631,98855000,42756
9,1163,98855000,98855000,11179,18631,98940000,42793
9,1164,98940000,98940000,11179,18631,99025000,42830
9,1165,99025000,99025000,11179,18631,99110000,42866
9,1166,99110000,99110000,11179,18631,99195000,42902
9,1167,99195000,99195000,11179,18631,99280000,42941
9,1168,99280000,99280000,11179,18631,99365000,42977
9,1169,99365000,99365000,11179,18631,99450000,43016
9,117,9945000,9945000,11179,18631,10030000,4334
9,1170,99450000,99450000,11179,18631,99535000,43048
9,1171,99535000,99535000,11179,18631,99620000,43086
9,1172,99620000,99620000,11179,18631,99705000,43124
9,1173,99705000,99705000,11179,18631,99790000,43160
9,1174,99790000,99790000,11179,18631,99875000,43198
9,1175,99875000,99875000,11179,18631,99960000,43236
9,1176,99960000,99960000,11179,18631,100045000,43269
9,1177,100045000,100045000,11179,18631,100130000,43308
9,1178,100130000,100130000,11179,18631,100215000,43344
9,1179,100215000,100215000,11179,18631,100300000,43382
9,118,10030000,10030000,11179,18631,10115000,4370
9,1180,100300000,100300000,11179,18631,100385000,43418
9,1181,100385000,100385000,11179,18631,100470000,43454
9,1182,100470000,100470000,11179,18631,100555000,43491
9,1183,100555000,100555000,11179,18631,100640000,43528
9,1184,100640000,100640000,11179,18631,100725000,43566
9,1185,100725000,100725000,11179,18631,100810000,43602
9,1186,100810000,100810000,11179,18631,100895000,43637
9,1187,100895000,100895000,11179,18631,100980000,43678
9,1188,100980000,100980000,11179,18631,101065000,43710
9,1189,101065000,101065000,11179,18631,101150000,43750
9,119,10115000,10115000,11179,18631,10200000,4410
9,1190,101150000,101150000,11179,18631,101235000,43785
9,1191,101235000,101235000,11179,18631,101320000,43821
9,1192,101320000,101320000,11179,18631,101405000,43860
9,1193,101405000,101405000,11179,18631,101490000,43896
9,1194,101490000,101490000,11179,18631,101575000,43933
9,1195,101575000,101575000,11179,18631,101660000,43970
9,1196,101660000,101660000,11179,18631,101745000,44006
9,1197,101745000,101745000,11179,18631,101830000,44043
9,1198,101830000,101830000,11179,18631,101915000,44078
9,1199,101915000,101915000,11179,18631,102000000,44119
9,12,1020000,1020000,11179,18631,1105000,473
9,120,10200000,10200000,11179,18631,10285000,4443
9,1200,102000000,102000000,11179,18631,102085000,44152
9,1201,102085000,102085000,11179,18631,102170000,44189
9,1202,102170000,102170000,11179,18631,102255000,44227
9,1203,102255000,102255000,11179,18631,102340000,44264
9,1204,102340000,102340000,11179,18631,102425000,44302
9,1205,102425000,102425000,11179,18631,102510000,44338
9,1206,102510000,102510000,11179,18631,102595000,44371
9,1207,102595000,102595000,11179,18631,102680000,44411
9,1208,102680000,102680000,11179,18631,102765000,44447
9,1209,102765000,102765000,11179,18631,102850000,44485
9,121,10285000,10285000,11179,18631,10370000,4480
9,1210,102850000,102850000,11179,18631,102935000,44521
9,1211,102935000,102935000,11179,18631,103020000,44558
9,1212,103020000,103020000,11179,18631,103105000,44594
9,1213,103105000,103105000,11179,18631,103190000,44631
9,1214,103190000,103190000,11179,18631,103275000,44669
9,1215,103275000,103275000,11179,18631,103360000,44705
9,1216,103360000,103360000,11179,18631,103445000,44740
9,1217,103445000,103445000,11179,18631,103530000,44780
9,1218,103530000,103530000,11179,18631,103615000,44813
9,1219,103615000,103615000,11179,18631,103700000,44853
9,122,10370000,10370000,11179,18631,10455000,4518
9,1220,103700000,103700000,11179,18631,103785000,44889
9,1221,103785000,103785000,11179,18631,103870000,44924
9,1222,103870000,103870000,11179,18631,103955000,44963
9,1223,103955000,103955000,11179,18631,104040000,45000
9,1224,104040000,104040000,11179,18631,104125000,45036
9,1225,104125000,104125000,11179,18631,104210000,45072
9,1226,104210000,104210000,11179,18631,104295000,45107
9,1227,104295000,104295000,11179,18631,104380000,45147
9,1228,104380000,104380000,11179,18631,104465000,45182
9,1229,104465000,104465000,11179,18631,104550000,45222
9,123,10455000,10455000,11179,18631,10540000,4555
9,1230,104550000,104550000,11179,18631,104635000,45255
9,1231,104635000,104635000,11179,18631,104720000,45293
9,1232,104720000,104720000,11179,18631,104805000,45331
9,1233,104805000,104805000,11179,18631,104890000,45365
9,1234,104890000,104890000,11179,18631,104975000,45404
9,1235,104975000,104975000,11179,18631,105060000,45441
9,1236,105060000,105060000,11179,18631,105145000,45475
9,1237,105145000,105145000,11179,18631,105230000,45514
9,1238,105230000,105230000,11179,18631,105315000,45550
9,1239,105315000,105315000,11179,18631,105400000,45589
9,124,10540000,10540000,11179,18631,10625000,4593
9,1240,105400000,105400000,11179,18631,105485000,45624
9,1241,105485000,105485000,11179,18631,105570000,45661
9,1242,105570000,105570000,11179,18631,105655000,45696
9,1243,105655000,105655000,11179,18631,105740000,45734
9,1244,105740000,105740000,11179,18631,105825000,45772
9,1245,105825000,105825000,11179,18631,105910000,45808
9,1246,105910000,105910000,11179,18631,105995000,45843
9,1247,105995000,105995000,11179,18631,106080000,45883
9,1248,106080000,106080000,11179,18631,106165000,45917
9,1249,106165000,106165000,11179,18631,106250000,45956
9,125,10625000,10625000,11179,18631,10710000,4630
9,1250,106250000,106250000,11179,18631,106335000,45992
9,1251,106335000,106335000,11179,18631,106420000,46027
9,1252,106420000,106420000,11179,18631,106505000,46066
9,1253,106505000,106505000,11179,18631,106590000,46102
9,1254,106590000,106590000,11179,18631,106675000,46138
9,1255,106675000,106675000,11179,18631,106760000,46176
9,1256,106760000,106760000,11179,18631,106845000,46211
9,1257,106845000,106845000,11179,18631,106930000,46250
9,1258,106930000,106930000,11179,18631,107015000,46285
9,1259,107015000,107015000,11179,18631,107100000,46326
9,126,10710000,10710000,11179,18631,10795000,4662
9,127,10795000,10795000,11179,18631,10880000,4702
9,128,10880000,10880000,11179,18631,10965000,4738
9,129,10965000,10965000,11179,18631,11050000,4776
9,13,1105000,1105000,11179,18631,1190000,510
9,130,11050000,11050000,11179,18631,11135000,4812
9,131,11135000,11135000,11179,18631,11220000,4849
9,132,11220000,11220000,11179,18631,11305000,4886
9,133,11305000,11305000,11179,18631,11390000,4922
9,134,11390000,11390000,11179,18631,11475000,4960
9,135,11475000,11475000,11179,18631,11560000,4996
9,136,11560000,11560000,11179,18631,11645000,5031
9,137,11645000,11645000,11179,18631,11730000,5071
9,138,11730000,11730000,11179,18631,11815000,5104
9,139,11815000,11815000,11179,18631,11900000,5145
9,14,1190000,1190000,11179,18631,1275000,548
9,140,11900000,11900000,11179,18631,11985000,5180
9,141,11985000,11985000,11179,18631,12070000,5215
9,142,12070000,12070000,11179,18631,12155000,5254
9,143,12155000,12155000,11179,18631,12240000,5291
9,144,12240000,12240000,11179,18631,12325000,5327
9,145,12325000,12325000,11179,18631,12410000,5363
9,146,12410000,12410000,11179,18631,12495000,5399
9,147,12495000,12495000,11179,18631,12580000,5438
9,148,12580000,12580000,11179,18631,12665000,5473
9,149,12665000,12665000,11179,18631,12750000,5513
9,15,1275000,1275000,11179,18631,1360000,584
9,150,12750000,12750000,11179,18631,12835000,5546
9,151,12835000,12835000,11179,18631,12920000,5584
9,152,12920000,12920000,11179,18631,13005000,5622
9,153,13005000,13005000,11179,18631,13090000,5657
9,154,13090000,13090000,11179,18631,13175000,5695
9,155,13175000,13175000,11179,18631,13260000,5732
9,156,13260000,13260000,11179,18631,13345000,5766
9,157,13345000,13345000,11179,18631,13430000,5805
9,158,13430000,13430000,11179,18631,13515000,5841
9,159,13515000,13515000,11179,18631,13600000,5880
9,16,1360000,1360000,11179,18631,1445000,620
9,160,13600000,13600000,11179,18631,13685000,5916
9,161,13685000,13685000,11179,18631,13770000,5952
9,162,13770000,13770000,11179,18631,13855000,5987
9,163,13855000,13855000,11179,18631,13940000,6025
9,164,13940000,13940000,11179,18631,14025000,6063
9,165,14025000,14025000,11179,18631,14110000,6099
9,166,14110000,14110000,11179,18631,14195000,6134
9,167,14195000,14195000,11179,18631,14280000,6175
9,168,14280000,14280000,11179,18631,14365000,6208
9,169,14365000,14365000,11179,18631,14450000,6247
9,17,1445000,1445000,11179,18631,1530000,659
9,170,14450000,14450000,11179,18631,14535000,6283
9,171,14535000,14535000,11179,18631,14620000,6318
9,172,14620000,14620000,11179,18631,14705000,6357
9,173,14705000,14705000,11179,18631,14790000,6393
9,174,14790000,14790000,11179,18631,14875000,6430
9,175,14875000,14875000,11179,18631,14960000,6467
9,176,14960000,14960000,11179,18631,15045000,6502
9,177,15045000,15045000,11179,18631,15130000,6541
9,178,15130000,15130000,11179,18631,15215000,6576
9,179,15215000,15215000,11179,18631,15300000,6617
9,18,1530000,1530000,11179,18631,1615000,692
9,180,15300000,15300000,11179,18631,15385000,6649
9,181,15385000,15385000,11179,18631,15470000,6686
9,182,15470000,15470000,11179,18631,15555000,6724
9,183,15555000,15555000,11179,18631,15640000,6760
9,184,15640000,15640000,11179,18631,15725000,6799
9,185,15725000,15725000,11179,18631,15810000,6835
9,186,15810000,15810000,11179,18631,15895000,6869
9,187,15895000,15895000,11179,18631,15980000,6909
9,188,15980000,15980000,11179,18631,16065000,6945
9,189,16065000,16065000,11179,18631,16150000,6982
9,19,1615000,1615000,11179,18631,1700000,732
9,190,16150000,16150000,11179,18631,16235000,7017
9,191,16235000,16235000,11179,18631,16320000,7055
9,192,16320000,16320000,11179,18631,16405000,7091
9,193,16405000,16405000,11179,18631,16490000,7128
9,194,16490000,16490000,11179,18631,16575000,7166
9,195,16575000,16575000,11179,18631,16660000,7203
9,196,16660000,16660000,11179,18631,16745000,7238
9,197,16745000,16745000,11179,18631,16830000,7277
9,198,16830000,16830000,11179,18631,16915000,7310
9,199,16915000,16915000,11179,18631,17000000,7350
9,2,170000,170000,11179,18631,255000,106
9,20,1700000,1700000,11179,18631,1785000,768
9,200,17000000,17000000,11179,18631,17085000,7386
9,201,17085000,17085000,11179,18631,17170000,7421
9,202,17170000,17170000,11179,18631,17255000,7460
9,203,17255000,17255000,11179,18631,17340000,7497
9,204,17340000,17340000,11179,18631,17425000,7533
9,205,17425000,17425000,11179,18631,17510000,7570
9,206,17510000,17510000,11179,18631,17595000,7605
9,207,17595000,17595000,11179,18631,17680000,7644
9,208,17680000,17680000,11179,18631,17765000,7679
9,209,17765000,17765000,11179,18631,17850000,7719
9,21,1785000,1785000,11179,18631,1870000,803
9,210,17850000,17850000,11179,18631,17935000,7752
9,211,17935000,17935000,11179,18631,18020000,7789
9,212,18020000,18020000,11179,18631,18105000,7828
9,213,18105000,18105000,11179,18631,18190000,7863
9,214,18190000,18190000,11179,18631,18275000,7902
9,215,18275000,18275000,11179,18631,18360000,7939
9,216,18360000,18360000,11179,18631,18445000,7972
9,217,18445000,18445000,11179,18631,18530000,8011
9,218,18530000,18530000,11179,18631,18615000,8046
9,219,18615000,18615000,11179,18631,18700000,8086
9,22,1870000,1870000,11179,18631,1955000,841
9,220,18700000,18700000,11179,18631,18785000,8121
9,221,18785000,18785000,11179,18631,18870000,8158
9,222,18870000,18870000,11179,18631,18955000,8194
9,223,18955000,18955000,11179,18631,19040000,8232
9,224,19040000,19040000,11179,18631,19125000,8270
9,225,19125000,19125000,11179,18631,19210000,8304
9,226,19210000,19210000,11179,18631,19295000,8340
9,227,19295000,19295000,11179,18631,19380000,8380
9,228,19380000,19380000,11179,18631,19465000,8414
9,229,19465000,19465000,11179,18631,19550000,8453
9,23,1955000,1955000,11179,18631,2040000,879
9,230,19550000,19550000,11179,18631,19635000,8489
9,231,19635000,19635000,11179,18631,19720000,8525
9,232,19720000,19720000,11179,18631,19805000,8563
9,233,19805000,19805000,11179,18631,19890000,8600
9,234,19890000,19890000,11179,18631,19975000,8635
9,235,19975000,19975000,11179,18631,20060000,8673
9,236,20060000,20060000,11179,18631,20145000,8708
9,237,20145000,20145000,11179,18631,20230000,8747
9,238,20230000,20230000,11179,18631,20315000,8782
9,239,20315000,20315000,11179,18631,20400000,8822
9,24,2040000,2040000,11179,18631,2125000,915
9,240,20400000,20400000,11179,18631,20485000,8856
9,241,20485000,20485000,11179,18631,20570000,8892
9,242,20570000,20570000,11179,18631,20655000,8931
9,243,20655000,20655000,11179,18631,20740000,8966
9,244,20740000,20740000,11179,18631,20825000,9005
9,245,20825000,20825000,11179,18631,20910000,9041
9,246,20910000,20910000,11179,18631,20995000,9074
9,247,20995000,20995000,11179,18631,21080000,9115
9,248,21080000,21080000,11179,18631,21165000,9150
9,249,21165000,21165000,11179,18631,21250000,9189
9,25,2125000,2125000,11179,18631,2210000,952
9,250,21250000,21250000,11179,18631,21335000,9224
9,251,21335000,21335000,11179,18631,21420000,9262
9,252,21420000,21420000,11179,18631,21505000,9297
9,253,21505000,21505000,11179,18631,21590000,9333
9,254,21590000,21590000,11179,18631,21675000,9372
9,255,21675000,21675000,11179,18631,21760000,9408
9,256,21760000,21760000,11179,18631,21845000,9444
9,257,21845000,21845000,11179,18631,21930000,9483
9,258,21930000,21930000,11179,18631,22015000,9517
9,259,22015000,22015000,11179,18631,22100000,9557
9,26,2210000,2210000,11179,18631,2295000,987
9,260,22100000,22100000,11179,18631,22185000,9592
9,261,22185000,22185000,11179,18631,22270000,9627
9,262,22270000,22270000,11179,18631,22355000,9665
9,263,22355000,22355000,11179,18631,22440000,9703
9,264,22440000,22440000,11179,18631,22525000,9739
9,265,22525000,22525000,11179,18631,22610000,9776
9,266,22610000,22610000,11179,18631,22695000,9811
9,267,22695000,22695000,11179,18631,22780000,9850
9,268,22780000,22780000,11179,18631,22865000,9886
9,269,22865000,22865000,11179,18631,22950000,9925
9,27,2295000,2295000,11179,18631,2380000,1026
9,270,22950000,22950000,11179,18631,23035000,9958
9,271,23035000,23035000,11179,18631,23120000,9995
9,272,23120000,23120000,11179,18631,23205000,10034
9,273,23205000,23205000,11179,18631,23290000,10069
9,274,23290000,23290000,11179,18631,23375000,10107
9,275,23375000,23375000,11179,18631,23460000,10145
9,276,23460000,23460000,11179,18631,23545000,10178
9,277,23545000,23545000,11179,18631,23630000,10218
9,278,23630000,23630000,11179,18631,23715000,10253
9,279,23715000,23715000,11179,18631,23800000,10292
9,28,2380000,2380000,11179,18631,2465000,1061
9,280,23800000,23800000,11179,18631,23885000,10327
9,281,23885000,23885000,11179,18631,23970000,10363
9,282,23970000,23970000,11179,18631,24055000,10400
9,283,24055000,24055000,11179,18631,24140000,10437
9,284,24140000,24140000,11179,18631,24225000,10476
9,285,24225000,24225000,11179,18631,24310000,10511
9,286,24310000,24310000,11179,18631,24395000,10547
9,287,24395000,24395000,11179,18631,24480000,10587
9,288,24480000,24480000,11179,18631,24565000,10619
9,289,24565000,24565000,11179,18631,24650000,10659
9,29,2465000,2465000,11179,18631,2550000,1100
9,290,24650000,24650000,11179,18631,24735000,10694
9,291,24735000,24735000,11179,18631,24820000,10731
9,292,24820000,24820000,11179,18631,24905000,10769
9,293,24905000,24905000,11179,18631,24990000,10806
9,294,24990000,24990000,11179,18631,25075000,10842
9,295,25075000,25075000,11179,18631,25160000,10879
9,296,25160000,25160000,11179,18631,25245000,10915
9,297,25245000,25245000,11179,18631,25330000,10952
9,298,25330000,25330000,11179,18631,25415000,10988
9,299,25415000,25415000,11179,18631,25500000,11028
9,3,255000,255000,11179,18631,340000,142
9,30,2550000,2550000,11179,18631,2635000,1134
9,300,25500000,25500000,11179,18631,25585000,11062
9,301,25585000,25585000,11179,18631,25670000,11098
9,302,25670000,25670000,11179,18631,25755000,11136
9,303,25755000,25755000,11179,18631,25840000,11173
9,304,25840000,25840000,11179,18631,25925000,11211
9,305,25925000,25925000,11179,18631,26010000,11248
9,306,26010000,26010000,11179,18631,26095000,11280
9,307,26095000,26095000,11179,18631,26180000,11321
9,308,26180000,26180000,11179,18631,26265000,11356
9,309,26265000,26265000,11179,18631,26350000,11394
9,31,2635000,2635000,11179,18631,2720000,1171
9,310,26350000,26350000,11179,18631,26435000,11430
9,311,26435000,26435000,11179,18631,26520000,11467
9,312,26520000,26520000,11179,18631,26605000,11504
9,313,26605000,26605000,11179,18631,26690000,11540
9,314,26690000,26690000,11179,18631,26775000,11579
9,315,26775000,26775000,11179,18631,26860000,11614
9,316,26860000,26860000,11179,18631,26945000,11649
9,317,26945000,26945000,11179,18631,27030000,11689
9,318,27030000,27030000,11179,18631,27115000,11722
9,319,27115000,27115000,11179,18631,27200000,11763
9,32,2720000,2720000,11179,18631,2805000,1210
9,320,27200000,27200000,11179,18631,27285000,11798
9,321,27285000,27285000,11179,18631,27370000,11834
9,322,27370000,27370000,11179,18631,27455000,11872
9,323,27455000,27455000,11179,18631,27540000,11909
9,324,27540000,27540000,11179,18631,27625000,11945
9,325,27625000,27625000,11179,18631,27710000,11981
9,326,27710000,27710000,11179,18631,27795000,12017
9,327,27795000,27795000,11179,18631,27880000,12056
9,328,27880000,27880000,11179,18631,27965000,12092
9,329,27965000,27965000,11179,18631,28050000,12131
9,33,2805000,2805000,11179,18631,2890000,1245
9,330,28050000,28050000,11179,18631,28135000,12164
9,331,28135000,28135000,11179,18631,28220000,12202
9,332,28220000,28220000,11179,18631,28305000,12240
9,333,28305000,28305000,11179,18631,28390000,12275
9,334,28390000,28390000,11179,18631,28475000,12313
9,335,28475000,28475000,11179,18631,28560000,12351
9,336,28560000,28560000,11179,18631,28645000,12384
9,337,28645000,28645000,11179,18631,28730000,12423
9,338,28730000,28730000,11179,18631,28815000,12459
9,339,28815000,28815000,11179,18631,28900000,12498
9,34,2890000,2890000,11179,18631,2975000,1284
9,340,28900000,28900000,11179,18631,28985000,12534
9,341,28985000,28985000,11179,18631,29070000,12570
9,342,29070000,29070000,11179,18631,29155000,12606
9,343,29155000,29155000,11179,18631,29240000,12643
9,344,29240000,29240000,11179,18631,29325000,12681
9,345,29325000,29325000,11179,18631,29410000,12717
9,346,29410000,29410000,11179,18631,29495000,12752
9,347,29495000,29495000,11179,18631,29580000,12793
9,348,29580000,29580000,11179,18631,29665000,12826
9,349,29665000,29665000,11179,18631,29750000,12866
9,35,2975000,2975000,11179,18631,3060000,1321
9,350,29750000,29750000,11179,18631,29835000,12901
9,351,29835000,29835000,11179,18631,29920000,12936
9,352,29920000,29920000,11179,18631,30005000,12975
9,353,30005000,30005000,11179,18631,30090000,13011
9,354,30090000,30090000,11179,18631,30175000,13048
9,355,30175000,30175000,11179,18631,30260000,13085
9,356,30260000,30260000,11179,18631,30345000,13121
9,357,30345000,30345000,11179,18631,30430000,13159
9,358,30430000,30430000,11179,18631,30515000,13194
9,359,30515000,30515000,11179,18631,30600000,13235
9,36,3060000,3060000,11179,18631,3145000,1353
9,360,30600000,30600000,11179,18631,30685000,13267
9,361,30685000,30685000,11179,18631,30770000,13304
9,362,30770000,30770000,11179,18631,30855000,13342
9,363,30855000,30855000,11179,18631,30940000,13379
9,364,30940000,30940000,11179,18631,31025000,13417
9,365,31025000,31025000,11179,18631,31110000,13453
9,366,31110000,31110000,11179,18631,31195000,13487
9,367,31195000,31195000,11179,18631,31280000,13527
9,368,31280000,31280000,11179,18631,31365000,13563
9,369,31365000,31365000,11179,18631,31450000,13600
9,37,3145000,3145000,11179,18631,3230000,1393
9,370,31450000,31450000,11179,18631,31535000,13636
9,371,31535000,31535000,11179,18631,31620000,13673
9,372,31620000,31620000,11179,18631,31705000,13709
9,373,31705000,31705000,11179,18631,31790000,13746
9,374,31790000,31790000,11179,18631,31875000,13784
9,375,31875000,31875000,11179,18631,31960000,13821
9,376,31960000,31960000,11179,18631,32045000,13856
9,377,32045000,32045000,11179,18631,32130000,13896
9,378,32130000,32130000,11179,18631,32215000,13928
9,379,32215000,32215000,11179,18631,32300000,13968
9,38,3230000,3230000,11179,18631,3315000,1428
9,380,32300000,32300000,11179,18631,32385000,14004
9,381,32385000,32385000,11179,18631,32470000,14039
9,382,32470000,32470000,11179,18631,32555000,14078
9,383,32555000,32555000,11179,18631,32640000,14115
9,384,32640000,32640000,11179,18631,32725000,14152
9,385,32725000,32725000,11179,18631,32810000,14188
9,386,32810000,32810000,11179,18631,32895000,14223
9,387,32895000,32895000,11179,18631,32980000,14262
9,388,32980000,32980000,11179,18631,33065000,14297
9,389,33065000,33065000,11179,18631,33150000,14337
9,39,3315000,3315000,11179,18631,3400000,1468
9,390,33150000,33150000,11179,18631,33235000,14370
9,391,33235000,33235000,11179,18631,33320000,14408
9,392,33320000,33320000,11179,18631,33405000,14446
9,393,33405000,33405000,11179,18631,33490000,14481
9,394,33490000,33490000,11179,18631,33575000,14520
9,395,33575000,33575000,11179,18631,33660000,14557
9,396,33660000,33660000,11179,18631,33745000,14590
9,397,33745000,33745000,11179,18631,33830000,14629
9,398,33830000,33830000,11179,18631,33915000,14665
9,399,33915000,33915000,11179,18631,34000000,14704
9,4,340000,340000,11179,18631,425000,181
9,40,3400000,3400000,11179,18631,3485000,1503
9,400,34000000,34000000,11179,18631,34085000,14739
9,401,34085000,34085000,11179,18631,34170000,14776
9,402,34170000,34170000,11179,18631,34255000,14812
9,403,34255000,34255000,11179,18631,34340000,14850
9,404,34340000,34340000,11179,18631,34425000,14888
9,405,34425000,34425000,11179,18631,34510000,14923
9,406,34510000,34510000,11179,18631,34595000,14958
9,407,34595000,34595000,11179,18631,34680000,14998
9,408,34680000,34680000,11179,18631,34765000,15032
9,409,34765000,34765000,11179,18631,34850000,15071
9,41,3485000,3485000,11179,18631,3570000,1540
9,410,34850000,34850000,11179,18631,34935000,15107
9,411,34935000,34935000,11179,18631,35020000,15143
9,412,35020000,35020000,11179,18631,35105000,15182
9,413,35105000,35105000,11179,18631,35190000,15218
9,414,35190000,35190000,11179,18631,35275000,15253
9,415,35275000,35275000,11179,18631,35360000,15291
9,416,35360000,35360000,11179,18631,35445000,15326
9,417,35445000,35445000,11179,18631,35530000,15365
9,418,35530000,35530000,11179,18631,35615000,15400
9,419,35615000,35615000,11179,18631,35700000,15441
9,42,3570000,3570000,11179,18631,3655000,1576
9,420,35700000,35700000,11179,18631,35785000,15474
9,421,35785000,35785000,11179,18631,35870000,15510
9,422,35870000,35870000,11179,18631,35955000,15549
9,423,35955000,35955000,11179,18631,36040000,15584
9,424,36040000,36040000,11179,18631,36125000,15623
9,425,36125000,36125000,11179,18631,36210000,15659
9,426,36210000,36210000,11179,18631,36295000,15693
9,427,36295000,36295000,11179,18631,36380000,15733
9,428,36380000,36380000,11179,18631,36465000,15768
9,429,36465000,36465000,11179,18631,36550000,15807
9,43,3655000,3655000,11179,18631,3740000,1613
9,430,36550000,36550000,11179,18631,36635000,15842
9,431,36635000,36635000,11179,18631,36720000,15880
9,432,36720000,36720000,11179,18631,36805000,15915
9,433,36805000,36805000,11179,18631,36890000,15952
9,434,36890000,36890000,11179,18631,36975000,15990
9,435,36975000,36975000,11179,18631,37060000,16026
9,436,37060000,37060000,11179,18631,37145000,16062
9,437,37145000,37145000,11179,18631,37230000,16101
9,438,37230000,37230000,11179,18631,37315000,16135
9,439,37315000,37315000,11179,18631,37400000,16175
9,44,3740000,3740000,11179,18631,3825000,1652
9,440,37400000,37400000,11179,18631,37485000,16211
9,441,37485000,37485000,11179,18631,37570000,16245
9,442,37570000,37570000,11179,18631,37655000,16283
9,443,37655000,37655000,11179,18631,37740000,16321
9,444,37740000,37740000,11179,18631,37825000,16357
9,445,37825000,37825000,11179,18631,37910000,16394
9,446,37910000,37910000,11179,18631,37995000,16429
9,447,37995000,37995000,11179,18631,38080000,16469
9,448,38080000,38080000,11179,18631,38165000,16504
9,449,38165000,38165000,11179,18631,38250000,16543
9,45,3825000,3825000,11179,18631,3910000,1686
9,450,38250000,38250000,11179,18631,38335000,16576
9,451,38335000,38335000,11179,18631,38420000,16613
9,452,38420000,38420000,11179,18631,38505000,16652
9,453,38505000,38505000,11179,18631,38590000,16687
9,454,38590000,38590000,11179,18631,38675000,16726
9,455,38675000,38675000,11179,18631,38760000,16763
9,456,38760000,38760000,11179,18631,38845000,16796
9,457,38845000,38845000,11179,18631,38930000,16836
9,458,38930000,38930000,11179,18631,39015000,16871
9,459,39015000,39015000,11179,18631,39100000,16910
9,46,3910000,3910000,11179,18631,3995000,1722
9,460,39100000,39100000,11179,18631,39185000,16945
9,461,39185000,39185000,11179,18631,39270000,16982
9,462,39270000,39270000,11179,18631,39355000,17018
9,463,39355000,39355000,11179,18631,39440000,17055
9,464,39440000,39440000,11179,18631,39525000,17094
9,465,39525000,39525000,11179,18631,39610000,17129
9,466,39610000,39610000,11179,18631,39695000,17165
9,467,39695000,39695000,11179,18631,39780000,17205
9,468,39780000,39780000,11179,18631,39865000,17238
9,469,39865000,39865000,11179,18631,39950000,17277
9,47,3995000,3995000,11179,18631,4080000,1762
9,470,39950000,39950000,11179,18631,40035000,17312
9,471,40035000,40035000,11179,18631,40120000,17349
9,472,40120000,40120000,11179,18631,40205000,17387
9,473,40205000,40205000,11179,18631,40290000,17424
9,474,40290000,40290000,11179,18631,40375000,17460
9,475,40375000,40375000,11179,18631,40460000,17498
9,476,40460000,40460000,11179,18631,40545000,17533
9,477,40545000,40545000,11179,18631,40630000,17570
9,478,40630000,40630000,11179,18631,40715000,17606
9,479,40715000,40715000,11179,18631,40800000,17646
9,48,4080000,4080000,11179,18631,4165000,1796
9,480,40800000,40800000,11179,18631,40885000,17680
9,481,40885000,40885000,11179,18631,40970000,17716
9,482,40970000,40970000,11179,18631,41055000,17755
9,483,41055000,41055000,11179,18631,41140000,17791
9,484,41140000,41140000,11179,18631,41225000,17829
9,485,41225000,41225000,11179,18631,41310000,17866
9,486,41310000,41310000,11179,18631,41395000,17898
9,487,41395000,41395000,11179,18631,41480000,17939
9,488,41480000,41480000,11179,18631,41565000,17974
9,489,41565000,41565000,11179,18631,41650000,18013
9,49,4165000,4165000,11179,18631,4250000,1835
9,490,41650000,41650000,11179,18631,41735000,18048
9,491,41735000,41735000,11179,18631,41820000,18085
9,492,41820000,41820000,11179,18631,41905000,18122
9,493,41905000,41905000,11179,18631,41990000,18158
9,494,41990000,41990000,11179,18631,42075000,18197
9,495,42075000,42075000,11179,18631,42160000,18232
9,496,42160000,42160000,11179,18631,42245000,18268
9,497,42245000,42245000,11179,18631,42330000,18307
9,498,42330000,42330000,11179,18631,42415000,18340
9,499,42415000,42415000,11179,18631,42500000,18381
9,5,425000,425000,11179,18631,510000,217
9,50,4250000,4250000,11179,18631,4335000,1870
9,500,42500000,42500000,11179,18631,42585000,18416
9,501,42585000,42585000,11179,18631,42670000,18452
9,502,42670000,42670000,11179,18631,42755000,18490
9,503,42755000,42755000,11179,18631,42840000,18528
9,504,42840000,42840000,11179,18631,42925000,18563
9,505,42925000,42925000,11179,18631,43010000,18599
9,506,43010000,43010000,11179,18631,43095000,18635
9,507,43095000,43095000,11179,18631,43180000,18674
9,508,43180000,43180000,11179,18631,43265000,18710
9,509,43265000,43265000,11179,18631,43350000,18749
9,51,4335000,4335000,11179,18631,4420000,1907
9,510,43350000,43350000,11179,18631,43435000,18783
9,511,43435000,43435000,11179,18631,43520000,18820
9,512,43520000,43520000,11179,18631,43605000,18858
9,513,43605000,43605000,11179,18631,43690000,18893
9,514,43690000,43690000,11179,18631,43775000,18931
9,515,43775000,43775000,11179,18631,43860000,18969
9,516,43860000,43860000,11179,18631,43945000,19002
9,517,43945000,43945000,11179,18631,44030000,19042
9,518,44030000,44030000,11179,18631,44115000,19077
9,519,44115000,44115000,11179,18631,44200000,19116
9,52,4420000,4420000,11179,18631,4505000,1945
9,520,44200000,44200000,11179,18631,44285000,19152
9,521,44285000,44285000,11179,18631,44370000,19188
9,522,44370000,44370000,11179,18631,44455000,19224
9,523,44455000,44455000,11179,18631,44540000,19261
9,524,44540000,44540000,11179,18631,44625000,19300
9,525,44625000,44625000,11179,18631,44710000,19335
9,526,44710000,44710000,11179,18631,44795000,19370
9,527,44795000,44795000,11179,18631,44880000,19411
9,528,44880000,44880000,11179,18631,44965000,19444
9,529,44965000,44965000,11179,18631,45050000,19484
9,53,4505000,4505000,11179,18631,4590000,1982
9,530,45050000,45050000,11179,18631,45135000,19519
9,531,45135000,45135000,11179,18631,45220000,19555
9,532,45220000,45220000,11179,18631,45305000,19593
9,533,45305000,45305000,11179,18631,45390000,19629
9,534,45390000,45390000,11179,18631,45475000,19666
9,535,45475000,45475000,11179,18631,45560000,19703
9,536,45560000,45560000,11179,18631,45645000,19739
9,537,45645000,45645000,11179,18631,45730000,19777
9,538,45730000,45730000,11179,18631,45815000,19813
9,539,45815000,45815000,11179,18631,45900000,19853
9,54,4590000,4590000,11179,18631,4675000,2017
9,540,45900000,45900000,11179,18631,45985000,19885
9,541,45985000,45985000,11179,18631,46070000,19922
9,542,46070000,46070000,11179,18631,46155000,19960
9,543,46155000,46155000,11179,18631,46240000,19997
9,544,46240000,46240000,11179,18631,46325000,20035
9,545,46325000,46325000,11179,18631,46410000,20072
9,546,46410000,46410000,11179,18631,46495000,20105
9,547,46495000,46495000,11179,18631,46580000,20145
9,548,46580000,46580000,11179,18631,46665000,20181
9,549,46665000,46665000,11179,18631,46750000,20218
9,55,4675000,4675000,11179,18631,4760000,2055
9,550,46750000,46750000,11179,18631,46835000,20254
9,551,46835000,46835000,11179,18631,46920000,20291
9,552,46920000,46920000,11179,18631,47005000,20328
9,553,47005000,47005000,11179,18631,47090000,20364
9,554,47090000,47090000,11179,18631,47175000,20402
9,555,47175000,47175000,11179,18631,47260000,20439
9,556,47260000,47260000,11179,18631,47345000,20474
9,557,47345000,47345000,11179,18631,47430000,20514
9,558,47430000,47430000,11179,18631,47515000,20546
9,559,47515000,47515000,11179,18631,47600000,20587
9,56,4760000,4760000,11179,18631,4845000,2090
9,560,47600000,47600000,11179,18631,47685000,20622
9,561,47685000,47685000,11179,18631,47770000,20657
9,562,47770000,47770000,11179,18631,47855000,20696
9,563,47855000,47855000,11179,18631,47940000,20733
9,564,47940000,47940000,11179,18631,48025000,20770
9,565,48025000,48025000,11179,18631,48110000,20806
9,566,48110000,48110000,11179,18631,48195000,20842
9,567,48195000,48195000,11179,18631,48280000,20880
9,568,48280000,48280000,11179,18631,48365000,20915
9,569,48365000,48365000,11179,18631,48450000,20955
9,57,4845000,4845000,11179,18631,4930000,2128
9,570,48450000,48450000,11179,18631,48535000,20988
9,571,48535000,48535000,11179,18631,48620000,21026
9,572,48620000,48620000,11179,18631,48705000,21064
9,573,48705000,48705000,11179,18631,48790000,21100
9,574,48790000,48790000,11179,18631,48875000,21138
9,575,48875000,48875000,11179,18631,48960000,21175
9,576,48960000,48960000,11179,18631,49045000,21208
9,577,49045000,49045000,11179,18631,49130000,21247
9,578,49130000,49130000,11179,18631,49215000,21283
9,579,49215000,49215000,11179,18631,49300000,21322
9,58,4930000,4930000,11179,18631,5015000,2164
9,580,49300000,49300000,11179,18631,49385000,21358
9,581,49385000,49385000,11179,18631,49470000,21394
9,582,49470000,49470000,11179,18631,49555000,21430
9,583,49555000,49555000,11179,18631,49640000,21468
9,584,49640000,49640000,11179,18631,49725000,21506
9,585,49725000,49725000,11179,18631,49810000,21541
9,586,49810000,49810000,11179,18631,49895000,21576
9,587,49895000,49895000,11179,18631,49980000,21617
9,588,49980000,49980000,11179,18631,50065000,21650
9,589,50065000,50065000,11179,18631,50150000,21689
9,59,5015000,5015000,11179,18631,5100000,2204
9,590,50150000,50150000,11179,18631,50235000,21725
9,591,50235000,50235000,11179,18631,50320000,21761
9,592,50320000,50320000,11179,18631,50405000,21800
9,593,50405000,50405000,11179,18631,50490000,21836
9,594,50490000,50490000,11179,18631,50575000,21872
9,595,50575000,50575000,11179,18631,50660000,21909
9,596,50660000,50660000,11179,18631,50745000,21944
9,597,50745000,50745000,11179,18631,50830000,21983
9,598,50830000,50830000,11179,18631,50915000,22018
9,599,50915000,50915000,11179,18631,51000000,22059
9,6,510000,510000,11179,18631,595000,251
9,60,5100000,5100000,11179,18631,5185000,2238
9,600,51000000,51000000,11179,18631,51085000,22092
9,601,51085000,51085000,11179,18631,51170000,22129
9,602,51170000,51170000,11179,18631,51255000,22167
9,603,51255000,51255000,11179,18631,51340000,22202
9,604,51340000,51340000,11179,18631,51425000,22241
9,605,51425000,51425000,11179,18631,51510000,22277
9,606,51510000,51510000,11179,18631,51595000,22311
9,607,51595000,51595000,11179,18631,51680000,22351
9,608,51680000,51680000,11179,18631,51765000,22387
9,609,51765000,51765000,11179,18631,51850000,22425
9,61,5185000,5185000,11179,18631,5270000,2274
9,610,51850000,51850000,11179,18631,51935000,22460
9,611,51935000,51935000,11179,18631,52020000,22498
9,612,52020000,52020000,11179,18631,52105000,22533
9,613,52105000,52105000,11179,18631,52190000,22570
9,614,52190000,52190000,11179,18631,52275000,22608
9,615,52275000,52275000,11179,18631,52360000,22645
9,616,52360000,52360000,11179,18631,52445000,22680
9,617,52445000,52445000,11179,18631,52530000,22719
9,618,52530000,52530000,11179,18631,52615000,22753
9,619,52615000,52615000,11179,18631,52700000,22793
9,62,5270000,5270000,11179,18631,5355000,2313
9,620,52700000,52700000,11179,18631,52785000,22829
9,621,52785000,52785000,11179,18631,52870000,22863
9,622,52870000,52870000,11179,18631,52955000,22902
9,623,52955000,52955000,11179,18631,53040000,22939
9,624,53040000,53040000,11179,18631,53125000,22975
9,625,53125000,53125000,11179,18631,53210000,23012
9,626,53210000,53210000,11179,18631,53295000,23047
9,627,53295000,53295000,11179,18631,53380000,23087
9,628,53380000,53380000,11179,18631,53465000,23122
9,629,53465000,53465000,11179,18631,53550000,23162
9,63,5355000,5355000,11179,18631,5440000,2348
9,630,53550000,53550000,11179,18631,53635000,23194
9,631,53635000,53635000,11179,18631,53720000,23231
9,632,53720000,53720000,11179,18631,53805000,23270
9,633,53805000,53805000,11179,18631,53890000,23305
9,634,53890000,53890000,11179,18631,53975000,23344
9,635,53975000,53975000,11179,18631,54060000,23381
9,636,54060000,54060000,11179,18631,54145000,23415
9,637,54145000,54145000,11179,18631,54230000,23454
9,638,54230000,54230000,11179,18631,54315000,23489
9,639,54315000,54315000,11179,18631,54400000,23528
9,64,5440000,5440000,11179,18631,5525000,2386
9,640,54400000,54400000,11179,18631,54485000,23563
9,641,54485000,54485000,11179,18631,54570000,23600
9,642,54570000,54570000,11179,18631,54655000,23636
9,643,54655000,54655000,11179,18631,54740000,23674
9,644,54740000,54740000,11179,18631,54825000,23712
9,645,54825000,54825000,11179,18631,54910000,23747
9,646,54910000,54910000,11179,18631,54995000,23783
9,647,54995000,54995000,11179,18631,55080000,23823
9,648,55080000,55080000,11179,18631,55165000,23856
9,649,55165000,55165000,11179,18631,55250000,23895
9,65,5525000,5525000,11179,18631,5610000,2423
9,650,55250000,55250000,11179,18631,55335000,23931
9,651,55335000,55335000,11179,18631,55420000,23967
9,652,55420000,55420000,11179,18631,55505000,24005
9,653,55505000,55505000,11179,18631,55590000,24042
9,654,55590000,55590000,11179,18631,55675000,24078
9,655,55675000,55675000,11179,18631,55760000,24116
9,656,55760000,55760000,11179,18631,55845000,24151
9,657,55845000,55845000,11179,18631,55930000,24189
9,658,55930000,55930000,11179,18631,56015000,24224
9,659,56015000,56015000,11179,18631,56100000,24264
9,66,5610000,5610000,11179,18631,5695000,2456
9,660,56100000,56100000,11179,18631,56185000,24298
9,661,56185000,56185000,11179,18631,56270000,24334
9,662,56270000,56270000,11179,18631,56355000,24373
9,663,56355000,56355000,11179,18631,56440000,24409
9,664,56440000,56440000,11179,18631,56525000,24448
9,665,56525000,56525000,11179,18631,56610000,24484
9,666,56610000,56610000,11179,18631,56695000,24516
9,667,56695000,56695000,11179,18631,56780000,24557
9,668,56780000,56780000,11179,18631,56865000,24592
9,669,56865000,56865000,11179,18631,56950000,24631
9,67,5695000,5695000,11179,18631,5780000,2497
9,670,56950000,56950000,11179,18631,57035000,24666
9,671,57035000,57035000,11179,18631,57120000,24704
9,672,57120000,57120000,11179,18631,57205000,24740
9,673,57205000,57205000,11179,18631,57290000,24776
9,674,57290000,57290000,11179,18631,57375000,24815
9,675,57375000,57375000,11179,18631,57460000,24850
9,676,57460000,57460000,11179,18631,57545000,24886
9,677,57545000,57545000,11179,18631,57630000,24925
9,678,57630000,57630000,11179,18631,57715000,24959
9,679,57715000,57715000,11179,18631,57800000,24999
9,68,5780000,5780000,11179,18631,5865000,2532
9,680,57800000,57800000,11179,18631,57885000,25034
9,681,57885000,57885000,11179,18631,57970000,25070
9,682,57970000,57970000,11179,18631,58055000,25108
9,683,58055000,58055000,11179,18631,58140000,25146
9,684,58140000,58140000,11179,18631,58225000,25181
9,685,58225000,58225000,11179,18631,58310000,25218
9,686,58310000,58310000,11179,18631,58395000,25253
9,687,58395000,58395000,11179,18631,58480000,25292
9,688,58480000,58480000,11179,18631,58565000,25328
9,689,58565000,58565000,11179,18631,58650000,25367
9,69,5865000,5865000,11179,18631,5950000,2571
9,690,58650000,58650000,11179,18631,58735000,25401
9,691,58735000,58735000,11179,18631,58820000,25438
9,692,58820000,58820000,11179,18631,58905000,25477
9,693,58905000,58905000,11179,18631,58990000,25511
9,694,58990000,58990000,11179,18631,59075000,25549
9,695,59075000,59075000,11179,18631,59160000,25587
9,696,59160000,59160000,11179,18631,59245000,25620
9,697,59245000,59245000,11179,18631,59330000,25660
9,698,59330000,59330000,11179,18631,59415000,25695
9,699,59415000,59415000,11179,18631,59500000,25735
9,7,595000,595000,11179,18631,680000,291
9,70,5950000,5950000,11179,18631,6035000,2606
9,700,59500000,59500000,11179,18631,59585000,25770
9,701,59585000,59585000,11179,18631,59670000,25806
9,702,59670000,59670000,11179,18631,59755000,25842
9,703,59755000,59755000,11179,18631,59840000,25879
9,704,59840000,59840000,11179,18631,59925000,25918
9,705,59925000,59925000,11179,18631,60010000,25953
9,706,60010000,60010000,11179,18631,60095000,25989
9,707,60095000,60095000,11179,18631,60180000,26029
9,708,60180000,60180000,11179,18631,60265000,26062
9,709,60265000,60265000,11179,18631,60350000,26102
9,71,6035000,6035000,11179,18631,6120000,2643
9,710,60350000,60350000,11179,18631,60435000,26137
9,711,60435000,60435000,11179,18631,60520000,26173
9,712,60520000,60520000,11179,18631,60605000,26211
9,713,60605000,60605000,11179,18631,60690000,26248
9,714,60690000,60690000,11179,18631,60775000,26284
9,715,60775000,60775000,11179,18631,60860000,26321
9,716,60860000,60860000,11179,18631,60945000,26357
9,717,60945000,60945000,11179,18631,61030000,26395
9,718,61030000,61030000,11179,18631,61115000,26431
9,719,61115000,61115000,11179,18631,61200000,26471
9,72,6120000,6120000,11179,18631,6205000,2679
9,720,61200000,61200000,11179,18631,61285000,26504
9,721,61285000,61285000,11179,18631,61370000,26540
9,722,61370000,61370000,11179,18631,61455000,26578
9,723,61455000,61455000,11179,18631,61540000,26615
9,724,61540000,61540000,11179,18631,61625000,26653
9,725,61625000,61625000,11179,18631,61710000,26690
9,726,61710000,61710000,11179,18631,61795000,26723
9,727,61795000,61795000,11179,18631,61880000,26764
9,728,61880000,61880000,11179,18631,61965000,26799
9,729,61965000,61965000,11179,18631,62050000,26836
9,73,6205000,6205000,11179,18631,6290000,2715
9,730,62050000,62050000,11179,18631,62135000,26872
9,731,62135000,62135000,11179,18631,62220000,26909
9,732,62220000,62220000,11179,18631,62305000,26946
9,733,62305000,62305000,11179,18631,62390000,26982
9,734,62390000,62390000,11179,18631,62475000,27021
9,735,62475000,62475000,11179,18631,62560000,27057
9,736,62560000,62560000,11179,18631,62645000,27092
9,737,62645000,62645000,11179,18631,62730000,27132
9,738,62730000,62730000,11179,18631,62815000,27164
9,739,62815000,62815000,11179,18631,62900000,27205
9,74,6290000,6290000,11179,18631,6375000,2754
9,740,62900000,62900000,11179,18631,62985000,27240
9,741,62985000,62985000,11179,18631,63070000,27276
9,742,63070000,63070000,11179,18631,63155000,27314
9,743,63155000,63155000,11179,18631,63240000,27351
9,744,63240000,63240000,11179,18631,63325000,27388
9,745,63325000,63325000,11179,18631,63410000,27424
9,746,63410000,63410000,11179,18631,63495000,27460
9,747,63495000,63495000,11179,18631,63580000,27498
9,748,63580000,63580000,11179,18631,63665000,27534
9,749,63665000,63665000,11179,18631,63750000,27573
9,75,6375000,6375000,11179,18631,6460000,2790
9,750,63750000,63750000,11179,18631,63835000,27606
9,751,63835000,63835000,11179,18631,63920000,27644
9,752,63920000,63920000,11179,18631,64005000,27682
9,753,64005000,64005000,11179,18631,64090000,27718
9,754,64090000,64090000,11179,18631,64175000,27756
9,755,64175000,64175000,11179,18631,64260000,27794
9,756,64260000,64260000,11179,18631,64345000,27826
9,757,64345000,64345000,11179,18631,64430000,27865
9,758,64430000,64430000,11179,18631,64515000,27901
9,759,64515000,64515000,11179,18631,64600000,27940
9,76,6460000,6460000,11179,18631,6545000,2826
9,760,64600000,64600000,11179,18631,64685000,27976
9,761,64685000,64685000,11179,18631,64770000,28012
9,762,64770000,64770000,11179,18631,64855000,28049
9,763,64855000,64855000,11179,18631,64940000,28086
9,764,64940000,64940000,11179,18631,65025000,28124
9,765,65025000,65025000,11179,18631,65110000,28159
9,766,65110000,65110000,11179,18631,65195000,28194
9,767,65195000,65195000,11179,18631,65280000,28235
9,768,65280000,65280000,11179,18631,65365000,28268
9,769,65365000,65365000,11179,18631,65450000,28308
9,77,6545000,6545000,11179,18631,6630000,2865
9,770,65450000,65450000,11179,18631,65535000,28343
9,771,65535000,65535000,11179,18631,65620000,28379
9,772,65620000,65620000,11179,18631,65705000,28418
9,773,65705000,65705000,11179,18631,65790000,28454
9,774,65790000,65790000,11179,18631,65875000,28490
9,775,65875000,65875000,11179,18631,65960000,28527
9,776,65960000,65960000,11179,18631,66045000,28563
9,777,66045000,66045000,11179,18631,66130000,28601
9,778,66130000,66130000,11179,18631,66215000,28636
9,779,66215000,66215000,11179,18631,66300000,28677
9,78,6630000,6630000,11179,18631,6715000,2898
9,780,66300000,66300000,11179,18631,66385000,28710
9,781,66385000,66385000,11179,18631,66470000,28747
9,782,66470000,66470000,11179,18631,66555000,28785
9,783,66555000,66555000,11179,18631,66640000,28821
9,784,66640000,66640000,11179,18631,66725000,28859
9,785,66725000,66725000,11179,18631,66810000,28895
9,786,66810000,66810000,11179,18631,66895000,28929
9,787,66895000,66895000,11179,18631,66980000,28969
9,788,66980000,66980000,11179,18631,67065000,29005
9,789,67065000,67065000,11179,18631,67150000,29043
9,79,6715000,6715000,11179,18631,6800000,2939
9,790,67150000,67150000,11179,18631,67235000,29079
9,791,67235000,67235000,11179,18631,67320000,29116
9,792,67320000,67320000,11179,18631,67405000,29151
9,793,67405000,67405000,11179,18631,67490000,29188
9,794,67490000,67490000,11179,18631,67575000,29226
9,795,67575000,67575000,11179,18631,67660000,29263
9,796,67660000,67660000,11179,18631,67745000,29298
9,797,67745000,67745000,11179,18631,67830000,29338
9,798,67830000,67830000,11179,18631,67915000,29371
9,799,67915000,67915000,11179,18631,68000000,29411
9,8,680000,680000,11179,18631,765000,326
9,80,6800000,6800000,11179,18631,6885000,2974
9,800,68000000,68000000,11179,18631,68085000,29447
9,801,68085000,68085000,11179,18631,68170000,29481
9,802,68170000,68170000,11179,18631,68255000,29520
9,803,68255000,68255000,11179,18631,68340000,29557
9,804,68340000,68340000,11179,18631,68425000,29594
9,805,68425000,68425000,11179,18631,68510000,29630
9,806,68510000,68510000,11179,18631,68595000,29665
9,807,68595000,68595000,11179,18631,68680000,29705
9,808,68680000,68680000,11179,18631,68765000,29740
9,809,68765000,68765000,11179,18631,68850000,29780
9,81,6885000,6885000,11179,18631,6970000,3009
9,810,68850000,68850000,11179,18631,68935000,29812
9,811,68935000,68935000,11179,18631,69020000,29850
9,812,69020000,69020000,11179,18631,69105000,29888
9,813,69105000,69105000,11179,18631,69190000,29923
9,814,69190000,69190000,11179,18631,69275000,29962
9,815,69275000,69275000,11179,18631,69360000,29999
9,816,69360000,69360000,11179,18631,69445000,30033
9,817,69445000,69445000,11179,18631,69530000,30072
9,818,69530000,69530000,11179,18631,69615000,30108
9,819,69615000,69615000,11179,18631,69700000,30146
9,82,6970000,6970000,11179,18631,7055000,3047
9,820,69700000,69700000,11179,18631,69785000,30181
9,821,69785000,69785000,11179,18631,69870000,30218
9,822,69870000,69870000,11179,18631,69955000,30254
9,823,69955000,69955000,11179,18631,70040000,30292
9,824,70040000,70040000,11179,18631,70125000,30330
9,825,70125000,70125000,11179,18631,70210000,30366
9,826,70210000,70210000,11179,18631,70295000,30401
9,827,70295000,70295000,11179,18631,70380000,30441
9,828,70380000,70380000,11179,18631,70465000,30474
9,829,70465000,70465000,11179,18631,70550000,30513
9,83,7055000,7055000,11179,18631,7140000,3085
9,830,70550000,70550000,11179,18631,70635000,30549
9,831,70635000,70635000,11179,18631,70720000,30585
9,832,70720000,70720000,11179,18631,70805000,30624
9,833,70805000,70805000,11179,18631,70890000,30660
9,834,70890000,70890000,11179,18631,70975000,30696
9,835,70975000,70975000,11179,18631,71060000,30734
9,836,71060000,71060000,11179,18631,71145000,30769
9,837,71145000,71145000,11179,18631,71230000,30807
9,838,71230000,71230000,11179,18631,71315000,30842
9,839,71315000,71315000,11179,18631,71400000,30883
9,84,7140000,7140000,11179,18631,7225000,3121
9,840,71400000,71400000,11179,18631,71485000,30916
9,841,71485000,71485000,11179,18631,71570000,30952
9,842,71570000,71570000,11179,18631,71655000,30991
9,843,71655000,71655000,11179,18631,71740000,31027
9,844,71740000,71740000,11179,18631,71825000,31066
9,845,71825000,71825000,11179,18631,71910000,31102
9,846,71910000,71910000,11179,18631,71995000,31135
9,847,71995000,71995000,11179,18631,72080000,31175
9,848,72080000,72080000,11179,18631,72165000,31210
9,849,72165000,72165000,11179,18631,72250000,31249
9,85,7225000,7225000,11179,18631,7310000,3157
9,850,72250000,72250000,11179,18631,72335000,31284
9,851,72335000,72335000,11179,18631,72420000,31322
9,852,72420000,72420000,11179,18631,72505000,31358
9,853,72505000,72505000,11179,18631,72590000,31395
9,854,72590000,72590000,11179,18631,72675000,31433
9,855,72675000,72675000,11179,18631,72760000,31468
9,856,72760000,72760000,11179,18631,72845000,31504
9,857,72845000,72845000,11179,18631,72930000,31543
9,858,72930000,72930000,11179,18631,73015000,31577
9,859,73015000,73015000,11179,18631,73100000,31617
9,86,7310000,7310000,11179,18631,7395000,3193
9,860,73100000,73100000,11179,18631,73185000,31653
9,861,73185000,73185000,11179,18631,73270000,31688
9,862,73270000,73270000,11179,18631,73355000,31726
9,863,73355000,73355000,11179,18631,73440000,31764
9,864,73440000,73440000,11179,18631,73525000,31799
9,865,73525000,73525000,11179,18631,73610000,31836
9,866,73610000,73610000,11179,18631,73695000,31871
9,867,73695000,73695000,11179,18631,73780000,31911
9,868,73780000,73780000,11179,18631,73865000,31946
9,869,73865000,73865000,11179,18631,73950000,31985
9,87,7395000,7395000,11179,18631,7480000,3232
9,870,73950000,73950000,11179,18631,74035000,32019
9,871,74035000,74035000,11179,18631,74120000,32056
9,872,74120000,74120000,11179,18631,74205000,32095
9,873,74205000,74205000,11179,18631,74290000,32129
9,874,74290000,74290000,11179,18631,74375000,32168
9,875,74375000,74375000,11179,18631,74460000,32205
9,876,74460000,74460000,11179,18631,74545000,32238
9,877,74545000,74545000,11179,18631,74630000,32278
9,878,74630000,74630000,11179,18631,74715000,32313
9,879,74715000,74715000,11179,18631,74800000,32353
9,88,7480000,7480000,11179,18631,7565000,3268
9,880,74800000,74800000,11179,18631,74885000,32388
9,881,74885000,74885000,11179,18631,74970000,32425
9,882,74970000,74970000,11179,18631,75055000,32460
9,883,75055000,75055000,11179,18631,75140000,32497
9,884,75140000,75140000,11179,18631,75225000,32536
9,885,75225000,75225000,11179,18631,75310000,32571
9,886,75310000,75310000,11179,18631,75395000,32607
9,887,75395000,75395000,11179,18631,75480000,32647
9,888,75480000,75480000,11179,18631,75565000,32681
9,889,75565000,75565000,11179,18631,75650000,32720
9,89,7565000,7565000,11179,18631,7650000,3307
9,890,75650000,75650000,11179,18631,75735000,32755
9,891,75735000,75735000,11179,18631,75820000,32791
9,892,75820000,75820000,11179,18631,75905000,32829
9,893,75905000,75905000,11179,18631,75990000,32866
9,894,75990000,75990000,11179,18631,76075000,32902
9,895,76075000,76075000,11179,18631,76160000,32940
9,896,76160000,76160000,11179,18631,76245000,32975
9,897,76245000,76245000,11179,18631,76330000,33013
9,898,76330000,76330000,11179,18631,76415000,33049
9,899,76415000,76415000,11179,18631,76500000,33089
9,9,765000,765000,11179,18631,850000,364
9,90,7650000,7650000,11179,18631,7735000,3340
9,900,76500000,76500000,11179,18631,76585000,33122
9,901,76585000,76585000,11179,18631,76670000,33158
9,902,76670000,76670000,11179,18631,76755000,33197
9,903,76755000,76755000,11179,18631,76840000,33233
9,904,76840000,76840000,11179,18631,76925000,33271
9,905,76925000,76925000,11179,18631,77010000,33308
9,906,77010000,77010000,11179,18631,77095000,33341
9,907,77095000,77095000,11179,18631,77180000,33382
9,908,77180000,77180000,11179,18631,77265000,33417
9,909,77265000,77265000,11179,18631,77350000,33455
9,91,7735000,7735000,11179,18631,7820000,3377
9,910,77350000,77350000,11179,18631,77435000,33490
9,911,77435000,77435000,11179,18631,77520000,33527
9,912,77520000,77520000,11179,18631,77605000,33564
9,913,77605000,77605000,11179,18631,77690000,33600
9,914,77690000,77690000,11179,18631,77775000,33639
9,915,77775000,77775000,11179,18631,77860000,33675
9,916,77860000,77860000,11179,18631,77945000,33711
9,917,77945000,77945000,11179,18631,78030000,33750
9,918,78030000,78030000,11179,18631,78115000,33782
9,919,78115000,78115000,11179,18631,78200000,33823
9,92,7820000,7820000,11179,18631,7905000,3415
9,920,78200000,78200000,11179,18631,78285000,33858
9,921,78285000,78285000,11179,18631,78370000,33894
9,922,78370000,78370000,11179,18631,78455000,33932
9,923,78455000,78455000,11179,18631,78540000,33970
9,924,78540000,78540000,11179,18631,78625000,34006
9,925,78625000,78625000,11179,18631,78710000,34042
9,926,78710000,78710000,11179,18631,78795000,34078
9,927,78795000,78795000,11179,18631,78880000,34116
9,928,78880000,78880000,11179,18631,78965000,34152
9,929,78965000,78965000,11179,18631,79050000,34191
9,93,7905000,7905000,11179,18631,7990000,3451
9,930,79050000,79050000,11179,18631,79135000,34225
9,931,79135000,79135000,11179,18631,79220000,34262
9,932,79220000,79220000,11179,18631,79305000,34300
9,933,79305000,79305000,11179,18631,79390000,34336
9,934,79390000,79390000,11179,18631,79475000,34374
9,935,79475000,79475000,11179,18631,79560000,34412
9,936,79560000,79560000,11179,18631,79645000,34444
9,937,79645000,79645000,11179,18631,79730000,34484
9,938,79730000,79730000,11179,18631,79815000,34519
9,939,79815000,79815000,11179,18631,79900000,34558
9,94,7990000,7990000,11179,18631,8075000,3489
9,940,79900000,79900000,11179,18631,79985000,34594
9,941,79985000,79985000,11179,18631,80070000,34630
9,942,80070000,80070000,11179,18631,80155000,34667
9,943,80155000,80155000,11179,18631,80240000,34704
9,944,80240000,80240000,11179,18631,80325000,34743
9,945,80325000,80325000,11179,18631,80410000,34777
9,946,80410000,80410000,11179,18631,80495000,34812
9,947,80495000,80495000,11179,18631,80580000,34853
9,948,80580000,80580000,11179,18631,80665000,34886
9,949,80665000,80665000,11179,18631,80750000,34926
9,95,8075000,8075000,11179,18631,8160000,3527
9,950,80750000,80750000,11179,18631,80835000,34961
9,951,80835000,80835000,11179,18631,80920000,34998
9,952,80920000,80920000,11179,18631,81005000,35036
9,953,81005000,81005000,11179,18631,81090000,35072
9,954,81090000,81090000,11179,18631,81175000,35108
9,955,81175000,81175000,11179,18631,81260000,35145
9,956,81260000,81260000,11179,18631,81345000,35181
9,957,81345000,81345000,11179,18631,81430000,35219
9,958,81430000,81430000,11179,18631,81515000,35255
9,959,81515000,81515000,11179,18631,81600000,35295
9,96,8160000,8160000,11179,18631,8245000,3560
9,960,81600000,81600000,11179,18631,81685000,35328
9,961,81685000,81685000,11179,18631,81770000,35365
9,962,81770000,81770000,11179,18631,81855000,35403
9,963,81855000,81855000,11179,18631,81940000,35439
9,964,81940000,81940000,11179,18631,82025000,35477
9,965,82025000,82025000,11179,18631,82110000,35514
9,966,82110000,82110000,11179,18631,82195000,35547
9,967,82195000,82195000,11179,18631,82280000,35587
9,968,82280000,82280000,11179,18631,82365000,35623
9,969,82365000,82365000,11179,18631,82450000,35661
9,97,8245000,8245000,11179,18631,8330000,3600
9,970,82450000,82450000,11179,18631,82535000,35697
9,971,82535000,82535000,11179,18631,82620000,35734
9,972,82620000,82620000,11179,18631,82705000,35770
9,973,82705000,82705000,11179,18631,82790000,35806
9,974,82790000,82790000,11179,18631,82875000,35844
9,975,82875000,82875000,11179,18631,82960000,35881
9,976,82960000,82960000,11179,18631,83045000,35916
9,977,83045000,83045000,11179,18631,83130000,35956
9,978,83130000,83130000,11179,18631,83215000,35989
9,979,83215000,83215000,11179,18631,83300000,36030
9,98,8330000,8330000,11179,18631,8415000,3635
9,980,83300000,83300000,11179,18631,83385000,36065
9,981,83385000,83385000,11179,18631,83470000,36099
9,982,83470000,83470000,11179,18631,83555000,36138
9,983,83555000,83555000,11179,18631,83640000,36175
9,984,83640000,83640000,11179,18631,83725000,36212
9,985,83725000,83725000,11179,18631,83810000,36248
9,986,83810000,83810000,11179,18631,83895000,36284
9,987,83895000,83895000,11179,18631,83980000,36323
9,988,83980000,83980000,11179,18631,84065000,36358
9,989,84065000,84065000,11179,18631,84150000,36398
9,99,8415000,8415000,11179,18631,8500000,3673
9,990,84150000,84150000,11179,18631,84235000,36430
9,991,84235000,84235000,11179,18631,84320000,36468
9,992,84320000,84320000,11179,18631,84405000,36506
9,993,84405000,84405000,11179,18631,84490000,36542
9,994,84490000,84490000,11179,18631,84575000,36580
9,995,84575000,84575000,11179,18631,84660000,36617
9,996,84660000,84660000,11179,18631,84745000,36651
9,997,84745000,84745000,11179,18631,84830000,36690
9,998,84830000,84830000,11179,18631,84915000,36726
9,999,84915000,84915000,11179,18631,85000000,36764
