Task ID,Job ID,Arrival min,Arrival max,Cost min,Cost max,Deadline,Priority
0,0,0,100,127,211,10000,0
0,1,10000,10100,127,211,20000,5
0,10,100000,100100,127,211,110000,73
0,100,1000000,1000100,127,211,1010000,748
0,101,1010000,1010100,127,211,1020000,752
0,102,1020000,1020100,127,211,1030000,760
0,103,1030000,1030100,127,211,1040000,765
0,104,1040000,1040100,127,211,1050000,774
0,105,1050000,1050100,127,211,1060000,782
0,106,1060000,1060100,127,211,1070000,789
0,107,1070000,1070100,127,211,1080000,794
0,108,1080000,1080100,127,211,1090000,807
0,109,1090000,1090100,127,211,1100000,812
0,11,110000,110100,127,211,120000,77
0,110,1100000,1100100,127,211,1110000,820
0,111,1110000,1110100,127,211,1120000,825
0,112,1120000,1120100,127,211,1130000,837
0,113,1130000,1130100,127,211,1140000,841
0,114,1140000,1140100,127,211,1150000,848
0,115,1150000,1150100,127,211,1160000,855
0,116,1160000,1160100,127,211,1170000,864
0,117,1170000,1170100,127,211,1180000,873
0,118,1180000,1180100,127,211,1190000,880
0,119,1190000,1190100,127,211,1200000,884
0,12,120000,120100,127,211,130000,88
0,120,1200000,1200100,127,211,1210000,897
0,121,1210000,1210100,127,211,1220000,902
0,122,1220000,1220100,127,211,1230000,909
0,123,1230000,1230100,127,211,1240000,914
0,124,1240000,1240100,127,211,1250000,924
0,125,1250000,1250100,127,211,1260000,930
0,126,1260000,1260100,127,211,1270000,940
0,127,1270000,1270100,127,211,1280000,947
0,128,1280000,1280100,127,211,1290000,956
0,129,1290000,1290100,127,211,1300000,961
0,13,130000,130100,127,211,140000,93
0,130,1300000,1300100,127,211,1310000,970
0,131,1310000,1310100,127,211,1320000,974
0,132,1320000,1320100,127,211,1330000,985
0,133,1330000,1330100,127,211,1340000,990
0,134,1340000,1340100,127,211,1350000,996
0,135,1350000,1350100,127,211,1360000,1007
0,136,1360000,1360100,127,211,1370000,1017
0,137,1370000,1370100,127,211,1380000,1022
0,138,1380000,1380100,127,211,1390000,1029
0,139,1390000,1390100,127,211,1400000,1034
0,14,140000,140100,127,211,150000,99
0,140,1400000,1400100,127,211,1410000,1045
0,141,1410000,1410100,127,211,1420000,1050
0,142,1420000,1420100,127,211,1430000,1059
0,143,1430000,1430100,127,211,1440000,1063
0,144,1440000,1440100,127,211,1450000,1076
0,145,1450000,1450100,127,211,1460000,1083
0,146,1460000,1460100,127,211,1470000,1089
0,147,1470000,1470100,127,211,1480000,1095
0,148,1480000,1480100,127,211,1490000,1105
0,149,1490000,1490100,127,211,1500000,1109
0,15,150000,150100,127,211,160000,107
0,150,1500000,1500100,127,211,1510000,1119
0,151,1510000,1510100,127,211,1520000,1124
0,152,1520000,1520100,127,211,1530000,1134
0,153,1530000,1530100,127,211,1540000,1142
0,154,1540000,1540100,127,211,1550000,1149
0,155,1550000,1550100,127,211,1560000,1155
0,156,1560000,1560100,127,211,1570000,1165
0,157,1570000,1570100,127,211,1580000,1172
0,158,1580000,1580100,127,211,1590000,1178
0,159,1590000,1590100,127,211,1600000,1183
0,16,160000,160100,127,211,170000,117
0,160,1600000,1600100,127,211,1610000,1195
0,161,1610000,1610100,127,211,1620000,1199
0,162,1620000,1620100,127,211,1630000,1210
0,163,1630000,1630100,127,211,1640000,1215
0,164,1640000,1640100,127,211,1650000,1224
0,165,1650000,1650100,127,211,1660000,1232
0,166,1660000,1660100,127,211,1670000,1239
0,167,1670000,1670100,127,211,1680000,1244
0,168,1680000,1680100,127,211,1690000,1254
0,169,1690000,1690100,127,211,1700000,1259
0,17,170000,170100,127,211,180000,122
0,170,1700000,1700100,127,211,1710000,1267
0,171,1710000,1710100,127,211,1720000,1275
0,172,1720000,1720100,127,211,1730000,1287
0,173,1730000,1730100,127,211,1740000,1291
0,174,1740000,1740100,127,211,1750000,1298
0,175,1750000,1750100,127,211,1760000,1305
0,176,1760000,1760100,127,211,1770000,1314
0,177,1770000,1770100,127,211,1780000,1320
0,178,1780000,1780100,127,211,1790000,1327
0,179,1790000,1790100,127,211,1800000,1331
0,18,180000,180100,127,211,190000,132
0,19,190000,190100,127,211,200000,137
0,2,20000,20100,127,211,30000,12
0,20,200000,200100,127,211,210000,148
0,21,210000,210100,127,211,220000,153
0,22,220000,220100,127,211,230000,162
0,23,230000,230100,127,211,240000,166
0,24,240000,240100,127,211,250000,176
0,25,250000,250100,127,211,260000,183
0,26,260000,260100,127,211,270000,189
0,27,270000,270100,127,211,280000,198
0,28,280000,280100,127,211,290000,208
0,29,290000,290100,127,211,300000,212
0,3,30000,30100,127,211,40000,17
0,30,300000,300100,127,211,310000,222
0,31,310000,310100,127,211,320000,227
0,32,320000,320100,127,211,330000,237
0,33,330000,330100,127,211,340000,242
0,34,340000,340100,127,211,350000,249
0,35,350000,350100,127,211,360000,255
0,36,360000,360100,127,211,370000,268
0,37,370000,370100,127,211,380000,275
0,38,380000,380100,127,211,390000,281
0,39,390000,390100,127,211,400000,286
0,4,40000,40100,127,211,50000,27
0,40,400000,400100,127,211,410000,298
0,41,410000,410100,127,211,420000,302
0,42,420000,420100,127,211,430000,310
0,43,430000,430100,127,211,440000,315
0,44,440000,440100,127,211,450000,324
0,45,450000,450100,127,211,460000,335
0,46,460000,460100,127,211,470000,342
0,47,470000,470100,127,211,480000,347
0,48,480000,480100,127,211,490000,357
0,49,490000,490100,127,211,500000,362
0,5,50000,50100,127,211,60000,33
0,50,500000,500100,127,211,510000,370
0,51,510000,510100,127,211,520000,375
0,52,520000,520100,127,211,530000,387
0,53,530000,530100,127,211,540000,391
0,54,540000,540100,127,211,550000,401
0,55,550000,550100,127,211,560000,408
0,56,560000,560100,127,211,570000,417
0,57,570000,570100,127,211,580000,423
0,58,580000,580100,127,211,590000,430
0,59,590000,590100,127,211,600000,434
0,6,60000,60100,127,211,70000,40
0,60,600000,600100,127,211,610000,447
0,61,610000,610100,127,211,620000,452
0,62,620000,620100,127,211,630000,459
0,63,630000,630100,127,211,640000,467
0,64,640000,640100,127,211,650000,477
0,65,650000,650100,127,211,660000,483
0,66,660000,660100,127,211,670000,490
0,67,670000,670100,127,211,680000,497
0,68,680000,680100,127,211,690000,506
0,69,690000,690100,127,211,700000,511
0,7,70000,70100,127,211,80000,47
0,70,700000,700100,127,211,710000,520
0,71,710000,710100,127,211,720000,524
0,72,720000,720100,127,211,730000,538
0,73,730000,730100,127,211,740000,543
0,74,740000,740100,127,211,750000,549
0,75,750000,750100,127,211,760000,557
0,76,760000,760100,127,211,770000,567
0,77,770000,770100,127,211,780000,572
0,78,780000,780100,127,211,790000,579
0,79,790000,790100,127,211,800000,584
0,8,80000,80100,127,211,90000,56
0,80,800000,800100,127,211,810000,595
0,81,810000,810100,127,211,820000,603
0,82,820000,820100,127,211,830000,612
0,83,830000,830100,127,211,840000,616
0,84,840000,840100,127,211,850000,626
0,85,850000,850100,127,211,860000,633
0,86,860000,860100,127,211,870000,639
0,87,870000,870100,127,211,880000,645
0,88,880000,880100,127,211,890000,655
0,89,890000,890100,127,211,900000,659
0,9,90000,90100,127,211,100000,64
0,90,900000,900100,127,211,910000,672
0,91,910000,910100,127,211,920000,677
0,92,920000,920100,127,211,930000,687
0,93,930000,930100,127,211,940000,692
0,94,940000,940100,127,211,950000,699
0,95,950000,950100,127,211,960000,705
0,96,960000,960100,127,211,970000,715
0,97,970000,970100,127,211,980000,722
0,98,980000,980100,127,211,990000,728
0,99,990000,990100,127,211,1000000,736
1,0,0,100,162,270,10000,1
1,1,10000,10100,162,270,20000,6
1,10,100000,100100,162,270,110000,74
1,100,1000000,1000100,162,270,1010000,749
1,101,1010000,1010100,162,270,1020000,753
1,102,1020000,1020100,162,270,1030000,761
1,103,1030000,1030100,162,270,1040000,766
1,104,1040000,1040100,162,270,1050000,775
1,105,1050000,1050100,162,270,1060000,783
1,106,1060000,1060100,162,270,1070000,790
1,107,1070000,1070100,162,270,1080000,795
1,108,1080000,1080100,162,270,1090000,808
1,109,1090000,1090100,162,270,1100000,813
1,11,110000,110100,162,270,120000,78
1,110,1100000,1100100,162,270,1110000,821
1,111,1110000,1110100,162,270,1120000,826
1,112,1120000,1120100,162,270,1130000,838
1,113,1130000,1130100,162,270,1140000,842
1,114,1140000,1140100,162,270,1150000,849
1,115,1150000,1150100,162,270,1160000,856
1,116,1160000,1160100,162,270,1170000,865
1,117,1170000,1170100,162,270,1180000,874
1,118,1180000,1180100,162,270,1190000,881
1,119,1190000,1190100,162,270,1200000,885
1,12,120000,120100,162,270,130000,89
1,120,1200000,1200100,162,270,1210000,898
1,121,1210000,1210100,162,270,1220000,903
1,122,1220000,1220100,162,270,1230000,910
1,123,1230000,1230100,162,270,1240000,915
1,124,1240000,1240100,162,270,1250000,925
1,125,1250000,1250100,162,270,1260000,931
1,126,1260000,1260100,162,270,1270000,941
1,127,1270000,1270100,162,270,1280000,948
1,128,1280000,1280100,162,270,1290000,957
1,129,1290000,1290100,162,270,1300000,962
1,13,130000,130100,162,270,140000,94
1,130,1300000,1300100,162,270,1310000,971
1,131,1310000,1310100,162,270,1320000,975
1,132,1320000,1320100,162,270,1330000,986
1,133,1330000,1330100,162,270,1340000,991
1,134,1340000,1340100,162,270,1350000,997
1,135,1350000,1350100,162,270,1360000,1008
1,136,1360000,1360100,162,270,1370000,1018
1,137,1370000,1370100,162,270,1380000,1023
1,138,1380000,1380100,162,270,1390000,1030
1,139,1390000,1390100,162,270,1400000,1035
1,14,140000,140100,162,270,150000,100
1,140,1400000,1400100,162,270,1410000,1046
1,141,1410000,1410100,162,270,1420000,1051
1,142,1420000,1420100,162,270,1430000,1060
1,143,1430000,1430100,162,270,1440000,1064
1,144,1440000,1440100,162,270,1450000,1077
1,145,1450000,1450100,162,270,1460000,1084
1,146,1460000,1460100,162,270,1470000,1090
1,147,1470000,1470100,162,270,1480000,1096
1,148,1480000,1480100,162,270,1490000,1106
1,149,1490000,1490100,162,270,1500000,1110
1,15,150000,150100,162,270,160000,108
1,150,1500000,1500100,162,270,1510000,1120
1,151,1510000,1510100,162,270,1520000,1125
1,152,1520000,1520100,162,270,1530000,1135
1,153,1530000,1530100,162,270,1540000,1143
1,154,1540000,1540100,162,270,1550000,1150
1,155,1550000,1550100,162,270,1560000,1156
1,156,1560000,1560100,162,270,1570000,1166
1,157,1570000,1570100,162,270,1580000,1173
1,158,1580000,1580100,162,270,1590000,1179
1,159,1590000,1590100,162,270,1600000,1184
1,16,160000,160100,162,270,170000,118
1,160,1600000,1600100,162,270,1610000,1196
1,161,1610000,1610100,162,270,1620000,1200
1,162,1620000,1620100,162,270,1630000,1211
1,163,1630000,1630100,162,270,1640000,1216
1,164,1640000,1640100,162,270,1650000,1225
1,165,1650000,1650100,162,270,1660000,1233
1,166,1660000,1660100,162,270,1670000,1240
1,167,1670000,1670100,162,270,1680000,1245
1,168,1680000,1680100,162,270,1690000,1255
1,169,1690000,1690100,162,270,1700000,1260
1,17,170000,170100,162,270,180000,123
1,170,1700000,1700100,162,270,1710000,1268
1,171,1710000,1710100,162,270,1720000,1276
1,172,1720000,1720100,162,270,1730000,1288
1,173,1730000,1730100,162,270,1740000,1292
1,174,1740000,1740100,162,270,1750000,1299
1,175,1750000,1750100,162,270,1760000,1306
1,176,1760000,1760100,162,270,1770000,1315
1,177,1770000,1770100,162,270,1780000,1321
1,178,1780000,1780100,162,270,1790000,1328
1,179,1790000,1790100,162,270,1800000,1332
1,18,180000,180100,162,270,190000,133
1,19,190000,190100,162,270,200000,138
1,2,20000,20100,162,270,30000,13
1,20,200000,200100,162,270,210000,149
1,21,210000,210100,162,270,220000,154
1,22,220000,220100,162,270,230000,163
1,23,230000,230100,162,270,240000,167
1,24,240000,240100,162,270,250000,177
1,25,250000,250100,162,270,260000,184
1,26,260000,260100,162,270,270000,190
1,27,270000,270100,162,270,280000,199
1,28,280000,280100,162,270,290000,209
1,29,290000,290100,162,270,300000,213
1,3,30000,30100,162,270,40000,18
1,30,300000,300100,162,270,310000,223
1,31,310000,310100,162,270,320000,228
1,32,320000,320100,162,270,330000,238
1,33,330000,330100,162,270,340000,243
1,34,340000,340100,162,270,350000,250
1,35,350000,350100,162,270,360000,256
1,36,360000,360100,162,270,370000,269
1,37,370000,370100,162,270,380000,276
1,38,380000,380100,162,270,390000,282
1,39,390000,390100,162,270,400000,287
1,4,40000,40100,162,270,50000,28
1,40,400000,400100,162,270,410000,299
1,41,410000,410100,162,270,420000,303
1,42,420000,420100,162,270,430000,311
1,43,430000,430100,162,270,440000,316
1,44,440000,440100,162,270,450000,325
1,45,450000,450100,162,270,460000,336
1,46,460000,460100,162,270,470000,343
1,47,470000,470100,162,270,480000,348
1,48,480000,480100,162,270,490000,358
1,49,490000,490100,162,270,500000,363
1,5,50000,50100,162,270,60000,34
1,50,500000,500100,162,270,510000,371
1,51,510000,510100,162,270,520000,376
1,52,520000,520100,162,270,530000,388
1,53,530000,530100,162,270,540000,392
1,54,540000,540100,162,270,550000,402
1,55,550000,550100,162,270,560000,409
1,56,560000,560100,162,270,570000,418
1,57,570000,570100,162,270,580000,424
1,58,580000,580100,162,270,590000,431
1,59,590000,590100,162,270,600000,435
1,6,60000,60100,162,270,70000,41
1,60,600000,600100,162,270,610000,448
1,61,610000,610100,162,270,620000,453
1,62,620000,620100,162,270,630000,460
1,63,630000,630100,162,270,640000,468
1,64,640000,640100,162,270,650000,478
1,65,650000,650100,162,270,660000,484
1,66,660000,660100,162,270,670000,491
1,67,670000,670100,162,270,680000,498
1,68,680000,680100,162,270,690000,507
1,69,690000,690100,162,270,700000,512
1,7,70000,70100,162,270,80000,48
1,70,700000,700100,162,270,710000,521
1,71,710000,710100,162,270,720000,525
1,72,720000,720100,162,270,730000,539
1,73,730000,730100,162,270,740000,544
1,74,740000,740100,162,270,750000,550
1,75,750000,750100,162,270,760000,558
1,76,760000,760100,162,270,770000,568
1,77,770000,770100,162,270,780000,573
1,78,780000,780100,162,270,790000,580
1,79,790000,790100,162,270,800000,585
1,8,80000,80100,162,270,90000,57
1,80,800000,800100,162,270,810000,596
1,81,810000,810100,162,270,820000,604
1,82,820000,820100,162,270,830000,613
1,83,830000,830100,162,270,840000,617
1,84,840000,840100,162,270,850000,627
1,85,850000,850100,162,270,860000,634
1,86,860000,860100,162,270,870000,640
1,87,870000,870100,162,270,880000,646
1,88,880000,880100,162,270,890000,656
1,89,890000,890100,162,270,900000,660
1,9,90000,90100,162,270,100000,65
1,90,900000,900100,162,270,910000,673
1,91,910000,910100,162,270,920000,678
1,92,920000,920100,162,270,930000,688
1,93,930000,930100,162,270,940000,693
1,94,940000,940100,162,270,950000,700
1,95,950000,950100,162,270,960000,706
1,96,960000,960100,162,270,970000,716
1,97,970000,970100,162,270,980000,723
1,98,980000,980100,162,270,990000,729
1,99,990000,990100,162,270,1000000,737
10,0,0,100,111,185,40000,25
10,1,40000,40100,111,185,80000,55
10,10,400000,400100,111,185,440000,323
10,11,440000,440100,111,185,480000,356
10,12,480000,480100,111,185,520000,383
10,13,520000,520100,111,185,560000,416
10,14,560000,560100,111,185,600000,444
10,15,600000,600100,111,185,640000,475
10,16,640000,640100,111,185,680000,505
10,17,680000,680100,111,185,720000,533
10,18,720000,720100,111,185,760000,565
10,19,760000,760100,111,185,800000,593
10,2,80000,80100,111,185,120000,86
10,20,800000,800100,111,185,840000,625
10,21,840000,840100,111,185,880000,653
10,22,880000,880100,111,185,920000,685
10,23,920000,920100,111,185,960000,714
10,24,960000,960100,111,185,1000000,745
10,25,1000000,1000100,111,185,1040000,773
10,26,1040000,1040100,111,185,1080000,803
10,27,1080000,1080100,111,185,1120000,833
10,28,1120000,1120100,111,185,1160000,863
10,29,1160000,1160100,111,185,1200000,894
10,3,120000,120100,111,185,160000,115
10,30,1200000,1200100,111,185,1240000,922
10,31,1240000,1240100,111,185,1280000,955
10,32,1280000,1280100,111,185,1320000,983
10,33,1320000,1320100,111,185,1360000,1015
10,34,1360000,1360100,111,185,1400000,1043
10,35,1400000,1400100,111,185,1440000,1072
10,36,1440000,1440100,111,185,1480000,1103
10,37,1480000,1480100,111,185,1520000,1132
10,38,1520000,1520100,111,185,1560000,1164
10,39,1560000,1560100,111,185,1600000,1192
10,4,160000,160100,111,185,200000,146
10,40,1600000,1600100,111,185,1640000,1223
10,41,1640000,1640100,111,185,1680000,1253
10,42,1680000,1680100,111,185,1720000,1283
10,43,1720000,1720100,111,185,1760000,1313
10,44,1760000,1760100,111,185,1800000,1341
10,5,200000,200100,111,185,240000,175
10,6,240000,240100,111,185,280000,206
10,7,280000,280100,111,185,320000,235
10,8,320000,320100,111,185,360000,264
10,9,360000,360100,111,185,400000,295
11,0,0,100,481,801,50000,32
11,1,50000,50100,481,801,100000,71
11,10,500000,500100,481,801,550000,406
11,11,550000,550100,481,801,600000,445
11,12,600000,600100,481,801,650000,482
11,13,650000,650100,481,801,700000,518
11,14,700000,700100,481,801,750000,555
11,15,750000,750100,481,801,800000,594
11,16,800000,800100,481,801,850000,631
11,17,850000,850100,481,801,900000,667
11,18,900000,900100,481,801,950000,704
11,19,950000,950100,481,801,1000000,746
11,2,100000,100100,481,801,150000,105
11,20,1000000,1000100,481,801,1050000,780
11,21,1050000,1050100,481,801,1100000,819
11,22,1100000,1100100,481,801,1150000,853
11,23,1150000,1150100,481,801,1200000,895
11,24,1200000,1200100,481,801,1250000,929
11,25,1250000,1250100,481,801,1300000,968
11,26,1300000,1300100,481,801,1350000,1002
11,27,1350000,1350100,481,801,1400000,1044
11,28,1400000,1400100,481,801,1450000,1081
11,29,1450000,1450100,481,801,1500000,1117
11,3,150000,150100,481,801,200000,147
11,30,1500000,1500100,481,801,1550000,1154
11,31,1550000,1550100,481,801,1600000,1193
11,32,1600000,1600100,481,801,1650000,1230
11,33,1650000,1650100,481,801,1700000,1266
11,34,1700000,1700100,481,801,1750000,1303
11,35,1750000,1750100,481,801,1800000,1342
11,4,200000,200100,481,801,250000,181
11,5,250000,250100,481,801,300000,220
11,6,300000,300100,481,801,350000,254
11,7,350000,350100,481,801,400000,296
11,8,400000,400100,481,801,450000,330
11,9,450000,450100,481,801,500000,369
12,0,0,100,1835,3058,75000,46
12,1,75000,75100,1835,3058,150000,106
12,10,750000,750100,1835,3058,825000,611
12,11,825000,825100,1835,3058,900000,668
12,12,900000,900100,1835,3058,975000,721
12,13,975000,975100,1835,3058,1050000,781
12,14,1050000,1050100,1835,3058,1125000,836
12,15,1125000,1125100,1835,3058,1200000,896
12,16,1200000,1200100,1835,3058,1275000,946
12,17,1275000,1275100,1835,3058,1350000,1003
12,18,1350000,1350100,1835,3058,1425000,1058
12,19,1425000,1425100,1835,3058,1500000,1118
12,2,150000,150100,1835,3058,225000,161
12,20,1500000,1500100,1835,3058,1575000,1171
12,21,1575000,1575100,1835,3058,1650000,1231
12,22,1650000,1650100,1835,3058,1725000,1286
12,23,1725000,1725100,1835,3058,1800000,1343
12,3,225000,225100,1835,3058,300000,221
12,4,300000,300100,1835,3058,375000,274
12,5,375000,375100,1835,3058,450000,331
12,6,450000,450100,1835,3058,525000,386
12,7,525000,525100,1835,3058,600000,446
12,8,600000,600100,1835,3058,675000,496
12,9,675000,675100,1835,3058,750000,556
13,0,0,100,12,20,90000,61
13,1,90000,90100,12,20,180000,129
13,10,900000,900100,12,20,990000,733
13,11,990000,990100,12,20,1080000,804
13,12,1080000,1080100,12,20,1170000,869
13,13,1170000,1170100,12,20,1260000,937
13,14,1260000,1260100,12,20,1350000,1004
13,15,1350000,1350100,12,20,1440000,1073
13,16,1440000,1440100,12,20,1530000,1139
13,17,1530000,1530100,12,20,1620000,1206
13,18,1620000,1620100,12,20,1710000,1272
13,19,1710000,1710100,12,20,1800000,1344
13,2,180000,180100,12,20,270000,194
13,3,270000,270100,12,20,360000,265
13,4,360000,360100,12,20,450000,332
13,5,450000,450100,12,20,540000,398
13,6,540000,540100,12,20,630000,464
13,7,630000,630100,12,20,720000,534
13,8,720000,720100,12,20,810000,600
13,9,810000,810100,12,20,900000,669
14,0,0,100,4136,6893,90000,62
14,1,90000,90100,4136,6893,180000,130
14,10,900000,900100,4136,6893,990000,734
14,11,990000,990100,4136,6893,1080000,805
14,12,1080000,1080100,4136,6893,1170000,870
14,13,1170000,1170100,4136,6893,1260000,938
14,14,1260000,1260100,4136,6893,1350000,1005
14,15,1350000,1350100,4136,6893,1440000,1074
14,16,1440000,1440100,4136,6893,1530000,1140
14,17,1530000,1530100,4136,6893,1620000,1207
14,18,1620000,1620100,4136,6893,1710000,1273
14,19,1710000,1710100,4136,6893,1800000,1345
14,2,180000,180100,4136,6893,270000,195
14,3,270000,270100,4136,6893,360000,266
14,4,360000,360100,4136,6893,450000,333
14,5,450000,450100,4136,6893,540000,399
14,6,540000,540100,4136,6893,630000,465
14,7,630000,630100,4136,6893,720000,535
14,8,720000,720100,4136,6893,810000,601
14,9,810000,810100,4136,6893,900000,670
15,0,0,100,558,930,90000,63
15,1,90000,90100,558,930,180000,131
15,10,900000,900100,558,930,990000,735
15,11,990000,990100,558,930,1080000,806
15,12,1080000,1080100,558,930,1170000,871
15,13,1170000,1170100,558,930,1260000,939
15,14,1260000,1260100,558,930,1350000,1006
15,15,1350000,1350100,558,930,1440000,1075
15,16,1440000,1440100,558,930,1530000,1141
15,17,1530000,1530100,558,930,1620000,1208
15,18,1620000,1620100,558,930,1710000,1274
15,19,1710000,1710100,558,930,1800000,1346
15,2,180000,180100,558,930,270000,196
15,3,270000,270100,558,930,360000,267
15,4,360000,360100,558,930,450000,334
15,5,450000,450100,558,930,540000,400
15,6,540000,540100,558,930,630000,466
15,7,630000,630100,558,930,720000,536
15,8,720000,720100,558,930,810000,602
15,9,810000,810100,558,930,900000,671
2,0,0,100,39,64,10000,2
2,1,10000,10100,39,64,20000,7
2,10,100000,100100,39,64,110000,75
2,100,1000000,1000100,39,64,1010000,750
2,101,1010000,1010100,39,64,1020000,754
2,102,1020000,1020100,39,64,1030000,762
2,103,1030000,1030100,39,64,1040000,767
2,104,1040000,1040100,39,64,1050000,776
2,105,1050000,1050100,39,64,1060000,784
2,106,1060000,1060100,39,64,1070000,791
2,107,1070000,1070100,39,64,1080000,796
2,108,1080000,1080100,39,64,1090000,809
2,109,1090000,1090100,39,64,1100000,814
2,11,110000,110100,39,64,120000,79
2,110,1100000,1100100,39,64,1110000,822
2,111,1110000,1110100,39,64,1120000,827
2,112,1120000,1120100,39,64,1130000,839
2,113,1130000,1130100,39,64,1140000,843
2,114,1140000,1140100,39,64,1150000,850
2,115,1150000,1150100,39,64,1160000,857
2,116,1160000,1160100,39,64,1170000,866
2,117,1170000,1170100,39,64,1180000,875
2,118,1180000,1180100,39,64,1190000,882
2,119,1190000,1190100,39,64,1200000,886
2,12,120000,120100,39,64,130000,90
2,120,1200000,1200100,39,64,1210000,899
2,121,1210000,1210100,39,64,1220000,904
2,122,1220000,1220100,39,64,1230000,911
2,123,1230000,1230100,39,64,1240000,916
2,124,1240000,1240100,39,64,1250000,926
2,125,1250000,1250100,39,64,1260000,932
2,126,1260000,1260100,39,64,1270000,942
2,127,1270000,1270100,39,64,1280000,949
2,128,1280000,1280100,39,64,1290000,958
2,129,1290000,1290100,39,64,1300000,963
2,13,130000,130100,39,64,140000,95
2,130,1300000,1300100,39,64,1310000,972
2,131,1310000,1310100,39,64,1320000,976
2,132,1320000,1320100,39,64,1330000,987
2,133,1330000,1330100,39,64,1340000,992
2,134,1340000,1340100,39,64,1350000,998
2,135,1350000,1350100,39,64,1360000,1009
2,136,1360000,1360100,39,64,1370000,1019
2,137,1370000,1370100,39,64,1380000,1024
2,138,1380000,1380100,39,64,1390000,1031
2,139,1390000,1390100,39,64,1400000,1036
2,14,140000,140100,39,64,150000,101
2,140,1400000,1400100,39,64,1410000,1047
2,141,1410000,1410100,39,64,1420000,1052
2,142,1420000,1420100,39,64,1430000,1061
2,143,1430000,1430100,39,64,1440000,1065
2,144,1440000,1440100,39,64,1450000,1078
2,145,1450000,1450100,39,64,1460000,1085
2,146,1460000,1460100,39,64,1470000,1091
2,147,1470000,1470100,39,64,1480000,1097
2,148,1480000,1480100,39,64,1490000,1107
2,149,1490000,1490100,39,64,1500000,1111
2,15,150000,150100,39,64,160000,109
2,150,1500000,1500100,39,64,1510000,1121
2,151,1510000,1510100,39,64,1520000,1126
2,152,1520000,1520100,39,64,1530000,1136
2,153,1530000,1530100,39,64,1540000,1144
2,154,1540000,1540100,39,64,1550000,1151
2,155,1550000,1550100,39,64,1560000,1157
2,156,1560000,1560100,39,64,1570000,1167
2,157,1570000,1570100,39,64,1580000,1174
2,158,1580000,1580100,39,64,1590000,1180
2,159,1590000,1590100,39,64,1600000,1185
2,16,160000,160100,39,64,170000,119
2,160,1600000,1600100,39,64,1610000,1197
2,161,1610000,1610100,39,64,1620000,1201
2,162,1620000,1620100,39,64,1630000,1212
2,163,1630000,1630100,39,64,1640000,1217
2,164,1640000,1640100,39,64,1650000,1226
2,165,1650000,1650100,39,64,1660000,1234
2,166,1660000,1660100,39,64,1670000,1241
2,167,1670000,1670100,39,64,1680000,1246
2,168,1680000,1680100,39,64,1690000,1256
2,169,1690000,1690100,39,64,1700000,1261
2,17,170000,170100,39,64,180000,124
2,170,1700000,1700100,39,64,1710000,1269
2,171,1710000,1710100,39,64,1720000,1277
2,172,1720000,1720100,39,64,1730000,1289
2,173,1730000,1730100,39,64,1740000,1293
2,174,1740000,1740100,39,64,1750000,1300
2,175,1750000,1750100,39,64,1760000,1307
2,176,1760000,1760100,39,64,1770000,1316
2,177,1770000,1770100,39,64,1780000,1322
2,178,1780000,1780100,39,64,1790000,1329
2,179,1790000,1790100,39,64,1800000,1333
2,18,180000,180100,39,64,190000,134
2,19,190000,190100,39,64,200000,139
2,2,20000,20100,39,64,30000,14
2,20,200000,200100,39,64,210000,150
2,21,210000,210100,39,64,220000,155
2,22,220000,220100,39,64,230000,164
2,23,230000,230100,39,64,240000,168
2,24,240000,240100,39,64,250000,178
2,25,250000,250100,39,64,260000,185
2,26,260000,260100,39,64,270000,191
2,27,270000,270100,39,64,280000,200
2,28,280000,280100,39,64,290000,210
2,29,290000,290100,39,64,300000,214
2,3,30000,30100,39,64,40000,19
2,30,300000,300100,39,64,310000,224
2,31,310000,310100,39,64,320000,229
2,32,320000,320100,39,64,330000,239
2,33,330000,330100,39,64,340000,244
2,34,340000,340100,39,64,350000,251
2,35,350000,350100,39,64,360000,257
2,36,360000,360100,39,64,370000,270
2,37,370000,370100,39,64,380000,277
2,38,380000,380100,39,64,390000,283
2,39,390000,390100,39,64,400000,288
2,4,40000,40100,39,64,50000,29
2,40,400000,400100,39,64,410000,300
2,41,410000,410100,39,64,420000,304
2,42,420000,420100,39,64,430000,312
2,43,430000,430100,39,64,440000,317
2,44,440000,440100,39,64,450000,326
2,45,450000,450100,39,64,460000,337
2,46,460000,460100,39,64,470000,344
2,47,470000,470100,39,64,480000,349
2,48,480000,480100,39,64,490000,359
2,49,490000,490100,39,64,500000,364
2,5,50000,50100,39,64,60000,35
2,50,500000,500100,39,64,510000,372
2,51,510000,510100,39,64,520000,377
2,52,520000,520100,39,64,530000,389
2,53,530000,530100,39,64,540000,393
2,54,540000,540100,39,64,550000,403
2,55,550000,550100,39,64,560000,410
2,56,560000,560100,39,64,570000,419
2,57,570000,570100,39,64,580000,425
2,58,580000,580100,39,64,590000,432
2,59,590000,590100,39,64,600000,436
2,6,60000,60100,39,64,70000,42
2,60,600000,600100,39,64,610000,449
2,61,610000,610100,39,64,620000,454
2,62,620000,620100,39,64,630000,461
2,63,630000,630100,39,64,640000,469
2,64,640000,640100,39,64,650000,479
2,65,650000,650100,39,64,660000,485
2,66,660000,660100,39,64,670000,492
2,67,670000,670100,39,64,680000,499
2,68,680000,680100,39,64,690000,508
2,69,690000,690100,39,64,700000,513
2,7,70000,70100,39,64,80000,49
2,70,700000,700100,39,64,710000,522
2,71,710000,710100,39,64,720000,526
2,72,720000,720100,39,64,730000,540
2,73,730000,730100,39,64,740000,545
2,74,740000,740100,39,64,750000,551
2,75,750000,750100,39,64,760000,559
2,76,760000,760100,39,64,770000,569
2,77,770000,770100,39,64,780000,574
2,78,780000,780100,39,64,790000,581
2,79,790000,790100,39,64,800000,586
2,8,80000,80100,39,64,90000,58
2,80,800000,800100,39,64,810000,597
2,81,810000,810100,39,64,820000,605
2,82,820000,820100,39,64,830000,614
2,83,830000,830100,39,64,840000,618
2,84,840000,840100,39,64,850000,628
2,85,850000,850100,39,64,860000,635
2,86,860000,860100,39,64,870000,641
2,87,870000,870100,39,64,880000,647
2,88,880000,880100,39,64,890000,657
2,89,890000,890100,39,64,900000,661
2,9,90000,90100,39,64,100000,66
2,90,900000,900100,39,64,910000,674
2,91,910000,910100,39,64,920000,679
2,92,920000,920100,39,64,930000,689
2,93,930000,930100,39,64,940000,694
2,94,940000,940100,39,64,950000,701
2,95,950000,950100,39,64,960000,707
2,96,960000,960100,39,64,970000,717
2,97,970000,970100,39,64,980000,724
2,98,980000,980100,39,64,990000,730
2,99,990000,990100,39,64,1000000,738
3,0,0,100,16,26,10000,3
3,1,10000,10100,16,26,20000,8
3,10,100000,100100,16,26,110000,76
3,100,1000000,1000100,16,26,1010000,751
3,101,1010000,1010100,16,26,1020000,755
3,102,1020000,1020100,16,26,1030000,763
3,103,1030000,1030100,16,26,1040000,768
3,104,1040000,1040100,16,26,1050000,777
3,105,1050000,1050100,16,26,1060000,785
3,106,1060000,1060100,16,26,1070000,792
3,107,1070000,1070100,16,26,1080000,797
3,108,1080000,1080100,16,26,1090000,810
3,109,1090000,1090100,16,26,1100000,815
3,11,110000,110100,16,26,120000,80
3,110,1100000,1100100,16,26,1110000,823
3,111,1110000,1110100,16,26,1120000,828
3,112,1120000,1120100,16,26,1130000,840
3,113,1130000,1130100,16,26,1140000,844
3,114,1140000,1140100,16,26,1150000,851
3,115,1150000,1150100,16,26,1160000,858
3,116,1160000,1160100,16,26,1170000,867
3,117,1170000,1170100,16,26,1180000,876
3,118,1180000,1180100,16,26,1190000,883
3,119,1190000,1190100,16,26,1200000,887
3,12,120000,120100,16,26,130000,91
3,120,1200000,1200100,16,26,1210000,900
3,121,1210000,1210100,16,26,1220000,905
3,122,1220000,1220100,16,26,1230000,912
3,123,1230000,1230100,16,26,1240000,917
3,124,1240000,1240100,16,26,1250000,927
3,125,1250000,1250100,16,26,1260000,933
3,126,1260000,1260100,16,26,1270000,943
3,127,1270000,1270100,16,26,1280000,950
3,128,1280000,1280100,16,26,1290000,959
3,129,1290000,1290100,16,26,1300000,964
3,13,130000,130100,16,26,140000,96
3,130,1300000,1300100,16,26,1310000,973
3,131,1310000,1310100,16,26,1320000,977
3,132,1320000,1320100,16,26,1330000,988
3,133,1330000,1330100,16,26,1340000,993
3,134,1340000,1340100,16,26,1350000,999
3,135,1350000,1350100,16,26,1360000,1010
3,136,1360000,1360100,16,26,1370000,1020
3,137,1370000,1370100,16,26,1380000,1025
3,138,1380000,1380100,16,26,1390000,1032
3,139,1390000,1390100,16,26,1400000,1037
3,14,140000,140100,16,26,150000,102
3,140,1400000,1400100,16,26,1410000,1048
3,141,1410000,1410100,16,26,1420000,1053
3,142,1420000,1420100,16,26,1430000,1062
3,143,1430000,1430100,16,26,1440000,1066
3,144,1440000,1440100,16,26,1450000,1079
3,145,1450000,1450100,16,26,1460000,1086
3,146,1460000,1460100,16,26,1470000,1092
3,147,1470000,1470100,16,26,1480000,1098
3,148,1480000,1480100,16,26,1490000,1108
3,149,1490000,1490100,16,26,1500000,1112
3,15,150000,150100,16,26,160000,110
3,150,1500000,1500100,16,26,1510000,1122
3,151,1510000,1510100,16,26,1520000,1127
3,152,1520000,1520100,16,26,1530000,1137
3,153,1530000,1530100,16,26,1540000,1145
3,154,1540000,1540100,16,26,1550000,1152
3,155,1550000,1550100,16,26,1560000,1158
3,156,1560000,1560100,16,26,1570000,1168
3,157,1570000,1570100,16,26,1580000,1175
3,158,1580000,1580100,16,26,1590000,1181
3,159,1590000,1590100,16,26,1600000,1186
3,16,160000,160100,16,26,170000,120
3,160,1600000,1600100,16,26,1610000,1198
3,161,1610000,1610100,16,26,1620000,1202
3,162,1620000,1620100,16,26,1630000,1213
3,163,1630000,1630100,16,26,1640000,1218
3,164,1640000,1640100,16,26,1650000,1227
3,165,1650000,1650100,16,26,1660000,1235
3,166,1660000,1660100,16,26,1670000,1242
3,167,1670000,1670100,16,26,1680000,1247
3,168,1680000,1680100,16,26,1690000,1257
3,169,1690000,1690100,16,26,1700000,1262
3,17,170000,170100,16,26,180000,125
3,170,1700000,1700100,16,26,1710000,1270
3,171,1710000,1710100,16,26,1720000,1278
3,172,1720000,1720100,16,26,1730000,1290
3,173,1730000,1730100,16,26,1740000,1294
3,174,1740000,1740100,16,26,1750000,1301
3,175,1750000,1750100,16,26,1760000,1308
3,176,1760000,1760100,16,26,1770000,1317
3,177,1770000,1770100,16,26,1780000,1323
3,178,1780000,1780100,16,26,1790000,1330
3,179,1790000,1790100,16,26,1800000,1334
3,18,180000,180100,16,26,190000,135
3,19,190000,190100,16,26,200000,140
3,2,20000,20100,16,26,30000,15
3,20,200000,200100,16,26,210000,151
3,21,210000,210100,16,26,220000,156
3,22,220000,220100,16,26,230000,165
3,23,230000,230100,16,26,240000,169
3,24,240000,240100,16,26,250000,179
3,25,250000,250100,16,26,260000,186
3,26,260000,260100,16,26,270000,192
3,27,270000,270100,16,26,280000,201
3,28,280000,280100,16,26,290000,211
3,29,290000,290100,16,26,300000,215
3,3,30000,30100,16,26,40000,20
3,30,300000,300100,16,26,310000,225
3,31,310000,310100,16,26,320000,230
3,32,320000,320100,16,26,330000,240
3,33,330000,330100,16,26,340000,245
3,34,340000,340100,16,26,350000,252
3,35,350000,350100,16,26,360000,258
3,36,360000,360100,16,26,370000,271
3,37,370000,370100,16,26,380000,278
3,38,380000,380100,16,26,390000,284
3,39,390000,390100,16,26,400000,289
3,4,40000,40100,16,26,50000,30
3,40,400000,400100,16,26,410000,301
3,41,410000,410100,16,26,420000,305
3,42,420000,420100,16,26,430000,313
3,43,430000,430100,16,26,440000,318
3,44,440000,440100,16,26,450000,327
3,45,450000,450100,16,26,460000,338
3,46,460000,460100,16,26,470000,345
3,47,470000,470100,16,26,480000,350
3,48,480000,480100,16,26,490000,360
3,49,490000,490100,16,26,500000,365
3,5,50000,50100,16,26,60000,36
3,50,500000,500100,16,26,510000,373
3,51,510000,510100,16,26,520000,378
3,52,520000,520100,16,26,530000,390
3,53,530000,530100,16,26,540000,394
3,54,540000,540100,16,26,550000,404
3,55,550000,550100,16,26,560000,411
3,56,560000,560100,16,26,570000,420
3,57,570000,570100,16,26,580000,426
3,58,580000,580100,16,26,590000,433
3,59,590000,590100,16,26,600000,437
3,6,60000,60100,16,26,70000,43
3,60,600000,600100,16,26,610000,450
3,61,610000,610100,16,26,620000,455
3,62,620000,620100,16,26,630000,462
3,63,630000,630100,16,26,640000,470
3,64,640000,640100,16,26,650000,480
3,65,650000,650100,16,26,660000,486
3,66,660000,660100,16,26,670000,493
3,67,670000,670100,16,26,680000,500
3,68,680000,680100,16,26,690000,509
3,69,690000,690100,16,26,700000,514
3,7,70000,70100,16,26,80000,50
3,70,700000,700100,16,26,710000,523
3,71,710000,710100,16,26,720000,527
3,72,720000,720100,16,26,730000,541
3,73,730000,730100,16,26,740000,546
3,74,740000,740100,16,26,750000,552
3,75,750000,750100,16,26,760000,560
3,76,760000,760100,16,26,770000,570
3,77,770000,770100,16,26,780000,575
3,78,780000,780100,16,26,790000,582
3,79,790000,790100,16,26,800000,587
3,8,80000,80100,16,26,90000,59
3,80,800000,800100,16,26,810000,598
3,81,810000,810100,16,26,820000,606
3,82,820000,820100,16,26,830000,615
3,83,830000,830100,16,26,840000,619
3,84,840000,840100,16,26,850000,629
3,85,850000,850100,16,26,860000,636
3,86,860000,860100,16,26,870000,642
3,87,870000,870100,16,26,880000,648
3,88,880000,880100,16,26,890000,658
3,89,890000,890100,16,26,900000,662
3,9,90000,90100,16,26,100000,67
3,90,900000,900100,16,26,910000,675
3,91,910000,910100,16,26,920000,680
3,92,920000,920100,16,26,930000,690
3,93,930000,930100,16,26,940000,695
3,94,940000,940100,16,26,950000,702
3,95,950000,950100,16,26,960000,708
3,96,960000,960100,16,26,970000,718
3,97,970000,970100,16,26,980000,725
3,98,980000,980100,16,26,990000,731
3,99,990000,990100,16,26,1000000,739
4,0,0,100,180,300,15000,4
4,1,15000,15100,180,300,30000,16
4,10,150000,150100,180,300,165000,116
4,100,1500000,1500100,180,300,1515000,1123
4,101,1515000,1515100,180,300,1530000,1138
4,102,1530000,1530100,180,300,1545000,1148
4,103,1545000,1545100,180,300,1560000,1159
4,104,1560000,1560100,180,300,1575000,1169
4,105,1575000,1575100,180,300,1590000,1182
4,106,1590000,1590100,180,300,1605000,1194
4,107,1605000,1605100,180,300,1620000,1203
4,108,1620000,1620100,180,300,1635000,1214
4,109,1635000,1635100,180,300,1650000,1228
4,11,165000,165100,180,300,180000,126
4,110,1650000,1650100,180,300,1665000,1238
4,111,1665000,1665100,180,300,1680000,1248
4,112,1680000,1680100,180,300,1695000,1258
4,113,1695000,1695100,180,300,1710000,1271
4,114,1710000,1710100,180,300,1725000,1284
4,115,1725000,1725100,180,300,1740000,1295
4,116,1740000,1740100,180,300,1755000,1304
4,117,1755000,1755100,180,300,1770000,1318
4,118,1770000,1770100,180,300,1785000,1326
4,119,1785000,1785100,180,300,1800000,1335
4,12,180000,180100,180,300,195000,136
4,13,195000,195100,180,300,210000,152
4,14,210000,210100,180,300,225000,159
4,15,225000,225100,180,300,240000,170
4,16,240000,240100,180,300,255000,182
4,17,255000,255100,180,300,270000,193
4,18,270000,270100,180,300,285000,207
4,19,285000,285100,180,300,300000,216
4,2,30000,30100,180,300,45000,26
4,20,300000,300100,180,300,315000,226
4,21,315000,315100,180,300,330000,241
4,22,330000,330100,180,300,345000,248
4,23,345000,345100,180,300,360000,259
4,24,360000,360100,180,300,375000,272
4,25,375000,375100,180,300,390000,285
4,26,390000,390100,180,300,405000,297
4,27,405000,405100,180,300,420000,306
4,28,420000,420100,180,300,435000,314
4,29,435000,435100,180,300,450000,328
4,3,45000,45100,180,300,60000,37
4,30,450000,450100,180,300,465000,341
4,31,465000,465100,180,300,480000,351
4,32,480000,480100,180,300,495000,361
4,33,495000,495100,180,300,510000,374
4,34,510000,510100,180,300,525000,384
4,35,525000,525100,180,300,540000,395
4,36,540000,540100,180,300,555000,407
4,37,555000,555100,180,300,570000,421
4,38,570000,570100,180,300,585000,429
4,39,585000,585100,180,300,600000,438
4,4,60000,60100,180,300,75000,44
4,40,600000,600100,180,300,615000,451
4,41,615000,615100,180,300,630000,463
4,42,630000,630100,180,300,645000,476
4,43,645000,645100,180,300,660000,487
4,44,660000,660100,180,300,675000,494
4,45,675000,675100,180,300,690000,510
4,46,690000,690100,180,300,705000,519
4,47,705000,705100,180,300,720000,528
4,48,720000,720100,180,300,735000,542
4,49,735000,735100,180,300,750000,553
4,5,75000,75100,180,300,90000,60
4,50,750000,750100,180,300,765000,566
4,51,765000,765100,180,300,780000,576
4,52,780000,780100,180,300,795000,583
4,53,795000,795100,180,300,810000,599
4,54,810000,810100,180,300,825000,609
4,55,825000,825100,180,300,840000,620
4,56,840000,840100,180,300,855000,632
4,57,855000,855100,180,300,870000,643
4,58,870000,870100,180,300,885000,654
4,59,885000,885100,180,300,900000,663
4,6,90000,90100,180,300,105000,72
4,60,900000,900100,180,300,915000,676
4,61,915000,915100,180,300,930000,691
4,62,930000,930100,180,300,945000,698
4,63,945000,945100,180,300,960000,709
4,64,960000,960100,180,300,975000,719
4,65,975000,975100,180,300,990000,732
4,66,990000,990100,180,300,1005000,747
4,67,1005000,1005100,180,300,1020000,756
4,68,1020000,1020100,180,300,1035000,764
4,69,1035000,1035100,180,300,1050000,778
4,7,105000,105100,180,300,120000,81
4,70,1050000,1050100,180,300,1065000,788
4,71,1065000,1065100,180,300,1080000,798
4,72,1080000,1080100,180,300,1095000,811
4,73,1095000,1095100,180,300,1110000,824
4,74,1110000,1110100,180,300,1125000,834
4,75,1125000,1125100,180,300,1140000,845
4,76,1140000,1140100,180,300,1155000,854
4,77,1155000,1155100,180,300,1170000,868
4,78,1170000,1170100,180,300,1185000,879
4,79,1185000,1185100,180,300,1200000,888
4,8,120000,120100,180,300,135000,92
4,80,1200000,1200100,180,300,1215000,901
4,81,1215000,1215100,180,300,1230000,913
4,82,1230000,1230100,180,300,1245000,923
4,83,1245000,1245100,180,300,1260000,934
4,84,1260000,1260100,180,300,1275000,944
4,85,1275000,1275100,180,300,1290000,960
4,86,1290000,1290100,180,300,1305000,969
4,87,1305000,1305100,180,300,1320000,978
4,88,1320000,1320100,180,300,1335000,989
4,89,1335000,1335100,180,300,1350000,1000
4,9,135000,135100,180,300,150000,103
4,90,1350000,1350100,180,300,1365000,1016
4,91,1365000,1365100,180,300,1380000,1026
4,92,1380000,1380100,180,300,1395000,1033
4,93,1395000,1395100,180,300,1410000,1049
4,94,1410000,1410100,180,300,1425000,1056
4,95,1425000,1425100,180,300,1440000,1067
4,96,1440000,1440100,180,300,1455000,1082
4,97,1455000,1455100,180,300,1470000,1093
4,98,1470000,1470100,180,300,1485000,1104
4,99,1485000,1485100,180,300,1500000,1113
5,0,0,100,213,355,20000,9
5,1,20000,20100,213,355,40000,21
5,10,200000,200100,213,355,220000,157
5,11,220000,220100,213,355,240000,171
5,12,240000,240100,213,355,260000,187
5,13,260000,260100,213,355,280000,202
5,14,280000,280100,213,355,300000,217
5,15,300000,300100,213,355,320000,231
5,16,320000,320100,213,355,340000,246
5,17,340000,340100,213,355,360000,260
5,18,360000,360100,213,355,380000,279
5,19,380000,380100,213,355,400000,290
5,2,40000,40100,213,355,60000,38
5,20,400000,400100,213,355,420000,307
5,21,420000,420100,213,355,440000,319
5,22,440000,440100,213,355,460000,339
5,23,460000,460100,213,355,480000,352
5,24,480000,480100,213,355,500000,366
5,25,500000,500100,213,355,520000,379
5,26,520000,520100,213,355,540000,396
5,27,540000,540100,213,355,560000,412
5,28,560000,560100,213,355,580000,427
5,29,580000,580100,213,355,600000,439
5,3,60000,60100,213,355,80000,51
5,30,600000,600100,213,355,620000,456
5,31,620000,620100,213,355,640000,471
5,32,640000,640100,213,355,660000,488
5,33,660000,660100,213,355,680000,501
5,34,680000,680100,213,355,700000,515
5,35,700000,700100,213,355,720000,529
5,36,720000,720100,213,355,740000,547
5,37,740000,740100,213,355,760000,561
5,38,760000,760100,213,355,780000,577
5,39,780000,780100,213,355,800000,588
5,4,80000,80100,213,355,100000,68
5,40,800000,800100,213,355,820000,607
5,41,820000,820100,213,355,840000,621
5,42,840000,840100,213,355,860000,637
5,43,860000,860100,213,355,880000,649
5,44,880000,880100,213,355,900000,664
5,45,900000,900100,213,355,920000,681
5,46,920000,920100,213,355,940000,696
5,47,940000,940100,213,355,960000,710
5,48,960000,960100,213,355,980000,726
5,49,980000,980100,213,355,1000000,740
5,5,100000,100100,213,355,120000,82
5,50,1000000,1000100,213,355,1020000,757
5,51,1020000,1020100,213,355,1040000,769
5,52,1040000,1040100,213,355,1060000,786
5,53,1060000,1060100,213,355,1080000,799
5,54,1080000,1080100,213,355,1100000,816
5,55,1100000,1100100,213,355,1120000,829
5,56,1120000,1120100,213,355,1140000,846
5,57,1140000,1140100,213,355,1160000,859
5,58,1160000,1160100,213,355,1180000,877
5,59,1180000,1180100,213,355,1200000,889
5,6,120000,120100,213,355,140000,97
5,60,1200000,1200100,213,355,1220000,906
5,61,1220000,1220100,213,355,1240000,918
5,62,1240000,1240100,213,355,1260000,935
5,63,1260000,1260100,213,355,1280000,951
5,64,1280000,1280100,213,355,1300000,965
5,65,1300000,1300100,213,355,1320000,979
5,66,1320000,1320100,213,355,1340000,994
5,67,1340000,1340100,213,355,1360000,1011
5,68,1360000,1360100,213,355,1380000,1027
5,69,1380000,1380100,213,355,1400000,1038
5,7,140000,140100,213,355,160000,111
5,70,1400000,1400100,213,355,1420000,1054
5,71,1420000,1420100,213,355,1440000,1068
5,72,1440000,1440100,213,355,1460000,1087
5,73,1460000,1460100,213,355,1480000,1099
5,74,1480000,1480100,213,355,1500000,1114
5,75,1500000,1500100,213,355,1520000,1128
5,76,1520000,1520100,213,355,1540000,1146
5,77,1540000,1540100,213,355,1560000,1160
5,78,1560000,1560100,213,355,1580000,1176
5,79,1580000,1580100,213,355,1600000,1187
5,8,160000,160100,213,355,180000,127
5,80,1600000,1600100,213,355,1620000,1204
5,81,1620000,1620100,213,355,1640000,1219
5,82,1640000,1640100,213,355,1660000,1236
5,83,1660000,1660100,213,355,1680000,1249
5,84,1680000,1680100,213,355,1700000,1263
5,85,1700000,1700100,213,355,1720000,1279
5,86,1720000,1720100,213,355,1740000,1296
5,87,1740000,1740100,213,355,1760000,1309
5,88,1760000,1760100,213,355,1780000,1324
5,89,1780000,1780100,213,355,1800000,1336
5,9,180000,180100,213,355,200000,141
6,0,0,100,465,775,20000,10
6,1,20000,20100,465,775,40000,22
6,10,200000,200100,465,775,220000,158
6,11,220000,220100,465,775,240000,172
6,12,240000,240100,465,775,260000,188
6,13,260000,260100,465,775,280000,203
6,14,280000,280100,465,775,300000,218
6,15,300000,300100,465,775,320000,232
6,16,320000,320100,465,775,340000,247
6,17,340000,340100,465,775,360000,261
6,18,360000,360100,465,775,380000,280
6,19,380000,380100,465,775,400000,291
6,2,40000,40100,465,775,60000,39
6,20,400000,400100,465,775,420000,308
6,21,420000,420100,465,775,440000,320
6,22,440000,440100,465,775,460000,340
6,23,460000,460100,465,775,480000,353
6,24,480000,480100,465,775,500000,367
6,25,500000,500100,465,775,520000,380
6,26,520000,520100,465,775,540000,397
6,27,540000,540100,465,775,560000,413
6,28,560000,560100,465,775,580000,428
6,29,580000,580100,465,775,600000,440
6,3,60000,60100,465,775,80000,52
6,30,600000,600100,465,775,620000,457
6,31,620000,620100,465,775,640000,472
6,32,640000,640100,465,775,660000,489
6,33,660000,660100,465,775,680000,502
6,34,680000,680100,465,775,700000,516
6,35,700000,700100,465,775,720000,530
6,36,720000,720100,465,775,740000,548
6,37,740000,740100,465,775,760000,562
6,38,760000,760100,465,775,780000,578
6,39,780000,780100,465,775,800000,589
6,4,80000,80100,465,775,100000,69
6,40,800000,800100,465,775,820000,608
6,41,820000,820100,465,775,840000,622
6,42,840000,840100,465,775,860000,638
6,43,860000,860100,465,775,880000,650
6,44,880000,880100,465,775,900000,665
6,45,900000,900100,465,775,920000,682
6,46,920000,920100,465,775,940000,697
6,47,940000,940100,465,775,960000,711
6,48,960000,960100,465,775,980000,727
6,49,980000,980100,465,775,1000000,741
6,5,100000,100100,465,775,120000,83
6,50,1000000,1000100,465,775,1020000,758
6,51,1020000,1020100,465,775,1040000,770
6,52,1040000,1040100,465,775,1060000,787
6,53,1060000,1060100,465,775,1080000,800
6,54,1080000,1080100,465,775,1100000,817
6,55,1100000,1100100,465,775,1120000,830
6,56,1120000,1120100,465,775,1140000,847
6,57,1140000,1140100,465,775,1160000,860
6,58,1160000,1160100,465,775,1180000,878
6,59,1180000,1180100,465,775,1200000,890
6,6,120000,120100,465,775,140000,98
6,60,1200000,1200100,465,775,1220000,907
6,61,1220000,1220100,465,775,1240000,919
6,62,1240000,1240100,465,775,1260000,936
6,63,1260000,1260100,465,775,1280000,952
6,64,1280000,1280100,465,775,1300000,966
6,65,1300000,1300100,465,775,1320000,980
6,66,1320000,1320100,465,775,1340000,995
6,67,1340000,1340100,465,775,1360000,1012
6,68,1360000,1360100,465,775,1380000,1028
6,69,1380000,1380100,465,775,1400000,1039
6,7,140000,140100,465,775,160000,112
6,70,1400000,1400100,465,775,1420000,1055
6,71,1420000,1420100,465,775,1440000,1069
6,72,1440000,1440100,465,775,1460000,1088
6,73,1460000,1460100,465,775,1480000,1100
6,74,1480000,1480100,465,775,1500000,1115
6,75,1500000,1500100,465,775,1520000,1129
6,76,1520000,1520100,465,775,1540000,1147
6,77,1540000,1540100,465,775,1560000,1161
6,78,1560000,1560100,465,775,1580000,1177
6,79,1580000,1580100,465,775,1600000,1188
6,8,160000,160100,465,775,180000,128
6,80,1600000,1600100,465,775,1620000,1205
6,81,1620000,1620100,465,775,1640000,1220
6,82,1640000,1640100,465,775,1660000,1237
6,83,1660000,1660100,465,775,1680000,1250
6,84,1680000,1680100,465,775,1700000,1264
6,85,1700000,1700100,465,775,1720000,1280
6,86,1720000,1720100,465,775,1740000,1297
6,87,1740000,1740100,465,775,1760000,1310
6,88,1760000,1760100,465,775,1780000,1325
6,89,1780000,1780100,465,775,1800000,1337
6,9,180000,180100,465,775,200000,142
7,0,0,100,317,528,25000,11
7,1,25000,25100,317,528,50000,31
7,10,250000,250100,317,528,275000,197
7,11,275000,275100,317,528,300000,219
7,12,300000,300100,317,528,325000,236
7,13,325000,325100,317,528,350000,253
7,14,350000,350100,317,528,375000,273
7,15,375000,375100,317,528,400000,292
7,16,400000,400100,317,528,425000,309
7,17,425000,425100,317,528,450000,329
7,18,450000,450100,317,528,475000,346
7,19,475000,475100,317,528,500000,368
7,2,50000,50100,317,528,75000,45
7,20,500000,500100,317,528,525000,385
7,21,525000,525100,317,528,550000,405
7,22,550000,550100,317,528,575000,422
7,23,575000,575100,317,528,600000,441
7,24,600000,600100,317,528,625000,458
7,25,625000,625100,317,528,650000,481
7,26,650000,650100,317,528,675000,495
7,27,675000,675100,317,528,700000,517
7,28,700000,700100,317,528,725000,537
7,29,725000,725100,317,528,750000,554
7,3,75000,75100,317,528,100000,70
7,30,750000,750100,317,528,775000,571
7,31,775000,775100,317,528,800000,590
7,32,800000,800100,317,528,825000,610
7,33,825000,825100,317,528,850000,630
7,34,850000,850100,317,528,875000,644
7,35,875000,875100,317,528,900000,666
7,36,900000,900100,317,528,925000,686
7,37,925000,925100,317,528,950000,703
7,38,950000,950100,317,528,975000,720
7,39,975000,975100,317,528,1000000,742
7,4,100000,100100,317,528,125000,87
7,40,1000000,1000100,317,528,1025000,759
7,41,1025000,1025100,317,528,1050000,779
7,42,1050000,1050100,317,528,1075000,793
7,43,1075000,1075100,317,528,1100000,818
7,44,1100000,1100100,317,528,1125000,835
7,45,1125000,1125100,317,528,1150000,852
7,46,1150000,1150100,317,528,1175000,872
7,47,1175000,1175100,317,528,1200000,891
7,48,1200000,1200100,317,528,1225000,908
7,49,1225000,1225100,317,528,1250000,928
7,5,125000,125100,317,528,150000,104
7,50,1250000,1250100,317,528,1275000,945
7,51,1275000,1275100,317,528,1300000,967
7,52,1300000,1300100,317,528,1325000,984
7,53,1325000,1325100,317,528,1350000,1001
7,54,1350000,1350100,317,528,1375000,1021
7,55,1375000,1375100,317,528,1400000,1040
7,56,1400000,1400100,317,528,1425000,1057
7,57,1425000,1425100,317,528,1450000,1080
7,58,1450000,1450100,317,528,1475000,1094
7,59,1475000,1475100,317,528,1500000,1116
7,6,150000,150100,317,528,175000,121
7,60,1500000,1500100,317,528,1525000,1133
7,61,1525000,1525100,317,528,1550000,1153
7,62,1550000,1550100,317,528,1575000,1170
7,63,1575000,1575100,317,528,1600000,1189
7,64,1600000,1600100,317,528,1625000,1209
7,65,1625000,1625100,317,528,1650000,1229
7,66,1650000,1650100,317,528,1675000,1243
7,67,1675000,1675100,317,528,1700000,1265
7,68,1700000,1700100,317,528,1725000,1285
7,69,1725000,1725100,317,528,1750000,1302
7,7,175000,175100,317,528,200000,143
7,70,1750000,1750100,317,528,1775000,1319
7,71,1775000,1775100,317,528,1800000,1338
7,8,200000,200100,317,528,225000,160
7,9,225000,225100,317,528,250000,180
8,0,0,100,466,776,40000,23
8,1,40000,40100,466,776,80000,53
8,10,400000,400100,466,776,440000,321
8,11,440000,440100,466,776,480000,354
8,12,480000,480100,466,776,520000,381
8,13,520000,520100,466,776,560000,414
8,14,560000,560100,466,776,600000,442
8,15,600000,600100,466,776,640000,473
8,16,640000,640100,466,776,680000,503
8,17,680000,680100,466,776,720000,531
8,18,720000,720100,466,776,760000,563
8,19,760000,760100,466,776,800000,591
8,2,80000,80100,466,776,120000,84
8,20,800000,800100,466,776,840000,623
8,21,840000,840100,466,776,880000,651
8,22,880000,880100,466,776,920000,683
8,23,920000,920100,466,776,960000,712
8,24,960000,960100,466,776,1000000,743
8,25,1000000,1000100,466,776,1040000,771
8,26,1040000,1040100,466,776,1080000,801
8,27,1080000,1080100,466,776,1120000,831
8,28,1120000,1120100,466,776,1160000,861
8,29,1160000,1160100,466,776,1200000,892
8,3,120000,120100,466,776,160000,113
8,30,1200000,1200100,466,776,1240000,920
8,31,1240000,1240100,466,776,1280000,953
8,32,1280000,1280100,466,776,1320000,981
8,33,1320000,1320100,466,776,1360000,1013
8,34,1360000,1360100,466,776,1400000,1041
8,35,1400000,1400100,466,776,1440000,1070
8,36,1440000,1440100,466,776,1480000,1101
8,37,1480000,1480100,466,776,1520000,1130
8,38,1520000,1520100,466,776,1560000,1162
8,39,1560000,1560100,466,776,1600000,1190
8,4,160000,160100,466,776,200000,144
8,40,1600000,1600100,466,776,1640000,1221
8,41,1640000,1640100,466,776,1680000,1251
8,42,1680000,1680100,466,776,1720000,1281
8,43,1720000,1720100,466,776,1760000,1311
8,44,1760000,1760100,466,776,1800000,1339
8,5,200000,200100,466,776,240000,173
8,6,240000,240100,466,776,280000,204
8,7,280000,280100,466,776,320000,233
8,8,320000,320100,466,776,360000,262
8,9,360000,360100,466,776,400000,293
9,0,0,100,1857,3094,40000,24
9,1,40000,40100,1857,3094,80000,54
9,10,400000,400100,1857,3094,440000,322
9,11,440000,440100,1857,3094,480000,355
9,12,480000,480100,1857,3094,520000,382
9,13,520000,520100,1857,3094,560000,415
9,14,560000,560100,1857,3094,600000,443
9,15,600000,600100,1857,3094,640000,474
9,16,640000,640100,1857,3094,680000,504
9,17,680000,680100,1857,3094,720000,532
9,18,720000,720100,1857,3094,760000,564
9,19,760000,760100,1857,3094,800000,592
9,2,80000,80100,1857,3094,120000,85
9,20,800000,800100,1857,3094,840000,624
9,21,840000,840100,1857,3094,880000,652
9,22,880000,880100,1857,3094,920000,684
9,23,920000,920100,1857,3094,960000,713
9,24,960000,960100,1857,3094,1000000,744
9,25,1000000,1000100,1857,3094,1040000,772
9,26,1040000,1040100,1857,3094,1080000,802
9,27,1080000,1080100,1857,3094,1120000,832
9,28,1120000,1120100,1857,3094,1160000,862
9,29,1160000,1160100,1857,3094,1200000,893
9,3,120000,120100,1857,3094,160000,114
9,30,1200000,1200100,1857,3094,1240000,921
9,31,1240000,1240100,1857,3094,1280000,954
9,32,1280000,1280100,1857,3094,1320000,982
9,33,1320000,1320100,1857,3094,1360000,1014
9,34,1360000,1360100,1857,3094,1400000,1042
9,35,1400000,1400100,1857,3094,1440000,1071
9,36,1440000,1440100,1857,3094,1480000,1102
9,37,1480000,1480100,1857,3094,1520000,1131
9,38,1520000,1520100,1857,3094,1560000,1163
9,39,1560000,1560100,1857,3094,1600000,1191
9,4,160000,160100,1857,3094,200000,145
9,40,1600000,1600100,1857,3094,1640000,1222
9,41,1640000,1640100,1857,3094,1680000,1252
9,42,1680000,1680100,1857,3094,1720000,1282
9,43,1720000,1720100,1857,3094,1760000,1312
9,44,1760000,1760100,1857,3094,1800000,1340
9,5,200000,200100,1857,3094,240000,174
9,6,240000,240100,1857,3094,280000,205
9,7,280000,280100,1857,3094,320000,234
9,8,320000,320100,1857,3094,360000,263
9,9,360000,360100,1857,3094,400000,294
