Task ID,Job ID,Arrival min,Arrival max,Cost min,Cost max,Deadline,Priority
0,0,0,750,860,1433,15000,0
0,1,15000,15750,860,1433,30000,5
0,10,150000,150750,860,1433,165000,57
0,11,165000,165750,860,1433,180000,58
0,2,30000,30750,860,1433,45000,12
0,3,45000,45750,860,1433,60000,13
0,4,60000,60750,860,1433,75000,22
0,5,75000,75750,860,1433,90000,27
0,6,90000,90750,860,1433,105000,35
0,7,105000,105750,860,1433,120000,36
0,8,120000,120750,860,1433,135000,45
0,9,135000,135750,860,1433,150000,50
1,0,0,1000,1173,1955,20000,1
1,1,20000,21000,1173,1955,40000,8
1,2,40000,41000,1173,1955,60000,14
1,3,60000,61000,1173,1955,80000,23
1,4,80000,81000,1173,1955,100000,31
1,5,100000,101000,1173,1955,120000,37
1,6,120000,121000,1173,1955,140000,46
1,7,140000,141000,1173,1955,160000,53
1,8,160000,161000,1173,1955,180000,59
2,0,0,1000,1880,3132,20000,2
2,1,20000,21000,1880,3132,40000,9
2,2,40000,41000,1880,3132,60000,15
2,3,60000,61000,1880,3132,80000,24
2,4,80000,81000,1880,3132,100000,32
2,5,100000,101000,1880,3132,120000,38
2,6,120000,121000,1880,3132,140000,47
2,7,140000,141000,1880,3132,160000,54
2,8,160000,161000,1880,3132,180000,60
3,0,0,1000,161,268,20000,3
3,1,20000,21000,161,268,40000,10
3,2,40000,41000,161,268,60000,16
3,3,60000,61000,161,268,80000,25
3,4,80000,81000,161,268,100000,33
3,5,100000,101000,161,268,120000,39
3,6,120000,121000,161,268,140000,48
3,7,140000,141000,161,268,160000,55
3,8,160000,161000,161,268,180000,61
4,0,0,1000,441,735,20000,4
4,1,20000,21000,441,735,40000,11
4,2,40000,41000,441,735,60000,17
4,3,60000,61000,441,735,80000,26
4,4,80000,81000,441,735,100000,34
4,5,100000,101000,441,735,120000,40
4,6,120000,121000,441,735,140000,49
4,7,140000,141000,441,735,160000,56
4,8,160000,161000,441,735,180000,62
5,0,0,1500,268,446,30000,6
5,1,30000,31500,268,446,60000,18
5,2,60000,61500,268,446,90000,28
5,3,90000,91500,268,446,120000,41
5,4,120000,121500,268,446,150000,51
5,5,150000,151500,268,446,180000,63
6,0,0,1500,2377,3961,30000,7
6,1,30000,31500,2377,3961,60000,19
6,2,60000,61500,2377,3961,90000,29
6,3,90000,91500,2377,3961,120000,42
6,4,120000,121500,2377,3961,150000,52
6,5,150000,151500,2377,3961,180000,64
7,0,0,3000,726,1209,60000,20
7,1,60000,63000,726,1209,120000,43
7,2,120000,123000,726,1209,180000,65
8,0,0,3000,1735,2891,60000,21
8,1,60000,63000,1735,2891,120000,44
8,2,120000,123000,1735,2891,180000,66
9,0,0,4500,9975,16624,90000,30
9,1,90000,94500,9975,16624,180000,67
