Task ID,Job ID,Arrival min,Arrival max,Cost min,Cost max,Deadline,Priority
0,0,0,500,1161,1934,10000,0
0,1,10000,10500,1161,1934,20000,6
0,10,100000,100500,1161,1934,110000,62
0,11,110000,110500,1161,1934,120000,65
0,12,120000,120500,1161,1934,130000,74
0,13,130000,130500,1161,1934,140000,80
0,14,140000,140500,1161,1934,150000,83
0,2,20000,20500,1161,1934,30000,10
0,3,30000,30500,1161,1934,40000,18
0,4,40000,40500,1161,1934,50000,24
0,5,50000,50500,1161,1934,60000,28
0,6,60000,60500,1161,1934,70000,36
0,7,70000,70500,1161,1934,80000,44
0,8,80000,80500,1161,1934,90000,47
0,9,90000,90500,1161,1934,100000,55
1,0,0,500,225,375,10000,1
1,1,10000,10500,225,375,20000,7
1,10,100000,100500,225,375,110000,63
1,11,110000,110500,225,375,120000,66
1,12,120000,120500,225,375,130000,75
1,13,130000,130500,225,375,140000,81
1,14,140000,140500,225,375,150000,84
1,2,20000,20500,225,375,30000,11
1,3,30000,30500,225,375,40000,19
1,4,40000,40500,225,375,50000,25
1,5,50000,50500,225,375,60000,29
1,6,60000,60500,225,375,70000,37
1,7,70000,70500,225,375,80000,45
1,8,80000,80500,225,375,90000,48
1,9,90000,90500,225,375,100000,56
2,0,0,500,2073,3454,10000,2
2,1,10000,10500,2073,3454,20000,8
2,10,100000,100500,2073,3454,110000,64
2,11,110000,110500,2073,3454,120000,67
2,12,120000,120500,2073,3454,130000,76
2,13,130000,130500,2073,3454,140000,82
2,14,140000,140500,2073,3454,150000,85
2,2,20000,20500,2073,3454,30000,12
2,3,30000,30500,2073,3454,40000,20
2,4,40000,40500,2073,3454,50000,26
2,5,50000,50500,2073,3454,60000,30
2,6,60000,60500,2073,3454,70000,38
2,7,70000,70500,2073,3454,80000,46
2,8,80000,80500,2073,3454,90000,49
2,9,90000,90500,2073,3454,100000,57
3,0,0,750,5098,8496,15000,3
3,1,15000,15750,5098,8496,30000,13
3,2,30000,30750,5098,8496,45000,21
3,3,45000,45750,5098,8496,60000,31
3,4,60000,60750,5098,8496,75000,39
3,5,75000,75750,5098,8496,90000,50
3,6,90000,90750,5098,8496,105000,59
3,7,105000,105750,5098,8496,120000,68
3,8,120000,120750,5098,8496,135000,77
3,9,135000,135750,5098,8496,150000,86
4,0,0,750,2534,4222,15000,4
4,1,15000,15750,2534,4222,30000,14
4,2,30000,30750,2534,4222,45000,22
4,3,45000,45750,2534,4222,60000,32
4,4,60000,60750,2534,4222,75000,40
4,5,75000,75750,2534,4222,90000,51
4,6,90000,90750,2534,4222,105000,60
4,7,105000,105750,2534,4222,120000,69
4,8,120000,120750,2534,4222,135000,78
4,9,135000,135750,2534,4222,150000,87
5,0,0,750,297,495,15000,5
5,1,15000,15750,297,495,30000,15
5,2,30000,30750,297,495,45000,23
5,3,45000,45750,297,495,60000,33
5,4,60000,60750,297,495,75000,41
5,5,75000,75750,297,495,90000,52
5,6,90000,90750,297,495,105000,61
5,7,105000,105750,297,495,120000,70
5,8,120000,120750,297,495,135000,79
5,9,135000,135750,297,495,150000,88
6,0,0,1250,159,264,25000,9
6,1,25000,26250,159,264,50000,27
6,2,50000,51250,159,264,75000,42
6,3,75000,76250,159,264,100000,58
6,4,100000,101250,159,264,125000,73
6,5,125000,126250,159,264,150000,89
7,0,0,1500,1871,3117,30000,16
7,1,30000,31500,1871,3117,60000,34
7,2,60000,61500,1871,3117,90000,53
7,3,90000,91500,1871,3117,120000,71
7,4,120000,121500,1871,3117,150000,90
8,0,0,1500,6836,11393,30000,17
8,1,30000,31500,6836,11393,60000,35
8,2,60000,61500,6836,11393,90000,54
8,3,90000,91500,6836,11393,120000,72
8,4,120000,121500,6836,11393,150000,91
9,0,0,3750,20187,33644,75000,43
9,1,75000,78750,20187,33644,150000,92
