Task ID,Job ID,Arrival min,Arrival max,Cost min,Cost max,Deadline,Priority
0,0,0,100,1505,2508,10000,0
0,1,10000,10100,1505,2508,20000,5
0,10,100000,100100,1505,2508,110000,71
0,100,1000000,1000100,1505,2508,1010000,724
0,1000,10000000,10000100,1505,2508,10010000,7240
0,1001,10010000,10010100,1505,2508,10020000,7243
0,1002,10020000,10020100,1505,2508,10030000,7255
0,1003,10030000,10030100,1505,2508,10040000,7260
0,1004,10040000,10040100,1505,2508,10050000,7264
0,1005,10050000,10050100,1505,2508,10060000,7275
0,1006,10060000,10060100,1505,2508,10070000,7283
0,1007,10070000,10070100,1505,2508,10080000,7286
0,1008,10080000,10080100,1505,2508,10090000,7298
0,1009,10090000,10090100,1505,2508,10100000,7303
0,101,1010000,1010100,1505,2508,1020000,725
0,1010,10100000,10100100,1505,2508,10110000,7309
0,1011,10110000,10110100,1505,2508,10120000,7317
0,1012,10120000,10120100,1505,2508,10130000,7328
0,1013,10130000,10130100,1505,2508,10140000,7329
0,1014,10140000,10140100,1505,2508,10150000,7339
0,1015,10150000,10150100,1505,2508,10160000,7348
0,1016,10160000,10160100,1505,2508,10170000,7352
0,1017,10170000,10170100,1505,2508,10180000,7363
0,1018,10180000,10180100,1505,2508,10190000,7370
0,1019,10190000,10190100,1505,2508,10200000,7371
0,102,1020000,1020100,1505,2508,1030000,737
0,1020,10200000,10200100,1505,2508,10210000,7385
0,1021,10210000,10210100,1505,2508,10220000,7390
0,1022,10220000,10220100,1505,2508,10230000,7396
0,1023,10230000,10230100,1505,2508,10240000,7405
0,1024,10240000,10240100,1505,2508,10250000,7413
0,1025,10250000,10250100,1505,2508,10260000,7417
0,1026,10260000,10260100,1505,2508,10270000,7427
0,1027,10270000,10270100,1505,2508,10280000,7434
0,1028,10280000,10280100,1505,2508,10290000,7439
0,1029,10290000,10290100,1505,2508,10300000,7448
0,103,1030000,1030100,1505,2508,1040000,742
0,1030,10300000,10300100,1505,2508,10310000,7458
0,1031,10310000,10310100,1505,2508,10320000,7459
0,1032,10320000,10320100,1505,2508,10330000,7472
0,1033,10330000,10330100,1505,2508,10340000,7477
0,1034,10340000,10340100,1505,2508,10350000,7481
0,1035,10350000,10350100,1505,2508,10360000,7492
0,1036,10360000,10360100,1505,2508,10370000,7501
0,1037,10370000,10370100,1505,2508,10380000,7504
0,1038,10380000,10380100,1505,2508,10390000,7514
0,1039,10390000,10390100,1505,2508,10400000,7520
0,104,1040000,1040100,1505,2508,1050000,747
0,1040,10400000,10400100,1505,2508,10410000,7527
0,1041,10410000,10410100,1505,2508,10420000,7535
0,1042,10420000,10420100,1505,2508,10430000,7544
0,1043,10430000,10430100,1505,2508,10440000,7546
0,1044,10440000,10440100,1505,2508,10450000,7557
0,1045,10450000,10450100,1505,2508,10460000,7566
0,1046,10460000,10460100,1505,2508,10470000,7569
0,1047,10470000,10470100,1505,2508,10480000,7579
0,1048,10480000,10480100,1505,2508,10490000,7587
0,1049,10490000,10490100,1505,2508,10500000,7588
0,105,1050000,1050100,1505,2508,1060000,759
0,1050,10500000,10500100,1505,2508,10510000,7603
0,1051,10510000,10510100,1505,2508,10520000,7608
0,1052,10520000,10520100,1505,2508,10530000,7614
0,1053,10530000,10530100,1505,2508,10540000,7622
0,1054,10540000,10540100,1505,2508,10550000,7629
0,1055,10550000,10550100,1505,2508,10560000,7633
0,1056,10560000,10560100,1505,2508,10570000,7645
0,1057,10570000,10570100,1505,2508,10580000,7653
0,1058,10580000,10580100,1505,2508,10590000,7656
0,1059,10590000,10590100,1505,2508,10600000,7664
0,106,1060000,1060100,1505,2508,1070000,766
0,1060,10600000,10600100,1505,2508,10610000,7675
0,1061,10610000,10610100,1505,2508,10620000,7677
0,1062,10620000,10620100,1505,2508,10630000,7689
0,1063,10630000,10630100,1505,2508,10640000,7694
0,1064,10640000,10640100,1505,2508,10650000,7699
0,1065,10650000,10650100,1505,2508,10660000,7710
0,1066,10660000,10660100,1505,2508,10670000,7717
0,1067,10670000,10670100,1505,2508,10680000,7721
0,1068,10680000,10680100,1505,2508,10690000,7732
0,1069,10690000,10690100,1505,2508,10700000,7737
0,107,1070000,1070100,1505,2508,1080000,769
0,1070,10700000,10700100,1505,2508,10710000,7743
0,1071,10710000,10710100,1505,2508,10720000,7752
0,1072,10720000,10720100,1505,2508,10730000,7763
0,1073,10730000,10730100,1505,2508,10740000,7764
0,1074,10740000,10740100,1505,2508,10750000,7774
0,1075,10750000,10750100,1505,2508,10760000,7782
0,1076,10760000,10760100,1505,2508,10770000,7786
0,1077,10770000,10770100,1505,2508,10780000,7796
0,1078,10780000,10780100,1505,2508,10790000,7805
0,1079,10790000,10790100,1505,2508,10800000,7806
0,108,1080000,1080100,1505,2508,1090000,780
0,1080,10800000,10800100,1505,2508,10810000,7820
0,1081,10810000,10810100,1505,2508,10820000,7825
0,1082,10820000,10820100,1505,2508,10830000,7830
0,1083,10830000,10830100,1505,2508,10840000,7839
0,1084,10840000,10840100,1505,2508,10850000,7847
0,1085,10850000,10850100,1505,2508,10860000,7852
0,1086,10860000,10860100,1505,2508,10870000,7862
0,1087,10870000,10870100,1505,2508,10880000,7869
0,1088,10880000,10880100,1505,2508,10890000,7873
0,1089,10890000,10890100,1505,2508,10900000,7882
0,109,1090000,1090100,1505,2508,1100000,785
0,1090,10900000,10900100,1505,2508,10910000,7892
0,1091,10910000,10910100,1505,2508,10920000,7893
0,1092,10920000,10920100,1505,2508,10930000,7907
0,1093,10930000,10930100,1505,2508,10940000,7912
0,1094,10940000,10940100,1505,2508,10950000,7916
0,1095,10950000,10950100,1505,2508,10960000,7927
0,1096,10960000,10960100,1505,2508,10970000,7935
0,1097,10970000,10970100,1505,2508,10980000,7938
0,1098,10980000,10980100,1505,2508,10990000,7948
0,1099,10990000,10990100,1505,2508,11000000,7954
0,11,110000,110100,1505,2508,120000,73
0,110,1100000,1100100,1505,2508,1110000,792
0,1100,11000000,11000100,1505,2508,11010000,7962
0,1101,11010000,11010100,1505,2508,11020000,7970
0,1102,11020000,11020100,1505,2508,11030000,7979
0,1103,11030000,11030100,1505,2508,11040000,7980
0,1104,11040000,11040100,1505,2508,11050000,7991
0,1105,11050000,11050100,1505,2508,11060000,8000
0,1106,11060000,11060100,1505,2508,11070000,8004
0,1107,11070000,11070100,1505,2508,11080000,8014
0,1108,11080000,11080100,1505,2508,11090000,8022
0,1109,11090000,11090100,1505,2508,11100000,8023
0,111,1110000,1110100,1505,2508,1120000,800
0,1110,11100000,11100100,1505,2508,11110000,8036
0,1111,11110000,11110100,1505,2508,11120000,8042
0,1112,11120000,11120100,1505,2508,11130000,8048
0,1113,11130000,11130100,1505,2508,11140000,8057
0,1114,11140000,11140100,1505,2508,11150000,8064
0,1115,11150000,11150100,1505,2508,11160000,8068
0,1116,11160000,11160100,1505,2508,11170000,8080
0,1117,11170000,11170100,1505,2508,11180000,8087
0,1118,11180000,11180100,1505,2508,11190000,8090
0,1119,11190000,11190100,1505,2508,11200000,8098
0,112,1120000,1120100,1505,2508,1130000,811
0,1120,11200000,11200100,1505,2508,11210000,8110
0,1121,11210000,11210100,1505,2508,11220000,8111
0,1122,11220000,11220100,1505,2508,11230000,8124
0,1123,11230000,11230100,1505,2508,11240000,8129
0,1124,11240000,11240100,1505,2508,11250000,8133
0,1125,11250000,11250100,1505,2508,11260000,8144
0,1126,11260000,11260100,1505,2508,11270000,8151
0,1127,11270000,11270100,1505,2508,11280000,8156
0,1128,11280000,11280100,1505,2508,11290000,8167
0,1129,11290000,11290100,1505,2508,11300000,8172
0,113,1130000,1130100,1505,2508,1140000,812
0,1130,11300000,11300100,1505,2508,11310000,8178
0,1131,11310000,11310100,1505,2508,11320000,8186
0,1132,11320000,11320100,1505,2508,11330000,8196
0,1133,11330000,11330100,1505,2508,11340000,8198
0,1134,11340000,11340100,1505,2508,11350000,8209
0,1135,11350000,11350100,1505,2508,11360000,8217
0,1136,11360000,11360100,1505,2508,11370000,8221
0,1137,11370000,11370100,1505,2508,11380000,8231
0,1138,11380000,11380100,1505,2508,11390000,8239
0,1139,11390000,11390100,1505,2508,11400000,8240
0,114,1140000,1140100,1505,2508,1150000,822
0,1140,11400000,11400100,1505,2508,11410000,8254
0,1141,11410000,11410100,1505,2508,11420000,8260
0,1142,11420000,11420100,1505,2508,11430000,8265
0,1143,11430000,11430100,1505,2508,11440000,8273
0,1144,11440000,11440100,1505,2508,11450000,8282
0,1145,11450000,11450100,1505,2508,11460000,8286
0,1146,11460000,11460100,1505,2508,11470000,8296
0,1147,11470000,11470100,1505,2508,11480000,8303
0,1148,11480000,11480100,1505,2508,11490000,8308
0,1149,11490000,11490100,1505,2508,11500000,8317
0,115,1150000,1150100,1505,2508,1160000,831
0,1150,11500000,11500100,1505,2508,11510000,8327
0,1151,11510000,11510100,1505,2508,11520000,8328
0,1152,11520000,11520100,1505,2508,11530000,8341
0,1153,11530000,11530100,1505,2508,11540000,8346
0,1154,11540000,11540100,1505,2508,11550000,8349
0,1155,11550000,11550100,1505,2508,11560000,8362
0,1156,11560000,11560100,1505,2508,11570000,8370
0,1157,11570000,11570100,1505,2508,11580000,8373
0,1158,11580000,11580100,1505,2508,11590000,8383
0,1159,11590000,11590100,1505,2508,11600000,8388
0,116,1160000,1160100,1505,2508,1170000,835
0,1160,11600000,11600100,1505,2508,11610000,8396
0,1161,11610000,11610100,1505,2508,11620000,8404
0,1162,11620000,11620100,1505,2508,11630000,8414
0,1163,11630000,11630100,1505,2508,11640000,8415
0,1164,11640000,11640100,1505,2508,11650000,8426
0,1165,11650000,11650100,1505,2508,11660000,8434
0,1166,11660000,11660100,1505,2508,11670000,8438
0,1167,11670000,11670100,1505,2508,11680000,8448
0,1168,11680000,11680100,1505,2508,11690000,8456
0,1169,11690000,11690100,1505,2508,11700000,8458
0,117,1170000,1170100,1505,2508,1180000,845
0,1170,11700000,11700100,1505,2508,11710000,8471
0,1171,11710000,11710100,1505,2508,11720000,8477
0,1172,11720000,11720100,1505,2508,11730000,8483
0,1173,11730000,11730100,1505,2508,11740000,8491
0,1174,11740000,11740100,1505,2508,11750000,8498
0,1175,11750000,11750100,1505,2508,11760000,8502
0,1176,11760000,11760100,1505,2508,11770000,8514
0,1177,11770000,11770100,1505,2508,11780000,8522
0,1178,11780000,11780100,1505,2508,11790000,8525
0,1179,11790000,11790100,1505,2508,11800000,8533
0,118,1180000,1180100,1505,2508,1190000,852
0,1180,11800000,11800100,1505,2508,11810000,8544
0,1181,11810000,11810100,1505,2508,11820000,8545
0,1182,11820000,11820100,1505,2508,11830000,8558
0,1183,11830000,11830100,1505,2508,11840000,8564
0,1184,11840000,11840100,1505,2508,11850000,8568
0,1185,11850000,11850100,1505,2508,11860000,8579
0,1186,11860000,11860100,1505,2508,11870000,8586
0,1187,11870000,11870100,1505,2508,11880000,8589
0,1188,11880000,11880100,1505,2508,11890000,8601
0,1189,11890000,11890100,1505,2508,11900000,8606
0,119,1190000,1190100,1505,2508,1200000,854
0,1190,11900000,11900100,1505,2508,11910000,8613
0,1191,11910000,11910100,1505,2508,11920000,8621
0,1192,11920000,11920100,1505,2508,11930000,8631
0,1193,11930000,11930100,1505,2508,11940000,8633
0,1194,11940000,11940100,1505,2508,11950000,8643
0,1195,11950000,11950100,1505,2508,11960000,8651
0,1196,11960000,11960100,1505,2508,11970000,8655
0,1197,11970000,11970100,1505,2508,11980000,8666
0,1198,11980000,11980100,1505,2508,11990000,8673
0,1199,11990000,11990100,1505,2508,12000000,8675
0,12,120000,120100,1505,2508,130000,86
0,120,1200000,1200100,1505,2508,1210000,868
0,1200,12000000,12000100,1505,2508,12010000,8689
0,1201,12010000,12010100,1505,2508,12020000,8694
0,1202,12020000,12020100,1505,2508,12030000,8699
0,1203,12030000,12030100,1505,2508,12040000,8707
0,1204,12040000,12040100,1505,2508,12050000,8717
0,1205,12050000,12050100,1505,2508,12060000,8721
0,1206,12060000,12060100,1505,2508,12070000,8731
0,1207,12070000,12070100,1505,2508,12080000,8738
0,1208,12080000,12080100,1505,2508,12090000,8742
0,1209,12090000,12090100,1505,2508,12100000,8750
0,121,1210000,1210100,1505,2508,1220000,874
0,1210,12100000,12100100,1505,2508,12110000,8761
0,1211,12110000,12110100,1505,2508,12120000,8763
0,1212,12120000,12120100,1505,2508,12130000,8776
0,1213,12130000,12130100,1505,2508,12140000,8781
0,1214,12140000,12140100,1505,2508,12150000,8784
0,1215,12150000,12150100,1505,2508,12160000,8796
0,1216,12160000,12160100,1505,2508,12170000,8804
0,1217,12170000,12170100,1505,2508,12180000,8807
0,1218,12180000,12180100,1505,2508,12190000,8818
0,1219,12190000,12190100,1505,2508,12200000,8823
0,122,1220000,1220100,1505,2508,1230000,879
0,1220,12200000,12200100,1505,2508,12210000,8830
0,1221,12210000,12210100,1505,2508,12220000,8839
0,1222,12220000,12220100,1505,2508,12230000,8848
0,1223,12230000,12230100,1505,2508,12240000,8849
0,1224,12240000,12240100,1505,2508,12250000,8860
0,1225,12250000,12250100,1505,2508,12260000,8869
0,1226,12260000,12260100,1505,2508,12270000,8873
0,1227,12270000,12270100,1505,2508,12280000,8883
0,1228,12280000,12280100,1505,2508,12290000,8891
0,1229,12290000,12290100,1505,2508,12300000,8892
0,123,1230000,1230100,1505,2508,1240000,887
0,1230,12300000,12300100,1505,2508,12310000,8905
0,1231,12310000,12310100,1505,2508,12320000,8910
0,1232,12320000,12320100,1505,2508,12330000,8918
0,1233,12330000,12330100,1505,2508,12340000,8926
0,1234,12340000,12340100,1505,2508,12350000,8933
0,1235,12350000,12350100,1505,2508,12360000,8937
0,1236,12360000,12360100,1505,2508,12370000,8948
0,1237,12370000,12370100,1505,2508,12380000,8956
0,1238,12380000,12380100,1505,2508,12390000,8959
0,1239,12390000,12390100,1505,2508,12400000,8968
0,124,1240000,1240100,1505,2508,1250000,895
0,1240,12400000,12400100,1505,2508,12410000,8979
0,1241,12410000,12410100,1505,2508,12420000,8980
0,1242,12420000,12420100,1505,2508,12430000,8992
0,1243,12430000,12430100,1505,2508,12440000,8998
0,1244,12440000,12440100,1505,2508,12450000,9002
0,1245,12450000,12450100,1505,2508,12460000,9013
0,1246,12460000,12460100,1505,2508,12470000,9021
0,1247,12470000,12470100,1505,2508,12480000,9024
0,1248,12480000,12480100,1505,2508,12490000,9036
0,1249,12490000,12490100,1505,2508,12500000,9041
0,125,1250000,1250100,1505,2508,1260000,899
0,1250,12500000,12500100,1505,2508,12510000,9047
0,1251,12510000,12510100,1505,2508,12520000,9055
0,1252,12520000,12520100,1505,2508,12530000,9065
0,1253,12530000,12530100,1505,2508,12540000,9067
0,1254,12540000,12540100,1505,2508,12550000,9078
0,1255,12550000,12550100,1505,2508,12560000,9086
0,1256,12560000,12560100,1505,2508,12570000,9090
0,1257,12570000,12570100,1505,2508,12580000,9100
0,1258,12580000,12580100,1505,2508,12590000,9107
0,1259,12590000,12590100,1505,2508,12600000,9109
0,126,1260000,1260100,1505,2508,1270000,911
0,1260,12600000,12600100,1505,2508,12610000,9124
0,1261,12610000,12610100,1505,2508,12620000,9129
0,1262,12620000,12620100,1505,2508,12630000,9134
0,1263,12630000,12630100,1505,2508,12640000,9142
0,1264,12640000,12640100,1505,2508,12650000,9150
0,1265,12650000,12650100,1505,2508,12660000,9155
0,1266,12660000,12660100,1505,2508,12670000,9165
0,1267,12670000,12670100,1505,2508,12680000,9173
0,1268,12680000,12680100,1505,2508,12690000,9177
0,1269,12690000,12690100,1505,2508,12700000,9185
0,127,1270000,1270100,1505,2508,1280000,918
0,1270,12700000,12700100,1505,2508,12710000,9196
0,1271,12710000,12710100,1505,2508,12720000,9197
0,1272,12720000,12720100,1505,2508,12730000,9210
0,1273,12730000,12730100,1505,2508,12740000,9215
0,1274,12740000,12740100,1505,2508,12750000,9219
0,1275,12750000,12750100,1505,2508,12760000,9230
0,1276,12760000,12760100,1505,2508,12770000,9239
0,1277,12770000,12770100,1505,2508,12780000,9242
0,1278,12780000,12780100,1505,2508,12790000,9252
0,1279,12790000,12790100,1505,2508,12800000,9257
0,128,1280000,1280100,1505,2508,1290000,922
0,1280,12800000,12800100,1505,2508,12810000,9264
0,1281,12810000,12810100,1505,2508,12820000,9274
0,1282,12820000,12820100,1505,2508,12830000,9283
0,1283,12830000,12830100,1505,2508,12840000,9284
0,1284,12840000,12840100,1505,2508,12850000,9295
0,1285,12850000,12850100,1505,2508,12860000,9303
0,1286,12860000,12860100,1505,2508,12870000,9306
0,1287,12870000,12870100,1505,2508,12880000,9317
0,1288,12880000,12880100,1505,2508,12890000,9326
0,1289,12890000,12890100,1505,2508,12900000,9327
0,129,1290000,1290100,1505,2508,1300000,930
0,1290,12900000,12900100,1505,2508,12910000,9340
0,1291,12910000,12910100,1505,2508,12920000,9345
0,1292,12920000,12920100,1505,2508,12930000,9352
0,1293,12930000,12930100,1505,2508,12940000,9360
0,1294,12940000,12940100,1505,2508,12950000,9367
0,1295,12950000,12950100,1505,2508,12960000,9372
0,1296,12960000,12960100,1505,2508,12970000,9383
0,1297,12970000,12970100,1505,2508,12980000,9390
0,1298,12980000,12980100,1505,2508,12990000,9394
0,1299,12990000,12990100,1505,2508,13000000,9402
0,13,130000,130100,1505,2508,140000,91
0,130,1300000,1300100,1505,2508,1310000,940
0,1300,13000000,13000100,1505,2508,13010000,9413
0,1301,13010000,13010100,1505,2508,13020000,9414
0,1302,13020000,13020100,1505,2508,13030000,9427
0,1303,13030000,13030100,1505,2508,13040000,9433
0,1304,13040000,13040100,1505,2508,13050000,9437
0,1305,13050000,13050100,1505,2508,13060000,9448
0,1306,13060000,13060100,1505,2508,13070000,9455
0,1307,13070000,13070100,1505,2508,13080000,9458
0,1308,13080000,13080100,1505,2508,13090000,9469
0,1309,13090000,13090100,1505,2508,13100000,9476
0,131,1310000,1310100,1505,2508,1320000,941
0,1310,13100000,13100100,1505,2508,13110000,9482
0,1311,13110000,13110100,1505,2508,13120000,9490
0,1312,13120000,13120100,1505,2508,13130000,9500
0,1313,13130000,13130100,1505,2508,13140000,9501
0,1314,13140000,13140100,1505,2508,13150000,9512
0,1315,13150000,13150100,1505,2508,13160000,9520
0,1316,13160000,13160100,1505,2508,13170000,9525
0,1317,13170000,13170100,1505,2508,13180000,9535
0,1318,13180000,13180100,1505,2508,13190000,9542
0,1319,13190000,13190100,1505,2508,13200000,9543
0,132,1320000,1320100,1505,2508,1330000,955
0,1320,13200000,13200100,1505,2508,13210000,9558
0,1321,13210000,13210100,1505,2508,13220000,9563
0,1322,13220000,13220100,1505,2508,13230000,9568
0,1323,13230000,13230100,1505,2508,13240000,9577
0,1324,13240000,13240100,1505,2508,13250000,9585
0,1325,13250000,13250100,1505,2508,13260000,9590
0,1326,13260000,13260100,1505,2508,13270000,9600
0,1327,13270000,13270100,1505,2508,13280000,9607
0,1328,13280000,13280100,1505,2508,13290000,9611
0,1329,13290000,13290100,1505,2508,13300000,9619
0,133,1330000,1330100,1505,2508,1340000,961
0,1330,13300000,13300100,1505,2508,13310000,9630
0,1331,13310000,13310100,1505,2508,13320000,9632
0,1332,13320000,13320100,1505,2508,13330000,9645
0,1333,13330000,13330100,1505,2508,13340000,9650
0,1334,13340000,13340100,1505,2508,13350000,9653
0,1335,13350000,13350100,1505,2508,13360000,9664
0,1336,13360000,13360100,1505,2508,13370000,9673
0,1337,13370000,13370100,1505,2508,13380000,9677
0,1338,13380000,13380100,1505,2508,13390000,9687
0,1339,13390000,13390100,1505,2508,13400000,9692
0,134,1340000,1340100,1505,2508,1350000,964
0,1340,13400000,13400100,1505,2508,13410000,9699
0,1341,13410000,13410100,1505,2508,13420000,9707
0,1342,13420000,13420100,1505,2508,13430000,9717
0,1343,13430000,13430100,1505,2508,13440000,9718
0,1344,13440000,13440100,1505,2508,13450000,9730
0,1345,13450000,13450100,1505,2508,13460000,9738
0,1346,13460000,13460100,1505,2508,13470000,9741
0,1347,13470000,13470100,1505,2508,13480000,9752
0,1348,13480000,13480100,1505,2508,13490000,9760
0,1349,13490000,13490100,1505,2508,13500000,9761
0,135,1350000,1350100,1505,2508,1360000,975
0,1350,13500000,13500100,1505,2508,13510000,9774
0,1351,13510000,13510100,1505,2508,13520000,9780
0,1352,13520000,13520100,1505,2508,13530000,9786
0,1353,13530000,13530100,1505,2508,13540000,9795
0,1354,13540000,13540100,1505,2508,13550000,9802
0,1355,13550000,13550100,1505,2508,13560000,9806
0,1356,13560000,13560100,1505,2508,13570000,9817
0,1357,13570000,13570100,1505,2508,13580000,9824
0,1358,13580000,13580100,1505,2508,13590000,9829
0,1359,13590000,13590100,1505,2508,13600000,9837
0,136,1360000,1360100,1505,2508,1370000,983
0,1360,13600000,13600100,1505,2508,13610000,9848
0,1361,13610000,13610100,1505,2508,13620000,9849
0,1362,13620000,13620100,1505,2508,13630000,9861
0,1363,13630000,13630100,1505,2508,13640000,9866
0,1364,13640000,13640100,1505,2508,13650000,9871
0,1365,13650000,13650100,1505,2508,13660000,9883
0,1366,13660000,13660100,1505,2508,13670000,9890
0,1367,13670000,13670100,1505,2508,13680000,9893
0,1368,13680000,13680100,1505,2508,13690000,9904
0,1369,13690000,13690100,1505,2508,13700000,9910
0,137,1370000,1370100,1505,2508,1380000,987
0,1370,13700000,13700100,1505,2508,13710000,9916
0,1371,13710000,13710100,1505,2508,13720000,9924
0,1372,13720000,13720100,1505,2508,13730000,9935
0,1373,13730000,13730100,1505,2508,13740000,9936
0,1374,13740000,13740100,1505,2508,13750000,9946
0,1375,13750000,13750100,1505,2508,13760000,9955
0,1376,13760000,13760100,1505,2508,13770000,9959
0,1377,13770000,13770100,1505,2508,13780000,9969
0,1378,13780000,13780100,1505,2508,13790000,9976
0,1379,13790000,13790100,1505,2508,13800000,9978
0,138,1380000,1380100,1505,2508,1390000,997
0,1380,13800000,13800100,1505,2508,13810000,9993
0,1381,13810000,13810100,1505,2508,13820000,9998
0,1382,13820000,13820100,1505,2508,13830000,10003
0,1383,13830000,13830100,1505,2508,13840000,10011
0,1384,13840000,13840100,1505,2508,13850000,10019
0,1385,13850000,13850100,1505,2508,13860000,10023
0,1386,13860000,13860100,1505,2508,13870000,10035
0,1387,13870000,13870100,1505,2508,13880000,10042
0,1388,13880000,13880100,1505,2508,13890000,10046
0,1389,13890000,13890100,1505,2508,13900000,10054
0,139,1390000,1390100,1505,2508,1400000,1002
0,1390,13900000,13900100,1505,2508,13910000,10064
0,1391,13910000,13910100,1505,2508,13920000,10066
0,1392,13920000,13920100,1505,2508,13930000,10079
0,1393,13930000,13930100,1505,2508,13940000,10085
0,1394,13940000,13940100,1505,2508,13950000,10088
0,1395,13950000,13950100,1505,2508,13960000,10099
0,1396,13960000,13960100,1505,2508,13970000,10107
0,1397,13970000,13970100,1505,2508,13980000,10111
0,1398,13980000,13980100,1505,2508,13990000,10121
0,1399,13990000,13990100,1505,2508,14000000,10126
0,14,140000,140100,1505,2508,150000,95
0,140,1400000,1400100,1505,2508,1410000,1010
0,1400,14000000,14000100,1505,2508,14010000,10134
0,1401,14010000,14010100,1505,2508,14020000,10142
0,1402,14020000,14020100,1505,2508,14030000,10152
0,1403,14030000,14030100,1505,2508,14040000,10153
0,1404,14040000,14040100,1505,2508,14050000,10164
0,1405,14050000,14050100,1505,2508,14060000,10172
0,1406,14060000,14060100,1505,2508,14070000,10175
0,1407,14070000,14070100,1505,2508,14080000,10186
0,1408,14080000,14080100,1505,2508,14090000,10195
0,1409,14090000,14090100,1505,2508,14100000,10196
0,141,1410000,1410100,1505,2508,1420000,1018
0,1410,14100000,14100100,1505,2508,14110000,10209
0,1411,14110000,14110100,1505,2508,14120000,10214
0,1412,14120000,14120100,1505,2508,14130000,10220
0,1413,14130000,14130100,1505,2508,14140000,10229
0,1414,14140000,14140100,1505,2508,14150000,10237
0,1415,14150000,14150100,1505,2508,14160000,10241
0,1416,14160000,14160100,1505,2508,14170000,10252
0,1417,14170000,14170100,1505,2508,14180000,10259
0,1418,14180000,14180100,1505,2508,14190000,10262
0,1419,14190000,14190100,1505,2508,14200000,10271
0,142,1420000,1420100,1505,2508,1430000,1027
0,1420,14200000,14200100,1505,2508,14210000,10282
0,1421,14210000,14210100,1505,2508,14220000,10284
0,1422,14220000,14220100,1505,2508,14230000,10296
0,1423,14230000,14230100,1505,2508,14240000,10301
0,1424,14240000,14240100,1505,2508,14250000,10306
0,1425,14250000,14250100,1505,2508,14260000,10317
0,1426,14260000,14260100,1505,2508,14270000,10324
0,1427,14270000,14270100,1505,2508,14280000,10327
0,1428,14280000,14280100,1505,2508,14290000,10339
0,1429,14290000,14290100,1505,2508,14300000,10344
0,143,1430000,1430100,1505,2508,1440000,1029
0,1430,14300000,14300100,1505,2508,14310000,10351
0,1431,14310000,14310100,1505,2508,14320000,10359
0,1432,14320000,14320100,1505,2508,14330000,10369
0,1433,14330000,14330100,1505,2508,14340000,10370
0,1434,14340000,14340100,1505,2508,14350000,10380
0,1435,14350000,14350100,1505,2508,14360000,10390
0,1436,14360000,14360100,1505,2508,14370000,10394
0,1437,14370000,14370100,1505,2508,14380000,10404
0,1438,14380000,14380100,1505,2508,14390000,10411
0,1439,14390000,14390100,1505,2508,14400000,10412
0,144,1440000,1440100,1505,2508,1450000,1040
0,1440,14400000,14400100,1505,2508,14410000,10426
0,1441,14410000,14410100,1505,2508,14420000,10432
0,1442,14420000,14420100,1505,2508,14430000,10438
0,1443,14430000,14430100,1505,2508,14440000,10446
0,1444,14440000,14440100,1505,2508,14450000,10454
0,1445,14450000,14450100,1505,2508,14460000,10458
0,1446,14460000,14460100,1505,2508,14470000,10469
0,1447,14470000,14470100,1505,2508,14480000,10476
0,1448,14480000,14480100,1505,2508,14490000,10480
0,1449,14490000,14490100,1505,2508,14500000,10489
0,145,1450000,1450100,1505,2508,1460000,1048
0,1450,14500000,14500100,1505,2508,14510000,10499
0,1451,14510000,14510100,1505,2508,14520000,10500
0,1452,14520000,14520100,1505,2508,14530000,10514
0,1453,14530000,14530100,1505,2508,14540000,10519
0,1454,14540000,14540100,1505,2508,14550000,10522
0,1455,14550000,14550100,1505,2508,14560000,10533
0,1456,14560000,14560100,1505,2508,14570000,10542
0,1457,14570000,14570100,1505,2508,14580000,10546
0,1458,14580000,14580100,1505,2508,14590000,10556
0,1459,14590000,14590100,1505,2508,14600000,10561
0,146,1460000,1460100,1505,2508,1470000,1051
0,1460,14600000,14600100,1505,2508,14610000,10568
0,1461,14610000,14610100,1505,2508,14620000,10576
0,1462,14620000,14620100,1505,2508,14630000,10585
0,1463,14630000,14630100,1505,2508,14640000,10588
0,1464,14640000,14640100,1505,2508,14650000,10599
0,1465,14650000,14650100,1505,2508,14660000,10607
0,1466,14660000,14660100,1505,2508,14670000,10610
0,1467,14670000,14670100,1505,2508,14680000,10620
0,1468,14680000,14680100,1505,2508,14690000,10629
0,1469,14690000,14690100,1505,2508,14700000,10630
0,147,1470000,1470100,1505,2508,1480000,1062
0,1470,14700000,14700100,1505,2508,14710000,10644
0,1471,14710000,14710100,1505,2508,14720000,10649
0,1472,14720000,14720100,1505,2508,14730000,10655
0,1473,14730000,14730100,1505,2508,14740000,10663
0,1474,14740000,14740100,1505,2508,14750000,10671
0,1475,14750000,14750100,1505,2508,14760000,10675
0,1476,14760000,14760100,1505,2508,14770000,10686
0,1477,14770000,14770100,1505,2508,14780000,10694
0,1478,14780000,14780100,1505,2508,14790000,10697
0,1479,14790000,14790100,1505,2508,14800000,10706
0,148,1480000,1480100,1505,2508,1490000,1071
0,1480,14800000,14800100,1505,2508,14810000,10717
0,1481,14810000,14810100,1505,2508,14820000,10718
0,1482,14820000,14820100,1505,2508,14830000,10730
0,1483,14830000,14830100,1505,2508,14840000,10735
0,1484,14840000,14840100,1505,2508,14850000,10740
0,1485,14850000,14850100,1505,2508,14860000,10752
0,1486,14860000,14860100,1505,2508,14870000,10759
0,1487,14870000,14870100,1505,2508,14880000,10762
0,1488,14880000,14880100,1505,2508,14890000,10773
0,1489,14890000,14890100,1505,2508,14900000,10778
0,149,1490000,1490100,1505,2508,1500000,1072
0,1490,14900000,14900100,1505,2508,14910000,10785
0,1491,14910000,14910100,1505,2508,14920000,10794
0,1492,14920000,14920100,1505,2508,14930000,10804
0,1493,14930000,14930100,1505,2508,14940000,10805
0,1494,14940000,14940100,1505,2508,14950000,10815
0,1495,14950000,14950100,1505,2508,14960000,10823
0,1496,14960000,14960100,1505,2508,14970000,10828
0,1497,14970000,14970100,1505,2508,14980000,10838
0,1498,14980000,14980100,1505,2508,14990000,10846
0,1499,14990000,14990100,1505,2508,15000000,10847
0,15,150000,150100,1505,2508,160000,106
0,150,1500000,1500100,1505,2508,1510000,1085
0,1500,15000000,15000100,1505,2508,15010000,10861
0,1501,15010000,15010100,1505,2508,15020000,10867
0,1502,15020000,15020100,1505,2508,15030000,10872
0,1503,15030000,15030100,1505,2508,15040000,10880
0,1504,15040000,15040100,1505,2508,15050000,10888
0,1505,15050000,15050100,1505,2508,15060000,10893
0,1506,15060000,15060100,1505,2508,15070000,10903
0,1507,15070000,15070100,1505,2508,15080000,10911
0,1508,15080000,15080100,1505,2508,15090000,10915
0,1509,15090000,15090100,1505,2508,15100000,10923
0,151,1510000,1510100,1505,2508,1520000,1090
0,1510,15100000,15100100,1505,2508,15110000,10933
0,1511,15110000,15110100,1505,2508,15120000,10934
0,1512,15120000,15120100,1505,2508,15130000,10949
0,1513,15130000,15130100,1505,2508,15140000,10954
0,1514,15140000,15140100,1505,2508,15150000,10957
0,1515,15150000,15150100,1505,2508,15160000,10968
0,1516,15160000,15160100,1505,2508,15170000,10976
0,1517,15170000,15170100,1505,2508,15180000,10979
0,1518,15180000,15180100,1505,2508,15190000,10990
0,1519,15190000,15190100,1505,2508,15200000,10996
0,152,1520000,1520100,1505,2508,1530000,1096
0,1520,15200000,15200100,1505,2508,15210000,11003
0,1521,15210000,15210100,1505,2508,15220000,11011
0,1522,15220000,15220100,1505,2508,15230000,11020
0,1523,15230000,15230100,1505,2508,15240000,11022
0,1524,15240000,15240100,1505,2508,15250000,11033
0,1525,15250000,15250100,1505,2508,15260000,11041
0,1526,15260000,15260100,1505,2508,15270000,11045
0,1527,15270000,15270100,1505,2508,15280000,11055
0,1528,15280000,15280100,1505,2508,15290000,11063
0,1529,15290000,15290100,1505,2508,15300000,11065
0,153,1530000,1530100,1505,2508,1540000,1104
0,1530,15300000,15300100,1505,2508,15310000,11078
0,1531,15310000,15310100,1505,2508,15320000,11083
0,1532,15320000,15320100,1505,2508,15330000,11089
0,1533,15330000,15330100,1505,2508,15340000,11098
0,1534,15340000,15340100,1505,2508,15350000,11106
0,1535,15350000,15350100,1505,2508,15360000,11110
0,1536,15360000,15360100,1505,2508,15370000,11121
0,1537,15370000,15370100,1505,2508,15380000,11128
0,1538,15380000,15380100,1505,2508,15390000,11131
0,1539,15390000,15390100,1505,2508,15400000,11139
0,154,1540000,1540100,1505,2508,1550000,1113
0,1540,15400000,15400100,1505,2508,15410000,11152
0,1541,15410000,15410100,1505,2508,15420000,11153
0,1542,15420000,15420100,1505,2508,15430000,11165
0,1543,15430000,15430100,1505,2508,15440000,11170
0,1544,15440000,15440100,1505,2508,15450000,11174
0,1545,15450000,15450100,1505,2508,15460000,11186
0,1546,15460000,15460100,1505,2508,15470000,11193
0,1547,15470000,15470100,1505,2508,15480000,11197
0,1548,15480000,15480100,1505,2508,15490000,11208
0,1549,15490000,15490100,1505,2508,15500000,11213
0,155,1550000,1550100,1505,2508,1560000,1117
0,1550,15500000,15500100,1505,2508,15510000,11219
0,1551,15510000,15510100,1505,2508,15520000,11228
0,1552,15520000,15520100,1505,2508,15530000,11238
0,1553,15530000,15530100,1505,2508,15540000,11239
0,1554,15540000,15540100,1505,2508,15550000,11250
0,1555,15550000,15550100,1505,2508,15560000,11258
0,1556,15560000,15560100,1505,2508,15570000,11263
0,1557,15570000,15570100,1505,2508,15580000,11273
0,1558,15580000,15580100,1505,2508,15590000,11280
0,1559,15590000,15590100,1505,2508,15600000,11281
0,156,1560000,1560100,1505,2508,1570000,1128
0,1560,15600000,15600100,1505,2508,15610000,11295
0,1561,15610000,15610100,1505,2508,15620000,11301
0,1562,15620000,15620100,1505,2508,15630000,11307
0,1563,15630000,15630100,1505,2508,15640000,11315
0,1564,15640000,15640100,1505,2508,15650000,11323
0,1565,15650000,15650100,1505,2508,15660000,11327
0,1566,15660000,15660100,1505,2508,15670000,11337
0,1567,15670000,15670100,1505,2508,15680000,11345
0,1568,15680000,15680100,1505,2508,15690000,11350
0,1569,15690000,15690100,1505,2508,15700000,11358
0,157,1570000,1570100,1505,2508,1580000,1135
0,1570,15700000,15700100,1505,2508,15710000,11368
0,1571,15710000,15710100,1505,2508,15720000,11369
0,1572,15720000,15720100,1505,2508,15730000,11382
0,1573,15730000,15730100,1505,2508,15740000,11388
0,1574,15740000,15740100,1505,2508,15750000,11391
0,1575,15750000,15750100,1505,2508,15760000,11403
0,1576,15760000,15760100,1505,2508,15770000,11411
0,1577,15770000,15770100,1505,2508,15780000,11414
0,1578,15780000,15780100,1505,2508,15790000,11425
0,1579,15790000,15790100,1505,2508,15800000,11430
0,158,1580000,1580100,1505,2508,1590000,1138
0,1580,15800000,15800100,1505,2508,15810000,11437
0,1581,15810000,15810100,1505,2508,15820000,11445
0,1582,15820000,15820100,1505,2508,15830000,11455
0,1583,15830000,15830100,1505,2508,15840000,11456
0,1584,15840000,15840100,1505,2508,15850000,11468
0,1585,15850000,15850100,1505,2508,15860000,11476
0,1586,15860000,15860100,1505,2508,15870000,11479
0,1587,15870000,15870100,1505,2508,15880000,11489
0,1588,15880000,15880100,1505,2508,15890000,11497
0,1589,15890000,15890100,1505,2508,15900000,11500
0,159,1590000,1590100,1505,2508,1600000,1147
0,1590,15900000,15900100,1505,2508,15910000,11513
0,1591,15910000,15910100,1505,2508,15920000,11518
0,1592,15920000,15920100,1505,2508,15930000,11524
0,1593,15930000,15930100,1505,2508,15940000,11532
0,1594,15940000,15940100,1505,2508,15950000,11539
0,1595,15950000,15950100,1505,2508,15960000,11544
0,1596,15960000,15960100,1505,2508,15970000,11556
0,1597,15970000,15970100,1505,2508,15980000,11563
0,1598,15980000,15980100,1505,2508,15990000,11566
0,1599,15990000,15990100,1505,2508,16000000,11574
0,16,160000,160100,1505,2508,170000,115
0,160,1600000,1600100,1505,2508,1610000,1158
0,1600,16000000,16000100,1505,2508,16010000,11586
0,1601,16010000,16010100,1505,2508,16020000,11587
0,1602,16020000,16020100,1505,2508,16030000,11599
0,1603,16030000,16030100,1505,2508,16040000,11605
0,1604,16040000,16040100,1505,2508,16050000,11609
0,1605,16050000,16050100,1505,2508,16060000,11620
0,1606,16060000,16060100,1505,2508,16070000,11628
0,1607,16070000,16070100,1505,2508,16080000,11631
0,1608,16080000,16080100,1505,2508,16090000,11642
0,1609,16090000,16090100,1505,2508,16100000,11647
0,161,1610000,1610100,1505,2508,1620000,1160
0,1610,16100000,16100100,1505,2508,16110000,11654
0,1611,16110000,16110100,1505,2508,16120000,11663
0,1612,16120000,16120100,1505,2508,16130000,11673
0,1613,16130000,16130100,1505,2508,16140000,11674
0,1614,16140000,16140100,1505,2508,16150000,11684
0,1615,16150000,16150100,1505,2508,16160000,11692
0,1616,16160000,16160100,1505,2508,16170000,11696
0,1617,16170000,16170100,1505,2508,16180000,11708
0,1618,16180000,16180100,1505,2508,16190000,11715
0,1619,16190000,16190100,1505,2508,16200000,11716
0,162,1620000,1620100,1505,2508,1630000,1172
0,1620,16200000,16200100,1505,2508,16210000,11730
0,1621,16210000,16210100,1505,2508,16220000,11735
0,1622,16220000,16220100,1505,2508,16230000,11741
0,1623,16230000,16230100,1505,2508,16240000,11749
0,1624,16240000,16240100,1505,2508,16250000,11758
0,1625,16250000,16250100,1505,2508,16260000,11762
0,1626,16260000,16260100,1505,2508,16270000,11772
0,1627,16270000,16270100,1505,2508,16280000,11779
0,1628,16280000,16280100,1505,2508,16290000,11784
0,1629,16290000,16290100,1505,2508,16300000,11792
0,163,1630000,1630100,1505,2508,1640000,1177
0,1630,16300000,16300100,1505,2508,16310000,11802
0,1631,16310000,16310100,1505,2508,16320000,11804
0,1632,16320000,16320100,1505,2508,16330000,11817
0,1633,16330000,16330100,1505,2508,16340000,11823
0,1634,16340000,16340100,1505,2508,16350000,11826
0,1635,16350000,16350100,1505,2508,16360000,11837
0,1636,16360000,16360100,1505,2508,16370000,11845
0,1637,16370000,16370100,1505,2508,16380000,11848
0,1638,16380000,16380100,1505,2508,16390000,11859
0,1639,16390000,16390100,1505,2508,16400000,11865
0,164,1640000,1640100,1505,2508,1650000,1181
0,1640,16400000,16400100,1505,2508,16410000,11872
0,1641,16410000,16410100,1505,2508,16420000,11880
0,1642,16420000,16420100,1505,2508,16430000,11889
0,1643,16430000,16430100,1505,2508,16440000,11890
0,1644,16440000,16440100,1505,2508,16450000,11902
0,1645,16450000,16450100,1505,2508,16460000,11911
0,1646,16460000,16460100,1505,2508,16470000,11914
0,1647,16470000,16470100,1505,2508,16480000,11924
0,1648,16480000,16480100,1505,2508,16490000,11932
0,1649,16490000,16490100,1505,2508,16500000,11933
0,165,1650000,1650100,1505,2508,1660000,1193
0,1650,16500000,16500100,1505,2508,16510000,11947
0,1651,16510000,16510100,1505,2508,16520000,11952
0,1652,16520000,16520100,1505,2508,16530000,11959
0,1653,16530000,16530100,1505,2508,16540000,11967
0,1654,16540000,16540100,1505,2508,16550000,11974
0,1655,16550000,16550100,1505,2508,16560000,11979
0,1656,16560000,16560100,1505,2508,16570000,11990
0,1657,16570000,16570100,1505,2508,16580000,11997
0,1658,16580000,16580100,1505,2508,16590000,12000
0,1659,16590000,16590100,1505,2508,16600000,12009
0,166,1660000,1660100,1505,2508,1670000,1200
0,1660,16600000,16600100,1505,2508,16610000,12020
0,1661,16610000,16610100,1505,2508,16620000,12022
0,1662,16620000,16620100,1505,2508,16630000,12034
0,1663,16630000,16630100,1505,2508,16640000,12039
0,1664,16640000,16640100,1505,2508,16650000,12043
0,1665,16650000,16650100,1505,2508,16660000,12054
0,1666,16660000,16660100,1505,2508,16670000,12063
0,1667,16670000,16670100,1505,2508,16680000,12066
0,1668,16680000,16680100,1505,2508,16690000,12077
0,1669,16690000,16690100,1505,2508,16700000,12082
0,167,1670000,1670100,1505,2508,1680000,1203
0,1670,16700000,16700100,1505,2508,16710000,12088
0,1671,16710000,16710100,1505,2508,16720000,12096
0,1672,16720000,16720100,1505,2508,16730000,12107
0,1673,16730000,16730100,1505,2508,16740000,12109
0,1674,16740000,16740100,1505,2508,16750000,12119
0,1675,16750000,16750100,1505,2508,16760000,12127
0,1676,16760000,16760100,1505,2508,16770000,12131
0,1677,16770000,16770100,1505,2508,16780000,12142
0,1678,16780000,16780100,1505,2508,16790000,12149
0,1679,16790000,16790100,1505,2508,16800000,12150
0,168,1680000,1680100,1505,2508,1690000,1215
0,1680,16800000,16800100,1505,2508,16810000,12165
0,1681,16810000,16810100,1505,2508,16820000,12170
0,1682,16820000,16820100,1505,2508,16830000,12175
0,1683,16830000,16830100,1505,2508,16840000,12184
0,1684,16840000,16840100,1505,2508,16850000,12192
0,1685,16850000,16850100,1505,2508,16860000,12196
0,1686,16860000,16860100,1505,2508,16870000,12206
0,1687,16870000,16870100,1505,2508,16880000,12214
0,1688,16880000,16880100,1505,2508,16890000,12219
0,1689,16890000,16890100,1505,2508,16900000,12227
0,169,1690000,1690100,1505,2508,1700000,1220
0,1690,16900000,16900100,1505,2508,16910000,12237
0,1691,16910000,16910100,1505,2508,16920000,12238
0,1692,16920000,16920100,1505,2508,16930000,12251
0,1693,16930000,16930100,1505,2508,16940000,12256
0,1694,16940000,16940100,1505,2508,16950000,12261
0,1695,16950000,16950100,1505,2508,16960000,12272
0,1696,16960000,16960100,1505,2508,16970000,12280
0,1697,16970000,16970100,1505,2508,16980000,12283
0,1698,16980000,16980100,1505,2508,16990000,12293
0,1699,16990000,16990100,1505,2508,17000000,12299
0,17,170000,170100,1505,2508,180000,118
0,170,1700000,1700100,1505,2508,1710000,1227
0,1700,17000000,17000100,1505,2508,17010000,12306
0,1701,17010000,17010100,1505,2508,17020000,12315
0,1702,17020000,17020100,1505,2508,17030000,12324
0,1703,17030000,17030100,1505,2508,17040000,12325
0,1704,17040000,17040100,1505,2508,17050000,12336
0,1705,17050000,17050100,1505,2508,17060000,12345
0,1706,17060000,17060100,1505,2508,17070000,12348
0,1707,17070000,17070100,1505,2508,17080000,12358
0,1708,17080000,17080100,1505,2508,17090000,12367
0,1709,17090000,17090100,1505,2508,17100000,12368
0,171,1710000,1710100,1505,2508,1720000,1235
0,1710,17100000,17100100,1505,2508,17110000,12382
0,1711,17110000,17110100,1505,2508,17120000,12387
0,1712,17120000,17120100,1505,2508,17130000,12393
0,1713,17130000,17130100,1505,2508,17140000,12401
0,1714,17140000,17140100,1505,2508,17150000,12408
0,1715,17150000,17150100,1505,2508,17160000,12413
0,1716,17160000,17160100,1505,2508,17170000,12425
0,1717,17170000,17170100,1505,2508,17180000,12432
0,1718,17180000,17180100,1505,2508,17190000,12435
0,1719,17190000,17190100,1505,2508,17200000,12443
0,172,1720000,1720100,1505,2508,1730000,1245
0,1720,17200000,17200100,1505,2508,17210000,12454
0,1721,17210000,17210100,1505,2508,17220000,12456
0,1722,17220000,17220100,1505,2508,17230000,12469
0,1723,17230000,17230100,1505,2508,17240000,12474
0,1724,17240000,17240100,1505,2508,17250000,12478
0,1725,17250000,17250100,1505,2508,17260000,12489
0,1726,17260000,17260100,1505,2508,17270000,12496
0,1727,17270000,17270100,1505,2508,17280000,12500
0,1728,17280000,17280100,1505,2508,17290000,12511
0,1729,17290000,17290100,1505,2508,17300000,12517
0,173,1730000,1730100,1505,2508,1740000,1246
0,1730,17300000,17300100,1505,2508,17310000,12523
0,1731,17310000,17310100,1505,2508,17320000,12531
0,1732,17320000,17320100,1505,2508,17330000,12542
0,1733,17330000,17330100,1505,2508,17340000,12543
0,1734,17340000,17340100,1505,2508,17350000,12553
0,1735,17350000,17350100,1505,2508,17360000,12561
0,1736,17360000,17360100,1505,2508,17370000,12566
0,1737,17370000,17370100,1505,2508,17380000,12576
0,1738,17380000,17380100,1505,2508,17390000,12584
0,1739,17390000,17390100,1505,2508,17400000,12585
0,174,1740000,1740100,1505,2508,1750000,1256
0,1740,17400000,17400100,1505,2508,17410000,12599
0,1741,17410000,17410100,1505,2508,17420000,12604
0,1742,17420000,17420100,1505,2508,17430000,12609
0,1743,17430000,17430100,1505,2508,17440000,12619
0,1744,17440000,17440100,1505,2508,17450000,12627
0,1745,17450000,17450100,1505,2508,17460000,12631
0,1746,17460000,17460100,1505,2508,17470000,12641
0,1747,17470000,17470100,1505,2508,17480000,12648
0,1748,17480000,17480100,1505,2508,17490000,12652
0,1749,17490000,17490100,1505,2508,17500000,12661
0,175,1750000,1750100,1505,2508,1760000,1265
0,1750,17500000,17500100,1505,2508,17510000,12672
0,1751,17510000,17510100,1505,2508,17520000,12673
0,1752,17520000,17520100,1505,2508,17530000,12686
0,1753,17530000,17530100,1505,2508,17540000,12691
0,1754,17540000,17540100,1505,2508,17550000,12695
0,1755,17550000,17550100,1505,2508,17560000,12706
0,1756,17560000,17560100,1505,2508,17570000,12714
0,1757,17570000,17570100,1505,2508,17580000,12718
0,1758,17580000,17580100,1505,2508,17590000,12728
0,1759,17590000,17590100,1505,2508,17600000,12733
0,176,1760000,1760100,1505,2508,1770000,1270
0,1760,17600000,17600100,1505,2508,17610000,12741
0,1761,17610000,17610100,1505,2508,17620000,12749
0,1762,17620000,17620100,1505,2508,17630000,12758
0,1763,17630000,17630100,1505,2508,17640000,12759
0,1764,17640000,17640100,1505,2508,17650000,12771
0,1765,17650000,17650100,1505,2508,17660000,12780
0,1766,17660000,17660100,1505,2508,17670000,12783
0,1767,17670000,17670100,1505,2508,17680000,12793
0,1768,17680000,17680100,1505,2508,17690000,12801
0,1769,17690000,17690100,1505,2508,17700000,12802
0,177,1770000,1770100,1505,2508,1780000,1280
0,1770,17700000,17700100,1505,2508,17710000,12815
0,1771,17710000,17710100,1505,2508,17720000,12822
0,1772,17720000,17720100,1505,2508,17730000,12828
0,1773,17730000,17730100,1505,2508,17740000,12836
0,1774,17740000,17740100,1505,2508,17750000,12843
0,1775,17750000,17750100,1505,2508,17760000,12847
0,1776,17760000,17760100,1505,2508,17770000,12859
0,1777,17770000,17770100,1505,2508,17780000,12866
0,1778,17780000,17780100,1505,2508,17790000,12870
0,1779,17790000,17790100,1505,2508,17800000,12878
0,178,1780000,1780100,1505,2508,1790000,1287
0,1780,17800000,17800100,1505,2508,17810000,12889
0,1781,17810000,17810100,1505,2508,17820000,12890
0,1782,17820000,17820100,1505,2508,17830000,12903
0,1783,17830000,17830100,1505,2508,17840000,12908
0,1784,17840000,17840100,1505,2508,17850000,12912
0,1785,17850000,17850100,1505,2508,17860000,12924
0,1786,17860000,17860100,1505,2508,17870000,12931
0,1787,17870000,17870100,1505,2508,17880000,12935
0,1788,17880000,17880100,1505,2508,17890000,12946
0,1789,17890000,17890100,1505,2508,17900000,12951
0,179,1790000,1790100,1505,2508,1800000,1288
0,1790,17900000,17900100,1505,2508,17910000,12957
0,1791,17910000,17910100,1505,2508,17920000,12965
0,1792,17920000,17920100,1505,2508,17930000,12976
0,1793,17930000,17930100,1505,2508,17940000,12978
0,1794,17940000,17940100,1505,2508,17950000,12988
0,1795,17950000,17950100,1505,2508,17960000,12996
0,1796,17960000,17960100,1505,2508,17970000,13000
0,1797,17970000,17970100,1505,2508,17980000,13010
0,1798,17980000,17980100,1505,2508,17990000,13018
0,1799,17990000,17990100,1505,2508,18000000,13020
0,18,180000,180100,1505,2508,190000,128
0,180,1800000,1800100,1505,2508,1810000,1302
0,1800,18000000,18000100,1505,2508,18010000,13034
0,1801,18010000,18010100,1505,2508,18020000,13039
0,1802,18020000,18020100,1505,2508,18030000,13044
0,1803,18030000,18030100,1505,2508,18040000,13052
0,1804,18040000,18040100,1505,2508,18050000,13061
0,1805,18050000,18050100,1505,2508,18060000,13065
0,1806,18060000,18060100,1505,2508,18070000,13076
0,1807,18070000,18070100,1505,2508,18080000,13083
0,1808,18080000,18080100,1505,2508,18090000,13087
0,1809,18090000,18090100,1505,2508,18100000,13096
0,181,1810000,1810100,1505,2508,1820000,1308
0,1810,18100000,18100100,1505,2508,18110000,13106
0,1811,18110000,18110100,1505,2508,18120000,13107
0,1812,18120000,18120100,1505,2508,18130000,13120
0,1813,18130000,18130100,1505,2508,18140000,13126
0,1814,18140000,18140100,1505,2508,18150000,13129
0,1815,18150000,18150100,1505,2508,18160000,13141
0,1816,18160000,18160100,1505,2508,18170000,13149
0,1817,18170000,18170100,1505,2508,18180000,13152
0,1818,18180000,18180100,1505,2508,18190000,13162
0,1819,18190000,18190100,1505,2508,18200000,13167
0,182,1820000,1820100,1505,2508,1830000,1314
0,1820,18200000,18200100,1505,2508,18210000,13176
0,1821,18210000,18210100,1505,2508,18220000,13184
0,1822,18220000,18220100,1505,2508,18230000,13193
0,1823,18230000,18230100,1505,2508,18240000,13194
0,1824,18240000,18240100,1505,2508,18250000,13205
0,1825,18250000,18250100,1505,2508,18260000,13213
0,1826,18260000,18260100,1505,2508,18270000,13217
0,1827,18270000,18270100,1505,2508,18280000,13228
0,1828,18280000,18280100,1505,2508,18290000,13236
0,1829,18290000,18290100,1505,2508,18300000,13237
0,183,1830000,1830100,1505,2508,1840000,1322
0,1830,18300000,18300100,1505,2508,18310000,13250
0,1831,18310000,18310100,1505,2508,18320000,13256
0,1832,18320000,18320100,1505,2508,18330000,13262
0,1833,18330000,18330100,1505,2508,18340000,13270
0,1834,18340000,18340100,1505,2508,18350000,13278
0,1835,18350000,18350100,1505,2508,18360000,13282
0,1836,18360000,18360100,1505,2508,18370000,13293
0,1837,18370000,18370100,1505,2508,18380000,13301
0,1838,18380000,18380100,1505,2508,18390000,13304
0,1839,18390000,18390100,1505,2508,18400000,13312
0,184,1840000,1840100,1505,2508,1850000,1330
0,1840,18400000,18400100,1505,2508,18410000,13323
0,1841,18410000,18410100,1505,2508,18420000,13325
0,1842,18420000,18420100,1505,2508,18430000,13338
0,1843,18430000,18430100,1505,2508,18440000,13343
0,1844,18440000,18440100,1505,2508,18450000,13347
0,1845,18450000,18450100,1505,2508,18460000,13358
0,1846,18460000,18460100,1505,2508,18470000,13365
0,1847,18470000,18470100,1505,2508,18480000,13368
0,1848,18480000,18480100,1505,2508,18490000,13381
0,1849,18490000,18490100,1505,2508,18500000,13386
0,185,1850000,1850100,1505,2508,1860000,1334
0,1850,18500000,18500100,1505,2508,18510000,13392
0,1851,18510000,18510100,1505,2508,18520000,13400
0,1852,18520000,18520100,1505,2508,18530000,13410
0,1853,18530000,18530100,1505,2508,18540000,13412
0,1854,18540000,18540100,1505,2508,18550000,13422
0,1855,18550000,18550100,1505,2508,18560000,13431
0,1856,18560000,18560100,1505,2508,18570000,13435
0,1857,18570000,18570100,1505,2508,18580000,13445
0,1858,18580000,18580100,1505,2508,18590000,13452
0,1859,18590000,18590100,1505,2508,18600000,13454
0,186,1860000,1860100,1505,2508,1870000,1344
0,1860,18600000,18600100,1505,2508,18610000,13468
0,1861,18610000,18610100,1505,2508,18620000,13473
0,1862,18620000,18620100,1505,2508,18630000,13479
0,1863,18630000,18630100,1505,2508,18640000,13487
0,1864,18640000,18640100,1505,2508,18650000,13496
0,1865,18650000,18650100,1505,2508,18660000,13500
0,1866,18660000,18660100,1505,2508,18670000,13510
0,1867,18670000,18670100,1505,2508,18680000,13517
0,1868,18680000,18680100,1505,2508,18690000,13521
0,1869,18690000,18690100,1505,2508,18700000,13530
0,187,1870000,1870100,1505,2508,1880000,1352
0,1870,18700000,18700100,1505,2508,18710000,13541
0,1871,18710000,18710100,1505,2508,18720000,13542
0,1872,18720000,18720100,1505,2508,18730000,13555
0,1873,18730000,18730100,1505,2508,18740000,13560
0,1874,18740000,18740100,1505,2508,18750000,13563
0,1875,18750000,18750100,1505,2508,18760000,13575
0,1876,18760000,18760100,1505,2508,18770000,13584
0,1877,18770000,18770100,1505,2508,18780000,13587
0,1878,18780000,18780100,1505,2508,18790000,13597
0,1879,18790000,18790100,1505,2508,18800000,13602
0,188,1880000,1880100,1505,2508,1890000,1356
0,1880,18800000,18800100,1505,2508,18810000,13609
0,1881,18810000,18810100,1505,2508,18820000,13618
0,1882,18820000,18820100,1505,2508,18830000,13627
0,1883,18830000,18830100,1505,2508,18840000,13629
0,1884,18840000,18840100,1505,2508,18850000,13640
0,1885,18850000,18850100,1505,2508,18860000,13648
0,1886,18860000,18860100,1505,2508,18870000,13652
0,1887,18870000,18870100,1505,2508,18880000,13662
0,1888,18880000,18880100,1505,2508,18890000,13670
0,1889,18890000,18890100,1505,2508,18900000,13671
0,189,1890000,1890100,1505,2508,1900000,1365
0,1890,18900000,18900100,1505,2508,18910000,13685
0,1891,18910000,18910100,1505,2508,18920000,13690
0,1892,18920000,18920100,1505,2508,18930000,13697
0,1893,18930000,18930100,1505,2508,18940000,13705
0,1894,18940000,18940100,1505,2508,18950000,13712
0,1895,18950000,18950100,1505,2508,18960000,13716
0,1896,18960000,18960100,1505,2508,18970000,13727
0,1897,18970000,18970100,1505,2508,18980000,13736
0,1898,18980000,18980100,1505,2508,18990000,13739
0,1899,18990000,18990100,1505,2508,19000000,13747
0,19,190000,190100,1505,2508,200000,133
0,190,1900000,1900100,1505,2508,1910000,1375
0,1900,19000000,19000100,1505,2508,19010000,13758
0,1901,19010000,19010100,1505,2508,19020000,13759
0,1902,19020000,19020100,1505,2508,19030000,13771
0,1903,19030000,19030100,1505,2508,19040000,13777
0,1904,19040000,19040100,1505,2508,19050000,13782
0,1905,19050000,19050100,1505,2508,19060000,13793
0,1906,19060000,19060100,1505,2508,19070000,13800
0,1907,19070000,19070100,1505,2508,19080000,13803
0,1908,19080000,19080100,1505,2508,19090000,13815
0,1909,19090000,19090100,1505,2508,19100000,13820
0,191,1910000,1910100,1505,2508,1920000,1376
0,1910,19100000,19100100,1505,2508,19110000,13826
0,1911,19110000,19110100,1505,2508,19120000,13835
0,1912,19120000,19120100,1505,2508,19130000,13845
0,1913,19130000,19130100,1505,2508,19140000,13846
0,1914,19140000,19140100,1505,2508,19150000,13857
0,1915,19150000,19150100,1505,2508,19160000,13865
0,1916,19160000,19160100,1505,2508,19170000,13869
0,1917,19170000,19170100,1505,2508,19180000,13879
0,1918,19180000,19180100,1505,2508,19190000,13887
0,1919,19190000,19190100,1505,2508,19200000,13889
0,192,1920000,1920100,1505,2508,1930000,1390
0,1920,19200000,19200100,1505,2508,19210000,13903
0,1921,19210000,19210100,1505,2508,19220000,13908
0,1922,19220000,19220100,1505,2508,19230000,13913
0,1923,19230000,19230100,1505,2508,19240000,13921
0,1924,19240000,19240100,1505,2508,19250000,13929
0,1925,19250000,19250100,1505,2508,19260000,13935
0,1926,19260000,19260100,1505,2508,19270000,13945
0,1927,19270000,19270100,1505,2508,19280000,13952
0,1928,19280000,19280100,1505,2508,19290000,13956
0,1929,19290000,19290100,1505,2508,19300000,13964
0,193,1930000,1930100,1505,2508,1940000,1395
0,1930,19300000,19300100,1505,2508,19310000,13975
0,1931,19310000,19310100,1505,2508,19320000,13976
0,1932,19320000,19320100,1505,2508,19330000,13990
0,1933,19330000,19330100,1505,2508,19340000,13995
0,1934,19340000,19340100,1505,2508,19350000,13998
0,1935,19350000,19350100,1505,2508,19360000,14009
0,1936,19360000,19360100,1505,2508,19370000,14018
0,1937,19370000,19370100,1505,2508,19380000,14021
0,1938,19380000,19380100,1505,2508,19390000,14031
0,1939,19390000,19390100,1505,2508,19400000,14037
0,194,1940000,1940100,1505,2508,1950000,1398
0,1940,19400000,19400100,1505,2508,19410000,14044
0,1941,19410000,19410100,1505,2508,19420000,14053
0,1942,19420000,19420100,1505,2508,19430000,14062
0,1943,19430000,19430100,1505,2508,19440000,14063
0,1944,19440000,19440100,1505,2508,19450000,14074
0,1945,19450000,19450100,1505,2508,19460000,14082
0,1946,19460000,19460100,1505,2508,19470000,14086
0,1947,19470000,19470100,1505,2508,19480000,14097
0,1948,19480000,19480100,1505,2508,19490000,14105
0,1949,19490000,19490100,1505,2508,19500000,14106
0,195,1950000,1950100,1505,2508,1960000,1409
0,1950,19500000,19500100,1505,2508,19510000,14119
0,1951,19510000,19510100,1505,2508,19520000,14124
0,1952,19520000,19520100,1505,2508,19530000,14131
0,1953,19530000,19530100,1505,2508,19540000,14140
0,1954,19540000,19540100,1505,2508,19550000,14147
0,1955,19550000,19550100,1505,2508,19560000,14151
0,1956,19560000,19560100,1505,2508,19570000,14162
0,1957,19570000,19570100,1505,2508,19580000,14169
0,1958,19580000,19580100,1505,2508,19590000,14173
0,1959,19590000,19590100,1505,2508,19600000,14181
0,196,1960000,1960100,1505,2508,1970000,1418
0,1960,19600000,19600100,1505,2508,19610000,14193
0,1961,19610000,19610100,1505,2508,19620000,14194
0,1962,19620000,19620100,1505,2508,19630000,14206
0,1963,19630000,19630100,1505,2508,19640000,14212
0,1964,19640000,19640100,1505,2508,19650000,14216
0,1965,19650000,19650100,1505,2508,19660000,14227
0,1966,19660000,19660100,1505,2508,19670000,14234
0,1967,19670000,19670100,1505,2508,19680000,14238
0,1968,19680000,19680100,1505,2508,19690000,14249
0,1969,19690000,19690100,1505,2508,19700000,14255
0,197,1970000,1970100,1505,2508,1980000,1421
0,1970,19700000,19700100,1505,2508,19710000,14261
0,1971,19710000,19710100,1505,2508,19720000,14269
0,1972,19720000,19720100,1505,2508,19730000,14279
0,1973,19730000,19730100,1505,2508,19740000,14280
0,1974,19740000,19740100,1505,2508,19750000,14292
0,1975,19750000,19750100,1505,2508,19760000,14300
0,1976,19760000,19760100,1505,2508,19770000,14304
0,1977,19770000,19770100,1505,2508,19780000,14314
0,1978,19780000,19780100,1505,2508,19790000,14321
0,1979,19790000,19790100,1505,2508,19800000,14322
0,198,1980000,1980100,1505,2508,1990000,1432
0,1980,19800000,19800100,1505,2508,19810000,14337
0,1981,19810000,19810100,1505,2508,19820000,14343
0,1982,19820000,19820100,1505,2508,19830000,14348
0,1983,19830000,19830100,1505,2508,19840000,14356
0,1984,19840000,19840100,1505,2508,19850000,14364
0,1985,19850000,19850100,1505,2508,19860000,14369
0,1986,19860000,19860100,1505,2508,19870000,14379
0,1987,19870000,19870100,1505,2508,19880000,14386
0,1988,19880000,19880100,1505,2508,19890000,14391
0,1989,19890000,19890100,1505,2508,19900000,14399
0,199,1990000,1990100,1505,2508,2000000,1437
0,1990,19900000,19900100,1505,2508,19910000,14409
0,1991,19910000,19910100,1505,2508,19920000,14411
0,1992,19920000,19920100,1505,2508,19930000,14424
0,1993,19930000,19930100,1505,2508,19940000,14429
0,1994,19940000,19940100,1505,2508,19950000,14432
0,1995,19950000,19950100,1505,2508,19960000,14444
0,1996,19960000,19960100,1505,2508,19970000,14453
0,1997,19970000,19970100,1505,2508,19980000,14456
0,1998,19980000,19980100,1505,2508,19990000,14466
0,1999,19990000,19990100,1505,2508,20000000,14471
0,2,20000,20100,1505,2508,30000,10
0,20,200000,200100,1505,2508,210000,140
0,200,2000000,2000100,1505,2508,2010000,1444
0,2000,20000000,20000100,1505,2508,20010000,14478
0,2001,20010000,20010100,1505,2508,20020000,14486
0,2002,20020000,20020100,1505,2508,20030000,14497
0,2003,20030000,20030100,1505,2508,20040000,14498
0,2004,20040000,20040100,1505,2508,20050000,14509
0,2005,20050000,20050100,1505,2508,20060000,14517
0,2006,20060000,20060100,1505,2508,20070000,14520
0,2007,20070000,20070100,1505,2508,20080000,14531
0,2008,20080000,20080100,1505,2508,20090000,14539
0,2009,20090000,20090100,1505,2508,20100000,14541
0,201,2010000,2010100,1505,2508,2020000,1452
0,2010,20100000,20100100,1505,2508,20110000,14554
0,2011,20110000,20110100,1505,2508,20120000,14559
0,2012,20120000,20120100,1505,2508,20130000,14565
0,2013,20130000,20130100,1505,2508,20140000,14574
0,2014,20140000,20140100,1505,2508,20150000,14581
0,2015,20150000,20150100,1505,2508,20160000,14585
0,2016,20160000,20160100,1505,2508,20170000,14597
0,2017,20170000,20170100,1505,2508,20180000,14604
0,2018,20180000,20180100,1505,2508,20190000,14608
0,2019,20190000,20190100,1505,2508,20200000,14616
0,202,2020000,2020100,1505,2508,2030000,1461
0,2020,20200000,20200100,1505,2508,20210000,14627
0,2021,20210000,20210100,1505,2508,20220000,14628
0,2022,20220000,20220100,1505,2508,20230000,14640
0,2023,20230000,20230100,1505,2508,20240000,14646
0,2024,20240000,20240100,1505,2508,20250000,14651
0,2025,20250000,20250100,1505,2508,20260000,14662
0,2026,20260000,20260100,1505,2508,20270000,14669
0,2027,20270000,20270100,1505,2508,20280000,14672
0,2028,20280000,20280100,1505,2508,20290000,14683
0,2029,20290000,20290100,1505,2508,20300000,14689
0,203,2030000,2030100,1505,2508,2040000,1464
0,2030,20300000,20300100,1505,2508,20310000,14696
0,2031,20310000,20310100,1505,2508,20320000,14704
0,2032,20320000,20320100,1505,2508,20330000,14714
0,2033,20330000,20330100,1505,2508,20340000,14715
0,2034,20340000,20340100,1505,2508,20350000,14725
0,2035,20350000,20350100,1505,2508,20360000,14734
0,2036,20360000,20360100,1505,2508,20370000,14738
0,2037,20370000,20370100,1505,2508,20380000,14749
0,2038,20380000,20380100,1505,2508,20390000,14756
0,2039,20390000,20390100,1505,2508,20400000,14757
0,204,2040000,2040100,1505,2508,2050000,1475
0,2040,20400000,20400100,1505,2508,20410000,14772
0,2041,20410000,20410100,1505,2508,20420000,14777
0,2042,20420000,20420100,1505,2508,20430000,14782
0,2043,20430000,20430100,1505,2508,20440000,14790
0,2044,20440000,20440100,1505,2508,20450000,14799
0,2045,20450000,20450100,1505,2508,20460000,14803
0,2046,20460000,20460100,1505,2508,20470000,14814
0,2047,20470000,20470100,1505,2508,20480000,14821
0,2048,20480000,20480100,1505,2508,20490000,14825
0,2049,20490000,20490100,1505,2508,20500000,14833
0,205,2050000,2050100,1505,2508,2060000,1483
0,2050,20500000,20500100,1505,2508,20510000,14843
0,2051,20510000,20510100,1505,2508,20520000,14846
0,2052,20520000,20520100,1505,2508,20530000,14859
0,2053,20530000,20530100,1505,2508,20540000,14864
0,2054,20540000,20540100,1505,2508,20550000,14867
0,2055,20550000,20550100,1505,2508,20560000,14878
0,2056,20560000,20560100,1505,2508,20570000,14886
0,2057,20570000,20570100,1505,2508,20580000,14890
0,2058,20580000,20580100,1505,2508,20590000,14901
0,2059,20590000,20590100,1505,2508,20600000,14906
0,206,2060000,2060100,1505,2508,2070000,1486
0,2060,20600000,20600100,1505,2508,20610000,14913
0,2061,20610000,20610100,1505,2508,20620000,14921
0,2062,20620000,20620100,1505,2508,20630000,14931
0,2063,20630000,20630100,1505,2508,20640000,14932
0,2064,20640000,20640100,1505,2508,20650000,14943
0,2065,20650000,20650100,1505,2508,20660000,14952
0,2066,20660000,20660100,1505,2508,20670000,14955
0,2067,20670000,20670100,1505,2508,20680000,14965
0,2068,20680000,20680100,1505,2508,20690000,14974
0,2069,20690000,20690100,1505,2508,20700000,14975
0,207,2070000,2070100,1505,2508,2080000,1496
0,2070,20700000,20700100,1505,2508,20710000,14988
0,2071,20710000,20710100,1505,2508,20720000,14993
0,2072,20720000,20720100,1505,2508,20730000,15000
0,2073,20730000,20730100,1505,2508,20740000,15009
0,2074,20740000,20740100,1505,2508,20750000,15016
0,2075,20750000,20750100,1505,2508,20760000,15020
0,2076,20760000,20760100,1505,2508,20770000,15031
0,2077,20770000,20770100,1505,2508,20780000,15038
0,2078,20780000,20780100,1505,2508,20790000,15041
0,2079,20790000,20790100,1505,2508,20800000,15051
0,208,2080000,2080100,1505,2508,2090000,1504
0,2080,20800000,20800100,1505,2508,20810000,15062
0,2081,20810000,20810100,1505,2508,20820000,15063
0,2082,20820000,20820100,1505,2508,20830000,15075
0,2083,20830000,20830100,1505,2508,20840000,15080
0,2084,20840000,20840100,1505,2508,20850000,15085
0,2085,20850000,20850100,1505,2508,20860000,15096
0,2086,20860000,20860100,1505,2508,20870000,15104
0,2087,20870000,20870100,1505,2508,20880000,15107
0,2088,20880000,20880100,1505,2508,20890000,15118
0,2089,20890000,20890100,1505,2508,20900000,15123
0,209,2090000,2090100,1505,2508,2100000,1506
0,2090,20900000,20900100,1505,2508,20910000,15130
0,2091,20910000,20910100,1505,2508,20920000,15138
0,2092,20920000,20920100,1505,2508,20930000,15148
0,2093,20930000,20930100,1505,2508,20940000,15150
0,2094,20940000,20940100,1505,2508,20950000,15160
0,2095,20950000,20950100,1505,2508,20960000,15169
0,2096,20960000,20960100,1505,2508,20970000,15173
0,2097,20970000,20970100,1505,2508,20980000,15183
0,2098,20980000,20980100,1505,2508,20990000,15190
0,2099,20990000,20990100,1505,2508,21000000,15191
0,21,210000,210100,1505,2508,220000,149
0,210,2100000,2100100,1505,2508,2110000,1520
0,2100,21000000,21000100,1505,2508,21010000,15206
0,2101,21010000,21010100,1505,2508,21020000,15212
0,2102,21020000,21020100,1505,2508,21030000,15217
0,2103,21030000,21030100,1505,2508,21040000,15225
0,2104,21040000,21040100,1505,2508,21050000,15233
0,2105,21050000,21050100,1505,2508,21060000,15237
0,2106,21060000,21060100,1505,2508,21070000,15248
0,2107,21070000,21070100,1505,2508,21080000,15256
0,2108,21080000,21080100,1505,2508,21090000,15260
0,2109,21090000,21090100,1505,2508,21100000,15268
0,211,2110000,2110100,1505,2508,2120000,1525
0,2110,21100000,21100100,1505,2508,21110000,15278
0,2111,21110000,21110100,1505,2508,21120000,15279
0,2112,21120000,21120100,1505,2508,21130000,15293
0,2113,21130000,21130100,1505,2508,21140000,15298
0,2114,21140000,21140100,1505,2508,21150000,15302
0,2115,21150000,21150100,1505,2508,21160000,15313
0,2116,21160000,21160100,1505,2508,21170000,15321
0,2117,21170000,21170100,1505,2508,21180000,15325
0,2118,21180000,21180100,1505,2508,21190000,15335
0,2119,21190000,21190100,1505,2508,21200000,15340
0,212,2120000,2120100,1505,2508,2130000,1531
0,2120,21200000,21200100,1505,2508,21210000,15347
0,2121,21210000,21210100,1505,2508,21220000,15356
0,2122,21220000,21220100,1505,2508,21230000,15365
0,2123,21230000,21230100,1505,2508,21240000,15367
0,2124,21240000,21240100,1505,2508,21250000,15378
0,2125,21250000,21250100,1505,2508,21260000,15386
0,2126,21260000,21260100,1505,2508,21270000,15389
0,2127,21270000,21270100,1505,2508,21280000,15399
0,2128,21280000,21280100,1505,2508,21290000,15409
0,2129,21290000,21290100,1505,2508,21300000,15410
0,213,2130000,2130100,1505,2508,2140000,1539
0,2130,21300000,21300100,1505,2508,21310000,15423
0,2131,21310000,21310100,1505,2508,21320000,15428
0,2132,21320000,21320100,1505,2508,21330000,15434
0,2133,21330000,21330100,1505,2508,21340000,15442
0,2134,21340000,21340100,1505,2508,21350000,15450
0,2135,21350000,21350100,1505,2508,21360000,15455
0,2136,21360000,21360100,1505,2508,21370000,15466
0,2137,21370000,21370100,1505,2508,21380000,15473
0,2138,21380000,21380100,1505,2508,21390000,15476
0,2139,21390000,21390100,1505,2508,21400000,15485
0,214,2140000,2140100,1505,2508,2150000,1547
0,2140,21400000,21400100,1505,2508,21410000,15496
0,2141,21410000,21410100,1505,2508,21420000,15497
0,2142,21420000,21420100,1505,2508,21430000,15510
0,2143,21430000,21430100,1505,2508,21440000,15515
0,2144,21440000,21440100,1505,2508,21450000,15519
0,2145,21450000,21450100,1505,2508,21460000,15531
0,2146,21460000,21460100,1505,2508,21470000,15538
0,2147,21470000,21470100,1505,2508,21480000,15541
0,2148,21480000,21480100,1505,2508,21490000,15552
0,2149,21490000,21490100,1505,2508,21500000,15558
0,215,2150000,2150100,1505,2508,2160000,1551
0,2150,21500000,21500100,1505,2508,21510000,15565
0,2151,21510000,21510100,1505,2508,21520000,15573
0,2152,21520000,21520100,1505,2508,21530000,15583
0,2153,21530000,21530100,1505,2508,21540000,15584
0,2154,21540000,21540100,1505,2508,21550000,15594
0,2155,21550000,21550100,1505,2508,21560000,15602
0,2156,21560000,21560100,1505,2508,21570000,15608
0,2157,21570000,21570100,1505,2508,21580000,15618
0,2158,21580000,21580100,1505,2508,21590000,15625
0,2159,21590000,21590100,1505,2508,21600000,15626
0,216,2160000,2160100,1505,2508,2170000,1562
0,2160,21600000,21600100,1505,2508,21610000,15640
0,2161,21610000,21610100,1505,2508,21620000,15646
0,2162,21620000,21620100,1505,2508,21630000,15651
0,2163,21630000,21630100,1505,2508,21640000,15660
0,2164,21640000,21640100,1505,2508,21650000,15668
0,2165,21650000,21650100,1505,2508,21660000,15672
0,2166,21660000,21660100,1505,2508,21670000,15682
0,2167,21670000,21670100,1505,2508,21680000,15690
0,2168,21680000,21680100,1505,2508,21690000,15694
0,2169,21690000,21690100,1505,2508,21700000,15702
0,217,2170000,2170100,1505,2508,2180000,1570
0,2170,21700000,21700100,1505,2508,21710000,15713
0,2171,21710000,21710100,1505,2508,21720000,15714
0,2172,21720000,21720100,1505,2508,21730000,15728
0,2173,21730000,21730100,1505,2508,21740000,15733
0,2174,21740000,21740100,1505,2508,21750000,15736
0,2175,21750000,21750100,1505,2508,21760000,15747
0,2176,21760000,21760100,1505,2508,21770000,15755
0,2177,21770000,21770100,1505,2508,21780000,15759
0,2178,21780000,21780100,1505,2508,21790000,15770
0,2179,21790000,21790100,1505,2508,21800000,15775
0,218,2180000,2180100,1505,2508,2190000,1573
0,2180,21800000,21800100,1505,2508,21810000,15782
0,2181,21810000,21810100,1505,2508,21820000,15790
0,2182,21820000,21820100,1505,2508,21830000,15799
0,2183,21830000,21830100,1505,2508,21840000,15801
0,2184,21840000,21840100,1505,2508,21850000,15813
0,2185,21850000,21850100,1505,2508,21860000,15821
0,2186,21860000,21860100,1505,2508,21870000,15824
0,2187,21870000,21870100,1505,2508,21880000,15834
0,2188,21880000,21880100,1505,2508,21890000,15842
0,2189,21890000,21890100,1505,2508,21900000,15844
0,219,2190000,2190100,1505,2508,2200000,1581
0,2190,21900000,21900100,1505,2508,21910000,15857
0,2191,21910000,21910100,1505,2508,21920000,15863
0,2192,21920000,21920100,1505,2508,21930000,15869
0,2193,21930000,21930100,1505,2508,21940000,15877
0,2194,21940000,21940100,1505,2508,21950000,15885
0,2195,21950000,21950100,1505,2508,21960000,15889
0,2196,21960000,21960100,1505,2508,21970000,15900
0,2197,21970000,21970100,1505,2508,21980000,15907
0,2198,21980000,21980100,1505,2508,21990000,15911
0,2199,21990000,21990100,1505,2508,22000000,15919
0,22,220000,220100,1505,2508,230000,159
0,220,2200000,2200100,1505,2508,2210000,1593
0,2200,22000000,22000100,1505,2508,22010000,15931
0,2201,22010000,22010100,1505,2508,22020000,15932
0,2202,22020000,22020100,1505,2508,22030000,15944
0,2203,22030000,22030100,1505,2508,22040000,15949
0,2204,22040000,22040100,1505,2508,22050000,15953
0,2205,22050000,22050100,1505,2508,22060000,15966
0,2206,22060000,22060100,1505,2508,22070000,15973
0,2207,22070000,22070100,1505,2508,22080000,15976
0,2208,22080000,22080100,1505,2508,22090000,15987
0,2209,22090000,22090100,1505,2508,22100000,15992
0,221,2210000,2210100,1505,2508,2220000,1594
0,2210,22100000,22100100,1505,2508,22110000,15998
0,2211,22110000,22110100,1505,2508,22120000,16007
0,2212,22120000,22120100,1505,2508,22130000,16018
0,2213,22130000,22130100,1505,2508,22140000,16019
0,2214,22140000,22140100,1505,2508,22150000,16029
0,2215,22150000,22150100,1505,2508,22160000,16037
0,2216,22160000,22160100,1505,2508,22170000,16042
0,2217,22170000,22170100,1505,2508,22180000,16052
0,2218,22180000,22180100,1505,2508,22190000,16059
0,2219,22190000,22190100,1505,2508,22200000,16061
0,222,2220000,2220100,1505,2508,2230000,1606
0,2220,22200000,22200100,1505,2508,22210000,16075
0,2221,22210000,22210100,1505,2508,22220000,16080
0,2222,22220000,22220100,1505,2508,22230000,16086
0,2223,22230000,22230100,1505,2508,22240000,16094
0,2224,22240000,22240100,1505,2508,22250000,16102
0,2225,22250000,22250100,1505,2508,22260000,16106
0,2226,22260000,22260100,1505,2508,22270000,16117
0,2227,22270000,22270100,1505,2508,22280000,16125
0,2228,22280000,22280100,1505,2508,22290000,16129
0,2229,22290000,22290100,1505,2508,22300000,16137
0,223,2230000,2230100,1505,2508,2240000,1611
0,2230,22300000,22300100,1505,2508,22310000,16147
0,2231,22310000,22310100,1505,2508,22320000,16148
0,2232,22320000,22320100,1505,2508,22330000,16161
0,2233,22330000,22330100,1505,2508,22340000,16168
0,2234,22340000,22340100,1505,2508,22350000,16171
0,2235,22350000,22350100,1505,2508,22360000,16182
0,2236,22360000,22360100,1505,2508,22370000,16190
0,2237,22370000,22370100,1505,2508,22380000,16193
0,2238,22380000,22380100,1505,2508,22390000,16204
0,2239,22390000,22390100,1505,2508,22400000,16209
0,224,2240000,2240100,1505,2508,2250000,1616
0,2240,22400000,22400100,1505,2508,22410000,16217
0,2241,22410000,22410100,1505,2508,22420000,16225
0,2242,22420000,22420100,1505,2508,22430000,16234
0,2243,22430000,22430100,1505,2508,22440000,16235
0,2244,22440000,22440100,1505,2508,22450000,16247
0,2245,22450000,22450100,1505,2508,22460000,16255
0,2246,22460000,22460100,1505,2508,22470000,16258
0,2247,22470000,22470100,1505,2508,22480000,16269
0,2248,22480000,22480100,1505,2508,22490000,16277
0,2249,22490000,22490100,1505,2508,22500000,16279
0,225,2250000,2250100,1505,2508,2260000,1628
0,2250,22500000,22500100,1505,2508,22510000,16292
0,2251,22510000,22510100,1505,2508,22520000,16297
0,2252,22520000,22520100,1505,2508,22530000,16303
0,2253,22530000,22530100,1505,2508,22540000,16311
0,2254,22540000,22540100,1505,2508,22550000,16319
0,2255,22550000,22550100,1505,2508,22560000,16324
0,2256,22560000,22560100,1505,2508,22570000,16335
0,2257,22570000,22570100,1505,2508,22580000,16342
0,2258,22580000,22580100,1505,2508,22590000,16345
0,2259,22590000,22590100,1505,2508,22600000,16353
0,226,2260000,2260100,1505,2508,2270000,1635
0,2260,22600000,22600100,1505,2508,22610000,16365
0,2261,22610000,22610100,1505,2508,22620000,16367
0,2262,22620000,22620100,1505,2508,22630000,16379
0,2263,22630000,22630100,1505,2508,22640000,16384
0,2264,22640000,22640100,1505,2508,22650000,16388
0,2265,22650000,22650100,1505,2508,22660000,16399
0,2266,22660000,22660100,1505,2508,22670000,16407
0,2267,22670000,22670100,1505,2508,22680000,16410
0,2268,22680000,22680100,1505,2508,22690000,16422
0,2269,22690000,22690100,1505,2508,22700000,16427
0,227,2270000,2270100,1505,2508,2280000,1638
0,2270,22700000,22700100,1505,2508,22710000,16433
0,2271,22710000,22710100,1505,2508,22720000,16442
0,2272,22720000,22720100,1505,2508,22730000,16452
0,2273,22730000,22730100,1505,2508,22740000,16453
0,2274,22740000,22740100,1505,2508,22750000,16463
0,2275,22750000,22750100,1505,2508,22760000,16472
0,2276,22760000,22760100,1505,2508,22770000,16476
0,2277,22770000,22770100,1505,2508,22780000,16487
0,2278,22780000,22780100,1505,2508,22790000,16494
0,2279,22790000,22790100,1505,2508,22800000,16495
0,228,2280000,2280100,1505,2508,2290000,1649
0,2280,22800000,22800100,1505,2508,22810000,16509
0,2281,22810000,22810100,1505,2508,22820000,16514
0,2282,22820000,22820100,1505,2508,22830000,16521
0,2283,22830000,22830100,1505,2508,22840000,16529
0,2284,22840000,22840100,1505,2508,22850000,16537
0,2285,22850000,22850100,1505,2508,22860000,16541
0,2286,22860000,22860100,1505,2508,22870000,16551
0,2287,22870000,22870100,1505,2508,22880000,16558
0,2288,22880000,22880100,1505,2508,22890000,16563
0,2289,22890000,22890100,1505,2508,22900000,16572
0,229,2290000,2290100,1505,2508,2300000,1654
0,2290,22900000,22900100,1505,2508,22910000,16582
0,2291,22910000,22910100,1505,2508,22920000,16583
0,2292,22920000,22920100,1505,2508,22930000,16596
0,2293,22930000,22930100,1505,2508,22940000,16602
0,2294,22940000,22940100,1505,2508,22950000,16605
0,2295,22950000,22950100,1505,2508,22960000,16616
0,2296,22960000,22960100,1505,2508,22970000,16625
0,2297,22970000,22970100,1505,2508,22980000,16628
0,2298,22980000,22980100,1505,2508,22990000,16638
0,2299,22990000,22990100,1505,2508,23000000,16644
0,23,230000,230100,1505,2508,240000,160
0,230,2300000,2300100,1505,2508,2310000,1660
0,2300,23000000,23000100,1505,2508,23010000,16651
0,2301,23010000,23010100,1505,2508,23020000,16659
0,2302,23020000,23020100,1505,2508,23030000,16668
0,2303,23030000,23030100,1505,2508,23040000,16670
0,2304,23040000,23040100,1505,2508,23050000,16682
0,2305,23050000,23050100,1505,2508,23060000,16690
0,2306,23060000,23060100,1505,2508,23070000,16693
0,2307,23070000,23070100,1505,2508,23080000,16703
0,2308,23080000,23080100,1505,2508,23090000,16711
0,2309,23090000,23090100,1505,2508,23100000,16712
0,231,2310000,2310100,1505,2508,2320000,1670
0,2310,23100000,23100100,1505,2508,23110000,16727
0,2311,23110000,23110100,1505,2508,23120000,16732
0,2312,23120000,23120100,1505,2508,23130000,16738
0,2313,23130000,23130100,1505,2508,23140000,16746
0,2314,23140000,23140100,1505,2508,23150000,16753
0,2315,23150000,23150100,1505,2508,23160000,16758
0,2316,23160000,23160100,1505,2508,23170000,16769
0,2317,23170000,23170100,1505,2508,23180000,16777
0,2318,23180000,23180100,1505,2508,23190000,16780
0,2319,23190000,23190100,1505,2508,23200000,16788
0,232,2320000,2320100,1505,2508,2330000,1680
0,2320,23200000,23200100,1505,2508,23210000,16799
0,2321,23210000,23210100,1505,2508,23220000,16801
0,2322,23220000,23220100,1505,2508,23230000,16813
0,2323,23230000,23230100,1505,2508,23240000,16818
0,2324,23240000,23240100,1505,2508,23250000,16823
0,2325,23250000,23250100,1505,2508,23260000,16834
0,2326,23260000,23260100,1505,2508,23270000,16842
0,2327,23270000,23270100,1505,2508,23280000,16845
0,2328,23280000,23280100,1505,2508,23290000,16856
0,2329,23290000,23290100,1505,2508,23300000,16861
0,233,2330000,2330100,1505,2508,2340000,1681
0,2330,23300000,23300100,1505,2508,23310000,16867
0,2331,23310000,23310100,1505,2508,23320000,16876
0,2332,23320000,23320100,1505,2508,23330000,16887
0,2333,23330000,23330100,1505,2508,23340000,16888
0,2334,23340000,23340100,1505,2508,23350000,16898
0,2335,23350000,23350100,1505,2508,23360000,16906
0,2336,23360000,23360100,1505,2508,23370000,16910
0,2337,23370000,23370100,1505,2508,23380000,16921
0,2338,23380000,23380100,1505,2508,23390000,16929
0,2339,23390000,23390100,1505,2508,23400000,16930
0,234,2340000,2340100,1505,2508,2350000,1691
0,2340,23400000,23400100,1505,2508,23410000,16944
0,2341,23410000,23410100,1505,2508,23420000,16949
0,2342,23420000,23420100,1505,2508,23430000,16954
0,2343,23430000,23430100,1505,2508,23440000,16963
0,2344,23440000,23440100,1505,2508,23450000,16971
0,2345,23450000,23450100,1505,2508,23460000,16976
0,2346,23460000,23460100,1505,2508,23470000,16986
0,2347,23470000,23470100,1505,2508,23480000,16993
0,2348,23480000,23480100,1505,2508,23490000,16998
0,2349,23490000,23490100,1505,2508,23500000,17006
0,235,2350000,2350100,1505,2508,2360000,1699
0,2350,23500000,23500100,1505,2508,23510000,17016
0,2351,23510000,23510100,1505,2508,23520000,17017
0,2352,23520000,23520100,1505,2508,23530000,17031
0,2353,23530000,23530100,1505,2508,23540000,17036
0,2354,23540000,23540100,1505,2508,23550000,17040
0,2355,23550000,23550100,1505,2508,23560000,17051
0,2356,23560000,23560100,1505,2508,23570000,17059
0,2357,23570000,23570100,1505,2508,23580000,17062
0,2358,23580000,23580100,1505,2508,23590000,17072
0,2359,23590000,23590100,1505,2508,23600000,17079
0,236,2360000,2360100,1505,2508,2370000,1704
0,2360,23600000,23600100,1505,2508,23610000,17086
0,2361,23610000,23610100,1505,2508,23620000,17094
0,2362,23620000,23620100,1505,2508,23630000,17103
0,2363,23630000,23630100,1505,2508,23640000,17104
0,2364,23640000,23640100,1505,2508,23650000,17115
0,2365,23650000,23650100,1505,2508,23660000,17124
0,2366,23660000,23660100,1505,2508,23670000,17128
0,2367,23670000,23670100,1505,2508,23680000,17138
0,2368,23680000,23680100,1505,2508,23690000,17146
0,2369,23690000,23690100,1505,2508,23700000,17147
0,237,2370000,2370100,1505,2508,2380000,1714
0,2370,23700000,23700100,1505,2508,23710000,17161
0,2371,23710000,23710100,1505,2508,23720000,17166
0,2372,23720000,23720100,1505,2508,23730000,17172
0,2373,23730000,23730100,1505,2508,23740000,17181
0,2374,23740000,23740100,1505,2508,23750000,17188
0,2375,23750000,23750100,1505,2508,23760000,17192
0,2376,23760000,23760100,1505,2508,23770000,17204
0,2377,23770000,23770100,1505,2508,23780000,17211
0,2378,23780000,23780100,1505,2508,23790000,17214
0,2379,23790000,23790100,1505,2508,23800000,17222
0,238,2380000,2380100,1505,2508,2390000,1722
0,2380,23800000,23800100,1505,2508,23810000,17234
0,2381,23810000,23810100,1505,2508,23820000,17236
0,2382,23820000,23820100,1505,2508,23830000,17248
0,2383,23830000,23830100,1505,2508,23840000,17253
0,2384,23840000,23840100,1505,2508,23850000,17257
0,2385,23850000,23850100,1505,2508,23860000,17268
0,2386,23860000,23860100,1505,2508,23870000,17275
0,2387,23870000,23870100,1505,2508,23880000,17280
0,2388,23880000,23880100,1505,2508,23890000,17291
0,2389,23890000,23890100,1505,2508,23900000,17296
0,239,2390000,2390100,1505,2508,2400000,1723
0,2390,23900000,23900100,1505,2508,23910000,17302
0,2391,23910000,23910100,1505,2508,23920000,17310
0,2392,23920000,23920100,1505,2508,23930000,17321
0,2393,23930000,23930100,1505,2508,23940000,17322
0,2394,23940000,23940100,1505,2508,23950000,17333
0,2395,23950000,23950100,1505,2508,23960000,17341
0,2396,23960000,23960100,1505,2508,23970000,17345
0,2397,23970000,23970100,1505,2508,23980000,17355
0,2398,23980000,23980100,1505,2508,23990000,17363
0,2399,23990000,23990100,1505,2508,24000000,17364
0,24,240000,240100,1505,2508,250000,171
0,240,2400000,2400100,1505,2508,2410000,1737
0,2400,24000000,24000100,1505,2508,24010000,17378
0,2401,24010000,24010100,1505,2508,24020000,17384
0,2402,24020000,24020100,1505,2508,24030000,17389
0,2403,24030000,24030100,1505,2508,24040000,17398
0,2404,24040000,24040100,1505,2508,24050000,17406
0,2405,24050000,24050100,1505,2508,24060000,17410
0,2406,24060000,24060100,1505,2508,24070000,17420
0,2407,24070000,24070100,1505,2508,24080000,17427
0,2408,24080000,24080100,1505,2508,24090000,17432
0,2409,24090000,24090100,1505,2508,24100000,17441
0,241,2410000,2410100,1505,2508,2420000,1742
0,2410,24100000,24100100,1505,2508,24110000,17451
0,2411,24110000,24110100,1505,2508,24120000,17452
0,2412,24120000,24120100,1505,2508,24130000,17465
0,2413,24130000,24130100,1505,2508,24140000,17470
0,2414,24140000,24140100,1505,2508,24150000,17474
0,2415,24150000,24150100,1505,2508,24160000,17486
0,2416,24160000,24160100,1505,2508,24170000,17494
0,2417,24170000,24170100,1505,2508,24180000,17497
0,2418,24180000,24180100,1505,2508,24190000,17507
0,2419,24190000,24190100,1505,2508,24200000,17512
0,242,2420000,2420100,1505,2508,2430000,1748
0,2420,24200000,24200100,1505,2508,24210000,17520
0,2421,24210000,24210100,1505,2508,24220000,17528
0,2422,24220000,24220100,1505,2508,24230000,17538
0,2423,24230000,24230100,1505,2508,24240000,17539
0,2424,24240000,24240100,1505,2508,24250000,17550
0,2425,24250000,24250100,1505,2508,24260000,17559
0,2426,24260000,24260100,1505,2508,24270000,17562
0,2427,24270000,24270100,1505,2508,24280000,17572
0,2428,24280000,24280100,1505,2508,24290000,17580
0,2429,24290000,24290100,1505,2508,24300000,17582
0,243,2430000,2430100,1505,2508,2440000,1756
0,2430,24300000,24300100,1505,2508,24310000,17595
0,2431,24310000,24310100,1505,2508,24320000,17601
0,2432,24320000,24320100,1505,2508,24330000,17607
0,2433,24330000,24330100,1505,2508,24340000,17615
0,2434,24340000,24340100,1505,2508,24350000,17622
0,2435,24350000,24350100,1505,2508,24360000,17626
0,2436,24360000,24360100,1505,2508,24370000,17639
0,2437,24370000,24370100,1505,2508,24380000,17646
0,2438,24380000,24380100,1505,2508,24390000,17649
0,2439,24390000,24390100,1505,2508,24400000,17657
0,244,2440000,2440100,1505,2508,2450000,1764
0,2440,24400000,24400100,1505,2508,24410000,17668
0,2441,24410000,24410100,1505,2508,24420000,17669
0,2442,24420000,24420100,1505,2508,24430000,17682
0,2443,24430000,24430100,1505,2508,24440000,17688
0,2444,24440000,24440100,1505,2508,24450000,17692
0,2445,24450000,24450100,1505,2508,24460000,17703
0,2446,24460000,24460100,1505,2508,24470000,17710
0,2447,24470000,24470100,1505,2508,24480000,17714
0,2448,24480000,24480100,1505,2508,24490000,17725
0,2449,24490000,24490100,1505,2508,24500000,17730
0,245,2450000,2450100,1505,2508,2460000,1769
0,2450,24500000,24500100,1505,2508,24510000,17737
0,2451,24510000,24510100,1505,2508,24520000,17745
0,2452,24520000,24520100,1505,2508,24530000,17755
0,2453,24530000,24530100,1505,2508,24540000,17757
0,2454,24540000,24540100,1505,2508,24550000,17767
0,2455,24550000,24550100,1505,2508,24560000,17775
0,2456,24560000,24560100,1505,2508,24570000,17779
0,2457,24570000,24570100,1505,2508,24580000,17790
0,2458,24580000,24580100,1505,2508,24590000,17798
0,2459,24590000,24590100,1505,2508,24600000,17799
0,246,2460000,2460100,1505,2508,2470000,1779
0,2460,24600000,24600100,1505,2508,24610000,17813
0,2461,24610000,24610100,1505,2508,24620000,17818
0,2462,24620000,24620100,1505,2508,24630000,17823
0,2463,24630000,24630100,1505,2508,24640000,17831
0,2464,24640000,24640100,1505,2508,24650000,17841
0,2465,24650000,24650100,1505,2508,24660000,17845
0,2466,24660000,24660100,1505,2508,24670000,17855
0,2467,24670000,24670100,1505,2508,24680000,17862
0,2468,24680000,24680100,1505,2508,24690000,17866
0,2469,24690000,24690100,1505,2508,24700000,17875
0,247,2470000,2470100,1505,2508,2480000,1787
0,2470,24700000,24700100,1505,2508,24710000,17885
0,2471,24710000,24710100,1505,2508,24720000,17887
0,2472,24720000,24720100,1505,2508,24730000,17900
0,2473,24730000,24730100,1505,2508,24740000,17905
0,2474,24740000,24740100,1505,2508,24750000,17908
0,2475,24750000,24750100,1505,2508,24760000,17920
0,2476,24760000,24760100,1505,2508,24770000,17928
0,2477,24770000,24770100,1505,2508,24780000,17931
0,2478,24780000,24780100,1505,2508,24790000,17942
0,2479,24790000,24790100,1505,2508,24800000,17947
0,248,2480000,2480100,1505,2508,2490000,1791
0,2480,24800000,24800100,1505,2508,24810000,17955
0,2481,24810000,24810100,1505,2508,24820000,17963
0,2482,24820000,24820100,1505,2508,24830000,17972
0,2483,24830000,24830100,1505,2508,24840000,17973
0,2484,24840000,24840100,1505,2508,24850000,17984
0,2485,24850000,24850100,1505,2508,24860000,17993
0,2486,24860000,24860100,1505,2508,24870000,17997
0,2487,24870000,24870100,1505,2508,24880000,18007
0,2488,24880000,24880100,1505,2508,24890000,18015
0,2489,24890000,24890100,1505,2508,24900000,18016
0,249,2490000,2490100,1505,2508,2500000,1799
0,2490,24900000,24900100,1505,2508,24910000,18029
0,2491,24910000,24910100,1505,2508,24920000,18035
0,2492,24920000,24920100,1505,2508,24930000,18042
0,2493,24930000,24930100,1505,2508,24940000,18050
0,2494,24940000,24940100,1505,2508,24950000,18057
0,2495,24950000,24950100,1505,2508,24960000,18061
0,2496,24960000,24960100,1505,2508,24970000,18072
0,2497,24970000,24970100,1505,2508,24980000,18080
0,2498,24980000,24980100,1505,2508,24990000,18083
0,2499,24990000,24990100,1505,2508,25000000,18092
0,25,250000,250100,1505,2508,260000,179
0,250,2500000,2500100,1505,2508,2510000,1809
0,2500,25000000,25000100,1505,2508,25010000,18103
0,2501,25010000,25010100,1505,2508,25020000,18104
0,2502,25020000,25020100,1505,2508,25030000,18117
0,2503,25030000,25030100,1505,2508,25040000,18122
0,2504,25040000,25040100,1505,2508,25050000,18126
0,2505,25050000,25050100,1505,2508,25060000,18137
0,2506,25060000,25060100,1505,2508,25070000,18145
0,2507,25070000,25070100,1505,2508,25080000,18148
0,2508,25080000,25080100,1505,2508,25090000,18160
0,2509,25090000,25090100,1505,2508,25100000,18165
0,251,2510000,2510100,1505,2508,2520000,1810
0,2510,25100000,25100100,1505,2508,25110000,18171
0,2511,25110000,25110100,1505,2508,25120000,18179
0,2512,25120000,25120100,1505,2508,25130000,18189
0,2513,25130000,25130100,1505,2508,25140000,18192
0,2514,25140000,25140100,1505,2508,25150000,18202
0,2515,25150000,25150100,1505,2508,25160000,18210
0,2516,25160000,25160100,1505,2508,25170000,18214
0,2517,25170000,25170100,1505,2508,25180000,18224
0,2518,25180000,25180100,1505,2508,25190000,18231
0,2519,25190000,25190100,1505,2508,25200000,18233
0,252,2520000,2520100,1505,2508,2530000,1824
0,2520,25200000,25200100,1505,2508,25210000,18248
0,2521,25210000,25210100,1505,2508,25220000,18253
0,2522,25220000,25220100,1505,2508,25230000,18258
0,2523,25230000,25230100,1505,2508,25240000,18266
0,2524,25240000,25240100,1505,2508,25250000,18275
0,2525,25250000,25250100,1505,2508,25260000,18279
0,2526,25260000,25260100,1505,2508,25270000,18289
0,2527,25270000,25270100,1505,2508,25280000,18297
0,2528,25280000,25280100,1505,2508,25290000,18301
0,2529,25290000,25290100,1505,2508,25300000,18309
0,253,2530000,2530100,1505,2508,2540000,1830
0,2530,25300000,25300100,1505,2508,25310000,18320
0,2531,25310000,25310100,1505,2508,25320000,18321
0,2532,25320000,25320100,1505,2508,25330000,18334
0,2533,25330000,25330100,1505,2508,25340000,18339
0,2534,25340000,25340100,1505,2508,25350000,18343
0,2535,25350000,25350100,1505,2508,25360000,18355
0,2536,25360000,25360100,1505,2508,25370000,18363
0,2537,25370000,25370100,1505,2508,25380000,18366
0,2538,25380000,25380100,1505,2508,25390000,18376
0,2539,25390000,25390100,1505,2508,25400000,18381
0,254,2540000,2540100,1505,2508,2550000,1833
0,2540,25400000,25400100,1505,2508,25410000,18388
0,2541,25410000,25410100,1505,2508,25420000,18398
0,2542,25420000,25420100,1505,2508,25430000,18407
0,2543,25430000,25430100,1505,2508,25440000,18408
0,2544,25440000,25440100,1505,2508,25450000,18419
0,2545,25450000,25450100,1505,2508,25460000,18427
0,2546,25460000,25460100,1505,2508,25470000,18431
0,2547,25470000,25470100,1505,2508,25480000,18441
0,2548,25480000,25480100,1505,2508,25490000,18450
0,2549,25490000,25490100,1505,2508,25500000,18451
0,255,2550000,2550100,1505,2508,2560000,1844
0,2550,25500000,25500100,1505,2508,25510000,18464
0,2551,25510000,25510100,1505,2508,25520000,18469
0,2552,25520000,25520100,1505,2508,25530000,18476
0,2553,25530000,25530100,1505,2508,25540000,18484
0,2554,25540000,25540100,1505,2508,25550000,18491
0,2555,25550000,25550100,1505,2508,25560000,18496
0,2556,25560000,25560100,1505,2508,25570000,18507
0,2557,25570000,25570100,1505,2508,25580000,18515
0,2558,25580000,25580100,1505,2508,25590000,18518
0,2559,25590000,25590100,1505,2508,25600000,18526
0,256,2560000,2560100,1505,2508,2570000,1852
0,2560,25600000,25600100,1505,2508,25610000,18537
0,2561,25610000,25610100,1505,2508,25620000,18538
0,2562,25620000,25620100,1505,2508,25630000,18551
0,2563,25630000,25630100,1505,2508,25640000,18557
0,2564,25640000,25640100,1505,2508,25650000,18561
0,2565,25650000,25650100,1505,2508,25660000,18572
0,2566,25660000,25660100,1505,2508,25670000,18579
0,2567,25670000,25670100,1505,2508,25680000,18582
0,2568,25680000,25680100,1505,2508,25690000,18594
0,2569,25690000,25690100,1505,2508,25700000,18600
0,257,2570000,2570100,1505,2508,2580000,1855
0,2570,25700000,25700100,1505,2508,25710000,18606
0,2571,25710000,25710100,1505,2508,25720000,18614
0,2572,25720000,25720100,1505,2508,25730000,18624
0,2573,25730000,25730100,1505,2508,25740000,18625
0,2574,25740000,25740100,1505,2508,25750000,18636
0,2575,25750000,25750100,1505,2508,25760000,18644
0,2576,25760000,25760100,1505,2508,25770000,18649
0,2577,25770000,25770100,1505,2508,25780000,18659
0,2578,25780000,25780100,1505,2508,25790000,18666
0,2579,25790000,25790100,1505,2508,25800000,18668
0,258,2580000,2580100,1505,2508,2590000,1866
0,2580,25800000,25800100,1505,2508,25810000,18682
0,2581,25810000,25810100,1505,2508,25820000,18687
0,2582,25820000,25820100,1505,2508,25830000,18692
0,2583,25830000,25830100,1505,2508,25840000,18701
0,2584,25840000,25840100,1505,2508,25850000,18709
0,2585,25850000,25850100,1505,2508,25860000,18714
0,2586,25860000,25860100,1505,2508,25870000,18724
0,2587,25870000,25870100,1505,2508,25880000,18731
0,2588,25880000,25880100,1505,2508,25890000,18735
0,2589,25890000,25890100,1505,2508,25900000,18743
0,259,2590000,2590100,1505,2508,2600000,1872
0,2590,25900000,25900100,1505,2508,25910000,18755
0,2591,25910000,25910100,1505,2508,25920000,18756
0,2592,25920000,25920100,1505,2508,25930000,18769
0,2593,25930000,25930100,1505,2508,25940000,18774
0,2594,25940000,25940100,1505,2508,25950000,18777
0,2595,25950000,25950100,1505,2508,25960000,18788
0,2596,25960000,25960100,1505,2508,25970000,18797
0,2597,25970000,25970100,1505,2508,25980000,18801
0,2598,25980000,25980100,1505,2508,25990000,18811
0,2599,25990000,25990100,1505,2508,26000000,18816
0,26,260000,260100,1505,2508,270000,182
0,260,2600000,2600100,1505,2508,2610000,1879
0,2600,26000000,26000100,1505,2508,26010000,18823
0,2601,26010000,26010100,1505,2508,26020000,18832
0,2602,26020000,26020100,1505,2508,26030000,18841
0,2603,26030000,26030100,1505,2508,26040000,18842
0,2604,26040000,26040100,1505,2508,26050000,18854
0,2605,26050000,26050100,1505,2508,26060000,18862
0,2606,26060000,26060100,1505,2508,26070000,18865
0,2607,26070000,26070100,1505,2508,26080000,18876
0,2608,26080000,26080100,1505,2508,26090000,18884
0,2609,26090000,26090100,1505,2508,26100000,18885
0,261,2610000,2610100,1505,2508,2620000,1887
0,2610,26100000,26100100,1505,2508,26110000,18898
0,2611,26110000,26110100,1505,2508,26120000,18904
0,2612,26120000,26120100,1505,2508,26130000,18911
0,2613,26130000,26130100,1505,2508,26140000,18919
0,2614,26140000,26140100,1505,2508,26150000,18926
0,2615,26150000,26150100,1505,2508,26160000,18930
0,2616,26160000,26160100,1505,2508,26170000,18941
0,2617,26170000,26170100,1505,2508,26180000,18948
0,2618,26180000,26180100,1505,2508,26190000,18953
0,2619,26190000,26190100,1505,2508,26200000,18961
0,262,2620000,2620100,1505,2508,2630000,1896
0,2620,26200000,26200100,1505,2508,26210000,18972
0,2621,26210000,26210100,1505,2508,26220000,18973
0,2622,26220000,26220100,1505,2508,26230000,18985
0,2623,26230000,26230100,1505,2508,26240000,18991
0,2624,26240000,26240100,1505,2508,26250000,18995
0,2625,26250000,26250100,1505,2508,26260000,19007
0,2626,26260000,26260100,1505,2508,26270000,19014
0,2627,26270000,26270100,1505,2508,26280000,19017
0,2628,26280000,26280100,1505,2508,26290000,19028
0,2629,26290000,26290100,1505,2508,26300000,19034
0,263,2630000,2630100,1505,2508,2640000,1897
0,2630,26300000,26300100,1505,2508,26310000,19040
0,2631,26310000,26310100,1505,2508,26320000,19048
0,2632,26320000,26320100,1505,2508,26330000,19059
0,2633,26330000,26330100,1505,2508,26340000,19060
0,2634,26340000,26340100,1505,2508,26350000,19071
0,2635,26350000,26350100,1505,2508,26360000,19079
0,2636,26360000,26360100,1505,2508,26370000,19083
0,2637,26370000,26370100,1505,2508,26380000,19093
0,2638,26380000,26380100,1505,2508,26390000,19100
0,2639,26390000,26390100,1505,2508,26400000,19102
0,264,2640000,2640100,1505,2508,2650000,1909
0,2640,26400000,26400100,1505,2508,26410000,19117
0,2641,26410000,26410100,1505,2508,26420000,19122
0,2642,26420000,26420100,1505,2508,26430000,19127
0,2643,26430000,26430100,1505,2508,26440000,19135
0,2644,26440000,26440100,1505,2508,26450000,19143
0,2645,26450000,26450100,1505,2508,26460000,19148
0,2646,26460000,26460100,1505,2508,26470000,19159
0,2647,26470000,26470100,1505,2508,26480000,19166
0,2648,26480000,26480100,1505,2508,26490000,19170
0,2649,26490000,26490100,1505,2508,26500000,19178
0,265,2650000,2650100,1505,2508,2660000,1917
0,2650,26500000,26500100,1505,2508,26510000,19188
0,2651,26510000,26510100,1505,2508,26520000,19190
0,2652,26520000,26520100,1505,2508,26530000,19203
0,2653,26530000,26530100,1505,2508,26540000,19209
0,2654,26540000,26540100,1505,2508,26550000,19212
0,2655,26550000,26550100,1505,2508,26560000,19223
0,2656,26560000,26560100,1505,2508,26570000,19232
0,2657,26570000,26570100,1505,2508,26580000,19235
0,2658,26580000,26580100,1505,2508,26590000,19245
0,2659,26590000,26590100,1505,2508,26600000,19250
0,266,2660000,2660100,1505,2508,2670000,1921
0,2660,26600000,26600100,1505,2508,26610000,19258
0,2661,26610000,26610100,1505,2508,26620000,19266
0,2662,26620000,26620100,1505,2508,26630000,19276
0,2663,26630000,26630100,1505,2508,26640000,19277
0,2664,26640000,26640100,1505,2508,26650000,19288
0,2665,26650000,26650100,1505,2508,26660000,19296
0,2666,26660000,26660100,1505,2508,26670000,19299
0,2667,26670000,26670100,1505,2508,26680000,19311
0,2668,26680000,26680100,1505,2508,26690000,19319
0,2669,26690000,26690100,1505,2508,26700000,19320
0,267,2670000,2670100,1505,2508,2680000,1931
0,2670,26700000,26700100,1505,2508,26710000,19333
0,2671,26710000,26710100,1505,2508,26720000,19338
0,2672,26720000,26720100,1505,2508,26730000,19344
0,2673,26730000,26730100,1505,2508,26740000,19353
0,2674,26740000,26740100,1505,2508,26750000,19361
0,2675,26750000,26750100,1505,2508,26760000,19365
0,2676,26760000,26760100,1505,2508,26770000,19376
0,2677,26770000,26770100,1505,2508,26780000,19383
0,2678,26780000,26780100,1505,2508,26790000,19387
0,2679,26790000,26790100,1505,2508,26800000,19395
0,268,2680000,2680100,1505,2508,2690000,1939
0,2680,26800000,26800100,1505,2508,26810000,19406
0,2681,26810000,26810100,1505,2508,26820000,19408
0,2682,26820000,26820100,1505,2508,26830000,19420
0,2683,26830000,26830100,1505,2508,26840000,19425
0,2684,26840000,26840100,1505,2508,26850000,19430
0,2685,26850000,26850100,1505,2508,26860000,19441
0,2686,26860000,26860100,1505,2508,26870000,19448
0,2687,26870000,26870100,1505,2508,26880000,19451
0,2688,26880000,26880100,1505,2508,26890000,19463
0,2689,26890000,26890100,1505,2508,26900000,19469
0,269,2690000,2690100,1505,2508,2700000,1941
0,2690,26900000,26900100,1505,2508,26910000,19475
0,2691,26910000,26910100,1505,2508,26920000,19483
0,2692,26920000,26920100,1505,2508,26930000,19493
0,2693,26930000,26930100,1505,2508,26940000,19494
0,2694,26940000,26940100,1505,2508,26950000,19504
0,2695,26950000,26950100,1505,2508,26960000,19514
0,2696,26960000,26960100,1505,2508,26970000,19518
0,2697,26970000,26970100,1505,2508,26980000,19528
0,2698,26980000,26980100,1505,2508,26990000,19535
0,2699,26990000,26990100,1505,2508,27000000,19536
0,27,270000,270100,1505,2508,280000,193
0,270,2700000,2700100,1505,2508,2710000,1954
0,2700,27000000,27000100,1505,2508,27010000,19551
0,2701,27010000,27010100,1505,2508,27020000,19556
0,2702,27020000,27020100,1505,2508,27030000,19562
0,2703,27030000,27030100,1505,2508,27040000,19570
0,2704,27040000,27040100,1505,2508,27050000,19578
0,2705,27050000,27050100,1505,2508,27060000,19582
0,2706,27060000,27060100,1505,2508,27070000,19593
0,2707,27070000,27070100,1505,2508,27080000,19600
0,2708,27080000,27080100,1505,2508,27090000,19604
0,2709,27090000,27090100,1505,2508,27100000,19613
0,271,2710000,2710100,1505,2508,2720000,1959
0,2710,27100000,27100100,1505,2508,27110000,19623
0,2711,27110000,27110100,1505,2508,27120000,19625
0,2712,27120000,27120100,1505,2508,27130000,19638
0,2713,27130000,27130100,1505,2508,27140000,19643
0,2714,27140000,27140100,1505,2508,27150000,19646
0,2715,27150000,27150100,1505,2508,27160000,19657
0,2716,27160000,27160100,1505,2508,27170000,19666
0,2717,27170000,27170100,1505,2508,27180000,19670
0,2718,27180000,27180100,1505,2508,27190000,19680
0,2719,27190000,27190100,1505,2508,27200000,19685
0,272,2720000,2720100,1505,2508,2730000,1965
0,2720,27200000,27200100,1505,2508,27210000,19692
0,2721,27210000,27210100,1505,2508,27220000,19700
0,2722,27220000,27220100,1505,2508,27230000,19710
0,2723,27230000,27230100,1505,2508,27240000,19712
0,2724,27240000,27240100,1505,2508,27250000,19723
0,2725,27250000,27250100,1505,2508,27260000,19731
0,2726,27260000,27260100,1505,2508,27270000,19734
0,2727,27270000,27270100,1505,2508,27280000,19744
0,2728,27280000,27280100,1505,2508,27290000,19753
0,2729,27290000,27290100,1505,2508,27300000,19754
0,273,2730000,2730100,1505,2508,2740000,1974
0,2730,27300000,27300100,1505,2508,27310000,19768
0,2731,27310000,27310100,1505,2508,27320000,19773
0,2732,27320000,27320100,1505,2508,27330000,19779
0,2733,27330000,27330100,1505,2508,27340000,19788
0,2734,27340000,27340100,1505,2508,27350000,19795
0,2735,27350000,27350100,1505,2508,27360000,19799
0,2736,27360000,27360100,1505,2508,27370000,19810
0,2737,27370000,27370100,1505,2508,27380000,19818
0,2738,27380000,27380100,1505,2508,27390000,19821
0,2739,27390000,27390100,1505,2508,27400000,19830
0,274,2740000,2740100,1505,2508,2750000,1981
0,2740,27400000,27400100,1505,2508,27410000,19841
0,2741,27410000,27410100,1505,2508,27420000,19842
0,2742,27420000,27420100,1505,2508,27430000,19854
0,2743,27430000,27430100,1505,2508,27440000,19859
0,2744,27440000,27440100,1505,2508,27450000,19865
0,2745,27450000,27450100,1505,2508,27460000,19876
0,2746,27460000,27460100,1505,2508,27470000,19883
0,2747,27470000,27470100,1505,2508,27480000,19886
0,2748,27480000,27480100,1505,2508,27490000,19897
0,2749,27490000,27490100,1505,2508,27500000,19902
0,275,2750000,2750100,1505,2508,2760000,1986
0,2750,27500000,27500100,1505,2508,27510000,19909
0,2751,27510000,27510100,1505,2508,27520000,19918
0,2752,27520000,27520100,1505,2508,27530000,19928
0,2753,27530000,27530100,1505,2508,27540000,19929
0,2754,27540000,27540100,1505,2508,27550000,19939
0,2755,27550000,27550100,1505,2508,27560000,19948
0,2756,27560000,27560100,1505,2508,27570000,19952
0,2757,27570000,27570100,1505,2508,27580000,19962
0,2758,27580000,27580100,1505,2508,27590000,19970
0,2759,27590000,27590100,1505,2508,27600000,19971
0,276,2760000,2760100,1505,2508,2770000,1997
0,2760,27600000,27600100,1505,2508,27610000,19985
0,2761,27610000,27610100,1505,2508,27620000,19991
0,2762,27620000,27620100,1505,2508,27630000,19996
0,2763,27630000,27630100,1505,2508,27640000,20004
0,2764,27640000,27640100,1505,2508,27650000,20012
0,2765,27650000,27650100,1505,2508,27660000,20017
0,2766,27660000,27660100,1505,2508,27670000,20028
0,2767,27670000,27670100,1505,2508,27680000,20035
0,2768,27680000,27680100,1505,2508,27690000,20039
0,2769,27690000,27690100,1505,2508,27700000,20047
0,277,2770000,2770100,1505,2508,2780000,2004
0,2770,27700000,27700100,1505,2508,27710000,20057
0,2771,27710000,27710100,1505,2508,27720000,20058
0,2772,27720000,27720100,1505,2508,27730000,20073
0,2773,27730000,27730100,1505,2508,27740000,20078
0,2774,27740000,27740100,1505,2508,27750000,20081
0,2775,27750000,27750100,1505,2508,27760000,20092
0,2776,27760000,27760100,1505,2508,27770000,20100
0,2777,27770000,27770100,1505,2508,27780000,20104
0,2778,27780000,27780100,1505,2508,27790000,20114
0,2779,27790000,27790100,1505,2508,27800000,20120
0,278,2780000,2780100,1505,2508,2790000,2007
0,2780,27800000,27800100,1505,2508,27810000,20127
0,2781,27810000,27810100,1505,2508,27820000,20135
0,2782,27820000,27820100,1505,2508,27830000,20144
0,2783,27830000,27830100,1505,2508,27840000,20146
0,2784,27840000,27840100,1505,2508,27850000,20157
0,2785,27850000,27850100,1505,2508,27860000,20165
0,2786,27860000,27860100,1505,2508,27870000,20169
0,2787,27870000,27870100,1505,2508,27880000,20179
0,2788,27880000,27880100,1505,2508,27890000,20188
0,2789,27890000,27890100,1505,2508,27900000,20189
0,279,2790000,2790100,1505,2508,2800000,2015
0,2790,27900000,27900100,1505,2508,27910000,20202
0,2791,27910000,27910100,1505,2508,27920000,20207
0,2792,27920000,27920100,1505,2508,27930000,20213
0,2793,27930000,27930100,1505,2508,27940000,20222
0,2794,27940000,27940100,1505,2508,27950000,20230
0,2795,27950000,27950100,1505,2508,27960000,20234
0,2796,27960000,27960100,1505,2508,27970000,20245
0,2797,27970000,27970100,1505,2508,27980000,20252
0,2798,27980000,27980100,1505,2508,27990000,20255
0,2799,27990000,27990100,1505,2508,28000000,20264
0,28,280000,280100,1505,2508,290000,202
0,280,2800000,2800100,1505,2508,2810000,2028
0,2800,28000000,28000100,1505,2508,28010000,20276
0,2801,28010000,28010100,1505,2508,28020000,20277
0,2802,28020000,28020100,1505,2508,28030000,20289
0,2803,28030000,28030100,1505,2508,28040000,20294
0,2804,28040000,28040100,1505,2508,28050000,20298
0,2805,28050000,28050100,1505,2508,28060000,20310
0,2806,28060000,28060100,1505,2508,28070000,20317
0,2807,28070000,28070100,1505,2508,28080000,20321
0,2808,28080000,28080100,1505,2508,28090000,20332
0,2809,28090000,28090100,1505,2508,28100000,20337
0,281,2810000,2810100,1505,2508,2820000,2029
0,2810,28100000,28100100,1505,2508,28110000,20344
0,2811,28110000,28110100,1505,2508,28120000,20352
0,2812,28120000,28120100,1505,2508,28130000,20362
0,2813,28130000,28130100,1505,2508,28140000,20363
0,2814,28140000,28140100,1505,2508,28150000,20374
0,2815,28150000,28150100,1505,2508,28160000,20382
0,2816,28160000,28160100,1505,2508,28170000,20387
0,2817,28170000,28170100,1505,2508,28180000,20397
0,2818,28180000,28180100,1505,2508,28190000,20404
0,2819,28190000,28190100,1505,2508,28200000,20405
0,282,2820000,2820100,1505,2508,2830000,2041
0,2820,28200000,28200100,1505,2508,28210000,20419
0,2821,28210000,28210100,1505,2508,28220000,20426
0,2822,28220000,28220100,1505,2508,28230000,20431
0,2823,28230000,28230100,1505,2508,28240000,20439
0,2824,28240000,28240100,1505,2508,28250000,20447
0,2825,28250000,28250100,1505,2508,28260000,20451
0,2826,28260000,28260100,1505,2508,28270000,20461
0,2827,28270000,28270100,1505,2508,28280000,20469
0,2828,28280000,28280100,1505,2508,28290000,20474
0,2829,28290000,28290100,1505,2508,28300000,20482
0,283,2830000,2830100,1505,2508,2840000,2046
0,2830,28300000,28300100,1505,2508,28310000,20492
0,2831,28310000,28310100,1505,2508,28320000,20493
0,2832,28320000,28320100,1505,2508,28330000,20507
0,2833,28330000,28330100,1505,2508,28340000,20512
0,2834,28340000,28340100,1505,2508,28350000,20515
0,2835,28350000,28350100,1505,2508,28360000,20527
0,2836,28360000,28360100,1505,2508,28370000,20535
0,2837,28370000,28370100,1505,2508,28380000,20538
0,2838,28380000,28380100,1505,2508,28390000,20549
0,2839,28390000,28390100,1505,2508,28400000,20554
0,284,2840000,2840100,1505,2508,2850000,2050
0,2840,28400000,28400100,1505,2508,28410000,20561
0,2841,28410000,28410100,1505,2508,28420000,20569
0,2842,28420000,28420100,1505,2508,28430000,20579
0,2843,28430000,28430100,1505,2508,28440000,20581
0,2844,28440000,28440100,1505,2508,28450000,20592
0,2845,28450000,28450100,1505,2508,28460000,20600
0,2846,28460000,28460100,1505,2508,28470000,20603
0,2847,28470000,28470100,1505,2508,28480000,20613
0,2848,28480000,28480100,1505,2508,28490000,20621
0,2849,28490000,28490100,1505,2508,28500000,20624
0,285,2850000,2850100,1505,2508,2860000,2061
0,2850,28500000,28500100,1505,2508,28510000,20637
0,2851,28510000,28510100,1505,2508,28520000,20642
0,2852,28520000,28520100,1505,2508,28530000,20648
0,2853,28530000,28530100,1505,2508,28540000,20656
0,2854,28540000,28540100,1505,2508,28550000,20664
0,2855,28550000,28550100,1505,2508,28560000,20668
0,2856,28560000,28560100,1505,2508,28570000,20680
0,2857,28570000,28570100,1505,2508,28580000,20687
0,2858,28580000,28580100,1505,2508,28590000,20690
0,2859,28590000,28590100,1505,2508,28600000,20698
0,286,2860000,2860100,1505,2508,2870000,2069
0,2860,28600000,28600100,1505,2508,28610000,20710
0,2861,28610000,28610100,1505,2508,28620000,20711
0,2862,28620000,28620100,1505,2508,28630000,20723
0,2863,28630000,28630100,1505,2508,28640000,20729
0,2864,28640000,28640100,1505,2508,28650000,20733
0,2865,28650000,28650100,1505,2508,28660000,20745
0,2866,28660000,28660100,1505,2508,28670000,20752
0,2867,28670000,28670100,1505,2508,28680000,20755
0,2868,28680000,28680100,1505,2508,28690000,20766
0,2869,28690000,28690100,1505,2508,28700000,20771
0,287,2870000,2870100,1505,2508,2880000,2073
0,2870,28700000,28700100,1505,2508,28710000,20778
0,2871,28710000,28710100,1505,2508,28720000,20787
0,2872,28720000,28720100,1505,2508,28730000,20797
0,2873,28730000,28730100,1505,2508,28740000,20798
0,2874,28740000,28740100,1505,2508,28750000,20808
0,2875,28750000,28750100,1505,2508,28760000,20816
0,2876,28760000,28760100,1505,2508,28770000,20821
0,2877,28770000,28770100,1505,2508,28780000,20832
0,2878,28780000,28780100,1505,2508,28790000,20839
0,2879,28790000,28790100,1505,2508,28800000,20840
0,288,2880000,2880100,1505,2508,2890000,2084
0,2880,28800000,28800100,1505,2508,28810000,20854
0,2881,28810000,28810100,1505,2508,28820000,20859
0,2882,28820000,28820100,1505,2508,28830000,20865
0,2883,28830000,28830100,1505,2508,28840000,20873
0,2884,28840000,28840100,1505,2508,28850000,20882
0,2885,28850000,28850100,1505,2508,28860000,20886
0,2886,28860000,28860100,1505,2508,28870000,20896
0,2887,28870000,28870100,1505,2508,28880000,20904
0,2888,28880000,28880100,1505,2508,28890000,20908
0,2889,28890000,28890100,1505,2508,28900000,20916
0,289,2890000,2890100,1505,2508,2900000,2089
0,2890,28900000,28900100,1505,2508,28910000,20926
0,2891,28910000,28910100,1505,2508,28920000,20928
0,2892,28920000,28920100,1505,2508,28930000,20941
0,2893,28930000,28930100,1505,2508,28940000,20947
0,2894,28940000,28940100,1505,2508,28950000,20950
0,2895,28950000,28950100,1505,2508,28960000,20961
0,2896,28960000,28960100,1505,2508,28970000,20969
0,2897,28970000,28970100,1505,2508,28980000,20972
0,2898,28980000,28980100,1505,2508,28990000,20984
0,2899,28990000,28990100,1505,2508,29000000,20989
0,29,290000,290100,1505,2508,300000,203
0,290,2900000,2900100,1505,2508,2910000,2095
0,2900,29000000,29000100,1505,2508,29010000,20996
0,2901,29010000,29010100,1505,2508,29020000,21004
0,2902,29020000,29020100,1505,2508,29030000,21013
0,2903,29030000,29030100,1505,2508,29040000,21014
0,2904,29040000,29040100,1505,2508,29050000,21026
0,2905,29050000,29050100,1505,2508,29060000,21035
0,2906,29060000,29060100,1505,2508,29070000,21038
0,2907,29070000,29070100,1505,2508,29080000,21048
0,2908,29080000,29080100,1505,2508,29090000,21056
0,2909,29090000,29090100,1505,2508,29100000,21058
0,291,2910000,2910100,1505,2508,2920000,2104
0,2910,29100000,29100100,1505,2508,29110000,21071
0,2911,29110000,29110100,1505,2508,29120000,21076
0,2912,29120000,29120100,1505,2508,29130000,21083
0,2913,29130000,29130100,1505,2508,29140000,21091
0,2914,29140000,29140100,1505,2508,29150000,21098
0,2915,29150000,29150100,1505,2508,29160000,21103
0,2916,29160000,29160100,1505,2508,29170000,21114
0,2917,29170000,29170100,1505,2508,29180000,21121
0,2918,29180000,29180100,1505,2508,29190000,21124
0,2919,29190000,29190100,1505,2508,29200000,21133
0,292,2920000,2920100,1505,2508,2930000,2114
0,2920,29200000,29200100,1505,2508,29210000,21145
0,2921,29210000,29210100,1505,2508,29220000,21146
0,2922,29220000,29220100,1505,2508,29230000,21158
0,2923,29230000,29230100,1505,2508,29240000,21163
0,2924,29240000,29240100,1505,2508,29250000,21167
0,2925,29250000,29250100,1505,2508,29260000,21178
0,2926,29260000,29260100,1505,2508,29270000,21187
0,2927,29270000,29270100,1505,2508,29280000,21190
0,2928,29280000,29280100,1505,2508,29290000,21201
0,2929,29290000,29290100,1505,2508,29300000,21206
0,293,2930000,2930100,1505,2508,2940000,2115
0,2930,29300000,29300100,1505,2508,29310000,21212
0,2931,29310000,29310100,1505,2508,29320000,21221
0,2932,29320000,29320100,1505,2508,29330000,21231
0,2933,29330000,29330100,1505,2508,29340000,21233
0,2934,29340000,29340100,1505,2508,29350000,21243
0,2935,29350000,29350100,1505,2508,29360000,21251
0,2936,29360000,29360100,1505,2508,29370000,21255
0,2937,29370000,29370100,1505,2508,29380000,21266
0,2938,29380000,29380100,1505,2508,29390000,21273
0,2939,29390000,29390100,1505,2508,29400000,21274
0,294,2940000,2940100,1505,2508,2950000,2126
0,2940,29400000,29400100,1505,2508,29410000,21289
0,2941,29410000,29410100,1505,2508,29420000,21294
0,2942,29420000,29420100,1505,2508,29430000,21300
0,2943,29430000,29430100,1505,2508,29440000,21308
0,2944,29440000,29440100,1505,2508,29450000,21316
0,2945,29450000,29450100,1505,2508,29460000,21320
0,2946,29460000,29460100,1505,2508,29470000,21330
0,2947,29470000,29470100,1505,2508,29480000,21338
0,2948,29480000,29480100,1505,2508,29490000,21343
0,2949,29490000,29490100,1505,2508,29500000,21351
0,295,2950000,2950100,1505,2508,2960000,2134
0,2950,29500000,29500100,1505,2508,29510000,21361
0,2951,29510000,29510100,1505,2508,29520000,21362
0,2952,29520000,29520100,1505,2508,29530000,21375
0,2953,29530000,29530100,1505,2508,29540000,21381
0,2954,29540000,29540100,1505,2508,29550000,21385
0,2955,29550000,29550100,1505,2508,29560000,21396
0,2956,29560000,29560100,1505,2508,29570000,21404
0,2957,29570000,29570100,1505,2508,29580000,21407
0,2958,29580000,29580100,1505,2508,29590000,21417
0,2959,29590000,29590100,1505,2508,29600000,21423
0,296,2960000,2960100,1505,2508,2970000,2138
0,2960,29600000,29600100,1505,2508,29610000,21430
0,2961,29610000,29610100,1505,2508,29620000,21439
0,2962,29620000,29620100,1505,2508,29630000,21448
0,2963,29630000,29630100,1505,2508,29640000,21449
0,2964,29640000,29640100,1505,2508,29650000,21461
0,2965,29650000,29650100,1505,2508,29660000,21469
0,2966,29660000,29660100,1505,2508,29670000,21472
0,2967,29670000,29670100,1505,2508,29680000,21482
0,2968,29680000,29680100,1505,2508,29690000,21491
0,2969,29690000,29690100,1505,2508,29700000,21492
0,297,2970000,2970100,1505,2508,2980000,2149
0,2970,29700000,29700100,1505,2508,29710000,21506
0,2971,29710000,29710100,1505,2508,29720000,21511
0,2972,29720000,29720100,1505,2508,29730000,21517
0,2973,29730000,29730100,1505,2508,29740000,21525
0,2974,29740000,29740100,1505,2508,29750000,21532
0,2975,29750000,29750100,1505,2508,29760000,21538
0,2976,29760000,29760100,1505,2508,29770000,21549
0,2977,29770000,29770100,1505,2508,29780000,21556
0,2978,29780000,29780100,1505,2508,29790000,21559
0,2979,29790000,29790100,1505,2508,29800000,21567
0,298,2980000,2980100,1505,2508,2990000,2156
0,2980,29800000,29800100,1505,2508,29810000,21578
0,2981,29810000,29810100,1505,2508,29820000,21580
0,2982,29820000,29820100,1505,2508,29830000,21593
0,2983,29830000,29830100,1505,2508,29840000,21598
0,2984,29840000,29840100,1505,2508,29850000,21602
0,2985,29850000,29850100,1505,2508,29860000,21613
0,2986,29860000,29860100,1505,2508,29870000,21621
0,2987,29870000,29870100,1505,2508,29880000,21624
0,2988,29880000,29880100,1505,2508,29890000,21635
0,2989,29890000,29890100,1505,2508,29900000,21641
0,299,2990000,2990100,1505,2508,3000000,2157
0,2990,29900000,29900100,1505,2508,29910000,21647
0,2991,29910000,29910100,1505,2508,29920000,21655
0,2992,29920000,29920100,1505,2508,29930000,21666
0,2993,29930000,29930100,1505,2508,29940000,21667
0,2994,29940000,29940100,1505,2508,29950000,21677
0,2995,29950000,29950100,1505,2508,29960000,21685
0,2996,29960000,29960100,1505,2508,29970000,21690
0,2997,29970000,29970100,1505,2508,29980000,21701
0,2998,29980000,29980100,1505,2508,29990000,21708
0,2999,29990000,29990100,1505,2508,30000000,21709
0,3,30000,30100,1505,2508,40000,18
0,30,300000,300100,1505,2508,310000,216
0,300,3000000,3000100,1505,2508,3010000,2171
0,3000,30000000,30000100,1505,2508,30010000,21723
0,3001,30010000,30010100,1505,2508,30020000,21728
0,3002,30020000,30020100,1505,2508,30030000,21733
0,3003,30030000,30030100,1505,2508,30040000,21743
0,3004,30040000,30040100,1505,2508,30050000,21751
0,3005,30050000,30050100,1505,2508,30060000,21755
0,3006,30060000,30060100,1505,2508,30070000,21765
0,3007,30070000,30070100,1505,2508,30080000,21772
0,3008,30080000,30080100,1505,2508,30090000,21777
0,3009,30090000,30090100,1505,2508,30100000,21785
0,301,3010000,3010100,1505,2508,3020000,2177
0,3010,30100000,30100100,1505,2508,30110000,21796
0,3011,30110000,30110100,1505,2508,30120000,21797
0,3012,30120000,30120100,1505,2508,30130000,21810
0,3013,30130000,30130100,1505,2508,30140000,21815
0,3014,30140000,30140100,1505,2508,30150000,21819
0,3015,30150000,30150100,1505,2508,30160000,21830
0,3016,30160000,30160100,1505,2508,30170000,21838
0,3017,30170000,30170100,1505,2508,30180000,21842
0,3018,30180000,30180100,1505,2508,30190000,21852
0,3019,30190000,30190100,1505,2508,30200000,21858
0,302,3020000,3020100,1505,2508,3030000,2183
0,3020,30200000,30200100,1505,2508,30210000,21865
0,3021,30210000,30210100,1505,2508,30220000,21873
0,3022,30220000,30220100,1505,2508,30230000,21882
0,3023,30230000,30230100,1505,2508,30240000,21883
0,3024,30240000,30240100,1505,2508,30250000,21895
0,3025,30250000,30250100,1505,2508,30260000,21904
0,3026,30260000,30260100,1505,2508,30270000,21907
0,3027,30270000,30270100,1505,2508,30280000,21917
0,3028,30280000,30280100,1505,2508,30290000,21925
0,3029,30290000,30290100,1505,2508,30300000,21926
0,303,3030000,3030100,1505,2508,3040000,2191
0,3030,30300000,30300100,1505,2508,30310000,21940
0,3031,30310000,30310100,1505,2508,30320000,21946
0,3032,30320000,30320100,1505,2508,30330000,21952
0,3033,30330000,30330100,1505,2508,30340000,21960
0,3034,30340000,30340100,1505,2508,30350000,21967
0,3035,30350000,30350100,1505,2508,30360000,21971
0,3036,30360000,30360100,1505,2508,30370000,21983
0,3037,30370000,30370100,1505,2508,30380000,21990
0,3038,30380000,30380100,1505,2508,30390000,21994
0,3039,30390000,30390100,1505,2508,30400000,22002
0,304,3040000,3040100,1505,2508,3050000,2199
0,3040,30400000,30400100,1505,2508,30410000,22013
0,3041,30410000,30410100,1505,2508,30420000,22015
0,3042,30420000,30420100,1505,2508,30430000,22027
0,3043,30430000,30430100,1505,2508,30440000,22032
0,3044,30440000,30440100,1505,2508,30450000,22036
0,3045,30450000,30450100,1505,2508,30460000,22048
0,3046,30460000,30460100,1505,2508,30470000,22055
0,3047,30470000,30470100,1505,2508,30480000,22059
0,3048,30480000,30480100,1505,2508,30490000,22070
0,3049,30490000,30490100,1505,2508,30500000,22075
0,305,3050000,3050100,1505,2508,3060000,2203
0,3050,30500000,30500100,1505,2508,30510000,22081
0,3051,30510000,30510100,1505,2508,30520000,22089
0,3052,30520000,30520100,1505,2508,30530000,22101
0,3053,30530000,30530100,1505,2508,30540000,22102
0,3054,30540000,30540100,1505,2508,30550000,22112
0,3055,30550000,30550100,1505,2508,30560000,22120
0,3056,30560000,30560100,1505,2508,30570000,22124
0,3057,30570000,30570100,1505,2508,30580000,22134
0,3058,30580000,30580100,1505,2508,30590000,22142
0,3059,30590000,30590100,1505,2508,30600000,22144
0,306,3060000,3060100,1505,2508,3070000,2213
0,3060,30600000,30600100,1505,2508,30610000,22158
0,3061,30610000,30610100,1505,2508,30620000,22163
0,3062,30620000,30620100,1505,2508,30630000,22168
0,3063,30630000,30630100,1505,2508,30640000,22177
0,3064,30640000,30640100,1505,2508,30650000,22185
0,3065,30650000,30650100,1505,2508,30660000,22189
0,3066,30660000,30660100,1505,2508,30670000,22200
0,3067,30670000,30670100,1505,2508,30680000,22207
0,3068,30680000,30680100,1505,2508,30690000,22211
0,3069,30690000,30690100,1505,2508,30700000,22220
0,307,3070000,3070100,1505,2508,3080000,2220
0,3070,30700000,30700100,1505,2508,30710000,22230
0,3071,30710000,30710100,1505,2508,30720000,22231
0,3072,30720000,30720100,1505,2508,30730000,22244
0,3073,30730000,30730100,1505,2508,30740000,22250
0,3074,30740000,30740100,1505,2508,30750000,22254
0,3075,30750000,30750100,1505,2508,30760000,22265
0,3076,30760000,30760100,1505,2508,30770000,22273
0,3077,30770000,30770100,1505,2508,30780000,22276
0,3078,30780000,30780100,1505,2508,30790000,22286
0,3079,30790000,30790100,1505,2508,30800000,22291
0,308,3080000,3080100,1505,2508,3090000,2226
0,3080,30800000,30800100,1505,2508,30810000,22300
0,3081,30810000,30810100,1505,2508,30820000,22308
0,3082,30820000,30820100,1505,2508,30830000,22317
0,3083,30830000,30830100,1505,2508,30840000,22318
0,3084,30840000,30840100,1505,2508,30850000,22329
0,3085,30850000,30850100,1505,2508,30860000,22338
0,3086,30860000,30860100,1505,2508,30870000,22341
0,3087,30870000,30870100,1505,2508,30880000,22352
0,3088,30880000,30880100,1505,2508,30890000,22360
0,3089,30890000,30890100,1505,2508,30900000,22361
0,309,3090000,3090100,1505,2508,3100000,2234
0,3090,30900000,30900100,1505,2508,30910000,22374
0,3091,30910000,30910100,1505,2508,30920000,22380
0,3092,30920000,30920100,1505,2508,30930000,22386
0,3093,30930000,30930100,1505,2508,30940000,22394
0,3094,30940000,30940100,1505,2508,30950000,22402
0,3095,30950000,30950100,1505,2508,30960000,22406
0,3096,30960000,30960100,1505,2508,30970000,22418
0,3097,30970000,30970100,1505,2508,30980000,22425
0,3098,30980000,30980100,1505,2508,30990000,22428
0,3099,30990000,30990100,1505,2508,31000000,22436
0,31,310000,310100,1505,2508,320000,221
0,310,3100000,3100100,1505,2508,3110000,2244
0,3100,31000000,31000100,1505,2508,31010000,22447
0,3101,31010000,31010100,1505,2508,31020000,22449
0,3102,31020000,31020100,1505,2508,31030000,22462
0,3103,31030000,31030100,1505,2508,31040000,22467
0,3104,31040000,31040100,1505,2508,31050000,22471
0,3105,31050000,31050100,1505,2508,31060000,22482
0,3106,31060000,31060100,1505,2508,31070000,22489
0,3107,31070000,31070100,1505,2508,31080000,22493
0,3108,31080000,31080100,1505,2508,31090000,22505
0,3109,31090000,31090100,1505,2508,31100000,22510
0,311,3110000,3110100,1505,2508,3120000,2245
0,3110,31100000,31100100,1505,2508,31110000,22516
0,3111,31110000,31110100,1505,2508,31120000,22524
0,3112,31120000,31120100,1505,2508,31130000,22534
0,3113,31130000,31130100,1505,2508,31140000,22536
0,3114,31140000,31140100,1505,2508,31150000,22546
0,3115,31150000,31150100,1505,2508,31160000,22555
0,3116,31160000,31160100,1505,2508,31170000,22559
0,3117,31170000,31170100,1505,2508,31180000,22569
0,3118,31180000,31180100,1505,2508,31190000,22577
0,3119,31190000,31190100,1505,2508,31200000,22578
0,312,3120000,3120100,1505,2508,3130000,2258
0,3120,31200000,31200100,1505,2508,31210000,22592
0,3121,31210000,31210100,1505,2508,31220000,22597
0,3122,31220000,31220100,1505,2508,31230000,22603
0,3123,31230000,31230100,1505,2508,31240000,22611
0,3124,31240000,31240100,1505,2508,31250000,22620
0,3125,31250000,31250100,1505,2508,31260000,22624
0,3126,31260000,31260100,1505,2508,31270000,22634
0,3127,31270000,31270100,1505,2508,31280000,22641
0,3128,31280000,31280100,1505,2508,31290000,22645
0,3129,31290000,31290100,1505,2508,31300000,22655
0,313,3130000,3130100,1505,2508,3140000,2264
0,3130,31300000,31300100,1505,2508,31310000,22665
0,3131,31310000,31310100,1505,2508,31320000,22666
0,3132,31320000,31320100,1505,2508,31330000,22679
0,3133,31330000,31330100,1505,2508,31340000,22684
0,3134,31340000,31340100,1505,2508,31350000,22687
0,3135,31350000,31350100,1505,2508,31360000,22699
0,3136,31360000,31360100,1505,2508,31370000,22708
0,3137,31370000,31370100,1505,2508,31380000,22711
0,3138,31380000,31380100,1505,2508,31390000,22721
0,3139,31390000,31390100,1505,2508,31400000,22726
0,314,3140000,3140100,1505,2508,3150000,2267
0,3140,31400000,31400100,1505,2508,31410000,22734
0,3141,31410000,31410100,1505,2508,31420000,22742
0,3142,31420000,31420100,1505,2508,31430000,22751
0,3143,31430000,31430100,1505,2508,31440000,22753
0,3144,31440000,31440100,1505,2508,31450000,22764
0,3145,31450000,31450100,1505,2508,31460000,22772
0,3146,31460000,31460100,1505,2508,31470000,22776
0,3147,31470000,31470100,1505,2508,31480000,22786
0,3148,31480000,31480100,1505,2508,31490000,22794
0,3149,31490000,31490100,1505,2508,31500000,22795
0,315,3150000,3150100,1505,2508,3160000,2279
0,3150,31500000,31500100,1505,2508,31510000,22809
0,3151,31510000,31510100,1505,2508,31520000,22815
0,3152,31520000,31520100,1505,2508,31530000,22821
0,3153,31530000,31530100,1505,2508,31540000,22829
0,3154,31540000,31540100,1505,2508,31550000,22836
0,3155,31550000,31550100,1505,2508,31560000,22840
0,3156,31560000,31560100,1505,2508,31570000,22851
0,3157,31570000,31570100,1505,2508,31580000,22860
0,3158,31580000,31580100,1505,2508,31590000,22863
0,3159,31590000,31590100,1505,2508,31600000,22871
0,316,3160000,3160100,1505,2508,3170000,2287
0,3160,31600000,31600100,1505,2508,31610000,22882
0,3161,31610000,31610100,1505,2508,31620000,22883
0,3162,31620000,31620100,1505,2508,31630000,22896
0,3163,31630000,31630100,1505,2508,31640000,22901
0,3164,31640000,31640100,1505,2508,31650000,22906
0,3165,31650000,31650100,1505,2508,31660000,22917
0,3166,31660000,31660100,1505,2508,31670000,22924
0,3167,31670000,31670100,1505,2508,31680000,22927
0,3168,31680000,31680100,1505,2508,31690000,22939
0,3169,31690000,31690100,1505,2508,31700000,22944
0,317,3170000,3170100,1505,2508,3180000,2290
0,3170,31700000,31700100,1505,2508,31710000,22950
0,3171,31710000,31710100,1505,2508,31720000,22959
0,3172,31720000,31720100,1505,2508,31730000,22969
0,3173,31730000,31730100,1505,2508,31740000,22971
0,3174,31740000,31740100,1505,2508,31750000,22981
0,3175,31750000,31750100,1505,2508,31760000,22989
0,3176,31760000,31760100,1505,2508,31770000,22993
0,3177,31770000,31770100,1505,2508,31780000,23003
0,3178,31780000,31780100,1505,2508,31790000,23011
0,3179,31790000,31790100,1505,2508,31800000,23013
0,318,3180000,3180100,1505,2508,3190000,2300
0,3180,31800000,31800100,1505,2508,31810000,23027
0,3181,31810000,31810100,1505,2508,31820000,23032
0,3182,31820000,31820100,1505,2508,31830000,23037
0,3183,31830000,31830100,1505,2508,31840000,23045
0,3184,31840000,31840100,1505,2508,31850000,23054
0,3185,31850000,31850100,1505,2508,31860000,23059
0,3186,31860000,31860100,1505,2508,31870000,23069
0,3187,31870000,31870100,1505,2508,31880000,23076
0,3188,31880000,31880100,1505,2508,31890000,23080
0,3189,31890000,31890100,1505,2508,31900000,23088
0,319,3190000,3190100,1505,2508,3200000,2306
0,3190,31900000,31900100,1505,2508,31910000,23099
0,3191,31910000,31910100,1505,2508,31920000,23100
0,3192,31920000,31920100,1505,2508,31930000,23114
0,3193,31930000,31930100,1505,2508,31940000,23119
0,3194,31940000,31940100,1505,2508,31950000,23122
0,3195,31950000,31950100,1505,2508,31960000,23134
0,3196,31960000,31960100,1505,2508,31970000,23142
0,3197,31970000,31970100,1505,2508,31980000,23145
0,3198,31980000,31980100,1505,2508,31990000,23155
0,3199,31990000,31990100,1505,2508,32000000,23161
0,32,320000,320100,1505,2508,330000,227
0,320,3200000,3200100,1505,2508,3210000,2313
0,3200,32000000,32000100,1505,2508,32010000,23168
0,3201,32010000,32010100,1505,2508,32020000,23177
0,3202,32020000,32020100,1505,2508,32030000,23186
0,3203,32030000,32030100,1505,2508,32040000,23187
0,3204,32040000,32040100,1505,2508,32050000,23198
0,3205,32050000,32050100,1505,2508,32060000,23206
0,3206,32060000,32060100,1505,2508,32070000,23211
0,3207,32070000,32070100,1505,2508,32080000,23221
0,3208,32080000,32080100,1505,2508,32090000,23229
0,3209,32090000,32090100,1505,2508,32100000,23230
0,321,3210000,3210100,1505,2508,3220000,2321
0,3210,32100000,32100100,1505,2508,32110000,23243
0,3211,32110000,32110100,1505,2508,32120000,23248
0,3212,32120000,32120100,1505,2508,32130000,23255
0,3213,32130000,32130100,1505,2508,32140000,23264
0,3214,32140000,32140100,1505,2508,32150000,23271
0,3215,32150000,32150100,1505,2508,32160000,23275
0,3216,32160000,32160100,1505,2508,32170000,23286
0,3217,32170000,32170100,1505,2508,32180000,23294
0,3218,32180000,32180100,1505,2508,32190000,23297
0,3219,32190000,32190100,1505,2508,32200000,23305
0,322,3220000,3220100,1505,2508,3230000,2331
0,3220,32200000,32200100,1505,2508,32210000,23317
0,3221,32210000,32210100,1505,2508,32220000,23318
0,3222,32220000,32220100,1505,2508,32230000,23330
0,3223,32230000,32230100,1505,2508,32240000,23336
0,3224,32240000,32240100,1505,2508,32250000,23340
0,3225,32250000,32250100,1505,2508,32260000,23351
0,3226,32260000,32260100,1505,2508,32270000,23358
0,3227,32270000,32270100,1505,2508,32280000,23362
0,3228,32280000,32280100,1505,2508,32290000,23374
0,3229,32290000,32290100,1505,2508,32300000,23379
0,323,3230000,3230100,1505,2508,3240000,2332
0,3230,32300000,32300100,1505,2508,32310000,23385
0,3231,32310000,32310100,1505,2508,32320000,23393
0,3232,32320000,32320100,1505,2508,32330000,23403
0,3233,32330000,32330100,1505,2508,32340000,23404
0,3234,32340000,32340100,1505,2508,32350000,23416
0,3235,32350000,32350100,1505,2508,32360000,23424
0,3236,32360000,32360100,1505,2508,32370000,23428
0,3237,32370000,32370100,1505,2508,32380000,23438
0,3238,32380000,32380100,1505,2508,32390000,23445
0,3239,32390000,32390100,1505,2508,32400000,23447
0,324,3240000,3240100,1505,2508,3250000,2344
0,3240,32400000,32400100,1505,2508,32410000,23461
0,3241,32410000,32410100,1505,2508,32420000,23467
0,3242,32420000,32420100,1505,2508,32430000,23472
0,3243,32430000,32430100,1505,2508,32440000,23480
0,3244,32440000,32440100,1505,2508,32450000,23488
0,3245,32450000,32450100,1505,2508,32460000,23493
0,3246,32460000,32460100,1505,2508,32470000,23503
0,3247,32470000,32470100,1505,2508,32480000,23510
0,3248,32480000,32480100,1505,2508,32490000,23515
0,3249,32490000,32490100,1505,2508,32500000,23523
0,325,3250000,3250100,1505,2508,3260000,2352
0,3250,32500000,32500100,1505,2508,32510000,23534
0,3251,32510000,32510100,1505,2508,32520000,23535
0,3252,32520000,32520100,1505,2508,32530000,23548
0,3253,32530000,32530100,1505,2508,32540000,23553
0,3254,32540000,32540100,1505,2508,32550000,23556
0,3255,32550000,32550100,1505,2508,32560000,23568
0,3256,32560000,32560100,1505,2508,32570000,23577
0,3257,32570000,32570100,1505,2508,32580000,23580
0,3258,32580000,32580100,1505,2508,32590000,23590
0,3259,32590000,32590100,1505,2508,32600000,23595
0,326,3260000,3260100,1505,2508,3270000,2355
0,3260,32600000,32600100,1505,2508,32610000,23602
0,3261,32610000,32610100,1505,2508,32620000,23611
0,3262,32620000,32620100,1505,2508,32630000,23621
0,3263,32630000,32630100,1505,2508,32640000,23622
0,3264,32640000,32640100,1505,2508,32650000,23633
0,3265,32650000,32650100,1505,2508,32660000,23641
0,3266,32660000,32660100,1505,2508,32670000,23644
0,3267,32670000,32670100,1505,2508,32680000,23655
0,3268,32680000,32680100,1505,2508,32690000,23663
0,3269,32690000,32690100,1505,2508,32700000,23665
0,327,3270000,3270100,1505,2508,3280000,2365
0,3270,32700000,32700100,1505,2508,32710000,23678
0,3271,32710000,32710100,1505,2508,32720000,23683
0,3272,32720000,32720100,1505,2508,32730000,23690
0,3273,32730000,32730100,1505,2508,32740000,23698
0,3274,32740000,32740100,1505,2508,32750000,23705
0,3275,32750000,32750100,1505,2508,32760000,23709
0,3276,32760000,32760100,1505,2508,32770000,23721
0,3277,32770000,32770100,1505,2508,32780000,23728
0,3278,32780000,32780100,1505,2508,32790000,23732
0,3279,32790000,32790100,1505,2508,32800000,23740
0,328,3280000,3280100,1505,2508,3290000,2373
0,3280,32800000,32800100,1505,2508,32810000,23751
0,3281,32810000,32810100,1505,2508,32820000,23752
0,3282,32820000,32820100,1505,2508,32830000,23764
0,3283,32830000,32830100,1505,2508,32840000,23771
0,3284,32840000,32840100,1505,2508,32850000,23775
0,3285,32850000,32850100,1505,2508,32860000,23786
0,3286,32860000,32860100,1505,2508,32870000,23793
0,3287,32870000,32870100,1505,2508,32880000,23796
0,3288,32880000,32880100,1505,2508,32890000,23807
0,3289,32890000,32890100,1505,2508,32900000,23813
0,329,3290000,3290100,1505,2508,3300000,2375
0,3290,32900000,32900100,1505,2508,32910000,23820
0,3291,32910000,32910100,1505,2508,32920000,23828
0,3292,32920000,32920100,1505,2508,32930000,23838
0,3293,32930000,32930100,1505,2508,32940000,23839
0,3294,32940000,32940100,1505,2508,32950000,23850
0,3295,32950000,32950100,1505,2508,32960000,23858
0,3296,32960000,32960100,1505,2508,32970000,23862
0,3297,32970000,32970100,1505,2508,32980000,23873
0,3298,32980000,32980100,1505,2508,32990000,23880
0,3299,32990000,32990100,1505,2508,33000000,23881
0,33,330000,330100,1505,2508,340000,236
0,330,3300000,3300100,1505,2508,3310000,2389
0,3300,33000000,33000100,1505,2508,33010000,23896
0,3301,33010000,33010100,1505,2508,33020000,23901
0,3302,33020000,33020100,1505,2508,33030000,23906
0,3303,33030000,33030100,1505,2508,33040000,23914
0,3304,33040000,33040100,1505,2508,33050000,23923
0,3305,33050000,33050100,1505,2508,33060000,23928
0,3306,33060000,33060100,1505,2508,33070000,23938
0,3307,33070000,33070100,1505,2508,33080000,23945
0,3308,33080000,33080100,1505,2508,33090000,23949
0,3309,33090000,33090100,1505,2508,33100000,23957
0,331,3310000,3310100,1505,2508,3320000,2394
0,3310,33100000,33100100,1505,2508,33110000,23967
0,3311,33110000,33110100,1505,2508,33120000,23970
0,3312,33120000,33120100,1505,2508,33130000,23983
0,3313,33130000,33130100,1505,2508,33140000,23988
0,3314,33140000,33140100,1505,2508,33150000,23991
0,3315,33150000,33150100,1505,2508,33160000,24002
0,3316,33160000,33160100,1505,2508,33170000,24011
0,3317,33170000,33170100,1505,2508,33180000,24014
0,3318,33180000,33180100,1505,2508,33190000,24025
0,3319,33190000,33190100,1505,2508,33200000,24030
0,332,3320000,3320100,1505,2508,3330000,2400
0,3320,33200000,33200100,1505,2508,33210000,24037
0,3321,33210000,33210100,1505,2508,33220000,24045
0,3322,33220000,33220100,1505,2508,33230000,24055
0,3323,33230000,33230100,1505,2508,33240000,24056
0,3324,33240000,33240100,1505,2508,33250000,24067
0,3325,33250000,33250100,1505,2508,33260000,24076
0,3326,33260000,33260100,1505,2508,33270000,24079
0,3327,33270000,33270100,1505,2508,33280000,24090
0,3328,33280000,33280100,1505,2508,33290000,24098
0,3329,33290000,33290100,1505,2508,33300000,24099
0,333,3330000,3330100,1505,2508,3340000,2408
0,3330,33300000,33300100,1505,2508,33310000,24112
0,3331,33310000,33310100,1505,2508,33320000,24117
0,3332,33320000,33320100,1505,2508,33330000,24124
0,3333,33330000,33330100,1505,2508,33340000,24133
0,3334,33340000,33340100,1505,2508,33350000,24140
0,3335,33350000,33350100,1505,2508,33360000,24144
0,3336,33360000,33360100,1505,2508,33370000,24155
0,3337,33370000,33370100,1505,2508,33380000,24162
0,3338,33380000,33380100,1505,2508,33390000,24166
0,3339,33390000,33390100,1505,2508,33400000,24175
0,334,3340000,3340100,1505,2508,3350000,2415
0,3340,33400000,33400100,1505,2508,33410000,24186
0,3341,33410000,33410100,1505,2508,33420000,24187
0,3342,33420000,33420100,1505,2508,33430000,24199
0,3343,33430000,33430100,1505,2508,33440000,24204
0,3344,33440000,33440100,1505,2508,33450000,24209
0,3345,33450000,33450100,1505,2508,33460000,24220
0,3346,33460000,33460100,1505,2508,33470000,24228
0,3347,33470000,33470100,1505,2508,33480000,24231
0,3348,33480000,33480100,1505,2508,33490000,24242
0,3349,33490000,33490100,1505,2508,33500000,24248
0,335,3350000,3350100,1505,2508,3360000,2420
0,3350,33500000,33500100,1505,2508,33510000,24254
0,3351,33510000,33510100,1505,2508,33520000,24262
0,3352,33520000,33520100,1505,2508,33530000,24272
0,3353,33530000,33530100,1505,2508,33540000,24274
0,3354,33540000,33540100,1505,2508,33550000,24284
0,3355,33550000,33550100,1505,2508,33560000,24293
0,3356,33560000,33560100,1505,2508,33570000,24297
0,3357,33570000,33570100,1505,2508,33580000,24307
0,3358,33580000,33580100,1505,2508,33590000,24314
0,3359,33590000,33590100,1505,2508,33600000,24315
0,336,3360000,3360100,1505,2508,3370000,2432
0,3360,33600000,33600100,1505,2508,33610000,24331
0,3361,33610000,33610100,1505,2508,33620000,24336
0,3362,33620000,33620100,1505,2508,33630000,24341
0,3363,33630000,33630100,1505,2508,33640000,24349
0,3364,33640000,33640100,1505,2508,33650000,24357
0,3365,33650000,33650100,1505,2508,33660000,24361
0,3366,33660000,33660100,1505,2508,33670000,24372
0,3367,33670000,33670100,1505,2508,33680000,24380
0,3368,33680000,33680100,1505,2508,33690000,24384
0,3369,33690000,33690100,1505,2508,33700000,24392
0,337,3370000,3370100,1505,2508,3380000,2439
0,3370,33700000,33700100,1505,2508,33710000,24402
0,3371,33710000,33710100,1505,2508,33720000,24404
0,3372,33720000,33720100,1505,2508,33730000,24417
0,3373,33730000,33730100,1505,2508,33740000,24422
0,3374,33740000,33740100,1505,2508,33750000,24426
0,3375,33750000,33750100,1505,2508,33760000,24437
0,3376,33760000,33760100,1505,2508,33770000,24445
0,3377,33770000,33770100,1505,2508,33780000,24449
0,3378,33780000,33780100,1505,2508,33790000,24459
0,3379,33790000,33790100,1505,2508,33800000,24464
0,338,3380000,3380100,1505,2508,3390000,2442
0,3380,33800000,33800100,1505,2508,33810000,24471
0,3381,33810000,33810100,1505,2508,33820000,24480
0,3382,33820000,33820100,1505,2508,33830000,24490
0,3383,33830000,33830100,1505,2508,33840000,24491
0,3384,33840000,33840100,1505,2508,33850000,24502
0,3385,33850000,33850100,1505,2508,33860000,24510
0,3386,33860000,33860100,1505,2508,33870000,24513
0,3387,33870000,33870100,1505,2508,33880000,24523
0,3388,33880000,33880100,1505,2508,33890000,24533
0,3389,33890000,33890100,1505,2508,33900000,24534
0,339,3390000,3390100,1505,2508,3400000,2450
0,3390,33900000,33900100,1505,2508,33910000,24547
0,3391,33910000,33910100,1505,2508,33920000,24552
0,3392,33920000,33920100,1505,2508,33930000,24558
0,3393,33930000,33930100,1505,2508,33940000,24567
0,3394,33940000,33940100,1505,2508,33950000,24574
0,3395,33950000,33950100,1505,2508,33960000,24579
0,3396,33960000,33960100,1505,2508,33970000,24590
0,3397,33970000,33970100,1505,2508,33980000,24597
0,3398,33980000,33980100,1505,2508,33990000,24600
0,3399,33990000,33990100,1505,2508,34000000,24609
0,34,340000,340100,1505,2508,350000,243
0,340,3400000,3400100,1505,2508,3410000,2461
0,3400,34000000,34000100,1505,2508,34010000,24620
0,3401,34010000,34010100,1505,2508,34020000,24621
0,3402,34020000,34020100,1505,2508,34030000,24634
0,3403,34030000,34030100,1505,2508,34040000,24639
0,3404,34040000,34040100,1505,2508,34050000,24644
0,3405,34050000,34050100,1505,2508,34060000,24655
0,3406,34060000,34060100,1505,2508,34070000,24662
0,3407,34070000,34070100,1505,2508,34080000,24665
0,3408,34080000,34080100,1505,2508,34090000,24676
0,3409,34090000,34090100,1505,2508,34100000,24682
0,341,3410000,3410100,1505,2508,3420000,2463
0,3410,34100000,34100100,1505,2508,34110000,24689
0,3411,34110000,34110100,1505,2508,34120000,24697
0,3412,34120000,34120100,1505,2508,34130000,24707
0,3413,34130000,34130100,1505,2508,34140000,24708
0,3414,34140000,34140100,1505,2508,34150000,24718
0,3415,34150000,34150100,1505,2508,34160000,24727
0,3416,34160000,34160100,1505,2508,34170000,24732
0,3417,34170000,34170100,1505,2508,34180000,24742
0,3418,34180000,34180100,1505,2508,34190000,24749
0,3419,34190000,34190100,1505,2508,34200000,24750
0,342,3420000,3420100,1505,2508,3430000,2475
0,3420,34200000,34200100,1505,2508,34210000,24764
0,3421,34210000,34210100,1505,2508,34220000,24770
0,3422,34220000,34220100,1505,2508,34230000,24775
0,3423,34230000,34230100,1505,2508,34240000,24784
0,3424,34240000,34240100,1505,2508,34250000,24792
0,3425,34250000,34250100,1505,2508,34260000,24796
0,3426,34260000,34260100,1505,2508,34270000,24807
0,3427,34270000,34270100,1505,2508,34280000,24814
0,3428,34280000,34280100,1505,2508,34290000,24818
0,3429,34290000,34290100,1505,2508,34300000,24826
0,343,3430000,3430100,1505,2508,3440000,2481
0,3430,34300000,34300100,1505,2508,34310000,24837
0,3431,34310000,34310100,1505,2508,34320000,24838
0,3432,34320000,34320100,1505,2508,34330000,24852
0,3433,34330000,34330100,1505,2508,34340000,24857
0,3434,34340000,34340100,1505,2508,34350000,24860
0,3435,34350000,34350100,1505,2508,34360000,24871
0,3436,34360000,34360100,1505,2508,34370000,24879
0,3437,34370000,34370100,1505,2508,34380000,24884
0,3438,34380000,34380100,1505,2508,34390000,24894
0,3439,34390000,34390100,1505,2508,34400000,24899
0,344,3440000,3440100,1505,2508,3450000,2485
0,3440,34400000,34400100,1505,2508,34410000,24906
0,3441,34410000,34410100,1505,2508,34420000,24914
0,3442,34420000,34420100,1505,2508,34430000,24923
0,3443,34430000,34430100,1505,2508,34440000,24925
0,3444,34440000,34440100,1505,2508,34450000,24937
0,3445,34450000,34450100,1505,2508,34460000,24945
0,3446,34460000,34460100,1505,2508,34470000,24948
0,3447,34470000,34470100,1505,2508,34480000,24958
0,3448,34480000,34480100,1505,2508,34490000,24967
0,3449,34490000,34490100,1505,2508,34500000,24968
0,345,3450000,3450100,1505,2508,3460000,2496
0,3450,34500000,34500100,1505,2508,34510000,24981
0,3451,34510000,34510100,1505,2508,34520000,24987
0,3452,34520000,34520100,1505,2508,34530000,24993
0,3453,34530000,34530100,1505,2508,34540000,25001
0,3454,34540000,34540100,1505,2508,34550000,25009
0,3455,34550000,34550100,1505,2508,34560000,25013
0,3456,34560000,34560100,1505,2508,34570000,25024
0,3457,34570000,34570100,1505,2508,34580000,25031
0,3458,34580000,34580100,1505,2508,34590000,25035
0,3459,34590000,34590100,1505,2508,34600000,25044
0,346,3460000,3460100,1505,2508,3470000,2504
0,3460,34600000,34600100,1505,2508,34610000,25055
0,3461,34610000,34610100,1505,2508,34620000,25056
0,3462,34620000,34620100,1505,2508,34630000,25068
0,3463,34630000,34630100,1505,2508,34640000,25073
0,3464,34640000,34640100,1505,2508,34650000,25077
0,3465,34650000,34650100,1505,2508,34660000,25090
0,3466,34660000,34660100,1505,2508,34670000,25097
0,3467,34670000,34670100,1505,2508,34680000,25100
0,3468,34680000,34680100,1505,2508,34690000,25111
0,3469,34690000,34690100,1505,2508,34700000,25116
0,347,3470000,3470100,1505,2508,3480000,2507
0,3470,34700000,34700100,1505,2508,34710000,25123
0,3471,34710000,34710100,1505,2508,34720000,25131
0,3472,34720000,34720100,1505,2508,34730000,25142
0,3473,34730000,34730100,1505,2508,34740000,25143
0,3474,34740000,34740100,1505,2508,34750000,25153
0,3475,34750000,34750100,1505,2508,34760000,25161
0,3476,34760000,34760100,1505,2508,34770000,25166
0,3477,34770000,34770100,1505,2508,34780000,25176
0,3478,34780000,34780100,1505,2508,34790000,25183
0,3479,34790000,34790100,1505,2508,34800000,25185
0,348,3480000,3480100,1505,2508,3490000,2518
0,3480,34800000,34800100,1505,2508,34810000,25199
0,3481,34810000,34810100,1505,2508,34820000,25205
0,3482,34820000,34820100,1505,2508,34830000,25210
0,3483,34830000,34830100,1505,2508,34840000,25218
0,3484,34840000,34840100,1505,2508,34850000,25226
0,3485,34850000,34850100,1505,2508,34860000,25230
0,3486,34860000,34860100,1505,2508,34870000,25241
0,3487,34870000,34870100,1505,2508,34880000,25249
0,3488,34880000,34880100,1505,2508,34890000,25253
0,3489,34890000,34890100,1505,2508,34900000,25261
0,349,3490000,3490100,1505,2508,3500000,2523
0,3490,34900000,34900100,1505,2508,34910000,25271
0,3491,34910000,34910100,1505,2508,34920000,25272
0,3492,34920000,34920100,1505,2508,34930000,25286
0,3493,34930000,34930100,1505,2508,34940000,25292
0,3494,34940000,34940100,1505,2508,34950000,25295
0,3495,34950000,34950100,1505,2508,34960000,25306
0,3496,34960000,34960100,1505,2508,34970000,25314
0,3497,34970000,34970100,1505,2508,34980000,25317
0,3498,34980000,34980100,1505,2508,34990000,25328
0,3499,34990000,34990100,1505,2508,35000000,25333
0,35,350000,350100,1505,2508,360000,248
0,350,3500000,3500100,1505,2508,3510000,2530
0,3500,35000000,35000100,1505,2508,35010000,25341
0,3501,35010000,35010100,1505,2508,35020000,25349
0,3502,35020000,35020100,1505,2508,35030000,25358
0,3503,35030000,35030100,1505,2508,35040000,25360
0,3504,35040000,35040100,1505,2508,35050000,25371
0,3505,35050000,35050100,1505,2508,35060000,25379
0,3506,35060000,35060100,1505,2508,35070000,25382
0,3507,35070000,35070100,1505,2508,35080000,25393
0,3508,35080000,35080100,1505,2508,35090000,25401
0,3509,35090000,35090100,1505,2508,35100000,25403
0,351,3510000,3510100,1505,2508,3520000,2538
0,3510,35100000,35100100,1505,2508,35110000,25416
0,3511,35110000,35110100,1505,2508,35120000,25421
0,3512,35120000,35120100,1505,2508,35130000,25427
0,3513,35130000,35130100,1505,2508,35140000,25435
0,3514,35140000,35140100,1505,2508,35150000,25444
0,3515,35150000,35150100,1505,2508,35160000,25448
0,3516,35160000,35160100,1505,2508,35170000,25459
0,3517,35170000,35170100,1505,2508,35180000,25466
0,3518,35180000,35180100,1505,2508,35190000,25469
0,3519,35190000,35190100,1505,2508,35200000,25477
0,352,3520000,3520100,1505,2508,3530000,2549
0,3520,35200000,35200100,1505,2508,35210000,25489
0,3521,35210000,35210100,1505,2508,35220000,25491
0,3522,35220000,35220100,1505,2508,35230000,25503
0,3523,35230000,35230100,1505,2508,35240000,25508
0,3524,35240000,35240100,1505,2508,35250000,25512
0,3525,35250000,35250100,1505,2508,35260000,25524
0,3526,35260000,35260100,1505,2508,35270000,25531
0,3527,35270000,35270100,1505,2508,35280000,25534
0,3528,35280000,35280100,1505,2508,35290000,25546
0,3529,35290000,35290100,1505,2508,35300000,25551
0,353,3530000,3530100,1505,2508,3540000,2550
0,3530,35300000,35300100,1505,2508,35310000,25557
0,3531,35310000,35310100,1505,2508,35320000,25566
0,3532,35320000,35320100,1505,2508,35330000,25576
0,3533,35330000,35330100,1505,2508,35340000,25577
0,3534,35340000,35340100,1505,2508,35350000,25587
0,3535,35350000,35350100,1505,2508,35360000,25596
0,3536,35360000,35360100,1505,2508,35370000,25601
0,3537,35370000,35370100,1505,2508,35380000,25611
0,3538,35380000,35380100,1505,2508,35390000,25618
0,3539,35390000,35390100,1505,2508,35400000,25619
0,354,3540000,3540100,1505,2508,3550000,2560
0,3540,35400000,35400100,1505,2508,35410000,25633
0,3541,35410000,35410100,1505,2508,35420000,25638
0,3542,35420000,35420100,1505,2508,35430000,25645
0,3543,35430000,35430100,1505,2508,35440000,25653
0,3544,35440000,35440100,1505,2508,35450000,25661
0,3545,35450000,35450100,1505,2508,35460000,25665
0,3546,35460000,35460100,1505,2508,35470000,25675
0,3547,35470000,35470100,1505,2508,35480000,25683
0,3548,35480000,35480100,1505,2508,35490000,25687
0,3549,35490000,35490100,1505,2508,35500000,25696
0,355,3550000,3550100,1505,2508,3560000,2568
0,3550,35500000,35500100,1505,2508,35510000,25706
0,3551,35510000,35510100,1505,2508,35520000,25707
0,3552,35520000,35520100,1505,2508,35530000,25720
0,3553,35530000,35530100,1505,2508,35540000,25726
0,3554,35540000,35540100,1505,2508,35550000,25729
0,3555,35550000,35550100,1505,2508,35560000,25740
0,3556,35560000,35560100,1505,2508,35570000,25749
0,3557,35570000,35570100,1505,2508,35580000,25752
0,3558,35580000,35580100,1505,2508,35590000,25763
0,3559,35590000,35590100,1505,2508,35600000,25768
0,356,3560000,3560100,1505,2508,3570000,2572
0,3560,35600000,35600100,1505,2508,35610000,25775
0,3561,35610000,35610100,1505,2508,35620000,25783
0,3562,35620000,35620100,1505,2508,35630000,25792
0,3563,35630000,35630100,1505,2508,35640000,25794
0,3564,35640000,35640100,1505,2508,35650000,25806
0,3565,35650000,35650100,1505,2508,35660000,25814
0,3566,35660000,35660100,1505,2508,35670000,25817
0,3567,35670000,35670100,1505,2508,35680000,25827
0,3568,35680000,35680100,1505,2508,35690000,25835
0,3569,35690000,35690100,1505,2508,35700000,25837
0,357,3570000,3570100,1505,2508,3580000,2584
0,3570,35700000,35700100,1505,2508,35710000,25851
0,3571,35710000,35710100,1505,2508,35720000,25856
0,3572,35720000,35720100,1505,2508,35730000,25862
0,3573,35730000,35730100,1505,2508,35740000,25870
0,3574,35740000,35740100,1505,2508,35750000,25877
0,3575,35750000,35750100,1505,2508,35760000,25882
0,3576,35760000,35760100,1505,2508,35770000,25893
0,3577,35770000,35770100,1505,2508,35780000,25901
0,3578,35780000,35780100,1505,2508,35790000,25904
0,3579,35790000,35790100,1505,2508,35800000,25912
0,358,3580000,3580100,1505,2508,3590000,2591
0,3580,35800000,35800100,1505,2508,35810000,25924
0,3581,35810000,35810100,1505,2508,35820000,25925
0,3582,35820000,35820100,1505,2508,35830000,25937
0,3583,35830000,35830100,1505,2508,35840000,25942
0,3584,35840000,35840100,1505,2508,35850000,25947
0,3585,35850000,35850100,1505,2508,35860000,25958
0,3586,35860000,35860100,1505,2508,35870000,25966
0,3587,35870000,35870100,1505,2508,35880000,25969
0,3588,35880000,35880100,1505,2508,35890000,25980
0,3589,35890000,35890100,1505,2508,35900000,25985
0,359,3590000,3590100,1505,2508,3600000,2592
0,3590,35900000,35900100,1505,2508,35910000,25991
0,3591,35910000,35910100,1505,2508,35920000,26001
0,3592,35920000,35920100,1505,2508,35930000,26011
0,3593,35930000,35930100,1505,2508,35940000,26012
0,3594,35940000,35940100,1505,2508,35950000,26022
0,3595,35950000,35950100,1505,2508,35960000,26030
0,3596,35960000,35960100,1505,2508,35970000,26034
0,3597,35970000,35970100,1505,2508,35980000,26045
0,3598,35980000,35980100,1505,2508,35990000,26053
0,3599,35990000,35990100,1505,2508,36000000,26054
0,36,360000,360100,1505,2508,370000,259
0,360,3600000,3600100,1505,2508,3610000,2606
0,3600,36000000,36000100,1505,2508,36010000,26068
0,3601,36010000,36010100,1505,2508,36020000,26073
0,3602,36020000,36020100,1505,2508,36030000,26079
0,3603,36030000,36030100,1505,2508,36040000,26087
0,3604,36040000,36040100,1505,2508,36050000,26095
0,3605,36050000,36050100,1505,2508,36060000,26100
0,3606,36060000,36060100,1505,2508,36070000,26110
0,3607,36070000,36070100,1505,2508,36080000,26117
0,3608,36080000,36080100,1505,2508,36090000,26122
0,3609,36090000,36090100,1505,2508,36100000,26130
0,361,3610000,3610100,1505,2508,3620000,2611
0,3610,36100000,36100100,1505,2508,36110000,26140
0,3611,36110000,36110100,1505,2508,36120000,26141
0,3612,36120000,36120100,1505,2508,36130000,26155
0,3613,36130000,36130100,1505,2508,36140000,26161
0,3614,36140000,36140100,1505,2508,36150000,26164
0,3615,36150000,36150100,1505,2508,36160000,26175
0,3616,36160000,36160100,1505,2508,36170000,26183
0,3617,36170000,36170100,1505,2508,36180000,26186
0,3618,36180000,36180100,1505,2508,36190000,26196
0,3619,36190000,36190100,1505,2508,36200000,26203
0,362,3620000,3620100,1505,2508,3630000,2616
0,3620,36200000,36200100,1505,2508,36210000,26210
0,3621,36210000,36210100,1505,2508,36220000,26218
0,3622,36220000,36220100,1505,2508,36230000,26227
0,3623,36230000,36230100,1505,2508,36240000,26228
0,3624,36240000,36240100,1505,2508,36250000,26240
0,3625,36250000,36250100,1505,2508,36260000,26248
0,3626,36260000,36260100,1505,2508,36270000,26252
0,3627,36270000,36270100,1505,2508,36280000,26262
0,3628,36280000,36280100,1505,2508,36290000,26270
0,3629,36290000,36290100,1505,2508,36300000,26271
0,363,3630000,3630100,1505,2508,3640000,2625
0,3630,36300000,36300100,1505,2508,36310000,26285
0,3631,36310000,36310100,1505,2508,36320000,26290
0,3632,36320000,36320100,1505,2508,36330000,26296
0,3633,36330000,36330100,1505,2508,36340000,26305
0,3634,36340000,36340100,1505,2508,36350000,26312
0,3635,36350000,36350100,1505,2508,36360000,26317
0,3636,36360000,36360100,1505,2508,36370000,26328
0,3637,36370000,36370100,1505,2508,36380000,26335
0,3638,36380000,36380100,1505,2508,36390000,26338
0,3639,36390000,36390100,1505,2508,36400000,26346
0,364,3640000,3640100,1505,2508,3650000,2634
0,3640,36400000,36400100,1505,2508,36410000,26358
0,3641,36410000,36410100,1505,2508,36420000,26360
0,3642,36420000,36420100,1505,2508,36430000,26372
0,3643,36430000,36430100,1505,2508,36440000,26377
0,3644,36440000,36440100,1505,2508,36450000,26381
0,3645,36450000,36450100,1505,2508,36460000,26392
0,3646,36460000,36460100,1505,2508,36470000,26400
0,3647,36470000,36470100,1505,2508,36480000,26404
0,3648,36480000,36480100,1505,2508,36490000,26415
0,3649,36490000,36490100,1505,2508,36500000,26420
0,365,3650000,3650100,1505,2508,3660000,2638
0,3650,36500000,36500100,1505,2508,36510000,26426
0,3651,36510000,36510100,1505,2508,36520000,26434
0,3652,36520000,36520100,1505,2508,36530000,26445
0,3653,36530000,36530100,1505,2508,36540000,26446
0,3654,36540000,36540100,1505,2508,36550000,26457
0,3655,36550000,36550100,1505,2508,36560000,26465
0,3656,36560000,36560100,1505,2508,36570000,26469
0,3657,36570000,36570100,1505,2508,36580000,26480
0,3658,36580000,36580100,1505,2508,36590000,26487
0,3659,36590000,36590100,1505,2508,36600000,26488
0,366,3660000,3660100,1505,2508,3670000,2648
0,3660,36600000,36600100,1505,2508,36610000,26502
0,3661,36610000,36610100,1505,2508,36620000,26508
0,3662,36620000,36620100,1505,2508,36630000,26513
0,3663,36630000,36630100,1505,2508,36640000,26522
0,3664,36640000,36640100,1505,2508,36650000,26530
0,3665,36650000,36650100,1505,2508,36660000,26534
0,3666,36660000,36660100,1505,2508,36670000,26544
0,3667,36670000,36670100,1505,2508,36680000,26551
0,3668,36680000,36680100,1505,2508,36690000,26557
0,3669,36690000,36690100,1505,2508,36700000,26565
0,367,3670000,3670100,1505,2508,3680000,2655
0,3670,36700000,36700100,1505,2508,36710000,26575
0,3671,36710000,36710100,1505,2508,36720000,26576
0,3672,36720000,36720100,1505,2508,36730000,26589
0,3673,36730000,36730100,1505,2508,36740000,26594
0,3674,36740000,36740100,1505,2508,36750000,26598
0,3675,36750000,36750100,1505,2508,36760000,26610
0,3676,36760000,36760100,1505,2508,36770000,26618
0,3677,36770000,36770100,1505,2508,36780000,26621
0,3678,36780000,36780100,1505,2508,36790000,26631
0,3679,36790000,36790100,1505,2508,36800000,26637
0,368,3680000,3680100,1505,2508,3690000,2660
0,3680,36800000,36800100,1505,2508,36810000,26644
0,3681,36810000,36810100,1505,2508,36820000,26652
0,3682,36820000,36820100,1505,2508,36830000,26662
0,3683,36830000,36830100,1505,2508,36840000,26663
0,3684,36840000,36840100,1505,2508,36850000,26674
0,3685,36850000,36850100,1505,2508,36860000,26683
0,3686,36860000,36860100,1505,2508,36870000,26686
0,3687,36870000,36870100,1505,2508,36880000,26696
0,3688,36880000,36880100,1505,2508,36890000,26704
0,3689,36890000,36890100,1505,2508,36900000,26706
0,369,3690000,3690100,1505,2508,3700000,2668
0,3690,36900000,36900100,1505,2508,36910000,26720
0,3691,36910000,36910100,1505,2508,36920000,26725
0,3692,36920000,36920100,1505,2508,36930000,26731
0,3693,36930000,36930100,1505,2508,36940000,26739
0,3694,36940000,36940100,1505,2508,36950000,26746
0,3695,36950000,36950100,1505,2508,36960000,26750
0,3696,36960000,36960100,1505,2508,36970000,26763
0,3697,36970000,36970100,1505,2508,36980000,26770
0,3698,36980000,36980100,1505,2508,36990000,26773
0,3699,36990000,36990100,1505,2508,37000000,26781
0,37,370000,370100,1505,2508,380000,266
0,370,3700000,3700100,1505,2508,3710000,2678
0,3700,37000000,37000100,1505,2508,37010000,26792
0,3701,37010000,37010100,1505,2508,37020000,26794
0,3702,37020000,37020100,1505,2508,37030000,26806
0,3703,37030000,37030100,1505,2508,37040000,26812
0,3704,37040000,37040100,1505,2508,37050000,26816
0,3705,37050000,37050100,1505,2508,37060000,26827
0,3706,37060000,37060100,1505,2508,37070000,26834
0,3707,37070000,37070100,1505,2508,37080000,26838
0,3708,37080000,37080100,1505,2508,37090000,26849
0,3709,37090000,37090100,1505,2508,37100000,26854
0,371,3710000,3710100,1505,2508,3720000,2680
0,3710,37100000,37100100,1505,2508,37110000,26861
0,3711,37110000,37110100,1505,2508,37120000,26869
0,3712,37120000,37120100,1505,2508,37130000,26880
0,3713,37130000,37130100,1505,2508,37140000,26881
0,3714,37140000,37140100,1505,2508,37150000,26891
0,3715,37150000,37150100,1505,2508,37160000,26899
0,3716,37160000,37160100,1505,2508,37170000,26903
0,3717,37170000,37170100,1505,2508,37180000,26914
0,3718,37180000,37180100,1505,2508,37190000,26922
0,3719,37190000,37190100,1505,2508,37200000,26923
0,372,3720000,3720100,1505,2508,3730000,2693
0,3720,37200000,37200100,1505,2508,37210000,26937
0,3721,37210000,37210100,1505,2508,37220000,26942
0,3722,37220000,37220100,1505,2508,37230000,26947
0,3723,37230000,37230100,1505,2508,37240000,26956
0,3724,37240000,37240100,1505,2508,37250000,26965
0,3725,37250000,37250100,1505,2508,37260000,26969
0,3726,37260000,37260100,1505,2508,37270000,26979
0,3727,37270000,37270100,1505,2508,37280000,26986
0,3728,37280000,37280100,1505,2508,37290000,26990
0,3729,37290000,37290100,1505,2508,37300000,26999
0,373,3730000,3730100,1505,2508,3740000,2698
0,3730,37300000,37300100,1505,2508,37310000,27009
0,3731,37310000,37310100,1505,2508,37320000,27011
0,3732,37320000,37320100,1505,2508,37330000,27024
0,3733,37330000,37330100,1505,2508,37340000,27029
0,3734,37340000,37340100,1505,2508,37350000,27033
0,3735,37350000,37350100,1505,2508,37360000,27044
0,3736,37360000,37360100,1505,2508,37370000,27052
0,3737,37370000,37370100,1505,2508,37380000,27055
0,3738,37380000,37380100,1505,2508,37390000,27066
0,3739,37390000,37390100,1505,2508,37400000,27071
0,374,3740000,3740100,1505,2508,3750000,2702
0,3740,37400000,37400100,1505,2508,37410000,27079
0,3741,37410000,37410100,1505,2508,37420000,27087
0,3742,37420000,37420100,1505,2508,37430000,27096
0,3743,37430000,37430100,1505,2508,37440000,27097
0,3744,37440000,37440100,1505,2508,37450000,27108
0,3745,37450000,37450100,1505,2508,37460000,27118
0,3746,37460000,37460100,1505,2508,37470000,27121
0,3747,37470000,37470100,1505,2508,37480000,27131
0,3748,37480000,37480100,1505,2508,37490000,27139
0,3749,37490000,37490100,1505,2508,37500000,27140
0,375,3750000,3750100,1505,2508,3760000,2713
0,3750,37500000,37500100,1505,2508,37510000,27153
0,3751,37510000,37510100,1505,2508,37520000,27159
0,3752,37520000,37520100,1505,2508,37530000,27166
0,3753,37530000,37530100,1505,2508,37540000,27174
0,3754,37540000,37540100,1505,2508,37550000,27181
0,3755,37550000,37550100,1505,2508,37560000,27185
0,3756,37560000,37560100,1505,2508,37570000,27197
0,3757,37570000,37570100,1505,2508,37580000,27204
0,3758,37580000,37580100,1505,2508,37590000,27207
0,3759,37590000,37590100,1505,2508,37600000,27216
0,376,3760000,3760100,1505,2508,3770000,2721
0,3760,37600000,37600100,1505,2508,37610000,27227
0,3761,37610000,37610100,1505,2508,37620000,27228
0,3762,37620000,37620100,1505,2508,37630000,27241
0,3763,37630000,37630100,1505,2508,37640000,27246
0,3764,37640000,37640100,1505,2508,37650000,27250
0,3765,37650000,37650100,1505,2508,37660000,27261
0,3766,37660000,37660100,1505,2508,37670000,27269
0,3767,37670000,37670100,1505,2508,37680000,27273
0,3768,37680000,37680100,1505,2508,37690000,27284
0,3769,37690000,37690100,1505,2508,37700000,27289
0,377,3770000,3770100,1505,2508,3780000,2724
0,3770,37700000,37700100,1505,2508,37710000,27295
0,3771,37710000,37710100,1505,2508,37720000,27303
0,3772,37720000,37720100,1505,2508,37730000,27313
0,3773,37730000,37730100,1505,2508,37740000,27316
0,3774,37740000,37740100,1505,2508,37750000,27326
0,3775,37750000,37750100,1505,2508,37760000,27334
0,3776,37760000,37760100,1505,2508,37770000,27338
0,3777,37770000,37770100,1505,2508,37780000,27348
0,3778,37780000,37780100,1505,2508,37790000,27356
0,3779,37790000,37790100,1505,2508,37800000,27357
0,378,3780000,3780100,1505,2508,3790000,2735
0,3780,37800000,37800100,1505,2508,37810000,27372
0,3781,37810000,37810100,1505,2508,37820000,27377
0,3782,37820000,37820100,1505,2508,37830000,27382
0,3783,37830000,37830100,1505,2508,37840000,27390
0,3784,37840000,37840100,1505,2508,37850000,27399
0,3785,37850000,37850100,1505,2508,37860000,27403
0,3786,37860000,37860100,1505,2508,37870000,27413
0,3787,37870000,37870100,1505,2508,37880000,27421
0,3788,37880000,37880100,1505,2508,37890000,27425
0,3789,37890000,37890100,1505,2508,37900000,27434
0,379,3790000,3790100,1505,2508,3800000,2741
0,3790,37900000,37900100,1505,2508,37910000,27444
0,3791,37910000,37910100,1505,2508,37920000,27445
0,3792,37920000,37920100,1505,2508,37930000,27458
0,3793,37930000,37930100,1505,2508,37940000,27463
0,3794,37940000,37940100,1505,2508,37950000,27467
0,3795,37950000,37950100,1505,2508,37960000,27479
0,3796,37960000,37960100,1505,2508,37970000,27487
0,3797,37970000,37970100,1505,2508,37980000,27490
0,3798,37980000,37980100,1505,2508,37990000,27500
0,3799,37990000,37990100,1505,2508,38000000,27505
0,38,380000,380100,1505,2508,390000,270
0,380,3800000,3800100,1505,2508,3810000,2748
0,3800,38000000,38000100,1505,2508,38010000,27513
0,3801,38010000,38010100,1505,2508,38020000,27522
0,3802,38020000,38020100,1505,2508,38030000,27531
0,3803,38030000,38030100,1505,2508,38040000,27532
0,3804,38040000,38040100,1505,2508,38050000,27543
0,3805,38050000,38050100,1505,2508,38060000,27551
0,3806,38060000,38060100,1505,2508,38070000,27555
0,3807,38070000,38070100,1505,2508,38080000,27565
0,3808,38080000,38080100,1505,2508,38090000,27574
0,3809,38090000,38090100,1505,2508,38100000,27575
0,381,3810000,3810100,1505,2508,3820000,2756
0,3810,38100000,38100100,1505,2508,38110000,27588
0,3811,38110000,38110100,1505,2508,38120000,27594
0,3812,38120000,38120100,1505,2508,38130000,27600
0,3813,38130000,38130100,1505,2508,38140000,27608
0,3814,38140000,38140100,1505,2508,38150000,27615
0,3815,38150000,38150100,1505,2508,38160000,27620
0,3816,38160000,38160100,1505,2508,38170000,27631
0,3817,38170000,38170100,1505,2508,38180000,27639
0,3818,38180000,38180100,1505,2508,38190000,27642
0,3819,38190000,38190100,1505,2508,38200000,27650
0,382,3820000,3820100,1505,2508,3830000,2765
0,3820,38200000,38200100,1505,2508,38210000,27661
0,3821,38210000,38210100,1505,2508,38220000,27662
0,3822,38220000,38220100,1505,2508,38230000,27676
0,3823,38230000,38230100,1505,2508,38240000,27681
0,3824,38240000,38240100,1505,2508,38250000,27685
0,3825,38250000,38250100,1505,2508,38260000,27696
0,3826,38260000,38260100,1505,2508,38270000,27703
0,3827,38270000,38270100,1505,2508,38280000,27706
0,3828,38280000,38280100,1505,2508,38290000,27718
0,3829,38290000,38290100,1505,2508,38300000,27724
0,383,3830000,3830100,1505,2508,3840000,2766
0,3830,38300000,38300100,1505,2508,38310000,27730
0,3831,38310000,38310100,1505,2508,38320000,27738
0,3832,38320000,38320100,1505,2508,38330000,27748
0,3833,38330000,38330100,1505,2508,38340000,27750
0,3834,38340000,38340100,1505,2508,38350000,27760
0,3835,38350000,38350100,1505,2508,38360000,27768
0,3836,38360000,38360100,1505,2508,38370000,27773
0,3837,38370000,38370100,1505,2508,38380000,27783
0,3838,38380000,38380100,1505,2508,38390000,27790
0,3839,38390000,38390100,1505,2508,38400000,27792
0,384,3840000,3840100,1505,2508,3850000,2777
0,3840,38400000,38400100,1505,2508,38410000,27806
0,3841,38410000,38410100,1505,2508,38420000,27811
0,3842,38420000,38420100,1505,2508,38430000,27816
0,3843,38430000,38430100,1505,2508,38440000,27825
0,3844,38440000,38440100,1505,2508,38450000,27834
0,3845,38450000,38450100,1505,2508,38460000,27838
0,3846,38460000,38460100,1505,2508,38470000,27848
0,3847,38470000,38470100,1505,2508,38480000,27855
0,3848,38480000,38480100,1505,2508,38490000,27859
0,3849,38490000,38490100,1505,2508,38500000,27867
0,385,3850000,3850100,1505,2508,3860000,2787
0,3850,38500000,38500100,1505,2508,38510000,27879
0,3851,38510000,38510100,1505,2508,38520000,27880
0,3852,38520000,38520100,1505,2508,38530000,27893
0,3853,38530000,38530100,1505,2508,38540000,27898
0,3854,38540000,38540100,1505,2508,38550000,27901
0,3855,38550000,38550100,1505,2508,38560000,27913
0,3856,38560000,38560100,1505,2508,38570000,27921
0,3857,38570000,38570100,1505,2508,38580000,27925
0,3858,38580000,38580100,1505,2508,38590000,27935
0,3859,38590000,38590100,1505,2508,38600000,27940
0,386,3860000,3860100,1505,2508,3870000,2790
0,3860,38600000,38600100,1505,2508,38610000,27947
0,3861,38610000,38610100,1505,2508,38620000,27956
0,3862,38620000,38620100,1505,2508,38630000,27965
0,3863,38630000,38630100,1505,2508,38640000,27966
0,3864,38640000,38640100,1505,2508,38650000,27978
0,3865,38650000,38650100,1505,2508,38660000,27986
0,3866,38660000,38660100,1505,2508,38670000,27990
0,3867,38670000,38670100,1505,2508,38680000,28000
0,3868,38680000,38680100,1505,2508,38690000,28008
0,3869,38690000,38690100,1505,2508,38700000,28009
0,387,3870000,3870100,1505,2508,3880000,2800
0,3870,38700000,38700100,1505,2508,38710000,28022
0,3871,38710000,38710100,1505,2508,38720000,28028
0,3872,38720000,38720100,1505,2508,38730000,28035
0,3873,38730000,38730100,1505,2508,38740000,28043
0,3874,38740000,38740100,1505,2508,38750000,28050
0,3875,38750000,38750100,1505,2508,38760000,28054
0,3876,38760000,38760100,1505,2508,38770000,28065
0,3877,38770000,38770100,1505,2508,38780000,28073
0,3878,38780000,38780100,1505,2508,38790000,28077
0,3879,38790000,38790100,1505,2508,38800000,28085
0,388,3880000,3880100,1505,2508,3890000,2808
0,3880,38800000,38800100,1505,2508,38810000,28096
0,3881,38810000,38810100,1505,2508,38820000,28097
0,3882,38820000,38820100,1505,2508,38830000,28109
0,3883,38830000,38830100,1505,2508,38840000,28115
0,3884,38840000,38840100,1505,2508,38850000,28119
0,3885,38850000,38850100,1505,2508,38860000,28131
0,3886,38860000,38860100,1505,2508,38870000,28138
0,3887,38870000,38870100,1505,2508,38880000,28141
0,3888,38880000,38880100,1505,2508,38890000,28153
0,3889,38890000,38890100,1505,2508,38900000,28158
0,389,3890000,3890100,1505,2508,3900000,2809
0,3890,38900000,38900100,1505,2508,38910000,28164
0,3891,38910000,38910100,1505,2508,38920000,28172
0,3892,38920000,38920100,1505,2508,38930000,28183
0,3893,38930000,38930100,1505,2508,38940000,28184
0,3894,38940000,38940100,1505,2508,38950000,28195
0,3895,38950000,38950100,1505,2508,38960000,28203
0,3896,38960000,38960100,1505,2508,38970000,28207
0,3897,38970000,38970100,1505,2508,38980000,28217
0,3898,38980000,38980100,1505,2508,38990000,28224
0,3899,38990000,38990100,1505,2508,39000000,28227
0,39,390000,390100,1505,2508,400000,278
0,390,3900000,3900100,1505,2508,3910000,2823
0,3900,39000000,39000100,1505,2508,39010000,28241
0,3901,39010000,39010100,1505,2508,39020000,28246
0,3902,39020000,39020100,1505,2508,39030000,28251
0,3903,39030000,39030100,1505,2508,39040000,28259
0,3904,39040000,39040100,1505,2508,39050000,28267
0,3905,39050000,39050100,1505,2508,39060000,28272
0,3906,39060000,39060100,1505,2508,39070000,28283
0,3907,39070000,39070100,1505,2508,39080000,28290
0,3908,39080000,39080100,1505,2508,39090000,28294
0,3909,39090000,39090100,1505,2508,39100000,28302
0,391,3910000,3910100,1505,2508,3920000,2828
0,3910,39100000,39100100,1505,2508,39110000,28313
0,3911,39110000,39110100,1505,2508,39120000,28314
0,3912,39120000,39120100,1505,2508,39130000,28327
0,3913,39130000,39130100,1505,2508,39140000,28333
0,3914,39140000,39140100,1505,2508,39150000,28336
0,3915,39150000,39150100,1505,2508,39160000,28347
0,3916,39160000,39160100,1505,2508,39170000,28356
0,3917,39170000,39170100,1505,2508,39180000,28359
0,3918,39180000,39180100,1505,2508,39190000,28369
0,3919,39190000,39190100,1505,2508,39200000,28374
0,392,3920000,3920100,1505,2508,3930000,2835
0,3920,39200000,39200100,1505,2508,39210000,28382
0,3921,39210000,39210100,1505,2508,39220000,28391
0,3922,39220000,39220100,1505,2508,39230000,28400
0,3923,39230000,39230100,1505,2508,39240000,28401
0,3924,39240000,39240100,1505,2508,39250000,28412
0,3925,39250000,39250100,1505,2508,39260000,28420
0,3926,39260000,39260100,1505,2508,39270000,28423
0,3927,39270000,39270100,1505,2508,39280000,28435
0,3928,39280000,39280100,1505,2508,39290000,28443
0,3929,39290000,39290100,1505,2508,39300000,28444
0,393,3930000,3930100,1505,2508,3940000,2843
0,3930,39300000,39300100,1505,2508,39310000,28457
0,3931,39310000,39310100,1505,2508,39320000,28462
0,3932,39320000,39320100,1505,2508,39330000,28469
0,3933,39330000,39330100,1505,2508,39340000,28477
0,3934,39340000,39340100,1505,2508,39350000,28485
0,3935,39350000,39350100,1505,2508,39360000,28489
0,3936,39360000,39360100,1505,2508,39370000,28500
0,3937,39370000,39370100,1505,2508,39380000,28507
0,3938,39380000,39380100,1505,2508,39390000,28511
0,3939,39390000,39390100,1505,2508,39400000,28519
0,394,3940000,3940100,1505,2508,3950000,2850
0,3940,39400000,39400100,1505,2508,39410000,28530
0,3941,39410000,39410100,1505,2508,39420000,28532
0,3942,39420000,39420100,1505,2508,39430000,28544
0,3943,39430000,39430100,1505,2508,39440000,28550
0,3944,39440000,39440100,1505,2508,39450000,28554
0,3945,39450000,39450100,1505,2508,39460000,28565
0,3946,39460000,39460100,1505,2508,39470000,28572
0,3947,39470000,39470100,1505,2508,39480000,28575
0,3948,39480000,39480100,1505,2508,39490000,28587
0,3949,39490000,39490100,1505,2508,39500000,28593
0,395,3950000,3950100,1505,2508,3960000,2854
0,3950,39500000,39500100,1505,2508,39510000,28599
0,3951,39510000,39510100,1505,2508,39520000,28607
0,3952,39520000,39520100,1505,2508,39530000,28617
0,3953,39530000,39530100,1505,2508,39540000,28618
0,3954,39540000,39540100,1505,2508,39550000,28629
0,3955,39550000,39550100,1505,2508,39560000,28638
0,3956,39560000,39560100,1505,2508,39570000,28642
0,3957,39570000,39570100,1505,2508,39580000,28652
0,3958,39580000,39580100,1505,2508,39590000,28659
0,3959,39590000,39590100,1505,2508,39600000,28660
0,396,3960000,3960100,1505,2508,3970000,2866
0,3960,39600000,39600100,1505,2508,39610000,28675
0,3961,39610000,39610100,1505,2508,39620000,28680
0,3962,39620000,39620100,1505,2508,39630000,28686
0,3963,39630000,39630100,1505,2508,39640000,28694
0,3964,39640000,39640100,1505,2508,39650000,28702
0,3965,39650000,39650100,1505,2508,39660000,28707
0,3966,39660000,39660100,1505,2508,39670000,28717
0,3967,39670000,39670100,1505,2508,39680000,28724
0,3968,39680000,39680100,1505,2508,39690000,28728
0,3969,39690000,39690100,1505,2508,39700000,28737
0,397,3970000,3970100,1505,2508,3980000,2873
0,3970,39700000,39700100,1505,2508,39710000,28747
0,3971,39710000,39710100,1505,2508,39720000,28749
0,3972,39720000,39720100,1505,2508,39730000,28762
0,3973,39730000,39730100,1505,2508,39740000,28767
0,3974,39740000,39740100,1505,2508,39750000,28770
0,3975,39750000,39750100,1505,2508,39760000,28781
0,3976,39760000,39760100,1505,2508,39770000,28791
0,3977,39770000,39770100,1505,2508,39780000,28794
0,3978,39780000,39780100,1505,2508,39790000,28804
0,3979,39790000,39790100,1505,2508,39800000,28809
0,398,3980000,3980100,1505,2508,3990000,2876
0,3980,39800000,39800100,1505,2508,39810000,28816
0,3981,39810000,39810100,1505,2508,39820000,28824
0,3982,39820000,39820100,1505,2508,39830000,28834
0,3983,39830000,39830100,1505,2508,39840000,28836
0,3984,39840000,39840100,1505,2508,39850000,28847
0,3985,39850000,39850100,1505,2508,39860000,28855
0,3986,39860000,39860100,1505,2508,39870000,28858
0,3987,39870000,39870100,1505,2508,39880000,28869
0,3988,39880000,39880100,1505,2508,39890000,28877
0,3989,39890000,39890100,1505,2508,39900000,28878
0,399,3990000,3990100,1505,2508,4000000,2885
0,3990,39900000,39900100,1505,2508,39910000,28892
0,3991,39910000,39910100,1505,2508,39920000,28897
0,3992,39920000,39920100,1505,2508,39930000,28903
0,3993,39930000,39930100,1505,2508,39940000,28912
0,3994,39940000,39940100,1505,2508,39950000,28919
0,3995,39950000,39950100,1505,2508,39960000,28923
0,3996,39960000,39960100,1505,2508,39970000,28934
0,3997,39970000,39970100,1505,2508,39980000,28942
0,3998,39980000,39980100,1505,2508,39990000,28946
0,3999,39990000,39990100,1505,2508,40000000,28954
0,4,40000,40100,1505,2508,50000,26
0,40,400000,400100,1505,2508,410000,289
0,400,4000000,4000100,1505,2508,4010000,2896
0,4000,40000000,40000100,1505,2508,40010000,28965
0,4001,40010000,40010100,1505,2508,40020000,28966
0,4002,40020000,40020100,1505,2508,40030000,28978
0,4003,40030000,40030100,1505,2508,40040000,28983
0,4004,40040000,40040100,1505,2508,40050000,28989
0,4005,40050000,40050100,1505,2508,40060000,29000
0,4006,40060000,40060100,1505,2508,40070000,29007
0,4007,40070000,40070100,1505,2508,40080000,29010
0,4008,40080000,40080100,1505,2508,40090000,29021
0,4009,40090000,40090100,1505,2508,40100000,29027
0,401,4010000,4010100,1505,2508,4020000,2898
0,4010,40100000,40100100,1505,2508,40110000,29033
0,4011,40110000,40110100,1505,2508,40120000,29042
0,4012,40120000,40120100,1505,2508,40130000,29052
0,4013,40130000,40130100,1505,2508,40140000,29053
0,4014,40140000,40140100,1505,2508,40150000,29063
0,4015,40150000,40150100,1505,2508,40160000,29072
0,4016,40160000,40160100,1505,2508,40170000,29076
0,4017,40170000,40170100,1505,2508,40180000,29086
0,4018,40180000,40180100,1505,2508,40190000,29094
0,4019,40190000,40190100,1505,2508,40200000,29095
0,402,4020000,4020100,1505,2508,4030000,2910
0,4020,40200000,40200100,1505,2508,40210000,29110
0,4021,40210000,40210100,1505,2508,40220000,29115
0,4022,40220000,40220100,1505,2508,40230000,29120
0,4023,40230000,40230100,1505,2508,40240000,29128
0,4024,40240000,40240100,1505,2508,40250000,29136
0,4025,40250000,40250100,1505,2508,40260000,29141
0,4026,40260000,40260100,1505,2508,40270000,29152
0,4027,40270000,40270100,1505,2508,40280000,29159
0,4028,40280000,40280100,1505,2508,40290000,29163
0,4029,40290000,40290100,1505,2508,40300000,29171
0,403,4030000,4030100,1505,2508,4040000,2915
0,4030,40300000,40300100,1505,2508,40310000,29181
0,4031,40310000,40310100,1505,2508,40320000,29183
0,4032,40320000,40320100,1505,2508,40330000,29197
0,4033,40330000,40330100,1505,2508,40340000,29202
0,4034,40340000,40340100,1505,2508,40350000,29205
0,4035,40350000,40350100,1505,2508,40360000,29216
0,4036,40360000,40360100,1505,2508,40370000,29224
0,4037,40370000,40370100,1505,2508,40380000,29228
0,4038,40380000,40380100,1505,2508,40390000,29238
0,4039,40390000,40390100,1505,2508,40400000,29244
0,404,4040000,4040100,1505,2508,4050000,2919
0,4040,40400000,40400100,1505,2508,40410000,29251
0,4041,40410000,40410100,1505,2508,40420000,29259
0,4042,40420000,40420100,1505,2508,40430000,29269
0,4043,40430000,40430100,1505,2508,40440000,29270
0,4044,40440000,40440100,1505,2508,40450000,29281
0,4045,40450000,40450100,1505,2508,40460000,29289
0,4046,40460000,40460100,1505,2508,40470000,29293
0,4047,40470000,40470100,1505,2508,40480000,29303
0,4048,40480000,40480100,1505,2508,40490000,29312
0,4049,40490000,40490100,1505,2508,40500000,29313
0,405,4050000,4050100,1505,2508,4060000,2930
0,4050,40500000,40500100,1505,2508,40510000,29326
0,4051,40510000,40510100,1505,2508,40520000,29331
0,4052,40520000,40520100,1505,2508,40530000,29337
0,4053,40530000,40530100,1505,2508,40540000,29347
0,4054,40540000,40540100,1505,2508,40550000,29354
0,4055,40550000,40550100,1505,2508,40560000,29358
0,4056,40560000,40560100,1505,2508,40570000,29369
0,4057,40570000,40570100,1505,2508,40580000,29376
0,4058,40580000,40580100,1505,2508,40590000,29379
0,4059,40590000,40590100,1505,2508,40600000,29388
0,406,4060000,4060100,1505,2508,4070000,2938
0,4060,40600000,40600100,1505,2508,40610000,29400
0,4061,40610000,40610100,1505,2508,40620000,29401
0,4062,40620000,40620100,1505,2508,40630000,29413
0,4063,40630000,40630100,1505,2508,40640000,29418
0,4064,40640000,40640100,1505,2508,40650000,29423
0,4065,40650000,40650100,1505,2508,40660000,29434
0,4066,40660000,40660100,1505,2508,40670000,29441
0,4067,40670000,40670100,1505,2508,40680000,29445
0,4068,40680000,40680100,1505,2508,40690000,29456
0,4069,40690000,40690100,1505,2508,40700000,29461
0,407,4070000,4070100,1505,2508,4080000,2942
0,4070,40700000,40700100,1505,2508,40710000,29468
0,4071,40710000,40710100,1505,2508,40720000,29476
0,4072,40720000,40720100,1505,2508,40730000,29486
0,4073,40730000,40730100,1505,2508,40740000,29487
0,4074,40740000,40740100,1505,2508,40750000,29498
0,4075,40750000,40750100,1505,2508,40760000,29507
0,4076,40760000,40760100,1505,2508,40770000,29511
0,4077,40770000,40770100,1505,2508,40780000,29521
0,4078,40780000,40780100,1505,2508,40790000,29528
0,4079,40790000,40790100,1505,2508,40800000,29529
0,408,4080000,4080100,1505,2508,4090000,2953
0,4080,40800000,40800100,1505,2508,40810000,29543
0,4081,40810000,40810100,1505,2508,40820000,29550
0,4082,40820000,40820100,1505,2508,40830000,29555
0,4083,40830000,40830100,1505,2508,40840000,29563
0,4084,40840000,40840100,1505,2508,40850000,29571
0,4085,40850000,40850100,1505,2508,40860000,29575
0,4086,40860000,40860100,1505,2508,40870000,29586
0,4087,40870000,40870100,1505,2508,40880000,29593
0,4088,40880000,40880100,1505,2508,40890000,29598
0,4089,40890000,40890100,1505,2508,40900000,29606
0,409,4090000,4090100,1505,2508,4100000,2958
0,4090,40900000,40900100,1505,2508,40910000,29616
0,4091,40910000,40910100,1505,2508,40920000,29617
0,4092,40920000,40920100,1505,2508,40930000,29631
0,4093,40930000,40930100,1505,2508,40940000,29636
0,4094,40940000,40940100,1505,2508,40950000,29639
0,4095,40950000,40950100,1505,2508,40960000,29651
0,4096,40960000,40960100,1505,2508,40970000,29659
0,4097,40970000,40970100,1505,2508,40980000,29663
0,4098,40980000,40980100,1505,2508,40990000,29673
0,4099,40990000,40990100,1505,2508,41000000,29678
0,41,410000,410100,1505,2508,420000,290
0,410,4100000,4100100,1505,2508,4110000,2964
0,4100,41000000,41000100,1505,2508,41010000,29685
0,4101,41010000,41010100,1505,2508,41020000,29693
0,4102,41020000,41020100,1505,2508,41030000,29703
0,4103,41030000,41030100,1505,2508,41040000,29705
0,4104,41040000,41040100,1505,2508,41050000,29716
0,4105,41050000,41050100,1505,2508,41060000,29724
0,4106,41060000,41060100,1505,2508,41070000,29727
0,4107,41070000,41070100,1505,2508,41080000,29737
0,4108,41080000,41080100,1505,2508,41090000,29746
0,4109,41090000,41090100,1505,2508,41100000,29748
0,411,4110000,4110100,1505,2508,4120000,2972
0,4110,41100000,41100100,1505,2508,41110000,29761
0,4111,41110000,41110100,1505,2508,41120000,29766
0,4112,41120000,41120100,1505,2508,41130000,29772
0,4113,41130000,41130100,1505,2508,41140000,29780
0,4114,41140000,41140100,1505,2508,41150000,29788
0,4115,41150000,41150100,1505,2508,41160000,29792
0,4116,41160000,41160100,1505,2508,41170000,29804
0,4117,41170000,41170100,1505,2508,41180000,29811
0,4118,41180000,41180100,1505,2508,41190000,29814
0,4119,41190000,41190100,1505,2508,41200000,29823
0,412,4120000,4120100,1505,2508,4130000,2983
0,4120,41200000,41200100,1505,2508,41210000,29834
0,4121,41210000,41210100,1505,2508,41220000,29835
0,4122,41220000,41220100,1505,2508,41230000,29847
0,4123,41230000,41230100,1505,2508,41240000,29853
0,4124,41240000,41240100,1505,2508,41250000,29857
0,4125,41250000,41250100,1505,2508,41260000,29869
0,4126,41260000,41260100,1505,2508,41270000,29876
0,4127,41270000,41270100,1505,2508,41280000,29879
0,4128,41280000,41280100,1505,2508,41290000,29890
0,4129,41290000,41290100,1505,2508,41300000,29895
0,413,4130000,4130100,1505,2508,4140000,2985
0,4130,41300000,41300100,1505,2508,41310000,29903
0,4131,41310000,41310100,1505,2508,41320000,29911
0,4132,41320000,41320100,1505,2508,41330000,29921
0,4133,41330000,41330100,1505,2508,41340000,29922
0,4134,41340000,41340100,1505,2508,41350000,29932
0,4135,41350000,41350100,1505,2508,41360000,29940
0,4136,41360000,41360100,1505,2508,41370000,29945
0,4137,41370000,41370100,1505,2508,41380000,29956
0,4138,41380000,41380100,1505,2508,41390000,29963
0,4139,41390000,41390100,1505,2508,41400000,29964
0,414,4140000,4140100,1505,2508,4150000,2995
0,4140,41400000,41400100,1505,2508,41410000,29978
0,4141,41410000,41410100,1505,2508,41420000,29984
0,4142,41420000,41420100,1505,2508,41430000,29989
0,4143,41430000,41430100,1505,2508,41440000,29997
0,4144,41440000,41440100,1505,2508,41450000,30006
0,4145,41450000,41450100,1505,2508,41460000,30010
0,4146,41460000,41460100,1505,2508,41470000,30020
0,4147,41470000,41470100,1505,2508,41480000,30028
0,4148,41480000,41480100,1505,2508,41490000,30032
0,4149,41490000,41490100,1505,2508,41500000,30040
0,415,4150000,4150100,1505,2508,4160000,3003
0,4150,41500000,41500100,1505,2508,41510000,30050
0,4151,41510000,41510100,1505,2508,41520000,30052
0,4152,41520000,41520100,1505,2508,41530000,30066
0,4153,41530000,41530100,1505,2508,41540000,30071
0,4154,41540000,41540100,1505,2508,41550000,30074
0,4155,41550000,41550100,1505,2508,41560000,30085
0,4156,41560000,41560100,1505,2508,41570000,30093
0,4157,41570000,41570100,1505,2508,41580000,30096
0,4158,41580000,41580100,1505,2508,41590000,30108
0,4159,41590000,41590100,1505,2508,41600000,30113
0,416,4160000,4160100,1505,2508,4170000,3007
0,4160,41600000,41600100,1505,2508,41610000,30120
0,4161,41610000,41610100,1505,2508,41620000,30128
0,4162,41620000,41620100,1505,2508,41630000,30137
0,4163,41630000,41630100,1505,2508,41640000,30139
0,4164,41640000,41640100,1505,2508,41650000,30150
0,4165,41650000,41650100,1505,2508,41660000,30159
0,4166,41660000,41660100,1505,2508,41670000,30162
0,4167,41670000,41670100,1505,2508,41680000,30172
0,4168,41680000,41680100,1505,2508,41690000,30180
0,4169,41690000,41690100,1505,2508,41700000,30182
0,417,4170000,4170100,1505,2508,4180000,3017
0,4170,41700000,41700100,1505,2508,41710000,30195
0,4171,41710000,41710100,1505,2508,41720000,30200
0,4172,41720000,41720100,1505,2508,41730000,30207
0,4173,41730000,41730100,1505,2508,41740000,30215
0,4174,41740000,41740100,1505,2508,41750000,30223
0,4175,41750000,41750100,1505,2508,41760000,30227
0,4176,41760000,41760100,1505,2508,41770000,30238
0,4177,41770000,41770100,1505,2508,41780000,30245
0,4178,41780000,41780100,1505,2508,41790000,30248
0,4179,41790000,41790100,1505,2508,41800000,30257
0,418,4180000,4180100,1505,2508,4190000,3025
0,4180,41800000,41800100,1505,2508,41810000,30269
0,4181,41810000,41810100,1505,2508,41820000,30270
0,4182,41820000,41820100,1505,2508,41830000,30282
0,4183,41830000,41830100,1505,2508,41840000,30287
0,4184,41840000,41840100,1505,2508,41850000,30291
0,4185,41850000,41850100,1505,2508,41860000,30303
0,4186,41860000,41860100,1505,2508,41870000,30311
0,4187,41870000,41870100,1505,2508,41880000,30314
0,4188,41880000,41880100,1505,2508,41890000,30325
0,4189,41890000,41890100,1505,2508,41900000,30330
0,419,4190000,4190100,1505,2508,4200000,3026
0,4190,41900000,41900100,1505,2508,41910000,30336
0,4191,41910000,41910100,1505,2508,41920000,30345
0,4192,41920000,41920100,1505,2508,41930000,30355
0,4193,41930000,41930100,1505,2508,41940000,30357
0,4194,41940000,41940100,1505,2508,41950000,30367
0,4195,41950000,41950100,1505,2508,41960000,30375
0,4196,41960000,41960100,1505,2508,41970000,30380
0,4197,41970000,41970100,1505,2508,41980000,30390
0,4198,41980000,41980100,1505,2508,41990000,30397
0,4199,41990000,41990100,1505,2508,42000000,30398
0,42,420000,420100,1505,2508,430000,303
0,420,4200000,4200100,1505,2508,4210000,3041
0,4200,42000000,42000100,1505,2508,42010000,30413
0,4201,42010000,42010100,1505,2508,42020000,30418
0,4202,42020000,42020100,1505,2508,42030000,30424
0,4203,42030000,42030100,1505,2508,42040000,30432
0,4204,42040000,42040100,1505,2508,42050000,30440
0,4205,42050000,42050100,1505,2508,42060000,30444
0,4206,42060000,42060100,1505,2508,42070000,30454
0,4207,42070000,42070100,1505,2508,42080000,30463
0,4208,42080000,42080100,1505,2508,42090000,30467
0,4209,42090000,42090100,1505,2508,42100000,30475
0,421,4210000,4210100,1505,2508,4220000,3046
0,4210,42100000,42100100,1505,2508,42110000,30485
0,4211,42110000,42110100,1505,2508,42120000,30486
0,4212,42120000,42120100,1505,2508,42130000,30499
0,4213,42130000,42130100,1505,2508,42140000,30505
0,4214,42140000,42140100,1505,2508,42150000,30509
0,4215,42150000,42150100,1505,2508,42160000,30520
0,4216,42160000,42160100,1505,2508,42170000,30528
0,4217,42170000,42170100,1505,2508,42180000,30531
0,4218,42180000,42180100,1505,2508,42190000,30542
0,4219,42190000,42190100,1505,2508,42200000,30547
0,422,4220000,4220100,1505,2508,4230000,3051
0,4220,42200000,42200100,1505,2508,42210000,30554
0,4221,42210000,42210100,1505,2508,42220000,30563
0,4222,42220000,42220100,1505,2508,42230000,30572
0,4223,42230000,42230100,1505,2508,42240000,30573
0,4224,42240000,42240100,1505,2508,42250000,30585
0,4225,42250000,42250100,1505,2508,42260000,30593
0,4226,42260000,42260100,1505,2508,42270000,30596
0,4227,42270000,42270100,1505,2508,42280000,30606
0,4228,42280000,42280100,1505,2508,42290000,30615
0,4229,42290000,42290100,1505,2508,42300000,30617
0,423,4230000,4230100,1505,2508,4240000,3060
0,4230,42300000,42300100,1505,2508,42310000,30630
0,4231,42310000,42310100,1505,2508,42320000,30635
0,4232,42320000,42320100,1505,2508,42330000,30641
0,4233,42330000,42330100,1505,2508,42340000,30649
0,4234,42340000,42340100,1505,2508,42350000,30656
0,4235,42350000,42350100,1505,2508,42360000,30662
0,4236,42360000,42360100,1505,2508,42370000,30673
0,4237,42370000,42370100,1505,2508,42380000,30680
0,4238,42380000,42380100,1505,2508,42390000,30683
0,4239,42390000,42390100,1505,2508,42400000,30691
0,424,4240000,4240100,1505,2508,4250000,3068
0,4240,42400000,42400100,1505,2508,42410000,30703
0,4241,42410000,42410100,1505,2508,42420000,30704
0,4242,42420000,42420100,1505,2508,42430000,30717
0,4243,42430000,42430100,1505,2508,42440000,30722
0,4244,42440000,42440100,1505,2508,42450000,30726
0,4245,42450000,42450100,1505,2508,42460000,30737
0,4246,42460000,42460100,1505,2508,42470000,30745
0,4247,42470000,42470100,1505,2508,42480000,30748
0,4248,42480000,42480100,1505,2508,42490000,30759
0,4249,42490000,42490100,1505,2508,42500000,30765
0,425,4250000,4250100,1505,2508,4260000,3072
0,4250,42500000,42500100,1505,2508,42510000,30771
0,4251,42510000,42510100,1505,2508,42520000,30780
0,4252,42520000,42520100,1505,2508,42530000,30790
0,4253,42530000,42530100,1505,2508,42540000,30791
0,4254,42540000,42540100,1505,2508,42550000,30801
0,4255,42550000,42550100,1505,2508,42560000,30809
0,4256,42560000,42560100,1505,2508,42570000,30814
0,4257,42570000,42570100,1505,2508,42580000,30825
0,4258,42580000,42580100,1505,2508,42590000,30832
0,4259,42590000,42590100,1505,2508,42600000,30833
0,426,4260000,4260100,1505,2508,4270000,3082
0,4260,42600000,42600100,1505,2508,42610000,30847
0,4261,42610000,42610100,1505,2508,42620000,30852
0,4262,42620000,42620100,1505,2508,42630000,30858
0,4263,42630000,42630100,1505,2508,42640000,30867
0,4264,42640000,42640100,1505,2508,42650000,30875
0,4265,42650000,42650100,1505,2508,42660000,30879
0,4266,42660000,42660100,1505,2508,42670000,30889
0,4267,42670000,42670100,1505,2508,42680000,30896
0,4268,42680000,42680100,1505,2508,42690000,30901
0,4269,42690000,42690100,1505,2508,42700000,30909
0,427,4270000,4270100,1505,2508,4280000,3090
0,4270,42700000,42700100,1505,2508,42710000,30920
0,4271,42710000,42710100,1505,2508,42720000,30921
0,4272,42720000,42720100,1505,2508,42730000,30934
0,4273,42730000,42730100,1505,2508,42740000,30940
0,4274,42740000,42740100,1505,2508,42750000,30943
0,4275,42750000,42750100,1505,2508,42760000,30954
0,4276,42760000,42760100,1505,2508,42770000,30962
0,4277,42770000,42770100,1505,2508,42780000,30966
0,4278,42780000,42780100,1505,2508,42790000,30976
0,4279,42790000,42790100,1505,2508,42800000,30982
0,428,4280000,4280100,1505,2508,4290000,3094
0,4280,42800000,42800100,1505,2508,42810000,30989
0,4281,42810000,42810100,1505,2508,42820000,30997
0,4282,42820000,42820100,1505,2508,42830000,31006
0,4283,42830000,42830100,1505,2508,42840000,31007
0,4284,42840000,42840100,1505,2508,42850000,31020
0,4285,42850000,42850100,1505,2508,42860000,31028
0,4286,42860000,42860100,1505,2508,42870000,31031
0,4287,42870000,42870100,1505,2508,42880000,31041
0,4288,42880000,42880100,1505,2508,42890000,31049
0,4289,42890000,42890100,1505,2508,42900000,31050
0,429,4290000,4290100,1505,2508,4300000,3103
0,4290,42900000,42900100,1505,2508,42910000,31064
0,4291,42910000,42910100,1505,2508,42920000,31070
0,4292,42920000,42920100,1505,2508,42930000,31076
0,4293,42930000,42930100,1505,2508,42940000,31084
0,4294,42940000,42940100,1505,2508,42950000,31091
0,4295,42950000,42950100,1505,2508,42960000,31096
0,4296,42960000,42960100,1505,2508,42970000,31107
0,4297,42970000,42970100,1505,2508,42980000,31114
0,4298,42980000,42980100,1505,2508,42990000,31118
0,4299,42990000,42990100,1505,2508,43000000,31126
0,43,430000,430100,1505,2508,440000,308
0,430,4300000,4300100,1505,2508,4310000,3113
0,4300,43000000,43000100,1505,2508,43010000,31137
0,4301,43010000,43010100,1505,2508,43020000,31139
0,4302,43020000,43020100,1505,2508,43030000,31151
0,4303,43030000,43030100,1505,2508,43040000,31156
0,4304,43040000,43040100,1505,2508,43050000,31160
0,4305,43050000,43050100,1505,2508,43060000,31172
0,4306,43060000,43060100,1505,2508,43070000,31180
0,4307,43070000,43070100,1505,2508,43080000,31183
0,4308,43080000,43080100,1505,2508,43090000,31194
0,4309,43090000,43090100,1505,2508,43100000,31199
0,431,4310000,4310100,1505,2508,4320000,3114
0,4310,43100000,43100100,1505,2508,43110000,31205
0,4311,43110000,43110100,1505,2508,43120000,31213
0,4312,43120000,43120100,1505,2508,43130000,31225
0,4313,43130000,43130100,1505,2508,43140000,31226
0,4314,43140000,43140100,1505,2508,43150000,31236
0,4315,43150000,43150100,1505,2508,43160000,31244
0,4316,43160000,43160100,1505,2508,43170000,31248
0,4317,43170000,43170100,1505,2508,43180000,31259
0,4318,43180000,43180100,1505,2508,43190000,31266
0,4319,43190000,43190100,1505,2508,43200000,31268
0,432,4320000,4320100,1505,2508,4330000,3127
0,4320,43200000,43200100,1505,2508,43210000,31282
0,4321,43210000,43210100,1505,2508,43220000,31287
0,4322,43220000,43220100,1505,2508,43230000,31292
0,4323,43230000,43230100,1505,2508,43240000,31301
0,4324,43240000,43240100,1505,2508,43250000,31309
0,4325,43250000,43250100,1505,2508,43260000,31313
0,4326,43260000,43260100,1505,2508,43270000,31324
0,4327,43270000,43270100,1505,2508,43280000,31331
0,4328,43280000,43280100,1505,2508,43290000,31336
0,4329,43290000,43290100,1505,2508,43300000,31344
0,433,4330000,4330100,1505,2508,4340000,3132
0,4330,43300000,43300100,1505,2508,43310000,31354
0,4331,43310000,43310100,1505,2508,43320000,31355
0,4332,43320000,43320100,1505,2508,43330000,31368
0,4333,43330000,43330100,1505,2508,43340000,31374
0,4334,43340000,43340100,1505,2508,43350000,31378
0,4335,43350000,43350100,1505,2508,43360000,31389
0,4336,43360000,43360100,1505,2508,43370000,31397
0,4337,43370000,43370100,1505,2508,43380000,31400
0,4338,43380000,43380100,1505,2508,43390000,31410
0,4339,43390000,43390100,1505,2508,43400000,31416
0,434,4340000,4340100,1505,2508,4350000,3137
0,4340,43400000,43400100,1505,2508,43410000,31424
0,4341,43410000,43410100,1505,2508,43420000,31432
0,4342,43420000,43420100,1505,2508,43430000,31441
0,4343,43430000,43430100,1505,2508,43440000,31442
0,4344,43440000,43440100,1505,2508,43450000,31453
0,4345,43450000,43450100,1505,2508,43460000,31462
0,4346,43460000,43460100,1505,2508,43470000,31465
0,4347,43470000,43470100,1505,2508,43480000,31476
0,4348,43480000,43480100,1505,2508,43490000,31484
0,4349,43490000,43490100,1505,2508,43500000,31485
0,435,4350000,4350100,1505,2508,4360000,3148
0,4350,43500000,43500100,1505,2508,43510000,31499
0,4351,43510000,43510100,1505,2508,43520000,31504
0,4352,43520000,43520100,1505,2508,43530000,31510
0,4353,43530000,43530100,1505,2508,43540000,31518
0,4354,43540000,43540100,1505,2508,43550000,31526
0,4355,43550000,43550100,1505,2508,43560000,31530
0,4356,43560000,43560100,1505,2508,43570000,31542
0,4357,43570000,43570100,1505,2508,43580000,31549
0,4358,43580000,43580100,1505,2508,43590000,31552
0,4359,43590000,43590100,1505,2508,43600000,31560
0,436,4360000,4360100,1505,2508,4370000,3156
0,4360,43600000,43600100,1505,2508,43610000,31571
0,4361,43610000,43610100,1505,2508,43620000,31574
0,4362,43620000,43620100,1505,2508,43630000,31586
0,4363,43630000,43630100,1505,2508,43640000,31591
0,4364,43640000,43640100,1505,2508,43650000,31595
0,4365,43650000,43650100,1505,2508,43660000,31606
0,4366,43660000,43660100,1505,2508,43670000,31613
0,4367,43670000,43670100,1505,2508,43680000,31617
0,4368,43680000,43680100,1505,2508,43690000,31629
0,4369,43690000,43690100,1505,2508,43700000,31634
0,437,4370000,4370100,1505,2508,4380000,3159
0,4370,43700000,43700100,1505,2508,43710000,31640
0,4371,43710000,43710100,1505,2508,43720000,31648
0,4372,43720000,43720100,1505,2508,43730000,31659
0,4373,43730000,43730100,1505,2508,43740000,31660
0,4374,43740000,43740100,1505,2508,43750000,31670
0,4375,43750000,43750100,1505,2508,43760000,31679
0,4376,43760000,43760100,1505,2508,43770000,31683
0,4377,43770000,43770100,1505,2508,43780000,31693
0,4378,43780000,43780100,1505,2508,43790000,31701
0,4379,43790000,43790100,1505,2508,43800000,31702
0,438,4380000,4380100,1505,2508,4390000,3169
0,4380,43800000,43800100,1505,2508,43810000,31716
0,4381,43810000,43810100,1505,2508,43820000,31721
0,4382,43820000,43820100,1505,2508,43830000,31727
0,4383,43830000,43830100,1505,2508,43840000,31736
0,4384,43840000,43840100,1505,2508,43850000,31744
0,4385,43850000,43850100,1505,2508,43860000,31748
0,4386,43860000,43860100,1505,2508,43870000,31758
0,4387,43870000,43870100,1505,2508,43880000,31765
0,4388,43880000,43880100,1505,2508,43890000,31769
0,4389,43890000,43890100,1505,2508,43900000,31779
0,439,4390000,4390100,1505,2508,4400000,3174
0,4390,43900000,43900100,1505,2508,43910000,31789
0,4391,43910000,43910100,1505,2508,43920000,31790
0,4392,43920000,43920100,1505,2508,43930000,31803
0,4393,43930000,43930100,1505,2508,43940000,31808
0,4394,43940000,43940100,1505,2508,43950000,31812
0,4395,43950000,43950100,1505,2508,43960000,31823
0,4396,43960000,43960100,1505,2508,43970000,31832
0,4397,43970000,43970100,1505,2508,43980000,31835
0,4398,43980000,43980100,1505,2508,43990000,31845
0,4399,43990000,43990100,1505,2508,44000000,31850
0,44,440000,440100,1505,2508,450000,313
0,440,4400000,4400100,1505,2508,4410000,3182
0,4400,44000000,44000100,1505,2508,44010000,31858
0,4401,44010000,44010100,1505,2508,44020000,31866
0,4402,44020000,44020100,1505,2508,44030000,31875
0,4403,44030000,44030100,1505,2508,44040000,31877
0,4404,44040000,44040100,1505,2508,44050000,31888
0,4405,44050000,44050100,1505,2508,44060000,31897
0,4406,44060000,44060100,1505,2508,44070000,31900
0,4407,44070000,44070100,1505,2508,44080000,31910
0,4408,44080000,44080100,1505,2508,44090000,31918
0,4409,44090000,44090100,1505,2508,44100000,31919
0,441,4410000,4410100,1505,2508,4420000,3191
0,4410,44100000,44100100,1505,2508,44110000,31933
0,4411,44110000,44110100,1505,2508,44120000,31939
0,4412,44120000,44120100,1505,2508,44130000,31945
0,4413,44130000,44130100,1505,2508,44140000,31953
0,4414,44140000,44140100,1505,2508,44150000,31960
0,4415,44150000,44150100,1505,2508,44160000,31964
0,4416,44160000,44160100,1505,2508,44170000,31976
0,4417,44170000,44170100,1505,2508,44180000,31984
0,4418,44180000,44180100,1505,2508,44190000,31987
0,4419,44190000,44190100,1505,2508,44200000,31995
0,442,4420000,4420100,1505,2508,4430000,3200
0,4420,44200000,44200100,1505,2508,44210000,32006
0,4421,44210000,44210100,1505,2508,44220000,32007
0,4422,44220000,44220100,1505,2508,44230000,32020
0,4423,44230000,44230100,1505,2508,44240000,32025
0,4424,44240000,44240100,1505,2508,44250000,32030
0,4425,44250000,44250100,1505,2508,44260000,32041
0,4426,44260000,44260100,1505,2508,44270000,32048
0,4427,44270000,44270100,1505,2508,44280000,32052
0,4428,44280000,44280100,1505,2508,44290000,32063
0,4429,44290000,44290100,1505,2508,44300000,32068
0,443,4430000,4430100,1505,2508,4440000,3201
0,4430,44300000,44300100,1505,2508,44310000,32074
0,4431,44310000,44310100,1505,2508,44320000,32083
0,4432,44320000,44320100,1505,2508,44330000,32093
0,4433,44330000,44330100,1505,2508,44340000,32095
0,4434,44340000,44340100,1505,2508,44350000,32105
0,4435,44350000,44350100,1505,2508,44360000,32113
0,4436,44360000,44360100,1505,2508,44370000,32117
0,4437,44370000,44370100,1505,2508,44380000,32127
0,4438,44380000,44380100,1505,2508,44390000,32136
0,4439,44390000,44390100,1505,2508,44400000,32137
0,444,4440000,4440100,1505,2508,4450000,3212
0,4440,44400000,44400100,1505,2508,44410000,32151
0,4441,44410000,44410100,1505,2508,44420000,32156
0,4442,44420000,44420100,1505,2508,44430000,32161
0,4443,44430000,44430100,1505,2508,44440000,32169
0,4444,44440000,44440100,1505,2508,44450000,32178
0,4445,44450000,44450100,1505,2508,44460000,32183
0,4446,44460000,44460100,1505,2508,44470000,32193
0,4447,44470000,44470100,1505,2508,44480000,32200
0,4448,44480000,44480100,1505,2508,44490000,32204
0,4449,44490000,44490100,1505,2508,44500000,32213
0,445,4450000,4450100,1505,2508,4460000,3221
0,4450,44500000,44500100,1505,2508,44510000,32223
0,4451,44510000,44510100,1505,2508,44520000,32224
0,4452,44520000,44520100,1505,2508,44530000,32238
0,4453,44530000,44530100,1505,2508,44540000,32243
0,4454,44540000,44540100,1505,2508,44550000,32246
0,4455,44550000,44550100,1505,2508,44560000,32258
0,4456,44560000,44560100,1505,2508,44570000,32266
0,4457,44570000,44570100,1505,2508,44580000,32269
0,4458,44580000,44580100,1505,2508,44590000,32279
0,4459,44590000,44590100,1505,2508,44600000,32285
0,446,4460000,4460100,1505,2508,4470000,3224
0,4460,44600000,44600100,1505,2508,44610000,32293
0,4461,44610000,44610100,1505,2508,44620000,32301
0,4462,44620000,44620100,1505,2508,44630000,32310
0,4463,44630000,44630100,1505,2508,44640000,32311
0,4464,44640000,44640100,1505,2508,44650000,32322
0,4465,44650000,44650100,1505,2508,44660000,32330
0,4466,44660000,44660100,1505,2508,44670000,32335
0,4467,44670000,44670100,1505,2508,44680000,32345
0,4468,44680000,44680100,1505,2508,44690000,32353
0,4469,44690000,44690100,1505,2508,44700000,32354
0,447,4470000,4470100,1505,2508,4480000,3234
0,4470,44700000,44700100,1505,2508,44710000,32367
0,4471,44710000,44710100,1505,2508,44720000,32373
0,4472,44720000,44720100,1505,2508,44730000,32379
0,4473,44730000,44730100,1505,2508,44740000,32388
0,4474,44740000,44740100,1505,2508,44750000,32395
0,4475,44750000,44750100,1505,2508,44760000,32399
0,4476,44760000,44760100,1505,2508,44770000,32410
0,4477,44770000,44770100,1505,2508,44780000,32418
0,4478,44780000,44780100,1505,2508,44790000,32421
0,4479,44790000,44790100,1505,2508,44800000,32429
0,448,4480000,4480100,1505,2508,4490000,3243
0,4480,44800000,44800100,1505,2508,44810000,32441
0,4481,44810000,44810100,1505,2508,44820000,32442
0,4482,44820000,44820100,1505,2508,44830000,32455
0,4483,44830000,44830100,1505,2508,44840000,32460
0,4484,44840000,44840100,1505,2508,44850000,32464
0,4485,44850000,44850100,1505,2508,44860000,32475
0,4486,44860000,44860100,1505,2508,44870000,32482
0,4487,44870000,44870100,1505,2508,44880000,32486
0,4488,44880000,44880100,1505,2508,44890000,32498
0,4489,44890000,44890100,1505,2508,44900000,32503
0,449,4490000,4490100,1505,2508,4500000,3244
0,4490,44900000,44900100,1505,2508,44910000,32509
0,4491,44910000,44910100,1505,2508,44920000,32517
0,4492,44920000,44920100,1505,2508,44930000,32527
0,4493,44930000,44930100,1505,2508,44940000,32529
0,4494,44940000,44940100,1505,2508,44950000,32540
0,4495,44950000,44950100,1505,2508,44960000,32548
0,4496,44960000,44960100,1505,2508,44970000,32552
0,4497,44970000,44970100,1505,2508,44980000,32562
0,4498,44980000,44980100,1505,2508,44990000,32569
0,4499,44990000,44990100,1505,2508,45000000,32571
0,45,450000,450100,1505,2508,460000,324
0,450,4500000,4500100,1505,2508,4510000,3257
0,4500,45000000,45000100,1505,2508,45010000,32585
0,4501,45010000,45010100,1505,2508,45020000,32591
0,4502,45020000,45020100,1505,2508,45030000,32596
0,4503,45030000,45030100,1505,2508,45040000,32604
0,4504,45040000,45040100,1505,2508,45050000,32613
0,4505,45050000,45050100,1505,2508,45060000,32617
0,4506,45060000,45060100,1505,2508,45070000,32627
0,4507,45070000,45070100,1505,2508,45080000,32634
0,4508,45080000,45080100,1505,2508,45090000,32639
0,4509,45090000,45090100,1505,2508,45100000,32647
0,451,4510000,4510100,1505,2508,4520000,3263
0,4510,45100000,45100100,1505,2508,45110000,32658
0,4511,45110000,45110100,1505,2508,45120000,32659
0,4512,45120000,45120100,1505,2508,45130000,32672
0,4513,45130000,45130100,1505,2508,45140000,32677
0,4514,45140000,45140100,1505,2508,45150000,32680
0,4515,45150000,45150100,1505,2508,45160000,32693
0,4516,45160000,45160100,1505,2508,45170000,32701
0,4517,45170000,45170100,1505,2508,45180000,32704
0,4518,45180000,45180100,1505,2508,45190000,32714
0,4519,45190000,45190100,1505,2508,45200000,32719
0,452,4520000,4520100,1505,2508,4530000,3269
0,4520,45200000,45200100,1505,2508,45210000,32726
0,4521,45210000,45210100,1505,2508,45220000,32735
0,4522,45220000,45220100,1505,2508,45230000,32745
0,4523,45230000,45230100,1505,2508,45240000,32746
0,4524,45240000,45240100,1505,2508,45250000,32757
0,4525,45250000,45250100,1505,2508,45260000,32765
0,4526,45260000,45260100,1505,2508,45270000,32769
0,4527,45270000,45270100,1505,2508,45280000,32779
0,4528,45280000,45280100,1505,2508,45290000,32787
0,4529,45290000,45290100,1505,2508,45300000,32789
0,453,4530000,4530100,1505,2508,4540000,3277
0,4530,45300000,45300100,1505,2508,45310000,32802
0,4531,45310000,45310100,1505,2508,45320000,32807
0,4532,45320000,45320100,1505,2508,45330000,32814
0,4533,45330000,45330100,1505,2508,45340000,32822
0,4534,45340000,45340100,1505,2508,45350000,32829
0,4535,45350000,45350100,1505,2508,45360000,32833
0,4536,45360000,45360100,1505,2508,45370000,32845
0,4537,45370000,45370100,1505,2508,45380000,32853
0,4538,45380000,45380100,1505,2508,45390000,32856
0,4539,45390000,45390100,1505,2508,45400000,32864
0,454,4540000,4540100,1505,2508,4550000,3284
0,4540,45400000,45400100,1505,2508,45410000,32875
0,4541,45410000,45410100,1505,2508,45420000,32876
0,4542,45420000,45420100,1505,2508,45430000,32888
0,4543,45430000,45430100,1505,2508,45440000,32895
0,4544,45440000,45440100,1505,2508,45450000,32899
0,4545,45450000,45450100,1505,2508,45460000,32910
0,4546,45460000,45460100,1505,2508,45470000,32917
0,4547,45470000,45470100,1505,2508,45480000,32920
0,4548,45480000,45480100,1505,2508,45490000,32932
0,4549,45490000,45490100,1505,2508,45500000,32937
0,455,4550000,4550100,1505,2508,4560000,3289
0,4550,45500000,45500100,1505,2508,45510000,32944
0,4551,45510000,45510100,1505,2508,45520000,32952
0,4552,45520000,45520100,1505,2508,45530000,32962
0,4553,45530000,45530100,1505,2508,45540000,32963
0,4554,45540000,45540100,1505,2508,45550000,32974
0,4555,45550000,45550100,1505,2508,45560000,32982
0,4556,45560000,45560100,1505,2508,45570000,32986
0,4557,45570000,45570100,1505,2508,45580000,32997
0,4558,45580000,45580100,1505,2508,45590000,33004
0,4559,45590000,45590100,1505,2508,45600000,33006
0,456,4560000,4560100,1505,2508,4570000,3301
0,4560,45600000,45600100,1505,2508,45610000,33020
0,4561,45610000,45610100,1505,2508,45620000,33025
0,4562,45620000,45620100,1505,2508,45630000,33030
0,4563,45630000,45630100,1505,2508,45640000,33038
0,4564,45640000,45640100,1505,2508,45650000,33047
0,4565,45650000,45650100,1505,2508,45660000,33052
0,4566,45660000,45660100,1505,2508,45670000,33062
0,4567,45670000,45670100,1505,2508,45680000,33069
0,4568,45680000,45680100,1505,2508,45690000,33073
0,4569,45690000,45690100,1505,2508,45700000,33081
0,457,4570000,4570100,1505,2508,4580000,3308
0,4570,45700000,45700100,1505,2508,45710000,33092
0,4571,45710000,45710100,1505,2508,45720000,33094
0,4572,45720000,45720100,1505,2508,45730000,33107
0,4573,45730000,45730100,1505,2508,45740000,33112
0,4574,45740000,45740100,1505,2508,45750000,33115
0,4575,45750000,45750100,1505,2508,45760000,33126
0,4576,45760000,45760100,1505,2508,45770000,33135
0,4577,45770000,45770100,1505,2508,45780000,33138
0,4578,45780000,45780100,1505,2508,45790000,33149
0,4579,45790000,45790100,1505,2508,45800000,33154
0,458,4580000,4580100,1505,2508,4590000,3311
0,4580,45800000,45800100,1505,2508,45810000,33161
0,4581,45810000,45810100,1505,2508,45820000,33170
0,4582,45820000,45820100,1505,2508,45830000,33179
0,4583,45830000,45830100,1505,2508,45840000,33180
0,4584,45840000,45840100,1505,2508,45850000,33191
0,4585,45850000,45850100,1505,2508,45860000,33200
0,4586,45860000,45860100,1505,2508,45870000,33203
0,4587,45870000,45870100,1505,2508,45880000,33214
0,4588,45880000,45880100,1505,2508,45890000,33222
0,4589,45890000,45890100,1505,2508,45900000,33223
0,459,4590000,4590100,1505,2508,4600000,3319
0,4590,45900000,45900100,1505,2508,45910000,33236
0,4591,45910000,45910100,1505,2508,45920000,33241
0,4592,45920000,45920100,1505,2508,45930000,33249
0,4593,45930000,45930100,1505,2508,45940000,33257
0,4594,45940000,45940100,1505,2508,45950000,33264
0,4595,45950000,45950100,1505,2508,45960000,33268
0,4596,45960000,45960100,1505,2508,45970000,33279
0,4597,45970000,45970100,1505,2508,45980000,33286
0,4598,45980000,45980100,1505,2508,45990000,33290
0,4599,45990000,45990100,1505,2508,46000000,33299
0,46,460000,460100,1505,2508,470000,331
0,460,4600000,4600100,1505,2508,4610000,3330
0,4600,46000000,46000100,1505,2508,46010000,33310
0,4601,46010000,46010100,1505,2508,46020000,33311
0,4602,46020000,46020100,1505,2508,46030000,33323
0,4603,46030000,46030100,1505,2508,46040000,33329
0,4604,46040000,46040100,1505,2508,46050000,33333
0,4605,46050000,46050100,1505,2508,46060000,33344
0,4606,46060000,46060100,1505,2508,46070000,33352
0,4607,46070000,46070100,1505,2508,46080000,33355
0,4608,46080000,46080100,1505,2508,46090000,33366
0,4609,46090000,46090100,1505,2508,46100000,33372
0,461,4610000,4610100,1505,2508,4620000,3331
0,4610,46100000,46100100,1505,2508,46110000,33378
0,4611,46110000,46110100,1505,2508,46120000,33386
0,4612,46120000,46120100,1505,2508,46130000,33396
0,4613,46130000,46130100,1505,2508,46140000,33398
0,4614,46140000,46140100,1505,2508,46150000,33409
0,4615,46150000,46150100,1505,2508,46160000,33417
0,4616,46160000,46160100,1505,2508,46170000,33421
0,4617,46170000,46170100,1505,2508,46180000,33431
0,4618,46180000,46180100,1505,2508,46190000,33438
0,4619,46190000,46190100,1505,2508,46200000,33439
0,462,4620000,4620100,1505,2508,4630000,3345
0,463,4630000,4630100,1505,2508,4640000,3350
0,464,4640000,4640100,1505,2508,4650000,3354
0,465,4650000,4650100,1505,2508,4660000,3365
0,466,4660000,4660100,1505,2508,4670000,3372
0,467,4670000,4670100,1505,2508,4680000,3376
0,468,4680000,4680100,1505,2508,4690000,3387
0,469,4690000,4690100,1505,2508,4700000,3393
0,47,470000,470100,1505,2508,480000,334
0,470,4700000,4700100,1505,2508,4710000,3399
0,471,4710000,4710100,1505,2508,4720000,3407
0,472,4720000,4720100,1505,2508,4730000,3417
0,473,4730000,4730100,1505,2508,4740000,3419
0,474,4740000,4740100,1505,2508,4750000,3429
0,475,4750000,4750100,1505,2508,4760000,3437
0,476,4760000,4760100,1505,2508,4770000,3442
0,477,4770000,4770100,1505,2508,4780000,3452
0,478,4780000,4780100,1505,2508,4790000,3460
0,479,4790000,4790100,1505,2508,4800000,3461
0,48,480000,480100,1505,2508,490000,345
0,480,4800000,4800100,1505,2508,4810000,3475
0,481,4810000,4810100,1505,2508,4820000,3480
0,482,4820000,4820100,1505,2508,4830000,3485
0,483,4830000,4830100,1505,2508,4840000,3494
0,484,4840000,4840100,1505,2508,4850000,3503
0,485,4850000,4850100,1505,2508,4860000,3507
0,486,4860000,4860100,1505,2508,4870000,3517
0,487,4870000,4870100,1505,2508,4880000,3524
0,488,4880000,4880100,1505,2508,4890000,3528
0,489,4890000,4890100,1505,2508,4900000,3537
0,49,490000,490100,1505,2508,500000,352
0,490,4900000,4900100,1505,2508,4910000,3548
0,491,4910000,4910100,1505,2508,4920000,3549
0,492,4920000,4920100,1505,2508,4930000,3562
0,493,4930000,4930100,1505,2508,4940000,3567
0,494,4940000,4940100,1505,2508,4950000,3570
0,495,4950000,4950100,1505,2508,4960000,3582
0,496,4960000,4960100,1505,2508,4970000,3590
0,497,4970000,4970100,1505,2508,4980000,3594
0,498,4980000,4980100,1505,2508,4990000,3604
0,499,4990000,4990100,1505,2508,5000000,3609
0,5,50000,50100,1505,2508,60000,31
0,50,500000,500100,1505,2508,510000,358
0,500,5000000,5000100,1505,2508,5010000,3617
0,501,5010000,5010100,1505,2508,5020000,3625
0,502,5020000,5020100,1505,2508,5030000,3634
0,503,5030000,5030100,1505,2508,5040000,3635
0,504,5040000,5040100,1505,2508,5050000,3647
0,505,5050000,5050100,1505,2508,5060000,3655
0,506,5060000,5060100,1505,2508,5070000,3659
0,507,5070000,5070100,1505,2508,5080000,3669
0,508,5080000,5080100,1505,2508,5090000,3677
0,509,5090000,5090100,1505,2508,5100000,3678
0,51,510000,510100,1505,2508,520000,366
0,510,5100000,5100100,1505,2508,5110000,3691
0,511,5110000,5110100,1505,2508,5120000,3698
0,512,5120000,5120100,1505,2508,5130000,3704
0,513,5130000,5130100,1505,2508,5140000,3712
0,514,5140000,5140100,1505,2508,5150000,3719
0,515,5150000,5150100,1505,2508,5160000,3723
0,516,5160000,5160100,1505,2508,5170000,3734
0,517,5170000,5170100,1505,2508,5180000,3742
0,518,5180000,5180100,1505,2508,5190000,3746
0,519,5190000,5190100,1505,2508,5200000,3754
0,52,520000,520100,1505,2508,530000,376
0,520,5200000,5200100,1505,2508,5210000,3765
0,521,5210000,5210100,1505,2508,5220000,3766
0,522,5220000,5220100,1505,2508,5230000,3779
0,523,5230000,5230100,1505,2508,5240000,3784
0,524,5240000,5240100,1505,2508,5250000,3788
0,525,5250000,5250100,1505,2508,5260000,3800
0,526,5260000,5260100,1505,2508,5270000,3807
0,527,5270000,5270100,1505,2508,5280000,3810
0,528,5280000,5280100,1505,2508,5290000,3822
0,529,5290000,5290100,1505,2508,5300000,3827
0,53,530000,530100,1505,2508,540000,377
0,530,5300000,5300100,1505,2508,5310000,3833
0,531,5310000,5310100,1505,2508,5320000,3841
0,532,5320000,5320100,1505,2508,5330000,3852
0,533,5330000,5330100,1505,2508,5340000,3854
0,534,5340000,5340100,1505,2508,5350000,3864
0,535,5350000,5350100,1505,2508,5360000,3872
0,536,5360000,5360100,1505,2508,5370000,3876
0,537,5370000,5370100,1505,2508,5380000,3886
0,538,5380000,5380100,1505,2508,5390000,3893
0,539,5390000,5390100,1505,2508,5400000,3896
0,54,540000,540100,1505,2508,550000,387
0,540,5400000,5400100,1505,2508,5410000,3910
0,541,5410000,5410100,1505,2508,5420000,3915
0,542,5420000,5420100,1505,2508,5430000,3920
0,543,5430000,5430100,1505,2508,5440000,3928
0,544,5440000,5440100,1505,2508,5450000,3937
0,545,5450000,5450100,1505,2508,5460000,3941
0,546,5460000,5460100,1505,2508,5470000,3952
0,547,5470000,5470100,1505,2508,5480000,3959
0,548,5480000,5480100,1505,2508,5490000,3963
0,549,5490000,5490100,1505,2508,5500000,3971
0,55,550000,550100,1505,2508,560000,396
0,550,5500000,5500100,1505,2508,5510000,3982
0,551,5510000,5510100,1505,2508,5520000,3983
0,552,5520000,5520100,1505,2508,5530000,3996
0,553,5530000,5530100,1505,2508,5540000,4002
0,554,5540000,5540100,1505,2508,5550000,4005
0,555,5550000,5550100,1505,2508,5560000,4017
0,556,5560000,5560100,1505,2508,5570000,4025
0,557,5570000,5570100,1505,2508,5580000,4028
0,558,5580000,5580100,1505,2508,5590000,4038
0,559,5590000,5590100,1505,2508,5600000,4043
0,56,560000,560100,1505,2508,570000,401
0,560,5600000,5600100,1505,2508,5610000,4051
0,561,5610000,5610100,1505,2508,5620000,4060
0,562,5620000,5620100,1505,2508,5630000,4069
0,563,5630000,5630100,1505,2508,5640000,4070
0,564,5640000,5640100,1505,2508,5650000,4081
0,565,5650000,5650100,1505,2508,5660000,4089
0,566,5660000,5660100,1505,2508,5670000,4093
0,567,5670000,5670100,1505,2508,5680000,4104
0,568,5680000,5680100,1505,2508,5690000,4112
0,569,5690000,5690100,1505,2508,5700000,4113
0,57,570000,570100,1505,2508,580000,411
0,570,5700000,5700100,1505,2508,5710000,4126
0,571,5710000,5710100,1505,2508,5720000,4131
0,572,5720000,5720100,1505,2508,5730000,4138
0,573,5730000,5730100,1505,2508,5740000,4146
0,574,5740000,5740100,1505,2508,5750000,4154
0,575,5750000,5750100,1505,2508,5760000,4158
0,576,5760000,5760100,1505,2508,5770000,4169
0,577,5770000,5770100,1505,2508,5780000,4177
0,578,5780000,5780100,1505,2508,5790000,4180
0,579,5790000,5790100,1505,2508,5800000,4188
0,58,580000,580100,1505,2508,590000,418
0,580,5800000,5800100,1505,2508,5810000,4199
0,581,5810000,5810100,1505,2508,5820000,4201
0,582,5820000,5820100,1505,2508,5830000,4213
0,583,5830000,5830100,1505,2508,5840000,4219
0,584,5840000,5840100,1505,2508,5850000,4223
0,585,5850000,5850100,1505,2508,5860000,4234
0,586,5860000,5860100,1505,2508,5870000,4241
0,587,5870000,5870100,1505,2508,5880000,4244
0,588,5880000,5880100,1505,2508,5890000,4257
0,589,5890000,5890100,1505,2508,5900000,4262
0,59,590000,590100,1505,2508,600000,419
0,590,5900000,5900100,1505,2508,5910000,4268
0,591,5910000,5910100,1505,2508,5920000,4276
0,592,5920000,5920100,1505,2508,5930000,4286
0,593,5930000,5930100,1505,2508,5940000,4287
0,594,5940000,5940100,1505,2508,5950000,4298
0,595,5950000,5950100,1505,2508,5960000,4307
0,596,5960000,5960100,1505,2508,5970000,4311
0,597,5970000,5970100,1505,2508,5980000,4321
0,598,5980000,5980100,1505,2508,5990000,4328
0,599,5990000,5990100,1505,2508,6000000,4330
0,6,60000,60100,1505,2508,70000,41
0,60,600000,600100,1505,2508,610000,434
0,600,6000000,6000100,1505,2508,6010000,4344
0,601,6010000,6010100,1505,2508,6020000,4349
0,602,6020000,6020100,1505,2508,6030000,4355
0,603,6030000,6030100,1505,2508,6040000,4363
0,604,6040000,6040100,1505,2508,6050000,4371
0,605,6050000,6050100,1505,2508,6060000,4376
0,606,6060000,6060100,1505,2508,6070000,4386
0,607,6070000,6070100,1505,2508,6080000,4393
0,608,6080000,6080100,1505,2508,6090000,4397
0,609,6090000,6090100,1505,2508,6100000,4406
0,61,610000,610100,1505,2508,620000,439
0,610,6100000,6100100,1505,2508,6110000,4417
0,611,6110000,6110100,1505,2508,6120000,4418
0,612,6120000,6120100,1505,2508,6130000,4431
0,613,6130000,6130100,1505,2508,6140000,4436
0,614,6140000,6140100,1505,2508,6150000,4439
0,615,6150000,6150100,1505,2508,6160000,4450
0,616,6160000,6160100,1505,2508,6170000,4460
0,617,6170000,6170100,1505,2508,6180000,4463
0,618,6180000,6180100,1505,2508,6190000,4473
0,619,6190000,6190100,1505,2508,6200000,4478
0,62,620000,620100,1505,2508,630000,444
0,620,6200000,6200100,1505,2508,6210000,4485
0,621,6210000,6210100,1505,2508,6220000,4494
0,622,6220000,6220100,1505,2508,6230000,4503
0,623,6230000,6230100,1505,2508,6240000,4505
0,624,6240000,6240100,1505,2508,6250000,4516
0,625,6250000,6250100,1505,2508,6260000,4524
0,626,6260000,6260100,1505,2508,6270000,4527
0,627,6270000,6270100,1505,2508,6280000,4538
0,628,6280000,6280100,1505,2508,6290000,4546
0,629,6290000,6290100,1505,2508,6300000,4547
0,63,630000,630100,1505,2508,640000,453
0,630,6300000,6300100,1505,2508,6310000,4561
0,631,6310000,6310100,1505,2508,6320000,4566
0,632,6320000,6320100,1505,2508,6330000,4573
0,633,6330000,6330100,1505,2508,6340000,4581
0,634,6340000,6340100,1505,2508,6350000,4588
0,635,6350000,6350100,1505,2508,6360000,4592
0,636,6360000,6360100,1505,2508,6370000,4603
0,637,6370000,6370100,1505,2508,6380000,4611
0,638,6380000,6380100,1505,2508,6390000,4615
0,639,6390000,6390100,1505,2508,6400000,4623
0,64,640000,640100,1505,2508,650000,461
0,640,6400000,6400100,1505,2508,6410000,4634
0,641,6410000,6410100,1505,2508,6420000,4635
0,642,6420000,6420100,1505,2508,6430000,4647
0,643,6430000,6430100,1505,2508,6440000,4653
0,644,6440000,6440100,1505,2508,6450000,4658
0,645,6450000,6450100,1505,2508,6460000,4669
0,646,6460000,6460100,1505,2508,6470000,4676
0,647,6470000,6470100,1505,2508,6480000,4679
0,648,6480000,6480100,1505,2508,6490000,4690
0,649,6490000,6490100,1505,2508,6500000,4696
0,65,650000,650100,1505,2508,660000,465
0,650,6500000,6500100,1505,2508,6510000,4702
0,651,6510000,6510100,1505,2508,6520000,4711
0,652,6520000,6520100,1505,2508,6530000,4721
0,653,6530000,6530100,1505,2508,6540000,4722
0,654,6540000,6540100,1505,2508,6550000,4733
0,655,6550000,6550100,1505,2508,6560000,4741
0,656,6560000,6560100,1505,2508,6570000,4745
0,657,6570000,6570100,1505,2508,6580000,4755
0,658,6580000,6580100,1505,2508,6590000,4763
0,659,6590000,6590100,1505,2508,6600000,4764
0,66,660000,660100,1505,2508,670000,476
0,660,6600000,6600100,1505,2508,6610000,4779
0,661,6610000,6610100,1505,2508,6620000,4784
0,662,6620000,6620100,1505,2508,6630000,4789
0,663,6630000,6630100,1505,2508,6640000,4797
0,664,6640000,6640100,1505,2508,6650000,4805
0,665,6650000,6650100,1505,2508,6660000,4811
0,666,6660000,6660100,1505,2508,6670000,4821
0,667,6670000,6670100,1505,2508,6680000,4828
0,668,6680000,6680100,1505,2508,6690000,4832
0,669,6690000,6690100,1505,2508,6700000,4840
0,67,670000,670100,1505,2508,680000,483
0,670,6700000,6700100,1505,2508,6710000,4850
0,671,6710000,6710100,1505,2508,6720000,4852
0,672,6720000,6720100,1505,2508,6730000,4866
0,673,6730000,6730100,1505,2508,6740000,4871
0,674,6740000,6740100,1505,2508,6750000,4874
0,675,6750000,6750100,1505,2508,6760000,4885
0,676,6760000,6760100,1505,2508,6770000,4894
0,677,6770000,6770100,1505,2508,6780000,4897
0,678,6780000,6780100,1505,2508,6790000,4907
0,679,6790000,6790100,1505,2508,6800000,4913
0,68,680000,680100,1505,2508,690000,487
0,680,6800000,6800100,1505,2508,6810000,4920
0,681,6810000,6810100,1505,2508,6820000,4928
0,682,6820000,6820100,1505,2508,6830000,4938
0,683,6830000,6830100,1505,2508,6840000,4939
0,684,6840000,6840100,1505,2508,6850000,4950
0,685,6850000,6850100,1505,2508,6860000,4958
0,686,6860000,6860100,1505,2508,6870000,4962
0,687,6870000,6870100,1505,2508,6880000,4973
0,688,6880000,6880100,1505,2508,6890000,4981
0,689,6890000,6890100,1505,2508,6900000,4982
0,69,690000,690100,1505,2508,700000,495
0,690,6900000,6900100,1505,2508,6910000,4995
0,691,6910000,6910100,1505,2508,6920000,5000
0,692,6920000,6920100,1505,2508,6930000,5006
0,693,6930000,6930100,1505,2508,6940000,5016
0,694,6940000,6940100,1505,2508,6950000,5023
0,695,6950000,6950100,1505,2508,6960000,5027
0,696,6960000,6960100,1505,2508,6970000,5038
0,697,6970000,6970100,1505,2508,6980000,5045
0,698,6980000,6980100,1505,2508,6990000,5049
0,699,6990000,6990100,1505,2508,7000000,5057
0,7,70000,70100,1505,2508,80000,49
0,70,700000,700100,1505,2508,710000,506
0,700,7000000,7000100,1505,2508,7010000,5069
0,701,7010000,7010100,1505,2508,7020000,5070
0,702,7020000,7020100,1505,2508,7030000,5082
0,703,7030000,7030100,1505,2508,7040000,5087
0,704,7040000,7040100,1505,2508,7050000,5092
0,705,7050000,7050100,1505,2508,7060000,5103
0,706,7060000,7060100,1505,2508,7070000,5110
0,707,7070000,7070100,1505,2508,7080000,5114
0,708,7080000,7080100,1505,2508,7090000,5125
0,709,7090000,7090100,1505,2508,7100000,5131
0,71,710000,710100,1505,2508,720000,508
0,710,7100000,7100100,1505,2508,7110000,5137
0,711,7110000,7110100,1505,2508,7120000,5145
0,712,7120000,7120100,1505,2508,7130000,5155
0,713,7130000,7130100,1505,2508,7140000,5156
0,714,7140000,7140100,1505,2508,7150000,5167
0,715,7150000,7150100,1505,2508,7160000,5176
0,716,7160000,7160100,1505,2508,7170000,5180
0,717,7170000,7170100,1505,2508,7180000,5190
0,718,7180000,7180100,1505,2508,7190000,5197
0,719,7190000,7190100,1505,2508,7200000,5198
0,72,720000,720100,1505,2508,730000,521
0,720,7200000,7200100,1505,2508,7210000,5213
0,721,7210000,7210100,1505,2508,7220000,5219
0,722,7220000,7220100,1505,2508,7230000,5224
0,723,7230000,7230100,1505,2508,7240000,5232
0,724,7240000,7240100,1505,2508,7250000,5240
0,725,7250000,7250100,1505,2508,7260000,5244
0,726,7260000,7260100,1505,2508,7270000,5255
0,727,7270000,7270100,1505,2508,7280000,5262
0,728,7280000,7280100,1505,2508,7290000,5267
0,729,7290000,7290100,1505,2508,7300000,5275
0,73,730000,730100,1505,2508,740000,526
0,730,7300000,7300100,1505,2508,7310000,5285
0,731,7310000,7310100,1505,2508,7320000,5287
0,732,7320000,7320100,1505,2508,7330000,5300
0,733,7330000,7330100,1505,2508,7340000,5305
0,734,7340000,7340100,1505,2508,7350000,5308
0,735,7350000,7350100,1505,2508,7360000,5320
0,736,7360000,7360100,1505,2508,7370000,5328
0,737,7370000,7370100,1505,2508,7380000,5332
0,738,7380000,7380100,1505,2508,7390000,5342
0,739,7390000,7390100,1505,2508,7400000,5347
0,74,740000,740100,1505,2508,750000,529
0,740,7400000,7400100,1505,2508,7410000,5354
0,741,7410000,7410100,1505,2508,7420000,5362
0,742,7420000,7420100,1505,2508,7430000,5373
0,743,7430000,7430100,1505,2508,7440000,5374
0,744,7440000,7440100,1505,2508,7450000,5385
0,745,7450000,7450100,1505,2508,7460000,5393
0,746,7460000,7460100,1505,2508,7470000,5396
0,747,7470000,7470100,1505,2508,7480000,5406
0,748,7480000,7480100,1505,2508,7490000,5415
0,749,7490000,7490100,1505,2508,7500000,5417
0,75,750000,750100,1505,2508,760000,540
0,750,7500000,7500100,1505,2508,7510000,5430
0,751,7510000,7510100,1505,2508,7520000,5435
0,752,7520000,7520100,1505,2508,7530000,5441
0,753,7530000,7530100,1505,2508,7540000,5450
0,754,7540000,7540100,1505,2508,7550000,5457
0,755,7550000,7550100,1505,2508,7560000,5461
0,756,7560000,7560100,1505,2508,7570000,5473
0,757,7570000,7570100,1505,2508,7580000,5480
0,758,7580000,7580100,1505,2508,7590000,5483
0,759,7590000,7590100,1505,2508,7600000,5492
0,76,760000,760100,1505,2508,770000,548
0,760,7600000,7600100,1505,2508,7610000,5503
0,761,7610000,7610100,1505,2508,7620000,5504
0,762,7620000,7620100,1505,2508,7630000,5516
0,763,7630000,7630100,1505,2508,7640000,5522
0,764,7640000,7640100,1505,2508,7650000,5527
0,765,7650000,7650100,1505,2508,7660000,5538
0,766,7660000,7660100,1505,2508,7670000,5545
0,767,7670000,7670100,1505,2508,7680000,5548
0,768,7680000,7680100,1505,2508,7690000,5559
0,769,7690000,7690100,1505,2508,7700000,5564
0,77,770000,770100,1505,2508,780000,553
0,770,7700000,7700100,1505,2508,7710000,5572
0,771,7710000,7710100,1505,2508,7720000,5580
0,772,7720000,7720100,1505,2508,7730000,5590
0,773,7730000,7730100,1505,2508,7740000,5591
0,774,7740000,7740100,1505,2508,7750000,5601
0,775,7750000,7750100,1505,2508,7760000,5610
0,776,7760000,7760100,1505,2508,7770000,5614
0,777,7770000,7770100,1505,2508,7780000,5625
0,778,7780000,7780100,1505,2508,7790000,5632
0,779,7790000,7790100,1505,2508,7800000,5633
0,78,780000,780100,1505,2508,790000,563
0,780,7800000,7800100,1505,2508,7810000,5647
0,781,7810000,7810100,1505,2508,7820000,5653
0,782,7820000,7820100,1505,2508,7830000,5658
0,783,7830000,7830100,1505,2508,7840000,5666
0,784,7840000,7840100,1505,2508,7850000,5675
0,785,7850000,7850100,1505,2508,7860000,5679
0,786,7860000,7860100,1505,2508,7870000,5690
0,787,7870000,7870100,1505,2508,7880000,5697
0,788,7880000,7880100,1505,2508,7890000,5701
0,789,7890000,7890100,1505,2508,7900000,5709
0,79,790000,790100,1505,2508,800000,568
0,790,7900000,7900100,1505,2508,7910000,5719
0,791,7910000,7910100,1505,2508,7920000,5721
0,792,7920000,7920100,1505,2508,7930000,5735
0,793,7930000,7930100,1505,2508,7940000,5740
0,794,7940000,7940100,1505,2508,7950000,5743
0,795,7950000,7950100,1505,2508,7960000,5754
0,796,7960000,7960100,1505,2508,7970000,5762
0,797,7970000,7970100,1505,2508,7980000,5766
0,798,7980000,7980100,1505,2508,7990000,5777
0,799,7990000,7990100,1505,2508,8000000,5782
0,8,80000,80100,1505,2508,90000,53
0,80,800000,800100,1505,2508,810000,575
0,800,8000000,8000100,1505,2508,8010000,5789
0,801,8010000,8010100,1505,2508,8020000,5797
0,802,8020000,8020100,1505,2508,8030000,5806
0,803,8030000,8030100,1505,2508,8040000,5808
0,804,8040000,8040100,1505,2508,8050000,5819
0,805,8050000,8050100,1505,2508,8060000,5828
0,806,8060000,8060100,1505,2508,8070000,5831
0,807,8070000,8070100,1505,2508,8080000,5841
0,808,8080000,8080100,1505,2508,8090000,5850
0,809,8090000,8090100,1505,2508,8100000,5851
0,81,810000,810100,1505,2508,820000,583
0,810,8100000,8100100,1505,2508,8110000,5864
0,811,8110000,8110100,1505,2508,8120000,5869
0,812,8120000,8120100,1505,2508,8130000,5876
0,813,8130000,8130100,1505,2508,8140000,5884
0,814,8140000,8140100,1505,2508,8150000,5892
0,815,8150000,8150100,1505,2508,8160000,5896
0,816,8160000,8160100,1505,2508,8170000,5907
0,817,8170000,8170100,1505,2508,8180000,5914
0,818,8180000,8180100,1505,2508,8190000,5917
0,819,8190000,8190100,1505,2508,8200000,5927
0,82,820000,820100,1505,2508,830000,593
0,820,8200000,8200100,1505,2508,8210000,5938
0,821,8210000,8210100,1505,2508,8220000,5939
0,822,8220000,8220100,1505,2508,8230000,5951
0,823,8230000,8230100,1505,2508,8240000,5956
0,824,8240000,8240100,1505,2508,8250000,5960
0,825,8250000,8250100,1505,2508,8260000,5972
0,826,8260000,8260100,1505,2508,8270000,5980
0,827,8270000,8270100,1505,2508,8280000,5983
0,828,8280000,8280100,1505,2508,8290000,5994
0,829,8290000,8290100,1505,2508,8300000,5999
0,83,830000,830100,1505,2508,840000,594
0,830,8300000,8300100,1505,2508,8310000,6006
0,831,8310000,8310100,1505,2508,8320000,6014
0,832,8320000,8320100,1505,2508,8330000,6024
0,833,8330000,8330100,1505,2508,8340000,6026
0,834,8340000,8340100,1505,2508,8350000,6036
0,835,8350000,8350100,1505,2508,8360000,6044
0,836,8360000,8360100,1505,2508,8370000,6049
0,837,8370000,8370100,1505,2508,8380000,6059
0,838,8380000,8380100,1505,2508,8390000,6066
0,839,8390000,8390100,1505,2508,8400000,6067
0,84,840000,840100,1505,2508,850000,606
0,840,8400000,8400100,1505,2508,8410000,6082
0,841,8410000,8410100,1505,2508,8420000,6088
0,842,8420000,8420100,1505,2508,8430000,6093
0,843,8430000,8430100,1505,2508,8440000,6101
0,844,8440000,8440100,1505,2508,8450000,6109
0,845,8450000,8450100,1505,2508,8460000,6113
0,846,8460000,8460100,1505,2508,8470000,6123
0,847,8470000,8470100,1505,2508,8480000,6132
0,848,8480000,8480100,1505,2508,8490000,6136
0,849,8490000,8490100,1505,2508,8500000,6144
0,85,850000,850100,1505,2508,860000,614
0,850,8500000,8500100,1505,2508,8510000,6154
0,851,8510000,8510100,1505,2508,8520000,6155
0,852,8520000,8520100,1505,2508,8530000,6169
0,853,8530000,8530100,1505,2508,8540000,6174
0,854,8540000,8540100,1505,2508,8550000,6178
0,855,8550000,8550100,1505,2508,8560000,6189
0,856,8560000,8560100,1505,2508,8570000,6197
0,857,8570000,8570100,1505,2508,8580000,6200
0,858,8580000,8580100,1505,2508,8590000,6211
0,859,8590000,8590100,1505,2508,8600000,6216
0,86,860000,860100,1505,2508,870000,617
0,860,8600000,8600100,1505,2508,8610000,6223
0,861,8610000,8610100,1505,2508,8620000,6232
0,862,8620000,8620100,1505,2508,8630000,6241
0,863,8630000,8630100,1505,2508,8640000,6243
0,864,8640000,8640100,1505,2508,8650000,6254
0,865,8650000,8650100,1505,2508,8660000,6262
0,866,8660000,8660100,1505,2508,8670000,6265
0,867,8670000,8670100,1505,2508,8680000,6275
0,868,8680000,8680100,1505,2508,8690000,6284
0,869,8690000,8690100,1505,2508,8700000,6286
0,87,870000,870100,1505,2508,880000,627
0,870,8700000,8700100,1505,2508,8710000,6299
0,871,8710000,8710100,1505,2508,8720000,6304
0,872,8720000,8720100,1505,2508,8730000,6310
0,873,8730000,8730100,1505,2508,8740000,6318
0,874,8740000,8740100,1505,2508,8750000,6326
0,875,8750000,8750100,1505,2508,8760000,6331
0,876,8760000,8760100,1505,2508,8770000,6342
0,877,8770000,8770100,1505,2508,8780000,6349
0,878,8780000,8780100,1505,2508,8790000,6352
0,879,8790000,8790100,1505,2508,8800000,6360
0,88,880000,880100,1505,2508,890000,636
0,880,8800000,8800100,1505,2508,8810000,6372
0,881,8810000,8810100,1505,2508,8820000,6373
0,882,8820000,8820100,1505,2508,8830000,6386
0,883,8830000,8830100,1505,2508,8840000,6391
0,884,8840000,8840100,1505,2508,8850000,6395
0,885,8850000,8850100,1505,2508,8860000,6407
0,886,8860000,8860100,1505,2508,8870000,6414
0,887,8870000,8870100,1505,2508,8880000,6417
0,888,8880000,8880100,1505,2508,8890000,6428
0,889,8890000,8890100,1505,2508,8900000,6434
0,89,890000,890100,1505,2508,900000,637
0,890,8900000,8900100,1505,2508,8910000,6440
0,891,8910000,8910100,1505,2508,8920000,6449
0,892,8920000,8920100,1505,2508,8930000,6459
0,893,8930000,8930100,1505,2508,8940000,6460
0,894,8940000,8940100,1505,2508,8950000,6470
0,895,8950000,8950100,1505,2508,8960000,6478
0,896,8960000,8960100,1505,2508,8970000,6484
0,897,8970000,8970100,1505,2508,8980000,6494
0,898,8980000,8980100,1505,2508,8990000,6501
0,899,8990000,8990100,1505,2508,9000000,6502
0,9,90000,90100,1505,2508,100000,61
0,90,900000,900100,1505,2508,910000,650
0,900,9000000,9000100,1505,2508,9010000,6516
0,901,9010000,9010100,1505,2508,9020000,6521
0,902,9020000,9020100,1505,2508,9030000,6527
0,903,9030000,9030100,1505,2508,9040000,6536
0,904,9040000,9040100,1505,2508,9050000,6544
0,905,9050000,9050100,1505,2508,9060000,6548
0,906,9060000,9060100,1505,2508,9070000,6558
0,907,9070000,9070100,1505,2508,9080000,6566
0,908,9080000,9080100,1505,2508,9090000,6570
0,909,9090000,9090100,1505,2508,9100000,6578
0,91,910000,910100,1505,2508,920000,656
0,910,9100000,9100100,1505,2508,9110000,6589
0,911,9110000,9110100,1505,2508,9120000,6590
0,912,9120000,9120100,1505,2508,9130000,6603
0,913,9130000,9130100,1505,2508,9140000,6609
0,914,9140000,9140100,1505,2508,9150000,6612
0,915,9150000,9150100,1505,2508,9160000,6623
0,916,9160000,9160100,1505,2508,9170000,6631
0,917,9170000,9170100,1505,2508,9180000,6635
0,918,9180000,9180100,1505,2508,9190000,6646
0,919,9190000,9190100,1505,2508,9200000,6651
0,92,920000,920100,1505,2508,930000,662
0,920,9200000,9200100,1505,2508,9210000,6658
0,921,9210000,9210100,1505,2508,9220000,6666
0,922,9220000,9220100,1505,2508,9230000,6675
0,923,9230000,9230100,1505,2508,9240000,6676
0,924,9240000,9240100,1505,2508,9250000,6689
0,925,9250000,9250100,1505,2508,9260000,6697
0,926,9260000,9260100,1505,2508,9270000,6700
0,927,9270000,9270100,1505,2508,9280000,6710
0,928,9280000,9280100,1505,2508,9290000,6718
0,929,9290000,9290100,1505,2508,9300000,6720
0,93,930000,930100,1505,2508,940000,671
0,930,9300000,9300100,1505,2508,9310000,6733
0,931,9310000,9310100,1505,2508,9320000,6739
0,932,9320000,9320100,1505,2508,9330000,6745
0,933,9330000,9330100,1505,2508,9340000,6753
0,934,9340000,9340100,1505,2508,9350000,6760
0,935,9350000,9350100,1505,2508,9360000,6765
0,936,9360000,9360100,1505,2508,9370000,6776
0,937,9370000,9370100,1505,2508,9380000,6783
0,938,9380000,9380100,1505,2508,9390000,6787
0,939,9390000,9390100,1505,2508,9400000,6795
0,94,940000,940100,1505,2508,950000,678
0,940,9400000,9400100,1505,2508,9410000,6807
0,941,9410000,9410100,1505,2508,9420000,6808
0,942,9420000,9420100,1505,2508,9430000,6820
0,943,9430000,9430100,1505,2508,9440000,6825
0,944,9440000,9440100,1505,2508,9450000,6829
0,945,9450000,9450100,1505,2508,9460000,6841
0,946,9460000,9460100,1505,2508,9470000,6849
0,947,9470000,9470100,1505,2508,9480000,6852
0,948,9480000,9480100,1505,2508,9490000,6863
0,949,9490000,9490100,1505,2508,9500000,6868
0,95,950000,950100,1505,2508,960000,682
0,950,9500000,9500100,1505,2508,9510000,6874
0,951,9510000,9510100,1505,2508,9520000,6883
0,952,9520000,9520100,1505,2508,9530000,6894
0,953,9530000,9530100,1505,2508,9540000,6895
0,954,9540000,9540100,1505,2508,9550000,6905
0,955,9550000,9550100,1505,2508,9560000,6913
0,956,9560000,9560100,1505,2508,9570000,6917
0,957,9570000,9570100,1505,2508,9580000,6928
0,958,9580000,9580100,1505,2508,9590000,6935
0,959,9590000,9590100,1505,2508,9600000,6937
0,96,960000,960100,1505,2508,970000,693
0,960,9600000,9600100,1505,2508,9610000,6951
0,961,9610000,9610100,1505,2508,9620000,6956
0,962,9620000,9620100,1505,2508,9630000,6962
0,963,9630000,9630100,1505,2508,9640000,6970
0,964,9640000,9640100,1505,2508,9650000,6978
0,965,9650000,9650100,1505,2508,9660000,6982
0,966,9660000,9660100,1505,2508,9670000,6993
0,967,9670000,9670100,1505,2508,9680000,7000
0,968,9680000,9680100,1505,2508,9690000,7005
0,969,9690000,9690100,1505,2508,9700000,7013
0,97,970000,970100,1505,2508,980000,700
0,970,9700000,9700100,1505,2508,9710000,7023
0,971,9710000,9710100,1505,2508,9720000,7024
0,972,9720000,9720100,1505,2508,9730000,7037
0,973,9730000,9730100,1505,2508,9740000,7044
0,974,9740000,9740100,1505,2508,9750000,7047
0,975,9750000,9750100,1505,2508,9760000,7058
0,976,9760000,9760100,1505,2508,9770000,7066
0,977,9770000,9770100,1505,2508,9780000,7069
0,978,9780000,9780100,1505,2508,9790000,7079
0,979,9790000,9790100,1505,2508,9800000,7085
0,98,980000,980100,1505,2508,990000,704
0,980,9800000,9800100,1505,2508,9810000,7093
0,981,9810000,9810100,1505,2508,9820000,7101
0,982,9820000,9820100,1505,2508,9830000,7110
0,983,9830000,9830100,1505,2508,9840000,7111
0,984,9840000,9840100,1505,2508,9850000,7123
0,985,9850000,9850100,1505,2508,9860000,7131
0,986,9860000,9860100,1505,2508,9870000,7134
0,987,9870000,9870100,1505,2508,9880000,7145
0,988,9880000,9880100,1505,2508,9890000,7153
0,989,9890000,9890100,1505,2508,9900000,7154
0,99,990000,990100,1505,2508,1000000,713
0,990,9900000,9900100,1505,2508,9910000,7168
0,991,9910000,9910100,1505,2508,9920000,7173
0,992,9920000,9920100,1505,2508,9930000,7179
0,993,9930000,9930100,1505,2508,9940000,7187
0,994,9940000,9940100,1505,2508,9950000,7195
0,995,9950000,9950100,1505,2508,9960000,7200
0,996,9960000,9960100,1505,2508,9970000,7211
0,997,9970000,9970100,1505,2508,9980000,7218
0,998,9980000,9980100,1505,2508,9990000,7221
0,999,9990000,9990100,1505,2508,10000000,7229
1,0,0,100,1026,1710,15000,1
1,1,15000,15100,1026,1710,30000,11
1,10,150000,150100,1026,1710,165000,110
1,100,1500000,1500100,1026,1710,1515000,1086
1,1000,15000000,15000100,1026,1710,15015000,10862
1,1001,15015000,15015100,1026,1710,15030000,10873
1,1002,15030000,15030100,1026,1710,15045000,10884
1,1003,15045000,15045100,1026,1710,15060000,10894
1,1004,15060000,15060100,1026,1710,15075000,10905
1,1005,15075000,15075100,1026,1710,15090000,10916
1,1006,15090000,15090100,1026,1710,15105000,10929
1,1007,15105000,15105100,1026,1710,15120000,10935
1,1008,15120000,15120100,1026,1710,15135000,10950
1,1009,15135000,15135100,1026,1710,15150000,10958
1,101,1515000,1515100,1026,1710,1530000,1097
1,1010,15150000,15150100,1026,1710,15165000,10972
1,1011,15165000,15165100,1026,1710,15180000,10980
1,1012,15180000,15180100,1026,1710,15195000,10992
1,1013,15195000,15195100,1026,1710,15210000,11004
1,1014,15210000,15210100,1026,1710,15225000,11014
1,1015,15225000,15225100,1026,1710,15240000,11023
1,1016,15240000,15240100,1026,1710,15255000,11037
1,1017,15255000,15255100,1026,1710,15270000,11046
1,1018,15270000,15270100,1026,1710,15285000,11059
1,1019,15285000,15285100,1026,1710,15300000,11066
1,102,1530000,1530100,1026,1710,1545000,1109
1,1020,15300000,15300100,1026,1710,15315000,11079
1,1021,15315000,15315100,1026,1710,15330000,11090
1,1022,15330000,15330100,1026,1710,15345000,11101
1,1023,15345000,15345100,1026,1710,15360000,11111
1,1024,15360000,15360100,1026,1710,15375000,11122
1,1025,15375000,15375100,1026,1710,15390000,11132
1,1026,15390000,15390100,1026,1710,15405000,11148
1,1027,15405000,15405100,1026,1710,15420000,11154
1,1028,15420000,15420100,1026,1710,15435000,11166
1,1029,15435000,15435100,1026,1710,15450000,11175
1,103,1545000,1545100,1026,1710,1560000,1118
1,1030,15450000,15450100,1026,1710,15465000,11189
1,1031,15465000,15465100,1026,1710,15480000,11198
1,1032,15480000,15480100,1026,1710,15495000,11209
1,1033,15495000,15495100,1026,1710,15510000,11220
1,1034,15510000,15510100,1026,1710,15525000,11232
1,1035,15525000,15525100,1026,1710,15540000,11240
1,1036,15540000,15540100,1026,1710,15555000,11254
1,1037,15555000,15555100,1026,1710,15570000,11264
1,1038,15570000,15570100,1026,1710,15585000,11276
1,1039,15585000,15585100,1026,1710,15600000,11282
1,104,1560000,1560100,1026,1710,1575000,1129
1,1040,15600000,15600100,1026,1710,15615000,11297
1,1041,15615000,15615100,1026,1710,15630000,11308
1,1042,15630000,15630100,1026,1710,15645000,11319
1,1043,15645000,15645100,1026,1710,15660000,11328
1,1044,15660000,15660100,1026,1710,15675000,11338
1,1045,15675000,15675100,1026,1710,15690000,11351
1,1046,15690000,15690100,1026,1710,15705000,11364
1,1047,15705000,15705100,1026,1710,15720000,11370
1,1048,15720000,15720100,1026,1710,15735000,11384
1,1049,15735000,15735100,1026,1710,15750000,11392
1,105,1575000,1575100,1026,1710,1590000,1139
1,1050,15750000,15750100,1026,1710,15765000,11407
1,1051,15765000,15765100,1026,1710,15780000,11415
1,1052,15780000,15780100,1026,1710,15795000,11426
1,1053,15795000,15795100,1026,1710,15810000,11438
1,1054,15810000,15810100,1026,1710,15825000,11449
1,1055,15825000,15825100,1026,1710,15840000,11457
1,1056,15840000,15840100,1026,1710,15855000,11472
1,1057,15855000,15855100,1026,1710,15870000,11480
1,1058,15870000,15870100,1026,1710,15885000,11493
1,1059,15885000,15885100,1026,1710,15900000,11501
1,106,1590000,1590100,1026,1710,1605000,1154
1,1060,15900000,15900100,1026,1710,15915000,11514
1,1061,15915000,15915100,1026,1710,15930000,11525
1,1062,15930000,15930100,1026,1710,15945000,11535
1,1063,15945000,15945100,1026,1710,15960000,11545
1,1064,15960000,15960100,1026,1710,15975000,11557
1,1065,15975000,15975100,1026,1710,15990000,11567
1,1066,15990000,15990100,1026,1710,16005000,11581
1,1067,16005000,16005100,1026,1710,16020000,11588
1,1068,16020000,16020100,1026,1710,16035000,11601
1,1069,16035000,16035100,1026,1710,16050000,11610
1,107,1605000,1605100,1026,1710,1620000,1161
1,1070,16050000,16050100,1026,1710,16065000,11624
1,1071,16065000,16065100,1026,1710,16080000,11632
1,1072,16080000,16080100,1026,1710,16095000,11643
1,1073,16095000,16095100,1026,1710,16110000,11655
1,1074,16110000,16110100,1026,1710,16125000,11667
1,1075,16125000,16125100,1026,1710,16140000,11675
1,1076,16140000,16140100,1026,1710,16155000,11688
1,1077,16155000,16155100,1026,1710,16170000,11697
1,1078,16170000,16170100,1026,1710,16185000,11711
1,1079,16185000,16185100,1026,1710,16200000,11717
1,108,1620000,1620100,1026,1710,1635000,1173
1,1080,16200000,16200100,1026,1710,16215000,11731
1,1081,16215000,16215100,1026,1710,16230000,11742
1,1082,16230000,16230100,1026,1710,16245000,11754
1,1083,16245000,16245100,1026,1710,16260000,11763
1,1084,16260000,16260100,1026,1710,16275000,11773
1,1085,16275000,16275100,1026,1710,16290000,11785
1,1086,16290000,16290100,1026,1710,16305000,11798
1,1087,16305000,16305100,1026,1710,16320000,11805
1,1088,16320000,16320100,1026,1710,16335000,11818
1,1089,16335000,16335100,1026,1710,16350000,11827
1,109,1635000,1635100,1026,1710,1650000,1182
1,1090,16350000,16350100,1026,1710,16365000,11841
1,1091,16365000,16365100,1026,1710,16380000,11849
1,1092,16380000,16380100,1026,1710,16395000,11861
1,1093,16395000,16395100,1026,1710,16410000,11873
1,1094,16410000,16410100,1026,1710,16425000,11883
1,1095,16425000,16425100,1026,1710,16440000,11891
1,1096,16440000,16440100,1026,1710,16455000,11907
1,1097,16455000,16455100,1026,1710,16470000,11915
1,1098,16470000,16470100,1026,1710,16485000,11928
1,1099,16485000,16485100,1026,1710,16500000,11934
1,11,165000,165100,1026,1710,180000,119
1,110,1650000,1650100,1026,1710,1665000,1196
1,1100,16500000,16500100,1026,1710,16515000,11948
1,1101,16515000,16515100,1026,1710,16530000,11960
1,1102,16530000,16530100,1026,1710,16545000,11970
1,1103,16545000,16545100,1026,1710,16560000,11980
1,1104,16560000,16560100,1026,1710,16575000,11991
1,1105,16575000,16575100,1026,1710,16590000,12001
1,1106,16590000,16590100,1026,1710,16605000,12016
1,1107,16605000,16605100,1026,1710,16620000,12023
1,1108,16620000,16620100,1026,1710,16635000,12035
1,1109,16635000,16635100,1026,1710,16650000,12044
1,111,1665000,1665100,1026,1710,1680000,1204
1,1110,16650000,16650100,1026,1710,16665000,12058
1,1111,16665000,16665100,1026,1710,16680000,12067
1,1112,16680000,16680100,1026,1710,16695000,12078
1,1113,16695000,16695100,1026,1710,16710000,12089
1,1114,16710000,16710100,1026,1710,16725000,12101
1,1115,16725000,16725100,1026,1710,16740000,12110
1,1116,16740000,16740100,1026,1710,16755000,12123
1,1117,16755000,16755100,1026,1710,16770000,12132
1,1118,16770000,16770100,1026,1710,16785000,12145
1,1119,16785000,16785100,1026,1710,16800000,12151
1,112,1680000,1680100,1026,1710,1695000,1216
1,1120,16800000,16800100,1026,1710,16815000,12166
1,1121,16815000,16815100,1026,1710,16830000,12176
1,1122,16830000,16830100,1026,1710,16845000,12188
1,1123,16845000,16845100,1026,1710,16860000,12197
1,1124,16860000,16860100,1026,1710,16875000,12208
1,1125,16875000,16875100,1026,1710,16890000,12220
1,1126,16890000,16890100,1026,1710,16905000,12233
1,1127,16905000,16905100,1026,1710,16920000,12239
1,1128,16920000,16920100,1026,1710,16935000,12252
1,1129,16935000,16935100,1026,1710,16950000,12262
1,113,1695000,1695100,1026,1710,1710000,1228
1,1130,16950000,16950100,1026,1710,16965000,12276
1,1131,16965000,16965100,1026,1710,16980000,12284
1,1132,16980000,16980100,1026,1710,16995000,12294
1,1133,16995000,16995100,1026,1710,17010000,12307
1,1134,17010000,17010100,1026,1710,17025000,12318
1,1135,17025000,17025100,1026,1710,17040000,12326
1,1136,17040000,17040100,1026,1710,17055000,12341
1,1137,17055000,17055100,1026,1710,17070000,12349
1,1138,17070000,17070100,1026,1710,17085000,12363
1,1139,17085000,17085100,1026,1710,17100000,12369
1,114,1710000,1710100,1026,1710,1725000,1239
1,1140,17100000,17100100,1026,1710,17115000,12383
1,1141,17115000,17115100,1026,1710,17130000,12394
1,1142,17130000,17130100,1026,1710,17145000,12404
1,1143,17145000,17145100,1026,1710,17160000,12414
1,1144,17160000,17160100,1026,1710,17175000,12426
1,1145,17175000,17175100,1026,1710,17190000,12436
1,1146,17190000,17190100,1026,1710,17205000,12450
1,1147,17205000,17205100,1026,1710,17220000,12457
1,1148,17220000,17220100,1026,1710,17235000,12470
1,1149,17235000,17235100,1026,1710,17250000,12479
1,115,1725000,1725100,1026,1710,1740000,1247
1,1150,17250000,17250100,1026,1710,17265000,12492
1,1151,17265000,17265100,1026,1710,17280000,12501
1,1152,17280000,17280100,1026,1710,17295000,12513
1,1153,17295000,17295100,1026,1710,17310000,12524
1,1154,17310000,17310100,1026,1710,17325000,12535
1,1155,17325000,17325100,1026,1710,17340000,12544
1,1156,17340000,17340100,1026,1710,17355000,12557
1,1157,17355000,17355100,1026,1710,17370000,12567
1,1158,17370000,17370100,1026,1710,17385000,12580
1,1159,17385000,17385100,1026,1710,17400000,12586
1,116,1740000,1740100,1026,1710,1755000,1261
1,1160,17400000,17400100,1026,1710,17415000,12600
1,1161,17415000,17415100,1026,1710,17430000,12610
1,1162,17430000,17430100,1026,1710,17445000,12623
1,1163,17445000,17445100,1026,1710,17460000,12632
1,1164,17460000,17460100,1026,1710,17475000,12642
1,1165,17475000,17475100,1026,1710,17490000,12653
1,1166,17490000,17490100,1026,1710,17505000,12668
1,1167,17505000,17505100,1026,1710,17520000,12674
1,1168,17520000,17520100,1026,1710,17535000,12687
1,1169,17535000,17535100,1026,1710,17550000,12696
1,117,1755000,1755100,1026,1710,1770000,1271
1,1170,17550000,17550100,1026,1710,17565000,12710
1,1171,17565000,17565100,1026,1710,17580000,12719
1,1172,17580000,17580100,1026,1710,17595000,12729
1,1173,17595000,17595100,1026,1710,17610000,12742
1,1174,17610000,17610100,1026,1710,17625000,12752
1,1175,17625000,17625100,1026,1710,17640000,12760
1,1176,17640000,17640100,1026,1710,17655000,12775
1,1177,17655000,17655100,1026,1710,17670000,12784
1,1178,17670000,17670100,1026,1710,17685000,12797
1,1179,17685000,17685100,1026,1710,17700000,12803
1,118,1770000,1770100,1026,1710,1785000,1283
1,1180,17700000,17700100,1026,1710,17715000,12818
1,1181,17715000,17715100,1026,1710,17730000,12829
1,1182,17730000,17730100,1026,1710,17745000,12839
1,1183,17745000,17745100,1026,1710,17760000,12848
1,1184,17760000,17760100,1026,1710,17775000,12860
1,1185,17775000,17775100,1026,1710,17790000,12871
1,1186,17790000,17790100,1026,1710,17805000,12885
1,1187,17805000,17805100,1026,1710,17820000,12891
1,1188,17820000,17820100,1026,1710,17835000,12904
1,1189,17835000,17835100,1026,1710,17850000,12913
1,119,1785000,1785100,1026,1710,1800000,1289
1,1190,17850000,17850100,1026,1710,17865000,12927
1,1191,17865000,17865100,1026,1710,17880000,12936
1,1192,17880000,17880100,1026,1710,17895000,12947
1,1193,17895000,17895100,1026,1710,17910000,12958
1,1194,17910000,17910100,1026,1710,17925000,12970
1,1195,17925000,17925100,1026,1710,17940000,12979
1,1196,17940000,17940100,1026,1710,17955000,12992
1,1197,17955000,17955100,1026,1710,17970000,13001
1,1198,17970000,17970100,1026,1710,17985000,13013
1,1199,17985000,17985100,1026,1710,18000000,13021
1,12,180000,180100,1026,1710,195000,129
1,120,1800000,1800100,1026,1710,1815000,1303
1,1200,18000000,18000100,1026,1710,18015000,13035
1,1201,18015000,18015100,1026,1710,18030000,13045
1,1202,18030000,18030100,1026,1710,18045000,13057
1,1203,18045000,18045100,1026,1710,18060000,13066
1,1204,18060000,18060100,1026,1710,18075000,13077
1,1205,18075000,18075100,1026,1710,18090000,13088
1,1206,18090000,18090100,1026,1710,18105000,13102
1,1207,18105000,18105100,1026,1710,18120000,13108
1,1208,18120000,18120100,1026,1710,18135000,13122
1,1209,18135000,18135100,1026,1710,18150000,13130
1,121,1815000,1815100,1026,1710,1830000,1315
1,1210,18150000,18150100,1026,1710,18165000,13145
1,1211,18165000,18165100,1026,1710,18180000,13153
1,1212,18180000,18180100,1026,1710,18195000,13163
1,1213,18195000,18195100,1026,1710,18210000,13177
1,1214,18210000,18210100,1026,1710,18225000,13187
1,1215,18225000,18225100,1026,1710,18240000,13195
1,1216,18240000,18240100,1026,1710,18255000,13209
1,1217,18255000,18255100,1026,1710,18270000,13218
1,1218,18270000,18270100,1026,1710,18285000,13232
1,1219,18285000,18285100,1026,1710,18300000,13238
1,122,1830000,1830100,1026,1710,1845000,1326
1,1220,18300000,18300100,1026,1710,18315000,13251
1,1221,18315000,18315100,1026,1710,18330000,13263
1,1222,18330000,18330100,1026,1710,18345000,13274
1,1223,18345000,18345100,1026,1710,18360000,13283
1,1224,18360000,18360100,1026,1710,18375000,13295
1,1225,18375000,18375100,1026,1710,18390000,13305
1,1226,18390000,18390100,1026,1710,18405000,13319
1,1227,18405000,18405100,1026,1710,18420000,13326
1,1228,18420000,18420100,1026,1710,18435000,13339
1,1229,18435000,18435100,1026,1710,18450000,13348
1,123,1845000,1845100,1026,1710,1860000,1335
1,1230,18450000,18450100,1026,1710,18465000,13361
1,1231,18465000,18465100,1026,1710,18480000,13369
1,1232,18480000,18480100,1026,1710,18495000,13382
1,1233,18495000,18495100,1026,1710,18510000,13393
1,1234,18510000,18510100,1026,1710,18525000,13404
1,1235,18525000,18525100,1026,1710,18540000,13413
1,1236,18540000,18540100,1026,1710,18555000,13427
1,1237,18555000,18555100,1026,1710,18570000,13436
1,1238,18570000,18570100,1026,1710,18585000,13448
1,1239,18585000,18585100,1026,1710,18600000,13455
1,124,1860000,1860100,1026,1710,1875000,1346
1,1240,18600000,18600100,1026,1710,18615000,13469
1,1241,18615000,18615100,1026,1710,18630000,13480
1,1242,18630000,18630100,1026,1710,18645000,13491
1,1243,18645000,18645100,1026,1710,18660000,13501
1,1244,18660000,18660100,1026,1710,18675000,13511
1,1245,18675000,18675100,1026,1710,18690000,13522
1,1246,18690000,18690100,1026,1710,18705000,13537
1,1247,18705000,18705100,1026,1710,18720000,13543
1,1248,18720000,18720100,1026,1710,18735000,13556
1,1249,18735000,18735100,1026,1710,18750000,13564
1,125,1875000,1875100,1026,1710,1890000,1357
1,1250,18750000,18750100,1026,1710,18765000,13580
1,1251,18765000,18765100,1026,1710,18780000,13588
1,1252,18780000,18780100,1026,1710,18795000,13598
1,1253,18795000,18795100,1026,1710,18810000,13610
1,1254,18810000,18810100,1026,1710,18825000,13621
1,1255,18825000,18825100,1026,1710,18840000,13630
1,1256,18840000,18840100,1026,1710,18855000,13644
1,1257,18855000,18855100,1026,1710,18870000,13653
1,1258,18870000,18870100,1026,1710,18885000,13666
1,1259,18885000,18885100,1026,1710,18900000,13672
1,126,1890000,1890100,1026,1710,1905000,1371
1,1260,18900000,18900100,1026,1710,18915000,13686
1,1261,18915000,18915100,1026,1710,18930000,13698
1,1262,18930000,18930100,1026,1710,18945000,13708
1,1263,18945000,18945100,1026,1710,18960000,13717
1,1264,18960000,18960100,1026,1710,18975000,13729
1,1265,18975000,18975100,1026,1710,18990000,13740
1,1266,18990000,18990100,1026,1710,19005000,13754
1,1267,19005000,19005100,1026,1710,19020000,13760
1,1268,19020000,19020100,1026,1710,19035000,13773
1,1269,19035000,19035100,1026,1710,19050000,13783
1,127,1905000,1905100,1026,1710,1920000,1377
1,1270,19050000,19050100,1026,1710,19065000,13796
1,1271,19065000,19065100,1026,1710,19080000,13804
1,1272,19080000,19080100,1026,1710,19095000,13816
1,1273,19095000,19095100,1026,1710,19110000,13827
1,1274,19110000,19110100,1026,1710,19125000,13839
1,1275,19125000,19125100,1026,1710,19140000,13847
1,1276,19140000,19140100,1026,1710,19155000,13861
1,1277,19155000,19155100,1026,1710,19170000,13870
1,1278,19170000,19170100,1026,1710,19185000,13883
1,1279,19185000,19185100,1026,1710,19200000,13890
1,128,1920000,1920100,1026,1710,1935000,1391
1,1280,19200000,19200100,1026,1710,19215000,13904
1,1281,19215000,19215100,1026,1710,19230000,13914
1,1282,19230000,19230100,1026,1710,19245000,13925
1,1283,19245000,19245100,1026,1710,19260000,13936
1,1284,19260000,19260100,1026,1710,19275000,13946
1,1285,19275000,19275100,1026,1710,19290000,13957
1,1286,19290000,19290100,1026,1710,19305000,13970
1,1287,19305000,19305100,1026,1710,19320000,13977
1,1288,19320000,19320100,1026,1710,19335000,13991
1,1289,19335000,19335100,1026,1710,19350000,13999
1,129,1935000,1935100,1026,1710,1950000,1399
1,1290,19350000,19350100,1026,1710,19365000,14014
1,1291,19365000,19365100,1026,1710,19380000,14022
1,1292,19380000,19380100,1026,1710,19395000,14033
1,1293,19395000,19395100,1026,1710,19410000,14045
1,1294,19410000,19410100,1026,1710,19425000,14056
1,1295,19425000,19425100,1026,1710,19440000,14064
1,1296,19440000,19440100,1026,1710,19455000,14078
1,1297,19455000,19455100,1026,1710,19470000,14087
1,1298,19470000,19470100,1026,1710,19485000,14101
1,1299,19485000,19485100,1026,1710,19500000,14107
1,13,195000,195100,1026,1710,210000,141
1,130,1950000,1950100,1026,1710,1965000,1414
1,1300,19500000,19500100,1026,1710,19515000,14120
1,1301,19515000,19515100,1026,1710,19530000,14132
1,1302,19530000,19530100,1026,1710,19545000,14143
1,1303,19545000,19545100,1026,1710,19560000,14152
1,1304,19560000,19560100,1026,1710,19575000,14163
1,1305,19575000,19575100,1026,1710,19590000,14174
1,1306,19590000,19590100,1026,1710,19605000,14189
1,1307,19605000,19605100,1026,1710,19620000,14195
1,1308,19620000,19620100,1026,1710,19635000,14207
1,1309,19635000,19635100,1026,1710,19650000,14217
1,131,1965000,1965100,1026,1710,1980000,1422
1,1310,19650000,19650100,1026,1710,19665000,14230
1,1311,19665000,19665100,1026,1710,19680000,14239
1,1312,19680000,19680100,1026,1710,19695000,14251
1,1313,19695000,19695100,1026,1710,19710000,14262
1,1314,19710000,19710100,1026,1710,19725000,14273
1,1315,19725000,19725100,1026,1710,19740000,14281
1,1316,19740000,19740100,1026,1710,19755000,14296
1,1317,19755000,19755100,1026,1710,19770000,14305
1,1318,19770000,19770100,1026,1710,19785000,14317
1,1319,19785000,19785100,1026,1710,19800000,14323
1,132,1980000,1980100,1026,1710,1995000,1433
1,1320,19800000,19800100,1026,1710,19815000,14339
1,1321,19815000,19815100,1026,1710,19830000,14349
1,1322,19830000,19830100,1026,1710,19845000,14360
1,1323,19845000,19845100,1026,1710,19860000,14370
1,1324,19860000,19860100,1026,1710,19875000,14380
1,1325,19875000,19875100,1026,1710,19890000,14392
1,1326,19890000,19890100,1026,1710,19905000,14405
1,1327,19905000,19905100,1026,1710,19920000,14412
1,1328,19920000,19920100,1026,1710,19935000,14425
1,1329,19935000,19935100,1026,1710,19950000,14433
1,133,1995000,1995100,1026,1710,2010000,1445
1,1330,19950000,19950100,1026,1710,19965000,14448
1,1331,19965000,19965100,1026,1710,19980000,14457
1,1332,19980000,19980100,1026,1710,19995000,14467
1,1333,19995000,19995100,1026,1710,20010000,14479
1,1334,20010000,20010100,1026,1710,20025000,14491
1,1335,20025000,20025100,1026,1710,20040000,14499
1,1336,20040000,20040100,1026,1710,20055000,14513
1,1337,20055000,20055100,1026,1710,20070000,14521
1,1338,20070000,20070100,1026,1710,20085000,14535
1,1339,20085000,20085100,1026,1710,20100000,14542
1,134,2010000,2010100,1026,1710,2025000,1455
1,1340,20100000,20100100,1026,1710,20115000,14555
1,1341,20115000,20115100,1026,1710,20130000,14566
1,1342,20130000,20130100,1026,1710,20145000,14577
1,1343,20145000,20145100,1026,1710,20160000,14586
1,1344,20160000,20160100,1026,1710,20175000,14598
1,1345,20175000,20175100,1026,1710,20190000,14609
1,1346,20190000,20190100,1026,1710,20205000,14623
1,1347,20205000,20205100,1026,1710,20220000,14629
1,1348,20220000,20220100,1026,1710,20235000,14642
1,1349,20235000,20235100,1026,1710,20250000,14652
1,135,2025000,2025100,1026,1710,2040000,1465
1,1350,20250000,20250100,1026,1710,20265000,14665
1,1351,20265000,20265100,1026,1710,20280000,14673
1,1352,20280000,20280100,1026,1710,20295000,14684
1,1353,20295000,20295100,1026,1710,20310000,14697
1,1354,20310000,20310100,1026,1710,20325000,14708
1,1355,20325000,20325100,1026,1710,20340000,14716
1,1356,20340000,20340100,1026,1710,20355000,14730
1,1357,20355000,20355100,1026,1710,20370000,14739
1,1358,20370000,20370100,1026,1710,20385000,14752
1,1359,20385000,20385100,1026,1710,20400000,14758
1,136,2040000,2040100,1026,1710,2055000,1479
1,1360,20400000,20400100,1026,1710,20415000,14773
1,1361,20415000,20415100,1026,1710,20430000,14783
1,1362,20430000,20430100,1026,1710,20445000,14795
1,1363,20445000,20445100,1026,1710,20460000,14804
1,1364,20460000,20460100,1026,1710,20475000,14815
1,1365,20475000,20475100,1026,1710,20490000,14826
1,1366,20490000,20490100,1026,1710,20505000,14839
1,1367,20505000,20505100,1026,1710,20520000,14847
1,1368,20520000,20520100,1026,1710,20535000,14860
1,1369,20535000,20535100,1026,1710,20550000,14868
1,137,2055000,2055100,1026,1710,2070000,1487
1,1370,20550000,20550100,1026,1710,20565000,14882
1,1371,20565000,20565100,1026,1710,20580000,14891
1,1372,20580000,20580100,1026,1710,20595000,14902
1,1373,20595000,20595100,1026,1710,20610000,14914
1,1374,20610000,20610100,1026,1710,20625000,14924
1,1375,20625000,20625100,1026,1710,20640000,14933
1,1376,20640000,20640100,1026,1710,20655000,14948
1,1377,20655000,20655100,1026,1710,20670000,14956
1,1378,20670000,20670100,1026,1710,20685000,14970
1,1379,20685000,20685100,1026,1710,20700000,14976
1,138,2070000,2070100,1026,1710,2085000,1500
1,1380,20700000,20700100,1026,1710,20715000,14989
1,1381,20715000,20715100,1026,1710,20730000,15001
1,1382,20730000,20730100,1026,1710,20745000,15012
1,1383,20745000,20745100,1026,1710,20760000,15021
1,1384,20760000,20760100,1026,1710,20775000,15032
1,1385,20775000,20775100,1026,1710,20790000,15042
1,1386,20790000,20790100,1026,1710,20805000,15058
1,1387,20805000,20805100,1026,1710,20820000,15064
1,1388,20820000,20820100,1026,1710,20835000,15076
1,1389,20835000,20835100,1026,1710,20850000,15086
1,139,2085000,2085100,1026,1710,2100000,1507
1,1390,20850000,20850100,1026,1710,20865000,15100
1,1391,20865000,20865100,1026,1710,20880000,15108
1,1392,20880000,20880100,1026,1710,20895000,15119
1,1393,20895000,20895100,1026,1710,20910000,15131
1,1394,20910000,20910100,1026,1710,20925000,15142
1,1395,20925000,20925100,1026,1710,20940000,15151
1,1396,20940000,20940100,1026,1710,20955000,15164
1,1397,20955000,20955100,1026,1710,20970000,15174
1,1398,20970000,20970100,1026,1710,20985000,15186
1,1399,20985000,20985100,1026,1710,21000000,15192
1,14,210000,210100,1026,1710,225000,153
1,140,2100000,2100100,1026,1710,2115000,1521
1,1400,21000000,21000100,1026,1710,21015000,15208
1,1401,21015000,21015100,1026,1710,21030000,15218
1,1402,21030000,21030100,1026,1710,21045000,15229
1,1403,21045000,21045100,1026,1710,21060000,15238
1,1404,21060000,21060100,1026,1710,21075000,15250
1,1405,21075000,21075100,1026,1710,21090000,15261
1,1406,21090000,21090100,1026,1710,21105000,15274
1,1407,21105000,21105100,1026,1710,21120000,15280
1,1408,21120000,21120100,1026,1710,21135000,15294
1,1409,21135000,21135100,1026,1710,21150000,15303
1,141,2115000,2115100,1026,1710,2130000,1532
1,1410,21150000,21150100,1026,1710,21165000,15317
1,1411,21165000,21165100,1026,1710,21180000,15326
1,1412,21180000,21180100,1026,1710,21195000,15336
1,1413,21195000,21195100,1026,1710,21210000,15348
1,1414,21210000,21210100,1026,1710,21225000,15359
1,1415,21225000,21225100,1026,1710,21240000,15368
1,1416,21240000,21240100,1026,1710,21255000,15382
1,1417,21255000,21255100,1026,1710,21270000,15390
1,1418,21270000,21270100,1026,1710,21285000,15404
1,1419,21285000,21285100,1026,1710,21300000,15411
1,142,2130000,2130100,1026,1710,2145000,1542
1,1420,21300000,21300100,1026,1710,21315000,15424
1,1421,21315000,21315100,1026,1710,21330000,15435
1,1422,21330000,21330100,1026,1710,21345000,15446
1,1423,21345000,21345100,1026,1710,21360000,15456
1,1424,21360000,21360100,1026,1710,21375000,15467
1,1425,21375000,21375100,1026,1710,21390000,15477
1,1426,21390000,21390100,1026,1710,21405000,15492
1,1427,21405000,21405100,1026,1710,21420000,15498
1,1428,21420000,21420100,1026,1710,21435000,15511
1,1429,21435000,21435100,1026,1710,21450000,15520
1,143,2145000,2145100,1026,1710,2160000,1552
1,1430,21450000,21450100,1026,1710,21465000,15534
1,1431,21465000,21465100,1026,1710,21480000,15542
1,1432,21480000,21480100,1026,1710,21495000,15554
1,1433,21495000,21495100,1026,1710,21510000,15566
1,1434,21510000,21510100,1026,1710,21525000,15577
1,1435,21525000,21525100,1026,1710,21540000,15585
1,1436,21540000,21540100,1026,1710,21555000,15598
1,1437,21555000,21555100,1026,1710,21570000,15609
1,1438,21570000,21570100,1026,1710,21585000,15621
1,1439,21585000,21585100,1026,1710,21600000,15627
1,144,2160000,2160100,1026,1710,2175000,1564
1,1440,21600000,21600100,1026,1710,21615000,15641
1,1441,21615000,21615100,1026,1710,21630000,15652
1,1442,21630000,21630100,1026,1710,21645000,15664
1,1443,21645000,21645100,1026,1710,21660000,15673
1,1444,21660000,21660100,1026,1710,21675000,15684
1,1445,21675000,21675100,1026,1710,21690000,15695
1,1446,21690000,21690100,1026,1710,21705000,15709
1,1447,21705000,21705100,1026,1710,21720000,15715
1,1448,21720000,21720100,1026,1710,21735000,15729
1,1449,21735000,21735100,1026,1710,21750000,15737
1,145,2175000,2175100,1026,1710,2190000,1574
1,1450,21750000,21750100,1026,1710,21765000,15751
1,1451,21765000,21765100,1026,1710,21780000,15760
1,1452,21780000,21780100,1026,1710,21795000,15771
1,1453,21795000,21795100,1026,1710,21810000,15783
1,1454,21810000,21810100,1026,1710,21825000,15793
1,1455,21825000,21825100,1026,1710,21840000,15802
1,1456,21840000,21840100,1026,1710,21855000,15817
1,1457,21855000,21855100,1026,1710,21870000,15825
1,1458,21870000,21870100,1026,1710,21885000,15838
1,1459,21885000,21885100,1026,1710,21900000,15845
1,146,2190000,2190100,1026,1710,2205000,1589
1,1460,21900000,21900100,1026,1710,21915000,15859
1,1461,21915000,21915100,1026,1710,21930000,15870
1,1462,21930000,21930100,1026,1710,21945000,15880
1,1463,21945000,21945100,1026,1710,21960000,15890
1,1464,21960000,21960100,1026,1710,21975000,15901
1,1465,21975000,21975100,1026,1710,21990000,15912
1,1466,21990000,21990100,1026,1710,22005000,15927
1,1467,22005000,22005100,1026,1710,22020000,15933
1,1468,22020000,22020100,1026,1710,22035000,15945
1,1469,22035000,22035100,1026,1710,22050000,15954
1,147,2205000,2205100,1026,1710,2220000,1595
1,1470,22050000,22050100,1026,1710,22065000,15969
1,1471,22065000,22065100,1026,1710,22080000,15977
1,1472,22080000,22080100,1026,1710,22095000,15988
1,1473,22095000,22095100,1026,1710,22110000,15999
1,1474,22110000,22110100,1026,1710,22125000,16012
1,1475,22125000,22125100,1026,1710,22140000,16020
1,1476,22140000,22140100,1026,1710,22155000,16033
1,1477,22155000,22155100,1026,1710,22170000,16043
1,1478,22170000,22170100,1026,1710,22185000,16055
1,1479,22185000,22185100,1026,1710,22200000,16062
1,148,2220000,2220100,1026,1710,2235000,1607
1,1480,22200000,22200100,1026,1710,22215000,16076
1,1481,22215000,22215100,1026,1710,22230000,16087
1,1482,22230000,22230100,1026,1710,22245000,16098
1,1483,22245000,22245100,1026,1710,22260000,16107
1,1484,22260000,22260100,1026,1710,22275000,16118
1,1485,22275000,22275100,1026,1710,22290000,16130
1,1486,22290000,22290100,1026,1710,22305000,16143
1,1487,22305000,22305100,1026,1710,22320000,16149
1,1488,22320000,22320100,1026,1710,22335000,16164
1,1489,22335000,22335100,1026,1710,22350000,16172
1,149,2235000,2235100,1026,1710,2250000,1617
1,1490,22350000,22350100,1026,1710,22365000,16186
1,1491,22365000,22365100,1026,1710,22380000,16194
1,1492,22380000,22380100,1026,1710,22395000,16205
1,1493,22395000,22395100,1026,1710,22410000,16218
1,1494,22410000,22410100,1026,1710,22425000,16228
1,1495,22425000,22425100,1026,1710,22440000,16236
1,1496,22440000,22440100,1026,1710,22455000,16251
1,1497,22455000,22455100,1026,1710,22470000,16259
1,1498,22470000,22470100,1026,1710,22485000,16273
1,1499,22485000,22485100,1026,1710,22500000,16280
1,15,225000,225100,1026,1710,240000,161
1,150,2250000,2250100,1026,1710,2265000,1631
1,1500,22500000,22500100,1026,1710,22515000,16293
1,1501,22515000,22515100,1026,1710,22530000,16304
1,1502,22530000,22530100,1026,1710,22545000,16315
1,1503,22545000,22545100,1026,1710,22560000,16325
1,1504,22560000,22560100,1026,1710,22575000,16336
1,1505,22575000,22575100,1026,1710,22590000,16346
1,1506,22590000,22590100,1026,1710,22605000,16360
1,1507,22605000,22605100,1026,1710,22620000,16368
1,1508,22620000,22620100,1026,1710,22635000,16380
1,1509,22635000,22635100,1026,1710,22650000,16389
1,151,2265000,2265100,1026,1710,2280000,1639
1,1510,22650000,22650100,1026,1710,22665000,16403
1,1511,22665000,22665100,1026,1710,22680000,16411
1,1512,22680000,22680100,1026,1710,22695000,16423
1,1513,22695000,22695100,1026,1710,22710000,16434
1,1514,22710000,22710100,1026,1710,22725000,16446
1,1515,22725000,22725100,1026,1710,22740000,16454
1,1516,22740000,22740100,1026,1710,22755000,16468
1,1517,22755000,22755100,1026,1710,22770000,16477
1,1518,22770000,22770100,1026,1710,22785000,16490
1,1519,22785000,22785100,1026,1710,22800000,16496
1,152,2280000,2280100,1026,1710,2295000,1650
1,1520,22800000,22800100,1026,1710,22815000,16510
1,1521,22815000,22815100,1026,1710,22830000,16522
1,1522,22830000,22830100,1026,1710,22845000,16533
1,1523,22845000,22845100,1026,1710,22860000,16542
1,1524,22860000,22860100,1026,1710,22875000,16552
1,1525,22875000,22875100,1026,1710,22890000,16564
1,1526,22890000,22890100,1026,1710,22905000,16578
1,1527,22905000,22905100,1026,1710,22920000,16584
1,1528,22920000,22920100,1026,1710,22935000,16597
1,1529,22935000,22935100,1026,1710,22950000,16606
1,153,2295000,2295100,1026,1710,2310000,1661
1,1530,22950000,22950100,1026,1710,22965000,16621
1,1531,22965000,22965100,1026,1710,22980000,16629
1,1532,22980000,22980100,1026,1710,22995000,16640
1,1533,22995000,22995100,1026,1710,23010000,16652
1,1534,23010000,23010100,1026,1710,23025000,16662
1,1535,23025000,23025100,1026,1710,23040000,16671
1,1536,23040000,23040100,1026,1710,23055000,16686
1,1537,23055000,23055100,1026,1710,23070000,16694
1,1538,23070000,23070100,1026,1710,23085000,16707
1,1539,23085000,23085100,1026,1710,23100000,16713
1,154,2310000,2310100,1026,1710,2325000,1674
1,1540,23100000,23100100,1026,1710,23115000,16728
1,1541,23115000,23115100,1026,1710,23130000,16739
1,1542,23130000,23130100,1026,1710,23145000,16749
1,1543,23145000,23145100,1026,1710,23160000,16759
1,1544,23160000,23160100,1026,1710,23175000,16771
1,1545,23175000,23175100,1026,1710,23190000,16781
1,1546,23190000,23190100,1026,1710,23205000,16795
1,1547,23205000,23205100,1026,1710,23220000,16802
1,1548,23220000,23220100,1026,1710,23235000,16814
1,1549,23235000,23235100,1026,1710,23250000,16824
1,155,2325000,2325100,1026,1710,2340000,1682
1,1550,23250000,23250100,1026,1710,23265000,16837
1,1551,23265000,23265100,1026,1710,23280000,16846
1,1552,23280000,23280100,1026,1710,23295000,16857
1,1553,23295000,23295100,1026,1710,23310000,16868
1,1554,23310000,23310100,1026,1710,23325000,16881
1,1555,23325000,23325100,1026,1710,23340000,16889
1,1556,23340000,23340100,1026,1710,23355000,16902
1,1557,23355000,23355100,1026,1710,23370000,16911
1,1558,23370000,23370100,1026,1710,23385000,16925
1,1559,23385000,23385100,1026,1710,23400000,16931
1,156,2340000,2340100,1026,1710,2355000,1695
1,1560,23400000,23400100,1026,1710,23415000,16945
1,1561,23415000,23415100,1026,1710,23430000,16955
1,1562,23430000,23430100,1026,1710,23445000,16967
1,1563,23445000,23445100,1026,1710,23460000,16977
1,1564,23460000,23460100,1026,1710,23475000,16987
1,1565,23475000,23475100,1026,1710,23490000,16999
1,1566,23490000,23490100,1026,1710,23505000,17012
1,1567,23505000,23505100,1026,1710,23520000,17018
1,1568,23520000,23520100,1026,1710,23535000,17032
1,1569,23535000,23535100,1026,1710,23550000,17041
1,157,2355000,2355100,1026,1710,2370000,1705
1,1570,23550000,23550100,1026,1710,23565000,17055
1,1571,23565000,23565100,1026,1710,23580000,17063
1,1572,23580000,23580100,1026,1710,23595000,17074
1,1573,23595000,23595100,1026,1710,23610000,17087
1,1574,23610000,23610100,1026,1710,23625000,17097
1,1575,23625000,23625100,1026,1710,23640000,17105
1,1576,23640000,23640100,1026,1710,23655000,17120
1,1577,23655000,23655100,1026,1710,23670000,17129
1,1578,23670000,23670100,1026,1710,23685000,17142
1,1579,23685000,23685100,1026,1710,23700000,17148
1,158,2370000,2370100,1026,1710,2385000,1718
1,1580,23700000,23700100,1026,1710,23715000,17162
1,1581,23715000,23715100,1026,1710,23730000,17173
1,1582,23730000,23730100,1026,1710,23745000,17184
1,1583,23745000,23745100,1026,1710,23760000,17193
1,1584,23760000,23760100,1026,1710,23775000,17205
1,1585,23775000,23775100,1026,1710,23790000,17215
1,1586,23790000,23790100,1026,1710,23805000,17230
1,1587,23805000,23805100,1026,1710,23820000,17237
1,1588,23820000,23820100,1026,1710,23835000,17249
1,1589,23835000,23835100,1026,1710,23850000,17258
1,159,2385000,2385100,1026,1710,2400000,1724
1,1590,23850000,23850100,1026,1710,23865000,17271
1,1591,23865000,23865100,1026,1710,23880000,17281
1,1592,23880000,23880100,1026,1710,23895000,17292
1,1593,23895000,23895100,1026,1710,23910000,17303
1,1594,23910000,23910100,1026,1710,23925000,17314
1,1595,23925000,23925100,1026,1710,23940000,17323
1,1596,23940000,23940100,1026,1710,23955000,17337
1,1597,23955000,23955100,1026,1710,23970000,17346
1,1598,23970000,23970100,1026,1710,23985000,17359
1,1599,23985000,23985100,1026,1710,24000000,17365
1,16,240000,240100,1026,1710,255000,175
1,160,2400000,2400100,1026,1710,2415000,1738
1,1600,24000000,24000100,1026,1710,24015000,17380
1,1601,24015000,24015100,1026,1710,24030000,17390
1,1602,24030000,24030100,1026,1710,24045000,17402
1,1603,24045000,24045100,1026,1710,24060000,17411
1,1604,24060000,24060100,1026,1710,24075000,17421
1,1605,24075000,24075100,1026,1710,24090000,17433
1,1606,24090000,24090100,1026,1710,24105000,17447
1,1607,24105000,24105100,1026,1710,24120000,17453
1,1608,24120000,24120100,1026,1710,24135000,17466
1,1609,24135000,24135100,1026,1710,24150000,17475
1,161,2415000,2415100,1026,1710,2430000,1749
1,1610,24150000,24150100,1026,1710,24165000,17490
1,1611,24165000,24165100,1026,1710,24180000,17498
1,1612,24180000,24180100,1026,1710,24195000,17508
1,1613,24195000,24195100,1026,1710,24210000,17521
1,1614,24210000,24210100,1026,1710,24225000,17532
1,1615,24225000,24225100,1026,1710,24240000,17540
1,1616,24240000,24240100,1026,1710,24255000,17554
1,1617,24255000,24255100,1026,1710,24270000,17563
1,1618,24270000,24270100,1026,1710,24285000,17576
1,1619,24285000,24285100,1026,1710,24300000,17583
1,162,2430000,2430100,1026,1710,2445000,1760
1,1620,24300000,24300100,1026,1710,24315000,17597
1,1621,24315000,24315100,1026,1710,24330000,17608
1,1622,24330000,24330100,1026,1710,24345000,17618
1,1623,24345000,24345100,1026,1710,24360000,17627
1,1624,24360000,24360100,1026,1710,24375000,17640
1,1625,24375000,24375100,1026,1710,24390000,17650
1,1626,24390000,24390100,1026,1710,24405000,17664
1,1627,24405000,24405100,1026,1710,24420000,17670
1,1628,24420000,24420100,1026,1710,24435000,17684
1,1629,24435000,24435100,1026,1710,24450000,17693
1,163,2445000,2445100,1026,1710,2460000,1770
1,1630,24450000,24450100,1026,1710,24465000,17706
1,1631,24465000,24465100,1026,1710,24480000,17715
1,1632,24480000,24480100,1026,1710,24495000,17726
1,1633,24495000,24495100,1026,1710,24510000,17738
1,1634,24510000,24510100,1026,1710,24525000,17749
1,1635,24525000,24525100,1026,1710,24540000,17758
1,1636,24540000,24540100,1026,1710,24555000,17771
1,1637,24555000,24555100,1026,1710,24570000,17780
1,1638,24570000,24570100,1026,1710,24585000,17793
1,1639,24585000,24585100,1026,1710,24600000,17800
1,164,2460000,2460100,1026,1710,2475000,1780
1,1640,24600000,24600100,1026,1710,24615000,17814
1,1641,24615000,24615100,1026,1710,24630000,17824
1,1642,24630000,24630100,1026,1710,24645000,17837
1,1643,24645000,24645100,1026,1710,24660000,17846
1,1644,24660000,24660100,1026,1710,24675000,17856
1,1645,24675000,24675100,1026,1710,24690000,17867
1,1646,24690000,24690100,1026,1710,24705000,17881
1,1647,24705000,24705100,1026,1710,24720000,17888
1,1648,24720000,24720100,1026,1710,24735000,17901
1,1649,24735000,24735100,1026,1710,24750000,17909
1,165,2475000,2475100,1026,1710,2490000,1792
1,1650,24750000,24750100,1026,1710,24765000,17924
1,1651,24765000,24765100,1026,1710,24780000,17932
1,1652,24780000,24780100,1026,1710,24795000,17943
1,1653,24795000,24795100,1026,1710,24810000,17956
1,1654,24810000,24810100,1026,1710,24825000,17966
1,1655,24825000,24825100,1026,1710,24840000,17974
1,1656,24840000,24840100,1026,1710,24855000,17989
1,1657,24855000,24855100,1026,1710,24870000,17998
1,1658,24870000,24870100,1026,1710,24885000,18011
1,1659,24885000,24885100,1026,1710,24900000,18017
1,166,2490000,2490100,1026,1710,2505000,1805
1,1660,24900000,24900100,1026,1710,24915000,18030
1,1661,24915000,24915100,1026,1710,24930000,18043
1,1662,24930000,24930100,1026,1710,24945000,18053
1,1663,24945000,24945100,1026,1710,24960000,18062
1,1664,24960000,24960100,1026,1710,24975000,18074
1,1665,24975000,24975100,1026,1710,24990000,18084
1,1666,24990000,24990100,1026,1710,25005000,18099
1,1667,25005000,25005100,1026,1710,25020000,18105
1,1668,25020000,25020100,1026,1710,25035000,18118
1,1669,25035000,25035100,1026,1710,25050000,18127
1,167,2505000,2505100,1026,1710,2520000,1811
1,1670,25050000,25050100,1026,1710,25065000,18141
1,1671,25065000,25065100,1026,1710,25080000,18149
1,1672,25080000,25080100,1026,1710,25095000,18161
1,1673,25095000,25095100,1026,1710,25110000,18172
1,1674,25110000,25110100,1026,1710,25125000,18183
1,1675,25125000,25125100,1026,1710,25140000,18193
1,1676,25140000,25140100,1026,1710,25155000,18206
1,1677,25155000,25155100,1026,1710,25170000,18215
1,1678,25170000,25170100,1026,1710,25185000,18227
1,1679,25185000,25185100,1026,1710,25200000,18234
1,168,2520000,2520100,1026,1710,2535000,1826
1,1680,25200000,25200100,1026,1710,25215000,18249
1,1681,25215000,25215100,1026,1710,25230000,18259
1,1682,25230000,25230100,1026,1710,25245000,18270
1,1683,25245000,25245100,1026,1710,25260000,18280
1,1684,25260000,25260100,1026,1710,25275000,18291
1,1685,25275000,25275100,1026,1710,25290000,18302
1,1686,25290000,25290100,1026,1710,25305000,18316
1,1687,25305000,25305100,1026,1710,25320000,18322
1,1688,25320000,25320100,1026,1710,25335000,18335
1,1689,25335000,25335100,1026,1710,25350000,18344
1,169,2535000,2535100,1026,1710,2550000,1834
1,1690,25350000,25350100,1026,1710,25365000,18359
1,1691,25365000,25365100,1026,1710,25380000,18367
1,1692,25380000,25380100,1026,1710,25395000,18377
1,1693,25395000,25395100,1026,1710,25410000,18389
1,1694,25410000,25410100,1026,1710,25425000,18401
1,1695,25425000,25425100,1026,1710,25440000,18409
1,1696,25440000,25440100,1026,1710,25455000,18423
1,1697,25455000,25455100,1026,1710,25470000,18432
1,1698,25470000,25470100,1026,1710,25485000,18446
1,1699,25485000,25485100,1026,1710,25500000,18452
1,17,255000,255100,1026,1710,270000,183
1,170,2550000,2550100,1026,1710,2565000,1848
1,1700,25500000,25500100,1026,1710,25515000,18465
1,1701,25515000,25515100,1026,1710,25530000,18477
1,1702,25530000,25530100,1026,1710,25545000,18487
1,1703,25545000,25545100,1026,1710,25560000,18497
1,1704,25560000,25560100,1026,1710,25575000,18508
1,1705,25575000,25575100,1026,1710,25590000,18519
1,1706,25590000,25590100,1026,1710,25605000,18533
1,1707,25605000,25605100,1026,1710,25620000,18539
1,1708,25620000,25620100,1026,1710,25635000,18553
1,1709,25635000,25635100,1026,1710,25650000,18562
1,171,2565000,2565100,1026,1710,2580000,1856
1,1710,25650000,25650100,1026,1710,25665000,18575
1,1711,25665000,25665100,1026,1710,25680000,18583
1,1712,25680000,25680100,1026,1710,25695000,18596
1,1713,25695000,25695100,1026,1710,25710000,18607
1,1714,25710000,25710100,1026,1710,25725000,18618
1,1715,25725000,25725100,1026,1710,25740000,18626
1,1716,25740000,25740100,1026,1710,25755000,18640
1,1717,25755000,25755100,1026,1710,25770000,18650
1,1718,25770000,25770100,1026,1710,25785000,18662
1,1719,25785000,25785100,1026,1710,25800000,18669
1,172,2580000,2580100,1026,1710,2595000,1868
1,1720,25800000,25800100,1026,1710,25815000,18683
1,1721,25815000,25815100,1026,1710,25830000,18693
1,1722,25830000,25830100,1026,1710,25845000,18705
1,1723,25845000,25845100,1026,1710,25860000,18715
1,1724,25860000,25860100,1026,1710,25875000,18725
1,1725,25875000,25875100,1026,1710,25890000,18736
1,1726,25890000,25890100,1026,1710,25905000,18750
1,1727,25905000,25905100,1026,1710,25920000,18757
1,1728,25920000,25920100,1026,1710,25935000,18770
1,1729,25935000,25935100,1026,1710,25950000,18778
1,173,2595000,2595100,1026,1710,2610000,1880
1,1730,25950000,25950100,1026,1710,25965000,18793
1,1731,25965000,25965100,1026,1710,25980000,18802
1,1732,25980000,25980100,1026,1710,25995000,18812
1,1733,25995000,25995100,1026,1710,26010000,18824
1,1734,26010000,26010100,1026,1710,26025000,18835
1,1735,26025000,26025100,1026,1710,26040000,18843
1,1736,26040000,26040100,1026,1710,26055000,18858
1,1737,26055000,26055100,1026,1710,26070000,18866
1,1738,26070000,26070100,1026,1710,26085000,18880
1,1739,26085000,26085100,1026,1710,26100000,18886
1,174,2610000,2610100,1026,1710,2625000,1890
1,1740,26100000,26100100,1026,1710,26115000,18900
1,1741,26115000,26115100,1026,1710,26130000,18912
1,1742,26130000,26130100,1026,1710,26145000,18922
1,1743,26145000,26145100,1026,1710,26160000,18931
1,1744,26160000,26160100,1026,1710,26175000,18942
1,1745,26175000,26175100,1026,1710,26190000,18954
1,1746,26190000,26190100,1026,1710,26205000,18968
1,1747,26205000,26205100,1026,1710,26220000,18974
1,1748,26220000,26220100,1026,1710,26235000,18986
1,1749,26235000,26235100,1026,1710,26250000,18996
1,175,2625000,2625100,1026,1710,2640000,1898
1,1750,26250000,26250100,1026,1710,26265000,19010
1,1751,26265000,26265100,1026,1710,26280000,19018
1,1752,26280000,26280100,1026,1710,26295000,19030
1,1753,26295000,26295100,1026,1710,26310000,19041
1,1754,26310000,26310100,1026,1710,26325000,19053
1,1755,26325000,26325100,1026,1710,26340000,19061
1,1756,26340000,26340100,1026,1710,26355000,19075
1,1757,26355000,26355100,1026,1710,26370000,19084
1,1758,26370000,26370100,1026,1710,26385000,19096
1,1759,26385000,26385100,1026,1710,26400000,19103
1,176,2640000,2640100,1026,1710,2655000,1913
1,1760,26400000,26400100,1026,1710,26415000,19118
1,1761,26415000,26415100,1026,1710,26430000,19128
1,1762,26430000,26430100,1026,1710,26445000,19139
1,1763,26445000,26445100,1026,1710,26460000,19149
1,1764,26460000,26460100,1026,1710,26475000,19160
1,1765,26475000,26475100,1026,1710,26490000,19171
1,1766,26490000,26490100,1026,1710,26505000,19184
1,1767,26505000,26505100,1026,1710,26520000,19191
1,1768,26520000,26520100,1026,1710,26535000,19205
1,1769,26535000,26535100,1026,1710,26550000,19213
1,177,2655000,2655100,1026,1710,2670000,1922
1,1770,26550000,26550100,1026,1710,26565000,19227
1,1771,26565000,26565100,1026,1710,26580000,19236
1,1772,26580000,26580100,1026,1710,26595000,19246
1,1773,26595000,26595100,1026,1710,26610000,19259
1,1774,26610000,26610100,1026,1710,26625000,19270
1,1775,26625000,26625100,1026,1710,26640000,19278
1,1776,26640000,26640100,1026,1710,26655000,19292
1,1777,26655000,26655100,1026,1710,26670000,19300
1,1778,26670000,26670100,1026,1710,26685000,19315
1,1779,26685000,26685100,1026,1710,26700000,19321
1,178,2670000,2670100,1026,1710,2685000,1935
1,1780,26700000,26700100,1026,1710,26715000,19334
1,1781,26715000,26715100,1026,1710,26730000,19345
1,1782,26730000,26730100,1026,1710,26745000,19357
1,1783,26745000,26745100,1026,1710,26760000,19366
1,1784,26760000,26760100,1026,1710,26775000,19377
1,1785,26775000,26775100,1026,1710,26790000,19388
1,1786,26790000,26790100,1026,1710,26805000,19402
1,1787,26805000,26805100,1026,1710,26820000,19409
1,1788,26820000,26820100,1026,1710,26835000,19421
1,1789,26835000,26835100,1026,1710,26850000,19431
1,179,2685000,2685100,1026,1710,2700000,1942
1,1790,26850000,26850100,1026,1710,26865000,19444
1,1791,26865000,26865100,1026,1710,26880000,19452
1,1792,26880000,26880100,1026,1710,26895000,19464
1,1793,26895000,26895100,1026,1710,26910000,19476
1,1794,26910000,26910100,1026,1710,26925000,19487
1,1795,26925000,26925100,1026,1710,26940000,19495
1,1796,26940000,26940100,1026,1710,26955000,19510
1,1797,26955000,26955100,1026,1710,26970000,19519
1,1798,26970000,26970100,1026,1710,26985000,19531
1,1799,26985000,26985100,1026,1710,27000000,19537
1,18,270000,270100,1026,1710,285000,198
1,180,2700000,2700100,1026,1710,2715000,1955
1,1800,27000000,27000100,1026,1710,27015000,19552
1,1801,27015000,27015100,1026,1710,27030000,19563
1,1802,27030000,27030100,1026,1710,27045000,19574
1,1803,27045000,27045100,1026,1710,27060000,19583
1,1804,27060000,27060100,1026,1710,27075000,19594
1,1805,27075000,27075100,1026,1710,27090000,19605
1,1806,27090000,27090100,1026,1710,27105000,19619
1,1807,27105000,27105100,1026,1710,27120000,19626
1,1808,27120000,27120100,1026,1710,27135000,19639
1,1809,27135000,27135100,1026,1710,27150000,19647
1,181,2715000,2715100,1026,1710,2730000,1966
1,1810,27150000,27150100,1026,1710,27165000,19662
1,1811,27165000,27165100,1026,1710,27180000,19671
1,1812,27180000,27180100,1026,1710,27195000,19681
1,1813,27195000,27195100,1026,1710,27210000,19693
1,1814,27210000,27210100,1026,1710,27225000,19703
1,1815,27225000,27225100,1026,1710,27240000,19713
1,1816,27240000,27240100,1026,1710,27255000,19727
1,1817,27255000,27255100,1026,1710,27270000,19735
1,1818,27270000,27270100,1026,1710,27285000,19749
1,1819,27285000,27285100,1026,1710,27300000,19755
1,182,2730000,2730100,1026,1710,2745000,1977
1,1820,27300000,27300100,1026,1710,27315000,19769
1,1821,27315000,27315100,1026,1710,27330000,19780
1,1822,27330000,27330100,1026,1710,27345000,19791
1,1823,27345000,27345100,1026,1710,27360000,19800
1,1824,27360000,27360100,1026,1710,27375000,19812
1,1825,27375000,27375100,1026,1710,27390000,19822
1,1826,27390000,27390100,1026,1710,27405000,19837
1,1827,27405000,27405100,1026,1710,27420000,19843
1,1828,27420000,27420100,1026,1710,27435000,19855
1,1829,27435000,27435100,1026,1710,27450000,19866
1,183,2745000,2745100,1026,1710,2760000,1987
1,1830,27450000,27450100,1026,1710,27465000,19879
1,1831,27465000,27465100,1026,1710,27480000,19887
1,1832,27480000,27480100,1026,1710,27495000,19898
1,1833,27495000,27495100,1026,1710,27510000,19910
1,1834,27510000,27510100,1026,1710,27525000,19922
1,1835,27525000,27525100,1026,1710,27540000,19930
1,1836,27540000,27540100,1026,1710,27555000,19943
1,1837,27555000,27555100,1026,1710,27570000,19953
1,1838,27570000,27570100,1026,1710,27585000,19966
1,1839,27585000,27585100,1026,1710,27600000,19972
1,184,2760000,2760100,1026,1710,2775000,1998
1,1840,27600000,27600100,1026,1710,27615000,19987
1,1841,27615000,27615100,1026,1710,27630000,19997
1,1842,27630000,27630100,1026,1710,27645000,20008
1,1843,27645000,27645100,1026,1710,27660000,20018
1,1844,27660000,27660100,1026,1710,27675000,20029
1,1845,27675000,27675100,1026,1710,27690000,20040
1,1846,27690000,27690100,1026,1710,27705000,20053
1,1847,27705000,27705100,1026,1710,27720000,20059
1,1848,27720000,27720100,1026,1710,27735000,20074
1,1849,27735000,27735100,1026,1710,27750000,20082
1,185,2775000,2775100,1026,1710,2790000,2008
1,1850,27750000,27750100,1026,1710,27765000,20096
1,1851,27765000,27765100,1026,1710,27780000,20105
1,1852,27780000,27780100,1026,1710,27795000,20116
1,1853,27795000,27795100,1026,1710,27810000,20128
1,1854,27810000,27810100,1026,1710,27825000,20138
1,1855,27825000,27825100,1026,1710,27840000,20147
1,1856,27840000,27840100,1026,1710,27855000,20161
1,1857,27855000,27855100,1026,1710,27870000,20170
1,1858,27870000,27870100,1026,1710,27885000,20183
1,1859,27885000,27885100,1026,1710,27900000,20190
1,186,2790000,2790100,1026,1710,2805000,2023
1,1860,27900000,27900100,1026,1710,27915000,20203
1,1861,27915000,27915100,1026,1710,27930000,20214
1,1862,27930000,27930100,1026,1710,27945000,20226
1,1863,27945000,27945100,1026,1710,27960000,20235
1,1864,27960000,27960100,1026,1710,27975000,20246
1,1865,27975000,27975100,1026,1710,27990000,20256
1,1866,27990000,27990100,1026,1710,28005000,20272
1,1867,28005000,28005100,1026,1710,28020000,20278
1,1868,28020000,28020100,1026,1710,28035000,20290
1,1869,28035000,28035100,1026,1710,28050000,20299
1,187,2805000,2805100,1026,1710,2820000,2030
1,1870,28050000,28050100,1026,1710,28065000,20313
1,1871,28065000,28065100,1026,1710,28080000,20322
1,1872,28080000,28080100,1026,1710,28095000,20333
1,1873,28095000,28095100,1026,1710,28110000,20345
1,1874,28110000,28110100,1026,1710,28125000,20356
1,1875,28125000,28125100,1026,1710,28140000,20364
1,1876,28140000,28140100,1026,1710,28155000,20378
1,1877,28155000,28155100,1026,1710,28170000,20388
1,1878,28170000,28170100,1026,1710,28185000,20400
1,1879,28185000,28185100,1026,1710,28200000,20406
1,188,2820000,2820100,1026,1710,2835000,2042
1,1880,28200000,28200100,1026,1710,28215000,20421
1,1881,28215000,28215100,1026,1710,28230000,20432
1,1882,28230000,28230100,1026,1710,28245000,20443
1,1883,28245000,28245100,1026,1710,28260000,20452
1,1884,28260000,28260100,1026,1710,28275000,20463
1,1885,28275000,28275100,1026,1710,28290000,20475
1,1886,28290000,28290100,1026,1710,28305000,20488
1,1887,28305000,28305100,1026,1710,28320000,20494
1,1888,28320000,28320100,1026,1710,28335000,20508
1,1889,28335000,28335100,1026,1710,28350000,20516
1,189,2835000,2835100,1026,1710,2850000,2051
1,1890,28350000,28350100,1026,1710,28365000,20531
1,1891,28365000,28365100,1026,1710,28380000,20539
1,1892,28380000,28380100,1026,1710,28395000,20550
1,1893,28395000,28395100,1026,1710,28410000,20562
1,1894,28410000,28410100,1026,1710,28425000,20573
1,1895,28425000,28425100,1026,1710,28440000,20582
1,1896,28440000,28440100,1026,1710,28455000,20596
1,1897,28455000,28455100,1026,1710,28470000,20604
1,1898,28470000,28470100,1026,1710,28485000,20617
1,1899,28485000,28485100,1026,1710,28500000,20625
1,19,285000,285100,1026,1710,300000,204
1,190,2850000,2850100,1026,1710,2865000,2065
1,1900,28500000,28500100,1026,1710,28515000,20638
1,1901,28515000,28515100,1026,1710,28530000,20649
1,1902,28530000,28530100,1026,1710,28545000,20659
1,1903,28545000,28545100,1026,1710,28560000,20669
1,1904,28560000,28560100,1026,1710,28575000,20681
1,1905,28575000,28575100,1026,1710,28590000,20691
1,1906,28590000,28590100,1026,1710,28605000,20706
1,1907,28605000,28605100,1026,1710,28620000,20712
1,1908,28620000,28620100,1026,1710,28635000,20725
1,1909,28635000,28635100,1026,1710,28650000,20734
1,191,2865000,2865100,1026,1710,2880000,2074
1,1910,28650000,28650100,1026,1710,28665000,20748
1,1911,28665000,28665100,1026,1710,28680000,20756
1,1912,28680000,28680100,1026,1710,28695000,20767
1,1913,28695000,28695100,1026,1710,28710000,20779
1,1914,28710000,28710100,1026,1710,28725000,20791
1,1915,28725000,28725100,1026,1710,28740000,20799
1,1916,28740000,28740100,1026,1710,28755000,20812
1,1917,28755000,28755100,1026,1710,28770000,20822
1,1918,28770000,28770100,1026,1710,28785000,20835
1,1919,28785000,28785100,1026,1710,28800000,20841
1,192,2880000,2880100,1026,1710,2895000,2085
1,1920,28800000,28800100,1026,1710,28815000,20855
1,1921,28815000,28815100,1026,1710,28830000,20866
1,1922,28830000,28830100,1026,1710,28845000,20878
1,1923,28845000,28845100,1026,1710,28860000,20887
1,1924,28860000,28860100,1026,1710,28875000,20897
1,1925,28875000,28875100,1026,1710,28890000,20909
1,1926,28890000,28890100,1026,1710,28905000,20922
1,1927,28905000,28905100,1026,1710,28920000,20929
1,1928,28920000,28920100,1026,1710,28935000,20943
1,1929,28935000,28935100,1026,1710,28950000,20951
1,193,2895000,2895100,1026,1710,2910000,2096
1,1930,28950000,28950100,1026,1710,28965000,20965
1,1931,28965000,28965100,1026,1710,28980000,20973
1,1932,28980000,28980100,1026,1710,28995000,20985
1,1933,28995000,28995100,1026,1710,29010000,20997
1,1934,29010000,29010100,1026,1710,29025000,21007
1,1935,29025000,29025100,1026,1710,29040000,21015
1,1936,29040000,29040100,1026,1710,29055000,21031
1,1937,29055000,29055100,1026,1710,29070000,21039
1,1938,29070000,29070100,1026,1710,29085000,21052
1,1939,29085000,29085100,1026,1710,29100000,21059
1,194,2910000,2910100,1026,1710,2925000,2108
1,1940,29100000,29100100,1026,1710,29115000,21072
1,1941,29115000,29115100,1026,1710,29130000,21084
1,1942,29130000,29130100,1026,1710,29145000,21094
1,1943,29145000,29145100,1026,1710,29160000,21104
1,1944,29160000,29160100,1026,1710,29175000,21115
1,1945,29175000,29175100,1026,1710,29190000,21125
1,1946,29190000,29190100,1026,1710,29205000,21140
1,1947,29205000,29205100,1026,1710,29220000,21147
1,1948,29220000,29220100,1026,1710,29235000,21159
1,1949,29235000,29235100,1026,1710,29250000,21168
1,195,2925000,2925100,1026,1710,2940000,2116
1,1950,29250000,29250100,1026,1710,29265000,21183
1,1951,29265000,29265100,1026,1710,29280000,21191
1,1952,29280000,29280100,1026,1710,29295000,21202
1,1953,29295000,29295100,1026,1710,29310000,21213
1,1954,29310000,29310100,1026,1710,29325000,21225
1,1955,29325000,29325100,1026,1710,29340000,21234
1,1956,29340000,29340100,1026,1710,29355000,21247
1,1957,29355000,29355100,1026,1710,29370000,21256
1,1958,29370000,29370100,1026,1710,29385000,21269
1,1959,29385000,29385100,1026,1710,29400000,21275
1,196,2940000,2940100,1026,1710,2955000,2130
1,1960,29400000,29400100,1026,1710,29415000,21290
1,1961,29415000,29415100,1026,1710,29430000,21301
1,1962,29430000,29430100,1026,1710,29445000,21312
1,1963,29445000,29445100,1026,1710,29460000,21321
1,1964,29460000,29460100,1026,1710,29475000,21332
1,1965,29475000,29475100,1026,1710,29490000,21344
1,1966,29490000,29490100,1026,1710,29505000,21357
1,1967,29505000,29505100,1026,1710,29520000,21363
1,1968,29520000,29520100,1026,1710,29535000,21376
1,1969,29535000,29535100,1026,1710,29550000,21386
1,197,2955000,2955100,1026,1710,2970000,2139
1,1970,29550000,29550100,1026,1710,29565000,21400
1,1971,29565000,29565100,1026,1710,29580000,21408
1,1972,29580000,29580100,1026,1710,29595000,21419
1,1973,29595000,29595100,1026,1710,29610000,21431
1,1974,29610000,29610100,1026,1710,29625000,21442
1,1975,29625000,29625100,1026,1710,29640000,21450
1,1976,29640000,29640100,1026,1710,29655000,21465
1,1977,29655000,29655100,1026,1710,29670000,21473
1,1978,29670000,29670100,1026,1710,29685000,21487
1,1979,29685000,29685100,1026,1710,29700000,21493
1,198,2970000,2970100,1026,1710,2985000,2152
1,1980,29700000,29700100,1026,1710,29715000,21507
1,1981,29715000,29715100,1026,1710,29730000,21518
1,1982,29730000,29730100,1026,1710,29745000,21528
1,1983,29745000,29745100,1026,1710,29760000,21539
1,1984,29760000,29760100,1026,1710,29775000,21550
1,1985,29775000,29775100,1026,1710,29790000,21560
1,1986,29790000,29790100,1026,1710,29805000,21574
1,1987,29805000,29805100,1026,1710,29820000,21581
1,1988,29820000,29820100,1026,1710,29835000,21594
1,1989,29835000,29835100,1026,1710,29850000,21603
1,199,2985000,2985100,1026,1710,3000000,2158
1,1990,29850000,29850100,1026,1710,29865000,21616
1,1991,29865000,29865100,1026,1710,29880000,21625
1,1992,29880000,29880100,1026,1710,29895000,21637
1,1993,29895000,29895100,1026,1710,29910000,21648
1,1994,29910000,29910100,1026,1710,29925000,21660
1,1995,29925000,29925100,1026,1710,29940000,21668
1,1996,29940000,29940100,1026,1710,29955000,21681
1,1997,29955000,29955100,1026,1710,29970000,21691
1,1998,29970000,29970100,1026,1710,29985000,21704
1,1999,29985000,29985100,1026,1710,30000000,21710
1,2,30000,30100,1026,1710,45000,22
1,20,300000,300100,1026,1710,315000,217
1,200,3000000,3000100,1026,1710,3015000,2173
1,2000,30000000,30000100,1026,1710,30015000,21724
1,2001,30015000,30015100,1026,1710,30030000,21734
1,2002,30030000,30030100,1026,1710,30045000,21747
1,2003,30045000,30045100,1026,1710,30060000,21756
1,2004,30060000,30060100,1026,1710,30075000,21766
1,2005,30075000,30075100,1026,1710,30090000,21778
1,2006,30090000,30090100,1026,1710,30105000,21792
1,2007,30105000,30105100,1026,1710,30120000,21798
1,2008,30120000,30120100,1026,1710,30135000,21811
1,2009,30135000,30135100,1026,1710,30150000,21820
1,201,3015000,3015100,1026,1710,3030000,2184
1,2010,30150000,30150100,1026,1710,30165000,21834
1,2011,30165000,30165100,1026,1710,30180000,21843
1,2012,30180000,30180100,1026,1710,30195000,21853
1,2013,30195000,30195100,1026,1710,30210000,21866
1,2014,30210000,30210100,1026,1710,30225000,21876
1,2015,30225000,30225100,1026,1710,30240000,21884
1,2016,30240000,30240100,1026,1710,30255000,21900
1,2017,30255000,30255100,1026,1710,30270000,21908
1,2018,30270000,30270100,1026,1710,30285000,21921
1,2019,30285000,30285100,1026,1710,30300000,21927
1,202,3030000,3030100,1026,1710,3045000,2195
1,2020,30300000,30300100,1026,1710,30315000,21942
1,2021,30315000,30315100,1026,1710,30330000,21953
1,2022,30330000,30330100,1026,1710,30345000,21963
1,2023,30345000,30345100,1026,1710,30360000,21972
1,2024,30360000,30360100,1026,1710,30375000,21984
1,2025,30375000,30375100,1026,1710,30390000,21995
1,2026,30390000,30390100,1026,1710,30405000,22009
1,2027,30405000,30405100,1026,1710,30420000,22016
1,2028,30420000,30420100,1026,1710,30435000,22028
1,2029,30435000,30435100,1026,1710,30450000,22037
1,203,3045000,3045100,1026,1710,3060000,2204
1,2030,30450000,30450100,1026,1710,30465000,22051
1,2031,30465000,30465100,1026,1710,30480000,22060
1,2032,30480000,30480100,1026,1710,30495000,22071
1,2033,30495000,30495100,1026,1710,30510000,22082
1,2034,30510000,30510100,1026,1710,30525000,22094
1,2035,30525000,30525100,1026,1710,30540000,22103
1,2036,30540000,30540100,1026,1710,30555000,22116
1,2037,30555000,30555100,1026,1710,30570000,22125
1,2038,30570000,30570100,1026,1710,30585000,22138
1,2039,30585000,30585100,1026,1710,30600000,22145
1,204,3060000,3060100,1026,1710,3075000,2214
1,2040,30600000,30600100,1026,1710,30615000,22159
1,2041,30615000,30615100,1026,1710,30630000,22169
1,2042,30630000,30630100,1026,1710,30645000,22181
1,2043,30645000,30645100,1026,1710,30660000,22190
1,2044,30660000,30660100,1026,1710,30675000,22201
1,2045,30675000,30675100,1026,1710,30690000,22212
1,2046,30690000,30690100,1026,1710,30705000,22226
1,2047,30705000,30705100,1026,1710,30720000,22232
1,2048,30720000,30720100,1026,1710,30735000,22246
1,2049,30735000,30735100,1026,1710,30750000,22255
1,205,3075000,3075100,1026,1710,3090000,2227
1,2050,30750000,30750100,1026,1710,30765000,22269
1,2051,30765000,30765100,1026,1710,30780000,22277
1,2052,30780000,30780100,1026,1710,30795000,22287
1,2053,30795000,30795100,1026,1710,30810000,22301
1,2054,30810000,30810100,1026,1710,30825000,22311
1,2055,30825000,30825100,1026,1710,30840000,22319
1,2056,30840000,30840100,1026,1710,30855000,22333
1,2057,30855000,30855100,1026,1710,30870000,22342
1,2058,30870000,30870100,1026,1710,30885000,22356
1,2059,30885000,30885100,1026,1710,30900000,22362
1,206,3090000,3090100,1026,1710,3105000,2240
1,2060,30900000,30900100,1026,1710,30915000,22376
1,2061,30915000,30915100,1026,1710,30930000,22387
1,2062,30930000,30930100,1026,1710,30945000,22398
1,2063,30945000,30945100,1026,1710,30960000,22407
1,2064,30960000,30960100,1026,1710,30975000,22419
1,2065,30975000,30975100,1026,1710,30990000,22429
1,2066,30990000,30990100,1026,1710,31005000,22443
1,2067,31005000,31005100,1026,1710,31020000,22450
1,2068,31020000,31020100,1026,1710,31035000,22463
1,2069,31035000,31035100,1026,1710,31050000,22472
1,207,3105000,3105100,1026,1710,3120000,2246
1,2070,31050000,31050100,1026,1710,31065000,22485
1,2071,31065000,31065100,1026,1710,31080000,22494
1,2072,31080000,31080100,1026,1710,31095000,22506
1,2073,31095000,31095100,1026,1710,31110000,22517
1,2074,31110000,31110100,1026,1710,31125000,22528
1,2075,31125000,31125100,1026,1710,31140000,22537
1,2076,31140000,31140100,1026,1710,31155000,22551
1,2077,31155000,31155100,1026,1710,31170000,22560
1,2078,31170000,31170100,1026,1710,31185000,22572
1,2079,31185000,31185100,1026,1710,31200000,22579
1,208,3120000,3120100,1026,1710,3135000,2259
1,2080,31200000,31200100,1026,1710,31215000,22593
1,2081,31215000,31215100,1026,1710,31230000,22604
1,2082,31230000,31230100,1026,1710,31245000,22616
1,2083,31245000,31245100,1026,1710,31260000,22625
1,2084,31260000,31260100,1026,1710,31275000,22635
1,2085,31275000,31275100,1026,1710,31290000,22646
1,2086,31290000,31290100,1026,1710,31305000,22661
1,2087,31305000,31305100,1026,1710,31320000,22667
1,2088,31320000,31320100,1026,1710,31335000,22680
1,2089,31335000,31335100,1026,1710,31350000,22688
1,209,3135000,3135100,1026,1710,3150000,2268
1,2090,31350000,31350100,1026,1710,31365000,22704
1,2091,31365000,31365100,1026,1710,31380000,22712
1,2092,31380000,31380100,1026,1710,31395000,22722
1,2093,31395000,31395100,1026,1710,31410000,22735
1,2094,31410000,31410100,1026,1710,31425000,22745
1,2095,31425000,31425100,1026,1710,31440000,22754
1,2096,31440000,31440100,1026,1710,31455000,22768
1,2097,31455000,31455100,1026,1710,31470000,22777
1,2098,31470000,31470100,1026,1710,31485000,22790
1,2099,31485000,31485100,1026,1710,31500000,22796
1,21,315000,315100,1026,1710,330000,228
1,210,3150000,3150100,1026,1710,3165000,2283
1,2100,31500000,31500100,1026,1710,31515000,22810
1,2101,31515000,31515100,1026,1710,31530000,22822
1,2102,31530000,31530100,1026,1710,31545000,22832
1,2103,31545000,31545100,1026,1710,31560000,22841
1,2104,31560000,31560100,1026,1710,31575000,22854
1,2105,31575000,31575100,1026,1710,31590000,22864
1,2106,31590000,31590100,1026,1710,31605000,22878
1,2107,31605000,31605100,1026,1710,31620000,22884
1,2108,31620000,31620100,1026,1710,31635000,22897
1,2109,31635000,31635100,1026,1710,31650000,22907
1,211,3165000,3165100,1026,1710,3180000,2291
1,2110,31650000,31650100,1026,1710,31665000,22920
1,2111,31665000,31665100,1026,1710,31680000,22928
1,2112,31680000,31680100,1026,1710,31695000,22940
1,2113,31695000,31695100,1026,1710,31710000,22951
1,2114,31710000,31710100,1026,1710,31725000,22963
1,2115,31725000,31725100,1026,1710,31740000,22972
1,2116,31740000,31740100,1026,1710,31755000,22985
1,2117,31755000,31755100,1026,1710,31770000,22994
1,2118,31770000,31770100,1026,1710,31785000,23007
1,2119,31785000,31785100,1026,1710,31800000,23014
1,212,3180000,3180100,1026,1710,3195000,2302
1,2120,31800000,31800100,1026,1710,31815000,23028
1,2121,31815000,31815100,1026,1710,31830000,23038
1,2122,31830000,31830100,1026,1710,31845000,23049
1,2123,31845000,31845100,1026,1710,31860000,23060
1,2124,31860000,31860100,1026,1710,31875000,23070
1,2125,31875000,31875100,1026,1710,31890000,23081
1,2126,31890000,31890100,1026,1710,31905000,23095
1,2127,31905000,31905100,1026,1710,31920000,23101
1,2128,31920000,31920100,1026,1710,31935000,23115
1,2129,31935000,31935100,1026,1710,31950000,23123
1,213,3195000,3195100,1026,1710,3210000,2314
1,2130,31950000,31950100,1026,1710,31965000,23138
1,2131,31965000,31965100,1026,1710,31980000,23146
1,2132,31980000,31980100,1026,1710,31995000,23157
1,2133,31995000,31995100,1026,1710,32010000,23169
1,2134,32010000,32010100,1026,1710,32025000,23180
1,2135,32025000,32025100,1026,1710,32040000,23188
1,2136,32040000,32040100,1026,1710,32055000,23202
1,2137,32055000,32055100,1026,1710,32070000,23212
1,2138,32070000,32070100,1026,1710,32085000,23225
1,2139,32085000,32085100,1026,1710,32100000,23231
1,214,3210000,3210100,1026,1710,3225000,2325
1,2140,32100000,32100100,1026,1710,32115000,23244
1,2141,32115000,32115100,1026,1710,32130000,23256
1,2142,32130000,32130100,1026,1710,32145000,23267
1,2143,32145000,32145100,1026,1710,32160000,23276
1,2144,32160000,32160100,1026,1710,32175000,23287
1,2145,32175000,32175100,1026,1710,32190000,23298
1,2146,32190000,32190100,1026,1710,32205000,23313
1,2147,32205000,32205100,1026,1710,32220000,23319
1,2148,32220000,32220100,1026,1710,32235000,23332
1,2149,32235000,32235100,1026,1710,32250000,23341
1,215,3225000,3225100,1026,1710,3240000,2333
1,2150,32250000,32250100,1026,1710,32265000,23354
1,2151,32265000,32265100,1026,1710,32280000,23363
1,2152,32280000,32280100,1026,1710,32295000,23375
1,2153,32295000,32295100,1026,1710,32310000,23386
1,2154,32310000,32310100,1026,1710,32325000,23397
1,2155,32325000,32325100,1026,1710,32340000,23405
1,2156,32340000,32340100,1026,1710,32355000,23420
1,2157,32355000,32355100,1026,1710,32370000,23429
1,2158,32370000,32370100,1026,1710,32385000,23441
1,2159,32385000,32385100,1026,1710,32400000,23448
1,216,3240000,3240100,1026,1710,3255000,2348
1,2160,32400000,32400100,1026,1710,32415000,23463
1,2161,32415000,32415100,1026,1710,32430000,23473
1,2162,32430000,32430100,1026,1710,32445000,23484
1,2163,32445000,32445100,1026,1710,32460000,23494
1,2164,32460000,32460100,1026,1710,32475000,23504
1,2165,32475000,32475100,1026,1710,32490000,23516
1,2166,32490000,32490100,1026,1710,32505000,23529
1,2167,32505000,32505100,1026,1710,32520000,23536
1,2168,32520000,32520100,1026,1710,32535000,23549
1,2169,32535000,32535100,1026,1710,32550000,23557
1,217,3255000,3255100,1026,1710,3270000,2356
1,2170,32550000,32550100,1026,1710,32565000,23573
1,2171,32565000,32565100,1026,1710,32580000,23581
1,2172,32580000,32580100,1026,1710,32595000,23591
1,2173,32595000,32595100,1026,1710,32610000,23603
1,2174,32610000,32610100,1026,1710,32625000,23615
1,2175,32625000,32625100,1026,1710,32640000,23623
1,2176,32640000,32640100,1026,1710,32655000,23637
1,2177,32655000,32655100,1026,1710,32670000,23645
1,2178,32670000,32670100,1026,1710,32685000,23659
1,2179,32685000,32685100,1026,1710,32700000,23666
1,218,3270000,3270100,1026,1710,3285000,2369
1,2180,32700000,32700100,1026,1710,32715000,23679
1,2181,32715000,32715100,1026,1710,32730000,23691
1,2182,32730000,32730100,1026,1710,32745000,23701
1,2183,32745000,32745100,1026,1710,32760000,23710
1,2184,32760000,32760100,1026,1710,32775000,23722
1,2185,32775000,32775100,1026,1710,32790000,23733
1,2186,32790000,32790100,1026,1710,32805000,23747
1,2187,32805000,32805100,1026,1710,32820000,23753
1,2188,32820000,32820100,1026,1710,32835000,23766
1,2189,32835000,32835100,1026,1710,32850000,23776
1,219,3285000,3285100,1026,1710,3300000,2376
1,2190,32850000,32850100,1026,1710,32865000,23789
1,2191,32865000,32865100,1026,1710,32880000,23797
1,2192,32880000,32880100,1026,1710,32895000,23809
1,2193,32895000,32895100,1026,1710,32910000,23821
1,2194,32910000,32910100,1026,1710,32925000,23832
1,2195,32925000,32925100,1026,1710,32940000,23840
1,2196,32940000,32940100,1026,1710,32955000,23854
1,2197,32955000,32955100,1026,1710,32970000,23863
1,2198,32970000,32970100,1026,1710,32985000,23876
1,2199,32985000,32985100,1026,1710,33000000,23882
1,22,330000,330100,1026,1710,345000,239
1,220,3300000,3300100,1026,1710,3315000,2390
1,2200,33000000,33000100,1026,1710,33015000,23897
1,2201,33015000,33015100,1026,1710,33030000,23907
1,2202,33030000,33030100,1026,1710,33045000,23919
1,2203,33045000,33045100,1026,1710,33060000,23929
1,2204,33060000,33060100,1026,1710,33075000,23939
1,2205,33075000,33075100,1026,1710,33090000,23950
1,2206,33090000,33090100,1026,1710,33105000,23963
1,2207,33105000,33105100,1026,1710,33120000,23971
1,2208,33120000,33120100,1026,1710,33135000,23984
1,2209,33135000,33135100,1026,1710,33150000,23992
1,221,3315000,3315100,1026,1710,3330000,2401
1,2210,33150000,33150100,1026,1710,33165000,24006
1,2211,33165000,33165100,1026,1710,33180000,24015
1,2212,33180000,33180100,1026,1710,33195000,24026
1,2213,33195000,33195100,1026,1710,33210000,24038
1,2214,33210000,33210100,1026,1710,33225000,24049
1,2215,33225000,33225100,1026,1710,33240000,24057
1,2216,33240000,33240100,1026,1710,33255000,24072
1,2217,33255000,33255100,1026,1710,33270000,24080
1,2218,33270000,33270100,1026,1710,33285000,24094
1,2219,33285000,33285100,1026,1710,33300000,24100
1,222,3330000,3330100,1026,1710,3345000,2411
1,2220,33300000,33300100,1026,1710,33315000,24113
1,2221,33315000,33315100,1026,1710,33330000,24125
1,2222,33330000,33330100,1026,1710,33345000,24136
1,2223,33345000,33345100,1026,1710,33360000,24145
1,2224,33360000,33360100,1026,1710,33375000,24156
1,2225,33375000,33375100,1026,1710,33390000,24167
1,2226,33390000,33390100,1026,1710,33405000,24182
1,2227,33405000,33405100,1026,1710,33420000,24188
1,2228,33420000,33420100,1026,1710,33435000,24200
1,2229,33435000,33435100,1026,1710,33450000,24210
1,223,3345000,3345100,1026,1710,3360000,2421
1,2230,33450000,33450100,1026,1710,33465000,24224
1,2231,33465000,33465100,1026,1710,33480000,24232
1,2232,33480000,33480100,1026,1710,33495000,24243
1,2233,33495000,33495100,1026,1710,33510000,24255
1,2234,33510000,33510100,1026,1710,33525000,24266
1,2235,33525000,33525100,1026,1710,33540000,24275
1,2236,33540000,33540100,1026,1710,33555000,24289
1,2237,33555000,33555100,1026,1710,33570000,24298
1,2238,33570000,33570100,1026,1710,33585000,24310
1,2239,33585000,33585100,1026,1710,33600000,24316
1,224,3360000,3360100,1026,1710,3375000,2433
1,2240,33600000,33600100,1026,1710,33615000,24332
1,2241,33615000,33615100,1026,1710,33630000,24342
1,2242,33630000,33630100,1026,1710,33645000,24353
1,2243,33645000,33645100,1026,1710,33660000,24362
1,2244,33660000,33660100,1026,1710,33675000,24374
1,2245,33675000,33675100,1026,1710,33690000,24385
1,2246,33690000,33690100,1026,1710,33705000,24398
1,2247,33705000,33705100,1026,1710,33720000,24405
1,2248,33720000,33720100,1026,1710,33735000,24418
1,2249,33735000,33735100,1026,1710,33750000,24427
1,225,3375000,3375100,1026,1710,3390000,2443
1,2250,33750000,33750100,1026,1710,33765000,24441
1,2251,33765000,33765100,1026,1710,33780000,24450
1,2252,33780000,33780100,1026,1710,33795000,24460
1,2253,33795000,33795100,1026,1710,33810000,24472
1,2254,33810000,33810100,1026,1710,33825000,24483
1,2255,33825000,33825100,1026,1710,33840000,24492
1,2256,33840000,33840100,1026,1710,33855000,24506
1,2257,33855000,33855100,1026,1710,33870000,24514
1,2258,33870000,33870100,1026,1710,33885000,24529
1,2259,33885000,33885100,1026,1710,33900000,24535
1,226,3390000,3390100,1026,1710,3405000,2457
1,2260,33900000,33900100,1026,1710,33915000,24548
1,2261,33915000,33915100,1026,1710,33930000,24559
1,2262,33930000,33930100,1026,1710,33945000,24570
1,2263,33945000,33945100,1026,1710,33960000,24580
1,2264,33960000,33960100,1026,1710,33975000,24591
1,2265,33975000,33975100,1026,1710,33990000,24601
1,2266,33990000,33990100,1026,1710,34005000,24616
1,2267,34005000,34005100,1026,1710,34020000,24622
1,2268,34020000,34020100,1026,1710,34035000,24635
1,2269,34035000,34035100,1026,1710,34050000,24645
1,227,3405000,3405100,1026,1710,3420000,2464
1,2270,34050000,34050100,1026,1710,34065000,24658
1,2271,34065000,34065100,1026,1710,34080000,24666
1,2272,34080000,34080100,1026,1710,34095000,24678
1,2273,34095000,34095100,1026,1710,34110000,24690
1,2274,34110000,34110100,1026,1710,34125000,24701
1,2275,34125000,34125100,1026,1710,34140000,24709
1,2276,34140000,34140100,1026,1710,34155000,24722
1,2277,34155000,34155100,1026,1710,34170000,24733
1,2278,34170000,34170100,1026,1710,34185000,24745
1,2279,34185000,34185100,1026,1710,34200000,24751
1,228,3420000,3420100,1026,1710,3435000,2477
1,2280,34200000,34200100,1026,1710,34215000,24766
1,2281,34215000,34215100,1026,1710,34230000,24776
1,2282,34230000,34230100,1026,1710,34245000,24788
1,2283,34245000,34245100,1026,1710,34260000,24797
1,2284,34260000,34260100,1026,1710,34275000,24808
1,2285,34275000,34275100,1026,1710,34290000,24819
1,2286,34290000,34290100,1026,1710,34305000,24833
1,2287,34305000,34305100,1026,1710,34320000,24839
1,2288,34320000,34320100,1026,1710,34335000,24853
1,2289,34335000,34335100,1026,1710,34350000,24861
1,229,3435000,3435100,1026,1710,3450000,2486
1,2290,34350000,34350100,1026,1710,34365000,24875
1,2291,34365000,34365100,1026,1710,34380000,24885
1,2292,34380000,34380100,1026,1710,34395000,24895
1,2293,34395000,34395100,1026,1710,34410000,24907
1,2294,34410000,34410100,1026,1710,34425000,24917
1,2295,34425000,34425100,1026,1710,34440000,24926
1,2296,34440000,34440100,1026,1710,34455000,24941
1,2297,34455000,34455100,1026,1710,34470000,24949
1,2298,34470000,34470100,1026,1710,34485000,24962
1,2299,34485000,34485100,1026,1710,34500000,24969
1,23,345000,345100,1026,1710,360000,249
1,230,3450000,3450100,1026,1710,3465000,2499
1,2300,34500000,34500100,1026,1710,34515000,24983
1,2301,34515000,34515100,1026,1710,34530000,24994
1,2302,34530000,34530100,1026,1710,34545000,25005
1,2303,34545000,34545100,1026,1710,34560000,25014
1,2304,34560000,34560100,1026,1710,34575000,25025
1,2305,34575000,34575100,1026,1710,34590000,25036
1,2306,34590000,34590100,1026,1710,34605000,25051
1,2307,34605000,34605100,1026,1710,34620000,25057
1,2308,34620000,34620100,1026,1710,34635000,25069
1,2309,34635000,34635100,1026,1710,34650000,25078
1,231,3465000,3465100,1026,1710,3480000,2508
1,2310,34650000,34650100,1026,1710,34665000,25093
1,2311,34665000,34665100,1026,1710,34680000,25101
1,2312,34680000,34680100,1026,1710,34695000,25112
1,2313,34695000,34695100,1026,1710,34710000,25124
1,2314,34710000,34710100,1026,1710,34725000,25136
1,2315,34725000,34725100,1026,1710,34740000,25144
1,2316,34740000,34740100,1026,1710,34755000,25157
1,2317,34755000,34755100,1026,1710,34770000,25167
1,2318,34770000,34770100,1026,1710,34785000,25179
1,2319,34785000,34785100,1026,1710,34800000,25186
1,232,3480000,3480100,1026,1710,3495000,2519
1,2320,34800000,34800100,1026,1710,34815000,25200
1,2321,34815000,34815100,1026,1710,34830000,25211
1,2322,34830000,34830100,1026,1710,34845000,25222
1,2323,34845000,34845100,1026,1710,34860000,25231
1,2324,34860000,34860100,1026,1710,34875000,25243
1,2325,34875000,34875100,1026,1710,34890000,25254
1,2326,34890000,34890100,1026,1710,34905000,25267
1,2327,34905000,34905100,1026,1710,34920000,25273
1,2328,34920000,34920100,1026,1710,34935000,25288
1,2329,34935000,34935100,1026,1710,34950000,25296
1,233,3495000,3495100,1026,1710,3510000,2531
1,2330,34950000,34950100,1026,1710,34965000,25310
1,2331,34965000,34965100,1026,1710,34980000,25318
1,2332,34980000,34980100,1026,1710,34995000,25329
1,2333,34995000,34995100,1026,1710,35010000,25342
1,2334,35010000,35010100,1026,1710,35025000,25352
1,2335,35025000,35025100,1026,1710,35040000,25361
1,2336,35040000,35040100,1026,1710,35055000,25375
1,2337,35055000,35055100,1026,1710,35070000,25383
1,2338,35070000,35070100,1026,1710,35085000,25397
1,2339,35085000,35085100,1026,1710,35100000,25404
1,234,3510000,3510100,1026,1710,3525000,2543
1,2340,35100000,35100100,1026,1710,35115000,25417
1,2341,35115000,35115100,1026,1710,35130000,25428
1,2342,35130000,35130100,1026,1710,35145000,25439
1,2343,35145000,35145100,1026,1710,35160000,25449
1,2344,35160000,35160100,1026,1710,35175000,25460
1,2345,35175000,35175100,1026,1710,35190000,25470
1,2346,35190000,35190100,1026,1710,35205000,25485
1,2347,35205000,35205100,1026,1710,35220000,25492
1,2348,35220000,35220100,1026,1710,35235000,25504
1,2349,35235000,35235100,1026,1710,35250000,25513
1,235,3525000,3525100,1026,1710,3540000,2551
1,2350,35250000,35250100,1026,1710,35265000,25527
1,2351,35265000,35265100,1026,1710,35280000,25535
1,2352,35280000,35280100,1026,1710,35295000,25547
1,2353,35295000,35295100,1026,1710,35310000,25558
1,2354,35310000,35310100,1026,1710,35325000,25570
1,2355,35325000,35325100,1026,1710,35340000,25578
1,2356,35340000,35340100,1026,1710,35355000,25592
1,2357,35355000,35355100,1026,1710,35370000,25602
1,2358,35370000,35370100,1026,1710,35385000,25614
1,2359,35385000,35385100,1026,1710,35400000,25620
1,236,3540000,3540100,1026,1710,3555000,2564
1,2360,35400000,35400100,1026,1710,35415000,25634
1,2361,35415000,35415100,1026,1710,35430000,25646
1,2362,35430000,35430100,1026,1710,35445000,25657
1,2363,35445000,35445100,1026,1710,35460000,25666
1,2364,35460000,35460100,1026,1710,35475000,25676
1,2365,35475000,35475100,1026,1710,35490000,25688
1,2366,35490000,35490100,1026,1710,35505000,25702
1,2367,35505000,35505100,1026,1710,35520000,25708
1,2368,35520000,35520100,1026,1710,35535000,25722
1,2369,35535000,35535100,1026,1710,35550000,25730
1,237,3555000,3555100,1026,1710,3570000,2573
1,2370,35550000,35550100,1026,1710,35565000,25745
1,2371,35565000,35565100,1026,1710,35580000,25753
1,2372,35580000,35580100,1026,1710,35595000,25764
1,2373,35595000,35595100,1026,1710,35610000,25776
1,2374,35610000,35610100,1026,1710,35625000,25786
1,2375,35625000,35625100,1026,1710,35640000,25795
1,2376,35640000,35640100,1026,1710,35655000,25810
1,2377,35655000,35655100,1026,1710,35670000,25818
1,2378,35670000,35670100,1026,1710,35685000,25831
1,2379,35685000,35685100,1026,1710,35700000,25838
1,238,3570000,3570100,1026,1710,3585000,2587
1,2380,35700000,35700100,1026,1710,35715000,25852
1,2381,35715000,35715100,1026,1710,35730000,25863
1,2382,35730000,35730100,1026,1710,35745000,25873
1,2383,35745000,35745100,1026,1710,35760000,25883
1,2384,35760000,35760100,1026,1710,35775000,25895
1,2385,35775000,35775100,1026,1710,35790000,25905
1,2386,35790000,35790100,1026,1710,35805000,25919
1,2387,35805000,35805100,1026,1710,35820000,25926
1,2388,35820000,35820100,1026,1710,35835000,25938
1,2389,35835000,35835100,1026,1710,35850000,25948
1,239,3585000,3585100,1026,1710,3600000,2593
1,2390,35850000,35850100,1026,1710,35865000,25962
1,2391,35865000,35865100,1026,1710,35880000,25970
1,2392,35880000,35880100,1026,1710,35895000,25981
1,2393,35895000,35895100,1026,1710,35910000,25992
1,2394,35910000,35910100,1026,1710,35925000,26005
1,2395,35925000,35925100,1026,1710,35940000,26013
1,2396,35940000,35940100,1026,1710,35955000,26026
1,2397,35955000,35955100,1026,1710,35970000,26035
1,2398,35970000,35970100,1026,1710,35985000,26049
1,2399,35985000,35985100,1026,1710,36000000,26055
1,24,360000,360100,1026,1710,375000,260
1,240,3600000,3600100,1026,1710,3615000,2607
1,2400,36000000,36000100,1026,1710,36015000,26069
1,2401,36015000,36015100,1026,1710,36030000,26080
1,2402,36030000,36030100,1026,1710,36045000,26091
1,2403,36045000,36045100,1026,1710,36060000,26101
1,2404,36060000,36060100,1026,1710,36075000,26111
1,2405,36075000,36075100,1026,1710,36090000,26123
1,2406,36090000,36090100,1026,1710,36105000,26136
1,2407,36105000,36105100,1026,1710,36120000,26142
1,2408,36120000,36120100,1026,1710,36135000,26156
1,2409,36135000,36135100,1026,1710,36150000,26165
1,241,3615000,3615100,1026,1710,3630000,2617
1,2410,36150000,36150100,1026,1710,36165000,26179
1,2411,36165000,36165100,1026,1710,36180000,26187
1,2412,36180000,36180100,1026,1710,36195000,26199
1,2413,36195000,36195100,1026,1710,36210000,26211
1,2414,36210000,36210100,1026,1710,36225000,26221
1,2415,36225000,36225100,1026,1710,36240000,26229
1,2416,36240000,36240100,1026,1710,36255000,26244
1,2417,36255000,36255100,1026,1710,36270000,26253
1,2418,36270000,36270100,1026,1710,36285000,26266
1,2419,36285000,36285100,1026,1710,36300000,26272
1,242,3630000,3630100,1026,1710,3645000,2630
1,2420,36300000,36300100,1026,1710,36315000,26286
1,2421,36315000,36315100,1026,1710,36330000,26297
1,2422,36330000,36330100,1026,1710,36345000,26308
1,2423,36345000,36345100,1026,1710,36360000,26318
1,2424,36360000,36360100,1026,1710,36375000,26329
1,2425,36375000,36375100,1026,1710,36390000,26339
1,2426,36390000,36390100,1026,1710,36405000,26354
1,2427,36405000,36405100,1026,1710,36420000,26361
1,2428,36420000,36420100,1026,1710,36435000,26373
1,2429,36435000,36435100,1026,1710,36450000,26382
1,243,3645000,3645100,1026,1710,3660000,2639
1,2430,36450000,36450100,1026,1710,36465000,26395
1,2431,36465000,36465100,1026,1710,36480000,26405
1,2432,36480000,36480100,1026,1710,36495000,26416
1,2433,36495000,36495100,1026,1710,36510000,26427
1,2434,36510000,36510100,1026,1710,36525000,26439
1,2435,36525000,36525100,1026,1710,36540000,26447
1,2436,36540000,36540100,1026,1710,36555000,26461
1,2437,36555000,36555100,1026,1710,36570000,26470
1,2438,36570000,36570100,1026,1710,36585000,26483
1,2439,36585000,36585100,1026,1710,36600000,26489
1,244,3660000,3660100,1026,1710,3675000,2649
1,2440,36600000,36600100,1026,1710,36615000,26504
1,2441,36615000,36615100,1026,1710,36630000,26514
1,2442,36630000,36630100,1026,1710,36645000,26526
1,2443,36645000,36645100,1026,1710,36660000,26535
1,2444,36660000,36660100,1026,1710,36675000,26545
1,2445,36675000,36675100,1026,1710,36690000,26558
1,2446,36690000,36690100,1026,1710,36705000,26571
1,2447,36705000,36705100,1026,1710,36720000,26577
1,2448,36720000,36720100,1026,1710,36735000,26590
1,2449,36735000,36735100,1026,1710,36750000,26599
1,245,3675000,3675100,1026,1710,3690000,2661
1,2450,36750000,36750100,1026,1710,36765000,26614
1,2451,36765000,36765100,1026,1710,36780000,26622
1,2452,36780000,36780100,1026,1710,36795000,26632
1,2453,36795000,36795100,1026,1710,36810000,26645
1,2454,36810000,36810100,1026,1710,36825000,26656
1,2455,36825000,36825100,1026,1710,36840000,26664
1,2456,36840000,36840100,1026,1710,36855000,26679
1,2457,36855000,36855100,1026,1710,36870000,26687
1,2458,36870000,36870100,1026,1710,36885000,26700
1,2459,36885000,36885100,1026,1710,36900000,26707
1,246,3690000,3690100,1026,1710,3705000,2674
1,2460,36900000,36900100,1026,1710,36915000,26721
1,2461,36915000,36915100,1026,1710,36930000,26732
1,2462,36930000,36930100,1026,1710,36945000,26742
1,2463,36945000,36945100,1026,1710,36960000,26751
1,2464,36960000,36960100,1026,1710,36975000,26764
1,2465,36975000,36975100,1026,1710,36990000,26774
1,2466,36990000,36990100,1026,1710,37005000,26788
1,2467,37005000,37005100,1026,1710,37020000,26795
1,2468,37020000,37020100,1026,1710,37035000,26808
1,2469,37035000,37035100,1026,1710,37050000,26817
1,247,3705000,3705100,1026,1710,3720000,2681
1,2470,37050000,37050100,1026,1710,37065000,26830
1,2471,37065000,37065100,1026,1710,37080000,26839
1,2472,37080000,37080100,1026,1710,37095000,26850
1,2473,37095000,37095100,1026,1710,37110000,26862
1,2474,37110000,37110100,1026,1710,37125000,26873
1,2475,37125000,37125100,1026,1710,37140000,26882
1,2476,37140000,37140100,1026,1710,37155000,26895
1,2477,37155000,37155100,1026,1710,37170000,26904
1,2478,37170000,37170100,1026,1710,37185000,26918
1,2479,37185000,37185100,1026,1710,37200000,26924
1,248,3720000,3720100,1026,1710,3735000,2694
1,2480,37200000,37200100,1026,1710,37215000,26938
1,2481,37215000,37215100,1026,1710,37230000,26948
1,2482,37230000,37230100,1026,1710,37245000,26961
1,2483,37245000,37245100,1026,1710,37260000,26970
1,2484,37260000,37260100,1026,1710,37275000,26980
1,2485,37275000,37275100,1026,1710,37290000,26991
1,2486,37290000,37290100,1026,1710,37305000,27005
1,2487,37305000,37305100,1026,1710,37320000,27012
1,2488,37320000,37320100,1026,1710,37335000,27025
1,2489,37335000,37335100,1026,1710,37350000,27034
1,249,3735000,3735100,1026,1710,3750000,2703
1,2490,37350000,37350100,1026,1710,37365000,27048
1,2491,37365000,37365100,1026,1710,37380000,27056
1,2492,37380000,37380100,1026,1710,37395000,27067
1,2493,37395000,37395100,1026,1710,37410000,27080
1,2494,37410000,37410100,1026,1710,37425000,27090
1,2495,37425000,37425100,1026,1710,37440000,27098
1,2496,37440000,37440100,1026,1710,37455000,27113
1,2497,37455000,37455100,1026,1710,37470000,27122
1,2498,37470000,37470100,1026,1710,37485000,27135
1,2499,37485000,37485100,1026,1710,37500000,27141
1,25,375000,375100,1026,1710,390000,271
1,250,3750000,3750100,1026,1710,3765000,2717
1,2500,37500000,37500100,1026,1710,37515000,27155
1,2501,37515000,37515100,1026,1710,37530000,27167
1,2502,37530000,37530100,1026,1710,37545000,27177
1,2503,37545000,37545100,1026,1710,37560000,27186
1,2504,37560000,37560100,1026,1710,37575000,27198
1,2505,37575000,37575100,1026,1710,37590000,27208
1,2506,37590000,37590100,1026,1710,37605000,27223
1,2507,37605000,37605100,1026,1710,37620000,27229
1,2508,37620000,37620100,1026,1710,37635000,27242
1,2509,37635000,37635100,1026,1710,37650000,27251
1,251,3765000,3765100,1026,1710,3780000,2725
1,2510,37650000,37650100,1026,1710,37665000,27265
1,2511,37665000,37665100,1026,1710,37680000,27274
1,2512,37680000,37680100,1026,1710,37695000,27285
1,2513,37695000,37695100,1026,1710,37710000,27296
1,2514,37710000,37710100,1026,1710,37725000,27307
1,2515,37725000,37725100,1026,1710,37740000,27317
1,2516,37740000,37740100,1026,1710,37755000,27330
1,2517,37755000,37755100,1026,1710,37770000,27339
1,2518,37770000,37770100,1026,1710,37785000,27351
1,2519,37785000,37785100,1026,1710,37800000,27358
1,252,3780000,3780100,1026,1710,3795000,2736
1,2520,37800000,37800100,1026,1710,37815000,27373
1,2521,37815000,37815100,1026,1710,37830000,27383
1,2522,37830000,37830100,1026,1710,37845000,27395
1,2523,37845000,37845100,1026,1710,37860000,27404
1,2524,37860000,37860100,1026,1710,37875000,27415
1,2525,37875000,37875100,1026,1710,37890000,27426
1,2526,37890000,37890100,1026,1710,37905000,27440
1,2527,37905000,37905100,1026,1710,37920000,27446
1,2528,37920000,37920100,1026,1710,37935000,27459
1,2529,37935000,37935100,1026,1710,37950000,27468
1,253,3795000,3795100,1026,1710,3810000,2749
1,2530,37950000,37950100,1026,1710,37965000,27483
1,2531,37965000,37965100,1026,1710,37980000,27491
1,2532,37980000,37980100,1026,1710,37995000,27501
1,2533,37995000,37995100,1026,1710,38010000,27514
1,2534,38010000,38010100,1026,1710,38025000,27525
1,2535,38025000,38025100,1026,1710,38040000,27533
1,2536,38040000,38040100,1026,1710,38055000,27547
1,2537,38055000,38055100,1026,1710,38070000,27556
1,2538,38070000,38070100,1026,1710,38085000,27570
1,2539,38085000,38085100,1026,1710,38100000,27576
1,254,3810000,3810100,1026,1710,3825000,2759
1,2540,38100000,38100100,1026,1710,38115000,27589
1,2541,38115000,38115100,1026,1710,38130000,27601
1,2542,38130000,38130100,1026,1710,38145000,27611
1,2543,38145000,38145100,1026,1710,38160000,27621
1,2544,38160000,38160100,1026,1710,38175000,27633
1,2545,38175000,38175100,1026,1710,38190000,27643
1,2546,38190000,38190100,1026,1710,38205000,27657
1,2547,38205000,38205100,1026,1710,38220000,27663
1,2548,38220000,38220100,1026,1710,38235000,27677
1,2549,38235000,38235100,1026,1710,38250000,27686
1,255,3825000,3825100,1026,1710,3840000,2767
1,2550,38250000,38250100,1026,1710,38265000,27699
1,2551,38265000,38265100,1026,1710,38280000,27707
1,2552,38280000,38280100,1026,1710,38295000,27720
1,2553,38295000,38295100,1026,1710,38310000,27731
1,2554,38310000,38310100,1026,1710,38325000,27742
1,2555,38325000,38325100,1026,1710,38340000,27751
1,2556,38340000,38340100,1026,1710,38355000,27764
1,2557,38355000,38355100,1026,1710,38370000,27774
1,2558,38370000,38370100,1026,1710,38385000,27786
1,2559,38385000,38385100,1026,1710,38400000,27793
1,256,3840000,3840100,1026,1710,3855000,2783
1,2560,38400000,38400100,1026,1710,38415000,27807
1,2561,38415000,38415100,1026,1710,38430000,27817
1,2562,38430000,38430100,1026,1710,38445000,27829
1,2563,38445000,38445100,1026,1710,38460000,27839
1,2564,38460000,38460100,1026,1710,38475000,27849
1,2565,38475000,38475100,1026,1710,38490000,27860
1,2566,38490000,38490100,1026,1710,38505000,27875
1,2567,38505000,38505100,1026,1710,38520000,27881
1,2568,38520000,38520100,1026,1710,38535000,27894
1,2569,38535000,38535100,1026,1710,38550000,27902
1,257,3855000,3855100,1026,1710,3870000,2791
1,2570,38550000,38550100,1026,1710,38565000,27917
1,2571,38565000,38565100,1026,1710,38580000,27926
1,2572,38580000,38580100,1026,1710,38595000,27936
1,2573,38595000,38595100,1026,1710,38610000,27948
1,2574,38610000,38610100,1026,1710,38625000,27959
1,2575,38625000,38625100,1026,1710,38640000,27967
1,2576,38640000,38640100,1026,1710,38655000,27982
1,2577,38655000,38655100,1026,1710,38670000,27991
1,2578,38670000,38670100,1026,1710,38685000,28004
1,2579,38685000,38685100,1026,1710,38700000,28010
1,258,3870000,3870100,1026,1710,3885000,2804
1,2580,38700000,38700100,1026,1710,38715000,28024
1,2581,38715000,38715100,1026,1710,38730000,28036
1,2582,38730000,38730100,1026,1710,38745000,28046
1,2583,38745000,38745100,1026,1710,38760000,28055
1,2584,38760000,38760100,1026,1710,38775000,28066
1,2585,38775000,38775100,1026,1710,38790000,28078
1,2586,38790000,38790100,1026,1710,38805000,28092
1,2587,38805000,38805100,1026,1710,38820000,28098
1,2588,38820000,38820100,1026,1710,38835000,28111
1,2589,38835000,38835100,1026,1710,38850000,28120
1,259,3885000,3885100,1026,1710,3900000,2810
1,2590,38850000,38850100,1026,1710,38865000,28134
1,2591,38865000,38865100,1026,1710,38880000,28142
1,2592,38880000,38880100,1026,1710,38895000,28154
1,2593,38895000,38895100,1026,1710,38910000,28165
1,2594,38910000,38910100,1026,1710,38925000,28177
1,2595,38925000,38925100,1026,1710,38940000,28185
1,2596,38940000,38940100,1026,1710,38955000,28199
1,2597,38955000,38955100,1026,1710,38970000,28208
1,2598,38970000,38970100,1026,1710,38985000,28220
1,2599,38985000,38985100,1026,1710,39000000,28228
1,26,390000,390100,1026,1710,405000,285
1,260,3900000,3900100,1026,1710,3915000,2824
1,2600,39000000,39000100,1026,1710,39015000,28242
1,2601,39015000,39015100,1026,1710,39030000,28252
1,2602,39030000,39030100,1026,1710,39045000,28263
1,2603,39045000,39045100,1026,1710,39060000,28273
1,2604,39060000,39060100,1026,1710,39075000,28284
1,2605,39075000,39075100,1026,1710,39090000,28295
1,2606,39090000,39090100,1026,1710,39105000,28308
1,2607,39105000,39105100,1026,1710,39120000,28315
1,2608,39120000,39120100,1026,1710,39135000,28329
1,2609,39135000,39135100,1026,1710,39150000,28337
1,261,3915000,3915100,1026,1710,3930000,2836
1,2610,39150000,39150100,1026,1710,39165000,28352
1,2611,39165000,39165100,1026,1710,39180000,28360
1,2612,39180000,39180100,1026,1710,39195000,28370
1,2613,39195000,39195100,1026,1710,39210000,28383
1,2614,39210000,39210100,1026,1710,39225000,28394
1,2615,39225000,39225100,1026,1710,39240000,28402
1,2616,39240000,39240100,1026,1710,39255000,28416
1,2617,39255000,39255100,1026,1710,39270000,28424
1,2618,39270000,39270100,1026,1710,39285000,28439
1,2619,39285000,39285100,1026,1710,39300000,28445
1,262,3930000,3930100,1026,1710,3945000,2846
1,2620,39300000,39300100,1026,1710,39315000,28458
1,2621,39315000,39315100,1026,1710,39330000,28470
1,2622,39330000,39330100,1026,1710,39345000,28481
1,2623,39345000,39345100,1026,1710,39360000,28490
1,2624,39360000,39360100,1026,1710,39375000,28501
1,2625,39375000,39375100,1026,1710,39390000,28512
1,2626,39390000,39390100,1026,1710,39405000,28526
1,2627,39405000,39405100,1026,1710,39420000,28533
1,2628,39420000,39420100,1026,1710,39435000,28545
1,2629,39435000,39435100,1026,1710,39450000,28555
1,263,3945000,3945100,1026,1710,3960000,2855
1,2630,39450000,39450100,1026,1710,39465000,28568
1,2631,39465000,39465100,1026,1710,39480000,28576
1,2632,39480000,39480100,1026,1710,39495000,28589
1,2633,39495000,39495100,1026,1710,39510000,28600
1,2634,39510000,39510100,1026,1710,39525000,28611
1,2635,39525000,39525100,1026,1710,39540000,28619
1,2636,39540000,39540100,1026,1710,39555000,28634
1,2637,39555000,39555100,1026,1710,39570000,28643
1,2638,39570000,39570100,1026,1710,39585000,28655
1,2639,39585000,39585100,1026,1710,39600000,28661
1,264,3960000,3960100,1026,1710,3975000,2867
1,2640,39600000,39600100,1026,1710,39615000,28676
1,2641,39615000,39615100,1026,1710,39630000,28687
1,2642,39630000,39630100,1026,1710,39645000,28698
1,2643,39645000,39645100,1026,1710,39660000,28708
1,2644,39660000,39660100,1026,1710,39675000,28718
1,2645,39675000,39675100,1026,1710,39690000,28729
1,2646,39690000,39690100,1026,1710,39705000,28743
1,2647,39705000,39705100,1026,1710,39720000,28750
1,2648,39720000,39720100,1026,1710,39735000,28763
1,2649,39735000,39735100,1026,1710,39750000,28771
1,265,3975000,3975100,1026,1710,3990000,2877
1,2650,39750000,39750100,1026,1710,39765000,28786
1,2651,39765000,39765100,1026,1710,39780000,28795
1,2652,39780000,39780100,1026,1710,39795000,28805
1,2653,39795000,39795100,1026,1710,39810000,28817
1,2654,39810000,39810100,1026,1710,39825000,28828
1,2655,39825000,39825100,1026,1710,39840000,28837
1,2656,39840000,39840100,1026,1710,39855000,28851
1,2657,39855000,39855100,1026,1710,39870000,28859
1,2658,39870000,39870100,1026,1710,39885000,28873
1,2659,39885000,39885100,1026,1710,39900000,28879
1,266,3990000,3990100,1026,1710,4005000,2892
1,2660,39900000,39900100,1026,1710,39915000,28893
1,2661,39915000,39915100,1026,1710,39930000,28904
1,2662,39930000,39930100,1026,1710,39945000,28915
1,2663,39945000,39945100,1026,1710,39960000,28924
1,2664,39960000,39960100,1026,1710,39975000,28936
1,2665,39975000,39975100,1026,1710,39990000,28947
1,2666,39990000,39990100,1026,1710,40005000,28961
1,2667,40005000,40005100,1026,1710,40020000,28967
1,2668,40020000,40020100,1026,1710,40035000,28979
1,2669,40035000,40035100,1026,1710,40050000,28990
1,267,4005000,4005100,1026,1710,4020000,2899
1,2670,40050000,40050100,1026,1710,40065000,29003
1,2671,40065000,40065100,1026,1710,40080000,29011
1,2672,40080000,40080100,1026,1710,40095000,29022
1,2673,40095000,40095100,1026,1710,40110000,29034
1,2674,40110000,40110100,1026,1710,40125000,29046
1,2675,40125000,40125100,1026,1710,40140000,29054
1,2676,40140000,40140100,1026,1710,40155000,29068
1,2677,40155000,40155100,1026,1710,40170000,29077
1,2678,40170000,40170100,1026,1710,40185000,29090
1,2679,40185000,40185100,1026,1710,40200000,29096
1,268,4020000,4020100,1026,1710,4035000,2911
1,2680,40200000,40200100,1026,1710,40215000,29111
1,2681,40215000,40215100,1026,1710,40230000,29121
1,2682,40230000,40230100,1026,1710,40245000,29132
1,2683,40245000,40245100,1026,1710,40260000,29142
1,2684,40260000,40260100,1026,1710,40275000,29153
1,2685,40275000,40275100,1026,1710,40290000,29164
1,2686,40290000,40290100,1026,1710,40305000,29177
1,2687,40305000,40305100,1026,1710,40320000,29184
1,2688,40320000,40320100,1026,1710,40335000,29198
1,2689,40335000,40335100,1026,1710,40350000,29206
1,269,4035000,4035100,1026,1710,4050000,2920
1,2690,40350000,40350100,1026,1710,40365000,29220
1,2691,40365000,40365100,1026,1710,40380000,29229
1,2692,40380000,40380100,1026,1710,40395000,29240
1,2693,40395000,40395100,1026,1710,40410000,29252
1,2694,40410000,40410100,1026,1710,40425000,29262
1,2695,40425000,40425100,1026,1710,40440000,29271
1,2696,40440000,40440100,1026,1710,40455000,29285
1,2697,40455000,40455100,1026,1710,40470000,29294
1,2698,40470000,40470100,1026,1710,40485000,29308
1,2699,40485000,40485100,1026,1710,40500000,29314
1,27,405000,405100,1026,1710,420000,291
1,270,4050000,4050100,1026,1710,4065000,2934
1,2700,40500000,40500100,1026,1710,40515000,29327
1,2701,40515000,40515100,1026,1710,40530000,29338
1,2702,40530000,40530100,1026,1710,40545000,29350
1,2703,40545000,40545100,1026,1710,40560000,29359
1,2704,40560000,40560100,1026,1710,40575000,29370
1,2705,40575000,40575100,1026,1710,40590000,29380
1,2706,40590000,40590100,1026,1710,40605000,29396
1,2707,40605000,40605100,1026,1710,40620000,29402
1,2708,40620000,40620100,1026,1710,40635000,29414
1,2709,40635000,40635100,1026,1710,40650000,29424
1,271,4065000,4065100,1026,1710,4080000,2943
1,2710,40650000,40650100,1026,1710,40665000,29437
1,2711,40665000,40665100,1026,1710,40680000,29446
1,2712,40680000,40680100,1026,1710,40695000,29457
1,2713,40695000,40695100,1026,1710,40710000,29469
1,2714,40710000,40710100,1026,1710,40725000,29480
1,2715,40725000,40725100,1026,1710,40740000,29488
1,2716,40740000,40740100,1026,1710,40755000,29502
1,2717,40755000,40755100,1026,1710,40770000,29512
1,2718,40770000,40770100,1026,1710,40785000,29524
1,2719,40785000,40785100,1026,1710,40800000,29530
1,272,4080000,4080100,1026,1710,4095000,2954
1,2720,40800000,40800100,1026,1710,40815000,29546
1,2721,40815000,40815100,1026,1710,40830000,29556
1,2722,40830000,40830100,1026,1710,40845000,29567
1,2723,40845000,40845100,1026,1710,40860000,29576
1,2724,40860000,40860100,1026,1710,40875000,29587
1,2725,40875000,40875100,1026,1710,40890000,29599
1,2726,40890000,40890100,1026,1710,40905000,29612
1,2727,40905000,40905100,1026,1710,40920000,29618
1,2728,40920000,40920100,1026,1710,40935000,29632
1,2729,40935000,40935100,1026,1710,40950000,29640
1,273,4095000,4095100,1026,1710,4110000,2965
1,2730,40950000,40950100,1026,1710,40965000,29655
1,2731,40965000,40965100,1026,1710,40980000,29664
1,2732,40980000,40980100,1026,1710,40995000,29674
1,2733,40995000,40995100,1026,1710,41010000,29686
1,2734,41010000,41010100,1026,1710,41025000,29697
1,2735,41025000,41025100,1026,1710,41040000,29706
1,2736,41040000,41040100,1026,1710,41055000,29720
1,2737,41055000,41055100,1026,1710,41070000,29728
1,2738,41070000,41070100,1026,1710,41085000,29741
1,2739,41085000,41085100,1026,1710,41100000,29749
1,274,4110000,4110100,1026,1710,4125000,2976
1,2740,41100000,41100100,1026,1710,41115000,29762
1,2741,41115000,41115100,1026,1710,41130000,29773
1,2742,41130000,41130100,1026,1710,41145000,29784
1,2743,41145000,41145100,1026,1710,41160000,29793
1,2744,41160000,41160100,1026,1710,41175000,29805
1,2745,41175000,41175100,1026,1710,41190000,29815
1,2746,41190000,41190100,1026,1710,41205000,29830
1,2747,41205000,41205100,1026,1710,41220000,29836
1,2748,41220000,41220100,1026,1710,41235000,29849
1,2749,41235000,41235100,1026,1710,41250000,29858
1,275,4125000,4125100,1026,1710,4140000,2986
1,2750,41250000,41250100,1026,1710,41265000,29872
1,2751,41265000,41265100,1026,1710,41280000,29880
1,2752,41280000,41280100,1026,1710,41295000,29891
1,2753,41295000,41295100,1026,1710,41310000,29904
1,2754,41310000,41310100,1026,1710,41325000,29915
1,2755,41325000,41325100,1026,1710,41340000,29923
1,2756,41340000,41340100,1026,1710,41355000,29936
1,2757,41355000,41355100,1026,1710,41370000,29946
1,2758,41370000,41370100,1026,1710,41385000,29959
1,2759,41385000,41385100,1026,1710,41400000,29965
1,276,4140000,4140100,1026,1710,4155000,2999
1,2760,41400000,41400100,1026,1710,41415000,29979
1,2761,41415000,41415100,1026,1710,41430000,29990
1,2762,41430000,41430100,1026,1710,41445000,30002
1,2763,41445000,41445100,1026,1710,41460000,30011
1,2764,41460000,41460100,1026,1710,41475000,30022
1,2765,41475000,41475100,1026,1710,41490000,30033
1,2766,41490000,41490100,1026,1710,41505000,30046
1,2767,41505000,41505100,1026,1710,41520000,30053
1,2768,41520000,41520100,1026,1710,41535000,30067
1,2769,41535000,41535100,1026,1710,41550000,30075
1,277,4155000,4155100,1026,1710,4170000,3008
1,2770,41550000,41550100,1026,1710,41565000,30089
1,2771,41565000,41565100,1026,1710,41580000,30097
1,2772,41580000,41580100,1026,1710,41595000,30109
1,2773,41595000,41595100,1026,1710,41610000,30121
1,2774,41610000,41610100,1026,1710,41625000,30131
1,2775,41625000,41625100,1026,1710,41640000,30140
1,2776,41640000,41640100,1026,1710,41655000,30155
1,2777,41655000,41655100,1026,1710,41670000,30163
1,2778,41670000,41670100,1026,1710,41685000,30176
1,2779,41685000,41685100,1026,1710,41700000,30183
1,278,4170000,4170100,1026,1710,4185000,3021
1,2780,41700000,41700100,1026,1710,41715000,30196
1,2781,41715000,41715100,1026,1710,41730000,30208
1,2782,41730000,41730100,1026,1710,41745000,30218
1,2783,41745000,41745100,1026,1710,41760000,30228
1,2784,41760000,41760100,1026,1710,41775000,30239
1,2785,41775000,41775100,1026,1710,41790000,30249
1,2786,41790000,41790100,1026,1710,41805000,30265
1,2787,41805000,41805100,1026,1710,41820000,30271
1,2788,41820000,41820100,1026,1710,41835000,30283
1,2789,41835000,41835100,1026,1710,41850000,30292
1,279,4185000,4185100,1026,1710,4200000,3027
1,2790,41850000,41850100,1026,1710,41865000,30307
1,2791,41865000,41865100,1026,1710,41880000,30315
1,2792,41880000,41880100,1026,1710,41895000,30326
1,2793,41895000,41895100,1026,1710,41910000,30337
1,2794,41910000,41910100,1026,1710,41925000,30349
1,2795,41925000,41925100,1026,1710,41940000,30358
1,2796,41940000,41940100,1026,1710,41955000,30371
1,2797,41955000,41955100,1026,1710,41970000,30381
1,2798,41970000,41970100,1026,1710,41985000,30393
1,2799,41985000,41985100,1026,1710,42000000,30399
1,28,420000,420100,1026,1710,435000,304
1,280,4200000,4200100,1026,1710,4215000,3042
1,2800,42000000,42000100,1026,1710,42015000,30414
1,2801,42015000,42015100,1026,1710,42030000,30425
1,2802,42030000,42030100,1026,1710,42045000,30436
1,2803,42045000,42045100,1026,1710,42060000,30445
1,2804,42060000,42060100,1026,1710,42075000,30456
1,2805,42075000,42075100,1026,1710,42090000,30468
1,2806,42090000,42090100,1026,1710,42105000,30481
1,2807,42105000,42105100,1026,1710,42120000,30487
1,2808,42120000,42120100,1026,1710,42135000,30501
1,2809,42135000,42135100,1026,1710,42150000,30510
1,281,4215000,4215100,1026,1710,4230000,3052
1,2810,42150000,42150100,1026,1710,42165000,30524
1,2811,42165000,42165100,1026,1710,42180000,30532
1,2812,42180000,42180100,1026,1710,42195000,30543
1,2813,42195000,42195100,1026,1710,42210000,30555
1,2814,42210000,42210100,1026,1710,42225000,30566
1,2815,42225000,42225100,1026,1710,42240000,30574
1,2816,42240000,42240100,1026,1710,42255000,30589
1,2817,42255000,42255100,1026,1710,42270000,30597
1,2818,42270000,42270100,1026,1710,42285000,30611
1,2819,42285000,42285100,1026,1710,42300000,30618
1,282,4230000,4230100,1026,1710,4245000,3064
1,2820,42300000,42300100,1026,1710,42315000,30631
1,2821,42315000,42315100,1026,1710,42330000,30642
1,2822,42330000,42330100,1026,1710,42345000,30652
1,2823,42345000,42345100,1026,1710,42360000,30663
1,2824,42360000,42360100,1026,1710,42375000,30674
1,2825,42375000,42375100,1026,1710,42390000,30684
1,2826,42390000,42390100,1026,1710,42405000,30698
1,2827,42405000,42405100,1026,1710,42420000,30705
1,2828,42420000,42420100,1026,1710,42435000,30718
1,2829,42435000,42435100,1026,1710,42450000,30727
1,283,4245000,4245100,1026,1710,4260000,3073
1,2830,42450000,42450100,1026,1710,42465000,30741
1,2831,42465000,42465100,1026,1710,42480000,30749
1,2832,42480000,42480100,1026,1710,42495000,30761
1,2833,42495000,42495100,1026,1710,42510000,30772
1,2834,42510000,42510100,1026,1710,42525000,30784
1,2835,42525000,42525100,1026,1710,42540000,30792
1,2836,42540000,42540100,1026,1710,42555000,30805
1,2837,42555000,42555100,1026,1710,42570000,30815
1,2838,42570000,42570100,1026,1710,42585000,30828
1,2839,42585000,42585100,1026,1710,42600000,30834
1,284,4260000,4260100,1026,1710,4275000,3084
1,2840,42600000,42600100,1026,1710,42615000,30848
1,2841,42615000,42615100,1026,1710,42630000,30859
1,2842,42630000,42630100,1026,1710,42645000,30871
1,2843,42645000,42645100,1026,1710,42660000,30880
1,2844,42660000,42660100,1026,1710,42675000,30890
1,2845,42675000,42675100,1026,1710,42690000,30902
1,2846,42690000,42690100,1026,1710,42705000,30916
1,2847,42705000,42705100,1026,1710,42720000,30922
1,2848,42720000,42720100,1026,1710,42735000,30935
1,2849,42735000,42735100,1026,1710,42750000,30944
1,285,4275000,4275100,1026,1710,4290000,3095
1,2850,42750000,42750100,1026,1710,42765000,30958
1,2851,42765000,42765100,1026,1710,42780000,30967
1,2852,42780000,42780100,1026,1710,42795000,30978
1,2853,42795000,42795100,1026,1710,42810000,30990
1,2854,42810000,42810100,1026,1710,42825000,31000
1,2855,42825000,42825100,1026,1710,42840000,31008
1,2856,42840000,42840100,1026,1710,42855000,31024
1,2857,42855000,42855100,1026,1710,42870000,31032
1,2858,42870000,42870100,1026,1710,42885000,31045
1,2859,42885000,42885100,1026,1710,42900000,31051
1,286,4290000,4290100,1026,1710,4305000,3109
1,2860,42900000,42900100,1026,1710,42915000,31066
1,2861,42915000,42915100,1026,1710,42930000,31077
1,2862,42930000,42930100,1026,1710,42945000,31087
1,2863,42945000,42945100,1026,1710,42960000,31097
1,2864,42960000,42960100,1026,1710,42975000,31108
1,2865,42975000,42975100,1026,1710,42990000,31119
1,2866,42990000,42990100,1026,1710,43005000,31133
1,2867,43005000,43005100,1026,1710,43020000,31140
1,2868,43020000,43020100,1026,1710,43035000,31152
1,2869,43035000,43035100,1026,1710,43050000,31161
1,287,4305000,4305100,1026,1710,4320000,3115
1,2870,43050000,43050100,1026,1710,43065000,31175
1,2871,43065000,43065100,1026,1710,43080000,31184
1,2872,43080000,43080100,1026,1710,43095000,31195
1,2873,43095000,43095100,1026,1710,43110000,31206
1,2874,43110000,43110100,1026,1710,43125000,31219
1,2875,43125000,43125100,1026,1710,43140000,31227
1,2876,43140000,43140100,1026,1710,43155000,31240
1,2877,43155000,43155100,1026,1710,43170000,31249
1,2878,43170000,43170100,1026,1710,43185000,31262
1,2879,43185000,43185100,1026,1710,43200000,31269
1,288,4320000,4320100,1026,1710,4335000,3128
1,2880,43200000,43200100,1026,1710,43215000,31283
1,2881,43215000,43215100,1026,1710,43230000,31293
1,2882,43230000,43230100,1026,1710,43245000,31305
1,2883,43245000,43245100,1026,1710,43260000,31314
1,2884,43260000,43260100,1026,1710,43275000,31325
1,2885,43275000,43275100,1026,1710,43290000,31337
1,2886,43290000,43290100,1026,1710,43305000,31350
1,2887,43305000,43305100,1026,1710,43320000,31356
1,2888,43320000,43320100,1026,1710,43335000,31370
1,2889,43335000,43335100,1026,1710,43350000,31379
1,289,4335000,4335100,1026,1710,4350000,3138
1,2890,43350000,43350100,1026,1710,43365000,31393
1,2891,43365000,43365100,1026,1710,43380000,31401
1,2892,43380000,43380100,1026,1710,43395000,31411
1,2893,43395000,43395100,1026,1710,43410000,31425
1,2894,43410000,43410100,1026,1710,43425000,31435
1,2895,43425000,43425100,1026,1710,43440000,31443
1,2896,43440000,43440100,1026,1710,43455000,31458
1,2897,43455000,43455100,1026,1710,43470000,31466
1,2898,43470000,43470100,1026,1710,43485000,31480
1,2899,43485000,43485100,1026,1710,43500000,31486
1,29,435000,435100,1026,1710,450000,314
1,290,4350000,4350100,1026,1710,4365000,3152
1,2900,43500000,43500100,1026,1710,43515000,31500
1,2901,43515000,43515100,1026,1710,43530000,31511
1,2902,43530000,43530100,1026,1710,43545000,31522
1,2903,43545000,43545100,1026,1710,43560000,31531
1,2904,43560000,43560100,1026,1710,43575000,31543
1,2905,43575000,43575100,1026,1710,43590000,31553
1,2906,43590000,43590100,1026,1710,43605000,31567
1,2907,43605000,43605100,1026,1710,43620000,31575
1,2908,43620000,43620100,1026,1710,43635000,31587
1,2909,43635000,43635100,1026,1710,43650000,31596
1,291,4365000,4365100,1026,1710,4380000,3160
1,2910,43650000,43650100,1026,1710,43665000,31609
1,2911,43665000,43665100,1026,1710,43680000,31618
1,2912,43680000,43680100,1026,1710,43695000,31630
1,2913,43695000,43695100,1026,1710,43710000,31641
1,2914,43710000,43710100,1026,1710,43725000,31652
1,2915,43725000,43725100,1026,1710,43740000,31661
1,2916,43740000,43740100,1026,1710,43755000,31675
1,2917,43755000,43755100,1026,1710,43770000,31684
1,2918,43770000,43770100,1026,1710,43785000,31697
1,2919,43785000,43785100,1026,1710,43800000,31703
1,292,4380000,4380100,1026,1710,4395000,3170
1,2920,43800000,43800100,1026,1710,43815000,31717
1,2921,43815000,43815100,1026,1710,43830000,31728
1,2922,43830000,43830100,1026,1710,43845000,31740
1,2923,43845000,43845100,1026,1710,43860000,31749
1,2924,43860000,43860100,1026,1710,43875000,31759
1,2925,43875000,43875100,1026,1710,43890000,31770
1,2926,43890000,43890100,1026,1710,43905000,31785
1,2927,43905000,43905100,1026,1710,43920000,31791
1,2928,43920000,43920100,1026,1710,43935000,31804
1,2929,43935000,43935100,1026,1710,43950000,31813
1,293,4395000,4395100,1026,1710,4410000,3183
1,2930,43950000,43950100,1026,1710,43965000,31828
1,2931,43965000,43965100,1026,1710,43980000,31836
1,2932,43980000,43980100,1026,1710,43995000,31846
1,2933,43995000,43995100,1026,1710,44010000,31859
1,2934,44010000,44010100,1026,1710,44025000,31869
1,2935,44025000,44025100,1026,1710,44040000,31878
1,2936,44040000,44040100,1026,1710,44055000,31892
1,2937,44055000,44055100,1026,1710,44070000,31901
1,2938,44070000,44070100,1026,1710,44085000,31914
1,2939,44085000,44085100,1026,1710,44100000,31920
1,294,4410000,4410100,1026,1710,4425000,3194
1,2940,44100000,44100100,1026,1710,44115000,31935
1,2941,44115000,44115100,1026,1710,44130000,31946
1,2942,44130000,44130100,1026,1710,44145000,31956
1,2943,44145000,44145100,1026,1710,44160000,31965
1,2944,44160000,44160100,1026,1710,44175000,31978
1,2945,44175000,44175100,1026,1710,44190000,31988
1,2946,44190000,44190100,1026,1710,44205000,32002
1,2947,44205000,44205100,1026,1710,44220000,32008
1,2948,44220000,44220100,1026,1710,44235000,32021
1,2949,44235000,44235100,1026,1710,44250000,32031
1,295,4425000,4425100,1026,1710,4440000,3202
1,2950,44250000,44250100,1026,1710,44265000,32044
1,2951,44265000,44265100,1026,1710,44280000,32053
1,2952,44280000,44280100,1026,1710,44295000,32064
1,2953,44295000,44295100,1026,1710,44310000,32075
1,2954,44310000,44310100,1026,1710,44325000,32087
1,2955,44325000,44325100,1026,1710,44340000,32096
1,2956,44340000,44340100,1026,1710,44355000,32109
1,2957,44355000,44355100,1026,1710,44370000,32118
1,2958,44370000,44370100,1026,1710,44385000,32131
1,2959,44385000,44385100,1026,1710,44400000,32138
1,296,4440000,4440100,1026,1710,4455000,3216
1,2960,44400000,44400100,1026,1710,44415000,32152
1,2961,44415000,44415100,1026,1710,44430000,32162
1,2962,44430000,44430100,1026,1710,44445000,32174
1,2963,44445000,44445100,1026,1710,44460000,32184
1,2964,44460000,44460100,1026,1710,44475000,32194
1,2965,44475000,44475100,1026,1710,44490000,32205
1,2966,44490000,44490100,1026,1710,44505000,32219
1,2967,44505000,44505100,1026,1710,44520000,32225
1,2968,44520000,44520100,1026,1710,44535000,32239
1,2969,44535000,44535100,1026,1710,44550000,32247
1,297,4455000,4455100,1026,1710,4470000,3225
1,2970,44550000,44550100,1026,1710,44565000,32262
1,2971,44565000,44565100,1026,1710,44580000,32270
1,2972,44580000,44580100,1026,1710,44595000,32281
1,2973,44595000,44595100,1026,1710,44610000,32294
1,2974,44610000,44610100,1026,1710,44625000,32304
1,2975,44625000,44625100,1026,1710,44640000,32312
1,2976,44640000,44640100,1026,1710,44655000,32326
1,2977,44655000,44655100,1026,1710,44670000,32336
1,2978,44670000,44670100,1026,1710,44685000,32349
1,2979,44685000,44685100,1026,1710,44700000,32355
1,298,4470000,4470100,1026,1710,4485000,3239
1,2980,44700000,44700100,1026,1710,44715000,32368
1,2981,44715000,44715100,1026,1710,44730000,32380
1,2982,44730000,44730100,1026,1710,44745000,32391
1,2983,44745000,44745100,1026,1710,44760000,32400
1,2984,44760000,44760100,1026,1710,44775000,32412
1,2985,44775000,44775100,1026,1710,44790000,32422
1,2986,44790000,44790100,1026,1710,44805000,32437
1,2987,44805000,44805100,1026,1710,44820000,32443
1,2988,44820000,44820100,1026,1710,44835000,32456
1,2989,44835000,44835100,1026,1710,44850000,32465
1,299,4485000,4485100,1026,1710,4500000,3245
1,2990,44850000,44850100,1026,1710,44865000,32478
1,2991,44865000,44865100,1026,1710,44880000,32487
1,2992,44880000,44880100,1026,1710,44895000,32499
1,2993,44895000,44895100,1026,1710,44910000,32510
1,2994,44910000,44910100,1026,1710,44925000,32521
1,2995,44925000,44925100,1026,1710,44940000,32530
1,2996,44940000,44940100,1026,1710,44955000,32544
1,2997,44955000,44955100,1026,1710,44970000,32553
1,2998,44970000,44970100,1026,1710,44985000,32565
1,2999,44985000,44985100,1026,1710,45000000,32572
1,3,45000,45100,1026,1710,60000,32
1,30,450000,450100,1026,1710,465000,327
1,300,4500000,4500100,1026,1710,4515000,3259
1,3000,45000000,45000100,1026,1710,45015000,32587
1,3001,45015000,45015100,1026,1710,45030000,32597
1,3002,45030000,45030100,1026,1710,45045000,32608
1,3003,45045000,45045100,1026,1710,45060000,32618
1,3004,45060000,45060100,1026,1710,45075000,32628
1,3005,45075000,45075100,1026,1710,45090000,32640
1,3006,45090000,45090100,1026,1710,45105000,32654
1,3007,45105000,45105100,1026,1710,45120000,32660
1,3008,45120000,45120100,1026,1710,45135000,32673
1,3009,45135000,45135100,1026,1710,45150000,32681
1,301,4515000,4515100,1026,1710,4530000,3270
1,3010,45150000,45150100,1026,1710,45165000,32697
1,3011,45165000,45165100,1026,1710,45180000,32705
1,3012,45180000,45180100,1026,1710,45195000,32715
1,3013,45195000,45195100,1026,1710,45210000,32727
1,3014,45210000,45210100,1026,1710,45225000,32739
1,3015,45225000,45225100,1026,1710,45240000,32747
1,3016,45240000,45240100,1026,1710,45255000,32761
1,3017,45255000,45255100,1026,1710,45270000,32770
1,3018,45270000,45270100,1026,1710,45285000,32783
1,3019,45285000,45285100,1026,1710,45300000,32790
1,302,4530000,4530100,1026,1710,4545000,3280
1,3020,45300000,45300100,1026,1710,45315000,32803
1,3021,45315000,45315100,1026,1710,45330000,32815
1,3022,45330000,45330100,1026,1710,45345000,32825
1,3023,45345000,45345100,1026,1710,45360000,32834
1,3024,45360000,45360100,1026,1710,45375000,32846
1,3025,45375000,45375100,1026,1710,45390000,32857
1,3026,45390000,45390100,1026,1710,45405000,32871
1,3027,45405000,45405100,1026,1710,45420000,32877
1,3028,45420000,45420100,1026,1710,45435000,32891
1,3029,45435000,45435100,1026,1710,45450000,32900
1,303,4545000,4545100,1026,1710,4560000,3290
1,3030,45450000,45450100,1026,1710,45465000,32913
1,3031,45465000,45465100,1026,1710,45480000,32921
1,3032,45480000,45480100,1026,1710,45495000,32933
1,3033,45495000,45495100,1026,1710,45510000,32945
1,3034,45510000,45510100,1026,1710,45525000,32956
1,3035,45525000,45525100,1026,1710,45540000,32964
1,3036,45540000,45540100,1026,1710,45555000,32978
1,3037,45555000,45555100,1026,1710,45570000,32987
1,3038,45570000,45570100,1026,1710,45585000,33000
1,3039,45585000,45585100,1026,1710,45600000,33007
1,304,4560000,4560100,1026,1710,4575000,3302
1,3040,45600000,45600100,1026,1710,45615000,33021
1,3041,45615000,45615100,1026,1710,45630000,33031
1,3042,45630000,45630100,1026,1710,45645000,33043
1,3043,45645000,45645100,1026,1710,45660000,33053
1,3044,45660000,45660100,1026,1710,45675000,33063
1,3045,45675000,45675100,1026,1710,45690000,33074
1,3046,45690000,45690100,1026,1710,45705000,33087
1,3047,45705000,45705100,1026,1710,45720000,33095
1,3048,45720000,45720100,1026,1710,45735000,33108
1,3049,45735000,45735100,1026,1710,45750000,33116
1,305,4575000,4575100,1026,1710,4590000,3312
1,3050,45750000,45750100,1026,1710,45765000,33131
1,3051,45765000,45765100,1026,1710,45780000,33139
1,3052,45780000,45780100,1026,1710,45795000,33150
1,3053,45795000,45795100,1026,1710,45810000,33162
1,3054,45810000,45810100,1026,1710,45825000,33173
1,3055,45825000,45825100,1026,1710,45840000,33181
1,3056,45840000,45840100,1026,1710,45855000,33196
1,3057,45855000,45855100,1026,1710,45870000,33204
1,3058,45870000,45870100,1026,1710,45885000,33218
1,3059,45885000,45885100,1026,1710,45900000,33224
1,306,4590000,4590100,1026,1710,4605000,3326
1,3060,45900000,45900100,1026,1710,45915000,33237
1,3061,45915000,45915100,1026,1710,45930000,33250
1,3062,45930000,45930100,1026,1710,45945000,33260
1,3063,45945000,45945100,1026,1710,45960000,33269
1,3064,45960000,45960100,1026,1710,45975000,33280
1,3065,45975000,45975100,1026,1710,45990000,33291
1,3066,45990000,45990100,1026,1710,46005000,33306
1,3067,46005000,46005100,1026,1710,46020000,33312
1,3068,46020000,46020100,1026,1710,46035000,33324
1,3069,46035000,46035100,1026,1710,46050000,33334
1,307,4605000,4605100,1026,1710,4620000,3332
1,3070,46050000,46050100,1026,1710,46065000,33348
1,3071,46065000,46065100,1026,1710,46080000,33356
1,3072,46080000,46080100,1026,1710,46095000,33368
1,3073,46095000,46095100,1026,1710,46110000,33379
1,3074,46110000,46110100,1026,1710,46125000,33390
1,3075,46125000,46125100,1026,1710,46140000,33399
1,3076,46140000,46140100,1026,1710,46155000,33413
1,3077,46155000,46155100,1026,1710,46170000,33422
1,3078,46170000,46170100,1026,1710,46185000,33434
1,3079,46185000,46185100,1026,1710,46200000,33440
1,308,4620000,4620100,1026,1710,4635000,3346
1,309,4635000,4635100,1026,1710,4650000,3355
1,31,465000,465100,1026,1710,480000,335
1,310,4650000,4650100,1026,1710,4665000,3368
1,311,4665000,4665100,1026,1710,4680000,3377
1,312,4680000,4680100,1026,1710,4695000,3389
1,313,4695000,4695100,1026,1710,4710000,3400
1,314,4710000,4710100,1026,1710,4725000,3411
1,315,4725000,4725100,1026,1710,4740000,3420
1,316,4740000,4740100,1026,1710,4755000,3433
1,317,4755000,4755100,1026,1710,4770000,3443
1,318,4770000,4770100,1026,1710,4785000,3455
1,319,4785000,4785100,1026,1710,4800000,3462
1,32,480000,480100,1026,1710,495000,347
1,320,4800000,4800100,1026,1710,4815000,3476
1,321,4815000,4815100,1026,1710,4830000,3486
1,322,4830000,4830100,1026,1710,4845000,3499
1,323,4845000,4845100,1026,1710,4860000,3508
1,324,4860000,4860100,1026,1710,4875000,3518
1,325,4875000,4875100,1026,1710,4890000,3529
1,326,4890000,4890100,1026,1710,4905000,3544
1,327,4905000,4905100,1026,1710,4920000,3550
1,328,4920000,4920100,1026,1710,4935000,3563
1,329,4935000,4935100,1026,1710,4950000,3571
1,33,495000,495100,1026,1710,510000,359
1,330,4950000,4950100,1026,1710,4965000,3586
1,331,4965000,4965100,1026,1710,4980000,3595
1,332,4980000,4980100,1026,1710,4995000,3605
1,333,4995000,4995100,1026,1710,5010000,3618
1,334,5010000,5010100,1026,1710,5025000,3628
1,335,5025000,5025100,1026,1710,5040000,3636
1,336,5040000,5040100,1026,1710,5055000,3651
1,337,5055000,5055100,1026,1710,5070000,3660
1,338,5070000,5070100,1026,1710,5085000,3673
1,339,5085000,5085100,1026,1710,5100000,3679
1,34,510000,510100,1026,1710,525000,370
1,340,5100000,5100100,1026,1710,5115000,3693
1,341,5115000,5115100,1026,1710,5130000,3705
1,342,5130000,5130100,1026,1710,5145000,3715
1,343,5145000,5145100,1026,1710,5160000,3724
1,344,5160000,5160100,1026,1710,5175000,3736
1,345,5175000,5175100,1026,1710,5190000,3747
1,346,5190000,5190100,1026,1710,5205000,3761
1,347,5205000,5205100,1026,1710,5220000,3767
1,348,5220000,5220100,1026,1710,5235000,3780
1,349,5235000,5235100,1026,1710,5250000,3789
1,35,525000,525100,1026,1710,540000,378
1,350,5250000,5250100,1026,1710,5265000,3803
1,351,5265000,5265100,1026,1710,5280000,3811
1,352,5280000,5280100,1026,1710,5295000,3823
1,353,5295000,5295100,1026,1710,5310000,3834
1,354,5310000,5310100,1026,1710,5325000,3846
1,355,5325000,5325100,1026,1710,5340000,3855
1,356,5340000,5340100,1026,1710,5355000,3868
1,357,5355000,5355100,1026,1710,5370000,3877
1,358,5370000,5370100,1026,1710,5385000,3889
1,359,5385000,5385100,1026,1710,5400000,3897
1,36,540000,540100,1026,1710,555000,392
1,360,5400000,5400100,1026,1710,5415000,3911
1,361,5415000,5415100,1026,1710,5430000,3921
1,362,5430000,5430100,1026,1710,5445000,3932
1,363,5445000,5445100,1026,1710,5460000,3942
1,364,5460000,5460100,1026,1710,5475000,3953
1,365,5475000,5475100,1026,1710,5490000,3964
1,366,5490000,5490100,1026,1710,5505000,3978
1,367,5505000,5505100,1026,1710,5520000,3984
1,368,5520000,5520100,1026,1710,5535000,3998
1,369,5535000,5535100,1026,1710,5550000,4006
1,37,555000,555100,1026,1710,570000,402
1,370,5550000,5550100,1026,1710,5565000,4021
1,371,5565000,5565100,1026,1710,5580000,4029
1,372,5580000,5580100,1026,1710,5595000,4039
1,373,5595000,5595100,1026,1710,5610000,4052
1,374,5610000,5610100,1026,1710,5625000,4063
1,375,5625000,5625100,1026,1710,5640000,4071
1,376,5640000,5640100,1026,1710,5655000,4085
1,377,5655000,5655100,1026,1710,5670000,4094
1,378,5670000,5670100,1026,1710,5685000,4108
1,379,5685000,5685100,1026,1710,5700000,4114
1,38,570000,570100,1026,1710,585000,414
1,380,5700000,5700100,1026,1710,5715000,4127
1,381,5715000,5715100,1026,1710,5730000,4139
1,382,5730000,5730100,1026,1710,5745000,4150
1,383,5745000,5745100,1026,1710,5760000,4159
1,384,5760000,5760100,1026,1710,5775000,4170
1,385,5775000,5775100,1026,1710,5790000,4181
1,386,5790000,5790100,1026,1710,5805000,4195
1,387,5805000,5805100,1026,1710,5820000,4202
1,388,5820000,5820100,1026,1710,5835000,4215
1,389,5835000,5835100,1026,1710,5850000,4224
1,39,585000,585100,1026,1710,600000,420
1,390,5850000,5850100,1026,1710,5865000,4237
1,391,5865000,5865100,1026,1710,5880000,4245
1,392,5880000,5880100,1026,1710,5895000,4258
1,393,5895000,5895100,1026,1710,5910000,4269
1,394,5910000,5910100,1026,1710,5925000,4280
1,395,5925000,5925100,1026,1710,5940000,4288
1,396,5940000,5940100,1026,1710,5955000,4303
1,397,5955000,5955100,1026,1710,5970000,4312
1,398,5970000,5970100,1026,1710,5985000,4324
1,399,5985000,5985100,1026,1710,6000000,4331
1,4,60000,60100,1026,1710,75000,43
1,40,600000,600100,1026,1710,615000,435
1,400,6000000,6000100,1026,1710,6015000,4345
1,401,6015000,6015100,1026,1710,6030000,4356
1,402,6030000,6030100,1026,1710,6045000,4367
1,403,6045000,6045100,1026,1710,6060000,4377
1,404,6060000,6060100,1026,1710,6075000,4387
1,405,6075000,6075100,1026,1710,6090000,4398
1,406,6090000,6090100,1026,1710,6105000,4412
1,407,6105000,6105100,1026,1710,6120000,4419
1,408,6120000,6120100,1026,1710,6135000,4432
1,409,6135000,6135100,1026,1710,6150000,4440
1,41,615000,615100,1026,1710,630000,445
1,410,6150000,6150100,1026,1710,6165000,4456
1,411,6165000,6165100,1026,1710,6180000,4464
1,412,6180000,6180100,1026,1710,6195000,4474
1,413,6195000,6195100,1026,1710,6210000,4486
1,414,6210000,6210100,1026,1710,6225000,4497
1,415,6225000,6225100,1026,1710,6240000,4506
1,416,6240000,6240100,1026,1710,6255000,4520
1,417,6255000,6255100,1026,1710,6270000,4528
1,418,6270000,6270100,1026,1710,6285000,4542
1,419,6285000,6285100,1026,1710,6300000,4548
1,42,630000,630100,1026,1710,645000,457
1,420,6300000,6300100,1026,1710,6315000,4562
1,421,6315000,6315100,1026,1710,6330000,4574
1,422,6330000,6330100,1026,1710,6345000,4584
1,423,6345000,6345100,1026,1710,6360000,4593
1,424,6360000,6360100,1026,1710,6375000,4605
1,425,6375000,6375100,1026,1710,6390000,4616
1,426,6390000,6390100,1026,1710,6405000,4630
1,427,6405000,6405100,1026,1710,6420000,4636
1,428,6420000,6420100,1026,1710,6435000,4648
1,429,6435000,6435100,1026,1710,6450000,4659
1,43,645000,645100,1026,1710,660000,466
1,430,6450000,6450100,1026,1710,6465000,4672
1,431,6465000,6465100,1026,1710,6480000,4680
1,432,6480000,6480100,1026,1710,6495000,4692
1,433,6495000,6495100,1026,1710,6510000,4703
1,434,6510000,6510100,1026,1710,6525000,4715
1,435,6525000,6525100,1026,1710,6540000,4723
1,436,6540000,6540100,1026,1710,6555000,4737
1,437,6555000,6555100,1026,1710,6570000,4746
1,438,6570000,6570100,1026,1710,6585000,4759
1,439,6585000,6585100,1026,1710,6600000,4765
1,44,660000,660100,1026,1710,675000,477
1,440,6600000,6600100,1026,1710,6615000,4780
1,441,6615000,6615100,1026,1710,6630000,4790
1,442,6630000,6630100,1026,1710,6645000,4801
1,443,6645000,6645100,1026,1710,6660000,4812
1,444,6660000,6660100,1026,1710,6675000,4822
1,445,6675000,6675100,1026,1710,6690000,4833
1,446,6690000,6690100,1026,1710,6705000,4846
1,447,6705000,6705100,1026,1710,6720000,4853
1,448,6720000,6720100,1026,1710,6735000,4867
1,449,6735000,6735100,1026,1710,6750000,4875
1,45,675000,675100,1026,1710,690000,488
1,450,6750000,6750100,1026,1710,6765000,4889
1,451,6765000,6765100,1026,1710,6780000,4898
1,452,6780000,6780100,1026,1710,6795000,4909
1,453,6795000,6795100,1026,1710,6810000,4921
1,454,6810000,6810100,1026,1710,6825000,4932
1,455,6825000,6825100,1026,1710,6840000,4940
1,456,6840000,6840100,1026,1710,6855000,4954
1,457,6855000,6855100,1026,1710,6870000,4963
1,458,6870000,6870100,1026,1710,6885000,4977
1,459,6885000,6885100,1026,1710,6900000,4983
1,46,690000,690100,1026,1710,705000,502
1,460,6900000,6900100,1026,1710,6915000,4996
1,461,6915000,6915100,1026,1710,6930000,5007
1,462,6930000,6930100,1026,1710,6945000,5019
1,463,6945000,6945100,1026,1710,6960000,5028
1,464,6960000,6960100,1026,1710,6975000,5039
1,465,6975000,6975100,1026,1710,6990000,5050
1,466,6990000,6990100,1026,1710,7005000,5065
1,467,7005000,7005100,1026,1710,7020000,5071
1,468,7020000,7020100,1026,1710,7035000,5083
1,469,7035000,7035100,1026,1710,7050000,5093
1,47,705000,705100,1026,1710,720000,509
1,470,7050000,7050100,1026,1710,7065000,5106
1,471,7065000,7065100,1026,1710,7080000,5115
1,472,7080000,7080100,1026,1710,7095000,5126
1,473,7095000,7095100,1026,1710,7110000,5138
1,474,7110000,7110100,1026,1710,7125000,5149
1,475,7125000,7125100,1026,1710,7140000,5157
1,476,7140000,7140100,1026,1710,7155000,5172
1,477,7155000,7155100,1026,1710,7170000,5181
1,478,7170000,7170100,1026,1710,7185000,5193
1,479,7185000,7185100,1026,1710,7200000,5199
1,48,720000,720100,1026,1710,735000,522
1,480,7200000,7200100,1026,1710,7215000,5215
1,481,7215000,7215100,1026,1710,7230000,5225
1,482,7230000,7230100,1026,1710,7245000,5236
1,483,7245000,7245100,1026,1710,7260000,5245
1,484,7260000,7260100,1026,1710,7275000,5256
1,485,7275000,7275100,1026,1710,7290000,5268
1,486,7290000,7290100,1026,1710,7305000,5281
1,487,7305000,7305100,1026,1710,7320000,5288
1,488,7320000,7320100,1026,1710,7335000,5301
1,489,7335000,7335100,1026,1710,7350000,5309
1,49,735000,735100,1026,1710,750000,530
1,490,7350000,7350100,1026,1710,7365000,5324
1,491,7365000,7365100,1026,1710,7380000,5333
1,492,7380000,7380100,1026,1710,7395000,5343
1,493,7395000,7395100,1026,1710,7410000,5355
1,494,7410000,7410100,1026,1710,7425000,5366
1,495,7425000,7425100,1026,1710,7440000,5375
1,496,7440000,7440100,1026,1710,7455000,5389
1,497,7455000,7455100,1026,1710,7470000,5397
1,498,7470000,7470100,1026,1710,7485000,5411
1,499,7485000,7485100,1026,1710,7500000,5418
1,5,75000,75100,1026,1710,90000,54
1,50,750000,750100,1026,1710,765000,544
1,500,7500000,7500100,1026,1710,7515000,5431
1,501,7515000,7515100,1026,1710,7530000,5442
1,502,7530000,7530100,1026,1710,7545000,5453
1,503,7545000,7545100,1026,1710,7560000,5462
1,504,7560000,7560100,1026,1710,7575000,5474
1,505,7575000,7575100,1026,1710,7590000,5484
1,506,7590000,7590100,1026,1710,7605000,5499
1,507,7605000,7605100,1026,1710,7620000,5505
1,508,7620000,7620100,1026,1710,7635000,5518
1,509,7635000,7635100,1026,1710,7650000,5528
1,51,765000,765100,1026,1710,780000,554
1,510,7650000,7650100,1026,1710,7665000,5541
1,511,7665000,7665100,1026,1710,7680000,5549
1,512,7680000,7680100,1026,1710,7695000,5560
1,513,7695000,7695100,1026,1710,7710000,5573
1,514,7710000,7710100,1026,1710,7725000,5584
1,515,7725000,7725100,1026,1710,7740000,5592
1,516,7740000,7740100,1026,1710,7755000,5605
1,517,7755000,7755100,1026,1710,7770000,5615
1,518,7770000,7770100,1026,1710,7785000,5628
1,519,7785000,7785100,1026,1710,7800000,5634
1,52,780000,780100,1026,1710,795000,564
1,520,7800000,7800100,1026,1710,7815000,5649
1,521,7815000,7815100,1026,1710,7830000,5659
1,522,7830000,7830100,1026,1710,7845000,5671
1,523,7845000,7845100,1026,1710,7860000,5680
1,524,7860000,7860100,1026,1710,7875000,5691
1,525,7875000,7875100,1026,1710,7890000,5702
1,526,7890000,7890100,1026,1710,7905000,5715
1,527,7905000,7905100,1026,1710,7920000,5722
1,528,7920000,7920100,1026,1710,7935000,5736
1,529,7935000,7935100,1026,1710,7950000,5744
1,53,795000,795100,1026,1710,810000,576
1,530,7950000,7950100,1026,1710,7965000,5758
1,531,7965000,7965100,1026,1710,7980000,5767
1,532,7980000,7980100,1026,1710,7995000,5778
1,533,7995000,7995100,1026,1710,8010000,5790
1,534,8010000,8010100,1026,1710,8025000,5800
1,535,8025000,8025100,1026,1710,8040000,5809
1,536,8040000,8040100,1026,1710,8055000,5824
1,537,8055000,8055100,1026,1710,8070000,5832
1,538,8070000,8070100,1026,1710,8085000,5845
1,539,8085000,8085100,1026,1710,8100000,5852
1,54,810000,810100,1026,1710,825000,586
1,540,8100000,8100100,1026,1710,8115000,5865
1,541,8115000,8115100,1026,1710,8130000,5877
1,542,8130000,8130100,1026,1710,8145000,5888
1,543,8145000,8145100,1026,1710,8160000,5897
1,544,8160000,8160100,1026,1710,8175000,5908
1,545,8175000,8175100,1026,1710,8190000,5918
1,546,8190000,8190100,1026,1710,8205000,5934
1,547,8205000,8205100,1026,1710,8220000,5940
1,548,8220000,8220100,1026,1710,8235000,5952
1,549,8235000,8235100,1026,1710,8250000,5961
1,55,825000,825100,1026,1710,840000,595
1,550,8250000,8250100,1026,1710,8265000,5976
1,551,8265000,8265100,1026,1710,8280000,5984
1,552,8280000,8280100,1026,1710,8295000,5995
1,553,8295000,8295100,1026,1710,8310000,6007
1,554,8310000,8310100,1026,1710,8325000,6018
1,555,8325000,8325100,1026,1710,8340000,6027
1,556,8340000,8340100,1026,1710,8355000,6040
1,557,8355000,8355100,1026,1710,8370000,6050
1,558,8370000,8370100,1026,1710,8385000,6062
1,559,8385000,8385100,1026,1710,8400000,6068
1,56,840000,840100,1026,1710,855000,610
1,560,8400000,8400100,1026,1710,8415000,6083
1,561,8415000,8415100,1026,1710,8430000,6094
1,562,8430000,8430100,1026,1710,8445000,6105
1,563,8445000,8445100,1026,1710,8460000,6114
1,564,8460000,8460100,1026,1710,8475000,6126
1,565,8475000,8475100,1026,1710,8490000,6137
1,566,8490000,8490100,1026,1710,8505000,6150
1,567,8505000,8505100,1026,1710,8520000,6156
1,568,8520000,8520100,1026,1710,8535000,6170
1,569,8535000,8535100,1026,1710,8550000,6179
1,57,855000,855100,1026,1710,870000,618
1,570,8550000,8550100,1026,1710,8565000,6193
1,571,8565000,8565100,1026,1710,8580000,6201
1,572,8580000,8580100,1026,1710,8595000,6212
1,573,8595000,8595100,1026,1710,8610000,6224
1,574,8610000,8610100,1026,1710,8625000,6235
1,575,8625000,8625100,1026,1710,8640000,6244
1,576,8640000,8640100,1026,1710,8655000,6258
1,577,8655000,8655100,1026,1710,8670000,6266
1,578,8670000,8670100,1026,1710,8685000,6280
1,579,8685000,8685100,1026,1710,8700000,6287
1,58,870000,870100,1026,1710,885000,632
1,580,8700000,8700100,1026,1710,8715000,6300
1,581,8715000,8715100,1026,1710,8730000,6311
1,582,8730000,8730100,1026,1710,8745000,6321
1,583,8745000,8745100,1026,1710,8760000,6332
1,584,8760000,8760100,1026,1710,8775000,6343
1,585,8775000,8775100,1026,1710,8790000,6353
1,586,8790000,8790100,1026,1710,8805000,6368
1,587,8805000,8805100,1026,1710,8820000,6374
1,588,8820000,8820100,1026,1710,8835000,6387
1,589,8835000,8835100,1026,1710,8850000,6396
1,59,885000,885100,1026,1710,900000,638
1,590,8850000,8850100,1026,1710,8865000,6410
1,591,8865000,8865100,1026,1710,8880000,6418
1,592,8880000,8880100,1026,1710,8895000,6430
1,593,8895000,8895100,1026,1710,8910000,6441
1,594,8910000,8910100,1026,1710,8925000,6453
1,595,8925000,8925100,1026,1710,8940000,6461
1,596,8940000,8940100,1026,1710,8955000,6474
1,597,8955000,8955100,1026,1710,8970000,6485
1,598,8970000,8970100,1026,1710,8985000,6497
1,599,8985000,8985100,1026,1710,9000000,6503
1,6,90000,90100,1026,1710,105000,67
1,60,900000,900100,1026,1710,915000,652
1,600,9000000,9000100,1026,1710,9015000,6517
1,601,9015000,9015100,1026,1710,9030000,6528
1,602,9030000,9030100,1026,1710,9045000,6540
1,603,9045000,9045100,1026,1710,9060000,6549
1,604,9060000,9060100,1026,1710,9075000,6559
1,605,9075000,9075100,1026,1710,9090000,6571
1,606,9090000,9090100,1026,1710,9105000,6585
1,607,9105000,9105100,1026,1710,9120000,6591
1,608,9120000,9120100,1026,1710,9135000,6605
1,609,9135000,9135100,1026,1710,9150000,6613
1,61,915000,915100,1026,1710,930000,663
1,610,9150000,9150100,1026,1710,9165000,6627
1,611,9165000,9165100,1026,1710,9180000,6636
1,612,9180000,9180100,1026,1710,9195000,6647
1,613,9195000,9195100,1026,1710,9210000,6659
1,614,9210000,9210100,1026,1710,9225000,6669
1,615,9225000,9225100,1026,1710,9240000,6677
1,616,9240000,9240100,1026,1710,9255000,6693
1,617,9255000,9255100,1026,1710,9270000,6701
1,618,9270000,9270100,1026,1710,9285000,6714
1,619,9285000,9285100,1026,1710,9300000,6721
1,62,930000,930100,1026,1710,945000,674
1,620,9300000,9300100,1026,1710,9315000,6735
1,621,9315000,9315100,1026,1710,9330000,6746
1,622,9330000,9330100,1026,1710,9345000,6756
1,623,9345000,9345100,1026,1710,9360000,6766
1,624,9360000,9360100,1026,1710,9375000,6777
1,625,9375000,9375100,1026,1710,9390000,6788
1,626,9390000,9390100,1026,1710,9405000,6802
1,627,9405000,9405100,1026,1710,9420000,6809
1,628,9420000,9420100,1026,1710,9435000,6821
1,629,9435000,9435100,1026,1710,9450000,6830
1,63,945000,945100,1026,1710,960000,683
1,630,9450000,9450100,1026,1710,9465000,6845
1,631,9465000,9465100,1026,1710,9480000,6853
1,632,9480000,9480100,1026,1710,9495000,6864
1,633,9495000,9495100,1026,1710,9510000,6875
1,634,9510000,9510100,1026,1710,9525000,6888
1,635,9525000,9525100,1026,1710,9540000,6896
1,636,9540000,9540100,1026,1710,9555000,6909
1,637,9555000,9555100,1026,1710,9570000,6918
1,638,9570000,9570100,1026,1710,9585000,6931
1,639,9585000,9585100,1026,1710,9600000,6938
1,64,960000,960100,1026,1710,975000,694
1,640,9600000,9600100,1026,1710,9615000,6952
1,641,9615000,9615100,1026,1710,9630000,6963
1,642,9630000,9630100,1026,1710,9645000,6974
1,643,9645000,9645100,1026,1710,9660000,6983
1,644,9660000,9660100,1026,1710,9675000,6994
1,645,9675000,9675100,1026,1710,9690000,7006
1,646,9690000,9690100,1026,1710,9705000,7019
1,647,9705000,9705100,1026,1710,9720000,7025
1,648,9720000,9720100,1026,1710,9735000,7039
1,649,9735000,9735100,1026,1710,9750000,7048
1,65,975000,975100,1026,1710,990000,705
1,650,9750000,9750100,1026,1710,9765000,7062
1,651,9765000,9765100,1026,1710,9780000,7070
1,652,9780000,9780100,1026,1710,9795000,7081
1,653,9795000,9795100,1026,1710,9810000,7094
1,654,9810000,9810100,1026,1710,9825000,7104
1,655,9825000,9825100,1026,1710,9840000,7112
1,656,9840000,9840100,1026,1710,9855000,7127
1,657,9855000,9855100,1026,1710,9870000,7135
1,658,9870000,9870100,1026,1710,9885000,7149
1,659,9885000,9885100,1026,1710,9900000,7155
1,66,990000,990100,1026,1710,1005000,720
1,660,9900000,9900100,1026,1710,9915000,7169
1,661,9915000,9915100,1026,1710,9930000,7180
1,662,9930000,9930100,1026,1710,9945000,7191
1,663,9945000,9945100,1026,1710,9960000,7201
1,664,9960000,9960100,1026,1710,9975000,7212
1,665,9975000,9975100,1026,1710,9990000,7222
1,666,9990000,9990100,1026,1710,10005000,7236
1,667,10005000,10005100,1026,1710,10020000,7244
1,668,10020000,10020100,1026,1710,10035000,7256
1,669,10035000,10035100,1026,1710,10050000,7265
1,67,1005000,1005100,1026,1710,1020000,726
1,670,10050000,10050100,1026,1710,10065000,7278
1,671,10065000,10065100,1026,1710,10080000,7287
1,672,10080000,10080100,1026,1710,10095000,7299
1,673,10095000,10095100,1026,1710,10110000,7310
1,674,10110000,10110100,1026,1710,10125000,7322
1,675,10125000,10125100,1026,1710,10140000,7330
1,676,10140000,10140100,1026,1710,10155000,7344
1,677,10155000,10155100,1026,1710,10170000,7353
1,678,10170000,10170100,1026,1710,10185000,7366
1,679,10185000,10185100,1026,1710,10200000,7372
1,68,1020000,1020100,1026,1710,1035000,738
1,680,10200000,10200100,1026,1710,10215000,7386
1,681,10215000,10215100,1026,1710,10230000,7397
1,682,10230000,10230100,1026,1710,10245000,7409
1,683,10245000,10245100,1026,1710,10260000,7418
1,684,10260000,10260100,1026,1710,10275000,7428
1,685,10275000,10275100,1026,1710,10290000,7440
1,686,10290000,10290100,1026,1710,10305000,7454
1,687,10305000,10305100,1026,1710,10320000,7460
1,688,10320000,10320100,1026,1710,10335000,7473
1,689,10335000,10335100,1026,1710,10350000,7482
1,69,1035000,1035100,1026,1710,1050000,748
1,690,10350000,10350100,1026,1710,10365000,7497
1,691,10365000,10365100,1026,1710,10380000,7505
1,692,10380000,10380100,1026,1710,10395000,7515
1,693,10395000,10395100,1026,1710,10410000,7528
1,694,10410000,10410100,1026,1710,10425000,7538
1,695,10425000,10425100,1026,1710,10440000,7547
1,696,10440000,10440100,1026,1710,10455000,7562
1,697,10455000,10455100,1026,1710,10470000,7570
1,698,10470000,10470100,1026,1710,10485000,7583
1,699,10485000,10485100,1026,1710,10500000,7589
1,7,105000,105100,1026,1710,120000,74
1,70,1050000,1050100,1026,1710,1065000,762
1,700,10500000,10500100,1026,1710,10515000,7604
1,701,10515000,10515100,1026,1710,10530000,7615
1,702,10530000,10530100,1026,1710,10545000,7625
1,703,10545000,10545100,1026,1710,10560000,7634
1,704,10560000,10560100,1026,1710,10575000,7647
1,705,10575000,10575100,1026,1710,10590000,7657
1,706,10590000,10590100,1026,1710,10605000,7671
1,707,10605000,10605100,1026,1710,10620000,7678
1,708,10620000,10620100,1026,1710,10635000,7690
1,709,10635000,10635100,1026,1710,10650000,7700
1,71,1065000,1065100,1026,1710,1080000,770
1,710,10650000,10650100,1026,1710,10665000,7713
1,711,10665000,10665100,1026,1710,10680000,7722
1,712,10680000,10680100,1026,1710,10695000,7733
1,713,10695000,10695100,1026,1710,10710000,7744
1,714,10710000,10710100,1026,1710,10725000,7756
1,715,10725000,10725100,1026,1710,10740000,7765
1,716,10740000,10740100,1026,1710,10755000,7778
1,717,10755000,10755100,1026,1710,10770000,7787
1,718,10770000,10770100,1026,1710,10785000,7801
1,719,10785000,10785100,1026,1710,10800000,7807
1,72,1080000,1080100,1026,1710,1095000,781
1,720,10800000,10800100,1026,1710,10815000,7821
1,721,10815000,10815100,1026,1710,10830000,7831
1,722,10830000,10830100,1026,1710,10845000,7843
1,723,10845000,10845100,1026,1710,10860000,7853
1,724,10860000,10860100,1026,1710,10875000,7863
1,725,10875000,10875100,1026,1710,10890000,7874
1,726,10890000,10890100,1026,1710,10905000,7888
1,727,10905000,10905100,1026,1710,10920000,7894
1,728,10920000,10920100,1026,1710,10935000,7908
1,729,10935000,10935100,1026,1710,10950000,7917
1,73,1095000,1095100,1026,1710,1110000,793
1,730,10950000,10950100,1026,1710,10965000,7931
1,731,10965000,10965100,1026,1710,10980000,7939
1,732,10980000,10980100,1026,1710,10995000,7950
1,733,10995000,10995100,1026,1710,11010000,7963
1,734,11010000,11010100,1026,1710,11025000,7973
1,735,11025000,11025100,1026,1710,11040000,7981
1,736,11040000,11040100,1026,1710,11055000,7995
1,737,11055000,11055100,1026,1710,11070000,8005
1,738,11070000,11070100,1026,1710,11085000,8018
1,739,11085000,11085100,1026,1710,11100000,8024
1,74,1110000,1110100,1026,1710,1125000,805
1,740,11100000,11100100,1026,1710,11115000,8038
1,741,11115000,11115100,1026,1710,11130000,8049
1,742,11130000,11130100,1026,1710,11145000,8060
1,743,11145000,11145100,1026,1710,11160000,8069
1,744,11160000,11160100,1026,1710,11175000,8081
1,745,11175000,11175100,1026,1710,11190000,8091
1,746,11190000,11190100,1026,1710,11205000,8106
1,747,11205000,11205100,1026,1710,11220000,8112
1,748,11220000,11220100,1026,1710,11235000,8125
1,749,11235000,11235100,1026,1710,11250000,8134
1,75,1125000,1125100,1026,1710,1140000,813
1,750,11250000,11250100,1026,1710,11265000,8147
1,751,11265000,11265100,1026,1710,11280000,8157
1,752,11280000,11280100,1026,1710,11295000,8168
1,753,11295000,11295100,1026,1710,11310000,8179
1,754,11310000,11310100,1026,1710,11325000,8190
1,755,11325000,11325100,1026,1710,11340000,8199
1,756,11340000,11340100,1026,1710,11355000,8213
1,757,11355000,11355100,1026,1710,11370000,8222
1,758,11370000,11370100,1026,1710,11385000,8234
1,759,11385000,11385100,1026,1710,11400000,8241
1,76,1140000,1140100,1026,1710,1155000,826
1,760,11400000,11400100,1026,1710,11415000,8256
1,761,11415000,11415100,1026,1710,11430000,8266
1,762,11430000,11430100,1026,1710,11445000,8278
1,763,11445000,11445100,1026,1710,11460000,8287
1,764,11460000,11460100,1026,1710,11475000,8297
1,765,11475000,11475100,1026,1710,11490000,8309
1,766,11490000,11490100,1026,1710,11505000,8323
1,767,11505000,11505100,1026,1710,11520000,8329
1,768,11520000,11520100,1026,1710,11535000,8342
1,769,11535000,11535100,1026,1710,11550000,8350
1,77,1155000,1155100,1026,1710,1170000,836
1,770,11550000,11550100,1026,1710,11565000,8366
1,771,11565000,11565100,1026,1710,11580000,8374
1,772,11580000,11580100,1026,1710,11595000,8384
1,773,11595000,11595100,1026,1710,11610000,8397
1,774,11610000,11610100,1026,1710,11625000,8408
1,775,11625000,11625100,1026,1710,11640000,8416
1,776,11640000,11640100,1026,1710,11655000,8430
1,777,11655000,11655100,1026,1710,11670000,8439
1,778,11670000,11670100,1026,1710,11685000,8452
1,779,11685000,11685100,1026,1710,11700000,8459
1,78,1170000,1170100,1026,1710,1185000,848
1,780,11700000,11700100,1026,1710,11715000,8472
1,781,11715000,11715100,1026,1710,11730000,8484
1,782,11730000,11730100,1026,1710,11745000,8494
1,783,11745000,11745100,1026,1710,11760000,8503
1,784,11760000,11760100,1026,1710,11775000,8516
1,785,11775000,11775100,1026,1710,11790000,8526
1,786,11790000,11790100,1026,1710,11805000,8540
1,787,11805000,11805100,1026,1710,11820000,8546
1,788,11820000,11820100,1026,1710,11835000,8560
1,789,11835000,11835100,1026,1710,11850000,8569
1,79,1185000,1185100,1026,1710,1200000,855
1,790,11850000,11850100,1026,1710,11865000,8582
1,791,11865000,11865100,1026,1710,11880000,8590
1,792,11880000,11880100,1026,1710,11895000,8602
1,793,11895000,11895100,1026,1710,11910000,8614
1,794,11910000,11910100,1026,1710,11925000,8625
1,795,11925000,11925100,1026,1710,11940000,8634
1,796,11940000,11940100,1026,1710,11955000,8647
1,797,11955000,11955100,1026,1710,11970000,8656
1,798,11970000,11970100,1026,1710,11985000,8669
1,799,11985000,11985100,1026,1710,12000000,8676
1,8,120000,120100,1026,1710,135000,87
1,80,1200000,1200100,1026,1710,1215000,870
1,800,12000000,12000100,1026,1710,12015000,8690
1,801,12015000,12015100,1026,1710,12030000,8700
1,802,12030000,12030100,1026,1710,12045000,8712
1,803,12045000,12045100,1026,1710,12060000,8722
1,804,12060000,12060100,1026,1710,12075000,8732
1,805,12075000,12075100,1026,1710,12090000,8743
1,806,12090000,12090100,1026,1710,12105000,8757
1,807,12105000,12105100,1026,1710,12120000,8764
1,808,12120000,12120100,1026,1710,12135000,8777
1,809,12135000,12135100,1026,1710,12150000,8785
1,81,1215000,1215100,1026,1710,1230000,880
1,810,12150000,12150100,1026,1710,12165000,8800
1,811,12165000,12165100,1026,1710,12180000,8808
1,812,12180000,12180100,1026,1710,12195000,8819
1,813,12195000,12195100,1026,1710,12210000,8831
1,814,12210000,12210100,1026,1710,12225000,8842
1,815,12225000,12225100,1026,1710,12240000,8850
1,816,12240000,12240100,1026,1710,12255000,8865
1,817,12255000,12255100,1026,1710,12270000,8874
1,818,12270000,12270100,1026,1710,12285000,8887
1,819,12285000,12285100,1026,1710,12300000,8893
1,82,1230000,1230100,1026,1710,1245000,891
1,820,12300000,12300100,1026,1710,12315000,8906
1,821,12315000,12315100,1026,1710,12330000,8919
1,822,12330000,12330100,1026,1710,12345000,8929
1,823,12345000,12345100,1026,1710,12360000,8938
1,824,12360000,12360100,1026,1710,12375000,8949
1,825,12375000,12375100,1026,1710,12390000,8960
1,826,12390000,12390100,1026,1710,12405000,8975
1,827,12405000,12405100,1026,1710,12420000,8981
1,828,12420000,12420100,1026,1710,12435000,8994
1,829,12435000,12435100,1026,1710,12450000,9003
1,83,1245000,1245100,1026,1710,1260000,900
1,830,12450000,12450100,1026,1710,12465000,9017
1,831,12465000,12465100,1026,1710,12480000,9025
1,832,12480000,12480100,1026,1710,12495000,9037
1,833,12495000,12495100,1026,1710,12510000,9048
1,834,12510000,12510100,1026,1710,12525000,9059
1,835,12525000,12525100,1026,1710,12540000,9068
1,836,12540000,12540100,1026,1710,12555000,9082
1,837,12555000,12555100,1026,1710,12570000,9091
1,838,12570000,12570100,1026,1710,12585000,9103
1,839,12585000,12585100,1026,1710,12600000,9110
1,84,1260000,1260100,1026,1710,1275000,912
1,840,12600000,12600100,1026,1710,12615000,9125
1,841,12615000,12615100,1026,1710,12630000,9135
1,842,12630000,12630100,1026,1710,12645000,9146
1,843,12645000,12645100,1026,1710,12660000,9156
1,844,12660000,12660100,1026,1710,12675000,9167
1,845,12675000,12675100,1026,1710,12690000,9178
1,846,12690000,12690100,1026,1710,12705000,9191
1,847,12705000,12705100,1026,1710,12720000,9198
1,848,12720000,12720100,1026,1710,12735000,9211
1,849,12735000,12735100,1026,1710,12750000,9220
1,85,1275000,1275100,1026,1710,1290000,923
1,850,12750000,12750100,1026,1710,12765000,9235
1,851,12765000,12765100,1026,1710,12780000,9243
1,852,12780000,12780100,1026,1710,12795000,9253
1,853,12795000,12795100,1026,1710,12810000,9265
1,854,12810000,12810100,1026,1710,12825000,9277
1,855,12825000,12825100,1026,1710,12840000,9285
1,856,12840000,12840100,1026,1710,12855000,9299
1,857,12855000,12855100,1026,1710,12870000,9307
1,858,12870000,12870100,1026,1710,12885000,9322
1,859,12885000,12885100,1026,1710,12900000,9328
1,86,1290000,1290100,1026,1710,1305000,936
1,860,12900000,12900100,1026,1710,12915000,9341
1,861,12915000,12915100,1026,1710,12930000,9353
1,862,12930000,12930100,1026,1710,12945000,9363
1,863,12945000,12945100,1026,1710,12960000,9373
1,864,12960000,12960100,1026,1710,12975000,9384
1,865,12975000,12975100,1026,1710,12990000,9395
1,866,12990000,12990100,1026,1710,13005000,9409
1,867,13005000,13005100,1026,1710,13020000,9415
1,868,13020000,13020100,1026,1710,13035000,9428
1,869,13035000,13035100,1026,1710,13050000,9438
1,87,1305000,1305100,1026,1710,1320000,942
1,870,13050000,13050100,1026,1710,13065000,9451
1,871,13065000,13065100,1026,1710,13080000,9459
1,872,13080000,13080100,1026,1710,13095000,9472
1,873,13095000,13095100,1026,1710,13110000,9483
1,874,13110000,13110100,1026,1710,13125000,9494
1,875,13125000,13125100,1026,1710,13140000,9502
1,876,13140000,13140100,1026,1710,13155000,9516
1,877,13155000,13155100,1026,1710,13170000,9526
1,878,13170000,13170100,1026,1710,13185000,9538
1,879,13185000,13185100,1026,1710,13200000,9544
1,88,1320000,1320100,1026,1710,1335000,957
1,880,13200000,13200100,1026,1710,13215000,9559
1,881,13215000,13215100,1026,1710,13230000,9569
1,882,13230000,13230100,1026,1710,13245000,9581
1,883,13245000,13245100,1026,1710,13260000,9591
1,884,13260000,13260100,1026,1710,13275000,9601
1,885,13275000,13275100,1026,1710,13290000,9612
1,886,13290000,13290100,1026,1710,13305000,9626
1,887,13305000,13305100,1026,1710,13320000,9633
1,888,13320000,13320100,1026,1710,13335000,9646
1,889,13335000,13335100,1026,1710,13350000,9654
1,89,1335000,1335100,1026,1710,1350000,965
1,890,13350000,13350100,1026,1710,13365000,9668
1,891,13365000,13365100,1026,1710,13380000,9678
1,892,13380000,13380100,1026,1710,13395000,9688
1,893,13395000,13395100,1026,1710,13410000,9700
1,894,13410000,13410100,1026,1710,13425000,9711
1,895,13425000,13425100,1026,1710,13440000,9719
1,896,13440000,13440100,1026,1710,13455000,9734
1,897,13455000,13455100,1026,1710,13470000,9742
1,898,13470000,13470100,1026,1710,13485000,9756
1,899,13485000,13485100,1026,1710,13500000,9762
1,9,135000,135100,1026,1710,150000,96
1,90,1350000,1350100,1026,1710,1365000,979
1,900,13500000,13500100,1026,1710,13515000,9776
1,901,13515000,13515100,1026,1710,13530000,9787
1,902,13530000,13530100,1026,1710,13545000,9798
1,903,13545000,13545100,1026,1710,13560000,9807
1,904,13560000,13560100,1026,1710,13575000,9818
1,905,13575000,13575100,1026,1710,13590000,9830
1,906,13590000,13590100,1026,1710,13605000,9844
1,907,13605000,13605100,1026,1710,13620000,9850
1,908,13620000,13620100,1026,1710,13635000,9862
1,909,13635000,13635100,1026,1710,13650000,9872
1,91,1365000,1365100,1026,1710,1380000,988
1,910,13650000,13650100,1026,1710,13665000,9886
1,911,13665000,13665100,1026,1710,13680000,9894
1,912,13680000,13680100,1026,1710,13695000,9905
1,913,13695000,13695100,1026,1710,13710000,9917
1,914,13710000,13710100,1026,1710,13725000,9929
1,915,13725000,13725100,1026,1710,13740000,9937
1,916,13740000,13740100,1026,1710,13755000,9951
1,917,13755000,13755100,1026,1710,13770000,9960
1,918,13770000,13770100,1026,1710,13785000,9972
1,919,13785000,13785100,1026,1710,13800000,9979
1,92,1380000,1380100,1026,1710,1395000,998
1,920,13800000,13800100,1026,1710,13815000,9994
1,921,13815000,13815100,1026,1710,13830000,10004
1,922,13830000,13830100,1026,1710,13845000,10015
1,923,13845000,13845100,1026,1710,13860000,10024
1,924,13860000,13860100,1026,1710,13875000,10036
1,925,13875000,13875100,1026,1710,13890000,10047
1,926,13890000,13890100,1026,1710,13905000,10060
1,927,13905000,13905100,1026,1710,13920000,10067
1,928,13920000,13920100,1026,1710,13935000,10081
1,929,13935000,13935100,1026,1710,13950000,10089
1,93,1395000,1395100,1026,1710,1410000,1011
1,930,13950000,13950100,1026,1710,13965000,10103
1,931,13965000,13965100,1026,1710,13980000,10112
1,932,13980000,13980100,1026,1710,13995000,10122
1,933,13995000,13995100,1026,1710,14010000,10135
1,934,14010000,14010100,1026,1710,14025000,10145
1,935,14025000,14025100,1026,1710,14040000,10154
1,936,14040000,14040100,1026,1710,14055000,10168
1,937,14055000,14055100,1026,1710,14070000,10176
1,938,14070000,14070100,1026,1710,14085000,10191
1,939,14085000,14085100,1026,1710,14100000,10197
1,94,1410000,1410100,1026,1710,1425000,1021
1,940,14100000,14100100,1026,1710,14115000,10210
1,941,14115000,14115100,1026,1710,14130000,10221
1,942,14130000,14130100,1026,1710,14145000,10233
1,943,14145000,14145100,1026,1710,14160000,10242
1,944,14160000,14160100,1026,1710,14175000,10253
1,945,14175000,14175100,1026,1710,14190000,10263
1,946,14190000,14190100,1026,1710,14205000,10278
1,947,14205000,14205100,1026,1710,14220000,10285
1,948,14220000,14220100,1026,1710,14235000,10297
1,949,14235000,14235100,1026,1710,14250000,10307
1,95,1425000,1425100,1026,1710,1440000,1030
1,950,14250000,14250100,1026,1710,14265000,10320
1,951,14265000,14265100,1026,1710,14280000,10328
1,952,14280000,14280100,1026,1710,14295000,10340
1,953,14295000,14295100,1026,1710,14310000,10352
1,954,14310000,14310100,1026,1710,14325000,10363
1,955,14325000,14325100,1026,1710,14340000,10371
1,956,14340000,14340100,1026,1710,14355000,10385
1,957,14355000,14355100,1026,1710,14370000,10395
1,958,14370000,14370100,1026,1710,14385000,10407
1,959,14385000,14385100,1026,1710,14400000,10413
1,96,1440000,1440100,1026,1710,1455000,1044
1,960,14400000,14400100,1026,1710,14415000,10428
1,961,14415000,14415100,1026,1710,14430000,10439
1,962,14430000,14430100,1026,1710,14445000,10450
1,963,14445000,14445100,1026,1710,14460000,10459
1,964,14460000,14460100,1026,1710,14475000,10470
1,965,14475000,14475100,1026,1710,14490000,10481
1,966,14490000,14490100,1026,1710,14505000,10495
1,967,14505000,14505100,1026,1710,14520000,10501
1,968,14520000,14520100,1026,1710,14535000,10515
1,969,14535000,14535100,1026,1710,14550000,10523
1,97,1455000,1455100,1026,1710,1470000,1052
1,970,14550000,14550100,1026,1710,14565000,10538
1,971,14565000,14565100,1026,1710,14580000,10547
1,972,14580000,14580100,1026,1710,14595000,10557
1,973,14595000,14595100,1026,1710,14610000,10569
1,974,14610000,14610100,1026,1710,14625000,10579
1,975,14625000,14625100,1026,1710,14640000,10589
1,976,14640000,14640100,1026,1710,14655000,10603
1,977,14655000,14655100,1026,1710,14670000,10611
1,978,14670000,14670100,1026,1710,14685000,10624
1,979,14685000,14685100,1026,1710,14700000,10631
1,98,1470000,1470100,1026,1710,1485000,1066
1,980,14700000,14700100,1026,1710,14715000,10645
1,981,14715000,14715100,1026,1710,14730000,10656
1,982,14730000,14730100,1026,1710,14745000,10667
1,983,14745000,14745100,1026,1710,14760000,10676
1,984,14760000,14760100,1026,1710,14775000,10688
1,985,14775000,14775100,1026,1710,14790000,10698
1,986,14790000,14790100,1026,1710,14805000,10713
1,987,14805000,14805100,1026,1710,14820000,10719
1,988,14820000,14820100,1026,1710,14835000,10731
1,989,14835000,14835100,1026,1710,14850000,10741
1,99,1485000,1485100,1026,1710,1500000,1073
1,990,14850000,14850100,1026,1710,14865000,10755
1,991,14865000,14865100,1026,1710,14880000,10763
1,992,14880000,14880100,1026,1710,14895000,10774
1,993,14895000,14895100,1026,1710,14910000,10786
1,994,14910000,14910100,1026,1710,14925000,10798
1,995,14925000,14925100,1026,1710,14940000,10806
1,996,14940000,14940100,1026,1710,14955000,10819
1,997,14955000,14955100,1026,1710,14970000,10829
1,998,14970000,14970100,1026,1710,14985000,10842
1,999,14985000,14985100,1026,1710,15000000,10848
10,0,0,100,1885,3141,30000,16
10,1,30000,30100,1885,3141,60000,39
10,10,300000,300100,1885,3141,330000,233
10,100,3000000,3000100,1885,3141,3030000,2189
10,1000,30000000,30000100,1885,3141,30030000,21739
10,1001,30030000,30030100,1885,3141,30060000,21763
10,1002,30060000,30060100,1885,3141,30090000,21783
10,1003,30090000,30090100,1885,3141,30120000,21805
10,1004,30120000,30120100,1885,3141,30150000,21827
10,1005,30150000,30150100,1885,3141,30180000,21850
10,1006,30180000,30180100,1885,3141,30210000,21871
10,1007,30210000,30210100,1885,3141,30240000,21891
10,1008,30240000,30240100,1885,3141,30270000,21913
10,1009,30270000,30270100,1885,3141,30300000,21936
10,101,3030000,3030100,1885,3141,3060000,2211
10,1010,30300000,30300100,1885,3141,30330000,21958
10,1011,30330000,30330100,1885,3141,30360000,21979
10,1012,30360000,30360100,1885,3141,30390000,22000
10,1013,30390000,30390100,1885,3141,30420000,22023
10,1014,30420000,30420100,1885,3141,30450000,22044
10,1015,30450000,30450100,1885,3141,30480000,22067
10,1016,30480000,30480100,1885,3141,30510000,22087
10,1017,30510000,30510100,1885,3141,30540000,22110
10,1018,30540000,30540100,1885,3141,30570000,22130
10,1019,30570000,30570100,1885,3141,30600000,22154
10,102,3060000,3060100,1885,3141,3090000,2232
10,1020,30600000,30600100,1885,3141,30630000,22174
10,1021,30630000,30630100,1885,3141,30660000,22197
10,1022,30660000,30660100,1885,3141,30690000,22217
10,1023,30690000,30690100,1885,3141,30720000,22239
10,1024,30720000,30720100,1885,3141,30750000,22262
10,1025,30750000,30750100,1885,3141,30780000,22284
10,1026,30780000,30780100,1885,3141,30810000,22306
10,1027,30810000,30810100,1885,3141,30840000,22326
10,1028,30840000,30840100,1885,3141,30870000,22347
10,1029,30870000,30870100,1885,3141,30900000,22371
10,103,3090000,3090100,1885,3141,3120000,2253
10,1030,30900000,30900100,1885,3141,30930000,22392
10,1031,30930000,30930100,1885,3141,30960000,22414
10,1032,30960000,30960100,1885,3141,30990000,22434
10,1033,30990000,30990100,1885,3141,31020000,22457
10,1034,31020000,31020100,1885,3141,31050000,22479
10,1035,31050000,31050100,1885,3141,31080000,22501
10,1036,31080000,31080100,1885,3141,31110000,22522
10,1037,31110000,31110100,1885,3141,31140000,22544
10,1038,31140000,31140100,1885,3141,31170000,22565
10,1039,31170000,31170100,1885,3141,31200000,22588
10,104,3120000,3120100,1885,3141,3150000,2275
10,1040,31200000,31200100,1885,3141,31230000,22609
10,1041,31230000,31230100,1885,3141,31260000,22632
10,1042,31260000,31260100,1885,3141,31290000,22651
10,1043,31290000,31290100,1885,3141,31320000,22674
10,1044,31320000,31320100,1885,3141,31350000,22695
10,1045,31350000,31350100,1885,3141,31380000,22719
10,1046,31380000,31380100,1885,3141,31410000,22740
10,1047,31410000,31410100,1885,3141,31440000,22761
10,1048,31440000,31440100,1885,3141,31470000,22782
10,1049,31470000,31470100,1885,3141,31500000,22805
10,105,3150000,3150100,1885,3141,3180000,2298
10,1050,31500000,31500100,1885,3141,31530000,22827
10,1051,31530000,31530100,1885,3141,31560000,22848
10,1052,31560000,31560100,1885,3141,31590000,22869
10,1053,31590000,31590100,1885,3141,31620000,22891
10,1054,31620000,31620100,1885,3141,31650000,22914
10,1055,31650000,31650100,1885,3141,31680000,22935
10,1056,31680000,31680100,1885,3141,31710000,22956
10,1057,31710000,31710100,1885,3141,31740000,22979
10,1058,31740000,31740100,1885,3141,31770000,22999
10,1059,31770000,31770100,1885,3141,31800000,23023
10,106,3180000,3180100,1885,3141,3210000,2319
10,1060,31800000,31800100,1885,3141,31830000,23043
10,1061,31830000,31830100,1885,3141,31860000,23067
10,1062,31860000,31860100,1885,3141,31890000,23086
10,1063,31890000,31890100,1885,3141,31920000,23108
10,1064,31920000,31920100,1885,3141,31950000,23130
10,1065,31950000,31950100,1885,3141,31980000,23153
10,1066,31980000,31980100,1885,3141,32010000,23174
10,1067,32010000,32010100,1885,3141,32040000,23195
10,1068,32040000,32040100,1885,3141,32070000,23217
10,1069,32070000,32070100,1885,3141,32100000,23240
10,107,3210000,3210100,1885,3141,3240000,2340
10,1070,32100000,32100100,1885,3141,32130000,23261
10,1071,32130000,32130100,1885,3141,32160000,23283
10,1072,32160000,32160100,1885,3141,32190000,23303
10,1073,32190000,32190100,1885,3141,32220000,23326
10,1074,32220000,32220100,1885,3141,32250000,23348
10,1075,32250000,32250100,1885,3141,32280000,23370
10,1076,32280000,32280100,1885,3141,32310000,23391
10,1077,32310000,32310100,1885,3141,32340000,23412
10,1078,32340000,32340100,1885,3141,32370000,23434
10,1079,32370000,32370100,1885,3141,32400000,23457
10,108,3240000,3240100,1885,3141,3270000,2361
10,1080,32400000,32400100,1885,3141,32430000,23478
10,1081,32430000,32430100,1885,3141,32460000,23501
10,1082,32460000,32460100,1885,3141,32490000,23521
10,1083,32490000,32490100,1885,3141,32520000,23543
10,1084,32520000,32520100,1885,3141,32550000,23564
10,1085,32550000,32550100,1885,3141,32580000,23588
10,1086,32580000,32580100,1885,3141,32610000,23608
10,1087,32610000,32610100,1885,3141,32640000,23630
10,1088,32640000,32640100,1885,3141,32670000,23650
10,1089,32670000,32670100,1885,3141,32700000,23675
10,109,3270000,3270100,1885,3141,3300000,2385
10,1090,32700000,32700100,1885,3141,32730000,23696
10,1091,32730000,32730100,1885,3141,32760000,23717
10,1092,32760000,32760100,1885,3141,32790000,23738
10,1093,32790000,32790100,1885,3141,32820000,23760
10,1094,32820000,32820100,1885,3141,32850000,23783
10,1095,32850000,32850100,1885,3141,32880000,23804
10,1096,32880000,32880100,1885,3141,32910000,23826
10,1097,32910000,32910100,1885,3141,32940000,23847
10,1098,32940000,32940100,1885,3141,32970000,23868
10,1099,32970000,32970100,1885,3141,33000000,23891
10,11,330000,330100,1885,3141,360000,256
10,110,3300000,3300100,1885,3141,3330000,2406
10,1100,33000000,33000100,1885,3141,33030000,23912
10,1101,33030000,33030100,1885,3141,33060000,23936
10,1102,33060000,33060100,1885,3141,33090000,23955
10,1103,33090000,33090100,1885,3141,33120000,23978
10,1104,33120000,33120100,1885,3141,33150000,23999
10,1105,33150000,33150100,1885,3141,33180000,24022
10,1106,33180000,33180100,1885,3141,33210000,24043
10,1107,33210000,33210100,1885,3141,33240000,24064
10,1108,33240000,33240100,1885,3141,33270000,24085
10,1109,33270000,33270100,1885,3141,33300000,24109
10,111,3330000,3330100,1885,3141,3360000,2428
10,1110,33300000,33300100,1885,3141,33330000,24130
10,1111,33330000,33330100,1885,3141,33360000,24152
10,1112,33360000,33360100,1885,3141,33390000,24172
10,1113,33390000,33390100,1885,3141,33420000,24195
10,1114,33420000,33420100,1885,3141,33450000,24217
10,1115,33450000,33450100,1885,3141,33480000,24239
10,1116,33480000,33480100,1885,3141,33510000,24260
10,1117,33510000,33510100,1885,3141,33540000,24282
10,1118,33540000,33540100,1885,3141,33570000,24303
10,1119,33570000,33570100,1885,3141,33600000,24325
10,112,3360000,3360100,1885,3141,3390000,2448
10,1120,33600000,33600100,1885,3141,33630000,24347
10,1121,33630000,33630100,1885,3141,33660000,24369
10,1122,33660000,33660100,1885,3141,33690000,24390
10,1123,33690000,33690100,1885,3141,33720000,24412
10,1124,33720000,33720100,1885,3141,33750000,24434
10,1125,33750000,33750100,1885,3141,33780000,24457
10,1126,33780000,33780100,1885,3141,33810000,24477
10,1127,33810000,33810100,1885,3141,33840000,24499
10,1128,33840000,33840100,1885,3141,33870000,24519
10,1129,33870000,33870100,1885,3141,33900000,24544
10,113,3390000,3390100,1885,3141,3420000,2471
10,1130,33900000,33900100,1885,3141,33930000,24564
10,1131,33930000,33930100,1885,3141,33960000,24587
10,1132,33960000,33960100,1885,3141,33990000,24606
10,1133,33990000,33990100,1885,3141,34020000,24629
10,1134,34020000,34020100,1885,3141,34050000,24652
10,1135,34050000,34050100,1885,3141,34080000,24673
10,1136,34080000,34080100,1885,3141,34110000,24695
10,1137,34110000,34110100,1885,3141,34140000,24716
10,1138,34140000,34140100,1885,3141,34170000,24738
10,1139,34170000,34170100,1885,3141,34200000,24760
10,114,3420000,3420100,1885,3141,3450000,2493
10,1140,34200000,34200100,1885,3141,34230000,24781
10,1141,34230000,34230100,1885,3141,34260000,24804
10,1142,34260000,34260100,1885,3141,34290000,24824
10,1143,34290000,34290100,1885,3141,34320000,24846
10,1144,34320000,34320100,1885,3141,34350000,24868
10,1145,34350000,34350100,1885,3141,34380000,24892
10,1146,34380000,34380100,1885,3141,34410000,24912
10,1147,34410000,34410100,1885,3141,34440000,24933
10,1148,34440000,34440100,1885,3141,34470000,24954
10,1149,34470000,34470100,1885,3141,34500000,24978
10,115,3450000,3450100,1885,3141,3480000,2515
10,1150,34500000,34500100,1885,3141,34530000,24999
10,1151,34530000,34530100,1885,3141,34560000,25021
10,1152,34560000,34560100,1885,3141,34590000,25041
10,1153,34590000,34590100,1885,3141,34620000,25064
10,1154,34620000,34620100,1885,3141,34650000,25085
10,1155,34650000,34650100,1885,3141,34680000,25108
10,1156,34680000,34680100,1885,3141,34710000,25129
10,1157,34710000,34710100,1885,3141,34740000,25151
10,1158,34740000,34740100,1885,3141,34770000,25172
10,1159,34770000,34770100,1885,3141,34800000,25195
10,116,3480000,3480100,1885,3141,3510000,2536
10,1160,34800000,34800100,1885,3141,34830000,25216
10,1161,34830000,34830100,1885,3141,34860000,25238
10,1162,34860000,34860100,1885,3141,34890000,25259
10,1163,34890000,34890100,1885,3141,34920000,25280
10,1164,34920000,34920100,1885,3141,34950000,25303
10,1165,34950000,34950100,1885,3141,34980000,25325
10,1166,34980000,34980100,1885,3141,35010000,25347
10,1167,35010000,35010100,1885,3141,35040000,25368
10,1168,35040000,35040100,1885,3141,35070000,25388
10,1169,35070000,35070100,1885,3141,35100000,25413
10,117,3510000,3510100,1885,3141,3540000,2558
10,1170,35100000,35100100,1885,3141,35130000,25433
10,1171,35130000,35130100,1885,3141,35160000,25456
10,1172,35160000,35160100,1885,3141,35190000,25475
10,1173,35190000,35190100,1885,3141,35220000,25499
10,1174,35220000,35220100,1885,3141,35250000,25520
10,1175,35250000,35250100,1885,3141,35280000,25542
10,1176,35280000,35280100,1885,3141,35310000,25563
10,1177,35310000,35310100,1885,3141,35340000,25585
10,1178,35340000,35340100,1885,3141,35370000,25607
10,1179,35370000,35370100,1885,3141,35400000,25629
10,118,3540000,3540100,1885,3141,3570000,2578
10,1180,35400000,35400100,1885,3141,35430000,25651
10,1181,35430000,35430100,1885,3141,35460000,25673
10,1182,35460000,35460100,1885,3141,35490000,25693
10,1183,35490000,35490100,1885,3141,35520000,25715
10,1184,35520000,35520100,1885,3141,35550000,25737
10,1185,35550000,35550100,1885,3141,35580000,25760
10,1186,35580000,35580100,1885,3141,35610000,25781
10,1187,35610000,35610100,1885,3141,35640000,25802
10,1188,35640000,35640100,1885,3141,35670000,25823
10,1189,35670000,35670100,1885,3141,35700000,25847
10,119,3570000,3570100,1885,3141,3600000,2602
10,1190,35700000,35700100,1885,3141,35730000,25868
10,1191,35730000,35730100,1885,3141,35760000,25890
10,1192,35760000,35760100,1885,3141,35790000,25910
10,1193,35790000,35790100,1885,3141,35820000,25933
10,1194,35820000,35820100,1885,3141,35850000,25955
10,1195,35850000,35850100,1885,3141,35880000,25977
10,1196,35880000,35880100,1885,3141,35910000,25997
10,1197,35910000,35910100,1885,3141,35940000,26020
10,1198,35940000,35940100,1885,3141,35970000,26040
10,1199,35970000,35970100,1885,3141,36000000,26064
10,12,360000,360100,1885,3141,390000,276
10,120,3600000,3600100,1885,3141,3630000,2622
10,1200,36000000,36000100,1885,3141,36030000,26085
10,1201,36030000,36030100,1885,3141,36060000,26108
10,1202,36060000,36060100,1885,3141,36090000,26128
10,1203,36090000,36090100,1885,3141,36120000,26149
10,1204,36120000,36120100,1885,3141,36150000,26172
10,1205,36150000,36150100,1885,3141,36180000,26194
10,1206,36180000,36180100,1885,3141,36210000,26216
10,1207,36210000,36210100,1885,3141,36240000,26236
10,1208,36240000,36240100,1885,3141,36270000,26258
10,1209,36270000,36270100,1885,3141,36300000,26281
10,121,3630000,3630100,1885,3141,3660000,2646
10,1210,36300000,36300100,1885,3141,36330000,26302
10,1211,36330000,36330100,1885,3141,36360000,26325
10,1212,36360000,36360100,1885,3141,36390000,26344
10,1213,36390000,36390100,1885,3141,36420000,26368
10,1214,36420000,36420100,1885,3141,36450000,26389
10,1215,36450000,36450100,1885,3141,36480000,26412
10,1216,36480000,36480100,1885,3141,36510000,26432
10,1217,36510000,36510100,1885,3141,36540000,26454
10,1218,36540000,36540100,1885,3141,36570000,26475
10,1219,36570000,36570100,1885,3141,36600000,26498
10,122,3660000,3660100,1885,3141,3690000,2666
10,1220,36600000,36600100,1885,3141,36630000,26519
10,1221,36630000,36630100,1885,3141,36660000,26542
10,1222,36660000,36660100,1885,3141,36690000,26563
10,1223,36690000,36690100,1885,3141,36720000,26584
10,1224,36720000,36720100,1885,3141,36750000,26606
10,1225,36750000,36750100,1885,3141,36780000,26629
10,1226,36780000,36780100,1885,3141,36810000,26650
10,1227,36810000,36810100,1885,3141,36840000,26671
10,1228,36840000,36840100,1885,3141,36870000,26692
10,1229,36870000,36870100,1885,3141,36900000,26716
10,123,3690000,3690100,1885,3141,3720000,2688
10,1230,36900000,36900100,1885,3141,36930000,26737
10,1231,36930000,36930100,1885,3141,36960000,26758
10,1232,36960000,36960100,1885,3141,36990000,26779
10,1233,36990000,36990100,1885,3141,37020000,26802
10,1234,37020000,37020100,1885,3141,37050000,26824
10,1235,37050000,37050100,1885,3141,37080000,26846
10,1236,37080000,37080100,1885,3141,37110000,26867
10,1237,37110000,37110100,1885,3141,37140000,26889
10,1238,37140000,37140100,1885,3141,37170000,26909
10,1239,37170000,37170100,1885,3141,37200000,26933
10,124,3720000,3720100,1885,3141,3750000,2710
10,1240,37200000,37200100,1885,3141,37230000,26953
10,1241,37230000,37230100,1885,3141,37260000,26977
10,1242,37260000,37260100,1885,3141,37290000,26996
10,1243,37290000,37290100,1885,3141,37320000,27019
10,1244,37320000,37320100,1885,3141,37350000,27041
10,1245,37350000,37350100,1885,3141,37380000,27063
10,1246,37380000,37380100,1885,3141,37410000,27085
10,1247,37410000,37410100,1885,3141,37440000,27105
10,1248,37440000,37440100,1885,3141,37470000,27127
10,1249,37470000,37470100,1885,3141,37500000,27150
10,125,3750000,3750100,1885,3141,3780000,2732
10,1250,37500000,37500100,1885,3141,37530000,27172
10,1251,37530000,37530100,1885,3141,37560000,27193
10,1252,37560000,37560100,1885,3141,37590000,27213
10,1253,37590000,37590100,1885,3141,37620000,27236
10,1254,37620000,37620100,1885,3141,37650000,27258
10,1255,37650000,37650100,1885,3141,37680000,27281
10,1256,37680000,37680100,1885,3141,37710000,27301
10,1257,37710000,37710100,1885,3141,37740000,27324
10,1258,37740000,37740100,1885,3141,37770000,27344
10,1259,37770000,37770100,1885,3141,37800000,27367
10,126,3780000,3780100,1885,3141,3810000,2754
10,1260,37800000,37800100,1885,3141,37830000,27388
10,1261,37830000,37830100,1885,3141,37860000,27411
10,1262,37860000,37860100,1885,3141,37890000,27431
10,1263,37890000,37890100,1885,3141,37920000,27453
10,1264,37920000,37920100,1885,3141,37950000,27475
10,1265,37950000,37950100,1885,3141,37980000,27498
10,1266,37980000,37980100,1885,3141,38010000,27519
10,1267,38010000,38010100,1885,3141,38040000,27540
10,1268,38040000,38040100,1885,3141,38070000,27561
10,1269,38070000,38070100,1885,3141,38100000,27585
10,127,3810000,3810100,1885,3141,3840000,2774
10,1270,38100000,38100100,1885,3141,38130000,27606
10,1271,38130000,38130100,1885,3141,38160000,27628
10,1272,38160000,38160100,1885,3141,38190000,27648
10,1273,38190000,38190100,1885,3141,38220000,27670
10,1274,38220000,38220100,1885,3141,38250000,27693
10,1275,38250000,38250100,1885,3141,38280000,27714
10,1276,38280000,38280100,1885,3141,38310000,27736
10,1277,38310000,38310100,1885,3141,38340000,27758
10,1278,38340000,38340100,1885,3141,38370000,27779
10,1279,38370000,38370100,1885,3141,38400000,27802
10,128,3840000,3840100,1885,3141,3870000,2796
10,1280,38400000,38400100,1885,3141,38430000,27822
10,1281,38430000,38430100,1885,3141,38460000,27846
10,1282,38460000,38460100,1885,3141,38490000,27865
10,1283,38490000,38490100,1885,3141,38520000,27888
10,1284,38520000,38520100,1885,3141,38550000,27909
10,1285,38550000,38550100,1885,3141,38580000,27933
10,1286,38580000,38580100,1885,3141,38610000,27953
10,1287,38610000,38610100,1885,3141,38640000,27974
10,1288,38640000,38640100,1885,3141,38670000,27996
10,1289,38670000,38670100,1885,3141,38700000,28019
10,129,3870000,3870100,1885,3141,3900000,2819
10,1290,38700000,38700100,1885,3141,38730000,28041
10,1291,38730000,38730100,1885,3141,38760000,28062
10,1292,38760000,38760100,1885,3141,38790000,28083
10,1293,38790000,38790100,1885,3141,38820000,28105
10,1294,38820000,38820100,1885,3141,38850000,28127
10,1295,38850000,38850100,1885,3141,38880000,28149
10,1296,38880000,38880100,1885,3141,38910000,28170
10,1297,38910000,38910100,1885,3141,38940000,28192
10,1298,38940000,38940100,1885,3141,38970000,28213
10,1299,38970000,38970100,1885,3141,39000000,28237
10,13,390000,390100,1885,3141,420000,298
10,130,3900000,3900100,1885,3141,3930000,2841
10,1300,39000000,39000100,1885,3141,39030000,28257
10,1301,39030000,39030100,1885,3141,39060000,28280
10,1302,39060000,39060100,1885,3141,39090000,28300
10,1303,39090000,39090100,1885,3141,39120000,28322
10,1304,39120000,39120100,1885,3141,39150000,28344
10,1305,39150000,39150100,1885,3141,39180000,28367
10,1306,39180000,39180100,1885,3141,39210000,28388
10,1307,39210000,39210100,1885,3141,39240000,28409
10,1308,39240000,39240100,1885,3141,39270000,28429
10,1309,39270000,39270100,1885,3141,39300000,28454
10,131,3930000,3930100,1885,3141,3960000,2862
10,1310,39300000,39300100,1885,3141,39330000,28475
10,1311,39330000,39330100,1885,3141,39360000,28497
10,1312,39360000,39360100,1885,3141,39390000,28517
10,1313,39390000,39390100,1885,3141,39420000,28540
10,1314,39420000,39420100,1885,3141,39450000,28562
10,1315,39450000,39450100,1885,3141,39480000,28583
10,1316,39480000,39480100,1885,3141,39510000,28605
10,1317,39510000,39510100,1885,3141,39540000,28626
10,1318,39540000,39540100,1885,3141,39570000,28648
10,1319,39570000,39570100,1885,3141,39600000,28670
10,132,3960000,3960100,1885,3141,3990000,2882
10,1320,39600000,39600100,1885,3141,39630000,28692
10,1321,39630000,39630100,1885,3141,39660000,28715
10,1322,39660000,39660100,1885,3141,39690000,28734
10,1323,39690000,39690100,1885,3141,39720000,28757
10,1324,39720000,39720100,1885,3141,39750000,28778
10,1325,39750000,39750100,1885,3141,39780000,28802
10,1326,39780000,39780100,1885,3141,39810000,28822
10,1327,39810000,39810100,1885,3141,39840000,28844
10,1328,39840000,39840100,1885,3141,39870000,28864
10,1329,39870000,39870100,1885,3141,39900000,28888
10,133,3990000,3990100,1885,3141,4020000,2906
10,1330,39900000,39900100,1885,3141,39930000,28909
10,1331,39930000,39930100,1885,3141,39960000,28931
10,1332,39960000,39960100,1885,3141,39990000,28952
10,1333,39990000,39990100,1885,3141,40020000,28974
10,1334,40020000,40020100,1885,3141,40050000,28997
10,1335,40050000,40050100,1885,3141,40080000,29018
10,1336,40080000,40080100,1885,3141,40110000,29039
10,1337,40110000,40110100,1885,3141,40140000,29061
10,1338,40140000,40140100,1885,3141,40170000,29082
10,1339,40170000,40170100,1885,3141,40200000,29105
10,134,4020000,4020100,1885,3141,4050000,2927
10,1340,40200000,40200100,1885,3141,40230000,29126
10,1341,40230000,40230100,1885,3141,40260000,29149
10,1342,40260000,40260100,1885,3141,40290000,29169
10,1343,40290000,40290100,1885,3141,40320000,29191
10,1344,40320000,40320100,1885,3141,40350000,29213
10,1345,40350000,40350100,1885,3141,40380000,29236
10,1346,40380000,40380100,1885,3141,40410000,29257
10,1347,40410000,40410100,1885,3141,40440000,29278
10,1348,40440000,40440100,1885,3141,40470000,29299
10,1349,40470000,40470100,1885,3141,40500000,29323
10,135,4050000,4050100,1885,3141,4080000,2950
10,1350,40500000,40500100,1885,3141,40530000,29343
10,1351,40530000,40530100,1885,3141,40560000,29366
10,1352,40560000,40560100,1885,3141,40590000,29385
10,1353,40590000,40590100,1885,3141,40620000,29409
10,1354,40620000,40620100,1885,3141,40650000,29431
10,1355,40650000,40650100,1885,3141,40680000,29453
10,1356,40680000,40680100,1885,3141,40710000,29474
10,1357,40710000,40710100,1885,3141,40740000,29495
10,1358,40740000,40740100,1885,3141,40770000,29517
10,1359,40770000,40770100,1885,3141,40800000,29539
10,136,4080000,4080100,1885,3141,4110000,2970
10,1360,40800000,40800100,1885,3141,40830000,29561
10,1361,40830000,40830100,1885,3141,40860000,29583
10,1362,40860000,40860100,1885,3141,40890000,29604
10,1363,40890000,40890100,1885,3141,40920000,29625
10,1364,40920000,40920100,1885,3141,40950000,29647
10,1365,40950000,40950100,1885,3141,40980000,29671
10,1366,40980000,40980100,1885,3141,41010000,29691
10,1367,41010000,41010100,1885,3141,41040000,29713
10,1368,41040000,41040100,1885,3141,41070000,29733
10,1369,41070000,41070100,1885,3141,41100000,29758
10,137,4110000,4110100,1885,3141,4140000,2993
10,1370,41100000,41100100,1885,3141,41130000,29778
10,1371,41130000,41130100,1885,3141,41160000,29800
10,1372,41160000,41160100,1885,3141,41190000,29820
10,1373,41190000,41190100,1885,3141,41220000,29843
10,1374,41220000,41220100,1885,3141,41250000,29865
10,1375,41250000,41250100,1885,3141,41280000,29887
10,1376,41280000,41280100,1885,3141,41310000,29909
10,1377,41310000,41310100,1885,3141,41340000,29930
10,1378,41340000,41340100,1885,3141,41370000,29951
10,1379,41370000,41370100,1885,3141,41400000,29974
10,138,4140000,4140100,1885,3141,4170000,3013
10,1380,41400000,41400100,1885,3141,41430000,29995
10,1381,41430000,41430100,1885,3141,41460000,30018
10,1382,41460000,41460100,1885,3141,41490000,30038
10,1383,41490000,41490100,1885,3141,41520000,30060
10,1384,41520000,41520100,1885,3141,41550000,30082
10,1385,41550000,41550100,1885,3141,41580000,30104
10,1386,41580000,41580100,1885,3141,41610000,30126
10,1387,41610000,41610100,1885,3141,41640000,30147
10,1388,41640000,41640100,1885,3141,41670000,30168
10,1389,41670000,41670100,1885,3141,41700000,30192
10,139,4170000,4170100,1885,3141,4200000,3036
10,1390,41700000,41700100,1885,3141,41730000,30213
10,1391,41730000,41730100,1885,3141,41760000,30235
10,1392,41760000,41760100,1885,3141,41790000,30254
10,1393,41790000,41790100,1885,3141,41820000,30278
10,1394,41820000,41820100,1885,3141,41850000,30299
10,1395,41850000,41850100,1885,3141,41880000,30322
10,1396,41880000,41880100,1885,3141,41910000,30342
10,1397,41910000,41910100,1885,3141,41940000,30365
10,1398,41940000,41940100,1885,3141,41970000,30386
10,1399,41970000,41970100,1885,3141,42000000,30408
10,14,420000,420100,1885,3141,450000,321
10,140,4200000,4200100,1885,3141,4230000,3057
10,1400,42000000,42000100,1885,3141,42030000,30430
10,1401,42030000,42030100,1885,3141,42060000,30452
10,1402,42060000,42060100,1885,3141,42090000,30473
10,1403,42090000,42090100,1885,3141,42120000,30494
10,1404,42120000,42120100,1885,3141,42150000,30517
10,1405,42150000,42150100,1885,3141,42180000,30539
10,1406,42180000,42180100,1885,3141,42210000,30560
10,1407,42210000,42210100,1885,3141,42240000,30581
10,1408,42240000,42240100,1885,3141,42270000,30602
10,1409,42270000,42270100,1885,3141,42300000,30627
10,141,4230000,4230100,1885,3141,4260000,3080
10,1410,42300000,42300100,1885,3141,42330000,30647
10,1411,42330000,42330100,1885,3141,42360000,30670
10,1412,42360000,42360100,1885,3141,42390000,30689
10,1413,42390000,42390100,1885,3141,42420000,30712
10,1414,42420000,42420100,1885,3141,42450000,30734
10,1415,42450000,42450100,1885,3141,42480000,30756
10,1416,42480000,42480100,1885,3141,42510000,30777
10,1417,42510000,42510100,1885,3141,42540000,30799
10,1418,42540000,42540100,1885,3141,42570000,30820
10,1419,42570000,42570100,1885,3141,42600000,30843
10,142,4260000,4260100,1885,3141,4290000,3100
10,1420,42600000,42600100,1885,3141,42630000,30864
10,1421,42630000,42630100,1885,3141,42660000,30887
10,1422,42660000,42660100,1885,3141,42690000,30907
10,1423,42690000,42690100,1885,3141,42720000,30929
10,1424,42720000,42720100,1885,3141,42750000,30951
10,1425,42750000,42750100,1885,3141,42780000,30974
10,1426,42780000,42780100,1885,3141,42810000,30995
10,1427,42810000,42810100,1885,3141,42840000,31015
10,1428,42840000,42840100,1885,3141,42870000,31037
10,1429,42870000,42870100,1885,3141,42900000,31060
10,143,4290000,4290100,1885,3141,4320000,3122
10,1430,42900000,42900100,1885,3141,42930000,31082
10,1431,42930000,42930100,1885,3141,42960000,31104
10,1432,42960000,42960100,1885,3141,42990000,31124
10,1433,42990000,42990100,1885,3141,43020000,31147
10,1434,43020000,43020100,1885,3141,43050000,31168
10,1435,43050000,43050100,1885,3141,43080000,31191
10,1436,43080000,43080100,1885,3141,43110000,31211
10,1437,43110000,43110100,1885,3141,43140000,31234
10,1438,43140000,43140100,1885,3141,43170000,31254
10,1439,43170000,43170100,1885,3141,43200000,31278
10,144,4320000,4320100,1885,3141,4350000,3145
10,1440,43200000,43200100,1885,3141,43230000,31298
10,1441,43230000,43230100,1885,3141,43260000,31321
10,1442,43260000,43260100,1885,3141,43290000,31342
10,1443,43290000,43290100,1885,3141,43320000,31363
10,1444,43320000,43320100,1885,3141,43350000,31386
10,1445,43350000,43350100,1885,3141,43380000,31408
10,1446,43380000,43380100,1885,3141,43410000,31430
10,1447,43410000,43410100,1885,3141,43440000,31450
10,1448,43440000,43440100,1885,3141,43470000,31471
10,1449,43470000,43470100,1885,3141,43500000,31495
10,145,4350000,4350100,1885,3141,4380000,3167
10,1450,43500000,43500100,1885,3141,43530000,31516
10,1451,43530000,43530100,1885,3141,43560000,31538
10,1452,43560000,43560100,1885,3141,43590000,31558
10,1453,43590000,43590100,1885,3141,43620000,31582
10,1454,43620000,43620100,1885,3141,43650000,31603
10,1455,43650000,43650100,1885,3141,43680000,31625
10,1456,43680000,43680100,1885,3141,43710000,31646
10,1457,43710000,43710100,1885,3141,43740000,31668
10,1458,43740000,43740100,1885,3141,43770000,31689
10,1459,43770000,43770100,1885,3141,43800000,31712
10,146,4380000,4380100,1885,3141,4410000,3188
10,1460,43800000,43800100,1885,3141,43830000,31733
10,1461,43830000,43830100,1885,3141,43860000,31756
10,1462,43860000,43860100,1885,3141,43890000,31775
10,1463,43890000,43890100,1885,3141,43920000,31798
10,1464,43920000,43920100,1885,3141,43950000,31820
10,1465,43950000,43950100,1885,3141,43980000,31843
10,1466,43980000,43980100,1885,3141,44010000,31864
10,1467,44010000,44010100,1885,3141,44040000,31885
10,1468,44040000,44040100,1885,3141,44070000,31906
10,1469,44070000,44070100,1885,3141,44100000,31929
10,147,4410000,4410100,1885,3141,4440000,3209
10,1470,44100000,44100100,1885,3141,44130000,31951
10,1471,44130000,44130100,1885,3141,44160000,31972
10,1472,44160000,44160100,1885,3141,44190000,31993
10,1473,44190000,44190100,1885,3141,44220000,32015
10,1474,44220000,44220100,1885,3141,44250000,32038
10,1475,44250000,44250100,1885,3141,44280000,32060
10,1476,44280000,44280100,1885,3141,44310000,32080
10,1477,44310000,44310100,1885,3141,44340000,32103
10,1478,44340000,44340100,1885,3141,44370000,32123
10,1479,44370000,44370100,1885,3141,44400000,32147
10,148,4440000,4440100,1885,3141,4470000,3230
10,1480,44400000,44400100,1885,3141,44430000,32167
10,1481,44430000,44430100,1885,3141,44460000,32191
10,1482,44460000,44460100,1885,3141,44490000,32210
10,1483,44490000,44490100,1885,3141,44520000,32232
10,1484,44520000,44520100,1885,3141,44550000,32254
10,1485,44550000,44550100,1885,3141,44580000,32277
10,1486,44580000,44580100,1885,3141,44610000,32299
10,1487,44610000,44610100,1885,3141,44640000,32319
10,1488,44640000,44640100,1885,3141,44670000,32341
10,1489,44670000,44670100,1885,3141,44700000,32364
10,149,4470000,4470100,1885,3141,4500000,3254
10,1490,44700000,44700100,1885,3141,44730000,32385
10,1491,44730000,44730100,1885,3141,44760000,32407
10,1492,44760000,44760100,1885,3141,44790000,32427
10,1493,44790000,44790100,1885,3141,44820000,32450
10,1494,44820000,44820100,1885,3141,44850000,32472
10,1495,44850000,44850100,1885,3141,44880000,32494
10,1496,44880000,44880100,1885,3141,44910000,32515
10,1497,44910000,44910100,1885,3141,44940000,32537
10,1498,44940000,44940100,1885,3141,44970000,32558
10,1499,44970000,44970100,1885,3141,45000000,32581
10,15,450000,450100,1885,3141,480000,342
10,150,4500000,4500100,1885,3141,4530000,3275
10,1500,45000000,45000100,1885,3141,45030000,32602
10,1501,45030000,45030100,1885,3141,45060000,32625
10,1502,45060000,45060100,1885,3141,45090000,32645
10,1503,45090000,45090100,1885,3141,45120000,32667
10,1504,45120000,45120100,1885,3141,45150000,32688
10,1505,45150000,45150100,1885,3141,45180000,32712
10,1506,45180000,45180100,1885,3141,45210000,32732
10,1507,45210000,45210100,1885,3141,45240000,32754
10,1508,45240000,45240100,1885,3141,45270000,32775
10,1509,45270000,45270100,1885,3141,45300000,32799
10,151,4530000,4530100,1885,3141,4560000,3297
10,1510,45300000,45300100,1885,3141,45330000,32820
10,1511,45330000,45330100,1885,3141,45360000,32841
10,1512,45360000,45360100,1885,3141,45390000,32862
10,1513,45390000,45390100,1885,3141,45420000,32884
10,1514,45420000,45420100,1885,3141,45450000,32907
10,1515,45450000,45450100,1885,3141,45480000,32928
10,1516,45480000,45480100,1885,3141,45510000,32950
10,1517,45510000,45510100,1885,3141,45540000,32971
10,1518,45540000,45540100,1885,3141,45570000,32992
10,1519,45570000,45570100,1885,3141,45600000,33016
10,152,4560000,4560100,1885,3141,4590000,3317
10,1520,45600000,45600100,1885,3141,45630000,33036
10,1521,45630000,45630100,1885,3141,45660000,33060
10,1522,45660000,45660100,1885,3141,45690000,33079
10,1523,45690000,45690100,1885,3141,45720000,33102
10,1524,45720000,45720100,1885,3141,45750000,33123
10,1525,45750000,45750100,1885,3141,45780000,33146
10,1526,45780000,45780100,1885,3141,45810000,33167
10,1527,45810000,45810100,1885,3141,45840000,33188
10,1528,45840000,45840100,1885,3141,45870000,33209
10,1529,45870000,45870100,1885,3141,45900000,33233
10,153,4590000,4590100,1885,3141,4620000,3339
10,1530,45900000,45900100,1885,3141,45930000,33255
10,1531,45930000,45930100,1885,3141,45960000,33276
10,1532,45960000,45960100,1885,3141,45990000,33296
10,1533,45990000,45990100,1885,3141,46020000,33319
10,1534,46020000,46020100,1885,3141,46050000,33341
10,1535,46050000,46050100,1885,3141,46080000,33363
10,1536,46080000,46080100,1885,3141,46110000,33384
10,1537,46110000,46110100,1885,3141,46140000,33406
10,1538,46140000,46140100,1885,3141,46170000,33427
10,1539,46170000,46170100,1885,3141,46200000,33449
10,154,4620000,4620100,1885,3141,4650000,3362
10,155,4650000,4650100,1885,3141,4680000,3384
10,156,4680000,4680100,1885,3141,4710000,3405
10,157,4710000,4710100,1885,3141,4740000,3427
10,158,4740000,4740100,1885,3141,4770000,3448
10,159,4770000,4770100,1885,3141,4800000,3471
10,16,480000,480100,1885,3141,510000,364
10,160,4800000,4800100,1885,3141,4830000,3491
10,161,4830000,4830100,1885,3141,4860000,3515
10,162,4860000,4860100,1885,3141,4890000,3534
10,163,4890000,4890100,1885,3141,4920000,3557
10,164,4920000,4920100,1885,3141,4950000,3578
10,165,4950000,4950100,1885,3141,4980000,3602
10,166,4980000,4980100,1885,3141,5010000,3623
10,167,5010000,5010100,1885,3141,5040000,3643
10,168,5040000,5040100,1885,3141,5070000,3665
10,169,5070000,5070100,1885,3141,5100000,3688
10,17,510000,510100,1885,3141,540000,385
10,170,5100000,5100100,1885,3141,5130000,3710
10,171,5130000,5130100,1885,3141,5160000,3731
10,172,5160000,5160100,1885,3141,5190000,3752
10,173,5190000,5190100,1885,3141,5220000,3774
10,174,5220000,5220100,1885,3141,5250000,3796
10,175,5250000,5250100,1885,3141,5280000,3818
10,176,5280000,5280100,1885,3141,5310000,3839
10,177,5310000,5310100,1885,3141,5340000,3862
10,178,5340000,5340100,1885,3141,5370000,3882
10,179,5370000,5370100,1885,3141,5400000,3906
10,18,540000,540100,1885,3141,570000,407
10,180,5400000,5400100,1885,3141,5430000,3926
10,181,5430000,5430100,1885,3141,5460000,3949
10,182,5460000,5460100,1885,3141,5490000,3969
10,183,5490000,5490100,1885,3141,5520000,3991
10,184,5520000,5520100,1885,3141,5550000,4013
10,185,5550000,5550100,1885,3141,5580000,4036
10,186,5580000,5580100,1885,3141,5610000,4057
10,187,5610000,5610100,1885,3141,5640000,4078
10,188,5640000,5640100,1885,3141,5670000,4099
10,189,5670000,5670100,1885,3141,5700000,4123
10,19,570000,570100,1885,3141,600000,429
10,190,5700000,5700100,1885,3141,5730000,4144
10,191,5730000,5730100,1885,3141,5760000,4166
10,192,5760000,5760100,1885,3141,5790000,4186
10,193,5790000,5790100,1885,3141,5820000,4209
10,194,5820000,5820100,1885,3141,5850000,4231
10,195,5850000,5850100,1885,3141,5880000,4252
10,196,5880000,5880100,1885,3141,5910000,4274
10,197,5910000,5910100,1885,3141,5940000,4295
10,198,5940000,5940100,1885,3141,5970000,4317
10,199,5970000,5970100,1885,3141,6000000,4340
10,2,60000,60100,1885,3141,90000,59
10,20,600000,600100,1885,3141,630000,450
10,200,6000000,6000100,1885,3141,6030000,4361
10,201,6030000,6030100,1885,3141,6060000,4384
10,202,6060000,6060100,1885,3141,6090000,4403
10,203,6090000,6090100,1885,3141,6120000,4426
10,204,6120000,6120100,1885,3141,6150000,4447
10,205,6150000,6150100,1885,3141,6180000,4471
10,206,6180000,6180100,1885,3141,6210000,4491
10,207,6210000,6210100,1885,3141,6240000,4513
10,208,6240000,6240100,1885,3141,6270000,4533
10,209,6270000,6270100,1885,3141,6300000,4557
10,21,630000,630100,1885,3141,660000,473
10,210,6300000,6300100,1885,3141,6330000,4579
10,211,6330000,6330100,1885,3141,6360000,4600
10,212,6360000,6360100,1885,3141,6390000,4621
10,213,6390000,6390100,1885,3141,6420000,4643
10,214,6420000,6420100,1885,3141,6450000,4666
10,215,6450000,6450100,1885,3141,6480000,4687
10,216,6480000,6480100,1885,3141,6510000,4708
10,217,6510000,6510100,1885,3141,6540000,4730
10,218,6540000,6540100,1885,3141,6570000,4751
10,219,6570000,6570100,1885,3141,6600000,4774
10,22,660000,660100,1885,3141,690000,493
10,220,6600000,6600100,1885,3141,6630000,4795
10,221,6630000,6630100,1885,3141,6660000,4819
10,222,6660000,6660100,1885,3141,6690000,4838
10,223,6690000,6690100,1885,3141,6720000,4860
10,224,6720000,6720100,1885,3141,6750000,4882
10,225,6750000,6750100,1885,3141,6780000,4905
10,226,6780000,6780100,1885,3141,6810000,4926
10,227,6810000,6810100,1885,3141,6840000,4947
10,228,6840000,6840100,1885,3141,6870000,4968
10,229,6870000,6870100,1885,3141,6900000,4992
10,23,690000,690100,1885,3141,720000,516
10,230,6900000,6900100,1885,3141,6930000,5012
10,231,6930000,6930100,1885,3141,6960000,5035
10,232,6960000,6960100,1885,3141,6990000,5055
10,233,6990000,6990100,1885,3141,7020000,5078
10,234,7020000,7020100,1885,3141,7050000,5100
10,235,7050000,7050100,1885,3141,7080000,5122
10,236,7080000,7080100,1885,3141,7110000,5143
10,237,7110000,7110100,1885,3141,7140000,5164
10,238,7140000,7140100,1885,3141,7170000,5186
10,239,7170000,7170100,1885,3141,7200000,5208
10,24,720000,720100,1885,3141,750000,537
10,240,7200000,7200100,1885,3141,7230000,5230
10,241,7230000,7230100,1885,3141,7260000,5252
10,242,7260000,7260100,1885,3141,7290000,5273
10,243,7290000,7290100,1885,3141,7320000,5295
10,244,7320000,7320100,1885,3141,7350000,5316
10,245,7350000,7350100,1885,3141,7380000,5340
10,246,7380000,7380100,1885,3141,7410000,5360
10,247,7410000,7410100,1885,3141,7440000,5382
10,248,7440000,7440100,1885,3141,7470000,5402
10,249,7470000,7470100,1885,3141,7500000,5427
10,25,750000,750100,1885,3141,780000,561
10,250,7500000,7500100,1885,3141,7530000,5447
10,251,7530000,7530100,1885,3141,7560000,5469
10,252,7560000,7560100,1885,3141,7590000,5489
10,253,7590000,7590100,1885,3141,7620000,5512
10,254,7620000,7620100,1885,3141,7650000,5535
10,255,7650000,7650100,1885,3141,7680000,5556
10,256,7680000,7680100,1885,3141,7710000,5578
10,257,7710000,7710100,1885,3141,7740000,5599
10,258,7740000,7740100,1885,3141,7770000,5620
10,259,7770000,7770100,1885,3141,7800000,5643
10,26,780000,780100,1885,3141,810000,581
10,260,7800000,7800100,1885,3141,7830000,5664
10,261,7830000,7830100,1885,3141,7860000,5687
10,262,7860000,7860100,1885,3141,7890000,5707
10,263,7890000,7890100,1885,3141,7920000,5729
10,264,7920000,7920100,1885,3141,7950000,5751
10,265,7950000,7950100,1885,3141,7980000,5774
10,266,7980000,7980100,1885,3141,8010000,5795
10,267,8010000,8010100,1885,3141,8040000,5816
10,268,8040000,8040100,1885,3141,8070000,5837
10,269,8070000,8070100,1885,3141,8100000,5861
10,27,810000,810100,1885,3141,840000,602
10,270,8100000,8100100,1885,3141,8130000,5882
10,271,8130000,8130100,1885,3141,8160000,5904
10,272,8160000,8160100,1885,3141,8190000,5923
10,273,8190000,8190100,1885,3141,8220000,5947
10,274,8220000,8220100,1885,3141,8250000,5968
10,275,8250000,8250100,1885,3141,8280000,5991
10,276,8280000,8280100,1885,3141,8310000,6012
10,277,8310000,8310100,1885,3141,8340000,6034
10,278,8340000,8340100,1885,3141,8370000,6055
10,279,8370000,8370100,1885,3141,8400000,6077
10,28,840000,840100,1885,3141,870000,623
10,280,8400000,8400100,1885,3141,8430000,6099
10,281,8430000,8430100,1885,3141,8460000,6121
10,282,8460000,8460100,1885,3141,8490000,6142
10,283,8490000,8490100,1885,3141,8520000,6163
10,284,8520000,8520100,1885,3141,8550000,6186
10,285,8550000,8550100,1885,3141,8580000,6208
10,286,8580000,8580100,1885,3141,8610000,6229
10,287,8610000,8610100,1885,3141,8640000,6251
10,288,8640000,8640100,1885,3141,8670000,6271
10,289,8670000,8670100,1885,3141,8700000,6296
10,29,870000,870100,1885,3141,900000,647
10,290,8700000,8700100,1885,3141,8730000,6316
10,291,8730000,8730100,1885,3141,8760000,6339
10,292,8760000,8760100,1885,3141,8790000,6358
10,293,8790000,8790100,1885,3141,8820000,6381
10,294,8820000,8820100,1885,3141,8850000,6403
10,295,8850000,8850100,1885,3141,8880000,6425
10,296,8880000,8880100,1885,3141,8910000,6446
10,297,8910000,8910100,1885,3141,8940000,6468
10,298,8940000,8940100,1885,3141,8970000,6490
10,299,8970000,8970100,1885,3141,9000000,6512
10,3,90000,90100,1885,3141,120000,81
10,30,900000,900100,1885,3141,930000,668
10,300,9000000,9000100,1885,3141,9030000,6533
10,301,9030000,9030100,1885,3141,9060000,6556
10,302,9060000,9060100,1885,3141,9090000,6576
10,303,9090000,9090100,1885,3141,9120000,6598
10,304,9120000,9120100,1885,3141,9150000,6620
10,305,9150000,9150100,1885,3141,9180000,6643
10,306,9180000,9180100,1885,3141,9210000,6664
10,307,9210000,9210100,1885,3141,9240000,6684
10,308,9240000,9240100,1885,3141,9270000,6706
10,309,9270000,9270100,1885,3141,9300000,6730
10,31,930000,930100,1885,3141,960000,690
10,310,9300000,9300100,1885,3141,9330000,6751
10,311,9330000,9330100,1885,3141,9360000,6773
10,312,9360000,9360100,1885,3141,9390000,6793
10,313,9390000,9390100,1885,3141,9420000,6816
10,314,9420000,9420100,1885,3141,9450000,6837
10,315,9450000,9450100,1885,3141,9480000,6860
10,316,9480000,9480100,1885,3141,9510000,6880
10,317,9510000,9510100,1885,3141,9540000,6903
10,318,9540000,9540100,1885,3141,9570000,6923
10,319,9570000,9570100,1885,3141,9600000,6947
10,32,960000,960100,1885,3141,990000,710
10,320,9600000,9600100,1885,3141,9630000,6968
10,321,9630000,9630100,1885,3141,9660000,6990
10,322,9660000,9660100,1885,3141,9690000,7011
10,323,9690000,9690100,1885,3141,9720000,7032
10,324,9720000,9720100,1885,3141,9750000,7055
10,325,9750000,9750100,1885,3141,9780000,7077
10,326,9780000,9780100,1885,3141,9810000,7099
10,327,9810000,9810100,1885,3141,9840000,7119
10,328,9840000,9840100,1885,3141,9870000,7140
10,329,9870000,9870100,1885,3141,9900000,7164
10,33,990000,990100,1885,3141,1020000,733
10,330,9900000,9900100,1885,3141,9930000,7185
10,331,9930000,9930100,1885,3141,9960000,7208
10,332,9960000,9960100,1885,3141,9990000,7227
10,333,9990000,9990100,1885,3141,10020000,7251
10,334,10020000,10020100,1885,3141,10050000,7272
10,335,10050000,10050100,1885,3141,10080000,7294
10,336,10080000,10080100,1885,3141,10110000,7315
10,337,10110000,10110100,1885,3141,10140000,7337
10,338,10140000,10140100,1885,3141,10170000,7358
10,339,10170000,10170100,1885,3141,10200000,7381
10,34,1020000,1020100,1885,3141,1050000,755
10,340,10200000,10200100,1885,3141,10230000,7402
10,341,10230000,10230100,1885,3141,10260000,7425
10,342,10260000,10260100,1885,3141,10290000,7445
10,343,10290000,10290100,1885,3141,10320000,7467
10,344,10320000,10320100,1885,3141,10350000,7489
10,345,10350000,10350100,1885,3141,10380000,7512
10,346,10380000,10380100,1885,3141,10410000,7533
10,347,10410000,10410100,1885,3141,10440000,7554
10,348,10440000,10440100,1885,3141,10470000,7575
10,349,10470000,10470100,1885,3141,10500000,7598
10,35,1050000,1050100,1885,3141,1080000,777
10,350,10500000,10500100,1885,3141,10530000,7620
10,351,10530000,10530100,1885,3141,10560000,7641
10,352,10560000,10560100,1885,3141,10590000,7662
10,353,10590000,10590100,1885,3141,10620000,7685
10,354,10620000,10620100,1885,3141,10650000,7707
10,355,10650000,10650100,1885,3141,10680000,7729
10,356,10680000,10680100,1885,3141,10710000,7749
10,357,10710000,10710100,1885,3141,10740000,7772
10,358,10740000,10740100,1885,3141,10770000,7792
10,359,10770000,10770100,1885,3141,10800000,7816
10,36,1080000,1080100,1885,3141,1110000,798
10,360,10800000,10800100,1885,3141,10830000,7836
10,361,10830000,10830100,1885,3141,10860000,7860
10,362,10860000,10860100,1885,3141,10890000,7879
10,363,10890000,10890100,1885,3141,10920000,7901
10,364,10920000,10920100,1885,3141,10950000,7924
10,365,10950000,10950100,1885,3141,10980000,7946
10,366,10980000,10980100,1885,3141,11010000,7968
10,367,11010000,11010100,1885,3141,11040000,7988
10,368,11040000,11040100,1885,3141,11070000,8010
10,369,11070000,11070100,1885,3141,11100000,8033
10,37,1110000,1110100,1885,3141,1140000,820
10,370,11100000,11100100,1885,3141,11130000,8054
10,371,11130000,11130100,1885,3141,11160000,8076
10,372,11160000,11160100,1885,3141,11190000,8096
10,373,11190000,11190100,1885,3141,11220000,8119
10,374,11220000,11220100,1885,3141,11250000,8141
10,375,11250000,11250100,1885,3141,11280000,8164
10,376,11280000,11280100,1885,3141,11310000,8184
10,377,11310000,11310100,1885,3141,11340000,8206
10,378,11340000,11340100,1885,3141,11370000,8227
10,379,11370000,11370100,1885,3141,11400000,8250
10,38,1140000,1140100,1885,3141,1170000,841
10,380,11400000,11400100,1885,3141,11430000,8271
10,381,11430000,11430100,1885,3141,11460000,8294
10,382,11460000,11460100,1885,3141,11490000,8314
10,383,11490000,11490100,1885,3141,11520000,8336
10,384,11520000,11520100,1885,3141,11550000,8357
10,385,11550000,11550100,1885,3141,11580000,8381
10,386,11580000,11580100,1885,3141,11610000,8402
10,387,11610000,11610100,1885,3141,11640000,8423
10,388,11640000,11640100,1885,3141,11670000,8444
10,389,11670000,11670100,1885,3141,11700000,8468
10,39,1170000,1170100,1885,3141,1200000,864
10,390,11700000,11700100,1885,3141,11730000,8489
10,391,11730000,11730100,1885,3141,11760000,8510
10,392,11760000,11760100,1885,3141,11790000,8531
10,393,11790000,11790100,1885,3141,11820000,8553
10,394,11820000,11820100,1885,3141,11850000,8576
10,395,11850000,11850100,1885,3141,11880000,8597
10,396,11880000,11880100,1885,3141,11910000,8619
10,397,11910000,11910100,1885,3141,11940000,8641
10,398,11940000,11940100,1885,3141,11970000,8661
10,399,11970000,11970100,1885,3141,12000000,8685
10,4,120000,120100,1885,3141,150000,103
10,40,1200000,1200100,1885,3141,1230000,885
10,400,12000000,12000100,1885,3141,12030000,8705
10,401,12030000,12030100,1885,3141,12060000,8729
10,402,12060000,12060100,1885,3141,12090000,8748
10,403,12090000,12090100,1885,3141,12120000,8771
10,404,12120000,12120100,1885,3141,12150000,8792
10,405,12150000,12150100,1885,3141,12180000,8815
10,406,12180000,12180100,1885,3141,12210000,8836
10,407,12210000,12210100,1885,3141,12240000,8857
10,408,12240000,12240100,1885,3141,12270000,8879
10,409,12270000,12270100,1885,3141,12300000,8902
10,41,1230000,1230100,1885,3141,1260000,907
10,410,12300000,12300100,1885,3141,12330000,8924
10,411,12330000,12330100,1885,3141,12360000,8945
10,412,12360000,12360100,1885,3141,12390000,8965
10,413,12390000,12390100,1885,3141,12420000,8988
10,414,12420000,12420100,1885,3141,12450000,9010
10,415,12450000,12450100,1885,3141,12480000,9032
10,416,12480000,12480100,1885,3141,12510000,9053
10,417,12510000,12510100,1885,3141,12540000,9075
10,418,12540000,12540100,1885,3141,12570000,9096
10,419,12570000,12570100,1885,3141,12600000,9119
10,42,1260000,1260100,1885,3141,1290000,928
10,420,12600000,12600100,1885,3141,12630000,9140
10,421,12630000,12630100,1885,3141,12660000,9163
10,422,12660000,12660100,1885,3141,12690000,9183
10,423,12690000,12690100,1885,3141,12720000,9205
10,424,12720000,12720100,1885,3141,12750000,9227
10,425,12750000,12750100,1885,3141,12780000,9250
10,426,12780000,12780100,1885,3141,12810000,9270
10,427,12810000,12810100,1885,3141,12840000,9292
10,428,12840000,12840100,1885,3141,12870000,9312
10,429,12870000,12870100,1885,3141,12900000,9337
10,43,1290000,1290100,1885,3141,1320000,949
10,430,12900000,12900100,1885,3141,12930000,9358
10,431,12930000,12930100,1885,3141,12960000,9380
10,432,12960000,12960100,1885,3141,12990000,9400
10,433,12990000,12990100,1885,3141,13020000,9422
10,434,13020000,13020100,1885,3141,13050000,9445
10,435,13050000,13050100,1885,3141,13080000,9466
10,436,13080000,13080100,1885,3141,13110000,9488
10,437,13110000,13110100,1885,3141,13140000,9509
10,438,13140000,13140100,1885,3141,13170000,9531
10,439,13170000,13170100,1885,3141,13200000,9553
10,44,1320000,1320100,1885,3141,1350000,972
10,440,13200000,13200100,1885,3141,13230000,9574
10,441,13230000,13230100,1885,3141,13260000,9598
10,442,13260000,13260100,1885,3141,13290000,9617
10,443,13290000,13290100,1885,3141,13320000,9640
10,444,13320000,13320100,1885,3141,13350000,9661
10,445,13350000,13350100,1885,3141,13380000,9685
10,446,13380000,13380100,1885,3141,13410000,9705
10,447,13410000,13410100,1885,3141,13440000,9726
10,448,13440000,13440100,1885,3141,13470000,9747
10,449,13470000,13470100,1885,3141,13500000,9771
10,45,1350000,1350100,1885,3141,1380000,995
10,450,13500000,13500100,1885,3141,13530000,9792
10,451,13530000,13530100,1885,3141,13560000,9814
10,452,13560000,13560100,1885,3141,13590000,9835
10,453,13590000,13590100,1885,3141,13620000,9857
10,454,13620000,13620100,1885,3141,13650000,9879
10,455,13650000,13650100,1885,3141,13680000,9901
10,456,13680000,13680100,1885,3141,13710000,9922
10,457,13710000,13710100,1885,3141,13740000,9944
10,458,13740000,13740100,1885,3141,13770000,9965
10,459,13770000,13770100,1885,3141,13800000,9988
10,46,1380000,1380100,1885,3141,1410000,1016
10,460,13800000,13800100,1885,3141,13830000,10009
10,461,13830000,13830100,1885,3141,13860000,10031
10,462,13860000,13860100,1885,3141,13890000,10052
10,463,13890000,13890100,1885,3141,13920000,10074
10,464,13920000,13920100,1885,3141,13950000,10096
10,465,13950000,13950100,1885,3141,13980000,10119
10,466,13980000,13980100,1885,3141,14010000,10140
10,467,14010000,14010100,1885,3141,14040000,10161
10,468,14040000,14040100,1885,3141,14070000,10181
10,469,14070000,14070100,1885,3141,14100000,10206
10,47,1410000,1410100,1885,3141,1440000,1037
10,470,14100000,14100100,1885,3141,14130000,10226
10,471,14130000,14130100,1885,3141,14160000,10249
10,472,14160000,14160100,1885,3141,14190000,10268
10,473,14190000,14190100,1885,3141,14220000,10292
10,474,14220000,14220100,1885,3141,14250000,10314
10,475,14250000,14250100,1885,3141,14280000,10335
10,476,14280000,14280100,1885,3141,14310000,10357
10,477,14310000,14310100,1885,3141,14340000,10378
10,478,14340000,14340100,1885,3141,14370000,10400
10,479,14370000,14370100,1885,3141,14400000,10422
10,48,1440000,1440100,1885,3141,1470000,1057
10,480,14400000,14400100,1885,3141,14430000,10444
10,481,14430000,14430100,1885,3141,14460000,10466
10,482,14460000,14460100,1885,3141,14490000,10486
10,483,14490000,14490100,1885,3141,14520000,10508
10,484,14520000,14520100,1885,3141,14550000,10530
10,485,14550000,14550100,1885,3141,14580000,10554
10,486,14580000,14580100,1885,3141,14610000,10574
10,487,14610000,14610100,1885,3141,14640000,10596
10,488,14640000,14640100,1885,3141,14670000,10616
10,489,14670000,14670100,1885,3141,14700000,10640
10,49,1470000,1470100,1885,3141,1500000,1082
10,490,14700000,14700100,1885,3141,14730000,10661
10,491,14730000,14730100,1885,3141,14760000,10683
10,492,14760000,14760100,1885,3141,14790000,10703
10,493,14790000,14790100,1885,3141,14820000,10726
10,494,14820000,14820100,1885,3141,14850000,10748
10,495,14850000,14850100,1885,3141,14880000,10770
10,496,14880000,14880100,1885,3141,14910000,10791
10,497,14910000,14910100,1885,3141,14940000,10813
10,498,14940000,14940100,1885,3141,14970000,10834
10,499,14970000,14970100,1885,3141,15000000,10857
10,5,150000,150100,1885,3141,180000,126
10,50,1500000,1500100,1885,3141,1530000,1102
10,500,15000000,15000100,1885,3141,15030000,10878
10,501,15030000,15030100,1885,3141,15060000,10901
10,502,15060000,15060100,1885,3141,15090000,10921
10,503,15090000,15090100,1885,3141,15120000,10942
10,504,15120000,15120100,1885,3141,15150000,10965
10,505,15150000,15150100,1885,3141,15180000,10987
10,506,15180000,15180100,1885,3141,15210000,11009
10,507,15210000,15210100,1885,3141,15240000,11030
10,508,15240000,15240100,1885,3141,15270000,11051
10,509,15270000,15270100,1885,3141,15300000,11075
10,51,1530000,1530100,1885,3141,1560000,1125
10,510,15300000,15300100,1885,3141,15330000,11095
10,511,15330000,15330100,1885,3141,15360000,11118
10,512,15360000,15360100,1885,3141,15390000,11137
10,513,15390000,15390100,1885,3141,15420000,11161
10,514,15420000,15420100,1885,3141,15450000,11182
10,515,15450000,15450100,1885,3141,15480000,11205
10,516,15480000,15480100,1885,3141,15510000,11225
10,517,15510000,15510100,1885,3141,15540000,11247
10,518,15540000,15540100,1885,3141,15570000,11269
10,519,15570000,15570100,1885,3141,15600000,11291
10,52,1560000,1560100,1885,3141,1590000,1144
10,520,15600000,15600100,1885,3141,15630000,11313
10,521,15630000,15630100,1885,3141,15660000,11335
10,522,15660000,15660100,1885,3141,15690000,11356
10,523,15690000,15690100,1885,3141,15720000,11377
10,524,15720000,15720100,1885,3141,15750000,11399
10,525,15750000,15750100,1885,3141,15780000,11422
10,526,15780000,15780100,1885,3141,15810000,11443
10,527,15810000,15810100,1885,3141,15840000,11464
10,528,15840000,15840100,1885,3141,15870000,11485
10,529,15870000,15870100,1885,3141,15900000,11510
10,53,1590000,1590100,1885,3141,1620000,1168
10,530,15900000,15900100,1885,3141,15930000,11530
10,531,15930000,15930100,1885,3141,15960000,11552
10,532,15960000,15960100,1885,3141,15990000,11572
10,533,15990000,15990100,1885,3141,16020000,11595
10,534,16020000,16020100,1885,3141,16050000,11617
10,535,16050000,16050100,1885,3141,16080000,11639
10,536,16080000,16080100,1885,3141,16110000,11660
10,537,16110000,16110100,1885,3141,16140000,11682
10,538,16140000,16140100,1885,3141,16170000,11702
10,539,16170000,16170100,1885,3141,16200000,11726
10,54,1620000,1620100,1885,3141,1650000,1189
10,540,16200000,16200100,1885,3141,16230000,11747
10,541,16230000,16230100,1885,3141,16260000,11770
10,542,16260000,16260100,1885,3141,16290000,11790
10,543,16290000,16290100,1885,3141,16320000,11812
10,544,16320000,16320100,1885,3141,16350000,11834
10,545,16350000,16350100,1885,3141,16380000,11856
10,546,16380000,16380100,1885,3141,16410000,11878
10,547,16410000,16410100,1885,3141,16440000,11898
10,548,16440000,16440100,1885,3141,16470000,11920
10,549,16470000,16470100,1885,3141,16500000,11943
10,55,1650000,1650100,1885,3141,1680000,1211
10,550,16500000,16500100,1885,3141,16530000,11965
10,551,16530000,16530100,1885,3141,16560000,11987
10,552,16560000,16560100,1885,3141,16590000,12006
10,553,16590000,16590100,1885,3141,16620000,12030
10,554,16620000,16620100,1885,3141,16650000,12051
10,555,16650000,16650100,1885,3141,16680000,12074
10,556,16680000,16680100,1885,3141,16710000,12094
10,557,16710000,16710100,1885,3141,16740000,12117
10,558,16740000,16740100,1885,3141,16770000,12137
10,559,16770000,16770100,1885,3141,16800000,12160
10,56,1680000,1680100,1885,3141,1710000,1233
10,560,16800000,16800100,1885,3141,16830000,12181
10,561,16830000,16830100,1885,3141,16860000,12204
10,562,16860000,16860100,1885,3141,16890000,12225
10,563,16890000,16890100,1885,3141,16920000,12246
10,564,16920000,16920100,1885,3141,16950000,12269
10,565,16950000,16950100,1885,3141,16980000,12291
10,566,16980000,16980100,1885,3141,17010000,12312
10,567,17010000,17010100,1885,3141,17040000,12333
10,568,17040000,17040100,1885,3141,17070000,12354
10,569,17070000,17070100,1885,3141,17100000,12378
10,57,1710000,1710100,1885,3141,1740000,1254
10,570,17100000,17100100,1885,3141,17130000,12399
10,571,17130000,17130100,1885,3141,17160000,12421
10,572,17160000,17160100,1885,3141,17190000,12441
10,573,17190000,17190100,1885,3141,17220000,12464
10,574,17220000,17220100,1885,3141,17250000,12486
10,575,17250000,17250100,1885,3141,17280000,12508
10,576,17280000,17280100,1885,3141,17310000,12529
10,577,17310000,17310100,1885,3141,17340000,12551
10,578,17340000,17340100,1885,3141,17370000,12572
10,579,17370000,17370100,1885,3141,17400000,12595
10,58,1740000,1740100,1885,3141,1770000,1276
10,580,17400000,17400100,1885,3141,17430000,12615
10,581,17430000,17430100,1885,3141,17460000,12639
10,582,17460000,17460100,1885,3141,17490000,12658
10,583,17490000,17490100,1885,3141,17520000,12681
10,584,17520000,17520100,1885,3141,17550000,12703
10,585,17550000,17550100,1885,3141,17580000,12726
10,586,17580000,17580100,1885,3141,17610000,12747
10,587,17610000,17610100,1885,3141,17640000,12767
10,588,17640000,17640100,1885,3141,17670000,12789
10,589,17670000,17670100,1885,3141,17700000,12812
10,59,1770000,1770100,1885,3141,1800000,1298
10,590,17700000,17700100,1885,3141,17730000,12834
10,591,17730000,17730100,1885,3141,17760000,12855
10,592,17760000,17760100,1885,3141,17790000,12876
10,593,17790000,17790100,1885,3141,17820000,12898
10,594,17820000,17820100,1885,3141,17850000,12920
10,595,17850000,17850100,1885,3141,17880000,12943
10,596,17880000,17880100,1885,3141,17910000,12963
10,597,17910000,17910100,1885,3141,17940000,12986
10,598,17940000,17940100,1885,3141,17970000,13006
10,599,17970000,17970100,1885,3141,18000000,13030
10,6,180000,180100,1885,3141,210000,146
10,60,1800000,1800100,1885,3141,1830000,1320
10,600,18000000,18000100,1885,3141,18030000,13050
10,601,18030000,18030100,1885,3141,18060000,13073
10,602,18060000,18060100,1885,3141,18090000,13093
10,603,18090000,18090100,1885,3141,18120000,13115
10,604,18120000,18120100,1885,3141,18150000,13137
10,605,18150000,18150100,1885,3141,18180000,13160
10,606,18180000,18180100,1885,3141,18210000,13182
10,607,18210000,18210100,1885,3141,18240000,13202
10,608,18240000,18240100,1885,3141,18270000,13223
10,609,18270000,18270100,1885,3141,18300000,13247
10,61,1830000,1830100,1885,3141,1860000,1342
10,610,18300000,18300100,1885,3141,18330000,13268
10,611,18330000,18330100,1885,3141,18360000,13290
10,612,18360000,18360100,1885,3141,18390000,13310
10,613,18390000,18390100,1885,3141,18420000,13333
10,614,18420000,18420100,1885,3141,18450000,13355
10,615,18450000,18450100,1885,3141,18480000,13376
10,616,18480000,18480100,1885,3141,18510000,13398
10,617,18510000,18510100,1885,3141,18540000,13420
10,618,18540000,18540100,1885,3141,18570000,13441
10,619,18570000,18570100,1885,3141,18600000,13464
10,62,1860000,1860100,1885,3141,1890000,1362
10,620,18600000,18600100,1885,3141,18630000,13485
10,621,18630000,18630100,1885,3141,18660000,13508
10,622,18660000,18660100,1885,3141,18690000,13527
10,623,18690000,18690100,1885,3141,18720000,13550
10,624,18720000,18720100,1885,3141,18750000,13571
10,625,18750000,18750100,1885,3141,18780000,13595
10,626,18780000,18780100,1885,3141,18810000,13615
10,627,18810000,18810100,1885,3141,18840000,13637
10,628,18840000,18840100,1885,3141,18870000,13658
10,629,18870000,18870100,1885,3141,18900000,13681
10,63,1890000,1890100,1885,3141,1920000,1384
10,630,18900000,18900100,1885,3141,18930000,13703
10,631,18930000,18930100,1885,3141,18960000,13724
10,632,18960000,18960100,1885,3141,18990000,13745
10,633,18990000,18990100,1885,3141,19020000,13767
10,634,19020000,19020100,1885,3141,19050000,13790
10,635,19050000,19050100,1885,3141,19080000,13811
10,636,19080000,19080100,1885,3141,19110000,13832
10,637,19110000,19110100,1885,3141,19140000,13854
10,638,19140000,19140100,1885,3141,19170000,13875
10,639,19170000,19170100,1885,3141,19200000,13899
10,64,1920000,1920100,1885,3141,1950000,1406
10,640,19200000,19200100,1885,3141,19230000,13919
10,641,19230000,19230100,1885,3141,19260000,13943
10,642,19260000,19260100,1885,3141,19290000,13962
10,643,19290000,19290100,1885,3141,19320000,13984
10,644,19320000,19320100,1885,3141,19350000,14006
10,645,19350000,19350100,1885,3141,19380000,14029
10,646,19380000,19380100,1885,3141,19410000,14050
10,647,19410000,19410100,1885,3141,19440000,14071
10,648,19440000,19440100,1885,3141,19470000,14092
10,649,19470000,19470100,1885,3141,19500000,14116
10,65,1950000,1950100,1885,3141,1980000,1429
10,650,19500000,19500100,1885,3141,19530000,14137
10,651,19530000,19530100,1885,3141,19560000,14159
10,652,19560000,19560100,1885,3141,19590000,14179
10,653,19590000,19590100,1885,3141,19620000,14202
10,654,19620000,19620100,1885,3141,19650000,14224
10,655,19650000,19650100,1885,3141,19680000,14246
10,656,19680000,19680100,1885,3141,19710000,14267
10,657,19710000,19710100,1885,3141,19740000,14288
10,658,19740000,19740100,1885,3141,19770000,14310
10,659,19770000,19770100,1885,3141,19800000,14332
10,66,1980000,1980100,1885,3141,2010000,1450
10,660,19800000,19800100,1885,3141,19830000,14354
10,661,19830000,19830100,1885,3141,19860000,14377
10,662,19860000,19860100,1885,3141,19890000,14397
10,663,19890000,19890100,1885,3141,19920000,14419
10,664,19920000,19920100,1885,3141,19950000,14440
10,665,19950000,19950100,1885,3141,19980000,14464
10,666,19980000,19980100,1885,3141,20010000,14484
10,667,20010000,20010100,1885,3141,20040000,14506
10,668,20040000,20040100,1885,3141,20070000,14526
10,669,20070000,20070100,1885,3141,20100000,14551
10,67,2010000,2010100,1885,3141,2040000,1472
10,670,20100000,20100100,1885,3141,20130000,14571
10,671,20130000,20130100,1885,3141,20160000,14593
10,672,20160000,20160100,1885,3141,20190000,14614
10,673,20190000,20190100,1885,3141,20220000,14636
10,674,20220000,20220100,1885,3141,20250000,14659
10,675,20250000,20250100,1885,3141,20280000,14680
10,676,20280000,20280100,1885,3141,20310000,14702
10,677,20310000,20310100,1885,3141,20340000,14723
10,678,20340000,20340100,1885,3141,20370000,14744
10,679,20370000,20370100,1885,3141,20400000,14767
10,68,2040000,2040100,1885,3141,2070000,1492
10,680,20400000,20400100,1885,3141,20430000,14788
10,681,20430000,20430100,1885,3141,20460000,14811
10,682,20460000,20460100,1885,3141,20490000,14831
10,683,20490000,20490100,1885,3141,20520000,14854
10,684,20520000,20520100,1885,3141,20550000,14875
10,685,20550000,20550100,1885,3141,20580000,14898
10,686,20580000,20580100,1885,3141,20610000,14919
10,687,20610000,20610100,1885,3141,20640000,14940
10,688,20640000,20640100,1885,3141,20670000,14961
10,689,20670000,20670100,1885,3141,20700000,14985
10,69,2070000,2070100,1885,3141,2100000,1516
10,690,20700000,20700100,1885,3141,20730000,15006
10,691,20730000,20730100,1885,3141,20760000,15028
10,692,20760000,20760100,1885,3141,20790000,15047
10,693,20790000,20790100,1885,3141,20820000,15071
10,694,20820000,20820100,1885,3141,20850000,15093
10,695,20850000,20850100,1885,3141,20880000,15115
10,696,20880000,20880100,1885,3141,20910000,15136
10,697,20910000,20910100,1885,3141,20940000,15158
10,698,20940000,20940100,1885,3141,20970000,15179
10,699,20970000,20970100,1885,3141,21000000,15201
10,7,210000,210100,1885,3141,240000,168
10,70,2100000,2100100,1885,3141,2130000,1537
10,700,21000000,21000100,1885,3141,21030000,15223
10,701,21030000,21030100,1885,3141,21060000,15245
10,702,21060000,21060100,1885,3141,21090000,15266
10,703,21090000,21090100,1885,3141,21120000,15287
10,704,21120000,21120100,1885,3141,21150000,15310
10,705,21150000,21150100,1885,3141,21180000,15333
10,706,21180000,21180100,1885,3141,21210000,15353
10,707,21210000,21210100,1885,3141,21240000,15375
10,708,21240000,21240100,1885,3141,21270000,15395
10,709,21270000,21270100,1885,3141,21300000,15420
10,71,2130000,2130100,1885,3141,2160000,1559
10,710,21300000,21300100,1885,3141,21330000,15440
10,711,21330000,21330100,1885,3141,21360000,15463
10,712,21360000,21360100,1885,3141,21390000,15482
10,713,21390000,21390100,1885,3141,21420000,15505
10,714,21420000,21420100,1885,3141,21450000,15527
10,715,21450000,21450100,1885,3141,21480000,15549
10,716,21480000,21480100,1885,3141,21510000,15571
10,717,21510000,21510100,1885,3141,21540000,15592
10,718,21540000,21540100,1885,3141,21570000,15614
10,719,21570000,21570100,1885,3141,21600000,15636
10,72,2160000,2160100,1885,3141,2190000,1579
10,720,21600000,21600100,1885,3141,21630000,15657
10,721,21630000,21630100,1885,3141,21660000,15680
10,722,21660000,21660100,1885,3141,21690000,15700
10,723,21690000,21690100,1885,3141,21720000,15722
10,724,21720000,21720100,1885,3141,21750000,15744
10,725,21750000,21750100,1885,3141,21780000,15767
10,726,21780000,21780100,1885,3141,21810000,15788
10,727,21810000,21810100,1885,3141,21840000,15809
10,728,21840000,21840100,1885,3141,21870000,15830
10,729,21870000,21870100,1885,3141,21900000,15854
10,73,2190000,2190100,1885,3141,2220000,1602
10,730,21900000,21900100,1885,3141,21930000,15875
10,731,21930000,21930100,1885,3141,21960000,15897
10,732,21960000,21960100,1885,3141,21990000,15917
10,733,21990000,21990100,1885,3141,22020000,15940
10,734,22020000,22020100,1885,3141,22050000,15961
10,735,22050000,22050100,1885,3141,22080000,15984
10,736,22080000,22080100,1885,3141,22110000,16004
10,737,22110000,22110100,1885,3141,22140000,16027
10,738,22140000,22140100,1885,3141,22170000,16048
10,739,22170000,22170100,1885,3141,22200000,16071
10,74,2220000,2220100,1885,3141,2250000,1624
10,740,22200000,22200100,1885,3141,22230000,16092
10,741,22230000,22230100,1885,3141,22260000,16114
10,742,22260000,22260100,1885,3141,22290000,16135
10,743,22290000,22290100,1885,3141,22320000,16156
10,744,22320000,22320100,1885,3141,22350000,16179
10,745,22350000,22350100,1885,3141,22380000,16201
10,746,22380000,22380100,1885,3141,22410000,16223
10,747,22410000,22410100,1885,3141,22440000,16243
10,748,22440000,22440100,1885,3141,22470000,16264
10,749,22470000,22470100,1885,3141,22500000,16289
10,75,2250000,2250100,1885,3141,2280000,1646
10,750,22500000,22500100,1885,3141,22530000,16309
10,751,22530000,22530100,1885,3141,22560000,16332
10,752,22560000,22560100,1885,3141,22590000,16351
10,753,22590000,22590100,1885,3141,22620000,16375
10,754,22620000,22620100,1885,3141,22650000,16396
10,755,22650000,22650100,1885,3141,22680000,16418
10,756,22680000,22680100,1885,3141,22710000,16439
10,757,22710000,22710100,1885,3141,22740000,16461
10,758,22740000,22740100,1885,3141,22770000,16482
10,759,22770000,22770100,1885,3141,22800000,16505
10,76,2280000,2280100,1885,3141,2310000,1666
10,760,22800000,22800100,1885,3141,22830000,16527
10,761,22830000,22830100,1885,3141,22860000,16549
10,762,22860000,22860100,1885,3141,22890000,16569
10,763,22890000,22890100,1885,3141,22920000,16591
10,764,22920000,22920100,1885,3141,22950000,16613
10,765,22950000,22950100,1885,3141,22980000,16636
10,766,22980000,22980100,1885,3141,23010000,16657
10,767,23010000,23010100,1885,3141,23040000,16678
10,768,23040000,23040100,1885,3141,23070000,16699
10,769,23070000,23070100,1885,3141,23100000,16722
10,77,2310000,2310100,1885,3141,2340000,1689
10,770,23100000,23100100,1885,3141,23130000,16744
10,771,23130000,23130100,1885,3141,23160000,16766
10,772,23160000,23160100,1885,3141,23190000,16786
10,773,23190000,23190100,1885,3141,23220000,16809
10,774,23220000,23220100,1885,3141,23250000,16831
10,775,23250000,23250100,1885,3141,23280000,16853
10,776,23280000,23280100,1885,3141,23310000,16873
10,777,23310000,23310100,1885,3141,23340000,16896
10,778,23340000,23340100,1885,3141,23370000,16916
10,779,23370000,23370100,1885,3141,23400000,16940
10,78,2340000,2340100,1885,3141,2370000,1710
10,780,23400000,23400100,1885,3141,23430000,16960
10,781,23430000,23430100,1885,3141,23460000,16984
10,782,23460000,23460100,1885,3141,23490000,17004
10,783,23490000,23490100,1885,3141,23520000,17025
10,784,23520000,23520100,1885,3141,23550000,17048
10,785,23550000,23550100,1885,3141,23580000,17070
10,786,23580000,23580100,1885,3141,23610000,17092
10,787,23610000,23610100,1885,3141,23640000,17112
10,788,23640000,23640100,1885,3141,23670000,17134
10,789,23670000,23670100,1885,3141,23700000,17157
10,79,2370000,2370100,1885,3141,2400000,1733
10,790,23700000,23700100,1885,3141,23730000,17178
10,791,23730000,23730100,1885,3141,23760000,17200
10,792,23760000,23760100,1885,3141,23790000,17220
10,793,23790000,23790100,1885,3141,23820000,17244
10,794,23820000,23820100,1885,3141,23850000,17265
10,795,23850000,23850100,1885,3141,23880000,17288
10,796,23880000,23880100,1885,3141,23910000,17308
10,797,23910000,23910100,1885,3141,23940000,17330
10,798,23940000,23940100,1885,3141,23970000,17351
10,799,23970000,23970100,1885,3141,24000000,17374
10,8,240000,240100,1885,3141,270000,188
10,80,2400000,2400100,1885,3141,2430000,1754
10,800,24000000,24000100,1885,3141,24030000,17395
10,801,24030000,24030100,1885,3141,24060000,17418
10,802,24060000,24060100,1885,3141,24090000,17438
10,803,24090000,24090100,1885,3141,24120000,17460
10,804,24120000,24120100,1885,3141,24150000,17482
10,805,24150000,24150100,1885,3141,24180000,17505
10,806,24180000,24180100,1885,3141,24210000,17526
10,807,24210000,24210100,1885,3141,24240000,17547
10,808,24240000,24240100,1885,3141,24270000,17568
10,809,24270000,24270100,1885,3141,24300000,17592
10,81,2430000,2430100,1885,3141,2460000,1777
10,810,24300000,24300100,1885,3141,24330000,17613
10,811,24330000,24330100,1885,3141,24360000,17634
10,812,24360000,24360100,1885,3141,24390000,17655
10,813,24390000,24390100,1885,3141,24420000,17677
10,814,24420000,24420100,1885,3141,24450000,17700
10,815,24450000,24450100,1885,3141,24480000,17722
10,816,24480000,24480100,1885,3141,24510000,17743
10,817,24510000,24510100,1885,3141,24540000,17765
10,818,24540000,24540100,1885,3141,24570000,17785
10,819,24570000,24570100,1885,3141,24600000,17809
10,82,2460000,2460100,1885,3141,2490000,1797
10,820,24600000,24600100,1885,3141,24630000,17829
10,821,24630000,24630100,1885,3141,24660000,17853
10,822,24660000,24660100,1885,3141,24690000,17872
10,823,24690000,24690100,1885,3141,24720000,17895
10,824,24720000,24720100,1885,3141,24750000,17916
10,825,24750000,24750100,1885,3141,24780000,17939
10,826,24780000,24780100,1885,3141,24810000,17961
10,827,24810000,24810100,1885,3141,24840000,17981
10,828,24840000,24840100,1885,3141,24870000,18003
10,829,24870000,24870100,1885,3141,24900000,18026
10,83,2490000,2490100,1885,3141,2520000,1818
10,830,24900000,24900100,1885,3141,24930000,18048
10,831,24930000,24930100,1885,3141,24960000,18069
10,832,24960000,24960100,1885,3141,24990000,18089
10,833,24990000,24990100,1885,3141,25020000,18112
10,834,25020000,25020100,1885,3141,25050000,18134
10,835,25050000,25050100,1885,3141,25080000,18156
10,836,25080000,25080100,1885,3141,25110000,18177
10,837,25110000,25110100,1885,3141,25140000,18200
10,838,25140000,25140100,1885,3141,25170000,18220
10,839,25170000,25170100,1885,3141,25200000,18243
10,84,2520000,2520100,1885,3141,2550000,1841
10,840,25200000,25200100,1885,3141,25230000,18264
10,841,25230000,25230100,1885,3141,25260000,18287
10,842,25260000,25260100,1885,3141,25290000,18307
10,843,25290000,25290100,1885,3141,25320000,18329
10,844,25320000,25320100,1885,3141,25350000,18351
10,845,25350000,25350100,1885,3141,25380000,18374
10,846,25380000,25380100,1885,3141,25410000,18394
10,847,25410000,25410100,1885,3141,25440000,18416
10,848,25440000,25440100,1885,3141,25470000,18437
10,849,25470000,25470100,1885,3141,25500000,18461
10,85,2550000,2550100,1885,3141,2580000,1863
10,850,25500000,25500100,1885,3141,25530000,18482
10,851,25530000,25530100,1885,3141,25560000,18504
10,852,25560000,25560100,1885,3141,25590000,18524
10,853,25590000,25590100,1885,3141,25620000,18546
10,854,25620000,25620100,1885,3141,25650000,18569
10,855,25650000,25650100,1885,3141,25680000,18590
10,856,25680000,25680100,1885,3141,25710000,18612
10,857,25710000,25710100,1885,3141,25740000,18633
10,858,25740000,25740100,1885,3141,25770000,18655
10,859,25770000,25770100,1885,3141,25800000,18678
10,86,2580000,2580100,1885,3141,2610000,1885
10,860,25800000,25800100,1885,3141,25830000,18698
10,861,25830000,25830100,1885,3141,25860000,18722
10,862,25860000,25860100,1885,3141,25890000,18741
10,863,25890000,25890100,1885,3141,25920000,18764
10,864,25920000,25920100,1885,3141,25950000,18785
10,865,25950000,25950100,1885,3141,25980000,18809
10,866,25980000,25980100,1885,3141,26010000,18829
10,867,26010000,26010100,1885,3141,26040000,18850
10,868,26040000,26040100,1885,3141,26070000,18871
10,869,26070000,26070100,1885,3141,26100000,18895
10,87,2610000,2610100,1885,3141,2640000,1905
10,870,26100000,26100100,1885,3141,26130000,18917
10,871,26130000,26130100,1885,3141,26160000,18938
10,872,26160000,26160100,1885,3141,26190000,18959
10,873,26190000,26190100,1885,3141,26220000,18981
10,874,26220000,26220100,1885,3141,26250000,19003
10,875,26250000,26250100,1885,3141,26280000,19025
10,876,26280000,26280100,1885,3141,26310000,19046
10,877,26310000,26310100,1885,3141,26340000,19068
10,878,26340000,26340100,1885,3141,26370000,19089
10,879,26370000,26370100,1885,3141,26400000,19112
10,88,2640000,2640100,1885,3141,2670000,1927
10,880,26400000,26400100,1885,3141,26430000,19133
10,881,26430000,26430100,1885,3141,26460000,19156
10,882,26460000,26460100,1885,3141,26490000,19176
10,883,26490000,26490100,1885,3141,26520000,19198
10,884,26520000,26520100,1885,3141,26550000,19220
10,885,26550000,26550100,1885,3141,26580000,19243
10,886,26580000,26580100,1885,3141,26610000,19264
10,887,26610000,26610100,1885,3141,26640000,19285
10,888,26640000,26640100,1885,3141,26670000,19305
10,889,26670000,26670100,1885,3141,26700000,19330
10,89,2670000,2670100,1885,3141,2700000,1951
10,890,26700000,26700100,1885,3141,26730000,19350
10,891,26730000,26730100,1885,3141,26760000,19373
10,892,26760000,26760100,1885,3141,26790000,19393
10,893,26790000,26790100,1885,3141,26820000,19416
10,894,26820000,26820100,1885,3141,26850000,19438
10,895,26850000,26850100,1885,3141,26880000,19459
10,896,26880000,26880100,1885,3141,26910000,19481
10,897,26910000,26910100,1885,3141,26940000,19502
10,898,26940000,26940100,1885,3141,26970000,19524
10,899,26970000,26970100,1885,3141,27000000,19546
10,9,270000,270100,1885,3141,300000,213
10,90,2700000,2700100,1885,3141,2730000,1971
10,900,27000000,27000100,1885,3141,27030000,19568
10,901,27030000,27030100,1885,3141,27060000,19590
10,902,27060000,27060100,1885,3141,27090000,19610
10,903,27090000,27090100,1885,3141,27120000,19633
10,904,27120000,27120100,1885,3141,27150000,19654
10,905,27150000,27150100,1885,3141,27180000,19678
10,906,27180000,27180100,1885,3141,27210000,19698
10,907,27210000,27210100,1885,3141,27240000,19720
10,908,27240000,27240100,1885,3141,27270000,19740
10,909,27270000,27270100,1885,3141,27300000,19764
10,91,2730000,2730100,1885,3141,2760000,1994
10,910,27300000,27300100,1885,3141,27330000,19785
10,911,27330000,27330100,1885,3141,27360000,19807
10,912,27360000,27360100,1885,3141,27390000,19827
10,913,27390000,27390100,1885,3141,27420000,19850
10,914,27420000,27420100,1885,3141,27450000,19873
10,915,27450000,27450100,1885,3141,27480000,19894
10,916,27480000,27480100,1885,3141,27510000,19915
10,917,27510000,27510100,1885,3141,27540000,19937
10,918,27540000,27540100,1885,3141,27570000,19958
10,919,27570000,27570100,1885,3141,27600000,19981
10,92,2760000,2760100,1885,3141,2790000,2013
10,920,27600000,27600100,1885,3141,27630000,20002
10,921,27630000,27630100,1885,3141,27660000,20025
10,922,27660000,27660100,1885,3141,27690000,20045
10,923,27690000,27690100,1885,3141,27720000,20066
10,924,27720000,27720100,1885,3141,27750000,20089
10,925,27750000,27750100,1885,3141,27780000,20112
10,926,27780000,27780100,1885,3141,27810000,20133
10,927,27810000,27810100,1885,3141,27840000,20154
10,928,27840000,27840100,1885,3141,27870000,20175
10,929,27870000,27870100,1885,3141,27900000,20199
10,93,2790000,2790100,1885,3141,2820000,2037
10,930,27900000,27900100,1885,3141,27930000,20219
10,931,27930000,27930100,1885,3141,27960000,20242
10,932,27960000,27960100,1885,3141,27990000,20261
10,933,27990000,27990100,1885,3141,28020000,20285
10,934,28020000,28020100,1885,3141,28050000,20306
10,935,28050000,28050100,1885,3141,28080000,20329
10,936,28080000,28080100,1885,3141,28110000,20350
10,937,28110000,28110100,1885,3141,28140000,20371
10,938,28140000,28140100,1885,3141,28170000,20393
10,939,28170000,28170100,1885,3141,28200000,20415
10,94,2820000,2820100,1885,3141,2850000,2058
10,940,28200000,28200100,1885,3141,28230000,20437
10,941,28230000,28230100,1885,3141,28260000,20459
10,942,28260000,28260100,1885,3141,28290000,20480
10,943,28290000,28290100,1885,3141,28320000,20501
10,944,28320000,28320100,1885,3141,28350000,20523
10,945,28350000,28350100,1885,3141,28380000,20546
10,946,28380000,28380100,1885,3141,28410000,20567
10,947,28410000,28410100,1885,3141,28440000,20589
10,948,28440000,28440100,1885,3141,28470000,20609
10,949,28470000,28470100,1885,3141,28500000,20634
10,95,2850000,2850100,1885,3141,2880000,2081
10,950,28500000,28500100,1885,3141,28530000,20654
10,951,28530000,28530100,1885,3141,28560000,20676
10,952,28560000,28560100,1885,3141,28590000,20696
10,953,28590000,28590100,1885,3141,28620000,20719
10,954,28620000,28620100,1885,3141,28650000,20741
10,955,28650000,28650100,1885,3141,28680000,20763
10,956,28680000,28680100,1885,3141,28710000,20784
10,957,28710000,28710100,1885,3141,28740000,20806
10,958,28740000,28740100,1885,3141,28770000,20827
10,959,28770000,28770100,1885,3141,28800000,20850
10,96,2880000,2880100,1885,3141,2910000,2101
10,960,28800000,28800100,1885,3141,28830000,20871
10,961,28830000,28830100,1885,3141,28860000,20894
10,962,28860000,28860100,1885,3141,28890000,20914
10,963,28890000,28890100,1885,3141,28920000,20936
10,964,28920000,28920100,1885,3141,28950000,20958
10,965,28950000,28950100,1885,3141,28980000,20980
10,966,28980000,28980100,1885,3141,29010000,21002
10,967,29010000,29010100,1885,3141,29040000,21022
10,968,29040000,29040100,1885,3141,29070000,21044
10,969,29070000,29070100,1885,3141,29100000,21068
10,97,2910000,2910100,1885,3141,2940000,2123
10,970,29100000,29100100,1885,3141,29130000,21089
10,971,29130000,29130100,1885,3141,29160000,21111
10,972,29160000,29160100,1885,3141,29190000,21130
10,973,29190000,29190100,1885,3141,29220000,21154
10,974,29220000,29220100,1885,3141,29250000,21175
10,975,29250000,29250100,1885,3141,29280000,21198
10,976,29280000,29280100,1885,3141,29310000,21218
10,977,29310000,29310100,1885,3141,29340000,21241
10,978,29340000,29340100,1885,3141,29370000,21261
10,979,29370000,29370100,1885,3141,29400000,21284
10,98,2940000,2940100,1885,3141,2970000,2144
10,980,29400000,29400100,1885,3141,29430000,21306
10,981,29430000,29430100,1885,3141,29460000,21328
10,982,29460000,29460100,1885,3141,29490000,21349
10,983,29490000,29490100,1885,3141,29520000,21370
10,984,29520000,29520100,1885,3141,29550000,21393
10,985,29550000,29550100,1885,3141,29580000,21415
10,986,29580000,29580100,1885,3141,29610000,21436
10,987,29610000,29610100,1885,3141,29640000,21457
10,988,29640000,29640100,1885,3141,29670000,21478
10,989,29670000,29670100,1885,3141,29700000,21502
10,99,2970000,2970100,1885,3141,3000000,2167
10,990,29700000,29700100,1885,3141,29730000,21523
10,991,29730000,29730100,1885,3141,29760000,21546
10,992,29760000,29760100,1885,3141,29790000,21565
10,993,29790000,29790100,1885,3141,29820000,21588
10,994,29820000,29820100,1885,3141,29850000,21610
10,995,29850000,29850100,1885,3141,29880000,21632
10,996,29880000,29880100,1885,3141,29910000,21653
10,997,29910000,29910100,1885,3141,29940000,21675
10,998,29940000,29940100,1885,3141,29970000,21696
10,999,29970000,29970100,1885,3141,30000000,21719
11,0,0,100,7068,11779,30000,17
11,1,30000,30100,7068,11779,60000,40
11,10,300000,300100,7068,11779,330000,234
11,100,3000000,3000100,7068,11779,3030000,2190
11,1000,30000000,30000100,7068,11779,30030000,21740
11,1001,30030000,30030100,7068,11779,30060000,21764
11,1002,30060000,30060100,7068,11779,30090000,21784
11,1003,30090000,30090100,7068,11779,30120000,21806
11,1004,30120000,30120100,7068,11779,30150000,21828
11,1005,30150000,30150100,7068,11779,30180000,21851
11,1006,30180000,30180100,7068,11779,30210000,21872
11,1007,30210000,30210100,7068,11779,30240000,21892
11,1008,30240000,30240100,7068,11779,30270000,21914
11,1009,30270000,30270100,7068,11779,30300000,21937
11,101,3030000,3030100,7068,11779,3060000,2212
11,1010,30300000,30300100,7068,11779,30330000,21959
11,1011,30330000,30330100,7068,11779,30360000,21980
11,1012,30360000,30360100,7068,11779,30390000,22001
11,1013,30390000,30390100,7068,11779,30420000,22024
11,1014,30420000,30420100,7068,11779,30450000,22045
11,1015,30450000,30450100,7068,11779,30480000,22068
11,1016,30480000,30480100,7068,11779,30510000,22088
11,1017,30510000,30510100,7068,11779,30540000,22111
11,1018,30540000,30540100,7068,11779,30570000,22131
11,1019,30570000,30570100,7068,11779,30600000,22155
11,102,3060000,3060100,7068,11779,3090000,2233
11,1020,30600000,30600100,7068,11779,30630000,22175
11,1021,30630000,30630100,7068,11779,30660000,22198
11,1022,30660000,30660100,7068,11779,30690000,22218
11,1023,30690000,30690100,7068,11779,30720000,22240
11,1024,30720000,30720100,7068,11779,30750000,22263
11,1025,30750000,30750100,7068,11779,30780000,22285
11,1026,30780000,30780100,7068,11779,30810000,22307
11,1027,30810000,30810100,7068,11779,30840000,22327
11,1028,30840000,30840100,7068,11779,30870000,22348
11,1029,30870000,30870100,7068,11779,30900000,22372
11,103,3090000,3090100,7068,11779,3120000,2254
11,1030,30900000,30900100,7068,11779,30930000,22393
11,1031,30930000,30930100,7068,11779,30960000,22415
11,1032,30960000,30960100,7068,11779,30990000,22435
11,1033,30990000,30990100,7068,11779,31020000,22458
11,1034,31020000,31020100,7068,11779,31050000,22480
11,1035,31050000,31050100,7068,11779,31080000,22502
11,1036,31080000,31080100,7068,11779,31110000,22523
11,1037,31110000,31110100,7068,11779,31140000,22545
11,1038,31140000,31140100,7068,11779,31170000,22566
11,1039,31170000,31170100,7068,11779,31200000,22589
11,104,3120000,3120100,7068,11779,3150000,2276
11,1040,31200000,31200100,7068,11779,31230000,22610
11,1041,31230000,31230100,7068,11779,31260000,22633
11,1042,31260000,31260100,7068,11779,31290000,22652
11,1043,31290000,31290100,7068,11779,31320000,22675
11,1044,31320000,31320100,7068,11779,31350000,22696
11,1045,31350000,31350100,7068,11779,31380000,22720
11,1046,31380000,31380100,7068,11779,31410000,22741
11,1047,31410000,31410100,7068,11779,31440000,22762
11,1048,31440000,31440100,7068,11779,31470000,22783
11,1049,31470000,31470100,7068,11779,31500000,22806
11,105,3150000,3150100,7068,11779,3180000,2299
11,1050,31500000,31500100,7068,11779,31530000,22828
11,1051,31530000,31530100,7068,11779,31560000,22849
11,1052,31560000,31560100,7068,11779,31590000,22870
11,1053,31590000,31590100,7068,11779,31620000,22892
11,1054,31620000,31620100,7068,11779,31650000,22915
11,1055,31650000,31650100,7068,11779,31680000,22936
11,1056,31680000,31680100,7068,11779,31710000,22957
11,1057,31710000,31710100,7068,11779,31740000,22980
11,1058,31740000,31740100,7068,11779,31770000,23000
11,1059,31770000,31770100,7068,11779,31800000,23024
11,106,3180000,3180100,7068,11779,3210000,2320
11,1060,31800000,31800100,7068,11779,31830000,23044
11,1061,31830000,31830100,7068,11779,31860000,23068
11,1062,31860000,31860100,7068,11779,31890000,23087
11,1063,31890000,31890100,7068,11779,31920000,23109
11,1064,31920000,31920100,7068,11779,31950000,23131
11,1065,31950000,31950100,7068,11779,31980000,23154
11,1066,31980000,31980100,7068,11779,32010000,23175
11,1067,32010000,32010100,7068,11779,32040000,23196
11,1068,32040000,32040100,7068,11779,32070000,23218
11,1069,32070000,32070100,7068,11779,32100000,23241
11,107,3210000,3210100,7068,11779,3240000,2341
11,1070,32100000,32100100,7068,11779,32130000,23262
11,1071,32130000,32130100,7068,11779,32160000,23284
11,1072,32160000,32160100,7068,11779,32190000,23304
11,1073,32190000,32190100,7068,11779,32220000,23327
11,1074,32220000,32220100,7068,11779,32250000,23349
11,1075,32250000,32250100,7068,11779,32280000,23371
11,1076,32280000,32280100,7068,11779,32310000,23392
11,1077,32310000,32310100,7068,11779,32340000,23413
11,1078,32340000,32340100,7068,11779,32370000,23435
11,1079,32370000,32370100,7068,11779,32400000,23458
11,108,3240000,3240100,7068,11779,3270000,2362
11,1080,32400000,32400100,7068,11779,32430000,23479
11,1081,32430000,32430100,7068,11779,32460000,23502
11,1082,32460000,32460100,7068,11779,32490000,23522
11,1083,32490000,32490100,7068,11779,32520000,23544
11,1084,32520000,32520100,7068,11779,32550000,23565
11,1085,32550000,32550100,7068,11779,32580000,23589
11,1086,32580000,32580100,7068,11779,32610000,23609
11,1087,32610000,32610100,7068,11779,32640000,23631
11,1088,32640000,32640100,7068,11779,32670000,23651
11,1089,32670000,32670100,7068,11779,32700000,23676
11,109,3270000,3270100,7068,11779,3300000,2386
11,1090,32700000,32700100,7068,11779,32730000,23697
11,1091,32730000,32730100,7068,11779,32760000,23718
11,1092,32760000,32760100,7068,11779,32790000,23739
11,1093,32790000,32790100,7068,11779,32820000,23761
11,1094,32820000,32820100,7068,11779,32850000,23784
11,1095,32850000,32850100,7068,11779,32880000,23805
11,1096,32880000,32880100,7068,11779,32910000,23827
11,1097,32910000,32910100,7068,11779,32940000,23848
11,1098,32940000,32940100,7068,11779,32970000,23869
11,1099,32970000,32970100,7068,11779,33000000,23892
11,11,330000,330100,7068,11779,360000,257
11,110,3300000,3300100,7068,11779,3330000,2407
11,1100,33000000,33000100,7068,11779,33030000,23913
11,1101,33030000,33030100,7068,11779,33060000,23937
11,1102,33060000,33060100,7068,11779,33090000,23956
11,1103,33090000,33090100,7068,11779,33120000,23979
11,1104,33120000,33120100,7068,11779,33150000,24000
11,1105,33150000,33150100,7068,11779,33180000,24023
11,1106,33180000,33180100,7068,11779,33210000,24044
11,1107,33210000,33210100,7068,11779,33240000,24065
11,1108,33240000,33240100,7068,11779,33270000,24086
11,1109,33270000,33270100,7068,11779,33300000,24110
11,111,3330000,3330100,7068,11779,3360000,2429
11,1110,33300000,33300100,7068,11779,33330000,24131
11,1111,33330000,33330100,7068,11779,33360000,24153
11,1112,33360000,33360100,7068,11779,33390000,24173
11,1113,33390000,33390100,7068,11779,33420000,24196
11,1114,33420000,33420100,7068,11779,33450000,24218
11,1115,33450000,33450100,7068,11779,33480000,24240
11,1116,33480000,33480100,7068,11779,33510000,24261
11,1117,33510000,33510100,7068,11779,33540000,24283
11,1118,33540000,33540100,7068,11779,33570000,24304
11,1119,33570000,33570100,7068,11779,33600000,24326
11,112,3360000,3360100,7068,11779,3390000,2449
11,1120,33600000,33600100,7068,11779,33630000,24348
11,1121,33630000,33630100,7068,11779,33660000,24370
11,1122,33660000,33660100,7068,11779,33690000,24391
11,1123,33690000,33690100,7068,11779,33720000,24413
11,1124,33720000,33720100,7068,11779,33750000,24435
11,1125,33750000,33750100,7068,11779,33780000,24458
11,1126,33780000,33780100,7068,11779,33810000,24478
11,1127,33810000,33810100,7068,11779,33840000,24500
11,1128,33840000,33840100,7068,11779,33870000,24520
11,1129,33870000,33870100,7068,11779,33900000,24545
11,113,3390000,3390100,7068,11779,3420000,2472
11,1130,33900000,33900100,7068,11779,33930000,24565
11,1131,33930000,33930100,7068,11779,33960000,24588
11,1132,33960000,33960100,7068,11779,33990000,24607
11,1133,33990000,33990100,7068,11779,34020000,24630
11,1134,34020000,34020100,7068,11779,34050000,24653
11,1135,34050000,34050100,7068,11779,34080000,24674
11,1136,34080000,34080100,7068,11779,34110000,24696
11,1137,34110000,34110100,7068,11779,34140000,24717
11,1138,34140000,34140100,7068,11779,34170000,24739
11,1139,34170000,34170100,7068,11779,34200000,24761
11,114,3420000,3420100,7068,11779,3450000,2494
11,1140,34200000,34200100,7068,11779,34230000,24782
11,1141,34230000,34230100,7068,11779,34260000,24805
11,1142,34260000,34260100,7068,11779,34290000,24825
11,1143,34290000,34290100,7068,11779,34320000,24847
11,1144,34320000,34320100,7068,11779,34350000,24869
11,1145,34350000,34350100,7068,11779,34380000,24893
11,1146,34380000,34380100,7068,11779,34410000,24913
11,1147,34410000,34410100,7068,11779,34440000,24934
11,1148,34440000,34440100,7068,11779,34470000,24955
11,1149,34470000,34470100,7068,11779,34500000,24979
11,115,3450000,3450100,7068,11779,3480000,2516
11,1150,34500000,34500100,7068,11779,34530000,25000
11,1151,34530000,34530100,7068,11779,34560000,25022
11,1152,34560000,34560100,7068,11779,34590000,25042
11,1153,34590000,34590100,7068,11779,34620000,25065
11,1154,34620000,34620100,7068,11779,34650000,25086
11,1155,34650000,34650100,7068,11779,34680000,25109
11,1156,34680000,34680100,7068,11779,34710000,25130
11,1157,34710000,34710100,7068,11779,34740000,25152
11,1158,34740000,34740100,7068,11779,34770000,25173
11,1159,34770000,34770100,7068,11779,34800000,25196
11,116,3480000,3480100,7068,11779,3510000,2537
11,1160,34800000,34800100,7068,11779,34830000,25217
11,1161,34830000,34830100,7068,11779,34860000,25239
11,1162,34860000,34860100,7068,11779,34890000,25260
11,1163,34890000,34890100,7068,11779,34920000,25281
11,1164,34920000,34920100,7068,11779,34950000,25304
11,1165,34950000,34950100,7068,11779,34980000,25326
11,1166,34980000,34980100,7068,11779,35010000,25348
11,1167,35010000,35010100,7068,11779,35040000,25369
11,1168,35040000,35040100,7068,11779,35070000,25389
11,1169,35070000,35070100,7068,11779,35100000,25414
11,117,3510000,3510100,7068,11779,3540000,2559
11,1170,35100000,35100100,7068,11779,35130000,25434
11,1171,35130000,35130100,7068,11779,35160000,25457
11,1172,35160000,35160100,7068,11779,35190000,25476
11,1173,35190000,35190100,7068,11779,35220000,25500
11,1174,35220000,35220100,7068,11779,35250000,25521
11,1175,35250000,35250100,7068,11779,35280000,25543
11,1176,35280000,35280100,7068,11779,35310000,25564
11,1177,35310000,35310100,7068,11779,35340000,25586
11,1178,35340000,35340100,7068,11779,35370000,25608
11,1179,35370000,35370100,7068,11779,35400000,25630
11,118,3540000,3540100,7068,11779,3570000,2579
11,1180,35400000,35400100,7068,11779,35430000,25652
11,1181,35430000,35430100,7068,11779,35460000,25674
11,1182,35460000,35460100,7068,11779,35490000,25694
11,1183,35490000,35490100,7068,11779,35520000,25716
11,1184,35520000,35520100,7068,11779,35550000,25738
11,1185,35550000,35550100,7068,11779,35580000,25761
11,1186,35580000,35580100,7068,11779,35610000,25782
11,1187,35610000,35610100,7068,11779,35640000,25803
11,1188,35640000,35640100,7068,11779,35670000,25824
11,1189,35670000,35670100,7068,11779,35700000,25848
11,119,3570000,3570100,7068,11779,3600000,2603
11,1190,35700000,35700100,7068,11779,35730000,25869
11,1191,35730000,35730100,7068,11779,35760000,25891
11,1192,35760000,35760100,7068,11779,35790000,25911
11,1193,35790000,35790100,7068,11779,35820000,25934
11,1194,35820000,35820100,7068,11779,35850000,25956
11,1195,35850000,35850100,7068,11779,35880000,25978
11,1196,35880000,35880100,7068,11779,35910000,25998
11,1197,35910000,35910100,7068,11779,35940000,26021
11,1198,35940000,35940100,7068,11779,35970000,26041
11,1199,35970000,35970100,7068,11779,36000000,26065
11,12,360000,360100,7068,11779,390000,277
11,120,3600000,3600100,7068,11779,3630000,2623
11,1200,36000000,36000100,7068,11779,36030000,26086
11,1201,36030000,36030100,7068,11779,36060000,26109
11,1202,36060000,36060100,7068,11779,36090000,26129
11,1203,36090000,36090100,7068,11779,36120000,26150
11,1204,36120000,36120100,7068,11779,36150000,26173
11,1205,36150000,36150100,7068,11779,36180000,26195
11,1206,36180000,36180100,7068,11779,36210000,26217
11,1207,36210000,36210100,7068,11779,36240000,26237
11,1208,36240000,36240100,7068,11779,36270000,26259
11,1209,36270000,36270100,7068,11779,36300000,26282
11,121,3630000,3630100,7068,11779,3660000,2647
11,1210,36300000,36300100,7068,11779,36330000,26303
11,1211,36330000,36330100,7068,11779,36360000,26326
11,1212,36360000,36360100,7068,11779,36390000,26345
11,1213,36390000,36390100,7068,11779,36420000,26369
11,1214,36420000,36420100,7068,11779,36450000,26390
11,1215,36450000,36450100,7068,11779,36480000,26413
11,1216,36480000,36480100,7068,11779,36510000,26433
11,1217,36510000,36510100,7068,11779,36540000,26455
11,1218,36540000,36540100,7068,11779,36570000,26476
11,1219,36570000,36570100,7068,11779,36600000,26499
11,122,3660000,3660100,7068,11779,3690000,2667
11,1220,36600000,36600100,7068,11779,36630000,26520
11,1221,36630000,36630100,7068,11779,36660000,26543
11,1222,36660000,36660100,7068,11779,36690000,26564
11,1223,36690000,36690100,7068,11779,36720000,26585
11,1224,36720000,36720100,7068,11779,36750000,26607
11,1225,36750000,36750100,7068,11779,36780000,26630
11,1226,36780000,36780100,7068,11779,36810000,26651
11,1227,36810000,36810100,7068,11779,36840000,26672
11,1228,36840000,36840100,7068,11779,36870000,26693
11,1229,36870000,36870100,7068,11779,36900000,26717
11,123,3690000,3690100,7068,11779,3720000,2689
11,1230,36900000,36900100,7068,11779,36930000,26738
11,1231,36930000,36930100,7068,11779,36960000,26759
11,1232,36960000,36960100,7068,11779,36990000,26780
11,1233,36990000,36990100,7068,11779,37020000,26803
11,1234,37020000,37020100,7068,11779,37050000,26825
11,1235,37050000,37050100,7068,11779,37080000,26847
11,1236,37080000,37080100,7068,11779,37110000,26868
11,1237,37110000,37110100,7068,11779,37140000,26890
11,1238,37140000,37140100,7068,11779,37170000,26910
11,1239,37170000,37170100,7068,11779,37200000,26934
11,124,3720000,3720100,7068,11779,3750000,2711
11,1240,37200000,37200100,7068,11779,37230000,26954
11,1241,37230000,37230100,7068,11779,37260000,26978
11,1242,37260000,37260100,7068,11779,37290000,26997
11,1243,37290000,37290100,7068,11779,37320000,27020
11,1244,37320000,37320100,7068,11779,37350000,27042
11,1245,37350000,37350100,7068,11779,37380000,27064
11,1246,37380000,37380100,7068,11779,37410000,27086
11,1247,37410000,37410100,7068,11779,37440000,27106
11,1248,37440000,37440100,7068,11779,37470000,27128
11,1249,37470000,37470100,7068,11779,37500000,27151
11,125,3750000,3750100,7068,11779,3780000,2733
11,1250,37500000,37500100,7068,11779,37530000,27173
11,1251,37530000,37530100,7068,11779,37560000,27194
11,1252,37560000,37560100,7068,11779,37590000,27214
11,1253,37590000,37590100,7068,11779,37620000,27237
11,1254,37620000,37620100,7068,11779,37650000,27259
11,1255,37650000,37650100,7068,11779,37680000,27282
11,1256,37680000,37680100,7068,11779,37710000,27302
11,1257,37710000,37710100,7068,11779,37740000,27325
11,1258,37740000,37740100,7068,11779,37770000,27345
11,1259,37770000,37770100,7068,11779,37800000,27368
11,126,3780000,3780100,7068,11779,3810000,2755
11,1260,37800000,37800100,7068,11779,37830000,27389
11,1261,37830000,37830100,7068,11779,37860000,27412
11,1262,37860000,37860100,7068,11779,37890000,27432
11,1263,37890000,37890100,7068,11779,37920000,27454
11,1264,37920000,37920100,7068,11779,37950000,27476
11,1265,37950000,37950100,7068,11779,37980000,27499
11,1266,37980000,37980100,7068,11779,38010000,27520
11,1267,38010000,38010100,7068,11779,38040000,27541
11,1268,38040000,38040100,7068,11779,38070000,27562
11,1269,38070000,38070100,7068,11779,38100000,27586
11,127,3810000,3810100,7068,11779,3840000,2775
11,1270,38100000,38100100,7068,11779,38130000,27607
11,1271,38130000,38130100,7068,11779,38160000,27629
11,1272,38160000,38160100,7068,11779,38190000,27649
11,1273,38190000,38190100,7068,11779,38220000,27671
11,1274,38220000,38220100,7068,11779,38250000,27694
11,1275,38250000,38250100,7068,11779,38280000,27715
11,1276,38280000,38280100,7068,11779,38310000,27737
11,1277,38310000,38310100,7068,11779,38340000,27759
11,1278,38340000,38340100,7068,11779,38370000,27780
11,1279,38370000,38370100,7068,11779,38400000,27803
11,128,3840000,3840100,7068,11779,3870000,2797
11,1280,38400000,38400100,7068,11779,38430000,27823
11,1281,38430000,38430100,7068,11779,38460000,27847
11,1282,38460000,38460100,7068,11779,38490000,27866
11,1283,38490000,38490100,7068,11779,38520000,27889
11,1284,38520000,38520100,7068,11779,38550000,27910
11,1285,38550000,38550100,7068,11779,38580000,27934
11,1286,38580000,38580100,7068,11779,38610000,27954
11,1287,38610000,38610100,7068,11779,38640000,27975
11,1288,38640000,38640100,7068,11779,38670000,27997
11,1289,38670000,38670100,7068,11779,38700000,28020
11,129,3870000,3870100,7068,11779,3900000,2820
11,1290,38700000,38700100,7068,11779,38730000,28042
11,1291,38730000,38730100,7068,11779,38760000,28063
11,1292,38760000,38760100,7068,11779,38790000,28084
11,1293,38790000,38790100,7068,11779,38820000,28106
11,1294,38820000,38820100,7068,11779,38850000,28128
11,1295,38850000,38850100,7068,11779,38880000,28150
11,1296,38880000,38880100,7068,11779,38910000,28171
11,1297,38910000,38910100,7068,11779,38940000,28193
11,1298,38940000,38940100,7068,11779,38970000,28214
11,1299,38970000,38970100,7068,11779,39000000,28238
11,13,390000,390100,7068,11779,420000,299
11,130,3900000,3900100,7068,11779,3930000,2842
11,1300,39000000,39000100,7068,11779,39030000,28258
11,1301,39030000,39030100,7068,11779,39060000,28281
11,1302,39060000,39060100,7068,11779,39090000,28301
11,1303,39090000,39090100,7068,11779,39120000,28323
11,1304,39120000,39120100,7068,11779,39150000,28345
11,1305,39150000,39150100,7068,11779,39180000,28368
11,1306,39180000,39180100,7068,11779,39210000,28389
11,1307,39210000,39210100,7068,11779,39240000,28410
11,1308,39240000,39240100,7068,11779,39270000,28430
11,1309,39270000,39270100,7068,11779,39300000,28455
11,131,3930000,3930100,7068,11779,3960000,2863
11,1310,39300000,39300100,7068,11779,39330000,28476
11,1311,39330000,39330100,7068,11779,39360000,28498
11,1312,39360000,39360100,7068,11779,39390000,28518
11,1313,39390000,39390100,7068,11779,39420000,28541
11,1314,39420000,39420100,7068,11779,39450000,28563
11,1315,39450000,39450100,7068,11779,39480000,28584
11,1316,39480000,39480100,7068,11779,39510000,28606
11,1317,39510000,39510100,7068,11779,39540000,28627
11,1318,39540000,39540100,7068,11779,39570000,28649
11,1319,39570000,39570100,7068,11779,39600000,28671
11,132,3960000,3960100,7068,11779,3990000,2883
11,1320,39600000,39600100,7068,11779,39630000,28693
11,1321,39630000,39630100,7068,11779,39660000,28716
11,1322,39660000,39660100,7068,11779,39690000,28735
11,1323,39690000,39690100,7068,11779,39720000,28758
11,1324,39720000,39720100,7068,11779,39750000,28779
11,1325,39750000,39750100,7068,11779,39780000,28803
11,1326,39780000,39780100,7068,11779,39810000,28823
11,1327,39810000,39810100,7068,11779,39840000,28845
11,1328,39840000,39840100,7068,11779,39870000,28865
11,1329,39870000,39870100,7068,11779,39900000,28889
11,133,3990000,3990100,7068,11779,4020000,2907
11,1330,39900000,39900100,7068,11779,39930000,28910
11,1331,39930000,39930100,7068,11779,39960000,28932
11,1332,39960000,39960100,7068,11779,39990000,28953
11,1333,39990000,39990100,7068,11779,40020000,28975
11,1334,40020000,40020100,7068,11779,40050000,28998
11,1335,40050000,40050100,7068,11779,40080000,29019
11,1336,40080000,40080100,7068,11779,40110000,29040
11,1337,40110000,40110100,7068,11779,40140000,29062
11,1338,40140000,40140100,7068,11779,40170000,29083
11,1339,40170000,40170100,7068,11779,40200000,29106
11,134,4020000,4020100,7068,11779,4050000,2928
11,1340,40200000,40200100,7068,11779,40230000,29127
11,1341,40230000,40230100,7068,11779,40260000,29150
11,1342,40260000,40260100,7068,11779,40290000,29170
11,1343,40290000,40290100,7068,11779,40320000,29192
11,1344,40320000,40320100,7068,11779,40350000,29214
11,1345,40350000,40350100,7068,11779,40380000,29237
11,1346,40380000,40380100,7068,11779,40410000,29258
11,1347,40410000,40410100,7068,11779,40440000,29279
11,1348,40440000,40440100,7068,11779,40470000,29300
11,1349,40470000,40470100,7068,11779,40500000,29324
11,135,4050000,4050100,7068,11779,4080000,2951
11,1350,40500000,40500100,7068,11779,40530000,29344
11,1351,40530000,40530100,7068,11779,40560000,29367
11,1352,40560000,40560100,7068,11779,40590000,29386
11,1353,40590000,40590100,7068,11779,40620000,29410
11,1354,40620000,40620100,7068,11779,40650000,29432
11,1355,40650000,40650100,7068,11779,40680000,29454
11,1356,40680000,40680100,7068,11779,40710000,29475
11,1357,40710000,40710100,7068,11779,40740000,29496
11,1358,40740000,40740100,7068,11779,40770000,29518
11,1359,40770000,40770100,7068,11779,40800000,29540
11,136,4080000,4080100,7068,11779,4110000,2971
11,1360,40800000,40800100,7068,11779,40830000,29562
11,1361,40830000,40830100,7068,11779,40860000,29584
11,1362,40860000,40860100,7068,11779,40890000,29605
11,1363,40890000,40890100,7068,11779,40920000,29626
11,1364,40920000,40920100,7068,11779,40950000,29648
11,1365,40950000,40950100,7068,11779,40980000,29672
11,1366,40980000,40980100,7068,11779,41010000,29692
11,1367,41010000,41010100,7068,11779,41040000,29714
11,1368,41040000,41040100,7068,11779,41070000,29734
11,1369,41070000,41070100,7068,11779,41100000,29759
11,137,4110000,4110100,7068,11779,4140000,2994
11,1370,41100000,41100100,7068,11779,41130000,29779
11,1371,41130000,41130100,7068,11779,41160000,29801
11,1372,41160000,41160100,7068,11779,41190000,29821
11,1373,41190000,41190100,7068,11779,41220000,29844
11,1374,41220000,41220100,7068,11779,41250000,29866
11,1375,41250000,41250100,7068,11779,41280000,29888
11,1376,41280000,41280100,7068,11779,41310000,29910
11,1377,41310000,41310100,7068,11779,41340000,29931
11,1378,41340000,41340100,7068,11779,41370000,29952
11,1379,41370000,41370100,7068,11779,41400000,29975
11,138,4140000,4140100,7068,11779,4170000,3014
11,1380,41400000,41400100,7068,11779,41430000,29996
11,1381,41430000,41430100,7068,11779,41460000,30019
11,1382,41460000,41460100,7068,11779,41490000,30039
11,1383,41490000,41490100,7068,11779,41520000,30061
11,1384,41520000,41520100,7068,11779,41550000,30083
11,1385,41550000,41550100,7068,11779,41580000,30105
11,1386,41580000,41580100,7068,11779,41610000,30127
11,1387,41610000,41610100,7068,11779,41640000,30148
11,1388,41640000,41640100,7068,11779,41670000,30169
11,1389,41670000,41670100,7068,11779,41700000,30193
11,139,4170000,4170100,7068,11779,4200000,3037
11,1390,41700000,41700100,7068,11779,41730000,30214
11,1391,41730000,41730100,7068,11779,41760000,30236
11,1392,41760000,41760100,7068,11779,41790000,30255
11,1393,41790000,41790100,7068,11779,41820000,30279
11,1394,41820000,41820100,7068,11779,41850000,30300
11,1395,41850000,41850100,7068,11779,41880000,30323
11,1396,41880000,41880100,7068,11779,41910000,30343
11,1397,41910000,41910100,7068,11779,41940000,30366
11,1398,41940000,41940100,7068,11779,41970000,30387
11,1399,41970000,41970100,7068,11779,42000000,30409
11,14,420000,420100,7068,11779,450000,322
11,140,4200000,4200100,7068,11779,4230000,3058
11,1400,42000000,42000100,7068,11779,42030000,30431
11,1401,42030000,42030100,7068,11779,42060000,30453
11,1402,42060000,42060100,7068,11779,42090000,30474
11,1403,42090000,42090100,7068,11779,42120000,30495
11,1404,42120000,42120100,7068,11779,42150000,30518
11,1405,42150000,42150100,7068,11779,42180000,30540
11,1406,42180000,42180100,7068,11779,42210000,30561
11,1407,42210000,42210100,7068,11779,42240000,30582
11,1408,42240000,42240100,7068,11779,42270000,30603
11,1409,42270000,42270100,7068,11779,42300000,30628
11,141,4230000,4230100,7068,11779,4260000,3081
11,1410,42300000,42300100,7068,11779,42330000,30648
11,1411,42330000,42330100,7068,11779,42360000,30671
11,1412,42360000,42360100,7068,11779,42390000,30690
11,1413,42390000,42390100,7068,11779,42420000,30713
11,1414,42420000,42420100,7068,11779,42450000,30735
11,1415,42450000,42450100,7068,11779,42480000,30757
11,1416,42480000,42480100,7068,11779,42510000,30778
11,1417,42510000,42510100,7068,11779,42540000,30800
11,1418,42540000,42540100,7068,11779,42570000,30821
11,1419,42570000,42570100,7068,11779,42600000,30844
11,142,4260000,4260100,7068,11779,4290000,3101
11,1420,42600000,42600100,7068,11779,42630000,30865
11,1421,42630000,42630100,7068,11779,42660000,30888
11,1422,42660000,42660100,7068,11779,42690000,30908
11,1423,42690000,42690100,7068,11779,42720000,30930
11,1424,42720000,42720100,7068,11779,42750000,30952
11,1425,42750000,42750100,7068,11779,42780000,30975
11,1426,42780000,42780100,7068,11779,42810000,30996
11,1427,42810000,42810100,7068,11779,42840000,31016
11,1428,42840000,42840100,7068,11779,42870000,31038
11,1429,42870000,42870100,7068,11779,42900000,31061
11,143,4290000,4290100,7068,11779,4320000,3123
11,1430,42900000,42900100,7068,11779,42930000,31083
11,1431,42930000,42930100,7068,11779,42960000,31105
11,1432,42960000,42960100,7068,11779,42990000,31125
11,1433,42990000,42990100,7068,11779,43020000,31148
11,1434,43020000,43020100,7068,11779,43050000,31169
11,1435,43050000,43050100,7068,11779,43080000,31192
11,1436,43080000,43080100,7068,11779,43110000,31212
11,1437,43110000,43110100,7068,11779,43140000,31235
11,1438,43140000,43140100,7068,11779,43170000,31255
11,1439,43170000,43170100,7068,11779,43200000,31279
11,144,4320000,4320100,7068,11779,4350000,3146
11,1440,43200000,43200100,7068,11779,43230000,31299
11,1441,43230000,43230100,7068,11779,43260000,31322
11,1442,43260000,43260100,7068,11779,43290000,31343
11,1443,43290000,43290100,7068,11779,43320000,31364
11,1444,43320000,43320100,7068,11779,43350000,31387
11,1445,43350000,43350100,7068,11779,43380000,31409
11,1446,43380000,43380100,7068,11779,43410000,31431
11,1447,43410000,43410100,7068,11779,43440000,31451
11,1448,43440000,43440100,7068,11779,43470000,31472
11,1449,43470000,43470100,7068,11779,43500000,31496
11,145,4350000,4350100,7068,11779,4380000,3168
11,1450,43500000,43500100,7068,11779,43530000,31517
11,1451,43530000,43530100,7068,11779,43560000,31539
11,1452,43560000,43560100,7068,11779,43590000,31559
11,1453,43590000,43590100,7068,11779,43620000,31583
11,1454,43620000,43620100,7068,11779,43650000,31604
11,1455,43650000,43650100,7068,11779,43680000,31626
11,1456,43680000,43680100,7068,11779,43710000,31647
11,1457,43710000,43710100,7068,11779,43740000,31669
11,1458,43740000,43740100,7068,11779,43770000,31690
11,1459,43770000,43770100,7068,11779,43800000,31713
11,146,4380000,4380100,7068,11779,4410000,3189
11,1460,43800000,43800100,7068,11779,43830000,31734
11,1461,43830000,43830100,7068,11779,43860000,31757
11,1462,43860000,43860100,7068,11779,43890000,31776
11,1463,43890000,43890100,7068,11779,43920000,31799
11,1464,43920000,43920100,7068,11779,43950000,31821
11,1465,43950000,43950100,7068,11779,43980000,31844
11,1466,43980000,43980100,7068,11779,44010000,31865
11,1467,44010000,44010100,7068,11779,44040000,31886
11,1468,44040000,44040100,7068,11779,44070000,31907
11,1469,44070000,44070100,7068,11779,44100000,31930
11,147,4410000,4410100,7068,11779,4440000,3210
11,1470,44100000,44100100,7068,11779,44130000,31952
11,1471,44130000,44130100,7068,11779,44160000,31973
11,1472,44160000,44160100,7068,11779,44190000,31994
11,1473,44190000,44190100,7068,11779,44220000,32016
11,1474,44220000,44220100,7068,11779,44250000,32039
11,1475,44250000,44250100,7068,11779,44280000,32061
11,1476,44280000,44280100,7068,11779,44310000,32081
11,1477,44310000,44310100,7068,11779,44340000,32104
11,1478,44340000,44340100,7068,11779,44370000,32124
11,1479,44370000,44370100,7068,11779,44400000,32148
11,148,4440000,4440100,7068,11779,4470000,3231
11,1480,44400000,44400100,7068,11779,44430000,32168
11,1481,44430000,44430100,7068,11779,44460000,32192
11,1482,44460000,44460100,7068,11779,44490000,32211
11,1483,44490000,44490100,7068,11779,44520000,32233
11,1484,44520000,44520100,7068,11779,44550000,32255
11,1485,44550000,44550100,7068,11779,44580000,32278
11,1486,44580000,44580100,7068,11779,44610000,32300
11,1487,44610000,44610100,7068,11779,44640000,32320
11,1488,44640000,44640100,7068,11779,44670000,32342
11,1489,44670000,44670100,7068,11779,44700000,32365
11,149,4470000,4470100,7068,11779,4500000,3255
11,1490,44700000,44700100,7068,11779,44730000,32386
11,1491,44730000,44730100,7068,11779,44760000,32408
11,1492,44760000,44760100,7068,11779,44790000,32428
11,1493,44790000,44790100,7068,11779,44820000,32451
11,1494,44820000,44820100,7068,11779,44850000,32473
11,1495,44850000,44850100,7068,11779,44880000,32495
11,1496,44880000,44880100,7068,11779,44910000,32516
11,1497,44910000,44910100,7068,11779,44940000,32538
11,1498,44940000,44940100,7068,11779,44970000,32559
11,1499,44970000,44970100,7068,11779,45000000,32582
11,15,450000,450100,7068,11779,480000,343
11,150,4500000,4500100,7068,11779,4530000,3276
11,1500,45000000,45000100,7068,11779,45030000,32603
11,1501,45030000,45030100,7068,11779,45060000,32626
11,1502,45060000,45060100,7068,11779,45090000,32646
11,1503,45090000,45090100,7068,11779,45120000,32668
11,1504,45120000,45120100,7068,11779,45150000,32689
11,1505,45150000,45150100,7068,11779,45180000,32713
11,1506,45180000,45180100,7068,11779,45210000,32733
11,1507,45210000,45210100,7068,11779,45240000,32755
11,1508,45240000,45240100,7068,11779,45270000,32776
11,1509,45270000,45270100,7068,11779,45300000,32800
11,151,4530000,4530100,7068,11779,4560000,3298
11,1510,45300000,45300100,7068,11779,45330000,32821
11,1511,45330000,45330100,7068,11779,45360000,32842
11,1512,45360000,45360100,7068,11779,45390000,32863
11,1513,45390000,45390100,7068,11779,45420000,32885
11,1514,45420000,45420100,7068,11779,45450000,32908
11,1515,45450000,45450100,7068,11779,45480000,32929
11,1516,45480000,45480100,7068,11779,45510000,32951
11,1517,45510000,45510100,7068,11779,45540000,32972
11,1518,45540000,45540100,7068,11779,45570000,32993
11,1519,45570000,45570100,7068,11779,45600000,33017
11,152,4560000,4560100,7068,11779,4590000,3318
11,1520,45600000,45600100,7068,11779,45630000,33037
11,1521,45630000,45630100,7068,11779,45660000,33061
11,1522,45660000,45660100,7068,11779,45690000,33080
11,1523,45690000,45690100,7068,11779,45720000,33103
11,1524,45720000,45720100,7068,11779,45750000,33124
11,1525,45750000,45750100,7068,11779,45780000,33147
11,1526,45780000,45780100,7068,11779,45810000,33168
11,1527,45810000,45810100,7068,11779,45840000,33189
11,1528,45840000,45840100,7068,11779,45870000,33210
11,1529,45870000,45870100,7068,11779,45900000,33234
11,153,4590000,4590100,7068,11779,4620000,3340
11,1530,45900000,45900100,7068,11779,45930000,33256
11,1531,45930000,45930100,7068,11779,45960000,33277
11,1532,45960000,45960100,7068,11779,45990000,33297
11,1533,45990000,45990100,7068,11779,46020000,33320
11,1534,46020000,46020100,7068,11779,46050000,33342
11,1535,46050000,46050100,7068,11779,46080000,33364
11,1536,46080000,46080100,7068,11779,46110000,33385
11,1537,46110000,46110100,7068,11779,46140000,33407
11,1538,46140000,46140100,7068,11779,46170000,33428
11,1539,46170000,46170100,7068,11779,46200000,33450
11,154,4620000,4620100,7068,11779,4650000,3363
11,155,4650000,4650100,7068,11779,4680000,3385
11,156,4680000,4680100,7068,11779,4710000,3406
11,157,4710000,4710100,7068,11779,4740000,3428
11,158,4740000,4740100,7068,11779,4770000,3449
11,159,4770000,4770100,7068,11779,4800000,3472
11,16,480000,480100,7068,11779,510000,365
11,160,4800000,4800100,7068,11779,4830000,3492
11,161,4830000,4830100,7068,11779,4860000,3516
11,162,4860000,4860100,7068,11779,4890000,3535
11,163,4890000,4890100,7068,11779,4920000,3558
11,164,4920000,4920100,7068,11779,4950000,3579
11,165,4950000,4950100,7068,11779,4980000,3603
11,166,4980000,4980100,7068,11779,5010000,3624
11,167,5010000,5010100,7068,11779,5040000,3644
11,168,5040000,5040100,7068,11779,5070000,3666
11,169,5070000,5070100,7068,11779,5100000,3689
11,17,510000,510100,7068,11779,540000,386
11,170,5100000,5100100,7068,11779,5130000,3711
11,171,5130000,5130100,7068,11779,5160000,3732
11,172,5160000,5160100,7068,11779,5190000,3753
11,173,5190000,5190100,7068,11779,5220000,3775
11,174,5220000,5220100,7068,11779,5250000,3797
11,175,5250000,5250100,7068,11779,5280000,3819
11,176,5280000,5280100,7068,11779,5310000,3840
11,177,5310000,5310100,7068,11779,5340000,3863
11,178,5340000,5340100,7068,11779,5370000,3883
11,179,5370000,5370100,7068,11779,5400000,3907
11,18,540000,540100,7068,11779,570000,408
11,180,5400000,5400100,7068,11779,5430000,3927
11,181,5430000,5430100,7068,11779,5460000,3950
11,182,5460000,5460100,7068,11779,5490000,3970
11,183,5490000,5490100,7068,11779,5520000,3992
11,184,5520000,5520100,7068,11779,5550000,4014
11,185,5550000,5550100,7068,11779,5580000,4037
11,186,5580000,5580100,7068,11779,5610000,4058
11,187,5610000,5610100,7068,11779,5640000,4079
11,188,5640000,5640100,7068,11779,5670000,4100
11,189,5670000,5670100,7068,11779,5700000,4124
11,19,570000,570100,7068,11779,600000,430
11,190,5700000,5700100,7068,11779,5730000,4145
11,191,5730000,5730100,7068,11779,5760000,4167
11,192,5760000,5760100,7068,11779,5790000,4187
11,193,5790000,5790100,7068,11779,5820000,4210
11,194,5820000,5820100,7068,11779,5850000,4232
11,195,5850000,5850100,7068,11779,5880000,4253
11,196,5880000,5880100,7068,11779,5910000,4275
11,197,5910000,5910100,7068,11779,5940000,4296
11,198,5940000,5940100,7068,11779,5970000,4318
11,199,5970000,5970100,7068,11779,6000000,4341
11,2,60000,60100,7068,11779,90000,60
11,20,600000,600100,7068,11779,630000,451
11,200,6000000,6000100,7068,11779,6030000,4362
11,201,6030000,6030100,7068,11779,6060000,4385
11,202,6060000,6060100,7068,11779,6090000,4404
11,203,6090000,6090100,7068,11779,6120000,4427
11,204,6120000,6120100,7068,11779,6150000,4448
11,205,6150000,6150100,7068,11779,6180000,4472
11,206,6180000,6180100,7068,11779,6210000,4492
11,207,6210000,6210100,7068,11779,6240000,4514
11,208,6240000,6240100,7068,11779,6270000,4534
11,209,6270000,6270100,7068,11779,6300000,4558
11,21,630000,630100,7068,11779,660000,474
11,210,6300000,6300100,7068,11779,6330000,4580
11,211,6330000,6330100,7068,11779,6360000,4601
11,212,6360000,6360100,7068,11779,6390000,4622
11,213,6390000,6390100,7068,11779,6420000,4644
11,214,6420000,6420100,7068,11779,6450000,4667
11,215,6450000,6450100,7068,11779,6480000,4688
11,216,6480000,6480100,7068,11779,6510000,4709
11,217,6510000,6510100,7068,11779,6540000,4731
11,218,6540000,6540100,7068,11779,6570000,4752
11,219,6570000,6570100,7068,11779,6600000,4775
11,22,660000,660100,7068,11779,690000,494
11,220,6600000,6600100,7068,11779,6630000,4796
11,221,6630000,6630100,7068,11779,6660000,4820
11,222,6660000,6660100,7068,11779,6690000,4839
11,223,6690000,6690100,7068,11779,6720000,4861
11,224,6720000,6720100,7068,11779,6750000,4883
11,225,6750000,6750100,7068,11779,6780000,4906
11,226,6780000,6780100,7068,11779,6810000,4927
11,227,6810000,6810100,7068,11779,6840000,4948
11,228,6840000,6840100,7068,11779,6870000,4969
11,229,6870000,6870100,7068,11779,6900000,4993
11,23,690000,690100,7068,11779,720000,517
11,230,6900000,6900100,7068,11779,6930000,5013
11,231,6930000,6930100,7068,11779,6960000,5036
11,232,6960000,6960100,7068,11779,6990000,5056
11,233,6990000,6990100,7068,11779,7020000,5079
11,234,7020000,7020100,7068,11779,7050000,5101
11,235,7050000,7050100,7068,11779,7080000,5123
11,236,7080000,7080100,7068,11779,7110000,5144
11,237,7110000,7110100,7068,11779,7140000,5165
11,238,7140000,7140100,7068,11779,7170000,5187
11,239,7170000,7170100,7068,11779,7200000,5209
11,24,720000,720100,7068,11779,750000,538
11,240,7200000,7200100,7068,11779,7230000,5231
11,241,7230000,7230100,7068,11779,7260000,5253
11,242,7260000,7260100,7068,11779,7290000,5274
11,243,7290000,7290100,7068,11779,7320000,5296
11,244,7320000,7320100,7068,11779,7350000,5317
11,245,7350000,7350100,7068,11779,7380000,5341
11,246,7380000,7380100,7068,11779,7410000,5361
11,247,7410000,7410100,7068,11779,7440000,5383
11,248,7440000,7440100,7068,11779,7470000,5403
11,249,7470000,7470100,7068,11779,7500000,5428
11,25,750000,750100,7068,11779,780000,562
11,250,7500000,7500100,7068,11779,7530000,5448
11,251,7530000,7530100,7068,11779,7560000,5470
11,252,7560000,7560100,7068,11779,7590000,5490
11,253,7590000,7590100,7068,11779,7620000,5513
11,254,7620000,7620100,7068,11779,7650000,5536
11,255,7650000,7650100,7068,11779,7680000,5557
11,256,7680000,7680100,7068,11779,7710000,5579
11,257,7710000,7710100,7068,11779,7740000,5600
11,258,7740000,7740100,7068,11779,7770000,5621
11,259,7770000,7770100,7068,11779,7800000,5644
11,26,780000,780100,7068,11779,810000,582
11,260,7800000,7800100,7068,11779,7830000,5665
11,261,7830000,7830100,7068,11779,7860000,5688
11,262,7860000,7860100,7068,11779,7890000,5708
11,263,7890000,7890100,7068,11779,7920000,5730
11,264,7920000,7920100,7068,11779,7950000,5752
11,265,7950000,7950100,7068,11779,7980000,5775
11,266,7980000,7980100,7068,11779,8010000,5796
11,267,8010000,8010100,7068,11779,8040000,5817
11,268,8040000,8040100,7068,11779,8070000,5838
11,269,8070000,8070100,7068,11779,8100000,5862
11,27,810000,810100,7068,11779,840000,603
11,270,8100000,8100100,7068,11779,8130000,5883
11,271,8130000,8130100,7068,11779,8160000,5905
11,272,8160000,8160100,7068,11779,8190000,5924
11,273,8190000,8190100,7068,11779,8220000,5948
11,274,8220000,8220100,7068,11779,8250000,5969
11,275,8250000,8250100,7068,11779,8280000,5992
11,276,8280000,8280100,7068,11779,8310000,6013
11,277,8310000,8310100,7068,11779,8340000,6035
11,278,8340000,8340100,7068,11779,8370000,6056
11,279,8370000,8370100,7068,11779,8400000,6078
11,28,840000,840100,7068,11779,870000,624
11,280,8400000,8400100,7068,11779,8430000,6100
11,281,8430000,8430100,7068,11779,8460000,6122
11,282,8460000,8460100,7068,11779,8490000,6143
11,283,8490000,8490100,7068,11779,8520000,6164
11,284,8520000,8520100,7068,11779,8550000,6187
11,285,8550000,8550100,7068,11779,8580000,6209
11,286,8580000,8580100,7068,11779,8610000,6230
11,287,8610000,8610100,7068,11779,8640000,6252
11,288,8640000,8640100,7068,11779,8670000,6272
11,289,8670000,8670100,7068,11779,8700000,6297
11,29,870000,870100,7068,11779,900000,648
11,290,8700000,8700100,7068,11779,8730000,6317
11,291,8730000,8730100,7068,11779,8760000,6340
11,292,8760000,8760100,7068,11779,8790000,6359
11,293,8790000,8790100,7068,11779,8820000,6382
11,294,8820000,8820100,7068,11779,8850000,6404
11,295,8850000,8850100,7068,11779,8880000,6426
11,296,8880000,8880100,7068,11779,8910000,6447
11,297,8910000,8910100,7068,11779,8940000,6469
11,298,8940000,8940100,7068,11779,8970000,6491
11,299,8970000,8970100,7068,11779,9000000,6513
11,3,90000,90100,7068,11779,120000,82
11,30,900000,900100,7068,11779,930000,669
11,300,9000000,9000100,7068,11779,9030000,6534
11,301,9030000,9030100,7068,11779,9060000,6557
11,302,9060000,9060100,7068,11779,9090000,6577
11,303,9090000,9090100,7068,11779,9120000,6599
11,304,9120000,9120100,7068,11779,9150000,6621
11,305,9150000,9150100,7068,11779,9180000,6644
11,306,9180000,9180100,7068,11779,9210000,6665
11,307,9210000,9210100,7068,11779,9240000,6685
11,308,9240000,9240100,7068,11779,9270000,6707
11,309,9270000,9270100,7068,11779,9300000,6731
11,31,930000,930100,7068,11779,960000,691
11,310,9300000,9300100,7068,11779,9330000,6752
11,311,9330000,9330100,7068,11779,9360000,6774
11,312,9360000,9360100,7068,11779,9390000,6794
11,313,9390000,9390100,7068,11779,9420000,6817
11,314,9420000,9420100,7068,11779,9450000,6838
11,315,9450000,9450100,7068,11779,9480000,6861
11,316,9480000,9480100,7068,11779,9510000,6881
11,317,9510000,9510100,7068,11779,9540000,6904
11,318,9540000,9540100,7068,11779,9570000,6924
11,319,9570000,9570100,7068,11779,9600000,6948
11,32,960000,960100,7068,11779,990000,711
11,320,9600000,9600100,7068,11779,9630000,6969
11,321,9630000,9630100,7068,11779,9660000,6991
11,322,9660000,9660100,7068,11779,9690000,7012
11,323,9690000,9690100,7068,11779,9720000,7033
11,324,9720000,9720100,7068,11779,9750000,7056
11,325,9750000,9750100,7068,11779,9780000,7078
11,326,9780000,9780100,7068,11779,9810000,7100
11,327,9810000,9810100,7068,11779,9840000,7120
11,328,9840000,9840100,7068,11779,9870000,7141
11,329,9870000,9870100,7068,11779,9900000,7165
11,33,990000,990100,7068,11779,1020000,734
11,330,9900000,9900100,7068,11779,9930000,7186
11,331,9930000,9930100,7068,11779,9960000,7209
11,332,9960000,9960100,7068,11779,9990000,7228
11,333,9990000,9990100,7068,11779,10020000,7252
11,334,10020000,10020100,7068,11779,10050000,7273
11,335,10050000,10050100,7068,11779,10080000,7295
11,336,10080000,10080100,7068,11779,10110000,7316
11,337,10110000,10110100,7068,11779,10140000,7338
11,338,10140000,10140100,7068,11779,10170000,7359
11,339,10170000,10170100,7068,11779,10200000,7382
11,34,1020000,1020100,7068,11779,1050000,756
11,340,10200000,10200100,7068,11779,10230000,7403
11,341,10230000,10230100,7068,11779,10260000,7426
11,342,10260000,10260100,7068,11779,10290000,7446
11,343,10290000,10290100,7068,11779,10320000,7468
11,344,10320000,10320100,7068,11779,10350000,7490
11,345,10350000,10350100,7068,11779,10380000,7513
11,346,10380000,10380100,7068,11779,10410000,7534
11,347,10410000,10410100,7068,11779,10440000,7555
11,348,10440000,10440100,7068,11779,10470000,7576
11,349,10470000,10470100,7068,11779,10500000,7599
11,35,1050000,1050100,7068,11779,1080000,778
11,350,10500000,10500100,7068,11779,10530000,7621
11,351,10530000,10530100,7068,11779,10560000,7642
11,352,10560000,10560100,7068,11779,10590000,7663
11,353,10590000,10590100,7068,11779,10620000,7686
11,354,10620000,10620100,7068,11779,10650000,7708
11,355,10650000,10650100,7068,11779,10680000,7730
11,356,10680000,10680100,7068,11779,10710000,7750
11,357,10710000,10710100,7068,11779,10740000,7773
11,358,10740000,10740100,7068,11779,10770000,7793
11,359,10770000,10770100,7068,11779,10800000,7817
11,36,1080000,1080100,7068,11779,1110000,799
11,360,10800000,10800100,7068,11779,10830000,7837
11,361,10830000,10830100,7068,11779,10860000,7861
11,362,10860000,10860100,7068,11779,10890000,7880
11,363,10890000,10890100,7068,11779,10920000,7902
11,364,10920000,10920100,7068,11779,10950000,7925
11,365,10950000,10950100,7068,11779,10980000,7947
11,366,10980000,10980100,7068,11779,11010000,7969
11,367,11010000,11010100,7068,11779,11040000,7989
11,368,11040000,11040100,7068,11779,11070000,8011
11,369,11070000,11070100,7068,11779,11100000,8034
11,37,1110000,1110100,7068,11779,1140000,821
11,370,11100000,11100100,7068,11779,11130000,8055
11,371,11130000,11130100,7068,11779,11160000,8077
11,372,11160000,11160100,7068,11779,11190000,8097
11,373,11190000,11190100,7068,11779,11220000,8120
11,374,11220000,11220100,7068,11779,11250000,8142
11,375,11250000,11250100,7068,11779,11280000,8165
11,376,11280000,11280100,7068,11779,11310000,8185
11,377,11310000,11310100,7068,11779,11340000,8207
11,378,11340000,11340100,7068,11779,11370000,8228
11,379,11370000,11370100,7068,11779,11400000,8251
11,38,1140000,1140100,7068,11779,1170000,842
11,380,11400000,11400100,7068,11779,11430000,8272
11,381,11430000,11430100,7068,11779,11460000,8295
11,382,11460000,11460100,7068,11779,11490000,8315
11,383,11490000,11490100,7068,11779,11520000,8337
11,384,11520000,11520100,7068,11779,11550000,8358
11,385,11550000,11550100,7068,11779,11580000,8382
11,386,11580000,11580100,7068,11779,11610000,8403
11,387,11610000,11610100,7068,11779,11640000,8424
11,388,11640000,11640100,7068,11779,11670000,8445
11,389,11670000,11670100,7068,11779,11700000,8469
11,39,1170000,1170100,7068,11779,1200000,865
11,390,11700000,11700100,7068,11779,11730000,8490
11,391,11730000,11730100,7068,11779,11760000,8511
11,392,11760000,11760100,7068,11779,11790000,8532
11,393,11790000,11790100,7068,11779,11820000,8554
11,394,11820000,11820100,7068,11779,11850000,8577
11,395,11850000,11850100,7068,11779,11880000,8598
11,396,11880000,11880100,7068,11779,11910000,8620
11,397,11910000,11910100,7068,11779,11940000,8642
11,398,11940000,11940100,7068,11779,11970000,8662
11,399,11970000,11970100,7068,11779,12000000,8686
11,4,120000,120100,7068,11779,150000,104
11,40,1200000,1200100,7068,11779,1230000,886
11,400,12000000,12000100,7068,11779,12030000,8706
11,401,12030000,12030100,7068,11779,12060000,8730
11,402,12060000,12060100,7068,11779,12090000,8749
11,403,12090000,12090100,7068,11779,12120000,8772
11,404,12120000,12120100,7068,11779,12150000,8793
11,405,12150000,12150100,7068,11779,12180000,8816
11,406,12180000,12180100,7068,11779,12210000,8837
11,407,12210000,12210100,7068,11779,12240000,8858
11,408,12240000,12240100,7068,11779,12270000,8880
11,409,12270000,12270100,7068,11779,12300000,8903
11,41,1230000,1230100,7068,11779,1260000,908
11,410,12300000,12300100,7068,11779,12330000,8925
11,411,12330000,12330100,7068,11779,12360000,8946
11,412,12360000,12360100,7068,11779,12390000,8966
11,413,12390000,12390100,7068,11779,12420000,8989
11,414,12420000,12420100,7068,11779,12450000,9011
11,415,12450000,12450100,7068,11779,12480000,9033
11,416,12480000,12480100,7068,11779,12510000,9054
11,417,12510000,12510100,7068,11779,12540000,9076
11,418,12540000,12540100,7068,11779,12570000,9097
11,419,12570000,12570100,7068,11779,12600000,9120
11,42,1260000,1260100,7068,11779,1290000,929
11,420,12600000,12600100,7068,11779,12630000,9141
11,421,12630000,12630100,7068,11779,12660000,9164
11,422,12660000,12660100,7068,11779,12690000,9184
11,423,12690000,12690100,7068,11779,12720000,9206
11,424,12720000,12720100,7068,11779,12750000,9228
11,425,12750000,12750100,7068,11779,12780000,9251
11,426,12780000,12780100,7068,11779,12810000,9271
11,427,12810000,12810100,7068,11779,12840000,9293
11,428,12840000,12840100,7068,11779,12870000,9313
11,429,12870000,12870100,7068,11779,12900000,9338
11,43,1290000,1290100,7068,11779,1320000,950
11,430,12900000,12900100,7068,11779,12930000,9359
11,431,12930000,12930100,7068,11779,12960000,9381
11,432,12960000,12960100,7068,11779,12990000,9401
11,433,12990000,12990100,7068,11779,13020000,9423
11,434,13020000,13020100,7068,11779,13050000,9446
11,435,13050000,13050100,7068,11779,13080000,9467
11,436,13080000,13080100,7068,11779,13110000,9489
11,437,13110000,13110100,7068,11779,13140000,9510
11,438,13140000,13140100,7068,11779,13170000,9532
11,439,13170000,13170100,7068,11779,13200000,9554
11,44,1320000,1320100,7068,11779,1350000,973
11,440,13200000,13200100,7068,11779,13230000,9575
11,441,13230000,13230100,7068,11779,13260000,9599
11,442,13260000,13260100,7068,11779,13290000,9618
11,443,13290000,13290100,7068,11779,13320000,9641
11,444,13320000,13320100,7068,11779,13350000,9662
11,445,13350000,13350100,7068,11779,13380000,9686
11,446,13380000,13380100,7068,11779,13410000,9706
11,447,13410000,13410100,7068,11779,13440000,9727
11,448,13440000,13440100,7068,11779,13470000,9748
11,449,13470000,13470100,7068,11779,13500000,9772
11,45,1350000,1350100,7068,11779,1380000,996
11,450,13500000,13500100,7068,11779,13530000,9793
11,451,13530000,13530100,7068,11779,13560000,9815
11,452,13560000,13560100,7068,11779,13590000,9836
11,453,13590000,13590100,7068,11779,13620000,9858
11,454,13620000,13620100,7068,11779,13650000,9880
11,455,13650000,13650100,7068,11779,13680000,9902
11,456,13680000,13680100,7068,11779,13710000,9923
11,457,13710000,13710100,7068,11779,13740000,9945
11,458,13740000,13740100,7068,11779,13770000,9966
11,459,13770000,13770100,7068,11779,13800000,9989
11,46,1380000,1380100,7068,11779,1410000,1017
11,460,13800000,13800100,7068,11779,13830000,10010
11,461,13830000,13830100,7068,11779,13860000,10032
11,462,13860000,13860100,7068,11779,13890000,10053
11,463,13890000,13890100,7068,11779,13920000,10075
11,464,13920000,13920100,7068,11779,13950000,10097
11,465,13950000,13950100,7068,11779,13980000,10120
11,466,13980000,13980100,7068,11779,14010000,10141
11,467,14010000,14010100,7068,11779,14040000,10162
11,468,14040000,14040100,7068,11779,14070000,10182
11,469,14070000,14070100,7068,11779,14100000,10207
11,47,1410000,1410100,7068,11779,1440000,1038
11,470,14100000,14100100,7068,11779,14130000,10227
11,471,14130000,14130100,7068,11779,14160000,10250
11,472,14160000,14160100,7068,11779,14190000,10269
11,473,14190000,14190100,7068,11779,14220000,10293
11,474,14220000,14220100,7068,11779,14250000,10315
11,475,14250000,14250100,7068,11779,14280000,10336
11,476,14280000,14280100,7068,11779,14310000,10358
11,477,14310000,14310100,7068,11779,14340000,10379
11,478,14340000,14340100,7068,11779,14370000,10401
11,479,14370000,14370100,7068,11779,14400000,10423
11,48,1440000,1440100,7068,11779,1470000,1058
11,480,14400000,14400100,7068,11779,14430000,10445
11,481,14430000,14430100,7068,11779,14460000,10467
11,482,14460000,14460100,7068,11779,14490000,10487
11,483,14490000,14490100,7068,11779,14520000,10509
11,484,14520000,14520100,7068,11779,14550000,10531
11,485,14550000,14550100,7068,11779,14580000,10555
11,486,14580000,14580100,7068,11779,14610000,10575
11,487,14610000,14610100,7068,11779,14640000,10597
11,488,14640000,14640100,7068,11779,14670000,10617
11,489,14670000,14670100,7068,11779,14700000,10641
11,49,1470000,1470100,7068,11779,1500000,1083
11,490,14700000,14700100,7068,11779,14730000,10662
11,491,14730000,14730100,7068,11779,14760000,10684
11,492,14760000,14760100,7068,11779,14790000,10704
11,493,14790000,14790100,7068,11779,14820000,10727
11,494,14820000,14820100,7068,11779,14850000,10749
11,495,14850000,14850100,7068,11779,14880000,10771
11,496,14880000,14880100,7068,11779,14910000,10792
11,497,14910000,14910100,7068,11779,14940000,10814
11,498,14940000,14940100,7068,11779,14970000,10835
11,499,14970000,14970100,7068,11779,15000000,10858
11,5,150000,150100,7068,11779,180000,127
11,50,1500000,1500100,7068,11779,1530000,1103
11,500,15000000,15000100,7068,11779,15030000,10879
11,501,15030000,15030100,7068,11779,15060000,10902
11,502,15060000,15060100,7068,11779,15090000,10922
11,503,15090000,15090100,7068,11779,15120000,10943
11,504,15120000,15120100,7068,11779,15150000,10966
11,505,15150000,15150100,7068,11779,15180000,10988
11,506,15180000,15180100,7068,11779,15210000,11010
11,507,15210000,15210100,7068,11779,15240000,11031
11,508,15240000,15240100,7068,11779,15270000,11052
11,509,15270000,15270100,7068,11779,15300000,11076
11,51,1530000,1530100,7068,11779,1560000,1126
11,510,15300000,15300100,7068,11779,15330000,11096
11,511,15330000,15330100,7068,11779,15360000,11119
11,512,15360000,15360100,7068,11779,15390000,11138
11,513,15390000,15390100,7068,11779,15420000,11162
11,514,15420000,15420100,7068,11779,15450000,11183
11,515,15450000,15450100,7068,11779,15480000,11206
11,516,15480000,15480100,7068,11779,15510000,11226
11,517,15510000,15510100,7068,11779,15540000,11248
11,518,15540000,15540100,7068,11779,15570000,11270
11,519,15570000,15570100,7068,11779,15600000,11292
11,52,1560000,1560100,7068,11779,1590000,1145
11,520,15600000,15600100,7068,11779,15630000,11314
11,521,15630000,15630100,7068,11779,15660000,11336
11,522,15660000,15660100,7068,11779,15690000,11357
11,523,15690000,15690100,7068,11779,15720000,11378
11,524,15720000,15720100,7068,11779,15750000,11400
11,525,15750000,15750100,7068,11779,15780000,11423
11,526,15780000,15780100,7068,11779,15810000,11444
11,527,15810000,15810100,7068,11779,15840000,11465
11,528,15840000,15840100,7068,11779,15870000,11486
11,529,15870000,15870100,7068,11779,15900000,11511
11,53,1590000,1590100,7068,11779,1620000,1169
11,530,15900000,15900100,7068,11779,15930000,11531
11,531,15930000,15930100,7068,11779,15960000,11553
11,532,15960000,15960100,7068,11779,15990000,11573
11,533,15990000,15990100,7068,11779,16020000,11596
11,534,16020000,16020100,7068,11779,16050000,11618
11,535,16050000,16050100,7068,11779,16080000,11640
11,536,16080000,16080100,7068,11779,16110000,11661
11,537,16110000,16110100,7068,11779,16140000,11683
11,538,16140000,16140100,7068,11779,16170000,11703
11,539,16170000,16170100,7068,11779,16200000,11727
11,54,1620000,1620100,7068,11779,1650000,1190
11,540,16200000,16200100,7068,11779,16230000,11748
11,541,16230000,16230100,7068,11779,16260000,11771
11,542,16260000,16260100,7068,11779,16290000,11791
11,543,16290000,16290100,7068,11779,16320000,11813
11,544,16320000,16320100,7068,11779,16350000,11835
11,545,16350000,16350100,7068,11779,16380000,11857
11,546,16380000,16380100,7068,11779,16410000,11879
11,547,16410000,16410100,7068,11779,16440000,11899
11,548,16440000,16440100,7068,11779,16470000,11921
11,549,16470000,16470100,7068,11779,16500000,11944
11,55,1650000,1650100,7068,11779,1680000,1212
11,550,16500000,16500100,7068,11779,16530000,11966
11,551,16530000,16530100,7068,11779,16560000,11988
11,552,16560000,16560100,7068,11779,16590000,12007
11,553,16590000,16590100,7068,11779,16620000,12031
11,554,16620000,16620100,7068,11779,16650000,12052
11,555,16650000,16650100,7068,11779,16680000,12075
11,556,16680000,16680100,7068,11779,16710000,12095
11,557,16710000,16710100,7068,11779,16740000,12118
11,558,16740000,16740100,7068,11779,16770000,12138
11,559,16770000,16770100,7068,11779,16800000,12161
11,56,1680000,1680100,7068,11779,1710000,1234
11,560,16800000,16800100,7068,11779,16830000,12182
11,561,16830000,16830100,7068,11779,16860000,12205
11,562,16860000,16860100,7068,11779,16890000,12226
11,563,16890000,16890100,7068,11779,16920000,12247
11,564,16920000,16920100,7068,11779,16950000,12270
11,565,16950000,16950100,7068,11779,16980000,12292
11,566,16980000,16980100,7068,11779,17010000,12313
11,567,17010000,17010100,7068,11779,17040000,12334
11,568,17040000,17040100,7068,11779,17070000,12355
11,569,17070000,17070100,7068,11779,17100000,12379
11,57,1710000,1710100,7068,11779,1740000,1255
11,570,17100000,17100100,7068,11779,17130000,12400
11,571,17130000,17130100,7068,11779,17160000,12422
11,572,17160000,17160100,7068,11779,17190000,12442
11,573,17190000,17190100,7068,11779,17220000,12465
11,574,17220000,17220100,7068,11779,17250000,12487
11,575,17250000,17250100,7068,11779,17280000,12509
11,576,17280000,17280100,7068,11779,17310000,12530
11,577,17310000,17310100,7068,11779,17340000,12552
11,578,17340000,17340100,7068,11779,17370000,12573
11,579,17370000,17370100,7068,11779,17400000,12596
11,58,1740000,1740100,7068,11779,1770000,1277
11,580,17400000,17400100,7068,11779,17430000,12616
11,581,17430000,17430100,7068,11779,17460000,12640
11,582,17460000,17460100,7068,11779,17490000,12659
11,583,17490000,17490100,7068,11779,17520000,12682
11,584,17520000,17520100,7068,11779,17550000,12704
11,585,17550000,17550100,7068,11779,17580000,12727
11,586,17580000,17580100,7068,11779,17610000,12748
11,587,17610000,17610100,7068,11779,17640000,12768
11,588,17640000,17640100,7068,11779,17670000,12790
11,589,17670000,17670100,7068,11779,17700000,12813
11,59,1770000,1770100,7068,11779,1800000,1299
11,590,17700000,17700100,7068,11779,17730000,12835
11,591,17730000,17730100,7068,11779,17760000,12856
11,592,17760000,17760100,7068,11779,17790000,12877
11,593,17790000,17790100,7068,11779,17820000,12899
11,594,17820000,17820100,7068,11779,17850000,12921
11,595,17850000,17850100,7068,11779,17880000,12944
11,596,17880000,17880100,7068,11779,17910000,12964
11,597,17910000,17910100,7068,11779,17940000,12987
11,598,17940000,17940100,7068,11779,17970000,13007
11,599,17970000,17970100,7068,11779,18000000,13031
11,6,180000,180100,7068,11779,210000,147
11,60,1800000,1800100,7068,11779,1830000,1321
11,600,18000000,18000100,7068,11779,18030000,13051
11,601,18030000,18030100,7068,11779,18060000,13074
11,602,18060000,18060100,7068,11779,18090000,13094
11,603,18090000,18090100,7068,11779,18120000,13116
11,604,18120000,18120100,7068,11779,18150000,13138
11,605,18150000,18150100,7068,11779,18180000,13161
11,606,18180000,18180100,7068,11779,18210000,13183
11,607,18210000,18210100,7068,11779,18240000,13203
11,608,18240000,18240100,7068,11779,18270000,13224
11,609,18270000,18270100,7068,11779,18300000,13248
11,61,1830000,1830100,7068,11779,1860000,1343
11,610,18300000,18300100,7068,11779,18330000,13269
11,611,18330000,18330100,7068,11779,18360000,13291
11,612,18360000,18360100,7068,11779,18390000,13311
11,613,18390000,18390100,7068,11779,18420000,13334
11,614,18420000,18420100,7068,11779,18450000,13356
11,615,18450000,18450100,7068,11779,18480000,13377
11,616,18480000,18480100,7068,11779,18510000,13399
11,617,18510000,18510100,7068,11779,18540000,13421
11,618,18540000,18540100,7068,11779,18570000,13442
11,619,18570000,18570100,7068,11779,18600000,13465
11,62,1860000,1860100,7068,11779,1890000,1363
11,620,18600000,18600100,7068,11779,18630000,13486
11,621,18630000,18630100,7068,11779,18660000,13509
11,622,18660000,18660100,7068,11779,18690000,13528
11,623,18690000,18690100,7068,11779,18720000,13551
11,624,18720000,18720100,7068,11779,18750000,13572
11,625,18750000,18750100,7068,11779,18780000,13596
11,626,18780000,18780100,7068,11779,18810000,13616
11,627,18810000,18810100,7068,11779,18840000,13638
11,628,18840000,18840100,7068,11779,18870000,13659
11,629,18870000,18870100,7068,11779,18900000,13682
11,63,1890000,1890100,7068,11779,1920000,1385
11,630,18900000,18900100,7068,11779,18930000,13704
11,631,18930000,18930100,7068,11779,18960000,13725
11,632,18960000,18960100,7068,11779,18990000,13746
11,633,18990000,18990100,7068,11779,19020000,13768
11,634,19020000,19020100,7068,11779,19050000,13791
11,635,19050000,19050100,7068,11779,19080000,13812
11,636,19080000,19080100,7068,11779,19110000,13833
11,637,19110000,19110100,7068,11779,19140000,13855
11,638,19140000,19140100,7068,11779,19170000,13876
11,639,19170000,19170100,7068,11779,19200000,13900
11,64,1920000,1920100,7068,11779,1950000,1407
11,640,19200000,19200100,7068,11779,19230000,13920
11,641,19230000,19230100,7068,11779,19260000,13944
11,642,19260000,19260100,7068,11779,19290000,13963
11,643,19290000,19290100,7068,11779,19320000,13985
11,644,19320000,19320100,7068,11779,19350000,14007
11,645,19350000,19350100,7068,11779,19380000,14030
11,646,19380000,19380100,7068,11779,19410000,14051
11,647,19410000,19410100,7068,11779,19440000,14072
11,648,19440000,19440100,7068,11779,19470000,14093
11,649,19470000,19470100,7068,11779,19500000,14117
11,65,1950000,1950100,7068,11779,1980000,1430
11,650,19500000,19500100,7068,11779,19530000,14138
11,651,19530000,19530100,7068,11779,19560000,14160
11,652,19560000,19560100,7068,11779,19590000,14180
11,653,19590000,19590100,7068,11779,19620000,14203
11,654,19620000,19620100,7068,11779,19650000,14225
11,655,19650000,19650100,7068,11779,19680000,14247
11,656,19680000,19680100,7068,11779,19710000,14268
11,657,19710000,19710100,7068,11779,19740000,14289
11,658,19740000,19740100,7068,11779,19770000,14311
11,659,19770000,19770100,7068,11779,19800000,14333
11,66,1980000,1980100,7068,11779,2010000,1451
11,660,19800000,19800100,7068,11779,19830000,14355
11,661,19830000,19830100,7068,11779,19860000,14378
11,662,19860000,19860100,7068,11779,19890000,14398
11,663,19890000,19890100,7068,11779,19920000,14420
11,664,19920000,19920100,7068,11779,19950000,14441
11,665,19950000,19950100,7068,11779,19980000,14465
11,666,19980000,19980100,7068,11779,20010000,14485
11,667,20010000,20010100,7068,11779,20040000,14507
11,668,20040000,20040100,7068,11779,20070000,14527
11,669,20070000,20070100,7068,11779,20100000,14552
11,67,2010000,2010100,7068,11779,2040000,1473
11,670,20100000,20100100,7068,11779,20130000,14572
11,671,20130000,20130100,7068,11779,20160000,14594
11,672,20160000,20160100,7068,11779,20190000,14615
11,673,20190000,20190100,7068,11779,20220000,14637
11,674,20220000,20220100,7068,11779,20250000,14660
11,675,20250000,20250100,7068,11779,20280000,14681
11,676,20280000,20280100,7068,11779,20310000,14703
11,677,20310000,20310100,7068,11779,20340000,14724
11,678,20340000,20340100,7068,11779,20370000,14745
11,679,20370000,20370100,7068,11779,20400000,14768
11,68,2040000,2040100,7068,11779,2070000,1493
11,680,20400000,20400100,7068,11779,20430000,14789
11,681,20430000,20430100,7068,11779,20460000,14812
11,682,20460000,20460100,7068,11779,20490000,14832
11,683,20490000,20490100,7068,11779,20520000,14855
11,684,20520000,20520100,7068,11779,20550000,14876
11,685,20550000,20550100,7068,11779,20580000,14899
11,686,20580000,20580100,7068,11779,20610000,14920
11,687,20610000,20610100,7068,11779,20640000,14941
11,688,20640000,20640100,7068,11779,20670000,14962
11,689,20670000,20670100,7068,11779,20700000,14986
11,69,2070000,2070100,7068,11779,2100000,1517
11,690,20700000,20700100,7068,11779,20730000,15007
11,691,20730000,20730100,7068,11779,20760000,15029
11,692,20760000,20760100,7068,11779,20790000,15048
11,693,20790000,20790100,7068,11779,20820000,15072
11,694,20820000,20820100,7068,11779,20850000,15094
11,695,20850000,20850100,7068,11779,20880000,15116
11,696,20880000,20880100,7068,11779,20910000,15137
11,697,20910000,20910100,7068,11779,20940000,15159
11,698,20940000,20940100,7068,11779,20970000,15180
11,699,20970000,20970100,7068,11779,21000000,15202
11,7,210000,210100,7068,11779,240000,169
11,70,2100000,2100100,7068,11779,2130000,1538
11,700,21000000,21000100,7068,11779,21030000,15224
11,701,21030000,21030100,7068,11779,21060000,15246
11,702,21060000,21060100,7068,11779,21090000,15267
11,703,21090000,21090100,7068,11779,21120000,15288
11,704,21120000,21120100,7068,11779,21150000,15311
11,705,21150000,21150100,7068,11779,21180000,15334
11,706,21180000,21180100,7068,11779,21210000,15354
11,707,21210000,21210100,7068,11779,21240000,15376
11,708,21240000,21240100,7068,11779,21270000,15396
11,709,21270000,21270100,7068,11779,21300000,15421
11,71,2130000,2130100,7068,11779,2160000,1560
11,710,21300000,21300100,7068,11779,21330000,15441
11,711,21330000,21330100,7068,11779,21360000,15464
11,712,21360000,21360100,7068,11779,21390000,15483
11,713,21390000,21390100,7068,11779,21420000,15506
11,714,21420000,21420100,7068,11779,21450000,15528
11,715,21450000,21450100,7068,11779,21480000,15550
11,716,21480000,21480100,7068,11779,21510000,15572
11,717,21510000,21510100,7068,11779,21540000,15593
11,718,21540000,21540100,7068,11779,21570000,15615
11,719,21570000,21570100,7068,11779,21600000,15637
11,72,2160000,2160100,7068,11779,2190000,1580
11,720,21600000,21600100,7068,11779,21630000,15658
11,721,21630000,21630100,7068,11779,21660000,15681
11,722,21660000,21660100,7068,11779,21690000,15701
11,723,21690000,21690100,7068,11779,21720000,15723
11,724,21720000,21720100,7068,11779,21750000,15745
11,725,21750000,21750100,7068,11779,21780000,15768
11,726,21780000,21780100,7068,11779,21810000,15789
11,727,21810000,21810100,7068,11779,21840000,15810
11,728,21840000,21840100,7068,11779,21870000,15831
11,729,21870000,21870100,7068,11779,21900000,15855
11,73,2190000,2190100,7068,11779,2220000,1603
11,730,21900000,21900100,7068,11779,21930000,15876
11,731,21930000,21930100,7068,11779,21960000,15898
11,732,21960000,21960100,7068,11779,21990000,15918
11,733,21990000,21990100,7068,11779,22020000,15941
11,734,22020000,22020100,7068,11779,22050000,15962
11,735,22050000,22050100,7068,11779,22080000,15985
11,736,22080000,22080100,7068,11779,22110000,16005
11,737,22110000,22110100,7068,11779,22140000,16028
11,738,22140000,22140100,7068,11779,22170000,16049
11,739,22170000,22170100,7068,11779,22200000,16072
11,74,2220000,2220100,7068,11779,2250000,1625
11,740,22200000,22200100,7068,11779,22230000,16093
11,741,22230000,22230100,7068,11779,22260000,16115
11,742,22260000,22260100,7068,11779,22290000,16136
11,743,22290000,22290100,7068,11779,22320000,16157
11,744,22320000,22320100,7068,11779,22350000,16180
11,745,22350000,22350100,7068,11779,22380000,16202
11,746,22380000,22380100,7068,11779,22410000,16224
11,747,22410000,22410100,7068,11779,22440000,16244
11,748,22440000,22440100,7068,11779,22470000,16265
11,749,22470000,22470100,7068,11779,22500000,16290
11,75,2250000,2250100,7068,11779,2280000,1647
11,750,22500000,22500100,7068,11779,22530000,16310
11,751,22530000,22530100,7068,11779,22560000,16333
11,752,22560000,22560100,7068,11779,22590000,16352
11,753,22590000,22590100,7068,11779,22620000,16376
11,754,22620000,22620100,7068,11779,22650000,16397
11,755,22650000,22650100,7068,11779,22680000,16419
11,756,22680000,22680100,7068,11779,22710000,16440
11,757,22710000,22710100,7068,11779,22740000,16462
11,758,22740000,22740100,7068,11779,22770000,16483
11,759,22770000,22770100,7068,11779,22800000,16506
11,76,2280000,2280100,7068,11779,2310000,1667
11,760,22800000,22800100,7068,11779,22830000,16528
11,761,22830000,22830100,7068,11779,22860000,16550
11,762,22860000,22860100,7068,11779,22890000,16570
11,763,22890000,22890100,7068,11779,22920000,16592
11,764,22920000,22920100,7068,11779,22950000,16614
11,765,22950000,22950100,7068,11779,22980000,16637
11,766,22980000,22980100,7068,11779,23010000,16658
11,767,23010000,23010100,7068,11779,23040000,16679
11,768,23040000,23040100,7068,11779,23070000,16700
11,769,23070000,23070100,7068,11779,23100000,16723
11,77,2310000,2310100,7068,11779,2340000,1690
11,770,23100000,23100100,7068,11779,23130000,16745
11,771,23130000,23130100,7068,11779,23160000,16767
11,772,23160000,23160100,7068,11779,23190000,16787
11,773,23190000,23190100,7068,11779,23220000,16810
11,774,23220000,23220100,7068,11779,23250000,16832
11,775,23250000,23250100,7068,11779,23280000,16854
11,776,23280000,23280100,7068,11779,23310000,16874
11,777,23310000,23310100,7068,11779,23340000,16897
11,778,23340000,23340100,7068,11779,23370000,16917
11,779,23370000,23370100,7068,11779,23400000,16941
11,78,2340000,2340100,7068,11779,2370000,1711
11,780,23400000,23400100,7068,11779,23430000,16961
11,781,23430000,23430100,7068,11779,23460000,16985
11,782,23460000,23460100,7068,11779,23490000,17005
11,783,23490000,23490100,7068,11779,23520000,17026
11,784,23520000,23520100,7068,11779,23550000,17049
11,785,23550000,23550100,7068,11779,23580000,17071
11,786,23580000,23580100,7068,11779,23610000,17093
11,787,23610000,23610100,7068,11779,23640000,17113
11,788,23640000,23640100,7068,11779,23670000,17135
11,789,23670000,23670100,7068,11779,23700000,17158
11,79,2370000,2370100,7068,11779,2400000,1734
11,790,23700000,23700100,7068,11779,23730000,17179
11,791,23730000,23730100,7068,11779,23760000,17201
11,792,23760000,23760100,7068,11779,23790000,17221
11,793,23790000,23790100,7068,11779,23820000,17245
11,794,23820000,23820100,7068,11779,23850000,17266
11,795,23850000,23850100,7068,11779,23880000,17289
11,796,23880000,23880100,7068,11779,23910000,17309
11,797,23910000,23910100,7068,11779,23940000,17331
11,798,23940000,23940100,7068,11779,23970000,17352
11,799,23970000,23970100,7068,11779,24000000,17375
11,8,240000,240100,7068,11779,270000,189
11,80,2400000,2400100,7068,11779,2430000,1755
11,800,24000000,24000100,7068,11779,24030000,17396
11,801,24030000,24030100,7068,11779,24060000,17419
11,802,24060000,24060100,7068,11779,24090000,17439
11,803,24090000,24090100,7068,11779,24120000,17461
11,804,24120000,24120100,7068,11779,24150000,17483
11,805,24150000,24150100,7068,11779,24180000,17506
11,806,24180000,24180100,7068,11779,24210000,17527
11,807,24210000,24210100,7068,11779,24240000,17548
11,808,24240000,24240100,7068,11779,24270000,17569
11,809,24270000,24270100,7068,11779,24300000,17593
11,81,2430000,2430100,7068,11779,2460000,1778
11,810,24300000,24300100,7068,11779,24330000,17614
11,811,24330000,24330100,7068,11779,24360000,17635
11,812,24360000,24360100,7068,11779,24390000,17656
11,813,24390000,24390100,7068,11779,24420000,17678
11,814,24420000,24420100,7068,11779,24450000,17701
11,815,24450000,24450100,7068,11779,24480000,17723
11,816,24480000,24480100,7068,11779,24510000,17744
11,817,24510000,24510100,7068,11779,24540000,17766
11,818,24540000,24540100,7068,11779,24570000,17786
11,819,24570000,24570100,7068,11779,24600000,17810
11,82,2460000,2460100,7068,11779,2490000,1798
11,820,24600000,24600100,7068,11779,24630000,17830
11,821,24630000,24630100,7068,11779,24660000,17854
11,822,24660000,24660100,7068,11779,24690000,17873
11,823,24690000,24690100,7068,11779,24720000,17896
11,824,24720000,24720100,7068,11779,24750000,17917
11,825,24750000,24750100,7068,11779,24780000,17940
11,826,24780000,24780100,7068,11779,24810000,17962
11,827,24810000,24810100,7068,11779,24840000,17982
11,828,24840000,24840100,7068,11779,24870000,18004
11,829,24870000,24870100,7068,11779,24900000,18027
11,83,2490000,2490100,7068,11779,2520000,1819
11,830,24900000,24900100,7068,11779,24930000,18049
11,831,24930000,24930100,7068,11779,24960000,18070
11,832,24960000,24960100,7068,11779,24990000,18090
11,833,24990000,24990100,7068,11779,25020000,18113
11,834,25020000,25020100,7068,11779,25050000,18135
11,835,25050000,25050100,7068,11779,25080000,18157
11,836,25080000,25080100,7068,11779,25110000,18178
11,837,25110000,25110100,7068,11779,25140000,18201
11,838,25140000,25140100,7068,11779,25170000,18221
11,839,25170000,25170100,7068,11779,25200000,18244
11,84,2520000,2520100,7068,11779,2550000,1842
11,840,25200000,25200100,7068,11779,25230000,18265
11,841,25230000,25230100,7068,11779,25260000,18288
11,842,25260000,25260100,7068,11779,25290000,18308
11,843,25290000,25290100,7068,11779,25320000,18330
11,844,25320000,25320100,7068,11779,25350000,18352
11,845,25350000,25350100,7068,11779,25380000,18375
11,846,25380000,25380100,7068,11779,25410000,18395
11,847,25410000,25410100,7068,11779,25440000,18417
11,848,25440000,25440100,7068,11779,25470000,18438
11,849,25470000,25470100,7068,11779,25500000,18462
11,85,2550000,2550100,7068,11779,2580000,1864
11,850,25500000,25500100,7068,11779,25530000,18483
11,851,25530000,25530100,7068,11779,25560000,18505
11,852,25560000,25560100,7068,11779,25590000,18525
11,853,25590000,25590100,7068,11779,25620000,18547
11,854,25620000,25620100,7068,11779,25650000,18570
11,855,25650000,25650100,7068,11779,25680000,18591
11,856,25680000,25680100,7068,11779,25710000,18613
11,857,25710000,25710100,7068,11779,25740000,18634
11,858,25740000,25740100,7068,11779,25770000,18656
11,859,25770000,25770100,7068,11779,25800000,18679
11,86,2580000,2580100,7068,11779,2610000,1886
11,860,25800000,25800100,7068,11779,25830000,18699
11,861,25830000,25830100,7068,11779,25860000,18723
11,862,25860000,25860100,7068,11779,25890000,18742
11,863,25890000,25890100,7068,11779,25920000,18765
11,864,25920000,25920100,7068,11779,25950000,18786
11,865,25950000,25950100,7068,11779,25980000,18810
11,866,25980000,25980100,7068,11779,26010000,18830
11,867,26010000,26010100,7068,11779,26040000,18851
11,868,26040000,26040100,7068,11779,26070000,18872
11,869,26070000,26070100,7068,11779,26100000,18896
11,87,2610000,2610100,7068,11779,2640000,1906
11,870,26100000,26100100,7068,11779,26130000,18918
11,871,26130000,26130100,7068,11779,26160000,18939
11,872,26160000,26160100,7068,11779,26190000,18960
11,873,26190000,26190100,7068,11779,26220000,18982
11,874,26220000,26220100,7068,11779,26250000,19004
11,875,26250000,26250100,7068,11779,26280000,19026
11,876,26280000,26280100,7068,11779,26310000,19047
11,877,26310000,26310100,7068,11779,26340000,19069
11,878,26340000,26340100,7068,11779,26370000,19090
11,879,26370000,26370100,7068,11779,26400000,19113
11,88,2640000,2640100,7068,11779,2670000,1928
11,880,26400000,26400100,7068,11779,26430000,19134
11,881,26430000,26430100,7068,11779,26460000,19157
11,882,26460000,26460100,7068,11779,26490000,19177
11,883,26490000,26490100,7068,11779,26520000,19199
11,884,26520000,26520100,7068,11779,26550000,19221
11,885,26550000,26550100,7068,11779,26580000,19244
11,886,26580000,26580100,7068,11779,26610000,19265
11,887,26610000,26610100,7068,11779,26640000,19286
11,888,26640000,26640100,7068,11779,26670000,19306
11,889,26670000,26670100,7068,11779,26700000,19331
11,89,2670000,2670100,7068,11779,2700000,1952
11,890,26700000,26700100,7068,11779,26730000,19351
11,891,26730000,26730100,7068,11779,26760000,19374
11,892,26760000,26760100,7068,11779,26790000,19394
11,893,26790000,26790100,7068,11779,26820000,19417
11,894,26820000,26820100,7068,11779,26850000,19439
11,895,26850000,26850100,7068,11779,26880000,19460
11,896,26880000,26880100,7068,11779,26910000,19482
11,897,26910000,26910100,7068,11779,26940000,19503
11,898,26940000,26940100,7068,11779,26970000,19525
11,899,26970000,26970100,7068,11779,27000000,19547
11,9,270000,270100,7068,11779,300000,214
11,90,2700000,2700100,7068,11779,2730000,1972
11,900,27000000,27000100,7068,11779,27030000,19569
11,901,27030000,27030100,7068,11779,27060000,19591
11,902,27060000,27060100,7068,11779,27090000,19611
11,903,27090000,27090100,7068,11779,27120000,19634
11,904,27120000,27120100,7068,11779,27150000,19655
11,905,27150000,27150100,7068,11779,27180000,19679
11,906,27180000,27180100,7068,11779,27210000,19699
11,907,27210000,27210100,7068,11779,27240000,19721
11,908,27240000,27240100,7068,11779,27270000,19741
11,909,27270000,27270100,7068,11779,27300000,19765
11,91,2730000,2730100,7068,11779,2760000,1995
11,910,27300000,27300100,7068,11779,27330000,19786
11,911,27330000,27330100,7068,11779,27360000,19808
11,912,27360000,27360100,7068,11779,27390000,19828
11,913,27390000,27390100,7068,11779,27420000,19851
11,914,27420000,27420100,7068,11779,27450000,19874
11,915,27450000,27450100,7068,11779,27480000,19895
11,916,27480000,27480100,7068,11779,27510000,19916
11,917,27510000,27510100,7068,11779,27540000,19938
11,918,27540000,27540100,7068,11779,27570000,19959
11,919,27570000,27570100,7068,11779,27600000,19982
11,92,2760000,2760100,7068,11779,2790000,2014
11,920,27600000,27600100,7068,11779,27630000,20003
11,921,27630000,27630100,7068,11779,27660000,20026
11,922,27660000,27660100,7068,11779,27690000,20046
11,923,27690000,27690100,7068,11779,27720000,20067
11,924,27720000,27720100,7068,11779,27750000,20090
11,925,27750000,27750100,7068,11779,27780000,20113
11,926,27780000,27780100,7068,11779,27810000,20134
11,927,27810000,27810100,7068,11779,27840000,20155
11,928,27840000,27840100,7068,11779,27870000,20176
11,929,27870000,27870100,7068,11779,27900000,20200
11,93,2790000,2790100,7068,11779,2820000,2038
11,930,27900000,27900100,7068,11779,27930000,20220
11,931,27930000,27930100,7068,11779,27960000,20243
11,932,27960000,27960100,7068,11779,27990000,20262
11,933,27990000,27990100,7068,11779,28020000,20286
11,934,28020000,28020100,7068,11779,28050000,20307
11,935,28050000,28050100,7068,11779,28080000,20330
11,936,28080000,28080100,7068,11779,28110000,20351
11,937,28110000,28110100,7068,11779,28140000,20372
11,938,28140000,28140100,7068,11779,28170000,20394
11,939,28170000,28170100,7068,11779,28200000,20416
11,94,2820000,2820100,7068,11779,2850000,2059
11,940,28200000,28200100,7068,11779,28230000,20438
11,941,28230000,28230100,7068,11779,28260000,20460
11,942,28260000,28260100,7068,11779,28290000,20481
11,943,28290000,28290100,7068,11779,28320000,20502
11,944,28320000,28320100,7068,11779,28350000,20524
11,945,28350000,28350100,7068,11779,28380000,20547
11,946,28380000,28380100,7068,11779,28410000,20568
11,947,28410000,28410100,7068,11779,28440000,20590
11,948,28440000,28440100,7068,11779,28470000,20610
11,949,28470000,28470100,7068,11779,28500000,20635
11,95,2850000,2850100,7068,11779,2880000,2082
11,950,28500000,28500100,7068,11779,28530000,20655
11,951,28530000,28530100,7068,11779,28560000,20677
11,952,28560000,28560100,7068,11779,28590000,20697
11,953,28590000,28590100,7068,11779,28620000,20720
11,954,28620000,28620100,7068,11779,28650000,20742
11,955,28650000,28650100,7068,11779,28680000,20764
11,956,28680000,28680100,7068,11779,28710000,20785
11,957,28710000,28710100,7068,11779,28740000,20807
11,958,28740000,28740100,7068,11779,28770000,20828
11,959,28770000,28770100,7068,11779,28800000,20851
11,96,2880000,2880100,7068,11779,2910000,2102
11,960,28800000,28800100,7068,11779,28830000,20872
11,961,28830000,28830100,7068,11779,28860000,20895
11,962,28860000,28860100,7068,11779,28890000,20915
11,963,28890000,28890100,7068,11779,28920000,20937
11,964,28920000,28920100,7068,11779,28950000,20959
11,965,28950000,28950100,7068,11779,28980000,20981
11,966,28980000,28980100,7068,11779,29010000,21003
11,967,29010000,29010100,7068,11779,29040000,21023
11,968,29040000,29040100,7068,11779,29070000,21045
11,969,29070000,29070100,7068,11779,29100000,21069
11,97,2910000,2910100,7068,11779,2940000,2124
11,970,29100000,29100100,7068,11779,29130000,21090
11,971,29130000,29130100,7068,11779,29160000,21112
11,972,29160000,29160100,7068,11779,29190000,21131
11,973,29190000,29190100,7068,11779,29220000,21155
11,974,29220000,29220100,7068,11779,29250000,21176
11,975,29250000,29250100,7068,11779,29280000,21199
11,976,29280000,29280100,7068,11779,29310000,21219
11,977,29310000,29310100,7068,11779,29340000,21242
11,978,29340000,29340100,7068,11779,29370000,21262
11,979,29370000,29370100,7068,11779,29400000,21285
11,98,2940000,2940100,7068,11779,2970000,2145
11,980,29400000,29400100,7068,11779,29430000,21307
11,981,29430000,29430100,7068,11779,29460000,21329
11,982,29460000,29460100,7068,11779,29490000,21350
11,983,29490000,29490100,7068,11779,29520000,21371
11,984,29520000,29520100,7068,11779,29550000,21394
11,985,29550000,29550100,7068,11779,29580000,21416
11,986,29580000,29580100,7068,11779,29610000,21437
11,987,29610000,29610100,7068,11779,29640000,21458
11,988,29640000,29640100,7068,11779,29670000,21479
11,989,29670000,29670100,7068,11779,29700000,21503
11,99,2970000,2970100,7068,11779,3000000,2168
11,990,29700000,29700100,7068,11779,29730000,21524
11,991,29730000,29730100,7068,11779,29760000,21547
11,992,29760000,29760100,7068,11779,29790000,21566
11,993,29790000,29790100,7068,11779,29820000,21589
11,994,29820000,29820100,7068,11779,29850000,21611
11,995,29850000,29850100,7068,11779,29880000,21633
11,996,29880000,29880100,7068,11779,29910000,21654
11,997,29910000,29910100,7068,11779,29940000,21676
11,998,29940000,29940100,7068,11779,29970000,21697
11,999,29970000,29970100,7068,11779,30000000,21720
12,0,0,100,3180,5299,40000,21
12,1,40000,40100,3180,5299,80000,52
12,10,400000,400100,3180,5299,440000,311
12,100,4000000,4000100,3180,5299,4040000,2918
12,1000,40000000,40000100,3180,5299,40040000,28986
12,1001,40040000,40040100,3180,5299,40080000,29020
12,1002,40080000,40080100,3180,5299,40120000,29045
12,1003,40120000,40120100,3180,5299,40160000,29075
12,1004,40160000,40160100,3180,5299,40200000,29107
12,1005,40200000,40200100,3180,5299,40240000,29131
12,1006,40240000,40240100,3180,5299,40280000,29162
12,1007,40280000,40280100,3180,5299,40320000,29193
12,1008,40320000,40320100,3180,5299,40360000,29219
12,1009,40360000,40360100,3180,5299,40400000,29249
12,101,4040000,4040100,3180,5299,4080000,2952
12,1010,40400000,40400100,3180,5299,40440000,29280
12,1011,40440000,40440100,3180,5299,40480000,29306
12,1012,40480000,40480100,3180,5299,40520000,29334
12,1013,40520000,40520100,3180,5299,40560000,29368
12,1014,40560000,40560100,3180,5299,40600000,29393
12,1015,40600000,40600100,3180,5299,40640000,29421
12,1016,40640000,40640100,3180,5299,40680000,29455
12,1017,40680000,40680100,3180,5299,40720000,29479
12,1018,40720000,40720100,3180,5299,40760000,29510
12,1019,40760000,40760100,3180,5299,40800000,29541
12,102,4080000,4080100,3180,5299,4120000,2975
12,1020,40800000,40800100,3180,5299,40840000,29566
12,1021,40840000,40840100,3180,5299,40880000,29596
12,1022,40880000,40880100,3180,5299,40920000,29627
12,1023,40920000,40920100,3180,5299,40960000,29654
12,1024,40960000,40960100,3180,5299,41000000,29683
12,1025,41000000,41000100,3180,5299,41040000,29715
12,1026,41040000,41040100,3180,5299,41080000,29740
12,1027,41080000,41080100,3180,5299,41120000,29769
12,1028,41120000,41120100,3180,5299,41160000,29802
12,1029,41160000,41160100,3180,5299,41200000,29828
12,103,4120000,4120100,3180,5299,4160000,3006
12,1030,41200000,41200100,3180,5299,41240000,29856
12,1031,41240000,41240100,3180,5299,41280000,29889
12,1032,41280000,41280100,3180,5299,41320000,29914
12,1033,41320000,41320100,3180,5299,41360000,29943
12,1034,41360000,41360100,3180,5299,41400000,29976
12,1035,41400000,41400100,3180,5299,41440000,30000
12,1036,41440000,41440100,3180,5299,41480000,30031
12,1037,41480000,41480100,3180,5299,41520000,30062
12,1038,41520000,41520100,3180,5299,41560000,30088
12,1039,41560000,41560100,3180,5299,41600000,30118
12,104,4160000,4160100,3180,5299,4200000,3038
12,1040,41600000,41600100,3180,5299,41640000,30149
12,1041,41640000,41640100,3180,5299,41680000,30175
12,1042,41680000,41680100,3180,5299,41720000,30203
12,1043,41720000,41720100,3180,5299,41760000,30237
12,1044,41760000,41760100,3180,5299,41800000,30262
12,1045,41800000,41800100,3180,5299,41840000,30290
12,1046,41840000,41840100,3180,5299,41880000,30324
12,1047,41880000,41880100,3180,5299,41920000,30348
12,1048,41920000,41920100,3180,5299,41960000,30378
12,1049,41960000,41960100,3180,5299,42000000,30410
12,105,4200000,4200100,3180,5299,4240000,3063
12,1050,42000000,42000100,3180,5299,42040000,30435
12,1051,42040000,42040100,3180,5299,42080000,30466
12,1052,42080000,42080100,3180,5299,42120000,30496
12,1053,42120000,42120100,3180,5299,42160000,30523
12,1054,42160000,42160100,3180,5299,42200000,30552
12,1055,42200000,42200100,3180,5299,42240000,30583
12,1056,42240000,42240100,3180,5299,42280000,30609
12,1057,42280000,42280100,3180,5299,42320000,30638
12,1058,42320000,42320100,3180,5299,42360000,30672
12,1059,42360000,42360100,3180,5299,42400000,30696
12,106,4240000,4240100,3180,5299,4280000,3093
12,1060,42400000,42400100,3180,5299,42440000,30725
12,1061,42440000,42440100,3180,5299,42480000,30758
12,1062,42480000,42480100,3180,5299,42520000,30783
12,1063,42520000,42520100,3180,5299,42560000,30812
12,1064,42560000,42560100,3180,5299,42600000,30845
12,1065,42600000,42600100,3180,5299,42640000,30870
12,1066,42640000,42640100,3180,5299,42680000,30899
12,1067,42680000,42680100,3180,5299,42720000,30931
12,1068,42720000,42720100,3180,5299,42760000,30957
12,1069,42760000,42760100,3180,5299,42800000,30987
12,107,4280000,4280100,3180,5299,4320000,3124
12,1070,42800000,42800100,3180,5299,42840000,31017
12,1071,42840000,42840100,3180,5299,42880000,31044
12,1072,42880000,42880100,3180,5299,42920000,31073
12,1073,42920000,42920100,3180,5299,42960000,31106
12,1074,42960000,42960100,3180,5299,43000000,31131
12,1075,43000000,43000100,3180,5299,43040000,31159
12,1076,43040000,43040100,3180,5299,43080000,31193
12,1077,43080000,43080100,3180,5299,43120000,31216
12,1078,43120000,43120100,3180,5299,43160000,31247
12,1079,43160000,43160100,3180,5299,43200000,31280
12,108,4320000,4320100,3180,5299,4360000,3151
12,1080,43200000,43200100,3180,5299,43240000,31304
12,1081,43240000,43240100,3180,5299,43280000,31334
12,1082,43280000,43280100,3180,5299,43320000,31365
12,1083,43320000,43320100,3180,5299,43360000,31392
12,1084,43360000,43360100,3180,5299,43400000,31421
12,1085,43400000,43400100,3180,5299,43440000,31452
12,1086,43440000,43440100,3180,5299,43480000,31479
12,1087,43480000,43480100,3180,5299,43520000,31507
12,1088,43520000,43520100,3180,5299,43560000,31540
12,1089,43560000,43560100,3180,5299,43600000,31565
12,109,4360000,4360100,3180,5299,4400000,3179
12,1090,43600000,43600100,3180,5299,43640000,31594
12,1091,43640000,43640100,3180,5299,43680000,31627
12,1092,43680000,43680100,3180,5299,43720000,31651
12,1093,43720000,43720100,3180,5299,43760000,31682
12,1094,43760000,43760100,3180,5299,43800000,31714
12,1095,43800000,43800100,3180,5299,43840000,31739
12,1096,43840000,43840100,3180,5299,43880000,31768
12,1097,43880000,43880100,3180,5299,43920000,31800
12,1098,43920000,43920100,3180,5299,43960000,31826
12,1099,43960000,43960100,3180,5299,44000000,31855
12,11,440000,440100,3180,5299,480000,344
12,110,4400000,4400100,3180,5299,4440000,3211
12,1100,44000000,44000100,3180,5299,44040000,31887
12,1101,44040000,44040100,3180,5299,44080000,31913
12,1102,44080000,44080100,3180,5299,44120000,31942
12,1103,44120000,44120100,3180,5299,44160000,31974
12,1104,44160000,44160100,3180,5299,44200000,32000
12,1105,44200000,44200100,3180,5299,44240000,32028
12,1106,44240000,44240100,3180,5299,44280000,32062
12,1107,44280000,44280100,3180,5299,44320000,32086
12,1108,44320000,44320100,3180,5299,44360000,32116
12,1109,44360000,44360100,3180,5299,44400000,32149
12,111,4440000,4440100,3180,5299,4480000,3237
12,1110,44400000,44400100,3180,5299,44440000,32172
12,1111,44440000,44440100,3180,5299,44480000,32203
12,1112,44480000,44480100,3180,5299,44520000,32234
12,1113,44520000,44520100,3180,5299,44560000,32261
12,1114,44560000,44560100,3180,5299,44600000,32290
12,1115,44600000,44600100,3180,5299,44640000,32321
12,1116,44640000,44640100,3180,5299,44680000,32348
12,1117,44680000,44680100,3180,5299,44720000,32376
12,1118,44720000,44720100,3180,5299,44760000,32409
12,1119,44760000,44760100,3180,5299,44800000,32434
12,112,4480000,4480100,3180,5299,4520000,3266
12,1120,44800000,44800100,3180,5299,44840000,32463
12,1121,44840000,44840100,3180,5299,44880000,32496
12,1122,44880000,44880100,3180,5299,44920000,32520
12,1123,44920000,44920100,3180,5299,44960000,32551
12,1124,44960000,44960100,3180,5299,45000000,32583
12,1125,45000000,45000100,3180,5299,45040000,32607
12,1126,45040000,45040100,3180,5299,45080000,32637
12,1127,45080000,45080100,3180,5299,45120000,32669
12,1128,45120000,45120100,3180,5299,45160000,32696
12,1129,45160000,45160100,3180,5299,45200000,32724
12,113,4520000,4520100,3180,5299,4560000,3299
12,1130,45200000,45200100,3180,5299,45240000,32756
12,1131,45240000,45240100,3180,5299,45280000,32782
12,1132,45280000,45280100,3180,5299,45320000,32810
12,1133,45320000,45320100,3180,5299,45360000,32843
12,1134,45360000,45360100,3180,5299,45400000,32869
12,1135,45400000,45400100,3180,5299,45440000,32898
12,1136,45440000,45440100,3180,5299,45480000,32930
12,1137,45480000,45480100,3180,5299,45520000,32955
12,1138,45520000,45520100,3180,5299,45560000,32985
12,1139,45560000,45560100,3180,5299,45600000,33018
12,114,4560000,4560100,3180,5299,4600000,3324
12,1140,45600000,45600100,3180,5299,45640000,33041
12,1141,45640000,45640100,3180,5299,45680000,33072
12,1142,45680000,45680100,3180,5299,45720000,33104
12,1143,45720000,45720100,3180,5299,45760000,33129
12,1144,45760000,45760100,3180,5299,45800000,33159
12,1145,45800000,45800100,3180,5299,45840000,33190
12,1146,45840000,45840100,3180,5299,45880000,33217
12,1147,45880000,45880100,3180,5299,45920000,33244
12,1148,45920000,45920100,3180,5299,45960000,33278
12,1149,45960000,45960100,3180,5299,46000000,33304
12,115,4600000,4600100,3180,5299,4640000,3353
12,1150,46000000,46000100,3180,5299,46040000,33332
12,1151,46040000,46040100,3180,5299,46080000,33365
12,1152,46080000,46080100,3180,5299,46120000,33389
12,1153,46120000,46120100,3180,5299,46160000,33420
12,1154,46160000,46160100,3180,5299,46200000,33451
12,116,4640000,4640100,3180,5299,4680000,3386
12,117,4680000,4680100,3180,5299,4720000,3410
12,118,4720000,4720100,3180,5299,4760000,3440
12,119,4760000,4760100,3180,5299,4800000,3473
12,12,480000,480100,3180,5299,520000,369
12,120,4800000,4800100,3180,5299,4840000,3497
12,121,4840000,4840100,3180,5299,4880000,3527
12,122,4880000,4880100,3180,5299,4920000,3559
12,123,4920000,4920100,3180,5299,4960000,3585
12,124,4960000,4960100,3180,5299,5000000,3614
12,125,5000000,5000100,3180,5299,5040000,3645
12,126,5040000,5040100,3180,5299,5080000,3672
12,127,5080000,5080100,3180,5299,5120000,3701
12,128,5120000,5120100,3180,5299,5160000,3733
12,129,5160000,5160100,3180,5299,5200000,3759
12,13,520000,520100,3180,5299,560000,399
12,130,5200000,5200100,3180,5299,5240000,3787
12,131,5240000,5240100,3180,5299,5280000,3820
12,132,5280000,5280100,3180,5299,5320000,3844
12,133,5320000,5320100,3180,5299,5360000,3875
12,134,5360000,5360100,3180,5299,5400000,3908
12,135,5400000,5400100,3180,5299,5440000,3931
12,136,5440000,5440100,3180,5299,5480000,3962
12,137,5480000,5480100,3180,5299,5520000,3993
12,138,5520000,5520100,3180,5299,5560000,4020
12,139,5560000,5560100,3180,5299,5600000,4048
12,14,560000,560100,3180,5299,600000,431
12,140,5600000,5600100,3180,5299,5640000,4080
12,141,5640000,5640100,3180,5299,5680000,4107
12,142,5680000,5680100,3180,5299,5720000,4134
12,143,5720000,5720100,3180,5299,5760000,4168
12,144,5760000,5760100,3180,5299,5800000,4193
12,145,5800000,5800100,3180,5299,5840000,4222
12,146,5840000,5840100,3180,5299,5880000,4254
12,147,5880000,5880100,3180,5299,5920000,4279
12,148,5920000,5920100,3180,5299,5960000,4310
12,149,5960000,5960100,3180,5299,6000000,4342
12,15,600000,600100,3180,5299,640000,456
12,150,6000000,6000100,3180,5299,6040000,4366
12,151,6040000,6040100,3180,5299,6080000,4396
12,152,6080000,6080100,3180,5299,6120000,4428
12,153,6120000,6120100,3180,5299,6160000,4453
12,154,6160000,6160100,3180,5299,6200000,4483
12,155,6200000,6200100,3180,5299,6240000,4515
12,156,6240000,6240100,3180,5299,6280000,4541
12,157,6280000,6280100,3180,5299,6320000,4569
12,158,6320000,6320100,3180,5299,6360000,4602
12,159,6360000,6360100,3180,5299,6400000,4628
12,16,640000,640100,3180,5299,680000,486
12,160,6400000,6400100,3180,5299,6440000,4656
12,161,6440000,6440100,3180,5299,6480000,4689
12,162,6480000,6480100,3180,5299,6520000,4714
12,163,6520000,6520100,3180,5299,6560000,4744
12,164,6560000,6560100,3180,5299,6600000,4776
12,165,6600000,6600100,3180,5299,6640000,4800
12,166,6640000,6640100,3180,5299,6680000,4831
12,167,6680000,6680100,3180,5299,6720000,4862
12,168,6720000,6720100,3180,5299,6760000,4888
12,169,6760000,6760100,3180,5299,6800000,4918
12,17,680000,680100,3180,5299,720000,518
12,170,6800000,6800100,3180,5299,6840000,4949
12,171,6840000,6840100,3180,5299,6880000,4976
12,172,6880000,6880100,3180,5299,6920000,5003
12,173,6920000,6920100,3180,5299,6960000,5037
12,174,6960000,6960100,3180,5299,7000000,5062
12,175,7000000,7000100,3180,5299,7040000,5090
12,176,7040000,7040100,3180,5299,7080000,5124
12,177,7080000,7080100,3180,5299,7120000,5148
12,178,7120000,7120100,3180,5299,7160000,5179
12,179,7160000,7160100,3180,5299,7200000,5210
12,18,720000,720100,3180,5299,760000,543
12,180,7200000,7200100,3180,5299,7240000,5235
12,181,7240000,7240100,3180,5299,7280000,5265
12,182,7280000,7280100,3180,5299,7320000,5297
12,183,7320000,7320100,3180,5299,7360000,5323
12,184,7360000,7360100,3180,5299,7400000,5352
12,185,7400000,7400100,3180,5299,7440000,5384
12,186,7440000,7440100,3180,5299,7480000,5409
12,187,7480000,7480100,3180,5299,7520000,5438
12,188,7520000,7520100,3180,5299,7560000,5471
12,189,7560000,7560100,3180,5299,7600000,5497
12,19,760000,760100,3180,5299,800000,573
12,190,7600000,7600100,3180,5299,7640000,5525
12,191,7640000,7640100,3180,5299,7680000,5558
12,192,7680000,7680100,3180,5299,7720000,5583
12,193,7720000,7720100,3180,5299,7760000,5613
12,194,7760000,7760100,3180,5299,7800000,5645
12,195,7800000,7800100,3180,5299,7840000,5669
12,196,7840000,7840100,3180,5299,7880000,5700
12,197,7880000,7880100,3180,5299,7920000,5731
12,198,7920000,7920100,3180,5299,7960000,5757
12,199,7960000,7960100,3180,5299,8000000,5787
12,2,80000,80100,3180,5299,120000,83
12,20,800000,800100,3180,5299,840000,604
12,200,8000000,8000100,3180,5299,8040000,5818
12,201,8040000,8040100,3180,5299,8080000,5844
12,202,8080000,8080100,3180,5299,8120000,5872
12,203,8120000,8120100,3180,5299,8160000,5906
12,204,8160000,8160100,3180,5299,8200000,5932
12,205,8200000,8200100,3180,5299,8240000,5959
12,206,8240000,8240100,3180,5299,8280000,5993
12,207,8280000,8280100,3180,5299,8320000,6017
12,208,8320000,8320100,3180,5299,8360000,6047
12,209,8360000,8360100,3180,5299,8400000,6079
12,21,840000,840100,3180,5299,880000,630
12,210,8400000,8400100,3180,5299,8440000,6104
12,211,8440000,8440100,3180,5299,8480000,6135
12,212,8480000,8480100,3180,5299,8520000,6165
12,213,8520000,8520100,3180,5299,8560000,6192
12,214,8560000,8560100,3180,5299,8600000,6221
12,215,8600000,8600100,3180,5299,8640000,6253
12,216,8640000,8640100,3180,5299,8680000,6278
12,217,8680000,8680100,3180,5299,8720000,6307
12,218,8720000,8720100,3180,5299,8760000,6341
12,219,8760000,8760100,3180,5299,8800000,6365
12,22,880000,880100,3180,5299,920000,659
12,220,8800000,8800100,3180,5299,8840000,6394
12,221,8840000,8840100,3180,5299,8880000,6427
12,222,8880000,8880100,3180,5299,8920000,6452
12,223,8920000,8920100,3180,5299,8960000,6481
12,224,8960000,8960100,3180,5299,9000000,6514
12,225,9000000,9000100,3180,5299,9040000,6539
12,226,9040000,9040100,3180,5299,9080000,6569
12,227,9080000,9080100,3180,5299,9120000,6600
12,228,9120000,9120100,3180,5299,9160000,6626
12,229,9160000,9160100,3180,5299,9200000,6656
12,23,920000,920100,3180,5299,960000,692
12,230,9200000,9200100,3180,5299,9240000,6686
12,231,9240000,9240100,3180,5299,9280000,6713
12,232,9280000,9280100,3180,5299,9320000,6742
12,233,9320000,9320100,3180,5299,9360000,6775
12,234,9360000,9360100,3180,5299,9400000,6800
12,235,9400000,9400100,3180,5299,9440000,6828
12,236,9440000,9440100,3180,5299,9480000,6862
12,237,9480000,9480100,3180,5299,9520000,6886
12,238,9520000,9520100,3180,5299,9560000,6916
12,239,9560000,9560100,3180,5299,9600000,6949
12,24,960000,960100,3180,5299,1000000,718
12,240,9600000,9600100,3180,5299,9640000,6973
12,241,9640000,9640100,3180,5299,9680000,7003
12,242,9680000,9680100,3180,5299,9720000,7034
12,243,9720000,9720100,3180,5299,9760000,7061
12,244,9760000,9760100,3180,5299,9800000,7090
12,245,9800000,9800100,3180,5299,9840000,7121
12,246,9840000,9840100,3180,5299,9880000,7148
12,247,9880000,9880100,3180,5299,9920000,7176
12,248,9920000,9920100,3180,5299,9960000,7210
12,249,9960000,9960100,3180,5299,10000000,7234
12,25,1000000,1000100,3180,5299,1040000,745
12,250,10000000,10000100,3180,5299,10040000,7263
12,251,10040000,10040100,3180,5299,10080000,7296
12,252,10080000,10080100,3180,5299,10120000,7320
12,253,10120000,10120100,3180,5299,10160000,7351
12,254,10160000,10160100,3180,5299,10200000,7383
12,255,10200000,10200100,3180,5299,10240000,7408
12,256,10240000,10240100,3180,5299,10280000,7437
12,257,10280000,10280100,3180,5299,10320000,7469
12,258,10320000,10320100,3180,5299,10360000,7495
12,259,10360000,10360100,3180,5299,10400000,7525
12,26,1040000,1040100,3180,5299,1080000,779
12,260,10400000,10400100,3180,5299,10440000,7556
12,261,10440000,10440100,3180,5299,10480000,7582
12,262,10480000,10480100,3180,5299,10520000,7611
12,263,10520000,10520100,3180,5299,10560000,7643
12,264,10560000,10560100,3180,5299,10600000,7669
12,265,10600000,10600100,3180,5299,10640000,7697
12,266,10640000,10640100,3180,5299,10680000,7731
12,267,10680000,10680100,3180,5299,10720000,7755
12,268,10720000,10720100,3180,5299,10760000,7785
12,269,10760000,10760100,3180,5299,10800000,7818
12,27,1080000,1080100,3180,5299,1120000,803
12,270,10800000,10800100,3180,5299,10840000,7842
12,271,10840000,10840100,3180,5299,10880000,7872
12,272,10880000,10880100,3180,5299,10920000,7903
12,273,10920000,10920100,3180,5299,10960000,7930
12,274,10960000,10960100,3180,5299,11000000,7959
12,275,11000000,11000100,3180,5299,11040000,7990
12,276,11040000,11040100,3180,5299,11080000,8017
12,277,11080000,11080100,3180,5299,11120000,8045
12,278,11120000,11120100,3180,5299,11160000,8078
12,279,11160000,11160100,3180,5299,11200000,8103
12,28,1120000,1120100,3180,5299,1160000,834
12,280,11200000,11200100,3180,5299,11240000,8132
12,281,11240000,11240100,3180,5299,11280000,8166
12,282,11280000,11280100,3180,5299,11320000,8189
12,283,11320000,11320100,3180,5299,11360000,8220
12,284,11360000,11360100,3180,5299,11400000,8252
12,285,11400000,11400100,3180,5299,11440000,8276
12,286,11440000,11440100,3180,5299,11480000,8306
12,287,11480000,11480100,3180,5299,11520000,8338
12,288,11520000,11520100,3180,5299,11560000,8365
12,289,11560000,11560100,3180,5299,11600000,8393
12,29,1160000,1160100,3180,5299,1200000,866
12,290,11600000,11600100,3180,5299,11640000,8425
12,291,11640000,11640100,3180,5299,11680000,8451
12,292,11680000,11680100,3180,5299,11720000,8480
12,293,11720000,11720100,3180,5299,11760000,8512
12,294,11760000,11760100,3180,5299,11800000,8538
12,295,11800000,11800100,3180,5299,11840000,8567
12,296,11840000,11840100,3180,5299,11880000,8599
12,297,11880000,11880100,3180,5299,11920000,8624
12,298,11920000,11920100,3180,5299,11960000,8654
12,299,11960000,11960100,3180,5299,12000000,8687
12,3,120000,120100,3180,5299,160000,109
12,30,1200000,1200100,3180,5299,1240000,890
12,300,12000000,12000100,3180,5299,12040000,8710
12,301,12040000,12040100,3180,5299,12080000,8741
12,302,12080000,12080100,3180,5299,12120000,8773
12,303,12120000,12120100,3180,5299,12160000,8799
12,304,12160000,12160100,3180,5299,12200000,8828
12,305,12200000,12200100,3180,5299,12240000,8859
12,306,12240000,12240100,3180,5299,12280000,8886
12,307,12280000,12280100,3180,5299,12320000,8913
12,308,12320000,12320100,3180,5299,12360000,8947
12,309,12360000,12360100,3180,5299,12400000,8973
12,31,1240000,1240100,3180,5299,1280000,921
12,310,12400000,12400100,3180,5299,12440000,9001
12,311,12440000,12440100,3180,5299,12480000,9034
12,312,12480000,12480100,3180,5299,12520000,9058
12,313,12520000,12520100,3180,5299,12560000,9089
12,314,12560000,12560100,3180,5299,12600000,9121
12,315,12600000,12600100,3180,5299,12640000,9145
12,316,12640000,12640100,3180,5299,12680000,9176
12,317,12680000,12680100,3180,5299,12720000,9207
12,318,12720000,12720100,3180,5299,12760000,9233
12,319,12760000,12760100,3180,5299,12800000,9262
12,32,1280000,1280100,3180,5299,1320000,951
12,320,12800000,12800100,3180,5299,12840000,9294
12,321,12840000,12840100,3180,5299,12880000,9320
12,322,12880000,12880100,3180,5299,12920000,9348
12,323,12920000,12920100,3180,5299,12960000,9382
12,324,12960000,12960100,3180,5299,13000000,9407
12,325,13000000,13000100,3180,5299,13040000,9436
12,326,13040000,13040100,3180,5299,13080000,9468
12,327,13080000,13080100,3180,5299,13120000,9493
12,328,13120000,13120100,3180,5299,13160000,9523
12,329,13160000,13160100,3180,5299,13200000,9555
12,33,1320000,1320100,3180,5299,1360000,978
12,330,13200000,13200100,3180,5299,13240000,9580
12,331,13240000,13240100,3180,5299,13280000,9610
12,332,13280000,13280100,3180,5299,13320000,9642
12,333,13320000,13320100,3180,5299,13360000,9667
12,334,13360000,13360100,3180,5299,13400000,9697
12,335,13400000,13400100,3180,5299,13440000,9728
12,336,13440000,13440100,3180,5299,13480000,9755
12,337,13480000,13480100,3180,5299,13520000,9783
12,338,13520000,13520100,3180,5299,13560000,9816
12,339,13560000,13560100,3180,5299,13600000,9842
12,34,1360000,1360100,3180,5299,1400000,1007
12,340,13600000,13600100,3180,5299,13640000,9869
12,341,13640000,13640100,3180,5299,13680000,9903
12,342,13680000,13680100,3180,5299,13720000,9927
12,343,13720000,13720100,3180,5299,13760000,9958
12,344,13760000,13760100,3180,5299,13800000,9990
12,345,13800000,13800100,3180,5299,13840000,10014
12,346,13840000,13840100,3180,5299,13880000,10045
12,347,13880000,13880100,3180,5299,13920000,10076
12,348,13920000,13920100,3180,5299,13960000,10102
12,349,13960000,13960100,3180,5299,14000000,10131
12,35,1400000,1400100,3180,5299,1440000,1039
12,350,14000000,14000100,3180,5299,14040000,10163
12,351,14040000,14040100,3180,5299,14080000,10189
12,352,14080000,14080100,3180,5299,14120000,10217
12,353,14120000,14120100,3180,5299,14160000,10251
12,354,14160000,14160100,3180,5299,14200000,10276
12,355,14200000,14200100,3180,5299,14240000,10304
12,356,14240000,14240100,3180,5299,14280000,10337
12,357,14280000,14280100,3180,5299,14320000,10362
12,358,14320000,14320100,3180,5299,14360000,10393
12,359,14360000,14360100,3180,5299,14400000,10424
12,36,1440000,1440100,3180,5299,1480000,1065
12,360,14400000,14400100,3180,5299,14440000,10449
12,361,14440000,14440100,3180,5299,14480000,10479
12,362,14480000,14480100,3180,5299,14520000,10510
12,363,14520000,14520100,3180,5299,14560000,10536
12,364,14560000,14560100,3180,5299,14600000,10566
12,365,14600000,14600100,3180,5299,14640000,10598
12,366,14640000,14640100,3180,5299,14680000,10623
12,367,14680000,14680100,3180,5299,14720000,10652
12,368,14720000,14720100,3180,5299,14760000,10685
12,369,14760000,14760100,3180,5299,14800000,10711
12,37,1480000,1480100,3180,5299,1520000,1093
12,370,14800000,14800100,3180,5299,14840000,10738
12,371,14840000,14840100,3180,5299,14880000,10772
12,372,14880000,14880100,3180,5299,14920000,10797
12,373,14920000,14920100,3180,5299,14960000,10826
12,374,14960000,14960100,3180,5299,15000000,10859
12,375,15000000,15000100,3180,5299,15040000,10883
12,376,15040000,15040100,3180,5299,15080000,10914
12,377,15080000,15080100,3180,5299,15120000,10944
12,378,15120000,15120100,3180,5299,15160000,10971
12,379,15160000,15160100,3180,5299,15200000,11001
12,38,1520000,1520100,3180,5299,1560000,1127
12,380,15200000,15200100,3180,5299,15240000,11032
12,381,15240000,15240100,3180,5299,15280000,11058
12,382,15280000,15280100,3180,5299,15320000,11086
12,383,15320000,15320100,3180,5299,15360000,11120
12,384,15360000,15360100,3180,5299,15400000,11144
12,385,15400000,15400100,3180,5299,15440000,11173
12,386,15440000,15440100,3180,5299,15480000,11207
12,387,15480000,15480100,3180,5299,15520000,11231
12,388,15520000,15520100,3180,5299,15560000,11261
12,389,15560000,15560100,3180,5299,15600000,11293
12,39,1560000,1560100,3180,5299,1600000,1152
12,390,15600000,15600100,3180,5299,15640000,11318
12,391,15640000,15640100,3180,5299,15680000,11348
12,392,15680000,15680100,3180,5299,15720000,11379
12,393,15720000,15720100,3180,5299,15760000,11406
12,394,15760000,15760100,3180,5299,15800000,11435
12,395,15800000,15800100,3180,5299,15840000,11466
12,396,15840000,15840100,3180,5299,15880000,11492
12,397,15880000,15880100,3180,5299,15920000,11521
12,398,15920000,15920100,3180,5299,15960000,11554
12,399,15960000,15960100,3180,5299,16000000,11579
12,4,160000,160100,3180,5299,200000,138
12,40,1600000,1600100,3180,5299,1640000,1180
12,400,16000000,16000100,3180,5299,16040000,11608
12,401,16040000,16040100,3180,5299,16080000,11641
12,402,16080000,16080100,3180,5299,16120000,11666
12,403,16120000,16120100,3180,5299,16160000,11695
12,404,16160000,16160100,3180,5299,16200000,11728
12,405,16200000,16200100,3180,5299,16240000,11752
12,406,16240000,16240100,3180,5299,16280000,11782
12,407,16280000,16280100,3180,5299,16320000,11814
12,408,16320000,16320100,3180,5299,16360000,11840
12,409,16360000,16360100,3180,5299,16400000,11870
12,41,1640000,1640100,3180,5299,1680000,1213
12,410,16400000,16400100,3180,5299,16440000,11900
12,411,16440000,16440100,3180,5299,16480000,11927
12,412,16480000,16480100,3180,5299,16520000,11955
12,413,16520000,16520100,3180,5299,16560000,11989
12,414,16560000,16560100,3180,5299,16600000,12014
12,415,16600000,16600100,3180,5299,16640000,12042
12,416,16640000,16640100,3180,5299,16680000,12076
12,417,16680000,16680100,3180,5299,16720000,12099
12,418,16720000,16720100,3180,5299,16760000,12130
12,419,16760000,16760100,3180,5299,16800000,12162
12,42,1680000,1680100,3180,5299,1720000,1238
12,420,16800000,16800100,3180,5299,16840000,12187
12,421,16840000,16840100,3180,5299,16880000,12217
12,422,16880000,16880100,3180,5299,16920000,12248
12,423,16920000,16920100,3180,5299,16960000,12275
12,424,16960000,16960100,3180,5299,17000000,12304
12,425,17000000,17000100,3180,5299,17040000,12335
12,426,17040000,17040100,3180,5299,17080000,12361
12,427,17080000,17080100,3180,5299,17120000,12390
12,428,17120000,17120100,3180,5299,17160000,12423
12,429,17160000,17160100,3180,5299,17200000,12448
12,43,1720000,1720100,3180,5299,1760000,1268
12,430,17200000,17200100,3180,5299,17240000,12477
12,431,17240000,17240100,3180,5299,17280000,12510
12,432,17280000,17280100,3180,5299,17320000,12534
12,433,17320000,17320100,3180,5299,17360000,12564
12,434,17360000,17360100,3180,5299,17400000,12597
12,435,17400000,17400100,3180,5299,17440000,12622
12,436,17440000,17440100,3180,5299,17480000,12651
12,437,17480000,17480100,3180,5299,17520000,12683
12,438,17520000,17520100,3180,5299,17560000,12709
12,439,17560000,17560100,3180,5299,17600000,12738
12,44,1760000,1760100,3180,5299,1800000,1300
12,440,17600000,17600100,3180,5299,17640000,12769
12,441,17640000,17640100,3180,5299,17680000,12796
12,442,17680000,17680100,3180,5299,17720000,12825
12,443,17720000,17720100,3180,5299,17760000,12857
12,444,17760000,17760100,3180,5299,17800000,12883
12,445,17800000,17800100,3180,5299,17840000,12911
12,446,17840000,17840100,3180,5299,17880000,12945
12,447,17880000,17880100,3180,5299,17920000,12968
12,448,17920000,17920100,3180,5299,17960000,12999
12,449,17960000,17960100,3180,5299,18000000,13032
12,45,1800000,1800100,3180,5299,1840000,1325
12,450,18000000,18000100,3180,5299,18040000,13055
12,451,18040000,18040100,3180,5299,18080000,13086
12,452,18080000,18080100,3180,5299,18120000,13117
12,453,18120000,18120100,3180,5299,18160000,13144
12,454,18160000,18160100,3180,5299,18200000,13172
12,455,18200000,18200100,3180,5299,18240000,13204
12,456,18240000,18240100,3180,5299,18280000,13231
12,457,18280000,18280100,3180,5299,18320000,13259
12,458,18320000,18320100,3180,5299,18360000,13292
12,459,18360000,18360100,3180,5299,18400000,13317
12,46,1840000,1840100,3180,5299,1880000,1355
12,460,18400000,18400100,3180,5299,18440000,13346
12,461,18440000,18440100,3180,5299,18480000,13378
12,462,18480000,18480100,3180,5299,18520000,13403
12,463,18520000,18520100,3180,5299,18560000,13434
12,464,18560000,18560100,3180,5299,18600000,13466
12,465,18600000,18600100,3180,5299,18640000,13490
12,466,18640000,18640100,3180,5299,18680000,13520
12,467,18680000,18680100,3180,5299,18720000,13552
12,468,18720000,18720100,3180,5299,18760000,13578
12,469,18760000,18760100,3180,5299,18800000,13607
12,47,1880000,1880100,3180,5299,1920000,1386
12,470,18800000,18800100,3180,5299,18840000,13639
12,471,18840000,18840100,3180,5299,18880000,13665
12,472,18880000,18880100,3180,5299,18920000,13693
12,473,18920000,18920100,3180,5299,18960000,13726
12,474,18960000,18960100,3180,5299,19000000,13752
12,475,19000000,19000100,3180,5299,19040000,13780
12,476,19040000,19040100,3180,5299,19080000,13813
12,477,19080000,19080100,3180,5299,19120000,13838
12,478,19120000,19120100,3180,5299,19160000,13868
12,479,19160000,19160100,3180,5299,19200000,13901
12,48,1920000,1920100,3180,5299,1960000,1412
12,480,19200000,19200100,3180,5299,19240000,13924
12,481,19240000,19240100,3180,5299,19280000,13955
12,482,19280000,19280100,3180,5299,19320000,13986
12,483,19320000,19320100,3180,5299,19360000,14012
12,484,19360000,19360100,3180,5299,19400000,14042
12,485,19400000,19400100,3180,5299,19440000,14073
12,486,19440000,19440100,3180,5299,19480000,14100
12,487,19480000,19480100,3180,5299,19520000,14127
12,488,19520000,19520100,3180,5299,19560000,14161
12,489,19560000,19560100,3180,5299,19600000,14186
12,49,1960000,1960100,3180,5299,2000000,1442
12,490,19600000,19600100,3180,5299,19640000,14215
12,491,19640000,19640100,3180,5299,19680000,14248
12,492,19680000,19680100,3180,5299,19720000,14272
12,493,19720000,19720100,3180,5299,19760000,14303
12,494,19760000,19760100,3180,5299,19800000,14334
12,495,19800000,19800100,3180,5299,19840000,14359
12,496,19840000,19840100,3180,5299,19880000,14389
12,497,19880000,19880100,3180,5299,19920000,14421
12,498,19920000,19920100,3180,5299,19960000,14447
12,499,19960000,19960100,3180,5299,20000000,14476
12,5,200000,200100,3180,5299,240000,170
12,50,2000000,2000100,3180,5299,2040000,1474
12,500,20000000,20000100,3180,5299,20040000,14508
12,501,20040000,20040100,3180,5299,20080000,14534
12,502,20080000,20080100,3180,5299,20120000,14562
12,503,20120000,20120100,3180,5299,20160000,14595
12,504,20160000,20160100,3180,5299,20200000,14621
12,505,20200000,20200100,3180,5299,20240000,14649
12,506,20240000,20240100,3180,5299,20280000,14682
12,507,20280000,20280100,3180,5299,20320000,14707
12,508,20320000,20320100,3180,5299,20360000,14737
12,509,20360000,20360100,3180,5299,20400000,14769
12,51,2040000,2040100,3180,5299,2080000,1499
12,510,20400000,20400100,3180,5299,20440000,14793
12,511,20440000,20440100,3180,5299,20480000,14824
12,512,20480000,20480100,3180,5299,20520000,14856
12,513,20520000,20520100,3180,5299,20560000,14881
12,514,20560000,20560100,3180,5299,20600000,14911
12,515,20600000,20600100,3180,5299,20640000,14942
12,516,20640000,20640100,3180,5299,20680000,14968
12,517,20680000,20680100,3180,5299,20720000,14996
12,518,20720000,20720100,3180,5299,20760000,15030
12,519,20760000,20760100,3180,5299,20800000,15056
12,52,2080000,2080100,3180,5299,2120000,1528
12,520,20800000,20800100,3180,5299,20840000,15083
12,521,20840000,20840100,3180,5299,20880000,15117
12,522,20880000,20880100,3180,5299,20920000,15141
12,523,20920000,20920100,3180,5299,20960000,15172
12,524,20960000,20960100,3180,5299,21000000,15203
12,525,21000000,21000100,3180,5299,21040000,15228
12,526,21040000,21040100,3180,5299,21080000,15259
12,527,21080000,21080100,3180,5299,21120000,15289
12,528,21120000,21120100,3180,5299,21160000,15316
12,529,21160000,21160100,3180,5299,21200000,15345
12,53,2120000,2120100,3180,5299,2160000,1561
12,530,21200000,21200100,3180,5299,21240000,15377
12,531,21240000,21240100,3180,5299,21280000,15402
12,532,21280000,21280100,3180,5299,21320000,15431
12,533,21320000,21320100,3180,5299,21360000,15465
12,534,21360000,21360100,3180,5299,21400000,15490
12,535,21400000,21400100,3180,5299,21440000,15518
12,536,21440000,21440100,3180,5299,21480000,15551
12,537,21480000,21480100,3180,5299,21520000,15576
12,538,21520000,21520100,3180,5299,21560000,15605
12,539,21560000,21560100,3180,5299,21600000,15638
12,54,2160000,2160100,3180,5299,2200000,1586
12,540,21600000,21600100,3180,5299,21640000,15663
12,541,21640000,21640100,3180,5299,21680000,15693
12,542,21680000,21680100,3180,5299,21720000,15724
12,543,21720000,21720100,3180,5299,21760000,15750
12,544,21760000,21760100,3180,5299,21800000,15780
12,545,21800000,21800100,3180,5299,21840000,15811
12,546,21840000,21840100,3180,5299,21880000,15837
12,547,21880000,21880100,3180,5299,21920000,15866
12,548,21920000,21920100,3180,5299,21960000,15899
12,549,21960000,21960100,3180,5299,22000000,15924
12,55,2200000,2200100,3180,5299,2240000,1614
12,550,22000000,22000100,3180,5299,22040000,15952
12,551,22040000,22040100,3180,5299,22080000,15986
12,552,22080000,22080100,3180,5299,22120000,16010
12,553,22120000,22120100,3180,5299,22160000,16040
12,554,22160000,22160100,3180,5299,22200000,16073
12,555,22200000,22200100,3180,5299,22240000,16097
12,556,22240000,22240100,3180,5299,22280000,16128
12,557,22280000,22280100,3180,5299,22320000,16158
12,558,22320000,22320100,3180,5299,22360000,16185
12,559,22360000,22360100,3180,5299,22400000,16214
12,56,2240000,2240100,3180,5299,2280000,1648
12,560,22400000,22400100,3180,5299,22440000,16245
12,561,22440000,22440100,3180,5299,22480000,16272
12,562,22480000,22480100,3180,5299,22520000,16300
12,563,22520000,22520100,3180,5299,22560000,16334
12,564,22560000,22560100,3180,5299,22600000,16358
12,565,22600000,22600100,3180,5299,22640000,16387
12,566,22640000,22640100,3180,5299,22680000,16420
12,567,22680000,22680100,3180,5299,22720000,16445
12,568,22720000,22720100,3180,5299,22760000,16475
12,569,22760000,22760100,3180,5299,22800000,16507
12,57,2280000,2280100,3180,5299,2320000,1673
12,570,22800000,22800100,3180,5299,22840000,16532
12,571,22840000,22840100,3180,5299,22880000,16561
12,572,22880000,22880100,3180,5299,22920000,16593
12,573,22920000,22920100,3180,5299,22960000,16619
12,574,22960000,22960100,3180,5299,23000000,16649
12,575,23000000,23000100,3180,5299,23040000,16680
12,576,23040000,23040100,3180,5299,23080000,16706
12,577,23080000,23080100,3180,5299,23120000,16735
12,578,23120000,23120100,3180,5299,23160000,16768
12,579,23160000,23160100,3180,5299,23200000,16793
12,58,2320000,2320100,3180,5299,2360000,1702
12,580,23200000,23200100,3180,5299,23240000,16821
12,581,23240000,23240100,3180,5299,23280000,16855
12,582,23280000,23280100,3180,5299,23320000,16879
12,583,23320000,23320100,3180,5299,23360000,16909
12,584,23360000,23360100,3180,5299,23400000,16942
12,585,23400000,23400100,3180,5299,23440000,16966
12,586,23440000,23440100,3180,5299,23480000,16996
12,587,23480000,23480100,3180,5299,23520000,17027
12,588,23520000,23520100,3180,5299,23560000,17054
12,589,23560000,23560100,3180,5299,23600000,17084
12,59,2360000,2360100,3180,5299,2400000,1735
12,590,23600000,23600100,3180,5299,23640000,17114
12,591,23640000,23640100,3180,5299,23680000,17141
12,592,23680000,23680100,3180,5299,23720000,17169
12,593,23720000,23720100,3180,5299,23760000,17202
12,594,23760000,23760100,3180,5299,23800000,17227
12,595,23800000,23800100,3180,5299,23840000,17256
12,596,23840000,23840100,3180,5299,23880000,17290
12,597,23880000,23880100,3180,5299,23920000,17313
12,598,23920000,23920100,3180,5299,23960000,17344
12,599,23960000,23960100,3180,5299,24000000,17376
12,6,240000,240100,3180,5299,280000,196
12,60,2400000,2400100,3180,5299,2440000,1759
12,600,24000000,24000100,3180,5299,24040000,17401
12,601,24040000,24040100,3180,5299,24080000,17430
12,602,24080000,24080100,3180,5299,24120000,17462
12,603,24120000,24120100,3180,5299,24160000,17489
12,604,24160000,24160100,3180,5299,24200000,17517
12,605,24200000,24200100,3180,5299,24240000,17549
12,606,24240000,24240100,3180,5299,24280000,17575
12,607,24280000,24280100,3180,5299,24320000,17604
12,608,24320000,24320100,3180,5299,24360000,17636
12,609,24360000,24360100,3180,5299,24400000,17662
12,61,2440000,2440100,3180,5299,2480000,1790
12,610,24400000,24400100,3180,5299,24440000,17691
12,611,24440000,24440100,3180,5299,24480000,17724
12,612,24480000,24480100,3180,5299,24520000,17748
12,613,24520000,24520100,3180,5299,24560000,17778
12,614,24560000,24560100,3180,5299,24600000,17811
12,615,24600000,24600100,3180,5299,24640000,17834
12,616,24640000,24640100,3180,5299,24680000,17865
12,617,24680000,24680100,3180,5299,24720000,17897
12,618,24720000,24720100,3180,5299,24760000,17923
12,619,24760000,24760100,3180,5299,24800000,17952
12,62,2480000,2480100,3180,5299,2520000,1820
12,620,24800000,24800100,3180,5299,24840000,17983
12,621,24840000,24840100,3180,5299,24880000,18010
12,622,24880000,24880100,3180,5299,24920000,18038
12,623,24920000,24920100,3180,5299,24960000,18071
12,624,24960000,24960100,3180,5299,25000000,18097
12,625,25000000,25000100,3180,5299,25040000,18125
12,626,25040000,25040100,3180,5299,25080000,18158
12,627,25080000,25080100,3180,5299,25120000,18182
12,628,25120000,25120100,3180,5299,25160000,18213
12,629,25160000,25160100,3180,5299,25200000,18245
12,63,2520000,2520100,3180,5299,2560000,1847
12,630,25200000,25200100,3180,5299,25240000,18269
12,631,25240000,25240100,3180,5299,25280000,18300
12,632,25280000,25280100,3180,5299,25320000,18331
12,633,25320000,25320100,3180,5299,25360000,18358
12,634,25360000,25360100,3180,5299,25400000,18386
12,635,25400000,25400100,3180,5299,25440000,18418
12,636,25440000,25440100,3180,5299,25480000,18444
12,637,25480000,25480100,3180,5299,25520000,18472
12,638,25520000,25520100,3180,5299,25560000,18506
12,639,25560000,25560100,3180,5299,25600000,18531
12,64,2560000,2560100,3180,5299,2600000,1877
12,640,25600000,25600100,3180,5299,25640000,18560
12,641,25640000,25640100,3180,5299,25680000,18592
12,642,25680000,25680100,3180,5299,25720000,18617
12,643,25720000,25720100,3180,5299,25760000,18647
12,644,25760000,25760100,3180,5299,25800000,18680
12,645,25800000,25800100,3180,5299,25840000,18704
12,646,25840000,25840100,3180,5299,25880000,18734
12,647,25880000,25880100,3180,5299,25920000,18766
12,648,25920000,25920100,3180,5299,25960000,18791
12,649,25960000,25960100,3180,5299,26000000,18821
12,65,2600000,2600100,3180,5299,2640000,1907
12,650,26000000,26000100,3180,5299,26040000,18852
12,651,26040000,26040100,3180,5299,26080000,18879
12,652,26080000,26080100,3180,5299,26120000,18907
12,653,26120000,26120100,3180,5299,26160000,18940
12,654,26160000,26160100,3180,5299,26200000,18966
12,655,26200000,26200100,3180,5299,26240000,18994
12,656,26240000,26240100,3180,5299,26280000,19027
12,657,26280000,26280100,3180,5299,26320000,19051
12,658,26320000,26320100,3180,5299,26360000,19082
12,659,26360000,26360100,3180,5299,26400000,19114
12,66,2640000,2640100,3180,5299,2680000,1934
12,660,26400000,26400100,3180,5299,26440000,19138
12,661,26440000,26440100,3180,5299,26480000,19169
12,662,26480000,26480100,3180,5299,26520000,19200
12,663,26520000,26520100,3180,5299,26560000,19226
12,664,26560000,26560100,3180,5299,26600000,19255
12,665,26600000,26600100,3180,5299,26640000,19287
12,666,26640000,26640100,3180,5299,26680000,19314
12,667,26680000,26680100,3180,5299,26720000,19341
12,668,26720000,26720100,3180,5299,26760000,19375
12,669,26760000,26760100,3180,5299,26800000,19400
12,67,2680000,2680100,3180,5299,2720000,1962
12,670,26800000,26800100,3180,5299,26840000,19428
12,671,26840000,26840100,3180,5299,26880000,19461
12,672,26880000,26880100,3180,5299,26920000,19486
12,673,26920000,26920100,3180,5299,26960000,19517
12,674,26960000,26960100,3180,5299,27000000,19548
12,675,27000000,27000100,3180,5299,27040000,19573
12,676,27040000,27040100,3180,5299,27080000,19603
12,677,27080000,27080100,3180,5299,27120000,19635
12,678,27120000,27120100,3180,5299,27160000,19660
12,679,27160000,27160100,3180,5299,27200000,19690
12,68,2720000,2720100,3180,5299,2760000,1996
12,680,27200000,27200100,3180,5299,27240000,19722
12,681,27240000,27240100,3180,5299,27280000,19747
12,682,27280000,27280100,3180,5299,27320000,19776
12,683,27320000,27320100,3180,5299,27360000,19809
12,684,27360000,27360100,3180,5299,27400000,19835
12,685,27400000,27400100,3180,5299,27440000,19862
12,686,27440000,27440100,3180,5299,27480000,19896
12,687,27480000,27480100,3180,5299,27520000,19921
12,688,27520000,27520100,3180,5299,27560000,19951
12,689,27560000,27560100,3180,5299,27600000,19983
12,69,2760000,2760100,3180,5299,2800000,2020
12,690,27600000,27600100,3180,5299,27640000,20007
12,691,27640000,27640100,3180,5299,27680000,20038
12,692,27680000,27680100,3180,5299,27720000,20068
12,693,27720000,27720100,3180,5299,27760000,20095
12,694,27760000,27760100,3180,5299,27800000,20125
12,695,27800000,27800100,3180,5299,27840000,20156
12,696,27840000,27840100,3180,5299,27880000,20182
12,697,27880000,27880100,3180,5299,27920000,20210
12,698,27920000,27920100,3180,5299,27960000,20244
12,699,27960000,27960100,3180,5299,28000000,20269
12,7,280000,280100,3180,5299,320000,224
12,70,2800000,2800100,3180,5299,2840000,2049
12,700,28000000,28000100,3180,5299,28040000,20297
12,701,28040000,28040100,3180,5299,28080000,20331
12,702,28080000,28080100,3180,5299,28120000,20355
12,703,28120000,28120100,3180,5299,28160000,20385
12,704,28160000,28160100,3180,5299,28200000,20417
12,705,28200000,28200100,3180,5299,28240000,20442
12,706,28240000,28240100,3180,5299,28280000,20472
12,707,28280000,28280100,3180,5299,28320000,20503
12,708,28320000,28320100,3180,5299,28360000,20530
12,709,28360000,28360100,3180,5299,28400000,20559
12,71,2840000,2840100,3180,5299,2880000,2083
12,710,28400000,28400100,3180,5299,28440000,20591
12,711,28440000,28440100,3180,5299,28480000,20616
12,712,28480000,28480100,3180,5299,28520000,20645
12,713,28520000,28520100,3180,5299,28560000,20678
12,714,28560000,28560100,3180,5299,28600000,20703
12,715,28600000,28600100,3180,5299,28640000,20732
12,716,28640000,28640100,3180,5299,28680000,20765
12,717,28680000,28680100,3180,5299,28720000,20790
12,718,28720000,28720100,3180,5299,28760000,20819
12,719,28760000,28760100,3180,5299,28800000,20852
12,72,2880000,2880100,3180,5299,2920000,2107
12,720,28800000,28800100,3180,5299,28840000,20876
12,721,28840000,28840100,3180,5299,28880000,20907
12,722,28880000,28880100,3180,5299,28920000,20938
12,723,28920000,28920100,3180,5299,28960000,20964
12,724,28960000,28960100,3180,5299,29000000,20994
12,725,29000000,29000100,3180,5299,29040000,21024
12,726,29040000,29040100,3180,5299,29080000,21051
12,727,29080000,29080100,3180,5299,29120000,21079
12,728,29120000,29120100,3180,5299,29160000,21113
12,729,29160000,29160100,3180,5299,29200000,21138
12,73,2920000,2920100,3180,5299,2960000,2137
12,730,29200000,29200100,3180,5299,29240000,21166
12,731,29240000,29240100,3180,5299,29280000,21200
12,732,29280000,29280100,3180,5299,29320000,21224
12,733,29320000,29320100,3180,5299,29360000,21254
12,734,29360000,29360100,3180,5299,29400000,21286
12,735,29400000,29400100,3180,5299,29440000,21311
12,736,29440000,29440100,3180,5299,29480000,21341
12,737,29480000,29480100,3180,5299,29520000,21372
12,738,29520000,29520100,3180,5299,29560000,21399
12,739,29560000,29560100,3180,5299,29600000,21428
12,74,2960000,2960100,3180,5299,3000000,2169
12,740,29600000,29600100,3180,5299,29640000,21459
12,741,29640000,29640100,3180,5299,29680000,21485
12,742,29680000,29680100,3180,5299,29720000,21514
12,743,29720000,29720100,3180,5299,29760000,21548
12,744,29760000,29760100,3180,5299,29800000,21572
12,745,29800000,29800100,3180,5299,29840000,21601
12,746,29840000,29840100,3180,5299,29880000,21634
12,747,29880000,29880100,3180,5299,29920000,21658
12,748,29920000,29920100,3180,5299,29960000,21688
12,749,29960000,29960100,3180,5299,30000000,21721
12,75,3000000,3000100,3180,5299,3040000,2194
12,750,30000000,30000100,3180,5299,30040000,21746
12,751,30040000,30040100,3180,5299,30080000,21775
12,752,30080000,30080100,3180,5299,30120000,21807
12,753,30120000,30120100,3180,5299,30160000,21833
12,754,30160000,30160100,3180,5299,30200000,21863
12,755,30200000,30200100,3180,5299,30240000,21893
12,756,30240000,30240100,3180,5299,30280000,21920
12,757,30280000,30280100,3180,5299,30320000,21949
12,758,30320000,30320100,3180,5299,30360000,21981
12,759,30360000,30360100,3180,5299,30400000,22007
12,76,3040000,3040100,3180,5299,3080000,2223
12,760,30400000,30400100,3180,5299,30440000,22035
12,761,30440000,30440100,3180,5299,30480000,22069
12,762,30480000,30480100,3180,5299,30520000,22092
12,763,30520000,30520100,3180,5299,30560000,22123
12,764,30560000,30560100,3180,5299,30600000,22156
12,765,30600000,30600100,3180,5299,30640000,22180
12,766,30640000,30640100,3180,5299,30680000,22210
12,767,30680000,30680100,3180,5299,30720000,22241
12,768,30720000,30720100,3180,5299,30760000,22268
12,769,30760000,30760100,3180,5299,30800000,22296
12,77,3080000,3080100,3180,5299,3120000,2255
12,770,30800000,30800100,3180,5299,30840000,22328
12,771,30840000,30840100,3180,5299,30880000,22355
12,772,30880000,30880100,3180,5299,30920000,22383
12,773,30920000,30920100,3180,5299,30960000,22416
12,774,30960000,30960100,3180,5299,31000000,22441
12,775,31000000,31000100,3180,5299,31040000,22470
12,776,31040000,31040100,3180,5299,31080000,22503
12,777,31080000,31080100,3180,5299,31120000,22527
12,778,31120000,31120100,3180,5299,31160000,22558
12,779,31160000,31160100,3180,5299,31200000,22590
12,78,3120000,3120100,3180,5299,3160000,2282
12,780,31200000,31200100,3180,5299,31240000,22614
12,781,31240000,31240100,3180,5299,31280000,22644
12,782,31280000,31280100,3180,5299,31320000,22676
12,783,31320000,31320100,3180,5299,31360000,22702
12,784,31360000,31360100,3180,5299,31400000,22731
12,785,31400000,31400100,3180,5299,31440000,22763
12,786,31440000,31440100,3180,5299,31480000,22789
12,787,31480000,31480100,3180,5299,31520000,22818
12,788,31520000,31520100,3180,5299,31560000,22850
12,789,31560000,31560100,3180,5299,31600000,22876
12,79,3160000,3160100,3180,5299,3200000,2311
12,790,31600000,31600100,3180,5299,31640000,22904
12,791,31640000,31640100,3180,5299,31680000,22937
12,792,31680000,31680100,3180,5299,31720000,22962
12,793,31720000,31720100,3180,5299,31760000,22992
12,794,31760000,31760100,3180,5299,31800000,23025
12,795,31800000,31800100,3180,5299,31840000,23048
12,796,31840000,31840100,3180,5299,31880000,23079
12,797,31880000,31880100,3180,5299,31920000,23110
12,798,31920000,31920100,3180,5299,31960000,23137
12,799,31960000,31960100,3180,5299,32000000,23166
12,8,320000,320100,3180,5299,360000,258
12,80,3200000,3200100,3180,5299,3240000,2342
12,800,32000000,32000100,3180,5299,32040000,23197
12,801,32040000,32040100,3180,5299,32080000,23224
12,802,32080000,32080100,3180,5299,32120000,23251
12,803,32120000,32120100,3180,5299,32160000,23285
12,804,32160000,32160100,3180,5299,32200000,23310
12,805,32200000,32200100,3180,5299,32240000,23339
12,806,32240000,32240100,3180,5299,32280000,23372
12,807,32280000,32280100,3180,5299,32320000,23396
12,808,32320000,32320100,3180,5299,32360000,23427
12,809,32360000,32360100,3180,5299,32400000,23459
12,81,3240000,3240100,3180,5299,3280000,2368
12,810,32400000,32400100,3180,5299,32440000,23483
12,811,32440000,32440100,3180,5299,32480000,23513
12,812,32480000,32480100,3180,5299,32520000,23545
12,813,32520000,32520100,3180,5299,32560000,23571
12,814,32560000,32560100,3180,5299,32600000,23600
12,815,32600000,32600100,3180,5299,32640000,23632
12,816,32640000,32640100,3180,5299,32680000,23658
12,817,32680000,32680100,3180,5299,32720000,23686
12,818,32720000,32720100,3180,5299,32760000,23719
12,819,32760000,32760100,3180,5299,32800000,23745
12,82,3280000,3280100,3180,5299,3320000,2397
12,820,32800000,32800100,3180,5299,32840000,23774
12,821,32840000,32840100,3180,5299,32880000,23806
12,822,32880000,32880100,3180,5299,32920000,23831
12,823,32920000,32920100,3180,5299,32960000,23861
12,824,32960000,32960100,3180,5299,33000000,23893
12,825,33000000,33000100,3180,5299,33040000,23917
12,826,33040000,33040100,3180,5299,33080000,23948
12,827,33080000,33080100,3180,5299,33120000,23980
12,828,33120000,33120100,3180,5299,33160000,24005
12,829,33160000,33160100,3180,5299,33200000,24035
12,83,3320000,3320100,3180,5299,3360000,2430
12,830,33200000,33200100,3180,5299,33240000,24066
12,831,33240000,33240100,3180,5299,33280000,24093
12,832,33280000,33280100,3180,5299,33320000,24120
12,833,33320000,33320100,3180,5299,33360000,24154
12,834,33360000,33360100,3180,5299,33400000,24180
12,835,33400000,33400100,3180,5299,33440000,24207
12,836,33440000,33440100,3180,5299,33480000,24241
12,837,33480000,33480100,3180,5299,33520000,24265
12,838,33520000,33520100,3180,5299,33560000,24296
12,839,33560000,33560100,3180,5299,33600000,24327
12,84,3360000,3360100,3180,5299,3400000,2455
12,840,33600000,33600100,3180,5299,33640000,24352
12,841,33640000,33640100,3180,5299,33680000,24383
12,842,33680000,33680100,3180,5299,33720000,24414
12,843,33720000,33720100,3180,5299,33760000,24440
12,844,33760000,33760100,3180,5299,33800000,24469
12,845,33800000,33800100,3180,5299,33840000,24501
12,846,33840000,33840100,3180,5299,33880000,24526
12,847,33880000,33880100,3180,5299,33920000,24555
12,848,33920000,33920100,3180,5299,33960000,24589
12,849,33960000,33960100,3180,5299,34000000,24614
12,85,3400000,3400100,3180,5299,3440000,2484
12,850,34000000,34000100,3180,5299,34040000,24642
12,851,34040000,34040100,3180,5299,34080000,24675
12,852,34080000,34080100,3180,5299,34120000,24700
12,853,34120000,34120100,3180,5299,34160000,24730
12,854,34160000,34160100,3180,5299,34200000,24762
12,855,34200000,34200100,3180,5299,34240000,24787
12,856,34240000,34240100,3180,5299,34280000,24817
12,857,34280000,34280100,3180,5299,34320000,24848
12,858,34320000,34320100,3180,5299,34360000,24874
12,859,34360000,34360100,3180,5299,34400000,24904
12,86,3440000,3440100,3180,5299,3480000,2517
12,860,34400000,34400100,3180,5299,34440000,24935
12,861,34440000,34440100,3180,5299,34480000,24961
12,862,34480000,34480100,3180,5299,34520000,24990
12,863,34520000,34520100,3180,5299,34560000,25023
12,864,34560000,34560100,3180,5299,34600000,25049
12,865,34600000,34600100,3180,5299,34640000,25076
12,866,34640000,34640100,3180,5299,34680000,25110
12,867,34680000,34680100,3180,5299,34720000,25134
12,868,34720000,34720100,3180,5299,34760000,25164
12,869,34760000,34760100,3180,5299,34800000,25197
12,87,3480000,3480100,3180,5299,3520000,2541
12,870,34800000,34800100,3180,5299,34840000,25221
12,871,34840000,34840100,3180,5299,34880000,25252
12,872,34880000,34880100,3180,5299,34920000,25282
12,873,34920000,34920100,3180,5299,34960000,25309
12,874,34960000,34960100,3180,5299,35000000,25338
12,875,35000000,35000100,3180,5299,35040000,25370
12,876,35040000,35040100,3180,5299,35080000,25396
12,877,35080000,35080100,3180,5299,35120000,25424
12,878,35120000,35120100,3180,5299,35160000,25458
12,879,35160000,35160100,3180,5299,35200000,25482
12,88,3520000,3520100,3180,5299,3560000,2571
12,880,35200000,35200100,3180,5299,35240000,25511
12,881,35240000,35240100,3180,5299,35280000,25544
12,882,35280000,35280100,3180,5299,35320000,25569
12,883,35320000,35320100,3180,5299,35360000,25599
12,884,35360000,35360100,3180,5299,35400000,25631
12,885,35400000,35400100,3180,5299,35440000,25656
12,886,35440000,35440100,3180,5299,35480000,25686
12,887,35480000,35480100,3180,5299,35520000,25717
12,888,35520000,35520100,3180,5299,35560000,25743
12,889,35560000,35560100,3180,5299,35600000,25773
12,89,3560000,3560100,3180,5299,3600000,2604
12,890,35600000,35600100,3180,5299,35640000,25804
12,891,35640000,35640100,3180,5299,35680000,25830
12,892,35680000,35680100,3180,5299,35720000,25859
12,893,35720000,35720100,3180,5299,35760000,25892
12,894,35760000,35760100,3180,5299,35800000,25917
12,895,35800000,35800100,3180,5299,35840000,25945
12,896,35840000,35840100,3180,5299,35880000,25979
12,897,35880000,35880100,3180,5299,35920000,26004
12,898,35920000,35920100,3180,5299,35960000,26033
12,899,35960000,35960100,3180,5299,36000000,26066
12,9,360000,360100,3180,5299,400000,283
12,90,3600000,3600100,3180,5299,3640000,2628
12,900,36000000,36000100,3180,5299,36040000,26090
12,901,36040000,36040100,3180,5299,36080000,26120
12,902,36080000,36080100,3180,5299,36120000,26151
12,903,36120000,36120100,3180,5299,36160000,26178
12,904,36160000,36160100,3180,5299,36200000,26208
12,905,36200000,36200100,3180,5299,36240000,26238
12,906,36240000,36240100,3180,5299,36280000,26265
12,907,36280000,36280100,3180,5299,36320000,26293
12,908,36320000,36320100,3180,5299,36360000,26327
12,909,36360000,36360100,3180,5299,36400000,26351
12,91,3640000,3640100,3180,5299,3680000,2658
12,910,36400000,36400100,3180,5299,36440000,26380
12,911,36440000,36440100,3180,5299,36480000,26414
12,912,36480000,36480100,3180,5299,36520000,26437
12,913,36520000,36520100,3180,5299,36560000,26468
12,914,36560000,36560100,3180,5299,36600000,26500
12,915,36600000,36600100,3180,5299,36640000,26525
12,916,36640000,36640100,3180,5299,36680000,26554
12,917,36680000,36680100,3180,5299,36720000,26586
12,918,36720000,36720100,3180,5299,36760000,26613
12,919,36760000,36760100,3180,5299,36800000,26642
12,92,3680000,3680100,3180,5299,3720000,2690
12,920,36800000,36800100,3180,5299,36840000,26673
12,921,36840000,36840100,3180,5299,36880000,26699
12,922,36880000,36880100,3180,5299,36920000,26728
12,923,36920000,36920100,3180,5299,36960000,26760
12,924,36960000,36960100,3180,5299,37000000,26786
12,925,37000000,37000100,3180,5299,37040000,26815
12,926,37040000,37040100,3180,5299,37080000,26848
12,927,37080000,37080100,3180,5299,37120000,26872
12,928,37120000,37120100,3180,5299,37160000,26902
12,929,37160000,37160100,3180,5299,37200000,26935
12,93,3720000,3720100,3180,5299,3760000,2716
12,930,37200000,37200100,3180,5299,37240000,26959
12,931,37240000,37240100,3180,5299,37280000,26989
12,932,37280000,37280100,3180,5299,37320000,27021
12,933,37320000,37320100,3180,5299,37360000,27047
12,934,37360000,37360100,3180,5299,37400000,27076
12,935,37400000,37400100,3180,5299,37440000,27107
12,936,37440000,37440100,3180,5299,37480000,27134
12,937,37480000,37480100,3180,5299,37520000,27162
12,938,37520000,37520100,3180,5299,37560000,27195
12,939,37560000,37560100,3180,5299,37600000,27221
12,94,3760000,3760100,3180,5299,3800000,2746
12,940,37600000,37600100,3180,5299,37640000,27249
12,941,37640000,37640100,3180,5299,37680000,27283
12,942,37680000,37680100,3180,5299,37720000,27306
12,943,37720000,37720100,3180,5299,37760000,27337
12,944,37760000,37760100,3180,5299,37800000,27369
12,945,37800000,37800100,3180,5299,37840000,27393
12,946,37840000,37840100,3180,5299,37880000,27424
12,947,37880000,37880100,3180,5299,37920000,27455
12,948,37920000,37920100,3180,5299,37960000,27482
12,949,37960000,37960100,3180,5299,38000000,27510
12,95,3800000,3800100,3180,5299,3840000,2776
12,950,38000000,38000100,3180,5299,38040000,27542
12,951,38040000,38040100,3180,5299,38080000,27568
12,952,38080000,38080100,3180,5299,38120000,27597
12,953,38120000,38120100,3180,5299,38160000,27630
12,954,38160000,38160100,3180,5299,38200000,27655
12,955,38200000,38200100,3180,5299,38240000,27684
12,956,38240000,38240100,3180,5299,38280000,27716
12,957,38280000,38280100,3180,5299,38320000,27741
12,958,38320000,38320100,3180,5299,38360000,27771
12,959,38360000,38360100,3180,5299,38400000,27804
12,96,3840000,3840100,3180,5299,3880000,2803
12,960,38400000,38400100,3180,5299,38440000,27828
12,961,38440000,38440100,3180,5299,38480000,27858
12,962,38480000,38480100,3180,5299,38520000,27890
12,963,38520000,38520100,3180,5299,38560000,27916
12,964,38560000,38560100,3180,5299,38600000,27945
12,965,38600000,38600100,3180,5299,38640000,27976
12,966,38640000,38640100,3180,5299,38680000,28003
12,967,38680000,38680100,3180,5299,38720000,28031
12,968,38720000,38720100,3180,5299,38760000,28064
12,969,38760000,38760100,3180,5299,38800000,28090
12,97,3880000,3880100,3180,5299,3920000,2831
12,970,38800000,38800100,3180,5299,38840000,28118
12,971,38840000,38840100,3180,5299,38880000,28151
12,972,38880000,38880100,3180,5299,38920000,28175
12,973,38920000,38920100,3180,5299,38960000,28206
12,974,38960000,38960100,3180,5299,39000000,28239
12,975,39000000,39000100,3180,5299,39040000,28262
12,976,39040000,39040100,3180,5299,39080000,28293
12,977,39080000,39080100,3180,5299,39120000,28324
12,978,39120000,39120100,3180,5299,39160000,28350
12,979,39160000,39160100,3180,5299,39200000,28379
12,98,3920000,3920100,3180,5299,3960000,2864
12,980,39200000,39200100,3180,5299,39240000,28411
12,981,39240000,39240100,3180,5299,39280000,28438
12,982,39280000,39280100,3180,5299,39320000,28465
12,983,39320000,39320100,3180,5299,39360000,28499
12,984,39360000,39360100,3180,5299,39400000,28524
12,985,39400000,39400100,3180,5299,39440000,28553
12,986,39440000,39440100,3180,5299,39480000,28585
12,987,39480000,39480100,3180,5299,39520000,28610
12,988,39520000,39520100,3180,5299,39560000,28641
12,989,39560000,39560100,3180,5299,39600000,28672
12,99,3960000,3960100,3180,5299,4000000,2890
12,990,39600000,39600100,3180,5299,39640000,28697
12,991,39640000,39640100,3180,5299,39680000,28727
12,992,39680000,39680100,3180,5299,39720000,28759
12,993,39720000,39720100,3180,5299,39760000,28784
12,994,39760000,39760100,3180,5299,39800000,28814
12,995,39800000,39800100,3180,5299,39840000,28846
12,996,39840000,39840100,3180,5299,39880000,28872
12,997,39880000,39880100,3180,5299,39920000,28900
12,998,39920000,39920100,3180,5299,39960000,28933
12,999,39960000,39960100,3180,5299,40000000,28959
13,0,0,100,637,1061,50000,29
13,1,50000,50100,637,1061,100000,66
13,10,500000,500100,637,1061,550000,390
13,100,5000000,5000100,637,1061,5050000,3650
13,101,5050000,5050100,637,1061,5100000,3690
13,102,5100000,5100100,637,1061,5150000,3722
13,103,5150000,5150100,637,1061,5200000,3760
13,104,5200000,5200100,637,1061,5250000,3798
13,105,5250000,5250100,637,1061,5300000,3832
13,106,5300000,5300100,637,1061,5350000,3867
13,107,5350000,5350100,637,1061,5400000,3909
13,108,5400000,5400100,637,1061,5450000,3940
13,109,5450000,5450100,637,1061,5500000,3976
13,11,550000,550100,637,1061,600000,432
13,110,5500000,5500100,637,1061,5550000,4015
13,111,5550000,5550100,637,1061,5600000,4049
13,112,5600000,5600100,637,1061,5650000,4084
13,113,5650000,5650100,637,1061,5700000,4125
13,114,5700000,5700100,637,1061,5750000,4157
13,115,5750000,5750100,637,1061,5800000,4194
13,116,5800000,5800100,637,1061,5850000,4233
13,117,5850000,5850100,637,1061,5900000,4267
13,118,5900000,5900100,637,1061,5950000,4301
13,119,5950000,5950100,637,1061,6000000,4343
13,12,600000,600100,637,1061,650000,464
13,120,6000000,6000100,637,1061,6050000,4374
13,121,6050000,6050100,637,1061,6100000,4411
13,122,6100000,6100100,637,1061,6150000,4449
13,123,6150000,6150100,637,1061,6200000,4484
13,124,6200000,6200100,637,1061,6250000,4519
13,125,6250000,6250100,637,1061,6300000,4559
13,126,6300000,6300100,637,1061,6350000,4591
13,127,6350000,6350100,637,1061,6400000,4629
13,128,6400000,6400100,637,1061,6450000,4668
13,129,6450000,6450100,637,1061,6500000,4701
13,13,650000,650100,637,1061,700000,500
13,130,6500000,6500100,637,1061,6550000,4736
13,131,6550000,6550100,637,1061,6600000,4777
13,132,6600000,6600100,637,1061,6650000,4808
13,133,6650000,6650100,637,1061,6700000,4845
13,134,6700000,6700100,637,1061,6750000,4884
13,135,6750000,6750100,637,1061,6800000,4919
13,136,6800000,6800100,637,1061,6850000,4953
13,137,6850000,6850100,637,1061,6900000,4994
13,138,6900000,6900100,637,1061,6950000,5026
13,139,6950000,6950100,637,1061,7000000,5063
13,14,700000,700100,637,1061,750000,539
13,140,7000000,7000100,637,1061,7050000,5102
13,141,7050000,7050100,637,1061,7100000,5136
13,142,7100000,7100100,637,1061,7150000,5170
13,143,7150000,7150100,637,1061,7200000,5211
13,144,7200000,7200100,637,1061,7250000,5243
13,145,7250000,7250100,637,1061,7300000,5280
13,146,7300000,7300100,637,1061,7350000,5318
13,147,7350000,7350100,637,1061,7400000,5353
13,148,7400000,7400100,637,1061,7450000,5388
13,149,7450000,7450100,637,1061,7500000,5429
13,15,750000,750100,637,1061,800000,574
13,150,7500000,7500100,637,1061,7550000,5460
13,151,7550000,7550100,637,1061,7600000,5498
13,152,7600000,7600100,637,1061,7650000,5537
13,153,7650000,7650100,637,1061,7700000,5569
13,154,7700000,7700100,637,1061,7750000,5604
13,155,7750000,7750100,637,1061,7800000,5646
13,156,7800000,7800100,637,1061,7850000,5678
13,157,7850000,7850100,637,1061,7900000,5714
13,158,7900000,7900100,637,1061,7950000,5753
13,159,7950000,7950100,637,1061,8000000,5788
13,16,800000,800100,637,1061,850000,609
13,160,8000000,8000100,637,1061,8050000,5822
13,161,8050000,8050100,637,1061,8100000,5863
13,162,8100000,8100100,637,1061,8150000,5895
13,163,8150000,8150100,637,1061,8200000,5933
13,164,8200000,8200100,637,1061,8250000,5970
13,165,8250000,8250100,637,1061,8300000,6004
13,166,8300000,8300100,637,1061,8350000,6039
13,167,8350000,8350100,637,1061,8400000,6080
13,168,8400000,8400100,637,1061,8450000,6112
13,169,8450000,8450100,637,1061,8500000,6149
13,17,850000,850100,637,1061,900000,649
13,170,8500000,8500100,637,1061,8550000,6188
13,171,8550000,8550100,637,1061,8600000,6222
13,172,8600000,8600100,637,1061,8650000,6257
13,173,8650000,8650100,637,1061,8700000,6298
13,174,8700000,8700100,637,1061,8750000,6329
13,175,8750000,8750100,637,1061,8800000,6366
13,176,8800000,8800100,637,1061,8850000,6405
13,177,8850000,8850100,637,1061,8900000,6439
13,178,8900000,8900100,637,1061,8950000,6473
13,179,8950000,8950100,637,1061,9000000,6515
13,18,900000,900100,637,1061,950000,681
13,180,9000000,9000100,637,1061,9050000,6547
13,181,9050000,9050100,637,1061,9100000,6583
13,182,9100000,9100100,637,1061,9150000,6622
13,183,9150000,9150100,637,1061,9200000,6657
13,184,9200000,9200100,637,1061,9250000,6692
13,185,9250000,9250100,637,1061,9300000,6732
13,186,9300000,9300100,637,1061,9350000,6763
13,187,9350000,9350100,637,1061,9400000,6801
13,188,9400000,9400100,637,1061,9450000,6839
13,189,9450000,9450100,637,1061,9500000,6873
13,19,950000,950100,637,1061,1000000,719
13,190,9500000,9500100,637,1061,9550000,6908
13,191,9550000,9550100,637,1061,9600000,6950
13,192,9600000,9600100,637,1061,9650000,6981
13,193,9650000,9650100,637,1061,9700000,7018
13,194,9700000,9700100,637,1061,9750000,7057
13,195,9750000,9750100,637,1061,9800000,7091
13,196,9800000,9800100,637,1061,9850000,7126
13,197,9850000,9850100,637,1061,9900000,7166
13,198,9900000,9900100,637,1061,9950000,7198
13,199,9950000,9950100,637,1061,10000000,7235
13,2,100000,100100,637,1061,150000,105
13,20,1000000,1000100,637,1061,1050000,757
13,200,10000000,10000100,637,1061,10050000,7274
13,201,10050000,10050100,637,1061,10100000,7308
13,202,10100000,10100100,637,1061,10150000,7342
13,203,10150000,10150100,637,1061,10200000,7384
13,204,10200000,10200100,637,1061,10250000,7416
13,205,10250000,10250100,637,1061,10300000,7453
13,206,10300000,10300100,637,1061,10350000,7491
13,207,10350000,10350100,637,1061,10400000,7526
13,208,10400000,10400100,637,1061,10450000,7560
13,209,10450000,10450100,637,1061,10500000,7600
13,21,1050000,1050100,637,1061,1100000,790
13,210,10500000,10500100,637,1061,10550000,7632
13,211,10550000,10550100,637,1061,10600000,7670
13,212,10600000,10600100,637,1061,10650000,7709
13,213,10650000,10650100,637,1061,10700000,7742
13,214,10700000,10700100,637,1061,10750000,7777
13,215,10750000,10750100,637,1061,10800000,7819
13,216,10800000,10800100,637,1061,10850000,7850
13,217,10850000,10850100,637,1061,10900000,7887
13,218,10900000,10900100,637,1061,10950000,7926
13,219,10950000,10950100,637,1061,11000000,7960
13,22,1100000,1100100,637,1061,1150000,825
13,220,11000000,11000100,637,1061,11050000,7994
13,221,11050000,11050100,637,1061,11100000,8035
13,222,11100000,11100100,637,1061,11150000,8067
13,223,11150000,11150100,637,1061,11200000,8104
13,224,11200000,11200100,637,1061,11250000,8143
13,225,11250000,11250100,637,1061,11300000,8177
13,226,11300000,11300100,637,1061,11350000,8212
13,227,11350000,11350100,637,1061,11400000,8253
13,228,11400000,11400100,637,1061,11450000,8285
13,229,11450000,11450100,637,1061,11500000,8322
13,23,1150000,1150100,637,1061,1200000,867
13,230,11500000,11500100,637,1061,11550000,8359
13,231,11550000,11550100,637,1061,11600000,8394
13,232,11600000,11600100,637,1061,11650000,8429
13,233,11650000,11650100,637,1061,11700000,8470
13,234,11700000,11700100,637,1061,11750000,8501
13,235,11750000,11750100,637,1061,11800000,8539
13,236,11800000,11800100,637,1061,11850000,8578
13,237,11850000,11850100,637,1061,11900000,8611
13,238,11900000,11900100,637,1061,11950000,8646
13,239,11950000,11950100,637,1061,12000000,8688
13,24,1200000,1200100,637,1061,1250000,898
13,240,12000000,12000100,637,1061,12050000,8720
13,241,12050000,12050100,637,1061,12100000,8755
13,242,12100000,12100100,637,1061,12150000,8794
13,243,12150000,12150100,637,1061,12200000,8829
13,244,12200000,12200100,637,1061,12250000,8863
13,245,12250000,12250100,637,1061,12300000,8904
13,246,12300000,12300100,637,1061,12350000,8936
13,247,12350000,12350100,637,1061,12400000,8974
13,248,12400000,12400100,637,1061,12450000,9012
13,249,12450000,12450100,637,1061,12500000,9046
13,25,1250000,1250100,637,1061,1300000,935
13,250,12500000,12500100,637,1061,12550000,9081
13,251,12550000,12550100,637,1061,12600000,9122
13,252,12600000,12600100,637,1061,12650000,9153
13,253,12650000,12650100,637,1061,12700000,9190
13,254,12700000,12700100,637,1061,12750000,9229
13,255,12750000,12750100,637,1061,12800000,9263
13,256,12800000,12800100,637,1061,12850000,9298
13,257,12850000,12850100,637,1061,12900000,9339
13,258,12900000,12900100,637,1061,12950000,9370
13,259,12950000,12950100,637,1061,13000000,9408
13,26,1300000,1300100,637,1061,1350000,974
13,260,13000000,13000100,637,1061,13050000,9447
13,261,13050000,13050100,637,1061,13100000,9481
13,262,13100000,13100100,637,1061,13150000,9515
13,263,13150000,13150100,637,1061,13200000,9556
13,264,13200000,13200100,637,1061,13250000,9588
13,265,13250000,13250100,637,1061,13300000,9624
13,266,13300000,13300100,637,1061,13350000,9663
13,267,13350000,13350100,637,1061,13400000,9698
13,268,13400000,13400100,637,1061,13450000,9733
13,269,13450000,13450100,637,1061,13500000,9773
13,27,1350000,1350100,637,1061,1400000,1008
13,270,13500000,13500100,637,1061,13550000,9805
13,271,13550000,13550100,637,1061,13600000,9843
13,272,13600000,13600100,637,1061,13650000,9881
13,273,13650000,13650100,637,1061,13700000,9915
13,274,13700000,13700100,637,1061,13750000,9949
13,275,13750000,13750100,637,1061,13800000,9991
13,276,13800000,13800100,637,1061,13850000,10022
13,277,13850000,13850100,637,1061,13900000,10059
13,278,13900000,13900100,637,1061,13950000,10098
13,279,13950000,13950100,637,1061,14000000,10132
13,28,1400000,1400100,637,1061,1450000,1043
13,280,14000000,14000100,637,1061,14050000,10167
13,281,14050000,14050100,637,1061,14100000,10208
13,282,14100000,14100100,637,1061,14150000,10240
13,283,14150000,14150100,637,1061,14200000,10277
13,284,14200000,14200100,637,1061,14250000,10316
13,285,14250000,14250100,637,1061,14300000,10349
13,286,14300000,14300100,637,1061,14350000,10383
13,287,14350000,14350100,637,1061,14400000,10425
13,288,14400000,14400100,637,1061,14450000,10457
13,289,14450000,14450100,637,1061,14500000,10494
13,29,1450000,1450100,637,1061,1500000,1084
13,290,14500000,14500100,637,1061,14550000,10532
13,291,14550000,14550100,637,1061,14600000,10567
13,292,14600000,14600100,637,1061,14650000,10602
13,293,14650000,14650100,637,1061,14700000,10642
13,294,14700000,14700100,637,1061,14750000,10674
13,295,14750000,14750100,637,1061,14800000,10712
13,296,14800000,14800100,637,1061,14850000,10750
13,297,14850000,14850100,637,1061,14900000,10783
13,298,14900000,14900100,637,1061,14950000,10818
13,299,14950000,14950100,637,1061,15000000,10860
13,3,150000,150100,637,1061,200000,139
13,30,1500000,1500100,637,1061,1550000,1116
13,300,15000000,15000100,637,1061,15050000,10891
13,301,15050000,15050100,637,1061,15100000,10928
13,302,15100000,15100100,637,1061,15150000,10967
13,303,15150000,15150100,637,1061,15200000,11002
13,304,15200000,15200100,637,1061,15250000,11036
13,305,15250000,15250100,637,1061,15300000,11077
13,306,15300000,15300100,637,1061,15350000,11109
13,307,15350000,15350100,637,1061,15400000,11145
13,308,15400000,15400100,637,1061,15450000,11184
13,309,15450000,15450100,637,1061,15500000,11218
13,31,1550000,1550100,637,1061,1600000,1153
13,310,15500000,15500100,637,1061,15550000,11253
13,311,15550000,15550100,637,1061,15600000,11294
13,312,15600000,15600100,637,1061,15650000,11326
13,313,15650000,15650100,637,1061,15700000,11363
13,314,15700000,15700100,637,1061,15750000,11401
13,315,15750000,15750100,637,1061,15800000,11436
13,316,15800000,15800100,637,1061,15850000,11471
13,317,15850000,15850100,637,1061,15900000,11512
13,318,15900000,15900100,637,1061,15950000,11542
13,319,15950000,15950100,637,1061,16000000,11580
13,32,1600000,1600100,637,1061,1650000,1191
13,320,16000000,16000100,637,1061,16050000,11619
13,321,16050000,16050100,637,1061,16100000,11652
13,322,16100000,16100100,637,1061,16150000,11687
13,323,16150000,16150100,637,1061,16200000,11729
13,324,16200000,16200100,637,1061,16250000,11761
13,325,16250000,16250100,637,1061,16300000,11797
13,326,16300000,16300100,637,1061,16350000,11836
13,327,16350000,16350100,637,1061,16400000,11871
13,328,16400000,16400100,637,1061,16450000,11905
13,329,16450000,16450100,637,1061,16500000,11945
13,33,1650000,1650100,637,1061,1700000,1225
13,330,16500000,16500100,637,1061,16550000,11977
13,331,16550000,16550100,637,1061,16600000,12015
13,332,16600000,16600100,637,1061,16650000,12053
13,333,16650000,16650100,637,1061,16700000,12087
13,334,16700000,16700100,637,1061,16750000,12122
13,335,16750000,16750100,637,1061,16800000,12163
13,336,16800000,16800100,637,1061,16850000,12195
13,337,16850000,16850100,637,1061,16900000,12232
13,338,16900000,16900100,637,1061,16950000,12271
13,339,16950000,16950100,637,1061,17000000,12305
13,34,1700000,1700100,637,1061,1750000,1259
13,340,17000000,17000100,637,1061,17050000,12339
13,341,17050000,17050100,637,1061,17100000,12380
13,342,17100000,17100100,637,1061,17150000,12411
13,343,17150000,17150100,637,1061,17200000,12449
13,344,17200000,17200100,637,1061,17250000,12488
13,345,17250000,17250100,637,1061,17300000,12522
13,346,17300000,17300100,637,1061,17350000,12556
13,347,17350000,17350100,637,1061,17400000,12598
13,348,17400000,17400100,637,1061,17450000,12630
13,349,17450000,17450100,637,1061,17500000,12666
13,35,1750000,1750100,637,1061,1800000,1301
13,350,17500000,17500100,637,1061,17550000,12705
13,351,17550000,17550100,637,1061,17600000,12739
13,352,17600000,17600100,637,1061,17650000,12774
13,353,17650000,17650100,637,1061,17700000,12814
13,354,17700000,17700100,637,1061,17750000,12846
13,355,17750000,17750100,637,1061,17800000,12884
13,356,17800000,17800100,637,1061,17850000,12922
13,357,17850000,17850100,637,1061,17900000,12956
13,358,17900000,17900100,637,1061,17950000,12991
13,359,17950000,17950100,637,1061,18000000,13033
13,36,1800000,1800100,637,1061,1850000,1333
13,360,18000000,18000100,637,1061,18050000,13064
13,361,18050000,18050100,637,1061,18100000,13101
13,362,18100000,18100100,637,1061,18150000,13139
13,363,18150000,18150100,637,1061,18200000,13173
13,364,18200000,18200100,637,1061,18250000,13208
13,365,18250000,18250100,637,1061,18300000,13249
13,366,18300000,18300100,637,1061,18350000,13281
13,367,18350000,18350100,637,1061,18400000,13318
13,368,18400000,18400100,637,1061,18450000,13357
13,369,18450000,18450100,637,1061,18500000,13391
13,37,1850000,1850100,637,1061,1900000,1370
13,370,18500000,18500100,637,1061,18550000,13425
13,371,18550000,18550100,637,1061,18600000,13467
13,372,18600000,18600100,637,1061,18650000,13499
13,373,18650000,18650100,637,1061,18700000,13535
13,374,18700000,18700100,637,1061,18750000,13573
13,375,18750000,18750100,637,1061,18800000,13608
13,376,18800000,18800100,637,1061,18850000,13643
13,377,18850000,18850100,637,1061,18900000,13683
13,378,18900000,18900100,637,1061,18950000,13715
13,379,18950000,18950100,637,1061,19000000,13753
13,38,1900000,1900100,637,1061,1950000,1408
13,380,19000000,19000100,637,1061,19050000,13792
13,381,19050000,19050100,637,1061,19100000,13825
13,382,19100000,19100100,637,1061,19150000,13860
13,383,19150000,19150100,637,1061,19200000,13902
13,384,19200000,19200100,637,1061,19250000,13932
13,385,19250000,19250100,637,1061,19300000,13969
13,386,19300000,19300100,637,1061,19350000,14008
13,387,19350000,19350100,637,1061,19400000,14043
13,388,19400000,19400100,637,1061,19450000,14077
13,389,19450000,19450100,637,1061,19500000,14118
13,39,1950000,1950100,637,1061,2000000,1443
13,390,19500000,19500100,637,1061,19550000,14150
13,391,19550000,19550100,637,1061,19600000,14187
13,392,19600000,19600100,637,1061,19650000,14226
13,393,19650000,19650100,637,1061,19700000,14260
13,394,19700000,19700100,637,1061,19750000,14295
13,395,19750000,19750100,637,1061,19800000,14335
13,396,19800000,19800100,637,1061,19850000,14367
13,397,19850000,19850100,637,1061,19900000,14404
13,398,19900000,19900100,637,1061,19950000,14442
13,399,19950000,19950100,637,1061,20000000,14477
13,4,200000,200100,637,1061,250000,174
13,40,2000000,2000100,637,1061,2050000,1478
13,400,20000000,20000100,637,1061,20050000,14512
13,401,20050000,20050100,637,1061,20100000,14553
13,402,20100000,20100100,637,1061,20150000,14584
13,403,20150000,20150100,637,1061,20200000,14622
13,404,20200000,20200100,637,1061,20250000,14661
13,405,20250000,20250100,637,1061,20300000,14694
13,406,20300000,20300100,637,1061,20350000,14728
13,407,20350000,20350100,637,1061,20400000,14770
13,408,20400000,20400100,637,1061,20450000,14802
13,409,20450000,20450100,637,1061,20500000,14838
13,41,2050000,2050100,637,1061,2100000,1518
13,410,20500000,20500100,637,1061,20550000,14877
13,411,20550000,20550100,637,1061,20600000,14912
13,412,20600000,20600100,637,1061,20650000,14946
13,413,20650000,20650100,637,1061,20700000,14987
13,414,20700000,20700100,637,1061,20750000,15019
13,415,20750000,20750100,637,1061,20800000,15057
13,416,20800000,20800100,637,1061,20850000,15095
13,417,20850000,20850100,637,1061,20900000,15128
13,418,20900000,20900100,637,1061,20950000,15163
13,419,20950000,20950100,637,1061,21000000,15204
13,42,2100000,2100100,637,1061,2150000,1550
13,420,21000000,21000100,637,1061,21050000,15236
13,421,21050000,21050100,637,1061,21100000,15273
13,422,21100000,21100100,637,1061,21150000,15312
13,423,21150000,21150100,637,1061,21200000,15346
13,424,21200000,21200100,637,1061,21250000,15381
13,425,21250000,21250100,637,1061,21300000,15422
13,426,21300000,21300100,637,1061,21350000,15453
13,427,21350000,21350100,637,1061,21400000,15491
13,428,21400000,21400100,637,1061,21450000,15529
13,429,21450000,21450100,637,1061,21500000,15563
13,43,2150000,2150100,637,1061,2200000,1587
13,430,21500000,21500100,637,1061,21550000,15597
13,431,21550000,21550100,637,1061,21600000,15639
13,432,21600000,21600100,637,1061,21650000,15671
13,433,21650000,21650100,637,1061,21700000,15707
13,434,21700000,21700100,637,1061,21750000,15746
13,435,21750000,21750100,637,1061,21800000,15781
13,436,21800000,21800100,637,1061,21850000,15816
13,437,21850000,21850100,637,1061,21900000,15856
13,438,21900000,21900100,637,1061,21950000,15888
13,439,21950000,21950100,637,1061,22000000,15925
13,44,2200000,2200100,637,1061,2250000,1626
13,440,22000000,22000100,637,1061,22050000,15963
13,441,22050000,22050100,637,1061,22100000,15997
13,442,22100000,22100100,637,1061,22150000,16032
13,443,22150000,22150100,637,1061,22200000,16074
13,444,22200000,22200100,637,1061,22250000,16105
13,445,22250000,22250100,637,1061,22300000,16142
13,446,22300000,22300100,637,1061,22350000,16181
13,447,22350000,22350100,637,1061,22400000,16215
13,448,22400000,22400100,637,1061,22450000,16250
13,449,22450000,22450100,637,1061,22500000,16291
13,45,2250000,2250100,637,1061,2300000,1659
13,450,22500000,22500100,637,1061,22550000,16322
13,451,22550000,22550100,637,1061,22600000,16359
13,452,22600000,22600100,637,1061,22650000,16398
13,453,22650000,22650100,637,1061,22700000,16432
13,454,22700000,22700100,637,1061,22750000,16466
13,455,22750000,22750100,637,1061,22800000,16508
13,456,22800000,22800100,637,1061,22850000,16540
13,457,22850000,22850100,637,1061,22900000,16577
13,458,22900000,22900100,637,1061,22950000,16615
13,459,22950000,22950100,637,1061,23000000,16650
13,46,2300000,2300100,637,1061,2350000,1694
13,460,23000000,23000100,637,1061,23050000,16685
13,461,23050000,23050100,637,1061,23100000,16724
13,462,23100000,23100100,637,1061,23150000,16756
13,463,23150000,23150100,637,1061,23200000,16794
13,464,23200000,23200100,637,1061,23250000,16833
13,465,23250000,23250100,637,1061,23300000,16866
13,466,23300000,23300100,637,1061,23350000,16901
13,467,23350000,23350100,637,1061,23400000,16943
13,468,23400000,23400100,637,1061,23450000,16974
13,469,23450000,23450100,637,1061,23500000,17011
13,47,2350000,2350100,637,1061,2400000,1736
13,470,23500000,23500100,637,1061,23550000,17050
13,471,23550000,23550100,637,1061,23600000,17085
13,472,23600000,23600100,637,1061,23650000,17118
13,473,23650000,23650100,637,1061,23700000,17159
13,474,23700000,23700100,637,1061,23750000,17191
13,475,23750000,23750100,637,1061,23800000,17228
13,476,23800000,23800100,637,1061,23850000,17267
13,477,23850000,23850100,637,1061,23900000,17301
13,478,23900000,23900100,637,1061,23950000,17336
13,479,23950000,23950100,637,1061,24000000,17377
13,48,2400000,2400100,637,1061,2450000,1767
13,480,24000000,24000100,637,1061,24050000,17409
13,481,24050000,24050100,637,1061,24100000,17446
13,482,24100000,24100100,637,1061,24150000,17484
13,483,24150000,24150100,637,1061,24200000,17518
13,484,24200000,24200100,637,1061,24250000,17553
13,485,24250000,24250100,637,1061,24300000,17594
13,486,24300000,24300100,637,1061,24350000,17625
13,487,24350000,24350100,637,1061,24400000,17663
13,488,24400000,24400100,637,1061,24450000,17702
13,489,24450000,24450100,637,1061,24500000,17735
13,49,2450000,2450100,637,1061,2500000,1804
13,490,24500000,24500100,637,1061,24550000,17770
13,491,24550000,24550100,637,1061,24600000,17812
13,492,24600000,24600100,637,1061,24650000,17844
13,493,24650000,24650100,637,1061,24700000,17880
13,494,24700000,24700100,637,1061,24750000,17918
13,495,24750000,24750100,637,1061,24800000,17953
13,496,24800000,24800100,637,1061,24850000,17987
13,497,24850000,24850100,637,1061,24900000,18028
13,498,24900000,24900100,637,1061,24950000,18060
13,499,24950000,24950100,637,1061,25000000,18098
13,5,250000,250100,637,1061,300000,215
13,50,2500000,2500100,637,1061,2550000,1843
13,500,25000000,25000100,637,1061,25050000,18136
13,501,25050000,25050100,637,1061,25100000,18170
13,502,25100000,25100100,637,1061,25150000,18205
13,503,25150000,25150100,637,1061,25200000,18246
13,504,25200000,25200100,637,1061,25250000,18278
13,505,25250000,25250100,637,1061,25300000,18314
13,506,25300000,25300100,637,1061,25350000,18353
13,507,25350000,25350100,637,1061,25400000,18387
13,508,25400000,25400100,637,1061,25450000,18422
13,509,25450000,25450100,637,1061,25500000,18463
13,51,2550000,2550100,637,1061,2600000,1878
13,510,25500000,25500100,637,1061,25550000,18494
13,511,25550000,25550100,637,1061,25600000,18532
13,512,25600000,25600100,637,1061,25650000,18571
13,513,25650000,25650100,637,1061,25700000,18605
13,514,25700000,25700100,637,1061,25750000,18639
13,515,25750000,25750100,637,1061,25800000,18681
13,516,25800000,25800100,637,1061,25850000,18712
13,517,25850000,25850100,637,1061,25900000,18748
13,518,25900000,25900100,637,1061,25950000,18787
13,519,25950000,25950100,637,1061,26000000,18822
13,52,2600000,2600100,637,1061,2650000,1912
13,520,26000000,26000100,637,1061,26050000,18857
13,521,26050000,26050100,637,1061,26100000,18897
13,522,26100000,26100100,637,1061,26150000,18929
13,523,26150000,26150100,637,1061,26200000,18967
13,524,26200000,26200100,637,1061,26250000,19005
13,525,26250000,26250100,637,1061,26300000,19039
13,526,26300000,26300100,637,1061,26350000,19074
13,527,26350000,26350100,637,1061,26400000,19115
13,528,26400000,26400100,637,1061,26450000,19146
13,529,26450000,26450100,637,1061,26500000,19183
13,53,2650000,2650100,637,1061,2700000,1953
13,530,26500000,26500100,637,1061,26550000,19222
13,531,26550000,26550100,637,1061,26600000,19256
13,532,26600000,26600100,637,1061,26650000,19291
13,533,26650000,26650100,637,1061,26700000,19332
13,534,26700000,26700100,637,1061,26750000,19364
13,535,26750000,26750100,637,1061,26800000,19401
13,536,26800000,26800100,637,1061,26850000,19440
13,537,26850000,26850100,637,1061,26900000,19474
13,538,26900000,26900100,637,1061,26950000,19507
13,539,26950000,26950100,637,1061,27000000,19549
13,54,2700000,2700100,637,1061,2750000,1984
13,540,27000000,27000100,637,1061,27050000,19581
13,541,27050000,27050100,637,1061,27100000,19618
13,542,27100000,27100100,637,1061,27150000,19656
13,543,27150000,27150100,637,1061,27200000,19691
13,544,27200000,27200100,637,1061,27250000,19726
13,545,27250000,27250100,637,1061,27300000,19766
13,546,27300000,27300100,637,1061,27350000,19798
13,547,27350000,27350100,637,1061,27400000,19836
13,548,27400000,27400100,637,1061,27450000,19875
13,549,27450000,27450100,637,1061,27500000,19907
13,55,2750000,2750100,637,1061,2800000,2021
13,550,27500000,27500100,637,1061,27550000,19942
13,551,27550000,27550100,637,1061,27600000,19984
13,552,27600000,27600100,637,1061,27650000,20015
13,553,27650000,27650100,637,1061,27700000,20052
13,554,27700000,27700100,637,1061,27750000,20091
13,555,27750000,27750100,637,1061,27800000,20126
13,556,27800000,27800100,637,1061,27850000,20160
13,557,27850000,27850100,637,1061,27900000,20201
13,558,27900000,27900100,637,1061,27950000,20233
13,559,27950000,27950100,637,1061,28000000,20270
13,56,2800000,2800100,637,1061,2850000,2060
13,560,28000000,28000100,637,1061,28050000,20308
13,561,28050000,28050100,637,1061,28100000,20342
13,562,28100000,28100100,637,1061,28150000,20377
13,563,28150000,28150100,637,1061,28200000,20418
13,564,28200000,28200100,637,1061,28250000,20450
13,565,28250000,28250100,637,1061,28300000,20487
13,566,28300000,28300100,637,1061,28350000,20525
13,567,28350000,28350100,637,1061,28400000,20560
13,568,28400000,28400100,637,1061,28450000,20595
13,569,28450000,28450100,637,1061,28500000,20636
13,57,2850000,2850100,637,1061,2900000,2094
13,570,28500000,28500100,637,1061,28550000,20667
13,571,28550000,28550100,637,1061,28600000,20704
13,572,28600000,28600100,637,1061,28650000,20743
13,573,28650000,28650100,637,1061,28700000,20776
13,574,28700000,28700100,637,1061,28750000,20811
13,575,28750000,28750100,637,1061,28800000,20853
13,576,28800000,28800100,637,1061,28850000,20885
13,577,28850000,28850100,637,1061,28900000,20921
13,578,28900000,28900100,637,1061,28950000,20960
13,579,28950000,28950100,637,1061,29000000,20995
13,58,2900000,2900100,637,1061,2950000,2129
13,580,29000000,29000100,637,1061,29050000,21029
13,581,29050000,29050100,637,1061,29100000,21070
13,582,29100000,29100100,637,1061,29150000,21101
13,583,29150000,29150100,637,1061,29200000,21139
13,584,29200000,29200100,637,1061,29250000,21177
13,585,29250000,29250100,637,1061,29300000,21211
13,586,29300000,29300100,637,1061,29350000,21246
13,587,29350000,29350100,637,1061,29400000,21287
13,588,29400000,29400100,637,1061,29450000,21319
13,589,29450000,29450100,637,1061,29500000,21356
13,59,2950000,2950100,637,1061,3000000,2170
13,590,29500000,29500100,637,1061,29550000,21395
13,591,29550000,29550100,637,1061,29600000,21429
13,592,29600000,29600100,637,1061,29650000,21464
13,593,29650000,29650100,637,1061,29700000,21504
13,594,29700000,29700100,637,1061,29750000,21535
13,595,29750000,29750100,637,1061,29800000,21573
13,596,29800000,29800100,637,1061,29850000,21612
13,597,29850000,29850100,637,1061,29900000,21646
13,598,29900000,29900100,637,1061,29950000,21680
13,599,29950000,29950100,637,1061,30000000,21722
13,6,300000,300100,637,1061,350000,246
13,60,3000000,3000100,637,1061,3050000,2202
13,600,30000000,30000100,637,1061,30050000,21754
13,601,30050000,30050100,637,1061,30100000,21790
13,602,30100000,30100100,637,1061,30150000,21829
13,603,30150000,30150100,637,1061,30200000,21864
13,604,30200000,30200100,637,1061,30250000,21898
13,605,30250000,30250100,637,1061,30300000,21938
13,606,30300000,30300100,637,1061,30350000,21970
13,607,30350000,30350100,637,1061,30400000,22008
13,608,30400000,30400100,637,1061,30450000,22046
13,609,30450000,30450100,637,1061,30500000,22080
13,61,3050000,3050100,637,1061,3100000,2239
13,610,30500000,30500100,637,1061,30550000,22115
13,611,30550000,30550100,637,1061,30600000,22157
13,612,30600000,30600100,637,1061,30650000,22188
13,613,30650000,30650100,637,1061,30700000,22225
13,614,30700000,30700100,637,1061,30750000,22264
13,615,30750000,30750100,637,1061,30800000,22297
13,616,30800000,30800100,637,1061,30850000,22332
13,617,30850000,30850100,637,1061,30900000,22373
13,618,30900000,30900100,637,1061,30950000,22405
13,619,30950000,30950100,637,1061,31000000,22442
13,62,3100000,3100100,637,1061,3150000,2277
13,620,31000000,31000100,637,1061,31050000,22481
13,621,31050000,31050100,637,1061,31100000,22515
13,622,31100000,31100100,637,1061,31150000,22549
13,623,31150000,31150100,637,1061,31200000,22591
13,624,31200000,31200100,637,1061,31250000,22623
13,625,31250000,31250100,637,1061,31300000,22660
13,626,31300000,31300100,637,1061,31350000,22697
13,627,31350000,31350100,637,1061,31400000,22732
13,628,31400000,31400100,637,1061,31450000,22767
13,629,31450000,31450100,637,1061,31500000,22807
13,63,3150000,3150100,637,1061,3200000,2312
13,630,31500000,31500100,637,1061,31550000,22839
13,631,31550000,31550100,637,1061,31600000,22877
13,632,31600000,31600100,637,1061,31650000,22916
13,633,31650000,31650100,637,1061,31700000,22949
13,634,31700000,31700100,637,1061,31750000,22984
13,635,31750000,31750100,637,1061,31800000,23026
13,636,31800000,31800100,637,1061,31850000,23057
13,637,31850000,31850100,637,1061,31900000,23093
13,638,31900000,31900100,637,1061,31950000,23132
13,639,31950000,31950100,637,1061,32000000,23167
13,64,3200000,3200100,637,1061,3250000,2347
13,640,32000000,32000100,637,1061,32050000,23201
13,641,32050000,32050100,637,1061,32100000,23242
13,642,32100000,32100100,637,1061,32150000,23274
13,643,32150000,32150100,637,1061,32200000,23311
13,644,32200000,32200100,637,1061,32250000,23350
13,645,32250000,32250100,637,1061,32300000,23384
13,646,32300000,32300100,637,1061,32350000,23419
13,647,32350000,32350100,637,1061,32400000,23460
13,648,32400000,32400100,637,1061,32450000,23491
13,649,32450000,32450100,637,1061,32500000,23528
13,65,3250000,3250100,637,1061,3300000,2387
13,650,32500000,32500100,637,1061,32550000,23566
13,651,32550000,32550100,637,1061,32600000,23601
13,652,32600000,32600100,637,1061,32650000,23636
13,653,32650000,32650100,637,1061,32700000,23677
13,654,32700000,32700100,637,1061,32750000,23708
13,655,32750000,32750100,637,1061,32800000,23746
13,656,32800000,32800100,637,1061,32850000,23785
13,657,32850000,32850100,637,1061,32900000,23818
13,658,32900000,32900100,637,1061,32950000,23853
13,659,32950000,32950100,637,1061,33000000,23894
13,66,3300000,3300100,637,1061,3350000,2418
13,660,33000000,33000100,637,1061,33050000,23926
13,661,33050000,33050100,637,1061,33100000,23962
13,662,33100000,33100100,637,1061,33150000,24001
13,663,33150000,33150100,637,1061,33200000,24036
13,664,33200000,33200100,637,1061,33250000,24070
13,665,33250000,33250100,637,1061,33300000,24111
13,666,33300000,33300100,637,1061,33350000,24143
13,667,33350000,33350100,637,1061,33400000,24181
13,668,33400000,33400100,637,1061,33450000,24219
13,669,33450000,33450100,637,1061,33500000,24253
13,67,3350000,3350100,637,1061,3400000,2456
13,670,33500000,33500100,637,1061,33550000,24287
13,671,33550000,33550100,637,1061,33600000,24328
13,672,33600000,33600100,637,1061,33650000,24360
13,673,33650000,33650100,637,1061,33700000,24397
13,674,33700000,33700100,637,1061,33750000,24436
13,675,33750000,33750100,637,1061,33800000,24470
13,676,33800000,33800100,637,1061,33850000,24505
13,677,33850000,33850100,637,1061,33900000,24546
13,678,33900000,33900100,637,1061,33950000,24577
13,679,33950000,33950100,637,1061,34000000,24615
13,68,3400000,3400100,637,1061,3450000,2495
13,680,34000000,34000100,637,1061,34050000,24654
13,681,34050000,34050100,637,1061,34100000,24687
13,682,34100000,34100100,637,1061,34150000,24721
13,683,34150000,34150100,637,1061,34200000,24763
13,684,34200000,34200100,637,1061,34250000,24795
13,685,34250000,34250100,637,1061,34300000,24831
13,686,34300000,34300100,637,1061,34350000,24870
13,687,34350000,34350100,637,1061,34400000,24905
13,688,34400000,34400100,637,1061,34450000,24940
13,689,34450000,34450100,637,1061,34500000,24980
13,69,3450000,3450100,637,1061,3500000,2528
13,690,34500000,34500100,637,1061,34550000,25012
13,691,34550000,34550100,637,1061,34600000,25050
13,692,34600000,34600100,637,1061,34650000,25087
13,693,34650000,34650100,637,1061,34700000,25121
13,694,34700000,34700100,637,1061,34750000,25156
13,695,34750000,34750100,637,1061,34800000,25198
13,696,34800000,34800100,637,1061,34850000,25229
13,697,34850000,34850100,637,1061,34900000,25266
13,698,34900000,34900100,637,1061,34950000,25305
13,699,34950000,34950100,637,1061,35000000,25339
13,7,350000,350100,637,1061,400000,284
13,70,3500000,3500100,637,1061,3550000,2563
13,700,35000000,35000100,637,1061,35050000,25374
13,701,35050000,35050100,637,1061,35100000,25415
13,702,35100000,35100100,637,1061,35150000,25447
13,703,35150000,35150100,637,1061,35200000,25483
13,704,35200000,35200100,637,1061,35250000,25522
13,705,35250000,35250100,637,1061,35300000,25556
13,706,35300000,35300100,637,1061,35350000,25590
13,707,35350000,35350100,637,1061,35400000,25632
13,708,35400000,35400100,637,1061,35450000,25664
13,709,35450000,35450100,637,1061,35500000,25701
13,71,3550000,3550100,637,1061,3600000,2605
13,710,35500000,35500100,637,1061,35550000,25739
13,711,35550000,35550100,637,1061,35600000,25774
13,712,35600000,35600100,637,1061,35650000,25809
13,713,35650000,35650100,637,1061,35700000,25849
13,714,35700000,35700100,637,1061,35750000,25880
13,715,35750000,35750100,637,1061,35800000,25918
13,716,35800000,35800100,637,1061,35850000,25957
13,717,35850000,35850100,637,1061,35900000,25990
13,718,35900000,35900100,637,1061,35950000,26025
13,719,35950000,35950100,637,1061,36000000,26067
13,72,3600000,3600100,637,1061,3650000,2637
13,720,36000000,36000100,637,1061,36050000,26098
13,721,36050000,36050100,637,1061,36100000,26135
13,722,36100000,36100100,637,1061,36150000,26174
13,723,36150000,36150100,637,1061,36200000,26209
13,724,36200000,36200100,637,1061,36250000,26243
13,725,36250000,36250100,637,1061,36300000,26283
13,726,36300000,36300100,637,1061,36350000,26315
13,727,36350000,36350100,637,1061,36400000,26352
13,728,36400000,36400100,637,1061,36450000,26391
13,729,36450000,36450100,637,1061,36500000,26425
13,73,3650000,3650100,637,1061,3700000,2673
13,730,36500000,36500100,637,1061,36550000,26460
13,731,36550000,36550100,637,1061,36600000,26501
13,732,36600000,36600100,637,1061,36650000,26533
13,733,36650000,36650100,637,1061,36700000,26570
13,734,36700000,36700100,637,1061,36750000,26608
13,735,36750000,36750100,637,1061,36800000,26643
13,736,36800000,36800100,637,1061,36850000,26677
13,737,36850000,36850100,637,1061,36900000,26718
13,738,36900000,36900100,637,1061,36950000,26749
13,739,36950000,36950100,637,1061,37000000,26787
13,74,3700000,3700100,637,1061,3750000,2712
13,740,37000000,37000100,637,1061,37050000,26826
13,741,37050000,37050100,637,1061,37100000,26859
13,742,37100000,37100100,637,1061,37150000,26894
13,743,37150000,37150100,637,1061,37200000,26936
13,744,37200000,37200100,637,1061,37250000,26968
13,745,37250000,37250100,637,1061,37300000,27004
13,746,37300000,37300100,637,1061,37350000,27043
13,747,37350000,37350100,637,1061,37400000,27077
13,748,37400000,37400100,637,1061,37450000,27111
13,749,37450000,37450100,637,1061,37500000,27152
13,75,3750000,3750100,637,1061,3800000,2747
13,750,37500000,37500100,637,1061,37550000,27184
13,751,37550000,37550100,637,1061,37600000,27222
13,752,37600000,37600100,637,1061,37650000,27260
13,753,37650000,37650100,637,1061,37700000,27294
13,754,37700000,37700100,637,1061,37750000,27329
13,755,37750000,37750100,637,1061,37800000,27370
13,756,37800000,37800100,637,1061,37850000,27402
13,757,37850000,37850100,637,1061,37900000,27439
13,758,37900000,37900100,637,1061,37950000,27477
13,759,37950000,37950100,637,1061,38000000,27511
13,76,3800000,3800100,637,1061,3850000,2780
13,760,38000000,38000100,637,1061,38050000,27546
13,761,38050000,38050100,637,1061,38100000,27587
13,762,38100000,38100100,637,1061,38150000,27618
13,763,38150000,38150100,637,1061,38200000,27656
13,764,38200000,38200100,637,1061,38250000,27695
13,765,38250000,38250100,637,1061,38300000,27729
13,766,38300000,38300100,637,1061,38350000,27763
13,767,38350000,38350100,637,1061,38400000,27805
13,768,38400000,38400100,637,1061,38450000,27837
13,769,38450000,38450100,637,1061,38500000,27872
13,77,3850000,3850100,637,1061,3900000,2821
13,770,38500000,38500100,637,1061,38550000,27911
13,771,38550000,38550100,637,1061,38600000,27946
13,772,38600000,38600100,637,1061,38650000,27981
13,773,38650000,38650100,637,1061,38700000,28021
13,774,38700000,38700100,637,1061,38750000,28053
13,775,38750000,38750100,637,1061,38800000,28091
13,776,38800000,38800100,637,1061,38850000,28129
13,777,38850000,38850100,637,1061,38900000,28163
13,778,38900000,38900100,637,1061,38950000,28198
13,779,38950000,38950100,637,1061,39000000,28240
13,78,3900000,3900100,637,1061,3950000,2853
13,780,39000000,39000100,637,1061,39050000,28270
13,781,39050000,39050100,637,1061,39100000,28307
13,782,39100000,39100100,637,1061,39150000,28346
13,783,39150000,39150100,637,1061,39200000,28380
13,784,39200000,39200100,637,1061,39250000,28415
13,785,39250000,39250100,637,1061,39300000,28456
13,786,39300000,39300100,637,1061,39350000,28488
13,787,39350000,39350100,637,1061,39400000,28525
13,788,39400000,39400100,637,1061,39450000,28564
13,789,39450000,39450100,637,1061,39500000,28598
13,79,3950000,3950100,637,1061,4000000,2891
13,790,39500000,39500100,637,1061,39550000,28632
13,791,39550000,39550100,637,1061,39600000,28673
13,792,39600000,39600100,637,1061,39650000,28705
13,793,39650000,39650100,637,1061,39700000,28742
13,794,39700000,39700100,637,1061,39750000,28780
13,795,39750000,39750100,637,1061,39800000,28815
13,796,39800000,39800100,637,1061,39850000,28850
13,797,39850000,39850100,637,1061,39900000,28890
13,798,39900000,39900100,637,1061,39950000,28922
13,799,39950000,39950100,637,1061,40000000,28960
13,8,400000,400100,637,1061,450000,323
13,80,4000000,4000100,637,1061,4050000,2929
13,800,40000000,40000100,637,1061,40050000,28999
13,801,40050000,40050100,637,1061,40100000,29032
13,802,40100000,40100100,637,1061,40150000,29066
13,803,40150000,40150100,637,1061,40200000,29108
13,804,40200000,40200100,637,1061,40250000,29139
13,805,40250000,40250100,637,1061,40300000,29176
13,806,40300000,40300100,637,1061,40350000,29215
13,807,40350000,40350100,637,1061,40400000,29250
13,808,40400000,40400100,637,1061,40450000,29284
13,809,40450000,40450100,637,1061,40500000,29325
13,81,4050000,4050100,637,1061,4100000,2963
13,810,40500000,40500100,637,1061,40550000,29357
13,811,40550000,40550100,637,1061,40600000,29394
13,812,40600000,40600100,637,1061,40650000,29433
13,813,40650000,40650100,637,1061,40700000,29466
13,814,40700000,40700100,637,1061,40750000,29501
13,815,40750000,40750100,637,1061,40800000,29542
13,816,40800000,40800100,637,1061,40850000,29574
13,817,40850000,40850100,637,1061,40900000,29611
13,818,40900000,40900100,637,1061,40950000,29649
13,819,40950000,40950100,637,1061,41000000,29684
13,82,4100000,4100100,637,1061,4150000,2998
13,820,41000000,41000100,637,1061,41050000,29719
13,821,41050000,41050100,637,1061,41100000,29760
13,822,41100000,41100100,637,1061,41150000,29791
13,823,41150000,41150100,637,1061,41200000,29829
13,824,41200000,41200100,637,1061,41250000,29867
13,825,41250000,41250100,637,1061,41300000,29900
13,826,41300000,41300100,637,1061,41350000,29935
13,827,41350000,41350100,637,1061,41400000,29977
13,828,41400000,41400100,637,1061,41450000,30009
13,829,41450000,41450100,637,1061,41500000,30045
13,83,4150000,4150100,637,1061,4200000,3039
13,830,41500000,41500100,637,1061,41550000,30084
13,831,41550000,41550100,637,1061,41600000,30119
13,832,41600000,41600100,637,1061,41650000,30153
13,833,41650000,41650100,637,1061,41700000,30194
13,834,41700000,41700100,637,1061,41750000,30226
13,835,41750000,41750100,637,1061,41800000,30263
13,836,41800000,41800100,637,1061,41850000,30301
13,837,41850000,41850100,637,1061,41900000,30335
13,838,41900000,41900100,637,1061,41950000,30370
13,839,41950000,41950100,637,1061,42000000,30411
13,84,4200000,4200100,637,1061,4250000,3071
13,840,42000000,42000100,637,1061,42050000,30443
13,841,42050000,42050100,637,1061,42100000,30480
13,842,42100000,42100100,637,1061,42150000,30519
13,843,42150000,42150100,637,1061,42200000,30553
13,844,42200000,42200100,637,1061,42250000,30588
13,845,42250000,42250100,637,1061,42300000,30629
13,846,42300000,42300100,637,1061,42350000,30659
13,847,42350000,42350100,637,1061,42400000,30697
13,848,42400000,42400100,637,1061,42450000,30736
13,849,42450000,42450100,637,1061,42500000,30770
13,85,4250000,4250100,637,1061,4300000,3108
13,850,42500000,42500100,637,1061,42550000,30804
13,851,42550000,42550100,637,1061,42600000,30846
13,852,42600000,42600100,637,1061,42650000,30878
13,853,42650000,42650100,637,1061,42700000,30914
13,854,42700000,42700100,637,1061,42750000,30953
13,855,42750000,42750100,637,1061,42800000,30988
13,856,42800000,42800100,637,1061,42850000,31023
13,857,42850000,42850100,637,1061,42900000,31062
13,858,42900000,42900100,637,1061,42950000,31094
13,859,42950000,42950100,637,1061,43000000,31132
13,86,4300000,4300100,637,1061,4350000,3147
13,860,43000000,43000100,637,1061,43050000,31170
13,861,43050000,43050100,637,1061,43100000,31204
13,862,43100000,43100100,637,1061,43150000,31239
13,863,43150000,43150100,637,1061,43200000,31281
13,864,43200000,43200100,637,1061,43250000,31312
13,865,43250000,43250100,637,1061,43300000,31349
13,866,43300000,43300100,637,1061,43350000,31388
13,867,43350000,43350100,637,1061,43400000,31422
13,868,43400000,43400100,637,1061,43450000,31456
13,869,43450000,43450100,637,1061,43500000,31497
13,87,4350000,4350100,637,1061,4400000,3180
13,870,43500000,43500100,637,1061,43550000,31529
13,871,43550000,43550100,637,1061,43600000,31566
13,872,43600000,43600100,637,1061,43650000,31605
13,873,43650000,43650100,637,1061,43700000,31639
13,874,43700000,43700100,637,1061,43750000,31673
13,875,43750000,43750100,637,1061,43800000,31715
13,876,43800000,43800100,637,1061,43850000,31747
13,877,43850000,43850100,637,1061,43900000,31784
13,878,43900000,43900100,637,1061,43950000,31822
13,879,43950000,43950100,637,1061,44000000,31856
13,88,4400000,4400100,637,1061,4450000,3215
13,880,44000000,44000100,637,1061,44050000,31891
13,881,44050000,44050100,637,1061,44100000,31931
13,882,44100000,44100100,637,1061,44150000,31963
13,883,44150000,44150100,637,1061,44200000,32001
13,884,44200000,44200100,637,1061,44250000,32040
13,885,44250000,44250100,637,1061,44300000,32073
13,886,44300000,44300100,637,1061,44350000,32108
13,887,44350000,44350100,637,1061,44400000,32150
13,888,44400000,44400100,637,1061,44450000,32181
13,889,44450000,44450100,637,1061,44500000,32218
13,89,4450000,4450100,637,1061,4500000,3256
13,890,44500000,44500100,637,1061,44550000,32256
13,891,44550000,44550100,637,1061,44600000,32291
13,892,44600000,44600100,637,1061,44650000,32325
13,893,44650000,44650100,637,1061,44700000,32366
13,894,44700000,44700100,637,1061,44750000,32398
13,895,44750000,44750100,637,1061,44800000,32435
13,896,44800000,44800100,637,1061,44850000,32474
13,897,44850000,44850100,637,1061,44900000,32508
13,898,44900000,44900100,637,1061,44950000,32543
13,899,44950000,44950100,637,1061,45000000,32584
13,9,450000,450100,637,1061,500000,357
13,90,4500000,4500100,637,1061,4550000,3287
13,900,45000000,45000100,637,1061,45050000,32616
13,901,45050000,45050100,637,1061,45100000,32652
13,902,45100000,45100100,637,1061,45150000,32690
13,903,45150000,45150100,637,1061,45200000,32725
13,904,45200000,45200100,637,1061,45250000,32760
13,905,45250000,45250100,637,1061,45300000,32801
13,906,45300000,45300100,637,1061,45350000,32832
13,907,45350000,45350100,637,1061,45400000,32870
13,908,45400000,45400100,637,1061,45450000,32909
13,909,45450000,45450100,637,1061,45500000,32942
13,91,4550000,4550100,637,1061,4600000,3325
13,910,45500000,45500100,637,1061,45550000,32977
13,911,45550000,45550100,637,1061,45600000,33019
13,912,45600000,45600100,637,1061,45650000,33050
13,913,45650000,45650100,637,1061,45700000,33086
13,914,45700000,45700100,637,1061,45750000,33125
13,915,45750000,45750100,637,1061,45800000,33160
13,916,45800000,45800100,637,1061,45850000,33194
13,917,45850000,45850100,637,1061,45900000,33235
13,918,45900000,45900100,637,1061,45950000,33267
13,919,45950000,45950100,637,1061,46000000,33305
13,92,4600000,4600100,637,1061,4650000,3364
13,920,46000000,46000100,637,1061,46050000,33343
13,921,46050000,46050100,637,1061,46100000,33377
13,922,46100000,46100100,637,1061,46150000,33412
13,923,46150000,46150100,637,1061,46200000,33452
13,93,4650000,4650100,637,1061,4700000,3398
13,94,4700000,4700100,637,1061,4750000,3432
13,95,4750000,4750100,637,1061,4800000,3474
13,96,4800000,4800100,637,1061,4850000,3506
13,97,4850000,4850100,637,1061,4900000,3542
13,98,4900000,4900100,637,1061,4950000,3580
13,99,4950000,4950100,637,1061,5000000,3615
14,0,0,100,3077,5127,55000,30
14,1,55000,55100,3077,5127,110000,72
14,10,550000,550100,3077,5127,605000,433
14,100,5500000,5500100,3077,5127,5555000,4016
14,101,5555000,5555100,3077,5127,5610000,4059
14,102,5610000,5610100,3077,5127,5665000,4092
14,103,5665000,5665100,3077,5127,5720000,4135
14,104,5720000,5720100,3077,5127,5775000,4176
14,105,5775000,5775100,3077,5127,5830000,4214
14,106,5830000,5830100,3077,5127,5885000,4256
14,107,5885000,5885100,3077,5127,5940000,4297
14,108,5940000,5940100,3077,5127,5995000,4329
14,109,5995000,5995100,3077,5127,6050000,4375
14,11,605000,605100,3077,5127,660000,475
14,110,6050000,6050100,3077,5127,6105000,4416
14,111,6105000,6105100,3077,5127,6160000,4454
14,112,6160000,6160100,3077,5127,6215000,4493
14,113,6215000,6215100,3077,5127,6270000,4535
14,114,6270000,6270100,3077,5127,6325000,4572
14,115,6325000,6325100,3077,5127,6380000,4614
14,116,6380000,6380100,3077,5127,6435000,4652
14,117,6435000,6435100,3077,5127,6490000,4691
14,118,6490000,6490100,3077,5127,6545000,4732
14,119,6545000,6545100,3077,5127,6600000,4778
14,12,660000,660100,3077,5127,715000,507
14,120,6600000,6600100,3077,5127,6655000,4810
14,121,6655000,6655100,3077,5127,6710000,4851
14,122,6710000,6710100,3077,5127,6765000,4893
14,123,6765000,6765100,3077,5127,6820000,4931
14,124,6820000,6820100,3077,5127,6875000,4972
14,125,6875000,6875100,3077,5127,6930000,5014
14,126,6930000,6930100,3077,5127,6985000,5048
14,127,6985000,6985100,3077,5127,7040000,5091
14,128,7040000,7040100,3077,5127,7095000,5130
14,129,7095000,7095100,3077,5127,7150000,5171
14,13,715000,715100,3077,5127,770000,549
14,130,7150000,7150100,3077,5127,7205000,5212
14,131,7205000,7205100,3077,5127,7260000,5254
14,132,7260000,7260100,3077,5127,7315000,5286
14,133,7315000,7315100,3077,5127,7370000,5329
14,134,7370000,7370100,3077,5127,7425000,5372
14,135,7425000,7425100,3077,5127,7480000,5410
14,136,7480000,7480100,3077,5127,7535000,5449
14,137,7535000,7535100,3077,5127,7590000,5491
14,138,7590000,7590100,3077,5127,7645000,5526
14,139,7645000,7645100,3077,5127,7700000,5570
14,14,770000,770100,3077,5127,825000,592
14,140,7700000,7700100,3077,5127,7755000,5609
14,141,7755000,7755100,3077,5127,7810000,5648
14,142,7810000,7810100,3077,5127,7865000,5689
14,143,7865000,7865100,3077,5127,7920000,5732
14,144,7920000,7920100,3077,5127,7975000,5765
14,145,7975000,7975100,3077,5127,8030000,5807
14,146,8030000,8030100,3077,5127,8085000,5849
14,147,8085000,8085100,3077,5127,8140000,5887
14,148,8140000,8140100,3077,5127,8195000,5926
14,149,8195000,8195100,3077,5127,8250000,5971
14,15,825000,825100,3077,5127,880000,631
14,150,8250000,8250100,3077,5127,8305000,6005
14,151,8305000,8305100,3077,5127,8360000,6048
14,152,8360000,8360100,3077,5127,8415000,6087
14,153,8415000,8415100,3077,5127,8470000,6124
14,154,8470000,8470100,3077,5127,8525000,6168
14,155,8525000,8525100,3077,5127,8580000,6210
14,156,8580000,8580100,3077,5127,8635000,6242
14,157,8635000,8635100,3077,5127,8690000,6285
14,158,8690000,8690100,3077,5127,8745000,6325
14,159,8745000,8745100,3077,5127,8800000,6367
14,16,880000,880100,3077,5127,935000,670
14,160,8800000,8800100,3077,5127,8855000,6406
14,161,8855000,8855100,3077,5127,8910000,6448
14,162,8910000,8910100,3077,5127,8965000,6483
14,163,8965000,8965100,3077,5127,9020000,6524
14,164,9020000,9020100,3077,5127,9075000,6565
14,165,9075000,9075100,3077,5127,9130000,6604
14,166,9130000,9130100,3077,5127,9185000,6645
14,167,9185000,9185100,3077,5127,9240000,6687
14,168,9240000,9240100,3077,5127,9295000,6719
14,169,9295000,9295100,3077,5127,9350000,6764
14,17,935000,935100,3077,5127,990000,712
14,170,9350000,9350100,3077,5127,9405000,6806
14,171,9405000,9405100,3077,5127,9460000,6844
14,172,9460000,9460100,3077,5127,9515000,6882
14,173,9515000,9515100,3077,5127,9570000,6925
14,174,9570000,9570100,3077,5127,9625000,6961
14,175,9625000,9625100,3077,5127,9680000,7004
14,176,9680000,9680100,3077,5127,9735000,7043
14,177,9735000,9735100,3077,5127,9790000,7080
14,178,9790000,9790100,3077,5127,9845000,7122
14,179,9845000,9845100,3077,5127,9900000,7167
14,18,990000,990100,3077,5127,1045000,746
14,180,9900000,9900100,3077,5127,9955000,7199
14,181,9955000,9955100,3077,5127,10010000,7241
14,182,10010000,10010100,3077,5127,10065000,7282
14,183,10065000,10065100,3077,5127,10120000,7321
14,184,10120000,10120100,3077,5127,10175000,7362
14,185,10175000,10175100,3077,5127,10230000,7404
14,186,10230000,10230100,3077,5127,10285000,7438
14,187,10285000,10285100,3077,5127,10340000,7480
14,188,10340000,10340100,3077,5127,10395000,7519
14,189,10395000,10395100,3077,5127,10450000,7561
14,19,1045000,1045100,3077,5127,1100000,791
14,190,10450000,10450100,3077,5127,10505000,7602
14,191,10505000,10505100,3077,5127,10560000,7644
14,192,10560000,10560100,3077,5127,10615000,7676
14,193,10615000,10615100,3077,5127,10670000,7718
14,194,10670000,10670100,3077,5127,10725000,7762
14,195,10725000,10725100,3077,5127,10780000,7799
14,196,10780000,10780100,3077,5127,10835000,7838
14,197,10835000,10835100,3077,5127,10890000,7881
14,198,10890000,10890100,3077,5127,10945000,7915
14,199,10945000,10945100,3077,5127,11000000,7961
14,2,110000,110100,3077,5127,165000,114
14,20,1100000,1100100,3077,5127,1155000,830
14,200,11000000,11000100,3077,5127,11055000,7999
14,201,11055000,11055100,3077,5127,11110000,8037
14,202,11110000,11110100,3077,5127,11165000,8079
14,203,11165000,11165100,3077,5127,11220000,8121
14,204,11220000,11220100,3077,5127,11275000,8155
14,205,11275000,11275100,3077,5127,11330000,8197
14,206,11330000,11330100,3077,5127,11385000,8238
14,207,11385000,11385100,3077,5127,11440000,8277
14,208,11440000,11440100,3077,5127,11495000,8316
14,209,11495000,11495100,3077,5127,11550000,8360
14,21,1155000,1155100,3077,5127,1210000,869
14,210,11550000,11550100,3077,5127,11605000,8395
14,211,11605000,11605100,3077,5127,11660000,8437
14,212,11660000,11660100,3077,5127,11715000,8476
14,213,11715000,11715100,3077,5127,11770000,8515
14,214,11770000,11770100,3077,5127,11825000,8557
14,215,11825000,11825100,3077,5127,11880000,8600
14,216,11880000,11880100,3077,5127,11935000,8632
14,217,11935000,11935100,3077,5127,11990000,8674
14,218,11990000,11990100,3077,5127,12045000,8716
14,219,12045000,12045100,3077,5127,12100000,8756
14,22,1210000,1210100,3077,5127,1265000,910
14,220,12100000,12100100,3077,5127,12155000,8795
14,221,12155000,12155100,3077,5127,12210000,8838
14,222,12210000,12210100,3077,5127,12265000,8872
14,223,12265000,12265100,3077,5127,12320000,8914
14,224,12320000,12320100,3077,5127,12375000,8955
14,225,12375000,12375100,3077,5127,12430000,8993
14,226,12430000,12430100,3077,5127,12485000,9035
14,227,12485000,12485100,3077,5127,12540000,9077
14,228,12540000,12540100,3077,5127,12595000,9108
14,229,12595000,12595100,3077,5127,12650000,9154
14,23,1265000,1265100,3077,5127,1320000,952
14,230,12650000,12650100,3077,5127,12705000,9195
14,231,12705000,12705100,3077,5127,12760000,9234
14,232,12760000,12760100,3077,5127,12815000,9273
14,233,12815000,12815100,3077,5127,12870000,9314
14,234,12870000,12870100,3077,5127,12925000,9351
14,235,12925000,12925100,3077,5127,12980000,9393
14,236,12980000,12980100,3077,5127,13035000,9432
14,237,13035000,13035100,3077,5127,13090000,9470
14,238,13090000,13090100,3077,5127,13145000,9511
14,239,13145000,13145100,3077,5127,13200000,9557
14,24,1320000,1320100,3077,5127,1375000,986
14,240,13200000,13200100,3077,5127,13255000,9589
14,241,13255000,13255100,3077,5127,13310000,9631
14,242,13310000,13310100,3077,5127,13365000,9672
14,243,13365000,13365100,3077,5127,13420000,9710
14,244,13420000,13420100,3077,5127,13475000,9751
14,245,13475000,13475100,3077,5127,13530000,9794
14,246,13530000,13530100,3077,5127,13585000,9828
14,247,13585000,13585100,3077,5127,13640000,9870
14,248,13640000,13640100,3077,5127,13695000,9909
14,249,13695000,13695100,3077,5127,13750000,9950
14,25,1375000,1375100,3077,5127,1430000,1028
14,250,13750000,13750100,3077,5127,13805000,9992
14,251,13805000,13805100,3077,5127,13860000,10033
14,252,13860000,13860100,3077,5127,13915000,10065
14,253,13915000,13915100,3077,5127,13970000,10108
14,254,13970000,13970100,3077,5127,14025000,10151
14,255,14025000,14025100,3077,5127,14080000,10190
14,256,14080000,14080100,3077,5127,14135000,10228
14,257,14135000,14135100,3077,5127,14190000,10270
14,258,14190000,14190100,3077,5127,14245000,10305
14,259,14245000,14245100,3077,5127,14300000,10350
14,26,1430000,1430100,3077,5127,1485000,1070
14,260,14300000,14300100,3077,5127,14355000,10389
14,261,14355000,14355100,3077,5127,14410000,10427
14,262,14410000,14410100,3077,5127,14465000,10468
14,263,14465000,14465100,3077,5127,14520000,10511
14,264,14520000,14520100,3077,5127,14575000,10545
14,265,14575000,14575100,3077,5127,14630000,10586
14,266,14630000,14630100,3077,5127,14685000,10628
14,267,14685000,14685100,3077,5127,14740000,10666
14,268,14740000,14740100,3077,5127,14795000,10705
14,269,14795000,14795100,3077,5127,14850000,10751
14,27,1485000,1485100,3077,5127,1540000,1107
14,270,14850000,14850100,3077,5127,14905000,10784
14,271,14905000,14905100,3077,5127,14960000,10827
14,272,14960000,14960100,3077,5127,15015000,10866
14,273,15015000,15015100,3077,5127,15070000,10904
14,274,15070000,15070100,3077,5127,15125000,10948
14,275,15125000,15125100,3077,5127,15180000,10989
14,276,15180000,15180100,3077,5127,15235000,11021
14,277,15235000,15235100,3077,5127,15290000,11064
14,278,15290000,15290100,3077,5127,15345000,11105
14,279,15345000,15345100,3077,5127,15400000,11146
14,28,1540000,1540100,3077,5127,1595000,1146
14,280,15400000,15400100,3077,5127,15455000,11185
14,281,15455000,15455100,3077,5127,15510000,11227
14,282,15510000,15510100,3077,5127,15565000,11262
14,283,15565000,15565100,3077,5127,15620000,11304
14,284,15620000,15620100,3077,5127,15675000,11344
14,285,15675000,15675100,3077,5127,15730000,11383
14,286,15730000,15730100,3077,5127,15785000,11424
14,287,15785000,15785100,3077,5127,15840000,11467
14,288,15840000,15840100,3077,5127,15895000,11499
14,289,15895000,15895100,3077,5127,15950000,11543
14,29,1595000,1595100,3077,5127,1650000,1192
14,290,15950000,15950100,3077,5127,16005000,11585
14,291,16005000,16005100,3077,5127,16060000,11623
14,292,16060000,16060100,3077,5127,16115000,11662
14,293,16115000,16115100,3077,5127,16170000,11704
14,294,16170000,16170100,3077,5127,16225000,11740
14,295,16225000,16225100,3077,5127,16280000,11783
14,296,16280000,16280100,3077,5127,16335000,11822
14,297,16335000,16335100,3077,5127,16390000,11860
14,298,16390000,16390100,3077,5127,16445000,11901
14,299,16445000,16445100,3077,5127,16500000,11946
14,3,165000,165100,3077,5127,220000,152
14,30,1650000,1650100,3077,5127,1705000,1226
14,300,16500000,16500100,3077,5127,16555000,11978
14,301,16555000,16555100,3077,5127,16610000,12021
14,302,16610000,16610100,3077,5127,16665000,12062
14,303,16665000,16665100,3077,5127,16720000,12100
14,304,16720000,16720100,3077,5127,16775000,12141
14,305,16775000,16775100,3077,5127,16830000,12183
14,306,16830000,16830100,3077,5127,16885000,12218
14,307,16885000,16885100,3077,5127,16940000,12259
14,308,16940000,16940100,3077,5127,16995000,12298
14,309,16995000,16995100,3077,5127,17050000,12340
14,31,1705000,1705100,3077,5127,1760000,1269
14,310,17050000,17050100,3077,5127,17105000,12381
14,311,17105000,17105100,3077,5127,17160000,12424
14,312,17160000,17160100,3077,5127,17215000,12455
14,313,17215000,17215100,3077,5127,17270000,12497
14,314,17270000,17270100,3077,5127,17325000,12541
14,315,17325000,17325100,3077,5127,17380000,12579
14,316,17380000,17380100,3077,5127,17435000,12618
14,317,17435000,17435100,3077,5127,17490000,12660
14,318,17490000,17490100,3077,5127,17545000,12694
14,319,17545000,17545100,3077,5127,17600000,12740
14,32,1760000,1760100,3077,5127,1815000,1307
14,320,17600000,17600100,3077,5127,17655000,12779
14,321,17655000,17655100,3077,5127,17710000,12816
14,322,17710000,17710100,3077,5127,17765000,12858
14,323,17765000,17765100,3077,5127,17820000,12900
14,324,17820000,17820100,3077,5127,17875000,12934
14,325,17875000,17875100,3077,5127,17930000,12977
14,326,17930000,17930100,3077,5127,17985000,13017
14,327,17985000,17985100,3077,5127,18040000,13056
14,328,18040000,18040100,3077,5127,18095000,13095
14,329,18095000,18095100,3077,5127,18150000,13140
14,33,1815000,1815100,3077,5127,1870000,1345
14,330,18150000,18150100,3077,5127,18205000,13175
14,331,18205000,18205100,3077,5127,18260000,13216
14,332,18260000,18260100,3077,5127,18315000,13255
14,333,18315000,18315100,3077,5127,18370000,13294
14,334,18370000,18370100,3077,5127,18425000,13337
14,335,18425000,18425100,3077,5127,18480000,13379
14,336,18480000,18480100,3077,5127,18535000,13411
14,337,18535000,18535100,3077,5127,18590000,13453
14,338,18590000,18590100,3077,5127,18645000,13495
14,339,18645000,18645100,3077,5127,18700000,13536
14,34,1870000,1870100,3077,5127,1925000,1389
14,340,18700000,18700100,3077,5127,18755000,13574
14,341,18755000,18755100,3077,5127,18810000,13617
14,342,18810000,18810100,3077,5127,18865000,13651
14,343,18865000,18865100,3077,5127,18920000,13694
14,344,18920000,18920100,3077,5127,18975000,13735
14,345,18975000,18975100,3077,5127,19030000,13772
14,346,19030000,19030100,3077,5127,19085000,13814
14,347,19085000,19085100,3077,5127,19140000,13856
14,348,19140000,19140100,3077,5127,19195000,13888
14,349,19195000,19195100,3077,5127,19250000,13933
14,35,1925000,1925100,3077,5127,1980000,1431
14,350,19250000,19250100,3077,5127,19305000,13974
14,351,19305000,19305100,3077,5127,19360000,14013
14,352,19360000,19360100,3077,5127,19415000,14052
14,353,19415000,19415100,3077,5127,19470000,14094
14,354,19470000,19470100,3077,5127,19525000,14130
14,355,19525000,19525100,3077,5127,19580000,14172
14,356,19580000,19580100,3077,5127,19635000,14211
14,357,19635000,19635100,3077,5127,19690000,14250
14,358,19690000,19690100,3077,5127,19745000,14291
14,359,19745000,19745100,3077,5127,19800000,14336
14,36,1980000,1980100,3077,5127,2035000,1463
14,360,19800000,19800100,3077,5127,19855000,14368
14,361,19855000,19855100,3077,5127,19910000,14410
14,362,19910000,19910100,3077,5127,19965000,14452
14,363,19965000,19965100,3077,5127,20020000,14489
14,364,20020000,20020100,3077,5127,20075000,14530
14,365,20075000,20075100,3077,5127,20130000,14573
14,366,20130000,20130100,3077,5127,20185000,14607
14,367,20185000,20185100,3077,5127,20240000,14650
14,368,20240000,20240100,3077,5127,20295000,14688
14,369,20295000,20295100,3077,5127,20350000,14729
14,37,2035000,2035100,3077,5127,2090000,1505
14,370,20350000,20350100,3077,5127,20405000,14771
14,371,20405000,20405100,3077,5127,20460000,14813
14,372,20460000,20460100,3077,5127,20515000,14845
14,373,20515000,20515100,3077,5127,20570000,14887
14,374,20570000,20570100,3077,5127,20625000,14930
14,375,20625000,20625100,3077,5127,20680000,14969
14,376,20680000,20680100,3077,5127,20735000,15008
14,377,20735000,20735100,3077,5127,20790000,15049
14,378,20790000,20790100,3077,5127,20845000,15084
14,379,20845000,20845100,3077,5127,20900000,15129
14,38,2090000,2090100,3077,5127,2145000,1546
14,380,20900000,20900100,3077,5127,20955000,15168
14,381,20955000,20955100,3077,5127,21010000,15207
14,382,21010000,21010100,3077,5127,21065000,15247
14,383,21065000,21065100,3077,5127,21120000,15290
14,384,21120000,21120100,3077,5127,21175000,15324
14,385,21175000,21175100,3077,5127,21230000,15366
14,386,21230000,21230100,3077,5127,21285000,15408
14,387,21285000,21285100,3077,5127,21340000,15445
14,388,21340000,21340100,3077,5127,21395000,15484
14,389,21395000,21395100,3077,5127,21450000,15530
14,39,2145000,2145100,3077,5127,2200000,1588
14,390,21450000,21450100,3077,5127,21505000,15564
14,391,21505000,21505100,3077,5127,21560000,15606
14,392,21560000,21560100,3077,5127,21615000,15645
14,393,21615000,21615100,3077,5127,21670000,15683
14,394,21670000,21670100,3077,5127,21725000,15727
14,395,21725000,21725100,3077,5127,21780000,15769
14,396,21780000,21780100,3077,5127,21835000,15800
14,397,21835000,21835100,3077,5127,21890000,15843
14,398,21890000,21890100,3077,5127,21945000,15884
14,399,21945000,21945100,3077,5127,22000000,15926
14,4,220000,220100,3077,5127,275000,192
14,40,2200000,2200100,3077,5127,2255000,1627
14,400,22000000,22000100,3077,5127,22055000,15965
14,401,22055000,22055100,3077,5127,22110000,16006
14,402,22110000,22110100,3077,5127,22165000,16041
14,403,22165000,22165100,3077,5127,22220000,16083
14,404,22220000,22220100,3077,5127,22275000,16124
14,405,22275000,22275100,3077,5127,22330000,16162
14,406,22330000,22330100,3077,5127,22385000,16203
14,407,22385000,22385100,3077,5127,22440000,16246
14,408,22440000,22440100,3077,5127,22495000,16278
14,409,22495000,22495100,3077,5127,22550000,16323
14,41,2255000,2255100,3077,5127,2310000,1668
14,410,22550000,22550100,3077,5127,22605000,16364
14,411,22605000,22605100,3077,5127,22660000,16402
14,412,22660000,22660100,3077,5127,22715000,16441
14,413,22715000,22715100,3077,5127,22770000,16484
14,414,22770000,22770100,3077,5127,22825000,16520
14,415,22825000,22825100,3077,5127,22880000,16562
14,416,22880000,22880100,3077,5127,22935000,16601
14,417,22935000,22935100,3077,5127,22990000,16639
14,418,22990000,22990100,3077,5127,23045000,16681
14,419,23045000,23045100,3077,5127,23100000,16725
14,42,2310000,2310100,3077,5127,2365000,1703
14,420,23100000,23100100,3077,5127,23155000,16757
14,421,23155000,23155100,3077,5127,23210000,16800
14,422,23210000,23210100,3077,5127,23265000,16841
14,423,23265000,23265100,3077,5127,23320000,16880
14,424,23320000,23320100,3077,5127,23375000,16920
14,425,23375000,23375100,3077,5127,23430000,16962
14,426,23430000,23430100,3077,5127,23485000,16997
14,427,23485000,23485100,3077,5127,23540000,17039
14,428,23540000,23540100,3077,5127,23595000,17078
14,429,23595000,23595100,3077,5127,23650000,17119
14,43,2365000,2365100,3077,5127,2420000,1745
14,430,23650000,23650100,3077,5127,23705000,17160
14,431,23705000,23705100,3077,5127,23760000,17203
14,432,23760000,23760100,3077,5127,23815000,17235
14,433,23815000,23815100,3077,5127,23870000,17276
14,434,23870000,23870100,3077,5127,23925000,17320
14,435,23925000,23925100,3077,5127,23980000,17358
14,436,23980000,23980100,3077,5127,24035000,17397
14,437,24035000,24035100,3077,5127,24090000,17440
14,438,24090000,24090100,3077,5127,24145000,17473
14,439,24145000,24145100,3077,5127,24200000,17519
14,44,2420000,2420100,3077,5127,2475000,1786
14,440,24200000,24200100,3077,5127,24255000,17558
14,441,24255000,24255100,3077,5127,24310000,17596
14,442,24310000,24310100,3077,5127,24365000,17638
14,443,24365000,24365100,3077,5127,24420000,17679
14,444,24420000,24420100,3077,5127,24475000,17713
14,445,24475000,24475100,3077,5127,24530000,17756
14,446,24530000,24530100,3077,5127,24585000,17797
14,447,24585000,24585100,3077,5127,24640000,17835
14,448,24640000,24640100,3077,5127,24695000,17874
14,449,24695000,24695100,3077,5127,24750000,17919
14,45,2475000,2475100,3077,5127,2530000,1825
14,450,24750000,24750100,3077,5127,24805000,17954
14,451,24805000,24805100,3077,5127,24860000,17996
14,452,24860000,24860100,3077,5127,24915000,18034
14,453,24915000,24915100,3077,5127,24970000,18073
14,454,24970000,24970100,3077,5127,25025000,18116
14,455,25025000,25025100,3077,5127,25080000,18159
14,456,25080000,25080100,3077,5127,25135000,18191
14,457,25135000,25135100,3077,5127,25190000,18232
14,458,25190000,25190100,3077,5127,25245000,18274
14,459,25245000,25245100,3077,5127,25300000,18315
14,46,2530000,2530100,3077,5127,2585000,1865
14,460,25300000,25300100,3077,5127,25355000,18354
14,461,25355000,25355100,3077,5127,25410000,18396
14,462,25410000,25410100,3077,5127,25465000,18430
14,463,25465000,25465100,3077,5127,25520000,18473
14,464,25520000,25520100,3077,5127,25575000,18514
14,465,25575000,25575100,3077,5127,25630000,18552
14,466,25630000,25630100,3077,5127,25685000,18593
14,467,25685000,25685100,3077,5127,25740000,18635
14,468,25740000,25740100,3077,5127,25795000,18667
14,469,25795000,25795100,3077,5127,25850000,18713
14,47,2585000,2585100,3077,5127,2640000,1908
14,470,25850000,25850100,3077,5127,25905000,18754
14,471,25905000,25905100,3077,5127,25960000,18792
14,472,25960000,25960100,3077,5127,26015000,18831
14,473,26015000,26015100,3077,5127,26070000,18873
14,474,26070000,26070100,3077,5127,26125000,18910
14,475,26125000,26125100,3077,5127,26180000,18951
14,476,26180000,26180100,3077,5127,26235000,18990
14,477,26235000,26235100,3077,5127,26290000,19029
14,478,26290000,26290100,3077,5127,26345000,19070
14,479,26345000,26345100,3077,5127,26400000,19116
14,48,2640000,2640100,3077,5127,2695000,1940
14,480,26400000,26400100,3077,5127,26455000,19147
14,481,26455000,26455100,3077,5127,26510000,19189
14,482,26510000,26510100,3077,5127,26565000,19231
14,483,26565000,26565100,3077,5127,26620000,19269
14,484,26620000,26620100,3077,5127,26675000,19310
14,485,26675000,26675100,3077,5127,26730000,19352
14,486,26730000,26730100,3077,5127,26785000,19386
14,487,26785000,26785100,3077,5127,26840000,19429
14,488,26840000,26840100,3077,5127,26895000,19468
14,489,26895000,26895100,3077,5127,26950000,19508
14,49,2695000,2695100,3077,5127,2750000,1985
14,490,26950000,26950100,3077,5127,27005000,19550
14,491,27005000,27005100,3077,5127,27060000,19592
14,492,27060000,27060100,3077,5127,27115000,19624
14,493,27115000,27115100,3077,5127,27170000,19667
14,494,27170000,27170100,3077,5127,27225000,19709
14,495,27225000,27225100,3077,5127,27280000,19748
14,496,27280000,27280100,3077,5127,27335000,19787
14,497,27335000,27335100,3077,5127,27390000,19829
14,498,27390000,27390100,3077,5127,27445000,19864
14,499,27445000,27445100,3077,5127,27500000,19908
14,5,275000,275100,3077,5127,330000,235
14,50,2750000,2750100,3077,5127,2805000,2027
14,500,27500000,27500100,3077,5127,27555000,19947
14,501,27555000,27555100,3077,5127,27610000,19986
14,502,27610000,27610100,3077,5127,27665000,20027
14,503,27665000,27665100,3077,5127,27720000,20069
14,504,27720000,27720100,3077,5127,27775000,20103
14,505,27775000,27775100,3077,5127,27830000,20145
14,506,27830000,27830100,3077,5127,27885000,20187
14,507,27885000,27885100,3077,5127,27940000,20225
14,508,27940000,27940100,3077,5127,27995000,20263
14,509,27995000,27995100,3077,5127,28050000,20309
14,51,2805000,2805100,3077,5127,2860000,2064
14,510,28050000,28050100,3077,5127,28105000,20343
14,511,28105000,28105100,3077,5127,28160000,20386
14,512,28160000,28160100,3077,5127,28215000,20425
14,513,28215000,28215100,3077,5127,28270000,20462
14,514,28270000,28270100,3077,5127,28325000,20506
14,515,28325000,28325100,3077,5127,28380000,20548
14,516,28380000,28380100,3077,5127,28435000,20580
14,517,28435000,28435100,3077,5127,28490000,20622
14,518,28490000,28490100,3077,5127,28545000,20663
14,519,28545000,28545100,3077,5127,28600000,20705
14,52,2860000,2860100,3077,5127,2915000,2103
14,520,28600000,28600100,3077,5127,28655000,20744
14,521,28655000,28655100,3077,5127,28710000,20786
14,522,28710000,28710100,3077,5127,28765000,20820
14,523,28765000,28765100,3077,5127,28820000,20862
14,524,28820000,28820100,3077,5127,28875000,20903
14,525,28875000,28875100,3077,5127,28930000,20942
14,526,28930000,28930100,3077,5127,28985000,20983
14,527,28985000,28985100,3077,5127,29040000,21025
14,528,29040000,29040100,3077,5127,29095000,21057
14,529,29095000,29095100,3077,5127,29150000,21102
14,53,2915000,2915100,3077,5127,2970000,2146
14,530,29150000,29150100,3077,5127,29205000,21144
14,531,29205000,29205100,3077,5127,29260000,21181
14,532,29260000,29260100,3077,5127,29315000,21220
14,533,29315000,29315100,3077,5127,29370000,21263
14,534,29370000,29370100,3077,5127,29425000,21299
14,535,29425000,29425100,3077,5127,29480000,21342
14,536,29480000,29480100,3077,5127,29535000,21380
14,537,29535000,29535100,3077,5127,29590000,21418
14,538,29590000,29590100,3077,5127,29645000,21460
14,539,29645000,29645100,3077,5127,29700000,21505
14,54,2970000,2970100,3077,5127,3025000,2182
14,540,29700000,29700100,3077,5127,29755000,21537
14,541,29755000,29755100,3077,5127,29810000,21579
14,542,29810000,29810100,3077,5127,29865000,21620
14,543,29865000,29865100,3077,5127,29920000,21659
14,544,29920000,29920100,3077,5127,29975000,21700
14,545,29975000,29975100,3077,5127,30030000,21741
14,546,30030000,30030100,3077,5127,30085000,21776
14,547,30085000,30085100,3077,5127,30140000,21818
14,548,30140000,30140100,3077,5127,30195000,21857
14,549,30195000,30195100,3077,5127,30250000,21899
14,55,3025000,3025100,3077,5127,3080000,2224
14,550,30250000,30250100,3077,5127,30305000,21939
14,551,30305000,30305100,3077,5127,30360000,21982
14,552,30360000,30360100,3077,5127,30415000,22014
14,553,30415000,30415100,3077,5127,30470000,22056
14,554,30470000,30470100,3077,5127,30525000,22100
14,555,30525000,30525100,3077,5127,30580000,22137
14,556,30580000,30580100,3077,5127,30635000,22176
14,557,30635000,30635100,3077,5127,30690000,22219
14,558,30690000,30690100,3077,5127,30745000,22253
14,559,30745000,30745100,3077,5127,30800000,22298
14,56,3080000,3080100,3077,5127,3135000,2263
14,560,30800000,30800100,3077,5127,30855000,22337
14,561,30855000,30855100,3077,5127,30910000,22375
14,562,30910000,30910100,3077,5127,30965000,22417
14,563,30965000,30965100,3077,5127,31020000,22459
14,564,31020000,31020100,3077,5127,31075000,22492
14,565,31075000,31075100,3077,5127,31130000,22535
14,566,31130000,31130100,3077,5127,31185000,22576
14,567,31185000,31185100,3077,5127,31240000,22615
14,568,31240000,31240100,3077,5127,31295000,22654
14,569,31295000,31295100,3077,5127,31350000,22698
14,57,3135000,3135100,3077,5127,3190000,2301
14,570,31350000,31350100,3077,5127,31405000,22733
14,571,31405000,31405100,3077,5127,31460000,22775
14,572,31460000,31460100,3077,5127,31515000,22814
14,573,31515000,31515100,3077,5127,31570000,22852
14,574,31570000,31570100,3077,5127,31625000,22895
14,575,31625000,31625100,3077,5127,31680000,22938
14,576,31680000,31680100,3077,5127,31735000,22970
14,577,31735000,31735100,3077,5127,31790000,23012
14,578,31790000,31790100,3077,5127,31845000,23053
14,579,31845000,31845100,3077,5127,31900000,23094
14,58,3190000,3190100,3077,5127,3245000,2343
14,580,31900000,31900100,3077,5127,31955000,23133
14,581,31955000,31955100,3077,5127,32010000,23176
14,582,32010000,32010100,3077,5127,32065000,23210
14,583,32065000,32065100,3077,5127,32120000,23252
14,584,32120000,32120100,3077,5127,32175000,23293
14,585,32175000,32175100,3077,5127,32230000,23331
14,586,32230000,32230100,3077,5127,32285000,23373
14,587,32285000,32285100,3077,5127,32340000,23414
14,588,32340000,32340100,3077,5127,32395000,23446
14,589,32395000,32395100,3077,5127,32450000,23492
14,59,3245000,3245100,3077,5127,3300000,2388
14,590,32450000,32450100,3077,5127,32505000,23533
14,591,32505000,32505100,3077,5127,32560000,23572
14,592,32560000,32560100,3077,5127,32615000,23610
14,593,32615000,32615100,3077,5127,32670000,23652
14,594,32670000,32670100,3077,5127,32725000,23689
14,595,32725000,32725100,3077,5127,32780000,23731
14,596,32780000,32780100,3077,5127,32835000,23770
14,597,32835000,32835100,3077,5127,32890000,23808
14,598,32890000,32890100,3077,5127,32945000,23849
14,599,32945000,32945100,3077,5127,33000000,23895
14,6,330000,330100,3077,5127,385000,269
14,60,3300000,3300100,3077,5127,3355000,2419
14,600,33000000,33000100,3077,5127,33055000,23927
14,601,33055000,33055100,3077,5127,33110000,23968
14,602,33110000,33110100,3077,5127,33165000,24010
14,603,33165000,33165100,3077,5127,33220000,24048
14,604,33220000,33220100,3077,5127,33275000,24089
14,605,33275000,33275100,3077,5127,33330000,24132
14,606,33330000,33330100,3077,5127,33385000,24165
14,607,33385000,33385100,3077,5127,33440000,24208
14,608,33440000,33440100,3077,5127,33495000,24247
14,609,33495000,33495100,3077,5127,33550000,24288
14,61,3355000,3355100,3077,5127,3410000,2462
14,610,33550000,33550100,3077,5127,33605000,24330
14,611,33605000,33605100,3077,5127,33660000,24371
14,612,33660000,33660100,3077,5127,33715000,24403
14,613,33715000,33715100,3077,5127,33770000,24446
14,614,33770000,33770100,3077,5127,33825000,24489
14,615,33825000,33825100,3077,5127,33880000,24527
14,616,33880000,33880100,3077,5127,33935000,24566
14,617,33935000,33935100,3077,5127,33990000,24608
14,618,33990000,33990100,3077,5127,34045000,24643
14,619,34045000,34045100,3077,5127,34100000,24688
14,62,3410000,3410100,3077,5127,3465000,2503
14,620,34100000,34100100,3077,5127,34155000,24726
14,621,34155000,34155100,3077,5127,34210000,24765
14,622,34210000,34210100,3077,5127,34265000,24806
14,623,34265000,34265100,3077,5127,34320000,24849
14,624,34320000,34320100,3077,5127,34375000,24883
14,625,34375000,34375100,3077,5127,34430000,24924
14,626,34430000,34430100,3077,5127,34485000,24966
14,627,34485000,34485100,3077,5127,34540000,25004
14,628,34540000,34540100,3077,5127,34595000,25043
14,629,34595000,34595100,3077,5127,34650000,25088
14,63,3465000,3465100,3077,5127,3520000,2542
14,630,34650000,34650100,3077,5127,34705000,25122
14,631,34705000,34705100,3077,5127,34760000,25165
14,632,34760000,34760100,3077,5127,34815000,25204
14,633,34815000,34815100,3077,5127,34870000,25242
14,634,34870000,34870100,3077,5127,34925000,25285
14,635,34925000,34925100,3077,5127,34980000,25327
14,636,34980000,34980100,3077,5127,35035000,25359
14,637,35035000,35035100,3077,5127,35090000,25402
14,638,35090000,35090100,3077,5127,35145000,25443
14,639,35145000,35145100,3077,5127,35200000,25484
14,64,3520000,3520100,3077,5127,3575000,2583
14,640,35200000,35200100,3077,5127,35255000,25523
14,641,35255000,35255100,3077,5127,35310000,25565
14,642,35310000,35310100,3077,5127,35365000,25600
14,643,35365000,35365100,3077,5127,35420000,25641
14,644,35420000,35420100,3077,5127,35475000,25682
14,645,35475000,35475100,3077,5127,35530000,25721
14,646,35530000,35530100,3077,5127,35585000,25762
14,647,35585000,35585100,3077,5127,35640000,25805
14,648,35640000,35640100,3077,5127,35695000,25836
14,649,35695000,35695100,3077,5127,35750000,25881
14,65,3575000,3575100,3077,5127,3630000,2624
14,650,35750000,35750100,3077,5127,35805000,25923
14,651,35805000,35805100,3077,5127,35860000,25961
14,652,35860000,35860100,3077,5127,35915000,26000
14,653,35915000,35915100,3077,5127,35970000,26042
14,654,35970000,35970100,3077,5127,36025000,26078
14,655,36025000,36025100,3077,5127,36080000,26121
14,656,36080000,36080100,3077,5127,36135000,26160
14,657,36135000,36135100,3077,5127,36190000,26197
14,658,36190000,36190100,3077,5127,36245000,26239
14,659,36245000,36245100,3077,5127,36300000,26284
14,66,3630000,3630100,3077,5127,3685000,2659
14,660,36300000,36300100,3077,5127,36355000,26316
14,661,36355000,36355100,3077,5127,36410000,26359
14,662,36410000,36410100,3077,5127,36465000,26399
14,663,36465000,36465100,3077,5127,36520000,26438
14,664,36520000,36520100,3077,5127,36575000,26479
14,665,36575000,36575100,3077,5127,36630000,26521
14,666,36630000,36630100,3077,5127,36685000,26556
14,667,36685000,36685100,3077,5127,36740000,26597
14,668,36740000,36740100,3077,5127,36795000,26636
14,669,36795000,36795100,3077,5127,36850000,26678
14,67,3685000,3685100,3077,5127,3740000,2701
14,670,36850000,36850100,3077,5127,36905000,26719
14,671,36905000,36905100,3077,5127,36960000,26761
14,672,36960000,36960100,3077,5127,37015000,26793
14,673,37015000,37015100,3077,5127,37070000,26835
14,674,37070000,37070100,3077,5127,37125000,26879
14,675,37125000,37125100,3077,5127,37180000,26917
14,676,37180000,37180100,3077,5127,37235000,26955
14,677,37235000,37235100,3077,5127,37290000,26998
14,678,37290000,37290100,3077,5127,37345000,27032
14,679,37345000,37345100,3077,5127,37400000,27078
14,68,3740000,3740100,3077,5127,3795000,2740
14,680,37400000,37400100,3077,5127,37455000,27117
14,681,37455000,37455100,3077,5127,37510000,27154
14,682,37510000,37510100,3077,5127,37565000,27196
14,683,37565000,37565100,3077,5127,37620000,27238
14,684,37620000,37620100,3077,5127,37675000,27272
14,685,37675000,37675100,3077,5127,37730000,27314
14,686,37730000,37730100,3077,5127,37785000,27355
14,687,37785000,37785100,3077,5127,37840000,27394
14,688,37840000,37840100,3077,5127,37895000,27433
14,689,37895000,37895100,3077,5127,37950000,27478
14,69,3795000,3795100,3077,5127,3850000,2781
14,690,37950000,37950100,3077,5127,38005000,27512
14,691,38005000,38005100,3077,5127,38060000,27554
14,692,38060000,38060100,3077,5127,38115000,27593
14,693,38115000,38115100,3077,5127,38170000,27632
14,694,38170000,38170100,3077,5127,38225000,27675
14,695,38225000,38225100,3077,5127,38280000,27717
14,696,38280000,38280100,3077,5127,38335000,27749
14,697,38335000,38335100,3077,5127,38390000,27791
14,698,38390000,38390100,3077,5127,38445000,27833
14,699,38445000,38445100,3077,5127,38500000,27873
14,7,385000,385100,3077,5127,440000,312
14,70,3850000,3850100,3077,5127,3905000,2822
14,700,38500000,38500100,3077,5127,38555000,27912
14,701,38555000,38555100,3077,5127,38610000,27955
14,702,38610000,38610100,3077,5127,38665000,27989
14,703,38665000,38665100,3077,5127,38720000,28032
14,704,38720000,38720100,3077,5127,38775000,28072
14,705,38775000,38775100,3077,5127,38830000,28110
14,706,38830000,38830100,3077,5127,38885000,28152
14,707,38885000,38885100,3077,5127,38940000,28194
14,708,38940000,38940100,3077,5127,38995000,28226
14,709,38995000,38995100,3077,5127,39050000,28271
14,71,3905000,3905100,3077,5127,3960000,2865
14,710,39050000,39050100,3077,5127,39105000,28312
14,711,39105000,39105100,3077,5127,39160000,28351
14,712,39160000,39160100,3077,5127,39215000,28390
14,713,39215000,39215100,3077,5127,39270000,28431
14,714,39270000,39270100,3077,5127,39325000,28468
14,715,39325000,39325100,3077,5127,39380000,28510
14,716,39380000,39380100,3077,5127,39435000,28549
14,717,39435000,39435100,3077,5127,39490000,28588
14,718,39490000,39490100,3077,5127,39545000,28628
14,719,39545000,39545100,3077,5127,39600000,28674
14,72,3960000,3960100,3077,5127,4015000,2897
14,720,39600000,39600100,3077,5127,39655000,28706
14,721,39655000,39655100,3077,5127,39710000,28748
14,722,39710000,39710100,3077,5127,39765000,28790
14,723,39765000,39765100,3077,5127,39820000,28827
14,724,39820000,39820100,3077,5127,39875000,28868
14,725,39875000,39875100,3077,5127,39930000,28911
14,726,39930000,39930100,3077,5127,39985000,28945
14,727,39985000,39985100,3077,5127,40040000,28987
14,728,40040000,40040100,3077,5127,40095000,29026
14,729,40095000,40095100,3077,5127,40150000,29067
14,73,4015000,4015100,3077,5127,4070000,2939
14,730,40150000,40150100,3077,5127,40205000,29109
14,731,40205000,40205100,3077,5127,40260000,29151
14,732,40260000,40260100,3077,5127,40315000,29182
14,733,40315000,40315100,3077,5127,40370000,29225
14,734,40370000,40370100,3077,5127,40425000,29268
14,735,40425000,40425100,3077,5127,40480000,29307
14,736,40480000,40480100,3077,5127,40535000,29346
14,737,40535000,40535100,3077,5127,40590000,29387
14,738,40590000,40590100,3077,5127,40645000,29422
14,739,40645000,40645100,3077,5127,40700000,29467
14,74,4070000,4070100,3077,5127,4125000,2982
14,740,40700000,40700100,3077,5127,40755000,29506
14,741,40755000,40755100,3077,5127,40810000,29544
14,742,40810000,40810100,3077,5127,40865000,29585
14,743,40865000,40865100,3077,5127,40920000,29628
14,744,40920000,40920100,3077,5127,40975000,29662
14,745,40975000,40975100,3077,5127,41030000,29704
14,746,41030000,41030100,3077,5127,41085000,29745
14,747,41085000,41085100,3077,5127,41140000,29783
14,748,41140000,41140100,3077,5127,41195000,29822
14,749,41195000,41195100,3077,5127,41250000,29868
14,75,4125000,4125100,3077,5127,4180000,3020
14,750,41250000,41250100,3077,5127,41305000,29902
14,751,41305000,41305100,3077,5127,41360000,29944
14,752,41360000,41360100,3077,5127,41415000,29983
14,753,41415000,41415100,3077,5127,41470000,30021
14,754,41470000,41470100,3077,5127,41525000,30065
14,755,41525000,41525100,3077,5127,41580000,30106
14,756,41580000,41580100,3077,5127,41635000,30138
14,757,41635000,41635100,3077,5127,41690000,30181
14,758,41690000,41690100,3077,5127,41745000,30222
14,759,41745000,41745100,3077,5127,41800000,30264
14,76,4180000,4180100,3077,5127,4235000,3059
14,760,41800000,41800100,3077,5127,41855000,30302
14,761,41855000,41855100,3077,5127,41910000,30344
14,762,41910000,41910100,3077,5127,41965000,30379
14,763,41965000,41965100,3077,5127,42020000,30421
14,764,42020000,42020100,3077,5127,42075000,30462
14,765,42075000,42075100,3077,5127,42130000,30500
14,766,42130000,42130100,3077,5127,42185000,30541
14,767,42185000,42185100,3077,5127,42240000,30584
14,768,42240000,42240100,3077,5127,42295000,30616
14,769,42295000,42295100,3077,5127,42350000,30660
14,77,4235000,4235100,3077,5127,4290000,3102
14,770,42350000,42350100,3077,5127,42405000,30702
14,771,42405000,42405100,3077,5127,42460000,30740
14,772,42460000,42460100,3077,5127,42515000,30779
14,773,42515000,42515100,3077,5127,42570000,30822
14,774,42570000,42570100,3077,5127,42625000,30857
14,775,42625000,42625100,3077,5127,42680000,30900
14,776,42680000,42680100,3077,5127,42735000,30939
14,777,42735000,42735100,3077,5127,42790000,30977
14,778,42790000,42790100,3077,5127,42845000,31019
14,779,42845000,42845100,3077,5127,42900000,31063
14,78,4290000,4290100,3077,5127,4345000,3136
14,780,42900000,42900100,3077,5127,42955000,31095
14,781,42955000,42955100,3077,5127,43010000,31138
14,782,43010000,43010100,3077,5127,43065000,31179
14,783,43065000,43065100,3077,5127,43120000,31217
14,784,43120000,43120100,3077,5127,43175000,31258
14,785,43175000,43175100,3077,5127,43230000,31300
14,786,43230000,43230100,3077,5127,43285000,31335
14,787,43285000,43285100,3077,5127,43340000,31377
14,788,43340000,43340100,3077,5127,43395000,31415
14,789,43395000,43395100,3077,5127,43450000,31457
14,79,4345000,4345100,3077,5127,4400000,3181
14,790,43450000,43450100,3077,5127,43505000,31498
14,791,43505000,43505100,3077,5127,43560000,31541
14,792,43560000,43560100,3077,5127,43615000,31573
14,793,43615000,43615100,3077,5127,43670000,31614
14,794,43670000,43670100,3077,5127,43725000,31658
14,795,43725000,43725100,3077,5127,43780000,31696
14,796,43780000,43780100,3077,5127,43835000,31735
14,797,43835000,43835100,3077,5127,43890000,31777
14,798,43890000,43890100,3077,5127,43945000,31811
14,799,43945000,43945100,3077,5127,44000000,31857
14,8,440000,440100,3077,5127,495000,351
14,80,4400000,4400100,3077,5127,4455000,3220
14,800,44000000,44000100,3077,5127,44055000,31896
14,801,44055000,44055100,3077,5127,44110000,31934
14,802,44110000,44110100,3077,5127,44165000,31975
14,803,44165000,44165100,3077,5127,44220000,32017
14,804,44220000,44220100,3077,5127,44275000,32051
14,805,44275000,44275100,3077,5127,44330000,32094
14,806,44330000,44330100,3077,5127,44385000,32135
14,807,44385000,44385100,3077,5127,44440000,32173
14,808,44440000,44440100,3077,5127,44495000,32212
14,809,44495000,44495100,3077,5127,44550000,32257
14,81,4455000,4455100,3077,5127,4510000,3258
14,810,44550000,44550100,3077,5127,44605000,32292
14,811,44605000,44605100,3077,5127,44660000,32333
14,812,44660000,44660100,3077,5127,44715000,32372
14,813,44715000,44715100,3077,5127,44770000,32411
14,814,44770000,44770100,3077,5127,44825000,32454
14,815,44825000,44825100,3077,5127,44880000,32497
14,816,44880000,44880100,3077,5127,44935000,32528
14,817,44935000,44935100,3077,5127,44990000,32570
14,818,44990000,44990100,3077,5127,45045000,32612
14,819,45045000,45045100,3077,5127,45100000,32653
14,82,4510000,4510100,3077,5127,4565000,3300
14,820,45100000,45100100,3077,5127,45155000,32692
14,821,45155000,45155100,3077,5127,45210000,32734
14,822,45210000,45210100,3077,5127,45265000,32768
14,823,45265000,45265100,3077,5127,45320000,32811
14,824,45320000,45320100,3077,5127,45375000,32852
14,825,45375000,45375100,3077,5127,45430000,32889
14,826,45430000,45430100,3077,5127,45485000,32931
14,827,45485000,45485100,3077,5127,45540000,32973
14,828,45540000,45540100,3077,5127,45595000,33005
14,829,45595000,45595100,3077,5127,45650000,33051
14,83,4565000,4565100,3077,5127,4620000,3341
14,830,45650000,45650100,3077,5127,45705000,33091
14,831,45705000,45705100,3077,5127,45760000,33130
14,832,45760000,45760100,3077,5127,45815000,33169
14,833,45815000,45815100,3077,5127,45870000,33211
14,834,45870000,45870100,3077,5127,45925000,33248
14,835,45925000,45925100,3077,5127,45980000,33289
14,836,45980000,45980100,3077,5127,46035000,33328
14,837,46035000,46035100,3077,5127,46090000,33367
14,838,46090000,46090100,3077,5127,46145000,33408
14,839,46145000,46145100,3077,5127,46200000,33453
14,84,4620000,4620100,3077,5127,4675000,3375
14,85,4675000,4675100,3077,5127,4730000,3418
14,86,4730000,4730100,3077,5127,4785000,3459
14,87,4785000,4785100,3077,5127,4840000,3498
14,88,4840000,4840100,3077,5127,4895000,3536
14,89,4895000,4895100,3077,5127,4950000,3581
14,9,495000,495100,3077,5127,550000,391
14,90,4950000,4950100,3077,5127,5005000,3616
14,91,5005000,5005100,3077,5127,5060000,3658
14,92,5060000,5060100,3077,5127,5115000,3697
14,93,5115000,5115100,3077,5127,5170000,3735
14,94,5170000,5170100,3077,5127,5225000,3778
14,95,5225000,5225100,3077,5127,5280000,3821
14,96,5280000,5280100,3077,5127,5335000,3853
14,97,5335000,5335100,3077,5127,5390000,3894
14,98,5390000,5390100,3077,5127,5445000,3936
14,99,5445000,5445100,3077,5127,5500000,3977
15,0,0,100,19381,32301,70000,42
15,1,70000,70100,19381,32301,140000,94
15,10,700000,700100,19381,32301,770000,550
15,100,7000000,7000100,19381,32301,7070000,5111
15,101,7070000,7070100,19381,32301,7140000,5166
15,102,7140000,7140100,19381,32301,7210000,5214
15,103,7210000,7210100,19381,32301,7280000,5266
15,104,7280000,7280100,19381,32301,7350000,5319
15,105,7350000,7350100,19381,32301,7420000,5365
15,106,7420000,7420100,19381,32301,7490000,5416
15,107,7490000,7490100,19381,32301,7560000,5472
15,108,7560000,7560100,19381,32301,7630000,5517
15,109,7630000,7630100,19381,32301,7700000,5571
15,11,770000,770100,19381,32301,840000,605
15,110,7700000,7700100,19381,32301,7770000,5622
15,111,7770000,7770100,19381,32301,7840000,5670
15,112,7840000,7840100,19381,32301,7910000,5720
15,113,7910000,7910100,19381,32301,7980000,5776
15,114,7980000,7980100,19381,32301,8050000,5823
15,115,8050000,8050100,19381,32301,8120000,5873
15,116,8120000,8120100,19381,32301,8190000,5925
15,117,8190000,8190100,19381,32301,8260000,5975
15,118,8260000,8260100,19381,32301,8330000,6025
15,119,8330000,8330100,19381,32301,8400000,6081
15,12,840000,840100,19381,32301,910000,651
15,120,8400000,8400100,19381,32301,8470000,6125
15,121,8470000,8470100,19381,32301,8540000,6177
15,122,8540000,8540100,19381,32301,8610000,6231
15,123,8610000,8610100,19381,32301,8680000,6279
15,124,8680000,8680100,19381,32301,8750000,6330
15,125,8750000,8750100,19381,32301,8820000,6383
15,126,8820000,8820100,19381,32301,8890000,6429
15,127,8890000,8890100,19381,32301,8960000,6482
15,128,8960000,8960100,19381,32301,9030000,6535
15,129,9030000,9030100,19381,32301,9100000,6584
15,13,910000,910100,19381,32301,980000,703
15,130,9100000,9100100,19381,32301,9170000,6632
15,131,9170000,9170100,19381,32301,9240000,6688
15,132,9240000,9240100,19381,32301,9310000,6734
15,133,9310000,9310100,19381,32301,9380000,6786
15,134,9380000,9380100,19381,32301,9450000,6840
15,135,9450000,9450100,19381,32301,9520000,6887
15,136,9520000,9520100,19381,32301,9590000,6936
15,137,9590000,9590100,19381,32301,9660000,6992
15,138,9660000,9660100,19381,32301,9730000,7038
15,139,9730000,9730100,19381,32301,9800000,7092
15,14,980000,980100,19381,32301,1050000,758
15,140,9800000,9800100,19381,32301,9870000,7142
15,141,9870000,9870100,19381,32301,9940000,7190
15,142,9940000,9940100,19381,32301,10010000,7242
15,143,10010000,10010100,19381,32301,10080000,7297
15,144,10080000,10080100,19381,32301,10150000,7343
15,145,10150000,10150100,19381,32301,10220000,7393
15,146,10220000,10220100,19381,32301,10290000,7447
15,147,10290000,10290100,19381,32301,10360000,7496
15,148,10360000,10360100,19381,32301,10430000,7545
15,149,10430000,10430100,19381,32301,10500000,7601
15,15,1050000,1050100,19381,32301,1120000,804
15,150,10500000,10500100,19381,32301,10570000,7646
15,151,10570000,10570100,19381,32301,10640000,7698
15,152,10640000,10640100,19381,32301,10710000,7751
15,153,10710000,10710100,19381,32301,10780000,7800
15,154,10780000,10780100,19381,32301,10850000,7851
15,155,10850000,10850100,19381,32301,10920000,7904
15,156,10920000,10920100,19381,32301,10990000,7949
15,157,10990000,10990100,19381,32301,11060000,8003
15,158,11060000,11060100,19381,32301,11130000,8056
15,159,11130000,11130100,19381,32301,11200000,8105
15,16,1120000,1120100,19381,32301,1190000,853
15,160,11200000,11200100,19381,32301,11270000,8152
15,161,11270000,11270100,19381,32301,11340000,8208
15,162,11340000,11340100,19381,32301,11410000,8255
15,163,11410000,11410100,19381,32301,11480000,8307
15,164,11480000,11480100,19381,32301,11550000,8361
15,165,11550000,11550100,19381,32301,11620000,8407
15,166,11620000,11620100,19381,32301,11690000,8457
15,167,11690000,11690100,19381,32301,11760000,8513
15,168,11760000,11760100,19381,32301,11830000,8559
15,169,11830000,11830100,19381,32301,11900000,8612
15,17,1190000,1190100,19381,32301,1260000,909
15,170,11900000,11900100,19381,32301,11970000,8663
15,171,11970000,11970100,19381,32301,12040000,8711
15,172,12040000,12040100,19381,32301,12110000,8762
15,173,12110000,12110100,19381,32301,12180000,8817
15,174,12180000,12180100,19381,32301,12250000,8864
15,175,12250000,12250100,19381,32301,12320000,8915
15,176,12320000,12320100,19381,32301,12390000,8967
15,177,12390000,12390100,19381,32301,12460000,9016
15,178,12460000,12460100,19381,32301,12530000,9066
15,179,12530000,12530100,19381,32301,12600000,9123
15,18,1260000,1260100,19381,32301,1330000,956
15,180,12600000,12600100,19381,32301,12670000,9166
15,181,12670000,12670100,19381,32301,12740000,9218
15,182,12740000,12740100,19381,32301,12810000,9272
15,183,12810000,12810100,19381,32301,12880000,9321
15,184,12880000,12880100,19381,32301,12950000,9371
15,185,12950000,12950100,19381,32301,13020000,9424
15,186,13020000,13020100,19381,32301,13090000,9471
15,187,13090000,13090100,19381,32301,13160000,9524
15,188,13160000,13160100,19381,32301,13230000,9576
15,189,13230000,13230100,19381,32301,13300000,9625
15,19,1330000,1330100,19381,32301,1400000,1009
15,190,13300000,13300100,19381,32301,13370000,9674
15,191,13370000,13370100,19381,32301,13440000,9729
15,192,13440000,13440100,19381,32301,13510000,9775
15,193,13510000,13510100,19381,32301,13580000,9827
15,194,13580000,13580100,19381,32301,13650000,9882
15,195,13650000,13650100,19381,32301,13720000,9928
15,196,13720000,13720100,19381,32301,13790000,9977
15,197,13790000,13790100,19381,32301,13860000,10034
15,198,13860000,13860100,19381,32301,13930000,10080
15,199,13930000,13930100,19381,32301,14000000,10133
15,2,140000,140100,19381,32301,210000,148
15,20,1400000,1400100,19381,32301,1470000,1059
15,200,14000000,14000100,19381,32301,14070000,10183
15,201,14070000,14070100,19381,32301,14140000,10232
15,202,14140000,14140100,19381,32301,14210000,10283
15,203,14210000,14210100,19381,32301,14280000,10338
15,204,14280000,14280100,19381,32301,14350000,10384
15,205,14350000,14350100,19381,32301,14420000,10435
15,206,14420000,14420100,19381,32301,14490000,10488
15,207,14490000,14490100,19381,32301,14560000,10537
15,208,14560000,14560100,19381,32301,14630000,10587
15,209,14630000,14630100,19381,32301,14700000,10643
15,21,1470000,1470100,19381,32301,1540000,1108
15,210,14700000,14700100,19381,32301,14770000,10687
15,211,14770000,14770100,19381,32301,14840000,10739
15,212,14840000,14840100,19381,32301,14910000,10793
15,213,14910000,14910100,19381,32301,14980000,10841
15,214,14980000,14980100,19381,32301,15050000,10892
15,215,15050000,15050100,19381,32301,15120000,10945
15,216,15120000,15120100,19381,32301,15190000,10991
15,217,15190000,15190100,19381,32301,15260000,11044
15,218,15260000,15260100,19381,32301,15330000,11097
15,219,15330000,15330100,19381,32301,15400000,11147
15,22,1540000,1540100,19381,32301,1610000,1159
15,220,15400000,15400100,19381,32301,15470000,11194
15,221,15470000,15470100,19381,32301,15540000,11249
15,222,15540000,15540100,19381,32301,15610000,11296
15,223,15610000,15610100,19381,32301,15680000,11349
15,224,15680000,15680100,19381,32301,15750000,11402
15,225,15750000,15750100,19381,32301,15820000,11448
15,226,15820000,15820100,19381,32301,15890000,11498
15,227,15890000,15890100,19381,32301,15960000,11555
15,228,15960000,15960100,19381,32301,16030000,11600
15,229,16030000,16030100,19381,32301,16100000,11653
15,23,1610000,1610100,19381,32301,1680000,1214
15,230,16100000,16100100,19381,32301,16170000,11705
15,231,16170000,16170100,19381,32301,16240000,11753
15,232,16240000,16240100,19381,32301,16310000,11803
15,233,16310000,16310100,19381,32301,16380000,11858
15,234,16380000,16380100,19381,32301,16450000,11906
15,235,16450000,16450100,19381,32301,16520000,11956
15,236,16520000,16520100,19381,32301,16590000,12008
15,237,16590000,16590100,19381,32301,16660000,12057
15,238,16660000,16660100,19381,32301,16730000,12108
15,239,16730000,16730100,19381,32301,16800000,12164
15,24,1680000,1680100,19381,32301,1750000,1260
15,240,16800000,16800100,19381,32301,16870000,12207
15,241,16870000,16870100,19381,32301,16940000,12260
15,242,16940000,16940100,19381,32301,17010000,12314
15,243,17010000,17010100,19381,32301,17080000,12362
15,244,17080000,17080100,19381,32301,17150000,12412
15,245,17150000,17150100,19381,32301,17220000,12466
15,246,17220000,17220100,19381,32301,17290000,12512
15,247,17290000,17290100,19381,32301,17360000,12565
15,248,17360000,17360100,19381,32301,17430000,12617
15,249,17430000,17430100,19381,32301,17500000,12667
15,25,1750000,1750100,19381,32301,1820000,1311
15,250,17500000,17500100,19381,32301,17570000,12715
15,251,17570000,17570100,19381,32301,17640000,12770
15,252,17640000,17640100,19381,32301,17710000,12817
15,253,17710000,17710100,19381,32301,17780000,12869
15,254,17780000,17780100,19381,32301,17850000,12923
15,255,17850000,17850100,19381,32301,17920000,12969
15,256,17920000,17920100,19381,32301,17990000,13019
15,257,17990000,17990100,19381,32301,18060000,13075
15,258,18060000,18060100,19381,32301,18130000,13121
15,259,18130000,18130100,19381,32301,18200000,13174
15,26,1820000,1820100,19381,32301,1890000,1364
15,260,18200000,18200100,19381,32301,18270000,13225
15,261,18270000,18270100,19381,32301,18340000,13273
15,262,18340000,18340100,19381,32301,18410000,13324
15,263,18410000,18410100,19381,32301,18480000,13380
15,264,18480000,18480100,19381,32301,18550000,13426
15,265,18550000,18550100,19381,32301,18620000,13476
15,266,18620000,18620100,19381,32301,18690000,13529
15,267,18690000,18690100,19381,32301,18760000,13579
15,268,18760000,18760100,19381,32301,18830000,13628
15,269,18830000,18830100,19381,32301,18900000,13684
15,27,1890000,1890100,19381,32301,1960000,1413
15,270,18900000,18900100,19381,32301,18970000,13728
15,271,18970000,18970100,19381,32301,19040000,13781
15,272,19040000,19040100,19381,32301,19110000,13834
15,273,19110000,19110100,19381,32301,19180000,13882
15,274,19180000,19180100,19381,32301,19250000,13934
15,275,19250000,19250100,19381,32301,19320000,13987
15,276,19320000,19320100,19381,32301,19390000,14032
15,277,19390000,19390100,19381,32301,19460000,14085
15,278,19460000,19460100,19381,32301,19530000,14139
15,279,19530000,19530100,19381,32301,19600000,14188
15,28,1960000,1960100,19381,32301,2030000,1462
15,280,19600000,19600100,19381,32301,19670000,14235
15,281,19670000,19670100,19381,32301,19740000,14290
15,282,19740000,19740100,19381,32301,19810000,14338
15,283,19810000,19810100,19381,32301,19880000,14390
15,284,19880000,19880100,19381,32301,19950000,14443
15,285,19950000,19950100,19381,32301,20020000,14490
15,286,20020000,20020100,19381,32301,20090000,14540
15,287,20090000,20090100,19381,32301,20160000,14596
15,288,20160000,20160100,19381,32301,20230000,14641
15,289,20230000,20230100,19381,32301,20300000,14695
15,29,2030000,2030100,19381,32301,2100000,1519
15,290,20300000,20300100,19381,32301,20370000,14746
15,291,20370000,20370100,19381,32301,20440000,14794
15,292,20440000,20440100,19381,32301,20510000,14844
15,293,20510000,20510100,19381,32301,20580000,14900
15,294,20580000,20580100,19381,32301,20650000,14947
15,295,20650000,20650100,19381,32301,20720000,14997
15,296,20720000,20720100,19381,32301,20790000,15050
15,297,20790000,20790100,19381,32301,20860000,15099
15,298,20860000,20860100,19381,32301,20930000,15149
15,299,20930000,20930100,19381,32301,21000000,15205
15,3,210000,210100,19381,32301,280000,197
15,30,2100000,2100100,19381,32301,2170000,1563
15,300,21000000,21000100,19381,32301,21070000,15249
15,301,21070000,21070100,19381,32301,21140000,15301
15,302,21140000,21140100,19381,32301,21210000,15355
15,303,21210000,21210100,19381,32301,21280000,15403
15,304,21280000,21280100,19381,32301,21350000,15454
15,305,21350000,21350100,19381,32301,21420000,15507
15,306,21420000,21420100,19381,32301,21490000,15553
15,307,21490000,21490100,19381,32301,21560000,15607
15,308,21560000,21560100,19381,32301,21630000,15659
15,309,21630000,21630100,19381,32301,21700000,15708
15,31,2170000,2170100,19381,32301,2240000,1615
15,310,21700000,21700100,19381,32301,21770000,15756
15,311,21770000,21770100,19381,32301,21840000,15812
15,312,21840000,21840100,19381,32301,21910000,15858
15,313,21910000,21910100,19381,32301,21980000,15910
15,314,21980000,21980100,19381,32301,22050000,15964
15,315,22050000,22050100,19381,32301,22120000,16011
15,316,22120000,22120100,19381,32301,22190000,16060
15,317,22190000,22190100,19381,32301,22260000,16116
15,318,22260000,22260100,19381,32301,22330000,16163
15,319,22330000,22330100,19381,32301,22400000,16216
15,32,2240000,2240100,19381,32301,2310000,1669
15,320,22400000,22400100,19381,32301,22470000,16266
15,321,22470000,22470100,19381,32301,22540000,16314
15,322,22540000,22540100,19381,32301,22610000,16366
15,323,22610000,22610100,19381,32301,22680000,16421
15,324,22680000,22680100,19381,32301,22750000,16467
15,325,22750000,22750100,19381,32301,22820000,16517
15,326,22820000,22820100,19381,32301,22890000,16571
15,327,22890000,22890100,19381,32301,22960000,16620
15,328,22960000,22960100,19381,32301,23030000,16669
15,329,23030000,23030100,19381,32301,23100000,16726
15,33,2310000,2310100,19381,32301,2380000,1717
15,330,23100000,23100100,19381,32301,23170000,16770
15,331,23170000,23170100,19381,32301,23240000,16822
15,332,23240000,23240100,19381,32301,23310000,16875
15,333,23310000,23310100,19381,32301,23380000,16924
15,334,23380000,23380100,19381,32301,23450000,16975
15,335,23450000,23450100,19381,32301,23520000,17028
15,336,23520000,23520100,19381,32301,23590000,17073
15,337,23590000,23590100,19381,32301,23660000,17127
15,338,23660000,23660100,19381,32301,23730000,17180
15,339,23730000,23730100,19381,32301,23800000,17229
15,34,2380000,2380100,19381,32301,2450000,1768
15,340,23800000,23800100,19381,32301,23870000,17277
15,341,23870000,23870100,19381,32301,23940000,17332
15,342,23940000,23940100,19381,32301,24010000,17379
15,343,24010000,24010100,19381,32301,24080000,17431
15,344,24080000,24080100,19381,32301,24150000,17485
15,345,24150000,24150100,19381,32301,24220000,17531
15,346,24220000,24220100,19381,32301,24290000,17581
15,347,24290000,24290100,19381,32301,24360000,17637
15,348,24360000,24360100,19381,32301,24430000,17683
15,349,24430000,24430100,19381,32301,24500000,17736
15,35,2450000,2450100,19381,32301,2520000,1821
15,350,24500000,24500100,19381,32301,24570000,17787
15,351,24570000,24570100,19381,32301,24640000,17836
15,352,24640000,24640100,19381,32301,24710000,17886
15,353,24710000,24710100,19381,32301,24780000,17941
15,354,24780000,24780100,19381,32301,24850000,17988
15,355,24850000,24850100,19381,32301,24920000,18039
15,356,24920000,24920100,19381,32301,24990000,18091
15,357,24990000,24990100,19381,32301,25060000,18140
15,358,25060000,25060100,19381,32301,25130000,18190
15,359,25130000,25130100,19381,32301,25200000,18247
15,36,2520000,2520100,19381,32301,2590000,1867
15,360,25200000,25200100,19381,32301,25270000,18290
15,361,25270000,25270100,19381,32301,25340000,18342
15,362,25340000,25340100,19381,32301,25410000,18397
15,363,25410000,25410100,19381,32301,25480000,18445
15,364,25480000,25480100,19381,32301,25550000,18495
15,365,25550000,25550100,19381,32301,25620000,18548
15,366,25620000,25620100,19381,32301,25690000,18595
15,367,25690000,25690100,19381,32301,25760000,18648
15,368,25760000,25760100,19381,32301,25830000,18700
15,369,25830000,25830100,19381,32301,25900000,18749
15,37,2590000,2590100,19381,32301,2660000,1920
15,370,25900000,25900100,19381,32301,25970000,18798
15,371,25970000,25970100,19381,32301,26040000,18853
15,372,26040000,26040100,19381,32301,26110000,18899
15,373,26110000,26110100,19381,32301,26180000,18952
15,374,26180000,26180100,19381,32301,26250000,19006
15,375,26250000,26250100,19381,32301,26320000,19052
15,376,26320000,26320100,19381,32301,26390000,19101
15,377,26390000,26390100,19381,32301,26460000,19158
15,378,26460000,26460100,19381,32301,26530000,19204
15,379,26530000,26530100,19381,32301,26600000,19257
15,38,2660000,2660100,19381,32301,2730000,1973
15,380,26600000,26600100,19381,32301,26670000,19307
15,381,26670000,26670100,19381,32301,26740000,19356
15,382,26740000,26740100,19381,32301,26810000,19407
15,383,26810000,26810100,19381,32301,26880000,19462
15,384,26880000,26880100,19381,32301,26950000,19509
15,385,26950000,26950100,19381,32301,27020000,19559
15,386,27020000,27020100,19381,32301,27090000,19612
15,387,27090000,27090100,19381,32301,27160000,19661
15,388,27160000,27160100,19381,32301,27230000,19711
15,389,27230000,27230100,19381,32301,27300000,19767
15,39,2730000,2730100,19381,32301,2800000,2022
15,390,27300000,27300100,19381,32301,27370000,19811
15,391,27370000,27370100,19381,32301,27440000,19863
15,392,27440000,27440100,19381,32301,27510000,19917
15,393,27510000,27510100,19381,32301,27580000,19965
15,394,27580000,27580100,19381,32301,27650000,20016
15,395,27650000,27650100,19381,32301,27720000,20070
15,396,27720000,27720100,19381,32301,27790000,20115
15,397,27790000,27790100,19381,32301,27860000,20168
15,398,27860000,27860100,19381,32301,27930000,20221
15,399,27930000,27930100,19381,32301,28000000,20271
15,4,280000,280100,19381,32301,350000,247
15,40,2800000,2800100,19381,32301,2870000,2070
15,400,28000000,28000100,19381,32301,28070000,20318
15,401,28070000,28070100,19381,32301,28140000,20373
15,402,28140000,28140100,19381,32301,28210000,20420
15,403,28210000,28210100,19381,32301,28280000,20473
15,404,28280000,28280100,19381,32301,28350000,20526
15,405,28350000,28350100,19381,32301,28420000,20572
15,406,28420000,28420100,19381,32301,28490000,20623
15,407,28490000,28490100,19381,32301,28560000,20679
15,408,28560000,28560100,19381,32301,28630000,20724
15,409,28630000,28630100,19381,32301,28700000,20777
15,41,2870000,2870100,19381,32301,2940000,2125
15,410,28700000,28700100,19381,32301,28770000,20829
15,411,28770000,28770100,19381,32301,28840000,20877
15,412,28840000,28840100,19381,32301,28910000,20927
15,413,28910000,28910100,19381,32301,28980000,20982
15,414,28980000,28980100,19381,32301,29050000,21030
15,415,29050000,29050100,19381,32301,29120000,21080
15,416,29120000,29120100,19381,32301,29190000,21132
15,417,29190000,29190100,19381,32301,29260000,21182
15,418,29260000,29260100,19381,32301,29330000,21232
15,419,29330000,29330100,19381,32301,29400000,21288
15,42,2940000,2940100,19381,32301,3010000,2172
15,420,29400000,29400100,19381,32301,29470000,21331
15,421,29470000,29470100,19381,32301,29540000,21384
15,422,29540000,29540100,19381,32301,29610000,21438
15,423,29610000,29610100,19381,32301,29680000,21486
15,424,29680000,29680100,19381,32301,29750000,21536
15,425,29750000,29750100,19381,32301,29820000,21590
15,426,29820000,29820100,19381,32301,29890000,21636
15,427,29890000,29890100,19381,32301,29960000,21689
15,428,29960000,29960100,19381,32301,30030000,21742
15,429,30030000,30030100,19381,32301,30100000,21791
15,43,3010000,3010100,19381,32301,3080000,2225
15,430,30100000,30100100,19381,32301,30170000,21839
15,431,30170000,30170100,19381,32301,30240000,21894
15,432,30240000,30240100,19381,32301,30310000,21941
15,433,30310000,30310100,19381,32301,30380000,21993
15,434,30380000,30380100,19381,32301,30450000,22047
15,435,30450000,30450100,19381,32301,30520000,22093
15,436,30520000,30520100,19381,32301,30590000,22143
15,437,30590000,30590100,19381,32301,30660000,22199
15,438,30660000,30660100,19381,32301,30730000,22245
15,439,30730000,30730100,19381,32301,30800000,22299
15,44,3080000,3080100,19381,32301,3150000,2278
15,440,30800000,30800100,19381,32301,30870000,22349
15,441,30870000,30870100,19381,32301,30940000,22397
15,442,30940000,30940100,19381,32301,31010000,22448
15,443,31010000,31010100,19381,32301,31080000,22504
15,444,31080000,31080100,19381,32301,31150000,22550
15,445,31150000,31150100,19381,32301,31220000,22600
15,446,31220000,31220100,19381,32301,31290000,22653
15,447,31290000,31290100,19381,32301,31360000,22703
15,448,31360000,31360100,19381,32301,31430000,22752
15,449,31430000,31430100,19381,32301,31500000,22808
15,45,3150000,3150100,19381,32301,3220000,2324
15,450,31500000,31500100,19381,32301,31570000,22853
15,451,31570000,31570100,19381,32301,31640000,22905
15,452,31640000,31640100,19381,32301,31710000,22958
15,453,31710000,31710100,19381,32301,31780000,23006
15,454,31780000,31780100,19381,32301,31850000,23058
15,455,31850000,31850100,19381,32301,31920000,23111
15,456,31920000,31920100,19381,32301,31990000,23156
15,457,31990000,31990100,19381,32301,32060000,23209
15,458,32060000,32060100,19381,32301,32130000,23263
15,459,32130000,32130100,19381,32301,32200000,23312
15,46,3220000,3220100,19381,32301,3290000,2374
15,460,32200000,32200100,19381,32301,32270000,23359
15,461,32270000,32270100,19381,32301,32340000,23415
15,462,32340000,32340100,19381,32301,32410000,23462
15,463,32410000,32410100,19381,32301,32480000,23514
15,464,32480000,32480100,19381,32301,32550000,23567
15,465,32550000,32550100,19381,32301,32620000,23614
15,466,32620000,32620100,19381,32301,32690000,23664
15,467,32690000,32690100,19381,32301,32760000,23720
15,468,32760000,32760100,19381,32301,32830000,23765
15,469,32830000,32830100,19381,32301,32900000,23819
15,47,3290000,3290100,19381,32301,3360000,2431
15,470,32900000,32900100,19381,32301,32970000,23870
15,471,32970000,32970100,19381,32301,33040000,23918
15,472,33040000,33040100,19381,32301,33110000,23969
15,473,33110000,33110100,19381,32301,33180000,24024
15,474,33180000,33180100,19381,32301,33250000,24071
15,475,33250000,33250100,19381,32301,33320000,24121
15,476,33320000,33320100,19381,32301,33390000,24174
15,477,33390000,33390100,19381,32301,33460000,24223
15,478,33460000,33460100,19381,32301,33530000,24273
15,479,33530000,33530100,19381,32301,33600000,24329
15,48,3360000,3360100,19381,32301,3430000,2476
15,480,33600000,33600100,19381,32301,33670000,24373
15,481,33670000,33670100,19381,32301,33740000,24425
15,482,33740000,33740100,19381,32301,33810000,24479
15,483,33810000,33810100,19381,32301,33880000,24528
15,484,33880000,33880100,19381,32301,33950000,24578
15,485,33950000,33950100,19381,32301,34020000,24631
15,486,34020000,34020100,19381,32301,34090000,24677
15,487,34090000,34090100,19381,32301,34160000,24731
15,488,34160000,34160100,19381,32301,34230000,24783
15,489,34230000,34230100,19381,32301,34300000,24832
15,49,3430000,3430100,19381,32301,3500000,2529
15,490,34300000,34300100,19381,32301,34370000,24880
15,491,34370000,34370100,19381,32301,34440000,24936
15,492,34440000,34440100,19381,32301,34510000,24982
15,493,34510000,34510100,19381,32301,34580000,25034
15,494,34580000,34580100,19381,32301,34650000,25089
15,495,34650000,34650100,19381,32301,34720000,25135
15,496,34720000,34720100,19381,32301,34790000,25184
15,497,34790000,34790100,19381,32301,34860000,25240
15,498,34860000,34860100,19381,32301,34930000,25287
15,499,34930000,34930100,19381,32301,35000000,25340
15,5,350000,350100,19381,32301,420000,300
15,50,3500000,3500100,19381,32301,3570000,2580
15,500,35000000,35000100,19381,32301,35070000,25390
15,501,35070000,35070100,19381,32301,35140000,25438
15,502,35140000,35140100,19381,32301,35210000,25490
15,503,35210000,35210100,19381,32301,35280000,25545
15,504,35280000,35280100,19381,32301,35350000,25591
15,505,35350000,35350100,19381,32301,35420000,25642
15,506,35420000,35420100,19381,32301,35490000,25695
15,507,35490000,35490100,19381,32301,35560000,25744
15,508,35560000,35560100,19381,32301,35630000,25793
15,509,35630000,35630100,19381,32301,35700000,25850
15,51,3570000,3570100,19381,32301,3640000,2629
15,510,35700000,35700100,19381,32301,35770000,25894
15,511,35770000,35770100,19381,32301,35840000,25946
15,512,35840000,35840100,19381,32301,35910000,25999
15,513,35910000,35910100,19381,32301,35980000,26048
15,514,35980000,35980100,19381,32301,36050000,26099
15,515,36050000,36050100,19381,32301,36120000,26152
15,516,36120000,36120100,19381,32301,36190000,26198
15,517,36190000,36190100,19381,32301,36260000,26251
15,518,36260000,36260100,19381,32301,36330000,26304
15,519,36330000,36330100,19381,32301,36400000,26353
15,52,3640000,3640100,19381,32301,3710000,2679
15,520,36400000,36400100,19381,32301,36470000,26401
15,521,36470000,36470100,19381,32301,36540000,26456
15,522,36540000,36540100,19381,32301,36610000,26503
15,523,36610000,36610100,19381,32301,36680000,26555
15,524,36680000,36680100,19381,32301,36750000,26609
15,525,36750000,36750100,19381,32301,36820000,26655
15,526,36820000,36820100,19381,32301,36890000,26705
15,527,36890000,36890100,19381,32301,36960000,26762
15,528,36960000,36960100,19381,32301,37030000,26807
15,529,37030000,37030100,19381,32301,37100000,26860
15,53,3710000,3710100,19381,32301,3780000,2734
15,530,37100000,37100100,19381,32301,37170000,26911
15,531,37170000,37170100,19381,32301,37240000,26960
15,532,37240000,37240100,19381,32301,37310000,27010
15,533,37310000,37310100,19381,32301,37380000,27065
15,534,37380000,37380100,19381,32301,37450000,27112
15,535,37450000,37450100,19381,32301,37520000,27163
15,536,37520000,37520100,19381,32301,37590000,27215
15,537,37590000,37590100,19381,32301,37660000,27264
15,538,37660000,37660100,19381,32301,37730000,27315
15,539,37730000,37730100,19381,32301,37800000,27371
15,54,3780000,3780100,19381,32301,3850000,2782
15,540,37800000,37800100,19381,32301,37870000,27414
15,541,37870000,37870100,19381,32301,37940000,27466
15,542,37940000,37940100,19381,32301,38010000,27521
15,543,38010000,38010100,19381,32301,38080000,27569
15,544,38080000,38080100,19381,32301,38150000,27619
15,545,38150000,38150100,19381,32301,38220000,27672
15,546,38220000,38220100,19381,32301,38290000,27719
15,547,38290000,38290100,19381,32301,38360000,27772
15,548,38360000,38360100,19381,32301,38430000,27824
15,549,38430000,38430100,19381,32301,38500000,27874
15,55,3850000,3850100,19381,32301,3920000,2832
15,550,38500000,38500100,19381,32301,38570000,27922
15,551,38570000,38570100,19381,32301,38640000,27977
15,552,38640000,38640100,19381,32301,38710000,28023
15,553,38710000,38710100,19381,32301,38780000,28076
15,554,38780000,38780100,19381,32301,38850000,28130
15,555,38850000,38850100,19381,32301,38920000,28176
15,556,38920000,38920100,19381,32301,38990000,28225
15,557,38990000,38990100,19381,32301,39060000,28282
15,558,39060000,39060100,19381,32301,39130000,28328
15,559,39130000,39130100,19381,32301,39200000,28381
15,56,3920000,3920100,19381,32301,3990000,2884
15,560,39200000,39200100,19381,32301,39270000,28432
15,561,39270000,39270100,19381,32301,39340000,28480
15,562,39340000,39340100,19381,32301,39410000,28531
15,563,39410000,39410100,19381,32301,39480000,28586
15,564,39480000,39480100,19381,32301,39550000,28633
15,565,39550000,39550100,19381,32301,39620000,28683
15,566,39620000,39620100,19381,32301,39690000,28736
15,567,39690000,39690100,19381,32301,39760000,28785
15,568,39760000,39760100,19381,32301,39830000,28835
15,569,39830000,39830100,19381,32301,39900000,28891
15,57,3990000,3990100,19381,32301,4060000,2933
15,570,39900000,39900100,19381,32301,39970000,28935
15,571,39970000,39970100,19381,32301,40040000,28988
15,572,40040000,40040100,19381,32301,40110000,29041
15,573,40110000,40110100,19381,32301,40180000,29089
15,574,40180000,40180100,19381,32301,40250000,29140
15,575,40250000,40250100,19381,32301,40320000,29194
15,576,40320000,40320100,19381,32301,40390000,29239
15,577,40390000,40390100,19381,32301,40460000,29292
15,578,40460000,40460100,19381,32301,40530000,29345
15,579,40530000,40530100,19381,32301,40600000,29395
15,58,4060000,4060100,19381,32301,4130000,2984
15,580,40600000,40600100,19381,32301,40670000,29442
15,581,40670000,40670100,19381,32301,40740000,29497
15,582,40740000,40740100,19381,32301,40810000,29545
15,583,40810000,40810100,19381,32301,40880000,29597
15,584,40880000,40880100,19381,32301,40950000,29650
15,585,40950000,40950100,19381,32301,41020000,29696
15,586,41020000,41020100,19381,32301,41090000,29747
15,587,41090000,41090100,19381,32301,41160000,29803
15,588,41160000,41160100,19381,32301,41230000,29848
15,589,41230000,41230100,19381,32301,41300000,29901
15,59,4130000,4130100,19381,32301,4200000,3040
15,590,41300000,41300100,19381,32301,41370000,29953
15,591,41370000,41370100,19381,32301,41440000,30001
15,592,41440000,41440100,19381,32301,41510000,30051
15,593,41510000,41510100,19381,32301,41580000,30107
15,594,41580000,41580100,19381,32301,41650000,30154
15,595,41650000,41650100,19381,32301,41720000,30204
15,596,41720000,41720100,19381,32301,41790000,30256
15,597,41790000,41790100,19381,32301,41860000,30306
15,598,41860000,41860100,19381,32301,41930000,30356
15,599,41930000,41930100,19381,32301,42000000,30412
15,6,420000,420100,19381,32301,490000,346
15,60,4200000,4200100,19381,32301,4270000,3083
15,600,42000000,42000100,19381,32301,42070000,30455
15,601,42070000,42070100,19381,32301,42140000,30508
15,602,42140000,42140100,19381,32301,42210000,30562
15,603,42210000,42210100,19381,32301,42280000,30610
15,604,42280000,42280100,19381,32301,42350000,30661
15,605,42350000,42350100,19381,32301,42420000,30714
15,606,42420000,42420100,19381,32301,42490000,30760
15,607,42490000,42490100,19381,32301,42560000,30813
15,608,42560000,42560100,19381,32301,42630000,30866
15,609,42630000,42630100,19381,32301,42700000,30915
15,61,4270000,4270100,19381,32301,4340000,3135
15,610,42700000,42700100,19381,32301,42770000,30963
15,611,42770000,42770100,19381,32301,42840000,31018
15,612,42840000,42840100,19381,32301,42910000,31065
15,613,42910000,42910100,19381,32301,42980000,31117
15,614,42980000,42980100,19381,32301,43050000,31171
15,615,43050000,43050100,19381,32301,43120000,31218
15,616,43120000,43120100,19381,32301,43190000,31267
15,617,43190000,43190100,19381,32301,43260000,31323
15,618,43260000,43260100,19381,32301,43330000,31369
15,619,43330000,43330100,19381,32301,43400000,31423
15,62,4340000,4340100,19381,32301,4410000,3190
15,620,43400000,43400100,19381,32301,43470000,31473
15,621,43470000,43470100,19381,32301,43540000,31521
15,622,43540000,43540100,19381,32301,43610000,31572
15,623,43610000,43610100,19381,32301,43680000,31628
15,624,43680000,43680100,19381,32301,43750000,31674
15,625,43750000,43750100,19381,32301,43820000,31724
15,626,43820000,43820100,19381,32301,43890000,31778
15,627,43890000,43890100,19381,32301,43960000,31827
15,628,43960000,43960100,19381,32301,44030000,31876
15,629,44030000,44030100,19381,32301,44100000,31932
15,63,4410000,4410100,19381,32301,4480000,3238
15,630,44100000,44100100,19381,32301,44170000,31977
15,631,44170000,44170100,19381,32301,44240000,32029
15,632,44240000,44240100,19381,32301,44310000,32082
15,633,44310000,44310100,19381,32301,44380000,32130
15,634,44380000,44380100,19381,32301,44450000,32182
15,635,44450000,44450100,19381,32301,44520000,32235
15,636,44520000,44520100,19381,32301,44590000,32280
15,637,44590000,44590100,19381,32301,44660000,32334
15,638,44660000,44660100,19381,32301,44730000,32387
15,639,44730000,44730100,19381,32301,44800000,32436
15,64,4480000,4480100,19381,32301,4550000,3288
15,640,44800000,44800100,19381,32301,44870000,32483
15,641,44870000,44870100,19381,32301,44940000,32539
15,642,44940000,44940100,19381,32301,45010000,32586
15,643,45010000,45010100,19381,32301,45080000,32638
15,644,45080000,45080100,19381,32301,45150000,32691
15,645,45150000,45150100,19381,32301,45220000,32738
15,646,45220000,45220100,19381,32301,45290000,32788
15,647,45290000,45290100,19381,32301,45360000,32844
15,648,45360000,45360100,19381,32301,45430000,32890
15,649,45430000,45430100,19381,32301,45500000,32943
15,65,4550000,4550100,19381,32301,4620000,3342
15,650,45500000,45500100,19381,32301,45570000,32994
15,651,45570000,45570100,19381,32301,45640000,33042
15,652,45640000,45640100,19381,32301,45710000,33093
15,653,45710000,45710100,19381,32301,45780000,33148
15,654,45780000,45780100,19381,32301,45850000,33195
15,655,45850000,45850100,19381,32301,45920000,33245
15,656,45920000,45920100,19381,32301,45990000,33298
15,657,45990000,45990100,19381,32301,46060000,33347
15,658,46060000,46060100,19381,32301,46130000,33397
15,659,46130000,46130100,19381,32301,46200000,33454
15,66,4620000,4620100,19381,32301,4690000,3388
15,67,4690000,4690100,19381,32301,4760000,3441
15,68,4760000,4760100,19381,32301,4830000,3493
15,69,4830000,4830100,19381,32301,4900000,3543
15,7,490000,490100,19381,32301,560000,400
15,70,4900000,4900100,19381,32301,4970000,3591
15,71,4970000,4970100,19381,32301,5040000,3646
15,72,5040000,5040100,19381,32301,5110000,3692
15,73,5110000,5110100,19381,32301,5180000,3745
15,74,5180000,5180100,19381,32301,5250000,3799
15,75,5250000,5250100,19381,32301,5320000,3845
15,76,5320000,5320100,19381,32301,5390000,3895
15,77,5390000,5390100,19381,32301,5460000,3951
15,78,5460000,5460100,19381,32301,5530000,3997
15,79,5530000,5530100,19381,32301,5600000,4050
15,8,560000,560100,19381,32301,630000,452
15,80,5600000,5600100,19381,32301,5670000,4101
15,81,5670000,5670100,19381,32301,5740000,4149
15,82,5740000,5740100,19381,32301,5810000,4200
15,83,5810000,5810100,19381,32301,5880000,4255
15,84,5880000,5880100,19381,32301,5950000,4302
15,85,5950000,5950100,19381,32301,6020000,4352
15,86,6020000,6020100,19381,32301,6090000,4405
15,87,6090000,6090100,19381,32301,6160000,4455
15,88,6160000,6160100,19381,32301,6230000,4504
15,89,6230000,6230100,19381,32301,6300000,4560
15,9,630000,630100,19381,32301,700000,501
15,90,6300000,6300100,19381,32301,6370000,4604
15,91,6370000,6370100,19381,32301,6440000,4657
15,92,6440000,6440100,19381,32301,6510000,4710
15,93,6510000,6510100,19381,32301,6580000,4758
15,94,6580000,6580100,19381,32301,6650000,4809
15,95,6650000,6650100,19381,32301,6720000,4863
15,96,6720000,6720100,19381,32301,6790000,4908
15,97,6790000,6790100,19381,32301,6860000,4961
15,98,6860000,6860100,19381,32301,6930000,5015
15,99,6930000,6930100,19381,32301,7000000,5064
2,0,0,100,582,969,15000,2
2,1,15000,15100,582,969,30000,12
2,10,150000,150100,582,969,165000,111
2,100,1500000,1500100,582,969,1515000,1087
2,1000,15000000,15000100,582,969,15015000,10863
2,1001,15015000,15015100,582,969,15030000,10874
2,1002,15030000,15030100,582,969,15045000,10885
2,1003,15045000,15045100,582,969,15060000,10895
2,1004,15060000,15060100,582,969,15075000,10906
2,1005,15075000,15075100,582,969,15090000,10917
2,1006,15090000,15090100,582,969,15105000,10930
2,1007,15105000,15105100,582,969,15120000,10936
2,1008,15120000,15120100,582,969,15135000,10951
2,1009,15135000,15135100,582,969,15150000,10959
2,101,1515000,1515100,582,969,1530000,1098
2,1010,15150000,15150100,582,969,15165000,10973
2,1011,15165000,15165100,582,969,15180000,10981
2,1012,15180000,15180100,582,969,15195000,10993
2,1013,15195000,15195100,582,969,15210000,11005
2,1014,15210000,15210100,582,969,15225000,11015
2,1015,15225000,15225100,582,969,15240000,11024
2,1016,15240000,15240100,582,969,15255000,11038
2,1017,15255000,15255100,582,969,15270000,11047
2,1018,15270000,15270100,582,969,15285000,11060
2,1019,15285000,15285100,582,969,15300000,11067
2,102,1530000,1530100,582,969,1545000,1110
2,1020,15300000,15300100,582,969,15315000,11080
2,1021,15315000,15315100,582,969,15330000,11091
2,1022,15330000,15330100,582,969,15345000,11102
2,1023,15345000,15345100,582,969,15360000,11112
2,1024,15360000,15360100,582,969,15375000,11123
2,1025,15375000,15375100,582,969,15390000,11133
2,1026,15390000,15390100,582,969,15405000,11149
2,1027,15405000,15405100,582,969,15420000,11155
2,1028,15420000,15420100,582,969,15435000,11167
2,1029,15435000,15435100,582,969,15450000,11176
2,103,1545000,1545100,582,969,1560000,1119
2,1030,15450000,15450100,582,969,15465000,11190
2,1031,15465000,15465100,582,969,15480000,11199
2,1032,15480000,15480100,582,969,15495000,11210
2,1033,15495000,15495100,582,969,15510000,11221
2,1034,15510000,15510100,582,969,15525000,11233
2,1035,15525000,15525100,582,969,15540000,11241
2,1036,15540000,15540100,582,969,15555000,11255
2,1037,15555000,15555100,582,969,15570000,11265
2,1038,15570000,15570100,582,969,15585000,11277
2,1039,15585000,15585100,582,969,15600000,11283
2,104,1560000,1560100,582,969,1575000,1130
2,1040,15600000,15600100,582,969,15615000,11298
2,1041,15615000,15615100,582,969,15630000,11309
2,1042,15630000,15630100,582,969,15645000,11320
2,1043,15645000,15645100,582,969,15660000,11329
2,1044,15660000,15660100,582,969,15675000,11339
2,1045,15675000,15675100,582,969,15690000,11352
2,1046,15690000,15690100,582,969,15705000,11365
2,1047,15705000,15705100,582,969,15720000,11371
2,1048,15720000,15720100,582,969,15735000,11385
2,1049,15735000,15735100,582,969,15750000,11393
2,105,1575000,1575100,582,969,1590000,1140
2,1050,15750000,15750100,582,969,15765000,11408
2,1051,15765000,15765100,582,969,15780000,11416
2,1052,15780000,15780100,582,969,15795000,11427
2,1053,15795000,15795100,582,969,15810000,11439
2,1054,15810000,15810100,582,969,15825000,11450
2,1055,15825000,15825100,582,969,15840000,11458
2,1056,15840000,15840100,582,969,15855000,11473
2,1057,15855000,15855100,582,969,15870000,11481
2,1058,15870000,15870100,582,969,15885000,11494
2,1059,15885000,15885100,582,969,15900000,11502
2,106,1590000,1590100,582,969,1605000,1155
2,1060,15900000,15900100,582,969,15915000,11515
2,1061,15915000,15915100,582,969,15930000,11526
2,1062,15930000,15930100,582,969,15945000,11536
2,1063,15945000,15945100,582,969,15960000,11546
2,1064,15960000,15960100,582,969,15975000,11558
2,1065,15975000,15975100,582,969,15990000,11568
2,1066,15990000,15990100,582,969,16005000,11582
2,1067,16005000,16005100,582,969,16020000,11589
2,1068,16020000,16020100,582,969,16035000,11602
2,1069,16035000,16035100,582,969,16050000,11611
2,107,1605000,1605100,582,969,1620000,1162
2,1070,16050000,16050100,582,969,16065000,11625
2,1071,16065000,16065100,582,969,16080000,11633
2,1072,16080000,16080100,582,969,16095000,11644
2,1073,16095000,16095100,582,969,16110000,11656
2,1074,16110000,16110100,582,969,16125000,11668
2,1075,16125000,16125100,582,969,16140000,11676
2,1076,16140000,16140100,582,969,16155000,11689
2,1077,16155000,16155100,582,969,16170000,11698
2,1078,16170000,16170100,582,969,16185000,11712
2,1079,16185000,16185100,582,969,16200000,11718
2,108,1620000,1620100,582,969,1635000,1174
2,1080,16200000,16200100,582,969,16215000,11732
2,1081,16215000,16215100,582,969,16230000,11743
2,1082,16230000,16230100,582,969,16245000,11755
2,1083,16245000,16245100,582,969,16260000,11764
2,1084,16260000,16260100,582,969,16275000,11774
2,1085,16275000,16275100,582,969,16290000,11786
2,1086,16290000,16290100,582,969,16305000,11799
2,1087,16305000,16305100,582,969,16320000,11806
2,1088,16320000,16320100,582,969,16335000,11819
2,1089,16335000,16335100,582,969,16350000,11828
2,109,1635000,1635100,582,969,1650000,1183
2,1090,16350000,16350100,582,969,16365000,11842
2,1091,16365000,16365100,582,969,16380000,11850
2,1092,16380000,16380100,582,969,16395000,11862
2,1093,16395000,16395100,582,969,16410000,11874
2,1094,16410000,16410100,582,969,16425000,11884
2,1095,16425000,16425100,582,969,16440000,11892
2,1096,16440000,16440100,582,969,16455000,11908
2,1097,16455000,16455100,582,969,16470000,11916
2,1098,16470000,16470100,582,969,16485000,11929
2,1099,16485000,16485100,582,969,16500000,11935
2,11,165000,165100,582,969,180000,120
2,110,1650000,1650100,582,969,1665000,1197
2,1100,16500000,16500100,582,969,16515000,11949
2,1101,16515000,16515100,582,969,16530000,11961
2,1102,16530000,16530100,582,969,16545000,11971
2,1103,16545000,16545100,582,969,16560000,11981
2,1104,16560000,16560100,582,969,16575000,11992
2,1105,16575000,16575100,582,969,16590000,12002
2,1106,16590000,16590100,582,969,16605000,12017
2,1107,16605000,16605100,582,969,16620000,12024
2,1108,16620000,16620100,582,969,16635000,12036
2,1109,16635000,16635100,582,969,16650000,12045
2,111,1665000,1665100,582,969,1680000,1205
2,1110,16650000,16650100,582,969,16665000,12059
2,1111,16665000,16665100,582,969,16680000,12068
2,1112,16680000,16680100,582,969,16695000,12079
2,1113,16695000,16695100,582,969,16710000,12090
2,1114,16710000,16710100,582,969,16725000,12102
2,1115,16725000,16725100,582,969,16740000,12111
2,1116,16740000,16740100,582,969,16755000,12124
2,1117,16755000,16755100,582,969,16770000,12133
2,1118,16770000,16770100,582,969,16785000,12146
2,1119,16785000,16785100,582,969,16800000,12152
2,112,1680000,1680100,582,969,1695000,1217
2,1120,16800000,16800100,582,969,16815000,12167
2,1121,16815000,16815100,582,969,16830000,12177
2,1122,16830000,16830100,582,969,16845000,12189
2,1123,16845000,16845100,582,969,16860000,12198
2,1124,16860000,16860100,582,969,16875000,12209
2,1125,16875000,16875100,582,969,16890000,12221
2,1126,16890000,16890100,582,969,16905000,12234
2,1127,16905000,16905100,582,969,16920000,12240
2,1128,16920000,16920100,582,969,16935000,12253
2,1129,16935000,16935100,582,969,16950000,12263
2,113,1695000,1695100,582,969,1710000,1229
2,1130,16950000,16950100,582,969,16965000,12277
2,1131,16965000,16965100,582,969,16980000,12285
2,1132,16980000,16980100,582,969,16995000,12295
2,1133,16995000,16995100,582,969,17010000,12308
2,1134,17010000,17010100,582,969,17025000,12319
2,1135,17025000,17025100,582,969,17040000,12327
2,1136,17040000,17040100,582,969,17055000,12342
2,1137,17055000,17055100,582,969,17070000,12350
2,1138,17070000,17070100,582,969,17085000,12364
2,1139,17085000,17085100,582,969,17100000,12370
2,114,1710000,1710100,582,969,1725000,1240
2,1140,17100000,17100100,582,969,17115000,12384
2,1141,17115000,17115100,582,969,17130000,12395
2,1142,17130000,17130100,582,969,17145000,12405
2,1143,17145000,17145100,582,969,17160000,12415
2,1144,17160000,17160100,582,969,17175000,12427
2,1145,17175000,17175100,582,969,17190000,12437
2,1146,17190000,17190100,582,969,17205000,12451
2,1147,17205000,17205100,582,969,17220000,12458
2,1148,17220000,17220100,582,969,17235000,12471
2,1149,17235000,17235100,582,969,17250000,12480
2,115,1725000,1725100,582,969,1740000,1248
2,1150,17250000,17250100,582,969,17265000,12493
2,1151,17265000,17265100,582,969,17280000,12502
2,1152,17280000,17280100,582,969,17295000,12514
2,1153,17295000,17295100,582,969,17310000,12525
2,1154,17310000,17310100,582,969,17325000,12536
2,1155,17325000,17325100,582,969,17340000,12545
2,1156,17340000,17340100,582,969,17355000,12558
2,1157,17355000,17355100,582,969,17370000,12568
2,1158,17370000,17370100,582,969,17385000,12581
2,1159,17385000,17385100,582,969,17400000,12587
2,116,1740000,1740100,582,969,1755000,1262
2,1160,17400000,17400100,582,969,17415000,12601
2,1161,17415000,17415100,582,969,17430000,12611
2,1162,17430000,17430100,582,969,17445000,12624
2,1163,17445000,17445100,582,969,17460000,12633
2,1164,17460000,17460100,582,969,17475000,12643
2,1165,17475000,17475100,582,969,17490000,12654
2,1166,17490000,17490100,582,969,17505000,12669
2,1167,17505000,17505100,582,969,17520000,12675
2,1168,17520000,17520100,582,969,17535000,12688
2,1169,17535000,17535100,582,969,17550000,12697
2,117,1755000,1755100,582,969,1770000,1272
2,1170,17550000,17550100,582,969,17565000,12711
2,1171,17565000,17565100,582,969,17580000,12720
2,1172,17580000,17580100,582,969,17595000,12730
2,1173,17595000,17595100,582,969,17610000,12743
2,1174,17610000,17610100,582,969,17625000,12753
2,1175,17625000,17625100,582,969,17640000,12761
2,1176,17640000,17640100,582,969,17655000,12776
2,1177,17655000,17655100,582,969,17670000,12785
2,1178,17670000,17670100,582,969,17685000,12798
2,1179,17685000,17685100,582,969,17700000,12804
2,118,1770000,1770100,582,969,1785000,1284
2,1180,17700000,17700100,582,969,17715000,12819
2,1181,17715000,17715100,582,969,17730000,12830
2,1182,17730000,17730100,582,969,17745000,12840
2,1183,17745000,17745100,582,969,17760000,12849
2,1184,17760000,17760100,582,969,17775000,12861
2,1185,17775000,17775100,582,969,17790000,12872
2,1186,17790000,17790100,582,969,17805000,12886
2,1187,17805000,17805100,582,969,17820000,12892
2,1188,17820000,17820100,582,969,17835000,12905
2,1189,17835000,17835100,582,969,17850000,12914
2,119,1785000,1785100,582,969,1800000,1290
2,1190,17850000,17850100,582,969,17865000,12928
2,1191,17865000,17865100,582,969,17880000,12937
2,1192,17880000,17880100,582,969,17895000,12948
2,1193,17895000,17895100,582,969,17910000,12959
2,1194,17910000,17910100,582,969,17925000,12971
2,1195,17925000,17925100,582,969,17940000,12980
2,1196,17940000,17940100,582,969,17955000,12993
2,1197,17955000,17955100,582,969,17970000,13002
2,1198,17970000,17970100,582,969,17985000,13014
2,1199,17985000,17985100,582,969,18000000,13022
2,12,180000,180100,582,969,195000,130
2,120,1800000,1800100,582,969,1815000,1304
2,1200,18000000,18000100,582,969,18015000,13036
2,1201,18015000,18015100,582,969,18030000,13046
2,1202,18030000,18030100,582,969,18045000,13058
2,1203,18045000,18045100,582,969,18060000,13067
2,1204,18060000,18060100,582,969,18075000,13078
2,1205,18075000,18075100,582,969,18090000,13089
2,1206,18090000,18090100,582,969,18105000,13103
2,1207,18105000,18105100,582,969,18120000,13109
2,1208,18120000,18120100,582,969,18135000,13123
2,1209,18135000,18135100,582,969,18150000,13131
2,121,1815000,1815100,582,969,1830000,1316
2,1210,18150000,18150100,582,969,18165000,13146
2,1211,18165000,18165100,582,969,18180000,13154
2,1212,18180000,18180100,582,969,18195000,13164
2,1213,18195000,18195100,582,969,18210000,13178
2,1214,18210000,18210100,582,969,18225000,13188
2,1215,18225000,18225100,582,969,18240000,13196
2,1216,18240000,18240100,582,969,18255000,13210
2,1217,18255000,18255100,582,969,18270000,13219
2,1218,18270000,18270100,582,969,18285000,13233
2,1219,18285000,18285100,582,969,18300000,13239
2,122,1830000,1830100,582,969,1845000,1327
2,1220,18300000,18300100,582,969,18315000,13252
2,1221,18315000,18315100,582,969,18330000,13264
2,1222,18330000,18330100,582,969,18345000,13275
2,1223,18345000,18345100,582,969,18360000,13284
2,1224,18360000,18360100,582,969,18375000,13296
2,1225,18375000,18375100,582,969,18390000,13306
2,1226,18390000,18390100,582,969,18405000,13320
2,1227,18405000,18405100,582,969,18420000,13327
2,1228,18420000,18420100,582,969,18435000,13340
2,1229,18435000,18435100,582,969,18450000,13349
2,123,1845000,1845100,582,969,1860000,1336
2,1230,18450000,18450100,582,969,18465000,13362
2,1231,18465000,18465100,582,969,18480000,13370
2,1232,18480000,18480100,582,969,18495000,13383
2,1233,18495000,18495100,582,969,18510000,13394
2,1234,18510000,18510100,582,969,18525000,13405
2,1235,18525000,18525100,582,969,18540000,13414
2,1236,18540000,18540100,582,969,18555000,13428
2,1237,18555000,18555100,582,969,18570000,13437
2,1238,18570000,18570100,582,969,18585000,13449
2,1239,18585000,18585100,582,969,18600000,13456
2,124,1860000,1860100,582,969,1875000,1347
2,1240,18600000,18600100,582,969,18615000,13470
2,1241,18615000,18615100,582,969,18630000,13481
2,1242,18630000,18630100,582,969,18645000,13492
2,1243,18645000,18645100,582,969,18660000,13502
2,1244,18660000,18660100,582,969,18675000,13512
2,1245,18675000,18675100,582,969,18690000,13523
2,1246,18690000,18690100,582,969,18705000,13538
2,1247,18705000,18705100,582,969,18720000,13544
2,1248,18720000,18720100,582,969,18735000,13557
2,1249,18735000,18735100,582,969,18750000,13565
2,125,1875000,1875100,582,969,1890000,1358
2,1250,18750000,18750100,582,969,18765000,13581
2,1251,18765000,18765100,582,969,18780000,13589
2,1252,18780000,18780100,582,969,18795000,13599
2,1253,18795000,18795100,582,969,18810000,13611
2,1254,18810000,18810100,582,969,18825000,13622
2,1255,18825000,18825100,582,969,18840000,13631
2,1256,18840000,18840100,582,969,18855000,13645
2,1257,18855000,18855100,582,969,18870000,13654
2,1258,18870000,18870100,582,969,18885000,13667
2,1259,18885000,18885100,582,969,18900000,13673
2,126,1890000,1890100,582,969,1905000,1372
2,1260,18900000,18900100,582,969,18915000,13687
2,1261,18915000,18915100,582,969,18930000,13699
2,1262,18930000,18930100,582,969,18945000,13709
2,1263,18945000,18945100,582,969,18960000,13718
2,1264,18960000,18960100,582,969,18975000,13730
2,1265,18975000,18975100,582,969,18990000,13741
2,1266,18990000,18990100,582,969,19005000,13755
2,1267,19005000,19005100,582,969,19020000,13761
2,1268,19020000,19020100,582,969,19035000,13774
2,1269,19035000,19035100,582,969,19050000,13784
2,127,1905000,1905100,582,969,1920000,1378
2,1270,19050000,19050100,582,969,19065000,13797
2,1271,19065000,19065100,582,969,19080000,13805
2,1272,19080000,19080100,582,969,19095000,13817
2,1273,19095000,19095100,582,969,19110000,13828
2,1274,19110000,19110100,582,969,19125000,13840
2,1275,19125000,19125100,582,969,19140000,13848
2,1276,19140000,19140100,582,969,19155000,13862
2,1277,19155000,19155100,582,969,19170000,13871
2,1278,19170000,19170100,582,969,19185000,13884
2,1279,19185000,19185100,582,969,19200000,13891
2,128,1920000,1920100,582,969,1935000,1392
2,1280,19200000,19200100,582,969,19215000,13905
2,1281,19215000,19215100,582,969,19230000,13915
2,1282,19230000,19230100,582,969,19245000,13926
2,1283,19245000,19245100,582,969,19260000,13937
2,1284,19260000,19260100,582,969,19275000,13947
2,1285,19275000,19275100,582,969,19290000,13958
2,1286,19290000,19290100,582,969,19305000,13971
2,1287,19305000,19305100,582,969,19320000,13978
2,1288,19320000,19320100,582,969,19335000,13992
2,1289,19335000,19335100,582,969,19350000,14000
2,129,1935000,1935100,582,969,1950000,1400
2,1290,19350000,19350100,582,969,19365000,14015
2,1291,19365000,19365100,582,969,19380000,14023
2,1292,19380000,19380100,582,969,19395000,14034
2,1293,19395000,19395100,582,969,19410000,14046
2,1294,19410000,19410100,582,969,19425000,14057
2,1295,19425000,19425100,582,969,19440000,14065
2,1296,19440000,19440100,582,969,19455000,14079
2,1297,19455000,19455100,582,969,19470000,14088
2,1298,19470000,19470100,582,969,19485000,14102
2,1299,19485000,19485100,582,969,19500000,14108
2,13,195000,195100,582,969,210000,142
2,130,1950000,1950100,582,969,1965000,1415
2,1300,19500000,19500100,582,969,19515000,14121
2,1301,19515000,19515100,582,969,19530000,14133
2,1302,19530000,19530100,582,969,19545000,14144
2,1303,19545000,19545100,582,969,19560000,14153
2,1304,19560000,19560100,582,969,19575000,14164
2,1305,19575000,19575100,582,969,19590000,14175
2,1306,19590000,19590100,582,969,19605000,14190
2,1307,19605000,19605100,582,969,19620000,14196
2,1308,19620000,19620100,582,969,19635000,14208
2,1309,19635000,19635100,582,969,19650000,14218
2,131,1965000,1965100,582,969,1980000,1423
2,1310,19650000,19650100,582,969,19665000,14231
2,1311,19665000,19665100,582,969,19680000,14240
2,1312,19680000,19680100,582,969,19695000,14252
2,1313,19695000,19695100,582,969,19710000,14263
2,1314,19710000,19710100,582,969,19725000,14274
2,1315,19725000,19725100,582,969,19740000,14282
2,1316,19740000,19740100,582,969,19755000,14297
2,1317,19755000,19755100,582,969,19770000,14306
2,1318,19770000,19770100,582,969,19785000,14318
2,1319,19785000,19785100,582,969,19800000,14324
2,132,1980000,1980100,582,969,1995000,1434
2,1320,19800000,19800100,582,969,19815000,14340
2,1321,19815000,19815100,582,969,19830000,14350
2,1322,19830000,19830100,582,969,19845000,14361
2,1323,19845000,19845100,582,969,19860000,14371
2,1324,19860000,19860100,582,969,19875000,14381
2,1325,19875000,19875100,582,969,19890000,14393
2,1326,19890000,19890100,582,969,19905000,14406
2,1327,19905000,19905100,582,969,19920000,14413
2,1328,19920000,19920100,582,969,19935000,14426
2,1329,19935000,19935100,582,969,19950000,14434
2,133,1995000,1995100,582,969,2010000,1446
2,1330,19950000,19950100,582,969,19965000,14449
2,1331,19965000,19965100,582,969,19980000,14458
2,1332,19980000,19980100,582,969,19995000,14468
2,1333,19995000,19995100,582,969,20010000,14480
2,1334,20010000,20010100,582,969,20025000,14492
2,1335,20025000,20025100,582,969,20040000,14500
2,1336,20040000,20040100,582,969,20055000,14514
2,1337,20055000,20055100,582,969,20070000,14522
2,1338,20070000,20070100,582,969,20085000,14536
2,1339,20085000,20085100,582,969,20100000,14543
2,134,2010000,2010100,582,969,2025000,1456
2,1340,20100000,20100100,582,969,20115000,14556
2,1341,20115000,20115100,582,969,20130000,14567
2,1342,20130000,20130100,582,969,20145000,14578
2,1343,20145000,20145100,582,969,20160000,14587
2,1344,20160000,20160100,582,969,20175000,14599
2,1345,20175000,20175100,582,969,20190000,14610
2,1346,20190000,20190100,582,969,20205000,14624
2,1347,20205000,20205100,582,969,20220000,14630
2,1348,20220000,20220100,582,969,20235000,14643
2,1349,20235000,20235100,582,969,20250000,14653
2,135,2025000,2025100,582,969,2040000,1466
2,1350,20250000,20250100,582,969,20265000,14666
2,1351,20265000,20265100,582,969,20280000,14674
2,1352,20280000,20280100,582,969,20295000,14685
2,1353,20295000,20295100,582,969,20310000,14698
2,1354,20310000,20310100,582,969,20325000,14709
2,1355,20325000,20325100,582,969,20340000,14717
2,1356,20340000,20340100,582,969,20355000,14731
2,1357,20355000,20355100,582,969,20370000,14740
2,1358,20370000,20370100,582,969,20385000,14753
2,1359,20385000,20385100,582,969,20400000,14759
2,136,2040000,2040100,582,969,2055000,1480
2,1360,20400000,20400100,582,969,20415000,14774
2,1361,20415000,20415100,582,969,20430000,14784
2,1362,20430000,20430100,582,969,20445000,14796
2,1363,20445000,20445100,582,969,20460000,14805
2,1364,20460000,20460100,582,969,20475000,14816
2,1365,20475000,20475100,582,969,20490000,14827
2,1366,20490000,20490100,582,969,20505000,14840
2,1367,20505000,20505100,582,969,20520000,14848
2,1368,20520000,20520100,582,969,20535000,14861
2,1369,20535000,20535100,582,969,20550000,14869
2,137,2055000,2055100,582,969,2070000,1488
2,1370,20550000,20550100,582,969,20565000,14883
2,1371,20565000,20565100,582,969,20580000,14892
2,1372,20580000,20580100,582,969,20595000,14903
2,1373,20595000,20595100,582,969,20610000,14915
2,1374,20610000,20610100,582,969,20625000,14925
2,1375,20625000,20625100,582,969,20640000,14934
2,1376,20640000,20640100,582,969,20655000,14949
2,1377,20655000,20655100,582,969,20670000,14957
2,1378,20670000,20670100,582,969,20685000,14971
2,1379,20685000,20685100,582,969,20700000,14977
2,138,2070000,2070100,582,969,2085000,1501
2,1380,20700000,20700100,582,969,20715000,14990
2,1381,20715000,20715100,582,969,20730000,15002
2,1382,20730000,20730100,582,969,20745000,15013
2,1383,20745000,20745100,582,969,20760000,15022
2,1384,20760000,20760100,582,969,20775000,15033
2,1385,20775000,20775100,582,969,20790000,15043
2,1386,20790000,20790100,582,969,20805000,15059
2,1387,20805000,20805100,582,969,20820000,15065
2,1388,20820000,20820100,582,969,20835000,15077
2,1389,20835000,20835100,582,969,20850000,15087
2,139,2085000,2085100,582,969,2100000,1508
2,1390,20850000,20850100,582,969,20865000,15101
2,1391,20865000,20865100,582,969,20880000,15109
2,1392,20880000,20880100,582,969,20895000,15120
2,1393,20895000,20895100,582,969,20910000,15132
2,1394,20910000,20910100,582,969,20925000,15143
2,1395,20925000,20925100,582,969,20940000,15152
2,1396,20940000,20940100,582,969,20955000,15165
2,1397,20955000,20955100,582,969,20970000,15175
2,1398,20970000,20970100,582,969,20985000,15187
2,1399,20985000,20985100,582,969,21000000,15193
2,14,210000,210100,582,969,225000,154
2,140,2100000,2100100,582,969,2115000,1522
2,1400,21000000,21000100,582,969,21015000,15209
2,1401,21015000,21015100,582,969,21030000,15219
2,1402,21030000,21030100,582,969,21045000,15230
2,1403,21045000,21045100,582,969,21060000,15239
2,1404,21060000,21060100,582,969,21075000,15251
2,1405,21075000,21075100,582,969,21090000,15262
2,1406,21090000,21090100,582,969,21105000,15275
2,1407,21105000,21105100,582,969,21120000,15281
2,1408,21120000,21120100,582,969,21135000,15295
2,1409,21135000,21135100,582,969,21150000,15304
2,141,2115000,2115100,582,969,2130000,1533
2,1410,21150000,21150100,582,969,21165000,15318
2,1411,21165000,21165100,582,969,21180000,15327
2,1412,21180000,21180100,582,969,21195000,15337
2,1413,21195000,21195100,582,969,21210000,15349
2,1414,21210000,21210100,582,969,21225000,15360
2,1415,21225000,21225100,582,969,21240000,15369
2,1416,21240000,21240100,582,969,21255000,15383
2,1417,21255000,21255100,582,969,21270000,15391
2,1418,21270000,21270100,582,969,21285000,15405
2,1419,21285000,21285100,582,969,21300000,15412
2,142,2130000,2130100,582,969,2145000,1543
2,1420,21300000,21300100,582,969,21315000,15425
2,1421,21315000,21315100,582,969,21330000,15436
2,1422,21330000,21330100,582,969,21345000,15447
2,1423,21345000,21345100,582,969,21360000,15457
2,1424,21360000,21360100,582,969,21375000,15468
2,1425,21375000,21375100,582,969,21390000,15478
2,1426,21390000,21390100,582,969,21405000,15493
2,1427,21405000,21405100,582,969,21420000,15499
2,1428,21420000,21420100,582,969,21435000,15512
2,1429,21435000,21435100,582,969,21450000,15521
2,143,2145000,2145100,582,969,2160000,1553
2,1430,21450000,21450100,582,969,21465000,15535
2,1431,21465000,21465100,582,969,21480000,15543
2,1432,21480000,21480100,582,969,21495000,15555
2,1433,21495000,21495100,582,969,21510000,15567
2,1434,21510000,21510100,582,969,21525000,15578
2,1435,21525000,21525100,582,969,21540000,15586
2,1436,21540000,21540100,582,969,21555000,15599
2,1437,21555000,21555100,582,969,21570000,15610
2,1438,21570000,21570100,582,969,21585000,15622
2,1439,21585000,21585100,582,969,21600000,15628
2,144,2160000,2160100,582,969,2175000,1565
2,1440,21600000,21600100,582,969,21615000,15642
2,1441,21615000,21615100,582,969,21630000,15653
2,1442,21630000,21630100,582,969,21645000,15665
2,1443,21645000,21645100,582,969,21660000,15674
2,1444,21660000,21660100,582,969,21675000,15685
2,1445,21675000,21675100,582,969,21690000,15696
2,1446,21690000,21690100,582,969,21705000,15710
2,1447,21705000,21705100,582,969,21720000,15716
2,1448,21720000,21720100,582,969,21735000,15730
2,1449,21735000,21735100,582,969,21750000,15738
2,145,2175000,2175100,582,969,2190000,1575
2,1450,21750000,21750100,582,969,21765000,15752
2,1451,21765000,21765100,582,969,21780000,15761
2,1452,21780000,21780100,582,969,21795000,15772
2,1453,21795000,21795100,582,969,21810000,15784
2,1454,21810000,21810100,582,969,21825000,15794
2,1455,21825000,21825100,582,969,21840000,15803
2,1456,21840000,21840100,582,969,21855000,15818
2,1457,21855000,21855100,582,969,21870000,15826
2,1458,21870000,21870100,582,969,21885000,15839
2,1459,21885000,21885100,582,969,21900000,15846
2,146,2190000,2190100,582,969,2205000,1590
2,1460,21900000,21900100,582,969,21915000,15860
2,1461,21915000,21915100,582,969,21930000,15871
2,1462,21930000,21930100,582,969,21945000,15881
2,1463,21945000,21945100,582,969,21960000,15891
2,1464,21960000,21960100,582,969,21975000,15902
2,1465,21975000,21975100,582,969,21990000,15913
2,1466,21990000,21990100,582,969,22005000,15928
2,1467,22005000,22005100,582,969,22020000,15934
2,1468,22020000,22020100,582,969,22035000,15946
2,1469,22035000,22035100,582,969,22050000,15955
2,147,2205000,2205100,582,969,2220000,1596
2,1470,22050000,22050100,582,969,22065000,15970
2,1471,22065000,22065100,582,969,22080000,15978
2,1472,22080000,22080100,582,969,22095000,15989
2,1473,22095000,22095100,582,969,22110000,16000
2,1474,22110000,22110100,582,969,22125000,16013
2,1475,22125000,22125100,582,969,22140000,16021
2,1476,22140000,22140100,582,969,22155000,16034
2,1477,22155000,22155100,582,969,22170000,16044
2,1478,22170000,22170100,582,969,22185000,16056
2,1479,22185000,22185100,582,969,22200000,16063
2,148,2220000,2220100,582,969,2235000,1608
2,1480,22200000,22200100,582,969,22215000,16077
2,1481,22215000,22215100,582,969,22230000,16088
2,1482,22230000,22230100,582,969,22245000,16099
2,1483,22245000,22245100,582,969,22260000,16108
2,1484,22260000,22260100,582,969,22275000,16119
2,1485,22275000,22275100,582,969,22290000,16131
2,1486,22290000,22290100,582,969,22305000,16144
2,1487,22305000,22305100,582,969,22320000,16150
2,1488,22320000,22320100,582,969,22335000,16165
2,1489,22335000,22335100,582,969,22350000,16173
2,149,2235000,2235100,582,969,2250000,1618
2,1490,22350000,22350100,582,969,22365000,16187
2,1491,22365000,22365100,582,969,22380000,16195
2,1492,22380000,22380100,582,969,22395000,16206
2,1493,22395000,22395100,582,969,22410000,16219
2,1494,22410000,22410100,582,969,22425000,16229
2,1495,22425000,22425100,582,969,22440000,16237
2,1496,22440000,22440100,582,969,22455000,16252
2,1497,22455000,22455100,582,969,22470000,16260
2,1498,22470000,22470100,582,969,22485000,16274
2,1499,22485000,22485100,582,969,22500000,16281
2,15,225000,225100,582,969,240000,162
2,150,2250000,2250100,582,969,2265000,1632
2,1500,22500000,22500100,582,969,22515000,16294
2,1501,22515000,22515100,582,969,22530000,16305
2,1502,22530000,22530100,582,969,22545000,16316
2,1503,22545000,22545100,582,969,22560000,16326
2,1504,22560000,22560100,582,969,22575000,16337
2,1505,22575000,22575100,582,969,22590000,16347
2,1506,22590000,22590100,582,969,22605000,16361
2,1507,22605000,22605100,582,969,22620000,16369
2,1508,22620000,22620100,582,969,22635000,16381
2,1509,22635000,22635100,582,969,22650000,16390
2,151,2265000,2265100,582,969,2280000,1640
2,1510,22650000,22650100,582,969,22665000,16404
2,1511,22665000,22665100,582,969,22680000,16412
2,1512,22680000,22680100,582,969,22695000,16424
2,1513,22695000,22695100,582,969,22710000,16435
2,1514,22710000,22710100,582,969,22725000,16447
2,1515,22725000,22725100,582,969,22740000,16455
2,1516,22740000,22740100,582,969,22755000,16469
2,1517,22755000,22755100,582,969,22770000,16478
2,1518,22770000,22770100,582,969,22785000,16491
2,1519,22785000,22785100,582,969,22800000,16497
2,152,2280000,2280100,582,969,2295000,1651
2,1520,22800000,22800100,582,969,22815000,16511
2,1521,22815000,22815100,582,969,22830000,16523
2,1522,22830000,22830100,582,969,22845000,16534
2,1523,22845000,22845100,582,969,22860000,16543
2,1524,22860000,22860100,582,969,22875000,16553
2,1525,22875000,22875100,582,969,22890000,16565
2,1526,22890000,22890100,582,969,22905000,16579
2,1527,22905000,22905100,582,969,22920000,16585
2,1528,22920000,22920100,582,969,22935000,16598
2,1529,22935000,22935100,582,969,22950000,16607
2,153,2295000,2295100,582,969,2310000,1662
2,1530,22950000,22950100,582,969,22965000,16622
2,1531,22965000,22965100,582,969,22980000,16630
2,1532,22980000,22980100,582,969,22995000,16641
2,1533,22995000,22995100,582,969,23010000,16653
2,1534,23010000,23010100,582,969,23025000,16663
2,1535,23025000,23025100,582,969,23040000,16672
2,1536,23040000,23040100,582,969,23055000,16687
2,1537,23055000,23055100,582,969,23070000,16695
2,1538,23070000,23070100,582,969,23085000,16708
2,1539,23085000,23085100,582,969,23100000,16714
2,154,2310000,2310100,582,969,2325000,1675
2,1540,23100000,23100100,582,969,23115000,16729
2,1541,23115000,23115100,582,969,23130000,16740
2,1542,23130000,23130100,582,969,23145000,16750
2,1543,23145000,23145100,582,969,23160000,16760
2,1544,23160000,23160100,582,969,23175000,16772
2,1545,23175000,23175100,582,969,23190000,16782
2,1546,23190000,23190100,582,969,23205000,16796
2,1547,23205000,23205100,582,969,23220000,16803
2,1548,23220000,23220100,582,969,23235000,16815
2,1549,23235000,23235100,582,969,23250000,16825
2,155,2325000,2325100,582,969,2340000,1683
2,1550,23250000,23250100,582,969,23265000,16838
2,1551,23265000,23265100,582,969,23280000,16847
2,1552,23280000,23280100,582,969,23295000,16858
2,1553,23295000,23295100,582,969,23310000,16869
2,1554,23310000,23310100,582,969,23325000,16882
2,1555,23325000,23325100,582,969,23340000,16890
2,1556,23340000,23340100,582,969,23355000,16903
2,1557,23355000,23355100,582,969,23370000,16912
2,1558,23370000,23370100,582,969,23385000,16926
2,1559,23385000,23385100,582,969,23400000,16932
2,156,2340000,2340100,582,969,2355000,1696
2,1560,23400000,23400100,582,969,23415000,16946
2,1561,23415000,23415100,582,969,23430000,16956
2,1562,23430000,23430100,582,969,23445000,16968
2,1563,23445000,23445100,582,969,23460000,16978
2,1564,23460000,23460100,582,969,23475000,16988
2,1565,23475000,23475100,582,969,23490000,17000
2,1566,23490000,23490100,582,969,23505000,17013
2,1567,23505000,23505100,582,969,23520000,17019
2,1568,23520000,23520100,582,969,23535000,17033
2,1569,23535000,23535100,582,969,23550000,17042
2,157,2355000,2355100,582,969,2370000,1706
2,1570,23550000,23550100,582,969,23565000,17056
2,1571,23565000,23565100,582,969,23580000,17064
2,1572,23580000,23580100,582,969,23595000,17075
2,1573,23595000,23595100,582,969,23610000,17088
2,1574,23610000,23610100,582,969,23625000,17098
2,1575,23625000,23625100,582,969,23640000,17106
2,1576,23640000,23640100,582,969,23655000,17121
2,1577,23655000,23655100,582,969,23670000,17130
2,1578,23670000,23670100,582,969,23685000,17143
2,1579,23685000,23685100,582,969,23700000,17149
2,158,2370000,2370100,582,969,2385000,1719
2,1580,23700000,23700100,582,969,23715000,17163
2,1581,23715000,23715100,582,969,23730000,17174
2,1582,23730000,23730100,582,969,23745000,17185
2,1583,23745000,23745100,582,969,23760000,17194
2,1584,23760000,23760100,582,969,23775000,17206
2,1585,23775000,23775100,582,969,23790000,17216
2,1586,23790000,23790100,582,969,23805000,17231
2,1587,23805000,23805100,582,969,23820000,17238
2,1588,23820000,23820100,582,969,23835000,17250
2,1589,23835000,23835100,582,969,23850000,17259
2,159,2385000,2385100,582,969,2400000,1725
2,1590,23850000,23850100,582,969,23865000,17272
2,1591,23865000,23865100,582,969,23880000,17282
2,1592,23880000,23880100,582,969,23895000,17293
2,1593,23895000,23895100,582,969,23910000,17304
2,1594,23910000,23910100,582,969,23925000,17315
2,1595,23925000,23925100,582,969,23940000,17324
2,1596,23940000,23940100,582,969,23955000,17338
2,1597,23955000,23955100,582,969,23970000,17347
2,1598,23970000,23970100,582,969,23985000,17360
2,1599,23985000,23985100,582,969,24000000,17366
2,16,240000,240100,582,969,255000,176
2,160,2400000,2400100,582,969,2415000,1739
2,1600,24000000,24000100,582,969,24015000,17381
2,1601,24015000,24015100,582,969,24030000,17391
2,1602,24030000,24030100,582,969,24045000,17403
2,1603,24045000,24045100,582,969,24060000,17412
2,1604,24060000,24060100,582,969,24075000,17422
2,1605,24075000,24075100,582,969,24090000,17434
2,1606,24090000,24090100,582,969,24105000,17448
2,1607,24105000,24105100,582,969,24120000,17454
2,1608,24120000,24120100,582,969,24135000,17467
2,1609,24135000,24135100,582,969,24150000,17476
2,161,2415000,2415100,582,969,2430000,1750
2,1610,24150000,24150100,582,969,24165000,17491
2,1611,24165000,24165100,582,969,24180000,17499
2,1612,24180000,24180100,582,969,24195000,17509
2,1613,24195000,24195100,582,969,24210000,17522
2,1614,24210000,24210100,582,969,24225000,17533
2,1615,24225000,24225100,582,969,24240000,17541
2,1616,24240000,24240100,582,969,24255000,17555
2,1617,24255000,24255100,582,969,24270000,17564
2,1618,24270000,24270100,582,969,24285000,17577
2,1619,24285000,24285100,582,969,24300000,17584
2,162,2430000,2430100,582,969,2445000,1761
2,1620,24300000,24300100,582,969,24315000,17598
2,1621,24315000,24315100,582,969,24330000,17609
2,1622,24330000,24330100,582,969,24345000,17619
2,1623,24345000,24345100,582,969,24360000,17628
2,1624,24360000,24360100,582,969,24375000,17641
2,1625,24375000,24375100,582,969,24390000,17651
2,1626,24390000,24390100,582,969,24405000,17665
2,1627,24405000,24405100,582,969,24420000,17671
2,1628,24420000,24420100,582,969,24435000,17685
2,1629,24435000,24435100,582,969,24450000,17694
2,163,2445000,2445100,582,969,2460000,1771
2,1630,24450000,24450100,582,969,24465000,17707
2,1631,24465000,24465100,582,969,24480000,17716
2,1632,24480000,24480100,582,969,24495000,17727
2,1633,24495000,24495100,582,969,24510000,17739
2,1634,24510000,24510100,582,969,24525000,17750
2,1635,24525000,24525100,582,969,24540000,17759
2,1636,24540000,24540100,582,969,24555000,17772
2,1637,24555000,24555100,582,969,24570000,17781
2,1638,24570000,24570100,582,969,24585000,17794
2,1639,24585000,24585100,582,969,24600000,17801
2,164,2460000,2460100,582,969,2475000,1781
2,1640,24600000,24600100,582,969,24615000,17815
2,1641,24615000,24615100,582,969,24630000,17825
2,1642,24630000,24630100,582,969,24645000,17838
2,1643,24645000,24645100,582,969,24660000,17847
2,1644,24660000,24660100,582,969,24675000,17857
2,1645,24675000,24675100,582,969,24690000,17868
2,1646,24690000,24690100,582,969,24705000,17882
2,1647,24705000,24705100,582,969,24720000,17889
2,1648,24720000,24720100,582,969,24735000,17902
2,1649,24735000,24735100,582,969,24750000,17910
2,165,2475000,2475100,582,969,2490000,1793
2,1650,24750000,24750100,582,969,24765000,17925
2,1651,24765000,24765100,582,969,24780000,17933
2,1652,24780000,24780100,582,969,24795000,17944
2,1653,24795000,24795100,582,969,24810000,17957
2,1654,24810000,24810100,582,969,24825000,17967
2,1655,24825000,24825100,582,969,24840000,17975
2,1656,24840000,24840100,582,969,24855000,17990
2,1657,24855000,24855100,582,969,24870000,17999
2,1658,24870000,24870100,582,969,24885000,18012
2,1659,24885000,24885100,582,969,24900000,18018
2,166,2490000,2490100,582,969,2505000,1806
2,1660,24900000,24900100,582,969,24915000,18031
2,1661,24915000,24915100,582,969,24930000,18044
2,1662,24930000,24930100,582,969,24945000,18054
2,1663,24945000,24945100,582,969,24960000,18063
2,1664,24960000,24960100,582,969,24975000,18075
2,1665,24975000,24975100,582,969,24990000,18085
2,1666,24990000,24990100,582,969,25005000,18100
2,1667,25005000,25005100,582,969,25020000,18106
2,1668,25020000,25020100,582,969,25035000,18119
2,1669,25035000,25035100,582,969,25050000,18128
2,167,2505000,2505100,582,969,2520000,1812
2,1670,25050000,25050100,582,969,25065000,18142
2,1671,25065000,25065100,582,969,25080000,18150
2,1672,25080000,25080100,582,969,25095000,18162
2,1673,25095000,25095100,582,969,25110000,18173
2,1674,25110000,25110100,582,969,25125000,18184
2,1675,25125000,25125100,582,969,25140000,18194
2,1676,25140000,25140100,582,969,25155000,18207
2,1677,25155000,25155100,582,969,25170000,18216
2,1678,25170000,25170100,582,969,25185000,18228
2,1679,25185000,25185100,582,969,25200000,18235
2,168,2520000,2520100,582,969,2535000,1827
2,1680,25200000,25200100,582,969,25215000,18250
2,1681,25215000,25215100,582,969,25230000,18260
2,1682,25230000,25230100,582,969,25245000,18271
2,1683,25245000,25245100,582,969,25260000,18281
2,1684,25260000,25260100,582,969,25275000,18292
2,1685,25275000,25275100,582,969,25290000,18303
2,1686,25290000,25290100,582,969,25305000,18317
2,1687,25305000,25305100,582,969,25320000,18323
2,1688,25320000,25320100,582,969,25335000,18336
2,1689,25335000,25335100,582,969,25350000,18345
2,169,2535000,2535100,582,969,2550000,1835
2,1690,25350000,25350100,582,969,25365000,18360
2,1691,25365000,25365100,582,969,25380000,18368
2,1692,25380000,25380100,582,969,25395000,18378
2,1693,25395000,25395100,582,969,25410000,18390
2,1694,25410000,25410100,582,969,25425000,18402
2,1695,25425000,25425100,582,969,25440000,18410
2,1696,25440000,25440100,582,969,25455000,18424
2,1697,25455000,25455100,582,969,25470000,18433
2,1698,25470000,25470100,582,969,25485000,18447
2,1699,25485000,25485100,582,969,25500000,18453
2,17,255000,255100,582,969,270000,184
2,170,2550000,2550100,582,969,2565000,1849
2,1700,25500000,25500100,582,969,25515000,18466
2,1701,25515000,25515100,582,969,25530000,18478
2,1702,25530000,25530100,582,969,25545000,18488
2,1703,25545000,25545100,582,969,25560000,18498
2,1704,25560000,25560100,582,969,25575000,18509
2,1705,25575000,25575100,582,969,25590000,18520
2,1706,25590000,25590100,582,969,25605000,18534
2,1707,25605000,25605100,582,969,25620000,18540
2,1708,25620000,25620100,582,969,25635000,18554
2,1709,25635000,25635100,582,969,25650000,18563
2,171,2565000,2565100,582,969,2580000,1857
2,1710,25650000,25650100,582,969,25665000,18576
2,1711,25665000,25665100,582,969,25680000,18584
2,1712,25680000,25680100,582,969,25695000,18597
2,1713,25695000,25695100,582,969,25710000,18608
2,1714,25710000,25710100,582,969,25725000,18619
2,1715,25725000,25725100,582,969,25740000,18627
2,1716,25740000,25740100,582,969,25755000,18641
2,1717,25755000,25755100,582,969,25770000,18651
2,1718,25770000,25770100,582,969,25785000,18663
2,1719,25785000,25785100,582,969,25800000,18670
2,172,2580000,2580100,582,969,2595000,1869
2,1720,25800000,25800100,582,969,25815000,18684
2,1721,25815000,25815100,582,969,25830000,18694
2,1722,25830000,25830100,582,969,25845000,18706
2,1723,25845000,25845100,582,969,25860000,18716
2,1724,25860000,25860100,582,969,25875000,18726
2,1725,25875000,25875100,582,969,25890000,18737
2,1726,25890000,25890100,582,969,25905000,18751
2,1727,25905000,25905100,582,969,25920000,18758
2,1728,25920000,25920100,582,969,25935000,18771
2,1729,25935000,25935100,582,969,25950000,18779
2,173,2595000,2595100,582,969,2610000,1881
2,1730,25950000,25950100,582,969,25965000,18794
2,1731,25965000,25965100,582,969,25980000,18803
2,1732,25980000,25980100,582,969,25995000,18813
2,1733,25995000,25995100,582,969,26010000,18825
2,1734,26010000,26010100,582,969,26025000,18836
2,1735,26025000,26025100,582,969,26040000,18844
2,1736,26040000,26040100,582,969,26055000,18859
2,1737,26055000,26055100,582,969,26070000,18867
2,1738,26070000,26070100,582,969,26085000,18881
2,1739,26085000,26085100,582,969,26100000,18887
2,174,2610000,2610100,582,969,2625000,1891
2,1740,26100000,26100100,582,969,26115000,18901
2,1741,26115000,26115100,582,969,26130000,18913
2,1742,26130000,26130100,582,969,26145000,18923
2,1743,26145000,26145100,582,969,26160000,18932
2,1744,26160000,26160100,582,969,26175000,18943
2,1745,26175000,26175100,582,969,26190000,18955
2,1746,26190000,26190100,582,969,26205000,18969
2,1747,26205000,26205100,582,969,26220000,18975
2,1748,26220000,26220100,582,969,26235000,18987
2,1749,26235000,26235100,582,969,26250000,18997
2,175,2625000,2625100,582,969,2640000,1899
2,1750,26250000,26250100,582,969,26265000,19011
2,1751,26265000,26265100,582,969,26280000,19019
2,1752,26280000,26280100,582,969,26295000,19031
2,1753,26295000,26295100,582,969,26310000,19042
2,1754,26310000,26310100,582,969,26325000,19054
2,1755,26325000,26325100,582,969,26340000,19062
2,1756,26340000,26340100,582,969,26355000,19076
2,1757,26355000,26355100,582,969,26370000,19085
2,1758,26370000,26370100,582,969,26385000,19097
2,1759,26385000,26385100,582,969,26400000,19104
2,176,2640000,2640100,582,969,2655000,1914
2,1760,26400000,26400100,582,969,26415000,19119
2,1761,26415000,26415100,582,969,26430000,19129
2,1762,26430000,26430100,582,969,26445000,19140
2,1763,26445000,26445100,582,969,26460000,19150
2,1764,26460000,26460100,582,969,26475000,19161
2,1765,26475000,26475100,582,969,26490000,19172
2,1766,26490000,26490100,582,969,26505000,19185
2,1767,26505000,26505100,582,969,26520000,19192
2,1768,26520000,26520100,582,969,26535000,19206
2,1769,26535000,26535100,582,969,26550000,19214
2,177,2655000,2655100,582,969,2670000,1923
2,1770,26550000,26550100,582,969,26565000,19228
2,1771,26565000,26565100,582,969,26580000,19237
2,1772,26580000,26580100,582,969,26595000,19247
2,1773,26595000,26595100,582,969,26610000,19260
2,1774,26610000,26610100,582,969,26625000,19271
2,1775,26625000,26625100,582,969,26640000,19279
2,1776,26640000,26640100,582,969,26655000,19293
2,1777,26655000,26655100,582,969,26670000,19301
2,1778,26670000,26670100,582,969,26685000,19316
2,1779,26685000,26685100,582,969,26700000,19322
2,178,2670000,2670100,582,969,2685000,1936
2,1780,26700000,26700100,582,969,26715000,19335
2,1781,26715000,26715100,582,969,26730000,19346
2,1782,26730000,26730100,582,969,26745000,19358
2,1783,26745000,26745100,582,969,26760000,19367
2,1784,26760000,26760100,582,969,26775000,19378
2,1785,26775000,26775100,582,969,26790000,19389
2,1786,26790000,26790100,582,969,26805000,19403
2,1787,26805000,26805100,582,969,26820000,19410
2,1788,26820000,26820100,582,969,26835000,19422
2,1789,26835000,26835100,582,969,26850000,19432
2,179,2685000,2685100,582,969,2700000,1943
2,1790,26850000,26850100,582,969,26865000,19445
2,1791,26865000,26865100,582,969,26880000,19453
2,1792,26880000,26880100,582,969,26895000,19465
2,1793,26895000,26895100,582,969,26910000,19477
2,1794,26910000,26910100,582,969,26925000,19488
2,1795,26925000,26925100,582,969,26940000,19496
2,1796,26940000,26940100,582,969,26955000,19511
2,1797,26955000,26955100,582,969,26970000,19520
2,1798,26970000,26970100,582,969,26985000,19532
2,1799,26985000,26985100,582,969,27000000,19538
2,18,270000,270100,582,969,285000,199
2,180,2700000,2700100,582,969,2715000,1956
2,1800,27000000,27000100,582,969,27015000,19553
2,1801,27015000,27015100,582,969,27030000,19564
2,1802,27030000,27030100,582,969,27045000,19575
2,1803,27045000,27045100,582,969,27060000,19584
2,1804,27060000,27060100,582,969,27075000,19595
2,1805,27075000,27075100,582,969,27090000,19606
2,1806,27090000,27090100,582,969,27105000,19620
2,1807,27105000,27105100,582,969,27120000,19627
2,1808,27120000,27120100,582,969,27135000,19640
2,1809,27135000,27135100,582,969,27150000,19648
2,181,2715000,2715100,582,969,2730000,1967
2,1810,27150000,27150100,582,969,27165000,19663
2,1811,27165000,27165100,582,969,27180000,19672
2,1812,27180000,27180100,582,969,27195000,19682
2,1813,27195000,27195100,582,969,27210000,19694
2,1814,27210000,27210100,582,969,27225000,19704
2,1815,27225000,27225100,582,969,27240000,19714
2,1816,27240000,27240100,582,969,27255000,19728
2,1817,27255000,27255100,582,969,27270000,19736
2,1818,27270000,27270100,582,969,27285000,19750
2,1819,27285000,27285100,582,969,27300000,19756
2,182,2730000,2730100,582,969,2745000,1978
2,1820,27300000,27300100,582,969,27315000,19770
2,1821,27315000,27315100,582,969,27330000,19781
2,1822,27330000,27330100,582,969,27345000,19792
2,1823,27345000,27345100,582,969,27360000,19801
2,1824,27360000,27360100,582,969,27375000,19813
2,1825,27375000,27375100,582,969,27390000,19823
2,1826,27390000,27390100,582,969,27405000,19838
2,1827,27405000,27405100,582,969,27420000,19844
2,1828,27420000,27420100,582,969,27435000,19856
2,1829,27435000,27435100,582,969,27450000,19867
2,183,2745000,2745100,582,969,2760000,1988
2,1830,27450000,27450100,582,969,27465000,19880
2,1831,27465000,27465100,582,969,27480000,19888
2,1832,27480000,27480100,582,969,27495000,19899
2,1833,27495000,27495100,582,969,27510000,19911
2,1834,27510000,27510100,582,969,27525000,19923
2,1835,27525000,27525100,582,969,27540000,19931
2,1836,27540000,27540100,582,969,27555000,19944
2,1837,27555000,27555100,582,969,27570000,19954
2,1838,27570000,27570100,582,969,27585000,19967
2,1839,27585000,27585100,582,969,27600000,19973
2,184,2760000,2760100,582,969,2775000,1999
2,1840,27600000,27600100,582,969,27615000,19988
2,1841,27615000,27615100,582,969,27630000,19998
2,1842,27630000,27630100,582,969,27645000,20009
2,1843,27645000,27645100,582,969,27660000,20019
2,1844,27660000,27660100,582,969,27675000,20030
2,1845,27675000,27675100,582,969,27690000,20041
2,1846,27690000,27690100,582,969,27705000,20054
2,1847,27705000,27705100,582,969,27720000,20060
2,1848,27720000,27720100,582,969,27735000,20075
2,1849,27735000,27735100,582,969,27750000,20083
2,185,2775000,2775100,582,969,2790000,2009
2,1850,27750000,27750100,582,969,27765000,20097
2,1851,27765000,27765100,582,969,27780000,20106
2,1852,27780000,27780100,582,969,27795000,20117
2,1853,27795000,27795100,582,969,27810000,20129
2,1854,27810000,27810100,582,969,27825000,20139
2,1855,27825000,27825100,582,969,27840000,20148
2,1856,27840000,27840100,582,969,27855000,20162
2,1857,27855000,27855100,582,969,27870000,20171
2,1858,27870000,27870100,582,969,27885000,20184
2,1859,27885000,27885100,582,969,27900000,20191
2,186,2790000,2790100,582,969,2805000,2024
2,1860,27900000,27900100,582,969,27915000,20204
2,1861,27915000,27915100,582,969,27930000,20215
2,1862,27930000,27930100,582,969,27945000,20227
2,1863,27945000,27945100,582,969,27960000,20236
2,1864,27960000,27960100,582,969,27975000,20247
2,1865,27975000,27975100,582,969,27990000,20257
2,1866,27990000,27990100,582,969,28005000,20273
2,1867,28005000,28005100,582,969,28020000,20279
2,1868,28020000,28020100,582,969,28035000,20291
2,1869,28035000,28035100,582,969,28050000,20300
2,187,2805000,2805100,582,969,2820000,2031
2,1870,28050000,28050100,582,969,28065000,20314
2,1871,28065000,28065100,582,969,28080000,20323
2,1872,28080000,28080100,582,969,28095000,20334
2,1873,28095000,28095100,582,969,28110000,20346
2,1874,28110000,28110100,582,969,28125000,20357
2,1875,28125000,28125100,582,969,28140000,20365
2,1876,28140000,28140100,582,969,28155000,20379
2,1877,28155000,28155100,582,969,28170000,20389
2,1878,28170000,28170100,582,969,28185000,20401
2,1879,28185000,28185100,582,969,28200000,20407
2,188,2820000,2820100,582,969,2835000,2043
2,1880,28200000,28200100,582,969,28215000,20422
2,1881,28215000,28215100,582,969,28230000,20433
2,1882,28230000,28230100,582,969,28245000,20444
2,1883,28245000,28245100,582,969,28260000,20453
2,1884,28260000,28260100,582,969,28275000,20464
2,1885,28275000,28275100,582,969,28290000,20476
2,1886,28290000,28290100,582,969,28305000,20489
2,1887,28305000,28305100,582,969,28320000,20495
2,1888,28320000,28320100,582,969,28335000,20509
2,1889,28335000,28335100,582,969,28350000,20517
2,189,2835000,2835100,582,969,2850000,2052
2,1890,28350000,28350100,582,969,28365000,20532
2,1891,28365000,28365100,582,969,28380000,20540
2,1892,28380000,28380100,582,969,28395000,20551
2,1893,28395000,28395100,582,969,28410000,20563
2,1894,28410000,28410100,582,969,28425000,20574
2,1895,28425000,28425100,582,969,28440000,20583
2,1896,28440000,28440100,582,969,28455000,20597
2,1897,28455000,28455100,582,969,28470000,20605
2,1898,28470000,28470100,582,969,28485000,20618
2,1899,28485000,28485100,582,969,28500000,20626
2,19,285000,285100,582,969,300000,205
2,190,2850000,2850100,582,969,2865000,2066
2,1900,28500000,28500100,582,969,28515000,20639
2,1901,28515000,28515100,582,969,28530000,20650
2,1902,28530000,28530100,582,969,28545000,20660
2,1903,28545000,28545100,582,969,28560000,20670
2,1904,28560000,28560100,582,969,28575000,20682
2,1905,28575000,28575100,582,969,28590000,20692
2,1906,28590000,28590100,582,969,28605000,20707
2,1907,28605000,28605100,582,969,28620000,20713
2,1908,28620000,28620100,582,969,28635000,20726
2,1909,28635000,28635100,582,969,28650000,20735
2,191,2865000,2865100,582,969,2880000,2075
2,1910,28650000,28650100,582,969,28665000,20749
2,1911,28665000,28665100,582,969,28680000,20757
2,1912,28680000,28680100,582,969,28695000,20768
2,1913,28695000,28695100,582,969,28710000,20780
2,1914,28710000,28710100,582,969,28725000,20792
2,1915,28725000,28725100,582,969,28740000,20800
2,1916,28740000,28740100,582,969,28755000,20813
2,1917,28755000,28755100,582,969,28770000,20823
2,1918,28770000,28770100,582,969,28785000,20836
2,1919,28785000,28785100,582,969,28800000,20842
2,192,2880000,2880100,582,969,2895000,2086
2,1920,28800000,28800100,582,969,28815000,20856
2,1921,28815000,28815100,582,969,28830000,20867
2,1922,28830000,28830100,582,969,28845000,20879
2,1923,28845000,28845100,582,969,28860000,20888
2,1924,28860000,28860100,582,969,28875000,20898
2,1925,28875000,28875100,582,969,28890000,20910
2,1926,28890000,28890100,582,969,28905000,20923
2,1927,28905000,28905100,582,969,28920000,20930
2,1928,28920000,28920100,582,969,28935000,20944
2,1929,28935000,28935100,582,969,28950000,20952
2,193,2895000,2895100,582,969,2910000,2097
2,1930,28950000,28950100,582,969,28965000,20966
2,1931,28965000,28965100,582,969,28980000,20974
2,1932,28980000,28980100,582,969,28995000,20986
2,1933,28995000,28995100,582,969,29010000,20998
2,1934,29010000,29010100,582,969,29025000,21008
2,1935,29025000,29025100,582,969,29040000,21016
2,1936,29040000,29040100,582,969,29055000,21032
2,1937,29055000,29055100,582,969,29070000,21040
2,1938,29070000,29070100,582,969,29085000,21053
2,1939,29085000,29085100,582,969,29100000,21060
2,194,2910000,2910100,582,969,2925000,2109
2,1940,29100000,29100100,582,969,29115000,21073
2,1941,29115000,29115100,582,969,29130000,21085
2,1942,29130000,29130100,582,969,29145000,21095
2,1943,29145000,29145100,582,969,29160000,21105
2,1944,29160000,29160100,582,969,29175000,21116
2,1945,29175000,29175100,582,969,29190000,21126
2,1946,29190000,29190100,582,969,29205000,21141
2,1947,29205000,29205100,582,969,29220000,21148
2,1948,29220000,29220100,582,969,29235000,21160
2,1949,29235000,29235100,582,969,29250000,21169
2,195,2925000,2925100,582,969,2940000,2117
2,1950,29250000,29250100,582,969,29265000,21184
2,1951,29265000,29265100,582,969,29280000,21192
2,1952,29280000,29280100,582,969,29295000,21203
2,1953,29295000,29295100,582,969,29310000,21214
2,1954,29310000,29310100,582,969,29325000,21226
2,1955,29325000,29325100,582,969,29340000,21235
2,1956,29340000,29340100,582,969,29355000,21248
2,1957,29355000,29355100,582,969,29370000,21257
2,1958,29370000,29370100,582,969,29385000,21270
2,1959,29385000,29385100,582,969,29400000,21276
2,196,2940000,2940100,582,969,2955000,2131
2,1960,29400000,29400100,582,969,29415000,21291
2,1961,29415000,29415100,582,969,29430000,21302
2,1962,29430000,29430100,582,969,29445000,21313
2,1963,29445000,29445100,582,969,29460000,21322
2,1964,29460000,29460100,582,969,29475000,21333
2,1965,29475000,29475100,582,969,29490000,21345
2,1966,29490000,29490100,582,969,29505000,21358
2,1967,29505000,29505100,582,969,29520000,21364
2,1968,29520000,29520100,582,969,29535000,21377
2,1969,29535000,29535100,582,969,29550000,21387
2,197,2955000,2955100,582,969,2970000,2140
2,1970,29550000,29550100,582,969,29565000,21401
2,1971,29565000,29565100,582,969,29580000,21409
2,1972,29580000,29580100,582,969,29595000,21420
2,1973,29595000,29595100,582,969,29610000,21432
2,1974,29610000,29610100,582,969,29625000,21443
2,1975,29625000,29625100,582,969,29640000,21451
2,1976,29640000,29640100,582,969,29655000,21466
2,1977,29655000,29655100,582,969,29670000,21474
2,1978,29670000,29670100,582,969,29685000,21488
2,1979,29685000,29685100,582,969,29700000,21494
2,198,2970000,2970100,582,969,2985000,2153
2,1980,29700000,29700100,582,969,29715000,21508
2,1981,29715000,29715100,582,969,29730000,21519
2,1982,29730000,29730100,582,969,29745000,21529
2,1983,29745000,29745100,582,969,29760000,21540
2,1984,29760000,29760100,582,969,29775000,21551
2,1985,29775000,29775100,582,969,29790000,21561
2,1986,29790000,29790100,582,969,29805000,21575
2,1987,29805000,29805100,582,969,29820000,21582
2,1988,29820000,29820100,582,969,29835000,21595
2,1989,29835000,29835100,582,969,29850000,21604
2,199,2985000,2985100,582,969,3000000,2159
2,1990,29850000,29850100,582,969,29865000,21617
2,1991,29865000,29865100,582,969,29880000,21626
2,1992,29880000,29880100,582,969,29895000,21638
2,1993,29895000,29895100,582,969,29910000,21649
2,1994,29910000,29910100,582,969,29925000,21661
2,1995,29925000,29925100,582,969,29940000,21669
2,1996,29940000,29940100,582,969,29955000,21682
2,1997,29955000,29955100,582,969,29970000,21692
2,1998,29970000,29970100,582,969,29985000,21705
2,1999,29985000,29985100,582,969,30000000,21711
2,2,30000,30100,582,969,45000,23
2,20,300000,300100,582,969,315000,218
2,200,3000000,3000100,582,969,3015000,2174
2,2000,30000000,30000100,582,969,30015000,21725
2,2001,30015000,30015100,582,969,30030000,21735
2,2002,30030000,30030100,582,969,30045000,21748
2,2003,30045000,30045100,582,969,30060000,21757
2,2004,30060000,30060100,582,969,30075000,21767
2,2005,30075000,30075100,582,969,30090000,21779
2,2006,30090000,30090100,582,969,30105000,21793
2,2007,30105000,30105100,582,969,30120000,21799
2,2008,30120000,30120100,582,969,30135000,21812
2,2009,30135000,30135100,582,969,30150000,21821
2,201,3015000,3015100,582,969,3030000,2185
2,2010,30150000,30150100,582,969,30165000,21835
2,2011,30165000,30165100,582,969,30180000,21844
2,2012,30180000,30180100,582,969,30195000,21854
2,2013,30195000,30195100,582,969,30210000,21867
2,2014,30210000,30210100,582,969,30225000,21877
2,2015,30225000,30225100,582,969,30240000,21885
2,2016,30240000,30240100,582,969,30255000,21901
2,2017,30255000,30255100,582,969,30270000,21909
2,2018,30270000,30270100,582,969,30285000,21922
2,2019,30285000,30285100,582,969,30300000,21928
2,202,3030000,3030100,582,969,3045000,2196
2,2020,30300000,30300100,582,969,30315000,21943
2,2021,30315000,30315100,582,969,30330000,21954
2,2022,30330000,30330100,582,969,30345000,21964
2,2023,30345000,30345100,582,969,30360000,21973
2,2024,30360000,30360100,582,969,30375000,21985
2,2025,30375000,30375100,582,969,30390000,21996
2,2026,30390000,30390100,582,969,30405000,22010
2,2027,30405000,30405100,582,969,30420000,22017
2,2028,30420000,30420100,582,969,30435000,22029
2,2029,30435000,30435100,582,969,30450000,22038
2,203,3045000,3045100,582,969,3060000,2205
2,2030,30450000,30450100,582,969,30465000,22052
2,2031,30465000,30465100,582,969,30480000,22061
2,2032,30480000,30480100,582,969,30495000,22072
2,2033,30495000,30495100,582,969,30510000,22083
2,2034,30510000,30510100,582,969,30525000,22095
2,2035,30525000,30525100,582,969,30540000,22104
2,2036,30540000,30540100,582,969,30555000,22117
2,2037,30555000,30555100,582,969,30570000,22126
2,2038,30570000,30570100,582,969,30585000,22139
2,2039,30585000,30585100,582,969,30600000,22146
2,204,3060000,3060100,582,969,3075000,2215
2,2040,30600000,30600100,582,969,30615000,22160
2,2041,30615000,30615100,582,969,30630000,22170
2,2042,30630000,30630100,582,969,30645000,22182
2,2043,30645000,30645100,582,969,30660000,22191
2,2044,30660000,30660100,582,969,30675000,22202
2,2045,30675000,30675100,582,969,30690000,22213
2,2046,30690000,30690100,582,969,30705000,22227
2,2047,30705000,30705100,582,969,30720000,22233
2,2048,30720000,30720100,582,969,30735000,22247
2,2049,30735000,30735100,582,969,30750000,22256
2,205,3075000,3075100,582,969,3090000,2228
2,2050,30750000,30750100,582,969,30765000,22270
2,2051,30765000,30765100,582,969,30780000,22278
2,2052,30780000,30780100,582,969,30795000,22288
2,2053,30795000,30795100,582,969,30810000,22302
2,2054,30810000,30810100,582,969,30825000,22312
2,2055,30825000,30825100,582,969,30840000,22320
2,2056,30840000,30840100,582,969,30855000,22334
2,2057,30855000,30855100,582,969,30870000,22343
2,2058,30870000,30870100,582,969,30885000,22357
2,2059,30885000,30885100,582,969,30900000,22363
2,206,3090000,3090100,582,969,3105000,2241
2,2060,30900000,30900100,582,969,30915000,22377
2,2061,30915000,30915100,582,969,30930000,22388
2,2062,30930000,30930100,582,969,30945000,22399
2,2063,30945000,30945100,582,969,30960000,22408
2,2064,30960000,30960100,582,969,30975000,22420
2,2065,30975000,30975100,582,969,30990000,22430
2,2066,30990000,30990100,582,969,31005000,22444
2,2067,31005000,31005100,582,969,31020000,22451
2,2068,31020000,31020100,582,969,31035000,22464
2,2069,31035000,31035100,582,969,31050000,22473
2,207,3105000,3105100,582,969,3120000,2247
2,2070,31050000,31050100,582,969,31065000,22486
2,2071,31065000,31065100,582,969,31080000,22495
2,2072,31080000,31080100,582,969,31095000,22507
2,2073,31095000,31095100,582,969,31110000,22518
2,2074,31110000,31110100,582,969,31125000,22529
2,2075,31125000,31125100,582,969,31140000,22538
2,2076,31140000,31140100,582,969,31155000,22552
2,2077,31155000,31155100,582,969,31170000,22561
2,2078,31170000,31170100,582,969,31185000,22573
2,2079,31185000,31185100,582,969,31200000,22580
2,208,3120000,3120100,582,969,3135000,2260
2,2080,31200000,31200100,582,969,31215000,22594
2,2081,31215000,31215100,582,969,31230000,22605
2,2082,31230000,31230100,582,969,31245000,22617
2,2083,31245000,31245100,582,969,31260000,22626
2,2084,31260000,31260100,582,969,31275000,22636
2,2085,31275000,31275100,582,969,31290000,22647
2,2086,31290000,31290100,582,969,31305000,22662
2,2087,31305000,31305100,582,969,31320000,22668
2,2088,31320000,31320100,582,969,31335000,22681
2,2089,31335000,31335100,582,969,31350000,22689
2,209,3135000,3135100,582,969,3150000,2269
2,2090,31350000,31350100,582,969,31365000,22705
2,2091,31365000,31365100,582,969,31380000,22713
2,2092,31380000,31380100,582,969,31395000,22723
2,2093,31395000,31395100,582,969,31410000,22736
2,2094,31410000,31410100,582,969,31425000,22746
2,2095,31425000,31425100,582,969,31440000,22755
2,2096,31440000,31440100,582,969,31455000,22769
2,2097,31455000,31455100,582,969,31470000,22778
2,2098,31470000,31470100,582,969,31485000,22791
2,2099,31485000,31485100,582,969,31500000,22797
2,21,315000,315100,582,969,330000,229
2,210,3150000,3150100,582,969,3165000,2284
2,2100,31500000,31500100,582,969,31515000,22811
2,2101,31515000,31515100,582,969,31530000,22823
2,2102,31530000,31530100,582,969,31545000,22833
2,2103,31545000,31545100,582,969,31560000,22842
2,2104,31560000,31560100,582,969,31575000,22855
2,2105,31575000,31575100,582,969,31590000,22865
2,2106,31590000,31590100,582,969,31605000,22879
2,2107,31605000,31605100,582,969,31620000,22885
2,2108,31620000,31620100,582,969,31635000,22898
2,2109,31635000,31635100,582,969,31650000,22908
2,211,3165000,3165100,582,969,3180000,2292
2,2110,31650000,31650100,582,969,31665000,22921
2,2111,31665000,31665100,582,969,31680000,22929
2,2112,31680000,31680100,582,969,31695000,22941
2,2113,31695000,31695100,582,969,31710000,22952
2,2114,31710000,31710100,582,969,31725000,22964
2,2115,31725000,31725100,582,969,31740000,22973
2,2116,31740000,31740100,582,969,31755000,22986
2,2117,31755000,31755100,582,969,31770000,22995
2,2118,31770000,31770100,582,969,31785000,23008
2,2119,31785000,31785100,582,969,31800000,23015
2,212,3180000,3180100,582,969,3195000,2303
2,2120,31800000,31800100,582,969,31815000,23029
2,2121,31815000,31815100,582,969,31830000,23039
2,2122,31830000,31830100,582,969,31845000,23050
2,2123,31845000,31845100,582,969,31860000,23061
2,2124,31860000,31860100,582,969,31875000,23071
2,2125,31875000,31875100,582,969,31890000,23082
2,2126,31890000,31890100,582,969,31905000,23096
2,2127,31905000,31905100,582,969,31920000,23102
2,2128,31920000,31920100,582,969,31935000,23116
2,2129,31935000,31935100,582,969,31950000,23124
2,213,3195000,3195100,582,969,3210000,2315
2,2130,31950000,31950100,582,969,31965000,23139
2,2131,31965000,31965100,582,969,31980000,23147
2,2132,31980000,31980100,582,969,31995000,23158
2,2133,31995000,31995100,582,969,32010000,23170
2,2134,32010000,32010100,582,969,32025000,23181
2,2135,32025000,32025100,582,969,32040000,23189
2,2136,32040000,32040100,582,969,32055000,23203
2,2137,32055000,32055100,582,969,32070000,23213
2,2138,32070000,32070100,582,969,32085000,23226
2,2139,32085000,32085100,582,969,32100000,23232
2,214,3210000,3210100,582,969,3225000,2326
2,2140,32100000,32100100,582,969,32115000,23245
2,2141,32115000,32115100,582,969,32130000,23257
2,2142,32130000,32130100,582,969,32145000,23268
2,2143,32145000,32145100,582,969,32160000,23277
2,2144,32160000,32160100,582,969,32175000,23288
2,2145,32175000,32175100,582,969,32190000,23299
2,2146,32190000,32190100,582,969,32205000,23314
2,2147,32205000,32205100,582,969,32220000,23320
2,2148,32220000,32220100,582,969,32235000,23333
2,2149,32235000,32235100,582,969,32250000,23342
2,215,3225000,3225100,582,969,3240000,2334
2,2150,32250000,32250100,582,969,32265000,23355
2,2151,32265000,32265100,582,969,32280000,23364
2,2152,32280000,32280100,582,969,32295000,23376
2,2153,32295000,32295100,582,969,32310000,23387
2,2154,32310000,32310100,582,969,32325000,23398
2,2155,32325000,32325100,582,969,32340000,23406
2,2156,32340000,32340100,582,969,32355000,23421
2,2157,32355000,32355100,582,969,32370000,23430
2,2158,32370000,32370100,582,969,32385000,23442
2,2159,32385000,32385100,582,969,32400000,23449
2,216,3240000,3240100,582,969,3255000,2349
2,2160,32400000,32400100,582,969,32415000,23464
2,2161,32415000,32415100,582,969,32430000,23474
2,2162,32430000,32430100,582,969,32445000,23485
2,2163,32445000,32445100,582,969,32460000,23495
2,2164,32460000,32460100,582,969,32475000,23505
2,2165,32475000,32475100,582,969,32490000,23517
2,2166,32490000,32490100,582,969,32505000,23530
2,2167,32505000,32505100,582,969,32520000,23537
2,2168,32520000,32520100,582,969,32535000,23550
2,2169,32535000,32535100,582,969,32550000,23558
2,217,3255000,3255100,582,969,3270000,2357
2,2170,32550000,32550100,582,969,32565000,23574
2,2171,32565000,32565100,582,969,32580000,23582
2,2172,32580000,32580100,582,969,32595000,23592
2,2173,32595000,32595100,582,969,32610000,23604
2,2174,32610000,32610100,582,969,32625000,23616
2,2175,32625000,32625100,582,969,32640000,23624
2,2176,32640000,32640100,582,969,32655000,23638
2,2177,32655000,32655100,582,969,32670000,23646
2,2178,32670000,32670100,582,969,32685000,23660
2,2179,32685000,32685100,582,969,32700000,23667
2,218,3270000,3270100,582,969,3285000,2370
2,2180,32700000,32700100,582,969,32715000,23680
2,2181,32715000,32715100,582,969,32730000,23692
2,2182,32730000,32730100,582,969,32745000,23702
2,2183,32745000,32745100,582,969,32760000,23711
2,2184,32760000,32760100,582,969,32775000,23723
2,2185,32775000,32775100,582,969,32790000,23734
2,2186,32790000,32790100,582,969,32805000,23748
2,2187,32805000,32805100,582,969,32820000,23754
2,2188,32820000,32820100,582,969,32835000,23767
2,2189,32835000,32835100,582,969,32850000,23777
2,219,3285000,3285100,582,969,3300000,2377
2,2190,32850000,32850100,582,969,32865000,23790
2,2191,32865000,32865100,582,969,32880000,23798
2,2192,32880000,32880100,582,969,32895000,23810
2,2193,32895000,32895100,582,969,32910000,23822
2,2194,32910000,32910100,582,969,32925000,23833
2,2195,32925000,32925100,582,969,32940000,23841
2,2196,32940000,32940100,582,969,32955000,23855
2,2197,32955000,32955100,582,969,32970000,23864
2,2198,32970000,32970100,582,969,32985000,23877
2,2199,32985000,32985100,582,969,33000000,23883
2,22,330000,330100,582,969,345000,240
2,220,3300000,3300100,582,969,3315000,2391
2,2200,33000000,33000100,582,969,33015000,23898
2,2201,33015000,33015100,582,969,33030000,23908
2,2202,33030000,33030100,582,969,33045000,23920
2,2203,33045000,33045100,582,969,33060000,23930
2,2204,33060000,33060100,582,969,33075000,23940
2,2205,33075000,33075100,582,969,33090000,23951
2,2206,33090000,33090100,582,969,33105000,23964
2,2207,33105000,33105100,582,969,33120000,23972
2,2208,33120000,33120100,582,969,33135000,23985
2,2209,33135000,33135100,582,969,33150000,23993
2,221,3315000,3315100,582,969,3330000,2402
2,2210,33150000,33150100,582,969,33165000,24007
2,2211,33165000,33165100,582,969,33180000,24016
2,2212,33180000,33180100,582,969,33195000,24027
2,2213,33195000,33195100,582,969,33210000,24039
2,2214,33210000,33210100,582,969,33225000,24050
2,2215,33225000,33225100,582,969,33240000,24058
2,2216,33240000,33240100,582,969,33255000,24073
2,2217,33255000,33255100,582,969,33270000,24081
2,2218,33270000,33270100,582,969,33285000,24095
2,2219,33285000,33285100,582,969,33300000,24101
2,222,3330000,3330100,582,969,3345000,2412
2,2220,33300000,33300100,582,969,33315000,24114
2,2221,33315000,33315100,582,969,33330000,24126
2,2222,33330000,33330100,582,969,33345000,24137
2,2223,33345000,33345100,582,969,33360000,24146
2,2224,33360000,33360100,582,969,33375000,24157
2,2225,33375000,33375100,582,969,33390000,24168
2,2226,33390000,33390100,582,969,33405000,24183
2,2227,33405000,33405100,582,969,33420000,24189
2,2228,33420000,33420100,582,969,33435000,24201
2,2229,33435000,33435100,582,969,33450000,24211
2,223,3345000,3345100,582,969,3360000,2422
2,2230,33450000,33450100,582,969,33465000,24225
2,2231,33465000,33465100,582,969,33480000,24233
2,2232,33480000,33480100,582,969,33495000,24244
2,2233,33495000,33495100,582,969,33510000,24256
2,2234,33510000,33510100,582,969,33525000,24267
2,2235,33525000,33525100,582,969,33540000,24276
2,2236,33540000,33540100,582,969,33555000,24290
2,2237,33555000,33555100,582,969,33570000,24299
2,2238,33570000,33570100,582,969,33585000,24311
2,2239,33585000,33585100,582,969,33600000,24317
2,224,3360000,3360100,582,969,3375000,2434
2,2240,33600000,33600100,582,969,33615000,24333
2,2241,33615000,33615100,582,969,33630000,24343
2,2242,33630000,33630100,582,969,33645000,24354
2,2243,33645000,33645100,582,969,33660000,24363
2,2244,33660000,33660100,582,969,33675000,24375
2,2245,33675000,33675100,582,969,33690000,24386
2,2246,33690000,33690100,582,969,33705000,24399
2,2247,33705000,33705100,582,969,33720000,24406
2,2248,33720000,33720100,582,969,33735000,24419
2,2249,33735000,33735100,582,969,33750000,24428
2,225,3375000,3375100,582,969,3390000,2444
2,2250,33750000,33750100,582,969,33765000,24442
2,2251,33765000,33765100,582,969,33780000,24451
2,2252,33780000,33780100,582,969,33795000,24461
2,2253,33795000,33795100,582,969,33810000,24473
2,2254,33810000,33810100,582,969,33825000,24484
2,2255,33825000,33825100,582,969,33840000,24493
2,2256,33840000,33840100,582,969,33855000,24507
2,2257,33855000,33855100,582,969,33870000,24515
2,2258,33870000,33870100,582,969,33885000,24530
2,2259,33885000,33885100,582,969,33900000,24536
2,226,3390000,3390100,582,969,3405000,2458
2,2260,33900000,33900100,582,969,33915000,24549
2,2261,33915000,33915100,582,969,33930000,24560
2,2262,33930000,33930100,582,969,33945000,24571
2,2263,33945000,33945100,582,969,33960000,24581
2,2264,33960000,33960100,582,969,33975000,24592
2,2265,33975000,33975100,582,969,33990000,24602
2,2266,33990000,33990100,582,969,34005000,24617
2,2267,34005000,34005100,582,969,34020000,24623
2,2268,34020000,34020100,582,969,34035000,24636
2,2269,34035000,34035100,582,969,34050000,24646
2,227,3405000,3405100,582,969,3420000,2465
2,2270,34050000,34050100,582,969,34065000,24659
2,2271,34065000,34065100,582,969,34080000,24667
2,2272,34080000,34080100,582,969,34095000,24679
2,2273,34095000,34095100,582,969,34110000,24691
2,2274,34110000,34110100,582,969,34125000,24702
2,2275,34125000,34125100,582,969,34140000,24710
2,2276,34140000,34140100,582,969,34155000,24723
2,2277,34155000,34155100,582,969,34170000,24734
2,2278,34170000,34170100,582,969,34185000,24746
2,2279,34185000,34185100,582,969,34200000,24752
2,228,3420000,3420100,582,969,3435000,2478
2,2280,34200000,34200100,582,969,34215000,24767
2,2281,34215000,34215100,582,969,34230000,24777
2,2282,34230000,34230100,582,969,34245000,24789
2,2283,34245000,34245100,582,969,34260000,24798
2,2284,34260000,34260100,582,969,34275000,24809
2,2285,34275000,34275100,582,969,34290000,24820
2,2286,34290000,34290100,582,969,34305000,24834
2,2287,34305000,34305100,582,969,34320000,24840
2,2288,34320000,34320100,582,969,34335000,24854
2,2289,34335000,34335100,582,969,34350000,24862
2,229,3435000,3435100,582,969,3450000,2487
2,2290,34350000,34350100,582,969,34365000,24876
2,2291,34365000,34365100,582,969,34380000,24886
2,2292,34380000,34380100,582,969,34395000,24896
2,2293,34395000,34395100,582,969,34410000,24908
2,2294,34410000,34410100,582,969,34425000,24918
2,2295,34425000,34425100,582,969,34440000,24927
2,2296,34440000,34440100,582,969,34455000,24942
2,2297,34455000,34455100,582,969,34470000,24950
2,2298,34470000,34470100,582,969,34485000,24963
2,2299,34485000,34485100,582,969,34500000,24970
2,23,345000,345100,582,969,360000,250
2,230,3450000,3450100,582,969,3465000,2500
2,2300,34500000,34500100,582,969,34515000,24984
2,2301,34515000,34515100,582,969,34530000,24995
2,2302,34530000,34530100,582,969,34545000,25006
2,2303,34545000,34545100,582,969,34560000,25015
2,2304,34560000,34560100,582,969,34575000,25026
2,2305,34575000,34575100,582,969,34590000,25037
2,2306,34590000,34590100,582,969,34605000,25052
2,2307,34605000,34605100,582,969,34620000,25058
2,2308,34620000,34620100,582,969,34635000,25070
2,2309,34635000,34635100,582,969,34650000,25079
2,231,3465000,3465100,582,969,3480000,2509
2,2310,34650000,34650100,582,969,34665000,25094
2,2311,34665000,34665100,582,969,34680000,25102
2,2312,34680000,34680100,582,969,34695000,25113
2,2313,34695000,34695100,582,969,34710000,25125
2,2314,34710000,34710100,582,969,34725000,25137
2,2315,34725000,34725100,582,969,34740000,25145
2,2316,34740000,34740100,582,969,34755000,25158
2,2317,34755000,34755100,582,969,34770000,25168
2,2318,34770000,34770100,582,969,34785000,25180
2,2319,34785000,34785100,582,969,34800000,25187
2,232,3480000,3480100,582,969,3495000,2520
2,2320,34800000,34800100,582,969,34815000,25201
2,2321,34815000,34815100,582,969,34830000,25212
2,2322,34830000,34830100,582,969,34845000,25223
2,2323,34845000,34845100,582,969,34860000,25232
2,2324,34860000,34860100,582,969,34875000,25244
2,2325,34875000,34875100,582,969,34890000,25255
2,2326,34890000,34890100,582,969,34905000,25268
2,2327,34905000,34905100,582,969,34920000,25274
2,2328,34920000,34920100,582,969,34935000,25289
2,2329,34935000,34935100,582,969,34950000,25297
2,233,3495000,3495100,582,969,3510000,2532
2,2330,34950000,34950100,582,969,34965000,25311
2,2331,34965000,34965100,582,969,34980000,25319
2,2332,34980000,34980100,582,969,34995000,25330
2,2333,34995000,34995100,582,969,35010000,25343
2,2334,35010000,35010100,582,969,35025000,25353
2,2335,35025000,35025100,582,969,35040000,25362
2,2336,35040000,35040100,582,969,35055000,25376
2,2337,35055000,35055100,582,969,35070000,25384
2,2338,35070000,35070100,582,969,35085000,25398
2,2339,35085000,35085100,582,969,35100000,25405
2,234,3510000,3510100,582,969,3525000,2544
2,2340,35100000,35100100,582,969,35115000,25418
2,2341,35115000,35115100,582,969,35130000,25429
2,2342,35130000,35130100,582,969,35145000,25440
2,2343,35145000,35145100,582,969,35160000,25450
2,2344,35160000,35160100,582,969,35175000,25461
2,2345,35175000,35175100,582,969,35190000,25471
2,2346,35190000,35190100,582,969,35205000,25486
2,2347,35205000,35205100,582,969,35220000,25493
2,2348,35220000,35220100,582,969,35235000,25505
2,2349,35235000,35235100,582,969,35250000,25514
2,235,3525000,3525100,582,969,3540000,2552
2,2350,35250000,35250100,582,969,35265000,25528
2,2351,35265000,35265100,582,969,35280000,25536
2,2352,35280000,35280100,582,969,35295000,25548
2,2353,35295000,35295100,582,969,35310000,25559
2,2354,35310000,35310100,582,969,35325000,25571
2,2355,35325000,35325100,582,969,35340000,25579
2,2356,35340000,35340100,582,969,35355000,25593
2,2357,35355000,35355100,582,969,35370000,25603
2,2358,35370000,35370100,582,969,35385000,25615
2,2359,35385000,35385100,582,969,35400000,25621
2,236,3540000,3540100,582,969,3555000,2565
2,2360,35400000,35400100,582,969,35415000,25635
2,2361,35415000,35415100,582,969,35430000,25647
2,2362,35430000,35430100,582,969,35445000,25658
2,2363,35445000,35445100,582,969,35460000,25667
2,2364,35460000,35460100,582,969,35475000,25677
2,2365,35475000,35475100,582,969,35490000,25689
2,2366,35490000,35490100,582,969,35505000,25703
2,2367,35505000,35505100,582,969,35520000,25709
2,2368,35520000,35520100,582,969,35535000,25723
2,2369,35535000,35535100,582,969,35550000,25731
2,237,3555000,3555100,582,969,3570000,2574
2,2370,35550000,35550100,582,969,35565000,25746
2,2371,35565000,35565100,582,969,35580000,25754
2,2372,35580000,35580100,582,969,35595000,25765
2,2373,35595000,35595100,582,969,35610000,25777
2,2374,35610000,35610100,582,969,35625000,25787
2,2375,35625000,35625100,582,969,35640000,25796
2,2376,35640000,35640100,582,969,35655000,25811
2,2377,35655000,35655100,582,969,35670000,25819
2,2378,35670000,35670100,582,969,35685000,25832
2,2379,35685000,35685100,582,969,35700000,25839
2,238,3570000,3570100,582,969,3585000,2588
2,2380,35700000,35700100,582,969,35715000,25853
2,2381,35715000,35715100,582,969,35730000,25864
2,2382,35730000,35730100,582,969,35745000,25874
2,2383,35745000,35745100,582,969,35760000,25884
2,2384,35760000,35760100,582,969,35775000,25896
2,2385,35775000,35775100,582,969,35790000,25906
2,2386,35790000,35790100,582,969,35805000,25920
2,2387,35805000,35805100,582,969,35820000,25927
2,2388,35820000,35820100,582,969,35835000,25939
2,2389,35835000,35835100,582,969,35850000,25949
2,239,3585000,3585100,582,969,3600000,2594
2,2390,35850000,35850100,582,969,35865000,25963
2,2391,35865000,35865100,582,969,35880000,25971
2,2392,35880000,35880100,582,969,35895000,25982
2,2393,35895000,35895100,582,969,35910000,25993
2,2394,35910000,35910100,582,969,35925000,26006
2,2395,35925000,35925100,582,969,35940000,26014
2,2396,35940000,35940100,582,969,35955000,26027
2,2397,35955000,35955100,582,969,35970000,26036
2,2398,35970000,35970100,582,969,35985000,26050
2,2399,35985000,35985100,582,969,36000000,26056
2,24,360000,360100,582,969,375000,261
2,240,3600000,3600100,582,969,3615000,2608
2,2400,36000000,36000100,582,969,36015000,26070
2,2401,36015000,36015100,582,969,36030000,26081
2,2402,36030000,36030100,582,969,36045000,26092
2,2403,36045000,36045100,582,969,36060000,26102
2,2404,36060000,36060100,582,969,36075000,26112
2,2405,36075000,36075100,582,969,36090000,26124
2,2406,36090000,36090100,582,969,36105000,26137
2,2407,36105000,36105100,582,969,36120000,26143
2,2408,36120000,36120100,582,969,36135000,26157
2,2409,36135000,36135100,582,969,36150000,26166
2,241,3615000,3615100,582,969,3630000,2618
2,2410,36150000,36150100,582,969,36165000,26180
2,2411,36165000,36165100,582,969,36180000,26188
2,2412,36180000,36180100,582,969,36195000,26200
2,2413,36195000,36195100,582,969,36210000,26212
2,2414,36210000,36210100,582,969,36225000,26222
2,2415,36225000,36225100,582,969,36240000,26230
2,2416,36240000,36240100,582,969,36255000,26245
2,2417,36255000,36255100,582,969,36270000,26254
2,2418,36270000,36270100,582,969,36285000,26267
2,2419,36285000,36285100,582,969,36300000,26273
2,242,3630000,3630100,582,969,3645000,2631
2,2420,36300000,36300100,582,969,36315000,26287
2,2421,36315000,36315100,582,969,36330000,26298
2,2422,36330000,36330100,582,969,36345000,26309
2,2423,36345000,36345100,582,969,36360000,26319
2,2424,36360000,36360100,582,969,36375000,26330
2,2425,36375000,36375100,582,969,36390000,26340
2,2426,36390000,36390100,582,969,36405000,26355
2,2427,36405000,36405100,582,969,36420000,26362
2,2428,36420000,36420100,582,969,36435000,26374
2,2429,36435000,36435100,582,969,36450000,26383
2,243,3645000,3645100,582,969,3660000,2640
2,2430,36450000,36450100,582,969,36465000,26396
2,2431,36465000,36465100,582,969,36480000,26406
2,2432,36480000,36480100,582,969,36495000,26417
2,2433,36495000,36495100,582,969,36510000,26428
2,2434,36510000,36510100,582,969,36525000,26440
2,2435,36525000,36525100,582,969,36540000,26448
2,2436,36540000,36540100,582,969,36555000,26462
2,2437,36555000,36555100,582,969,36570000,26471
2,2438,36570000,36570100,582,969,36585000,26484
2,2439,36585000,36585100,582,969,36600000,26490
2,244,3660000,3660100,582,969,3675000,2650
2,2440,36600000,36600100,582,969,36615000,26505
2,2441,36615000,36615100,582,969,36630000,26515
2,2442,36630000,36630100,582,969,36645000,26527
2,2443,36645000,36645100,582,969,36660000,26536
2,2444,36660000,36660100,582,969,36675000,26546
2,2445,36675000,36675100,582,969,36690000,26559
2,2446,36690000,36690100,582,969,36705000,26572
2,2447,36705000,36705100,582,969,36720000,26578
2,2448,36720000,36720100,582,969,36735000,26591
2,2449,36735000,36735100,582,969,36750000,26600
2,245,3675000,3675100,582,969,3690000,2662
2,2450,36750000,36750100,582,969,36765000,26615
2,2451,36765000,36765100,582,969,36780000,26623
2,2452,36780000,36780100,582,969,36795000,26633
2,2453,36795000,36795100,582,969,36810000,26646
2,2454,36810000,36810100,582,969,36825000,26657
2,2455,36825000,36825100,582,969,36840000,26665
2,2456,36840000,36840100,582,969,36855000,26680
2,2457,36855000,36855100,582,969,36870000,26688
2,2458,36870000,36870100,582,969,36885000,26701
2,2459,36885000,36885100,582,969,36900000,26708
2,246,3690000,3690100,582,969,3705000,2675
2,2460,36900000,36900100,582,969,36915000,26722
2,2461,36915000,36915100,582,969,36930000,26733
2,2462,36930000,36930100,582,969,36945000,26743
2,2463,36945000,36945100,582,969,36960000,26752
2,2464,36960000,36960100,582,969,36975000,26765
2,2465,36975000,36975100,582,969,36990000,26775
2,2466,36990000,36990100,582,969,37005000,26789
2,2467,37005000,37005100,582,969,37020000,26796
2,2468,37020000,37020100,582,969,37035000,26809
2,2469,37035000,37035100,582,969,37050000,26818
2,247,3705000,3705100,582,969,3720000,2682
2,2470,37050000,37050100,582,969,37065000,26831
2,2471,37065000,37065100,582,969,37080000,26840
2,2472,37080000,37080100,582,969,37095000,26851
2,2473,37095000,37095100,582,969,37110000,26863
2,2474,37110000,37110100,582,969,37125000,26874
2,2475,37125000,37125100,582,969,37140000,26883
2,2476,37140000,37140100,582,969,37155000,26896
2,2477,37155000,37155100,582,969,37170000,26905
2,2478,37170000,37170100,582,969,37185000,26919
2,2479,37185000,37185100,582,969,37200000,26925
2,248,3720000,3720100,582,969,3735000,2695
2,2480,37200000,37200100,582,969,37215000,26939
2,2481,37215000,37215100,582,969,37230000,26949
2,2482,37230000,37230100,582,969,37245000,26962
2,2483,37245000,37245100,582,969,37260000,26971
2,2484,37260000,37260100,582,969,37275000,26981
2,2485,37275000,37275100,582,969,37290000,26992
2,2486,37290000,37290100,582,969,37305000,27006
2,2487,37305000,37305100,582,969,37320000,27013
2,2488,37320000,37320100,582,969,37335000,27026
2,2489,37335000,37335100,582,969,37350000,27035
2,249,3735000,3735100,582,969,3750000,2704
2,2490,37350000,37350100,582,969,37365000,27049
2,2491,37365000,37365100,582,969,37380000,27057
2,2492,37380000,37380100,582,969,37395000,27068
2,2493,37395000,37395100,582,969,37410000,27081
2,2494,37410000,37410100,582,969,37425000,27091
2,2495,37425000,37425100,582,969,37440000,27099
2,2496,37440000,37440100,582,969,37455000,27114
2,2497,37455000,37455100,582,969,37470000,27123
2,2498,37470000,37470100,582,969,37485000,27136
2,2499,37485000,37485100,582,969,37500000,27142
2,25,375000,375100,582,969,390000,272
2,250,3750000,3750100,582,969,3765000,2718
2,2500,37500000,37500100,582,969,37515000,27156
2,2501,37515000,37515100,582,969,37530000,27168
2,2502,37530000,37530100,582,969,37545000,27178
2,2503,37545000,37545100,582,969,37560000,27187
2,2504,37560000,37560100,582,969,37575000,27199
2,2505,37575000,37575100,582,969,37590000,27209
2,2506,37590000,37590100,582,969,37605000,27224
2,2507,37605000,37605100,582,969,37620000,27230
2,2508,37620000,37620100,582,969,37635000,27243
2,2509,37635000,37635100,582,969,37650000,27252
2,251,3765000,3765100,582,969,3780000,2726
2,2510,37650000,37650100,582,969,37665000,27266
2,2511,37665000,37665100,582,969,37680000,27275
2,2512,37680000,37680100,582,969,37695000,27286
2,2513,37695000,37695100,582,969,37710000,27297
2,2514,37710000,37710100,582,969,37725000,27308
2,2515,37725000,37725100,582,969,37740000,27318
2,2516,37740000,37740100,582,969,37755000,27331
2,2517,37755000,37755100,582,969,37770000,27340
2,2518,37770000,37770100,582,969,37785000,27352
2,2519,37785000,37785100,582,969,37800000,27359
2,252,3780000,3780100,582,969,3795000,2737
2,2520,37800000,37800100,582,969,37815000,27374
2,2521,37815000,37815100,582,969,37830000,27384
2,2522,37830000,37830100,582,969,37845000,27396
2,2523,37845000,37845100,582,969,37860000,27405
2,2524,37860000,37860100,582,969,37875000,27416
2,2525,37875000,37875100,582,969,37890000,27427
2,2526,37890000,37890100,582,969,37905000,27441
2,2527,37905000,37905100,582,969,37920000,27447
2,2528,37920000,37920100,582,969,37935000,27460
2,2529,37935000,37935100,582,969,37950000,27469
2,253,3795000,3795100,582,969,3810000,2750
2,2530,37950000,37950100,582,969,37965000,27484
2,2531,37965000,37965100,582,969,37980000,27492
2,2532,37980000,37980100,582,969,37995000,27502
2,2533,37995000,37995100,582,969,38010000,27515
2,2534,38010000,38010100,582,969,38025000,27526
2,2535,38025000,38025100,582,969,38040000,27534
2,2536,38040000,38040100,582,969,38055000,27548
2,2537,38055000,38055100,582,969,38070000,27557
2,2538,38070000,38070100,582,969,38085000,27571
2,2539,38085000,38085100,582,969,38100000,27577
2,254,3810000,3810100,582,969,3825000,2760
2,2540,38100000,38100100,582,969,38115000,27590
2,2541,38115000,38115100,582,969,38130000,27602
2,2542,38130000,38130100,582,969,38145000,27612
2,2543,38145000,38145100,582,969,38160000,27622
2,2544,38160000,38160100,582,969,38175000,27634
2,2545,38175000,38175100,582,969,38190000,27644
2,2546,38190000,38190100,582,969,38205000,27658
2,2547,38205000,38205100,582,969,38220000,27664
2,2548,38220000,38220100,582,969,38235000,27678
2,2549,38235000,38235100,582,969,38250000,27687
2,255,3825000,3825100,582,969,3840000,2768
2,2550,38250000,38250100,582,969,38265000,27700
2,2551,38265000,38265100,582,969,38280000,27708
2,2552,38280000,38280100,582,969,38295000,27721
2,2553,38295000,38295100,582,969,38310000,27732
2,2554,38310000,38310100,582,969,38325000,27743
2,2555,38325000,38325100,582,969,38340000,27752
2,2556,38340000,38340100,582,969,38355000,27765
2,2557,38355000,38355100,582,969,38370000,27775
2,2558,38370000,38370100,582,969,38385000,27787
2,2559,38385000,38385100,582,969,38400000,27794
2,256,3840000,3840100,582,969,3855000,2784
2,2560,38400000,38400100,582,969,38415000,27808
2,2561,38415000,38415100,582,969,38430000,27818
2,2562,38430000,38430100,582,969,38445000,27830
2,2563,38445000,38445100,582,969,38460000,27840
2,2564,38460000,38460100,582,969,38475000,27850
2,2565,38475000,38475100,582,969,38490000,27861
2,2566,38490000,38490100,582,969,38505000,27876
2,2567,38505000,38505100,582,969,38520000,27882
2,2568,38520000,38520100,582,969,38535000,27895
2,2569,38535000,38535100,582,969,38550000,27903
2,257,3855000,3855100,582,969,3870000,2792
2,2570,38550000,38550100,582,969,38565000,27918
2,2571,38565000,38565100,582,969,38580000,27927
2,2572,38580000,38580100,582,969,38595000,27937
2,2573,38595000,38595100,582,969,38610000,27949
2,2574,38610000,38610100,582,969,38625000,27960
2,2575,38625000,38625100,582,969,38640000,27968
2,2576,38640000,38640100,582,969,38655000,27983
2,2577,38655000,38655100,582,969,38670000,27992
2,2578,38670000,38670100,582,969,38685000,28005
2,2579,38685000,38685100,582,969,38700000,28011
2,258,3870000,3870100,582,969,3885000,2805
2,2580,38700000,38700100,582,969,38715000,28025
2,2581,38715000,38715100,582,969,38730000,28037
2,2582,38730000,38730100,582,969,38745000,28047
2,2583,38745000,38745100,582,969,38760000,28056
2,2584,38760000,38760100,582,969,38775000,28067
2,2585,38775000,38775100,582,969,38790000,28079
2,2586,38790000,38790100,582,969,38805000,28093
2,2587,38805000,38805100,582,969,38820000,28099
2,2588,38820000,38820100,582,969,38835000,28112
2,2589,38835000,38835100,582,969,38850000,28121
2,259,3885000,3885100,582,969,3900000,2811
2,2590,38850000,38850100,582,969,38865000,28135
2,2591,38865000,38865100,582,969,38880000,28143
2,2592,38880000,38880100,582,969,38895000,28155
2,2593,38895000,38895100,582,969,38910000,28166
2,2594,38910000,38910100,582,969,38925000,28178
2,2595,38925000,38925100,582,969,38940000,28186
2,2596,38940000,38940100,582,969,38955000,28200
2,2597,38955000,38955100,582,969,38970000,28209
2,2598,38970000,38970100,582,969,38985000,28221
2,2599,38985000,38985100,582,969,39000000,28229
2,26,390000,390100,582,969,405000,286
2,260,3900000,3900100,582,969,3915000,2825
2,2600,39000000,39000100,582,969,39015000,28243
2,2601,39015000,39015100,582,969,39030000,28253
2,2602,39030000,39030100,582,969,39045000,28264
2,2603,39045000,39045100,582,969,39060000,28274
2,2604,39060000,39060100,582,969,39075000,28285
2,2605,39075000,39075100,582,969,39090000,28296
2,2606,39090000,39090100,582,969,39105000,28309
2,2607,39105000,39105100,582,969,39120000,28316
2,2608,39120000,39120100,582,969,39135000,28330
2,2609,39135000,39135100,582,969,39150000,28338
2,261,3915000,3915100,582,969,3930000,2837
2,2610,39150000,39150100,582,969,39165000,28353
2,2611,39165000,39165100,582,969,39180000,28361
2,2612,39180000,39180100,582,969,39195000,28371
2,2613,39195000,39195100,582,969,39210000,28384
2,2614,39210000,39210100,582,969,39225000,28395
2,2615,39225000,39225100,582,969,39240000,28403
2,2616,39240000,39240100,582,969,39255000,28417
2,2617,39255000,39255100,582,969,39270000,28425
2,2618,39270000,39270100,582,969,39285000,28440
2,2619,39285000,39285100,582,969,39300000,28446
2,262,3930000,3930100,582,969,3945000,2847
2,2620,39300000,39300100,582,969,39315000,28459
2,2621,39315000,39315100,582,969,39330000,28471
2,2622,39330000,39330100,582,969,39345000,28482
2,2623,39345000,39345100,582,969,39360000,28491
2,2624,39360000,39360100,582,969,39375000,28502
2,2625,39375000,39375100,582,969,39390000,28513
2,2626,39390000,39390100,582,969,39405000,28527
2,2627,39405000,39405100,582,969,39420000,28534
2,2628,39420000,39420100,582,969,39435000,28546
2,2629,39435000,39435100,582,969,39450000,28556
2,263,3945000,3945100,582,969,3960000,2856
2,2630,39450000,39450100,582,969,39465000,28569
2,2631,39465000,39465100,582,969,39480000,28577
2,2632,39480000,39480100,582,969,39495000,28590
2,2633,39495000,39495100,582,969,39510000,28601
2,2634,39510000,39510100,582,969,39525000,28612
2,2635,39525000,39525100,582,969,39540000,28620
2,2636,39540000,39540100,582,969,39555000,28635
2,2637,39555000,39555100,582,969,39570000,28644
2,2638,39570000,39570100,582,969,39585000,28656
2,2639,39585000,39585100,582,969,39600000,28662
2,264,3960000,3960100,582,969,3975000,2868
2,2640,39600000,39600100,582,969,39615000,28677
2,2641,39615000,39615100,582,969,39630000,28688
2,2642,39630000,39630100,582,969,39645000,28699
2,2643,39645000,39645100,582,969,39660000,28709
2,2644,39660000,39660100,582,969,39675000,28719
2,2645,39675000,39675100,582,969,39690000,28730
2,2646,39690000,39690100,582,969,39705000,28744
2,2647,39705000,39705100,582,969,39720000,28751
2,2648,39720000,39720100,582,969,39735000,28764
2,2649,39735000,39735100,582,969,39750000,28772
2,265,3975000,3975100,582,969,3990000,2878
2,2650,39750000,39750100,582,969,39765000,28787
2,2651,39765000,39765100,582,969,39780000,28796
2,2652,39780000,39780100,582,969,39795000,28806
2,2653,39795000,39795100,582,969,39810000,28818
2,2654,39810000,39810100,582,969,39825000,28829
2,2655,39825000,39825100,582,969,39840000,28838
2,2656,39840000,39840100,582,969,39855000,28852
2,2657,39855000,39855100,582,969,39870000,28860
2,2658,39870000,39870100,582,969,39885000,28874
2,2659,39885000,39885100,582,969,39900000,28880
2,266,3990000,3990100,582,969,4005000,2893
2,2660,39900000,39900100,582,969,39915000,28894
2,2661,39915000,39915100,582,969,39930000,28905
2,2662,39930000,39930100,582,969,39945000,28916
2,2663,39945000,39945100,582,969,39960000,28925
2,2664,39960000,39960100,582,969,39975000,28937
2,2665,39975000,39975100,582,969,39990000,28948
2,2666,39990000,39990100,582,969,40005000,28962
2,2667,40005000,40005100,582,969,40020000,28968
2,2668,40020000,40020100,582,969,40035000,28980
2,2669,40035000,40035100,582,969,40050000,28991
2,267,4005000,4005100,582,969,4020000,2900
2,2670,40050000,40050100,582,969,40065000,29004
2,2671,40065000,40065100,582,969,40080000,29012
2,2672,40080000,40080100,582,969,40095000,29023
2,2673,40095000,40095100,582,969,40110000,29035
2,2674,40110000,40110100,582,969,40125000,29047
2,2675,40125000,40125100,582,969,40140000,29055
2,2676,40140000,40140100,582,969,40155000,29069
2,2677,40155000,40155100,582,969,40170000,29078
2,2678,40170000,40170100,582,969,40185000,29091
2,2679,40185000,40185100,582,969,40200000,29097
2,268,4020000,4020100,582,969,4035000,2912
2,2680,40200000,40200100,582,969,40215000,29112
2,2681,40215000,40215100,582,969,40230000,29122
2,2682,40230000,40230100,582,969,40245000,29133
2,2683,40245000,40245100,582,969,40260000,29143
2,2684,40260000,40260100,582,969,40275000,29154
2,2685,40275000,40275100,582,969,40290000,29165
2,2686,40290000,40290100,582,969,40305000,29178
2,2687,40305000,40305100,582,969,40320000,29185
2,2688,40320000,40320100,582,969,40335000,29199
2,2689,40335000,40335100,582,969,40350000,29207
2,269,4035000,4035100,582,969,4050000,2921
2,2690,40350000,40350100,582,969,40365000,29221
2,2691,40365000,40365100,582,969,40380000,29230
2,2692,40380000,40380100,582,969,40395000,29241
2,2693,40395000,40395100,582,969,40410000,29253
2,2694,40410000,40410100,582,969,40425000,29263
2,2695,40425000,40425100,582,969,40440000,29272
2,2696,40440000,40440100,582,969,40455000,29286
2,2697,40455000,40455100,582,969,40470000,29295
2,2698,40470000,40470100,582,969,40485000,29309
2,2699,40485000,40485100,582,969,40500000,29315
2,27,405000,405100,582,969,420000,292
2,270,4050000,4050100,582,969,4065000,2935
2,2700,40500000,40500100,582,969,40515000,29328
2,2701,40515000,40515100,582,969,40530000,29339
2,2702,40530000,40530100,582,969,40545000,29351
2,2703,40545000,40545100,582,969,40560000,29360
2,2704,40560000,40560100,582,969,40575000,29371
2,2705,40575000,40575100,582,969,40590000,29381
2,2706,40590000,40590100,582,969,40605000,29397
2,2707,40605000,40605100,582,969,40620000,29403
2,2708,40620000,40620100,582,969,40635000,29415
2,2709,40635000,40635100,582,969,40650000,29425
2,271,4065000,4065100,582,969,4080000,2944
2,2710,40650000,40650100,582,969,40665000,29438
2,2711,40665000,40665100,582,969,40680000,29447
2,2712,40680000,40680100,582,969,40695000,29458
2,2713,40695000,40695100,582,969,40710000,29470
2,2714,40710000,40710100,582,969,40725000,29481
2,2715,40725000,40725100,582,969,40740000,29489
2,2716,40740000,40740100,582,969,40755000,29503
2,2717,40755000,40755100,582,969,40770000,29513
2,2718,40770000,40770100,582,969,40785000,29525
2,2719,40785000,40785100,582,969,40800000,29531
2,272,4080000,4080100,582,969,4095000,2955
2,2720,40800000,40800100,582,969,40815000,29547
2,2721,40815000,40815100,582,969,40830000,29557
2,2722,40830000,40830100,582,969,40845000,29568
2,2723,40845000,40845100,582,969,40860000,29577
2,2724,40860000,40860100,582,969,40875000,29588
2,2725,40875000,40875100,582,969,40890000,29600
2,2726,40890000,40890100,582,969,40905000,29613
2,2727,40905000,40905100,582,969,40920000,29619
2,2728,40920000,40920100,582,969,40935000,29633
2,2729,40935000,40935100,582,969,40950000,29641
2,273,4095000,4095100,582,969,4110000,2966
2,2730,40950000,40950100,582,969,40965000,29656
2,2731,40965000,40965100,582,969,40980000,29665
2,2732,40980000,40980100,582,969,40995000,29675
2,2733,40995000,40995100,582,969,41010000,29687
2,2734,41010000,41010100,582,969,41025000,29698
2,2735,41025000,41025100,582,969,41040000,29707
2,2736,41040000,41040100,582,969,41055000,29721
2,2737,41055000,41055100,582,969,41070000,29729
2,2738,41070000,41070100,582,969,41085000,29742
2,2739,41085000,41085100,582,969,41100000,29750
2,274,4110000,4110100,582,969,4125000,2977
2,2740,41100000,41100100,582,969,41115000,29763
2,2741,41115000,41115100,582,969,41130000,29774
2,2742,41130000,41130100,582,969,41145000,29785
2,2743,41145000,41145100,582,969,41160000,29794
2,2744,41160000,41160100,582,969,41175000,29806
2,2745,41175000,41175100,582,969,41190000,29816
2,2746,41190000,41190100,582,969,41205000,29831
2,2747,41205000,41205100,582,969,41220000,29837
2,2748,41220000,41220100,582,969,41235000,29850
2,2749,41235000,41235100,582,969,41250000,29859
2,275,4125000,4125100,582,969,4140000,2987
2,2750,41250000,41250100,582,969,41265000,29873
2,2751,41265000,41265100,582,969,41280000,29881
2,2752,41280000,41280100,582,969,41295000,29892
2,2753,41295000,41295100,582,969,41310000,29905
2,2754,41310000,41310100,582,969,41325000,29916
2,2755,41325000,41325100,582,969,41340000,29924
2,2756,41340000,41340100,582,969,41355000,29937
2,2757,41355000,41355100,582,969,41370000,29947
2,2758,41370000,41370100,582,969,41385000,29960
2,2759,41385000,41385100,582,969,41400000,29966
2,276,4140000,4140100,582,969,4155000,3000
2,2760,41400000,41400100,582,969,41415000,29980
2,2761,41415000,41415100,582,969,41430000,29991
2,2762,41430000,41430100,582,969,41445000,30003
2,2763,41445000,41445100,582,969,41460000,30012
2,2764,41460000,41460100,582,969,41475000,30023
2,2765,41475000,41475100,582,969,41490000,30034
2,2766,41490000,41490100,582,969,41505000,30047
2,2767,41505000,41505100,582,969,41520000,30054
2,2768,41520000,41520100,582,969,41535000,30068
2,2769,41535000,41535100,582,969,41550000,30076
2,277,4155000,4155100,582,969,4170000,3009
2,2770,41550000,41550100,582,969,41565000,30090
2,2771,41565000,41565100,582,969,41580000,30098
2,2772,41580000,41580100,582,969,41595000,30110
2,2773,41595000,41595100,582,969,41610000,30122
2,2774,41610000,41610100,582,969,41625000,30132
2,2775,41625000,41625100,582,969,41640000,30141
2,2776,41640000,41640100,582,969,41655000,30156
2,2777,41655000,41655100,582,969,41670000,30164
2,2778,41670000,41670100,582,969,41685000,30177
2,2779,41685000,41685100,582,969,41700000,30184
2,278,4170000,4170100,582,969,4185000,3022
2,2780,41700000,41700100,582,969,41715000,30197
2,2781,41715000,41715100,582,969,41730000,30209
2,2782,41730000,41730100,582,969,41745000,30219
2,2783,41745000,41745100,582,969,41760000,30229
2,2784,41760000,41760100,582,969,41775000,30240
2,2785,41775000,41775100,582,969,41790000,30250
2,2786,41790000,41790100,582,969,41805000,30266
2,2787,41805000,41805100,582,969,41820000,30272
2,2788,41820000,41820100,582,969,41835000,30284
2,2789,41835000,41835100,582,969,41850000,30293
2,279,4185000,4185100,582,969,4200000,3028
2,2790,41850000,41850100,582,969,41865000,30308
2,2791,41865000,41865100,582,969,41880000,30316
2,2792,41880000,41880100,582,969,41895000,30327
2,2793,41895000,41895100,582,969,41910000,30338
2,2794,41910000,41910100,582,969,41925000,30350
2,2795,41925000,41925100,582,969,41940000,30359
2,2796,41940000,41940100,582,969,41955000,30372
2,2797,41955000,41955100,582,969,41970000,30382
2,2798,41970000,41970100,582,969,41985000,30394
2,2799,41985000,41985100,582,969,42000000,30400
2,28,420000,420100,582,969,435000,305
2,280,4200000,4200100,582,969,4215000,3043
2,2800,42000000,42000100,582,969,42015000,30415
2,2801,42015000,42015100,582,969,42030000,30426
2,2802,42030000,42030100,582,969,42045000,30437
2,2803,42045000,42045100,582,969,42060000,30446
2,2804,42060000,42060100,582,969,42075000,30457
2,2805,42075000,42075100,582,969,42090000,30469
2,2806,42090000,42090100,582,969,42105000,30482
2,2807,42105000,42105100,582,969,42120000,30488
2,2808,42120000,42120100,582,969,42135000,30502
2,2809,42135000,42135100,582,969,42150000,30511
2,281,4215000,4215100,582,969,4230000,3053
2,2810,42150000,42150100,582,969,42165000,30525
2,2811,42165000,42165100,582,969,42180000,30533
2,2812,42180000,42180100,582,969,42195000,30544
2,2813,42195000,42195100,582,969,42210000,30556
2,2814,42210000,42210100,582,969,42225000,30567
2,2815,42225000,42225100,582,969,42240000,30575
2,2816,42240000,42240100,582,969,42255000,30590
2,2817,42255000,42255100,582,969,42270000,30598
2,2818,42270000,42270100,582,969,42285000,30612
2,2819,42285000,42285100,582,969,42300000,30619
2,282,4230000,4230100,582,969,4245000,3065
2,2820,42300000,42300100,582,969,42315000,30632
2,2821,42315000,42315100,582,969,42330000,30643
2,2822,42330000,42330100,582,969,42345000,30653
2,2823,42345000,42345100,582,969,42360000,30664
2,2824,42360000,42360100,582,969,42375000,30675
2,2825,42375000,42375100,582,969,42390000,30685
2,2826,42390000,42390100,582,969,42405000,30699
2,2827,42405000,42405100,582,969,42420000,30706
2,2828,42420000,42420100,582,969,42435000,30719
2,2829,42435000,42435100,582,969,42450000,30728
2,283,4245000,4245100,582,969,4260000,3074
2,2830,42450000,42450100,582,969,42465000,30742
2,2831,42465000,42465100,582,969,42480000,30750
2,2832,42480000,42480100,582,969,42495000,30762
2,2833,42495000,42495100,582,969,42510000,30773
2,2834,42510000,42510100,582,969,42525000,30785
2,2835,42525000,42525100,582,969,42540000,30793
2,2836,42540000,42540100,582,969,42555000,30806
2,2837,42555000,42555100,582,969,42570000,30816
2,2838,42570000,42570100,582,969,42585000,30829
2,2839,42585000,42585100,582,969,42600000,30835
2,284,4260000,4260100,582,969,4275000,3085
2,2840,42600000,42600100,582,969,42615000,30849
2,2841,42615000,42615100,582,969,42630000,30860
2,2842,42630000,42630100,582,969,42645000,30872
2,2843,42645000,42645100,582,969,42660000,30881
2,2844,42660000,42660100,582,969,42675000,30891
2,2845,42675000,42675100,582,969,42690000,30903
2,2846,42690000,42690100,582,969,42705000,30917
2,2847,42705000,42705100,582,969,42720000,30923
2,2848,42720000,42720100,582,969,42735000,30936
2,2849,42735000,42735100,582,969,42750000,30945
2,285,4275000,4275100,582,969,4290000,3096
2,2850,42750000,42750100,582,969,42765000,30959
2,2851,42765000,42765100,582,969,42780000,30968
2,2852,42780000,42780100,582,969,42795000,30979
2,2853,42795000,42795100,582,969,42810000,30991
2,2854,42810000,42810100,582,969,42825000,31001
2,2855,42825000,42825100,582,969,42840000,31009
2,2856,42840000,42840100,582,969,42855000,31025
2,2857,42855000,42855100,582,969,42870000,31033
2,2858,42870000,42870100,582,969,42885000,31046
2,2859,42885000,42885100,582,969,42900000,31052
2,286,4290000,4290100,582,969,4305000,3110
2,2860,42900000,42900100,582,969,42915000,31067
2,2861,42915000,42915100,582,969,42930000,31078
2,2862,42930000,42930100,582,969,42945000,31088
2,2863,42945000,42945100,582,969,42960000,31098
2,2864,42960000,42960100,582,969,42975000,31109
2,2865,42975000,42975100,582,969,42990000,31120
2,2866,42990000,42990100,582,969,43005000,31134
2,2867,43005000,43005100,582,969,43020000,31141
2,2868,43020000,43020100,582,969,43035000,31153
2,2869,43035000,43035100,582,969,43050000,31162
2,287,4305000,4305100,582,969,4320000,3116
2,2870,43050000,43050100,582,969,43065000,31176
2,2871,43065000,43065100,582,969,43080000,31185
2,2872,43080000,43080100,582,969,43095000,31196
2,2873,43095000,43095100,582,969,43110000,31207
2,2874,43110000,43110100,582,969,43125000,31220
2,2875,43125000,43125100,582,969,43140000,31228
2,2876,43140000,43140100,582,969,43155000,31241
2,2877,43155000,43155100,582,969,43170000,31250
2,2878,43170000,43170100,582,969,43185000,31263
2,2879,43185000,43185100,582,969,43200000,31270
2,288,4320000,4320100,582,969,4335000,3129
2,2880,43200000,43200100,582,969,43215000,31284
2,2881,43215000,43215100,582,969,43230000,31294
2,2882,43230000,43230100,582,969,43245000,31306
2,2883,43245000,43245100,582,969,43260000,31315
2,2884,43260000,43260100,582,969,43275000,31326
2,2885,43275000,43275100,582,969,43290000,31338
2,2886,43290000,43290100,582,969,43305000,31351
2,2887,43305000,43305100,582,969,43320000,31357
2,2888,43320000,43320100,582,969,43335000,31371
2,2889,43335000,43335100,582,969,43350000,31380
2,289,4335000,4335100,582,969,4350000,3139
2,2890,43350000,43350100,582,969,43365000,31394
2,2891,43365000,43365100,582,969,43380000,31402
2,2892,43380000,43380100,582,969,43395000,31412
2,2893,43395000,43395100,582,969,43410000,31426
2,2894,43410000,43410100,582,969,43425000,31436
2,2895,43425000,43425100,582,969,43440000,31444
2,2896,43440000,43440100,582,969,43455000,31459
2,2897,43455000,43455100,582,969,43470000,31467
2,2898,43470000,43470100,582,969,43485000,31481
2,2899,43485000,43485100,582,969,43500000,31487
2,29,435000,435100,582,969,450000,315
2,290,4350000,4350100,582,969,4365000,3153
2,2900,43500000,43500100,582,969,43515000,31501
2,2901,43515000,43515100,582,969,43530000,31512
2,2902,43530000,43530100,582,969,43545000,31523
2,2903,43545000,43545100,582,969,43560000,31532
2,2904,43560000,43560100,582,969,43575000,31544
2,2905,43575000,43575100,582,969,43590000,31554
2,2906,43590000,43590100,582,969,43605000,31568
2,2907,43605000,43605100,582,969,43620000,31576
2,2908,43620000,43620100,582,969,43635000,31588
2,2909,43635000,43635100,582,969,43650000,31597
2,291,4365000,4365100,582,969,4380000,3161
2,2910,43650000,43650100,582,969,43665000,31610
2,2911,43665000,43665100,582,969,43680000,31619
2,2912,43680000,43680100,582,969,43695000,31631
2,2913,43695000,43695100,582,969,43710000,31642
2,2914,43710000,43710100,582,969,43725000,31653
2,2915,43725000,43725100,582,969,43740000,31662
2,2916,43740000,43740100,582,969,43755000,31676
2,2917,43755000,43755100,582,969,43770000,31685
2,2918,43770000,43770100,582,969,43785000,31698
2,2919,43785000,43785100,582,969,43800000,31704
2,292,4380000,4380100,582,969,4395000,3171
2,2920,43800000,43800100,582,969,43815000,31718
2,2921,43815000,43815100,582,969,43830000,31729
2,2922,43830000,43830100,582,969,43845000,31741
2,2923,43845000,43845100,582,969,43860000,31750
2,2924,43860000,43860100,582,969,43875000,31760
2,2925,43875000,43875100,582,969,43890000,31771
2,2926,43890000,43890100,582,969,43905000,31786
2,2927,43905000,43905100,582,969,43920000,31792
2,2928,43920000,43920100,582,969,43935000,31805
2,2929,43935000,43935100,582,969,43950000,31814
2,293,4395000,4395100,582,969,4410000,3184
2,2930,43950000,43950100,582,969,43965000,31829
2,2931,43965000,43965100,582,969,43980000,31837
2,2932,43980000,43980100,582,969,43995000,31847
2,2933,43995000,43995100,582,969,44010000,31860
2,2934,44010000,44010100,582,969,44025000,31870
2,2935,44025000,44025100,582,969,44040000,31879
2,2936,44040000,44040100,582,969,44055000,31893
2,2937,44055000,44055100,582,969,44070000,31902
2,2938,44070000,44070100,582,969,44085000,31915
2,2939,44085000,44085100,582,969,44100000,31921
2,294,4410000,4410100,582,969,4425000,3195
2,2940,44100000,44100100,582,969,44115000,31936
2,2941,44115000,44115100,582,969,44130000,31947
2,2942,44130000,44130100,582,969,44145000,31957
2,2943,44145000,44145100,582,969,44160000,31966
2,2944,44160000,44160100,582,969,44175000,31979
2,2945,44175000,44175100,582,969,44190000,31989
2,2946,44190000,44190100,582,969,44205000,32003
2,2947,44205000,44205100,582,969,44220000,32009
2,2948,44220000,44220100,582,969,44235000,32022
2,2949,44235000,44235100,582,969,44250000,32032
2,295,4425000,4425100,582,969,4440000,3203
2,2950,44250000,44250100,582,969,44265000,32045
2,2951,44265000,44265100,582,969,44280000,32054
2,2952,44280000,44280100,582,969,44295000,32065
2,2953,44295000,44295100,582,969,44310000,32076
2,2954,44310000,44310100,582,969,44325000,32088
2,2955,44325000,44325100,582,969,44340000,32097
2,2956,44340000,44340100,582,969,44355000,32110
2,2957,44355000,44355100,582,969,44370000,32119
2,2958,44370000,44370100,582,969,44385000,32132
2,2959,44385000,44385100,582,969,44400000,32139
2,296,4440000,4440100,582,969,4455000,3217
2,2960,44400000,44400100,582,969,44415000,32153
2,2961,44415000,44415100,582,969,44430000,32163
2,2962,44430000,44430100,582,969,44445000,32175
2,2963,44445000,44445100,582,969,44460000,32185
2,2964,44460000,44460100,582,969,44475000,32195
2,2965,44475000,44475100,582,969,44490000,32206
2,2966,44490000,44490100,582,969,44505000,32220
2,2967,44505000,44505100,582,969,44520000,32226
2,2968,44520000,44520100,582,969,44535000,32240
2,2969,44535000,44535100,582,969,44550000,32248
2,297,4455000,4455100,582,969,4470000,3226
2,2970,44550000,44550100,582,969,44565000,32263
2,2971,44565000,44565100,582,969,44580000,32271
2,2972,44580000,44580100,582,969,44595000,32282
2,2973,44595000,44595100,582,969,44610000,32295
2,2974,44610000,44610100,582,969,44625000,32305
2,2975,44625000,44625100,582,969,44640000,32313
2,2976,44640000,44640100,582,969,44655000,32327
2,2977,44655000,44655100,582,969,44670000,32337
2,2978,44670000,44670100,582,969,44685000,32350
2,2979,44685000,44685100,582,969,44700000,32356
2,298,4470000,4470100,582,969,4485000,3240
2,2980,44700000,44700100,582,969,44715000,32369
2,2981,44715000,44715100,582,969,44730000,32381
2,2982,44730000,44730100,582,969,44745000,32392
2,2983,44745000,44745100,582,969,44760000,32401
2,2984,44760000,44760100,582,969,44775000,32413
2,2985,44775000,44775100,582,969,44790000,32423
2,2986,44790000,44790100,582,969,44805000,32438
2,2987,44805000,44805100,582,969,44820000,32444
2,2988,44820000,44820100,582,969,44835000,32457
2,2989,44835000,44835100,582,969,44850000,32466
2,299,4485000,4485100,582,969,4500000,3246
2,2990,44850000,44850100,582,969,44865000,32479
2,2991,44865000,44865100,582,969,44880000,32488
2,2992,44880000,44880100,582,969,44895000,32500
2,2993,44895000,44895100,582,969,44910000,32511
2,2994,44910000,44910100,582,969,44925000,32522
2,2995,44925000,44925100,582,969,44940000,32531
2,2996,44940000,44940100,582,969,44955000,32545
2,2997,44955000,44955100,582,969,44970000,32554
2,2998,44970000,44970100,582,969,44985000,32566
2,2999,44985000,44985100,582,969,45000000,32573
2,3,45000,45100,582,969,60000,33
2,30,450000,450100,582,969,465000,328
2,300,4500000,4500100,582,969,4515000,3260
2,3000,45000000,45000100,582,969,45015000,32588
2,3001,45015000,45015100,582,969,45030000,32598
2,3002,45030000,45030100,582,969,45045000,32609
2,3003,45045000,45045100,582,969,45060000,32619
2,3004,45060000,45060100,582,969,45075000,32629
2,3005,45075000,45075100,582,969,45090000,32641
2,3006,45090000,45090100,582,969,45105000,32655
2,3007,45105000,45105100,582,969,45120000,32661
2,3008,45120000,45120100,582,969,45135000,32674
2,3009,45135000,45135100,582,969,45150000,32682
2,301,4515000,4515100,582,969,4530000,3271
2,3010,45150000,45150100,582,969,45165000,32698
2,3011,45165000,45165100,582,969,45180000,32706
2,3012,45180000,45180100,582,969,45195000,32716
2,3013,45195000,45195100,582,969,45210000,32728
2,3014,45210000,45210100,582,969,45225000,32740
2,3015,45225000,45225100,582,969,45240000,32748
2,3016,45240000,45240100,582,969,45255000,32762
2,3017,45255000,45255100,582,969,45270000,32771
2,3018,45270000,45270100,582,969,45285000,32784
2,3019,45285000,45285100,582,969,45300000,32791
2,302,4530000,4530100,582,969,4545000,3281
2,3020,45300000,45300100,582,969,45315000,32804
2,3021,45315000,45315100,582,969,45330000,32816
2,3022,45330000,45330100,582,969,45345000,32826
2,3023,45345000,45345100,582,969,45360000,32835
2,3024,45360000,45360100,582,969,45375000,32847
2,3025,45375000,45375100,582,969,45390000,32858
2,3026,45390000,45390100,582,969,45405000,32872
2,3027,45405000,45405100,582,969,45420000,32878
2,3028,45420000,45420100,582,969,45435000,32892
2,3029,45435000,45435100,582,969,45450000,32901
2,303,4545000,4545100,582,969,4560000,3291
2,3030,45450000,45450100,582,969,45465000,32914
2,3031,45465000,45465100,582,969,45480000,32922
2,3032,45480000,45480100,582,969,45495000,32934
2,3033,45495000,45495100,582,969,45510000,32946
2,3034,45510000,45510100,582,969,45525000,32957
2,3035,45525000,45525100,582,969,45540000,32965
2,3036,45540000,45540100,582,969,45555000,32979
2,3037,45555000,45555100,582,969,45570000,32988
2,3038,45570000,45570100,582,969,45585000,33001
2,3039,45585000,45585100,582,969,45600000,33008
2,304,4560000,4560100,582,969,4575000,3303
2,3040,45600000,45600100,582,969,45615000,33022
2,3041,45615000,45615100,582,969,45630000,33032
2,3042,45630000,45630100,582,969,45645000,33044
2,3043,45645000,45645100,582,969,45660000,33054
2,3044,45660000,45660100,582,969,45675000,33064
2,3045,45675000,45675100,582,969,45690000,33075
2,3046,45690000,45690100,582,969,45705000,33088
2,3047,45705000,45705100,582,969,45720000,33096
2,3048,45720000,45720100,582,969,45735000,33109
2,3049,45735000,45735100,582,969,45750000,33117
2,305,4575000,4575100,582,969,4590000,3313
2,3050,45750000,45750100,582,969,45765000,33132
2,3051,45765000,45765100,582,969,45780000,33140
2,3052,45780000,45780100,582,969,45795000,33151
2,3053,45795000,45795100,582,969,45810000,33163
2,3054,45810000,45810100,582,969,45825000,33174
2,3055,45825000,45825100,582,969,45840000,33182
2,3056,45840000,45840100,582,969,45855000,33197
2,3057,45855000,45855100,582,969,45870000,33205
2,3058,45870000,45870100,582,969,45885000,33219
2,3059,45885000,45885100,582,969,45900000,33225
2,306,4590000,4590100,582,969,4605000,3327
2,3060,45900000,45900100,582,969,45915000,33238
2,3061,45915000,45915100,582,969,45930000,33251
2,3062,45930000,45930100,582,969,45945000,33261
2,3063,45945000,45945100,582,969,45960000,33270
2,3064,45960000,45960100,582,969,45975000,33281
2,3065,45975000,45975100,582,969,45990000,33292
2,3066,45990000,45990100,582,969,46005000,33307
2,3067,46005000,46005100,582,969,46020000,33313
2,3068,46020000,46020100,582,969,46035000,33325
2,3069,46035000,46035100,582,969,46050000,33335
2,307,4605000,4605100,582,969,4620000,3333
2,3070,46050000,46050100,582,969,46065000,33349
2,3071,46065000,46065100,582,969,46080000,33357
2,3072,46080000,46080100,582,969,46095000,33369
2,3073,46095000,46095100,582,969,46110000,33380
2,3074,46110000,46110100,582,969,46125000,33391
2,3075,46125000,46125100,582,969,46140000,33400
2,3076,46140000,46140100,582,969,46155000,33414
2,3077,46155000,46155100,582,969,46170000,33423
2,3078,46170000,46170100,582,969,46185000,33435
2,3079,46185000,46185100,582,969,46200000,33441
2,308,4620000,4620100,582,969,4635000,3347
2,309,4635000,4635100,582,969,4650000,3356
2,31,465000,465100,582,969,480000,336
2,310,4650000,4650100,582,969,4665000,3369
2,311,4665000,4665100,582,969,4680000,3378
2,312,4680000,4680100,582,969,4695000,3390
2,313,4695000,4695100,582,969,4710000,3401
2,314,4710000,4710100,582,969,4725000,3412
2,315,4725000,4725100,582,969,4740000,3421
2,316,4740000,4740100,582,969,4755000,3434
2,317,4755000,4755100,582,969,4770000,3444
2,318,4770000,4770100,582,969,4785000,3456
2,319,4785000,4785100,582,969,4800000,3463
2,32,480000,480100,582,969,495000,348
2,320,4800000,4800100,582,969,4815000,3477
2,321,4815000,4815100,582,969,4830000,3487
2,322,4830000,4830100,582,969,4845000,3500
2,323,4845000,4845100,582,969,4860000,3509
2,324,4860000,4860100,582,969,4875000,3519
2,325,4875000,4875100,582,969,4890000,3530
2,326,4890000,4890100,582,969,4905000,3545
2,327,4905000,4905100,582,969,4920000,3551
2,328,4920000,4920100,582,969,4935000,3564
2,329,4935000,4935100,582,969,4950000,3572
2,33,495000,495100,582,969,510000,360
2,330,4950000,4950100,582,969,4965000,3587
2,331,4965000,4965100,582,969,4980000,3596
2,332,4980000,4980100,582,969,4995000,3606
2,333,4995000,4995100,582,969,5010000,3619
2,334,5010000,5010100,582,969,5025000,3629
2,335,5025000,5025100,582,969,5040000,3637
2,336,5040000,5040100,582,969,5055000,3652
2,337,5055000,5055100,582,969,5070000,3661
2,338,5070000,5070100,582,969,5085000,3674
2,339,5085000,5085100,582,969,5100000,3680
2,34,510000,510100,582,969,525000,371
2,340,5100000,5100100,582,969,5115000,3694
2,341,5115000,5115100,582,969,5130000,3706
2,342,5130000,5130100,582,969,5145000,3716
2,343,5145000,5145100,582,969,5160000,3725
2,344,5160000,5160100,582,969,5175000,3737
2,345,5175000,5175100,582,969,5190000,3748
2,346,5190000,5190100,582,969,5205000,3762
2,347,5205000,5205100,582,969,5220000,3768
2,348,5220000,5220100,582,969,5235000,3781
2,349,5235000,5235100,582,969,5250000,3790
2,35,525000,525100,582,969,540000,379
2,350,5250000,5250100,582,969,5265000,3804
2,351,5265000,5265100,582,969,5280000,3812
2,352,5280000,5280100,582,969,5295000,3824
2,353,5295000,5295100,582,969,5310000,3835
2,354,5310000,5310100,582,969,5325000,3847
2,355,5325000,5325100,582,969,5340000,3856
2,356,5340000,5340100,582,969,5355000,3869
2,357,5355000,5355100,582,969,5370000,3878
2,358,5370000,5370100,582,969,5385000,3890
2,359,5385000,5385100,582,969,5400000,3898
2,36,540000,540100,582,969,555000,393
2,360,5400000,5400100,582,969,5415000,3912
2,361,5415000,5415100,582,969,5430000,3922
2,362,5430000,5430100,582,969,5445000,3933
2,363,5445000,5445100,582,969,5460000,3943
2,364,5460000,5460100,582,969,5475000,3954
2,365,5475000,5475100,582,969,5490000,3965
2,366,5490000,5490100,582,969,5505000,3979
2,367,5505000,5505100,582,969,5520000,3985
2,368,5520000,5520100,582,969,5535000,3999
2,369,5535000,5535100,582,969,5550000,4007
2,37,555000,555100,582,969,570000,403
2,370,5550000,5550100,582,969,5565000,4022
2,371,5565000,5565100,582,969,5580000,4030
2,372,5580000,5580100,582,969,5595000,4040
2,373,5595000,5595100,582,969,5610000,4053
2,374,5610000,5610100,582,969,5625000,4064
2,375,5625000,5625100,582,969,5640000,4072
2,376,5640000,5640100,582,969,5655000,4086
2,377,5655000,5655100,582,969,5670000,4095
2,378,5670000,5670100,582,969,5685000,4109
2,379,5685000,5685100,582,969,5700000,4115
2,38,570000,570100,582,969,585000,415
2,380,5700000,5700100,582,969,5715000,4128
2,381,5715000,5715100,582,969,5730000,4140
2,382,5730000,5730100,582,969,5745000,4151
2,383,5745000,5745100,582,969,5760000,4160
2,384,5760000,5760100,582,969,5775000,4171
2,385,5775000,5775100,582,969,5790000,4182
2,386,5790000,5790100,582,969,5805000,4196
2,387,5805000,5805100,582,969,5820000,4203
2,388,5820000,5820100,582,969,5835000,4216
2,389,5835000,5835100,582,969,5850000,4225
2,39,585000,585100,582,969,600000,421
2,390,5850000,5850100,582,969,5865000,4238
2,391,5865000,5865100,582,969,5880000,4246
2,392,5880000,5880100,582,969,5895000,4259
2,393,5895000,5895100,582,969,5910000,4270
2,394,5910000,5910100,582,969,5925000,4281
2,395,5925000,5925100,582,969,5940000,4289
2,396,5940000,5940100,582,969,5955000,4304
2,397,5955000,5955100,582,969,5970000,4313
2,398,5970000,5970100,582,969,5985000,4325
2,399,5985000,5985100,582,969,6000000,4332
2,4,60000,60100,582,969,75000,44
2,40,600000,600100,582,969,615000,436
2,400,6000000,6000100,582,969,6015000,4346
2,401,6015000,6015100,582,969,6030000,4357
2,402,6030000,6030100,582,969,6045000,4368
2,403,6045000,6045100,582,969,6060000,4378
2,404,6060000,6060100,582,969,6075000,4388
2,405,6075000,6075100,582,969,6090000,4399
2,406,6090000,6090100,582,969,6105000,4413
2,407,6105000,6105100,582,969,6120000,4420
2,408,6120000,6120100,582,969,6135000,4433
2,409,6135000,6135100,582,969,6150000,4441
2,41,615000,615100,582,969,630000,446
2,410,6150000,6150100,582,969,6165000,4457
2,411,6165000,6165100,582,969,6180000,4465
2,412,6180000,6180100,582,969,6195000,4475
2,413,6195000,6195100,582,969,6210000,4487
2,414,6210000,6210100,582,969,6225000,4498
2,415,6225000,6225100,582,969,6240000,4507
2,416,6240000,6240100,582,969,6255000,4521
2,417,6255000,6255100,582,969,6270000,4529
2,418,6270000,6270100,582,969,6285000,4543
2,419,6285000,6285100,582,969,6300000,4549
2,42,630000,630100,582,969,645000,458
2,420,6300000,6300100,582,969,6315000,4563
2,421,6315000,6315100,582,969,6330000,4575
2,422,6330000,6330100,582,969,6345000,4585
2,423,6345000,6345100,582,969,6360000,4594
2,424,6360000,6360100,582,969,6375000,4606
2,425,6375000,6375100,582,969,6390000,4617
2,426,6390000,6390100,582,969,6405000,4631
2,427,6405000,6405100,582,969,6420000,4637
2,428,6420000,6420100,582,969,6435000,4649
2,429,6435000,6435100,582,969,6450000,4660
2,43,645000,645100,582,969,660000,467
2,430,6450000,6450100,582,969,6465000,4673
2,431,6465000,6465100,582,969,6480000,4681
2,432,6480000,6480100,582,969,6495000,4693
2,433,6495000,6495100,582,969,6510000,4704
2,434,6510000,6510100,582,969,6525000,4716
2,435,6525000,6525100,582,969,6540000,4724
2,436,6540000,6540100,582,969,6555000,4738
2,437,6555000,6555100,582,969,6570000,4747
2,438,6570000,6570100,582,969,6585000,4760
2,439,6585000,6585100,582,969,6600000,4766
2,44,660000,660100,582,969,675000,478
2,440,6600000,6600100,582,969,6615000,4781
2,441,6615000,6615100,582,969,6630000,4791
2,442,6630000,6630100,582,969,6645000,4802
2,443,6645000,6645100,582,969,6660000,4813
2,444,6660000,6660100,582,969,6675000,4823
2,445,6675000,6675100,582,969,6690000,4834
2,446,6690000,6690100,582,969,6705000,4847
2,447,6705000,6705100,582,969,6720000,4854
2,448,6720000,6720100,582,969,6735000,4868
2,449,6735000,6735100,582,969,6750000,4876
2,45,675000,675100,582,969,690000,489
2,450,6750000,6750100,582,969,6765000,4890
2,451,6765000,6765100,582,969,6780000,4899
2,452,6780000,6780100,582,969,6795000,4910
2,453,6795000,6795100,582,969,6810000,4922
2,454,6810000,6810100,582,969,6825000,4933
2,455,6825000,6825100,582,969,6840000,4941
2,456,6840000,6840100,582,969,6855000,4955
2,457,6855000,6855100,582,969,6870000,4964
2,458,6870000,6870100,582,969,6885000,4978
2,459,6885000,6885100,582,969,6900000,4984
2,46,690000,690100,582,969,705000,503
2,460,6900000,6900100,582,969,6915000,4997
2,461,6915000,6915100,582,969,6930000,5008
2,462,6930000,6930100,582,969,6945000,5020
2,463,6945000,6945100,582,969,6960000,5029
2,464,6960000,6960100,582,969,6975000,5040
2,465,6975000,6975100,582,969,6990000,5051
2,466,6990000,6990100,582,969,7005000,5066
2,467,7005000,7005100,582,969,7020000,5072
2,468,7020000,7020100,582,969,7035000,5084
2,469,7035000,7035100,582,969,7050000,5094
2,47,705000,705100,582,969,720000,510
2,470,7050000,7050100,582,969,7065000,5107
2,471,7065000,7065100,582,969,7080000,5116
2,472,7080000,7080100,582,969,7095000,5127
2,473,7095000,7095100,582,969,7110000,5139
2,474,7110000,7110100,582,969,7125000,5150
2,475,7125000,7125100,582,969,7140000,5158
2,476,7140000,7140100,582,969,7155000,5173
2,477,7155000,7155100,582,969,7170000,5182
2,478,7170000,7170100,582,969,7185000,5194
2,479,7185000,7185100,582,969,7200000,5200
2,48,720000,720100,582,969,735000,523
2,480,7200000,7200100,582,969,7215000,5216
2,481,7215000,7215100,582,969,7230000,5226
2,482,7230000,7230100,582,969,7245000,5237
2,483,7245000,7245100,582,969,7260000,5246
2,484,7260000,7260100,582,969,7275000,5257
2,485,7275000,7275100,582,969,7290000,5269
2,486,7290000,7290100,582,969,7305000,5282
2,487,7305000,7305100,582,969,7320000,5289
2,488,7320000,7320100,582,969,7335000,5302
2,489,7335000,7335100,582,969,7350000,5310
2,49,735000,735100,582,969,750000,531
2,490,7350000,7350100,582,969,7365000,5325
2,491,7365000,7365100,582,969,7380000,5334
2,492,7380000,7380100,582,969,7395000,5344
2,493,7395000,7395100,582,969,7410000,5356
2,494,7410000,7410100,582,969,7425000,5367
2,495,7425000,7425100,582,969,7440000,5376
2,496,7440000,7440100,582,969,7455000,5390
2,497,7455000,7455100,582,969,7470000,5398
2,498,7470000,7470100,582,969,7485000,5412
2,499,7485000,7485100,582,969,7500000,5419
2,5,75000,75100,582,969,90000,55
2,50,750000,750100,582,969,765000,545
2,500,7500000,7500100,582,969,7515000,5432
2,501,7515000,7515100,582,969,7530000,5443
2,502,7530000,7530100,582,969,7545000,5454
2,503,7545000,7545100,582,969,7560000,5463
2,504,7560000,7560100,582,969,7575000,5475
2,505,7575000,7575100,582,969,7590000,5485
2,506,7590000,7590100,582,969,7605000,5500
2,507,7605000,7605100,582,969,7620000,5506
2,508,7620000,7620100,582,969,7635000,5519
2,509,7635000,7635100,582,969,7650000,5529
2,51,765000,765100,582,969,780000,555
2,510,7650000,7650100,582,969,7665000,5542
2,511,7665000,7665100,582,969,7680000,5550
2,512,7680000,7680100,582,969,7695000,5561
2,513,7695000,7695100,582,969,7710000,5574
2,514,7710000,7710100,582,969,7725000,5585
2,515,7725000,7725100,582,969,7740000,5593
2,516,7740000,7740100,582,969,7755000,5606
2,517,7755000,7755100,582,969,7770000,5616
2,518,7770000,7770100,582,969,7785000,5629
2,519,7785000,7785100,582,969,7800000,5635
2,52,780000,780100,582,969,795000,565
2,520,7800000,7800100,582,969,7815000,5650
2,521,7815000,7815100,582,969,7830000,5660
2,522,7830000,7830100,582,969,7845000,5672
2,523,7845000,7845100,582,969,7860000,5681
2,524,7860000,7860100,582,969,7875000,5692
2,525,7875000,7875100,582,969,7890000,5703
2,526,7890000,7890100,582,969,7905000,5716
2,527,7905000,7905100,582,969,7920000,5723
2,528,7920000,7920100,582,969,7935000,5737
2,529,7935000,7935100,582,969,7950000,5745
2,53,795000,795100,582,969,810000,577
2,530,7950000,7950100,582,969,7965000,5759
2,531,7965000,7965100,582,969,7980000,5768
2,532,7980000,7980100,582,969,7995000,5779
2,533,7995000,7995100,582,969,8010000,5791
2,534,8010000,8010100,582,969,8025000,5801
2,535,8025000,8025100,582,969,8040000,5810
2,536,8040000,8040100,582,969,8055000,5825
2,537,8055000,8055100,582,969,8070000,5833
2,538,8070000,8070100,582,969,8085000,5846
2,539,8085000,8085100,582,969,8100000,5853
2,54,810000,810100,582,969,825000,587
2,540,8100000,8100100,582,969,8115000,5866
2,541,8115000,8115100,582,969,8130000,5878
2,542,8130000,8130100,582,969,8145000,5889
2,543,8145000,8145100,582,969,8160000,5898
2,544,8160000,8160100,582,969,8175000,5909
2,545,8175000,8175100,582,969,8190000,5919
2,546,8190000,8190100,582,969,8205000,5935
2,547,8205000,8205100,582,969,8220000,5941
2,548,8220000,8220100,582,969,8235000,5953
2,549,8235000,8235100,582,969,8250000,5962
2,55,825000,825100,582,969,840000,596
2,550,8250000,8250100,582,969,8265000,5977
2,551,8265000,8265100,582,969,8280000,5985
2,552,8280000,8280100,582,969,8295000,5996
2,553,8295000,8295100,582,969,8310000,6008
2,554,8310000,8310100,582,969,8325000,6019
2,555,8325000,8325100,582,969,8340000,6028
2,556,8340000,8340100,582,969,8355000,6041
2,557,8355000,8355100,582,969,8370000,6051
2,558,8370000,8370100,582,969,8385000,6063
2,559,8385000,8385100,582,969,8400000,6069
2,56,840000,840100,582,969,855000,611
2,560,8400000,8400100,582,969,8415000,6084
2,561,8415000,8415100,582,969,8430000,6095
2,562,8430000,8430100,582,969,8445000,6106
2,563,8445000,8445100,582,969,8460000,6115
2,564,8460000,8460100,582,969,8475000,6127
2,565,8475000,8475100,582,969,8490000,6138
2,566,8490000,8490100,582,969,8505000,6151
2,567,8505000,8505100,582,969,8520000,6157
2,568,8520000,8520100,582,969,8535000,6171
2,569,8535000,8535100,582,969,8550000,6180
2,57,855000,855100,582,969,870000,619
2,570,8550000,8550100,582,969,8565000,6194
2,571,8565000,8565100,582,969,8580000,6202
2,572,8580000,8580100,582,969,8595000,6213
2,573,8595000,8595100,582,969,8610000,6225
2,574,8610000,8610100,582,969,8625000,6236
2,575,8625000,8625100,582,969,8640000,6245
2,576,8640000,8640100,582,969,8655000,6259
2,577,8655000,8655100,582,969,8670000,6267
2,578,8670000,8670100,582,969,8685000,6281
2,579,8685000,8685100,582,969,8700000,6288
2,58,870000,870100,582,969,885000,633
2,580,8700000,8700100,582,969,8715000,6301
2,581,8715000,8715100,582,969,8730000,6312
2,582,8730000,8730100,582,969,8745000,6322
2,583,8745000,8745100,582,969,8760000,6333
2,584,8760000,8760100,582,969,8775000,6344
2,585,8775000,8775100,582,969,8790000,6354
2,586,8790000,8790100,582,969,8805000,6369
2,587,8805000,8805100,582,969,8820000,6375
2,588,8820000,8820100,582,969,8835000,6388
2,589,8835000,8835100,582,969,8850000,6397
2,59,885000,885100,582,969,900000,639
2,590,8850000,8850100,582,969,8865000,6411
2,591,8865000,8865100,582,969,8880000,6419
2,592,8880000,8880100,582,969,8895000,6431
2,593,8895000,8895100,582,969,8910000,6442
2,594,8910000,8910100,582,969,8925000,6454
2,595,8925000,8925100,582,969,8940000,6462
2,596,8940000,8940100,582,969,8955000,6475
2,597,8955000,8955100,582,969,8970000,6486
2,598,8970000,8970100,582,969,8985000,6498
2,599,8985000,8985100,582,969,9000000,6504
2,6,90000,90100,582,969,105000,68
2,60,900000,900100,582,969,915000,653
2,600,9000000,9000100,582,969,9015000,6518
2,601,9015000,9015100,582,969,9030000,6529
2,602,9030000,9030100,582,969,9045000,6541
2,603,9045000,9045100,582,969,9060000,6550
2,604,9060000,9060100,582,969,9075000,6560
2,605,9075000,9075100,582,969,9090000,6572
2,606,9090000,9090100,582,969,9105000,6586
2,607,9105000,9105100,582,969,9120000,6592
2,608,9120000,9120100,582,969,9135000,6606
2,609,9135000,9135100,582,969,9150000,6614
2,61,915000,915100,582,969,930000,664
2,610,9150000,9150100,582,969,9165000,6628
2,611,9165000,9165100,582,969,9180000,6637
2,612,9180000,9180100,582,969,9195000,6648
2,613,9195000,9195100,582,969,9210000,6660
2,614,9210000,9210100,582,969,9225000,6670
2,615,9225000,9225100,582,969,9240000,6678
2,616,9240000,9240100,582,969,9255000,6694
2,617,9255000,9255100,582,969,9270000,6702
2,618,9270000,9270100,582,969,9285000,6715
2,619,9285000,9285100,582,969,9300000,6722
2,62,930000,930100,582,969,945000,675
2,620,9300000,9300100,582,969,9315000,6736
2,621,9315000,9315100,582,969,9330000,6747
2,622,9330000,9330100,582,969,9345000,6757
2,623,9345000,9345100,582,969,9360000,6767
2,624,9360000,9360100,582,969,9375000,6778
2,625,9375000,9375100,582,969,9390000,6789
2,626,9390000,9390100,582,969,9405000,6803
2,627,9405000,9405100,582,969,9420000,6810
2,628,9420000,9420100,582,969,9435000,6822
2,629,9435000,9435100,582,969,9450000,6831
2,63,945000,945100,582,969,960000,684
2,630,9450000,9450100,582,969,9465000,6846
2,631,9465000,9465100,582,969,9480000,6854
2,632,9480000,9480100,582,969,9495000,6865
2,633,9495000,9495100,582,969,9510000,6876
2,634,9510000,9510100,582,969,9525000,6889
2,635,9525000,9525100,582,969,9540000,6897
2,636,9540000,9540100,582,969,9555000,6910
2,637,9555000,9555100,582,969,9570000,6919
2,638,9570000,9570100,582,969,9585000,6932
2,639,9585000,9585100,582,969,9600000,6939
2,64,960000,960100,582,969,975000,695
2,640,9600000,9600100,582,969,9615000,6953
2,641,9615000,9615100,582,969,9630000,6964
2,642,9630000,9630100,582,969,9645000,6975
2,643,9645000,9645100,582,969,9660000,6984
2,644,9660000,9660100,582,969,9675000,6995
2,645,9675000,9675100,582,969,9690000,7007
2,646,9690000,9690100,582,969,9705000,7020
2,647,9705000,9705100,582,969,9720000,7026
2,648,9720000,9720100,582,969,9735000,7040
2,649,9735000,9735100,582,969,9750000,7049
2,65,975000,975100,582,969,990000,706
2,650,9750000,9750100,582,969,9765000,7063
2,651,9765000,9765100,582,969,9780000,7071
2,652,9780000,9780100,582,969,9795000,7082
2,653,9795000,9795100,582,969,9810000,7095
2,654,9810000,9810100,582,969,9825000,7105
2,655,9825000,9825100,582,969,9840000,7113
2,656,9840000,9840100,582,969,9855000,7128
2,657,9855000,9855100,582,969,9870000,7136
2,658,9870000,9870100,582,969,9885000,7150
2,659,9885000,9885100,582,969,9900000,7156
2,66,990000,990100,582,969,1005000,721
2,660,9900000,9900100,582,969,9915000,7170
2,661,9915000,9915100,582,969,9930000,7181
2,662,9930000,9930100,582,969,9945000,7192
2,663,9945000,9945100,582,969,9960000,7202
2,664,9960000,9960100,582,969,9975000,7213
2,665,9975000,9975100,582,969,9990000,7223
2,666,9990000,9990100,582,969,10005000,7237
2,667,10005000,10005100,582,969,10020000,7245
2,668,10020000,10020100,582,969,10035000,7257
2,669,10035000,10035100,582,969,10050000,7266
2,67,1005000,1005100,582,969,1020000,727
2,670,10050000,10050100,582,969,10065000,7279
2,671,10065000,10065100,582,969,10080000,7288
2,672,10080000,10080100,582,969,10095000,7300
2,673,10095000,10095100,582,969,10110000,7311
2,674,10110000,10110100,582,969,10125000,7323
2,675,10125000,10125100,582,969,10140000,7331
2,676,10140000,10140100,582,969,10155000,7345
2,677,10155000,10155100,582,969,10170000,7354
2,678,10170000,10170100,582,969,10185000,7367
2,679,10185000,10185100,582,969,10200000,7373
2,68,1020000,1020100,582,969,1035000,739
2,680,10200000,10200100,582,969,10215000,7387
2,681,10215000,10215100,582,969,10230000,7398
2,682,10230000,10230100,582,969,10245000,7410
2,683,10245000,10245100,582,969,10260000,7419
2,684,10260000,10260100,582,969,10275000,7429
2,685,10275000,10275100,582,969,10290000,7441
2,686,10290000,10290100,582,969,10305000,7455
2,687,10305000,10305100,582,969,10320000,7461
2,688,10320000,10320100,582,969,10335000,7474
2,689,10335000,10335100,582,969,10350000,7483
2,69,1035000,1035100,582,969,1050000,749
2,690,10350000,10350100,582,969,10365000,7498
2,691,10365000,10365100,582,969,10380000,7506
2,692,10380000,10380100,582,969,10395000,7516
2,693,10395000,10395100,582,969,10410000,7529
2,694,10410000,10410100,582,969,10425000,7539
2,695,10425000,10425100,582,969,10440000,7548
2,696,10440000,10440100,582,969,10455000,7563
2,697,10455000,10455100,582,969,10470000,7571
2,698,10470000,10470100,582,969,10485000,7584
2,699,10485000,10485100,582,969,10500000,7590
2,7,105000,105100,582,969,120000,75
2,70,1050000,1050100,582,969,1065000,763
2,700,10500000,10500100,582,969,10515000,7605
2,701,10515000,10515100,582,969,10530000,7616
2,702,10530000,10530100,582,969,10545000,7626
2,703,10545000,10545100,582,969,10560000,7635
2,704,10560000,10560100,582,969,10575000,7648
2,705,10575000,10575100,582,969,10590000,7658
2,706,10590000,10590100,582,969,10605000,7672
2,707,10605000,10605100,582,969,10620000,7679
2,708,10620000,10620100,582,969,10635000,7691
2,709,10635000,10635100,582,969,10650000,7701
2,71,1065000,1065100,582,969,1080000,771
2,710,10650000,10650100,582,969,10665000,7714
2,711,10665000,10665100,582,969,10680000,7723
2,712,10680000,10680100,582,969,10695000,7734
2,713,10695000,10695100,582,969,10710000,7745
2,714,10710000,10710100,582,969,10725000,7757
2,715,10725000,10725100,582,969,10740000,7766
2,716,10740000,10740100,582,969,10755000,7779
2,717,10755000,10755100,582,969,10770000,7788
2,718,10770000,10770100,582,969,10785000,7802
2,719,10785000,10785100,582,969,10800000,7808
2,72,1080000,1080100,582,969,1095000,782
2,720,10800000,10800100,582,969,10815000,7822
2,721,10815000,10815100,582,969,10830000,7832
2,722,10830000,10830100,582,969,10845000,7844
2,723,10845000,10845100,582,969,10860000,7854
2,724,10860000,10860100,582,969,10875000,7864
2,725,10875000,10875100,582,969,10890000,7875
2,726,10890000,10890100,582,969,10905000,7889
2,727,10905000,10905100,582,969,10920000,7895
2,728,10920000,10920100,582,969,10935000,7909
2,729,10935000,10935100,582,969,10950000,7918
2,73,1095000,1095100,582,969,1110000,794
2,730,10950000,10950100,582,969,10965000,7932
2,731,10965000,10965100,582,969,10980000,7940
2,732,10980000,10980100,582,969,10995000,7951
2,733,10995000,10995100,582,969,11010000,7964
2,734,11010000,11010100,582,969,11025000,7974
2,735,11025000,11025100,582,969,11040000,7982
2,736,11040000,11040100,582,969,11055000,7996
2,737,11055000,11055100,582,969,11070000,8006
2,738,11070000,11070100,582,969,11085000,8019
2,739,11085000,11085100,582,969,11100000,8025
2,74,1110000,1110100,582,969,1125000,806
2,740,11100000,11100100,582,969,11115000,8039
2,741,11115000,11115100,582,969,11130000,8050
2,742,11130000,11130100,582,969,11145000,8061
2,743,11145000,11145100,582,969,11160000,8070
2,744,11160000,11160100,582,969,11175000,8082
2,745,11175000,11175100,582,969,11190000,8092
2,746,11190000,11190100,582,969,11205000,8107
2,747,11205000,11205100,582,969,11220000,8113
2,748,11220000,11220100,582,969,11235000,8126
2,749,11235000,11235100,582,969,11250000,8135
2,75,1125000,1125100,582,969,1140000,814
2,750,11250000,11250100,582,969,11265000,8148
2,751,11265000,11265100,582,969,11280000,8158
2,752,11280000,11280100,582,969,11295000,8169
2,753,11295000,11295100,582,969,11310000,8180
2,754,11310000,11310100,582,969,11325000,8191
2,755,11325000,11325100,582,969,11340000,8200
2,756,11340000,11340100,582,969,11355000,8214
2,757,11355000,11355100,582,969,11370000,8223
2,758,11370000,11370100,582,969,11385000,8235
2,759,11385000,11385100,582,969,11400000,8242
2,76,1140000,1140100,582,969,1155000,827
2,760,11400000,11400100,582,969,11415000,8257
2,761,11415000,11415100,582,969,11430000,8267
2,762,11430000,11430100,582,969,11445000,8279
2,763,11445000,11445100,582,969,11460000,8288
2,764,11460000,11460100,582,969,11475000,8298
2,765,11475000,11475100,582,969,11490000,8310
2,766,11490000,11490100,582,969,11505000,8324
2,767,11505000,11505100,582,969,11520000,8330
2,768,11520000,11520100,582,969,11535000,8343
2,769,11535000,11535100,582,969,11550000,8351
2,77,1155000,1155100,582,969,1170000,837
2,770,11550000,11550100,582,969,11565000,8367
2,771,11565000,11565100,582,969,11580000,8375
2,772,11580000,11580100,582,969,11595000,8385
2,773,11595000,11595100,582,969,11610000,8398
2,774,11610000,11610100,582,969,11625000,8409
2,775,11625000,11625100,582,969,11640000,8417
2,776,11640000,11640100,582,969,11655000,8431
2,777,11655000,11655100,582,969,11670000,8440
2,778,11670000,11670100,582,969,11685000,8453
2,779,11685000,11685100,582,969,11700000,8460
2,78,1170000,1170100,582,969,1185000,849
2,780,11700000,11700100,582,969,11715000,8473
2,781,11715000,11715100,582,969,11730000,8485
2,782,11730000,11730100,582,969,11745000,8495
2,783,11745000,11745100,582,969,11760000,8504
2,784,11760000,11760100,582,969,11775000,8517
2,785,11775000,11775100,582,969,11790000,8527
2,786,11790000,11790100,582,969,11805000,8541
2,787,11805000,11805100,582,969,11820000,8547
2,788,11820000,11820100,582,969,11835000,8561
2,789,11835000,11835100,582,969,11850000,8570
2,79,1185000,1185100,582,969,1200000,856
2,790,11850000,11850100,582,969,11865000,8583
2,791,11865000,11865100,582,969,11880000,8591
2,792,11880000,11880100,582,969,11895000,8603
2,793,11895000,11895100,582,969,11910000,8615
2,794,11910000,11910100,582,969,11925000,8626
2,795,11925000,11925100,582,969,11940000,8635
2,796,11940000,11940100,582,969,11955000,8648
2,797,11955000,11955100,582,969,11970000,8657
2,798,11970000,11970100,582,969,11985000,8670
2,799,11985000,11985100,582,969,12000000,8677
2,8,120000,120100,582,969,135000,88
2,80,1200000,1200100,582,969,1215000,871
2,800,12000000,12000100,582,969,12015000,8691
2,801,12015000,12015100,582,969,12030000,8701
2,802,12030000,12030100,582,969,12045000,8713
2,803,12045000,12045100,582,969,12060000,8723
2,804,12060000,12060100,582,969,12075000,8733
2,805,12075000,12075100,582,969,12090000,8744
2,806,12090000,12090100,582,969,12105000,8758
2,807,12105000,12105100,582,969,12120000,8765
2,808,12120000,12120100,582,969,12135000,8778
2,809,12135000,12135100,582,969,12150000,8786
2,81,1215000,1215100,582,969,1230000,881
2,810,12150000,12150100,582,969,12165000,8801
2,811,12165000,12165100,582,969,12180000,8809
2,812,12180000,12180100,582,969,12195000,8820
2,813,12195000,12195100,582,969,12210000,8832
2,814,12210000,12210100,582,969,12225000,8843
2,815,12225000,12225100,582,969,12240000,8851
2,816,12240000,12240100,582,969,12255000,8866
2,817,12255000,12255100,582,969,12270000,8875
2,818,12270000,12270100,582,969,12285000,8888
2,819,12285000,12285100,582,969,12300000,8894
2,82,1230000,1230100,582,969,1245000,892
2,820,12300000,12300100,582,969,12315000,8907
2,821,12315000,12315100,582,969,12330000,8920
2,822,12330000,12330100,582,969,12345000,8930
2,823,12345000,12345100,582,969,12360000,8939
2,824,12360000,12360100,582,969,12375000,8950
2,825,12375000,12375100,582,969,12390000,8961
2,826,12390000,12390100,582,969,12405000,8976
2,827,12405000,12405100,582,969,12420000,8982
2,828,12420000,12420100,582,969,12435000,8995
2,829,12435000,12435100,582,969,12450000,9004
2,83,1245000,1245100,582,969,1260000,901
2,830,12450000,12450100,582,969,12465000,9018
2,831,12465000,12465100,582,969,12480000,9026
2,832,12480000,12480100,582,969,12495000,9038
2,833,12495000,12495100,582,969,12510000,9049
2,834,12510000,12510100,582,969,12525000,9060
2,835,12525000,12525100,582,969,12540000,9069
2,836,12540000,12540100,582,969,12555000,9083
2,837,12555000,12555100,582,969,12570000,9092
2,838,12570000,12570100,582,969,12585000,9104
2,839,12585000,12585100,582,969,12600000,9111
2,84,1260000,1260100,582,969,1275000,913
2,840,12600000,12600100,582,969,12615000,9126
2,841,12615000,12615100,582,969,12630000,9136
2,842,12630000,12630100,582,969,12645000,9147
2,843,12645000,12645100,582,969,12660000,9157
2,844,12660000,12660100,582,969,12675000,9168
2,845,12675000,12675100,582,969,12690000,9179
2,846,12690000,12690100,582,969,12705000,9192
2,847,12705000,12705100,582,969,12720000,9199
2,848,12720000,12720100,582,969,12735000,9212
2,849,12735000,12735100,582,969,12750000,9221
2,85,1275000,1275100,582,969,1290000,924
2,850,12750000,12750100,582,969,12765000,9236
2,851,12765000,12765100,582,969,12780000,9244
2,852,12780000,12780100,582,969,12795000,9254
2,853,12795000,12795100,582,969,12810000,9266
2,854,12810000,12810100,582,969,12825000,9278
2,855,12825000,12825100,582,969,12840000,9286
2,856,12840000,12840100,582,969,12855000,9300
2,857,12855000,12855100,582,969,12870000,9308
2,858,12870000,12870100,582,969,12885000,9323
2,859,12885000,12885100,582,969,12900000,9329
2,86,1290000,1290100,582,969,1305000,937
2,860,12900000,12900100,582,969,12915000,9342
2,861,12915000,12915100,582,969,12930000,9354
2,862,12930000,12930100,582,969,12945000,9364
2,863,12945000,12945100,582,969,12960000,9374
2,864,12960000,12960100,582,969,12975000,9385
2,865,12975000,12975100,582,969,12990000,9396
2,866,12990000,12990100,582,969,13005000,9410
2,867,13005000,13005100,582,969,13020000,9416
2,868,13020000,13020100,582,969,13035000,9429
2,869,13035000,13035100,582,969,13050000,9439
2,87,1305000,1305100,582,969,1320000,943
2,870,13050000,13050100,582,969,13065000,9452
2,871,13065000,13065100,582,969,13080000,9460
2,872,13080000,13080100,582,969,13095000,9473
2,873,13095000,13095100,582,969,13110000,9484
2,874,13110000,13110100,582,969,13125000,9495
2,875,13125000,13125100,582,969,13140000,9503
2,876,13140000,13140100,582,969,13155000,9517
2,877,13155000,13155100,582,969,13170000,9527
2,878,13170000,13170100,582,969,13185000,9539
2,879,13185000,13185100,582,969,13200000,9545
2,88,1320000,1320100,582,969,1335000,958
2,880,13200000,13200100,582,969,13215000,9560
2,881,13215000,13215100,582,969,13230000,9570
2,882,13230000,13230100,582,969,13245000,9582
2,883,13245000,13245100,582,969,13260000,9592
2,884,13260000,13260100,582,969,13275000,9602
2,885,13275000,13275100,582,969,13290000,9613
2,886,13290000,13290100,582,969,13305000,9627
2,887,13305000,13305100,582,969,13320000,9634
2,888,13320000,13320100,582,969,13335000,9647
2,889,13335000,13335100,582,969,13350000,9655
2,89,1335000,1335100,582,969,1350000,966
2,890,13350000,13350100,582,969,13365000,9669
2,891,13365000,13365100,582,969,13380000,9679
2,892,13380000,13380100,582,969,13395000,9689
2,893,13395000,13395100,582,969,13410000,9701
2,894,13410000,13410100,582,969,13425000,9712
2,895,13425000,13425100,582,969,13440000,9720
2,896,13440000,13440100,582,969,13455000,9735
2,897,13455000,13455100,582,969,13470000,9743
2,898,13470000,13470100,582,969,13485000,9757
2,899,13485000,13485100,582,969,13500000,9763
2,9,135000,135100,582,969,150000,97
2,90,1350000,1350100,582,969,1365000,980
2,900,13500000,13500100,582,969,13515000,9777
2,901,13515000,13515100,582,969,13530000,9788
2,902,13530000,13530100,582,969,13545000,9799
2,903,13545000,13545100,582,969,13560000,9808
2,904,13560000,13560100,582,969,13575000,9819
2,905,13575000,13575100,582,969,13590000,9831
2,906,13590000,13590100,582,969,13605000,9845
2,907,13605000,13605100,582,969,13620000,9851
2,908,13620000,13620100,582,969,13635000,9863
2,909,13635000,13635100,582,969,13650000,9873
2,91,1365000,1365100,582,969,1380000,989
2,910,13650000,13650100,582,969,13665000,9887
2,911,13665000,13665100,582,969,13680000,9895
2,912,13680000,13680100,582,969,13695000,9906
2,913,13695000,13695100,582,969,13710000,9918
2,914,13710000,13710100,582,969,13725000,9930
2,915,13725000,13725100,582,969,13740000,9938
2,916,13740000,13740100,582,969,13755000,9952
2,917,13755000,13755100,582,969,13770000,9961
2,918,13770000,13770100,582,969,13785000,9973
2,919,13785000,13785100,582,969,13800000,9980
2,92,1380000,1380100,582,969,1395000,999
2,920,13800000,13800100,582,969,13815000,9995
2,921,13815000,13815100,582,969,13830000,10005
2,922,13830000,13830100,582,969,13845000,10016
2,923,13845000,13845100,582,969,13860000,10025
2,924,13860000,13860100,582,969,13875000,10037
2,925,13875000,13875100,582,969,13890000,10048
2,926,13890000,13890100,582,969,13905000,10061
2,927,13905000,13905100,582,969,13920000,10068
2,928,13920000,13920100,582,969,13935000,10082
2,929,13935000,13935100,582,969,13950000,10090
2,93,1395000,1395100,582,969,1410000,1012
2,930,13950000,13950100,582,969,13965000,10104
2,931,13965000,13965100,582,969,13980000,10113
2,932,13980000,13980100,582,969,13995000,10123
2,933,13995000,13995100,582,969,14010000,10136
2,934,14010000,14010100,582,969,14025000,10146
2,935,14025000,14025100,582,969,14040000,10155
2,936,14040000,14040100,582,969,14055000,10169
2,937,14055000,14055100,582,969,14070000,10177
2,938,14070000,14070100,582,969,14085000,10192
2,939,14085000,14085100,582,969,14100000,10198
2,94,1410000,1410100,582,969,1425000,1022
2,940,14100000,14100100,582,969,14115000,10211
2,941,14115000,14115100,582,969,14130000,10222
2,942,14130000,14130100,582,969,14145000,10234
2,943,14145000,14145100,582,969,14160000,10243
2,944,14160000,14160100,582,969,14175000,10254
2,945,14175000,14175100,582,969,14190000,10264
2,946,14190000,14190100,582,969,14205000,10279
2,947,14205000,14205100,582,969,14220000,10286
2,948,14220000,14220100,582,969,14235000,10298
2,949,14235000,14235100,582,969,14250000,10308
2,95,1425000,1425100,582,969,1440000,1031
2,950,14250000,14250100,582,969,14265000,10321
2,951,14265000,14265100,582,969,14280000,10329
2,952,14280000,14280100,582,969,14295000,10341
2,953,14295000,14295100,582,969,14310000,10353
2,954,14310000,14310100,582,969,14325000,10364
2,955,14325000,14325100,582,969,14340000,10372
2,956,14340000,14340100,582,969,14355000,10386
2,957,14355000,14355100,582,969,14370000,10396
2,958,14370000,14370100,582,969,14385000,10408
2,959,14385000,14385100,582,969,14400000,10414
2,96,1440000,1440100,582,969,1455000,1045
2,960,14400000,14400100,582,969,14415000,10429
2,961,14415000,14415100,582,969,14430000,10440
2,962,14430000,14430100,582,969,14445000,10451
2,963,14445000,14445100,582,969,14460000,10460
2,964,14460000,14460100,582,969,14475000,10471
2,965,14475000,14475100,582,969,14490000,10482
2,966,14490000,14490100,582,969,14505000,10496
2,967,14505000,14505100,582,969,14520000,10502
2,968,14520000,14520100,582,969,14535000,10516
2,969,14535000,14535100,582,969,14550000,10524
2,97,1455000,1455100,582,969,1470000,1053
2,970,14550000,14550100,582,969,14565000,10539
2,971,14565000,14565100,582,969,14580000,10548
2,972,14580000,14580100,582,969,14595000,10558
2,973,14595000,14595100,582,969,14610000,10570
2,974,14610000,14610100,582,969,14625000,10580
2,975,14625000,14625100,582,969,14640000,10590
2,976,14640000,14640100,582,969,14655000,10604
2,977,14655000,14655100,582,969,14670000,10612
2,978,14670000,14670100,582,969,14685000,10625
2,979,14685000,14685100,582,969,14700000,10632
2,98,1470000,1470100,582,969,1485000,1067
2,980,14700000,14700100,582,969,14715000,10646
2,981,14715000,14715100,582,969,14730000,10657
2,982,14730000,14730100,582,969,14745000,10668
2,983,14745000,14745100,582,969,14760000,10677
2,984,14760000,14760100,582,969,14775000,10689
2,985,14775000,14775100,582,969,14790000,10699
2,986,14790000,14790100,582,969,14805000,10714
2,987,14805000,14805100,582,969,14820000,10720
2,988,14820000,14820100,582,969,14835000,10732
2,989,14835000,14835100,582,969,14850000,10742
2,99,1485000,1485100,582,969,1500000,1074
2,990,14850000,14850100,582,969,14865000,10756
2,991,14865000,14865100,582,969,14880000,10764
2,992,14880000,14880100,582,969,14895000,10775
2,993,14895000,14895100,582,969,14910000,10787
2,994,14910000,14910100,582,969,14925000,10799
2,995,14925000,14925100,582,969,14940000,10807
2,996,14940000,14940100,582,969,14955000,10820
2,997,14955000,14955100,582,969,14970000,10830
2,998,14970000,14970100,582,969,14985000,10843
2,999,14985000,14985100,582,969,15000000,10849
3,0,0,100,3914,6522,15000,3
3,1,15000,15100,3914,6522,30000,13
3,10,150000,150100,3914,6522,165000,112
3,100,1500000,1500100,3914,6522,1515000,1088
3,1000,15000000,15000100,3914,6522,15015000,10864
3,1001,15015000,15015100,3914,6522,15030000,10875
3,1002,15030000,15030100,3914,6522,15045000,10886
3,1003,15045000,15045100,3914,6522,15060000,10896
3,1004,15060000,15060100,3914,6522,15075000,10907
3,1005,15075000,15075100,3914,6522,15090000,10918
3,1006,15090000,15090100,3914,6522,15105000,10931
3,1007,15105000,15105100,3914,6522,15120000,10937
3,1008,15120000,15120100,3914,6522,15135000,10952
3,1009,15135000,15135100,3914,6522,15150000,10960
3,101,1515000,1515100,3914,6522,1530000,1099
3,1010,15150000,15150100,3914,6522,15165000,10974
3,1011,15165000,15165100,3914,6522,15180000,10982
3,1012,15180000,15180100,3914,6522,15195000,10994
3,1013,15195000,15195100,3914,6522,15210000,11006
3,1014,15210000,15210100,3914,6522,15225000,11016
3,1015,15225000,15225100,3914,6522,15240000,11025
3,1016,15240000,15240100,3914,6522,15255000,11039
3,1017,15255000,15255100,3914,6522,15270000,11048
3,1018,15270000,15270100,3914,6522,15285000,11061
3,1019,15285000,15285100,3914,6522,15300000,11068
3,102,1530000,1530100,3914,6522,1545000,1111
3,1020,15300000,15300100,3914,6522,15315000,11081
3,1021,15315000,15315100,3914,6522,15330000,11092
3,1022,15330000,15330100,3914,6522,15345000,11103
3,1023,15345000,15345100,3914,6522,15360000,11113
3,1024,15360000,15360100,3914,6522,15375000,11124
3,1025,15375000,15375100,3914,6522,15390000,11134
3,1026,15390000,15390100,3914,6522,15405000,11150
3,1027,15405000,15405100,3914,6522,15420000,11156
3,1028,15420000,15420100,3914,6522,15435000,11168
3,1029,15435000,15435100,3914,6522,15450000,11177
3,103,1545000,1545100,3914,6522,1560000,1120
3,1030,15450000,15450100,3914,6522,15465000,11191
3,1031,15465000,15465100,3914,6522,15480000,11200
3,1032,15480000,15480100,3914,6522,15495000,11211
3,1033,15495000,15495100,3914,6522,15510000,11222
3,1034,15510000,15510100,3914,6522,15525000,11234
3,1035,15525000,15525100,3914,6522,15540000,11242
3,1036,15540000,15540100,3914,6522,15555000,11256
3,1037,15555000,15555100,3914,6522,15570000,11266
3,1038,15570000,15570100,3914,6522,15585000,11278
3,1039,15585000,15585100,3914,6522,15600000,11284
3,104,1560000,1560100,3914,6522,1575000,1131
3,1040,15600000,15600100,3914,6522,15615000,11299
3,1041,15615000,15615100,3914,6522,15630000,11310
3,1042,15630000,15630100,3914,6522,15645000,11321
3,1043,15645000,15645100,3914,6522,15660000,11330
3,1044,15660000,15660100,3914,6522,15675000,11340
3,1045,15675000,15675100,3914,6522,15690000,11353
3,1046,15690000,15690100,3914,6522,15705000,11366
3,1047,15705000,15705100,3914,6522,15720000,11372
3,1048,15720000,15720100,3914,6522,15735000,11386
3,1049,15735000,15735100,3914,6522,15750000,11394
3,105,1575000,1575100,3914,6522,1590000,1141
3,1050,15750000,15750100,3914,6522,15765000,11409
3,1051,15765000,15765100,3914,6522,15780000,11417
3,1052,15780000,15780100,3914,6522,15795000,11428
3,1053,15795000,15795100,3914,6522,15810000,11440
3,1054,15810000,15810100,3914,6522,15825000,11451
3,1055,15825000,15825100,3914,6522,15840000,11459
3,1056,15840000,15840100,3914,6522,15855000,11474
3,1057,15855000,15855100,3914,6522,15870000,11482
3,1058,15870000,15870100,3914,6522,15885000,11495
3,1059,15885000,15885100,3914,6522,15900000,11503
3,106,1590000,1590100,3914,6522,1605000,1156
3,1060,15900000,15900100,3914,6522,15915000,11516
3,1061,15915000,15915100,3914,6522,15930000,11527
3,1062,15930000,15930100,3914,6522,15945000,11537
3,1063,15945000,15945100,3914,6522,15960000,11547
3,1064,15960000,15960100,3914,6522,15975000,11559
3,1065,15975000,15975100,3914,6522,15990000,11569
3,1066,15990000,15990100,3914,6522,16005000,11583
3,1067,16005000,16005100,3914,6522,16020000,11590
3,1068,16020000,16020100,3914,6522,16035000,11603
3,1069,16035000,16035100,3914,6522,16050000,11612
3,107,1605000,1605100,3914,6522,1620000,1163
3,1070,16050000,16050100,3914,6522,16065000,11626
3,1071,16065000,16065100,3914,6522,16080000,11634
3,1072,16080000,16080100,3914,6522,16095000,11645
3,1073,16095000,16095100,3914,6522,16110000,11657
3,1074,16110000,16110100,3914,6522,16125000,11669
3,1075,16125000,16125100,3914,6522,16140000,11677
3,1076,16140000,16140100,3914,6522,16155000,11690
3,1077,16155000,16155100,3914,6522,16170000,11699
3,1078,16170000,16170100,3914,6522,16185000,11713
3,1079,16185000,16185100,3914,6522,16200000,11719
3,108,1620000,1620100,3914,6522,1635000,1175
3,1080,16200000,16200100,3914,6522,16215000,11733
3,1081,16215000,16215100,3914,6522,16230000,11744
3,1082,16230000,16230100,3914,6522,16245000,11756
3,1083,16245000,16245100,3914,6522,16260000,11765
3,1084,16260000,16260100,3914,6522,16275000,11775
3,1085,16275000,16275100,3914,6522,16290000,11787
3,1086,16290000,16290100,3914,6522,16305000,11800
3,1087,16305000,16305100,3914,6522,16320000,11807
3,1088,16320000,16320100,3914,6522,16335000,11820
3,1089,16335000,16335100,3914,6522,16350000,11829
3,109,1635000,1635100,3914,6522,1650000,1184
3,1090,16350000,16350100,3914,6522,16365000,11843
3,1091,16365000,16365100,3914,6522,16380000,11851
3,1092,16380000,16380100,3914,6522,16395000,11863
3,1093,16395000,16395100,3914,6522,16410000,11875
3,1094,16410000,16410100,3914,6522,16425000,11885
3,1095,16425000,16425100,3914,6522,16440000,11893
3,1096,16440000,16440100,3914,6522,16455000,11909
3,1097,16455000,16455100,3914,6522,16470000,11917
3,1098,16470000,16470100,3914,6522,16485000,11930
3,1099,16485000,16485100,3914,6522,16500000,11936
3,11,165000,165100,3914,6522,180000,121
3,110,1650000,1650100,3914,6522,1665000,1198
3,1100,16500000,16500100,3914,6522,16515000,11950
3,1101,16515000,16515100,3914,6522,16530000,11962
3,1102,16530000,16530100,3914,6522,16545000,11972
3,1103,16545000,16545100,3914,6522,16560000,11982
3,1104,16560000,16560100,3914,6522,16575000,11993
3,1105,16575000,16575100,3914,6522,16590000,12003
3,1106,16590000,16590100,3914,6522,16605000,12018
3,1107,16605000,16605100,3914,6522,16620000,12025
3,1108,16620000,16620100,3914,6522,16635000,12037
3,1109,16635000,16635100,3914,6522,16650000,12046
3,111,1665000,1665100,3914,6522,1680000,1206
3,1110,16650000,16650100,3914,6522,16665000,12060
3,1111,16665000,16665100,3914,6522,16680000,12069
3,1112,16680000,16680100,3914,6522,16695000,12080
3,1113,16695000,16695100,3914,6522,16710000,12091
3,1114,16710000,16710100,3914,6522,16725000,12103
3,1115,16725000,16725100,3914,6522,16740000,12112
3,1116,16740000,16740100,3914,6522,16755000,12125
3,1117,16755000,16755100,3914,6522,16770000,12134
3,1118,16770000,16770100,3914,6522,16785000,12147
3,1119,16785000,16785100,3914,6522,16800000,12153
3,112,1680000,1680100,3914,6522,1695000,1218
3,1120,16800000,16800100,3914,6522,16815000,12168
3,1121,16815000,16815100,3914,6522,16830000,12178
3,1122,16830000,16830100,3914,6522,16845000,12190
3,1123,16845000,16845100,3914,6522,16860000,12199
3,1124,16860000,16860100,3914,6522,16875000,12210
3,1125,16875000,16875100,3914,6522,16890000,12222
3,1126,16890000,16890100,3914,6522,16905000,12235
3,1127,16905000,16905100,3914,6522,16920000,12241
3,1128,16920000,16920100,3914,6522,16935000,12254
3,1129,16935000,16935100,3914,6522,16950000,12264
3,113,1695000,1695100,3914,6522,1710000,1230
3,1130,16950000,16950100,3914,6522,16965000,12278
3,1131,16965000,16965100,3914,6522,16980000,12286
3,1132,16980000,16980100,3914,6522,16995000,12296
3,1133,16995000,16995100,3914,6522,17010000,12309
3,1134,17010000,17010100,3914,6522,17025000,12320
3,1135,17025000,17025100,3914,6522,17040000,12328
3,1136,17040000,17040100,3914,6522,17055000,12343
3,1137,17055000,17055100,3914,6522,17070000,12351
3,1138,17070000,17070100,3914,6522,17085000,12365
3,1139,17085000,17085100,3914,6522,17100000,12371
3,114,1710000,1710100,3914,6522,1725000,1241
3,1140,17100000,17100100,3914,6522,17115000,12385
3,1141,17115000,17115100,3914,6522,17130000,12396
3,1142,17130000,17130100,3914,6522,17145000,12406
3,1143,17145000,17145100,3914,6522,17160000,12416
3,1144,17160000,17160100,3914,6522,17175000,12428
3,1145,17175000,17175100,3914,6522,17190000,12438
3,1146,17190000,17190100,3914,6522,17205000,12452
3,1147,17205000,17205100,3914,6522,17220000,12459
3,1148,17220000,17220100,3914,6522,17235000,12472
3,1149,17235000,17235100,3914,6522,17250000,12481
3,115,1725000,1725100,3914,6522,1740000,1249
3,1150,17250000,17250100,3914,6522,17265000,12494
3,1151,17265000,17265100,3914,6522,17280000,12503
3,1152,17280000,17280100,3914,6522,17295000,12515
3,1153,17295000,17295100,3914,6522,17310000,12526
3,1154,17310000,17310100,3914,6522,17325000,12537
3,1155,17325000,17325100,3914,6522,17340000,12546
3,1156,17340000,17340100,3914,6522,17355000,12559
3,1157,17355000,17355100,3914,6522,17370000,12569
3,1158,17370000,17370100,3914,6522,17385000,12582
3,1159,17385000,17385100,3914,6522,17400000,12588
3,116,1740000,1740100,3914,6522,1755000,1263
3,1160,17400000,17400100,3914,6522,17415000,12602
3,1161,17415000,17415100,3914,6522,17430000,12612
3,1162,17430000,17430100,3914,6522,17445000,12625
3,1163,17445000,17445100,3914,6522,17460000,12634
3,1164,17460000,17460100,3914,6522,17475000,12644
3,1165,17475000,17475100,3914,6522,17490000,12655
3,1166,17490000,17490100,3914,6522,17505000,12670
3,1167,17505000,17505100,3914,6522,17520000,12676
3,1168,17520000,17520100,3914,6522,17535000,12689
3,1169,17535000,17535100,3914,6522,17550000,12698
3,117,1755000,1755100,3914,6522,1770000,1273
3,1170,17550000,17550100,3914,6522,17565000,12712
3,1171,17565000,17565100,3914,6522,17580000,12721
3,1172,17580000,17580100,3914,6522,17595000,12731
3,1173,17595000,17595100,3914,6522,17610000,12744
3,1174,17610000,17610100,3914,6522,17625000,12754
3,1175,17625000,17625100,3914,6522,17640000,12762
3,1176,17640000,17640100,3914,6522,17655000,12777
3,1177,17655000,17655100,3914,6522,17670000,12786
3,1178,17670000,17670100,3914,6522,17685000,12799
3,1179,17685000,17685100,3914,6522,17700000,12805
3,118,1770000,1770100,3914,6522,1785000,1285
3,1180,17700000,17700100,3914,6522,17715000,12820
3,1181,17715000,17715100,3914,6522,17730000,12831
3,1182,17730000,17730100,3914,6522,17745000,12841
3,1183,17745000,17745100,3914,6522,17760000,12850
3,1184,17760000,17760100,3914,6522,17775000,12862
3,1185,17775000,17775100,3914,6522,17790000,12873
3,1186,17790000,17790100,3914,6522,17805000,12887
3,1187,17805000,17805100,3914,6522,17820000,12893
3,1188,17820000,17820100,3914,6522,17835000,12906
3,1189,17835000,17835100,3914,6522,17850000,12915
3,119,1785000,1785100,3914,6522,1800000,1291
3,1190,17850000,17850100,3914,6522,17865000,12929
3,1191,17865000,17865100,3914,6522,17880000,12938
3,1192,17880000,17880100,3914,6522,17895000,12949
3,1193,17895000,17895100,3914,6522,17910000,12960
3,1194,17910000,17910100,3914,6522,17925000,12972
3,1195,17925000,17925100,3914,6522,17940000,12981
3,1196,17940000,17940100,3914,6522,17955000,12994
3,1197,17955000,17955100,3914,6522,17970000,13003
3,1198,17970000,17970100,3914,6522,17985000,13015
3,1199,17985000,17985100,3914,6522,18000000,13023
3,12,180000,180100,3914,6522,195000,131
3,120,1800000,1800100,3914,6522,1815000,1305
3,1200,18000000,18000100,3914,6522,18015000,13037
3,1201,18015000,18015100,3914,6522,18030000,13047
3,1202,18030000,18030100,3914,6522,18045000,13059
3,1203,18045000,18045100,3914,6522,18060000,13068
3,1204,18060000,18060100,3914,6522,18075000,13079
3,1205,18075000,18075100,3914,6522,18090000,13090
3,1206,18090000,18090100,3914,6522,18105000,13104
3,1207,18105000,18105100,3914,6522,18120000,13110
3,1208,18120000,18120100,3914,6522,18135000,13124
3,1209,18135000,18135100,3914,6522,18150000,13132
3,121,1815000,1815100,3914,6522,1830000,1317
3,1210,18150000,18150100,3914,6522,18165000,13147
3,1211,18165000,18165100,3914,6522,18180000,13155
3,1212,18180000,18180100,3914,6522,18195000,13165
3,1213,18195000,18195100,3914,6522,18210000,13179
3,1214,18210000,18210100,3914,6522,18225000,13189
3,1215,18225000,18225100,3914,6522,18240000,13197
3,1216,18240000,18240100,3914,6522,18255000,13211
3,1217,18255000,18255100,3914,6522,18270000,13220
3,1218,18270000,18270100,3914,6522,18285000,13234
3,1219,18285000,18285100,3914,6522,18300000,13240
3,122,1830000,1830100,3914,6522,1845000,1328
3,1220,18300000,18300100,3914,6522,18315000,13253
3,1221,18315000,18315100,3914,6522,18330000,13265
3,1222,18330000,18330100,3914,6522,18345000,13276
3,1223,18345000,18345100,3914,6522,18360000,13285
3,1224,18360000,18360100,3914,6522,18375000,13297
3,1225,18375000,18375100,3914,6522,18390000,13307
3,1226,18390000,18390100,3914,6522,18405000,13321
3,1227,18405000,18405100,3914,6522,18420000,13328
3,1228,18420000,18420100,3914,6522,18435000,13341
3,1229,18435000,18435100,3914,6522,18450000,13350
3,123,1845000,1845100,3914,6522,1860000,1337
3,1230,18450000,18450100,3914,6522,18465000,13363
3,1231,18465000,18465100,3914,6522,18480000,13371
3,1232,18480000,18480100,3914,6522,18495000,13384
3,1233,18495000,18495100,3914,6522,18510000,13395
3,1234,18510000,18510100,3914,6522,18525000,13406
3,1235,18525000,18525100,3914,6522,18540000,13415
3,1236,18540000,18540100,3914,6522,18555000,13429
3,1237,18555000,18555100,3914,6522,18570000,13438
3,1238,18570000,18570100,3914,6522,18585000,13450
3,1239,18585000,18585100,3914,6522,18600000,13457
3,124,1860000,1860100,3914,6522,1875000,1348
3,1240,18600000,18600100,3914,6522,18615000,13471
3,1241,18615000,18615100,3914,6522,18630000,13482
3,1242,18630000,18630100,3914,6522,18645000,13493
3,1243,18645000,18645100,3914,6522,18660000,13503
3,1244,18660000,18660100,3914,6522,18675000,13513
3,1245,18675000,18675100,3914,6522,18690000,13524
3,1246,18690000,18690100,3914,6522,18705000,13539
3,1247,18705000,18705100,3914,6522,18720000,13545
3,1248,18720000,18720100,3914,6522,18735000,13558
3,1249,18735000,18735100,3914,6522,18750000,13566
3,125,1875000,1875100,3914,6522,1890000,1359
3,1250,18750000,18750100,3914,6522,18765000,13582
3,1251,18765000,18765100,3914,6522,18780000,13590
3,1252,18780000,18780100,3914,6522,18795000,13600
3,1253,18795000,18795100,3914,6522,18810000,13612
3,1254,18810000,18810100,3914,6522,18825000,13623
3,1255,18825000,18825100,3914,6522,18840000,13632
3,1256,18840000,18840100,3914,6522,18855000,13646
3,1257,18855000,18855100,3914,6522,18870000,13655
3,1258,18870000,18870100,3914,6522,18885000,13668
3,1259,18885000,18885100,3914,6522,18900000,13674
3,126,1890000,1890100,3914,6522,1905000,1373
3,1260,18900000,18900100,3914,6522,18915000,13688
3,1261,18915000,18915100,3914,6522,18930000,13700
3,1262,18930000,18930100,3914,6522,18945000,13710
3,1263,18945000,18945100,3914,6522,18960000,13719
3,1264,18960000,18960100,3914,6522,18975000,13731
3,1265,18975000,18975100,3914,6522,18990000,13742
3,1266,18990000,18990100,3914,6522,19005000,13756
3,1267,19005000,19005100,3914,6522,19020000,13762
3,1268,19020000,19020100,3914,6522,19035000,13775
3,1269,19035000,19035100,3914,6522,19050000,13785
3,127,1905000,1905100,3914,6522,1920000,1379
3,1270,19050000,19050100,3914,6522,19065000,13798
3,1271,19065000,19065100,3914,6522,19080000,13806
3,1272,19080000,19080100,3914,6522,19095000,13818
3,1273,19095000,19095100,3914,6522,19110000,13829
3,1274,19110000,19110100,3914,6522,19125000,13841
3,1275,19125000,19125100,3914,6522,19140000,13849
3,1276,19140000,19140100,3914,6522,19155000,13863
3,1277,19155000,19155100,3914,6522,19170000,13872
3,1278,19170000,19170100,3914,6522,19185000,13885
3,1279,19185000,19185100,3914,6522,19200000,13892
3,128,1920000,1920100,3914,6522,1935000,1393
3,1280,19200000,19200100,3914,6522,19215000,13906
3,1281,19215000,19215100,3914,6522,19230000,13916
3,1282,19230000,19230100,3914,6522,19245000,13927
3,1283,19245000,19245100,3914,6522,19260000,13938
3,1284,19260000,19260100,3914,6522,19275000,13948
3,1285,19275000,19275100,3914,6522,19290000,13959
3,1286,19290000,19290100,3914,6522,19305000,13972
3,1287,19305000,19305100,3914,6522,19320000,13979
3,1288,19320000,19320100,3914,6522,19335000,13993
3,1289,19335000,19335100,3914,6522,19350000,14001
3,129,1935000,1935100,3914,6522,1950000,1401
3,1290,19350000,19350100,3914,6522,19365000,14016
3,1291,19365000,19365100,3914,6522,19380000,14024
3,1292,19380000,19380100,3914,6522,19395000,14035
3,1293,19395000,19395100,3914,6522,19410000,14047
3,1294,19410000,19410100,3914,6522,19425000,14058
3,1295,19425000,19425100,3914,6522,19440000,14066
3,1296,19440000,19440100,3914,6522,19455000,14080
3,1297,19455000,19455100,3914,6522,19470000,14089
3,1298,19470000,19470100,3914,6522,19485000,14103
3,1299,19485000,19485100,3914,6522,19500000,14109
3,13,195000,195100,3914,6522,210000,143
3,130,1950000,1950100,3914,6522,1965000,1416
3,1300,19500000,19500100,3914,6522,19515000,14122
3,1301,19515000,19515100,3914,6522,19530000,14134
3,1302,19530000,19530100,3914,6522,19545000,14145
3,1303,19545000,19545100,3914,6522,19560000,14154
3,1304,19560000,19560100,3914,6522,19575000,14165
3,1305,19575000,19575100,3914,6522,19590000,14176
3,1306,19590000,19590100,3914,6522,19605000,14191
3,1307,19605000,19605100,3914,6522,19620000,14197
3,1308,19620000,19620100,3914,6522,19635000,14209
3,1309,19635000,19635100,3914,6522,19650000,14219
3,131,1965000,1965100,3914,6522,1980000,1424
3,1310,19650000,19650100,3914,6522,19665000,14232
3,1311,19665000,19665100,3914,6522,19680000,14241
3,1312,19680000,19680100,3914,6522,19695000,14253
3,1313,19695000,19695100,3914,6522,19710000,14264
3,1314,19710000,19710100,3914,6522,19725000,14275
3,1315,19725000,19725100,3914,6522,19740000,14283
3,1316,19740000,19740100,3914,6522,19755000,14298
3,1317,19755000,19755100,3914,6522,19770000,14307
3,1318,19770000,19770100,3914,6522,19785000,14319
3,1319,19785000,19785100,3914,6522,19800000,14325
3,132,1980000,1980100,3914,6522,1995000,1435
3,1320,19800000,19800100,3914,6522,19815000,14341
3,1321,19815000,19815100,3914,6522,19830000,14351
3,1322,19830000,19830100,3914,6522,19845000,14362
3,1323,19845000,19845100,3914,6522,19860000,14372
3,1324,19860000,19860100,3914,6522,19875000,14382
3,1325,19875000,19875100,3914,6522,19890000,14394
3,1326,19890000,19890100,3914,6522,19905000,14407
3,1327,19905000,19905100,3914,6522,19920000,14414
3,1328,19920000,19920100,3914,6522,19935000,14427
3,1329,19935000,19935100,3914,6522,19950000,14435
3,133,1995000,1995100,3914,6522,2010000,1447
3,1330,19950000,19950100,3914,6522,19965000,14450
3,1331,19965000,19965100,3914,6522,19980000,14459
3,1332,19980000,19980100,3914,6522,19995000,14469
3,1333,19995000,19995100,3914,6522,20010000,14481
3,1334,20010000,20010100,3914,6522,20025000,14493
3,1335,20025000,20025100,3914,6522,20040000,14501
3,1336,20040000,20040100,3914,6522,20055000,14515
3,1337,20055000,20055100,3914,6522,20070000,14523
3,1338,20070000,20070100,3914,6522,20085000,14537
3,1339,20085000,20085100,3914,6522,20100000,14544
3,134,2010000,2010100,3914,6522,2025000,1457
3,1340,20100000,20100100,3914,6522,20115000,14557
3,1341,20115000,20115100,3914,6522,20130000,14568
3,1342,20130000,20130100,3914,6522,20145000,14579
3,1343,20145000,20145100,3914,6522,20160000,14588
3,1344,20160000,20160100,3914,6522,20175000,14600
3,1345,20175000,20175100,3914,6522,20190000,14611
3,1346,20190000,20190100,3914,6522,20205000,14625
3,1347,20205000,20205100,3914,6522,20220000,14631
3,1348,20220000,20220100,3914,6522,20235000,14644
3,1349,20235000,20235100,3914,6522,20250000,14654
3,135,2025000,2025100,3914,6522,2040000,1467
3,1350,20250000,20250100,3914,6522,20265000,14667
3,1351,20265000,20265100,3914,6522,20280000,14675
3,1352,20280000,20280100,3914,6522,20295000,14686
3,1353,20295000,20295100,3914,6522,20310000,14699
3,1354,20310000,20310100,3914,6522,20325000,14710
3,1355,20325000,20325100,3914,6522,20340000,14718
3,1356,20340000,20340100,3914,6522,20355000,14732
3,1357,20355000,20355100,3914,6522,20370000,14741
3,1358,20370000,20370100,3914,6522,20385000,14754
3,1359,20385000,20385100,3914,6522,20400000,14760
3,136,2040000,2040100,3914,6522,2055000,1481
3,1360,20400000,20400100,3914,6522,20415000,14775
3,1361,20415000,20415100,3914,6522,20430000,14785
3,1362,20430000,20430100,3914,6522,20445000,14797
3,1363,20445000,20445100,3914,6522,20460000,14806
3,1364,20460000,20460100,3914,6522,20475000,14817
3,1365,20475000,20475100,3914,6522,20490000,14828
3,1366,20490000,20490100,3914,6522,20505000,14841
3,1367,20505000,20505100,3914,6522,20520000,14849
3,1368,20520000,20520100,3914,6522,20535000,14862
3,1369,20535000,20535100,3914,6522,20550000,14870
3,137,2055000,2055100,3914,6522,2070000,1489
3,1370,20550000,20550100,3914,6522,20565000,14884
3,1371,20565000,20565100,3914,6522,20580000,14893
3,1372,20580000,20580100,3914,6522,20595000,14904
3,1373,20595000,20595100,3914,6522,20610000,14916
3,1374,20610000,20610100,3914,6522,20625000,14926
3,1375,20625000,20625100,3914,6522,20640000,14935
3,1376,20640000,20640100,3914,6522,20655000,14950
3,1377,20655000,20655100,3914,6522,20670000,14958
3,1378,20670000,20670100,3914,6522,20685000,14972
3,1379,20685000,20685100,3914,6522,20700000,14978
3,138,2070000,2070100,3914,6522,2085000,1502
3,1380,20700000,20700100,3914,6522,20715000,14991
3,1381,20715000,20715100,3914,6522,20730000,15003
3,1382,20730000,20730100,3914,6522,20745000,15014
3,1383,20745000,20745100,3914,6522,20760000,15023
3,1384,20760000,20760100,3914,6522,20775000,15034
3,1385,20775000,20775100,3914,6522,20790000,15044
3,1386,20790000,20790100,3914,6522,20805000,15060
3,1387,20805000,20805100,3914,6522,20820000,15066
3,1388,20820000,20820100,3914,6522,20835000,15078
3,1389,20835000,20835100,3914,6522,20850000,15088
3,139,2085000,2085100,3914,6522,2100000,1509
3,1390,20850000,20850100,3914,6522,20865000,15102
3,1391,20865000,20865100,3914,6522,20880000,15110
3,1392,20880000,20880100,3914,6522,20895000,15121
3,1393,20895000,20895100,3914,6522,20910000,15133
3,1394,20910000,20910100,3914,6522,20925000,15144
3,1395,20925000,20925100,3914,6522,20940000,15153
3,1396,20940000,20940100,3914,6522,20955000,15166
3,1397,20955000,20955100,3914,6522,20970000,15176
3,1398,20970000,20970100,3914,6522,20985000,15188
3,1399,20985000,20985100,3914,6522,21000000,15194
3,14,210000,210100,3914,6522,225000,155
3,140,2100000,2100100,3914,6522,2115000,1523
3,1400,21000000,21000100,3914,6522,21015000,15210
3,1401,21015000,21015100,3914,6522,21030000,15220
3,1402,21030000,21030100,3914,6522,21045000,15231
3,1403,21045000,21045100,3914,6522,21060000,15240
3,1404,21060000,21060100,3914,6522,21075000,15252
3,1405,21075000,21075100,3914,6522,21090000,15263
3,1406,21090000,21090100,3914,6522,21105000,15276
3,1407,21105000,21105100,3914,6522,21120000,15282
3,1408,21120000,21120100,3914,6522,21135000,15296
3,1409,21135000,21135100,3914,6522,21150000,15305
3,141,2115000,2115100,3914,6522,2130000,1534
3,1410,21150000,21150100,3914,6522,21165000,15319
3,1411,21165000,21165100,3914,6522,21180000,15328
3,1412,21180000,21180100,3914,6522,21195000,15338
3,1413,21195000,21195100,3914,6522,21210000,15350
3,1414,21210000,21210100,3914,6522,21225000,15361
3,1415,21225000,21225100,3914,6522,21240000,15370
3,1416,21240000,21240100,3914,6522,21255000,15384
3,1417,21255000,21255100,3914,6522,21270000,15392
3,1418,21270000,21270100,3914,6522,21285000,15406
3,1419,21285000,21285100,3914,6522,21300000,15413
3,142,2130000,2130100,3914,6522,2145000,1544
3,1420,21300000,21300100,3914,6522,21315000,15426
3,1421,21315000,21315100,3914,6522,21330000,15437
3,1422,21330000,21330100,3914,6522,21345000,15448
3,1423,21345000,21345100,3914,6522,21360000,15458
3,1424,21360000,21360100,3914,6522,21375000,15469
3,1425,21375000,21375100,3914,6522,21390000,15479
3,1426,21390000,21390100,3914,6522,21405000,15494
3,1427,21405000,21405100,3914,6522,21420000,15500
3,1428,21420000,21420100,3914,6522,21435000,15513
3,1429,21435000,21435100,3914,6522,21450000,15522
3,143,2145000,2145100,3914,6522,2160000,1554
3,1430,21450000,21450100,3914,6522,21465000,15536
3,1431,21465000,21465100,3914,6522,21480000,15544
3,1432,21480000,21480100,3914,6522,21495000,15556
3,1433,21495000,21495100,3914,6522,21510000,15568
3,1434,21510000,21510100,3914,6522,21525000,15579
3,1435,21525000,21525100,3914,6522,21540000,15587
3,1436,21540000,21540100,3914,6522,21555000,15600
3,1437,21555000,21555100,3914,6522,21570000,15611
3,1438,21570000,21570100,3914,6522,21585000,15623
3,1439,21585000,21585100,3914,6522,21600000,15629
3,144,2160000,2160100,3914,6522,2175000,1566
3,1440,21600000,21600100,3914,6522,21615000,15643
3,1441,21615000,21615100,3914,6522,21630000,15654
3,1442,21630000,21630100,3914,6522,21645000,15666
3,1443,21645000,21645100,3914,6522,21660000,15675
3,1444,21660000,21660100,3914,6522,21675000,15686
3,1445,21675000,21675100,3914,6522,21690000,15697
3,1446,21690000,21690100,3914,6522,21705000,15711
3,1447,21705000,21705100,3914,6522,21720000,15717
3,1448,21720000,21720100,3914,6522,21735000,15731
3,1449,21735000,21735100,3914,6522,21750000,15739
3,145,2175000,2175100,3914,6522,2190000,1576
3,1450,21750000,21750100,3914,6522,21765000,15753
3,1451,21765000,21765100,3914,6522,21780000,15762
3,1452,21780000,21780100,3914,6522,21795000,15773
3,1453,21795000,21795100,3914,6522,21810000,15785
3,1454,21810000,21810100,3914,6522,21825000,15795
3,1455,21825000,21825100,3914,6522,21840000,15804
3,1456,21840000,21840100,3914,6522,21855000,15819
3,1457,21855000,21855100,3914,6522,21870000,15827
3,1458,21870000,21870100,3914,6522,21885000,15840
3,1459,21885000,21885100,3914,6522,21900000,15847
3,146,2190000,2190100,3914,6522,2205000,1591
3,1460,21900000,21900100,3914,6522,21915000,15861
3,1461,21915000,21915100,3914,6522,21930000,15872
3,1462,21930000,21930100,3914,6522,21945000,15882
3,1463,21945000,21945100,3914,6522,21960000,15892
3,1464,21960000,21960100,3914,6522,21975000,15903
3,1465,21975000,21975100,3914,6522,21990000,15914
3,1466,21990000,21990100,3914,6522,22005000,15929
3,1467,22005000,22005100,3914,6522,22020000,15935
3,1468,22020000,22020100,3914,6522,22035000,15947
3,1469,22035000,22035100,3914,6522,22050000,15956
3,147,2205000,2205100,3914,6522,2220000,1597
3,1470,22050000,22050100,3914,6522,22065000,15971
3,1471,22065000,22065100,3914,6522,22080000,15979
3,1472,22080000,22080100,3914,6522,22095000,15990
3,1473,22095000,22095100,3914,6522,22110000,16001
3,1474,22110000,22110100,3914,6522,22125000,16014
3,1475,22125000,22125100,3914,6522,22140000,16022
3,1476,22140000,22140100,3914,6522,22155000,16035
3,1477,22155000,22155100,3914,6522,22170000,16045
3,1478,22170000,22170100,3914,6522,22185000,16057
3,1479,22185000,22185100,3914,6522,22200000,16064
3,148,2220000,2220100,3914,6522,2235000,1609
3,1480,22200000,22200100,3914,6522,22215000,16078
3,1481,22215000,22215100,3914,6522,22230000,16089
3,1482,22230000,22230100,3914,6522,22245000,16100
3,1483,22245000,22245100,3914,6522,22260000,16109
3,1484,22260000,22260100,3914,6522,22275000,16120
3,1485,22275000,22275100,3914,6522,22290000,16132
3,1486,22290000,22290100,3914,6522,22305000,16145
3,1487,22305000,22305100,3914,6522,22320000,16151
3,1488,22320000,22320100,3914,6522,22335000,16166
3,1489,22335000,22335100,3914,6522,22350000,16174
3,149,2235000,2235100,3914,6522,2250000,1619
3,1490,22350000,22350100,3914,6522,22365000,16188
3,1491,22365000,22365100,3914,6522,22380000,16196
3,1492,22380000,22380100,3914,6522,22395000,16207
3,1493,22395000,22395100,3914,6522,22410000,16220
3,1494,22410000,22410100,3914,6522,22425000,16230
3,1495,22425000,22425100,3914,6522,22440000,16238
3,1496,22440000,22440100,3914,6522,22455000,16253
3,1497,22455000,22455100,3914,6522,22470000,16261
3,1498,22470000,22470100,3914,6522,22485000,16275
3,1499,22485000,22485100,3914,6522,22500000,16282
3,15,225000,225100,3914,6522,240000,163
3,150,2250000,2250100,3914,6522,2265000,1633
3,1500,22500000,22500100,3914,6522,22515000,16295
3,1501,22515000,22515100,3914,6522,22530000,16306
3,1502,22530000,22530100,3914,6522,22545000,16317
3,1503,22545000,22545100,3914,6522,22560000,16327
3,1504,22560000,22560100,3914,6522,22575000,16338
3,1505,22575000,22575100,3914,6522,22590000,16348
3,1506,22590000,22590100,3914,6522,22605000,16362
3,1507,22605000,22605100,3914,6522,22620000,16370
3,1508,22620000,22620100,3914,6522,22635000,16382
3,1509,22635000,22635100,3914,6522,22650000,16391
3,151,2265000,2265100,3914,6522,2280000,1641
3,1510,22650000,22650100,3914,6522,22665000,16405
3,1511,22665000,22665100,3914,6522,22680000,16413
3,1512,22680000,22680100,3914,6522,22695000,16425
3,1513,22695000,22695100,3914,6522,22710000,16436
3,1514,22710000,22710100,3914,6522,22725000,16448
3,1515,22725000,22725100,3914,6522,22740000,16456
3,1516,22740000,22740100,3914,6522,22755000,16470
3,1517,22755000,22755100,3914,6522,22770000,16479
3,1518,22770000,22770100,3914,6522,22785000,16492
3,1519,22785000,22785100,3914,6522,22800000,16498
3,152,2280000,2280100,3914,6522,2295000,1652
3,1520,22800000,22800100,3914,6522,22815000,16512
3,1521,22815000,22815100,3914,6522,22830000,16524
3,1522,22830000,22830100,3914,6522,22845000,16535
3,1523,22845000,22845100,3914,6522,22860000,16544
3,1524,22860000,22860100,3914,6522,22875000,16554
3,1525,22875000,22875100,3914,6522,22890000,16566
3,1526,22890000,22890100,3914,6522,22905000,16580
3,1527,22905000,22905100,3914,6522,22920000,16586
3,1528,22920000,22920100,3914,6522,22935000,16599
3,1529,22935000,22935100,3914,6522,22950000,16608
3,153,2295000,2295100,3914,6522,2310000,1663
3,1530,22950000,22950100,3914,6522,22965000,16623
3,1531,22965000,22965100,3914,6522,22980000,16631
3,1532,22980000,22980100,3914,6522,22995000,16642
3,1533,22995000,22995100,3914,6522,23010000,16654
3,1534,23010000,23010100,3914,6522,23025000,16664
3,1535,23025000,23025100,3914,6522,23040000,16673
3,1536,23040000,23040100,3914,6522,23055000,16688
3,1537,23055000,23055100,3914,6522,23070000,16696
3,1538,23070000,23070100,3914,6522,23085000,16709
3,1539,23085000,23085100,3914,6522,23100000,16715
3,154,2310000,2310100,3914,6522,2325000,1676
3,1540,23100000,23100100,3914,6522,23115000,16730
3,1541,23115000,23115100,3914,6522,23130000,16741
3,1542,23130000,23130100,3914,6522,23145000,16751
3,1543,23145000,23145100,3914,6522,23160000,16761
3,1544,23160000,23160100,3914,6522,23175000,16773
3,1545,23175000,23175100,3914,6522,23190000,16783
3,1546,23190000,23190100,3914,6522,23205000,16797
3,1547,23205000,23205100,3914,6522,23220000,16804
3,1548,23220000,23220100,3914,6522,23235000,16816
3,1549,23235000,23235100,3914,6522,23250000,16826
3,155,2325000,2325100,3914,6522,2340000,1684
3,1550,23250000,23250100,3914,6522,23265000,16839
3,1551,23265000,23265100,3914,6522,23280000,16848
3,1552,23280000,23280100,3914,6522,23295000,16859
3,1553,23295000,23295100,3914,6522,23310000,16870
3,1554,23310000,23310100,3914,6522,23325000,16883
3,1555,23325000,23325100,3914,6522,23340000,16891
3,1556,23340000,23340100,3914,6522,23355000,16904
3,1557,23355000,23355100,3914,6522,23370000,16913
3,1558,23370000,23370100,3914,6522,23385000,16927
3,1559,23385000,23385100,3914,6522,23400000,16933
3,156,2340000,2340100,3914,6522,2355000,1697
3,1560,23400000,23400100,3914,6522,23415000,16947
3,1561,23415000,23415100,3914,6522,23430000,16957
3,1562,23430000,23430100,3914,6522,23445000,16969
3,1563,23445000,23445100,3914,6522,23460000,16979
3,1564,23460000,23460100,3914,6522,23475000,16989
3,1565,23475000,23475100,3914,6522,23490000,17001
3,1566,23490000,23490100,3914,6522,23505000,17014
3,1567,23505000,23505100,3914,6522,23520000,17020
3,1568,23520000,23520100,3914,6522,23535000,17034
3,1569,23535000,23535100,3914,6522,23550000,17043
3,157,2355000,2355100,3914,6522,2370000,1707
3,1570,23550000,23550100,3914,6522,23565000,17057
3,1571,23565000,23565100,3914,6522,23580000,17065
3,1572,23580000,23580100,3914,6522,23595000,17076
3,1573,23595000,23595100,3914,6522,23610000,17089
3,1574,23610000,23610100,3914,6522,23625000,17099
3,1575,23625000,23625100,3914,6522,23640000,17107
3,1576,23640000,23640100,3914,6522,23655000,17122
3,1577,23655000,23655100,3914,6522,23670000,17131
3,1578,23670000,23670100,3914,6522,23685000,17144
3,1579,23685000,23685100,3914,6522,23700000,17150
3,158,2370000,2370100,3914,6522,2385000,1720
3,1580,23700000,23700100,3914,6522,23715000,17164
3,1581,23715000,23715100,3914,6522,23730000,17175
3,1582,23730000,23730100,3914,6522,23745000,17186
3,1583,23745000,23745100,3914,6522,23760000,17195
3,1584,23760000,23760100,3914,6522,23775000,17207
3,1585,23775000,23775100,3914,6522,23790000,17217
3,1586,23790000,23790100,3914,6522,23805000,17232
3,1587,23805000,23805100,3914,6522,23820000,17239
3,1588,23820000,23820100,3914,6522,23835000,17251
3,1589,23835000,23835100,3914,6522,23850000,17260
3,159,2385000,2385100,3914,6522,2400000,1726
3,1590,23850000,23850100,3914,6522,23865000,17273
3,1591,23865000,23865100,3914,6522,23880000,17283
3,1592,23880000,23880100,3914,6522,23895000,17294
3,1593,23895000,23895100,3914,6522,23910000,17305
3,1594,23910000,23910100,3914,6522,23925000,17316
3,1595,23925000,23925100,3914,6522,23940000,17325
3,1596,23940000,23940100,3914,6522,23955000,17339
3,1597,23955000,23955100,3914,6522,23970000,17348
3,1598,23970000,23970100,3914,6522,23985000,17361
3,1599,23985000,23985100,3914,6522,24000000,17367
3,16,240000,240100,3914,6522,255000,177
3,160,2400000,2400100,3914,6522,2415000,1740
3,1600,24000000,24000100,3914,6522,24015000,17382
3,1601,24015000,24015100,3914,6522,24030000,17392
3,1602,24030000,24030100,3914,6522,24045000,17404
3,1603,24045000,24045100,3914,6522,24060000,17413
3,1604,24060000,24060100,3914,6522,24075000,17423
3,1605,24075000,24075100,3914,6522,24090000,17435
3,1606,24090000,24090100,3914,6522,24105000,17449
3,1607,24105000,24105100,3914,6522,24120000,17455
3,1608,24120000,24120100,3914,6522,24135000,17468
3,1609,24135000,24135100,3914,6522,24150000,17477
3,161,2415000,2415100,3914,6522,2430000,1751
3,1610,24150000,24150100,3914,6522,24165000,17492
3,1611,24165000,24165100,3914,6522,24180000,17500
3,1612,24180000,24180100,3914,6522,24195000,17510
3,1613,24195000,24195100,3914,6522,24210000,17523
3,1614,24210000,24210100,3914,6522,24225000,17534
3,1615,24225000,24225100,3914,6522,24240000,17542
3,1616,24240000,24240100,3914,6522,24255000,17556
3,1617,24255000,24255100,3914,6522,24270000,17565
3,1618,24270000,24270100,3914,6522,24285000,17578
3,1619,24285000,24285100,3914,6522,24300000,17585
3,162,2430000,2430100,3914,6522,2445000,1762
3,1620,24300000,24300100,3914,6522,24315000,17599
3,1621,24315000,24315100,3914,6522,24330000,17610
3,1622,24330000,24330100,3914,6522,24345000,17620
3,1623,24345000,24345100,3914,6522,24360000,17629
3,1624,24360000,24360100,3914,6522,24375000,17642
3,1625,24375000,24375100,3914,6522,24390000,17652
3,1626,24390000,24390100,3914,6522,24405000,17666
3,1627,24405000,24405100,3914,6522,24420000,17672
3,1628,24420000,24420100,3914,6522,24435000,17686
3,1629,24435000,24435100,3914,6522,24450000,17695
3,163,2445000,2445100,3914,6522,2460000,1772
3,1630,24450000,24450100,3914,6522,24465000,17708
3,1631,24465000,24465100,3914,6522,24480000,17717
3,1632,24480000,24480100,3914,6522,24495000,17728
3,1633,24495000,24495100,3914,6522,24510000,17740
3,1634,24510000,24510100,3914,6522,24525000,17751
3,1635,24525000,24525100,3914,6522,24540000,17760
3,1636,24540000,24540100,3914,6522,24555000,17773
3,1637,24555000,24555100,3914,6522,24570000,17782
3,1638,24570000,24570100,3914,6522,24585000,17795
3,1639,24585000,24585100,3914,6522,24600000,17802
3,164,2460000,2460100,3914,6522,2475000,1782
3,1640,24600000,24600100,3914,6522,24615000,17816
3,1641,24615000,24615100,3914,6522,24630000,17826
3,1642,24630000,24630100,3914,6522,24645000,17839
3,1643,24645000,24645100,3914,6522,24660000,17848
3,1644,24660000,24660100,3914,6522,24675000,17858
3,1645,24675000,24675100,3914,6522,24690000,17869
3,1646,24690000,24690100,3914,6522,24705000,17883
3,1647,24705000,24705100,3914,6522,24720000,17890
3,1648,24720000,24720100,3914,6522,24735000,17903
3,1649,24735000,24735100,3914,6522,24750000,17911
3,165,2475000,2475100,3914,6522,2490000,1794
3,1650,24750000,24750100,3914,6522,24765000,17926
3,1651,24765000,24765100,3914,6522,24780000,17934
3,1652,24780000,24780100,3914,6522,24795000,17945
3,1653,24795000,24795100,3914,6522,24810000,17958
3,1654,24810000,24810100,3914,6522,24825000,17968
3,1655,24825000,24825100,3914,6522,24840000,17976
3,1656,24840000,24840100,3914,6522,24855000,17991
3,1657,24855000,24855100,3914,6522,24870000,18000
3,1658,24870000,24870100,3914,6522,24885000,18013
3,1659,24885000,24885100,3914,6522,24900000,18019
3,166,2490000,2490100,3914,6522,2505000,1807
3,1660,24900000,24900100,3914,6522,24915000,18032
3,1661,24915000,24915100,3914,6522,24930000,18045
3,1662,24930000,24930100,3914,6522,24945000,18055
3,1663,24945000,24945100,3914,6522,24960000,18064
3,1664,24960000,24960100,3914,6522,24975000,18076
3,1665,24975000,24975100,3914,6522,24990000,18086
3,1666,24990000,24990100,3914,6522,25005000,18101
3,1667,25005000,25005100,3914,6522,25020000,18107
3,1668,25020000,25020100,3914,6522,25035000,18120
3,1669,25035000,25035100,3914,6522,25050000,18129
3,167,2505000,2505100,3914,6522,2520000,1813
3,1670,25050000,25050100,3914,6522,25065000,18143
3,1671,25065000,25065100,3914,6522,25080000,18151
3,1672,25080000,25080100,3914,6522,25095000,18163
3,1673,25095000,25095100,3914,6522,25110000,18174
3,1674,25110000,25110100,3914,6522,25125000,18185
3,1675,25125000,25125100,3914,6522,25140000,18195
3,1676,25140000,25140100,3914,6522,25155000,18208
3,1677,25155000,25155100,3914,6522,25170000,18217
3,1678,25170000,25170100,3914,6522,25185000,18229
3,1679,25185000,25185100,3914,6522,25200000,18236
3,168,2520000,2520100,3914,6522,2535000,1828
3,1680,25200000,25200100,3914,6522,25215000,18251
3,1681,25215000,25215100,3914,6522,25230000,18261
3,1682,25230000,25230100,3914,6522,25245000,18272
3,1683,25245000,25245100,3914,6522,25260000,18282
3,1684,25260000,25260100,3914,6522,25275000,18293
3,1685,25275000,25275100,3914,6522,25290000,18304
3,1686,25290000,25290100,3914,6522,25305000,18318
3,1687,25305000,25305100,3914,6522,25320000,18324
3,1688,25320000,25320100,3914,6522,25335000,18337
3,1689,25335000,25335100,3914,6522,25350000,18346
3,169,2535000,2535100,3914,6522,2550000,1836
3,1690,25350000,25350100,3914,6522,25365000,18361
3,1691,25365000,25365100,3914,6522,25380000,18369
3,1692,25380000,25380100,3914,6522,25395000,18379
3,1693,25395000,25395100,3914,6522,25410000,18391
3,1694,25410000,25410100,3914,6522,25425000,18403
3,1695,25425000,25425100,3914,6522,25440000,18411
3,1696,25440000,25440100,3914,6522,25455000,18425
3,1697,25455000,25455100,3914,6522,25470000,18434
3,1698,25470000,25470100,3914,6522,25485000,18448
3,1699,25485000,25485100,3914,6522,25500000,18454
3,17,255000,255100,3914,6522,270000,185
3,170,2550000,2550100,3914,6522,2565000,1850
3,1700,25500000,25500100,3914,6522,25515000,18467
3,1701,25515000,25515100,3914,6522,25530000,18479
3,1702,25530000,25530100,3914,6522,25545000,18489
3,1703,25545000,25545100,3914,6522,25560000,18499
3,1704,25560000,25560100,3914,6522,25575000,18510
3,1705,25575000,25575100,3914,6522,25590000,18521
3,1706,25590000,25590100,3914,6522,25605000,18535
3,1707,25605000,25605100,3914,6522,25620000,18541
3,1708,25620000,25620100,3914,6522,25635000,18555
3,1709,25635000,25635100,3914,6522,25650000,18564
3,171,2565000,2565100,3914,6522,2580000,1858
3,1710,25650000,25650100,3914,6522,25665000,18577
3,1711,25665000,25665100,3914,6522,25680000,18585
3,1712,25680000,25680100,3914,6522,25695000,18598
3,1713,25695000,25695100,3914,6522,25710000,18609
3,1714,25710000,25710100,3914,6522,25725000,18620
3,1715,25725000,25725100,3914,6522,25740000,18628
3,1716,25740000,25740100,3914,6522,25755000,18642
3,1717,25755000,25755100,3914,6522,25770000,18652
3,1718,25770000,25770100,3914,6522,25785000,18664
3,1719,25785000,25785100,3914,6522,25800000,18671
3,172,2580000,2580100,3914,6522,2595000,1870
3,1720,25800000,25800100,3914,6522,25815000,18685
3,1721,25815000,25815100,3914,6522,25830000,18695
3,1722,25830000,25830100,3914,6522,25845000,18707
3,1723,25845000,25845100,3914,6522,25860000,18717
3,1724,25860000,25860100,3914,6522,25875000,18727
3,1725,25875000,25875100,3914,6522,25890000,18738
3,1726,25890000,25890100,3914,6522,25905000,18752
3,1727,25905000,25905100,3914,6522,25920000,18759
3,1728,25920000,25920100,3914,6522,25935000,18772
3,1729,25935000,25935100,3914,6522,25950000,18780
3,173,2595000,2595100,3914,6522,2610000,1882
3,1730,25950000,25950100,3914,6522,25965000,18795
3,1731,25965000,25965100,3914,6522,25980000,18804
3,1732,25980000,25980100,3914,6522,25995000,18814
3,1733,25995000,25995100,3914,6522,26010000,18826
3,1734,26010000,26010100,3914,6522,26025000,18837
3,1735,26025000,26025100,3914,6522,26040000,18845
3,1736,26040000,26040100,3914,6522,26055000,18860
3,1737,26055000,26055100,3914,6522,26070000,18868
3,1738,26070000,26070100,3914,6522,26085000,18882
3,1739,26085000,26085100,3914,6522,26100000,18888
3,174,2610000,2610100,3914,6522,2625000,1892
3,1740,26100000,26100100,3914,6522,26115000,18902
3,1741,26115000,26115100,3914,6522,26130000,18914
3,1742,26130000,26130100,3914,6522,26145000,18924
3,1743,26145000,26145100,3914,6522,26160000,18933
3,1744,26160000,26160100,3914,6522,26175000,18944
3,1745,26175000,26175100,3914,6522,26190000,18956
3,1746,26190000,26190100,3914,6522,26205000,18970
3,1747,26205000,26205100,3914,6522,26220000,18976
3,1748,26220000,26220100,3914,6522,26235000,18988
3,1749,26235000,26235100,3914,6522,26250000,18998
3,175,2625000,2625100,3914,6522,2640000,1900
3,1750,26250000,26250100,3914,6522,26265000,19012
3,1751,26265000,26265100,3914,6522,26280000,19020
3,1752,26280000,26280100,3914,6522,26295000,19032
3,1753,26295000,26295100,3914,6522,26310000,19043
3,1754,26310000,26310100,3914,6522,26325000,19055
3,1755,26325000,26325100,3914,6522,26340000,19063
3,1756,26340000,26340100,3914,6522,26355000,19077
3,1757,26355000,26355100,3914,6522,26370000,19086
3,1758,26370000,26370100,3914,6522,26385000,19098
3,1759,26385000,26385100,3914,6522,26400000,19105
3,176,2640000,2640100,3914,6522,2655000,1915
3,1760,26400000,26400100,3914,6522,26415000,19120
3,1761,26415000,26415100,3914,6522,26430000,19130
3,1762,26430000,26430100,3914,6522,26445000,19141
3,1763,26445000,26445100,3914,6522,26460000,19151
3,1764,26460000,26460100,3914,6522,26475000,19162
3,1765,26475000,26475100,3914,6522,26490000,19173
3,1766,26490000,26490100,3914,6522,26505000,19186
3,1767,26505000,26505100,3914,6522,26520000,19193
3,1768,26520000,26520100,3914,6522,26535000,19207
3,1769,26535000,26535100,3914,6522,26550000,19215
3,177,2655000,2655100,3914,6522,2670000,1924
3,1770,26550000,26550100,3914,6522,26565000,19229
3,1771,26565000,26565100,3914,6522,26580000,19238
3,1772,26580000,26580100,3914,6522,26595000,19248
3,1773,26595000,26595100,3914,6522,26610000,19261
3,1774,26610000,26610100,3914,6522,26625000,19272
3,1775,26625000,26625100,3914,6522,26640000,19280
3,1776,26640000,26640100,3914,6522,26655000,19294
3,1777,26655000,26655100,3914,6522,26670000,19302
3,1778,26670000,26670100,3914,6522,26685000,19317
3,1779,26685000,26685100,3914,6522,26700000,19323
3,178,2670000,2670100,3914,6522,2685000,1937
3,1780,26700000,26700100,3914,6522,26715000,19336
3,1781,26715000,26715100,3914,6522,26730000,19347
3,1782,26730000,26730100,3914,6522,26745000,19359
3,1783,26745000,26745100,3914,6522,26760000,19368
3,1784,26760000,26760100,3914,6522,26775000,19379
3,1785,26775000,26775100,3914,6522,26790000,19390
3,1786,26790000,26790100,3914,6522,26805000,19404
3,1787,26805000,26805100,3914,6522,26820000,19411
3,1788,26820000,26820100,3914,6522,26835000,19423
3,1789,26835000,26835100,3914,6522,26850000,19433
3,179,2685000,2685100,3914,6522,2700000,1944
3,1790,26850000,26850100,3914,6522,26865000,19446
3,1791,26865000,26865100,3914,6522,26880000,19454
3,1792,26880000,26880100,3914,6522,26895000,19466
3,1793,26895000,26895100,3914,6522,26910000,19478
3,1794,26910000,26910100,3914,6522,26925000,19489
3,1795,26925000,26925100,3914,6522,26940000,19497
3,1796,26940000,26940100,3914,6522,26955000,19512
3,1797,26955000,26955100,3914,6522,26970000,19521
3,1798,26970000,26970100,3914,6522,26985000,19533
3,1799,26985000,26985100,3914,6522,27000000,19539
3,18,270000,270100,3914,6522,285000,200
3,180,2700000,2700100,3914,6522,2715000,1957
3,1800,27000000,27000100,3914,6522,27015000,19554
3,1801,27015000,27015100,3914,6522,27030000,19565
3,1802,27030000,27030100,3914,6522,27045000,19576
3,1803,27045000,27045100,3914,6522,27060000,19585
3,1804,27060000,27060100,3914,6522,27075000,19596
3,1805,27075000,27075100,3914,6522,27090000,19607
3,1806,27090000,27090100,3914,6522,27105000,19621
3,1807,27105000,27105100,3914,6522,27120000,19628
3,1808,27120000,27120100,3914,6522,27135000,19641
3,1809,27135000,27135100,3914,6522,27150000,19649
3,181,2715000,2715100,3914,6522,2730000,1968
3,1810,27150000,27150100,3914,6522,27165000,19664
3,1811,27165000,27165100,3914,6522,27180000,19673
3,1812,27180000,27180100,3914,6522,27195000,19683
3,1813,27195000,27195100,3914,6522,27210000,19695
3,1814,27210000,27210100,3914,6522,27225000,19705
3,1815,27225000,27225100,3914,6522,27240000,19715
3,1816,27240000,27240100,3914,6522,27255000,19729
3,1817,27255000,27255100,3914,6522,27270000,19737
3,1818,27270000,27270100,3914,6522,27285000,19751
3,1819,27285000,27285100,3914,6522,27300000,19757
3,182,2730000,2730100,3914,6522,2745000,1979
3,1820,27300000,27300100,3914,6522,27315000,19771
3,1821,27315000,27315100,3914,6522,27330000,19782
3,1822,27330000,27330100,3914,6522,27345000,19793
3,1823,27345000,27345100,3914,6522,27360000,19802
3,1824,27360000,27360100,3914,6522,27375000,19814
3,1825,27375000,27375100,3914,6522,27390000,19824
3,1826,27390000,27390100,3914,6522,27405000,19839
3,1827,27405000,27405100,3914,6522,27420000,19845
3,1828,27420000,27420100,3914,6522,27435000,19857
3,1829,27435000,27435100,3914,6522,27450000,19868
3,183,2745000,2745100,3914,6522,2760000,1989
3,1830,27450000,27450100,3914,6522,27465000,19881
3,1831,27465000,27465100,3914,6522,27480000,19889
3,1832,27480000,27480100,3914,6522,27495000,19900
3,1833,27495000,27495100,3914,6522,27510000,19912
3,1834,27510000,27510100,3914,6522,27525000,19924
3,1835,27525000,27525100,3914,6522,27540000,19932
3,1836,27540000,27540100,3914,6522,27555000,19945
3,1837,27555000,27555100,3914,6522,27570000,19955
3,1838,27570000,27570100,3914,6522,27585000,19968
3,1839,27585000,27585100,3914,6522,27600000,19974
3,184,2760000,2760100,3914,6522,2775000,2000
3,1840,27600000,27600100,3914,6522,27615000,19989
3,1841,27615000,27615100,3914,6522,27630000,19999
3,1842,27630000,27630100,3914,6522,27645000,20010
3,1843,27645000,27645100,3914,6522,27660000,20020
3,1844,27660000,27660100,3914,6522,27675000,20031
3,1845,27675000,27675100,3914,6522,27690000,20042
3,1846,27690000,27690100,3914,6522,27705000,20055
3,1847,27705000,27705100,3914,6522,27720000,20061
3,1848,27720000,27720100,3914,6522,27735000,20076
3,1849,27735000,27735100,3914,6522,27750000,20084
3,185,2775000,2775100,3914,6522,2790000,2010
3,1850,27750000,27750100,3914,6522,27765000,20098
3,1851,27765000,27765100,3914,6522,27780000,20107
3,1852,27780000,27780100,3914,6522,27795000,20118
3,1853,27795000,27795100,3914,6522,27810000,20130
3,1854,27810000,27810100,3914,6522,27825000,20140
3,1855,27825000,27825100,3914,6522,27840000,20149
3,1856,27840000,27840100,3914,6522,27855000,20163
3,1857,27855000,27855100,3914,6522,27870000,20172
3,1858,27870000,27870100,3914,6522,27885000,20185
3,1859,27885000,27885100,3914,6522,27900000,20192
3,186,2790000,2790100,3914,6522,2805000,2025
3,1860,27900000,27900100,3914,6522,27915000,20205
3,1861,27915000,27915100,3914,6522,27930000,20216
3,1862,27930000,27930100,3914,6522,27945000,20228
3,1863,27945000,27945100,3914,6522,27960000,20237
3,1864,27960000,27960100,3914,6522,27975000,20248
3,1865,27975000,27975100,3914,6522,27990000,20258
3,1866,27990000,27990100,3914,6522,28005000,20274
3,1867,28005000,28005100,3914,6522,28020000,20280
3,1868,28020000,28020100,3914,6522,28035000,20292
3,1869,28035000,28035100,3914,6522,28050000,20301
3,187,2805000,2805100,3914,6522,2820000,2032
3,1870,28050000,28050100,3914,6522,28065000,20315
3,1871,28065000,28065100,3914,6522,28080000,20324
3,1872,28080000,28080100,3914,6522,28095000,20335
3,1873,28095000,28095100,3914,6522,28110000,20347
3,1874,28110000,28110100,3914,6522,28125000,20358
3,1875,28125000,28125100,3914,6522,28140000,20366
3,1876,28140000,28140100,3914,6522,28155000,20380
3,1877,28155000,28155100,3914,6522,28170000,20390
3,1878,28170000,28170100,3914,6522,28185000,20402
3,1879,28185000,28185100,3914,6522,28200000,20408
3,188,2820000,2820100,3914,6522,2835000,2044
3,1880,28200000,28200100,3914,6522,28215000,20423
3,1881,28215000,28215100,3914,6522,28230000,20434
3,1882,28230000,28230100,3914,6522,28245000,20445
3,1883,28245000,28245100,3914,6522,28260000,20454
3,1884,28260000,28260100,3914,6522,28275000,20465
3,1885,28275000,28275100,3914,6522,28290000,20477
3,1886,28290000,28290100,3914,6522,28305000,20490
3,1887,28305000,28305100,3914,6522,28320000,20496
3,1888,28320000,28320100,3914,6522,28335000,20510
3,1889,28335000,28335100,3914,6522,28350000,20518
3,189,2835000,2835100,3914,6522,2850000,2053
3,1890,28350000,28350100,3914,6522,28365000,20533
3,1891,28365000,28365100,3914,6522,28380000,20541
3,1892,28380000,28380100,3914,6522,28395000,20552
3,1893,28395000,28395100,3914,6522,28410000,20564
3,1894,28410000,28410100,3914,6522,28425000,20575
3,1895,28425000,28425100,3914,6522,28440000,20584
3,1896,28440000,28440100,3914,6522,28455000,20598
3,1897,28455000,28455100,3914,6522,28470000,20606
3,1898,28470000,28470100,3914,6522,28485000,20619
3,1899,28485000,28485100,3914,6522,28500000,20627
3,19,285000,285100,3914,6522,300000,206
3,190,2850000,2850100,3914,6522,2865000,2067
3,1900,28500000,28500100,3914,6522,28515000,20640
3,1901,28515000,28515100,3914,6522,28530000,20651
3,1902,28530000,28530100,3914,6522,28545000,20661
3,1903,28545000,28545100,3914,6522,28560000,20671
3,1904,28560000,28560100,3914,6522,28575000,20683
3,1905,28575000,28575100,3914,6522,28590000,20693
3,1906,28590000,28590100,3914,6522,28605000,20708
3,1907,28605000,28605100,3914,6522,28620000,20714
3,1908,28620000,28620100,3914,6522,28635000,20727
3,1909,28635000,28635100,3914,6522,28650000,20736
3,191,2865000,2865100,3914,6522,2880000,2076
3,1910,28650000,28650100,3914,6522,28665000,20750
3,1911,28665000,28665100,3914,6522,28680000,20758
3,1912,28680000,28680100,3914,6522,28695000,20769
3,1913,28695000,28695100,3914,6522,28710000,20781
3,1914,28710000,28710100,3914,6522,28725000,20793
3,1915,28725000,28725100,3914,6522,28740000,20801
3,1916,28740000,28740100,3914,6522,28755000,20814
3,1917,28755000,28755100,3914,6522,28770000,20824
3,1918,28770000,28770100,3914,6522,28785000,20837
3,1919,28785000,28785100,3914,6522,28800000,20843
3,192,2880000,2880100,3914,6522,2895000,2087
3,1920,28800000,28800100,3914,6522,28815000,20857
3,1921,28815000,28815100,3914,6522,28830000,20868
3,1922,28830000,28830100,3914,6522,28845000,20880
3,1923,28845000,28845100,3914,6522,28860000,20889
3,1924,28860000,28860100,3914,6522,28875000,20899
3,1925,28875000,28875100,3914,6522,28890000,20911
3,1926,28890000,28890100,3914,6522,28905000,20924
3,1927,28905000,28905100,3914,6522,28920000,20931
3,1928,28920000,28920100,3914,6522,28935000,20945
3,1929,28935000,28935100,3914,6522,28950000,20953
3,193,2895000,2895100,3914,6522,2910000,2098
3,1930,28950000,28950100,3914,6522,28965000,20967
3,1931,28965000,28965100,3914,6522,28980000,20975
3,1932,28980000,28980100,3914,6522,28995000,20987
3,1933,28995000,28995100,3914,6522,29010000,20999
3,1934,29010000,29010100,3914,6522,29025000,21009
3,1935,29025000,29025100,3914,6522,29040000,21017
3,1936,29040000,29040100,3914,6522,29055000,21033
3,1937,29055000,29055100,3914,6522,29070000,21041
3,1938,29070000,29070100,3914,6522,29085000,21054
3,1939,29085000,29085100,3914,6522,29100000,21061
3,194,2910000,2910100,3914,6522,2925000,2110
3,1940,29100000,29100100,3914,6522,29115000,21074
3,1941,29115000,29115100,3914,6522,29130000,21086
3,1942,29130000,29130100,3914,6522,29145000,21096
3,1943,29145000,29145100,3914,6522,29160000,21106
3,1944,29160000,29160100,3914,6522,29175000,21117
3,1945,29175000,29175100,3914,6522,29190000,21127
3,1946,29190000,29190100,3914,6522,29205000,21142
3,1947,29205000,29205100,3914,6522,29220000,21149
3,1948,29220000,29220100,3914,6522,29235000,21161
3,1949,29235000,29235100,3914,6522,29250000,21170
3,195,2925000,2925100,3914,6522,2940000,2118
3,1950,29250000,29250100,3914,6522,29265000,21185
3,1951,29265000,29265100,3914,6522,29280000,21193
3,1952,29280000,29280100,3914,6522,29295000,21204
3,1953,29295000,29295100,3914,6522,29310000,21215
3,1954,29310000,29310100,3914,6522,29325000,21227
3,1955,29325000,29325100,3914,6522,29340000,21236
3,1956,29340000,29340100,3914,6522,29355000,21249
3,1957,29355000,29355100,3914,6522,29370000,21258
3,1958,29370000,29370100,3914,6522,29385000,21271
3,1959,29385000,29385100,3914,6522,29400000,21277
3,196,2940000,2940100,3914,6522,2955000,2132
3,1960,29400000,29400100,3914,6522,29415000,21292
3,1961,29415000,29415100,3914,6522,29430000,21303
3,1962,29430000,29430100,3914,6522,29445000,21314
3,1963,29445000,29445100,3914,6522,29460000,21323
3,1964,29460000,29460100,3914,6522,29475000,21334
3,1965,29475000,29475100,3914,6522,29490000,21346
3,1966,29490000,29490100,3914,6522,29505000,21359
3,1967,29505000,29505100,3914,6522,29520000,21365
3,1968,29520000,29520100,3914,6522,29535000,21378
3,1969,29535000,29535100,3914,6522,29550000,21388
3,197,2955000,2955100,3914,6522,2970000,2141
3,1970,29550000,29550100,3914,6522,29565000,21402
3,1971,29565000,29565100,3914,6522,29580000,21410
3,1972,29580000,29580100,3914,6522,29595000,21421
3,1973,29595000,29595100,3914,6522,29610000,21433
3,1974,29610000,29610100,3914,6522,29625000,21444
3,1975,29625000,29625100,3914,6522,29640000,21452
3,1976,29640000,29640100,3914,6522,29655000,21467
3,1977,29655000,29655100,3914,6522,29670000,21475
3,1978,29670000,29670100,3914,6522,29685000,21489
3,1979,29685000,29685100,3914,6522,29700000,21495
3,198,2970000,2970100,3914,6522,2985000,2154
3,1980,29700000,29700100,3914,6522,29715000,21509
3,1981,29715000,29715100,3914,6522,29730000,21520
3,1982,29730000,29730100,3914,6522,29745000,21530
3,1983,29745000,29745100,3914,6522,29760000,21541
3,1984,29760000,29760100,3914,6522,29775000,21552
3,1985,29775000,29775100,3914,6522,29790000,21562
3,1986,29790000,29790100,3914,6522,29805000,21576
3,1987,29805000,29805100,3914,6522,29820000,21583
3,1988,29820000,29820100,3914,6522,29835000,21596
3,1989,29835000,29835100,3914,6522,29850000,21605
3,199,2985000,2985100,3914,6522,3000000,2160
3,1990,29850000,29850100,3914,6522,29865000,21618
3,1991,29865000,29865100,3914,6522,29880000,21627
3,1992,29880000,29880100,3914,6522,29895000,21639
3,1993,29895000,29895100,3914,6522,29910000,21650
3,1994,29910000,29910100,3914,6522,29925000,21662
3,1995,29925000,29925100,3914,6522,29940000,21670
3,1996,29940000,29940100,3914,6522,29955000,21683
3,1997,29955000,29955100,3914,6522,29970000,21693
3,1998,29970000,29970100,3914,6522,29985000,21706
3,1999,29985000,29985100,3914,6522,30000000,21712
3,2,30000,30100,3914,6522,45000,24
3,20,300000,300100,3914,6522,315000,219
3,200,3000000,3000100,3914,6522,3015000,2175
3,2000,30000000,30000100,3914,6522,30015000,21726
3,2001,30015000,30015100,3914,6522,30030000,21736
3,2002,30030000,30030100,3914,6522,30045000,21749
3,2003,30045000,30045100,3914,6522,30060000,21758
3,2004,30060000,30060100,3914,6522,30075000,21768
3,2005,30075000,30075100,3914,6522,30090000,21780
3,2006,30090000,30090100,3914,6522,30105000,21794
3,2007,30105000,30105100,3914,6522,30120000,21800
3,2008,30120000,30120100,3914,6522,30135000,21813
3,2009,30135000,30135100,3914,6522,30150000,21822
3,201,3015000,3015100,3914,6522,3030000,2186
3,2010,30150000,30150100,3914,6522,30165000,21836
3,2011,30165000,30165100,3914,6522,30180000,21845
3,2012,30180000,30180100,3914,6522,30195000,21855
3,2013,30195000,30195100,3914,6522,30210000,21868
3,2014,30210000,30210100,3914,6522,30225000,21878
3,2015,30225000,30225100,3914,6522,30240000,21886
3,2016,30240000,30240100,3914,6522,30255000,21902
3,2017,30255000,30255100,3914,6522,30270000,21910
3,2018,30270000,30270100,3914,6522,30285000,21923
3,2019,30285000,30285100,3914,6522,30300000,21929
3,202,3030000,3030100,3914,6522,3045000,2197
3,2020,30300000,30300100,3914,6522,30315000,21944
3,2021,30315000,30315100,3914,6522,30330000,21955
3,2022,30330000,30330100,3914,6522,30345000,21965
3,2023,30345000,30345100,3914,6522,30360000,21974
3,2024,30360000,30360100,3914,6522,30375000,21986
3,2025,30375000,30375100,3914,6522,30390000,21997
3,2026,30390000,30390100,3914,6522,30405000,22011
3,2027,30405000,30405100,3914,6522,30420000,22018
3,2028,30420000,30420100,3914,6522,30435000,22030
3,2029,30435000,30435100,3914,6522,30450000,22039
3,203,3045000,3045100,3914,6522,3060000,2206
3,2030,30450000,30450100,3914,6522,30465000,22053
3,2031,30465000,30465100,3914,6522,30480000,22062
3,2032,30480000,30480100,3914,6522,30495000,22073
3,2033,30495000,30495100,3914,6522,30510000,22084
3,2034,30510000,30510100,3914,6522,30525000,22096
3,2035,30525000,30525100,3914,6522,30540000,22105
3,2036,30540000,30540100,3914,6522,30555000,22118
3,2037,30555000,30555100,3914,6522,30570000,22127
3,2038,30570000,30570100,3914,6522,30585000,22140
3,2039,30585000,30585100,3914,6522,30600000,22147
3,204,3060000,3060100,3914,6522,3075000,2216
3,2040,30600000,30600100,3914,6522,30615000,22161
3,2041,30615000,30615100,3914,6522,30630000,22171
3,2042,30630000,30630100,3914,6522,30645000,22183
3,2043,30645000,30645100,3914,6522,30660000,22192
3,2044,30660000,30660100,3914,6522,30675000,22203
3,2045,30675000,30675100,3914,6522,30690000,22214
3,2046,30690000,30690100,3914,6522,30705000,22228
3,2047,30705000,30705100,3914,6522,30720000,22234
3,2048,30720000,30720100,3914,6522,30735000,22248
3,2049,30735000,30735100,3914,6522,30750000,22257
3,205,3075000,3075100,3914,6522,3090000,2229
3,2050,30750000,30750100,3914,6522,30765000,22271
3,2051,30765000,30765100,3914,6522,30780000,22279
3,2052,30780000,30780100,3914,6522,30795000,22289
3,2053,30795000,30795100,3914,6522,30810000,22303
3,2054,30810000,30810100,3914,6522,30825000,22313
3,2055,30825000,30825100,3914,6522,30840000,22321
3,2056,30840000,30840100,3914,6522,30855000,22335
3,2057,30855000,30855100,3914,6522,30870000,22344
3,2058,30870000,30870100,3914,6522,30885000,22358
3,2059,30885000,30885100,3914,6522,30900000,22364
3,206,3090000,3090100,3914,6522,3105000,2242
3,2060,30900000,30900100,3914,6522,30915000,22378
3,2061,30915000,30915100,3914,6522,30930000,22389
3,2062,30930000,30930100,3914,6522,30945000,22400
3,2063,30945000,30945100,3914,6522,30960000,22409
3,2064,30960000,30960100,3914,6522,30975000,22421
3,2065,30975000,30975100,3914,6522,30990000,22431
3,2066,30990000,30990100,3914,6522,31005000,22445
3,2067,31005000,31005100,3914,6522,31020000,22452
3,2068,31020000,31020100,3914,6522,31035000,22465
3,2069,31035000,31035100,3914,6522,31050000,22474
3,207,3105000,3105100,3914,6522,3120000,2248
3,2070,31050000,31050100,3914,6522,31065000,22487
3,2071,31065000,31065100,3914,6522,31080000,22496
3,2072,31080000,31080100,3914,6522,31095000,22508
3,2073,31095000,31095100,3914,6522,31110000,22519
3,2074,31110000,31110100,3914,6522,31125000,22530
3,2075,31125000,31125100,3914,6522,31140000,22539
3,2076,31140000,31140100,3914,6522,31155000,22553
3,2077,31155000,31155100,3914,6522,31170000,22562
3,2078,31170000,31170100,3914,6522,31185000,22574
3,2079,31185000,31185100,3914,6522,31200000,22581
3,208,3120000,3120100,3914,6522,3135000,2261
3,2080,31200000,31200100,3914,6522,31215000,22595
3,2081,31215000,31215100,3914,6522,31230000,22606
3,2082,31230000,31230100,3914,6522,31245000,22618
3,2083,31245000,31245100,3914,6522,31260000,22627
3,2084,31260000,31260100,3914,6522,31275000,22637
3,2085,31275000,31275100,3914,6522,31290000,22648
3,2086,31290000,31290100,3914,6522,31305000,22663
3,2087,31305000,31305100,3914,6522,31320000,22669
3,2088,31320000,31320100,3914,6522,31335000,22682
3,2089,31335000,31335100,3914,6522,31350000,22690
3,209,3135000,3135100,3914,6522,3150000,2270
3,2090,31350000,31350100,3914,6522,31365000,22706
3,2091,31365000,31365100,3914,6522,31380000,22714
3,2092,31380000,31380100,3914,6522,31395000,22724
3,2093,31395000,31395100,3914,6522,31410000,22737
3,2094,31410000,31410100,3914,6522,31425000,22747
3,2095,31425000,31425100,3914,6522,31440000,22756
3,2096,31440000,31440100,3914,6522,31455000,22770
3,2097,31455000,31455100,3914,6522,31470000,22779
3,2098,31470000,31470100,3914,6522,31485000,22792
3,2099,31485000,31485100,3914,6522,31500000,22798
3,21,315000,315100,3914,6522,330000,230
3,210,3150000,3150100,3914,6522,3165000,2285
3,2100,31500000,31500100,3914,6522,31515000,22812
3,2101,31515000,31515100,3914,6522,31530000,22824
3,2102,31530000,31530100,3914,6522,31545000,22834
3,2103,31545000,31545100,3914,6522,31560000,22843
3,2104,31560000,31560100,3914,6522,31575000,22856
3,2105,31575000,31575100,3914,6522,31590000,22866
3,2106,31590000,31590100,3914,6522,31605000,22880
3,2107,31605000,31605100,3914,6522,31620000,22886
3,2108,31620000,31620100,3914,6522,31635000,22899
3,2109,31635000,31635100,3914,6522,31650000,22909
3,211,3165000,3165100,3914,6522,3180000,2293
3,2110,31650000,31650100,3914,6522,31665000,22922
3,2111,31665000,31665100,3914,6522,31680000,22930
3,2112,31680000,31680100,3914,6522,31695000,22942
3,2113,31695000,31695100,3914,6522,31710000,22953
3,2114,31710000,31710100,3914,6522,31725000,22965
3,2115,31725000,31725100,3914,6522,31740000,22974
3,2116,31740000,31740100,3914,6522,31755000,22987
3,2117,31755000,31755100,3914,6522,31770000,22996
3,2118,31770000,31770100,3914,6522,31785000,23009
3,2119,31785000,31785100,3914,6522,31800000,23016
3,212,3180000,3180100,3914,6522,3195000,2304
3,2120,31800000,31800100,3914,6522,31815000,23030
3,2121,31815000,31815100,3914,6522,31830000,23040
3,2122,31830000,31830100,3914,6522,31845000,23051
3,2123,31845000,31845100,3914,6522,31860000,23062
3,2124,31860000,31860100,3914,6522,31875000,23072
3,2125,31875000,31875100,3914,6522,31890000,23083
3,2126,31890000,31890100,3914,6522,31905000,23097
3,2127,31905000,31905100,3914,6522,31920000,23103
3,2128,31920000,31920100,3914,6522,31935000,23117
3,2129,31935000,31935100,3914,6522,31950000,23125
3,213,3195000,3195100,3914,6522,3210000,2316
3,2130,31950000,31950100,3914,6522,31965000,23140
3,2131,31965000,31965100,3914,6522,31980000,23148
3,2132,31980000,31980100,3914,6522,31995000,23159
3,2133,31995000,31995100,3914,6522,32010000,23171
3,2134,32010000,32010100,3914,6522,32025000,23182
3,2135,32025000,32025100,3914,6522,32040000,23190
3,2136,32040000,32040100,3914,6522,32055000,23204
3,2137,32055000,32055100,3914,6522,32070000,23214
3,2138,32070000,32070100,3914,6522,32085000,23227
3,2139,32085000,32085100,3914,6522,32100000,23233
3,214,3210000,3210100,3914,6522,3225000,2327
3,2140,32100000,32100100,3914,6522,32115000,23246
3,2141,32115000,32115100,3914,6522,32130000,23258
3,2142,32130000,32130100,3914,6522,32145000,23269
3,2143,32145000,32145100,3914,6522,32160000,23278
3,2144,32160000,32160100,3914,6522,32175000,23289
3,2145,32175000,32175100,3914,6522,32190000,23300
3,2146,32190000,32190100,3914,6522,32205000,23315
3,2147,32205000,32205100,3914,6522,32220000,23321
3,2148,32220000,32220100,3914,6522,32235000,23334
3,2149,32235000,32235100,3914,6522,32250000,23343
3,215,3225000,3225100,3914,6522,3240000,2335
3,2150,32250000,32250100,3914,6522,32265000,23356
3,2151,32265000,32265100,3914,6522,32280000,23365
3,2152,32280000,32280100,3914,6522,32295000,23377
3,2153,32295000,32295100,3914,6522,32310000,23388
3,2154,32310000,32310100,3914,6522,32325000,23399
3,2155,32325000,32325100,3914,6522,32340000,23407
3,2156,32340000,32340100,3914,6522,32355000,23422
3,2157,32355000,32355100,3914,6522,32370000,23431
3,2158,32370000,32370100,3914,6522,32385000,23443
3,2159,32385000,32385100,3914,6522,32400000,23450
3,216,3240000,3240100,3914,6522,3255000,2350
3,2160,32400000,32400100,3914,6522,32415000,23465
3,2161,32415000,32415100,3914,6522,32430000,23475
3,2162,32430000,32430100,3914,6522,32445000,23486
3,2163,32445000,32445100,3914,6522,32460000,23496
3,2164,32460000,32460100,3914,6522,32475000,23506
3,2165,32475000,32475100,3914,6522,32490000,23518
3,2166,32490000,32490100,3914,6522,32505000,23531
3,2167,32505000,32505100,3914,6522,32520000,23538
3,2168,32520000,32520100,3914,6522,32535000,23551
3,2169,32535000,32535100,3914,6522,32550000,23559
3,217,3255000,3255100,3914,6522,3270000,2358
3,2170,32550000,32550100,3914,6522,32565000,23575
3,2171,32565000,32565100,3914,6522,32580000,23583
3,2172,32580000,32580100,3914,6522,32595000,23593
3,2173,32595000,32595100,3914,6522,32610000,23605
3,2174,32610000,32610100,3914,6522,32625000,23617
3,2175,32625000,32625100,3914,6522,32640000,23625
3,2176,32640000,32640100,3914,6522,32655000,23639
3,2177,32655000,32655100,3914,6522,32670000,23647
3,2178,32670000,32670100,3914,6522,32685000,23661
3,2179,32685000,32685100,3914,6522,32700000,23668
3,218,3270000,3270100,3914,6522,3285000,2371
3,2180,32700000,32700100,3914,6522,32715000,23681
3,2181,32715000,32715100,3914,6522,32730000,23693
3,2182,32730000,32730100,3914,6522,32745000,23703
3,2183,32745000,32745100,3914,6522,32760000,23712
3,2184,32760000,32760100,3914,6522,32775000,23724
3,2185,32775000,32775100,3914,6522,32790000,23735
3,2186,32790000,32790100,3914,6522,32805000,23749
3,2187,32805000,32805100,3914,6522,32820000,23755
3,2188,32820000,32820100,3914,6522,32835000,23768
3,2189,32835000,32835100,3914,6522,32850000,23778
3,219,3285000,3285100,3914,6522,3300000,2378
3,2190,32850000,32850100,3914,6522,32865000,23791
3,2191,32865000,32865100,3914,6522,32880000,23799
3,2192,32880000,32880100,3914,6522,32895000,23811
3,2193,32895000,32895100,3914,6522,32910000,23823
3,2194,32910000,32910100,3914,6522,32925000,23834
3,2195,32925000,32925100,3914,6522,32940000,23842
3,2196,32940000,32940100,3914,6522,32955000,23856
3,2197,32955000,32955100,3914,6522,32970000,23865
3,2198,32970000,32970100,3914,6522,32985000,23878
3,2199,32985000,32985100,3914,6522,33000000,23884
3,22,330000,330100,3914,6522,345000,241
3,220,3300000,3300100,3914,6522,3315000,2392
3,2200,33000000,33000100,3914,6522,33015000,23899
3,2201,33015000,33015100,3914,6522,33030000,23909
3,2202,33030000,33030100,3914,6522,33045000,23921
3,2203,33045000,33045100,3914,6522,33060000,23931
3,2204,33060000,33060100,3914,6522,33075000,23941
3,2205,33075000,33075100,3914,6522,33090000,23952
3,2206,33090000,33090100,3914,6522,33105000,23965
3,2207,33105000,33105100,3914,6522,33120000,23973
3,2208,33120000,33120100,3914,6522,33135000,23986
3,2209,33135000,33135100,3914,6522,33150000,23994
3,221,3315000,3315100,3914,6522,3330000,2403
3,2210,33150000,33150100,3914,6522,33165000,24008
3,2211,33165000,33165100,3914,6522,33180000,24017
3,2212,33180000,33180100,3914,6522,33195000,24028
3,2213,33195000,33195100,3914,6522,33210000,24040
3,2214,33210000,33210100,3914,6522,33225000,24051
3,2215,33225000,33225100,3914,6522,33240000,24059
3,2216,33240000,33240100,3914,6522,33255000,24074
3,2217,33255000,33255100,3914,6522,33270000,24082
3,2218,33270000,33270100,3914,6522,33285000,24096
3,2219,33285000,33285100,3914,6522,33300000,24102
3,222,3330000,3330100,3914,6522,3345000,2413
3,2220,33300000,33300100,3914,6522,33315000,24115
3,2221,33315000,33315100,3914,6522,33330000,24127
3,2222,33330000,33330100,3914,6522,33345000,24138
3,2223,33345000,33345100,3914,6522,33360000,24147
3,2224,33360000,33360100,3914,6522,33375000,24158
3,2225,33375000,33375100,3914,6522,33390000,24169
3,2226,33390000,33390100,3914,6522,33405000,24184
3,2227,33405000,33405100,3914,6522,33420000,24190
3,2228,33420000,33420100,3914,6522,33435000,24202
3,2229,33435000,33435100,3914,6522,33450000,24212
3,223,3345000,3345100,3914,6522,3360000,2423
3,2230,33450000,33450100,3914,6522,33465000,24226
3,2231,33465000,33465100,3914,6522,33480000,24234
3,2232,33480000,33480100,3914,6522,33495000,24245
3,2233,33495000,33495100,3914,6522,33510000,24257
3,2234,33510000,33510100,3914,6522,33525000,24268
3,2235,33525000,33525100,3914,6522,33540000,24277
3,2236,33540000,33540100,3914,6522,33555000,24291
3,2237,33555000,33555100,3914,6522,33570000,24300
3,2238,33570000,33570100,3914,6522,33585000,24312
3,2239,33585000,33585100,3914,6522,33600000,24318
3,224,3360000,3360100,3914,6522,3375000,2435
3,2240,33600000,33600100,3914,6522,33615000,24334
3,2241,33615000,33615100,3914,6522,33630000,24344
3,2242,33630000,33630100,3914,6522,33645000,24355
3,2243,33645000,33645100,3914,6522,33660000,24364
3,2244,33660000,33660100,3914,6522,33675000,24376
3,2245,33675000,33675100,3914,6522,33690000,24387
3,2246,33690000,33690100,3914,6522,33705000,24400
3,2247,33705000,33705100,3914,6522,33720000,24407
3,2248,33720000,33720100,3914,6522,33735000,24420
3,2249,33735000,33735100,3914,6522,33750000,24429
3,225,3375000,3375100,3914,6522,3390000,2445
3,2250,33750000,33750100,3914,6522,33765000,24443
3,2251,33765000,33765100,3914,6522,33780000,24452
3,2252,33780000,33780100,3914,6522,33795000,24462
3,2253,33795000,33795100,3914,6522,33810000,24474
3,2254,33810000,33810100,3914,6522,33825000,24485
3,2255,33825000,33825100,3914,6522,33840000,24494
3,2256,33840000,33840100,3914,6522,33855000,24508
3,2257,33855000,33855100,3914,6522,33870000,24516
3,2258,33870000,33870100,3914,6522,33885000,24531
3,2259,33885000,33885100,3914,6522,33900000,24537
3,226,3390000,3390100,3914,6522,3405000,2459
3,2260,33900000,33900100,3914,6522,33915000,24550
3,2261,33915000,33915100,3914,6522,33930000,24561
3,2262,33930000,33930100,3914,6522,33945000,24572
3,2263,33945000,33945100,3914,6522,33960000,24582
3,2264,33960000,33960100,3914,6522,33975000,24593
3,2265,33975000,33975100,3914,6522,33990000,24603
3,2266,33990000,33990100,3914,6522,34005000,24618
3,2267,34005000,34005100,3914,6522,34020000,24624
3,2268,34020000,34020100,3914,6522,34035000,24637
3,2269,34035000,34035100,3914,6522,34050000,24647
3,227,3405000,3405100,3914,6522,3420000,2466
3,2270,34050000,34050100,3914,6522,34065000,24660
3,2271,34065000,34065100,3914,6522,34080000,24668
3,2272,34080000,34080100,3914,6522,34095000,24680
3,2273,34095000,34095100,3914,6522,34110000,24692
3,2274,34110000,34110100,3914,6522,34125000,24703
3,2275,34125000,34125100,3914,6522,34140000,24711
3,2276,34140000,34140100,3914,6522,34155000,24724
3,2277,34155000,34155100,3914,6522,34170000,24735
3,2278,34170000,34170100,3914,6522,34185000,24747
3,2279,34185000,34185100,3914,6522,34200000,24753
3,228,3420000,3420100,3914,6522,3435000,2479
3,2280,34200000,34200100,3914,6522,34215000,24768
3,2281,34215000,34215100,3914,6522,34230000,24778
3,2282,34230000,34230100,3914,6522,34245000,24790
3,2283,34245000,34245100,3914,6522,34260000,24799
3,2284,34260000,34260100,3914,6522,34275000,24810
3,2285,34275000,34275100,3914,6522,34290000,24821
3,2286,34290000,34290100,3914,6522,34305000,24835
3,2287,34305000,34305100,3914,6522,34320000,24841
3,2288,34320000,34320100,3914,6522,34335000,24855
3,2289,34335000,34335100,3914,6522,34350000,24863
3,229,3435000,3435100,3914,6522,3450000,2488
3,2290,34350000,34350100,3914,6522,34365000,24877
3,2291,34365000,34365100,3914,6522,34380000,24887
3,2292,34380000,34380100,3914,6522,34395000,24897
3,2293,34395000,34395100,3914,6522,34410000,24909
3,2294,34410000,34410100,3914,6522,34425000,24919
3,2295,34425000,34425100,3914,6522,34440000,24928
3,2296,34440000,34440100,3914,6522,34455000,24943
3,2297,34455000,34455100,3914,6522,34470000,24951
3,2298,34470000,34470100,3914,6522,34485000,24964
3,2299,34485000,34485100,3914,6522,34500000,24971
3,23,345000,345100,3914,6522,360000,251
3,230,3450000,3450100,3914,6522,3465000,2501
3,2300,34500000,34500100,3914,6522,34515000,24985
3,2301,34515000,34515100,3914,6522,34530000,24996
3,2302,34530000,34530100,3914,6522,34545000,25007
3,2303,34545000,34545100,3914,6522,34560000,25016
3,2304,34560000,34560100,3914,6522,34575000,25027
3,2305,34575000,34575100,3914,6522,34590000,25038
3,2306,34590000,34590100,3914,6522,34605000,25053
3,2307,34605000,34605100,3914,6522,34620000,25059
3,2308,34620000,34620100,3914,6522,34635000,25071
3,2309,34635000,34635100,3914,6522,34650000,25080
3,231,3465000,3465100,3914,6522,3480000,2510
3,2310,34650000,34650100,3914,6522,34665000,25095
3,2311,34665000,34665100,3914,6522,34680000,25103
3,2312,34680000,34680100,3914,6522,34695000,25114
3,2313,34695000,34695100,3914,6522,34710000,25126
3,2314,34710000,34710100,3914,6522,34725000,25138
3,2315,34725000,34725100,3914,6522,34740000,25146
3,2316,34740000,34740100,3914,6522,34755000,25159
3,2317,34755000,34755100,3914,6522,34770000,25169
3,2318,34770000,34770100,3914,6522,34785000,25181
3,2319,34785000,34785100,3914,6522,34800000,25188
3,232,3480000,3480100,3914,6522,3495000,2521
3,2320,34800000,34800100,3914,6522,34815000,25202
3,2321,34815000,34815100,3914,6522,34830000,25213
3,2322,34830000,34830100,3914,6522,34845000,25224
3,2323,34845000,34845100,3914,6522,34860000,25233
3,2324,34860000,34860100,3914,6522,34875000,25245
3,2325,34875000,34875100,3914,6522,34890000,25256
3,2326,34890000,34890100,3914,6522,34905000,25269
3,2327,34905000,34905100,3914,6522,34920000,25275
3,2328,34920000,34920100,3914,6522,34935000,25290
3,2329,34935000,34935100,3914,6522,34950000,25298
3,233,3495000,3495100,3914,6522,3510000,2533
3,2330,34950000,34950100,3914,6522,34965000,25312
3,2331,34965000,34965100,3914,6522,34980000,25320
3,2332,34980000,34980100,3914,6522,34995000,25331
3,2333,34995000,34995100,3914,6522,35010000,25344
3,2334,35010000,35010100,3914,6522,35025000,25354
3,2335,35025000,35025100,3914,6522,35040000,25363
3,2336,35040000,35040100,3914,6522,35055000,25377
3,2337,35055000,35055100,3914,6522,35070000,25385
3,2338,35070000,35070100,3914,6522,35085000,25399
3,2339,35085000,35085100,3914,6522,35100000,25406
3,234,3510000,3510100,3914,6522,3525000,2545
3,2340,35100000,35100100,3914,6522,35115000,25419
3,2341,35115000,35115100,3914,6522,35130000,25430
3,2342,35130000,35130100,3914,6522,35145000,25441
3,2343,35145000,35145100,3914,6522,35160000,25451
3,2344,35160000,35160100,3914,6522,35175000,25462
3,2345,35175000,35175100,3914,6522,35190000,25472
3,2346,35190000,35190100,3914,6522,35205000,25487
3,2347,35205000,35205100,3914,6522,35220000,25494
3,2348,35220000,35220100,3914,6522,35235000,25506
3,2349,35235000,35235100,3914,6522,35250000,25515
3,235,3525000,3525100,3914,6522,3540000,2553
3,2350,35250000,35250100,3914,6522,35265000,25529
3,2351,35265000,35265100,3914,6522,35280000,25537
3,2352,35280000,35280100,3914,6522,35295000,25549
3,2353,35295000,35295100,3914,6522,35310000,25560
3,2354,35310000,35310100,3914,6522,35325000,25572
3,2355,35325000,35325100,3914,6522,35340000,25580
3,2356,35340000,35340100,3914,6522,35355000,25594
3,2357,35355000,35355100,3914,6522,35370000,25604
3,2358,35370000,35370100,3914,6522,35385000,25616
3,2359,35385000,35385100,3914,6522,35400000,25622
3,236,3540000,3540100,3914,6522,3555000,2566
3,2360,35400000,35400100,3914,6522,35415000,25636
3,2361,35415000,35415100,3914,6522,35430000,25648
3,2362,35430000,35430100,3914,6522,35445000,25659
3,2363,35445000,35445100,3914,6522,35460000,25668
3,2364,35460000,35460100,3914,6522,35475000,25678
3,2365,35475000,35475100,3914,6522,35490000,25690
3,2366,35490000,35490100,3914,6522,35505000,25704
3,2367,35505000,35505100,3914,6522,35520000,25710
3,2368,35520000,35520100,3914,6522,35535000,25724
3,2369,35535000,35535100,3914,6522,35550000,25732
3,237,3555000,3555100,3914,6522,3570000,2575
3,2370,35550000,35550100,3914,6522,35565000,25747
3,2371,35565000,35565100,3914,6522,35580000,25755
3,2372,35580000,35580100,3914,6522,35595000,25766
3,2373,35595000,35595100,3914,6522,35610000,25778
3,2374,35610000,35610100,3914,6522,35625000,25788
3,2375,35625000,35625100,3914,6522,35640000,25797
3,2376,35640000,35640100,3914,6522,35655000,25812
3,2377,35655000,35655100,3914,6522,35670000,25820
3,2378,35670000,35670100,3914,6522,35685000,25833
3,2379,35685000,35685100,3914,6522,35700000,25840
3,238,3570000,3570100,3914,6522,3585000,2589
3,2380,35700000,35700100,3914,6522,35715000,25854
3,2381,35715000,35715100,3914,6522,35730000,25865
3,2382,35730000,35730100,3914,6522,35745000,25875
3,2383,35745000,35745100,3914,6522,35760000,25885
3,2384,35760000,35760100,3914,6522,35775000,25897
3,2385,35775000,35775100,3914,6522,35790000,25907
3,2386,35790000,35790100,3914,6522,35805000,25921
3,2387,35805000,35805100,3914,6522,35820000,25928
3,2388,35820000,35820100,3914,6522,35835000,25940
3,2389,35835000,35835100,3914,6522,35850000,25950
3,239,3585000,3585100,3914,6522,3600000,2595
3,2390,35850000,35850100,3914,6522,35865000,25964
3,2391,35865000,35865100,3914,6522,35880000,25972
3,2392,35880000,35880100,3914,6522,35895000,25983
3,2393,35895000,35895100,3914,6522,35910000,25994
3,2394,35910000,35910100,3914,6522,35925000,26007
3,2395,35925000,35925100,3914,6522,35940000,26015
3,2396,35940000,35940100,3914,6522,35955000,26028
3,2397,35955000,35955100,3914,6522,35970000,26037
3,2398,35970000,35970100,3914,6522,35985000,26051
3,2399,35985000,35985100,3914,6522,36000000,26057
3,24,360000,360100,3914,6522,375000,262
3,240,3600000,3600100,3914,6522,3615000,2609
3,2400,36000000,36000100,3914,6522,36015000,26071
3,2401,36015000,36015100,3914,6522,36030000,26082
3,2402,36030000,36030100,3914,6522,36045000,26093
3,2403,36045000,36045100,3914,6522,36060000,26103
3,2404,36060000,36060100,3914,6522,36075000,26113
3,2405,36075000,36075100,3914,6522,36090000,26125
3,2406,36090000,36090100,3914,6522,36105000,26138
3,2407,36105000,36105100,3914,6522,36120000,26144
3,2408,36120000,36120100,3914,6522,36135000,26158
3,2409,36135000,36135100,3914,6522,36150000,26167
3,241,3615000,3615100,3914,6522,3630000,2619
3,2410,36150000,36150100,3914,6522,36165000,26181
3,2411,36165000,36165100,3914,6522,36180000,26189
3,2412,36180000,36180100,3914,6522,36195000,26201
3,2413,36195000,36195100,3914,6522,36210000,26213
3,2414,36210000,36210100,3914,6522,36225000,26223
3,2415,36225000,36225100,3914,6522,36240000,26231
3,2416,36240000,36240100,3914,6522,36255000,26246
3,2417,36255000,36255100,3914,6522,36270000,26255
3,2418,36270000,36270100,3914,6522,36285000,26268
3,2419,36285000,36285100,3914,6522,36300000,26274
3,242,3630000,3630100,3914,6522,3645000,2632
3,2420,36300000,36300100,3914,6522,36315000,26288
3,2421,36315000,36315100,3914,6522,36330000,26299
3,2422,36330000,36330100,3914,6522,36345000,26310
3,2423,36345000,36345100,3914,6522,36360000,26320
3,2424,36360000,36360100,3914,6522,36375000,26331
3,2425,36375000,36375100,3914,6522,36390000,26341
3,2426,36390000,36390100,3914,6522,36405000,26356
3,2427,36405000,36405100,3914,6522,36420000,26363
3,2428,36420000,36420100,3914,6522,36435000,26375
3,2429,36435000,36435100,3914,6522,36450000,26384
3,243,3645000,3645100,3914,6522,3660000,2641
3,2430,36450000,36450100,3914,6522,36465000,26397
3,2431,36465000,36465100,3914,6522,36480000,26407
3,2432,36480000,36480100,3914,6522,36495000,26418
3,2433,36495000,36495100,3914,6522,36510000,26429
3,2434,36510000,36510100,3914,6522,36525000,26441
3,2435,36525000,36525100,3914,6522,36540000,26449
3,2436,36540000,36540100,3914,6522,36555000,26463
3,2437,36555000,36555100,3914,6522,36570000,26472
3,2438,36570000,36570100,3914,6522,36585000,26485
3,2439,36585000,36585100,3914,6522,36600000,26491
3,244,3660000,3660100,3914,6522,3675000,2651
3,2440,36600000,36600100,3914,6522,36615000,26506
3,2441,36615000,36615100,3914,6522,36630000,26516
3,2442,36630000,36630100,3914,6522,36645000,26528
3,2443,36645000,36645100,3914,6522,36660000,26537
3,2444,36660000,36660100,3914,6522,36675000,26547
3,2445,36675000,36675100,3914,6522,36690000,26560
3,2446,36690000,36690100,3914,6522,36705000,26573
3,2447,36705000,36705100,3914,6522,36720000,26579
3,2448,36720000,36720100,3914,6522,36735000,26592
3,2449,36735000,36735100,3914,6522,36750000,26601
3,245,3675000,3675100,3914,6522,3690000,2663
3,2450,36750000,36750100,3914,6522,36765000,26616
3,2451,36765000,36765100,3914,6522,36780000,26624
3,2452,36780000,36780100,3914,6522,36795000,26634
3,2453,36795000,36795100,3914,6522,36810000,26647
3,2454,36810000,36810100,3914,6522,36825000,26658
3,2455,36825000,36825100,3914,6522,36840000,26666
3,2456,36840000,36840100,3914,6522,36855000,26681
3,2457,36855000,36855100,3914,6522,36870000,26689
3,2458,36870000,36870100,3914,6522,36885000,26702
3,2459,36885000,36885100,3914,6522,36900000,26709
3,246,3690000,3690100,3914,6522,3705000,2676
3,2460,36900000,36900100,3914,6522,36915000,26723
3,2461,36915000,36915100,3914,6522,36930000,26734
3,2462,36930000,36930100,3914,6522,36945000,26744
3,2463,36945000,36945100,3914,6522,36960000,26753
3,2464,36960000,36960100,3914,6522,36975000,26766
3,2465,36975000,36975100,3914,6522,36990000,26776
3,2466,36990000,36990100,3914,6522,37005000,26790
3,2467,37005000,37005100,3914,6522,37020000,26797
3,2468,37020000,37020100,3914,6522,37035000,26810
3,2469,37035000,37035100,3914,6522,37050000,26819
3,247,3705000,3705100,3914,6522,3720000,2683
3,2470,37050000,37050100,3914,6522,37065000,26832
3,2471,37065000,37065100,3914,6522,37080000,26841
3,2472,37080000,37080100,3914,6522,37095000,26852
3,2473,37095000,37095100,3914,6522,37110000,26864
3,2474,37110000,37110100,3914,6522,37125000,26875
3,2475,37125000,37125100,3914,6522,37140000,26884
3,2476,37140000,37140100,3914,6522,37155000,26897
3,2477,37155000,37155100,3914,6522,37170000,26906
3,2478,37170000,37170100,3914,6522,37185000,26920
3,2479,37185000,37185100,3914,6522,37200000,26926
3,248,3720000,3720100,3914,6522,3735000,2696
3,2480,37200000,37200100,3914,6522,37215000,26940
3,2481,37215000,37215100,3914,6522,37230000,26950
3,2482,37230000,37230100,3914,6522,37245000,26963
3,2483,37245000,37245100,3914,6522,37260000,26972
3,2484,37260000,37260100,3914,6522,37275000,26982
3,2485,37275000,37275100,3914,6522,37290000,26993
3,2486,37290000,37290100,3914,6522,37305000,27007
3,2487,37305000,37305100,3914,6522,37320000,27014
3,2488,37320000,37320100,3914,6522,37335000,27027
3,2489,37335000,37335100,3914,6522,37350000,27036
3,249,3735000,3735100,3914,6522,3750000,2705
3,2490,37350000,37350100,3914,6522,37365000,27050
3,2491,37365000,37365100,3914,6522,37380000,27058
3,2492,37380000,37380100,3914,6522,37395000,27069
3,2493,37395000,37395100,3914,6522,37410000,27082
3,2494,37410000,37410100,3914,6522,37425000,27092
3,2495,37425000,37425100,3914,6522,37440000,27100
3,2496,37440000,37440100,3914,6522,37455000,27115
3,2497,37455000,37455100,3914,6522,37470000,27124
3,2498,37470000,37470100,3914,6522,37485000,27137
3,2499,37485000,37485100,3914,6522,37500000,27143
3,25,375000,375100,3914,6522,390000,273
3,250,3750000,3750100,3914,6522,3765000,2719
3,2500,37500000,37500100,3914,6522,37515000,27157
3,2501,37515000,37515100,3914,6522,37530000,27169
3,2502,37530000,37530100,3914,6522,37545000,27179
3,2503,37545000,37545100,3914,6522,37560000,27188
3,2504,37560000,37560100,3914,6522,37575000,27200
3,2505,37575000,37575100,3914,6522,37590000,27210
3,2506,37590000,37590100,3914,6522,37605000,27225
3,2507,37605000,37605100,3914,6522,37620000,27231
3,2508,37620000,37620100,3914,6522,37635000,27244
3,2509,37635000,37635100,3914,6522,37650000,27253
3,251,3765000,3765100,3914,6522,3780000,2727
3,2510,37650000,37650100,3914,6522,37665000,27267
3,2511,37665000,37665100,3914,6522,37680000,27276
3,2512,37680000,37680100,3914,6522,37695000,27287
3,2513,37695000,37695100,3914,6522,37710000,27298
3,2514,37710000,37710100,3914,6522,37725000,27309
3,2515,37725000,37725100,3914,6522,37740000,27319
3,2516,37740000,37740100,3914,6522,37755000,27332
3,2517,37755000,37755100,3914,6522,37770000,27341
3,2518,37770000,37770100,3914,6522,37785000,27353
3,2519,37785000,37785100,3914,6522,37800000,27360
3,252,3780000,3780100,3914,6522,3795000,2738
3,2520,37800000,37800100,3914,6522,37815000,27375
3,2521,37815000,37815100,3914,6522,37830000,27385
3,2522,37830000,37830100,3914,6522,37845000,27397
3,2523,37845000,37845100,3914,6522,37860000,27406
3,2524,37860000,37860100,3914,6522,37875000,27417
3,2525,37875000,37875100,3914,6522,37890000,27428
3,2526,37890000,37890100,3914,6522,37905000,27442
3,2527,37905000,37905100,3914,6522,37920000,27448
3,2528,37920000,37920100,3914,6522,37935000,27461
3,2529,37935000,37935100,3914,6522,37950000,27470
3,253,3795000,3795100,3914,6522,3810000,2751
3,2530,37950000,37950100,3914,6522,37965000,27485
3,2531,37965000,37965100,3914,6522,37980000,27493
3,2532,37980000,37980100,3914,6522,37995000,27503
3,2533,37995000,37995100,3914,6522,38010000,27516
3,2534,38010000,38010100,3914,6522,38025000,27527
3,2535,38025000,38025100,3914,6522,38040000,27535
3,2536,38040000,38040100,3914,6522,38055000,27549
3,2537,38055000,38055100,3914,6522,38070000,27558
3,2538,38070000,38070100,3914,6522,38085000,27572
3,2539,38085000,38085100,3914,6522,38100000,27578
3,254,3810000,3810100,3914,6522,3825000,2761
3,2540,38100000,38100100,3914,6522,38115000,27591
3,2541,38115000,38115100,3914,6522,38130000,27603
3,2542,38130000,38130100,3914,6522,38145000,27613
3,2543,38145000,38145100,3914,6522,38160000,27623
3,2544,38160000,38160100,3914,6522,38175000,27635
3,2545,38175000,38175100,3914,6522,38190000,27645
3,2546,38190000,38190100,3914,6522,38205000,27659
3,2547,38205000,38205100,3914,6522,38220000,27665
3,2548,38220000,38220100,3914,6522,38235000,27679
3,2549,38235000,38235100,3914,6522,38250000,27688
3,255,3825000,3825100,3914,6522,3840000,2769
3,2550,38250000,38250100,3914,6522,38265000,27701
3,2551,38265000,38265100,3914,6522,38280000,27709
3,2552,38280000,38280100,3914,6522,38295000,27722
3,2553,38295000,38295100,3914,6522,38310000,27733
3,2554,38310000,38310100,3914,6522,38325000,27744
3,2555,38325000,38325100,3914,6522,38340000,27753
3,2556,38340000,38340100,3914,6522,38355000,27766
3,2557,38355000,38355100,3914,6522,38370000,27776
3,2558,38370000,38370100,3914,6522,38385000,27788
3,2559,38385000,38385100,3914,6522,38400000,27795
3,256,3840000,3840100,3914,6522,3855000,2785
3,2560,38400000,38400100,3914,6522,38415000,27809
3,2561,38415000,38415100,3914,6522,38430000,27819
3,2562,38430000,38430100,3914,6522,38445000,27831
3,2563,38445000,38445100,3914,6522,38460000,27841
3,2564,38460000,38460100,3914,6522,38475000,27851
3,2565,38475000,38475100,3914,6522,38490000,27862
3,2566,38490000,38490100,3914,6522,38505000,27877
3,2567,38505000,38505100,3914,6522,38520000,27883
3,2568,38520000,38520100,3914,6522,38535000,27896
3,2569,38535000,38535100,3914,6522,38550000,27904
3,257,3855000,3855100,3914,6522,3870000,2793
3,2570,38550000,38550100,3914,6522,38565000,27919
3,2571,38565000,38565100,3914,6522,38580000,27928
3,2572,38580000,38580100,3914,6522,38595000,27938
3,2573,38595000,38595100,3914,6522,38610000,27950
3,2574,38610000,38610100,3914,6522,38625000,27961
3,2575,38625000,38625100,3914,6522,38640000,27969
3,2576,38640000,38640100,3914,6522,38655000,27984
3,2577,38655000,38655100,3914,6522,38670000,27993
3,2578,38670000,38670100,3914,6522,38685000,28006
3,2579,38685000,38685100,3914,6522,38700000,28012
3,258,3870000,3870100,3914,6522,3885000,2806
3,2580,38700000,38700100,3914,6522,38715000,28026
3,2581,38715000,38715100,3914,6522,38730000,28038
3,2582,38730000,38730100,3914,6522,38745000,28048
3,2583,38745000,38745100,3914,6522,38760000,28057
3,2584,38760000,38760100,3914,6522,38775000,28068
3,2585,38775000,38775100,3914,6522,38790000,28080
3,2586,38790000,38790100,3914,6522,38805000,28094
3,2587,38805000,38805100,3914,6522,38820000,28100
3,2588,38820000,38820100,3914,6522,38835000,28113
3,2589,38835000,38835100,3914,6522,38850000,28122
3,259,3885000,3885100,3914,6522,3900000,2812
3,2590,38850000,38850100,3914,6522,38865000,28136
3,2591,38865000,38865100,3914,6522,38880000,28144
3,2592,38880000,38880100,3914,6522,38895000,28156
3,2593,38895000,38895100,3914,6522,38910000,28167
3,2594,38910000,38910100,3914,6522,38925000,28179
3,2595,38925000,38925100,3914,6522,38940000,28187
3,2596,38940000,38940100,3914,6522,38955000,28201
3,2597,38955000,38955100,3914,6522,38970000,28210
3,2598,38970000,38970100,3914,6522,38985000,28222
3,2599,38985000,38985100,3914,6522,39000000,28230
3,26,390000,390100,3914,6522,405000,287
3,260,3900000,3900100,3914,6522,3915000,2826
3,2600,39000000,39000100,3914,6522,39015000,28244
3,2601,39015000,39015100,3914,6522,39030000,28254
3,2602,39030000,39030100,3914,6522,39045000,28265
3,2603,39045000,39045100,3914,6522,39060000,28275
3,2604,39060000,39060100,3914,6522,39075000,28286
3,2605,39075000,39075100,3914,6522,39090000,28297
3,2606,39090000,39090100,3914,6522,39105000,28310
3,2607,39105000,39105100,3914,6522,39120000,28317
3,2608,39120000,39120100,3914,6522,39135000,28331
3,2609,39135000,39135100,3914,6522,39150000,28339
3,261,3915000,3915100,3914,6522,3930000,2838
3,2610,39150000,39150100,3914,6522,39165000,28354
3,2611,39165000,39165100,3914,6522,39180000,28362
3,2612,39180000,39180100,3914,6522,39195000,28372
3,2613,39195000,39195100,3914,6522,39210000,28385
3,2614,39210000,39210100,3914,6522,39225000,28396
3,2615,39225000,39225100,3914,6522,39240000,28404
3,2616,39240000,39240100,3914,6522,39255000,28418
3,2617,39255000,39255100,3914,6522,39270000,28426
3,2618,39270000,39270100,3914,6522,39285000,28441
3,2619,39285000,39285100,3914,6522,39300000,28447
3,262,3930000,3930100,3914,6522,3945000,2848
3,2620,39300000,39300100,3914,6522,39315000,28460
3,2621,39315000,39315100,3914,6522,39330000,28472
3,2622,39330000,39330100,3914,6522,39345000,28483
3,2623,39345000,39345100,3914,6522,39360000,28492
3,2624,39360000,39360100,3914,6522,39375000,28503
3,2625,39375000,39375100,3914,6522,39390000,28514
3,2626,39390000,39390100,3914,6522,39405000,28528
3,2627,39405000,39405100,3914,6522,39420000,28535
3,2628,39420000,39420100,3914,6522,39435000,28547
3,2629,39435000,39435100,3914,6522,39450000,28557
3,263,3945000,3945100,3914,6522,3960000,2857
3,2630,39450000,39450100,3914,6522,39465000,28570
3,2631,39465000,39465100,3914,6522,39480000,28578
3,2632,39480000,39480100,3914,6522,39495000,28591
3,2633,39495000,39495100,3914,6522,39510000,28602
3,2634,39510000,39510100,3914,6522,39525000,28613
3,2635,39525000,39525100,3914,6522,39540000,28621
3,2636,39540000,39540100,3914,6522,39555000,28636
3,2637,39555000,39555100,3914,6522,39570000,28645
3,2638,39570000,39570100,3914,6522,39585000,28657
3,2639,39585000,39585100,3914,6522,39600000,28663
3,264,3960000,3960100,3914,6522,3975000,2869
3,2640,39600000,39600100,3914,6522,39615000,28678
3,2641,39615000,39615100,3914,6522,39630000,28689
3,2642,39630000,39630100,3914,6522,39645000,28700
3,2643,39645000,39645100,3914,6522,39660000,28710
3,2644,39660000,39660100,3914,6522,39675000,28720
3,2645,39675000,39675100,3914,6522,39690000,28731
3,2646,39690000,39690100,3914,6522,39705000,28745
3,2647,39705000,39705100,3914,6522,39720000,28752
3,2648,39720000,39720100,3914,6522,39735000,28765
3,2649,39735000,39735100,3914,6522,39750000,28773
3,265,3975000,3975100,3914,6522,3990000,2879
3,2650,39750000,39750100,3914,6522,39765000,28788
3,2651,39765000,39765100,3914,6522,39780000,28797
3,2652,39780000,39780100,3914,6522,39795000,28807
3,2653,39795000,39795100,3914,6522,39810000,28819
3,2654,39810000,39810100,3914,6522,39825000,28830
3,2655,39825000,39825100,3914,6522,39840000,28839
3,2656,39840000,39840100,3914,6522,39855000,28853
3,2657,39855000,39855100,3914,6522,39870000,28861
3,2658,39870000,39870100,3914,6522,39885000,28875
3,2659,39885000,39885100,3914,6522,39900000,28881
3,266,3990000,3990100,3914,6522,4005000,2894
3,2660,39900000,39900100,3914,6522,39915000,28895
3,2661,39915000,39915100,3914,6522,39930000,28906
3,2662,39930000,39930100,3914,6522,39945000,28917
3,2663,39945000,39945100,3914,6522,39960000,28926
3,2664,39960000,39960100,3914,6522,39975000,28938
3,2665,39975000,39975100,3914,6522,39990000,28949
3,2666,39990000,39990100,3914,6522,40005000,28963
3,2667,40005000,40005100,3914,6522,40020000,28969
3,2668,40020000,40020100,3914,6522,40035000,28981
3,2669,40035000,40035100,3914,6522,40050000,28992
3,267,4005000,4005100,3914,6522,4020000,2901
3,2670,40050000,40050100,3914,6522,40065000,29005
3,2671,40065000,40065100,3914,6522,40080000,29013
3,2672,40080000,40080100,3914,6522,40095000,29024
3,2673,40095000,40095100,3914,6522,40110000,29036
3,2674,40110000,40110100,3914,6522,40125000,29048
3,2675,40125000,40125100,3914,6522,40140000,29056
3,2676,40140000,40140100,3914,6522,40155000,29070
3,2677,40155000,40155100,3914,6522,40170000,29079
3,2678,40170000,40170100,3914,6522,40185000,29092
3,2679,40185000,40185100,3914,6522,40200000,29098
3,268,4020000,4020100,3914,6522,4035000,2913
3,2680,40200000,40200100,3914,6522,40215000,29113
3,2681,40215000,40215100,3914,6522,40230000,29123
3,2682,40230000,40230100,3914,6522,40245000,29134
3,2683,40245000,40245100,3914,6522,40260000,29144
3,2684,40260000,40260100,3914,6522,40275000,29155
3,2685,40275000,40275100,3914,6522,40290000,29166
3,2686,40290000,40290100,3914,6522,40305000,29179
3,2687,40305000,40305100,3914,6522,40320000,29186
3,2688,40320000,40320100,3914,6522,40335000,29200
3,2689,40335000,40335100,3914,6522,40350000,29208
3,269,4035000,4035100,3914,6522,4050000,2922
3,2690,40350000,40350100,3914,6522,40365000,29222
3,2691,40365000,40365100,3914,6522,40380000,29231
3,2692,40380000,40380100,3914,6522,40395000,29242
3,2693,40395000,40395100,3914,6522,40410000,29254
3,2694,40410000,40410100,3914,6522,40425000,29264
3,2695,40425000,40425100,3914,6522,40440000,29273
3,2696,40440000,40440100,3914,6522,40455000,29287
3,2697,40455000,40455100,3914,6522,40470000,29296
3,2698,40470000,40470100,3914,6522,40485000,29310
3,2699,40485000,40485100,3914,6522,40500000,29316
3,27,405000,405100,3914,6522,420000,293
3,270,4050000,4050100,3914,6522,4065000,2936
3,2700,40500000,40500100,3914,6522,40515000,29329
3,2701,40515000,40515100,3914,6522,40530000,29340
3,2702,40530000,40530100,3914,6522,40545000,29352
3,2703,40545000,40545100,3914,6522,40560000,29361
3,2704,40560000,40560100,3914,6522,40575000,29372
3,2705,40575000,40575100,3914,6522,40590000,29382
3,2706,40590000,40590100,3914,6522,40605000,29398
3,2707,40605000,40605100,3914,6522,40620000,29404
3,2708,40620000,40620100,3914,6522,40635000,29416
3,2709,40635000,40635100,3914,6522,40650000,29426
3,271,4065000,4065100,3914,6522,4080000,2945
3,2710,40650000,40650100,3914,6522,40665000,29439
3,2711,40665000,40665100,3914,6522,40680000,29448
3,2712,40680000,40680100,3914,6522,40695000,29459
3,2713,40695000,40695100,3914,6522,40710000,29471
3,2714,40710000,40710100,3914,6522,40725000,29482
3,2715,40725000,40725100,3914,6522,40740000,29490
3,2716,40740000,40740100,3914,6522,40755000,29504
3,2717,40755000,40755100,3914,6522,40770000,29514
3,2718,40770000,40770100,3914,6522,40785000,29526
3,2719,40785000,40785100,3914,6522,40800000,29532
3,272,4080000,4080100,3914,6522,4095000,2956
3,2720,40800000,40800100,3914,6522,40815000,29548
3,2721,40815000,40815100,3914,6522,40830000,29558
3,2722,40830000,40830100,3914,6522,40845000,29569
3,2723,40845000,40845100,3914,6522,40860000,29578
3,2724,40860000,40860100,3914,6522,40875000,29589
3,2725,40875000,40875100,3914,6522,40890000,29601
3,2726,40890000,40890100,3914,6522,40905000,29614
3,2727,40905000,40905100,3914,6522,40920000,29620
3,2728,40920000,40920100,3914,6522,40935000,29634
3,2729,40935000,40935100,3914,6522,40950000,29642
3,273,4095000,4095100,3914,6522,4110000,2967
3,2730,40950000,40950100,3914,6522,40965000,29657
3,2731,40965000,40965100,3914,6522,40980000,29666
3,2732,40980000,40980100,3914,6522,40995000,29676
3,2733,40995000,40995100,3914,6522,41010000,29688
3,2734,41010000,41010100,3914,6522,41025000,29699
3,2735,41025000,41025100,3914,6522,41040000,29708
3,2736,41040000,41040100,3914,6522,41055000,29722
3,2737,41055000,41055100,3914,6522,41070000,29730
3,2738,41070000,41070100,3914,6522,41085000,29743
3,2739,41085000,41085100,3914,6522,41100000,29751
3,274,4110000,4110100,3914,6522,4125000,2978
3,2740,41100000,41100100,3914,6522,41115000,29764
3,2741,41115000,41115100,3914,6522,41130000,29775
3,2742,41130000,41130100,3914,6522,41145000,29786
3,2743,41145000,41145100,3914,6522,41160000,29795
3,2744,41160000,41160100,3914,6522,41175000,29807
3,2745,41175000,41175100,3914,6522,41190000,29817
3,2746,41190000,41190100,3914,6522,41205000,29832
3,2747,41205000,41205100,3914,6522,41220000,29838
3,2748,41220000,41220100,3914,6522,41235000,29851
3,2749,41235000,41235100,3914,6522,41250000,29860
3,275,4125000,4125100,3914,6522,4140000,2988
3,2750,41250000,41250100,3914,6522,41265000,29874
3,2751,41265000,41265100,3914,6522,41280000,29882
3,2752,41280000,41280100,3914,6522,41295000,29893
3,2753,41295000,41295100,3914,6522,41310000,29906
3,2754,41310000,41310100,3914,6522,41325000,29917
3,2755,41325000,41325100,3914,6522,41340000,29925
3,2756,41340000,41340100,3914,6522,41355000,29938
3,2757,41355000,41355100,3914,6522,41370000,29948
3,2758,41370000,41370100,3914,6522,41385000,29961
3,2759,41385000,41385100,3914,6522,41400000,29967
3,276,4140000,4140100,3914,6522,4155000,3001
3,2760,41400000,41400100,3914,6522,41415000,29981
3,2761,41415000,41415100,3914,6522,41430000,29992
3,2762,41430000,41430100,3914,6522,41445000,30004
3,2763,41445000,41445100,3914,6522,41460000,30013
3,2764,41460000,41460100,3914,6522,41475000,30024
3,2765,41475000,41475100,3914,6522,41490000,30035
3,2766,41490000,41490100,3914,6522,41505000,30048
3,2767,41505000,41505100,3914,6522,41520000,30055
3,2768,41520000,41520100,3914,6522,41535000,30069
3,2769,41535000,41535100,3914,6522,41550000,30077
3,277,4155000,4155100,3914,6522,4170000,3010
3,2770,41550000,41550100,3914,6522,41565000,30091
3,2771,41565000,41565100,3914,6522,41580000,30099
3,2772,41580000,41580100,3914,6522,41595000,30111
3,2773,41595000,41595100,3914,6522,41610000,30123
3,2774,41610000,41610100,3914,6522,41625000,30133
3,2775,41625000,41625100,3914,6522,41640000,30142
3,2776,41640000,41640100,3914,6522,41655000,30157
3,2777,41655000,41655100,3914,6522,41670000,30165
3,2778,41670000,41670100,3914,6522,41685000,30178
3,2779,41685000,41685100,3914,6522,41700000,30185
3,278,4170000,4170100,3914,6522,4185000,3023
3,2780,41700000,41700100,3914,6522,41715000,30198
3,2781,41715000,41715100,3914,6522,41730000,30210
3,2782,41730000,41730100,3914,6522,41745000,30220
3,2783,41745000,41745100,3914,6522,41760000,30230
3,2784,41760000,41760100,3914,6522,41775000,30241
3,2785,41775000,41775100,3914,6522,41790000,30251
3,2786,41790000,41790100,3914,6522,41805000,30267
3,2787,41805000,41805100,3914,6522,41820000,30273
3,2788,41820000,41820100,3914,6522,41835000,30285
3,2789,41835000,41835100,3914,6522,41850000,30294
3,279,4185000,4185100,3914,6522,4200000,3029
3,2790,41850000,41850100,3914,6522,41865000,30309
3,2791,41865000,41865100,3914,6522,41880000,30317
3,2792,41880000,41880100,3914,6522,41895000,30328
3,2793,41895000,41895100,3914,6522,41910000,30339
3,2794,41910000,41910100,3914,6522,41925000,30351
3,2795,41925000,41925100,3914,6522,41940000,30360
3,2796,41940000,41940100,3914,6522,41955000,30373
3,2797,41955000,41955100,3914,6522,41970000,30383
3,2798,41970000,41970100,3914,6522,41985000,30395
3,2799,41985000,41985100,3914,6522,42000000,30401
3,28,420000,420100,3914,6522,435000,306
3,280,4200000,4200100,3914,6522,4215000,3044
3,2800,42000000,42000100,3914,6522,42015000,30416
3,2801,42015000,42015100,3914,6522,42030000,30427
3,2802,42030000,42030100,3914,6522,42045000,30438
3,2803,42045000,42045100,3914,6522,42060000,30447
3,2804,42060000,42060100,3914,6522,42075000,30458
3,2805,42075000,42075100,3914,6522,42090000,30470
3,2806,42090000,42090100,3914,6522,42105000,30483
3,2807,42105000,42105100,3914,6522,42120000,30489
3,2808,42120000,42120100,3914,6522,42135000,30503
3,2809,42135000,42135100,3914,6522,42150000,30512
3,281,4215000,4215100,3914,6522,4230000,3054
3,2810,42150000,42150100,3914,6522,42165000,30526
3,2811,42165000,42165100,3914,6522,42180000,30534
3,2812,42180000,42180100,3914,6522,42195000,30545
3,2813,42195000,42195100,3914,6522,42210000,30557
3,2814,42210000,42210100,3914,6522,42225000,30568
3,2815,42225000,42225100,3914,6522,42240000,30576
3,2816,42240000,42240100,3914,6522,42255000,30591
3,2817,42255000,42255100,3914,6522,42270000,30599
3,2818,42270000,42270100,3914,6522,42285000,30613
3,2819,42285000,42285100,3914,6522,42300000,30620
3,282,4230000,4230100,3914,6522,4245000,3066
3,2820,42300000,42300100,3914,6522,42315000,30633
3,2821,42315000,42315100,3914,6522,42330000,30644
3,2822,42330000,42330100,3914,6522,42345000,30654
3,2823,42345000,42345100,3914,6522,42360000,30665
3,2824,42360000,42360100,3914,6522,42375000,30676
3,2825,42375000,42375100,3914,6522,42390000,30686
3,2826,42390000,42390100,3914,6522,42405000,30700
3,2827,42405000,42405100,3914,6522,42420000,30707
3,2828,42420000,42420100,3914,6522,42435000,30720
3,2829,42435000,42435100,3914,6522,42450000,30729
3,283,4245000,4245100,3914,6522,4260000,3075
3,2830,42450000,42450100,3914,6522,42465000,30743
3,2831,42465000,42465100,3914,6522,42480000,30751
3,2832,42480000,42480100,3914,6522,42495000,30763
3,2833,42495000,42495100,3914,6522,42510000,30774
3,2834,42510000,42510100,3914,6522,42525000,30786
3,2835,42525000,42525100,3914,6522,42540000,30794
3,2836,42540000,42540100,3914,6522,42555000,30807
3,2837,42555000,42555100,3914,6522,42570000,30817
3,2838,42570000,42570100,3914,6522,42585000,30830
3,2839,42585000,42585100,3914,6522,42600000,30836
3,284,4260000,4260100,3914,6522,4275000,3086
3,2840,42600000,42600100,3914,6522,42615000,30850
3,2841,42615000,42615100,3914,6522,42630000,30861
3,2842,42630000,42630100,3914,6522,42645000,30873
3,2843,42645000,42645100,3914,6522,42660000,30882
3,2844,42660000,42660100,3914,6522,42675000,30892
3,2845,42675000,42675100,3914,6522,42690000,30904
3,2846,42690000,42690100,3914,6522,42705000,30918
3,2847,42705000,42705100,3914,6522,42720000,30924
3,2848,42720000,42720100,3914,6522,42735000,30937
3,2849,42735000,42735100,3914,6522,42750000,30946
3,285,4275000,4275100,3914,6522,4290000,3097
3,2850,42750000,42750100,3914,6522,42765000,30960
3,2851,42765000,42765100,3914,6522,42780000,30969
3,2852,42780000,42780100,3914,6522,42795000,30980
3,2853,42795000,42795100,3914,6522,42810000,30992
3,2854,42810000,42810100,3914,6522,42825000,31002
3,2855,42825000,42825100,3914,6522,42840000,31010
3,2856,42840000,42840100,3914,6522,42855000,31026
3,2857,42855000,42855100,3914,6522,42870000,31034
3,2858,42870000,42870100,3914,6522,42885000,31047
3,2859,42885000,42885100,3914,6522,42900000,31053
3,286,4290000,4290100,3914,6522,4305000,3111
3,2860,42900000,42900100,3914,6522,42915000,31068
3,2861,42915000,42915100,3914,6522,42930000,31079
3,2862,42930000,42930100,3914,6522,42945000,31089
3,2863,42945000,42945100,3914,6522,42960000,31099
3,2864,42960000,42960100,3914,6522,42975000,31110
3,2865,42975000,42975100,3914,6522,42990000,31121
3,2866,42990000,42990100,3914,6522,43005000,31135
3,2867,43005000,43005100,3914,6522,43020000,31142
3,2868,43020000,43020100,3914,6522,43035000,31154
3,2869,43035000,43035100,3914,6522,43050000,31163
3,287,4305000,4305100,3914,6522,4320000,3117
3,2870,43050000,43050100,3914,6522,43065000,31177
3,2871,43065000,43065100,3914,6522,43080000,31186
3,2872,43080000,43080100,3914,6522,43095000,31197
3,2873,43095000,43095100,3914,6522,43110000,31208
3,2874,43110000,43110100,3914,6522,43125000,31221
3,2875,43125000,43125100,3914,6522,43140000,31229
3,2876,43140000,43140100,3914,6522,43155000,31242
3,2877,43155000,43155100,3914,6522,43170000,31251
3,2878,43170000,43170100,3914,6522,43185000,31264
3,2879,43185000,43185100,3914,6522,43200000,31271
3,288,4320000,4320100,3914,6522,4335000,3130
3,2880,43200000,43200100,3914,6522,43215000,31285
3,2881,43215000,43215100,3914,6522,43230000,31295
3,2882,43230000,43230100,3914,6522,43245000,31307
3,2883,43245000,43245100,3914,6522,43260000,31316
3,2884,43260000,43260100,3914,6522,43275000,31327
3,2885,43275000,43275100,3914,6522,43290000,31339
3,2886,43290000,43290100,3914,6522,43305000,31352
3,2887,43305000,43305100,3914,6522,43320000,31358
3,2888,43320000,43320100,3914,6522,43335000,31372
3,2889,43335000,43335100,3914,6522,43350000,31381
3,289,4335000,4335100,3914,6522,4350000,3140
3,2890,43350000,43350100,3914,6522,43365000,31395
3,2891,43365000,43365100,3914,6522,43380000,31403
3,2892,43380000,43380100,3914,6522,43395000,31413
3,2893,43395000,43395100,3914,6522,43410000,31427
3,2894,43410000,43410100,3914,6522,43425000,31437
3,2895,43425000,43425100,3914,6522,43440000,31445
3,2896,43440000,43440100,3914,6522,43455000,31460
3,2897,43455000,43455100,3914,6522,43470000,31468
3,2898,43470000,43470100,3914,6522,43485000,31482
3,2899,43485000,43485100,3914,6522,43500000,31488
3,29,435000,435100,3914,6522,450000,316
3,290,4350000,4350100,3914,6522,4365000,3154
3,2900,43500000,43500100,3914,6522,43515000,31502
3,2901,43515000,43515100,3914,6522,43530000,31513
3,2902,43530000,43530100,3914,6522,43545000,31524
3,2903,43545000,43545100,3914,6522,43560000,31533
3,2904,43560000,43560100,3914,6522,43575000,31545
3,2905,43575000,43575100,3914,6522,43590000,31555
3,2906,43590000,43590100,3914,6522,43605000,31569
3,2907,43605000,43605100,3914,6522,43620000,31577
3,2908,43620000,43620100,3914,6522,43635000,31589
3,2909,43635000,43635100,3914,6522,43650000,31598
3,291,4365000,4365100,3914,6522,4380000,3162
3,2910,43650000,43650100,3914,6522,43665000,31611
3,2911,43665000,43665100,3914,6522,43680000,31620
3,2912,43680000,43680100,3914,6522,43695000,31632
3,2913,43695000,43695100,3914,6522,43710000,31643
3,2914,43710000,43710100,3914,6522,43725000,31654
3,2915,43725000,43725100,3914,6522,43740000,31663
3,2916,43740000,43740100,3914,6522,43755000,31677
3,2917,43755000,43755100,3914,6522,43770000,31686
3,2918,43770000,43770100,3914,6522,43785000,31699
3,2919,43785000,43785100,3914,6522,43800000,31705
3,292,4380000,4380100,3914,6522,4395000,3172
3,2920,43800000,43800100,3914,6522,43815000,31719
3,2921,43815000,43815100,3914,6522,43830000,31730
3,2922,43830000,43830100,3914,6522,43845000,31742
3,2923,43845000,43845100,3914,6522,43860000,31751
3,2924,43860000,43860100,3914,6522,43875000,31761
3,2925,43875000,43875100,3914,6522,43890000,31772
3,2926,43890000,43890100,3914,6522,43905000,31787
3,2927,43905000,43905100,3914,6522,43920000,31793
3,2928,43920000,43920100,3914,6522,43935000,31806
3,2929,43935000,43935100,3914,6522,43950000,31815
3,293,4395000,4395100,3914,6522,4410000,3185
3,2930,43950000,43950100,3914,6522,43965000,31830
3,2931,43965000,43965100,3914,6522,43980000,31838
3,2932,43980000,43980100,3914,6522,43995000,31848
3,2933,43995000,43995100,3914,6522,44010000,31861
3,2934,44010000,44010100,3914,6522,44025000,31871
3,2935,44025000,44025100,3914,6522,44040000,31880
3,2936,44040000,44040100,3914,6522,44055000,31894
3,2937,44055000,44055100,3914,6522,44070000,31903
3,2938,44070000,44070100,3914,6522,44085000,31916
3,2939,44085000,44085100,3914,6522,44100000,31922
3,294,4410000,4410100,3914,6522,4425000,3196
3,2940,44100000,44100100,3914,6522,44115000,31937
3,2941,44115000,44115100,3914,6522,44130000,31948
3,2942,44130000,44130100,3914,6522,44145000,31958
3,2943,44145000,44145100,3914,6522,44160000,31967
3,2944,44160000,44160100,3914,6522,44175000,31980
3,2945,44175000,44175100,3914,6522,44190000,31990
3,2946,44190000,44190100,3914,6522,44205000,32004
3,2947,44205000,44205100,3914,6522,44220000,32010
3,2948,44220000,44220100,3914,6522,44235000,32023
3,2949,44235000,44235100,3914,6522,44250000,32033
3,295,4425000,4425100,3914,6522,4440000,3204
3,2950,44250000,44250100,3914,6522,44265000,32046
3,2951,44265000,44265100,3914,6522,44280000,32055
3,2952,44280000,44280100,3914,6522,44295000,32066
3,2953,44295000,44295100,3914,6522,44310000,32077
3,2954,44310000,44310100,3914,6522,44325000,32089
3,2955,44325000,44325100,3914,6522,44340000,32098
3,2956,44340000,44340100,3914,6522,44355000,32111
3,2957,44355000,44355100,3914,6522,44370000,32120
3,2958,44370000,44370100,3914,6522,44385000,32133
3,2959,44385000,44385100,3914,6522,44400000,32140
3,296,4440000,4440100,3914,6522,4455000,3218
3,2960,44400000,44400100,3914,6522,44415000,32154
3,2961,44415000,44415100,3914,6522,44430000,32164
3,2962,44430000,44430100,3914,6522,44445000,32176
3,2963,44445000,44445100,3914,6522,44460000,32186
3,2964,44460000,44460100,3914,6522,44475000,32196
3,2965,44475000,44475100,3914,6522,44490000,32207
3,2966,44490000,44490100,3914,6522,44505000,32221
3,2967,44505000,44505100,3914,6522,44520000,32227
3,2968,44520000,44520100,3914,6522,44535000,32241
3,2969,44535000,44535100,3914,6522,44550000,32249
3,297,4455000,4455100,3914,6522,4470000,3227
3,2970,44550000,44550100,3914,6522,44565000,32264
3,2971,44565000,44565100,3914,6522,44580000,32272
3,2972,44580000,44580100,3914,6522,44595000,32283
3,2973,44595000,44595100,3914,6522,44610000,32296
3,2974,44610000,44610100,3914,6522,44625000,32306
3,2975,44625000,44625100,3914,6522,44640000,32314
3,2976,44640000,44640100,3914,6522,44655000,32328
3,2977,44655000,44655100,3914,6522,44670000,32338
3,2978,44670000,44670100,3914,6522,44685000,32351
3,2979,44685000,44685100,3914,6522,44700000,32357
3,298,4470000,4470100,3914,6522,4485000,3241
3,2980,44700000,44700100,3914,6522,44715000,32370
3,2981,44715000,44715100,3914,6522,44730000,32382
3,2982,44730000,44730100,3914,6522,44745000,32393
3,2983,44745000,44745100,3914,6522,44760000,32402
3,2984,44760000,44760100,3914,6522,44775000,32414
3,2985,44775000,44775100,3914,6522,44790000,32424
3,2986,44790000,44790100,3914,6522,44805000,32439
3,2987,44805000,44805100,3914,6522,44820000,32445
3,2988,44820000,44820100,3914,6522,44835000,32458
3,2989,44835000,44835100,3914,6522,44850000,32467
3,299,4485000,4485100,3914,6522,4500000,3247
3,2990,44850000,44850100,3914,6522,44865000,32480
3,2991,44865000,44865100,3914,6522,44880000,32489
3,2992,44880000,44880100,3914,6522,44895000,32501
3,2993,44895000,44895100,3914,6522,44910000,32512
3,2994,44910000,44910100,3914,6522,44925000,32523
3,2995,44925000,44925100,3914,6522,44940000,32532
3,2996,44940000,44940100,3914,6522,44955000,32546
3,2997,44955000,44955100,3914,6522,44970000,32555
3,2998,44970000,44970100,3914,6522,44985000,32567
3,2999,44985000,44985100,3914,6522,45000000,32574
3,3,45000,45100,3914,6522,60000,34
3,30,450000,450100,3914,6522,465000,329
3,300,4500000,4500100,3914,6522,4515000,3261
3,3000,45000000,45000100,3914,6522,45015000,32589
3,3001,45015000,45015100,3914,6522,45030000,32599
3,3002,45030000,45030100,3914,6522,45045000,32610
3,3003,45045000,45045100,3914,6522,45060000,32620
3,3004,45060000,45060100,3914,6522,45075000,32630
3,3005,45075000,45075100,3914,6522,45090000,32642
3,3006,45090000,45090100,3914,6522,45105000,32656
3,3007,45105000,45105100,3914,6522,45120000,32662
3,3008,45120000,45120100,3914,6522,45135000,32675
3,3009,45135000,45135100,3914,6522,45150000,32683
3,301,4515000,4515100,3914,6522,4530000,3272
3,3010,45150000,45150100,3914,6522,45165000,32699
3,3011,45165000,45165100,3914,6522,45180000,32707
3,3012,45180000,45180100,3914,6522,45195000,32717
3,3013,45195000,45195100,3914,6522,45210000,32729
3,3014,45210000,45210100,3914,6522,45225000,32741
3,3015,45225000,45225100,3914,6522,45240000,32749
3,3016,45240000,45240100,3914,6522,45255000,32763
3,3017,45255000,45255100,3914,6522,45270000,32772
3,3018,45270000,45270100,3914,6522,45285000,32785
3,3019,45285000,45285100,3914,6522,45300000,32792
3,302,4530000,4530100,3914,6522,4545000,3282
3,3020,45300000,45300100,3914,6522,45315000,32805
3,3021,45315000,45315100,3914,6522,45330000,32817
3,3022,45330000,45330100,3914,6522,45345000,32827
3,3023,45345000,45345100,3914,6522,45360000,32836
3,3024,45360000,45360100,3914,6522,45375000,32848
3,3025,45375000,45375100,3914,6522,45390000,32859
3,3026,45390000,45390100,3914,6522,45405000,32873
3,3027,45405000,45405100,3914,6522,45420000,32879
3,3028,45420000,45420100,3914,6522,45435000,32893
3,3029,45435000,45435100,3914,6522,45450000,32902
3,303,4545000,4545100,3914,6522,4560000,3292
3,3030,45450000,45450100,3914,6522,45465000,32915
3,3031,45465000,45465100,3914,6522,45480000,32923
3,3032,45480000,45480100,3914,6522,45495000,32935
3,3033,45495000,45495100,3914,6522,45510000,32947
3,3034,45510000,45510100,3914,6522,45525000,32958
3,3035,45525000,45525100,3914,6522,45540000,32966
3,3036,45540000,45540100,3914,6522,45555000,32980
3,3037,45555000,45555100,3914,6522,45570000,32989
3,3038,45570000,45570100,3914,6522,45585000,33002
3,3039,45585000,45585100,3914,6522,45600000,33009
3,304,4560000,4560100,3914,6522,4575000,3304
3,3040,45600000,45600100,3914,6522,45615000,33023
3,3041,45615000,45615100,3914,6522,45630000,33033
3,3042,45630000,45630100,3914,6522,45645000,33045
3,3043,45645000,45645100,3914,6522,45660000,33055
3,3044,45660000,45660100,3914,6522,45675000,33065
3,3045,45675000,45675100,3914,6522,45690000,33076
3,3046,45690000,45690100,3914,6522,45705000,33089
3,3047,45705000,45705100,3914,6522,45720000,33097
3,3048,45720000,45720100,3914,6522,45735000,33110
3,3049,45735000,45735100,3914,6522,45750000,33118
3,305,4575000,4575100,3914,6522,4590000,3314
3,3050,45750000,45750100,3914,6522,45765000,33133
3,3051,45765000,45765100,3914,6522,45780000,33141
3,3052,45780000,45780100,3914,6522,45795000,33152
3,3053,45795000,45795100,3914,6522,45810000,33164
3,3054,45810000,45810100,3914,6522,45825000,33175
3,3055,45825000,45825100,3914,6522,45840000,33183
3,3056,45840000,45840100,3914,6522,45855000,33198
3,3057,45855000,45855100,3914,6522,45870000,33206
3,3058,45870000,45870100,3914,6522,45885000,33220
3,3059,45885000,45885100,3914,6522,45900000,33226
3,306,4590000,4590100,3914,6522,4605000,3328
3,3060,45900000,45900100,3914,6522,45915000,33239
3,3061,45915000,45915100,3914,6522,45930000,33252
3,3062,45930000,45930100,3914,6522,45945000,33262
3,3063,45945000,45945100,3914,6522,45960000,33271
3,3064,45960000,45960100,3914,6522,45975000,33282
3,3065,45975000,45975100,3914,6522,45990000,33293
3,3066,45990000,45990100,3914,6522,46005000,33308
3,3067,46005000,46005100,3914,6522,46020000,33314
3,3068,46020000,46020100,3914,6522,46035000,33326
3,3069,46035000,46035100,3914,6522,46050000,33336
3,307,4605000,4605100,3914,6522,4620000,3334
3,3070,46050000,46050100,3914,6522,46065000,33350
3,3071,46065000,46065100,3914,6522,46080000,33358
3,3072,46080000,46080100,3914,6522,46095000,33370
3,3073,46095000,46095100,3914,6522,46110000,33381
3,3074,46110000,46110100,3914,6522,46125000,33392
3,3075,46125000,46125100,3914,6522,46140000,33401
3,3076,46140000,46140100,3914,6522,46155000,33415
3,3077,46155000,46155100,3914,6522,46170000,33424
3,3078,46170000,46170100,3914,6522,46185000,33436
3,3079,46185000,46185100,3914,6522,46200000,33442
3,308,4620000,4620100,3914,6522,4635000,3348
3,309,4635000,4635100,3914,6522,4650000,3357
3,31,465000,465100,3914,6522,480000,337
3,310,4650000,4650100,3914,6522,4665000,3370
3,311,4665000,4665100,3914,6522,4680000,3379
3,312,4680000,4680100,3914,6522,4695000,3391
3,313,4695000,4695100,3914,6522,4710000,3402
3,314,4710000,4710100,3914,6522,4725000,3413
3,315,4725000,4725100,3914,6522,4740000,3422
3,316,4740000,4740100,3914,6522,4755000,3435
3,317,4755000,4755100,3914,6522,4770000,3445
3,318,4770000,4770100,3914,6522,4785000,3457
3,319,4785000,4785100,3914,6522,4800000,3464
3,32,480000,480100,3914,6522,495000,349
3,320,4800000,4800100,3914,6522,4815000,3478
3,321,4815000,4815100,3914,6522,4830000,3488
3,322,4830000,4830100,3914,6522,4845000,3501
3,323,4845000,4845100,3914,6522,4860000,3510
3,324,4860000,4860100,3914,6522,4875000,3520
3,325,4875000,4875100,3914,6522,4890000,3531
3,326,4890000,4890100,3914,6522,4905000,3546
3,327,4905000,4905100,3914,6522,4920000,3552
3,328,4920000,4920100,3914,6522,4935000,3565
3,329,4935000,4935100,3914,6522,4950000,3573
3,33,495000,495100,3914,6522,510000,361
3,330,4950000,4950100,3914,6522,4965000,3588
3,331,4965000,4965100,3914,6522,4980000,3597
3,332,4980000,4980100,3914,6522,4995000,3607
3,333,4995000,4995100,3914,6522,5010000,3620
3,334,5010000,5010100,3914,6522,5025000,3630
3,335,5025000,5025100,3914,6522,5040000,3638
3,336,5040000,5040100,3914,6522,5055000,3653
3,337,5055000,5055100,3914,6522,5070000,3662
3,338,5070000,5070100,3914,6522,5085000,3675
3,339,5085000,5085100,3914,6522,5100000,3681
3,34,510000,510100,3914,6522,525000,372
3,340,5100000,5100100,3914,6522,5115000,3695
3,341,5115000,5115100,3914,6522,5130000,3707
3,342,5130000,5130100,3914,6522,5145000,3717
3,343,5145000,5145100,3914,6522,5160000,3726
3,344,5160000,5160100,3914,6522,5175000,3738
3,345,5175000,5175100,3914,6522,5190000,3749
3,346,5190000,5190100,3914,6522,5205000,3763
3,347,5205000,5205100,3914,6522,5220000,3769
3,348,5220000,5220100,3914,6522,5235000,3782
3,349,5235000,5235100,3914,6522,5250000,3791
3,35,525000,525100,3914,6522,540000,380
3,350,5250000,5250100,3914,6522,5265000,3805
3,351,5265000,5265100,3914,6522,5280000,3813
3,352,5280000,5280100,3914,6522,5295000,3825
3,353,5295000,5295100,3914,6522,5310000,3836
3,354,5310000,5310100,3914,6522,5325000,3848
3,355,5325000,5325100,3914,6522,5340000,3857
3,356,5340000,5340100,3914,6522,5355000,3870
3,357,5355000,5355100,3914,6522,5370000,3879
3,358,5370000,5370100,3914,6522,5385000,3891
3,359,5385000,5385100,3914,6522,5400000,3899
3,36,540000,540100,3914,6522,555000,394
3,360,5400000,5400100,3914,6522,5415000,3913
3,361,5415000,5415100,3914,6522,5430000,3923
3,362,5430000,5430100,3914,6522,5445000,3934
3,363,5445000,5445100,3914,6522,5460000,3944
3,364,5460000,5460100,3914,6522,5475000,3955
3,365,5475000,5475100,3914,6522,5490000,3966
3,366,5490000,5490100,3914,6522,5505000,3980
3,367,5505000,5505100,3914,6522,5520000,3986
3,368,5520000,5520100,3914,6522,5535000,4000
3,369,5535000,5535100,3914,6522,5550000,4008
3,37,555000,555100,3914,6522,570000,404
3,370,5550000,5550100,3914,6522,5565000,4023
3,371,5565000,5565100,3914,6522,5580000,4031
3,372,5580000,5580100,3914,6522,5595000,4041
3,373,5595000,5595100,3914,6522,5610000,4054
3,374,5610000,5610100,3914,6522,5625000,4065
3,375,5625000,5625100,3914,6522,5640000,4073
3,376,5640000,5640100,3914,6522,5655000,4087
3,377,5655000,5655100,3914,6522,5670000,4096
3,378,5670000,5670100,3914,6522,5685000,4110
3,379,5685000,5685100,3914,6522,5700000,4116
3,38,570000,570100,3914,6522,585000,416
3,380,5700000,5700100,3914,6522,5715000,4129
3,381,5715000,5715100,3914,6522,5730000,4141
3,382,5730000,5730100,3914,6522,5745000,4152
3,383,5745000,5745100,3914,6522,5760000,4161
3,384,5760000,5760100,3914,6522,5775000,4172
3,385,5775000,5775100,3914,6522,5790000,4183
3,386,5790000,5790100,3914,6522,5805000,4197
3,387,5805000,5805100,3914,6522,5820000,4204
3,388,5820000,5820100,3914,6522,5835000,4217
3,389,5835000,5835100,3914,6522,5850000,4226
3,39,585000,585100,3914,6522,600000,422
3,390,5850000,5850100,3914,6522,5865000,4239
3,391,5865000,5865100,3914,6522,5880000,4247
3,392,5880000,5880100,3914,6522,5895000,4260
3,393,5895000,5895100,3914,6522,5910000,4271
3,394,5910000,5910100,3914,6522,5925000,4282
3,395,5925000,5925100,3914,6522,5940000,4290
3,396,5940000,5940100,3914,6522,5955000,4305
3,397,5955000,5955100,3914,6522,5970000,4314
3,398,5970000,5970100,3914,6522,5985000,4326
3,399,5985000,5985100,3914,6522,6000000,4333
3,4,60000,60100,3914,6522,75000,45
3,40,600000,600100,3914,6522,615000,437
3,400,6000000,6000100,3914,6522,6015000,4347
3,401,6015000,6015100,3914,6522,6030000,4358
3,402,6030000,6030100,3914,6522,6045000,4369
3,403,6045000,6045100,3914,6522,6060000,4379
3,404,6060000,6060100,3914,6522,6075000,4389
3,405,6075000,6075100,3914,6522,6090000,4400
3,406,6090000,6090100,3914,6522,6105000,4414
3,407,6105000,6105100,3914,6522,6120000,4421
3,408,6120000,6120100,3914,6522,6135000,4434
3,409,6135000,6135100,3914,6522,6150000,4442
3,41,615000,615100,3914,6522,630000,447
3,410,6150000,6150100,3914,6522,6165000,4458
3,411,6165000,6165100,3914,6522,6180000,4466
3,412,6180000,6180100,3914,6522,6195000,4476
3,413,6195000,6195100,3914,6522,6210000,4488
3,414,6210000,6210100,3914,6522,6225000,4499
3,415,6225000,6225100,3914,6522,6240000,4508
3,416,6240000,6240100,3914,6522,6255000,4522
3,417,6255000,6255100,3914,6522,6270000,4530
3,418,6270000,6270100,3914,6522,6285000,4544
3,419,6285000,6285100,3914,6522,6300000,4550
3,42,630000,630100,3914,6522,645000,459
3,420,6300000,6300100,3914,6522,6315000,4564
3,421,6315000,6315100,3914,6522,6330000,4576
3,422,6330000,6330100,3914,6522,6345000,4586
3,423,6345000,6345100,3914,6522,6360000,4595
3,424,6360000,6360100,3914,6522,6375000,4607
3,425,6375000,6375100,3914,6522,6390000,4618
3,426,6390000,6390100,3914,6522,6405000,4632
3,427,6405000,6405100,3914,6522,6420000,4638
3,428,6420000,6420100,3914,6522,6435000,4650
3,429,6435000,6435100,3914,6522,6450000,4661
3,43,645000,645100,3914,6522,660000,468
3,430,6450000,6450100,3914,6522,6465000,4674
3,431,6465000,6465100,3914,6522,6480000,4682
3,432,6480000,6480100,3914,6522,6495000,4694
3,433,6495000,6495100,3914,6522,6510000,4705
3,434,6510000,6510100,3914,6522,6525000,4717
3,435,6525000,6525100,3914,6522,6540000,4725
3,436,6540000,6540100,3914,6522,6555000,4739
3,437,6555000,6555100,3914,6522,6570000,4748
3,438,6570000,6570100,3914,6522,6585000,4761
3,439,6585000,6585100,3914,6522,6600000,4767
3,44,660000,660100,3914,6522,675000,479
3,440,6600000,6600100,3914,6522,6615000,4782
3,441,6615000,6615100,3914,6522,6630000,4792
3,442,6630000,6630100,3914,6522,6645000,4803
3,443,6645000,6645100,3914,6522,6660000,4814
3,444,6660000,6660100,3914,6522,6675000,4824
3,445,6675000,6675100,3914,6522,6690000,4835
3,446,6690000,6690100,3914,6522,6705000,4848
3,447,6705000,6705100,3914,6522,6720000,4855
3,448,6720000,6720100,3914,6522,6735000,4869
3,449,6735000,6735100,3914,6522,6750000,4877
3,45,675000,675100,3914,6522,690000,490
3,450,6750000,6750100,3914,6522,6765000,4891
3,451,6765000,6765100,3914,6522,6780000,4900
3,452,6780000,6780100,3914,6522,6795000,4911
3,453,6795000,6795100,3914,6522,6810000,4923
3,454,6810000,6810100,3914,6522,6825000,4934
3,455,6825000,6825100,3914,6522,6840000,4942
3,456,6840000,6840100,3914,6522,6855000,4956
3,457,6855000,6855100,3914,6522,6870000,4965
3,458,6870000,6870100,3914,6522,6885000,4979
3,459,6885000,6885100,3914,6522,6900000,4985
3,46,690000,690100,3914,6522,705000,504
3,460,6900000,6900100,3914,6522,6915000,4998
3,461,6915000,6915100,3914,6522,6930000,5009
3,462,6930000,6930100,3914,6522,6945000,5021
3,463,6945000,6945100,3914,6522,6960000,5030
3,464,6960000,6960100,3914,6522,6975000,5041
3,465,6975000,6975100,3914,6522,6990000,5052
3,466,6990000,6990100,3914,6522,7005000,5067
3,467,7005000,7005100,3914,6522,7020000,5073
3,468,7020000,7020100,3914,6522,7035000,5085
3,469,7035000,7035100,3914,6522,7050000,5095
3,47,705000,705100,3914,6522,720000,511
3,470,7050000,7050100,3914,6522,7065000,5108
3,471,7065000,7065100,3914,6522,7080000,5117
3,472,7080000,7080100,3914,6522,7095000,5128
3,473,7095000,7095100,3914,6522,7110000,5140
3,474,7110000,7110100,3914,6522,7125000,5151
3,475,7125000,7125100,3914,6522,7140000,5159
3,476,7140000,7140100,3914,6522,7155000,5174
3,477,7155000,7155100,3914,6522,7170000,5183
3,478,7170000,7170100,3914,6522,7185000,5195
3,479,7185000,7185100,3914,6522,7200000,5201
3,48,720000,720100,3914,6522,735000,524
3,480,7200000,7200100,3914,6522,7215000,5217
3,481,7215000,7215100,3914,6522,7230000,5227
3,482,7230000,7230100,3914,6522,7245000,5238
3,483,7245000,7245100,3914,6522,7260000,5247
3,484,7260000,7260100,3914,6522,7275000,5258
3,485,7275000,7275100,3914,6522,7290000,5270
3,486,7290000,7290100,3914,6522,7305000,5283
3,487,7305000,7305100,3914,6522,7320000,5290
3,488,7320000,7320100,3914,6522,7335000,5303
3,489,7335000,7335100,3914,6522,7350000,5311
3,49,735000,735100,3914,6522,750000,532
3,490,7350000,7350100,3914,6522,7365000,5326
3,491,7365000,7365100,3914,6522,7380000,5335
3,492,7380000,7380100,3914,6522,7395000,5345
3,493,7395000,7395100,3914,6522,7410000,5357
3,494,7410000,7410100,3914,6522,7425000,5368
3,495,7425000,7425100,3914,6522,7440000,5377
3,496,7440000,7440100,3914,6522,7455000,5391
3,497,7455000,7455100,3914,6522,7470000,5399
3,498,7470000,7470100,3914,6522,7485000,5413
3,499,7485000,7485100,3914,6522,7500000,5420
3,5,75000,75100,3914,6522,90000,56
3,50,750000,750100,3914,6522,765000,546
3,500,7500000,7500100,3914,6522,7515000,5433
3,501,7515000,7515100,3914,6522,7530000,5444
3,502,7530000,7530100,3914,6522,7545000,5455
3,503,7545000,7545100,3914,6522,7560000,5464
3,504,7560000,7560100,3914,6522,7575000,5476
3,505,7575000,7575100,3914,6522,7590000,5486
3,506,7590000,7590100,3914,6522,7605000,5501
3,507,7605000,7605100,3914,6522,7620000,5507
3,508,7620000,7620100,3914,6522,7635000,5520
3,509,7635000,7635100,3914,6522,7650000,5530
3,51,765000,765100,3914,6522,780000,556
3,510,7650000,7650100,3914,6522,7665000,5543
3,511,7665000,7665100,3914,6522,7680000,5551
3,512,7680000,7680100,3914,6522,7695000,5562
3,513,7695000,7695100,3914,6522,7710000,5575
3,514,7710000,7710100,3914,6522,7725000,5586
3,515,7725000,7725100,3914,6522,7740000,5594
3,516,7740000,7740100,3914,6522,7755000,5607
3,517,7755000,7755100,3914,6522,7770000,5617
3,518,7770000,7770100,3914,6522,7785000,5630
3,519,7785000,7785100,3914,6522,7800000,5636
3,52,780000,780100,3914,6522,795000,566
3,520,7800000,7800100,3914,6522,7815000,5651
3,521,7815000,7815100,3914,6522,7830000,5661
3,522,7830000,7830100,3914,6522,7845000,5673
3,523,7845000,7845100,3914,6522,7860000,5682
3,524,7860000,7860100,3914,6522,7875000,5693
3,525,7875000,7875100,3914,6522,7890000,5704
3,526,7890000,7890100,3914,6522,7905000,5717
3,527,7905000,7905100,3914,6522,7920000,5724
3,528,7920000,7920100,3914,6522,7935000,5738
3,529,7935000,7935100,3914,6522,7950000,5746
3,53,795000,795100,3914,6522,810000,578
3,530,7950000,7950100,3914,6522,7965000,5760
3,531,7965000,7965100,3914,6522,7980000,5769
3,532,7980000,7980100,3914,6522,7995000,5780
3,533,7995000,7995100,3914,6522,8010000,5792
3,534,8010000,8010100,3914,6522,8025000,5802
3,535,8025000,8025100,3914,6522,8040000,5811
3,536,8040000,8040100,3914,6522,8055000,5826
3,537,8055000,8055100,3914,6522,8070000,5834
3,538,8070000,8070100,3914,6522,8085000,5847
3,539,8085000,8085100,3914,6522,8100000,5854
3,54,810000,810100,3914,6522,825000,588
3,540,8100000,8100100,3914,6522,8115000,5867
3,541,8115000,8115100,3914,6522,8130000,5879
3,542,8130000,8130100,3914,6522,8145000,5890
3,543,8145000,8145100,3914,6522,8160000,5899
3,544,8160000,8160100,3914,6522,8175000,5910
3,545,8175000,8175100,3914,6522,8190000,5920
3,546,8190000,8190100,3914,6522,8205000,5936
3,547,8205000,8205100,3914,6522,8220000,5942
3,548,8220000,8220100,3914,6522,8235000,5954
3,549,8235000,8235100,3914,6522,8250000,5963
3,55,825000,825100,3914,6522,840000,597
3,550,8250000,8250100,3914,6522,8265000,5978
3,551,8265000,8265100,3914,6522,8280000,5986
3,552,8280000,8280100,3914,6522,8295000,5997
3,553,8295000,8295100,3914,6522,8310000,6009
3,554,8310000,8310100,3914,6522,8325000,6020
3,555,8325000,8325100,3914,6522,8340000,6029
3,556,8340000,8340100,3914,6522,8355000,6042
3,557,8355000,8355100,3914,6522,8370000,6052
3,558,8370000,8370100,3914,6522,8385000,6064
3,559,8385000,8385100,3914,6522,8400000,6070
3,56,840000,840100,3914,6522,855000,612
3,560,8400000,8400100,3914,6522,8415000,6085
3,561,8415000,8415100,3914,6522,8430000,6096
3,562,8430000,8430100,3914,6522,8445000,6107
3,563,8445000,8445100,3914,6522,8460000,6116
3,564,8460000,8460100,3914,6522,8475000,6128
3,565,8475000,8475100,3914,6522,8490000,6139
3,566,8490000,8490100,3914,6522,8505000,6152
3,567,8505000,8505100,3914,6522,8520000,6158
3,568,8520000,8520100,3914,6522,8535000,6172
3,569,8535000,8535100,3914,6522,8550000,6181
3,57,855000,855100,3914,6522,870000,620
3,570,8550000,8550100,3914,6522,8565000,6195
3,571,8565000,8565100,3914,6522,8580000,6203
3,572,8580000,8580100,3914,6522,8595000,6214
3,573,8595000,8595100,3914,6522,8610000,6226
3,574,8610000,8610100,3914,6522,8625000,6237
3,575,8625000,8625100,3914,6522,8640000,6246
3,576,8640000,8640100,3914,6522,8655000,6260
3,577,8655000,8655100,3914,6522,8670000,6268
3,578,8670000,8670100,3914,6522,8685000,6282
3,579,8685000,8685100,3914,6522,8700000,6289
3,58,870000,870100,3914,6522,885000,634
3,580,8700000,8700100,3914,6522,8715000,6302
3,581,8715000,8715100,3914,6522,8730000,6313
3,582,8730000,8730100,3914,6522,8745000,6323
3,583,8745000,8745100,3914,6522,8760000,6334
3,584,8760000,8760100,3914,6522,8775000,6345
3,585,8775000,8775100,3914,6522,8790000,6355
3,586,8790000,8790100,3914,6522,8805000,6370
3,587,8805000,8805100,3914,6522,8820000,6376
3,588,8820000,8820100,3914,6522,8835000,6389
3,589,8835000,8835100,3914,6522,8850000,6398
3,59,885000,885100,3914,6522,900000,640
3,590,8850000,8850100,3914,6522,8865000,6412
3,591,8865000,8865100,3914,6522,8880000,6420
3,592,8880000,8880100,3914,6522,8895000,6432
3,593,8895000,8895100,3914,6522,8910000,6443
3,594,8910000,8910100,3914,6522,8925000,6455
3,595,8925000,8925100,3914,6522,8940000,6463
3,596,8940000,8940100,3914,6522,8955000,6476
3,597,8955000,8955100,3914,6522,8970000,6487
3,598,8970000,8970100,3914,6522,8985000,6499
3,599,8985000,8985100,3914,6522,9000000,6505
3,6,90000,90100,3914,6522,105000,69
3,60,900000,900100,3914,6522,915000,654
3,600,9000000,9000100,3914,6522,9015000,6519
3,601,9015000,9015100,3914,6522,9030000,6530
3,602,9030000,9030100,3914,6522,9045000,6542
3,603,9045000,9045100,3914,6522,9060000,6551
3,604,9060000,9060100,3914,6522,9075000,6561
3,605,9075000,9075100,3914,6522,9090000,6573
3,606,9090000,9090100,3914,6522,9105000,6587
3,607,9105000,9105100,3914,6522,9120000,6593
3,608,9120000,9120100,3914,6522,9135000,6607
3,609,9135000,9135100,3914,6522,9150000,6615
3,61,915000,915100,3914,6522,930000,665
3,610,9150000,9150100,3914,6522,9165000,6629
3,611,9165000,9165100,3914,6522,9180000,6638
3,612,9180000,9180100,3914,6522,9195000,6649
3,613,9195000,9195100,3914,6522,9210000,6661
3,614,9210000,9210100,3914,6522,9225000,6671
3,615,9225000,9225100,3914,6522,9240000,6679
3,616,9240000,9240100,3914,6522,9255000,6695
3,617,9255000,9255100,3914,6522,9270000,6703
3,618,9270000,9270100,3914,6522,9285000,6716
3,619,9285000,9285100,3914,6522,9300000,6723
3,62,930000,930100,3914,6522,945000,676
3,620,9300000,9300100,3914,6522,9315000,6737
3,621,9315000,9315100,3914,6522,9330000,6748
3,622,9330000,9330100,3914,6522,9345000,6758
3,623,9345000,9345100,3914,6522,9360000,6768
3,624,9360000,9360100,3914,6522,9375000,6779
3,625,9375000,9375100,3914,6522,9390000,6790
3,626,9390000,9390100,3914,6522,9405000,6804
3,627,9405000,9405100,3914,6522,9420000,6811
3,628,9420000,9420100,3914,6522,9435000,6823
3,629,9435000,9435100,3914,6522,9450000,6832
3,63,945000,945100,3914,6522,960000,685
3,630,9450000,9450100,3914,6522,9465000,6847
3,631,9465000,9465100,3914,6522,9480000,6855
3,632,9480000,9480100,3914,6522,9495000,6866
3,633,9495000,9495100,3914,6522,9510000,6877
3,634,9510000,9510100,3914,6522,9525000,6890
3,635,9525000,9525100,3914,6522,9540000,6898
3,636,9540000,9540100,3914,6522,9555000,6911
3,637,9555000,9555100,3914,6522,9570000,6920
3,638,9570000,9570100,3914,6522,9585000,6933
3,639,9585000,9585100,3914,6522,9600000,6940
3,64,960000,960100,3914,6522,975000,696
3,640,9600000,9600100,3914,6522,9615000,6954
3,641,9615000,9615100,3914,6522,9630000,6965
3,642,9630000,9630100,3914,6522,9645000,6976
3,643,9645000,9645100,3914,6522,9660000,6985
3,644,9660000,9660100,3914,6522,9675000,6996
3,645,9675000,9675100,3914,6522,9690000,7008
3,646,9690000,9690100,3914,6522,9705000,7021
3,647,9705000,9705100,3914,6522,9720000,7027
3,648,9720000,9720100,3914,6522,9735000,7041
3,649,9735000,9735100,3914,6522,9750000,7050
3,65,975000,975100,3914,6522,990000,707
3,650,9750000,9750100,3914,6522,9765000,7064
3,651,9765000,9765100,3914,6522,9780000,7072
3,652,9780000,9780100,3914,6522,9795000,7083
3,653,9795000,9795100,3914,6522,9810000,7096
3,654,9810000,9810100,3914,6522,9825000,7106
3,655,9825000,9825100,3914,6522,9840000,7114
3,656,9840000,9840100,3914,6522,9855000,7129
3,657,9855000,9855100,3914,6522,9870000,7137
3,658,9870000,9870100,3914,6522,9885000,7151
3,659,9885000,9885100,3914,6522,9900000,7157
3,66,990000,990100,3914,6522,1005000,722
3,660,9900000,9900100,3914,6522,9915000,7171
3,661,9915000,9915100,3914,6522,9930000,7182
3,662,9930000,9930100,3914,6522,9945000,7193
3,663,9945000,9945100,3914,6522,9960000,7203
3,664,9960000,9960100,3914,6522,9975000,7214
3,665,9975000,9975100,3914,6522,9990000,7224
3,666,9990000,9990100,3914,6522,10005000,7238
3,667,10005000,10005100,3914,6522,10020000,7246
3,668,10020000,10020100,3914,6522,10035000,7258
3,669,10035000,10035100,3914,6522,10050000,7267
3,67,1005000,1005100,3914,6522,1020000,728
3,670,10050000,10050100,3914,6522,10065000,7280
3,671,10065000,10065100,3914,6522,10080000,7289
3,672,10080000,10080100,3914,6522,10095000,7301
3,673,10095000,10095100,3914,6522,10110000,7312
3,674,10110000,10110100,3914,6522,10125000,7324
3,675,10125000,10125100,3914,6522,10140000,7332
3,676,10140000,10140100,3914,6522,10155000,7346
3,677,10155000,10155100,3914,6522,10170000,7355
3,678,10170000,10170100,3914,6522,10185000,7368
3,679,10185000,10185100,3914,6522,10200000,7374
3,68,1020000,1020100,3914,6522,1035000,740
3,680,10200000,10200100,3914,6522,10215000,7388
3,681,10215000,10215100,3914,6522,10230000,7399
3,682,10230000,10230100,3914,6522,10245000,7411
3,683,10245000,10245100,3914,6522,10260000,7420
3,684,10260000,10260100,3914,6522,10275000,7430
3,685,10275000,10275100,3914,6522,10290000,7442
3,686,10290000,10290100,3914,6522,10305000,7456
3,687,10305000,10305100,3914,6522,10320000,7462
3,688,10320000,10320100,3914,6522,10335000,7475
3,689,10335000,10335100,3914,6522,10350000,7484
3,69,1035000,1035100,3914,6522,1050000,750
3,690,10350000,10350100,3914,6522,10365000,7499
3,691,10365000,10365100,3914,6522,10380000,7507
3,692,10380000,10380100,3914,6522,10395000,7517
3,693,10395000,10395100,3914,6522,10410000,7530
3,694,10410000,10410100,3914,6522,10425000,7540
3,695,10425000,10425100,3914,6522,10440000,7549
3,696,10440000,10440100,3914,6522,10455000,7564
3,697,10455000,10455100,3914,6522,10470000,7572
3,698,10470000,10470100,3914,6522,10485000,7585
3,699,10485000,10485100,3914,6522,10500000,7591
3,7,105000,105100,3914,6522,120000,76
3,70,1050000,1050100,3914,6522,1065000,764
3,700,10500000,10500100,3914,6522,10515000,7606
3,701,10515000,10515100,3914,6522,10530000,7617
3,702,10530000,10530100,3914,6522,10545000,7627
3,703,10545000,10545100,3914,6522,10560000,7636
3,704,10560000,10560100,3914,6522,10575000,7649
3,705,10575000,10575100,3914,6522,10590000,7659
3,706,10590000,10590100,3914,6522,10605000,7673
3,707,10605000,10605100,3914,6522,10620000,7680
3,708,10620000,10620100,3914,6522,10635000,7692
3,709,10635000,10635100,3914,6522,10650000,7702
3,71,1065000,1065100,3914,6522,1080000,772
3,710,10650000,10650100,3914,6522,10665000,7715
3,711,10665000,10665100,3914,6522,10680000,7724
3,712,10680000,10680100,3914,6522,10695000,7735
3,713,10695000,10695100,3914,6522,10710000,7746
3,714,10710000,10710100,3914,6522,10725000,7758
3,715,10725000,10725100,3914,6522,10740000,7767
3,716,10740000,10740100,3914,6522,10755000,7780
3,717,10755000,10755100,3914,6522,10770000,7789
3,718,10770000,10770100,3914,6522,10785000,7803
3,719,10785000,10785100,3914,6522,10800000,7809
3,72,1080000,1080100,3914,6522,1095000,783
3,720,10800000,10800100,3914,6522,10815000,7823
3,721,10815000,10815100,3914,6522,10830000,7833
3,722,10830000,10830100,3914,6522,10845000,7845
3,723,10845000,10845100,3914,6522,10860000,7855
3,724,10860000,10860100,3914,6522,10875000,7865
3,725,10875000,10875100,3914,6522,10890000,7876
3,726,10890000,10890100,3914,6522,10905000,7890
3,727,10905000,10905100,3914,6522,10920000,7896
3,728,10920000,10920100,3914,6522,10935000,7910
3,729,10935000,10935100,3914,6522,10950000,7919
3,73,1095000,1095100,3914,6522,1110000,795
3,730,10950000,10950100,3914,6522,10965000,7933
3,731,10965000,10965100,3914,6522,10980000,7941
3,732,10980000,10980100,3914,6522,10995000,7952
3,733,10995000,10995100,3914,6522,11010000,7965
3,734,11010000,11010100,3914,6522,11025000,7975
3,735,11025000,11025100,3914,6522,11040000,7983
3,736,11040000,11040100,3914,6522,11055000,7997
3,737,11055000,11055100,3914,6522,11070000,8007
3,738,11070000,11070100,3914,6522,11085000,8020
3,739,11085000,11085100,3914,6522,11100000,8026
3,74,1110000,1110100,3914,6522,1125000,807
3,740,11100000,11100100,3914,6522,11115000,8040
3,741,11115000,11115100,3914,6522,11130000,8051
3,742,11130000,11130100,3914,6522,11145000,8062
3,743,11145000,11145100,3914,6522,11160000,8071
3,744,11160000,11160100,3914,6522,11175000,8083
3,745,11175000,11175100,3914,6522,11190000,8093
3,746,11190000,11190100,3914,6522,11205000,8108
3,747,11205000,11205100,3914,6522,11220000,8114
3,748,11220000,11220100,3914,6522,11235000,8127
3,749,11235000,11235100,3914,6522,11250000,8136
3,75,1125000,1125100,3914,6522,1140000,815
3,750,11250000,11250100,3914,6522,11265000,8149
3,751,11265000,11265100,3914,6522,11280000,8159
3,752,11280000,11280100,3914,6522,11295000,8170
3,753,11295000,11295100,3914,6522,11310000,8181
3,754,11310000,11310100,3914,6522,11325000,8192
3,755,11325000,11325100,3914,6522,11340000,8201
3,756,11340000,11340100,3914,6522,11355000,8215
3,757,11355000,11355100,3914,6522,11370000,8224
3,758,11370000,11370100,3914,6522,11385000,8236
3,759,11385000,11385100,3914,6522,11400000,8243
3,76,1140000,1140100,3914,6522,1155000,828
3,760,11400000,11400100,3914,6522,11415000,8258
3,761,11415000,11415100,3914,6522,11430000,8268
3,762,11430000,11430100,3914,6522,11445000,8280
3,763,11445000,11445100,3914,6522,11460000,8289
3,764,11460000,11460100,3914,6522,11475000,8299
3,765,11475000,11475100,3914,6522,11490000,8311
3,766,11490000,11490100,3914,6522,11505000,8325
3,767,11505000,11505100,3914,6522,11520000,8331
3,768,11520000,11520100,3914,6522,11535000,8344
3,769,11535000,11535100,3914,6522,11550000,8352
3,77,1155000,1155100,3914,6522,1170000,838
3,770,11550000,11550100,3914,6522,11565000,8368
3,771,11565000,11565100,3914,6522,11580000,8376
3,772,11580000,11580100,3914,6522,11595000,8386
3,773,11595000,11595100,3914,6522,11610000,8399
3,774,11610000,11610100,3914,6522,11625000,8410
3,775,11625000,11625100,3914,6522,11640000,8418
3,776,11640000,11640100,3914,6522,11655000,8432
3,777,11655000,11655100,3914,6522,11670000,8441
3,778,11670000,11670100,3914,6522,11685000,8454
3,779,11685000,11685100,3914,6522,11700000,8461
3,78,1170000,1170100,3914,6522,1185000,850
3,780,11700000,11700100,3914,6522,11715000,8474
3,781,11715000,11715100,3914,6522,11730000,8486
3,782,11730000,11730100,3914,6522,11745000,8496
3,783,11745000,11745100,3914,6522,11760000,8505
3,784,11760000,11760100,3914,6522,11775000,8518
3,785,11775000,11775100,3914,6522,11790000,8528
3,786,11790000,11790100,3914,6522,11805000,8542
3,787,11805000,11805100,3914,6522,11820000,8548
3,788,11820000,11820100,3914,6522,11835000,8562
3,789,11835000,11835100,3914,6522,11850000,8571
3,79,1185000,1185100,3914,6522,1200000,857
3,790,11850000,11850100,3914,6522,11865000,8584
3,791,11865000,11865100,3914,6522,11880000,8592
3,792,11880000,11880100,3914,6522,11895000,8604
3,793,11895000,11895100,3914,6522,11910000,8616
3,794,11910000,11910100,3914,6522,11925000,8627
3,795,11925000,11925100,3914,6522,11940000,8636
3,796,11940000,11940100,3914,6522,11955000,8649
3,797,11955000,11955100,3914,6522,11970000,8658
3,798,11970000,11970100,3914,6522,11985000,8671
3,799,11985000,11985100,3914,6522,12000000,8678
3,8,120000,120100,3914,6522,135000,89
3,80,1200000,1200100,3914,6522,1215000,872
3,800,12000000,12000100,3914,6522,12015000,8692
3,801,12015000,12015100,3914,6522,12030000,8702
3,802,12030000,12030100,3914,6522,12045000,8714
3,803,12045000,12045100,3914,6522,12060000,8724
3,804,12060000,12060100,3914,6522,12075000,8734
3,805,12075000,12075100,3914,6522,12090000,8745
3,806,12090000,12090100,3914,6522,12105000,8759
3,807,12105000,12105100,3914,6522,12120000,8766
3,808,12120000,12120100,3914,6522,12135000,8779
3,809,12135000,12135100,3914,6522,12150000,8787
3,81,1215000,1215100,3914,6522,1230000,882
3,810,12150000,12150100,3914,6522,12165000,8802
3,811,12165000,12165100,3914,6522,12180000,8810
3,812,12180000,12180100,3914,6522,12195000,8821
3,813,12195000,12195100,3914,6522,12210000,8833
3,814,12210000,12210100,3914,6522,12225000,8844
3,815,12225000,12225100,3914,6522,12240000,8852
3,816,12240000,12240100,3914,6522,12255000,8867
3,817,12255000,12255100,3914,6522,12270000,8876
3,818,12270000,12270100,3914,6522,12285000,8889
3,819,12285000,12285100,3914,6522,12300000,8895
3,82,1230000,1230100,3914,6522,1245000,893
3,820,12300000,12300100,3914,6522,12315000,8908
3,821,12315000,12315100,3914,6522,12330000,8921
3,822,12330000,12330100,3914,6522,12345000,8931
3,823,12345000,12345100,3914,6522,12360000,8940
3,824,12360000,12360100,3914,6522,12375000,8951
3,825,12375000,12375100,3914,6522,12390000,8962
3,826,12390000,12390100,3914,6522,12405000,8977
3,827,12405000,12405100,3914,6522,12420000,8983
3,828,12420000,12420100,3914,6522,12435000,8996
3,829,12435000,12435100,3914,6522,12450000,9005
3,83,1245000,1245100,3914,6522,1260000,902
3,830,12450000,12450100,3914,6522,12465000,9019
3,831,12465000,12465100,3914,6522,12480000,9027
3,832,12480000,12480100,3914,6522,12495000,9039
3,833,12495000,12495100,3914,6522,12510000,9050
3,834,12510000,12510100,3914,6522,12525000,9061
3,835,12525000,12525100,3914,6522,12540000,9070
3,836,12540000,12540100,3914,6522,12555000,9084
3,837,12555000,12555100,3914,6522,12570000,9093
3,838,12570000,12570100,3914,6522,12585000,9105
3,839,12585000,12585100,3914,6522,12600000,9112
3,84,1260000,1260100,3914,6522,1275000,914
3,840,12600000,12600100,3914,6522,12615000,9127
3,841,12615000,12615100,3914,6522,12630000,9137
3,842,12630000,12630100,3914,6522,12645000,9148
3,843,12645000,12645100,3914,6522,12660000,9158
3,844,12660000,12660100,3914,6522,12675000,9169
3,845,12675000,12675100,3914,6522,12690000,9180
3,846,12690000,12690100,3914,6522,12705000,9193
3,847,12705000,12705100,3914,6522,12720000,9200
3,848,12720000,12720100,3914,6522,12735000,9213
3,849,12735000,12735100,3914,6522,12750000,9222
3,85,1275000,1275100,3914,6522,1290000,925
3,850,12750000,12750100,3914,6522,12765000,9237
3,851,12765000,12765100,3914,6522,12780000,9245
3,852,12780000,12780100,3914,6522,12795000,9255
3,853,12795000,12795100,3914,6522,12810000,9267
3,854,12810000,12810100,3914,6522,12825000,9279
3,855,12825000,12825100,3914,6522,12840000,9287
3,856,12840000,12840100,3914,6522,12855000,9301
3,857,12855000,12855100,3914,6522,12870000,9309
3,858,12870000,12870100,3914,6522,12885000,9324
3,859,12885000,12885100,3914,6522,12900000,9330
3,86,1290000,1290100,3914,6522,1305000,938
3,860,12900000,12900100,3914,6522,12915000,9343
3,861,12915000,12915100,3914,6522,12930000,9355
3,862,12930000,12930100,3914,6522,12945000,9365
3,863,12945000,12945100,3914,6522,12960000,9375
3,864,12960000,12960100,3914,6522,12975000,9386
3,865,12975000,12975100,3914,6522,12990000,9397
3,866,12990000,12990100,3914,6522,13005000,9411
3,867,13005000,13005100,3914,6522,13020000,9417
3,868,13020000,13020100,3914,6522,13035000,9430
3,869,13035000,13035100,3914,6522,13050000,9440
3,87,1305000,1305100,3914,6522,1320000,944
3,870,13050000,13050100,3914,6522,13065000,9453
3,871,13065000,13065100,3914,6522,13080000,9461
3,872,13080000,13080100,3914,6522,13095000,9474
3,873,13095000,13095100,3914,6522,13110000,9485
3,874,13110000,13110100,3914,6522,13125000,9496
3,875,13125000,13125100,3914,6522,13140000,9504
3,876,13140000,13140100,3914,6522,13155000,9518
3,877,13155000,13155100,3914,6522,13170000,9528
3,878,13170000,13170100,3914,6522,13185000,9540
3,879,13185000,13185100,3914,6522,13200000,9546
3,88,1320000,1320100,3914,6522,1335000,959
3,880,13200000,13200100,3914,6522,13215000,9561
3,881,13215000,13215100,3914,6522,13230000,9571
3,882,13230000,13230100,3914,6522,13245000,9583
3,883,13245000,13245100,3914,6522,13260000,9593
3,884,13260000,13260100,3914,6522,13275000,9603
3,885,13275000,13275100,3914,6522,13290000,9614
3,886,13290000,13290100,3914,6522,13305000,9628
3,887,13305000,13305100,3914,6522,13320000,9635
3,888,13320000,13320100,3914,6522,13335000,9648
3,889,13335000,13335100,3914,6522,13350000,9656
3,89,1335000,1335100,3914,6522,1350000,967
3,890,13350000,13350100,3914,6522,13365000,9670
3,891,13365000,13365100,3914,6522,13380000,9680
3,892,13380000,13380100,3914,6522,13395000,9690
3,893,13395000,13395100,3914,6522,13410000,9702
3,894,13410000,13410100,3914,6522,13425000,9713
3,895,13425000,13425100,3914,6522,13440000,9721
3,896,13440000,13440100,3914,6522,13455000,9736
3,897,13455000,13455100,3914,6522,13470000,9744
3,898,13470000,13470100,3914,6522,13485000,9758
3,899,13485000,13485100,3914,6522,13500000,9764
3,9,135000,135100,3914,6522,150000,98
3,90,1350000,1350100,3914,6522,1365000,981
3,900,13500000,13500100,3914,6522,13515000,9778
3,901,13515000,13515100,3914,6522,13530000,9789
3,902,13530000,13530100,3914,6522,13545000,9800
3,903,13545000,13545100,3914,6522,13560000,9809
3,904,13560000,13560100,3914,6522,13575000,9820
3,905,13575000,13575100,3914,6522,13590000,9832
3,906,13590000,13590100,3914,6522,13605000,9846
3,907,13605000,13605100,3914,6522,13620000,9852
3,908,13620000,13620100,3914,6522,13635000,9864
3,909,13635000,13635100,3914,6522,13650000,9874
3,91,1365000,1365100,3914,6522,1380000,990
3,910,13650000,13650100,3914,6522,13665000,9888
3,911,13665000,13665100,3914,6522,13680000,9896
3,912,13680000,13680100,3914,6522,13695000,9907
3,913,13695000,13695100,3914,6522,13710000,9919
3,914,13710000,13710100,3914,6522,13725000,9931
3,915,13725000,13725100,3914,6522,13740000,9939
3,916,13740000,13740100,3914,6522,13755000,9953
3,917,13755000,13755100,3914,6522,13770000,9962
3,918,13770000,13770100,3914,6522,13785000,9974
3,919,13785000,13785100,3914,6522,13800000,9981
3,92,1380000,1380100,3914,6522,1395000,1000
3,920,13800000,13800100,3914,6522,13815000,9996
3,921,13815000,13815100,3914,6522,13830000,10006
3,922,13830000,13830100,3914,6522,13845000,10017
3,923,13845000,13845100,3914,6522,13860000,10026
3,924,13860000,13860100,3914,6522,13875000,10038
3,925,13875000,13875100,3914,6522,13890000,10049
3,926,13890000,13890100,3914,6522,13905000,10062
3,927,13905000,13905100,3914,6522,13920000,10069
3,928,13920000,13920100,3914,6522,13935000,10083
3,929,13935000,13935100,3914,6522,13950000,10091
3,93,1395000,1395100,3914,6522,1410000,1013
3,930,13950000,13950100,3914,6522,13965000,10105
3,931,13965000,13965100,3914,6522,13980000,10114
3,932,13980000,13980100,3914,6522,13995000,10124
3,933,13995000,13995100,3914,6522,14010000,10137
3,934,14010000,14010100,3914,6522,14025000,10147
3,935,14025000,14025100,3914,6522,14040000,10156
3,936,14040000,14040100,3914,6522,14055000,10170
3,937,14055000,14055100,3914,6522,14070000,10178
3,938,14070000,14070100,3914,6522,14085000,10193
3,939,14085000,14085100,3914,6522,14100000,10199
3,94,1410000,1410100,3914,6522,1425000,1023
3,940,14100000,14100100,3914,6522,14115000,10212
3,941,14115000,14115100,3914,6522,14130000,10223
3,942,14130000,14130100,3914,6522,14145000,10235
3,943,14145000,14145100,3914,6522,14160000,10244
3,944,14160000,14160100,3914,6522,14175000,10255
3,945,14175000,14175100,3914,6522,14190000,10265
3,946,14190000,14190100,3914,6522,14205000,10280
3,947,14205000,14205100,3914,6522,14220000,10287
3,948,14220000,14220100,3914,6522,14235000,10299
3,949,14235000,14235100,3914,6522,14250000,10309
3,95,1425000,1425100,3914,6522,1440000,1032
3,950,14250000,14250100,3914,6522,14265000,10322
3,951,14265000,14265100,3914,6522,14280000,10330
3,952,14280000,14280100,3914,6522,14295000,10342
3,953,14295000,14295100,3914,6522,14310000,10354
3,954,14310000,14310100,3914,6522,14325000,10365
3,955,14325000,14325100,3914,6522,14340000,10373
3,956,14340000,14340100,3914,6522,14355000,10387
3,957,14355000,14355100,3914,6522,14370000,10397
3,958,14370000,14370100,3914,6522,14385000,10409
3,959,14385000,14385100,3914,6522,14400000,10415
3,96,1440000,1440100,3914,6522,1455000,1046
3,960,14400000,14400100,3914,6522,14415000,10430
3,961,14415000,14415100,3914,6522,14430000,10441
3,962,14430000,14430100,3914,6522,14445000,10452
3,963,14445000,14445100,3914,6522,14460000,10461
3,964,14460000,14460100,3914,6522,14475000,10472
3,965,14475000,14475100,3914,6522,14490000,10483
3,966,14490000,14490100,3914,6522,14505000,10497
3,967,14505000,14505100,3914,6522,14520000,10503
3,968,14520000,14520100,3914,6522,14535000,10517
3,969,14535000,14535100,3914,6522,14550000,10525
3,97,1455000,1455100,3914,6522,1470000,1054
3,970,14550000,14550100,3914,6522,14565000,10540
3,971,14565000,14565100,3914,6522,14580000,10549
3,972,14580000,14580100,3914,6522,14595000,10559
3,973,14595000,14595100,3914,6522,14610000,10571
3,974,14610000,14610100,3914,6522,14625000,10581
3,975,14625000,14625100,3914,6522,14640000,10591
3,976,14640000,14640100,3914,6522,14655000,10605
3,977,14655000,14655100,3914,6522,14670000,10613
3,978,14670000,14670100,3914,6522,14685000,10626
3,979,14685000,14685100,3914,6522,14700000,10633
3,98,1470000,1470100,3914,6522,1485000,1068
3,980,14700000,14700100,3914,6522,14715000,10647
3,981,14715000,14715100,3914,6522,14730000,10658
3,982,14730000,14730100,3914,6522,14745000,10669
3,983,14745000,14745100,3914,6522,14760000,10678
3,984,14760000,14760100,3914,6522,14775000,10690
3,985,14775000,14775100,3914,6522,14790000,10700
3,986,14790000,14790100,3914,6522,14805000,10715
3,987,14805000,14805100,3914,6522,14820000,10721
3,988,14820000,14820100,3914,6522,14835000,10733
3,989,14835000,14835100,3914,6522,14850000,10743
3,99,1485000,1485100,3914,6522,1500000,1075
3,990,14850000,14850100,3914,6522,14865000,10757
3,991,14865000,14865100,3914,6522,14880000,10765
3,992,14880000,14880100,3914,6522,14895000,10776
3,993,14895000,14895100,3914,6522,14910000,10788
3,994,14910000,14910100,3914,6522,14925000,10800
3,995,14925000,14925100,3914,6522,14940000,10808
3,996,14940000,14940100,3914,6522,14955000,10821
3,997,14955000,14955100,3914,6522,14970000,10831
3,998,14970000,14970100,3914,6522,14985000,10844
3,999,14985000,14985100,3914,6522,15000000,10850
4,0,0,100,2838,4730,15000,4
4,1,15000,15100,2838,4730,30000,14
4,10,150000,150100,2838,4730,165000,113
4,100,1500000,1500100,2838,4730,1515000,1089
4,1000,15000000,15000100,2838,4730,15015000,10865
4,1001,15015000,15015100,2838,4730,15030000,10876
4,1002,15030000,15030100,2838,4730,15045000,10887
4,1003,15045000,15045100,2838,4730,15060000,10897
4,1004,15060000,15060100,2838,4730,15075000,10908
4,1005,15075000,15075100,2838,4730,15090000,10919
4,1006,15090000,15090100,2838,4730,15105000,10932
4,1007,15105000,15105100,2838,4730,15120000,10938
4,1008,15120000,15120100,2838,4730,15135000,10953
4,1009,15135000,15135100,2838,4730,15150000,10961
4,101,1515000,1515100,2838,4730,1530000,1100
4,1010,15150000,15150100,2838,4730,15165000,10975
4,1011,15165000,15165100,2838,4730,15180000,10983
4,1012,15180000,15180100,2838,4730,15195000,10995
4,1013,15195000,15195100,2838,4730,15210000,11007
4,1014,15210000,15210100,2838,4730,15225000,11017
4,1015,15225000,15225100,2838,4730,15240000,11026
4,1016,15240000,15240100,2838,4730,15255000,11040
4,1017,15255000,15255100,2838,4730,15270000,11049
4,1018,15270000,15270100,2838,4730,15285000,11062
4,1019,15285000,15285100,2838,4730,15300000,11069
4,102,1530000,1530100,2838,4730,1545000,1112
4,1020,15300000,15300100,2838,4730,15315000,11082
4,1021,15315000,15315100,2838,4730,15330000,11093
4,1022,15330000,15330100,2838,4730,15345000,11104
4,1023,15345000,15345100,2838,4730,15360000,11114
4,1024,15360000,15360100,2838,4730,15375000,11125
4,1025,15375000,15375100,2838,4730,15390000,11135
4,1026,15390000,15390100,2838,4730,15405000,11151
4,1027,15405000,15405100,2838,4730,15420000,11157
4,1028,15420000,15420100,2838,4730,15435000,11169
4,1029,15435000,15435100,2838,4730,15450000,11178
4,103,1545000,1545100,2838,4730,1560000,1121
4,1030,15450000,15450100,2838,4730,15465000,11192
4,1031,15465000,15465100,2838,4730,15480000,11201
4,1032,15480000,15480100,2838,4730,15495000,11212
4,1033,15495000,15495100,2838,4730,15510000,11223
4,1034,15510000,15510100,2838,4730,15525000,11235
4,1035,15525000,15525100,2838,4730,15540000,11243
4,1036,15540000,15540100,2838,4730,15555000,11257
4,1037,15555000,15555100,2838,4730,15570000,11267
4,1038,15570000,15570100,2838,4730,15585000,11279
4,1039,15585000,15585100,2838,4730,15600000,11285
4,104,1560000,1560100,2838,4730,1575000,1132
4,1040,15600000,15600100,2838,4730,15615000,11300
4,1041,15615000,15615100,2838,4730,15630000,11311
4,1042,15630000,15630100,2838,4730,15645000,11322
4,1043,15645000,15645100,2838,4730,15660000,11331
4,1044,15660000,15660100,2838,4730,15675000,11341
4,1045,15675000,15675100,2838,4730,15690000,11354
4,1046,15690000,15690100,2838,4730,15705000,11367
4,1047,15705000,15705100,2838,4730,15720000,11373
4,1048,15720000,15720100,2838,4730,15735000,11387
4,1049,15735000,15735100,2838,4730,15750000,11395
4,105,1575000,1575100,2838,4730,1590000,1142
4,1050,15750000,15750100,2838,4730,15765000,11410
4,1051,15765000,15765100,2838,4730,15780000,11418
4,1052,15780000,15780100,2838,4730,15795000,11429
4,1053,15795000,15795100,2838,4730,15810000,11441
4,1054,15810000,15810100,2838,4730,15825000,11452
4,1055,15825000,15825100,2838,4730,15840000,11460
4,1056,15840000,15840100,2838,4730,15855000,11475
4,1057,15855000,15855100,2838,4730,15870000,11483
4,1058,15870000,15870100,2838,4730,15885000,11496
4,1059,15885000,15885100,2838,4730,15900000,11504
4,106,1590000,1590100,2838,4730,1605000,1157
4,1060,15900000,15900100,2838,4730,15915000,11517
4,1061,15915000,15915100,2838,4730,15930000,11528
4,1062,15930000,15930100,2838,4730,15945000,11538
4,1063,15945000,15945100,2838,4730,15960000,11548
4,1064,15960000,15960100,2838,4730,15975000,11560
4,1065,15975000,15975100,2838,4730,15990000,11570
4,1066,15990000,15990100,2838,4730,16005000,11584
4,1067,16005000,16005100,2838,4730,16020000,11591
4,1068,16020000,16020100,2838,4730,16035000,11604
4,1069,16035000,16035100,2838,4730,16050000,11613
4,107,1605000,1605100,2838,4730,1620000,1164
4,1070,16050000,16050100,2838,4730,16065000,11627
4,1071,16065000,16065100,2838,4730,16080000,11635
4,1072,16080000,16080100,2838,4730,16095000,11646
4,1073,16095000,16095100,2838,4730,16110000,11658
4,1074,16110000,16110100,2838,4730,16125000,11670
4,1075,16125000,16125100,2838,4730,16140000,11678
4,1076,16140000,16140100,2838,4730,16155000,11691
4,1077,16155000,16155100,2838,4730,16170000,11700
4,1078,16170000,16170100,2838,4730,16185000,11714
4,1079,16185000,16185100,2838,4730,16200000,11720
4,108,1620000,1620100,2838,4730,1635000,1176
4,1080,16200000,16200100,2838,4730,16215000,11734
4,1081,16215000,16215100,2838,4730,16230000,11745
4,1082,16230000,16230100,2838,4730,16245000,11757
4,1083,16245000,16245100,2838,4730,16260000,11766
4,1084,16260000,16260100,2838,4730,16275000,11776
4,1085,16275000,16275100,2838,4730,16290000,11788
4,1086,16290000,16290100,2838,4730,16305000,11801
4,1087,16305000,16305100,2838,4730,16320000,11808
4,1088,16320000,16320100,2838,4730,16335000,11821
4,1089,16335000,16335100,2838,4730,16350000,11830
4,109,1635000,1635100,2838,4730,1650000,1185
4,1090,16350000,16350100,2838,4730,16365000,11844
4,1091,16365000,16365100,2838,4730,16380000,11852
4,1092,16380000,16380100,2838,4730,16395000,11864
4,1093,16395000,16395100,2838,4730,16410000,11876
4,1094,16410000,16410100,2838,4730,16425000,11886
4,1095,16425000,16425100,2838,4730,16440000,11894
4,1096,16440000,16440100,2838,4730,16455000,11910
4,1097,16455000,16455100,2838,4730,16470000,11918
4,1098,16470000,16470100,2838,4730,16485000,11931
4,1099,16485000,16485100,2838,4730,16500000,11937
4,11,165000,165100,2838,4730,180000,122
4,110,1650000,1650100,2838,4730,1665000,1199
4,1100,16500000,16500100,2838,4730,16515000,11951
4,1101,16515000,16515100,2838,4730,16530000,11963
4,1102,16530000,16530100,2838,4730,16545000,11973
4,1103,16545000,16545100,2838,4730,16560000,11983
4,1104,16560000,16560100,2838,4730,16575000,11994
4,1105,16575000,16575100,2838,4730,16590000,12004
4,1106,16590000,16590100,2838,4730,16605000,12019
4,1107,16605000,16605100,2838,4730,16620000,12026
4,1108,16620000,16620100,2838,4730,16635000,12038
4,1109,16635000,16635100,2838,4730,16650000,12047
4,111,1665000,1665100,2838,4730,1680000,1207
4,1110,16650000,16650100,2838,4730,16665000,12061
4,1111,16665000,16665100,2838,4730,16680000,12070
4,1112,16680000,16680100,2838,4730,16695000,12081
4,1113,16695000,16695100,2838,4730,16710000,12092
4,1114,16710000,16710100,2838,4730,16725000,12104
4,1115,16725000,16725100,2838,4730,16740000,12113
4,1116,16740000,16740100,2838,4730,16755000,12126
4,1117,16755000,16755100,2838,4730,16770000,12135
4,1118,16770000,16770100,2838,4730,16785000,12148
4,1119,16785000,16785100,2838,4730,16800000,12154
4,112,1680000,1680100,2838,4730,1695000,1219
4,1120,16800000,16800100,2838,4730,16815000,12169
4,1121,16815000,16815100,2838,4730,16830000,12179
4,1122,16830000,16830100,2838,4730,16845000,12191
4,1123,16845000,16845100,2838,4730,16860000,12200
4,1124,16860000,16860100,2838,4730,16875000,12211
4,1125,16875000,16875100,2838,4730,16890000,12223
4,1126,16890000,16890100,2838,4730,16905000,12236
4,1127,16905000,16905100,2838,4730,16920000,12242
4,1128,16920000,16920100,2838,4730,16935000,12255
4,1129,16935000,16935100,2838,4730,16950000,12265
4,113,1695000,1695100,2838,4730,1710000,1231
4,1130,16950000,16950100,2838,4730,16965000,12279
4,1131,16965000,16965100,2838,4730,16980000,12287
4,1132,16980000,16980100,2838,4730,16995000,12297
4,1133,16995000,16995100,2838,4730,17010000,12310
4,1134,17010000,17010100,2838,4730,17025000,12321
4,1135,17025000,17025100,2838,4730,17040000,12329
4,1136,17040000,17040100,2838,4730,17055000,12344
4,1137,17055000,17055100,2838,4730,17070000,12352
4,1138,17070000,17070100,2838,4730,17085000,12366
4,1139,17085000,17085100,2838,4730,17100000,12372
4,114,1710000,1710100,2838,4730,1725000,1242
4,1140,17100000,17100100,2838,4730,17115000,12386
4,1141,17115000,17115100,2838,4730,17130000,12397
4,1142,17130000,17130100,2838,4730,17145000,12407
4,1143,17145000,17145100,2838,4730,17160000,12417
4,1144,17160000,17160100,2838,4730,17175000,12429
4,1145,17175000,17175100,2838,4730,17190000,12439
4,1146,17190000,17190100,2838,4730,17205000,12453
4,1147,17205000,17205100,2838,4730,17220000,12460
4,1148,17220000,17220100,2838,4730,17235000,12473
4,1149,17235000,17235100,2838,4730,17250000,12482
4,115,1725000,1725100,2838,4730,1740000,1250
4,1150,17250000,17250100,2838,4730,17265000,12495
4,1151,17265000,17265100,2838,4730,17280000,12504
4,1152,17280000,17280100,2838,4730,17295000,12516
4,1153,17295000,17295100,2838,4730,17310000,12527
4,1154,17310000,17310100,2838,4730,17325000,12538
4,1155,17325000,17325100,2838,4730,17340000,12547
4,1156,17340000,17340100,2838,4730,17355000,12560
4,1157,17355000,17355100,2838,4730,17370000,12570
4,1158,17370000,17370100,2838,4730,17385000,12583
4,1159,17385000,17385100,2838,4730,17400000,12589
4,116,1740000,1740100,2838,4730,1755000,1264
4,1160,17400000,17400100,2838,4730,17415000,12603
4,1161,17415000,17415100,2838,4730,17430000,12613
4,1162,17430000,17430100,2838,4730,17445000,12626
4,1163,17445000,17445100,2838,4730,17460000,12635
4,1164,17460000,17460100,2838,4730,17475000,12645
4,1165,17475000,17475100,2838,4730,17490000,12656
4,1166,17490000,17490100,2838,4730,17505000,12671
4,1167,17505000,17505100,2838,4730,17520000,12677
4,1168,17520000,17520100,2838,4730,17535000,12690
4,1169,17535000,17535100,2838,4730,17550000,12699
4,117,1755000,1755100,2838,4730,1770000,1274
4,1170,17550000,17550100,2838,4730,17565000,12713
4,1171,17565000,17565100,2838,4730,17580000,12722
4,1172,17580000,17580100,2838,4730,17595000,12732
4,1173,17595000,17595100,2838,4730,17610000,12745
4,1174,17610000,17610100,2838,4730,17625000,12755
4,1175,17625000,17625100,2838,4730,17640000,12763
4,1176,17640000,17640100,2838,4730,17655000,12778
4,1177,17655000,17655100,2838,4730,17670000,12787
4,1178,17670000,17670100,2838,4730,17685000,12800
4,1179,17685000,17685100,2838,4730,17700000,12806
4,118,1770000,1770100,2838,4730,1785000,1286
4,1180,17700000,17700100,2838,4730,17715000,12821
4,1181,17715000,17715100,2838,4730,17730000,12832
4,1182,17730000,17730100,2838,4730,17745000,12842
4,1183,17745000,17745100,2838,4730,17760000,12851
4,1184,17760000,17760100,2838,4730,17775000,12863
4,1185,17775000,17775100,2838,4730,17790000,12874
4,1186,17790000,17790100,2838,4730,17805000,12888
4,1187,17805000,17805100,2838,4730,17820000,12894
4,1188,17820000,17820100,2838,4730,17835000,12907
4,1189,17835000,17835100,2838,4730,17850000,12916
4,119,1785000,1785100,2838,4730,1800000,1292
4,1190,17850000,17850100,2838,4730,17865000,12930
4,1191,17865000,17865100,2838,4730,17880000,12939
4,1192,17880000,17880100,2838,4730,17895000,12950
4,1193,17895000,17895100,2838,4730,17910000,12961
4,1194,17910000,17910100,2838,4730,17925000,12973
4,1195,17925000,17925100,2838,4730,17940000,12982
4,1196,17940000,17940100,2838,4730,17955000,12995
4,1197,17955000,17955100,2838,4730,17970000,13004
4,1198,17970000,17970100,2838,4730,17985000,13016
4,1199,17985000,17985100,2838,4730,18000000,13024
4,12,180000,180100,2838,4730,195000,132
4,120,1800000,1800100,2838,4730,1815000,1306
4,1200,18000000,18000100,2838,4730,18015000,13038
4,1201,18015000,18015100,2838,4730,18030000,13048
4,1202,18030000,18030100,2838,4730,18045000,13060
4,1203,18045000,18045100,2838,4730,18060000,13069
4,1204,18060000,18060100,2838,4730,18075000,13080
4,1205,18075000,18075100,2838,4730,18090000,13091
4,1206,18090000,18090100,2838,4730,18105000,13105
4,1207,18105000,18105100,2838,4730,18120000,13111
4,1208,18120000,18120100,2838,4730,18135000,13125
4,1209,18135000,18135100,2838,4730,18150000,13133
4,121,1815000,1815100,2838,4730,1830000,1318
4,1210,18150000,18150100,2838,4730,18165000,13148
4,1211,18165000,18165100,2838,4730,18180000,13156
4,1212,18180000,18180100,2838,4730,18195000,13166
4,1213,18195000,18195100,2838,4730,18210000,13180
4,1214,18210000,18210100,2838,4730,18225000,13190
4,1215,18225000,18225100,2838,4730,18240000,13198
4,1216,18240000,18240100,2838,4730,18255000,13212
4,1217,18255000,18255100,2838,4730,18270000,13221
4,1218,18270000,18270100,2838,4730,18285000,13235
4,1219,18285000,18285100,2838,4730,18300000,13241
4,122,1830000,1830100,2838,4730,1845000,1329
4,1220,18300000,18300100,2838,4730,18315000,13254
4,1221,18315000,18315100,2838,4730,18330000,13266
4,1222,18330000,18330100,2838,4730,18345000,13277
4,1223,18345000,18345100,2838,4730,18360000,13286
4,1224,18360000,18360100,2838,4730,18375000,13298
4,1225,18375000,18375100,2838,4730,18390000,13308
4,1226,18390000,18390100,2838,4730,18405000,13322
4,1227,18405000,18405100,2838,4730,18420000,13329
4,1228,18420000,18420100,2838,4730,18435000,13342
4,1229,18435000,18435100,2838,4730,18450000,13351
4,123,1845000,1845100,2838,4730,1860000,1338
4,1230,18450000,18450100,2838,4730,18465000,13364
4,1231,18465000,18465100,2838,4730,18480000,13372
4,1232,18480000,18480100,2838,4730,18495000,13385
4,1233,18495000,18495100,2838,4730,18510000,13396
4,1234,18510000,18510100,2838,4730,18525000,13407
4,1235,18525000,18525100,2838,4730,18540000,13416
4,1236,18540000,18540100,2838,4730,18555000,13430
4,1237,18555000,18555100,2838,4730,18570000,13439
4,1238,18570000,18570100,2838,4730,18585000,13451
4,1239,18585000,18585100,2838,4730,18600000,13458
4,124,1860000,1860100,2838,4730,1875000,1349
4,1240,18600000,18600100,2838,4730,18615000,13472
4,1241,18615000,18615100,2838,4730,18630000,13483
4,1242,18630000,18630100,2838,4730,18645000,13494
4,1243,18645000,18645100,2838,4730,18660000,13504
4,1244,18660000,18660100,2838,4730,18675000,13514
4,1245,18675000,18675100,2838,4730,18690000,13525
4,1246,18690000,18690100,2838,4730,18705000,13540
4,1247,18705000,18705100,2838,4730,18720000,13546
4,1248,18720000,18720100,2838,4730,18735000,13559
4,1249,18735000,18735100,2838,4730,18750000,13567
4,125,1875000,1875100,2838,4730,1890000,1360
4,1250,18750000,18750100,2838,4730,18765000,13583
4,1251,18765000,18765100,2838,4730,18780000,13591
4,1252,18780000,18780100,2838,4730,18795000,13601
4,1253,18795000,18795100,2838,4730,18810000,13613
4,1254,18810000,18810100,2838,4730,18825000,13624
4,1255,18825000,18825100,2838,4730,18840000,13633
4,1256,18840000,18840100,2838,4730,18855000,13647
4,1257,18855000,18855100,2838,4730,18870000,13656
4,1258,18870000,18870100,2838,4730,18885000,13669
4,1259,18885000,18885100,2838,4730,18900000,13675
4,126,1890000,1890100,2838,4730,1905000,1374
4,1260,18900000,18900100,2838,4730,18915000,13689
4,1261,18915000,18915100,2838,4730,18930000,13701
4,1262,18930000,18930100,2838,4730,18945000,13711
4,1263,18945000,18945100,2838,4730,18960000,13720
4,1264,18960000,18960100,2838,4730,18975000,13732
4,1265,18975000,18975100,2838,4730,18990000,13743
4,1266,18990000,18990100,2838,4730,19005000,13757
4,1267,19005000,19005100,2838,4730,19020000,13763
4,1268,19020000,19020100,2838,4730,19035000,13776
4,1269,19035000,19035100,2838,4730,19050000,13786
4,127,1905000,1905100,2838,4730,1920000,1380
4,1270,19050000,19050100,2838,4730,19065000,13799
4,1271,19065000,19065100,2838,4730,19080000,13807
4,1272,19080000,19080100,2838,4730,19095000,13819
4,1273,19095000,19095100,2838,4730,19110000,13830
4,1274,19110000,19110100,2838,4730,19125000,13842
4,1275,19125000,19125100,2838,4730,19140000,13850
4,1276,19140000,19140100,2838,4730,19155000,13864
4,1277,19155000,19155100,2838,4730,19170000,13873
4,1278,19170000,19170100,2838,4730,19185000,13886
4,1279,19185000,19185100,2838,4730,19200000,13893
4,128,1920000,1920100,2838,4730,1935000,1394
4,1280,19200000,19200100,2838,4730,19215000,13907
4,1281,19215000,19215100,2838,4730,19230000,13917
4,1282,19230000,19230100,2838,4730,19245000,13928
4,1283,19245000,19245100,2838,4730,19260000,13939
4,1284,19260000,19260100,2838,4730,19275000,13949
4,1285,19275000,19275100,2838,4730,19290000,13960
4,1286,19290000,19290100,2838,4730,19305000,13973
4,1287,19305000,19305100,2838,4730,19320000,13980
4,1288,19320000,19320100,2838,4730,19335000,13994
4,1289,19335000,19335100,2838,4730,19350000,14002
4,129,1935000,1935100,2838,4730,1950000,1402
4,1290,19350000,19350100,2838,4730,19365000,14017
4,1291,19365000,19365100,2838,4730,19380000,14025
4,1292,19380000,19380100,2838,4730,19395000,14036
4,1293,19395000,19395100,2838,4730,19410000,14048
4,1294,19410000,19410100,2838,4730,19425000,14059
4,1295,19425000,19425100,2838,4730,19440000,14067
4,1296,19440000,19440100,2838,4730,19455000,14081
4,1297,19455000,19455100,2838,4730,19470000,14090
4,1298,19470000,19470100,2838,4730,19485000,14104
4,1299,19485000,19485100,2838,4730,19500000,14110
4,13,195000,195100,2838,4730,210000,144
4,130,1950000,1950100,2838,4730,1965000,1417
4,1300,19500000,19500100,2838,4730,19515000,14123
4,1301,19515000,19515100,2838,4730,19530000,14135
4,1302,19530000,19530100,2838,4730,19545000,14146
4,1303,19545000,19545100,2838,4730,19560000,14155
4,1304,19560000,19560100,2838,4730,19575000,14166
4,1305,19575000,19575100,2838,4730,19590000,14177
4,1306,19590000,19590100,2838,4730,19605000,14192
4,1307,19605000,19605100,2838,4730,19620000,14198
4,1308,19620000,19620100,2838,4730,19635000,14210
4,1309,19635000,19635100,2838,4730,19650000,14220
4,131,1965000,1965100,2838,4730,1980000,1425
4,1310,19650000,19650100,2838,4730,19665000,14233
4,1311,19665000,19665100,2838,4730,19680000,14242
4,1312,19680000,19680100,2838,4730,19695000,14254
4,1313,19695000,19695100,2838,4730,19710000,14265
4,1314,19710000,19710100,2838,4730,19725000,14276
4,1315,19725000,19725100,2838,4730,19740000,14284
4,1316,19740000,19740100,2838,4730,19755000,14299
4,1317,19755000,19755100,2838,4730,19770000,14308
4,1318,19770000,19770100,2838,4730,19785000,14320
4,1319,19785000,19785100,2838,4730,19800000,14326
4,132,1980000,1980100,2838,4730,1995000,1436
4,1320,19800000,19800100,2838,4730,19815000,14342
4,1321,19815000,19815100,2838,4730,19830000,14352
4,1322,19830000,19830100,2838,4730,19845000,14363
4,1323,19845000,19845100,2838,4730,19860000,14373
4,1324,19860000,19860100,2838,4730,19875000,14383
4,1325,19875000,19875100,2838,4730,19890000,14395
4,1326,19890000,19890100,2838,4730,19905000,14408
4,1327,19905000,19905100,2838,4730,19920000,14415
4,1328,19920000,19920100,2838,4730,19935000,14428
4,1329,19935000,19935100,2838,4730,19950000,14436
4,133,1995000,1995100,2838,4730,2010000,1448
4,1330,19950000,19950100,2838,4730,19965000,14451
4,1331,19965000,19965100,2838,4730,19980000,14460
4,1332,19980000,19980100,2838,4730,19995000,14470
4,1333,19995000,19995100,2838,4730,20010000,14482
4,1334,20010000,20010100,2838,4730,20025000,14494
4,1335,20025000,20025100,2838,4730,20040000,14502
4,1336,20040000,20040100,2838,4730,20055000,14516
4,1337,20055000,20055100,2838,4730,20070000,14524
4,1338,20070000,20070100,2838,4730,20085000,14538
4,1339,20085000,20085100,2838,4730,20100000,14545
4,134,2010000,2010100,2838,4730,2025000,1458
4,1340,20100000,20100100,2838,4730,20115000,14558
4,1341,20115000,20115100,2838,4730,20130000,14569
4,1342,20130000,20130100,2838,4730,20145000,14580
4,1343,20145000,20145100,2838,4730,20160000,14589
4,1344,20160000,20160100,2838,4730,20175000,14601
4,1345,20175000,20175100,2838,4730,20190000,14612
4,1346,20190000,20190100,2838,4730,20205000,14626
4,1347,20205000,20205100,2838,4730,20220000,14632
4,1348,20220000,20220100,2838,4730,20235000,14645
4,1349,20235000,20235100,2838,4730,20250000,14655
4,135,2025000,2025100,2838,4730,2040000,1468
4,1350,20250000,20250100,2838,4730,20265000,14668
4,1351,20265000,20265100,2838,4730,20280000,14676
4,1352,20280000,20280100,2838,4730,20295000,14687
4,1353,20295000,20295100,2838,4730,20310000,14700
4,1354,20310000,20310100,2838,4730,20325000,14711
4,1355,20325000,20325100,2838,4730,20340000,14719
4,1356,20340000,20340100,2838,4730,20355000,14733
4,1357,20355000,20355100,2838,4730,20370000,14742
4,1358,20370000,20370100,2838,4730,20385000,14755
4,1359,20385000,20385100,2838,4730,20400000,14761
4,136,2040000,2040100,2838,4730,2055000,1482
4,1360,20400000,20400100,2838,4730,20415000,14776
4,1361,20415000,20415100,2838,4730,20430000,14786
4,1362,20430000,20430100,2838,4730,20445000,14798
4,1363,20445000,20445100,2838,4730,20460000,14807
4,1364,20460000,20460100,2838,4730,20475000,14818
4,1365,20475000,20475100,2838,4730,20490000,14829
4,1366,20490000,20490100,2838,4730,20505000,14842
4,1367,20505000,20505100,2838,4730,20520000,14850
4,1368,20520000,20520100,2838,4730,20535000,14863
4,1369,20535000,20535100,2838,4730,20550000,14871
4,137,2055000,2055100,2838,4730,2070000,1490
4,1370,20550000,20550100,2838,4730,20565000,14885
4,1371,20565000,20565100,2838,4730,20580000,14894
4,1372,20580000,20580100,2838,4730,20595000,14905
4,1373,20595000,20595100,2838,4730,20610000,14917
4,1374,20610000,20610100,2838,4730,20625000,14927
4,1375,20625000,20625100,2838,4730,20640000,14936
4,1376,20640000,20640100,2838,4730,20655000,14951
4,1377,20655000,20655100,2838,4730,20670000,14959
4,1378,20670000,20670100,2838,4730,20685000,14973
4,1379,20685000,20685100,2838,4730,20700000,14979
4,138,2070000,2070100,2838,4730,2085000,1503
4,1380,20700000,20700100,2838,4730,20715000,14992
4,1381,20715000,20715100,2838,4730,20730000,15004
4,1382,20730000,20730100,2838,4730,20745000,15015
4,1383,20745000,20745100,2838,4730,20760000,15024
4,1384,20760000,20760100,2838,4730,20775000,15035
4,1385,20775000,20775100,2838,4730,20790000,15045
4,1386,20790000,20790100,2838,4730,20805000,15061
4,1387,20805000,20805100,2838,4730,20820000,15067
4,1388,20820000,20820100,2838,4730,20835000,15079
4,1389,20835000,20835100,2838,4730,20850000,15089
4,139,2085000,2085100,2838,4730,2100000,1510
4,1390,20850000,20850100,2838,4730,20865000,15103
4,1391,20865000,20865100,2838,4730,20880000,15111
4,1392,20880000,20880100,2838,4730,20895000,15122
4,1393,20895000,20895100,2838,4730,20910000,15134
4,1394,20910000,20910100,2838,4730,20925000,15145
4,1395,20925000,20925100,2838,4730,20940000,15154
4,1396,20940000,20940100,2838,4730,20955000,15167
4,1397,20955000,20955100,2838,4730,20970000,15177
4,1398,20970000,20970100,2838,4730,20985000,15189
4,1399,20985000,20985100,2838,4730,21000000,15195
4,14,210000,210100,2838,4730,225000,156
4,140,2100000,2100100,2838,4730,2115000,1524
4,1400,21000000,21000100,2838,4730,21015000,15211
4,1401,21015000,21015100,2838,4730,21030000,15221
4,1402,21030000,21030100,2838,4730,21045000,15232
4,1403,21045000,21045100,2838,4730,21060000,15241
4,1404,21060000,21060100,2838,4730,21075000,15253
4,1405,21075000,21075100,2838,4730,21090000,15264
4,1406,21090000,21090100,2838,4730,21105000,15277
4,1407,21105000,21105100,2838,4730,21120000,15283
4,1408,21120000,21120100,2838,4730,21135000,15297
4,1409,21135000,21135100,2838,4730,21150000,15306
4,141,2115000,2115100,2838,4730,2130000,1535
4,1410,21150000,21150100,2838,4730,21165000,15320
4,1411,21165000,21165100,2838,4730,21180000,15329
4,1412,21180000,21180100,2838,4730,21195000,15339
4,1413,21195000,21195100,2838,4730,21210000,15351
4,1414,21210000,21210100,2838,4730,21225000,15362
4,1415,21225000,21225100,2838,4730,21240000,15371
4,1416,21240000,21240100,2838,4730,21255000,15385
4,1417,21255000,21255100,2838,4730,21270000,15393
4,1418,21270000,21270100,2838,4730,21285000,15407
4,1419,21285000,21285100,2838,4730,21300000,15414
4,142,2130000,2130100,2838,4730,2145000,1545
4,1420,21300000,21300100,2838,4730,21315000,15427
4,1421,21315000,21315100,2838,4730,21330000,15438
4,1422,21330000,21330100,2838,4730,21345000,15449
4,1423,21345000,21345100,2838,4730,21360000,15459
4,1424,21360000,21360100,2838,4730,21375000,15470
4,1425,21375000,21375100,2838,4730,21390000,15480
4,1426,21390000,21390100,2838,4730,21405000,15495
4,1427,21405000,21405100,2838,4730,21420000,15501
4,1428,21420000,21420100,2838,4730,21435000,15514
4,1429,21435000,21435100,2838,4730,21450000,15523
4,143,2145000,2145100,2838,4730,2160000,1555
4,1430,21450000,21450100,2838,4730,21465000,15537
4,1431,21465000,21465100,2838,4730,21480000,15545
4,1432,21480000,21480100,2838,4730,21495000,15557
4,1433,21495000,21495100,2838,4730,21510000,15569
4,1434,21510000,21510100,2838,4730,21525000,15580
4,1435,21525000,21525100,2838,4730,21540000,15588
4,1436,21540000,21540100,2838,4730,21555000,15601
4,1437,21555000,21555100,2838,4730,21570000,15612
4,1438,21570000,21570100,2838,4730,21585000,15624
4,1439,21585000,21585100,2838,4730,21600000,15630
4,144,2160000,2160100,2838,4730,2175000,1567
4,1440,21600000,21600100,2838,4730,21615000,15644
4,1441,21615000,21615100,2838,4730,21630000,15655
4,1442,21630000,21630100,2838,4730,21645000,15667
4,1443,21645000,21645100,2838,4730,21660000,15676
4,1444,21660000,21660100,2838,4730,21675000,15687
4,1445,21675000,21675100,2838,4730,21690000,15698
4,1446,21690000,21690100,2838,4730,21705000,15712
4,1447,21705000,21705100,2838,4730,21720000,15718
4,1448,21720000,21720100,2838,4730,21735000,15732
4,1449,21735000,21735100,2838,4730,21750000,15740
4,145,2175000,2175100,2838,4730,2190000,1577
4,1450,21750000,21750100,2838,4730,21765000,15754
4,1451,21765000,21765100,2838,4730,21780000,15763
4,1452,21780000,21780100,2838,4730,21795000,15774
4,1453,21795000,21795100,2838,4730,21810000,15786
4,1454,21810000,21810100,2838,4730,21825000,15796
4,1455,21825000,21825100,2838,4730,21840000,15805
4,1456,21840000,21840100,2838,4730,21855000,15820
4,1457,21855000,21855100,2838,4730,21870000,15828
4,1458,21870000,21870100,2838,4730,21885000,15841
4,1459,21885000,21885100,2838,4730,21900000,15848
4,146,2190000,2190100,2838,4730,2205000,1592
4,1460,21900000,21900100,2838,4730,21915000,15862
4,1461,21915000,21915100,2838,4730,21930000,15873
4,1462,21930000,21930100,2838,4730,21945000,15883
4,1463,21945000,21945100,2838,4730,21960000,15893
4,1464,21960000,21960100,2838,4730,21975000,15904
4,1465,21975000,21975100,2838,4730,21990000,15915
4,1466,21990000,21990100,2838,4730,22005000,15930
4,1467,22005000,22005100,2838,4730,22020000,15936
4,1468,22020000,22020100,2838,4730,22035000,15948
4,1469,22035000,22035100,2838,4730,22050000,15957
4,147,2205000,2205100,2838,4730,2220000,1598
4,1470,22050000,22050100,2838,4730,22065000,15972
4,1471,22065000,22065100,2838,4730,22080000,15980
4,1472,22080000,22080100,2838,4730,22095000,15991
4,1473,22095000,22095100,2838,4730,22110000,16002
4,1474,22110000,22110100,2838,4730,22125000,16015
4,1475,22125000,22125100,2838,4730,22140000,16023
4,1476,22140000,22140100,2838,4730,22155000,16036
4,1477,22155000,22155100,2838,4730,22170000,16046
4,1478,22170000,22170100,2838,4730,22185000,16058
4,1479,22185000,22185100,2838,4730,22200000,16065
4,148,2220000,2220100,2838,4730,2235000,1610
4,1480,22200000,22200100,2838,4730,22215000,16079
4,1481,22215000,22215100,2838,4730,22230000,16090
4,1482,22230000,22230100,2838,4730,22245000,16101
4,1483,22245000,22245100,2838,4730,22260000,16110
4,1484,22260000,22260100,2838,4730,22275000,16121
4,1485,22275000,22275100,2838,4730,22290000,16133
4,1486,22290000,22290100,2838,4730,22305000,16146
4,1487,22305000,22305100,2838,4730,22320000,16152
4,1488,22320000,22320100,2838,4730,22335000,16167
4,1489,22335000,22335100,2838,4730,22350000,16175
4,149,2235000,2235100,2838,4730,2250000,1620
4,1490,22350000,22350100,2838,4730,22365000,16189
4,1491,22365000,22365100,2838,4730,22380000,16197
4,1492,22380000,22380100,2838,4730,22395000,16208
4,1493,22395000,22395100,2838,4730,22410000,16221
4,1494,22410000,22410100,2838,4730,22425000,16231
4,1495,22425000,22425100,2838,4730,22440000,16239
4,1496,22440000,22440100,2838,4730,22455000,16254
4,1497,22455000,22455100,2838,4730,22470000,16262
4,1498,22470000,22470100,2838,4730,22485000,16276
4,1499,22485000,22485100,2838,4730,22500000,16283
4,15,225000,225100,2838,4730,240000,164
4,150,2250000,2250100,2838,4730,2265000,1634
4,1500,22500000,22500100,2838,4730,22515000,16296
4,1501,22515000,22515100,2838,4730,22530000,16307
4,1502,22530000,22530100,2838,4730,22545000,16318
4,1503,22545000,22545100,2838,4730,22560000,16328
4,1504,22560000,22560100,2838,4730,22575000,16339
4,1505,22575000,22575100,2838,4730,22590000,16349
4,1506,22590000,22590100,2838,4730,22605000,16363
4,1507,22605000,22605100,2838,4730,22620000,16371
4,1508,22620000,22620100,2838,4730,22635000,16383
4,1509,22635000,22635100,2838,4730,22650000,16392
4,151,2265000,2265100,2838,4730,2280000,1642
4,1510,22650000,22650100,2838,4730,22665000,16406
4,1511,22665000,22665100,2838,4730,22680000,16414
4,1512,22680000,22680100,2838,4730,22695000,16426
4,1513,22695000,22695100,2838,4730,22710000,16437
4,1514,22710000,22710100,2838,4730,22725000,16449
4,1515,22725000,22725100,2838,4730,22740000,16457
4,1516,22740000,22740100,2838,4730,22755000,16471
4,1517,22755000,22755100,2838,4730,22770000,16480
4,1518,22770000,22770100,2838,4730,22785000,16493
4,1519,22785000,22785100,2838,4730,22800000,16499
4,152,2280000,2280100,2838,4730,2295000,1653
4,1520,22800000,22800100,2838,4730,22815000,16513
4,1521,22815000,22815100,2838,4730,22830000,16525
4,1522,22830000,22830100,2838,4730,22845000,16536
4,1523,22845000,22845100,2838,4730,22860000,16545
4,1524,22860000,22860100,2838,4730,22875000,16555
4,1525,22875000,22875100,2838,4730,22890000,16567
4,1526,22890000,22890100,2838,4730,22905000,16581
4,1527,22905000,22905100,2838,4730,22920000,16587
4,1528,22920000,22920100,2838,4730,22935000,16600
4,1529,22935000,22935100,2838,4730,22950000,16609
4,153,2295000,2295100,2838,4730,2310000,1664
4,1530,22950000,22950100,2838,4730,22965000,16624
4,1531,22965000,22965100,2838,4730,22980000,16632
4,1532,22980000,22980100,2838,4730,22995000,16643
4,1533,22995000,22995100,2838,4730,23010000,16655
4,1534,23010000,23010100,2838,4730,23025000,16665
4,1535,23025000,23025100,2838,4730,23040000,16674
4,1536,23040000,23040100,2838,4730,23055000,16689
4,1537,23055000,23055100,2838,4730,23070000,16697
4,1538,23070000,23070100,2838,4730,23085000,16710
4,1539,23085000,23085100,2838,4730,23100000,16716
4,154,2310000,2310100,2838,4730,2325000,1677
4,1540,23100000,23100100,2838,4730,23115000,16731
4,1541,23115000,23115100,2838,4730,23130000,16742
4,1542,23130000,23130100,2838,4730,23145000,16752
4,1543,23145000,23145100,2838,4730,23160000,16762
4,1544,23160000,23160100,2838,4730,23175000,16774
4,1545,23175000,23175100,2838,4730,23190000,16784
4,1546,23190000,23190100,2838,4730,23205000,16798
4,1547,23205000,23205100,2838,4730,23220000,16805
4,1548,23220000,23220100,2838,4730,23235000,16817
4,1549,23235000,23235100,2838,4730,23250000,16827
4,155,2325000,2325100,2838,4730,2340000,1685
4,1550,23250000,23250100,2838,4730,23265000,16840
4,1551,23265000,23265100,2838,4730,23280000,16849
4,1552,23280000,23280100,2838,4730,23295000,16860
4,1553,23295000,23295100,2838,4730,23310000,16871
4,1554,23310000,23310100,2838,4730,23325000,16884
4,1555,23325000,23325100,2838,4730,23340000,16892
4,1556,23340000,23340100,2838,4730,23355000,16905
4,1557,23355000,23355100,2838,4730,23370000,16914
4,1558,23370000,23370100,2838,4730,23385000,16928
4,1559,23385000,23385100,2838,4730,23400000,16934
4,156,2340000,2340100,2838,4730,2355000,1698
4,1560,23400000,23400100,2838,4730,23415000,16948
4,1561,23415000,23415100,2838,4730,23430000,16958
4,1562,23430000,23430100,2838,4730,23445000,16970
4,1563,23445000,23445100,2838,4730,23460000,16980
4,1564,23460000,23460100,2838,4730,23475000,16990
4,1565,23475000,23475100,2838,4730,23490000,17002
4,1566,23490000,23490100,2838,4730,23505000,17015
4,1567,23505000,23505100,2838,4730,23520000,17021
4,1568,23520000,23520100,2838,4730,23535000,17035
4,1569,23535000,23535100,2838,4730,23550000,17044
4,157,2355000,2355100,2838,4730,2370000,1708
4,1570,23550000,23550100,2838,4730,23565000,17058
4,1571,23565000,23565100,2838,4730,23580000,17066
4,1572,23580000,23580100,2838,4730,23595000,17077
4,1573,23595000,23595100,2838,4730,23610000,17090
4,1574,23610000,23610100,2838,4730,23625000,17100
4,1575,23625000,23625100,2838,4730,23640000,17108
4,1576,23640000,23640100,2838,4730,23655000,17123
4,1577,23655000,23655100,2838,4730,23670000,17132
4,1578,23670000,23670100,2838,4730,23685000,17145
4,1579,23685000,23685100,2838,4730,23700000,17151
4,158,2370000,2370100,2838,4730,2385000,1721
4,1580,23700000,23700100,2838,4730,23715000,17165
4,1581,23715000,23715100,2838,4730,23730000,17176
4,1582,23730000,23730100,2838,4730,23745000,17187
4,1583,23745000,23745100,2838,4730,23760000,17196
4,1584,23760000,23760100,2838,4730,23775000,17208
4,1585,23775000,23775100,2838,4730,23790000,17218
4,1586,23790000,23790100,2838,4730,23805000,17233
4,1587,23805000,23805100,2838,4730,23820000,17240
4,1588,23820000,23820100,2838,4730,23835000,17252
4,1589,23835000,23835100,2838,4730,23850000,17261
4,159,2385000,2385100,2838,4730,2400000,1727
4,1590,23850000,23850100,2838,4730,23865000,17274
4,1591,23865000,23865100,2838,4730,23880000,17284
4,1592,23880000,23880100,2838,4730,23895000,17295
4,1593,23895000,23895100,2838,4730,23910000,17306
4,1594,23910000,23910100,2838,4730,23925000,17317
4,1595,23925000,23925100,2838,4730,23940000,17326
4,1596,23940000,23940100,2838,4730,23955000,17340
4,1597,23955000,23955100,2838,4730,23970000,17349
4,1598,23970000,23970100,2838,4730,23985000,17362
4,1599,23985000,23985100,2838,4730,24000000,17368
4,16,240000,240100,2838,4730,255000,178
4,160,2400000,2400100,2838,4730,2415000,1741
4,1600,24000000,24000100,2838,4730,24015000,17383
4,1601,24015000,24015100,2838,4730,24030000,17393
4,1602,24030000,24030100,2838,4730,24045000,17405
4,1603,24045000,24045100,2838,4730,24060000,17414
4,1604,24060000,24060100,2838,4730,24075000,17424
4,1605,24075000,24075100,2838,4730,24090000,17436
4,1606,24090000,24090100,2838,4730,24105000,17450
4,1607,24105000,24105100,2838,4730,24120000,17456
4,1608,24120000,24120100,2838,4730,24135000,17469
4,1609,24135000,24135100,2838,4730,24150000,17478
4,161,2415000,2415100,2838,4730,2430000,1752
4,1610,24150000,24150100,2838,4730,24165000,17493
4,1611,24165000,24165100,2838,4730,24180000,17501
4,1612,24180000,24180100,2838,4730,24195000,17511
4,1613,24195000,24195100,2838,4730,24210000,17524
4,1614,24210000,24210100,2838,4730,24225000,17535
4,1615,24225000,24225100,2838,4730,24240000,17543
4,1616,24240000,24240100,2838,4730,24255000,17557
4,1617,24255000,24255100,2838,4730,24270000,17566
4,1618,24270000,24270100,2838,4730,24285000,17579
4,1619,24285000,24285100,2838,4730,24300000,17586
4,162,2430000,2430100,2838,4730,2445000,1763
4,1620,24300000,24300100,2838,4730,24315000,17600
4,1621,24315000,24315100,2838,4730,24330000,17611
4,1622,24330000,24330100,2838,4730,24345000,17621
4,1623,24345000,24345100,2838,4730,24360000,17630
4,1624,24360000,24360100,2838,4730,24375000,17643
4,1625,24375000,24375100,2838,4730,24390000,17653
4,1626,24390000,24390100,2838,4730,24405000,17667
4,1627,24405000,24405100,2838,4730,24420000,17673
4,1628,24420000,24420100,2838,4730,24435000,17687
4,1629,24435000,24435100,2838,4730,24450000,17696
4,163,2445000,2445100,2838,4730,2460000,1773
4,1630,24450000,24450100,2838,4730,24465000,17709
4,1631,24465000,24465100,2838,4730,24480000,17718
4,1632,24480000,24480100,2838,4730,24495000,17729
4,1633,24495000,24495100,2838,4730,24510000,17741
4,1634,24510000,24510100,2838,4730,24525000,17752
4,1635,24525000,24525100,2838,4730,24540000,17761
4,1636,24540000,24540100,2838,4730,24555000,17774
4,1637,24555000,24555100,2838,4730,24570000,17783
4,1638,24570000,24570100,2838,4730,24585000,17796
4,1639,24585000,24585100,2838,4730,24600000,17803
4,164,2460000,2460100,2838,4730,2475000,1783
4,1640,24600000,24600100,2838,4730,24615000,17817
4,1641,24615000,24615100,2838,4730,24630000,17827
4,1642,24630000,24630100,2838,4730,24645000,17840
4,1643,24645000,24645100,2838,4730,24660000,17849
4,1644,24660000,24660100,2838,4730,24675000,17859
4,1645,24675000,24675100,2838,4730,24690000,17870
4,1646,24690000,24690100,2838,4730,24705000,17884
4,1647,24705000,24705100,2838,4730,24720000,17891
4,1648,24720000,24720100,2838,4730,24735000,17904
4,1649,24735000,24735100,2838,4730,24750000,17912
4,165,2475000,2475100,2838,4730,2490000,1795
4,1650,24750000,24750100,2838,4730,24765000,17927
4,1651,24765000,24765100,2838,4730,24780000,17935
4,1652,24780000,24780100,2838,4730,24795000,17946
4,1653,24795000,24795100,2838,4730,24810000,17959
4,1654,24810000,24810100,2838,4730,24825000,17969
4,1655,24825000,24825100,2838,4730,24840000,17977
4,1656,24840000,24840100,2838,4730,24855000,17992
4,1657,24855000,24855100,2838,4730,24870000,18001
4,1658,24870000,24870100,2838,4730,24885000,18014
4,1659,24885000,24885100,2838,4730,24900000,18020
4,166,2490000,2490100,2838,4730,2505000,1808
4,1660,24900000,24900100,2838,4730,24915000,18033
4,1661,24915000,24915100,2838,4730,24930000,18046
4,1662,24930000,24930100,2838,4730,24945000,18056
4,1663,24945000,24945100,2838,4730,24960000,18065
4,1664,24960000,24960100,2838,4730,24975000,18077
4,1665,24975000,24975100,2838,4730,24990000,18087
4,1666,24990000,24990100,2838,4730,25005000,18102
4,1667,25005000,25005100,2838,4730,25020000,18108
4,1668,25020000,25020100,2838,4730,25035000,18121
4,1669,25035000,25035100,2838,4730,25050000,18130
4,167,2505000,2505100,2838,4730,2520000,1814
4,1670,25050000,25050100,2838,4730,25065000,18144
4,1671,25065000,25065100,2838,4730,25080000,18152
4,1672,25080000,25080100,2838,4730,25095000,18164
4,1673,25095000,25095100,2838,4730,25110000,18175
4,1674,25110000,25110100,2838,4730,25125000,18186
4,1675,25125000,25125100,2838,4730,25140000,18196
4,1676,25140000,25140100,2838,4730,25155000,18209
4,1677,25155000,25155100,2838,4730,25170000,18218
4,1678,25170000,25170100,2838,4730,25185000,18230
4,1679,25185000,25185100,2838,4730,25200000,18237
4,168,2520000,2520100,2838,4730,2535000,1829
4,1680,25200000,25200100,2838,4730,25215000,18252
4,1681,25215000,25215100,2838,4730,25230000,18262
4,1682,25230000,25230100,2838,4730,25245000,18273
4,1683,25245000,25245100,2838,4730,25260000,18283
4,1684,25260000,25260100,2838,4730,25275000,18294
4,1685,25275000,25275100,2838,4730,25290000,18305
4,1686,25290000,25290100,2838,4730,25305000,18319
4,1687,25305000,25305100,2838,4730,25320000,18325
4,1688,25320000,25320100,2838,4730,25335000,18338
4,1689,25335000,25335100,2838,4730,25350000,18347
4,169,2535000,2535100,2838,4730,2550000,1837
4,1690,25350000,25350100,2838,4730,25365000,18362
4,1691,25365000,25365100,2838,4730,25380000,18370
4,1692,25380000,25380100,2838,4730,25395000,18380
4,1693,25395000,25395100,2838,4730,25410000,18392
4,1694,25410000,25410100,2838,4730,25425000,18404
4,1695,25425000,25425100,2838,4730,25440000,18412
4,1696,25440000,25440100,2838,4730,25455000,18426
4,1697,25455000,25455100,2838,4730,25470000,18435
4,1698,25470000,25470100,2838,4730,25485000,18449
4,1699,25485000,25485100,2838,4730,25500000,18455
4,17,255000,255100,2838,4730,270000,186
4,170,2550000,2550100,2838,4730,2565000,1851
4,1700,25500000,25500100,2838,4730,25515000,18468
4,1701,25515000,25515100,2838,4730,25530000,18480
4,1702,25530000,25530100,2838,4730,25545000,18490
4,1703,25545000,25545100,2838,4730,25560000,18500
4,1704,25560000,25560100,2838,4730,25575000,18511
4,1705,25575000,25575100,2838,4730,25590000,18522
4,1706,25590000,25590100,2838,4730,25605000,18536
4,1707,25605000,25605100,2838,4730,25620000,18542
4,1708,25620000,25620100,2838,4730,25635000,18556
4,1709,25635000,25635100,2838,4730,25650000,18565
4,171,2565000,2565100,2838,4730,2580000,1859
4,1710,25650000,25650100,2838,4730,25665000,18578
4,1711,25665000,25665100,2838,4730,25680000,18586
4,1712,25680000,25680100,2838,4730,25695000,18599
4,1713,25695000,25695100,2838,4730,25710000,18610
4,1714,25710000,25710100,2838,4730,25725000,18621
4,1715,25725000,25725100,2838,4730,25740000,18629
4,1716,25740000,25740100,2838,4730,25755000,18643
4,1717,25755000,25755100,2838,4730,25770000,18653
4,1718,25770000,25770100,2838,4730,25785000,18665
4,1719,25785000,25785100,2838,4730,25800000,18672
4,172,2580000,2580100,2838,4730,2595000,1871
4,1720,25800000,25800100,2838,4730,25815000,18686
4,1721,25815000,25815100,2838,4730,25830000,18696
4,1722,25830000,25830100,2838,4730,25845000,18708
4,1723,25845000,25845100,2838,4730,25860000,18718
4,1724,25860000,25860100,2838,4730,25875000,18728
4,1725,25875000,25875100,2838,4730,25890000,18739
4,1726,25890000,25890100,2838,4730,25905000,18753
4,1727,25905000,25905100,2838,4730,25920000,18760
4,1728,25920000,25920100,2838,4730,25935000,18773
4,1729,25935000,25935100,2838,4730,25950000,18781
4,173,2595000,2595100,2838,4730,2610000,1883
4,1730,25950000,25950100,2838,4730,25965000,18796
4,1731,25965000,25965100,2838,4730,25980000,18805
4,1732,25980000,25980100,2838,4730,25995000,18815
4,1733,25995000,25995100,2838,4730,26010000,18827
4,1734,26010000,26010100,2838,4730,26025000,18838
4,1735,26025000,26025100,2838,4730,26040000,18846
4,1736,26040000,26040100,2838,4730,26055000,18861
4,1737,26055000,26055100,2838,4730,26070000,18869
4,1738,26070000,26070100,2838,4730,26085000,18883
4,1739,26085000,26085100,2838,4730,26100000,18889
4,174,2610000,2610100,2838,4730,2625000,1893
4,1740,26100000,26100100,2838,4730,26115000,18903
4,1741,26115000,26115100,2838,4730,26130000,18915
4,1742,26130000,26130100,2838,4730,26145000,18925
4,1743,26145000,26145100,2838,4730,26160000,18934
4,1744,26160000,26160100,2838,4730,26175000,18945
4,1745,26175000,26175100,2838,4730,26190000,18957
4,1746,26190000,26190100,2838,4730,26205000,18971
4,1747,26205000,26205100,2838,4730,26220000,18977
4,1748,26220000,26220100,2838,4730,26235000,18989
4,1749,26235000,26235100,2838,4730,26250000,18999
4,175,2625000,2625100,2838,4730,2640000,1901
4,1750,26250000,26250100,2838,4730,26265000,19013
4,1751,26265000,26265100,2838,4730,26280000,19021
4,1752,26280000,26280100,2838,4730,26295000,19033
4,1753,26295000,26295100,2838,4730,26310000,19044
4,1754,26310000,26310100,2838,4730,26325000,19056
4,1755,26325000,26325100,2838,4730,26340000,19064
4,1756,26340000,26340100,2838,4730,26355000,19078
4,1757,26355000,26355100,2838,4730,26370000,19087
4,1758,26370000,26370100,2838,4730,26385000,19099
4,1759,26385000,26385100,2838,4730,26400000,19106
4,176,2640000,2640100,2838,4730,2655000,1916
4,1760,26400000,26400100,2838,4730,26415000,19121
4,1761,26415000,26415100,2838,4730,26430000,19131
4,1762,26430000,26430100,2838,4730,26445000,19142
4,1763,26445000,26445100,2838,4730,26460000,19152
4,1764,26460000,26460100,2838,4730,26475000,19163
4,1765,26475000,26475100,2838,4730,26490000,19174
4,1766,26490000,26490100,2838,4730,26505000,19187
4,1767,26505000,26505100,2838,4730,26520000,19194
4,1768,26520000,26520100,2838,4730,26535000,19208
4,1769,26535000,26535100,2838,4730,26550000,19216
4,177,2655000,2655100,2838,4730,2670000,1925
4,1770,26550000,26550100,2838,4730,26565000,19230
4,1771,26565000,26565100,2838,4730,26580000,19239
4,1772,26580000,26580100,2838,4730,26595000,19249
4,1773,26595000,26595100,2838,4730,26610000,19262
4,1774,26610000,26610100,2838,4730,26625000,19273
4,1775,26625000,26625100,2838,4730,26640000,19281
4,1776,26640000,26640100,2838,4730,26655000,19295
4,1777,26655000,26655100,2838,4730,26670000,19303
4,1778,26670000,26670100,2838,4730,26685000,19318
4,1779,26685000,26685100,2838,4730,26700000,19324
4,178,2670000,2670100,2838,4730,2685000,1938
4,1780,26700000,26700100,2838,4730,26715000,19337
4,1781,26715000,26715100,2838,4730,26730000,19348
4,1782,26730000,26730100,2838,4730,26745000,19360
4,1783,26745000,26745100,2838,4730,26760000,19369
4,1784,26760000,26760100,2838,4730,26775000,19380
4,1785,26775000,26775100,2838,4730,26790000,19391
4,1786,26790000,26790100,2838,4730,26805000,19405
4,1787,26805000,26805100,2838,4730,26820000,19412
4,1788,26820000,26820100,2838,4730,26835000,19424
4,1789,26835000,26835100,2838,4730,26850000,19434
4,179,2685000,2685100,2838,4730,2700000,1945
4,1790,26850000,26850100,2838,4730,26865000,19447
4,1791,26865000,26865100,2838,4730,26880000,19455
4,1792,26880000,26880100,2838,4730,26895000,19467
4,1793,26895000,26895100,2838,4730,26910000,19479
4,1794,26910000,26910100,2838,4730,26925000,19490
4,1795,26925000,26925100,2838,4730,26940000,19498
4,1796,26940000,26940100,2838,4730,26955000,19513
4,1797,26955000,26955100,2838,4730,26970000,19522
4,1798,26970000,26970100,2838,4730,26985000,19534
4,1799,26985000,26985100,2838,4730,27000000,19540
4,18,270000,270100,2838,4730,285000,201
4,180,2700000,2700100,2838,4730,2715000,1958
4,1800,27000000,27000100,2838,4730,27015000,19555
4,1801,27015000,27015100,2838,4730,27030000,19566
4,1802,27030000,27030100,2838,4730,27045000,19577
4,1803,27045000,27045100,2838,4730,27060000,19586
4,1804,27060000,27060100,2838,4730,27075000,19597
4,1805,27075000,27075100,2838,4730,27090000,19608
4,1806,27090000,27090100,2838,4730,27105000,19622
4,1807,27105000,27105100,2838,4730,27120000,19629
4,1808,27120000,27120100,2838,4730,27135000,19642
4,1809,27135000,27135100,2838,4730,27150000,19650
4,181,2715000,2715100,2838,4730,2730000,1969
4,1810,27150000,27150100,2838,4730,27165000,19665
4,1811,27165000,27165100,2838,4730,27180000,19674
4,1812,27180000,27180100,2838,4730,27195000,19684
4,1813,27195000,27195100,2838,4730,27210000,19696
4,1814,27210000,27210100,2838,4730,27225000,19706
4,1815,27225000,27225100,2838,4730,27240000,19716
4,1816,27240000,27240100,2838,4730,27255000,19730
4,1817,27255000,27255100,2838,4730,27270000,19738
4,1818,27270000,27270100,2838,4730,27285000,19752
4,1819,27285000,27285100,2838,4730,27300000,19758
4,182,2730000,2730100,2838,4730,2745000,1980
4,1820,27300000,27300100,2838,4730,27315000,19772
4,1821,27315000,27315100,2838,4730,27330000,19783
4,1822,27330000,27330100,2838,4730,27345000,19794
4,1823,27345000,27345100,2838,4730,27360000,19803
4,1824,27360000,27360100,2838,4730,27375000,19815
4,1825,27375000,27375100,2838,4730,27390000,19825
4,1826,27390000,27390100,2838,4730,27405000,19840
4,1827,27405000,27405100,2838,4730,27420000,19846
4,1828,27420000,27420100,2838,4730,27435000,19858
4,1829,27435000,27435100,2838,4730,27450000,19869
4,183,2745000,2745100,2838,4730,2760000,1990
4,1830,27450000,27450100,2838,4730,27465000,19882
4,1831,27465000,27465100,2838,4730,27480000,19890
4,1832,27480000,27480100,2838,4730,27495000,19901
4,1833,27495000,27495100,2838,4730,27510000,19913
4,1834,27510000,27510100,2838,4730,27525000,19925
4,1835,27525000,27525100,2838,4730,27540000,19933
4,1836,27540000,27540100,2838,4730,27555000,19946
4,1837,27555000,27555100,2838,4730,27570000,19956
4,1838,27570000,27570100,2838,4730,27585000,19969
4,1839,27585000,27585100,2838,4730,27600000,19975
4,184,2760000,2760100,2838,4730,2775000,2001
4,1840,27600000,27600100,2838,4730,27615000,19990
4,1841,27615000,27615100,2838,4730,27630000,20000
4,1842,27630000,27630100,2838,4730,27645000,20011
4,1843,27645000,27645100,2838,4730,27660000,20021
4,1844,27660000,27660100,2838,4730,27675000,20032
4,1845,27675000,27675100,2838,4730,27690000,20043
4,1846,27690000,27690100,2838,4730,27705000,20056
4,1847,27705000,27705100,2838,4730,27720000,20062
4,1848,27720000,27720100,2838,4730,27735000,20077
4,1849,27735000,27735100,2838,4730,27750000,20085
4,185,2775000,2775100,2838,4730,2790000,2011
4,1850,27750000,27750100,2838,4730,27765000,20099
4,1851,27765000,27765100,2838,4730,27780000,20108
4,1852,27780000,27780100,2838,4730,27795000,20119
4,1853,27795000,27795100,2838,4730,27810000,20131
4,1854,27810000,27810100,2838,4730,27825000,20141
4,1855,27825000,27825100,2838,4730,27840000,20150
4,1856,27840000,27840100,2838,4730,27855000,20164
4,1857,27855000,27855100,2838,4730,27870000,20173
4,1858,27870000,27870100,2838,4730,27885000,20186
4,1859,27885000,27885100,2838,4730,27900000,20193
4,186,2790000,2790100,2838,4730,2805000,2026
4,1860,27900000,27900100,2838,4730,27915000,20206
4,1861,27915000,27915100,2838,4730,27930000,20217
4,1862,27930000,27930100,2838,4730,27945000,20229
4,1863,27945000,27945100,2838,4730,27960000,20238
4,1864,27960000,27960100,2838,4730,27975000,20249
4,1865,27975000,27975100,2838,4730,27990000,20259
4,1866,27990000,27990100,2838,4730,28005000,20275
4,1867,28005000,28005100,2838,4730,28020000,20281
4,1868,28020000,28020100,2838,4730,28035000,20293
4,1869,28035000,28035100,2838,4730,28050000,20302
4,187,2805000,2805100,2838,4730,2820000,2033
4,1870,28050000,28050100,2838,4730,28065000,20316
4,1871,28065000,28065100,2838,4730,28080000,20325
4,1872,28080000,28080100,2838,4730,28095000,20336
4,1873,28095000,28095100,2838,4730,28110000,20348
4,1874,28110000,28110100,2838,4730,28125000,20359
4,1875,28125000,28125100,2838,4730,28140000,20367
4,1876,28140000,28140100,2838,4730,28155000,20381
4,1877,28155000,28155100,2838,4730,28170000,20391
4,1878,28170000,28170100,2838,4730,28185000,20403
4,1879,28185000,28185100,2838,4730,28200000,20409
4,188,2820000,2820100,2838,4730,2835000,2045
4,1880,28200000,28200100,2838,4730,28215000,20424
4,1881,28215000,28215100,2838,4730,28230000,20435
4,1882,28230000,28230100,2838,4730,28245000,20446
4,1883,28245000,28245100,2838,4730,28260000,20455
4,1884,28260000,28260100,2838,4730,28275000,20466
4,1885,28275000,28275100,2838,4730,28290000,20478
4,1886,28290000,28290100,2838,4730,28305000,20491
4,1887,28305000,28305100,2838,4730,28320000,20497
4,1888,28320000,28320100,2838,4730,28335000,20511
4,1889,28335000,28335100,2838,4730,28350000,20519
4,189,2835000,2835100,2838,4730,2850000,2054
4,1890,28350000,28350100,2838,4730,28365000,20534
4,1891,28365000,28365100,2838,4730,28380000,20542
4,1892,28380000,28380100,2838,4730,28395000,20553
4,1893,28395000,28395100,2838,4730,28410000,20565
4,1894,28410000,28410100,2838,4730,28425000,20576
4,1895,28425000,28425100,2838,4730,28440000,20585
4,1896,28440000,28440100,2838,4730,28455000,20599
4,1897,28455000,28455100,2838,4730,28470000,20607
4,1898,28470000,28470100,2838,4730,28485000,20620
4,1899,28485000,28485100,2838,4730,28500000,20628
4,19,285000,285100,2838,4730,300000,207
4,190,2850000,2850100,2838,4730,2865000,2068
4,1900,28500000,28500100,2838,4730,28515000,20641
4,1901,28515000,28515100,2838,4730,28530000,20652
4,1902,28530000,28530100,2838,4730,28545000,20662
4,1903,28545000,28545100,2838,4730,28560000,20672
4,1904,28560000,28560100,2838,4730,28575000,20684
4,1905,28575000,28575100,2838,4730,28590000,20694
4,1906,28590000,28590100,2838,4730,28605000,20709
4,1907,28605000,28605100,2838,4730,28620000,20715
4,1908,28620000,28620100,2838,4730,28635000,20728
4,1909,28635000,28635100,2838,4730,28650000,20737
4,191,2865000,2865100,2838,4730,2880000,2077
4,1910,28650000,28650100,2838,4730,28665000,20751
4,1911,28665000,28665100,2838,4730,28680000,20759
4,1912,28680000,28680100,2838,4730,28695000,20770
4,1913,28695000,28695100,2838,4730,28710000,20782
4,1914,28710000,28710100,2838,4730,28725000,20794
4,1915,28725000,28725100,2838,4730,28740000,20802
4,1916,28740000,28740100,2838,4730,28755000,20815
4,1917,28755000,28755100,2838,4730,28770000,20825
4,1918,28770000,28770100,2838,4730,28785000,20838
4,1919,28785000,28785100,2838,4730,28800000,20844
4,192,2880000,2880100,2838,4730,2895000,2088
4,1920,28800000,28800100,2838,4730,28815000,20858
4,1921,28815000,28815100,2838,4730,28830000,20869
4,1922,28830000,28830100,2838,4730,28845000,20881
4,1923,28845000,28845100,2838,4730,28860000,20890
4,1924,28860000,28860100,2838,4730,28875000,20900
4,1925,28875000,28875100,2838,4730,28890000,20912
4,1926,28890000,28890100,2838,4730,28905000,20925
4,1927,28905000,28905100,2838,4730,28920000,20932
4,1928,28920000,28920100,2838,4730,28935000,20946
4,1929,28935000,28935100,2838,4730,28950000,20954
4,193,2895000,2895100,2838,4730,2910000,2099
4,1930,28950000,28950100,2838,4730,28965000,20968
4,1931,28965000,28965100,2838,4730,28980000,20976
4,1932,28980000,28980100,2838,4730,28995000,20988
4,1933,28995000,28995100,2838,4730,29010000,21000
4,1934,29010000,29010100,2838,4730,29025000,21010
4,1935,29025000,29025100,2838,4730,29040000,21018
4,1936,29040000,29040100,2838,4730,29055000,21034
4,1937,29055000,29055100,2838,4730,29070000,21042
4,1938,29070000,29070100,2838,4730,29085000,21055
4,1939,29085000,29085100,2838,4730,29100000,21062
4,194,2910000,2910100,2838,4730,2925000,2111
4,1940,29100000,29100100,2838,4730,29115000,21075
4,1941,29115000,29115100,2838,4730,29130000,21087
4,1942,29130000,29130100,2838,4730,29145000,21097
4,1943,29145000,29145100,2838,4730,29160000,21107
4,1944,29160000,29160100,2838,4730,29175000,21118
4,1945,29175000,29175100,2838,4730,29190000,21128
4,1946,29190000,29190100,2838,4730,29205000,21143
4,1947,29205000,29205100,2838,4730,29220000,21150
4,1948,29220000,29220100,2838,4730,29235000,21162
4,1949,29235000,29235100,2838,4730,29250000,21171
4,195,2925000,2925100,2838,4730,2940000,2119
4,1950,29250000,29250100,2838,4730,29265000,21186
4,1951,29265000,29265100,2838,4730,29280000,21194
4,1952,29280000,29280100,2838,4730,29295000,21205
4,1953,29295000,29295100,2838,4730,29310000,21216
4,1954,29310000,29310100,2838,4730,29325000,21228
4,1955,29325000,29325100,2838,4730,29340000,21237
4,1956,29340000,29340100,2838,4730,29355000,21250
4,1957,29355000,29355100,2838,4730,29370000,21259
4,1958,29370000,29370100,2838,4730,29385000,21272
4,1959,29385000,29385100,2838,4730,29400000,21278
4,196,2940000,2940100,2838,4730,2955000,2133
4,1960,29400000,29400100,2838,4730,29415000,21293
4,1961,29415000,29415100,2838,4730,29430000,21304
4,1962,29430000,29430100,2838,4730,29445000,21315
4,1963,29445000,29445100,2838,4730,29460000,21324
4,1964,29460000,29460100,2838,4730,29475000,21335
4,1965,29475000,29475100,2838,4730,29490000,21347
4,1966,29490000,29490100,2838,4730,29505000,21360
4,1967,29505000,29505100,2838,4730,29520000,21366
4,1968,29520000,29520100,2838,4730,29535000,21379
4,1969,29535000,29535100,2838,4730,29550000,21389
4,197,2955000,2955100,2838,4730,2970000,2142
4,1970,29550000,29550100,2838,4730,29565000,21403
4,1971,29565000,29565100,2838,4730,29580000,21411
4,1972,29580000,29580100,2838,4730,29595000,21422
4,1973,29595000,29595100,2838,4730,29610000,21434
4,1974,29610000,29610100,2838,4730,29625000,21445
4,1975,29625000,29625100,2838,4730,29640000,21453
4,1976,29640000,29640100,2838,4730,29655000,21468
4,1977,29655000,29655100,2838,4730,29670000,21476
4,1978,29670000,29670100,2838,4730,29685000,21490
4,1979,29685000,29685100,2838,4730,29700000,21496
4,198,2970000,2970100,2838,4730,2985000,2155
4,1980,29700000,29700100,2838,4730,29715000,21510
4,1981,29715000,29715100,2838,4730,29730000,21521
4,1982,29730000,29730100,2838,4730,29745000,21531
4,1983,29745000,29745100,2838,4730,29760000,21542
4,1984,29760000,29760100,2838,4730,29775000,21553
4,1985,29775000,29775100,2838,4730,29790000,21563
4,1986,29790000,29790100,2838,4730,29805000,21577
4,1987,29805000,29805100,2838,4730,29820000,21584
4,1988,29820000,29820100,2838,4730,29835000,21597
4,1989,29835000,29835100,2838,4730,29850000,21606
4,199,2985000,2985100,2838,4730,3000000,2161
4,1990,29850000,29850100,2838,4730,29865000,21619
4,1991,29865000,29865100,2838,4730,29880000,21628
4,1992,29880000,29880100,2838,4730,29895000,21640
4,1993,29895000,29895100,2838,4730,29910000,21651
4,1994,29910000,29910100,2838,4730,29925000,21663
4,1995,29925000,29925100,2838,4730,29940000,21671
4,1996,29940000,29940100,2838,4730,29955000,21684
4,1997,29955000,29955100,2838,4730,29970000,21694
4,1998,29970000,29970100,2838,4730,29985000,21707
4,1999,29985000,29985100,2838,4730,30000000,21713
4,2,30000,30100,2838,4730,45000,25
4,20,300000,300100,2838,4730,315000,220
4,200,3000000,3000100,2838,4730,3015000,2176
4,2000,30000000,30000100,2838,4730,30015000,21727
4,2001,30015000,30015100,2838,4730,30030000,21737
4,2002,30030000,30030100,2838,4730,30045000,21750
4,2003,30045000,30045100,2838,4730,30060000,21759
4,2004,30060000,30060100,2838,4730,30075000,21769
4,2005,30075000,30075100,2838,4730,30090000,21781
4,2006,30090000,30090100,2838,4730,30105000,21795
4,2007,30105000,30105100,2838,4730,30120000,21801
4,2008,30120000,30120100,2838,4730,30135000,21814
4,2009,30135000,30135100,2838,4730,30150000,21823
4,201,3015000,3015100,2838,4730,3030000,2187
4,2010,30150000,30150100,2838,4730,30165000,21837
4,2011,30165000,30165100,2838,4730,30180000,21846
4,2012,30180000,30180100,2838,4730,30195000,21856
4,2013,30195000,30195100,2838,4730,30210000,21869
4,2014,30210000,30210100,2838,4730,30225000,21879
4,2015,30225000,30225100,2838,4730,30240000,21887
4,2016,30240000,30240100,2838,4730,30255000,21903
4,2017,30255000,30255100,2838,4730,30270000,21911
4,2018,30270000,30270100,2838,4730,30285000,21924
4,2019,30285000,30285100,2838,4730,30300000,21930
4,202,3030000,3030100,2838,4730,3045000,2198
4,2020,30300000,30300100,2838,4730,30315000,21945
4,2021,30315000,30315100,2838,4730,30330000,21956
4,2022,30330000,30330100,2838,4730,30345000,21966
4,2023,30345000,30345100,2838,4730,30360000,21975
4,2024,30360000,30360100,2838,4730,30375000,21987
4,2025,30375000,30375100,2838,4730,30390000,21998
4,2026,30390000,30390100,2838,4730,30405000,22012
4,2027,30405000,30405100,2838,4730,30420000,22019
4,2028,30420000,30420100,2838,4730,30435000,22031
4,2029,30435000,30435100,2838,4730,30450000,22040
4,203,3045000,3045100,2838,4730,3060000,2207
4,2030,30450000,30450100,2838,4730,30465000,22054
4,2031,30465000,30465100,2838,4730,30480000,22063
4,2032,30480000,30480100,2838,4730,30495000,22074
4,2033,30495000,30495100,2838,4730,30510000,22085
4,2034,30510000,30510100,2838,4730,30525000,22097
4,2035,30525000,30525100,2838,4730,30540000,22106
4,2036,30540000,30540100,2838,4730,30555000,22119
4,2037,30555000,30555100,2838,4730,30570000,22128
4,2038,30570000,30570100,2838,4730,30585000,22141
4,2039,30585000,30585100,2838,4730,30600000,22148
4,204,3060000,3060100,2838,4730,3075000,2217
4,2040,30600000,30600100,2838,4730,30615000,22162
4,2041,30615000,30615100,2838,4730,30630000,22172
4,2042,30630000,30630100,2838,4730,30645000,22184
4,2043,30645000,30645100,2838,4730,30660000,22193
4,2044,30660000,30660100,2838,4730,30675000,22204
4,2045,30675000,30675100,2838,4730,30690000,22215
4,2046,30690000,30690100,2838,4730,30705000,22229
4,2047,30705000,30705100,2838,4730,30720000,22235
4,2048,30720000,30720100,2838,4730,30735000,22249
4,2049,30735000,30735100,2838,4730,30750000,22258
4,205,3075000,3075100,2838,4730,3090000,2230
4,2050,30750000,30750100,2838,4730,30765000,22272
4,2051,30765000,30765100,2838,4730,30780000,22280
4,2052,30780000,30780100,2838,4730,30795000,22290
4,2053,30795000,30795100,2838,4730,30810000,22304
4,2054,30810000,30810100,2838,4730,30825000,22314
4,2055,30825000,30825100,2838,4730,30840000,22322
4,2056,30840000,30840100,2838,4730,30855000,22336
4,2057,30855000,30855100,2838,4730,30870000,22345
4,2058,30870000,30870100,2838,4730,30885000,22359
4,2059,30885000,30885100,2838,4730,30900000,22365
4,206,3090000,3090100,2838,4730,3105000,2243
4,2060,30900000,30900100,2838,4730,30915000,22379
4,2061,30915000,30915100,2838,4730,30930000,22390
4,2062,30930000,30930100,2838,4730,30945000,22401
4,2063,30945000,30945100,2838,4730,30960000,22410
4,2064,30960000,30960100,2838,4730,30975000,22422
4,2065,30975000,30975100,2838,4730,30990000,22432
4,2066,30990000,30990100,2838,4730,31005000,22446
4,2067,31005000,31005100,2838,4730,31020000,22453
4,2068,31020000,31020100,2838,4730,31035000,22466
4,2069,31035000,31035100,2838,4730,31050000,22475
4,207,3105000,3105100,2838,4730,3120000,2249
4,2070,31050000,31050100,2838,4730,31065000,22488
4,2071,31065000,31065100,2838,4730,31080000,22497
4,2072,31080000,31080100,2838,4730,31095000,22509
4,2073,31095000,31095100,2838,4730,31110000,22520
4,2074,31110000,31110100,2838,4730,31125000,22531
4,2075,31125000,31125100,2838,4730,31140000,22540
4,2076,31140000,31140100,2838,4730,31155000,22554
4,2077,31155000,31155100,2838,4730,31170000,22563
4,2078,31170000,31170100,2838,4730,31185000,22575
4,2079,31185000,31185100,2838,4730,31200000,22582
4,208,3120000,3120100,2838,4730,3135000,2262
4,2080,31200000,31200100,2838,4730,31215000,22596
4,2081,31215000,31215100,2838,4730,31230000,22607
4,2082,31230000,31230100,2838,4730,31245000,22619
4,2083,31245000,31245100,2838,4730,31260000,22628
4,2084,31260000,31260100,2838,4730,31275000,22638
4,2085,31275000,31275100,2838,4730,31290000,22649
4,2086,31290000,31290100,2838,4730,31305000,22664
4,2087,31305000,31305100,2838,4730,31320000,22670
4,2088,31320000,31320100,2838,4730,31335000,22683
4,2089,31335000,31335100,2838,4730,31350000,22691
4,209,3135000,3135100,2838,4730,3150000,2271
4,2090,31350000,31350100,2838,4730,31365000,22707
4,2091,31365000,31365100,2838,4730,31380000,22715
4,2092,31380000,31380100,2838,4730,31395000,22725
4,2093,31395000,31395100,2838,4730,31410000,22738
4,2094,31410000,31410100,2838,4730,31425000,22748
4,2095,31425000,31425100,2838,4730,31440000,22757
4,2096,31440000,31440100,2838,4730,31455000,22771
4,2097,31455000,31455100,2838,4730,31470000,22780
4,2098,31470000,31470100,2838,4730,31485000,22793
4,2099,31485000,31485100,2838,4730,31500000,22799
4,21,315000,315100,2838,4730,330000,231
4,210,3150000,3150100,2838,4730,3165000,2286
4,2100,31500000,31500100,2838,4730,31515000,22813
4,2101,31515000,31515100,2838,4730,31530000,22825
4,2102,31530000,31530100,2838,4730,31545000,22835
4,2103,31545000,31545100,2838,4730,31560000,22844
4,2104,31560000,31560100,2838,4730,31575000,22857
4,2105,31575000,31575100,2838,4730,31590000,22867
4,2106,31590000,31590100,2838,4730,31605000,22881
4,2107,31605000,31605100,2838,4730,31620000,22887
4,2108,31620000,31620100,2838,4730,31635000,22900
4,2109,31635000,31635100,2838,4730,31650000,22910
4,211,3165000,3165100,2838,4730,3180000,2294
4,2110,31650000,31650100,2838,4730,31665000,22923
4,2111,31665000,31665100,2838,4730,31680000,22931
4,2112,31680000,31680100,2838,4730,31695000,22943
4,2113,31695000,31695100,2838,4730,31710000,22954
4,2114,31710000,31710100,2838,4730,31725000,22966
4,2115,31725000,31725100,2838,4730,31740000,22975
4,2116,31740000,31740100,2838,4730,31755000,22988
4,2117,31755000,31755100,2838,4730,31770000,22997
4,2118,31770000,31770100,2838,4730,31785000,23010
4,2119,31785000,31785100,2838,4730,31800000,23017
4,212,3180000,3180100,2838,4730,3195000,2305
4,2120,31800000,31800100,2838,4730,31815000,23031
4,2121,31815000,31815100,2838,4730,31830000,23041
4,2122,31830000,31830100,2838,4730,31845000,23052
4,2123,31845000,31845100,2838,4730,31860000,23063
4,2124,31860000,31860100,2838,4730,31875000,23073
4,2125,31875000,31875100,2838,4730,31890000,23084
4,2126,31890000,31890100,2838,4730,31905000,23098
4,2127,31905000,31905100,2838,4730,31920000,23104
4,2128,31920000,31920100,2838,4730,31935000,23118
4,2129,31935000,31935100,2838,4730,31950000,23126
4,213,3195000,3195100,2838,4730,3210000,2317
4,2130,31950000,31950100,2838,4730,31965000,23141
4,2131,31965000,31965100,2838,4730,31980000,23149
4,2132,31980000,31980100,2838,4730,31995000,23160
4,2133,31995000,31995100,2838,4730,32010000,23172
4,2134,32010000,32010100,2838,4730,32025000,23183
4,2135,32025000,32025100,2838,4730,32040000,23191
4,2136,32040000,32040100,2838,4730,32055000,23205
4,2137,32055000,32055100,2838,4730,32070000,23215
4,2138,32070000,32070100,2838,4730,32085000,23228
4,2139,32085000,32085100,2838,4730,32100000,23234
4,214,3210000,3210100,2838,4730,3225000,2328
4,2140,32100000,32100100,2838,4730,32115000,23247
4,2141,32115000,32115100,2838,4730,32130000,23259
4,2142,32130000,32130100,2838,4730,32145000,23270
4,2143,32145000,32145100,2838,4730,32160000,23279
4,2144,32160000,32160100,2838,4730,32175000,23290
4,2145,32175000,32175100,2838,4730,32190000,23301
4,2146,32190000,32190100,2838,4730,32205000,23316
4,2147,32205000,32205100,2838,4730,32220000,23322
4,2148,32220000,32220100,2838,4730,32235000,23335
4,2149,32235000,32235100,2838,4730,32250000,23344
4,215,3225000,3225100,2838,4730,3240000,2336
4,2150,32250000,32250100,2838,4730,32265000,23357
4,2151,32265000,32265100,2838,4730,32280000,23366
4,2152,32280000,32280100,2838,4730,32295000,23378
4,2153,32295000,32295100,2838,4730,32310000,23389
4,2154,32310000,32310100,2838,4730,32325000,23400
4,2155,32325000,32325100,2838,4730,32340000,23408
4,2156,32340000,32340100,2838,4730,32355000,23423
4,2157,32355000,32355100,2838,4730,32370000,23432
4,2158,32370000,32370100,2838,4730,32385000,23444
4,2159,32385000,32385100,2838,4730,32400000,23451
4,216,3240000,3240100,2838,4730,3255000,2351
4,2160,32400000,32400100,2838,4730,32415000,23466
4,2161,32415000,32415100,2838,4730,32430000,23476
4,2162,32430000,32430100,2838,4730,32445000,23487
4,2163,32445000,32445100,2838,4730,32460000,23497
4,2164,32460000,32460100,2838,4730,32475000,23507
4,2165,32475000,32475100,2838,4730,32490000,23519
4,2166,32490000,32490100,2838,4730,32505000,23532
4,2167,32505000,32505100,2838,4730,32520000,23539
4,2168,32520000,32520100,2838,4730,32535000,23552
4,2169,32535000,32535100,2838,4730,32550000,23560
4,217,3255000,3255100,2838,4730,3270000,2359
4,2170,32550000,32550100,2838,4730,32565000,23576
4,2171,32565000,32565100,2838,4730,32580000,23584
4,2172,32580000,32580100,2838,4730,32595000,23594
4,2173,32595000,32595100,2838,4730,32610000,23606
4,2174,32610000,32610100,2838,4730,32625000,23618
4,2175,32625000,32625100,2838,4730,32640000,23626
4,2176,32640000,32640100,2838,4730,32655000,23640
4,2177,32655000,32655100,2838,4730,32670000,23648
4,2178,32670000,32670100,2838,4730,32685000,23662
4,2179,32685000,32685100,2838,4730,32700000,23669
4,218,3270000,3270100,2838,4730,3285000,2372
4,2180,32700000,32700100,2838,4730,32715000,23682
4,2181,32715000,32715100,2838,4730,32730000,23694
4,2182,32730000,32730100,2838,4730,32745000,23704
4,2183,32745000,32745100,2838,4730,32760000,23713
4,2184,32760000,32760100,2838,4730,32775000,23725
4,2185,32775000,32775100,2838,4730,32790000,23736
4,2186,32790000,32790100,2838,4730,32805000,23750
4,2187,32805000,32805100,2838,4730,32820000,23756
4,2188,32820000,32820100,2838,4730,32835000,23769
4,2189,32835000,32835100,2838,4730,32850000,23779
4,219,3285000,3285100,2838,4730,3300000,2379
4,2190,32850000,32850100,2838,4730,32865000,23792
4,2191,32865000,32865100,2838,4730,32880000,23800
4,2192,32880000,32880100,2838,4730,32895000,23812
4,2193,32895000,32895100,2838,4730,32910000,23824
4,2194,32910000,32910100,2838,4730,32925000,23835
4,2195,32925000,32925100,2838,4730,32940000,23843
4,2196,32940000,32940100,2838,4730,32955000,23857
4,2197,32955000,32955100,2838,4730,32970000,23866
4,2198,32970000,32970100,2838,4730,32985000,23879
4,2199,32985000,32985100,2838,4730,33000000,23885
4,22,330000,330100,2838,4730,345000,242
4,220,3300000,3300100,2838,4730,3315000,2393
4,2200,33000000,33000100,2838,4730,33015000,23900
4,2201,33015000,33015100,2838,4730,33030000,23910
4,2202,33030000,33030100,2838,4730,33045000,23922
4,2203,33045000,33045100,2838,4730,33060000,23932
4,2204,33060000,33060100,2838,4730,33075000,23942
4,2205,33075000,33075100,2838,4730,33090000,23953
4,2206,33090000,33090100,2838,4730,33105000,23966
4,2207,33105000,33105100,2838,4730,33120000,23974
4,2208,33120000,33120100,2838,4730,33135000,23987
4,2209,33135000,33135100,2838,4730,33150000,23995
4,221,3315000,3315100,2838,4730,3330000,2404
4,2210,33150000,33150100,2838,4730,33165000,24009
4,2211,33165000,33165100,2838,4730,33180000,24018
4,2212,33180000,33180100,2838,4730,33195000,24029
4,2213,33195000,33195100,2838,4730,33210000,24041
4,2214,33210000,33210100,2838,4730,33225000,24052
4,2215,33225000,33225100,2838,4730,33240000,24060
4,2216,33240000,33240100,2838,4730,33255000,24075
4,2217,33255000,33255100,2838,4730,33270000,24083
4,2218,33270000,33270100,2838,4730,33285000,24097
4,2219,33285000,33285100,2838,4730,33300000,24103
4,222,3330000,3330100,2838,4730,3345000,2414
4,2220,33300000,33300100,2838,4730,33315000,24116
4,2221,33315000,33315100,2838,4730,33330000,24128
4,2222,33330000,33330100,2838,4730,33345000,24139
4,2223,33345000,33345100,2838,4730,33360000,24148
4,2224,33360000,33360100,2838,4730,33375000,24159
4,2225,33375000,33375100,2838,4730,33390000,24170
4,2226,33390000,33390100,2838,4730,33405000,24185
4,2227,33405000,33405100,2838,4730,33420000,24191
4,2228,33420000,33420100,2838,4730,33435000,24203
4,2229,33435000,33435100,2838,4730,33450000,24213
4,223,3345000,3345100,2838,4730,3360000,2424
4,2230,33450000,33450100,2838,4730,33465000,24227
4,2231,33465000,33465100,2838,4730,33480000,24235
4,2232,33480000,33480100,2838,4730,33495000,24246
4,2233,33495000,33495100,2838,4730,33510000,24258
4,2234,33510000,33510100,2838,4730,33525000,24269
4,2235,33525000,33525100,2838,4730,33540000,24278
4,2236,33540000,33540100,2838,4730,33555000,24292
4,2237,33555000,33555100,2838,4730,33570000,24301
4,2238,33570000,33570100,2838,4730,33585000,24313
4,2239,33585000,33585100,2838,4730,33600000,24319
4,224,3360000,3360100,2838,4730,3375000,2436
4,2240,33600000,33600100,2838,4730,33615000,24335
4,2241,33615000,33615100,2838,4730,33630000,24345
4,2242,33630000,33630100,2838,4730,33645000,24356
4,2243,33645000,33645100,2838,4730,33660000,24365
4,2244,33660000,33660100,2838,4730,33675000,24377
4,2245,33675000,33675100,2838,4730,33690000,24388
4,2246,33690000,33690100,2838,4730,33705000,24401
4,2247,33705000,33705100,2838,4730,33720000,24408
4,2248,33720000,33720100,2838,4730,33735000,24421
4,2249,33735000,33735100,2838,4730,33750000,24430
4,225,3375000,3375100,2838,4730,3390000,2446
4,2250,33750000,33750100,2838,4730,33765000,24444
4,2251,33765000,33765100,2838,4730,33780000,24453
4,2252,33780000,33780100,2838,4730,33795000,24463
4,2253,33795000,33795100,2838,4730,33810000,24475
4,2254,33810000,33810100,2838,4730,33825000,24486
4,2255,33825000,33825100,2838,4730,33840000,24495
4,2256,33840000,33840100,2838,4730,33855000,24509
4,2257,33855000,33855100,2838,4730,33870000,24517
4,2258,33870000,33870100,2838,4730,33885000,24532
4,2259,33885000,33885100,2838,4730,33900000,24538
4,226,3390000,3390100,2838,4730,3405000,2460
4,2260,33900000,33900100,2838,4730,33915000,24551
4,2261,33915000,33915100,2838,4730,33930000,24562
4,2262,33930000,33930100,2838,4730,33945000,24573
4,2263,33945000,33945100,2838,4730,33960000,24583
4,2264,33960000,33960100,2838,4730,33975000,24594
4,2265,33975000,33975100,2838,4730,33990000,24604
4,2266,33990000,33990100,2838,4730,34005000,24619
4,2267,34005000,34005100,2838,4730,34020000,24625
4,2268,34020000,34020100,2838,4730,34035000,24638
4,2269,34035000,34035100,2838,4730,34050000,24648
4,227,3405000,3405100,2838,4730,3420000,2467
4,2270,34050000,34050100,2838,4730,34065000,24661
4,2271,34065000,34065100,2838,4730,34080000,24669
4,2272,34080000,34080100,2838,4730,34095000,24681
4,2273,34095000,34095100,2838,4730,34110000,24693
4,2274,34110000,34110100,2838,4730,34125000,24704
4,2275,34125000,34125100,2838,4730,34140000,24712
4,2276,34140000,34140100,2838,4730,34155000,24725
4,2277,34155000,34155100,2838,4730,34170000,24736
4,2278,34170000,34170100,2838,4730,34185000,24748
4,2279,34185000,34185100,2838,4730,34200000,24754
4,228,3420000,3420100,2838,4730,3435000,2480
4,2280,34200000,34200100,2838,4730,34215000,24769
4,2281,34215000,34215100,2838,4730,34230000,24779
4,2282,34230000,34230100,2838,4730,34245000,24791
4,2283,34245000,34245100,2838,4730,34260000,24800
4,2284,34260000,34260100,2838,4730,34275000,24811
4,2285,34275000,34275100,2838,4730,34290000,24822
4,2286,34290000,34290100,2838,4730,34305000,24836
4,2287,34305000,34305100,2838,4730,34320000,24842
4,2288,34320000,34320100,2838,4730,34335000,24856
4,2289,34335000,34335100,2838,4730,34350000,24864
4,229,3435000,3435100,2838,4730,3450000,2489
4,2290,34350000,34350100,2838,4730,34365000,24878
4,2291,34365000,34365100,2838,4730,34380000,24888
4,2292,34380000,34380100,2838,4730,34395000,24898
4,2293,34395000,34395100,2838,4730,34410000,24910
4,2294,34410000,34410100,2838,4730,34425000,24920
4,2295,34425000,34425100,2838,4730,34440000,24929
4,2296,34440000,34440100,2838,4730,34455000,24944
4,2297,34455000,34455100,2838,4730,34470000,24952
4,2298,34470000,34470100,2838,4730,34485000,24965
4,2299,34485000,34485100,2838,4730,34500000,24972
4,23,345000,345100,2838,4730,360000,252
4,230,3450000,3450100,2838,4730,3465000,2502
4,2300,34500000,34500100,2838,4730,34515000,24986
4,2301,34515000,34515100,2838,4730,34530000,24997
4,2302,34530000,34530100,2838,4730,34545000,25008
4,2303,34545000,34545100,2838,4730,34560000,25017
4,2304,34560000,34560100,2838,4730,34575000,25028
4,2305,34575000,34575100,2838,4730,34590000,25039
4,2306,34590000,34590100,2838,4730,34605000,25054
4,2307,34605000,34605100,2838,4730,34620000,25060
4,2308,34620000,34620100,2838,4730,34635000,25072
4,2309,34635000,34635100,2838,4730,34650000,25081
4,231,3465000,3465100,2838,4730,3480000,2511
4,2310,34650000,34650100,2838,4730,34665000,25096
4,2311,34665000,34665100,2838,4730,34680000,25104
4,2312,34680000,34680100,2838,4730,34695000,25115
4,2313,34695000,34695100,2838,4730,34710000,25127
4,2314,34710000,34710100,2838,4730,34725000,25139
4,2315,34725000,34725100,2838,4730,34740000,25147
4,2316,34740000,34740100,2838,4730,34755000,25160
4,2317,34755000,34755100,2838,4730,34770000,25170
4,2318,34770000,34770100,2838,4730,34785000,25182
4,2319,34785000,34785100,2838,4730,34800000,25189
4,232,3480000,3480100,2838,4730,3495000,2522
4,2320,34800000,34800100,2838,4730,34815000,25203
4,2321,34815000,34815100,2838,4730,34830000,25214
4,2322,34830000,34830100,2838,4730,34845000,25225
4,2323,34845000,34845100,2838,4730,34860000,25234
4,2324,34860000,34860100,2838,4730,34875000,25246
4,2325,34875000,34875100,2838,4730,34890000,25257
4,2326,34890000,34890100,2838,4730,34905000,25270
4,2327,34905000,34905100,2838,4730,34920000,25276
4,2328,34920000,34920100,2838,4730,34935000,25291
4,2329,34935000,34935100,2838,4730,34950000,25299
4,233,3495000,3495100,2838,4730,3510000,2534
4,2330,34950000,34950100,2838,4730,34965000,25313
4,2331,34965000,34965100,2838,4730,34980000,25321
4,2332,34980000,34980100,2838,4730,34995000,25332
4,2333,34995000,34995100,2838,4730,35010000,25345
4,2334,35010000,35010100,2838,4730,35025000,25355
4,2335,35025000,35025100,2838,4730,35040000,25364
4,2336,35040000,35040100,2838,4730,35055000,25378
4,2337,35055000,35055100,2838,4730,35070000,25386
4,2338,35070000,35070100,2838,4730,35085000,25400
4,2339,35085000,35085100,2838,4730,35100000,25407
4,234,3510000,3510100,2838,4730,3525000,2546
4,2340,35100000,35100100,2838,4730,35115000,25420
4,2341,35115000,35115100,2838,4730,35130000,25431
4,2342,35130000,35130100,2838,4730,35145000,25442
4,2343,35145000,35145100,2838,4730,35160000,25452
4,2344,35160000,35160100,2838,4730,35175000,25463
4,2345,35175000,35175100,2838,4730,35190000,25473
4,2346,35190000,35190100,2838,4730,35205000,25488
4,2347,35205000,35205100,2838,4730,35220000,25495
4,2348,35220000,35220100,2838,4730,35235000,25507
4,2349,35235000,35235100,2838,4730,35250000,25516
4,235,3525000,3525100,2838,4730,3540000,2554
4,2350,35250000,35250100,2838,4730,35265000,25530
4,2351,35265000,35265100,2838,4730,35280000,25538
4,2352,35280000,35280100,2838,4730,35295000,25550
4,2353,35295000,35295100,2838,4730,35310000,25561
4,2354,35310000,35310100,2838,4730,35325000,25573
4,2355,35325000,35325100,2838,4730,35340000,25581
4,2356,35340000,35340100,2838,4730,35355000,25595
4,2357,35355000,35355100,2838,4730,35370000,25605
4,2358,35370000,35370100,2838,4730,35385000,25617
4,2359,35385000,35385100,2838,4730,35400000,25623
4,236,3540000,3540100,2838,4730,3555000,2567
4,2360,35400000,35400100,2838,4730,35415000,25637
4,2361,35415000,35415100,2838,4730,35430000,25649
4,2362,35430000,35430100,2838,4730,35445000,25660
4,2363,35445000,35445100,2838,4730,35460000,25669
4,2364,35460000,35460100,2838,4730,35475000,25679
4,2365,35475000,35475100,2838,4730,35490000,25691
4,2366,35490000,35490100,2838,4730,35505000,25705
4,2367,35505000,35505100,2838,4730,35520000,25711
4,2368,35520000,35520100,2838,4730,35535000,25725
4,2369,35535000,35535100,2838,4730,35550000,25733
4,237,3555000,3555100,2838,4730,3570000,2576
4,2370,35550000,35550100,2838,4730,35565000,25748
4,2371,35565000,35565100,2838,4730,35580000,25756
4,2372,35580000,35580100,2838,4730,35595000,25767
4,2373,35595000,35595100,2838,4730,35610000,25779
4,2374,35610000,35610100,2838,4730,35625000,25789
4,2375,35625000,35625100,2838,4730,35640000,25798
4,2376,35640000,35640100,2838,4730,35655000,25813
4,2377,35655000,35655100,2838,4730,35670000,25821
4,2378,35670000,35670100,2838,4730,35685000,25834
4,2379,35685000,35685100,2838,4730,35700000,25841
4,238,3570000,3570100,2838,4730,3585000,2590
4,2380,35700000,35700100,2838,4730,35715000,25855
4,2381,35715000,35715100,2838,4730,35730000,25866
4,2382,35730000,35730100,2838,4730,35745000,25876
4,2383,35745000,35745100,2838,4730,35760000,25886
4,2384,35760000,35760100,2838,4730,35775000,25898
4,2385,35775000,35775100,2838,4730,35790000,25908
4,2386,35790000,35790100,2838,4730,35805000,25922
4,2387,35805000,35805100,2838,4730,35820000,25929
4,2388,35820000,35820100,2838,4730,35835000,25941
4,2389,35835000,35835100,2838,4730,35850000,25951
4,239,3585000,3585100,2838,4730,3600000,2596
4,2390,35850000,35850100,2838,4730,35865000,25965
4,2391,35865000,35865100,2838,4730,35880000,25973
4,2392,35880000,35880100,2838,4730,35895000,25984
4,2393,35895000,35895100,2838,4730,35910000,25995
4,2394,35910000,35910100,2838,4730,35925000,26008
4,2395,35925000,35925100,2838,4730,35940000,26016
4,2396,35940000,35940100,2838,4730,35955000,26029
4,2397,35955000,35955100,2838,4730,35970000,26038
4,2398,35970000,35970100,2838,4730,35985000,26052
4,2399,35985000,35985100,2838,4730,36000000,26058
4,24,360000,360100,2838,4730,375000,263
4,240,3600000,3600100,2838,4730,3615000,2610
4,2400,36000000,36000100,2838,4730,36015000,26072
4,2401,36015000,36015100,2838,4730,36030000,26083
4,2402,36030000,36030100,2838,4730,36045000,26094
4,2403,36045000,36045100,2838,4730,36060000,26104
4,2404,36060000,36060100,2838,4730,36075000,26114
4,2405,36075000,36075100,2838,4730,36090000,26126
4,2406,36090000,36090100,2838,4730,36105000,26139
4,2407,36105000,36105100,2838,4730,36120000,26145
4,2408,36120000,36120100,2838,4730,36135000,26159
4,2409,36135000,36135100,2838,4730,36150000,26168
4,241,3615000,3615100,2838,4730,3630000,2620
4,2410,36150000,36150100,2838,4730,36165000,26182
4,2411,36165000,36165100,2838,4730,36180000,26190
4,2412,36180000,36180100,2838,4730,36195000,26202
4,2413,36195000,36195100,2838,4730,36210000,26214
4,2414,36210000,36210100,2838,4730,36225000,26224
4,2415,36225000,36225100,2838,4730,36240000,26232
4,2416,36240000,36240100,2838,4730,36255000,26247
4,2417,36255000,36255100,2838,4730,36270000,26256
4,2418,36270000,36270100,2838,4730,36285000,26269
4,2419,36285000,36285100,2838,4730,36300000,26275
4,242,3630000,3630100,2838,4730,3645000,2633
4,2420,36300000,36300100,2838,4730,36315000,26289
4,2421,36315000,36315100,2838,4730,36330000,26300
4,2422,36330000,36330100,2838,4730,36345000,26311
4,2423,36345000,36345100,2838,4730,36360000,26321
4,2424,36360000,36360100,2838,4730,36375000,26332
4,2425,36375000,36375100,2838,4730,36390000,26342
4,2426,36390000,36390100,2838,4730,36405000,26357
4,2427,36405000,36405100,2838,4730,36420000,26364
4,2428,36420000,36420100,2838,4730,36435000,26376
4,2429,36435000,36435100,2838,4730,36450000,26385
4,243,3645000,3645100,2838,4730,3660000,2642
4,2430,36450000,36450100,2838,4730,36465000,26398
4,2431,36465000,36465100,2838,4730,36480000,26408
4,2432,36480000,36480100,2838,4730,36495000,26419
4,2433,36495000,36495100,2838,4730,36510000,26430
4,2434,36510000,36510100,2838,4730,36525000,26442
4,2435,36525000,36525100,2838,4730,36540000,26450
4,2436,36540000,36540100,2838,4730,36555000,26464
4,2437,36555000,36555100,2838,4730,36570000,26473
4,2438,36570000,36570100,2838,4730,36585000,26486
4,2439,36585000,36585100,2838,4730,36600000,26492
4,244,3660000,3660100,2838,4730,3675000,2652
4,2440,36600000,36600100,2838,4730,36615000,26507
4,2441,36615000,36615100,2838,4730,36630000,26517
4,2442,36630000,36630100,2838,4730,36645000,26529
4,2443,36645000,36645100,2838,4730,36660000,26538
4,2444,36660000,36660100,2838,4730,36675000,26548
4,2445,36675000,36675100,2838,4730,36690000,26561
4,2446,36690000,36690100,2838,4730,36705000,26574
4,2447,36705000,36705100,2838,4730,36720000,26580
4,2448,36720000,36720100,2838,4730,36735000,26593
4,2449,36735000,36735100,2838,4730,36750000,26602
4,245,3675000,3675100,2838,4730,3690000,2664
4,2450,36750000,36750100,2838,4730,36765000,26617
4,2451,36765000,36765100,2838,4730,36780000,26625
4,2452,36780000,36780100,2838,4730,36795000,26635
4,2453,36795000,36795100,2838,4730,36810000,26648
4,2454,36810000,36810100,2838,4730,36825000,26659
4,2455,36825000,36825100,2838,4730,36840000,26667
4,2456,36840000,36840100,2838,4730,36855000,26682
4,2457,36855000,36855100,2838,4730,36870000,26690
4,2458,36870000,36870100,2838,4730,36885000,26703
4,2459,36885000,36885100,2838,4730,36900000,26710
4,246,3690000,3690100,2838,4730,3705000,2677
4,2460,36900000,36900100,2838,4730,36915000,26724
4,2461,36915000,36915100,2838,4730,36930000,26735
4,2462,36930000,36930100,2838,4730,36945000,26745
4,2463,36945000,36945100,2838,4730,36960000,26754
4,2464,36960000,36960100,2838,4730,36975000,26767
4,2465,36975000,36975100,2838,4730,36990000,26777
4,2466,36990000,36990100,2838,4730,37005000,26791
4,2467,37005000,37005100,2838,4730,37020000,26798
4,2468,37020000,37020100,2838,4730,37035000,26811
4,2469,37035000,37035100,2838,4730,37050000,26820
4,247,3705000,3705100,2838,4730,3720000,2684
4,2470,37050000,37050100,2838,4730,37065000,26833
4,2471,37065000,37065100,2838,4730,37080000,26842
4,2472,37080000,37080100,2838,4730,37095000,26853
4,2473,37095000,37095100,2838,4730,37110000,26865
4,2474,37110000,37110100,2838,4730,37125000,26876
4,2475,37125000,37125100,2838,4730,37140000,26885
4,2476,37140000,37140100,2838,4730,37155000,26898
4,2477,37155000,37155100,2838,4730,37170000,26907
4,2478,37170000,37170100,2838,4730,37185000,26921
4,2479,37185000,37185100,2838,4730,37200000,26927
4,248,3720000,3720100,2838,4730,3735000,2697
4,2480,37200000,37200100,2838,4730,37215000,26941
4,2481,37215000,37215100,2838,4730,37230000,26951
4,2482,37230000,37230100,2838,4730,37245000,26964
4,2483,37245000,37245100,2838,4730,37260000,26973
4,2484,37260000,37260100,2838,4730,37275000,26983
4,2485,37275000,37275100,2838,4730,37290000,26994
4,2486,37290000,37290100,2838,4730,37305000,27008
4,2487,37305000,37305100,2838,4730,37320000,27015
4,2488,37320000,37320100,2838,4730,37335000,27028
4,2489,37335000,37335100,2838,4730,37350000,27037
4,249,3735000,3735100,2838,4730,3750000,2706
4,2490,37350000,37350100,2838,4730,37365000,27051
4,2491,37365000,37365100,2838,4730,37380000,27059
4,2492,37380000,37380100,2838,4730,37395000,27070
4,2493,37395000,37395100,2838,4730,37410000,27083
4,2494,37410000,37410100,2838,4730,37425000,27093
4,2495,37425000,37425100,2838,4730,37440000,27101
4,2496,37440000,37440100,2838,4730,37455000,27116
4,2497,37455000,37455100,2838,4730,37470000,27125
4,2498,37470000,37470100,2838,4730,37485000,27138
4,2499,37485000,37485100,2838,4730,37500000,27144
4,25,375000,375100,2838,4730,390000,274
4,250,3750000,3750100,2838,4730,3765000,2720
4,2500,37500000,37500100,2838,4730,37515000,27158
4,2501,37515000,37515100,2838,4730,37530000,27170
4,2502,37530000,37530100,2838,4730,37545000,27180
4,2503,37545000,37545100,2838,4730,37560000,27189
4,2504,37560000,37560100,2838,4730,37575000,27201
4,2505,37575000,37575100,2838,4730,37590000,27211
4,2506,37590000,37590100,2838,4730,37605000,27226
4,2507,37605000,37605100,2838,4730,37620000,27232
4,2508,37620000,37620100,2838,4730,37635000,27245
4,2509,37635000,37635100,2838,4730,37650000,27254
4,251,3765000,3765100,2838,4730,3780000,2728
4,2510,37650000,37650100,2838,4730,37665000,27268
4,2511,37665000,37665100,2838,4730,37680000,27277
4,2512,37680000,37680100,2838,4730,37695000,27288
4,2513,37695000,37695100,2838,4730,37710000,27299
4,2514,37710000,37710100,2838,4730,37725000,27310
4,2515,37725000,37725100,2838,4730,37740000,27320
4,2516,37740000,37740100,2838,4730,37755000,27333
4,2517,37755000,37755100,2838,4730,37770000,27342
4,2518,37770000,37770100,2838,4730,37785000,27354
4,2519,37785000,37785100,2838,4730,37800000,27361
4,252,3780000,3780100,2838,4730,3795000,2739
4,2520,37800000,37800100,2838,4730,37815000,27376
4,2521,37815000,37815100,2838,4730,37830000,27386
4,2522,37830000,37830100,2838,4730,37845000,27398
4,2523,37845000,37845100,2838,4730,37860000,27407
4,2524,37860000,37860100,2838,4730,37875000,27418
4,2525,37875000,37875100,2838,4730,37890000,27429
4,2526,37890000,37890100,2838,4730,37905000,27443
4,2527,37905000,37905100,2838,4730,37920000,27449
4,2528,37920000,37920100,2838,4730,37935000,27462
4,2529,37935000,37935100,2838,4730,37950000,27471
4,253,3795000,3795100,2838,4730,3810000,2752
4,2530,37950000,37950100,2838,4730,37965000,27486
4,2531,37965000,37965100,2838,4730,37980000,27494
4,2532,37980000,37980100,2838,4730,37995000,27504
4,2533,37995000,37995100,2838,4730,38010000,27517
4,2534,38010000,38010100,2838,4730,38025000,27528
4,2535,38025000,38025100,2838,4730,38040000,27536
4,2536,38040000,38040100,2838,4730,38055000,27550
4,2537,38055000,38055100,2838,4730,38070000,27559
4,2538,38070000,38070100,2838,4730,38085000,27573
4,2539,38085000,38085100,2838,4730,38100000,27579
4,254,3810000,3810100,2838,4730,3825000,2762
4,2540,38100000,38100100,2838,4730,38115000,27592
4,2541,38115000,38115100,2838,4730,38130000,27604
4,2542,38130000,38130100,2838,4730,38145000,27614
4,2543,38145000,38145100,2838,4730,38160000,27624
4,2544,38160000,38160100,2838,4730,38175000,27636
4,2545,38175000,38175100,2838,4730,38190000,27646
4,2546,38190000,38190100,2838,4730,38205000,27660
4,2547,38205000,38205100,2838,4730,38220000,27666
4,2548,38220000,38220100,2838,4730,38235000,27680
4,2549,38235000,38235100,2838,4730,38250000,27689
4,255,3825000,3825100,2838,4730,3840000,2770
4,2550,38250000,38250100,2838,4730,38265000,27702
4,2551,38265000,38265100,2838,4730,38280000,27710
4,2552,38280000,38280100,2838,4730,38295000,27723
4,2553,38295000,38295100,2838,4730,38310000,27734
4,2554,38310000,38310100,2838,4730,38325000,27745
4,2555,38325000,38325100,2838,4730,38340000,27754
4,2556,38340000,38340100,2838,4730,38355000,27767
4,2557,38355000,38355100,2838,4730,38370000,27777
4,2558,38370000,38370100,2838,4730,38385000,27789
4,2559,38385000,38385100,2838,4730,38400000,27796
4,256,3840000,3840100,2838,4730,3855000,2786
4,2560,38400000,38400100,2838,4730,38415000,27810
4,2561,38415000,38415100,2838,4730,38430000,27820
4,2562,38430000,38430100,2838,4730,38445000,27832
4,2563,38445000,38445100,2838,4730,38460000,27842
4,2564,38460000,38460100,2838,4730,38475000,27852
4,2565,38475000,38475100,2838,4730,38490000,27863
4,2566,38490000,38490100,2838,4730,38505000,27878
4,2567,38505000,38505100,2838,4730,38520000,27884
4,2568,38520000,38520100,2838,4730,38535000,27897
4,2569,38535000,38535100,2838,4730,38550000,27905
4,257,3855000,3855100,2838,4730,3870000,2794
4,2570,38550000,38550100,2838,4730,38565000,27920
4,2571,38565000,38565100,2838,4730,38580000,27929
4,2572,38580000,38580100,2838,4730,38595000,27939
4,2573,38595000,38595100,2838,4730,38610000,27951
4,2574,38610000,38610100,2838,4730,38625000,27962
4,2575,38625000,38625100,2838,4730,38640000,27970
4,2576,38640000,38640100,2838,4730,38655000,27985
4,2577,38655000,38655100,2838,4730,38670000,27994
4,2578,38670000,38670100,2838,4730,38685000,28007
4,2579,38685000,38685100,2838,4730,38700000,28013
4,258,3870000,3870100,2838,4730,3885000,2807
4,2580,38700000,38700100,2838,4730,38715000,28027
4,2581,38715000,38715100,2838,4730,38730000,28039
4,2582,38730000,38730100,2838,4730,38745000,28049
4,2583,38745000,38745100,2838,4730,38760000,28058
4,2584,38760000,38760100,2838,4730,38775000,28069
4,2585,38775000,38775100,2838,4730,38790000,28081
4,2586,38790000,38790100,2838,4730,38805000,28095
4,2587,38805000,38805100,2838,4730,38820000,28101
4,2588,38820000,38820100,2838,4730,38835000,28114
4,2589,38835000,38835100,2838,4730,38850000,28123
4,259,3885000,3885100,2838,4730,3900000,2813
4,2590,38850000,38850100,2838,4730,38865000,28137
4,2591,38865000,38865100,2838,4730,38880000,28145
4,2592,38880000,38880100,2838,4730,38895000,28157
4,2593,38895000,38895100,2838,4730,38910000,28168
4,2594,38910000,38910100,2838,4730,38925000,28180
4,2595,38925000,38925100,2838,4730,38940000,28188
4,2596,38940000,38940100,2838,4730,38955000,28202
4,2597,38955000,38955100,2838,4730,38970000,28211
4,2598,38970000,38970100,2838,4730,38985000,28223
4,2599,38985000,38985100,2838,4730,39000000,28231
4,26,390000,390100,2838,4730,405000,288
4,260,3900000,3900100,2838,4730,3915000,2827
4,2600,39000000,39000100,2838,4730,39015000,28245
4,2601,39015000,39015100,2838,4730,39030000,28255
4,2602,39030000,39030100,2838,4730,39045000,28266
4,2603,39045000,39045100,2838,4730,39060000,28276
4,2604,39060000,39060100,2838,4730,39075000,28287
4,2605,39075000,39075100,2838,4730,39090000,28298
4,2606,39090000,39090100,2838,4730,39105000,28311
4,2607,39105000,39105100,2838,4730,39120000,28318
4,2608,39120000,39120100,2838,4730,39135000,28332
4,2609,39135000,39135100,2838,4730,39150000,28340
4,261,3915000,3915100,2838,4730,3930000,2839
4,2610,39150000,39150100,2838,4730,39165000,28355
4,2611,39165000,39165100,2838,4730,39180000,28363
4,2612,39180000,39180100,2838,4730,39195000,28373
4,2613,39195000,39195100,2838,4730,39210000,28386
4,2614,39210000,39210100,2838,4730,39225000,28397
4,2615,39225000,39225100,2838,4730,39240000,28405
4,2616,39240000,39240100,2838,4730,39255000,28419
4,2617,39255000,39255100,2838,4730,39270000,28427
4,2618,39270000,39270100,2838,4730,39285000,28442
4,2619,39285000,39285100,2838,4730,39300000,28448
4,262,3930000,3930100,2838,4730,3945000,2849
4,2620,39300000,39300100,2838,4730,39315000,28461
4,2621,39315000,39315100,2838,4730,39330000,28473
4,2622,39330000,39330100,2838,4730,39345000,28484
4,2623,39345000,39345100,2838,4730,39360000,28493
4,2624,39360000,39360100,2838,4730,39375000,28504
4,2625,39375000,39375100,2838,4730,39390000,28515
4,2626,39390000,39390100,2838,4730,39405000,28529
4,2627,39405000,39405100,2838,4730,39420000,28536
4,2628,39420000,39420100,2838,4730,39435000,28548
4,2629,39435000,39435100,2838,4730,39450000,28558
4,263,3945000,3945100,2838,4730,3960000,2858
4,2630,39450000,39450100,2838,4730,39465000,28571
4,2631,39465000,39465100,2838,4730,39480000,28579
4,2632,39480000,39480100,2838,4730,39495000,28592
4,2633,39495000,39495100,2838,4730,39510000,28603
4,2634,39510000,39510100,2838,4730,39525000,28614
4,2635,39525000,39525100,2838,4730,39540000,28622
4,2636,39540000,39540100,2838,4730,39555000,28637
4,2637,39555000,39555100,2838,4730,39570000,28646
4,2638,39570000,39570100,2838,4730,39585000,28658
4,2639,39585000,39585100,2838,4730,39600000,28664
4,264,3960000,3960100,2838,4730,3975000,2870
4,2640,39600000,39600100,2838,4730,39615000,28679
4,2641,39615000,39615100,2838,4730,39630000,28690
4,2642,39630000,39630100,2838,4730,39645000,28701
4,2643,39645000,39645100,2838,4730,39660000,28711
4,2644,39660000,39660100,2838,4730,39675000,28721
4,2645,39675000,39675100,2838,4730,39690000,28732
4,2646,39690000,39690100,2838,4730,39705000,28746
4,2647,39705000,39705100,2838,4730,39720000,28753
4,2648,39720000,39720100,2838,4730,39735000,28766
4,2649,39735000,39735100,2838,4730,39750000,28774
4,265,3975000,3975100,2838,4730,3990000,2880
4,2650,39750000,39750100,2838,4730,39765000,28789
4,2651,39765000,39765100,2838,4730,39780000,28798
4,2652,39780000,39780100,2838,4730,39795000,28808
4,2653,39795000,39795100,2838,4730,39810000,28820
4,2654,39810000,39810100,2838,4730,39825000,28831
4,2655,39825000,39825100,2838,4730,39840000,28840
4,2656,39840000,39840100,2838,4730,39855000,28854
4,2657,39855000,39855100,2838,4730,39870000,28862
4,2658,39870000,39870100,2838,4730,39885000,28876
4,2659,39885000,39885100,2838,4730,39900000,28882
4,266,3990000,3990100,2838,4730,4005000,2895
4,2660,39900000,39900100,2838,4730,39915000,28896
4,2661,39915000,39915100,2838,4730,39930000,28907
4,2662,39930000,39930100,2838,4730,39945000,28918
4,2663,39945000,39945100,2838,4730,39960000,28927
4,2664,39960000,39960100,2838,4730,39975000,28939
4,2665,39975000,39975100,2838,4730,39990000,28950
4,2666,39990000,39990100,2838,4730,40005000,28964
4,2667,40005000,40005100,2838,4730,40020000,28970
4,2668,40020000,40020100,2838,4730,40035000,28982
4,2669,40035000,40035100,2838,4730,40050000,28993
4,267,4005000,4005100,2838,4730,4020000,2902
4,2670,40050000,40050100,2838,4730,40065000,29006
4,2671,40065000,40065100,2838,4730,40080000,29014
4,2672,40080000,40080100,2838,4730,40095000,29025
4,2673,40095000,40095100,2838,4730,40110000,29037
4,2674,40110000,40110100,2838,4730,40125000,29049
4,2675,40125000,40125100,2838,4730,40140000,29057
4,2676,40140000,40140100,2838,4730,40155000,29071
4,2677,40155000,40155100,2838,4730,40170000,29080
4,2678,40170000,40170100,2838,4730,40185000,29093
4,2679,40185000,40185100,2838,4730,40200000,29099
4,268,4020000,4020100,2838,4730,4035000,2914
4,2680,40200000,40200100,2838,4730,40215000,29114
4,2681,40215000,40215100,2838,4730,40230000,29124
4,2682,40230000,40230100,2838,4730,40245000,29135
4,2683,40245000,40245100,2838,4730,40260000,29145
4,2684,40260000,40260100,2838,4730,40275000,29156
4,2685,40275000,40275100,2838,4730,40290000,29167
4,2686,40290000,40290100,2838,4730,40305000,29180
4,2687,40305000,40305100,2838,4730,40320000,29187
4,2688,40320000,40320100,2838,4730,40335000,29201
4,2689,40335000,40335100,2838,4730,40350000,29209
4,269,4035000,4035100,2838,4730,4050000,2923
4,2690,40350000,40350100,2838,4730,40365000,29223
4,2691,40365000,40365100,2838,4730,40380000,29232
4,2692,40380000,40380100,2838,4730,40395000,29243
4,2693,40395000,40395100,2838,4730,40410000,29255
4,2694,40410000,40410100,2838,4730,40425000,29265
4,2695,40425000,40425100,2838,4730,40440000,29274
4,2696,40440000,40440100,2838,4730,40455000,29288
4,2697,40455000,40455100,2838,4730,40470000,29297
4,2698,40470000,40470100,2838,4730,40485000,29311
4,2699,40485000,40485100,2838,4730,40500000,29317
4,27,405000,405100,2838,4730,420000,294
4,270,4050000,4050100,2838,4730,4065000,2937
4,2700,40500000,40500100,2838,4730,40515000,29330
4,2701,40515000,40515100,2838,4730,40530000,29341
4,2702,40530000,40530100,2838,4730,40545000,29353
4,2703,40545000,40545100,2838,4730,40560000,29362
4,2704,40560000,40560100,2838,4730,40575000,29373
4,2705,40575000,40575100,2838,4730,40590000,29383
4,2706,40590000,40590100,2838,4730,40605000,29399
4,2707,40605000,40605100,2838,4730,40620000,29405
4,2708,40620000,40620100,2838,4730,40635000,29417
4,2709,40635000,40635100,2838,4730,40650000,29427
4,271,4065000,4065100,2838,4730,4080000,2946
4,2710,40650000,40650100,2838,4730,40665000,29440
4,2711,40665000,40665100,2838,4730,40680000,29449
4,2712,40680000,40680100,2838,4730,40695000,29460
4,2713,40695000,40695100,2838,4730,40710000,29472
4,2714,40710000,40710100,2838,4730,40725000,29483
4,2715,40725000,40725100,2838,4730,40740000,29491
4,2716,40740000,40740100,2838,4730,40755000,29505
4,2717,40755000,40755100,2838,4730,40770000,29515
4,2718,40770000,40770100,2838,4730,40785000,29527
4,2719,40785000,40785100,2838,4730,40800000,29533
4,272,4080000,4080100,2838,4730,4095000,2957
4,2720,40800000,40800100,2838,4730,40815000,29549
4,2721,40815000,40815100,2838,4730,40830000,29559
4,2722,40830000,40830100,2838,4730,40845000,29570
4,2723,40845000,40845100,2838,4730,40860000,29579
4,2724,40860000,40860100,2838,4730,40875000,29590
4,2725,40875000,40875100,2838,4730,40890000,29602
4,2726,40890000,40890100,2838,4730,40905000,29615
4,2727,40905000,40905100,2838,4730,40920000,29621
4,2728,40920000,40920100,2838,4730,40935000,29635
4,2729,40935000,40935100,2838,4730,40950000,29643
4,273,4095000,4095100,2838,4730,4110000,2968
4,2730,40950000,40950100,2838,4730,40965000,29658
4,2731,40965000,40965100,2838,4730,40980000,29667
4,2732,40980000,40980100,2838,4730,40995000,29677
4,2733,40995000,40995100,2838,4730,41010000,29689
4,2734,41010000,41010100,2838,4730,41025000,29700
4,2735,41025000,41025100,2838,4730,41040000,29709
4,2736,41040000,41040100,2838,4730,41055000,29723
4,2737,41055000,41055100,2838,4730,41070000,29731
4,2738,41070000,41070100,2838,4730,41085000,29744
4,2739,41085000,41085100,2838,4730,41100000,29752
4,274,4110000,4110100,2838,4730,4125000,2979
4,2740,41100000,41100100,2838,4730,41115000,29765
4,2741,41115000,41115100,2838,4730,41130000,29776
4,2742,41130000,41130100,2838,4730,41145000,29787
4,2743,41145000,41145100,2838,4730,41160000,29796
4,2744,41160000,41160100,2838,4730,41175000,29808
4,2745,41175000,41175100,2838,4730,41190000,29818
4,2746,41190000,41190100,2838,4730,41205000,29833
4,2747,41205000,41205100,2838,4730,41220000,29839
4,2748,41220000,41220100,2838,4730,41235000,29852
4,2749,41235000,41235100,2838,4730,41250000,29861
4,275,4125000,4125100,2838,4730,4140000,2989
4,2750,41250000,41250100,2838,4730,41265000,29875
4,2751,41265000,41265100,2838,4730,41280000,29883
4,2752,41280000,41280100,2838,4730,41295000,29894
4,2753,41295000,41295100,2838,4730,41310000,29907
4,2754,41310000,41310100,2838,4730,41325000,29918
4,2755,41325000,41325100,2838,4730,41340000,29926
4,2756,41340000,41340100,2838,4730,41355000,29939
4,2757,41355000,41355100,2838,4730,41370000,29949
4,2758,41370000,41370100,2838,4730,41385000,29962
4,2759,41385000,41385100,2838,4730,41400000,29968
4,276,4140000,4140100,2838,4730,4155000,3002
4,2760,41400000,41400100,2838,4730,41415000,29982
4,2761,41415000,41415100,2838,4730,41430000,29993
4,2762,41430000,41430100,2838,4730,41445000,30005
4,2763,41445000,41445100,2838,4730,41460000,30014
4,2764,41460000,41460100,2838,4730,41475000,30025
4,2765,41475000,41475100,2838,4730,41490000,30036
4,2766,41490000,41490100,2838,4730,41505000,30049
4,2767,41505000,41505100,2838,4730,41520000,30056
4,2768,41520000,41520100,2838,4730,41535000,30070
4,2769,41535000,41535100,2838,4730,41550000,30078
4,277,4155000,4155100,2838,4730,4170000,3011
4,2770,41550000,41550100,2838,4730,41565000,30092
4,2771,41565000,41565100,2838,4730,41580000,30100
4,2772,41580000,41580100,2838,4730,41595000,30112
4,2773,41595000,41595100,2838,4730,41610000,30124
4,2774,41610000,41610100,2838,4730,41625000,30134
4,2775,41625000,41625100,2838,4730,41640000,30143
4,2776,41640000,41640100,2838,4730,41655000,30158
4,2777,41655000,41655100,2838,4730,41670000,30166
4,2778,41670000,41670100,2838,4730,41685000,30179
4,2779,41685000,41685100,2838,4730,41700000,30186
4,278,4170000,4170100,2838,4730,4185000,3024
4,2780,41700000,41700100,2838,4730,41715000,30199
4,2781,41715000,41715100,2838,4730,41730000,30211
4,2782,41730000,41730100,2838,4730,41745000,30221
4,2783,41745000,41745100,2838,4730,41760000,30231
4,2784,41760000,41760100,2838,4730,41775000,30242
4,2785,41775000,41775100,2838,4730,41790000,30252
4,2786,41790000,41790100,2838,4730,41805000,30268
4,2787,41805000,41805100,2838,4730,41820000,30274
4,2788,41820000,41820100,2838,4730,41835000,30286
4,2789,41835000,41835100,2838,4730,41850000,30295
4,279,4185000,4185100,2838,4730,4200000,3030
4,2790,41850000,41850100,2838,4730,41865000,30310
4,2791,41865000,41865100,2838,4730,41880000,30318
4,2792,41880000,41880100,2838,4730,41895000,30329
4,2793,41895000,41895100,2838,4730,41910000,30340
4,2794,41910000,41910100,2838,4730,41925000,30352
4,2795,41925000,41925100,2838,4730,41940000,30361
4,2796,41940000,41940100,2838,4730,41955000,30374
4,2797,41955000,41955100,2838,4730,41970000,30384
4,2798,41970000,41970100,2838,4730,41985000,30396
4,2799,41985000,41985100,2838,4730,42000000,30402
4,28,420000,420100,2838,4730,435000,307
4,280,4200000,4200100,2838,4730,4215000,3045
4,2800,42000000,42000100,2838,4730,42015000,30417
4,2801,42015000,42015100,2838,4730,42030000,30428
4,2802,42030000,42030100,2838,4730,42045000,30439
4,2803,42045000,42045100,2838,4730,42060000,30448
4,2804,42060000,42060100,2838,4730,42075000,30459
4,2805,42075000,42075100,2838,4730,42090000,30471
4,2806,42090000,42090100,2838,4730,42105000,30484
4,2807,42105000,42105100,2838,4730,42120000,30490
4,2808,42120000,42120100,2838,4730,42135000,30504
4,2809,42135000,42135100,2838,4730,42150000,30513
4,281,4215000,4215100,2838,4730,4230000,3055
4,2810,42150000,42150100,2838,4730,42165000,30527
4,2811,42165000,42165100,2838,4730,42180000,30535
4,2812,42180000,42180100,2838,4730,42195000,30546
4,2813,42195000,42195100,2838,4730,42210000,30558
4,2814,42210000,42210100,2838,4730,42225000,30569
4,2815,42225000,42225100,2838,4730,42240000,30577
4,2816,42240000,42240100,2838,4730,42255000,30592
4,2817,42255000,42255100,2838,4730,42270000,30600
4,2818,42270000,42270100,2838,4730,42285000,30614
4,2819,42285000,42285100,2838,4730,42300000,30621
4,282,4230000,4230100,2838,4730,4245000,3067
4,2820,42300000,42300100,2838,4730,42315000,30634
4,2821,42315000,42315100,2838,4730,42330000,30645
4,2822,42330000,42330100,2838,4730,42345000,30655
4,2823,42345000,42345100,2838,4730,42360000,30666
4,2824,42360000,42360100,2838,4730,42375000,30677
4,2825,42375000,42375100,2838,4730,42390000,30687
4,2826,42390000,42390100,2838,4730,42405000,30701
4,2827,42405000,42405100,2838,4730,42420000,30708
4,2828,42420000,42420100,2838,4730,42435000,30721
4,2829,42435000,42435100,2838,4730,42450000,30730
4,283,4245000,4245100,2838,4730,4260000,3076
4,2830,42450000,42450100,2838,4730,42465000,30744
4,2831,42465000,42465100,2838,4730,42480000,30752
4,2832,42480000,42480100,2838,4730,42495000,30764
4,2833,42495000,42495100,2838,4730,42510000,30775
4,2834,42510000,42510100,2838,4730,42525000,30787
4,2835,42525000,42525100,2838,4730,42540000,30795
4,2836,42540000,42540100,2838,4730,42555000,30808
4,2837,42555000,42555100,2838,4730,42570000,30818
4,2838,42570000,42570100,2838,4730,42585000,30831
4,2839,42585000,42585100,2838,4730,42600000,30837
4,284,4260000,4260100,2838,4730,4275000,3087
4,2840,42600000,42600100,2838,4730,42615000,30851
4,2841,42615000,42615100,2838,4730,42630000,30862
4,2842,42630000,42630100,2838,4730,42645000,30874
4,2843,42645000,42645100,2838,4730,42660000,30883
4,2844,42660000,42660100,2838,4730,42675000,30893
4,2845,42675000,42675100,2838,4730,42690000,30905
4,2846,42690000,42690100,2838,4730,42705000,30919
4,2847,42705000,42705100,2838,4730,42720000,30925
4,2848,42720000,42720100,2838,4730,42735000,30938
4,2849,42735000,42735100,2838,4730,42750000,30947
4,285,4275000,4275100,2838,4730,4290000,3098
4,2850,42750000,42750100,2838,4730,42765000,30961
4,2851,42765000,42765100,2838,4730,42780000,30970
4,2852,42780000,42780100,2838,4730,42795000,30981
4,2853,42795000,42795100,2838,4730,42810000,30993
4,2854,42810000,42810100,2838,4730,42825000,31003
4,2855,42825000,42825100,2838,4730,42840000,31011
4,2856,42840000,42840100,2838,4730,42855000,31027
4,2857,42855000,42855100,2838,4730,42870000,31035
4,2858,42870000,42870100,2838,4730,42885000,31048
4,2859,42885000,42885100,2838,4730,42900000,31054
4,286,4290000,4290100,2838,4730,4305000,3112
4,2860,42900000,42900100,2838,4730,42915000,31069
4,2861,42915000,42915100,2838,4730,42930000,31080
4,2862,42930000,42930100,2838,4730,42945000,31090
4,2863,42945000,42945100,2838,4730,42960000,31100
4,2864,42960000,42960100,2838,4730,42975000,31111
4,2865,42975000,42975100,2838,4730,42990000,31122
4,2866,42990000,42990100,2838,4730,43005000,31136
4,2867,43005000,43005100,2838,4730,43020000,31143
4,2868,43020000,43020100,2838,4730,43035000,31155
4,2869,43035000,43035100,2838,4730,43050000,31164
4,287,4305000,4305100,2838,4730,4320000,3118
4,2870,43050000,43050100,2838,4730,43065000,31178
4,2871,43065000,43065100,2838,4730,43080000,31187
4,2872,43080000,43080100,2838,4730,43095000,31198
4,2873,43095000,43095100,2838,4730,43110000,31209
4,2874,43110000,43110100,2838,4730,43125000,31222
4,2875,43125000,43125100,2838,4730,43140000,31230
4,2876,43140000,43140100,2838,4730,43155000,31243
4,2877,43155000,43155100,2838,4730,43170000,31252
4,2878,43170000,43170100,2838,4730,43185000,31265
4,2879,43185000,43185100,2838,4730,43200000,31272
4,288,4320000,4320100,2838,4730,4335000,3131
4,2880,43200000,43200100,2838,4730,43215000,31286
4,2881,43215000,43215100,2838,4730,43230000,31296
4,2882,43230000,43230100,2838,4730,43245000,31308
4,2883,43245000,43245100,2838,4730,43260000,31317
4,2884,43260000,43260100,2838,4730,43275000,31328
4,2885,43275000,43275100,2838,4730,43290000,31340
4,2886,43290000,43290100,2838,4730,43305000,31353
4,2887,43305000,43305100,2838,4730,43320000,31359
4,2888,43320000,43320100,2838,4730,43335000,31373
4,2889,43335000,43335100,2838,4730,43350000,31382
4,289,4335000,4335100,2838,4730,4350000,3141
4,2890,43350000,43350100,2838,4730,43365000,31396
4,2891,43365000,43365100,2838,4730,43380000,31404
4,2892,43380000,43380100,2838,4730,43395000,31414
4,2893,43395000,43395100,2838,4730,43410000,31428
4,2894,43410000,43410100,2838,4730,43425000,31438
4,2895,43425000,43425100,2838,4730,43440000,31446
4,2896,43440000,43440100,2838,4730,43455000,31461
4,2897,43455000,43455100,2838,4730,43470000,31469
4,2898,43470000,43470100,2838,4730,43485000,31483
4,2899,43485000,43485100,2838,4730,43500000,31489
4,29,435000,435100,2838,4730,450000,317
4,290,4350000,4350100,2838,4730,4365000,3155
4,2900,43500000,43500100,2838,4730,43515000,31503
4,2901,43515000,43515100,2838,4730,43530000,31514
4,2902,43530000,43530100,2838,4730,43545000,31525
4,2903,43545000,43545100,2838,4730,43560000,31534
4,2904,43560000,43560100,2838,4730,43575000,31546
4,2905,43575000,43575100,2838,4730,43590000,31556
4,2906,43590000,43590100,2838,4730,43605000,31570
4,2907,43605000,43605100,2838,4730,43620000,31578
4,2908,43620000,43620100,2838,4730,43635000,31590
4,2909,43635000,43635100,2838,4730,43650000,31599
4,291,4365000,4365100,2838,4730,4380000,3163
4,2910,43650000,43650100,2838,4730,43665000,31612
4,2911,43665000,43665100,2838,4730,43680000,31621
4,2912,43680000,43680100,2838,4730,43695000,31633
4,2913,43695000,43695100,2838,4730,43710000,31644
4,2914,43710000,43710100,2838,4730,43725000,31655
4,2915,43725000,43725100,2838,4730,43740000,31664
4,2916,43740000,43740100,2838,4730,43755000,31678
4,2917,43755000,43755100,2838,4730,43770000,31687
4,2918,43770000,43770100,2838,4730,43785000,31700
4,2919,43785000,43785100,2838,4730,43800000,31706
4,292,4380000,4380100,2838,4730,4395000,3173
4,2920,43800000,43800100,2838,4730,43815000,31720
4,2921,43815000,43815100,2838,4730,43830000,31731
4,2922,43830000,43830100,2838,4730,43845000,31743
4,2923,43845000,43845100,2838,4730,43860000,31752
4,2924,43860000,43860100,2838,4730,43875000,31762
4,2925,43875000,43875100,2838,4730,43890000,31773
4,2926,43890000,43890100,2838,4730,43905000,31788
4,2927,43905000,43905100,2838,4730,43920000,31794
4,2928,43920000,43920100,2838,4730,43935000,31807
4,2929,43935000,43935100,2838,4730,43950000,31816
4,293,4395000,4395100,2838,4730,4410000,3186
4,2930,43950000,43950100,2838,4730,43965000,31831
4,2931,43965000,43965100,2838,4730,43980000,31839
4,2932,43980000,43980100,2838,4730,43995000,31849
4,2933,43995000,43995100,2838,4730,44010000,31862
4,2934,44010000,44010100,2838,4730,44025000,31872
4,2935,44025000,44025100,2838,4730,44040000,31881
4,2936,44040000,44040100,2838,4730,44055000,31895
4,2937,44055000,44055100,2838,4730,44070000,31904
4,2938,44070000,44070100,2838,4730,44085000,31917
4,2939,44085000,44085100,2838,4730,44100000,31923
4,294,4410000,4410100,2838,4730,4425000,3197
4,2940,44100000,44100100,2838,4730,44115000,31938
4,2941,44115000,44115100,2838,4730,44130000,31949
4,2942,44130000,44130100,2838,4730,44145000,31959
4,2943,44145000,44145100,2838,4730,44160000,31968
4,2944,44160000,44160100,2838,4730,44175000,31981
4,2945,44175000,44175100,2838,4730,44190000,31991
4,2946,44190000,44190100,2838,4730,44205000,32005
4,2947,44205000,44205100,2838,4730,44220000,32011
4,2948,44220000,44220100,2838,4730,44235000,32024
4,2949,44235000,44235100,2838,4730,44250000,32034
4,295,4425000,4425100,2838,4730,4440000,3205
4,2950,44250000,44250100,2838,4730,44265000,32047
4,2951,44265000,44265100,2838,4730,44280000,32056
4,2952,44280000,44280100,2838,4730,44295000,32067
4,2953,44295000,44295100,2838,4730,44310000,32078
4,2954,44310000,44310100,2838,4730,44325000,32090
4,2955,44325000,44325100,2838,4730,44340000,32099
4,2956,44340000,44340100,2838,4730,44355000,32112
4,2957,44355000,44355100,2838,4730,44370000,32121
4,2958,44370000,44370100,2838,4730,44385000,32134
4,2959,44385000,44385100,2838,4730,44400000,32141
4,296,4440000,4440100,2838,4730,4455000,3219
4,2960,44400000,44400100,2838,4730,44415000,32155
4,2961,44415000,44415100,2838,4730,44430000,32165
4,2962,44430000,44430100,2838,4730,44445000,32177
4,2963,44445000,44445100,2838,4730,44460000,32187
4,2964,44460000,44460100,2838,4730,44475000,32197
4,2965,44475000,44475100,2838,4730,44490000,32208
4,2966,44490000,44490100,2838,4730,44505000,32222
4,2967,44505000,44505100,2838,4730,44520000,32228
4,2968,44520000,44520100,2838,4730,44535000,32242
4,2969,44535000,44535100,2838,4730,44550000,32250
4,297,4455000,4455100,2838,4730,4470000,3228
4,2970,44550000,44550100,2838,4730,44565000,32265
4,2971,44565000,44565100,2838,4730,44580000,32273
4,2972,44580000,44580100,2838,4730,44595000,32284
4,2973,44595000,44595100,2838,4730,44610000,32297
4,2974,44610000,44610100,2838,4730,44625000,32307
4,2975,44625000,44625100,2838,4730,44640000,32315
4,2976,44640000,44640100,2838,4730,44655000,32329
4,2977,44655000,44655100,2838,4730,44670000,32339
4,2978,44670000,44670100,2838,4730,44685000,32352
4,2979,44685000,44685100,2838,4730,44700000,32358
4,298,4470000,4470100,2838,4730,4485000,3242
4,2980,44700000,44700100,2838,4730,44715000,32371
4,2981,44715000,44715100,2838,4730,44730000,32383
4,2982,44730000,44730100,2838,4730,44745000,32394
4,2983,44745000,44745100,2838,4730,44760000,32403
4,2984,44760000,44760100,2838,4730,44775000,32415
4,2985,44775000,44775100,2838,4730,44790000,32425
4,2986,44790000,44790100,2838,4730,44805000,32440
4,2987,44805000,44805100,2838,4730,44820000,32446
4,2988,44820000,44820100,2838,4730,44835000,32459
4,2989,44835000,44835100,2838,4730,44850000,32468
4,299,4485000,4485100,2838,4730,4500000,3248
4,2990,44850000,44850100,2838,4730,44865000,32481
4,2991,44865000,44865100,2838,4730,44880000,32490
4,2992,44880000,44880100,2838,4730,44895000,32502
4,2993,44895000,44895100,2838,4730,44910000,32513
4,2994,44910000,44910100,2838,4730,44925000,32524
4,2995,44925000,44925100,2838,4730,44940000,32533
4,2996,44940000,44940100,2838,4730,44955000,32547
4,2997,44955000,44955100,2838,4730,44970000,32556
4,2998,44970000,44970100,2838,4730,44985000,32568
4,2999,44985000,44985100,2838,4730,45000000,32575
4,3,45000,45100,2838,4730,60000,35
4,30,450000,450100,2838,4730,465000,330
4,300,4500000,4500100,2838,4730,4515000,3262
4,3000,45000000,45000100,2838,4730,45015000,32590
4,3001,45015000,45015100,2838,4730,45030000,32600
4,3002,45030000,45030100,2838,4730,45045000,32611
4,3003,45045000,45045100,2838,4730,45060000,32621
4,3004,45060000,45060100,2838,4730,45075000,32631
4,3005,45075000,45075100,2838,4730,45090000,32643
4,3006,45090000,45090100,2838,4730,45105000,32657
4,3007,45105000,45105100,2838,4730,45120000,32663
4,3008,45120000,45120100,2838,4730,45135000,32676
4,3009,45135000,45135100,2838,4730,45150000,32684
4,301,4515000,4515100,2838,4730,4530000,3273
4,3010,45150000,45150100,2838,4730,45165000,32700
4,3011,45165000,45165100,2838,4730,45180000,32708
4,3012,45180000,45180100,2838,4730,45195000,32718
4,3013,45195000,45195100,2838,4730,45210000,32730
4,3014,45210000,45210100,2838,4730,45225000,32742
4,3015,45225000,45225100,2838,4730,45240000,32750
4,3016,45240000,45240100,2838,4730,45255000,32764
4,3017,45255000,45255100,2838,4730,45270000,32773
4,3018,45270000,45270100,2838,4730,45285000,32786
4,3019,45285000,45285100,2838,4730,45300000,32793
4,302,4530000,4530100,2838,4730,4545000,3283
4,3020,45300000,45300100,2838,4730,45315000,32806
4,3021,45315000,45315100,2838,4730,45330000,32818
4,3022,45330000,45330100,2838,4730,45345000,32828
4,3023,45345000,45345100,2838,4730,45360000,32837
4,3024,45360000,45360100,2838,4730,45375000,32849
4,3025,45375000,45375100,2838,4730,45390000,32860
4,3026,45390000,45390100,2838,4730,45405000,32874
4,3027,45405000,45405100,2838,4730,45420000,32880
4,3028,45420000,45420100,2838,4730,45435000,32894
4,3029,45435000,45435100,2838,4730,45450000,32903
4,303,4545000,4545100,2838,4730,4560000,3293
4,3030,45450000,45450100,2838,4730,45465000,32916
4,3031,45465000,45465100,2838,4730,45480000,32924
4,3032,45480000,45480100,2838,4730,45495000,32936
4,3033,45495000,45495100,2838,4730,45510000,32948
4,3034,45510000,45510100,2838,4730,45525000,32959
4,3035,45525000,45525100,2838,4730,45540000,32967
4,3036,45540000,45540100,2838,4730,45555000,32981
4,3037,45555000,45555100,2838,4730,45570000,32990
4,3038,45570000,45570100,2838,4730,45585000,33003
4,3039,45585000,45585100,2838,4730,45600000,33010
4,304,4560000,4560100,2838,4730,4575000,3305
4,3040,45600000,45600100,2838,4730,45615000,33024
4,3041,45615000,45615100,2838,4730,45630000,33034
4,3042,45630000,45630100,2838,4730,45645000,33046
4,3043,45645000,45645100,2838,4730,45660000,33056
4,3044,45660000,45660100,2838,4730,45675000,33066
4,3045,45675000,45675100,2838,4730,45690000,33077
4,3046,45690000,45690100,2838,4730,45705000,33090
4,3047,45705000,45705100,2838,4730,45720000,33098
4,3048,45720000,45720100,2838,4730,45735000,33111
4,3049,45735000,45735100,2838,4730,45750000,33119
4,305,4575000,4575100,2838,4730,4590000,3315
4,3050,45750000,45750100,2838,4730,45765000,33134
4,3051,45765000,45765100,2838,4730,45780000,33142
4,3052,45780000,45780100,2838,4730,45795000,33153
4,3053,45795000,45795100,2838,4730,45810000,33165
4,3054,45810000,45810100,2838,4730,45825000,33176
4,3055,45825000,45825100,2838,4730,45840000,33184
4,3056,45840000,45840100,2838,4730,45855000,33199
4,3057,45855000,45855100,2838,4730,45870000,33207
4,3058,45870000,45870100,2838,4730,45885000,33221
4,3059,45885000,45885100,2838,4730,45900000,33227
4,306,4590000,4590100,2838,4730,4605000,3329
4,3060,45900000,45900100,2838,4730,45915000,33240
4,3061,45915000,45915100,2838,4730,45930000,33253
4,3062,45930000,45930100,2838,4730,45945000,33263
4,3063,45945000,45945100,2838,4730,45960000,33272
4,3064,45960000,45960100,2838,4730,45975000,33283
4,3065,45975000,45975100,2838,4730,45990000,33294
4,3066,45990000,45990100,2838,4730,46005000,33309
4,3067,46005000,46005100,2838,4730,46020000,33315
4,3068,46020000,46020100,2838,4730,46035000,33327
4,3069,46035000,46035100,2838,4730,46050000,33337
4,307,4605000,4605100,2838,4730,4620000,3335
4,3070,46050000,46050100,2838,4730,46065000,33351
4,3071,46065000,46065100,2838,4730,46080000,33359
4,3072,46080000,46080100,2838,4730,46095000,33371
4,3073,46095000,46095100,2838,4730,46110000,33382
4,3074,46110000,46110100,2838,4730,46125000,33393
4,3075,46125000,46125100,2838,4730,46140000,33402
4,3076,46140000,46140100,2838,4730,46155000,33416
4,3077,46155000,46155100,2838,4730,46170000,33425
4,3078,46170000,46170100,2838,4730,46185000,33437
4,3079,46185000,46185100,2838,4730,46200000,33443
4,308,4620000,4620100,2838,4730,4635000,3349
4,309,4635000,4635100,2838,4730,4650000,3358
4,31,465000,465100,2838,4730,480000,338
4,310,4650000,4650100,2838,4730,4665000,3371
4,311,4665000,4665100,2838,4730,4680000,3380
4,312,4680000,4680100,2838,4730,4695000,3392
4,313,4695000,4695100,2838,4730,4710000,3403
4,314,4710000,4710100,2838,4730,4725000,3414
4,315,4725000,4725100,2838,4730,4740000,3423
4,316,4740000,4740100,2838,4730,4755000,3436
4,317,4755000,4755100,2838,4730,4770000,3446
4,318,4770000,4770100,2838,4730,4785000,3458
4,319,4785000,4785100,2838,4730,4800000,3465
4,32,480000,480100,2838,4730,495000,350
4,320,4800000,4800100,2838,4730,4815000,3479
4,321,4815000,4815100,2838,4730,4830000,3489
4,322,4830000,4830100,2838,4730,4845000,3502
4,323,4845000,4845100,2838,4730,4860000,3511
4,324,4860000,4860100,2838,4730,4875000,3521
4,325,4875000,4875100,2838,4730,4890000,3532
4,326,4890000,4890100,2838,4730,4905000,3547
4,327,4905000,4905100,2838,4730,4920000,3553
4,328,4920000,4920100,2838,4730,4935000,3566
4,329,4935000,4935100,2838,4730,4950000,3574
4,33,495000,495100,2838,4730,510000,362
4,330,4950000,4950100,2838,4730,4965000,3589
4,331,4965000,4965100,2838,4730,4980000,3598
4,332,4980000,4980100,2838,4730,4995000,3608
4,333,4995000,4995100,2838,4730,5010000,3621
4,334,5010000,5010100,2838,4730,5025000,3631
4,335,5025000,5025100,2838,4730,5040000,3639
4,336,5040000,5040100,2838,4730,5055000,3654
4,337,5055000,5055100,2838,4730,5070000,3663
4,338,5070000,5070100,2838,4730,5085000,3676
4,339,5085000,5085100,2838,4730,5100000,3682
4,34,510000,510100,2838,4730,525000,373
4,340,5100000,5100100,2838,4730,5115000,3696
4,341,5115000,5115100,2838,4730,5130000,3708
4,342,5130000,5130100,2838,4730,5145000,3718
4,343,5145000,5145100,2838,4730,5160000,3727
4,344,5160000,5160100,2838,4730,5175000,3739
4,345,5175000,5175100,2838,4730,5190000,3750
4,346,5190000,5190100,2838,4730,5205000,3764
4,347,5205000,5205100,2838,4730,5220000,3770
4,348,5220000,5220100,2838,4730,5235000,3783
4,349,5235000,5235100,2838,4730,5250000,3792
4,35,525000,525100,2838,4730,540000,381
4,350,5250000,5250100,2838,4730,5265000,3806
4,351,5265000,5265100,2838,4730,5280000,3814
4,352,5280000,5280100,2838,4730,5295000,3826
4,353,5295000,5295100,2838,4730,5310000,3837
4,354,5310000,5310100,2838,4730,5325000,3849
4,355,5325000,5325100,2838,4730,5340000,3858
4,356,5340000,5340100,2838,4730,5355000,3871
4,357,5355000,5355100,2838,4730,5370000,3880
4,358,5370000,5370100,2838,4730,5385000,3892
4,359,5385000,5385100,2838,4730,5400000,3900
4,36,540000,540100,2838,4730,555000,395
4,360,5400000,5400100,2838,4730,5415000,3914
4,361,5415000,5415100,2838,4730,5430000,3924
4,362,5430000,5430100,2838,4730,5445000,3935
4,363,5445000,5445100,2838,4730,5460000,3945
4,364,5460000,5460100,2838,4730,5475000,3956
4,365,5475000,5475100,2838,4730,5490000,3967
4,366,5490000,5490100,2838,4730,5505000,3981
4,367,5505000,5505100,2838,4730,5520000,3987
4,368,5520000,5520100,2838,4730,5535000,4001
4,369,5535000,5535100,2838,4730,5550000,4009
4,37,555000,555100,2838,4730,570000,405
4,370,5550000,5550100,2838,4730,5565000,4024
4,371,5565000,5565100,2838,4730,5580000,4032
4,372,5580000,5580100,2838,4730,5595000,4042
4,373,5595000,5595100,2838,4730,5610000,4055
4,374,5610000,5610100,2838,4730,5625000,4066
4,375,5625000,5625100,2838,4730,5640000,4074
4,376,5640000,5640100,2838,4730,5655000,4088
4,377,5655000,5655100,2838,4730,5670000,4097
4,378,5670000,5670100,2838,4730,5685000,4111
4,379,5685000,5685100,2838,4730,5700000,4117
4,38,570000,570100,2838,4730,585000,417
4,380,5700000,5700100,2838,4730,5715000,4130
4,381,5715000,5715100,2838,4730,5730000,4142
4,382,5730000,5730100,2838,4730,5745000,4153
4,383,5745000,5745100,2838,4730,5760000,4162
4,384,5760000,5760100,2838,4730,5775000,4173
4,385,5775000,5775100,2838,4730,5790000,4184
4,386,5790000,5790100,2838,4730,5805000,4198
4,387,5805000,5805100,2838,4730,5820000,4205
4,388,5820000,5820100,2838,4730,5835000,4218
4,389,5835000,5835100,2838,4730,5850000,4227
4,39,585000,585100,2838,4730,600000,423
4,390,5850000,5850100,2838,4730,5865000,4240
4,391,5865000,5865100,2838,4730,5880000,4248
4,392,5880000,5880100,2838,4730,5895000,4261
4,393,5895000,5895100,2838,4730,5910000,4272
4,394,5910000,5910100,2838,4730,5925000,4283
4,395,5925000,5925100,2838,4730,5940000,4291
4,396,5940000,5940100,2838,4730,5955000,4306
4,397,5955000,5955100,2838,4730,5970000,4315
4,398,5970000,5970100,2838,4730,5985000,4327
4,399,5985000,5985100,2838,4730,6000000,4334
4,4,60000,60100,2838,4730,75000,46
4,40,600000,600100,2838,4730,615000,438
4,400,6000000,6000100,2838,4730,6015000,4348
4,401,6015000,6015100,2838,4730,6030000,4359
4,402,6030000,6030100,2838,4730,6045000,4370
4,403,6045000,6045100,2838,4730,6060000,4380
4,404,6060000,6060100,2838,4730,6075000,4390
4,405,6075000,6075100,2838,4730,6090000,4401
4,406,6090000,6090100,2838,4730,6105000,4415
4,407,6105000,6105100,2838,4730,6120000,4422
4,408,6120000,6120100,2838,4730,6135000,4435
4,409,6135000,6135100,2838,4730,6150000,4443
4,41,615000,615100,2838,4730,630000,448
4,410,6150000,6150100,2838,4730,6165000,4459
4,411,6165000,6165100,2838,4730,6180000,4467
4,412,6180000,6180100,2838,4730,6195000,4477
4,413,6195000,6195100,2838,4730,6210000,4489
4,414,6210000,6210100,2838,4730,6225000,4500
4,415,6225000,6225100,2838,4730,6240000,4509
4,416,6240000,6240100,2838,4730,6255000,4523
4,417,6255000,6255100,2838,4730,6270000,4531
4,418,6270000,6270100,2838,4730,6285000,4545
4,419,6285000,6285100,2838,4730,6300000,4551
4,42,630000,630100,2838,4730,645000,460
4,420,6300000,6300100,2838,4730,6315000,4565
4,421,6315000,6315100,2838,4730,6330000,4577
4,422,6330000,6330100,2838,4730,6345000,4587
4,423,6345000,6345100,2838,4730,6360000,4596
4,424,6360000,6360100,2838,4730,6375000,4608
4,425,6375000,6375100,2838,4730,6390000,4619
4,426,6390000,6390100,2838,4730,6405000,4633
4,427,6405000,6405100,2838,4730,6420000,4639
4,428,6420000,6420100,2838,4730,6435000,4651
4,429,6435000,6435100,2838,4730,6450000,4662
4,43,645000,645100,2838,4730,660000,469
4,430,6450000,6450100,2838,4730,6465000,4675
4,431,6465000,6465100,2838,4730,6480000,4683
4,432,6480000,6480100,2838,4730,6495000,4695
4,433,6495000,6495100,2838,4730,6510000,4706
4,434,6510000,6510100,2838,4730,6525000,4718
4,435,6525000,6525100,2838,4730,6540000,4726
4,436,6540000,6540100,2838,4730,6555000,4740
4,437,6555000,6555100,2838,4730,6570000,4749
4,438,6570000,6570100,2838,4730,6585000,4762
4,439,6585000,6585100,2838,4730,6600000,4768
4,44,660000,660100,2838,4730,675000,480
4,440,6600000,6600100,2838,4730,6615000,4783
4,441,6615000,6615100,2838,4730,6630000,4793
4,442,6630000,6630100,2838,4730,6645000,4804
4,443,6645000,6645100,2838,4730,6660000,4815
4,444,6660000,6660100,2838,4730,6675000,4825
4,445,6675000,6675100,2838,4730,6690000,4836
4,446,6690000,6690100,2838,4730,6705000,4849
4,447,6705000,6705100,2838,4730,6720000,4856
4,448,6720000,6720100,2838,4730,6735000,4870
4,449,6735000,6735100,2838,4730,6750000,4878
4,45,675000,675100,2838,4730,690000,491
4,450,6750000,6750100,2838,4730,6765000,4892
4,451,6765000,6765100,2838,4730,6780000,4901
4,452,6780000,6780100,2838,4730,6795000,4912
4,453,6795000,6795100,2838,4730,6810000,4924
4,454,6810000,6810100,2838,4730,6825000,4935
4,455,6825000,6825100,2838,4730,6840000,4943
4,456,6840000,6840100,2838,4730,6855000,4957
4,457,6855000,6855100,2838,4730,6870000,4966
4,458,6870000,6870100,2838,4730,6885000,4980
4,459,6885000,6885100,2838,4730,6900000,4986
4,46,690000,690100,2838,4730,705000,505
4,460,6900000,6900100,2838,4730,6915000,4999
4,461,6915000,6915100,2838,4730,6930000,5010
4,462,6930000,6930100,2838,4730,6945000,5022
4,463,6945000,6945100,2838,4730,6960000,5031
4,464,6960000,6960100,2838,4730,6975000,5042
4,465,6975000,6975100,2838,4730,6990000,5053
4,466,6990000,6990100,2838,4730,7005000,5068
4,467,7005000,7005100,2838,4730,7020000,5074
4,468,7020000,7020100,2838,4730,7035000,5086
4,469,7035000,7035100,2838,4730,7050000,5096
4,47,705000,705100,2838,4730,720000,512
4,470,7050000,7050100,2838,4730,7065000,5109
4,471,7065000,7065100,2838,4730,7080000,5118
4,472,7080000,7080100,2838,4730,7095000,5129
4,473,7095000,7095100,2838,4730,7110000,5141
4,474,7110000,7110100,2838,4730,7125000,5152
4,475,7125000,7125100,2838,4730,7140000,5160
4,476,7140000,7140100,2838,4730,7155000,5175
4,477,7155000,7155100,2838,4730,7170000,5184
4,478,7170000,7170100,2838,4730,7185000,5196
4,479,7185000,7185100,2838,4730,7200000,5202
4,48,720000,720100,2838,4730,735000,525
4,480,7200000,7200100,2838,4730,7215000,5218
4,481,7215000,7215100,2838,4730,7230000,5228
4,482,7230000,7230100,2838,4730,7245000,5239
4,483,7245000,7245100,2838,4730,7260000,5248
4,484,7260000,7260100,2838,4730,7275000,5259
4,485,7275000,7275100,2838,4730,7290000,5271
4,486,7290000,7290100,2838,4730,7305000,5284
4,487,7305000,7305100,2838,4730,7320000,5291
4,488,7320000,7320100,2838,4730,7335000,5304
4,489,7335000,7335100,2838,4730,7350000,5312
4,49,735000,735100,2838,4730,750000,533
4,490,7350000,7350100,2838,4730,7365000,5327
4,491,7365000,7365100,2838,4730,7380000,5336
4,492,7380000,7380100,2838,4730,7395000,5346
4,493,7395000,7395100,2838,4730,7410000,5358
4,494,7410000,7410100,2838,4730,7425000,5369
4,495,7425000,7425100,2838,4730,7440000,5378
4,496,7440000,7440100,2838,4730,7455000,5392
4,497,7455000,7455100,2838,4730,7470000,5400
4,498,7470000,7470100,2838,4730,7485000,5414
4,499,7485000,7485100,2838,4730,7500000,5421
4,5,75000,75100,2838,4730,90000,57
4,50,750000,750100,2838,4730,765000,547
4,500,7500000,7500100,2838,4730,7515000,5434
4,501,7515000,7515100,2838,4730,7530000,5445
4,502,7530000,7530100,2838,4730,7545000,5456
4,503,7545000,7545100,2838,4730,7560000,5465
4,504,7560000,7560100,2838,4730,7575000,5477
4,505,7575000,7575100,2838,4730,7590000,5487
4,506,7590000,7590100,2838,4730,7605000,5502
4,507,7605000,7605100,2838,4730,7620000,5508
4,508,7620000,7620100,2838,4730,7635000,5521
4,509,7635000,7635100,2838,4730,7650000,5531
4,51,765000,765100,2838,4730,780000,557
4,510,7650000,7650100,2838,4730,7665000,5544
4,511,7665000,7665100,2838,4730,7680000,5552
4,512,7680000,7680100,2838,4730,7695000,5563
4,513,7695000,7695100,2838,4730,7710000,5576
4,514,7710000,7710100,2838,4730,7725000,5587
4,515,7725000,7725100,2838,4730,7740000,5595
4,516,7740000,7740100,2838,4730,7755000,5608
4,517,7755000,7755100,2838,4730,7770000,5618
4,518,7770000,7770100,2838,4730,7785000,5631
4,519,7785000,7785100,2838,4730,7800000,5637
4,52,780000,780100,2838,4730,795000,567
4,520,7800000,7800100,2838,4730,7815000,5652
4,521,7815000,7815100,2838,4730,7830000,5662
4,522,7830000,7830100,2838,4730,7845000,5674
4,523,7845000,7845100,2838,4730,7860000,5683
4,524,7860000,7860100,2838,4730,7875000,5694
4,525,7875000,7875100,2838,4730,7890000,5705
4,526,7890000,7890100,2838,4730,7905000,5718
4,527,7905000,7905100,2838,4730,7920000,5725
4,528,7920000,7920100,2838,4730,7935000,5739
4,529,7935000,7935100,2838,4730,7950000,5747
4,53,795000,795100,2838,4730,810000,579
4,530,7950000,7950100,2838,4730,7965000,5761
4,531,7965000,7965100,2838,4730,7980000,5770
4,532,7980000,7980100,2838,4730,7995000,5781
4,533,7995000,7995100,2838,4730,8010000,5793
4,534,8010000,8010100,2838,4730,8025000,5803
4,535,8025000,8025100,2838,4730,8040000,5812
4,536,8040000,8040100,2838,4730,8055000,5827
4,537,8055000,8055100,2838,4730,8070000,5835
4,538,8070000,8070100,2838,4730,8085000,5848
4,539,8085000,8085100,2838,4730,8100000,5855
4,54,810000,810100,2838,4730,825000,589
4,540,8100000,8100100,2838,4730,8115000,5868
4,541,8115000,8115100,2838,4730,8130000,5880
4,542,8130000,8130100,2838,4730,8145000,5891
4,543,8145000,8145100,2838,4730,8160000,5900
4,544,8160000,8160100,2838,4730,8175000,5911
4,545,8175000,8175100,2838,4730,8190000,5921
4,546,8190000,8190100,2838,4730,8205000,5937
4,547,8205000,8205100,2838,4730,8220000,5943
4,548,8220000,8220100,2838,4730,8235000,5955
4,549,8235000,8235100,2838,4730,8250000,5964
4,55,825000,825100,2838,4730,840000,598
4,550,8250000,8250100,2838,4730,8265000,5979
4,551,8265000,8265100,2838,4730,8280000,5987
4,552,8280000,8280100,2838,4730,8295000,5998
4,553,8295000,8295100,2838,4730,8310000,6010
4,554,8310000,8310100,2838,4730,8325000,6021
4,555,8325000,8325100,2838,4730,8340000,6030
4,556,8340000,8340100,2838,4730,8355000,6043
4,557,8355000,8355100,2838,4730,8370000,6053
4,558,8370000,8370100,2838,4730,8385000,6065
4,559,8385000,8385100,2838,4730,8400000,6071
4,56,840000,840100,2838,4730,855000,613
4,560,8400000,8400100,2838,4730,8415000,6086
4,561,8415000,8415100,2838,4730,8430000,6097
4,562,8430000,8430100,2838,4730,8445000,6108
4,563,8445000,8445100,2838,4730,8460000,6117
4,564,8460000,8460100,2838,4730,8475000,6129
4,565,8475000,8475100,2838,4730,8490000,6140
4,566,8490000,8490100,2838,4730,8505000,6153
4,567,8505000,8505100,2838,4730,8520000,6159
4,568,8520000,8520100,2838,4730,8535000,6173
4,569,8535000,8535100,2838,4730,8550000,6182
4,57,855000,855100,2838,4730,870000,621
4,570,8550000,8550100,2838,4730,8565000,6196
4,571,8565000,8565100,2838,4730,8580000,6204
4,572,8580000,8580100,2838,4730,8595000,6215
4,573,8595000,8595100,2838,4730,8610000,6227
4,574,8610000,8610100,2838,4730,8625000,6238
4,575,8625000,8625100,2838,4730,8640000,6247
4,576,8640000,8640100,2838,4730,8655000,6261
4,577,8655000,8655100,2838,4730,8670000,6269
4,578,8670000,8670100,2838,4730,8685000,6283
4,579,8685000,8685100,2838,4730,8700000,6290
4,58,870000,870100,2838,4730,885000,635
4,580,8700000,8700100,2838,4730,8715000,6303
4,581,8715000,8715100,2838,4730,8730000,6314
4,582,8730000,8730100,2838,4730,8745000,6324
4,583,8745000,8745100,2838,4730,8760000,6335
4,584,8760000,8760100,2838,4730,8775000,6346
4,585,8775000,8775100,2838,4730,8790000,6356
4,586,8790000,8790100,2838,4730,8805000,6371
4,587,8805000,8805100,2838,4730,8820000,6377
4,588,8820000,8820100,2838,4730,8835000,6390
4,589,8835000,8835100,2838,4730,8850000,6399
4,59,885000,885100,2838,4730,900000,641
4,590,8850000,8850100,2838,4730,8865000,6413
4,591,8865000,8865100,2838,4730,8880000,6421
4,592,8880000,8880100,2838,4730,8895000,6433
4,593,8895000,8895100,2838,4730,8910000,6444
4,594,8910000,8910100,2838,4730,8925000,6456
4,595,8925000,8925100,2838,4730,8940000,6464
4,596,8940000,8940100,2838,4730,8955000,6477
4,597,8955000,8955100,2838,4730,8970000,6488
4,598,8970000,8970100,2838,4730,8985000,6500
4,599,8985000,8985100,2838,4730,9000000,6506
4,6,90000,90100,2838,4730,105000,70
4,60,900000,900100,2838,4730,915000,655
4,600,9000000,9000100,2838,4730,9015000,6520
4,601,9015000,9015100,2838,4730,9030000,6531
4,602,9030000,9030100,2838,4730,9045000,6543
4,603,9045000,9045100,2838,4730,9060000,6552
4,604,9060000,9060100,2838,4730,9075000,6562
4,605,9075000,9075100,2838,4730,9090000,6574
4,606,9090000,9090100,2838,4730,9105000,6588
4,607,9105000,9105100,2838,4730,9120000,6594
4,608,9120000,9120100,2838,4730,9135000,6608
4,609,9135000,9135100,2838,4730,9150000,6616
4,61,915000,915100,2838,4730,930000,666
4,610,9150000,9150100,2838,4730,9165000,6630
4,611,9165000,9165100,2838,4730,9180000,6639
4,612,9180000,9180100,2838,4730,9195000,6650
4,613,9195000,9195100,2838,4730,9210000,6662
4,614,9210000,9210100,2838,4730,9225000,6672
4,615,9225000,9225100,2838,4730,9240000,6680
4,616,9240000,9240100,2838,4730,9255000,6696
4,617,9255000,9255100,2838,4730,9270000,6704
4,618,9270000,9270100,2838,4730,9285000,6717
4,619,9285000,9285100,2838,4730,9300000,6724
4,62,930000,930100,2838,4730,945000,677
4,620,9300000,9300100,2838,4730,9315000,6738
4,621,9315000,9315100,2838,4730,9330000,6749
4,622,9330000,9330100,2838,4730,9345000,6759
4,623,9345000,9345100,2838,4730,9360000,6769
4,624,9360000,9360100,2838,4730,9375000,6780
4,625,9375000,9375100,2838,4730,9390000,6791
4,626,9390000,9390100,2838,4730,9405000,6805
4,627,9405000,9405100,2838,4730,9420000,6812
4,628,9420000,9420100,2838,4730,9435000,6824
4,629,9435000,9435100,2838,4730,9450000,6833
4,63,945000,945100,2838,4730,960000,686
4,630,9450000,9450100,2838,4730,9465000,6848
4,631,9465000,9465100,2838,4730,9480000,6856
4,632,9480000,9480100,2838,4730,9495000,6867
4,633,9495000,9495100,2838,4730,9510000,6878
4,634,9510000,9510100,2838,4730,9525000,6891
4,635,9525000,9525100,2838,4730,9540000,6899
4,636,9540000,9540100,2838,4730,9555000,6912
4,637,9555000,9555100,2838,4730,9570000,6921
4,638,9570000,9570100,2838,4730,9585000,6934
4,639,9585000,9585100,2838,4730,9600000,6941
4,64,960000,960100,2838,4730,975000,697
4,640,9600000,9600100,2838,4730,9615000,6955
4,641,9615000,9615100,2838,4730,9630000,6966
4,642,9630000,9630100,2838,4730,9645000,6977
4,643,9645000,9645100,2838,4730,9660000,6986
4,644,9660000,9660100,2838,4730,9675000,6997
4,645,9675000,9675100,2838,4730,9690000,7009
4,646,9690000,9690100,2838,4730,9705000,7022
4,647,9705000,9705100,2838,4730,9720000,7028
4,648,9720000,9720100,2838,4730,9735000,7042
4,649,9735000,9735100,2838,4730,9750000,7051
4,65,975000,975100,2838,4730,990000,708
4,650,9750000,9750100,2838,4730,9765000,7065
4,651,9765000,9765100,2838,4730,9780000,7073
4,652,9780000,9780100,2838,4730,9795000,7084
4,653,9795000,9795100,2838,4730,9810000,7097
4,654,9810000,9810100,2838,4730,9825000,7107
4,655,9825000,9825100,2838,4730,9840000,7115
4,656,9840000,9840100,2838,4730,9855000,7130
4,657,9855000,9855100,2838,4730,9870000,7138
4,658,9870000,9870100,2838,4730,9885000,7152
4,659,9885000,9885100,2838,4730,9900000,7158
4,66,990000,990100,2838,4730,1005000,723
4,660,9900000,9900100,2838,4730,9915000,7172
4,661,9915000,9915100,2838,4730,9930000,7183
4,662,9930000,9930100,2838,4730,9945000,7194
4,663,9945000,9945100,2838,4730,9960000,7204
4,664,9960000,9960100,2838,4730,9975000,7215
4,665,9975000,9975100,2838,4730,9990000,7225
4,666,9990000,9990100,2838,4730,10005000,7239
4,667,10005000,10005100,2838,4730,10020000,7247
4,668,10020000,10020100,2838,4730,10035000,7259
4,669,10035000,10035100,2838,4730,10050000,7268
4,67,1005000,1005100,2838,4730,1020000,729
4,670,10050000,10050100,2838,4730,10065000,7281
4,671,10065000,10065100,2838,4730,10080000,7290
4,672,10080000,10080100,2838,4730,10095000,7302
4,673,10095000,10095100,2838,4730,10110000,7313
4,674,10110000,10110100,2838,4730,10125000,7325
4,675,10125000,10125100,2838,4730,10140000,7333
4,676,10140000,10140100,2838,4730,10155000,7347
4,677,10155000,10155100,2838,4730,10170000,7356
4,678,10170000,10170100,2838,4730,10185000,7369
4,679,10185000,10185100,2838,4730,10200000,7375
4,68,1020000,1020100,2838,4730,1035000,741
4,680,10200000,10200100,2838,4730,10215000,7389
4,681,10215000,10215100,2838,4730,10230000,7400
4,682,10230000,10230100,2838,4730,10245000,7412
4,683,10245000,10245100,2838,4730,10260000,7421
4,684,10260000,10260100,2838,4730,10275000,7431
4,685,10275000,10275100,2838,4730,10290000,7443
4,686,10290000,10290100,2838,4730,10305000,7457
4,687,10305000,10305100,2838,4730,10320000,7463
4,688,10320000,10320100,2838,4730,10335000,7476
4,689,10335000,10335100,2838,4730,10350000,7485
4,69,1035000,1035100,2838,4730,1050000,751
4,690,10350000,10350100,2838,4730,10365000,7500
4,691,10365000,10365100,2838,4730,10380000,7508
4,692,10380000,10380100,2838,4730,10395000,7518
4,693,10395000,10395100,2838,4730,10410000,7531
4,694,10410000,10410100,2838,4730,10425000,7541
4,695,10425000,10425100,2838,4730,10440000,7550
4,696,10440000,10440100,2838,4730,10455000,7565
4,697,10455000,10455100,2838,4730,10470000,7573
4,698,10470000,10470100,2838,4730,10485000,7586
4,699,10485000,10485100,2838,4730,10500000,7592
4,7,105000,105100,2838,4730,120000,77
4,70,1050000,1050100,2838,4730,1065000,765
4,700,10500000,10500100,2838,4730,10515000,7607
4,701,10515000,10515100,2838,4730,10530000,7618
4,702,10530000,10530100,2838,4730,10545000,7628
4,703,10545000,10545100,2838,4730,10560000,7637
4,704,10560000,10560100,2838,4730,10575000,7650
4,705,10575000,10575100,2838,4730,10590000,7660
4,706,10590000,10590100,2838,4730,10605000,7674
4,707,10605000,10605100,2838,4730,10620000,7681
4,708,10620000,10620100,2838,4730,10635000,7693
4,709,10635000,10635100,2838,4730,10650000,7703
4,71,1065000,1065100,2838,4730,1080000,773
4,710,10650000,10650100,2838,4730,10665000,7716
4,711,10665000,10665100,2838,4730,10680000,7725
4,712,10680000,10680100,2838,4730,10695000,7736
4,713,10695000,10695100,2838,4730,10710000,7747
4,714,10710000,10710100,2838,4730,10725000,7759
4,715,10725000,10725100,2838,4730,10740000,7768
4,716,10740000,10740100,2838,4730,10755000,7781
4,717,10755000,10755100,2838,4730,10770000,7790
4,718,10770000,10770100,2838,4730,10785000,7804
4,719,10785000,10785100,2838,4730,10800000,7810
4,72,1080000,1080100,2838,4730,1095000,784
4,720,10800000,10800100,2838,4730,10815000,7824
4,721,10815000,10815100,2838,4730,10830000,7834
4,722,10830000,10830100,2838,4730,10845000,7846
4,723,10845000,10845100,2838,4730,10860000,7856
4,724,10860000,10860100,2838,4730,10875000,7866
4,725,10875000,10875100,2838,4730,10890000,7877
4,726,10890000,10890100,2838,4730,10905000,7891
4,727,10905000,10905100,2838,4730,10920000,7897
4,728,10920000,10920100,2838,4730,10935000,7911
4,729,10935000,10935100,2838,4730,10950000,7920
4,73,1095000,1095100,2838,4730,1110000,796
4,730,10950000,10950100,2838,4730,10965000,7934
4,731,10965000,10965100,2838,4730,10980000,7942
4,732,10980000,10980100,2838,4730,10995000,7953
4,733,10995000,10995100,2838,4730,11010000,7966
4,734,11010000,11010100,2838,4730,11025000,7976
4,735,11025000,11025100,2838,4730,11040000,7984
4,736,11040000,11040100,2838,4730,11055000,7998
4,737,11055000,11055100,2838,4730,11070000,8008
4,738,11070000,11070100,2838,4730,11085000,8021
4,739,11085000,11085100,2838,4730,11100000,8027
4,74,1110000,1110100,2838,4730,1125000,808
4,740,11100000,11100100,2838,4730,11115000,8041
4,741,11115000,11115100,2838,4730,11130000,8052
4,742,11130000,11130100,2838,4730,11145000,8063
4,743,11145000,11145100,2838,4730,11160000,8072
4,744,11160000,11160100,2838,4730,11175000,8084
4,745,11175000,11175100,2838,4730,11190000,8094
4,746,11190000,11190100,2838,4730,11205000,8109
4,747,11205000,11205100,2838,4730,11220000,8115
4,748,11220000,11220100,2838,4730,11235000,8128
4,749,11235000,11235100,2838,4730,11250000,8137
4,75,1125000,1125100,2838,4730,1140000,816
4,750,11250000,11250100,2838,4730,11265000,8150
4,751,11265000,11265100,2838,4730,11280000,8160
4,752,11280000,11280100,2838,4730,11295000,8171
4,753,11295000,11295100,2838,4730,11310000,8182
4,754,11310000,11310100,2838,4730,11325000,8193
4,755,11325000,11325100,2838,4730,11340000,8202
4,756,11340000,11340100,2838,4730,11355000,8216
4,757,11355000,11355100,2838,4730,11370000,8225
4,758,11370000,11370100,2838,4730,11385000,8237
4,759,11385000,11385100,2838,4730,11400000,8244
4,76,1140000,1140100,2838,4730,1155000,829
4,760,11400000,11400100,2838,4730,11415000,8259
4,761,11415000,11415100,2838,4730,11430000,8269
4,762,11430000,11430100,2838,4730,11445000,8281
4,763,11445000,11445100,2838,4730,11460000,8290
4,764,11460000,11460100,2838,4730,11475000,8300
4,765,11475000,11475100,2838,4730,11490000,8312
4,766,11490000,11490100,2838,4730,11505000,8326
4,767,11505000,11505100,2838,4730,11520000,8332
4,768,11520000,11520100,2838,4730,11535000,8345
4,769,11535000,11535100,2838,4730,11550000,8353
4,77,1155000,1155100,2838,4730,1170000,839
4,770,11550000,11550100,2838,4730,11565000,8369
4,771,11565000,11565100,2838,4730,11580000,8377
4,772,11580000,11580100,2838,4730,11595000,8387
4,773,11595000,11595100,2838,4730,11610000,8400
4,774,11610000,11610100,2838,4730,11625000,8411
4,775,11625000,11625100,2838,4730,11640000,8419
4,776,11640000,11640100,2838,4730,11655000,8433
4,777,11655000,11655100,2838,4730,11670000,8442
4,778,11670000,11670100,2838,4730,11685000,8455
4,779,11685000,11685100,2838,4730,11700000,8462
4,78,1170000,1170100,2838,4730,1185000,851
4,780,11700000,11700100,2838,4730,11715000,8475
4,781,11715000,11715100,2838,4730,11730000,8487
4,782,11730000,11730100,2838,4730,11745000,8497
4,783,11745000,11745100,2838,4730,11760000,8506
4,784,11760000,11760100,2838,4730,11775000,8519
4,785,11775000,11775100,2838,4730,11790000,8529
4,786,11790000,11790100,2838,4730,11805000,8543
4,787,11805000,11805100,2838,4730,11820000,8549
4,788,11820000,11820100,2838,4730,11835000,8563
4,789,11835000,11835100,2838,4730,11850000,8572
4,79,1185000,1185100,2838,4730,1200000,858
4,790,11850000,11850100,2838,4730,11865000,8585
4,791,11865000,11865100,2838,4730,11880000,8593
4,792,11880000,11880100,2838,4730,11895000,8605
4,793,11895000,11895100,2838,4730,11910000,8617
4,794,11910000,11910100,2838,4730,11925000,8628
4,795,11925000,11925100,2838,4730,11940000,8637
4,796,11940000,11940100,2838,4730,11955000,8650
4,797,11955000,11955100,2838,4730,11970000,8659
4,798,11970000,11970100,2838,4730,11985000,8672
4,799,11985000,11985100,2838,4730,12000000,8679
4,8,120000,120100,2838,4730,135000,90
4,80,1200000,1200100,2838,4730,1215000,873
4,800,12000000,12000100,2838,4730,12015000,8693
4,801,12015000,12015100,2838,4730,12030000,8703
4,802,12030000,12030100,2838,4730,12045000,8715
4,803,12045000,12045100,2838,4730,12060000,8725
4,804,12060000,12060100,2838,4730,12075000,8735
4,805,12075000,12075100,2838,4730,12090000,8746
4,806,12090000,12090100,2838,4730,12105000,8760
4,807,12105000,12105100,2838,4730,12120000,8767
4,808,12120000,12120100,2838,4730,12135000,8780
4,809,12135000,12135100,2838,4730,12150000,8788
4,81,1215000,1215100,2838,4730,1230000,883
4,810,12150000,12150100,2838,4730,12165000,8803
4,811,12165000,12165100,2838,4730,12180000,8811
4,812,12180000,12180100,2838,4730,12195000,8822
4,813,12195000,12195100,2838,4730,12210000,8834
4,814,12210000,12210100,2838,4730,12225000,8845
4,815,12225000,12225100,2838,4730,12240000,8853
4,816,12240000,12240100,2838,4730,12255000,8868
4,817,12255000,12255100,2838,4730,12270000,8877
4,818,12270000,12270100,2838,4730,12285000,8890
4,819,12285000,12285100,2838,4730,12300000,8896
4,82,1230000,1230100,2838,4730,1245000,894
4,820,12300000,12300100,2838,4730,12315000,8909
4,821,12315000,12315100,2838,4730,12330000,8922
4,822,12330000,12330100,2838,4730,12345000,8932
4,823,12345000,12345100,2838,4730,12360000,8941
4,824,12360000,12360100,2838,4730,12375000,8952
4,825,12375000,12375100,2838,4730,12390000,8963
4,826,12390000,12390100,2838,4730,12405000,8978
4,827,12405000,12405100,2838,4730,12420000,8984
4,828,12420000,12420100,2838,4730,12435000,8997
4,829,12435000,12435100,2838,4730,12450000,9006
4,83,1245000,1245100,2838,4730,1260000,903
4,830,12450000,12450100,2838,4730,12465000,9020
4,831,12465000,12465100,2838,4730,12480000,9028
4,832,12480000,12480100,2838,4730,12495000,9040
4,833,12495000,12495100,2838,4730,12510000,9051
4,834,12510000,12510100,2838,4730,12525000,9062
4,835,12525000,12525100,2838,4730,12540000,9071
4,836,12540000,12540100,2838,4730,12555000,9085
4,837,12555000,12555100,2838,4730,12570000,9094
4,838,12570000,12570100,2838,4730,12585000,9106
4,839,12585000,12585100,2838,4730,12600000,9113
4,84,1260000,1260100,2838,4730,1275000,915
4,840,12600000,12600100,2838,4730,12615000,9128
4,841,12615000,12615100,2838,4730,12630000,9138
4,842,12630000,12630100,2838,4730,12645000,9149
4,843,12645000,12645100,2838,4730,12660000,9159
4,844,12660000,12660100,2838,4730,12675000,9170
4,845,12675000,12675100,2838,4730,12690000,9181
4,846,12690000,12690100,2838,4730,12705000,9194
4,847,12705000,12705100,2838,4730,12720000,9201
4,848,12720000,12720100,2838,4730,12735000,9214
4,849,12735000,12735100,2838,4730,12750000,9223
4,85,1275000,1275100,2838,4730,1290000,926
4,850,12750000,12750100,2838,4730,12765000,9238
4,851,12765000,12765100,2838,4730,12780000,9246
4,852,12780000,12780100,2838,4730,12795000,9256
4,853,12795000,12795100,2838,4730,12810000,9268
4,854,12810000,12810100,2838,4730,12825000,9280
4,855,12825000,12825100,2838,4730,12840000,9288
4,856,12840000,12840100,2838,4730,12855000,9302
4,857,12855000,12855100,2838,4730,12870000,9310
4,858,12870000,12870100,2838,4730,12885000,9325
4,859,12885000,12885100,2838,4730,12900000,9331
4,86,1290000,1290100,2838,4730,1305000,939
4,860,12900000,12900100,2838,4730,12915000,9344
4,861,12915000,12915100,2838,4730,12930000,9356
4,862,12930000,12930100,2838,4730,12945000,9366
4,863,12945000,12945100,2838,4730,12960000,9376
4,864,12960000,12960100,2838,4730,12975000,9387
4,865,12975000,12975100,2838,4730,12990000,9398
4,866,12990000,12990100,2838,4730,13005000,9412
4,867,13005000,13005100,2838,4730,13020000,9418
4,868,13020000,13020100,2838,4730,13035000,9431
4,869,13035000,13035100,2838,4730,13050000,9441
4,87,1305000,1305100,2838,4730,1320000,945
4,870,13050000,13050100,2838,4730,13065000,9454
4,871,13065000,13065100,2838,4730,13080000,9462
4,872,13080000,13080100,2838,4730,13095000,9475
4,873,13095000,13095100,2838,4730,13110000,9486
4,874,13110000,13110100,2838,4730,13125000,9497
4,875,13125000,13125100,2838,4730,13140000,9505
4,876,13140000,13140100,2838,4730,13155000,9519
4,877,13155000,13155100,2838,4730,13170000,9529
4,878,13170000,13170100,2838,4730,13185000,9541
4,879,13185000,13185100,2838,4730,13200000,9547
4,88,1320000,1320100,2838,4730,1335000,960
4,880,13200000,13200100,2838,4730,13215000,9562
4,881,13215000,13215100,2838,4730,13230000,9572
4,882,13230000,13230100,2838,4730,13245000,9584
4,883,13245000,13245100,2838,4730,13260000,9594
4,884,13260000,13260100,2838,4730,13275000,9604
4,885,13275000,13275100,2838,4730,13290000,9615
4,886,13290000,13290100,2838,4730,13305000,9629
4,887,13305000,13305100,2838,4730,13320000,9636
4,888,13320000,13320100,2838,4730,13335000,9649
4,889,13335000,13335100,2838,4730,13350000,9657
4,89,1335000,1335100,2838,4730,1350000,968
4,890,13350000,13350100,2838,4730,13365000,9671
4,891,13365000,13365100,2838,4730,13380000,9681
4,892,13380000,13380100,2838,4730,13395000,9691
4,893,13395000,13395100,2838,4730,13410000,9703
4,894,13410000,13410100,2838,4730,13425000,9714
4,895,13425000,13425100,2838,4730,13440000,9722
4,896,13440000,13440100,2838,4730,13455000,9737
4,897,13455000,13455100,2838,4730,13470000,9745
4,898,13470000,13470100,2838,4730,13485000,9759
4,899,13485000,13485100,2838,4730,13500000,9765
4,9,135000,135100,2838,4730,150000,99
4,90,1350000,1350100,2838,4730,1365000,982
4,900,13500000,13500100,2838,4730,13515000,9779
4,901,13515000,13515100,2838,4730,13530000,9790
4,902,13530000,13530100,2838,4730,13545000,9801
4,903,13545000,13545100,2838,4730,13560000,9810
4,904,13560000,13560100,2838,4730,13575000,9821
4,905,13575000,13575100,2838,4730,13590000,9833
4,906,13590000,13590100,2838,4730,13605000,9847
4,907,13605000,13605100,2838,4730,13620000,9853
4,908,13620000,13620100,2838,4730,13635000,9865
4,909,13635000,13635100,2838,4730,13650000,9875
4,91,1365000,1365100,2838,4730,1380000,991
4,910,13650000,13650100,2838,4730,13665000,9889
4,911,13665000,13665100,2838,4730,13680000,9897
4,912,13680000,13680100,2838,4730,13695000,9908
4,913,13695000,13695100,2838,4730,13710000,9920
4,914,13710000,13710100,2838,4730,13725000,9932
4,915,13725000,13725100,2838,4730,13740000,9940
4,916,13740000,13740100,2838,4730,13755000,9954
4,917,13755000,13755100,2838,4730,13770000,9963
4,918,13770000,13770100,2838,4730,13785000,9975
4,919,13785000,13785100,2838,4730,13800000,9982
4,92,1380000,1380100,2838,4730,1395000,1001
4,920,13800000,13800100,2838,4730,13815000,9997
4,921,13815000,13815100,2838,4730,13830000,10007
4,922,13830000,13830100,2838,4730,13845000,10018
4,923,13845000,13845100,2838,4730,13860000,10027
4,924,13860000,13860100,2838,4730,13875000,10039
4,925,13875000,13875100,2838,4730,13890000,10050
4,926,13890000,13890100,2838,4730,13905000,10063
4,927,13905000,13905100,2838,4730,13920000,10070
4,928,13920000,13920100,2838,4730,13935000,10084
4,929,13935000,13935100,2838,4730,13950000,10092
4,93,1395000,1395100,2838,4730,1410000,1014
4,930,13950000,13950100,2838,4730,13965000,10106
4,931,13965000,13965100,2838,4730,13980000,10115
4,932,13980000,13980100,2838,4730,13995000,10125
4,933,13995000,13995100,2838,4730,14010000,10138
4,934,14010000,14010100,2838,4730,14025000,10148
4,935,14025000,14025100,2838,4730,14040000,10157
4,936,14040000,14040100,2838,4730,14055000,10171
4,937,14055000,14055100,2838,4730,14070000,10179
4,938,14070000,14070100,2838,4730,14085000,10194
4,939,14085000,14085100,2838,4730,14100000,10200
4,94,1410000,1410100,2838,4730,1425000,1024
4,940,14100000,14100100,2838,4730,14115000,10213
4,941,14115000,14115100,2838,4730,14130000,10224
4,942,14130000,14130100,2838,4730,14145000,10236
4,943,14145000,14145100,2838,4730,14160000,10245
4,944,14160000,14160100,2838,4730,14175000,10256
4,945,14175000,14175100,2838,4730,14190000,10266
4,946,14190000,14190100,2838,4730,14205000,10281
4,947,14205000,14205100,2838,4730,14220000,10288
4,948,14220000,14220100,2838,4730,14235000,10300
4,949,14235000,14235100,2838,4730,14250000,10310
4,95,1425000,1425100,2838,4730,1440000,1033
4,950,14250000,14250100,2838,4730,14265000,10323
4,951,14265000,14265100,2838,4730,14280000,10331
4,952,14280000,14280100,2838,4730,14295000,10343
4,953,14295000,14295100,2838,4730,14310000,10355
4,954,14310000,14310100,2838,4730,14325000,10366
4,955,14325000,14325100,2838,4730,14340000,10374
4,956,14340000,14340100,2838,4730,14355000,10388
4,957,14355000,14355100,2838,4730,14370000,10398
4,958,14370000,14370100,2838,4730,14385000,10410
4,959,14385000,14385100,2838,4730,14400000,10416
4,96,1440000,1440100,2838,4730,1455000,1047
4,960,14400000,14400100,2838,4730,14415000,10431
4,961,14415000,14415100,2838,4730,14430000,10442
4,962,14430000,14430100,2838,4730,14445000,10453
4,963,14445000,14445100,2838,4730,14460000,10462
4,964,14460000,14460100,2838,4730,14475000,10473
4,965,14475000,14475100,2838,4730,14490000,10484
4,966,14490000,14490100,2838,4730,14505000,10498
4,967,14505000,14505100,2838,4730,14520000,10504
4,968,14520000,14520100,2838,4730,14535000,10518
4,969,14535000,14535100,2838,4730,14550000,10526
4,97,1455000,1455100,2838,4730,1470000,1055
4,970,14550000,14550100,2838,4730,14565000,10541
4,971,14565000,14565100,2838,4730,14580000,10550
4,972,14580000,14580100,2838,4730,14595000,10560
4,973,14595000,14595100,2838,4730,14610000,10572
4,974,14610000,14610100,2838,4730,14625000,10582
4,975,14625000,14625100,2838,4730,14640000,10592
4,976,14640000,14640100,2838,4730,14655000,10606
4,977,14655000,14655100,2838,4730,14670000,10614
4,978,14670000,14670100,2838,4730,14685000,10627
4,979,14685000,14685100,2838,4730,14700000,10634
4,98,1470000,1470100,2838,4730,1485000,1069
4,980,14700000,14700100,2838,4730,14715000,10648
4,981,14715000,14715100,2838,4730,14730000,10659
4,982,14730000,14730100,2838,4730,14745000,10670
4,983,14745000,14745100,2838,4730,14760000,10679
4,984,14760000,14760100,2838,4730,14775000,10691
4,985,14775000,14775100,2838,4730,14790000,10701
4,986,14790000,14790100,2838,4730,14805000,10716
4,987,14805000,14805100,2838,4730,14820000,10722
4,988,14820000,14820100,2838,4730,14835000,10734
4,989,14835000,14835100,2838,4730,14850000,10744
4,99,1485000,1485100,2838,4730,1500000,1076
4,990,14850000,14850100,2838,4730,14865000,10758
4,991,14865000,14865100,2838,4730,14880000,10766
4,992,14880000,14880100,2838,4730,14895000,10777
4,993,14895000,14895100,2838,4730,14910000,10789
4,994,14910000,14910100,2838,4730,14925000,10801
4,995,14925000,14925100,2838,4730,14940000,10809
4,996,14940000,14940100,2838,4730,14955000,10822
4,997,14955000,14955100,2838,4730,14970000,10832
4,998,14970000,14970100,2838,4730,14985000,10845
4,999,14985000,14985100,2838,4730,15000000,10851
5,0,0,100,9246,15410,20000,6
5,1,20000,20100,9246,15410,40000,19
5,10,200000,200100,9246,15410,220000,150
5,100,2000000,2000100,9246,15410,2020000,1453
5,1000,20000000,20000100,9246,15410,20020000,14487
5,1001,20020000,20020100,9246,15410,20040000,14503
5,1002,20040000,20040100,9246,15410,20060000,14518
5,1003,20060000,20060100,9246,15410,20080000,14532
5,1004,20080000,20080100,9246,15410,20100000,14546
5,1005,20100000,20100100,9246,15410,20120000,14560
5,1006,20120000,20120100,9246,15410,20140000,14575
5,1007,20140000,20140100,9246,15410,20160000,14590
5,1008,20160000,20160100,9246,15410,20180000,14605
5,1009,20180000,20180100,9246,15410,20200000,14617
5,101,2020000,2020100,9246,15410,2040000,1469
5,1010,20200000,20200100,9246,15410,20220000,14633
5,1011,20220000,20220100,9246,15410,20240000,14647
5,1012,20240000,20240100,9246,15410,20260000,14663
5,1013,20260000,20260100,9246,15410,20280000,14677
5,1014,20280000,20280100,9246,15410,20300000,14690
5,1015,20300000,20300100,9246,15410,20320000,14705
5,1016,20320000,20320100,9246,15410,20340000,14720
5,1017,20340000,20340100,9246,15410,20360000,14735
5,1018,20360000,20360100,9246,15410,20380000,14750
5,1019,20380000,20380100,9246,15410,20400000,14762
5,102,2040000,2040100,9246,15410,2060000,1484
5,1020,20400000,20400100,9246,15410,20420000,14778
5,1021,20420000,20420100,9246,15410,20440000,14791
5,1022,20440000,20440100,9246,15410,20460000,14808
5,1023,20460000,20460100,9246,15410,20480000,14822
5,1024,20480000,20480100,9246,15410,20500000,14834
5,1025,20500000,20500100,9246,15410,20520000,14851
5,1026,20520000,20520100,9246,15410,20540000,14865
5,1027,20540000,20540100,9246,15410,20560000,14879
5,1028,20560000,20560100,9246,15410,20580000,14895
5,1029,20580000,20580100,9246,15410,20600000,14907
5,103,2060000,2060100,9246,15410,2080000,1497
5,1030,20600000,20600100,9246,15410,20620000,14922
5,1031,20620000,20620100,9246,15410,20640000,14937
5,1032,20640000,20640100,9246,15410,20660000,14953
5,1033,20660000,20660100,9246,15410,20680000,14966
5,1034,20680000,20680100,9246,15410,20700000,14980
5,1035,20700000,20700100,9246,15410,20720000,14994
5,1036,20720000,20720100,9246,15410,20740000,15010
5,1037,20740000,20740100,9246,15410,20760000,15025
5,1038,20760000,20760100,9246,15410,20780000,15039
5,1039,20780000,20780100,9246,15410,20800000,15052
5,104,2080000,2080100,9246,15410,2100000,1511
5,1040,20800000,20800100,9246,15410,20820000,15068
5,1041,20820000,20820100,9246,15410,20840000,15081
5,1042,20840000,20840100,9246,15410,20860000,15097
5,1043,20860000,20860100,9246,15410,20880000,15112
5,1044,20880000,20880100,9246,15410,20900000,15124
5,1045,20900000,20900100,9246,15410,20920000,15139
5,1046,20920000,20920100,9246,15410,20940000,15155
5,1047,20940000,20940100,9246,15410,20960000,15170
5,1048,20960000,20960100,9246,15410,20980000,15184
5,1049,20980000,20980100,9246,15410,21000000,15196
5,105,2100000,2100100,9246,15410,2120000,1526
5,1050,21000000,21000100,9246,15410,21020000,15213
5,1051,21020000,21020100,9246,15410,21040000,15226
5,1052,21040000,21040100,9246,15410,21060000,15242
5,1053,21060000,21060100,9246,15410,21080000,15257
5,1054,21080000,21080100,9246,15410,21100000,15269
5,1055,21100000,21100100,9246,15410,21120000,15284
5,1056,21120000,21120100,9246,15410,21140000,15299
5,1057,21140000,21140100,9246,15410,21160000,15314
5,1058,21160000,21160100,9246,15410,21180000,15330
5,1059,21180000,21180100,9246,15410,21200000,15341
5,106,2120000,2120100,9246,15410,2140000,1540
5,1060,21200000,21200100,9246,15410,21220000,15357
5,1061,21220000,21220100,9246,15410,21240000,15372
5,1062,21240000,21240100,9246,15410,21260000,15387
5,1063,21260000,21260100,9246,15410,21280000,15400
5,1064,21280000,21280100,9246,15410,21300000,15415
5,1065,21300000,21300100,9246,15410,21320000,15429
5,1066,21320000,21320100,9246,15410,21340000,15443
5,1067,21340000,21340100,9246,15410,21360000,15460
5,1068,21360000,21360100,9246,15410,21380000,15474
5,1069,21380000,21380100,9246,15410,21400000,15486
5,107,2140000,2140100,9246,15410,2160000,1556
5,1070,21400000,21400100,9246,15410,21420000,15502
5,1071,21420000,21420100,9246,15410,21440000,15516
5,1072,21440000,21440100,9246,15410,21460000,15532
5,1073,21460000,21460100,9246,15410,21480000,15546
5,1074,21480000,21480100,9246,15410,21500000,15559
5,1075,21500000,21500100,9246,15410,21520000,15574
5,1076,21520000,21520100,9246,15410,21540000,15589
5,1077,21540000,21540100,9246,15410,21560000,15603
5,1078,21560000,21560100,9246,15410,21580000,15619
5,1079,21580000,21580100,9246,15410,21600000,15631
5,108,2160000,2160100,9246,15410,2180000,1571
5,1080,21600000,21600100,9246,15410,21620000,15647
5,1081,21620000,21620100,9246,15410,21640000,15661
5,1082,21640000,21640100,9246,15410,21660000,15677
5,1083,21660000,21660100,9246,15410,21680000,15691
5,1084,21680000,21680100,9246,15410,21700000,15703
5,1085,21700000,21700100,9246,15410,21720000,15719
5,1086,21720000,21720100,9246,15410,21740000,15734
5,1087,21740000,21740100,9246,15410,21760000,15748
5,1088,21760000,21760100,9246,15410,21780000,15764
5,1089,21780000,21780100,9246,15410,21800000,15776
5,109,2180000,2180100,9246,15410,2200000,1582
5,1090,21800000,21800100,9246,15410,21820000,15791
5,1091,21820000,21820100,9246,15410,21840000,15806
5,1092,21840000,21840100,9246,15410,21860000,15822
5,1093,21860000,21860100,9246,15410,21880000,15835
5,1094,21880000,21880100,9246,15410,21900000,15849
5,1095,21900000,21900100,9246,15410,21920000,15864
5,1096,21920000,21920100,9246,15410,21940000,15878
5,1097,21940000,21940100,9246,15410,21960000,15894
5,1098,21960000,21960100,9246,15410,21980000,15908
5,1099,21980000,21980100,9246,15410,22000000,15920
5,11,220000,220100,9246,15410,240000,165
5,110,2200000,2200100,9246,15410,2220000,1599
5,1100,22000000,22000100,9246,15410,22020000,15937
5,1101,22020000,22020100,9246,15410,22040000,15950
5,1102,22040000,22040100,9246,15410,22060000,15967
5,1103,22060000,22060100,9246,15410,22080000,15981
5,1104,22080000,22080100,9246,15410,22100000,15993
5,1105,22100000,22100100,9246,15410,22120000,16008
5,1106,22120000,22120100,9246,15410,22140000,16024
5,1107,22140000,22140100,9246,15410,22160000,16038
5,1108,22160000,22160100,9246,15410,22180000,16053
5,1109,22180000,22180100,9246,15410,22200000,16066
5,111,2220000,2220100,9246,15410,2240000,1612
5,1110,22200000,22200100,9246,15410,22220000,16081
5,1111,22220000,22220100,9246,15410,22240000,16095
5,1112,22240000,22240100,9246,15410,22260000,16111
5,1113,22260000,22260100,9246,15410,22280000,16126
5,1114,22280000,22280100,9246,15410,22300000,16138
5,1115,22300000,22300100,9246,15410,22320000,16153
5,1116,22320000,22320100,9246,15410,22340000,16169
5,1117,22340000,22340100,9246,15410,22360000,16183
5,1118,22360000,22360100,9246,15410,22380000,16198
5,1119,22380000,22380100,9246,15410,22400000,16210
5,112,2240000,2240100,9246,15410,2260000,1629
5,1120,22400000,22400100,9246,15410,22420000,16226
5,1121,22420000,22420100,9246,15410,22440000,16240
5,1122,22440000,22440100,9246,15410,22460000,16256
5,1123,22460000,22460100,9246,15410,22480000,16270
5,1124,22480000,22480100,9246,15410,22500000,16284
5,1125,22500000,22500100,9246,15410,22520000,16298
5,1126,22520000,22520100,9246,15410,22540000,16312
5,1127,22540000,22540100,9246,15410,22560000,16329
5,1128,22560000,22560100,9246,15410,22580000,16343
5,1129,22580000,22580100,9246,15410,22600000,16354
5,113,2260000,2260100,9246,15410,2280000,1643
5,1130,22600000,22600100,9246,15410,22620000,16372
5,1131,22620000,22620100,9246,15410,22640000,16385
5,1132,22640000,22640100,9246,15410,22660000,16400
5,1133,22660000,22660100,9246,15410,22680000,16415
5,1134,22680000,22680100,9246,15410,22700000,16428
5,1135,22700000,22700100,9246,15410,22720000,16443
5,1136,22720000,22720100,9246,15410,22740000,16458
5,1137,22740000,22740100,9246,15410,22760000,16473
5,1138,22760000,22760100,9246,15410,22780000,16488
5,1139,22780000,22780100,9246,15410,22800000,16500
5,114,2280000,2280100,9246,15410,2300000,1655
5,1140,22800000,22800100,9246,15410,22820000,16515
5,1141,22820000,22820100,9246,15410,22840000,16530
5,1142,22840000,22840100,9246,15410,22860000,16546
5,1143,22860000,22860100,9246,15410,22880000,16559
5,1144,22880000,22880100,9246,15410,22900000,16573
5,1145,22900000,22900100,9246,15410,22920000,16588
5,1146,22920000,22920100,9246,15410,22940000,16603
5,1147,22940000,22940100,9246,15410,22960000,16617
5,1148,22960000,22960100,9246,15410,22980000,16633
5,1149,22980000,22980100,9246,15410,23000000,16645
5,115,2300000,2300100,9246,15410,2320000,1671
5,1150,23000000,23000100,9246,15410,23020000,16660
5,1151,23020000,23020100,9246,15410,23040000,16675
5,1152,23040000,23040100,9246,15410,23060000,16691
5,1153,23060000,23060100,9246,15410,23080000,16704
5,1154,23080000,23080100,9246,15410,23100000,16717
5,1155,23100000,23100100,9246,15410,23120000,16733
5,1156,23120000,23120100,9246,15410,23140000,16747
5,1157,23140000,23140100,9246,15410,23160000,16763
5,1158,23160000,23160100,9246,15410,23180000,16778
5,1159,23180000,23180100,9246,15410,23200000,16789
5,116,2320000,2320100,9246,15410,2340000,1686
5,1160,23200000,23200100,9246,15410,23220000,16806
5,1161,23220000,23220100,9246,15410,23240000,16819
5,1162,23240000,23240100,9246,15410,23260000,16835
5,1163,23260000,23260100,9246,15410,23280000,16850
5,1164,23280000,23280100,9246,15410,23300000,16862
5,1165,23300000,23300100,9246,15410,23320000,16877
5,1166,23320000,23320100,9246,15410,23340000,16893
5,1167,23340000,23340100,9246,15410,23360000,16907
5,1168,23360000,23360100,9246,15410,23380000,16922
5,1169,23380000,23380100,9246,15410,23400000,16935
5,117,2340000,2340100,9246,15410,2360000,1700
5,1170,23400000,23400100,9246,15410,23420000,16950
5,1171,23420000,23420100,9246,15410,23440000,16964
5,1172,23440000,23440100,9246,15410,23460000,16981
5,1173,23460000,23460100,9246,15410,23480000,16994
5,1174,23480000,23480100,9246,15410,23500000,17007
5,1175,23500000,23500100,9246,15410,23520000,17022
5,1176,23520000,23520100,9246,15410,23540000,17037
5,1177,23540000,23540100,9246,15410,23560000,17052
5,1178,23560000,23560100,9246,15410,23580000,17067
5,1179,23580000,23580100,9246,15410,23600000,17080
5,118,2360000,2360100,9246,15410,2380000,1715
5,1180,23600000,23600100,9246,15410,23620000,17095
5,1181,23620000,23620100,9246,15410,23640000,17109
5,1182,23640000,23640100,9246,15410,23660000,17125
5,1183,23660000,23660100,9246,15410,23680000,17139
5,1184,23680000,23680100,9246,15410,23700000,17152
5,1185,23700000,23700100,9246,15410,23720000,17167
5,1186,23720000,23720100,9246,15410,23740000,17182
5,1187,23740000,23740100,9246,15410,23760000,17197
5,1188,23760000,23760100,9246,15410,23780000,17212
5,1189,23780000,23780100,9246,15410,23800000,17223
5,119,2380000,2380100,9246,15410,2400000,1728
5,1190,23800000,23800100,9246,15410,23820000,17241
5,1191,23820000,23820100,9246,15410,23840000,17254
5,1192,23840000,23840100,9246,15410,23860000,17269
5,1193,23860000,23860100,9246,15410,23880000,17285
5,1194,23880000,23880100,9246,15410,23900000,17297
5,1195,23900000,23900100,9246,15410,23920000,17311
5,1196,23920000,23920100,9246,15410,23940000,17327
5,1197,23940000,23940100,9246,15410,23960000,17342
5,1198,23960000,23960100,9246,15410,23980000,17356
5,1199,23980000,23980100,9246,15410,24000000,17369
5,12,240000,240100,9246,15410,260000,180
5,120,2400000,2400100,9246,15410,2420000,1743
5,1200,24000000,24000100,9246,15410,24020000,17385
5,1201,24020000,24020100,9246,15410,24040000,17399
5,1202,24040000,24040100,9246,15410,24060000,17415
5,1203,24060000,24060100,9246,15410,24080000,17428
5,1204,24080000,24080100,9246,15410,24100000,17442
5,1205,24100000,24100100,9246,15410,24120000,17457
5,1206,24120000,24120100,9246,15410,24140000,17471
5,1207,24140000,24140100,9246,15410,24160000,17487
5,1208,24160000,24160100,9246,15410,24180000,17502
5,1209,24180000,24180100,9246,15410,24200000,17513
5,121,2420000,2420100,9246,15410,2440000,1757
5,1210,24200000,24200100,9246,15410,24220000,17529
5,1211,24220000,24220100,9246,15410,24240000,17544
5,1212,24240000,24240100,9246,15410,24260000,17560
5,1213,24260000,24260100,9246,15410,24280000,17573
5,1214,24280000,24280100,9246,15410,24300000,17587
5,1215,24300000,24300100,9246,15410,24320000,17602
5,1216,24320000,24320100,9246,15410,24340000,17616
5,1217,24340000,24340100,9246,15410,24360000,17631
5,1218,24360000,24360100,9246,15410,24380000,17647
5,1219,24380000,24380100,9246,15410,24400000,17658
5,122,2440000,2440100,9246,15410,2460000,1774
5,1220,24400000,24400100,9246,15410,24420000,17674
5,1221,24420000,24420100,9246,15410,24440000,17689
5,1222,24440000,24440100,9246,15410,24460000,17704
5,1223,24460000,24460100,9246,15410,24480000,17719
5,1224,24480000,24480100,9246,15410,24500000,17731
5,1225,24500000,24500100,9246,15410,24520000,17746
5,1226,24520000,24520100,9246,15410,24540000,17762
5,1227,24540000,24540100,9246,15410,24560000,17776
5,1228,24560000,24560100,9246,15410,24580000,17791
5,1229,24580000,24580100,9246,15410,24600000,17804
5,123,2460000,2460100,9246,15410,2480000,1788
5,1230,24600000,24600100,9246,15410,24620000,17819
5,1231,24620000,24620100,9246,15410,24640000,17832
5,1232,24640000,24640100,9246,15410,24660000,17850
5,1233,24660000,24660100,9246,15410,24680000,17863
5,1234,24680000,24680100,9246,15410,24700000,17876
5,1235,24700000,24700100,9246,15410,24720000,17892
5,1236,24720000,24720100,9246,15410,24740000,17906
5,1237,24740000,24740100,9246,15410,24760000,17921
5,1238,24760000,24760100,9246,15410,24780000,17936
5,1239,24780000,24780100,9246,15410,24800000,17948
5,124,2480000,2480100,9246,15410,2500000,1800
5,1240,24800000,24800100,9246,15410,24820000,17964
5,1241,24820000,24820100,9246,15410,24840000,17978
5,1242,24840000,24840100,9246,15410,24860000,17994
5,1243,24860000,24860100,9246,15410,24880000,18008
5,1244,24880000,24880100,9246,15410,24900000,18021
5,1245,24900000,24900100,9246,15410,24920000,18036
5,1246,24920000,24920100,9246,15410,24940000,18051
5,1247,24940000,24940100,9246,15410,24960000,18066
5,1248,24960000,24960100,9246,15410,24980000,18081
5,1249,24980000,24980100,9246,15410,25000000,18093
5,125,2500000,2500100,9246,15410,2520000,1815
5,1250,25000000,25000100,9246,15410,25020000,18109
5,1251,25020000,25020100,9246,15410,25040000,18123
5,1252,25040000,25040100,9246,15410,25060000,18138
5,1253,25060000,25060100,9246,15410,25080000,18153
5,1254,25080000,25080100,9246,15410,25100000,18166
5,1255,25100000,25100100,9246,15410,25120000,18180
5,1256,25120000,25120100,9246,15410,25140000,18197
5,1257,25140000,25140100,9246,15410,25160000,18211
5,1258,25160000,25160100,9246,15410,25180000,18225
5,1259,25180000,25180100,9246,15410,25200000,18238
5,126,2520000,2520100,9246,15410,2540000,1831
5,1260,25200000,25200100,9246,15410,25220000,18254
5,1261,25220000,25220100,9246,15410,25240000,18267
5,1262,25240000,25240100,9246,15410,25260000,18284
5,1263,25260000,25260100,9246,15410,25280000,18298
5,1264,25280000,25280100,9246,15410,25300000,18310
5,1265,25300000,25300100,9246,15410,25320000,18326
5,1266,25320000,25320100,9246,15410,25340000,18340
5,1267,25340000,25340100,9246,15410,25360000,18356
5,1268,25360000,25360100,9246,15410,25380000,18371
5,1269,25380000,25380100,9246,15410,25400000,18382
5,127,2540000,2540100,9246,15410,2560000,1845
5,1270,25400000,25400100,9246,15410,25420000,18399
5,1271,25420000,25420100,9246,15410,25440000,18413
5,1272,25440000,25440100,9246,15410,25460000,18428
5,1273,25460000,25460100,9246,15410,25480000,18442
5,1274,25480000,25480100,9246,15410,25500000,18456
5,1275,25500000,25500100,9246,15410,25520000,18470
5,1276,25520000,25520100,9246,15410,25540000,18485
5,1277,25540000,25540100,9246,15410,25560000,18501
5,1278,25560000,25560100,9246,15410,25580000,18516
5,1279,25580000,25580100,9246,15410,25600000,18527
5,128,2560000,2560100,9246,15410,2580000,1860
5,1280,25600000,25600100,9246,15410,25620000,18543
5,1281,25620000,25620100,9246,15410,25640000,18558
5,1282,25640000,25640100,9246,15410,25660000,18573
5,1283,25660000,25660100,9246,15410,25680000,18587
5,1284,25680000,25680100,9246,15410,25700000,18601
5,1285,25700000,25700100,9246,15410,25720000,18615
5,1286,25720000,25720100,9246,15410,25740000,18630
5,1287,25740000,25740100,9246,15410,25760000,18645
5,1288,25760000,25760100,9246,15410,25780000,18660
5,1289,25780000,25780100,9246,15410,25800000,18673
5,129,2580000,2580100,9246,15410,2600000,1873
5,1290,25800000,25800100,9246,15410,25820000,18688
5,1291,25820000,25820100,9246,15410,25840000,18702
5,1292,25840000,25840100,9246,15410,25860000,18719
5,1293,25860000,25860100,9246,15410,25880000,18732
5,1294,25880000,25880100,9246,15410,25900000,18744
5,1295,25900000,25900100,9246,15410,25920000,18761
5,1296,25920000,25920100,9246,15410,25940000,18775
5,1297,25940000,25940100,9246,15410,25960000,18789
5,1298,25960000,25960100,9246,15410,25980000,18806
5,1299,25980000,25980100,9246,15410,26000000,18817
5,13,260000,260100,9246,15410,280000,194
5,130,2600000,2600100,9246,15410,2620000,1888
5,1300,26000000,26000100,9246,15410,26020000,18833
5,1301,26020000,26020100,9246,15410,26040000,18847
5,1302,26040000,26040100,9246,15410,26060000,18863
5,1303,26060000,26060100,9246,15410,26080000,18877
5,1304,26080000,26080100,9246,15410,26100000,18890
5,1305,26100000,26100100,9246,15410,26120000,18905
5,1306,26120000,26120100,9246,15410,26140000,18920
5,1307,26140000,26140100,9246,15410,26160000,18935
5,1308,26160000,26160100,9246,15410,26180000,18949
5,1309,26180000,26180100,9246,15410,26200000,18962
5,131,2620000,2620100,9246,15410,2640000,1902
5,1310,26200000,26200100,9246,15410,26220000,18978
5,1311,26220000,26220100,9246,15410,26240000,18992
5,1312,26240000,26240100,9246,15410,26260000,19008
5,1313,26260000,26260100,9246,15410,26280000,19022
5,1314,26280000,26280100,9246,15410,26300000,19035
5,1315,26300000,26300100,9246,15410,26320000,19049
5,1316,26320000,26320100,9246,15410,26340000,19065
5,1317,26340000,26340100,9246,15410,26360000,19080
5,1318,26360000,26360100,9246,15410,26380000,19094
5,1319,26380000,26380100,9246,15410,26400000,19107
5,132,2640000,2640100,9246,15410,2660000,1918
5,1320,26400000,26400100,9246,15410,26420000,19123
5,1321,26420000,26420100,9246,15410,26440000,19136
5,1322,26440000,26440100,9246,15410,26460000,19153
5,1323,26460000,26460100,9246,15410,26480000,19167
5,1324,26480000,26480100,9246,15410,26500000,19179
5,1325,26500000,26500100,9246,15410,26520000,19195
5,1326,26520000,26520100,9246,15410,26540000,19210
5,1327,26540000,26540100,9246,15410,26560000,19224
5,1328,26560000,26560100,9246,15410,26580000,19240
5,1329,26580000,26580100,9246,15410,26600000,19251
5,133,2660000,2660100,9246,15410,2680000,1932
5,1330,26600000,26600100,9246,15410,26620000,19267
5,1331,26620000,26620100,9246,15410,26640000,19282
5,1332,26640000,26640100,9246,15410,26660000,19297
5,1333,26660000,26660100,9246,15410,26680000,19312
5,1334,26680000,26680100,9246,15410,26700000,19325
5,1335,26700000,26700100,9246,15410,26720000,19339
5,1336,26720000,26720100,9246,15410,26740000,19354
5,1337,26740000,26740100,9246,15410,26760000,19370
5,1338,26760000,26760100,9246,15410,26780000,19384
5,1339,26780000,26780100,9246,15410,26800000,19396
5,134,2680000,2680100,9246,15410,2700000,1946
5,1340,26800000,26800100,9246,15410,26820000,19413
5,1341,26820000,26820100,9246,15410,26840000,19426
5,1342,26840000,26840100,9246,15410,26860000,19442
5,1343,26860000,26860100,9246,15410,26880000,19456
5,1344,26880000,26880100,9246,15410,26900000,19470
5,1345,26900000,26900100,9246,15410,26920000,19484
5,1346,26920000,26920100,9246,15410,26940000,19499
5,1347,26940000,26940100,9246,15410,26960000,19515
5,1348,26960000,26960100,9246,15410,26980000,19529
5,1349,26980000,26980100,9246,15410,27000000,19541
5,135,2700000,2700100,9246,15410,2720000,1960
5,1350,27000000,27000100,9246,15410,27020000,19557
5,1351,27020000,27020100,9246,15410,27040000,19571
5,1352,27040000,27040100,9246,15410,27060000,19587
5,1353,27060000,27060100,9246,15410,27080000,19601
5,1354,27080000,27080100,9246,15410,27100000,19614
5,1355,27100000,27100100,9246,15410,27120000,19630
5,1356,27120000,27120100,9246,15410,27140000,19644
5,1357,27140000,27140100,9246,15410,27160000,19658
5,1358,27160000,27160100,9246,15410,27180000,19675
5,1359,27180000,27180100,9246,15410,27200000,19686
5,136,2720000,2720100,9246,15410,2740000,1975
5,1360,27200000,27200100,9246,15410,27220000,19701
5,1361,27220000,27220100,9246,15410,27240000,19717
5,1362,27240000,27240100,9246,15410,27260000,19732
5,1363,27260000,27260100,9246,15410,27280000,19745
5,1364,27280000,27280100,9246,15410,27300000,19759
5,1365,27300000,27300100,9246,15410,27320000,19774
5,1366,27320000,27320100,9246,15410,27340000,19789
5,1367,27340000,27340100,9246,15410,27360000,19804
5,1368,27360000,27360100,9246,15410,27380000,19819
5,1369,27380000,27380100,9246,15410,27400000,19831
5,137,2740000,2740100,9246,15410,2760000,1991
5,1370,27400000,27400100,9246,15410,27420000,19847
5,1371,27420000,27420100,9246,15410,27440000,19860
5,1372,27440000,27440100,9246,15410,27460000,19877
5,1373,27460000,27460100,9246,15410,27480000,19891
5,1374,27480000,27480100,9246,15410,27500000,19903
5,1375,27500000,27500100,9246,15410,27520000,19919
5,1376,27520000,27520100,9246,15410,27540000,19934
5,1377,27540000,27540100,9246,15410,27560000,19949
5,1378,27560000,27560100,9246,15410,27580000,19963
5,1379,27580000,27580100,9246,15410,27600000,19976
5,138,2760000,2760100,9246,15410,2780000,2005
5,1380,27600000,27600100,9246,15410,27620000,19992
5,1381,27620000,27620100,9246,15410,27640000,20005
5,1382,27640000,27640100,9246,15410,27660000,20022
5,1383,27660000,27660100,9246,15410,27680000,20036
5,1384,27680000,27680100,9246,15410,27700000,20048
5,1385,27700000,27700100,9246,15410,27720000,20063
5,1386,27720000,27720100,9246,15410,27740000,20079
5,1387,27740000,27740100,9246,15410,27760000,20093
5,1388,27760000,27760100,9246,15410,27780000,20109
5,1389,27780000,27780100,9246,15410,27800000,20121
5,139,2780000,2780100,9246,15410,2800000,2016
5,1390,27800000,27800100,9246,15410,27820000,20136
5,1391,27820000,27820100,9246,15410,27840000,20151
5,1392,27840000,27840100,9246,15410,27860000,20166
5,1393,27860000,27860100,9246,15410,27880000,20180
5,1394,27880000,27880100,9246,15410,27900000,20194
5,1395,27900000,27900100,9246,15410,27920000,20208
5,1396,27920000,27920100,9246,15410,27940000,20223
5,1397,27940000,27940100,9246,15410,27960000,20239
5,1398,27960000,27960100,9246,15410,27980000,20253
5,1399,27980000,27980100,9246,15410,28000000,20265
5,14,280000,280100,9246,15410,300000,208
5,140,2800000,2800100,9246,15410,2820000,2034
5,1400,28000000,28000100,9246,15410,28020000,20282
5,1401,28020000,28020100,9246,15410,28040000,20295
5,1402,28040000,28040100,9246,15410,28060000,20311
5,1403,28060000,28060100,9246,15410,28080000,20326
5,1404,28080000,28080100,9246,15410,28100000,20338
5,1405,28100000,28100100,9246,15410,28120000,20353
5,1406,28120000,28120100,9246,15410,28140000,20368
5,1407,28140000,28140100,9246,15410,28160000,20383
5,1408,28160000,28160100,9246,15410,28180000,20398
5,1409,28180000,28180100,9246,15410,28200000,20410
5,141,2820000,2820100,9246,15410,2840000,2047
5,1410,28200000,28200100,9246,15410,28220000,20427
5,1411,28220000,28220100,9246,15410,28240000,20440
5,1412,28240000,28240100,9246,15410,28260000,20456
5,1413,28260000,28260100,9246,15410,28280000,20470
5,1414,28280000,28280100,9246,15410,28300000,20483
5,1415,28300000,28300100,9246,15410,28320000,20498
5,1416,28320000,28320100,9246,15410,28340000,20513
5,1417,28340000,28340100,9246,15410,28360000,20528
5,1418,28360000,28360100,9246,15410,28380000,20543
5,1419,28380000,28380100,9246,15410,28400000,20555
5,142,2840000,2840100,9246,15410,2860000,2062
5,1420,28400000,28400100,9246,15410,28420000,20570
5,1421,28420000,28420100,9246,15410,28440000,20586
5,1422,28440000,28440100,9246,15410,28460000,20601
5,1423,28460000,28460100,9246,15410,28480000,20614
5,1424,28480000,28480100,9246,15410,28500000,20629
5,1425,28500000,28500100,9246,15410,28520000,20643
5,1426,28520000,28520100,9246,15410,28540000,20657
5,1427,28540000,28540100,9246,15410,28560000,20673
5,1428,28560000,28560100,9246,15410,28580000,20688
5,1429,28580000,28580100,9246,15410,28600000,20699
5,143,2860000,2860100,9246,15410,2880000,2078
5,1430,28600000,28600100,9246,15410,28620000,20716
5,1431,28620000,28620100,9246,15410,28640000,20730
5,1432,28640000,28640100,9246,15410,28660000,20746
5,1433,28660000,28660100,9246,15410,28680000,20760
5,1434,28680000,28680100,9246,15410,28700000,20772
5,1435,28700000,28700100,9246,15410,28720000,20788
5,1436,28720000,28720100,9246,15410,28740000,20803
5,1437,28740000,28740100,9246,15410,28760000,20817
5,1438,28760000,28760100,9246,15410,28780000,20833
5,1439,28780000,28780100,9246,15410,28800000,20845
5,144,2880000,2880100,9246,15410,2900000,2090
5,1440,28800000,28800100,9246,15410,28820000,20860
5,1441,28820000,28820100,9246,15410,28840000,20874
5,1442,28840000,28840100,9246,15410,28860000,20891
5,1443,28860000,28860100,9246,15410,28880000,20905
5,1444,28880000,28880100,9246,15410,28900000,20917
5,1445,28900000,28900100,9246,15410,28920000,20933
5,1446,28920000,28920100,9246,15410,28940000,20948
5,1447,28940000,28940100,9246,15410,28960000,20962
5,1448,28960000,28960100,9246,15410,28980000,20977
5,1449,28980000,28980100,9246,15410,29000000,20990
5,145,2900000,2900100,9246,15410,2920000,2105
5,1450,29000000,29000100,9246,15410,29020000,21005
5,1451,29020000,29020100,9246,15410,29040000,21019
5,1452,29040000,29040100,9246,15410,29060000,21036
5,1453,29060000,29060100,9246,15410,29080000,21049
5,1454,29080000,29080100,9246,15410,29100000,21063
5,1455,29100000,29100100,9246,15410,29120000,21077
5,1456,29120000,29120100,9246,15410,29140000,21092
5,1457,29140000,29140100,9246,15410,29160000,21108
5,1458,29160000,29160100,9246,15410,29180000,21122
5,1459,29180000,29180100,9246,15410,29200000,21134
5,146,2920000,2920100,9246,15410,2940000,2120
5,1460,29200000,29200100,9246,15410,29220000,21151
5,1461,29220000,29220100,9246,15410,29240000,21164
5,1462,29240000,29240100,9246,15410,29260000,21179
5,1463,29260000,29260100,9246,15410,29280000,21195
5,1464,29280000,29280100,9246,15410,29300000,21207
5,1465,29300000,29300100,9246,15410,29320000,21222
5,1466,29320000,29320100,9246,15410,29340000,21238
5,1467,29340000,29340100,9246,15410,29360000,21252
5,1468,29360000,29360100,9246,15410,29380000,21267
5,1469,29380000,29380100,9246,15410,29400000,21279
5,147,2940000,2940100,9246,15410,2960000,2135
5,1470,29400000,29400100,9246,15410,29420000,21295
5,1471,29420000,29420100,9246,15410,29440000,21309
5,1472,29440000,29440100,9246,15410,29460000,21325
5,1473,29460000,29460100,9246,15410,29480000,21339
5,1474,29480000,29480100,9246,15410,29500000,21352
5,1475,29500000,29500100,9246,15410,29520000,21367
5,1476,29520000,29520100,9246,15410,29540000,21382
5,1477,29540000,29540100,9246,15410,29560000,21397
5,1478,29560000,29560100,9246,15410,29580000,21412
5,1479,29580000,29580100,9246,15410,29600000,21424
5,148,2960000,2960100,9246,15410,2980000,2150
5,1480,29600000,29600100,9246,15410,29620000,21440
5,1481,29620000,29620100,9246,15410,29640000,21454
5,1482,29640000,29640100,9246,15410,29660000,21470
5,1483,29660000,29660100,9246,15410,29680000,21483
5,1484,29680000,29680100,9246,15410,29700000,21497
5,1485,29700000,29700100,9246,15410,29720000,21512
5,1486,29720000,29720100,9246,15410,29740000,21526
5,1487,29740000,29740100,9246,15410,29760000,21543
5,1488,29760000,29760100,9246,15410,29780000,21557
5,1489,29780000,29780100,9246,15410,29800000,21568
5,149,2980000,2980100,9246,15410,3000000,2162
5,1490,29800000,29800100,9246,15410,29820000,21585
5,1491,29820000,29820100,9246,15410,29840000,21599
5,1492,29840000,29840100,9246,15410,29860000,21614
5,1493,29860000,29860100,9246,15410,29880000,21629
5,1494,29880000,29880100,9246,15410,29900000,21642
5,1495,29900000,29900100,9246,15410,29920000,21656
5,1496,29920000,29920100,9246,15410,29940000,21672
5,1497,29940000,29940100,9246,15410,29960000,21686
5,1498,29960000,29960100,9246,15410,29980000,21702
5,1499,29980000,29980100,9246,15410,30000000,21714
5,15,300000,300100,9246,15410,320000,222
5,150,3000000,3000100,9246,15410,3020000,2178
5,1500,30000000,30000100,9246,15410,30020000,21729
5,1501,30020000,30020100,9246,15410,30040000,21744
5,1502,30040000,30040100,9246,15410,30060000,21760
5,1503,30060000,30060100,9246,15410,30080000,21773
5,1504,30080000,30080100,9246,15410,30100000,21786
5,1505,30100000,30100100,9246,15410,30120000,21802
5,1506,30120000,30120100,9246,15410,30140000,21816
5,1507,30140000,30140100,9246,15410,30160000,21831
5,1508,30160000,30160100,9246,15410,30180000,21847
5,1509,30180000,30180100,9246,15410,30200000,21859
5,151,3020000,3020100,9246,15410,3040000,2192
5,1510,30200000,30200100,9246,15410,30220000,21874
5,1511,30220000,30220100,9246,15410,30240000,21888
5,1512,30240000,30240100,9246,15410,30260000,21905
5,1513,30260000,30260100,9246,15410,30280000,21918
5,1514,30280000,30280100,9246,15410,30300000,21931
5,1515,30300000,30300100,9246,15410,30320000,21947
5,1516,30320000,30320100,9246,15410,30340000,21961
5,1517,30340000,30340100,9246,15410,30360000,21976
5,1518,30360000,30360100,9246,15410,30380000,21991
5,1519,30380000,30380100,9246,15410,30400000,22003
5,152,3040000,3040100,9246,15410,3060000,2208
5,1520,30400000,30400100,9246,15410,30420000,22020
5,1521,30420000,30420100,9246,15410,30440000,22033
5,1522,30440000,30440100,9246,15410,30460000,22049
5,1523,30460000,30460100,9246,15410,30480000,22064
5,1524,30480000,30480100,9246,15410,30500000,22076
5,1525,30500000,30500100,9246,15410,30520000,22090
5,1526,30520000,30520100,9246,15410,30540000,22107
5,1527,30540000,30540100,9246,15410,30560000,22121
5,1528,30560000,30560100,9246,15410,30580000,22135
5,1529,30580000,30580100,9246,15410,30600000,22149
5,153,3060000,3060100,9246,15410,3080000,2221
5,1530,30600000,30600100,9246,15410,30620000,22164
5,1531,30620000,30620100,9246,15410,30640000,22178
5,1532,30640000,30640100,9246,15410,30660000,22194
5,1533,30660000,30660100,9246,15410,30680000,22208
5,1534,30680000,30680100,9246,15410,30700000,22221
5,1535,30700000,30700100,9246,15410,30720000,22236
5,1536,30720000,30720100,9246,15410,30740000,22251
5,1537,30740000,30740100,9246,15410,30760000,22266
5,1538,30760000,30760100,9246,15410,30780000,22281
5,1539,30780000,30780100,9246,15410,30800000,22292
5,154,3080000,3080100,9246,15410,3100000,2235
5,1540,30800000,30800100,9246,15410,30820000,22309
5,1541,30820000,30820100,9246,15410,30840000,22323
5,1542,30840000,30840100,9246,15410,30860000,22339
5,1543,30860000,30860100,9246,15410,30880000,22353
5,1544,30880000,30880100,9246,15410,30900000,22366
5,1545,30900000,30900100,9246,15410,30920000,22381
5,1546,30920000,30920100,9246,15410,30940000,22395
5,1547,30940000,30940100,9246,15410,30960000,22411
5,1548,30960000,30960100,9246,15410,30980000,22426
5,1549,30980000,30980100,9246,15410,31000000,22437
5,155,3100000,3100100,9246,15410,3120000,2250
5,1550,31000000,31000100,9246,15410,31020000,22454
5,1551,31020000,31020100,9246,15410,31040000,22468
5,1552,31040000,31040100,9246,15410,31060000,22483
5,1553,31060000,31060100,9246,15410,31080000,22498
5,1554,31080000,31080100,9246,15410,31100000,22511
5,1555,31100000,31100100,9246,15410,31120000,22525
5,1556,31120000,31120100,9246,15410,31140000,22541
5,1557,31140000,31140100,9246,15410,31160000,22556
5,1558,31160000,31160100,9246,15410,31180000,22570
5,1559,31180000,31180100,9246,15410,31200000,22583
5,156,3120000,3120100,9246,15410,3140000,2265
5,1560,31200000,31200100,9246,15410,31220000,22598
5,1561,31220000,31220100,9246,15410,31240000,22612
5,1562,31240000,31240100,9246,15410,31260000,22629
5,1563,31260000,31260100,9246,15410,31280000,22642
5,1564,31280000,31280100,9246,15410,31300000,22656
5,1565,31300000,31300100,9246,15410,31320000,22671
5,1566,31320000,31320100,9246,15410,31340000,22685
5,1567,31340000,31340100,9246,15410,31360000,22700
5,1568,31360000,31360100,9246,15410,31380000,22716
5,1569,31380000,31380100,9246,15410,31400000,22727
5,157,3140000,3140100,9246,15410,3160000,2280
5,1570,31400000,31400100,9246,15410,31420000,22743
5,1571,31420000,31420100,9246,15410,31440000,22758
5,1572,31440000,31440100,9246,15410,31460000,22773
5,1573,31460000,31460100,9246,15410,31480000,22787
5,1574,31480000,31480100,9246,15410,31500000,22800
5,1575,31500000,31500100,9246,15410,31520000,22816
5,1576,31520000,31520100,9246,15410,31540000,22830
5,1577,31540000,31540100,9246,15410,31560000,22845
5,1578,31560000,31560100,9246,15410,31580000,22861
5,1579,31580000,31580100,9246,15410,31600000,22872
5,158,3160000,3160100,9246,15410,3180000,2295
5,1580,31600000,31600100,9246,15410,31620000,22888
5,1581,31620000,31620100,9246,15410,31640000,22902
5,1582,31640000,31640100,9246,15410,31660000,22918
5,1583,31660000,31660100,9246,15410,31680000,22932
5,1584,31680000,31680100,9246,15410,31700000,22945
5,1585,31700000,31700100,9246,15410,31720000,22960
5,1586,31720000,31720100,9246,15410,31740000,22976
5,1587,31740000,31740100,9246,15410,31760000,22990
5,1588,31760000,31760100,9246,15410,31780000,23004
5,1589,31780000,31780100,9246,15410,31800000,23018
5,159,3180000,3180100,9246,15410,3200000,2307
5,1590,31800000,31800100,9246,15410,31820000,23033
5,1591,31820000,31820100,9246,15410,31840000,23046
5,1592,31840000,31840100,9246,15410,31860000,23064
5,1593,31860000,31860100,9246,15410,31880000,23077
5,1594,31880000,31880100,9246,15410,31900000,23089
5,1595,31900000,31900100,9246,15410,31920000,23105
5,1596,31920000,31920100,9246,15410,31940000,23120
5,1597,31940000,31940100,9246,15410,31960000,23135
5,1598,31960000,31960100,9246,15410,31980000,23150
5,1599,31980000,31980100,9246,15410,32000000,23162
5,16,320000,320100,9246,15410,340000,237
5,160,3200000,3200100,9246,15410,3220000,2322
5,1600,32000000,32000100,9246,15410,32020000,23178
5,1601,32020000,32020100,9246,15410,32040000,23192
5,1602,32040000,32040100,9246,15410,32060000,23207
5,1603,32060000,32060100,9246,15410,32080000,23222
5,1604,32080000,32080100,9246,15410,32100000,23235
5,1605,32100000,32100100,9246,15410,32120000,23249
5,1606,32120000,32120100,9246,15410,32140000,23265
5,1607,32140000,32140100,9246,15410,32160000,23280
5,1608,32160000,32160100,9246,15410,32180000,23295
5,1609,32180000,32180100,9246,15410,32200000,23306
5,161,3220000,3220100,9246,15410,3240000,2337
5,1610,32200000,32200100,9246,15410,32220000,23323
5,1611,32220000,32220100,9246,15410,32240000,23337
5,1612,32240000,32240100,9246,15410,32260000,23352
5,1613,32260000,32260100,9246,15410,32280000,23367
5,1614,32280000,32280100,9246,15410,32300000,23380
5,1615,32300000,32300100,9246,15410,32320000,23394
5,1616,32320000,32320100,9246,15410,32340000,23409
5,1617,32340000,32340100,9246,15410,32360000,23425
5,1618,32360000,32360100,9246,15410,32380000,23439
5,1619,32380000,32380100,9246,15410,32400000,23452
5,162,3240000,3240100,9246,15410,3260000,2353
5,1620,32400000,32400100,9246,15410,32420000,23468
5,1621,32420000,32420100,9246,15410,32440000,23481
5,1622,32440000,32440100,9246,15410,32460000,23498
5,1623,32460000,32460100,9246,15410,32480000,23511
5,1624,32480000,32480100,9246,15410,32500000,23524
5,1625,32500000,32500100,9246,15410,32520000,23540
5,1626,32520000,32520100,9246,15410,32540000,23554
5,1627,32540000,32540100,9246,15410,32560000,23569
5,1628,32560000,32560100,9246,15410,32580000,23585
5,1629,32580000,32580100,9246,15410,32600000,23596
5,163,3260000,3260100,9246,15410,3280000,2366
5,1630,32600000,32600100,9246,15410,32620000,23612
5,1631,32620000,32620100,9246,15410,32640000,23627
5,1632,32640000,32640100,9246,15410,32660000,23642
5,1633,32660000,32660100,9246,15410,32680000,23656
5,1634,32680000,32680100,9246,15410,32700000,23670
5,1635,32700000,32700100,9246,15410,32720000,23684
5,1636,32720000,32720100,9246,15410,32740000,23699
5,1637,32740000,32740100,9246,15410,32760000,23714
5,1638,32760000,32760100,9246,15410,32780000,23729
5,1639,32780000,32780100,9246,15410,32800000,23741
5,164,3280000,3280100,9246,15410,3300000,2380
5,1640,32800000,32800100,9246,15410,32820000,23757
5,1641,32820000,32820100,9246,15410,32840000,23772
5,1642,32840000,32840100,9246,15410,32860000,23787
5,1643,32860000,32860100,9246,15410,32880000,23801
5,1644,32880000,32880100,9246,15410,32900000,23814
5,1645,32900000,32900100,9246,15410,32920000,23829
5,1646,32920000,32920100,9246,15410,32940000,23844
5,1647,32940000,32940100,9246,15410,32960000,23859
5,1648,32960000,32960100,9246,15410,32980000,23874
5,1649,32980000,32980100,9246,15410,33000000,23886
5,165,3300000,3300100,9246,15410,3320000,2395
5,1650,33000000,33000100,9246,15410,33020000,23902
5,1651,33020000,33020100,9246,15410,33040000,23915
5,1652,33040000,33040100,9246,15410,33060000,23933
5,1653,33060000,33060100,9246,15410,33080000,23946
5,1654,33080000,33080100,9246,15410,33100000,23958
5,1655,33100000,33100100,9246,15410,33120000,23975
5,1656,33120000,33120100,9246,15410,33140000,23989
5,1657,33140000,33140100,9246,15410,33160000,24003
5,1658,33160000,33160100,9246,15410,33180000,24019
5,1659,33180000,33180100,9246,15410,33200000,24031
5,166,3320000,3320100,9246,15410,3340000,2409
5,1660,33200000,33200100,9246,15410,33220000,24046
5,1661,33220000,33220100,9246,15410,33240000,24061
5,1662,33240000,33240100,9246,15410,33260000,24077
5,1663,33260000,33260100,9246,15410,33280000,24091
5,1664,33280000,33280100,9246,15410,33300000,24104
5,1665,33300000,33300100,9246,15410,33320000,24118
5,1666,33320000,33320100,9246,15410,33340000,24134
5,1667,33340000,33340100,9246,15410,33360000,24149
5,1668,33360000,33360100,9246,15410,33380000,24163
5,1669,33380000,33380100,9246,15410,33400000,24176
5,167,3340000,3340100,9246,15410,3360000,2425
5,1670,33400000,33400100,9246,15410,33420000,24192
5,1671,33420000,33420100,9246,15410,33440000,24205
5,1672,33440000,33440100,9246,15410,33460000,24221
5,1673,33460000,33460100,9246,15410,33480000,24236
5,1674,33480000,33480100,9246,15410,33500000,24249
5,1675,33500000,33500100,9246,15410,33520000,24263
5,1676,33520000,33520100,9246,15410,33540000,24279
5,1677,33540000,33540100,9246,15410,33560000,24294
5,1678,33560000,33560100,9246,15410,33580000,24308
5,1679,33580000,33580100,9246,15410,33600000,24320
5,168,3360000,3360100,9246,15410,3380000,2440
5,1680,33600000,33600100,9246,15410,33620000,24337
5,1681,33620000,33620100,9246,15410,33640000,24350
5,1682,33640000,33640100,9246,15410,33660000,24366
5,1683,33660000,33660100,9246,15410,33680000,24381
5,1684,33680000,33680100,9246,15410,33700000,24393
5,1685,33700000,33700100,9246,15410,33720000,24409
5,1686,33720000,33720100,9246,15410,33740000,24423
5,1687,33740000,33740100,9246,15410,33760000,24438
5,1688,33760000,33760100,9246,15410,33780000,24454
5,1689,33780000,33780100,9246,15410,33800000,24465
5,169,3380000,3380100,9246,15410,3400000,2451
5,1690,33800000,33800100,9246,15410,33820000,24481
5,1691,33820000,33820100,9246,15410,33840000,24496
5,1692,33840000,33840100,9246,15410,33860000,24511
5,1693,33860000,33860100,9246,15410,33880000,24524
5,1694,33880000,33880100,9246,15410,33900000,24539
5,1695,33900000,33900100,9246,15410,33920000,24553
5,1696,33920000,33920100,9246,15410,33940000,24568
5,1697,33940000,33940100,9246,15410,33960000,24584
5,1698,33960000,33960100,9246,15410,33980000,24598
5,1699,33980000,33980100,9246,15410,34000000,24610
5,17,340000,340100,9246,15410,360000,253
5,170,3400000,3400100,9246,15410,3420000,2468
5,1700,34000000,34000100,9246,15410,34020000,24626
5,1701,34020000,34020100,9246,15410,34040000,24640
5,1702,34040000,34040100,9246,15410,34060000,24656
5,1703,34060000,34060100,9246,15410,34080000,24670
5,1704,34080000,34080100,9246,15410,34100000,24683
5,1705,34100000,34100100,9246,15410,34120000,24698
5,1706,34120000,34120100,9246,15410,34140000,24713
5,1707,34140000,34140100,9246,15410,34160000,24728
5,1708,34160000,34160100,9246,15410,34180000,24743
5,1709,34180000,34180100,9246,15410,34200000,24755
5,171,3420000,3420100,9246,15410,3440000,2482
5,1710,34200000,34200100,9246,15410,34220000,24771
5,1711,34220000,34220100,9246,15410,34240000,24785
5,1712,34240000,34240100,9246,15410,34260000,24801
5,1713,34260000,34260100,9246,15410,34280000,24815
5,1714,34280000,34280100,9246,15410,34300000,24827
5,1715,34300000,34300100,9246,15410,34320000,24843
5,1716,34320000,34320100,9246,15410,34340000,24858
5,1717,34340000,34340100,9246,15410,34360000,24872
5,1718,34360000,34360100,9246,15410,34380000,24889
5,1719,34380000,34380100,9246,15410,34400000,24900
5,172,3440000,3440100,9246,15410,3460000,2497
5,1720,34400000,34400100,9246,15410,34420000,24915
5,1721,34420000,34420100,9246,15410,34440000,24930
5,1722,34440000,34440100,9246,15410,34460000,24946
5,1723,34460000,34460100,9246,15410,34480000,24959
5,1724,34480000,34480100,9246,15410,34500000,24973
5,1725,34500000,34500100,9246,15410,34520000,24988
5,1726,34520000,34520100,9246,15410,34540000,25002
5,1727,34540000,34540100,9246,15410,34560000,25018
5,1728,34560000,34560100,9246,15410,34580000,25032
5,1729,34580000,34580100,9246,15410,34600000,25045
5,173,3460000,3460100,9246,15410,3480000,2512
5,1730,34600000,34600100,9246,15410,34620000,25061
5,1731,34620000,34620100,9246,15410,34640000,25074
5,1732,34640000,34640100,9246,15410,34660000,25091
5,1733,34660000,34660100,9246,15410,34680000,25105
5,1734,34680000,34680100,9246,15410,34700000,25117
5,1735,34700000,34700100,9246,15410,34720000,25132
5,1736,34720000,34720100,9246,15410,34740000,25148
5,1737,34740000,34740100,9246,15410,34760000,25162
5,1738,34760000,34760100,9246,15410,34780000,25177
5,1739,34780000,34780100,9246,15410,34800000,25190
5,174,3480000,3480100,9246,15410,3500000,2524
5,1740,34800000,34800100,9246,15410,34820000,25206
5,1741,34820000,34820100,9246,15410,34840000,25219
5,1742,34840000,34840100,9246,15410,34860000,25235
5,1743,34860000,34860100,9246,15410,34880000,25250
5,1744,34880000,34880100,9246,15410,34900000,25262
5,1745,34900000,34900100,9246,15410,34920000,25277
5,1746,34920000,34920100,9246,15410,34940000,25293
5,1747,34940000,34940100,9246,15410,34960000,25307
5,1748,34960000,34960100,9246,15410,34980000,25322
5,1749,34980000,34980100,9246,15410,35000000,25334
5,175,3500000,3500100,9246,15410,3520000,2539
5,1750,35000000,35000100,9246,15410,35020000,25350
5,1751,35020000,35020100,9246,15410,35040000,25365
5,1752,35040000,35040100,9246,15410,35060000,25380
5,1753,35060000,35060100,9246,15410,35080000,25394
5,1754,35080000,35080100,9246,15410,35100000,25408
5,1755,35100000,35100100,9246,15410,35120000,25422
5,1756,35120000,35120100,9246,15410,35140000,25436
5,1757,35140000,35140100,9246,15410,35160000,25453
5,1758,35160000,35160100,9246,15410,35180000,25467
5,1759,35180000,35180100,9246,15410,35200000,25478
5,176,3520000,3520100,9246,15410,3540000,2555
5,1760,35200000,35200100,9246,15410,35220000,25496
5,1761,35220000,35220100,9246,15410,35240000,25509
5,1762,35240000,35240100,9246,15410,35260000,25525
5,1763,35260000,35260100,9246,15410,35280000,25539
5,1764,35280000,35280100,9246,15410,35300000,25552
5,1765,35300000,35300100,9246,15410,35320000,25567
5,1766,35320000,35320100,9246,15410,35340000,25582
5,1767,35340000,35340100,9246,15410,35360000,25597
5,1768,35360000,35360100,9246,15410,35380000,25612
5,1769,35380000,35380100,9246,15410,35400000,25624
5,177,3540000,3540100,9246,15410,3560000,2569
5,1770,35400000,35400100,9246,15410,35420000,25639
5,1771,35420000,35420100,9246,15410,35440000,25654
5,1772,35440000,35440100,9246,15410,35460000,25670
5,1773,35460000,35460100,9246,15410,35480000,25684
5,1774,35480000,35480100,9246,15410,35500000,25697
5,1775,35500000,35500100,9246,15410,35520000,25712
5,1776,35520000,35520100,9246,15410,35540000,25727
5,1777,35540000,35540100,9246,15410,35560000,25741
5,1778,35560000,35560100,9246,15410,35580000,25757
5,1779,35580000,35580100,9246,15410,35600000,25769
5,178,3560000,3560100,9246,15410,3580000,2585
5,1780,35600000,35600100,9246,15410,35620000,25784
5,1781,35620000,35620100,9246,15410,35640000,25799
5,1782,35640000,35640100,9246,15410,35660000,25815
5,1783,35660000,35660100,9246,15410,35680000,25828
5,1784,35680000,35680100,9246,15410,35700000,25842
5,1785,35700000,35700100,9246,15410,35720000,25857
5,1786,35720000,35720100,9246,15410,35740000,25871
5,1787,35740000,35740100,9246,15410,35760000,25887
5,1788,35760000,35760100,9246,15410,35780000,25902
5,1789,35780000,35780100,9246,15410,35800000,25913
5,179,3580000,3580100,9246,15410,3600000,2597
5,1790,35800000,35800100,9246,15410,35820000,25930
5,1791,35820000,35820100,9246,15410,35840000,25943
5,1792,35840000,35840100,9246,15410,35860000,25959
5,1793,35860000,35860100,9246,15410,35880000,25974
5,1794,35880000,35880100,9246,15410,35900000,25986
5,1795,35900000,35900100,9246,15410,35920000,26002
5,1796,35920000,35920100,9246,15410,35940000,26017
5,1797,35940000,35940100,9246,15410,35960000,26031
5,1798,35960000,35960100,9246,15410,35980000,26046
5,1799,35980000,35980100,9246,15410,36000000,26059
5,18,360000,360100,9246,15410,380000,267
5,180,3600000,3600100,9246,15410,3620000,2612
5,1800,36000000,36000100,9246,15410,36020000,26074
5,1801,36020000,36020100,9246,15410,36040000,26088
5,1802,36040000,36040100,9246,15410,36060000,26105
5,1803,36060000,36060100,9246,15410,36080000,26118
5,1804,36080000,36080100,9246,15410,36100000,26131
5,1805,36100000,36100100,9246,15410,36120000,26146
5,1806,36120000,36120100,9246,15410,36140000,26162
5,1807,36140000,36140100,9246,15410,36160000,26176
5,1808,36160000,36160100,9246,15410,36180000,26191
5,1809,36180000,36180100,9246,15410,36200000,26204
5,181,3620000,3620100,9246,15410,3640000,2626
5,1810,36200000,36200100,9246,15410,36220000,26219
5,1811,36220000,36220100,9246,15410,36240000,26233
5,1812,36240000,36240100,9246,15410,36260000,26249
5,1813,36260000,36260100,9246,15410,36280000,26263
5,1814,36280000,36280100,9246,15410,36300000,26276
5,1815,36300000,36300100,9246,15410,36320000,26291
5,1816,36320000,36320100,9246,15410,36340000,26306
5,1817,36340000,36340100,9246,15410,36360000,26322
5,1818,36360000,36360100,9246,15410,36380000,26336
5,1819,36380000,36380100,9246,15410,36400000,26347
5,182,3640000,3640100,9246,15410,3660000,2643
5,1820,36400000,36400100,9246,15410,36420000,26365
5,1821,36420000,36420100,9246,15410,36440000,26378
5,1822,36440000,36440100,9246,15410,36460000,26393
5,1823,36460000,36460100,9246,15410,36480000,26409
5,1824,36480000,36480100,9246,15410,36500000,26421
5,1825,36500000,36500100,9246,15410,36520000,26435
5,1826,36520000,36520100,9246,15410,36540000,26451
5,1827,36540000,36540100,9246,15410,36560000,26466
5,1828,36560000,36560100,9246,15410,36580000,26481
5,1829,36580000,36580100,9246,15410,36600000,26493
5,183,3660000,3660100,9246,15410,3680000,2656
5,1830,36600000,36600100,9246,15410,36620000,26509
5,1831,36620000,36620100,9246,15410,36640000,26523
5,1832,36640000,36640100,9246,15410,36660000,26539
5,1833,36660000,36660100,9246,15410,36680000,26552
5,1834,36680000,36680100,9246,15410,36700000,26566
5,1835,36700000,36700100,9246,15410,36720000,26581
5,1836,36720000,36720100,9246,15410,36740000,26595
5,1837,36740000,36740100,9246,15410,36760000,26611
5,1838,36760000,36760100,9246,15410,36780000,26626
5,1839,36780000,36780100,9246,15410,36800000,26638
5,184,3680000,3680100,9246,15410,3700000,2669
5,1840,36800000,36800100,9246,15410,36820000,26653
5,1841,36820000,36820100,9246,15410,36840000,26668
5,1842,36840000,36840100,9246,15410,36860000,26684
5,1843,36860000,36860100,9246,15410,36880000,26697
5,1844,36880000,36880100,9246,15410,36900000,26711
5,1845,36900000,36900100,9246,15410,36920000,26726
5,1846,36920000,36920100,9246,15410,36940000,26740
5,1847,36940000,36940100,9246,15410,36960000,26755
5,1848,36960000,36960100,9246,15410,36980000,26771
5,1849,36980000,36980100,9246,15410,37000000,26782
5,185,3700000,3700100,9246,15410,3720000,2685
5,1850,37000000,37000100,9246,15410,37020000,26799
5,1851,37020000,37020100,9246,15410,37040000,26813
5,1852,37040000,37040100,9246,15410,37060000,26828
5,1853,37060000,37060100,9246,15410,37080000,26843
5,1854,37080000,37080100,9246,15410,37100000,26855
5,1855,37100000,37100100,9246,15410,37120000,26870
5,1856,37120000,37120100,9246,15410,37140000,26886
5,1857,37140000,37140100,9246,15410,37160000,26900
5,1858,37160000,37160100,9246,15410,37180000,26915
5,1859,37180000,37180100,9246,15410,37200000,26928
5,186,3720000,3720100,9246,15410,3740000,2699
5,1860,37200000,37200100,9246,15410,37220000,26943
5,1861,37220000,37220100,9246,15410,37240000,26957
5,1862,37240000,37240100,9246,15410,37260000,26974
5,1863,37260000,37260100,9246,15410,37280000,26987
5,1864,37280000,37280100,9246,15410,37300000,27000
5,1865,37300000,37300100,9246,15410,37320000,27016
5,1866,37320000,37320100,9246,15410,37340000,27030
5,1867,37340000,37340100,9246,15410,37360000,27045
5,1868,37360000,37360100,9246,15410,37380000,27060
5,1869,37380000,37380100,9246,15410,37400000,27072
5,187,3740000,3740100,9246,15410,3760000,2714
5,1870,37400000,37400100,9246,15410,37420000,27088
5,1871,37420000,37420100,9246,15410,37440000,27102
5,1872,37440000,37440100,9246,15410,37460000,27119
5,1873,37460000,37460100,9246,15410,37480000,27132
5,1874,37480000,37480100,9246,15410,37500000,27145
5,1875,37500000,37500100,9246,15410,37520000,27160
5,1876,37520000,37520100,9246,15410,37540000,27175
5,1877,37540000,37540100,9246,15410,37560000,27190
5,1878,37560000,37560100,9246,15410,37580000,27205
5,1879,37580000,37580100,9246,15410,37600000,27217
5,188,3760000,3760100,9246,15410,3780000,2729
5,1880,37600000,37600100,9246,15410,37620000,27233
5,1881,37620000,37620100,9246,15410,37640000,27247
5,1882,37640000,37640100,9246,15410,37660000,27262
5,1883,37660000,37660100,9246,15410,37680000,27278
5,1884,37680000,37680100,9246,15410,37700000,27290
5,1885,37700000,37700100,9246,15410,37720000,27304
5,1886,37720000,37720100,9246,15410,37740000,27321
5,1887,37740000,37740100,9246,15410,37760000,27335
5,1888,37760000,37760100,9246,15410,37780000,27349
5,1889,37780000,37780100,9246,15410,37800000,27362
5,189,3780000,3780100,9246,15410,3800000,2742
5,1890,37800000,37800100,9246,15410,37820000,27378
5,1891,37820000,37820100,9246,15410,37840000,27391
5,1892,37840000,37840100,9246,15410,37860000,27408
5,1893,37860000,37860100,9246,15410,37880000,27422
5,1894,37880000,37880100,9246,15410,37900000,27435
5,1895,37900000,37900100,9246,15410,37920000,27450
5,1896,37920000,37920100,9246,15410,37940000,27464
5,1897,37940000,37940100,9246,15410,37960000,27480
5,1898,37960000,37960100,9246,15410,37980000,27495
5,1899,37980000,37980100,9246,15410,38000000,27506
5,19,380000,380100,9246,15410,400000,279
5,190,3800000,3800100,9246,15410,3820000,2757
5,1900,38000000,38000100,9246,15410,38020000,27523
5,1901,38020000,38020100,9246,15410,38040000,27537
5,1902,38040000,38040100,9246,15410,38060000,27552
5,1903,38060000,38060100,9246,15410,38080000,27566
5,1904,38080000,38080100,9246,15410,38100000,27580
5,1905,38100000,38100100,9246,15410,38120000,27595
5,1906,38120000,38120100,9246,15410,38140000,27609
5,1907,38140000,38140100,9246,15410,38160000,27625
5,1908,38160000,38160100,9246,15410,38180000,27640
5,1909,38180000,38180100,9246,15410,38200000,27651
5,191,3820000,3820100,9246,15410,3840000,2771
5,1910,38200000,38200100,9246,15410,38220000,27667
5,1911,38220000,38220100,9246,15410,38240000,27682
5,1912,38240000,38240100,9246,15410,38260000,27697
5,1913,38260000,38260100,9246,15410,38280000,27711
5,1914,38280000,38280100,9246,15410,38300000,27725
5,1915,38300000,38300100,9246,15410,38320000,27739
5,1916,38320000,38320100,9246,15410,38340000,27755
5,1917,38340000,38340100,9246,15410,38360000,27769
5,1918,38360000,38360100,9246,15410,38380000,27784
5,1919,38380000,38380100,9246,15410,38400000,27797
5,192,3840000,3840100,9246,15410,3860000,2788
5,1920,38400000,38400100,9246,15410,38420000,27812
5,1921,38420000,38420100,9246,15410,38440000,27826
5,1922,38440000,38440100,9246,15410,38460000,27843
5,1923,38460000,38460100,9246,15410,38480000,27856
5,1924,38480000,38480100,9246,15410,38500000,27868
5,1925,38500000,38500100,9246,15410,38520000,27885
5,1926,38520000,38520100,9246,15410,38540000,27899
5,1927,38540000,38540100,9246,15410,38560000,27914
5,1928,38560000,38560100,9246,15410,38580000,27930
5,1929,38580000,38580100,9246,15410,38600000,27941
5,193,3860000,3860100,9246,15410,3880000,2801
5,1930,38600000,38600100,9246,15410,38620000,27957
5,1931,38620000,38620100,9246,15410,38640000,27971
5,1932,38640000,38640100,9246,15410,38660000,27987
5,1933,38660000,38660100,9246,15410,38680000,28001
5,1934,38680000,38680100,9246,15410,38700000,28014
5,1935,38700000,38700100,9246,15410,38720000,28029
5,1936,38720000,38720100,9246,15410,38740000,28044
5,1937,38740000,38740100,9246,15410,38760000,28059
5,1938,38760000,38760100,9246,15410,38780000,28074
5,1939,38780000,38780100,9246,15410,38800000,28086
5,194,3880000,3880100,9246,15410,3900000,2814
5,1940,38800000,38800100,9246,15410,38820000,28102
5,1941,38820000,38820100,9246,15410,38840000,28116
5,1942,38840000,38840100,9246,15410,38860000,28132
5,1943,38860000,38860100,9246,15410,38880000,28146
5,1944,38880000,38880100,9246,15410,38900000,28159
5,1945,38900000,38900100,9246,15410,38920000,28173
5,1946,38920000,38920100,9246,15410,38940000,28189
5,1947,38940000,38940100,9246,15410,38960000,28204
5,1948,38960000,38960100,9246,15410,38980000,28218
5,1949,38980000,38980100,9246,15410,39000000,28232
5,195,3900000,3900100,9246,15410,3920000,2829
5,1950,39000000,39000100,9246,15410,39020000,28247
5,1951,39020000,39020100,9246,15410,39040000,28260
5,1952,39040000,39040100,9246,15410,39060000,28277
5,1953,39060000,39060100,9246,15410,39080000,28291
5,1954,39080000,39080100,9246,15410,39100000,28303
5,1955,39100000,39100100,9246,15410,39120000,28319
5,1956,39120000,39120100,9246,15410,39140000,28334
5,1957,39140000,39140100,9246,15410,39160000,28348
5,1958,39160000,39160100,9246,15410,39180000,28364
5,1959,39180000,39180100,9246,15410,39200000,28375
5,196,3920000,3920100,9246,15410,3940000,2844
5,1960,39200000,39200100,9246,15410,39220000,28392
5,1961,39220000,39220100,9246,15410,39240000,28406
5,1962,39240000,39240100,9246,15410,39260000,28421
5,1963,39260000,39260100,9246,15410,39280000,28436
5,1964,39280000,39280100,9246,15410,39300000,28449
5,1965,39300000,39300100,9246,15410,39320000,28463
5,1966,39320000,39320100,9246,15410,39340000,28478
5,1967,39340000,39340100,9246,15410,39360000,28494
5,1968,39360000,39360100,9246,15410,39380000,28508
5,1969,39380000,39380100,9246,15410,39400000,28520
5,197,3940000,3940100,9246,15410,3960000,2859
5,1970,39400000,39400100,9246,15410,39420000,28537
5,1971,39420000,39420100,9246,15410,39440000,28551
5,1972,39440000,39440100,9246,15410,39460000,28566
5,1973,39460000,39460100,9246,15410,39480000,28580
5,1974,39480000,39480100,9246,15410,39500000,28594
5,1975,39500000,39500100,9246,15410,39520000,28608
5,1976,39520000,39520100,9246,15410,39540000,28623
5,1977,39540000,39540100,9246,15410,39560000,28639
5,1978,39560000,39560100,9246,15410,39580000,28653
5,1979,39580000,39580100,9246,15410,39600000,28665
5,198,3960000,3960100,9246,15410,3980000,2874
5,1980,39600000,39600100,9246,15410,39620000,28681
5,1981,39620000,39620100,9246,15410,39640000,28695
5,1982,39640000,39640100,9246,15410,39660000,28712
5,1983,39660000,39660100,9246,15410,39680000,28725
5,1984,39680000,39680100,9246,15410,39700000,28738
5,1985,39700000,39700100,9246,15410,39720000,28754
5,1986,39720000,39720100,9246,15410,39740000,28768
5,1987,39740000,39740100,9246,15410,39760000,28782
5,1988,39760000,39760100,9246,15410,39780000,28799
5,1989,39780000,39780100,9246,15410,39800000,28810
5,199,3980000,3980100,9246,15410,4000000,2886
5,1990,39800000,39800100,9246,15410,39820000,28825
5,1991,39820000,39820100,9246,15410,39840000,28841
5,1992,39840000,39840100,9246,15410,39860000,28856
5,1993,39860000,39860100,9246,15410,39880000,28870
5,1994,39880000,39880100,9246,15410,39900000,28883
5,1995,39900000,39900100,9246,15410,39920000,28898
5,1996,39920000,39920100,9246,15410,39940000,28913
5,1997,39940000,39940100,9246,15410,39960000,28928
5,1998,39960000,39960100,9246,15410,39980000,28943
5,1999,39980000,39980100,9246,15410,40000000,28955
5,2,40000,40100,9246,15410,60000,36
5,20,400000,400100,9246,15410,420000,295
5,200,4000000,4000100,9246,15410,4020000,2903
5,2000,40000000,40000100,9246,15410,40020000,28971
5,2001,40020000,40020100,9246,15410,40040000,28984
5,2002,40040000,40040100,9246,15410,40060000,29001
5,2003,40060000,40060100,9246,15410,40080000,29015
5,2004,40080000,40080100,9246,15410,40100000,29028
5,2005,40100000,40100100,9246,15410,40120000,29043
5,2006,40120000,40120100,9246,15410,40140000,29058
5,2007,40140000,40140100,9246,15410,40160000,29073
5,2008,40160000,40160100,9246,15410,40180000,29087
5,2009,40180000,40180100,9246,15410,40200000,29100
5,201,4020000,4020100,9246,15410,4040000,2916
5,2010,40200000,40200100,9246,15410,40220000,29116
5,2011,40220000,40220100,9246,15410,40240000,29129
5,2012,40240000,40240100,9246,15410,40260000,29146
5,2013,40260000,40260100,9246,15410,40280000,29160
5,2014,40280000,40280100,9246,15410,40300000,29172
5,2015,40300000,40300100,9246,15410,40320000,29188
5,2016,40320000,40320100,9246,15410,40340000,29203
5,2017,40340000,40340100,9246,15410,40360000,29217
5,2018,40360000,40360100,9246,15410,40380000,29233
5,2019,40380000,40380100,9246,15410,40400000,29245
5,202,4040000,4040100,9246,15410,4060000,2931
5,2020,40400000,40400100,9246,15410,40420000,29260
5,2021,40420000,40420100,9246,15410,40440000,29275
5,2022,40440000,40440100,9246,15410,40460000,29290
5,2023,40460000,40460100,9246,15410,40480000,29304
5,2024,40480000,40480100,9246,15410,40500000,29318
5,2025,40500000,40500100,9246,15410,40520000,29332
5,2026,40520000,40520100,9246,15410,40540000,29348
5,2027,40540000,40540100,9246,15410,40560000,29363
5,2028,40560000,40560100,9246,15410,40580000,29377
5,2029,40580000,40580100,9246,15410,40600000,29389
5,203,4060000,4060100,9246,15410,4080000,2947
5,2030,40600000,40600100,9246,15410,40620000,29406
5,2031,40620000,40620100,9246,15410,40640000,29419
5,2032,40640000,40640100,9246,15410,40660000,29435
5,2033,40660000,40660100,9246,15410,40680000,29450
5,2034,40680000,40680100,9246,15410,40700000,29462
5,2035,40700000,40700100,9246,15410,40720000,29477
5,2036,40720000,40720100,9246,15410,40740000,29492
5,2037,40740000,40740100,9246,15410,40760000,29508
5,2038,40760000,40760100,9246,15410,40780000,29522
5,2039,40780000,40780100,9246,15410,40800000,29534
5,204,4080000,4080100,9246,15410,4100000,2959
5,2040,40800000,40800100,9246,15410,40820000,29551
5,2041,40820000,40820100,9246,15410,40840000,29564
5,2042,40840000,40840100,9246,15410,40860000,29580
5,2043,40860000,40860100,9246,15410,40880000,29594
5,2044,40880000,40880100,9246,15410,40900000,29607
5,2045,40900000,40900100,9246,15410,40920000,29622
5,2046,40920000,40920100,9246,15410,40940000,29637
5,2047,40940000,40940100,9246,15410,40960000,29652
5,2048,40960000,40960100,9246,15410,40980000,29668
5,2049,40980000,40980100,9246,15410,41000000,29679
5,205,4100000,4100100,9246,15410,4120000,2973
5,2050,41000000,41000100,9246,15410,41020000,29694
5,2051,41020000,41020100,9246,15410,41040000,29710
5,2052,41040000,41040100,9246,15410,41060000,29725
5,2053,41060000,41060100,9246,15410,41080000,29738
5,2054,41080000,41080100,9246,15410,41100000,29753
5,2055,41100000,41100100,9246,15410,41120000,29767
5,2056,41120000,41120100,9246,15410,41140000,29781
5,2057,41140000,41140100,9246,15410,41160000,29797
5,2058,41160000,41160100,9246,15410,41180000,29812
5,2059,41180000,41180100,9246,15410,41200000,29824
5,206,4120000,4120100,9246,15410,4140000,2990
5,2060,41200000,41200100,9246,15410,41220000,29840
5,2061,41220000,41220100,9246,15410,41240000,29854
5,2062,41240000,41240100,9246,15410,41260000,29870
5,2063,41260000,41260100,9246,15410,41280000,29884
5,2064,41280000,41280100,9246,15410,41300000,29896
5,2065,41300000,41300100,9246,15410,41320000,29912
5,2066,41320000,41320100,9246,15410,41340000,29927
5,2067,41340000,41340100,9246,15410,41360000,29941
5,2068,41360000,41360100,9246,15410,41380000,29957
5,2069,41380000,41380100,9246,15410,41400000,29969
5,207,4140000,4140100,9246,15410,4160000,3004
5,2070,41400000,41400100,9246,15410,41420000,29985
5,2071,41420000,41420100,9246,15410,41440000,29998
5,2072,41440000,41440100,9246,15410,41460000,30015
5,2073,41460000,41460100,9246,15410,41480000,30029
5,2074,41480000,41480100,9246,15410,41500000,30041
5,2075,41500000,41500100,9246,15410,41520000,30057
5,2076,41520000,41520100,9246,15410,41540000,30072
5,2077,41540000,41540100,9246,15410,41560000,30086
5,2078,41560000,41560100,9246,15410,41580000,30101
5,2079,41580000,41580100,9246,15410,41600000,30114
5,208,4160000,4160100,9246,15410,4180000,3018
5,2080,41600000,41600100,9246,15410,41620000,30129
5,2081,41620000,41620100,9246,15410,41640000,30144
5,2082,41640000,41640100,9246,15410,41660000,30160
5,2083,41660000,41660100,9246,15410,41680000,30173
5,2084,41680000,41680100,9246,15410,41700000,30187
5,2085,41700000,41700100,9246,15410,41720000,30201
5,2086,41720000,41720100,9246,15410,41740000,30216
5,2087,41740000,41740100,9246,15410,41760000,30232
5,2088,41760000,41760100,9246,15410,41780000,30246
5,2089,41780000,41780100,9246,15410,41800000,30258
5,209,4180000,4180100,9246,15410,4200000,3031
5,2090,41800000,41800100,9246,15410,41820000,30275
5,2091,41820000,41820100,9246,15410,41840000,30288
5,2092,41840000,41840100,9246,15410,41860000,30304
5,2093,41860000,41860100,9246,15410,41880000,30319
5,2094,41880000,41880100,9246,15410,41900000,30331
5,2095,41900000,41900100,9246,15410,41920000,30346
5,2096,41920000,41920100,9246,15410,41940000,30362
5,2097,41940000,41940100,9246,15410,41960000,30376
5,2098,41960000,41960100,9246,15410,41980000,30391
5,2099,41980000,41980100,9246,15410,42000000,30403
5,21,420000,420100,9246,15410,440000,309
5,210,4200000,4200100,9246,15410,4220000,3047
5,2100,42000000,42000100,9246,15410,42020000,30419
5,2101,42020000,42020100,9246,15410,42040000,30433
5,2102,42040000,42040100,9246,15410,42060000,30449
5,2103,42060000,42060100,9246,15410,42080000,30464
5,2104,42080000,42080100,9246,15410,42100000,30476
5,2105,42100000,42100100,9246,15410,42120000,30491
5,2106,42120000,42120100,9246,15410,42140000,30506
5,2107,42140000,42140100,9246,15410,42160000,30521
5,2108,42160000,42160100,9246,15410,42180000,30536
5,2109,42180000,42180100,9246,15410,42200000,30548
5,211,4220000,4220100,9246,15410,4240000,3061
5,2110,42200000,42200100,9246,15410,42220000,30564
5,2111,42220000,42220100,9246,15410,42240000,30578
5,2112,42240000,42240100,9246,15410,42260000,30594
5,2113,42260000,42260100,9246,15410,42280000,30607
5,2114,42280000,42280100,9246,15410,42300000,30622
5,2115,42300000,42300100,9246,15410,42320000,30636
5,2116,42320000,42320100,9246,15410,42340000,30650
5,2117,42340000,42340100,9246,15410,42360000,30667
5,2118,42360000,42360100,9246,15410,42380000,30681
5,2119,42380000,42380100,9246,15410,42400000,30692
5,212,4240000,4240100,9246,15410,4260000,3077
5,2120,42400000,42400100,9246,15410,42420000,30709
5,2121,42420000,42420100,9246,15410,42440000,30723
5,2122,42440000,42440100,9246,15410,42460000,30738
5,2123,42460000,42460100,9246,15410,42480000,30753
5,2124,42480000,42480100,9246,15410,42500000,30766
5,2125,42500000,42500100,9246,15410,42520000,30781
5,2126,42520000,42520100,9246,15410,42540000,30796
5,2127,42540000,42540100,9246,15410,42560000,30810
5,2128,42560000,42560100,9246,15410,42580000,30826
5,2129,42580000,42580100,9246,15410,42600000,30838
5,213,4260000,4260100,9246,15410,4280000,3091
5,2130,42600000,42600100,9246,15410,42620000,30853
5,2131,42620000,42620100,9246,15410,42640000,30868
5,2132,42640000,42640100,9246,15410,42660000,30884
5,2133,42660000,42660100,9246,15410,42680000,30897
5,2134,42680000,42680100,9246,15410,42700000,30910
5,2135,42700000,42700100,9246,15410,42720000,30926
5,2136,42720000,42720100,9246,15410,42740000,30941
5,2137,42740000,42740100,9246,15410,42760000,30955
5,2138,42760000,42760100,9246,15410,42780000,30971
5,2139,42780000,42780100,9246,15410,42800000,30983
5,214,4280000,4280100,9246,15410,4300000,3104
5,2140,42800000,42800100,9246,15410,42820000,30998
5,2141,42820000,42820100,9246,15410,42840000,31012
5,2142,42840000,42840100,9246,15410,42860000,31029
5,2143,42860000,42860100,9246,15410,42880000,31042
5,2144,42880000,42880100,9246,15410,42900000,31055
5,2145,42900000,42900100,9246,15410,42920000,31071
5,2146,42920000,42920100,9246,15410,42940000,31085
5,2147,42940000,42940100,9246,15410,42960000,31101
5,2148,42960000,42960100,9246,15410,42980000,31115
5,2149,42980000,42980100,9246,15410,43000000,31127
5,215,4300000,4300100,9246,15410,4320000,3119
5,2150,43000000,43000100,9246,15410,43020000,31144
5,2151,43020000,43020100,9246,15410,43040000,31157
5,2152,43040000,43040100,9246,15410,43060000,31173
5,2153,43060000,43060100,9246,15410,43080000,31188
5,2154,43080000,43080100,9246,15410,43100000,31200
5,2155,43100000,43100100,9246,15410,43120000,31214
5,2156,43120000,43120100,9246,15410,43140000,31231
5,2157,43140000,43140100,9246,15410,43160000,31245
5,2158,43160000,43160100,9246,15410,43180000,31260
5,2159,43180000,43180100,9246,15410,43200000,31273
5,216,4320000,4320100,9246,15410,4340000,3133
5,2160,43200000,43200100,9246,15410,43220000,31288
5,2161,43220000,43220100,9246,15410,43240000,31302
5,2162,43240000,43240100,9246,15410,43260000,31318
5,2163,43260000,43260100,9246,15410,43280000,31332
5,2164,43280000,43280100,9246,15410,43300000,31345
5,2165,43300000,43300100,9246,15410,43320000,31360
5,2166,43320000,43320100,9246,15410,43340000,31375
5,2167,43340000,43340100,9246,15410,43360000,31390
5,2168,43360000,43360100,9246,15410,43380000,31405
5,2169,43380000,43380100,9246,15410,43400000,31417
5,217,4340000,4340100,9246,15410,4360000,3149
5,2170,43400000,43400100,9246,15410,43420000,31433
5,2171,43420000,43420100,9246,15410,43440000,31447
5,2172,43440000,43440100,9246,15410,43460000,31463
5,2173,43460000,43460100,9246,15410,43480000,31477
5,2174,43480000,43480100,9246,15410,43500000,31490
5,2175,43500000,43500100,9246,15410,43520000,31505
5,2176,43520000,43520100,9246,15410,43540000,31519
5,2177,43540000,43540100,9246,15410,43560000,31535
5,2178,43560000,43560100,9246,15410,43580000,31550
5,2179,43580000,43580100,9246,15410,43600000,31561
5,218,4360000,4360100,9246,15410,4380000,3164
5,2180,43600000,43600100,9246,15410,43620000,31579
5,2181,43620000,43620100,9246,15410,43640000,31592
5,2182,43640000,43640100,9246,15410,43660000,31607
5,2183,43660000,43660100,9246,15410,43680000,31622
5,2184,43680000,43680100,9246,15410,43700000,31635
5,2185,43700000,43700100,9246,15410,43720000,31649
5,2186,43720000,43720100,9246,15410,43740000,31665
5,2187,43740000,43740100,9246,15410,43760000,31680
5,2188,43760000,43760100,9246,15410,43780000,31694
5,2189,43780000,43780100,9246,15410,43800000,31707
5,219,4380000,4380100,9246,15410,4400000,3175
5,2190,43800000,43800100,9246,15410,43820000,31722
5,2191,43820000,43820100,9246,15410,43840000,31737
5,2192,43840000,43840100,9246,15410,43860000,31753
5,2193,43860000,43860100,9246,15410,43880000,31766
5,2194,43880000,43880100,9246,15410,43900000,31780
5,2195,43900000,43900100,9246,15410,43920000,31795
5,2196,43920000,43920100,9246,15410,43940000,31809
5,2197,43940000,43940100,9246,15410,43960000,31824
5,2198,43960000,43960100,9246,15410,43980000,31840
5,2199,43980000,43980100,9246,15410,44000000,31851
5,22,440000,440100,9246,15410,460000,325
5,220,4400000,4400100,9246,15410,4420000,3192
5,2200,44000000,44000100,9246,15410,44020000,31867
5,2201,44020000,44020100,9246,15410,44040000,31882
5,2202,44040000,44040100,9246,15410,44060000,31898
5,2203,44060000,44060100,9246,15410,44080000,31911
5,2204,44080000,44080100,9246,15410,44100000,31924
5,2205,44100000,44100100,9246,15410,44120000,31940
5,2206,44120000,44120100,9246,15410,44140000,31954
5,2207,44140000,44140100,9246,15410,44160000,31969
5,2208,44160000,44160100,9246,15410,44180000,31985
5,2209,44180000,44180100,9246,15410,44200000,31996
5,221,4420000,4420100,9246,15410,4440000,3206
5,2210,44200000,44200100,9246,15410,44220000,32012
5,2211,44220000,44220100,9246,15410,44240000,32026
5,2212,44240000,44240100,9246,15410,44260000,32042
5,2213,44260000,44260100,9246,15410,44280000,32057
5,2214,44280000,44280100,9246,15410,44300000,32069
5,2215,44300000,44300100,9246,15410,44320000,32084
5,2216,44320000,44320100,9246,15410,44340000,32100
5,2217,44340000,44340100,9246,15410,44360000,32114
5,2218,44360000,44360100,9246,15410,44380000,32128
5,2219,44380000,44380100,9246,15410,44400000,32142
5,222,4440000,4440100,9246,15410,4460000,3222
5,2220,44400000,44400100,9246,15410,44420000,32157
5,2221,44420000,44420100,9246,15410,44440000,32170
5,2222,44440000,44440100,9246,15410,44460000,32188
5,2223,44460000,44460100,9246,15410,44480000,32201
5,2224,44480000,44480100,9246,15410,44500000,32214
5,2225,44500000,44500100,9246,15410,44520000,32229
5,2226,44520000,44520100,9246,15410,44540000,32244
5,2227,44540000,44540100,9246,15410,44560000,32259
5,2228,44560000,44560100,9246,15410,44580000,32274
5,2229,44580000,44580100,9246,15410,44600000,32286
5,223,4460000,4460100,9246,15410,4480000,3235
5,2230,44600000,44600100,9246,15410,44620000,32302
5,2231,44620000,44620100,9246,15410,44640000,32316
5,2232,44640000,44640100,9246,15410,44660000,32331
5,2233,44660000,44660100,9246,15410,44680000,32346
5,2234,44680000,44680100,9246,15410,44700000,32359
5,2235,44700000,44700100,9246,15410,44720000,32374
5,2236,44720000,44720100,9246,15410,44740000,32389
5,2237,44740000,44740100,9246,15410,44760000,32404
5,2238,44760000,44760100,9246,15410,44780000,32419
5,2239,44780000,44780100,9246,15410,44800000,32430
5,224,4480000,4480100,9246,15410,4500000,3249
5,2240,44800000,44800100,9246,15410,44820000,32447
5,2241,44820000,44820100,9246,15410,44840000,32461
5,2242,44840000,44840100,9246,15410,44860000,32476
5,2243,44860000,44860100,9246,15410,44880000,32491
5,2244,44880000,44880100,9246,15410,44900000,32504
5,2245,44900000,44900100,9246,15410,44920000,32518
5,2246,44920000,44920100,9246,15410,44940000,32534
5,2247,44940000,44940100,9246,15410,44960000,32549
5,2248,44960000,44960100,9246,15410,44980000,32563
5,2249,44980000,44980100,9246,15410,45000000,32576
5,225,4500000,4500100,9246,15410,4520000,3264
5,2250,45000000,45000100,9246,15410,45020000,32592
5,2251,45020000,45020100,9246,15410,45040000,32605
5,2252,45040000,45040100,9246,15410,45060000,32622
5,2253,45060000,45060100,9246,15410,45080000,32635
5,2254,45080000,45080100,9246,15410,45100000,32648
5,2255,45100000,45100100,9246,15410,45120000,32664
5,2256,45120000,45120100,9246,15410,45140000,32678
5,2257,45140000,45140100,9246,15410,45160000,32694
5,2258,45160000,45160100,9246,15410,45180000,32709
5,2259,45180000,45180100,9246,15410,45200000,32720
5,226,4520000,4520100,9246,15410,4540000,3278
5,2260,45200000,45200100,9246,15410,45220000,32736
5,2261,45220000,45220100,9246,15410,45240000,32751
5,2262,45240000,45240100,9246,15410,45260000,32766
5,2263,45260000,45260100,9246,15410,45280000,32780
5,2264,45280000,45280100,9246,15410,45300000,32794
5,2265,45300000,45300100,9246,15410,45320000,32808
5,2266,45320000,45320100,9246,15410,45340000,32823
5,2267,45340000,45340100,9246,15410,45360000,32838
5,2268,45360000,45360100,9246,15410,45380000,32854
5,2269,45380000,45380100,9246,15410,45400000,32865
5,227,4540000,4540100,9246,15410,4560000,3294
5,2270,45400000,45400100,9246,15410,45420000,32881
5,2271,45420000,45420100,9246,15410,45440000,32896
5,2272,45440000,45440100,9246,15410,45460000,32911
5,2273,45460000,45460100,9246,15410,45480000,32925
5,2274,45480000,45480100,9246,15410,45500000,32938
5,2275,45500000,45500100,9246,15410,45520000,32953
5,2276,45520000,45520100,9246,15410,45540000,32968
5,2277,45540000,45540100,9246,15410,45560000,32983
5,2278,45560000,45560100,9246,15410,45580000,32998
5,2279,45580000,45580100,9246,15410,45600000,33011
5,228,4560000,4560100,9246,15410,4580000,3309
5,2280,45600000,45600100,9246,15410,45620000,33026
5,2281,45620000,45620100,9246,15410,45640000,33039
5,2282,45640000,45640100,9246,15410,45660000,33057
5,2283,45660000,45660100,9246,15410,45680000,33070
5,2284,45680000,45680100,9246,15410,45700000,33082
5,2285,45700000,45700100,9246,15410,45720000,33099
5,2286,45720000,45720100,9246,15410,45740000,33113
5,2287,45740000,45740100,9246,15410,45760000,33127
5,2288,45760000,45760100,9246,15410,45780000,33143
5,2289,45780000,45780100,9246,15410,45800000,33155
5,229,4580000,4580100,9246,15410,4600000,3320
5,2290,45800000,45800100,9246,15410,45820000,33171
5,2291,45820000,45820100,9246,15410,45840000,33185
5,2292,45840000,45840100,9246,15410,45860000,33201
5,2293,45860000,45860100,9246,15410,45880000,33215
5,2294,45880000,45880100,9246,15410,45900000,33228
5,2295,45900000,45900100,9246,15410,45920000,33242
5,2296,45920000,45920100,9246,15410,45940000,33258
5,2297,45940000,45940100,9246,15410,45960000,33273
5,2298,45960000,45960100,9246,15410,45980000,33287
5,2299,45980000,45980100,9246,15410,46000000,33300
5,23,460000,460100,9246,15410,480000,339
5,230,4600000,4600100,9246,15410,4620000,3336
5,2300,46000000,46000100,9246,15410,46020000,33316
5,2301,46020000,46020100,9246,15410,46040000,33330
5,2302,46040000,46040100,9246,15410,46060000,33345
5,2303,46060000,46060100,9246,15410,46080000,33360
5,2304,46080000,46080100,9246,15410,46100000,33373
5,2305,46100000,46100100,9246,15410,46120000,33387
5,2306,46120000,46120100,9246,15410,46140000,33403
5,2307,46140000,46140100,9246,15410,46160000,33418
5,2308,46160000,46160100,9246,15410,46180000,33432
5,2309,46180000,46180100,9246,15410,46200000,33444
5,231,4620000,4620100,9246,15410,4640000,3351
5,232,4640000,4640100,9246,15410,4660000,3366
5,233,4660000,4660100,9246,15410,4680000,3381
5,234,4680000,4680100,9246,15410,4700000,3394
5,235,4700000,4700100,9246,15410,4720000,3408
5,236,4720000,4720100,9246,15410,4740000,3424
5,237,4740000,4740100,9246,15410,4760000,3438
5,238,4760000,4760100,9246,15410,4780000,3453
5,239,4780000,4780100,9246,15410,4800000,3466
5,24,480000,480100,9246,15410,500000,353
5,240,4800000,4800100,9246,15410,4820000,3481
5,241,4820000,4820100,9246,15410,4840000,3495
5,242,4840000,4840100,9246,15410,4860000,3512
5,243,4860000,4860100,9246,15410,4880000,3525
5,244,4880000,4880100,9246,15410,4900000,3538
5,245,4900000,4900100,9246,15410,4920000,3554
5,246,4920000,4920100,9246,15410,4940000,3568
5,247,4940000,4940100,9246,15410,4960000,3583
5,248,4960000,4960100,9246,15410,4980000,3599
5,249,4980000,4980100,9246,15410,5000000,3610
5,25,500000,500100,9246,15410,520000,367
5,250,5000000,5000100,9246,15410,5020000,3626
5,251,5020000,5020100,9246,15410,5040000,3640
5,252,5040000,5040100,9246,15410,5060000,3656
5,253,5060000,5060100,9246,15410,5080000,3670
5,254,5080000,5080100,9246,15410,5100000,3683
5,255,5100000,5100100,9246,15410,5120000,3699
5,256,5120000,5120100,9246,15410,5140000,3713
5,257,5140000,5140100,9246,15410,5160000,3728
5,258,5160000,5160100,9246,15410,5180000,3743
5,259,5180000,5180100,9246,15410,5200000,3755
5,26,520000,520100,9246,15410,540000,382
5,260,5200000,5200100,9246,15410,5220000,3771
5,261,5220000,5220100,9246,15410,5240000,3785
5,262,5240000,5240100,9246,15410,5260000,3801
5,263,5260000,5260100,9246,15410,5280000,3815
5,264,5280000,5280100,9246,15410,5300000,3828
5,265,5300000,5300100,9246,15410,5320000,3842
5,266,5320000,5320100,9246,15410,5340000,3859
5,267,5340000,5340100,9246,15410,5360000,3873
5,268,5360000,5360100,9246,15410,5380000,3887
5,269,5380000,5380100,9246,15410,5400000,3901
5,27,540000,540100,9246,15410,560000,397
5,270,5400000,5400100,9246,15410,5420000,3916
5,271,5420000,5420100,9246,15410,5440000,3929
5,272,5440000,5440100,9246,15410,5460000,3946
5,273,5460000,5460100,9246,15410,5480000,3960
5,274,5480000,5480100,9246,15410,5500000,3972
5,275,5500000,5500100,9246,15410,5520000,3988
5,276,5520000,5520100,9246,15410,5540000,4003
5,277,5540000,5540100,9246,15410,5560000,4018
5,278,5560000,5560100,9246,15410,5580000,4033
5,279,5580000,5580100,9246,15410,5600000,4044
5,28,560000,560100,9246,15410,580000,412
5,280,5600000,5600100,9246,15410,5620000,4061
5,281,5620000,5620100,9246,15410,5640000,4075
5,282,5640000,5640100,9246,15410,5660000,4090
5,283,5660000,5660100,9246,15410,5680000,4105
5,284,5680000,5680100,9246,15410,5700000,4118
5,285,5700000,5700100,9246,15410,5720000,4132
5,286,5720000,5720100,9246,15410,5740000,4147
5,287,5740000,5740100,9246,15410,5760000,4163
5,288,5760000,5760100,9246,15410,5780000,4178
5,289,5780000,5780100,9246,15410,5800000,4189
5,29,580000,580100,9246,15410,600000,424
5,290,5800000,5800100,9246,15410,5820000,4206
5,291,5820000,5820100,9246,15410,5840000,4220
5,292,5840000,5840100,9246,15410,5860000,4235
5,293,5860000,5860100,9246,15410,5880000,4249
5,294,5880000,5880100,9246,15410,5900000,4263
5,295,5900000,5900100,9246,15410,5920000,4277
5,296,5920000,5920100,9246,15410,5940000,4292
5,297,5940000,5940100,9246,15410,5960000,4308
5,298,5960000,5960100,9246,15410,5980000,4322
5,299,5980000,5980100,9246,15410,6000000,4335
5,3,60000,60100,9246,15410,80000,50
5,30,600000,600100,9246,15410,620000,440
5,300,6000000,6000100,9246,15410,6020000,4350
5,301,6020000,6020100,9246,15410,6040000,4364
5,302,6040000,6040100,9246,15410,6060000,4381
5,303,6060000,6060100,9246,15410,6080000,4394
5,304,6080000,6080100,9246,15410,6100000,4407
5,305,6100000,6100100,9246,15410,6120000,4423
5,306,6120000,6120100,9246,15410,6140000,4437
5,307,6140000,6140100,9246,15410,6160000,4451
5,308,6160000,6160100,9246,15410,6180000,4468
5,309,6180000,6180100,9246,15410,6200000,4479
5,31,620000,620100,9246,15410,640000,454
5,310,6200000,6200100,9246,15410,6220000,4495
5,311,6220000,6220100,9246,15410,6240000,4510
5,312,6240000,6240100,9246,15410,6260000,4525
5,313,6260000,6260100,9246,15410,6280000,4539
5,314,6280000,6280100,9246,15410,6300000,4552
5,315,6300000,6300100,9246,15410,6320000,4567
5,316,6320000,6320100,9246,15410,6340000,4582
5,317,6340000,6340100,9246,15410,6360000,4597
5,318,6360000,6360100,9246,15410,6380000,4612
5,319,6380000,6380100,9246,15410,6400000,4624
5,32,640000,640100,9246,15410,660000,470
5,320,6400000,6400100,9246,15410,6420000,4640
5,321,6420000,6420100,9246,15410,6440000,4654
5,322,6440000,6440100,9246,15410,6460000,4670
5,323,6460000,6460100,9246,15410,6480000,4684
5,324,6480000,6480100,9246,15410,6500000,4697
5,325,6500000,6500100,9246,15410,6520000,4712
5,326,6520000,6520100,9246,15410,6540000,4727
5,327,6540000,6540100,9246,15410,6560000,4742
5,328,6560000,6560100,9246,15410,6580000,4756
5,329,6580000,6580100,9246,15410,6600000,4769
5,33,660000,660100,9246,15410,680000,484
5,330,6600000,6600100,9246,15410,6620000,4785
5,331,6620000,6620100,9246,15410,6640000,4798
5,332,6640000,6640100,9246,15410,6660000,4816
5,333,6660000,6660100,9246,15410,6680000,4829
5,334,6680000,6680100,9246,15410,6700000,4841
5,335,6700000,6700100,9246,15410,6720000,4857
5,336,6720000,6720100,9246,15410,6740000,4872
5,337,6740000,6740100,9246,15410,6760000,4886
5,338,6760000,6760100,9246,15410,6780000,4902
5,339,6780000,6780100,9246,15410,6800000,4914
5,34,680000,680100,9246,15410,700000,496
5,340,6800000,6800100,9246,15410,6820000,4929
5,341,6820000,6820100,9246,15410,6840000,4944
5,342,6840000,6840100,9246,15410,6860000,4959
5,343,6860000,6860100,9246,15410,6880000,4974
5,344,6880000,6880100,9246,15410,6900000,4987
5,345,6900000,6900100,9246,15410,6920000,5001
5,346,6920000,6920100,9246,15410,6940000,5017
5,347,6940000,6940100,9246,15410,6960000,5032
5,348,6960000,6960100,9246,15410,6980000,5046
5,349,6980000,6980100,9246,15410,7000000,5058
5,35,700000,700100,9246,15410,720000,513
5,350,7000000,7000100,9246,15410,7020000,5075
5,351,7020000,7020100,9246,15410,7040000,5088
5,352,7040000,7040100,9246,15410,7060000,5104
5,353,7060000,7060100,9246,15410,7080000,5119
5,354,7080000,7080100,9246,15410,7100000,5132
5,355,7100000,7100100,9246,15410,7120000,5146
5,356,7120000,7120100,9246,15410,7140000,5161
5,357,7140000,7140100,9246,15410,7160000,5177
5,358,7160000,7160100,9246,15410,7180000,5191
5,359,7180000,7180100,9246,15410,7200000,5203
5,36,720000,720100,9246,15410,740000,527
5,360,7200000,7200100,9246,15410,7220000,5220
5,361,7220000,7220100,9246,15410,7240000,5233
5,362,7240000,7240100,9246,15410,7260000,5249
5,363,7260000,7260100,9246,15410,7280000,5263
5,364,7280000,7280100,9246,15410,7300000,5276
5,365,7300000,7300100,9246,15410,7320000,5292
5,366,7320000,7320100,9246,15410,7340000,5306
5,367,7340000,7340100,9246,15410,7360000,5321
5,368,7360000,7360100,9246,15410,7380000,5337
5,369,7380000,7380100,9246,15410,7400000,5348
5,37,740000,740100,9246,15410,760000,541
5,370,7400000,7400100,9246,15410,7420000,5363
5,371,7420000,7420100,9246,15410,7440000,5379
5,372,7440000,7440100,9246,15410,7460000,5394
5,373,7460000,7460100,9246,15410,7480000,5407
5,374,7480000,7480100,9246,15410,7500000,5422
5,375,7500000,7500100,9246,15410,7520000,5436
5,376,7520000,7520100,9246,15410,7540000,5451
5,377,7540000,7540100,9246,15410,7560000,5466
5,378,7560000,7560100,9246,15410,7580000,5481
5,379,7580000,7580100,9246,15410,7600000,5493
5,38,760000,760100,9246,15410,780000,558
5,380,7600000,7600100,9246,15410,7620000,5509
5,381,7620000,7620100,9246,15410,7640000,5523
5,382,7640000,7640100,9246,15410,7660000,5539
5,383,7660000,7660100,9246,15410,7680000,5553
5,384,7680000,7680100,9246,15410,7700000,5565
5,385,7700000,7700100,9246,15410,7720000,5581
5,386,7720000,7720100,9246,15410,7740000,5596
5,387,7740000,7740100,9246,15410,7760000,5611
5,388,7760000,7760100,9246,15410,7780000,5626
5,389,7780000,7780100,9246,15410,7800000,5638
5,39,780000,780100,9246,15410,800000,569
5,390,7800000,7800100,9246,15410,7820000,5654
5,391,7820000,7820100,9246,15410,7840000,5667
5,392,7840000,7840100,9246,15410,7860000,5684
5,393,7860000,7860100,9246,15410,7880000,5698
5,394,7880000,7880100,9246,15410,7900000,5710
5,395,7900000,7900100,9246,15410,7920000,5726
5,396,7920000,7920100,9246,15410,7940000,5741
5,397,7940000,7940100,9246,15410,7960000,5755
5,398,7960000,7960100,9246,15410,7980000,5771
5,399,7980000,7980100,9246,15410,8000000,5783
5,4,80000,80100,9246,15410,100000,62
5,40,800000,800100,9246,15410,820000,584
5,400,8000000,8000100,9246,15410,8020000,5798
5,401,8020000,8020100,9246,15410,8040000,5813
5,402,8040000,8040100,9246,15410,8060000,5829
5,403,8060000,8060100,9246,15410,8080000,5842
5,404,8080000,8080100,9246,15410,8100000,5856
5,405,8100000,8100100,9246,15410,8120000,5870
5,406,8120000,8120100,9246,15410,8140000,5885
5,407,8140000,8140100,9246,15410,8160000,5901
5,408,8160000,8160100,9246,15410,8180000,5915
5,409,8180000,8180100,9246,15410,8200000,5928
5,41,820000,820100,9246,15410,840000,599
5,410,8200000,8200100,9246,15410,8220000,5944
5,411,8220000,8220100,9246,15410,8240000,5957
5,412,8240000,8240100,9246,15410,8260000,5973
5,413,8260000,8260100,9246,15410,8280000,5988
5,414,8280000,8280100,9246,15410,8300000,6000
5,415,8300000,8300100,9246,15410,8320000,6015
5,416,8320000,8320100,9246,15410,8340000,6031
5,417,8340000,8340100,9246,15410,8360000,6045
5,418,8360000,8360100,9246,15410,8380000,6060
5,419,8380000,8380100,9246,15410,8400000,6072
5,42,840000,840100,9246,15410,860000,615
5,420,8400000,8400100,9246,15410,8420000,6089
5,421,8420000,8420100,9246,15410,8440000,6102
5,422,8440000,8440100,9246,15410,8460000,6118
5,423,8460000,8460100,9246,15410,8480000,6133
5,424,8480000,8480100,9246,15410,8500000,6145
5,425,8500000,8500100,9246,15410,8520000,6160
5,426,8520000,8520100,9246,15410,8540000,6175
5,427,8540000,8540100,9246,15410,8560000,6190
5,428,8560000,8560100,9246,15410,8580000,6205
5,429,8580000,8580100,9246,15410,8600000,6217
5,43,860000,860100,9246,15410,880000,628
5,430,8600000,8600100,9246,15410,8620000,6233
5,431,8620000,8620100,9246,15410,8640000,6248
5,432,8640000,8640100,9246,15410,8660000,6263
5,433,8660000,8660100,9246,15410,8680000,6276
5,434,8680000,8680100,9246,15410,8700000,6291
5,435,8700000,8700100,9246,15410,8720000,6305
5,436,8720000,8720100,9246,15410,8740000,6319
5,437,8740000,8740100,9246,15410,8760000,6336
5,438,8760000,8760100,9246,15410,8780000,6350
5,439,8780000,8780100,9246,15410,8800000,6361
5,44,880000,880100,9246,15410,900000,642
5,440,8800000,8800100,9246,15410,8820000,6378
5,441,8820000,8820100,9246,15410,8840000,6392
5,442,8840000,8840100,9246,15410,8860000,6408
5,443,8860000,8860100,9246,15410,8880000,6422
5,444,8880000,8880100,9246,15410,8900000,6435
5,445,8900000,8900100,9246,15410,8920000,6450
5,446,8920000,8920100,9246,15410,8940000,6465
5,447,8940000,8940100,9246,15410,8960000,6479
5,448,8960000,8960100,9246,15410,8980000,6495
5,449,8980000,8980100,9246,15410,9000000,6507
5,45,900000,900100,9246,15410,920000,657
5,450,9000000,9000100,9246,15410,9020000,6522
5,451,9020000,9020100,9246,15410,9040000,6537
5,452,9040000,9040100,9246,15410,9060000,6553
5,453,9060000,9060100,9246,15410,9080000,6567
5,454,9080000,9080100,9246,15410,9100000,6579
5,455,9100000,9100100,9246,15410,9120000,6595
5,456,9120000,9120100,9246,15410,9140000,6610
5,457,9140000,9140100,9246,15410,9160000,6624
5,458,9160000,9160100,9246,15410,9180000,6640
5,459,9180000,9180100,9246,15410,9200000,6652
5,46,920000,920100,9246,15410,940000,672
5,460,9200000,9200100,9246,15410,9220000,6667
5,461,9220000,9220100,9246,15410,9240000,6681
5,462,9240000,9240100,9246,15410,9260000,6698
5,463,9260000,9260100,9246,15410,9280000,6711
5,464,9280000,9280100,9246,15410,9300000,6725
5,465,9300000,9300100,9246,15410,9320000,6740
5,466,9320000,9320100,9246,15410,9340000,6754
5,467,9340000,9340100,9246,15410,9360000,6770
5,468,9360000,9360100,9246,15410,9380000,6784
5,469,9380000,9380100,9246,15410,9400000,6796
5,47,940000,940100,9246,15410,960000,687
5,470,9400000,9400100,9246,15410,9420000,6813
5,471,9420000,9420100,9246,15410,9440000,6826
5,472,9440000,9440100,9246,15410,9460000,6842
5,473,9460000,9460100,9246,15410,9480000,6857
5,474,9480000,9480100,9246,15410,9500000,6869
5,475,9500000,9500100,9246,15410,9520000,6884
5,476,9520000,9520100,9246,15410,9540000,6900
5,477,9540000,9540100,9246,15410,9560000,6914
5,478,9560000,9560100,9246,15410,9580000,6929
5,479,9580000,9580100,9246,15410,9600000,6942
5,48,960000,960100,9246,15410,980000,701
5,480,9600000,9600100,9246,15410,9620000,6957
5,481,9620000,9620100,9246,15410,9640000,6971
5,482,9640000,9640100,9246,15410,9660000,6987
5,483,9660000,9660100,9246,15410,9680000,7001
5,484,9680000,9680100,9246,15410,9700000,7014
5,485,9700000,9700100,9246,15410,9720000,7029
5,486,9720000,9720100,9246,15410,9740000,7045
5,487,9740000,9740100,9246,15410,9760000,7059
5,488,9760000,9760100,9246,15410,9780000,7074
5,489,9780000,9780100,9246,15410,9800000,7086
5,49,980000,980100,9246,15410,1000000,714
5,490,9800000,9800100,9246,15410,9820000,7102
5,491,9820000,9820100,9246,15410,9840000,7116
5,492,9840000,9840100,9246,15410,9860000,7132
5,493,9860000,9860100,9246,15410,9880000,7146
5,494,9880000,9880100,9246,15410,9900000,7159
5,495,9900000,9900100,9246,15410,9920000,7174
5,496,9920000,9920100,9246,15410,9940000,7188
5,497,9940000,9940100,9246,15410,9960000,7205
5,498,9960000,9960100,9246,15410,9980000,7219
5,499,9980000,9980100,9246,15410,10000000,7230
5,5,100000,100100,9246,15410,120000,78
5,50,1000000,1000100,9246,15410,1020000,730
5,500,10000000,10000100,9246,15410,10020000,7248
5,501,10020000,10020100,9246,15410,10040000,7261
5,502,10040000,10040100,9246,15410,10060000,7276
5,503,10060000,10060100,9246,15410,10080000,7291
5,504,10080000,10080100,9246,15410,10100000,7304
5,505,10100000,10100100,9246,15410,10120000,7318
5,506,10120000,10120100,9246,15410,10140000,7334
5,507,10140000,10140100,9246,15410,10160000,7349
5,508,10160000,10160100,9246,15410,10180000,7364
5,509,10180000,10180100,9246,15410,10200000,7376
5,51,1020000,1020100,9246,15410,1040000,743
5,510,10200000,10200100,9246,15410,10220000,7391
5,511,10220000,10220100,9246,15410,10240000,7406
5,512,10240000,10240100,9246,15410,10260000,7422
5,513,10260000,10260100,9246,15410,10280000,7435
5,514,10280000,10280100,9246,15410,10300000,7449
5,515,10300000,10300100,9246,15410,10320000,7464
5,516,10320000,10320100,9246,15410,10340000,7478
5,517,10340000,10340100,9246,15410,10360000,7493
5,518,10360000,10360100,9246,15410,10380000,7509
5,519,10380000,10380100,9246,15410,10400000,7521
5,52,1040000,1040100,9246,15410,1060000,760
5,520,10400000,10400100,9246,15410,10420000,7536
5,521,10420000,10420100,9246,15410,10440000,7551
5,522,10440000,10440100,9246,15410,10460000,7567
5,523,10460000,10460100,9246,15410,10480000,7580
5,524,10480000,10480100,9246,15410,10500000,7593
5,525,10500000,10500100,9246,15410,10520000,7609
5,526,10520000,10520100,9246,15410,10540000,7623
5,527,10540000,10540100,9246,15410,10560000,7638
5,528,10560000,10560100,9246,15410,10580000,7654
5,529,10580000,10580100,9246,15410,10600000,7665
5,53,1060000,1060100,9246,15410,1080000,774
5,530,10600000,10600100,9246,15410,10620000,7682
5,531,10620000,10620100,9246,15410,10640000,7695
5,532,10640000,10640100,9246,15410,10660000,7711
5,533,10660000,10660100,9246,15410,10680000,7726
5,534,10680000,10680100,9246,15410,10700000,7738
5,535,10700000,10700100,9246,15410,10720000,7753
5,536,10720000,10720100,9246,15410,10740000,7769
5,537,10740000,10740100,9246,15410,10760000,7783
5,538,10760000,10760100,9246,15410,10780000,7797
5,539,10780000,10780100,9246,15410,10800000,7811
5,54,1080000,1080100,9246,15410,1100000,786
5,540,10800000,10800100,9246,15410,10820000,7826
5,541,10820000,10820100,9246,15410,10840000,7840
5,542,10840000,10840100,9246,15410,10860000,7857
5,543,10860000,10860100,9246,15410,10880000,7870
5,544,10880000,10880100,9246,15410,10900000,7883
5,545,10900000,10900100,9246,15410,10920000,7898
5,546,10920000,10920100,9246,15410,10940000,7913
5,547,10940000,10940100,9246,15410,10960000,7928
5,548,10960000,10960100,9246,15410,10980000,7943
5,549,10980000,10980100,9246,15410,11000000,7955
5,55,1100000,1100100,9246,15410,1120000,801
5,550,11000000,11000100,9246,15410,11020000,7971
5,551,11020000,11020100,9246,15410,11040000,7985
5,552,11040000,11040100,9246,15410,11060000,8001
5,553,11060000,11060100,9246,15410,11080000,8015
5,554,11080000,11080100,9246,15410,11100000,8028
5,555,11100000,11100100,9246,15410,11120000,8043
5,556,11120000,11120100,9246,15410,11140000,8058
5,557,11140000,11140100,9246,15410,11160000,8073
5,558,11160000,11160100,9246,15410,11180000,8088
5,559,11180000,11180100,9246,15410,11200000,8099
5,56,1120000,1120100,9246,15410,1140000,817
5,560,11200000,11200100,9246,15410,11220000,8116
5,561,11220000,11220100,9246,15410,11240000,8130
5,562,11240000,11240100,9246,15410,11260000,8145
5,563,11260000,11260100,9246,15410,11280000,8161
5,564,11280000,11280100,9246,15410,11300000,8173
5,565,11300000,11300100,9246,15410,11320000,8187
5,566,11320000,11320100,9246,15410,11340000,8203
5,567,11340000,11340100,9246,15410,11360000,8218
5,568,11360000,11360100,9246,15410,11380000,8232
5,569,11380000,11380100,9246,15410,11400000,8245
5,57,1140000,1140100,9246,15410,1160000,832
5,570,11400000,11400100,9246,15410,11420000,8261
5,571,11420000,11420100,9246,15410,11440000,8274
5,572,11440000,11440100,9246,15410,11460000,8291
5,573,11460000,11460100,9246,15410,11480000,8304
5,574,11480000,11480100,9246,15410,11500000,8318
5,575,11500000,11500100,9246,15410,11520000,8333
5,576,11520000,11520100,9246,15410,11540000,8347
5,577,11540000,11540100,9246,15410,11560000,8363
5,578,11560000,11560100,9246,15410,11580000,8378
5,579,11580000,11580100,9246,15410,11600000,8389
5,58,1160000,1160100,9246,15410,1180000,846
5,580,11600000,11600100,9246,15410,11620000,8405
5,581,11620000,11620100,9246,15410,11640000,8420
5,582,11640000,11640100,9246,15410,11660000,8435
5,583,11660000,11660100,9246,15410,11680000,8449
5,584,11680000,11680100,9246,15410,11700000,8463
5,585,11700000,11700100,9246,15410,11720000,8478
5,586,11720000,11720100,9246,15410,11740000,8492
5,587,11740000,11740100,9246,15410,11760000,8507
5,588,11760000,11760100,9246,15410,11780000,8523
5,589,11780000,11780100,9246,15410,11800000,8534
5,59,1180000,1180100,9246,15410,1200000,859
5,590,11800000,11800100,9246,15410,11820000,8550
5,591,11820000,11820100,9246,15410,11840000,8565
5,592,11840000,11840100,9246,15410,11860000,8580
5,593,11860000,11860100,9246,15410,11880000,8594
5,594,11880000,11880100,9246,15410,11900000,8607
5,595,11900000,11900100,9246,15410,11920000,8622
5,596,11920000,11920100,9246,15410,11940000,8638
5,597,11940000,11940100,9246,15410,11960000,8652
5,598,11960000,11960100,9246,15410,11980000,8667
5,599,11980000,11980100,9246,15410,12000000,8680
5,6,120000,120100,9246,15410,140000,92
5,60,1200000,1200100,9246,15410,1220000,875
5,600,12000000,12000100,9246,15410,12020000,8695
5,601,12020000,12020100,9246,15410,12040000,8708
5,602,12040000,12040100,9246,15410,12060000,8726
5,603,12060000,12060100,9246,15410,12080000,8739
5,604,12080000,12080100,9246,15410,12100000,8751
5,605,12100000,12100100,9246,15410,12120000,8768
5,606,12120000,12120100,9246,15410,12140000,8782
5,607,12140000,12140100,9246,15410,12160000,8797
5,608,12160000,12160100,9246,15410,12180000,8812
5,609,12180000,12180100,9246,15410,12200000,8824
5,61,1220000,1220100,9246,15410,1240000,888
5,610,12200000,12200100,9246,15410,12220000,8840
5,611,12220000,12220100,9246,15410,12240000,8854
5,612,12240000,12240100,9246,15410,12260000,8870
5,613,12260000,12260100,9246,15410,12280000,8884
5,614,12280000,12280100,9246,15410,12300000,8897
5,615,12300000,12300100,9246,15410,12320000,8911
5,616,12320000,12320100,9246,15410,12340000,8927
5,617,12340000,12340100,9246,15410,12360000,8942
5,618,12360000,12360100,9246,15410,12380000,8957
5,619,12380000,12380100,9246,15410,12400000,8969
5,62,1240000,1240100,9246,15410,1260000,904
5,620,12400000,12400100,9246,15410,12420000,8985
5,621,12420000,12420100,9246,15410,12440000,8999
5,622,12440000,12440100,9246,15410,12460000,9014
5,623,12460000,12460100,9246,15410,12480000,9029
5,624,12480000,12480100,9246,15410,12500000,9042
5,625,12500000,12500100,9246,15410,12520000,9056
5,626,12520000,12520100,9246,15410,12540000,9072
5,627,12540000,12540100,9246,15410,12560000,9087
5,628,12560000,12560100,9246,15410,12580000,9101
5,629,12580000,12580100,9246,15410,12600000,9114
5,63,1260000,1260100,9246,15410,1280000,919
5,630,12600000,12600100,9246,15410,12620000,9130
5,631,12620000,12620100,9246,15410,12640000,9143
5,632,12640000,12640100,9246,15410,12660000,9160
5,633,12660000,12660100,9246,15410,12680000,9174
5,634,12680000,12680100,9246,15410,12700000,9186
5,635,12700000,12700100,9246,15410,12720000,9202
5,636,12720000,12720100,9246,15410,12740000,9216
5,637,12740000,12740100,9246,15410,12760000,9231
5,638,12760000,12760100,9246,15410,12780000,9247
5,639,12780000,12780100,9246,15410,12800000,9258
5,64,1280000,1280100,9246,15410,1300000,931
5,640,12800000,12800100,9246,15410,12820000,9275
5,641,12820000,12820100,9246,15410,12840000,9289
5,642,12840000,12840100,9246,15410,12860000,9304
5,643,12860000,12860100,9246,15410,12880000,9318
5,644,12880000,12880100,9246,15410,12900000,9332
5,645,12900000,12900100,9246,15410,12920000,9346
5,646,12920000,12920100,9246,15410,12940000,9361
5,647,12940000,12940100,9246,15410,12960000,9377
5,648,12960000,12960100,9246,15410,12980000,9391
5,649,12980000,12980100,9246,15410,13000000,9403
5,65,1300000,1300100,9246,15410,1320000,946
5,650,13000000,13000100,9246,15410,13020000,9419
5,651,13020000,13020100,9246,15410,13040000,9434
5,652,13040000,13040100,9246,15410,13060000,9449
5,653,13060000,13060100,9246,15410,13080000,9463
5,654,13080000,13080100,9246,15410,13100000,9477
5,655,13100000,13100100,9246,15410,13120000,9491
5,656,13120000,13120100,9246,15410,13140000,9506
5,657,13140000,13140100,9246,15410,13160000,9521
5,658,13160000,13160100,9246,15410,13180000,9536
5,659,13180000,13180100,9246,15410,13200000,9548
5,66,1320000,1320100,9246,15410,1340000,962
5,660,13200000,13200100,9246,15410,13220000,9564
5,661,13220000,13220100,9246,15410,13240000,9578
5,662,13240000,13240100,9246,15410,13260000,9595
5,663,13260000,13260100,9246,15410,13280000,9608
5,664,13280000,13280100,9246,15410,13300000,9620
5,665,13300000,13300100,9246,15410,13320000,9637
5,666,13320000,13320100,9246,15410,13340000,9651
5,667,13340000,13340100,9246,15410,13360000,9665
5,668,13360000,13360100,9246,15410,13380000,9682
5,669,13380000,13380100,9246,15410,13400000,9693
5,67,1340000,1340100,9246,15410,1360000,976
5,670,13400000,13400100,9246,15410,13420000,9708
5,671,13420000,13420100,9246,15410,13440000,9723
5,672,13440000,13440100,9246,15410,13460000,9739
5,673,13460000,13460100,9246,15410,13480000,9753
5,674,13480000,13480100,9246,15410,13500000,9766
5,675,13500000,13500100,9246,15410,13520000,9781
5,676,13520000,13520100,9246,15410,13540000,9796
5,677,13540000,13540100,9246,15410,13560000,9811
5,678,13560000,13560100,9246,15410,13580000,9825
5,679,13580000,13580100,9246,15410,13600000,9838
5,68,1360000,1360100,9246,15410,1380000,992
5,680,13600000,13600100,9246,15410,13620000,9854
5,681,13620000,13620100,9246,15410,13640000,9867
5,682,13640000,13640100,9246,15410,13660000,9884
5,683,13660000,13660100,9246,15410,13680000,9898
5,684,13680000,13680100,9246,15410,13700000,9911
5,685,13700000,13700100,9246,15410,13720000,9925
5,686,13720000,13720100,9246,15410,13740000,9941
5,687,13740000,13740100,9246,15410,13760000,9956
5,688,13760000,13760100,9246,15410,13780000,9970
5,689,13780000,13780100,9246,15410,13800000,9983
5,69,1380000,1380100,9246,15410,1400000,1003
5,690,13800000,13800100,9246,15410,13820000,9999
5,691,13820000,13820100,9246,15410,13840000,10012
5,692,13840000,13840100,9246,15410,13860000,10028
5,693,13860000,13860100,9246,15410,13880000,10043
5,694,13880000,13880100,9246,15410,13900000,10055
5,695,13900000,13900100,9246,15410,13920000,10071
5,696,13920000,13920100,9246,15410,13940000,10086
5,697,13940000,13940100,9246,15410,13960000,10100
5,698,13960000,13960100,9246,15410,13980000,10116
5,699,13980000,13980100,9246,15410,14000000,10127
5,7,140000,140100,9246,15410,160000,107
5,70,1400000,1400100,9246,15410,1420000,1019
5,700,14000000,14000100,9246,15410,14020000,10143
5,701,14020000,14020100,9246,15410,14040000,10158
5,702,14040000,14040100,9246,15410,14060000,10173
5,703,14060000,14060100,9246,15410,14080000,10187
5,704,14080000,14080100,9246,15410,14100000,10201
5,705,14100000,14100100,9246,15410,14120000,10215
5,706,14120000,14120100,9246,15410,14140000,10230
5,707,14140000,14140100,9246,15410,14160000,10246
5,708,14160000,14160100,9246,15410,14180000,10260
5,709,14180000,14180100,9246,15410,14200000,10272
5,71,1420000,1420100,9246,15410,1440000,1034
5,710,14200000,14200100,9246,15410,14220000,10289
5,711,14220000,14220100,9246,15410,14240000,10302
5,712,14240000,14240100,9246,15410,14260000,10318
5,713,14260000,14260100,9246,15410,14280000,10332
5,714,14280000,14280100,9246,15410,14300000,10345
5,715,14300000,14300100,9246,15410,14320000,10360
5,716,14320000,14320100,9246,15410,14340000,10375
5,717,14340000,14340100,9246,15410,14360000,10391
5,718,14360000,14360100,9246,15410,14380000,10405
5,719,14380000,14380100,9246,15410,14400000,10417
5,72,1440000,1440100,9246,15410,1460000,1049
5,720,14400000,14400100,9246,15410,14420000,10433
5,721,14420000,14420100,9246,15410,14440000,10447
5,722,14440000,14440100,9246,15410,14460000,10463
5,723,14460000,14460100,9246,15410,14480000,10477
5,724,14480000,14480100,9246,15410,14500000,10490
5,725,14500000,14500100,9246,15410,14520000,10505
5,726,14520000,14520100,9246,15410,14540000,10520
5,727,14540000,14540100,9246,15410,14560000,10534
5,728,14560000,14560100,9246,15410,14580000,10551
5,729,14580000,14580100,9246,15410,14600000,10562
5,73,1460000,1460100,9246,15410,1480000,1063
5,730,14600000,14600100,9246,15410,14620000,10577
5,731,14620000,14620100,9246,15410,14640000,10593
5,732,14640000,14640100,9246,15410,14660000,10608
5,733,14660000,14660100,9246,15410,14680000,10621
5,734,14680000,14680100,9246,15410,14700000,10635
5,735,14700000,14700100,9246,15410,14720000,10650
5,736,14720000,14720100,9246,15410,14740000,10664
5,737,14740000,14740100,9246,15410,14760000,10680
5,738,14760000,14760100,9246,15410,14780000,10695
5,739,14780000,14780100,9246,15410,14800000,10707
5,74,1480000,1480100,9246,15410,1500000,1077
5,740,14800000,14800100,9246,15410,14820000,10723
5,741,14820000,14820100,9246,15410,14840000,10736
5,742,14840000,14840100,9246,15410,14860000,10753
5,743,14860000,14860100,9246,15410,14880000,10767
5,744,14880000,14880100,9246,15410,14900000,10779
5,745,14900000,14900100,9246,15410,14920000,10795
5,746,14920000,14920100,9246,15410,14940000,10810
5,747,14940000,14940100,9246,15410,14960000,10824
5,748,14960000,14960100,9246,15410,14980000,10839
5,749,14980000,14980100,9246,15410,15000000,10852
5,75,1500000,1500100,9246,15410,1520000,1091
5,750,15000000,15000100,9246,15410,15020000,10868
5,751,15020000,15020100,9246,15410,15040000,10881
5,752,15040000,15040100,9246,15410,15060000,10898
5,753,15060000,15060100,9246,15410,15080000,10912
5,754,15080000,15080100,9246,15410,15100000,10924
5,755,15100000,15100100,9246,15410,15120000,10939
5,756,15120000,15120100,9246,15410,15140000,10955
5,757,15140000,15140100,9246,15410,15160000,10969
5,758,15160000,15160100,9246,15410,15180000,10984
5,759,15180000,15180100,9246,15410,15200000,10997
5,76,1520000,1520100,9246,15410,1540000,1105
5,760,15200000,15200100,9246,15410,15220000,11012
5,761,15220000,15220100,9246,15410,15240000,11027
5,762,15240000,15240100,9246,15410,15260000,11042
5,763,15260000,15260100,9246,15410,15280000,11056
5,764,15280000,15280100,9246,15410,15300000,11070
5,765,15300000,15300100,9246,15410,15320000,11084
5,766,15320000,15320100,9246,15410,15340000,11099
5,767,15340000,15340100,9246,15410,15360000,11115
5,768,15360000,15360100,9246,15410,15380000,11129
5,769,15380000,15380100,9246,15410,15400000,11140
5,77,1540000,1540100,9246,15410,1560000,1122
5,770,15400000,15400100,9246,15410,15420000,11158
5,771,15420000,15420100,9246,15410,15440000,11171
5,772,15440000,15440100,9246,15410,15460000,11187
5,773,15460000,15460100,9246,15410,15480000,11202
5,774,15480000,15480100,9246,15410,15500000,11214
5,775,15500000,15500100,9246,15410,15520000,11229
5,776,15520000,15520100,9246,15410,15540000,11244
5,777,15540000,15540100,9246,15410,15560000,11259
5,778,15560000,15560100,9246,15410,15580000,11274
5,779,15580000,15580100,9246,15410,15600000,11286
5,78,1560000,1560100,9246,15410,1580000,1136
5,780,15600000,15600100,9246,15410,15620000,11302
5,781,15620000,15620100,9246,15410,15640000,11316
5,782,15640000,15640100,9246,15410,15660000,11332
5,783,15660000,15660100,9246,15410,15680000,11346
5,784,15680000,15680100,9246,15410,15700000,11359
5,785,15700000,15700100,9246,15410,15720000,11374
5,786,15720000,15720100,9246,15410,15740000,11389
5,787,15740000,15740100,9246,15410,15760000,11404
5,788,15760000,15760100,9246,15410,15780000,11419
5,789,15780000,15780100,9246,15410,15800000,11431
5,79,1580000,1580100,9246,15410,1600000,1148
5,790,15800000,15800100,9246,15410,15820000,11446
5,791,15820000,15820100,9246,15410,15840000,11461
5,792,15840000,15840100,9246,15410,15860000,11477
5,793,15860000,15860100,9246,15410,15880000,11490
5,794,15880000,15880100,9246,15410,15900000,11505
5,795,15900000,15900100,9246,15410,15920000,11519
5,796,15920000,15920100,9246,15410,15940000,11533
5,797,15940000,15940100,9246,15410,15960000,11549
5,798,15960000,15960100,9246,15410,15980000,11564
5,799,15980000,15980100,9246,15410,16000000,11575
5,8,160000,160100,9246,15410,180000,123
5,80,1600000,1600100,9246,15410,1620000,1165
5,800,16000000,16000100,9246,15410,16020000,11592
5,801,16020000,16020100,9246,15410,16040000,11606
5,802,16040000,16040100,9246,15410,16060000,11621
5,803,16060000,16060100,9246,15410,16080000,11636
5,804,16080000,16080100,9246,15410,16100000,11648
5,805,16100000,16100100,9246,15410,16120000,11664
5,806,16120000,16120100,9246,15410,16140000,11679
5,807,16140000,16140100,9246,15410,16160000,11693
5,808,16160000,16160100,9246,15410,16180000,11709
5,809,16180000,16180100,9246,15410,16200000,11721
5,81,1620000,1620100,9246,15410,1640000,1178
5,810,16200000,16200100,9246,15410,16220000,11736
5,811,16220000,16220100,9246,15410,16240000,11750
5,812,16240000,16240100,9246,15410,16260000,11767
5,813,16260000,16260100,9246,15410,16280000,11780
5,814,16280000,16280100,9246,15410,16300000,11793
5,815,16300000,16300100,9246,15410,16320000,11809
5,816,16320000,16320100,9246,15410,16340000,11824
5,817,16340000,16340100,9246,15410,16360000,11838
5,818,16360000,16360100,9246,15410,16380000,11853
5,819,16380000,16380100,9246,15410,16400000,11866
5,82,1640000,1640100,9246,15410,1660000,1194
5,820,16400000,16400100,9246,15410,16420000,11881
5,821,16420000,16420100,9246,15410,16440000,11895
5,822,16440000,16440100,9246,15410,16460000,11912
5,823,16460000,16460100,9246,15410,16480000,11925
5,824,16480000,16480100,9246,15410,16500000,11938
5,825,16500000,16500100,9246,15410,16520000,11953
5,826,16520000,16520100,9246,15410,16540000,11968
5,827,16540000,16540100,9246,15410,16560000,11984
5,828,16560000,16560100,9246,15410,16580000,11998
5,829,16580000,16580100,9246,15410,16600000,12010
5,83,1660000,1660100,9246,15410,1680000,1208
5,830,16600000,16600100,9246,15410,16620000,12027
5,831,16620000,16620100,9246,15410,16640000,12040
5,832,16640000,16640100,9246,15410,16660000,12055
5,833,16660000,16660100,9246,15410,16680000,12071
5,834,16680000,16680100,9246,15410,16700000,12083
5,835,16700000,16700100,9246,15410,16720000,12097
5,836,16720000,16720100,9246,15410,16740000,12114
5,837,16740000,16740100,9246,15410,16760000,12128
5,838,16760000,16760100,9246,15410,16780000,12143
5,839,16780000,16780100,9246,15410,16800000,12155
5,84,1680000,1680100,9246,15410,1700000,1221
5,840,16800000,16800100,9246,15410,16820000,12171
5,841,16820000,16820100,9246,15410,16840000,12185
5,842,16840000,16840100,9246,15410,16860000,12201
5,843,16860000,16860100,9246,15410,16880000,12215
5,844,16880000,16880100,9246,15410,16900000,12228
5,845,16900000,16900100,9246,15410,16920000,12243
5,846,16920000,16920100,9246,15410,16940000,12257
5,847,16940000,16940100,9246,15410,16960000,12273
5,848,16960000,16960100,9246,15410,16980000,12288
5,849,16980000,16980100,9246,15410,17000000,12300
5,85,1700000,1700100,9246,15410,1720000,1236
5,850,17000000,17000100,9246,15410,17020000,12316
5,851,17020000,17020100,9246,15410,17040000,12330
5,852,17040000,17040100,9246,15410,17060000,12346
5,853,17060000,17060100,9246,15410,17080000,12359
5,854,17080000,17080100,9246,15410,17100000,12373
5,855,17100000,17100100,9246,15410,17120000,12388
5,856,17120000,17120100,9246,15410,17140000,12402
5,857,17140000,17140100,9246,15410,17160000,12418
5,858,17160000,17160100,9246,15410,17180000,12433
5,859,17180000,17180100,9246,15410,17200000,12444
5,86,1720000,1720100,9246,15410,1740000,1251
5,860,17200000,17200100,9246,15410,17220000,12461
5,861,17220000,17220100,9246,15410,17240000,12475
5,862,17240000,17240100,9246,15410,17260000,12490
5,863,17260000,17260100,9246,15410,17280000,12505
5,864,17280000,17280100,9246,15410,17300000,12518
5,865,17300000,17300100,9246,15410,17320000,12532
5,866,17320000,17320100,9246,15410,17340000,12548
5,867,17340000,17340100,9246,15410,17360000,12562
5,868,17360000,17360100,9246,15410,17380000,12577
5,869,17380000,17380100,9246,15410,17400000,12590
5,87,1740000,1740100,9246,15410,1760000,1266
5,870,17400000,17400100,9246,15410,17420000,12605
5,871,17420000,17420100,9246,15410,17440000,12620
5,872,17440000,17440100,9246,15410,17460000,12636
5,873,17460000,17460100,9246,15410,17480000,12649
5,874,17480000,17480100,9246,15410,17500000,12662
5,875,17500000,17500100,9246,15410,17520000,12678
5,876,17520000,17520100,9246,15410,17540000,12692
5,877,17540000,17540100,9246,15410,17560000,12707
5,878,17560000,17560100,9246,15410,17580000,12723
5,879,17580000,17580100,9246,15410,17600000,12734
5,88,1760000,1760100,9246,15410,1780000,1281
5,880,17600000,17600100,9246,15410,17620000,12750
5,881,17620000,17620100,9246,15410,17640000,12764
5,882,17640000,17640100,9246,15410,17660000,12781
5,883,17660000,17660100,9246,15410,17680000,12794
5,884,17680000,17680100,9246,15410,17700000,12807
5,885,17700000,17700100,9246,15410,17720000,12823
5,886,17720000,17720100,9246,15410,17740000,12837
5,887,17740000,17740100,9246,15410,17760000,12852
5,888,17760000,17760100,9246,15410,17780000,12867
5,889,17780000,17780100,9246,15410,17800000,12879
5,89,1780000,1780100,9246,15410,1800000,1293
5,890,17800000,17800100,9246,15410,17820000,12895
5,891,17820000,17820100,9246,15410,17840000,12909
5,892,17840000,17840100,9246,15410,17860000,12925
5,893,17860000,17860100,9246,15410,17880000,12940
5,894,17880000,17880100,9246,15410,17900000,12952
5,895,17900000,17900100,9246,15410,17920000,12966
5,896,17920000,17920100,9246,15410,17940000,12983
5,897,17940000,17940100,9246,15410,17960000,12997
5,898,17960000,17960100,9246,15410,17980000,13011
5,899,17980000,17980100,9246,15410,18000000,13025
5,9,180000,180100,9246,15410,200000,134
5,90,1800000,1800100,9246,15410,1820000,1309
5,900,18000000,18000100,9246,15410,18020000,13040
5,901,18020000,18020100,9246,15410,18040000,13053
5,902,18040000,18040100,9246,15410,18060000,13070
5,903,18060000,18060100,9246,15410,18080000,13084
5,904,18080000,18080100,9246,15410,18100000,13097
5,905,18100000,18100100,9246,15410,18120000,13112
5,906,18120000,18120100,9246,15410,18140000,13127
5,907,18140000,18140100,9246,15410,18160000,13142
5,908,18160000,18160100,9246,15410,18180000,13157
5,909,18180000,18180100,9246,15410,18200000,13168
5,91,1820000,1820100,9246,15410,1840000,1323
5,910,18200000,18200100,9246,15410,18220000,13185
5,911,18220000,18220100,9246,15410,18240000,13199
5,912,18240000,18240100,9246,15410,18260000,13214
5,913,18260000,18260100,9246,15410,18280000,13229
5,914,18280000,18280100,9246,15410,18300000,13242
5,915,18300000,18300100,9246,15410,18320000,13257
5,916,18320000,18320100,9246,15410,18340000,13271
5,917,18340000,18340100,9246,15410,18360000,13287
5,918,18360000,18360100,9246,15410,18380000,13302
5,919,18380000,18380100,9246,15410,18400000,13313
5,92,1840000,1840100,9246,15410,1860000,1339
5,920,18400000,18400100,9246,15410,18420000,13330
5,921,18420000,18420100,9246,15410,18440000,13344
5,922,18440000,18440100,9246,15410,18460000,13359
5,923,18460000,18460100,9246,15410,18480000,13373
5,924,18480000,18480100,9246,15410,18500000,13387
5,925,18500000,18500100,9246,15410,18520000,13401
5,926,18520000,18520100,9246,15410,18540000,13417
5,927,18540000,18540100,9246,15410,18560000,13432
5,928,18560000,18560100,9246,15410,18580000,13446
5,929,18580000,18580100,9246,15410,18600000,13459
5,93,1860000,1860100,9246,15410,1880000,1353
5,930,18600000,18600100,9246,15410,18620000,13474
5,931,18620000,18620100,9246,15410,18640000,13488
5,932,18640000,18640100,9246,15410,18660000,13505
5,933,18660000,18660100,9246,15410,18680000,13518
5,934,18680000,18680100,9246,15410,18700000,13531
5,935,18700000,18700100,9246,15410,18720000,13547
5,936,18720000,18720100,9246,15410,18740000,13561
5,937,18740000,18740100,9246,15410,18760000,13576
5,938,18760000,18760100,9246,15410,18780000,13592
5,939,18780000,18780100,9246,15410,18800000,13603
5,94,1880000,1880100,9246,15410,1900000,1366
5,940,18800000,18800100,9246,15410,18820000,13619
5,941,18820000,18820100,9246,15410,18840000,13634
5,942,18840000,18840100,9246,15410,18860000,13649
5,943,18860000,18860100,9246,15410,18880000,13663
5,944,18880000,18880100,9246,15410,18900000,13676
5,945,18900000,18900100,9246,15410,18920000,13691
5,946,18920000,18920100,9246,15410,18940000,13706
5,947,18940000,18940100,9246,15410,18960000,13721
5,948,18960000,18960100,9246,15410,18980000,13737
5,949,18980000,18980100,9246,15410,19000000,13748
5,95,1900000,1900100,9246,15410,1920000,1381
5,950,19000000,19000100,9246,15410,19020000,13764
5,951,19020000,19020100,9246,15410,19040000,13778
5,952,19040000,19040100,9246,15410,19060000,13794
5,953,19060000,19060100,9246,15410,19080000,13808
5,954,19080000,19080100,9246,15410,19100000,13821
5,955,19100000,19100100,9246,15410,19120000,13836
5,956,19120000,19120100,9246,15410,19140000,13851
5,957,19140000,19140100,9246,15410,19160000,13866
5,958,19160000,19160100,9246,15410,19180000,13880
5,959,19180000,19180100,9246,15410,19200000,13894
5,96,1920000,1920100,9246,15410,1940000,1396
5,960,19200000,19200100,9246,15410,19220000,13909
5,961,19220000,19220100,9246,15410,19240000,13922
5,962,19240000,19240100,9246,15410,19260000,13940
5,963,19260000,19260100,9246,15410,19280000,13953
5,964,19280000,19280100,9246,15410,19300000,13965
5,965,19300000,19300100,9246,15410,19320000,13981
5,966,19320000,19320100,9246,15410,19340000,13996
5,967,19340000,19340100,9246,15410,19360000,14010
5,968,19360000,19360100,9246,15410,19380000,14026
5,969,19380000,19380100,9246,15410,19400000,14038
5,97,1940000,1940100,9246,15410,1960000,1410
5,970,19400000,19400100,9246,15410,19420000,14054
5,971,19420000,19420100,9246,15410,19440000,14068
5,972,19440000,19440100,9246,15410,19460000,14083
5,973,19460000,19460100,9246,15410,19480000,14098
5,974,19480000,19480100,9246,15410,19500000,14111
5,975,19500000,19500100,9246,15410,19520000,14125
5,976,19520000,19520100,9246,15410,19540000,14141
5,977,19540000,19540100,9246,15410,19560000,14156
5,978,19560000,19560100,9246,15410,19580000,14170
5,979,19580000,19580100,9246,15410,19600000,14182
5,98,1960000,1960100,9246,15410,1980000,1426
5,980,19600000,19600100,9246,15410,19620000,14199
5,981,19620000,19620100,9246,15410,19640000,14213
5,982,19640000,19640100,9246,15410,19660000,14228
5,983,19660000,19660100,9246,15410,19680000,14243
5,984,19680000,19680100,9246,15410,19700000,14256
5,985,19700000,19700100,9246,15410,19720000,14270
5,986,19720000,19720100,9246,15410,19740000,14285
5,987,19740000,19740100,9246,15410,19760000,14301
5,988,19760000,19760100,9246,15410,19780000,14315
5,989,19780000,19780100,9246,15410,19800000,14327
5,99,1980000,1980100,9246,15410,2000000,1438
5,990,19800000,19800100,9246,15410,19820000,14344
5,991,19820000,19820100,9246,15410,19840000,14357
5,992,19840000,19840100,9246,15410,19860000,14374
5,993,19860000,19860100,9246,15410,19880000,14387
5,994,19880000,19880100,9246,15410,19900000,14400
5,995,19900000,19900100,9246,15410,19920000,14416
5,996,19920000,19920100,9246,15410,19940000,14430
5,997,19940000,19940100,9246,15410,19960000,14445
5,998,19960000,19960100,9246,15410,19980000,14461
5,999,19980000,19980100,9246,15410,20000000,14472
6,0,0,100,3411,5685,20000,7
6,1,20000,20100,3411,5685,40000,20
6,10,200000,200100,3411,5685,220000,151
6,100,2000000,2000100,3411,5685,2020000,1454
6,1000,20000000,20000100,3411,5685,20020000,14488
6,1001,20020000,20020100,3411,5685,20040000,14504
6,1002,20040000,20040100,3411,5685,20060000,14519
6,1003,20060000,20060100,3411,5685,20080000,14533
6,1004,20080000,20080100,3411,5685,20100000,14547
6,1005,20100000,20100100,3411,5685,20120000,14561
6,1006,20120000,20120100,3411,5685,20140000,14576
6,1007,20140000,20140100,3411,5685,20160000,14591
6,1008,20160000,20160100,3411,5685,20180000,14606
6,1009,20180000,20180100,3411,5685,20200000,14618
6,101,2020000,2020100,3411,5685,2040000,1470
6,1010,20200000,20200100,3411,5685,20220000,14634
6,1011,20220000,20220100,3411,5685,20240000,14648
6,1012,20240000,20240100,3411,5685,20260000,14664
6,1013,20260000,20260100,3411,5685,20280000,14678
6,1014,20280000,20280100,3411,5685,20300000,14691
6,1015,20300000,20300100,3411,5685,20320000,14706
6,1016,20320000,20320100,3411,5685,20340000,14721
6,1017,20340000,20340100,3411,5685,20360000,14736
6,1018,20360000,20360100,3411,5685,20380000,14751
6,1019,20380000,20380100,3411,5685,20400000,14763
6,102,2040000,2040100,3411,5685,2060000,1485
6,1020,20400000,20400100,3411,5685,20420000,14779
6,1021,20420000,20420100,3411,5685,20440000,14792
6,1022,20440000,20440100,3411,5685,20460000,14809
6,1023,20460000,20460100,3411,5685,20480000,14823
6,1024,20480000,20480100,3411,5685,20500000,14835
6,1025,20500000,20500100,3411,5685,20520000,14852
6,1026,20520000,20520100,3411,5685,20540000,14866
6,1027,20540000,20540100,3411,5685,20560000,14880
6,1028,20560000,20560100,3411,5685,20580000,14896
6,1029,20580000,20580100,3411,5685,20600000,14908
6,103,2060000,2060100,3411,5685,2080000,1498
6,1030,20600000,20600100,3411,5685,20620000,14923
6,1031,20620000,20620100,3411,5685,20640000,14938
6,1032,20640000,20640100,3411,5685,20660000,14954
6,1033,20660000,20660100,3411,5685,20680000,14967
6,1034,20680000,20680100,3411,5685,20700000,14981
6,1035,20700000,20700100,3411,5685,20720000,14995
6,1036,20720000,20720100,3411,5685,20740000,15011
6,1037,20740000,20740100,3411,5685,20760000,15026
6,1038,20760000,20760100,3411,5685,20780000,15040
6,1039,20780000,20780100,3411,5685,20800000,15053
6,104,2080000,2080100,3411,5685,2100000,1512
6,1040,20800000,20800100,3411,5685,20820000,15069
6,1041,20820000,20820100,3411,5685,20840000,15082
6,1042,20840000,20840100,3411,5685,20860000,15098
6,1043,20860000,20860100,3411,5685,20880000,15113
6,1044,20880000,20880100,3411,5685,20900000,15125
6,1045,20900000,20900100,3411,5685,20920000,15140
6,1046,20920000,20920100,3411,5685,20940000,15156
6,1047,20940000,20940100,3411,5685,20960000,15171
6,1048,20960000,20960100,3411,5685,20980000,15185
6,1049,20980000,20980100,3411,5685,21000000,15197
6,105,2100000,2100100,3411,5685,2120000,1527
6,1050,21000000,21000100,3411,5685,21020000,15214
6,1051,21020000,21020100,3411,5685,21040000,15227
6,1052,21040000,21040100,3411,5685,21060000,15243
6,1053,21060000,21060100,3411,5685,21080000,15258
6,1054,21080000,21080100,3411,5685,21100000,15270
6,1055,21100000,21100100,3411,5685,21120000,15285
6,1056,21120000,21120100,3411,5685,21140000,15300
6,1057,21140000,21140100,3411,5685,21160000,15315
6,1058,21160000,21160100,3411,5685,21180000,15331
6,1059,21180000,21180100,3411,5685,21200000,15342
6,106,2120000,2120100,3411,5685,2140000,1541
6,1060,21200000,21200100,3411,5685,21220000,15358
6,1061,21220000,21220100,3411,5685,21240000,15373
6,1062,21240000,21240100,3411,5685,21260000,15388
6,1063,21260000,21260100,3411,5685,21280000,15401
6,1064,21280000,21280100,3411,5685,21300000,15416
6,1065,21300000,21300100,3411,5685,21320000,15430
6,1066,21320000,21320100,3411,5685,21340000,15444
6,1067,21340000,21340100,3411,5685,21360000,15461
6,1068,21360000,21360100,3411,5685,21380000,15475
6,1069,21380000,21380100,3411,5685,21400000,15487
6,107,2140000,2140100,3411,5685,2160000,1557
6,1070,21400000,21400100,3411,5685,21420000,15503
6,1071,21420000,21420100,3411,5685,21440000,15517
6,1072,21440000,21440100,3411,5685,21460000,15533
6,1073,21460000,21460100,3411,5685,21480000,15547
6,1074,21480000,21480100,3411,5685,21500000,15560
6,1075,21500000,21500100,3411,5685,21520000,15575
6,1076,21520000,21520100,3411,5685,21540000,15590
6,1077,21540000,21540100,3411,5685,21560000,15604
6,1078,21560000,21560100,3411,5685,21580000,15620
6,1079,21580000,21580100,3411,5685,21600000,15632
6,108,2160000,2160100,3411,5685,2180000,1572
6,1080,21600000,21600100,3411,5685,21620000,15648
6,1081,21620000,21620100,3411,5685,21640000,15662
6,1082,21640000,21640100,3411,5685,21660000,15678
6,1083,21660000,21660100,3411,5685,21680000,15692
6,1084,21680000,21680100,3411,5685,21700000,15704
6,1085,21700000,21700100,3411,5685,21720000,15720
6,1086,21720000,21720100,3411,5685,21740000,15735
6,1087,21740000,21740100,3411,5685,21760000,15749
6,1088,21760000,21760100,3411,5685,21780000,15765
6,1089,21780000,21780100,3411,5685,21800000,15777
6,109,2180000,2180100,3411,5685,2200000,1583
6,1090,21800000,21800100,3411,5685,21820000,15792
6,1091,21820000,21820100,3411,5685,21840000,15807
6,1092,21840000,21840100,3411,5685,21860000,15823
6,1093,21860000,21860100,3411,5685,21880000,15836
6,1094,21880000,21880100,3411,5685,21900000,15850
6,1095,21900000,21900100,3411,5685,21920000,15865
6,1096,21920000,21920100,3411,5685,21940000,15879
6,1097,21940000,21940100,3411,5685,21960000,15895
6,1098,21960000,21960100,3411,5685,21980000,15909
6,1099,21980000,21980100,3411,5685,22000000,15921
6,11,220000,220100,3411,5685,240000,166
6,110,2200000,2200100,3411,5685,2220000,1600
6,1100,22000000,22000100,3411,5685,22020000,15938
6,1101,22020000,22020100,3411,5685,22040000,15951
6,1102,22040000,22040100,3411,5685,22060000,15968
6,1103,22060000,22060100,3411,5685,22080000,15982
6,1104,22080000,22080100,3411,5685,22100000,15994
6,1105,22100000,22100100,3411,5685,22120000,16009
6,1106,22120000,22120100,3411,5685,22140000,16025
6,1107,22140000,22140100,3411,5685,22160000,16039
6,1108,22160000,22160100,3411,5685,22180000,16054
6,1109,22180000,22180100,3411,5685,22200000,16067
6,111,2220000,2220100,3411,5685,2240000,1613
6,1110,22200000,22200100,3411,5685,22220000,16082
6,1111,22220000,22220100,3411,5685,22240000,16096
6,1112,22240000,22240100,3411,5685,22260000,16112
6,1113,22260000,22260100,3411,5685,22280000,16127
6,1114,22280000,22280100,3411,5685,22300000,16139
6,1115,22300000,22300100,3411,5685,22320000,16154
6,1116,22320000,22320100,3411,5685,22340000,16170
6,1117,22340000,22340100,3411,5685,22360000,16184
6,1118,22360000,22360100,3411,5685,22380000,16199
6,1119,22380000,22380100,3411,5685,22400000,16211
6,112,2240000,2240100,3411,5685,2260000,1630
6,1120,22400000,22400100,3411,5685,22420000,16227
6,1121,22420000,22420100,3411,5685,22440000,16241
6,1122,22440000,22440100,3411,5685,22460000,16257
6,1123,22460000,22460100,3411,5685,22480000,16271
6,1124,22480000,22480100,3411,5685,22500000,16285
6,1125,22500000,22500100,3411,5685,22520000,16299
6,1126,22520000,22520100,3411,5685,22540000,16313
6,1127,22540000,22540100,3411,5685,22560000,16330
6,1128,22560000,22560100,3411,5685,22580000,16344
6,1129,22580000,22580100,3411,5685,22600000,16355
6,113,2260000,2260100,3411,5685,2280000,1644
6,1130,22600000,22600100,3411,5685,22620000,16373
6,1131,22620000,22620100,3411,5685,22640000,16386
6,1132,22640000,22640100,3411,5685,22660000,16401
6,1133,22660000,22660100,3411,5685,22680000,16416
6,1134,22680000,22680100,3411,5685,22700000,16429
6,1135,22700000,22700100,3411,5685,22720000,16444
6,1136,22720000,22720100,3411,5685,22740000,16459
6,1137,22740000,22740100,3411,5685,22760000,16474
6,1138,22760000,22760100,3411,5685,22780000,16489
6,1139,22780000,22780100,3411,5685,22800000,16501
6,114,2280000,2280100,3411,5685,2300000,1656
6,1140,22800000,22800100,3411,5685,22820000,16516
6,1141,22820000,22820100,3411,5685,22840000,16531
6,1142,22840000,22840100,3411,5685,22860000,16547
6,1143,22860000,22860100,3411,5685,22880000,16560
6,1144,22880000,22880100,3411,5685,22900000,16574
6,1145,22900000,22900100,3411,5685,22920000,16589
6,1146,22920000,22920100,3411,5685,22940000,16604
6,1147,22940000,22940100,3411,5685,22960000,16618
6,1148,22960000,22960100,3411,5685,22980000,16634
6,1149,22980000,22980100,3411,5685,23000000,16646
6,115,2300000,2300100,3411,5685,2320000,1672
6,1150,23000000,23000100,3411,5685,23020000,16661
6,1151,23020000,23020100,3411,5685,23040000,16676
6,1152,23040000,23040100,3411,5685,23060000,16692
6,1153,23060000,23060100,3411,5685,23080000,16705
6,1154,23080000,23080100,3411,5685,23100000,16718
6,1155,23100000,23100100,3411,5685,23120000,16734
6,1156,23120000,23120100,3411,5685,23140000,16748
6,1157,23140000,23140100,3411,5685,23160000,16764
6,1158,23160000,23160100,3411,5685,23180000,16779
6,1159,23180000,23180100,3411,5685,23200000,16790
6,116,2320000,2320100,3411,5685,2340000,1687
6,1160,23200000,23200100,3411,5685,23220000,16807
6,1161,23220000,23220100,3411,5685,23240000,16820
6,1162,23240000,23240100,3411,5685,23260000,16836
6,1163,23260000,23260100,3411,5685,23280000,16851
6,1164,23280000,23280100,3411,5685,23300000,16863
6,1165,23300000,23300100,3411,5685,23320000,16878
6,1166,23320000,23320100,3411,5685,23340000,16894
6,1167,23340000,23340100,3411,5685,23360000,16908
6,1168,23360000,23360100,3411,5685,23380000,16923
6,1169,23380000,23380100,3411,5685,23400000,16936
6,117,2340000,2340100,3411,5685,2360000,1701
6,1170,23400000,23400100,3411,5685,23420000,16951
6,1171,23420000,23420100,3411,5685,23440000,16965
6,1172,23440000,23440100,3411,5685,23460000,16982
6,1173,23460000,23460100,3411,5685,23480000,16995
6,1174,23480000,23480100,3411,5685,23500000,17008
6,1175,23500000,23500100,3411,5685,23520000,17023
6,1176,23520000,23520100,3411,5685,23540000,17038
6,1177,23540000,23540100,3411,5685,23560000,17053
6,1178,23560000,23560100,3411,5685,23580000,17068
6,1179,23580000,23580100,3411,5685,23600000,17081
6,118,2360000,2360100,3411,5685,2380000,1716
6,1180,23600000,23600100,3411,5685,23620000,17096
6,1181,23620000,23620100,3411,5685,23640000,17110
6,1182,23640000,23640100,3411,5685,23660000,17126
6,1183,23660000,23660100,3411,5685,23680000,17140
6,1184,23680000,23680100,3411,5685,23700000,17153
6,1185,23700000,23700100,3411,5685,23720000,17168
6,1186,23720000,23720100,3411,5685,23740000,17183
6,1187,23740000,23740100,3411,5685,23760000,17198
6,1188,23760000,23760100,3411,5685,23780000,17213
6,1189,23780000,23780100,3411,5685,23800000,17224
6,119,2380000,2380100,3411,5685,2400000,1729
6,1190,23800000,23800100,3411,5685,23820000,17242
6,1191,23820000,23820100,3411,5685,23840000,17255
6,1192,23840000,23840100,3411,5685,23860000,17270
6,1193,23860000,23860100,3411,5685,23880000,17286
6,1194,23880000,23880100,3411,5685,23900000,17298
6,1195,23900000,23900100,3411,5685,23920000,17312
6,1196,23920000,23920100,3411,5685,23940000,17328
6,1197,23940000,23940100,3411,5685,23960000,17343
6,1198,23960000,23960100,3411,5685,23980000,17357
6,1199,23980000,23980100,3411,5685,24000000,17370
6,12,240000,240100,3411,5685,260000,181
6,120,2400000,2400100,3411,5685,2420000,1744
6,1200,24000000,24000100,3411,5685,24020000,17386
6,1201,24020000,24020100,3411,5685,24040000,17400
6,1202,24040000,24040100,3411,5685,24060000,17416
6,1203,24060000,24060100,3411,5685,24080000,17429
6,1204,24080000,24080100,3411,5685,24100000,17443
6,1205,24100000,24100100,3411,5685,24120000,17458
6,1206,24120000,24120100,3411,5685,24140000,17472
6,1207,24140000,24140100,3411,5685,24160000,17488
6,1208,24160000,24160100,3411,5685,24180000,17503
6,1209,24180000,24180100,3411,5685,24200000,17514
6,121,2420000,2420100,3411,5685,2440000,1758
6,1210,24200000,24200100,3411,5685,24220000,17530
6,1211,24220000,24220100,3411,5685,24240000,17545
6,1212,24240000,24240100,3411,5685,24260000,17561
6,1213,24260000,24260100,3411,5685,24280000,17574
6,1214,24280000,24280100,3411,5685,24300000,17588
6,1215,24300000,24300100,3411,5685,24320000,17603
6,1216,24320000,24320100,3411,5685,24340000,17617
6,1217,24340000,24340100,3411,5685,24360000,17632
6,1218,24360000,24360100,3411,5685,24380000,17648
6,1219,24380000,24380100,3411,5685,24400000,17659
6,122,2440000,2440100,3411,5685,2460000,1775
6,1220,24400000,24400100,3411,5685,24420000,17675
6,1221,24420000,24420100,3411,5685,24440000,17690
6,1222,24440000,24440100,3411,5685,24460000,17705
6,1223,24460000,24460100,3411,5685,24480000,17720
6,1224,24480000,24480100,3411,5685,24500000,17732
6,1225,24500000,24500100,3411,5685,24520000,17747
6,1226,24520000,24520100,3411,5685,24540000,17763
6,1227,24540000,24540100,3411,5685,24560000,17777
6,1228,24560000,24560100,3411,5685,24580000,17792
6,1229,24580000,24580100,3411,5685,24600000,17805
6,123,2460000,2460100,3411,5685,2480000,1789
6,1230,24600000,24600100,3411,5685,24620000,17820
6,1231,24620000,24620100,3411,5685,24640000,17833
6,1232,24640000,24640100,3411,5685,24660000,17851
6,1233,24660000,24660100,3411,5685,24680000,17864
6,1234,24680000,24680100,3411,5685,24700000,17877
6,1235,24700000,24700100,3411,5685,24720000,17893
6,1236,24720000,24720100,3411,5685,24740000,17907
6,1237,24740000,24740100,3411,5685,24760000,17922
6,1238,24760000,24760100,3411,5685,24780000,17937
6,1239,24780000,24780100,3411,5685,24800000,17949
6,124,2480000,2480100,3411,5685,2500000,1801
6,1240,24800000,24800100,3411,5685,24820000,17965
6,1241,24820000,24820100,3411,5685,24840000,17979
6,1242,24840000,24840100,3411,5685,24860000,17995
6,1243,24860000,24860100,3411,5685,24880000,18009
6,1244,24880000,24880100,3411,5685,24900000,18022
6,1245,24900000,24900100,3411,5685,24920000,18037
6,1246,24920000,24920100,3411,5685,24940000,18052
6,1247,24940000,24940100,3411,5685,24960000,18067
6,1248,24960000,24960100,3411,5685,24980000,18082
6,1249,24980000,24980100,3411,5685,25000000,18094
6,125,2500000,2500100,3411,5685,2520000,1816
6,1250,25000000,25000100,3411,5685,25020000,18110
6,1251,25020000,25020100,3411,5685,25040000,18124
6,1252,25040000,25040100,3411,5685,25060000,18139
6,1253,25060000,25060100,3411,5685,25080000,18154
6,1254,25080000,25080100,3411,5685,25100000,18167
6,1255,25100000,25100100,3411,5685,25120000,18181
6,1256,25120000,25120100,3411,5685,25140000,18198
6,1257,25140000,25140100,3411,5685,25160000,18212
6,1258,25160000,25160100,3411,5685,25180000,18226
6,1259,25180000,25180100,3411,5685,25200000,18239
6,126,2520000,2520100,3411,5685,2540000,1832
6,1260,25200000,25200100,3411,5685,25220000,18255
6,1261,25220000,25220100,3411,5685,25240000,18268
6,1262,25240000,25240100,3411,5685,25260000,18285
6,1263,25260000,25260100,3411,5685,25280000,18299
6,1264,25280000,25280100,3411,5685,25300000,18311
6,1265,25300000,25300100,3411,5685,25320000,18327
6,1266,25320000,25320100,3411,5685,25340000,18341
6,1267,25340000,25340100,3411,5685,25360000,18357
6,1268,25360000,25360100,3411,5685,25380000,18372
6,1269,25380000,25380100,3411,5685,25400000,18383
6,127,2540000,2540100,3411,5685,2560000,1846
6,1270,25400000,25400100,3411,5685,25420000,18400
6,1271,25420000,25420100,3411,5685,25440000,18414
6,1272,25440000,25440100,3411,5685,25460000,18429
6,1273,25460000,25460100,3411,5685,25480000,18443
6,1274,25480000,25480100,3411,5685,25500000,18457
6,1275,25500000,25500100,3411,5685,25520000,18471
6,1276,25520000,25520100,3411,5685,25540000,18486
6,1277,25540000,25540100,3411,5685,25560000,18502
6,1278,25560000,25560100,3411,5685,25580000,18517
6,1279,25580000,25580100,3411,5685,25600000,18528
6,128,2560000,2560100,3411,5685,2580000,1861
6,1280,25600000,25600100,3411,5685,25620000,18544
6,1281,25620000,25620100,3411,5685,25640000,18559
6,1282,25640000,25640100,3411,5685,25660000,18574
6,1283,25660000,25660100,3411,5685,25680000,18588
6,1284,25680000,25680100,3411,5685,25700000,18602
6,1285,25700000,25700100,3411,5685,25720000,18616
6,1286,25720000,25720100,3411,5685,25740000,18631
6,1287,25740000,25740100,3411,5685,25760000,18646
6,1288,25760000,25760100,3411,5685,25780000,18661
6,1289,25780000,25780100,3411,5685,25800000,18674
6,129,2580000,2580100,3411,5685,2600000,1874
6,1290,25800000,25800100,3411,5685,25820000,18689
6,1291,25820000,25820100,3411,5685,25840000,18703
6,1292,25840000,25840100,3411,5685,25860000,18720
6,1293,25860000,25860100,3411,5685,25880000,18733
6,1294,25880000,25880100,3411,5685,25900000,18745
6,1295,25900000,25900100,3411,5685,25920000,18762
6,1296,25920000,25920100,3411,5685,25940000,18776
6,1297,25940000,25940100,3411,5685,25960000,18790
6,1298,25960000,25960100,3411,5685,25980000,18807
6,1299,25980000,25980100,3411,5685,26000000,18818
6,13,260000,260100,3411,5685,280000,195
6,130,2600000,2600100,3411,5685,2620000,1889
6,1300,26000000,26000100,3411,5685,26020000,18834
6,1301,26020000,26020100,3411,5685,26040000,18848
6,1302,26040000,26040100,3411,5685,26060000,18864
6,1303,26060000,26060100,3411,5685,26080000,18878
6,1304,26080000,26080100,3411,5685,26100000,18891
6,1305,26100000,26100100,3411,5685,26120000,18906
6,1306,26120000,26120100,3411,5685,26140000,18921
6,1307,26140000,26140100,3411,5685,26160000,18936
6,1308,26160000,26160100,3411,5685,26180000,18950
6,1309,26180000,26180100,3411,5685,26200000,18963
6,131,2620000,2620100,3411,5685,2640000,1903
6,1310,26200000,26200100,3411,5685,26220000,18979
6,1311,26220000,26220100,3411,5685,26240000,18993
6,1312,26240000,26240100,3411,5685,26260000,19009
6,1313,26260000,26260100,3411,5685,26280000,19023
6,1314,26280000,26280100,3411,5685,26300000,19036
6,1315,26300000,26300100,3411,5685,26320000,19050
6,1316,26320000,26320100,3411,5685,26340000,19066
6,1317,26340000,26340100,3411,5685,26360000,19081
6,1318,26360000,26360100,3411,5685,26380000,19095
6,1319,26380000,26380100,3411,5685,26400000,19108
6,132,2640000,2640100,3411,5685,2660000,1919
6,1320,26400000,26400100,3411,5685,26420000,19124
6,1321,26420000,26420100,3411,5685,26440000,19137
6,1322,26440000,26440100,3411,5685,26460000,19154
6,1323,26460000,26460100,3411,5685,26480000,19168
6,1324,26480000,26480100,3411,5685,26500000,19180
6,1325,26500000,26500100,3411,5685,26520000,19196
6,1326,26520000,26520100,3411,5685,26540000,19211
6,1327,26540000,26540100,3411,5685,26560000,19225
6,1328,26560000,26560100,3411,5685,26580000,19241
6,1329,26580000,26580100,3411,5685,26600000,19252
6,133,2660000,2660100,3411,5685,2680000,1933
6,1330,26600000,26600100,3411,5685,26620000,19268
6,1331,26620000,26620100,3411,5685,26640000,19283
6,1332,26640000,26640100,3411,5685,26660000,19298
6,1333,26660000,26660100,3411,5685,26680000,19313
6,1334,26680000,26680100,3411,5685,26700000,19326
6,1335,26700000,26700100,3411,5685,26720000,19340
6,1336,26720000,26720100,3411,5685,26740000,19355
6,1337,26740000,26740100,3411,5685,26760000,19371
6,1338,26760000,26760100,3411,5685,26780000,19385
6,1339,26780000,26780100,3411,5685,26800000,19397
6,134,2680000,2680100,3411,5685,2700000,1947
6,1340,26800000,26800100,3411,5685,26820000,19414
6,1341,26820000,26820100,3411,5685,26840000,19427
6,1342,26840000,26840100,3411,5685,26860000,19443
6,1343,26860000,26860100,3411,5685,26880000,19457
6,1344,26880000,26880100,3411,5685,26900000,19471
6,1345,26900000,26900100,3411,5685,26920000,19485
6,1346,26920000,26920100,3411,5685,26940000,19500
6,1347,26940000,26940100,3411,5685,26960000,19516
6,1348,26960000,26960100,3411,5685,26980000,19530
6,1349,26980000,26980100,3411,5685,27000000,19542
6,135,2700000,2700100,3411,5685,2720000,1961
6,1350,27000000,27000100,3411,5685,27020000,19558
6,1351,27020000,27020100,3411,5685,27040000,19572
6,1352,27040000,27040100,3411,5685,27060000,19588
6,1353,27060000,27060100,3411,5685,27080000,19602
6,1354,27080000,27080100,3411,5685,27100000,19615
6,1355,27100000,27100100,3411,5685,27120000,19631
6,1356,27120000,27120100,3411,5685,27140000,19645
6,1357,27140000,27140100,3411,5685,27160000,19659
6,1358,27160000,27160100,3411,5685,27180000,19676
6,1359,27180000,27180100,3411,5685,27200000,19687
6,136,2720000,2720100,3411,5685,2740000,1976
6,1360,27200000,27200100,3411,5685,27220000,19702
6,1361,27220000,27220100,3411,5685,27240000,19718
6,1362,27240000,27240100,3411,5685,27260000,19733
6,1363,27260000,27260100,3411,5685,27280000,19746
6,1364,27280000,27280100,3411,5685,27300000,19760
6,1365,27300000,27300100,3411,5685,27320000,19775
6,1366,27320000,27320100,3411,5685,27340000,19790
6,1367,27340000,27340100,3411,5685,27360000,19805
6,1368,27360000,27360100,3411,5685,27380000,19820
6,1369,27380000,27380100,3411,5685,27400000,19832
6,137,2740000,2740100,3411,5685,2760000,1992
6,1370,27400000,27400100,3411,5685,27420000,19848
6,1371,27420000,27420100,3411,5685,27440000,19861
6,1372,27440000,27440100,3411,5685,27460000,19878
6,1373,27460000,27460100,3411,5685,27480000,19892
6,1374,27480000,27480100,3411,5685,27500000,19904
6,1375,27500000,27500100,3411,5685,27520000,19920
6,1376,27520000,27520100,3411,5685,27540000,19935
6,1377,27540000,27540100,3411,5685,27560000,19950
6,1378,27560000,27560100,3411,5685,27580000,19964
6,1379,27580000,27580100,3411,5685,27600000,19977
6,138,2760000,2760100,3411,5685,2780000,2006
6,1380,27600000,27600100,3411,5685,27620000,19993
6,1381,27620000,27620100,3411,5685,27640000,20006
6,1382,27640000,27640100,3411,5685,27660000,20023
6,1383,27660000,27660100,3411,5685,27680000,20037
6,1384,27680000,27680100,3411,5685,27700000,20049
6,1385,27700000,27700100,3411,5685,27720000,20064
6,1386,27720000,27720100,3411,5685,27740000,20080
6,1387,27740000,27740100,3411,5685,27760000,20094
6,1388,27760000,27760100,3411,5685,27780000,20110
6,1389,27780000,27780100,3411,5685,27800000,20122
6,139,2780000,2780100,3411,5685,2800000,2017
6,1390,27800000,27800100,3411,5685,27820000,20137
6,1391,27820000,27820100,3411,5685,27840000,20152
6,1392,27840000,27840100,3411,5685,27860000,20167
6,1393,27860000,27860100,3411,5685,27880000,20181
6,1394,27880000,27880100,3411,5685,27900000,20195
6,1395,27900000,27900100,3411,5685,27920000,20209
6,1396,27920000,27920100,3411,5685,27940000,20224
6,1397,27940000,27940100,3411,5685,27960000,20240
6,1398,27960000,27960100,3411,5685,27980000,20254
6,1399,27980000,27980100,3411,5685,28000000,20266
6,14,280000,280100,3411,5685,300000,209
6,140,2800000,2800100,3411,5685,2820000,2035
6,1400,28000000,28000100,3411,5685,28020000,20283
6,1401,28020000,28020100,3411,5685,28040000,20296
6,1402,28040000,28040100,3411,5685,28060000,20312
6,1403,28060000,28060100,3411,5685,28080000,20327
6,1404,28080000,28080100,3411,5685,28100000,20339
6,1405,28100000,28100100,3411,5685,28120000,20354
6,1406,28120000,28120100,3411,5685,28140000,20369
6,1407,28140000,28140100,3411,5685,28160000,20384
6,1408,28160000,28160100,3411,5685,28180000,20399
6,1409,28180000,28180100,3411,5685,28200000,20411
6,141,2820000,2820100,3411,5685,2840000,2048
6,1410,28200000,28200100,3411,5685,28220000,20428
6,1411,28220000,28220100,3411,5685,28240000,20441
6,1412,28240000,28240100,3411,5685,28260000,20457
6,1413,28260000,28260100,3411,5685,28280000,20471
6,1414,28280000,28280100,3411,5685,28300000,20484
6,1415,28300000,28300100,3411,5685,28320000,20499
6,1416,28320000,28320100,3411,5685,28340000,20514
6,1417,28340000,28340100,3411,5685,28360000,20529
6,1418,28360000,28360100,3411,5685,28380000,20544
6,1419,28380000,28380100,3411,5685,28400000,20556
6,142,2840000,2840100,3411,5685,2860000,2063
6,1420,28400000,28400100,3411,5685,28420000,20571
6,1421,28420000,28420100,3411,5685,28440000,20587
6,1422,28440000,28440100,3411,5685,28460000,20602
6,1423,28460000,28460100,3411,5685,28480000,20615
6,1424,28480000,28480100,3411,5685,28500000,20630
6,1425,28500000,28500100,3411,5685,28520000,20644
6,1426,28520000,28520100,3411,5685,28540000,20658
6,1427,28540000,28540100,3411,5685,28560000,20674
6,1428,28560000,28560100,3411,5685,28580000,20689
6,1429,28580000,28580100,3411,5685,28600000,20700
6,143,2860000,2860100,3411,5685,2880000,2079
6,1430,28600000,28600100,3411,5685,28620000,20717
6,1431,28620000,28620100,3411,5685,28640000,20731
6,1432,28640000,28640100,3411,5685,28660000,20747
6,1433,28660000,28660100,3411,5685,28680000,20761
6,1434,28680000,28680100,3411,5685,28700000,20773
6,1435,28700000,28700100,3411,5685,28720000,20789
6,1436,28720000,28720100,3411,5685,28740000,20804
6,1437,28740000,28740100,3411,5685,28760000,20818
6,1438,28760000,28760100,3411,5685,28780000,20834
6,1439,28780000,28780100,3411,5685,28800000,20846
6,144,2880000,2880100,3411,5685,2900000,2091
6,1440,28800000,28800100,3411,5685,28820000,20861
6,1441,28820000,28820100,3411,5685,28840000,20875
6,1442,28840000,28840100,3411,5685,28860000,20892
6,1443,28860000,28860100,3411,5685,28880000,20906
6,1444,28880000,28880100,3411,5685,28900000,20918
6,1445,28900000,28900100,3411,5685,28920000,20934
6,1446,28920000,28920100,3411,5685,28940000,20949
6,1447,28940000,28940100,3411,5685,28960000,20963
6,1448,28960000,28960100,3411,5685,28980000,20978
6,1449,28980000,28980100,3411,5685,29000000,20991
6,145,2900000,2900100,3411,5685,2920000,2106
6,1450,29000000,29000100,3411,5685,29020000,21006
6,1451,29020000,29020100,3411,5685,29040000,21020
6,1452,29040000,29040100,3411,5685,29060000,21037
6,1453,29060000,29060100,3411,5685,29080000,21050
6,1454,29080000,29080100,3411,5685,29100000,21064
6,1455,29100000,29100100,3411,5685,29120000,21078
6,1456,29120000,29120100,3411,5685,29140000,21093
6,1457,29140000,29140100,3411,5685,29160000,21109
6,1458,29160000,29160100,3411,5685,29180000,21123
6,1459,29180000,29180100,3411,5685,29200000,21135
6,146,2920000,2920100,3411,5685,2940000,2121
6,1460,29200000,29200100,3411,5685,29220000,21152
6,1461,29220000,29220100,3411,5685,29240000,21165
6,1462,29240000,29240100,3411,5685,29260000,21180
6,1463,29260000,29260100,3411,5685,29280000,21196
6,1464,29280000,29280100,3411,5685,29300000,21208
6,1465,29300000,29300100,3411,5685,29320000,21223
6,1466,29320000,29320100,3411,5685,29340000,21239
6,1467,29340000,29340100,3411,5685,29360000,21253
6,1468,29360000,29360100,3411,5685,29380000,21268
6,1469,29380000,29380100,3411,5685,29400000,21280
6,147,2940000,2940100,3411,5685,2960000,2136
6,1470,29400000,29400100,3411,5685,29420000,21296
6,1471,29420000,29420100,3411,5685,29440000,21310
6,1472,29440000,29440100,3411,5685,29460000,21326
6,1473,29460000,29460100,3411,5685,29480000,21340
6,1474,29480000,29480100,3411,5685,29500000,21353
6,1475,29500000,29500100,3411,5685,29520000,21368
6,1476,29520000,29520100,3411,5685,29540000,21383
6,1477,29540000,29540100,3411,5685,29560000,21398
6,1478,29560000,29560100,3411,5685,29580000,21413
6,1479,29580000,29580100,3411,5685,29600000,21425
6,148,2960000,2960100,3411,5685,2980000,2151
6,1480,29600000,29600100,3411,5685,29620000,21441
6,1481,29620000,29620100,3411,5685,29640000,21455
6,1482,29640000,29640100,3411,5685,29660000,21471
6,1483,29660000,29660100,3411,5685,29680000,21484
6,1484,29680000,29680100,3411,5685,29700000,21498
6,1485,29700000,29700100,3411,5685,29720000,21513
6,1486,29720000,29720100,3411,5685,29740000,21527
6,1487,29740000,29740100,3411,5685,29760000,21544
6,1488,29760000,29760100,3411,5685,29780000,21558
6,1489,29780000,29780100,3411,5685,29800000,21569
6,149,2980000,2980100,3411,5685,3000000,2163
6,1490,29800000,29800100,3411,5685,29820000,21586
6,1491,29820000,29820100,3411,5685,29840000,21600
6,1492,29840000,29840100,3411,5685,29860000,21615
6,1493,29860000,29860100,3411,5685,29880000,21630
6,1494,29880000,29880100,3411,5685,29900000,21643
6,1495,29900000,29900100,3411,5685,29920000,21657
6,1496,29920000,29920100,3411,5685,29940000,21673
6,1497,29940000,29940100,3411,5685,29960000,21687
6,1498,29960000,29960100,3411,5685,29980000,21703
6,1499,29980000,29980100,3411,5685,30000000,21715
6,15,300000,300100,3411,5685,320000,223
6,150,3000000,3000100,3411,5685,3020000,2179
6,1500,30000000,30000100,3411,5685,30020000,21730
6,1501,30020000,30020100,3411,5685,30040000,21745
6,1502,30040000,30040100,3411,5685,30060000,21761
6,1503,30060000,30060100,3411,5685,30080000,21774
6,1504,30080000,30080100,3411,5685,30100000,21787
6,1505,30100000,30100100,3411,5685,30120000,21803
6,1506,30120000,30120100,3411,5685,30140000,21817
6,1507,30140000,30140100,3411,5685,30160000,21832
6,1508,30160000,30160100,3411,5685,30180000,21848
6,1509,30180000,30180100,3411,5685,30200000,21860
6,151,3020000,3020100,3411,5685,3040000,2193
6,1510,30200000,30200100,3411,5685,30220000,21875
6,1511,30220000,30220100,3411,5685,30240000,21889
6,1512,30240000,30240100,3411,5685,30260000,21906
6,1513,30260000,30260100,3411,5685,30280000,21919
6,1514,30280000,30280100,3411,5685,30300000,21932
6,1515,30300000,30300100,3411,5685,30320000,21948
6,1516,30320000,30320100,3411,5685,30340000,21962
6,1517,30340000,30340100,3411,5685,30360000,21977
6,1518,30360000,30360100,3411,5685,30380000,21992
6,1519,30380000,30380100,3411,5685,30400000,22004
6,152,3040000,3040100,3411,5685,3060000,2209
6,1520,30400000,30400100,3411,5685,30420000,22021
6,1521,30420000,30420100,3411,5685,30440000,22034
6,1522,30440000,30440100,3411,5685,30460000,22050
6,1523,30460000,30460100,3411,5685,30480000,22065
6,1524,30480000,30480100,3411,5685,30500000,22077
6,1525,30500000,30500100,3411,5685,30520000,22091
6,1526,30520000,30520100,3411,5685,30540000,22108
6,1527,30540000,30540100,3411,5685,30560000,22122
6,1528,30560000,30560100,3411,5685,30580000,22136
6,1529,30580000,30580100,3411,5685,30600000,22150
6,153,3060000,3060100,3411,5685,3080000,2222
6,1530,30600000,30600100,3411,5685,30620000,22165
6,1531,30620000,30620100,3411,5685,30640000,22179
6,1532,30640000,30640100,3411,5685,30660000,22195
6,1533,30660000,30660100,3411,5685,30680000,22209
6,1534,30680000,30680100,3411,5685,30700000,22222
6,1535,30700000,30700100,3411,5685,30720000,22237
6,1536,30720000,30720100,3411,5685,30740000,22252
6,1537,30740000,30740100,3411,5685,30760000,22267
6,1538,30760000,30760100,3411,5685,30780000,22282
6,1539,30780000,30780100,3411,5685,30800000,22293
6,154,3080000,3080100,3411,5685,3100000,2236
6,1540,30800000,30800100,3411,5685,30820000,22310
6,1541,30820000,30820100,3411,5685,30840000,22324
6,1542,30840000,30840100,3411,5685,30860000,22340
6,1543,30860000,30860100,3411,5685,30880000,22354
6,1544,30880000,30880100,3411,5685,30900000,22367
6,1545,30900000,30900100,3411,5685,30920000,22382
6,1546,30920000,30920100,3411,5685,30940000,22396
6,1547,30940000,30940100,3411,5685,30960000,22412
6,1548,30960000,30960100,3411,5685,30980000,22427
6,1549,30980000,30980100,3411,5685,31000000,22438
6,155,3100000,3100100,3411,5685,3120000,2251
6,1550,31000000,31000100,3411,5685,31020000,22455
6,1551,31020000,31020100,3411,5685,31040000,22469
6,1552,31040000,31040100,3411,5685,31060000,22484
6,1553,31060000,31060100,3411,5685,31080000,22499
6,1554,31080000,31080100,3411,5685,31100000,22512
6,1555,31100000,31100100,3411,5685,31120000,22526
6,1556,31120000,31120100,3411,5685,31140000,22542
6,1557,31140000,31140100,3411,5685,31160000,22557
6,1558,31160000,31160100,3411,5685,31180000,22571
6,1559,31180000,31180100,3411,5685,31200000,22584
6,156,3120000,3120100,3411,5685,3140000,2266
6,1560,31200000,31200100,3411,5685,31220000,22599
6,1561,31220000,31220100,3411,5685,31240000,22613
6,1562,31240000,31240100,3411,5685,31260000,22630
6,1563,31260000,31260100,3411,5685,31280000,22643
6,1564,31280000,31280100,3411,5685,31300000,22657
6,1565,31300000,31300100,3411,5685,31320000,22672
6,1566,31320000,31320100,3411,5685,31340000,22686
6,1567,31340000,31340100,3411,5685,31360000,22701
6,1568,31360000,31360100,3411,5685,31380000,22717
6,1569,31380000,31380100,3411,5685,31400000,22728
6,157,3140000,3140100,3411,5685,3160000,2281
6,1570,31400000,31400100,3411,5685,31420000,22744
6,1571,31420000,31420100,3411,5685,31440000,22759
6,1572,31440000,31440100,3411,5685,31460000,22774
6,1573,31460000,31460100,3411,5685,31480000,22788
6,1574,31480000,31480100,3411,5685,31500000,22801
6,1575,31500000,31500100,3411,5685,31520000,22817
6,1576,31520000,31520100,3411,5685,31540000,22831
6,1577,31540000,31540100,3411,5685,31560000,22846
6,1578,31560000,31560100,3411,5685,31580000,22862
6,1579,31580000,31580100,3411,5685,31600000,22873
6,158,3160000,3160100,3411,5685,3180000,2296
6,1580,31600000,31600100,3411,5685,31620000,22889
6,1581,31620000,31620100,3411,5685,31640000,22903
6,1582,31640000,31640100,3411,5685,31660000,22919
6,1583,31660000,31660100,3411,5685,31680000,22933
6,1584,31680000,31680100,3411,5685,31700000,22946
6,1585,31700000,31700100,3411,5685,31720000,22961
6,1586,31720000,31720100,3411,5685,31740000,22977
6,1587,31740000,31740100,3411,5685,31760000,22991
6,1588,31760000,31760100,3411,5685,31780000,23005
6,1589,31780000,31780100,3411,5685,31800000,23019
6,159,3180000,3180100,3411,5685,3200000,2308
6,1590,31800000,31800100,3411,5685,31820000,23034
6,1591,31820000,31820100,3411,5685,31840000,23047
6,1592,31840000,31840100,3411,5685,31860000,23065
6,1593,31860000,31860100,3411,5685,31880000,23078
6,1594,31880000,31880100,3411,5685,31900000,23090
6,1595,31900000,31900100,3411,5685,31920000,23106
6,1596,31920000,31920100,3411,5685,31940000,23121
6,1597,31940000,31940100,3411,5685,31960000,23136
6,1598,31960000,31960100,3411,5685,31980000,23151
6,1599,31980000,31980100,3411,5685,32000000,23163
6,16,320000,320100,3411,5685,340000,238
6,160,3200000,3200100,3411,5685,3220000,2323
6,1600,32000000,32000100,3411,5685,32020000,23179
6,1601,32020000,32020100,3411,5685,32040000,23193
6,1602,32040000,32040100,3411,5685,32060000,23208
6,1603,32060000,32060100,3411,5685,32080000,23223
6,1604,32080000,32080100,3411,5685,32100000,23236
6,1605,32100000,32100100,3411,5685,32120000,23250
6,1606,32120000,32120100,3411,5685,32140000,23266
6,1607,32140000,32140100,3411,5685,32160000,23281
6,1608,32160000,32160100,3411,5685,32180000,23296
6,1609,32180000,32180100,3411,5685,32200000,23307
6,161,3220000,3220100,3411,5685,3240000,2338
6,1610,32200000,32200100,3411,5685,32220000,23324
6,1611,32220000,32220100,3411,5685,32240000,23338
6,1612,32240000,32240100,3411,5685,32260000,23353
6,1613,32260000,32260100,3411,5685,32280000,23368
6,1614,32280000,32280100,3411,5685,32300000,23381
6,1615,32300000,32300100,3411,5685,32320000,23395
6,1616,32320000,32320100,3411,5685,32340000,23410
6,1617,32340000,32340100,3411,5685,32360000,23426
6,1618,32360000,32360100,3411,5685,32380000,23440
6,1619,32380000,32380100,3411,5685,32400000,23453
6,162,3240000,3240100,3411,5685,3260000,2354
6,1620,32400000,32400100,3411,5685,32420000,23469
6,1621,32420000,32420100,3411,5685,32440000,23482
6,1622,32440000,32440100,3411,5685,32460000,23499
6,1623,32460000,32460100,3411,5685,32480000,23512
6,1624,32480000,32480100,3411,5685,32500000,23525
6,1625,32500000,32500100,3411,5685,32520000,23541
6,1626,32520000,32520100,3411,5685,32540000,23555
6,1627,32540000,32540100,3411,5685,32560000,23570
6,1628,32560000,32560100,3411,5685,32580000,23586
6,1629,32580000,32580100,3411,5685,32600000,23597
6,163,3260000,3260100,3411,5685,3280000,2367
6,1630,32600000,32600100,3411,5685,32620000,23613
6,1631,32620000,32620100,3411,5685,32640000,23628
6,1632,32640000,32640100,3411,5685,32660000,23643
6,1633,32660000,32660100,3411,5685,32680000,23657
6,1634,32680000,32680100,3411,5685,32700000,23671
6,1635,32700000,32700100,3411,5685,32720000,23685
6,1636,32720000,32720100,3411,5685,32740000,23700
6,1637,32740000,32740100,3411,5685,32760000,23715
6,1638,32760000,32760100,3411,5685,32780000,23730
6,1639,32780000,32780100,3411,5685,32800000,23742
6,164,3280000,3280100,3411,5685,3300000,2381
6,1640,32800000,32800100,3411,5685,32820000,23758
6,1641,32820000,32820100,3411,5685,32840000,23773
6,1642,32840000,32840100,3411,5685,32860000,23788
6,1643,32860000,32860100,3411,5685,32880000,23802
6,1644,32880000,32880100,3411,5685,32900000,23815
6,1645,32900000,32900100,3411,5685,32920000,23830
6,1646,32920000,32920100,3411,5685,32940000,23845
6,1647,32940000,32940100,3411,5685,32960000,23860
6,1648,32960000,32960100,3411,5685,32980000,23875
6,1649,32980000,32980100,3411,5685,33000000,23887
6,165,3300000,3300100,3411,5685,3320000,2396
6,1650,33000000,33000100,3411,5685,33020000,23903
6,1651,33020000,33020100,3411,5685,33040000,23916
6,1652,33040000,33040100,3411,5685,33060000,23934
6,1653,33060000,33060100,3411,5685,33080000,23947
6,1654,33080000,33080100,3411,5685,33100000,23959
6,1655,33100000,33100100,3411,5685,33120000,23976
6,1656,33120000,33120100,3411,5685,33140000,23990
6,1657,33140000,33140100,3411,5685,33160000,24004
6,1658,33160000,33160100,3411,5685,33180000,24020
6,1659,33180000,33180100,3411,5685,33200000,24032
6,166,3320000,3320100,3411,5685,3340000,2410
6,1660,33200000,33200100,3411,5685,33220000,24047
6,1661,33220000,33220100,3411,5685,33240000,24062
6,1662,33240000,33240100,3411,5685,33260000,24078
6,1663,33260000,33260100,3411,5685,33280000,24092
6,1664,33280000,33280100,3411,5685,33300000,24105
6,1665,33300000,33300100,3411,5685,33320000,24119
6,1666,33320000,33320100,3411,5685,33340000,24135
6,1667,33340000,33340100,3411,5685,33360000,24150
6,1668,33360000,33360100,3411,5685,33380000,24164
6,1669,33380000,33380100,3411,5685,33400000,24177
6,167,3340000,3340100,3411,5685,3360000,2426
6,1670,33400000,33400100,3411,5685,33420000,24193
6,1671,33420000,33420100,3411,5685,33440000,24206
6,1672,33440000,33440100,3411,5685,33460000,24222
6,1673,33460000,33460100,3411,5685,33480000,24237
6,1674,33480000,33480100,3411,5685,33500000,24250
6,1675,33500000,33500100,3411,5685,33520000,24264
6,1676,33520000,33520100,3411,5685,33540000,24280
6,1677,33540000,33540100,3411,5685,33560000,24295
6,1678,33560000,33560100,3411,5685,33580000,24309
6,1679,33580000,33580100,3411,5685,33600000,24321
6,168,3360000,3360100,3411,5685,3380000,2441
6,1680,33600000,33600100,3411,5685,33620000,24338
6,1681,33620000,33620100,3411,5685,33640000,24351
6,1682,33640000,33640100,3411,5685,33660000,24367
6,1683,33660000,33660100,3411,5685,33680000,24382
6,1684,33680000,33680100,3411,5685,33700000,24394
6,1685,33700000,33700100,3411,5685,33720000,24410
6,1686,33720000,33720100,3411,5685,33740000,24424
6,1687,33740000,33740100,3411,5685,33760000,24439
6,1688,33760000,33760100,3411,5685,33780000,24455
6,1689,33780000,33780100,3411,5685,33800000,24466
6,169,3380000,3380100,3411,5685,3400000,2452
6,1690,33800000,33800100,3411,5685,33820000,24482
6,1691,33820000,33820100,3411,5685,33840000,24497
6,1692,33840000,33840100,3411,5685,33860000,24512
6,1693,33860000,33860100,3411,5685,33880000,24525
6,1694,33880000,33880100,3411,5685,33900000,24540
6,1695,33900000,33900100,3411,5685,33920000,24554
6,1696,33920000,33920100,3411,5685,33940000,24569
6,1697,33940000,33940100,3411,5685,33960000,24585
6,1698,33960000,33960100,3411,5685,33980000,24599
6,1699,33980000,33980100,3411,5685,34000000,24611
6,17,340000,340100,3411,5685,360000,254
6,170,3400000,3400100,3411,5685,3420000,2469
6,1700,34000000,34000100,3411,5685,34020000,24627
6,1701,34020000,34020100,3411,5685,34040000,24641
6,1702,34040000,34040100,3411,5685,34060000,24657
6,1703,34060000,34060100,3411,5685,34080000,24671
6,1704,34080000,34080100,3411,5685,34100000,24684
6,1705,34100000,34100100,3411,5685,34120000,24699
6,1706,34120000,34120100,3411,5685,34140000,24714
6,1707,34140000,34140100,3411,5685,34160000,24729
6,1708,34160000,34160100,3411,5685,34180000,24744
6,1709,34180000,34180100,3411,5685,34200000,24756
6,171,3420000,3420100,3411,5685,3440000,2483
6,1710,34200000,34200100,3411,5685,34220000,24772
6,1711,34220000,34220100,3411,5685,34240000,24786
6,1712,34240000,34240100,3411,5685,34260000,24802
6,1713,34260000,34260100,3411,5685,34280000,24816
6,1714,34280000,34280100,3411,5685,34300000,24828
6,1715,34300000,34300100,3411,5685,34320000,24844
6,1716,34320000,34320100,3411,5685,34340000,24859
6,1717,34340000,34340100,3411,5685,34360000,24873
6,1718,34360000,34360100,3411,5685,34380000,24890
6,1719,34380000,34380100,3411,5685,34400000,24901
6,172,3440000,3440100,3411,5685,3460000,2498
6,1720,34400000,34400100,3411,5685,34420000,24916
6,1721,34420000,34420100,3411,5685,34440000,24931
6,1722,34440000,34440100,3411,5685,34460000,24947
6,1723,34460000,34460100,3411,5685,34480000,24960
6,1724,34480000,34480100,3411,5685,34500000,24974
6,1725,34500000,34500100,3411,5685,34520000,24989
6,1726,34520000,34520100,3411,5685,34540000,25003
6,1727,34540000,34540100,3411,5685,34560000,25019
6,1728,34560000,34560100,3411,5685,34580000,25033
6,1729,34580000,34580100,3411,5685,34600000,25046
6,173,3460000,3460100,3411,5685,3480000,2513
6,1730,34600000,34600100,3411,5685,34620000,25062
6,1731,34620000,34620100,3411,5685,34640000,25075
6,1732,34640000,34640100,3411,5685,34660000,25092
6,1733,34660000,34660100,3411,5685,34680000,25106
6,1734,34680000,34680100,3411,5685,34700000,25118
6,1735,34700000,34700100,3411,5685,34720000,25133
6,1736,34720000,34720100,3411,5685,34740000,25149
6,1737,34740000,34740100,3411,5685,34760000,25163
6,1738,34760000,34760100,3411,5685,34780000,25178
6,1739,34780000,34780100,3411,5685,34800000,25191
6,174,3480000,3480100,3411,5685,3500000,2525
6,1740,34800000,34800100,3411,5685,34820000,25207
6,1741,34820000,34820100,3411,5685,34840000,25220
6,1742,34840000,34840100,3411,5685,34860000,25236
6,1743,34860000,34860100,3411,5685,34880000,25251
6,1744,34880000,34880100,3411,5685,34900000,25263
6,1745,34900000,34900100,3411,5685,34920000,25278
6,1746,34920000,34920100,3411,5685,34940000,25294
6,1747,34940000,34940100,3411,5685,34960000,25308
6,1748,34960000,34960100,3411,5685,34980000,25323
6,1749,34980000,34980100,3411,5685,35000000,25335
6,175,3500000,3500100,3411,5685,3520000,2540
6,1750,35000000,35000100,3411,5685,35020000,25351
6,1751,35020000,35020100,3411,5685,35040000,25366
6,1752,35040000,35040100,3411,5685,35060000,25381
6,1753,35060000,35060100,3411,5685,35080000,25395
6,1754,35080000,35080100,3411,5685,35100000,25409
6,1755,35100000,35100100,3411,5685,35120000,25423
6,1756,35120000,35120100,3411,5685,35140000,25437
6,1757,35140000,35140100,3411,5685,35160000,25454
6,1758,35160000,35160100,3411,5685,35180000,25468
6,1759,35180000,35180100,3411,5685,35200000,25479
6,176,3520000,3520100,3411,5685,3540000,2556
6,1760,35200000,35200100,3411,5685,35220000,25497
6,1761,35220000,35220100,3411,5685,35240000,25510
6,1762,35240000,35240100,3411,5685,35260000,25526
6,1763,35260000,35260100,3411,5685,35280000,25540
6,1764,35280000,35280100,3411,5685,35300000,25553
6,1765,35300000,35300100,3411,5685,35320000,25568
6,1766,35320000,35320100,3411,5685,35340000,25583
6,1767,35340000,35340100,3411,5685,35360000,25598
6,1768,35360000,35360100,3411,5685,35380000,25613
6,1769,35380000,35380100,3411,5685,35400000,25625
6,177,3540000,3540100,3411,5685,3560000,2570
6,1770,35400000,35400100,3411,5685,35420000,25640
6,1771,35420000,35420100,3411,5685,35440000,25655
6,1772,35440000,35440100,3411,5685,35460000,25671
6,1773,35460000,35460100,3411,5685,35480000,25685
6,1774,35480000,35480100,3411,5685,35500000,25698
6,1775,35500000,35500100,3411,5685,35520000,25713
6,1776,35520000,35520100,3411,5685,35540000,25728
6,1777,35540000,35540100,3411,5685,35560000,25742
6,1778,35560000,35560100,3411,5685,35580000,25758
6,1779,35580000,35580100,3411,5685,35600000,25770
6,178,3560000,3560100,3411,5685,3580000,2586
6,1780,35600000,35600100,3411,5685,35620000,25785
6,1781,35620000,35620100,3411,5685,35640000,25800
6,1782,35640000,35640100,3411,5685,35660000,25816
6,1783,35660000,35660100,3411,5685,35680000,25829
6,1784,35680000,35680100,3411,5685,35700000,25843
6,1785,35700000,35700100,3411,5685,35720000,25858
6,1786,35720000,35720100,3411,5685,35740000,25872
6,1787,35740000,35740100,3411,5685,35760000,25888
6,1788,35760000,35760100,3411,5685,35780000,25903
6,1789,35780000,35780100,3411,5685,35800000,25914
6,179,3580000,3580100,3411,5685,3600000,2598
6,1790,35800000,35800100,3411,5685,35820000,25931
6,1791,35820000,35820100,3411,5685,35840000,25944
6,1792,35840000,35840100,3411,5685,35860000,25960
6,1793,35860000,35860100,3411,5685,35880000,25975
6,1794,35880000,35880100,3411,5685,35900000,25987
6,1795,35900000,35900100,3411,5685,35920000,26003
6,1796,35920000,35920100,3411,5685,35940000,26018
6,1797,35940000,35940100,3411,5685,35960000,26032
6,1798,35960000,35960100,3411,5685,35980000,26047
6,1799,35980000,35980100,3411,5685,36000000,26060
6,18,360000,360100,3411,5685,380000,268
6,180,3600000,3600100,3411,5685,3620000,2613
6,1800,36000000,36000100,3411,5685,36020000,26075
6,1801,36020000,36020100,3411,5685,36040000,26089
6,1802,36040000,36040100,3411,5685,36060000,26106
6,1803,36060000,36060100,3411,5685,36080000,26119
6,1804,36080000,36080100,3411,5685,36100000,26132
6,1805,36100000,36100100,3411,5685,36120000,26147
6,1806,36120000,36120100,3411,5685,36140000,26163
6,1807,36140000,36140100,3411,5685,36160000,26177
6,1808,36160000,36160100,3411,5685,36180000,26192
6,1809,36180000,36180100,3411,5685,36200000,26205
6,181,3620000,3620100,3411,5685,3640000,2627
6,1810,36200000,36200100,3411,5685,36220000,26220
6,1811,36220000,36220100,3411,5685,36240000,26234
6,1812,36240000,36240100,3411,5685,36260000,26250
6,1813,36260000,36260100,3411,5685,36280000,26264
6,1814,36280000,36280100,3411,5685,36300000,26277
6,1815,36300000,36300100,3411,5685,36320000,26292
6,1816,36320000,36320100,3411,5685,36340000,26307
6,1817,36340000,36340100,3411,5685,36360000,26323
6,1818,36360000,36360100,3411,5685,36380000,26337
6,1819,36380000,36380100,3411,5685,36400000,26348
6,182,3640000,3640100,3411,5685,3660000,2644
6,1820,36400000,36400100,3411,5685,36420000,26366
6,1821,36420000,36420100,3411,5685,36440000,26379
6,1822,36440000,36440100,3411,5685,36460000,26394
6,1823,36460000,36460100,3411,5685,36480000,26410
6,1824,36480000,36480100,3411,5685,36500000,26422
6,1825,36500000,36500100,3411,5685,36520000,26436
6,1826,36520000,36520100,3411,5685,36540000,26452
6,1827,36540000,36540100,3411,5685,36560000,26467
6,1828,36560000,36560100,3411,5685,36580000,26482
6,1829,36580000,36580100,3411,5685,36600000,26494
6,183,3660000,3660100,3411,5685,3680000,2657
6,1830,36600000,36600100,3411,5685,36620000,26510
6,1831,36620000,36620100,3411,5685,36640000,26524
6,1832,36640000,36640100,3411,5685,36660000,26540
6,1833,36660000,36660100,3411,5685,36680000,26553
6,1834,36680000,36680100,3411,5685,36700000,26567
6,1835,36700000,36700100,3411,5685,36720000,26582
6,1836,36720000,36720100,3411,5685,36740000,26596
6,1837,36740000,36740100,3411,5685,36760000,26612
6,1838,36760000,36760100,3411,5685,36780000,26627
6,1839,36780000,36780100,3411,5685,36800000,26639
6,184,3680000,3680100,3411,5685,3700000,2670
6,1840,36800000,36800100,3411,5685,36820000,26654
6,1841,36820000,36820100,3411,5685,36840000,26669
6,1842,36840000,36840100,3411,5685,36860000,26685
6,1843,36860000,36860100,3411,5685,36880000,26698
6,1844,36880000,36880100,3411,5685,36900000,26712
6,1845,36900000,36900100,3411,5685,36920000,26727
6,1846,36920000,36920100,3411,5685,36940000,26741
6,1847,36940000,36940100,3411,5685,36960000,26756
6,1848,36960000,36960100,3411,5685,36980000,26772
6,1849,36980000,36980100,3411,5685,37000000,26783
6,185,3700000,3700100,3411,5685,3720000,2686
6,1850,37000000,37000100,3411,5685,37020000,26800
6,1851,37020000,37020100,3411,5685,37040000,26814
6,1852,37040000,37040100,3411,5685,37060000,26829
6,1853,37060000,37060100,3411,5685,37080000,26844
6,1854,37080000,37080100,3411,5685,37100000,26856
6,1855,37100000,37100100,3411,5685,37120000,26871
6,1856,37120000,37120100,3411,5685,37140000,26887
6,1857,37140000,37140100,3411,5685,37160000,26901
6,1858,37160000,37160100,3411,5685,37180000,26916
6,1859,37180000,37180100,3411,5685,37200000,26929
6,186,3720000,3720100,3411,5685,3740000,2700
6,1860,37200000,37200100,3411,5685,37220000,26944
6,1861,37220000,37220100,3411,5685,37240000,26958
6,1862,37240000,37240100,3411,5685,37260000,26975
6,1863,37260000,37260100,3411,5685,37280000,26988
6,1864,37280000,37280100,3411,5685,37300000,27001
6,1865,37300000,37300100,3411,5685,37320000,27017
6,1866,37320000,37320100,3411,5685,37340000,27031
6,1867,37340000,37340100,3411,5685,37360000,27046
6,1868,37360000,37360100,3411,5685,37380000,27061
6,1869,37380000,37380100,3411,5685,37400000,27073
6,187,3740000,3740100,3411,5685,3760000,2715
6,1870,37400000,37400100,3411,5685,37420000,27089
6,1871,37420000,37420100,3411,5685,37440000,27103
6,1872,37440000,37440100,3411,5685,37460000,27120
6,1873,37460000,37460100,3411,5685,37480000,27133
6,1874,37480000,37480100,3411,5685,37500000,27146
6,1875,37500000,37500100,3411,5685,37520000,27161
6,1876,37520000,37520100,3411,5685,37540000,27176
6,1877,37540000,37540100,3411,5685,37560000,27191
6,1878,37560000,37560100,3411,5685,37580000,27206
6,1879,37580000,37580100,3411,5685,37600000,27218
6,188,3760000,3760100,3411,5685,3780000,2730
6,1880,37600000,37600100,3411,5685,37620000,27234
6,1881,37620000,37620100,3411,5685,37640000,27248
6,1882,37640000,37640100,3411,5685,37660000,27263
6,1883,37660000,37660100,3411,5685,37680000,27279
6,1884,37680000,37680100,3411,5685,37700000,27291
6,1885,37700000,37700100,3411,5685,37720000,27305
6,1886,37720000,37720100,3411,5685,37740000,27322
6,1887,37740000,37740100,3411,5685,37760000,27336
6,1888,37760000,37760100,3411,5685,37780000,27350
6,1889,37780000,37780100,3411,5685,37800000,27363
6,189,3780000,3780100,3411,5685,3800000,2743
6,1890,37800000,37800100,3411,5685,37820000,27379
6,1891,37820000,37820100,3411,5685,37840000,27392
6,1892,37840000,37840100,3411,5685,37860000,27409
6,1893,37860000,37860100,3411,5685,37880000,27423
6,1894,37880000,37880100,3411,5685,37900000,27436
6,1895,37900000,37900100,3411,5685,37920000,27451
6,1896,37920000,37920100,3411,5685,37940000,27465
6,1897,37940000,37940100,3411,5685,37960000,27481
6,1898,37960000,37960100,3411,5685,37980000,27496
6,1899,37980000,37980100,3411,5685,38000000,27507
6,19,380000,380100,3411,5685,400000,280
6,190,3800000,3800100,3411,5685,3820000,2758
6,1900,38000000,38000100,3411,5685,38020000,27524
6,1901,38020000,38020100,3411,5685,38040000,27538
6,1902,38040000,38040100,3411,5685,38060000,27553
6,1903,38060000,38060100,3411,5685,38080000,27567
6,1904,38080000,38080100,3411,5685,38100000,27581
6,1905,38100000,38100100,3411,5685,38120000,27596
6,1906,38120000,38120100,3411,5685,38140000,27610
6,1907,38140000,38140100,3411,5685,38160000,27626
6,1908,38160000,38160100,3411,5685,38180000,27641
6,1909,38180000,38180100,3411,5685,38200000,27652
6,191,3820000,3820100,3411,5685,3840000,2772
6,1910,38200000,38200100,3411,5685,38220000,27668
6,1911,38220000,38220100,3411,5685,38240000,27683
6,1912,38240000,38240100,3411,5685,38260000,27698
6,1913,38260000,38260100,3411,5685,38280000,27712
6,1914,38280000,38280100,3411,5685,38300000,27726
6,1915,38300000,38300100,3411,5685,38320000,27740
6,1916,38320000,38320100,3411,5685,38340000,27756
6,1917,38340000,38340100,3411,5685,38360000,27770
6,1918,38360000,38360100,3411,5685,38380000,27785
6,1919,38380000,38380100,3411,5685,38400000,27798
6,192,3840000,3840100,3411,5685,3860000,2789
6,1920,38400000,38400100,3411,5685,38420000,27813
6,1921,38420000,38420100,3411,5685,38440000,27827
6,1922,38440000,38440100,3411,5685,38460000,27844
6,1923,38460000,38460100,3411,5685,38480000,27857
6,1924,38480000,38480100,3411,5685,38500000,27869
6,1925,38500000,38500100,3411,5685,38520000,27886
6,1926,38520000,38520100,3411,5685,38540000,27900
6,1927,38540000,38540100,3411,5685,38560000,27915
6,1928,38560000,38560100,3411,5685,38580000,27931
6,1929,38580000,38580100,3411,5685,38600000,27942
6,193,3860000,3860100,3411,5685,3880000,2802
6,1930,38600000,38600100,3411,5685,38620000,27958
6,1931,38620000,38620100,3411,5685,38640000,27972
6,1932,38640000,38640100,3411,5685,38660000,27988
6,1933,38660000,38660100,3411,5685,38680000,28002
6,1934,38680000,38680100,3411,5685,38700000,28015
6,1935,38700000,38700100,3411,5685,38720000,28030
6,1936,38720000,38720100,3411,5685,38740000,28045
6,1937,38740000,38740100,3411,5685,38760000,28060
6,1938,38760000,38760100,3411,5685,38780000,28075
6,1939,38780000,38780100,3411,5685,38800000,28087
6,194,3880000,3880100,3411,5685,3900000,2815
6,1940,38800000,38800100,3411,5685,38820000,28103
6,1941,38820000,38820100,3411,5685,38840000,28117
6,1942,38840000,38840100,3411,5685,38860000,28133
6,1943,38860000,38860100,3411,5685,38880000,28147
6,1944,38880000,38880100,3411,5685,38900000,28160
6,1945,38900000,38900100,3411,5685,38920000,28174
6,1946,38920000,38920100,3411,5685,38940000,28190
6,1947,38940000,38940100,3411,5685,38960000,28205
6,1948,38960000,38960100,3411,5685,38980000,28219
6,1949,38980000,38980100,3411,5685,39000000,28233
6,195,3900000,3900100,3411,5685,3920000,2830
6,1950,39000000,39000100,3411,5685,39020000,28248
6,1951,39020000,39020100,3411,5685,39040000,28261
6,1952,39040000,39040100,3411,5685,39060000,28278
6,1953,39060000,39060100,3411,5685,39080000,28292
6,1954,39080000,39080100,3411,5685,39100000,28304
6,1955,39100000,39100100,3411,5685,39120000,28320
6,1956,39120000,39120100,3411,5685,39140000,28335
6,1957,39140000,39140100,3411,5685,39160000,28349
6,1958,39160000,39160100,3411,5685,39180000,28365
6,1959,39180000,39180100,3411,5685,39200000,28376
6,196,3920000,3920100,3411,5685,3940000,2845
6,1960,39200000,39200100,3411,5685,39220000,28393
6,1961,39220000,39220100,3411,5685,39240000,28407
6,1962,39240000,39240100,3411,5685,39260000,28422
6,1963,39260000,39260100,3411,5685,39280000,28437
6,1964,39280000,39280100,3411,5685,39300000,28450
6,1965,39300000,39300100,3411,5685,39320000,28464
6,1966,39320000,39320100,3411,5685,39340000,28479
6,1967,39340000,39340100,3411,5685,39360000,28495
6,1968,39360000,39360100,3411,5685,39380000,28509
6,1969,39380000,39380100,3411,5685,39400000,28521
6,197,3940000,3940100,3411,5685,3960000,2860
6,1970,39400000,39400100,3411,5685,39420000,28538
6,1971,39420000,39420100,3411,5685,39440000,28552
6,1972,39440000,39440100,3411,5685,39460000,28567
6,1973,39460000,39460100,3411,5685,39480000,28581
6,1974,39480000,39480100,3411,5685,39500000,28595
6,1975,39500000,39500100,3411,5685,39520000,28609
6,1976,39520000,39520100,3411,5685,39540000,28624
6,1977,39540000,39540100,3411,5685,39560000,28640
6,1978,39560000,39560100,3411,5685,39580000,28654
6,1979,39580000,39580100,3411,5685,39600000,28666
6,198,3960000,3960100,3411,5685,3980000,2875
6,1980,39600000,39600100,3411,5685,39620000,28682
6,1981,39620000,39620100,3411,5685,39640000,28696
6,1982,39640000,39640100,3411,5685,39660000,28713
6,1983,39660000,39660100,3411,5685,39680000,28726
6,1984,39680000,39680100,3411,5685,39700000,28739
6,1985,39700000,39700100,3411,5685,39720000,28755
6,1986,39720000,39720100,3411,5685,39740000,28769
6,1987,39740000,39740100,3411,5685,39760000,28783
6,1988,39760000,39760100,3411,5685,39780000,28800
6,1989,39780000,39780100,3411,5685,39800000,28811
6,199,3980000,3980100,3411,5685,4000000,2887
6,1990,39800000,39800100,3411,5685,39820000,28826
6,1991,39820000,39820100,3411,5685,39840000,28842
6,1992,39840000,39840100,3411,5685,39860000,28857
6,1993,39860000,39860100,3411,5685,39880000,28871
6,1994,39880000,39880100,3411,5685,39900000,28884
6,1995,39900000,39900100,3411,5685,39920000,28899
6,1996,39920000,39920100,3411,5685,39940000,28914
6,1997,39940000,39940100,3411,5685,39960000,28929
6,1998,39960000,39960100,3411,5685,39980000,28944
6,1999,39980000,39980100,3411,5685,40000000,28956
6,2,40000,40100,3411,5685,60000,37
6,20,400000,400100,3411,5685,420000,296
6,200,4000000,4000100,3411,5685,4020000,2904
6,2000,40000000,40000100,3411,5685,40020000,28972
6,2001,40020000,40020100,3411,5685,40040000,28985
6,2002,40040000,40040100,3411,5685,40060000,29002
6,2003,40060000,40060100,3411,5685,40080000,29016
6,2004,40080000,40080100,3411,5685,40100000,29029
6,2005,40100000,40100100,3411,5685,40120000,29044
6,2006,40120000,40120100,3411,5685,40140000,29059
6,2007,40140000,40140100,3411,5685,40160000,29074
6,2008,40160000,40160100,3411,5685,40180000,29088
6,2009,40180000,40180100,3411,5685,40200000,29101
6,201,4020000,4020100,3411,5685,4040000,2917
6,2010,40200000,40200100,3411,5685,40220000,29117
6,2011,40220000,40220100,3411,5685,40240000,29130
6,2012,40240000,40240100,3411,5685,40260000,29147
6,2013,40260000,40260100,3411,5685,40280000,29161
6,2014,40280000,40280100,3411,5685,40300000,29173
6,2015,40300000,40300100,3411,5685,40320000,29189
6,2016,40320000,40320100,3411,5685,40340000,29204
6,2017,40340000,40340100,3411,5685,40360000,29218
6,2018,40360000,40360100,3411,5685,40380000,29234
6,2019,40380000,40380100,3411,5685,40400000,29246
6,202,4040000,4040100,3411,5685,4060000,2932
6,2020,40400000,40400100,3411,5685,40420000,29261
6,2021,40420000,40420100,3411,5685,40440000,29276
6,2022,40440000,40440100,3411,5685,40460000,29291
6,2023,40460000,40460100,3411,5685,40480000,29305
6,2024,40480000,40480100,3411,5685,40500000,29319
6,2025,40500000,40500100,3411,5685,40520000,29333
6,2026,40520000,40520100,3411,5685,40540000,29349
6,2027,40540000,40540100,3411,5685,40560000,29364
6,2028,40560000,40560100,3411,5685,40580000,29378
6,2029,40580000,40580100,3411,5685,40600000,29390
6,203,4060000,4060100,3411,5685,4080000,2948
6,2030,40600000,40600100,3411,5685,40620000,29407
6,2031,40620000,40620100,3411,5685,40640000,29420
6,2032,40640000,40640100,3411,5685,40660000,29436
6,2033,40660000,40660100,3411,5685,40680000,29451
6,2034,40680000,40680100,3411,5685,40700000,29463
6,2035,40700000,40700100,3411,5685,40720000,29478
6,2036,40720000,40720100,3411,5685,40740000,29493
6,2037,40740000,40740100,3411,5685,40760000,29509
6,2038,40760000,40760100,3411,5685,40780000,29523
6,2039,40780000,40780100,3411,5685,40800000,29535
6,204,4080000,4080100,3411,5685,4100000,2960
6,2040,40800000,40800100,3411,5685,40820000,29552
6,2041,40820000,40820100,3411,5685,40840000,29565
6,2042,40840000,40840100,3411,5685,40860000,29581
6,2043,40860000,40860100,3411,5685,40880000,29595
6,2044,40880000,40880100,3411,5685,40900000,29608
6,2045,40900000,40900100,3411,5685,40920000,29623
6,2046,40920000,40920100,3411,5685,40940000,29638
6,2047,40940000,40940100,3411,5685,40960000,29653
6,2048,40960000,40960100,3411,5685,40980000,29669
6,2049,40980000,40980100,3411,5685,41000000,29680
6,205,4100000,4100100,3411,5685,4120000,2974
6,2050,41000000,41000100,3411,5685,41020000,29695
6,2051,41020000,41020100,3411,5685,41040000,29711
6,2052,41040000,41040100,3411,5685,41060000,29726
6,2053,41060000,41060100,3411,5685,41080000,29739
6,2054,41080000,41080100,3411,5685,41100000,29754
6,2055,41100000,41100100,3411,5685,41120000,29768
6,2056,41120000,41120100,3411,5685,41140000,29782
6,2057,41140000,41140100,3411,5685,41160000,29798
6,2058,41160000,41160100,3411,5685,41180000,29813
6,2059,41180000,41180100,3411,5685,41200000,29825
6,206,4120000,4120100,3411,5685,4140000,2991
6,2060,41200000,41200100,3411,5685,41220000,29841
6,2061,41220000,41220100,3411,5685,41240000,29855
6,2062,41240000,41240100,3411,5685,41260000,29871
6,2063,41260000,41260100,3411,5685,41280000,29885
6,2064,41280000,41280100,3411,5685,41300000,29897
6,2065,41300000,41300100,3411,5685,41320000,29913
6,2066,41320000,41320100,3411,5685,41340000,29928
6,2067,41340000,41340100,3411,5685,41360000,29942
6,2068,41360000,41360100,3411,5685,41380000,29958
6,2069,41380000,41380100,3411,5685,41400000,29970
6,207,4140000,4140100,3411,5685,4160000,3005
6,2070,41400000,41400100,3411,5685,41420000,29986
6,2071,41420000,41420100,3411,5685,41440000,29999
6,2072,41440000,41440100,3411,5685,41460000,30016
6,2073,41460000,41460100,3411,5685,41480000,30030
6,2074,41480000,41480100,3411,5685,41500000,30042
6,2075,41500000,41500100,3411,5685,41520000,30058
6,2076,41520000,41520100,3411,5685,41540000,30073
6,2077,41540000,41540100,3411,5685,41560000,30087
6,2078,41560000,41560100,3411,5685,41580000,30102
6,2079,41580000,41580100,3411,5685,41600000,30115
6,208,4160000,4160100,3411,5685,4180000,3019
6,2080,41600000,41600100,3411,5685,41620000,30130
6,2081,41620000,41620100,3411,5685,41640000,30145
6,2082,41640000,41640100,3411,5685,41660000,30161
6,2083,41660000,41660100,3411,5685,41680000,30174
6,2084,41680000,41680100,3411,5685,41700000,30188
6,2085,41700000,41700100,3411,5685,41720000,30202
6,2086,41720000,41720100,3411,5685,41740000,30217
6,2087,41740000,41740100,3411,5685,41760000,30233
6,2088,41760000,41760100,3411,5685,41780000,30247
6,2089,41780000,41780100,3411,5685,41800000,30259
6,209,4180000,4180100,3411,5685,4200000,3032
6,2090,41800000,41800100,3411,5685,41820000,30276
6,2091,41820000,41820100,3411,5685,41840000,30289
6,2092,41840000,41840100,3411,5685,41860000,30305
6,2093,41860000,41860100,3411,5685,41880000,30320
6,2094,41880000,41880100,3411,5685,41900000,30332
6,2095,41900000,41900100,3411,5685,41920000,30347
6,2096,41920000,41920100,3411,5685,41940000,30363
6,2097,41940000,41940100,3411,5685,41960000,30377
6,2098,41960000,41960100,3411,5685,41980000,30392
6,2099,41980000,41980100,3411,5685,42000000,30404
6,21,420000,420100,3411,5685,440000,310
6,210,4200000,4200100,3411,5685,4220000,3048
6,2100,42000000,42000100,3411,5685,42020000,30420
6,2101,42020000,42020100,3411,5685,42040000,30434
6,2102,42040000,42040100,3411,5685,42060000,30450
6,2103,42060000,42060100,3411,5685,42080000,30465
6,2104,42080000,42080100,3411,5685,42100000,30477
6,2105,42100000,42100100,3411,5685,42120000,30492
6,2106,42120000,42120100,3411,5685,42140000,30507
6,2107,42140000,42140100,3411,5685,42160000,30522
6,2108,42160000,42160100,3411,5685,42180000,30537
6,2109,42180000,42180100,3411,5685,42200000,30549
6,211,4220000,4220100,3411,5685,4240000,3062
6,2110,42200000,42200100,3411,5685,42220000,30565
6,2111,42220000,42220100,3411,5685,42240000,30579
6,2112,42240000,42240100,3411,5685,42260000,30595
6,2113,42260000,42260100,3411,5685,42280000,30608
6,2114,42280000,42280100,3411,5685,42300000,30623
6,2115,42300000,42300100,3411,5685,42320000,30637
6,2116,42320000,42320100,3411,5685,42340000,30651
6,2117,42340000,42340100,3411,5685,42360000,30668
6,2118,42360000,42360100,3411,5685,42380000,30682
6,2119,42380000,42380100,3411,5685,42400000,30693
6,212,4240000,4240100,3411,5685,4260000,3078
6,2120,42400000,42400100,3411,5685,42420000,30710
6,2121,42420000,42420100,3411,5685,42440000,30724
6,2122,42440000,42440100,3411,5685,42460000,30739
6,2123,42460000,42460100,3411,5685,42480000,30754
6,2124,42480000,42480100,3411,5685,42500000,30767
6,2125,42500000,42500100,3411,5685,42520000,30782
6,2126,42520000,42520100,3411,5685,42540000,30797
6,2127,42540000,42540100,3411,5685,42560000,30811
6,2128,42560000,42560100,3411,5685,42580000,30827
6,2129,42580000,42580100,3411,5685,42600000,30839
6,213,4260000,4260100,3411,5685,4280000,3092
6,2130,42600000,42600100,3411,5685,42620000,30854
6,2131,42620000,42620100,3411,5685,42640000,30869
6,2132,42640000,42640100,3411,5685,42660000,30885
6,2133,42660000,42660100,3411,5685,42680000,30898
6,2134,42680000,42680100,3411,5685,42700000,30911
6,2135,42700000,42700100,3411,5685,42720000,30927
6,2136,42720000,42720100,3411,5685,42740000,30942
6,2137,42740000,42740100,3411,5685,42760000,30956
6,2138,42760000,42760100,3411,5685,42780000,30972
6,2139,42780000,42780100,3411,5685,42800000,30984
6,214,4280000,4280100,3411,5685,4300000,3105
6,2140,42800000,42800100,3411,5685,42820000,30999
6,2141,42820000,42820100,3411,5685,42840000,31013
6,2142,42840000,42840100,3411,5685,42860000,31030
6,2143,42860000,42860100,3411,5685,42880000,31043
6,2144,42880000,42880100,3411,5685,42900000,31056
6,2145,42900000,42900100,3411,5685,42920000,31072
6,2146,42920000,42920100,3411,5685,42940000,31086
6,2147,42940000,42940100,3411,5685,42960000,31102
6,2148,42960000,42960100,3411,5685,42980000,31116
6,2149,42980000,42980100,3411,5685,43000000,31128
6,215,4300000,4300100,3411,5685,4320000,3120
6,2150,43000000,43000100,3411,5685,43020000,31145
6,2151,43020000,43020100,3411,5685,43040000,31158
6,2152,43040000,43040100,3411,5685,43060000,31174
6,2153,43060000,43060100,3411,5685,43080000,31189
6,2154,43080000,43080100,3411,5685,43100000,31201
6,2155,43100000,43100100,3411,5685,43120000,31215
6,2156,43120000,43120100,3411,5685,43140000,31232
6,2157,43140000,43140100,3411,5685,43160000,31246
6,2158,43160000,43160100,3411,5685,43180000,31261
6,2159,43180000,43180100,3411,5685,43200000,31274
6,216,4320000,4320100,3411,5685,4340000,3134
6,2160,43200000,43200100,3411,5685,43220000,31289
6,2161,43220000,43220100,3411,5685,43240000,31303
6,2162,43240000,43240100,3411,5685,43260000,31319
6,2163,43260000,43260100,3411,5685,43280000,31333
6,2164,43280000,43280100,3411,5685,43300000,31346
6,2165,43300000,43300100,3411,5685,43320000,31361
6,2166,43320000,43320100,3411,5685,43340000,31376
6,2167,43340000,43340100,3411,5685,43360000,31391
6,2168,43360000,43360100,3411,5685,43380000,31406
6,2169,43380000,43380100,3411,5685,43400000,31418
6,217,4340000,4340100,3411,5685,4360000,3150
6,2170,43400000,43400100,3411,5685,43420000,31434
6,2171,43420000,43420100,3411,5685,43440000,31448
6,2172,43440000,43440100,3411,5685,43460000,31464
6,2173,43460000,43460100,3411,5685,43480000,31478
6,2174,43480000,43480100,3411,5685,43500000,31491
6,2175,43500000,43500100,3411,5685,43520000,31506
6,2176,43520000,43520100,3411,5685,43540000,31520
6,2177,43540000,43540100,3411,5685,43560000,31536
6,2178,43560000,43560100,3411,5685,43580000,31551
6,2179,43580000,43580100,3411,5685,43600000,31562
6,218,4360000,4360100,3411,5685,4380000,3165
6,2180,43600000,43600100,3411,5685,43620000,31580
6,2181,43620000,43620100,3411,5685,43640000,31593
6,2182,43640000,43640100,3411,5685,43660000,31608
6,2183,43660000,43660100,3411,5685,43680000,31623
6,2184,43680000,43680100,3411,5685,43700000,31636
6,2185,43700000,43700100,3411,5685,43720000,31650
6,2186,43720000,43720100,3411,5685,43740000,31666
6,2187,43740000,43740100,3411,5685,43760000,31681
6,2188,43760000,43760100,3411,5685,43780000,31695
6,2189,43780000,43780100,3411,5685,43800000,31708
6,219,4380000,4380100,3411,5685,4400000,3176
6,2190,43800000,43800100,3411,5685,43820000,31723
6,2191,43820000,43820100,3411,5685,43840000,31738
6,2192,43840000,43840100,3411,5685,43860000,31754
6,2193,43860000,43860100,3411,5685,43880000,31767
6,2194,43880000,43880100,3411,5685,43900000,31781
6,2195,43900000,43900100,3411,5685,43920000,31796
6,2196,43920000,43920100,3411,5685,43940000,31810
6,2197,43940000,43940100,3411,5685,43960000,31825
6,2198,43960000,43960100,3411,5685,43980000,31841
6,2199,43980000,43980100,3411,5685,44000000,31852
6,22,440000,440100,3411,5685,460000,326
6,220,4400000,4400100,3411,5685,4420000,3193
6,2200,44000000,44000100,3411,5685,44020000,31868
6,2201,44020000,44020100,3411,5685,44040000,31883
6,2202,44040000,44040100,3411,5685,44060000,31899
6,2203,44060000,44060100,3411,5685,44080000,31912
6,2204,44080000,44080100,3411,5685,44100000,31925
6,2205,44100000,44100100,3411,5685,44120000,31941
6,2206,44120000,44120100,3411,5685,44140000,31955
6,2207,44140000,44140100,3411,5685,44160000,31970
6,2208,44160000,44160100,3411,5685,44180000,31986
6,2209,44180000,44180100,3411,5685,44200000,31997
6,221,4420000,4420100,3411,5685,4440000,3207
6,2210,44200000,44200100,3411,5685,44220000,32013
6,2211,44220000,44220100,3411,5685,44240000,32027
6,2212,44240000,44240100,3411,5685,44260000,32043
6,2213,44260000,44260100,3411,5685,44280000,32058
6,2214,44280000,44280100,3411,5685,44300000,32070
6,2215,44300000,44300100,3411,5685,44320000,32085
6,2216,44320000,44320100,3411,5685,44340000,32101
6,2217,44340000,44340100,3411,5685,44360000,32115
6,2218,44360000,44360100,3411,5685,44380000,32129
6,2219,44380000,44380100,3411,5685,44400000,32143
6,222,4440000,4440100,3411,5685,4460000,3223
6,2220,44400000,44400100,3411,5685,44420000,32158
6,2221,44420000,44420100,3411,5685,44440000,32171
6,2222,44440000,44440100,3411,5685,44460000,32189
6,2223,44460000,44460100,3411,5685,44480000,32202
6,2224,44480000,44480100,3411,5685,44500000,32215
6,2225,44500000,44500100,3411,5685,44520000,32230
6,2226,44520000,44520100,3411,5685,44540000,32245
6,2227,44540000,44540100,3411,5685,44560000,32260
6,2228,44560000,44560100,3411,5685,44580000,32275
6,2229,44580000,44580100,3411,5685,44600000,32287
6,223,4460000,4460100,3411,5685,4480000,3236
6,2230,44600000,44600100,3411,5685,44620000,32303
6,2231,44620000,44620100,3411,5685,44640000,32317
6,2232,44640000,44640100,3411,5685,44660000,32332
6,2233,44660000,44660100,3411,5685,44680000,32347
6,2234,44680000,44680100,3411,5685,44700000,32360
6,2235,44700000,44700100,3411,5685,44720000,32375
6,2236,44720000,44720100,3411,5685,44740000,32390
6,2237,44740000,44740100,3411,5685,44760000,32405
6,2238,44760000,44760100,3411,5685,44780000,32420
6,2239,44780000,44780100,3411,5685,44800000,32431
6,224,4480000,4480100,3411,5685,4500000,3250
6,2240,44800000,44800100,3411,5685,44820000,32448
6,2241,44820000,44820100,3411,5685,44840000,32462
6,2242,44840000,44840100,3411,5685,44860000,32477
6,2243,44860000,44860100,3411,5685,44880000,32492
6,2244,44880000,44880100,3411,5685,44900000,32505
6,2245,44900000,44900100,3411,5685,44920000,32519
6,2246,44920000,44920100,3411,5685,44940000,32535
6,2247,44940000,44940100,3411,5685,44960000,32550
6,2248,44960000,44960100,3411,5685,44980000,32564
6,2249,44980000,44980100,3411,5685,45000000,32577
6,225,4500000,4500100,3411,5685,4520000,3265
6,2250,45000000,45000100,3411,5685,45020000,32593
6,2251,45020000,45020100,3411,5685,45040000,32606
6,2252,45040000,45040100,3411,5685,45060000,32623
6,2253,45060000,45060100,3411,5685,45080000,32636
6,2254,45080000,45080100,3411,5685,45100000,32649
6,2255,45100000,45100100,3411,5685,45120000,32665
6,2256,45120000,45120100,3411,5685,45140000,32679
6,2257,45140000,45140100,3411,5685,45160000,32695
6,2258,45160000,45160100,3411,5685,45180000,32710
6,2259,45180000,45180100,3411,5685,45200000,32721
6,226,4520000,4520100,3411,5685,4540000,3279
6,2260,45200000,45200100,3411,5685,45220000,32737
6,2261,45220000,45220100,3411,5685,45240000,32752
6,2262,45240000,45240100,3411,5685,45260000,32767
6,2263,45260000,45260100,3411,5685,45280000,32781
6,2264,45280000,45280100,3411,5685,45300000,32795
6,2265,45300000,45300100,3411,5685,45320000,32809
6,2266,45320000,45320100,3411,5685,45340000,32824
6,2267,45340000,45340100,3411,5685,45360000,32839
6,2268,45360000,45360100,3411,5685,45380000,32855
6,2269,45380000,45380100,3411,5685,45400000,32866
6,227,4540000,4540100,3411,5685,4560000,3295
6,2270,45400000,45400100,3411,5685,45420000,32882
6,2271,45420000,45420100,3411,5685,45440000,32897
6,2272,45440000,45440100,3411,5685,45460000,32912
6,2273,45460000,45460100,3411,5685,45480000,32926
6,2274,45480000,45480100,3411,5685,45500000,32939
6,2275,45500000,45500100,3411,5685,45520000,32954
6,2276,45520000,45520100,3411,5685,45540000,32969
6,2277,45540000,45540100,3411,5685,45560000,32984
6,2278,45560000,45560100,3411,5685,45580000,32999
6,2279,45580000,45580100,3411,5685,45600000,33012
6,228,4560000,4560100,3411,5685,4580000,3310
6,2280,45600000,45600100,3411,5685,45620000,33027
6,2281,45620000,45620100,3411,5685,45640000,33040
6,2282,45640000,45640100,3411,5685,45660000,33058
6,2283,45660000,45660100,3411,5685,45680000,33071
6,2284,45680000,45680100,3411,5685,45700000,33083
6,2285,45700000,45700100,3411,5685,45720000,33100
6,2286,45720000,45720100,3411,5685,45740000,33114
6,2287,45740000,45740100,3411,5685,45760000,33128
6,2288,45760000,45760100,3411,5685,45780000,33144
6,2289,45780000,45780100,3411,5685,45800000,33156
6,229,4580000,4580100,3411,5685,4600000,3321
6,2290,45800000,45800100,3411,5685,45820000,33172
6,2291,45820000,45820100,3411,5685,45840000,33186
6,2292,45840000,45840100,3411,5685,45860000,33202
6,2293,45860000,45860100,3411,5685,45880000,33216
6,2294,45880000,45880100,3411,5685,45900000,33229
6,2295,45900000,45900100,3411,5685,45920000,33243
6,2296,45920000,45920100,3411,5685,45940000,33259
6,2297,45940000,45940100,3411,5685,45960000,33274
6,2298,45960000,45960100,3411,5685,45980000,33288
6,2299,45980000,45980100,3411,5685,46000000,33301
6,23,460000,460100,3411,5685,480000,340
6,230,4600000,4600100,3411,5685,4620000,3337
6,2300,46000000,46000100,3411,5685,46020000,33317
6,2301,46020000,46020100,3411,5685,46040000,33331
6,2302,46040000,46040100,3411,5685,46060000,33346
6,2303,46060000,46060100,3411,5685,46080000,33361
6,2304,46080000,46080100,3411,5685,46100000,33374
6,2305,46100000,46100100,3411,5685,46120000,33388
6,2306,46120000,46120100,3411,5685,46140000,33404
6,2307,46140000,46140100,3411,5685,46160000,33419
6,2308,46160000,46160100,3411,5685,46180000,33433
6,2309,46180000,46180100,3411,5685,46200000,33445
6,231,4620000,4620100,3411,5685,4640000,3352
6,232,4640000,4640100,3411,5685,4660000,3367
6,233,4660000,4660100,3411,5685,4680000,3382
6,234,4680000,4680100,3411,5685,4700000,3395
6,235,4700000,4700100,3411,5685,4720000,3409
6,236,4720000,4720100,3411,5685,4740000,3425
6,237,4740000,4740100,3411,5685,4760000,3439
6,238,4760000,4760100,3411,5685,4780000,3454
6,239,4780000,4780100,3411,5685,4800000,3467
6,24,480000,480100,3411,5685,500000,354
6,240,4800000,4800100,3411,5685,4820000,3482
6,241,4820000,4820100,3411,5685,4840000,3496
6,242,4840000,4840100,3411,5685,4860000,3513
6,243,4860000,4860100,3411,5685,4880000,3526
6,244,4880000,4880100,3411,5685,4900000,3539
6,245,4900000,4900100,3411,5685,4920000,3555
6,246,4920000,4920100,3411,5685,4940000,3569
6,247,4940000,4940100,3411,5685,4960000,3584
6,248,4960000,4960100,3411,5685,4980000,3600
6,249,4980000,4980100,3411,5685,5000000,3611
6,25,500000,500100,3411,5685,520000,368
6,250,5000000,5000100,3411,5685,5020000,3627
6,251,5020000,5020100,3411,5685,5040000,3641
6,252,5040000,5040100,3411,5685,5060000,3657
6,253,5060000,5060100,3411,5685,5080000,3671
6,254,5080000,5080100,3411,5685,5100000,3684
6,255,5100000,5100100,3411,5685,5120000,3700
6,256,5120000,5120100,3411,5685,5140000,3714
6,257,5140000,5140100,3411,5685,5160000,3729
6,258,5160000,5160100,3411,5685,5180000,3744
6,259,5180000,5180100,3411,5685,5200000,3756
6,26,520000,520100,3411,5685,540000,383
6,260,5200000,5200100,3411,5685,5220000,3772
6,261,5220000,5220100,3411,5685,5240000,3786
6,262,5240000,5240100,3411,5685,5260000,3802
6,263,5260000,5260100,3411,5685,5280000,3816
6,264,5280000,5280100,3411,5685,5300000,3829
6,265,5300000,5300100,3411,5685,5320000,3843
6,266,5320000,5320100,3411,5685,5340000,3860
6,267,5340000,5340100,3411,5685,5360000,3874
6,268,5360000,5360100,3411,5685,5380000,3888
6,269,5380000,5380100,3411,5685,5400000,3902
6,27,540000,540100,3411,5685,560000,398
6,270,5400000,5400100,3411,5685,5420000,3917
6,271,5420000,5420100,3411,5685,5440000,3930
6,272,5440000,5440100,3411,5685,5460000,3947
6,273,5460000,5460100,3411,5685,5480000,3961
6,274,5480000,5480100,3411,5685,5500000,3973
6,275,5500000,5500100,3411,5685,5520000,3989
6,276,5520000,5520100,3411,5685,5540000,4004
6,277,5540000,5540100,3411,5685,5560000,4019
6,278,5560000,5560100,3411,5685,5580000,4034
6,279,5580000,5580100,3411,5685,5600000,4045
6,28,560000,560100,3411,5685,580000,413
6,280,5600000,5600100,3411,5685,5620000,4062
6,281,5620000,5620100,3411,5685,5640000,4076
6,282,5640000,5640100,3411,5685,5660000,4091
6,283,5660000,5660100,3411,5685,5680000,4106
6,284,5680000,5680100,3411,5685,5700000,4119
6,285,5700000,5700100,3411,5685,5720000,4133
6,286,5720000,5720100,3411,5685,5740000,4148
6,287,5740000,5740100,3411,5685,5760000,4164
6,288,5760000,5760100,3411,5685,5780000,4179
6,289,5780000,5780100,3411,5685,5800000,4190
6,29,580000,580100,3411,5685,600000,425
6,290,5800000,5800100,3411,5685,5820000,4207
6,291,5820000,5820100,3411,5685,5840000,4221
6,292,5840000,5840100,3411,5685,5860000,4236
6,293,5860000,5860100,3411,5685,5880000,4250
6,294,5880000,5880100,3411,5685,5900000,4264
6,295,5900000,5900100,3411,5685,5920000,4278
6,296,5920000,5920100,3411,5685,5940000,4293
6,297,5940000,5940100,3411,5685,5960000,4309
6,298,5960000,5960100,3411,5685,5980000,4323
6,299,5980000,5980100,3411,5685,6000000,4336
6,3,60000,60100,3411,5685,80000,51
6,30,600000,600100,3411,5685,620000,441
6,300,6000000,6000100,3411,5685,6020000,4351
6,301,6020000,6020100,3411,5685,6040000,4365
6,302,6040000,6040100,3411,5685,6060000,4382
6,303,6060000,6060100,3411,5685,6080000,4395
6,304,6080000,6080100,3411,5685,6100000,4408
6,305,6100000,6100100,3411,5685,6120000,4424
6,306,6120000,6120100,3411,5685,6140000,4438
6,307,6140000,6140100,3411,5685,6160000,4452
6,308,6160000,6160100,3411,5685,6180000,4469
6,309,6180000,6180100,3411,5685,6200000,4480
6,31,620000,620100,3411,5685,640000,455
6,310,6200000,6200100,3411,5685,6220000,4496
6,311,6220000,6220100,3411,5685,6240000,4511
6,312,6240000,6240100,3411,5685,6260000,4526
6,313,6260000,6260100,3411,5685,6280000,4540
6,314,6280000,6280100,3411,5685,6300000,4553
6,315,6300000,6300100,3411,5685,6320000,4568
6,316,6320000,6320100,3411,5685,6340000,4583
6,317,6340000,6340100,3411,5685,6360000,4598
6,318,6360000,6360100,3411,5685,6380000,4613
6,319,6380000,6380100,3411,5685,6400000,4625
6,32,640000,640100,3411,5685,660000,471
6,320,6400000,6400100,3411,5685,6420000,4641
6,321,6420000,6420100,3411,5685,6440000,4655
6,322,6440000,6440100,3411,5685,6460000,4671
6,323,6460000,6460100,3411,5685,6480000,4685
6,324,6480000,6480100,3411,5685,6500000,4698
6,325,6500000,6500100,3411,5685,6520000,4713
6,326,6520000,6520100,3411,5685,6540000,4728
6,327,6540000,6540100,3411,5685,6560000,4743
6,328,6560000,6560100,3411,5685,6580000,4757
6,329,6580000,6580100,3411,5685,6600000,4770
6,33,660000,660100,3411,5685,680000,485
6,330,6600000,6600100,3411,5685,6620000,4786
6,331,6620000,6620100,3411,5685,6640000,4799
6,332,6640000,6640100,3411,5685,6660000,4817
6,333,6660000,6660100,3411,5685,6680000,4830
6,334,6680000,6680100,3411,5685,6700000,4842
6,335,6700000,6700100,3411,5685,6720000,4858
6,336,6720000,6720100,3411,5685,6740000,4873
6,337,6740000,6740100,3411,5685,6760000,4887
6,338,6760000,6760100,3411,5685,6780000,4903
6,339,6780000,6780100,3411,5685,6800000,4915
6,34,680000,680100,3411,5685,700000,497
6,340,6800000,6800100,3411,5685,6820000,4930
6,341,6820000,6820100,3411,5685,6840000,4945
6,342,6840000,6840100,3411,5685,6860000,4960
6,343,6860000,6860100,3411,5685,6880000,4975
6,344,6880000,6880100,3411,5685,6900000,4988
6,345,6900000,6900100,3411,5685,6920000,5002
6,346,6920000,6920100,3411,5685,6940000,5018
6,347,6940000,6940100,3411,5685,6960000,5033
6,348,6960000,6960100,3411,5685,6980000,5047
6,349,6980000,6980100,3411,5685,7000000,5059
6,35,700000,700100,3411,5685,720000,514
6,350,7000000,7000100,3411,5685,7020000,5076
6,351,7020000,7020100,3411,5685,7040000,5089
6,352,7040000,7040100,3411,5685,7060000,5105
6,353,7060000,7060100,3411,5685,7080000,5120
6,354,7080000,7080100,3411,5685,7100000,5133
6,355,7100000,7100100,3411,5685,7120000,5147
6,356,7120000,7120100,3411,5685,7140000,5162
6,357,7140000,7140100,3411,5685,7160000,5178
6,358,7160000,7160100,3411,5685,7180000,5192
6,359,7180000,7180100,3411,5685,7200000,5204
6,36,720000,720100,3411,5685,740000,528
6,360,7200000,7200100,3411,5685,7220000,5221
6,361,7220000,7220100,3411,5685,7240000,5234
6,362,7240000,7240100,3411,5685,7260000,5250
6,363,7260000,7260100,3411,5685,7280000,5264
6,364,7280000,7280100,3411,5685,7300000,5277
6,365,7300000,7300100,3411,5685,7320000,5293
6,366,7320000,7320100,3411,5685,7340000,5307
6,367,7340000,7340100,3411,5685,7360000,5322
6,368,7360000,7360100,3411,5685,7380000,5338
6,369,7380000,7380100,3411,5685,7400000,5349
6,37,740000,740100,3411,5685,760000,542
6,370,7400000,7400100,3411,5685,7420000,5364
6,371,7420000,7420100,3411,5685,7440000,5380
6,372,7440000,7440100,3411,5685,7460000,5395
6,373,7460000,7460100,3411,5685,7480000,5408
6,374,7480000,7480100,3411,5685,7500000,5423
6,375,7500000,7500100,3411,5685,7520000,5437
6,376,7520000,7520100,3411,5685,7540000,5452
6,377,7540000,7540100,3411,5685,7560000,5467
6,378,7560000,7560100,3411,5685,7580000,5482
6,379,7580000,7580100,3411,5685,7600000,5494
6,38,760000,760100,3411,5685,780000,559
6,380,7600000,7600100,3411,5685,7620000,5510
6,381,7620000,7620100,3411,5685,7640000,5524
6,382,7640000,7640100,3411,5685,7660000,5540
6,383,7660000,7660100,3411,5685,7680000,5554
6,384,7680000,7680100,3411,5685,7700000,5566
6,385,7700000,7700100,3411,5685,7720000,5582
6,386,7720000,7720100,3411,5685,7740000,5597
6,387,7740000,7740100,3411,5685,7760000,5612
6,388,7760000,7760100,3411,5685,7780000,5627
6,389,7780000,7780100,3411,5685,7800000,5639
6,39,780000,780100,3411,5685,800000,570
6,390,7800000,7800100,3411,5685,7820000,5655
6,391,7820000,7820100,3411,5685,7840000,5668
6,392,7840000,7840100,3411,5685,7860000,5685
6,393,7860000,7860100,3411,5685,7880000,5699
6,394,7880000,7880100,3411,5685,7900000,5711
6,395,7900000,7900100,3411,5685,7920000,5727
6,396,7920000,7920100,3411,5685,7940000,5742
6,397,7940000,7940100,3411,5685,7960000,5756
6,398,7960000,7960100,3411,5685,7980000,5772
6,399,7980000,7980100,3411,5685,8000000,5784
6,4,80000,80100,3411,5685,100000,63
6,40,800000,800100,3411,5685,820000,585
6,400,8000000,8000100,3411,5685,8020000,5799
6,401,8020000,8020100,3411,5685,8040000,5814
6,402,8040000,8040100,3411,5685,8060000,5830
6,403,8060000,8060100,3411,5685,8080000,5843
6,404,8080000,8080100,3411,5685,8100000,5857
6,405,8100000,8100100,3411,5685,8120000,5871
6,406,8120000,8120100,3411,5685,8140000,5886
6,407,8140000,8140100,3411,5685,8160000,5902
6,408,8160000,8160100,3411,5685,8180000,5916
6,409,8180000,8180100,3411,5685,8200000,5929
6,41,820000,820100,3411,5685,840000,600
6,410,8200000,8200100,3411,5685,8220000,5945
6,411,8220000,8220100,3411,5685,8240000,5958
6,412,8240000,8240100,3411,5685,8260000,5974
6,413,8260000,8260100,3411,5685,8280000,5989
6,414,8280000,8280100,3411,5685,8300000,6001
6,415,8300000,8300100,3411,5685,8320000,6016
6,416,8320000,8320100,3411,5685,8340000,6032
6,417,8340000,8340100,3411,5685,8360000,6046
6,418,8360000,8360100,3411,5685,8380000,6061
6,419,8380000,8380100,3411,5685,8400000,6073
6,42,840000,840100,3411,5685,860000,616
6,420,8400000,8400100,3411,5685,8420000,6090
6,421,8420000,8420100,3411,5685,8440000,6103
6,422,8440000,8440100,3411,5685,8460000,6119
6,423,8460000,8460100,3411,5685,8480000,6134
6,424,8480000,8480100,3411,5685,8500000,6146
6,425,8500000,8500100,3411,5685,8520000,6161
6,426,8520000,8520100,3411,5685,8540000,6176
6,427,8540000,8540100,3411,5685,8560000,6191
6,428,8560000,8560100,3411,5685,8580000,6206
6,429,8580000,8580100,3411,5685,8600000,6218
6,43,860000,860100,3411,5685,880000,629
6,430,8600000,8600100,3411,5685,8620000,6234
6,431,8620000,8620100,3411,5685,8640000,6249
6,432,8640000,8640100,3411,5685,8660000,6264
6,433,8660000,8660100,3411,5685,8680000,6277
6,434,8680000,8680100,3411,5685,8700000,6292
6,435,8700000,8700100,3411,5685,8720000,6306
6,436,8720000,8720100,3411,5685,8740000,6320
6,437,8740000,8740100,3411,5685,8760000,6337
6,438,8760000,8760100,3411,5685,8780000,6351
6,439,8780000,8780100,3411,5685,8800000,6362
6,44,880000,880100,3411,5685,900000,643
6,440,8800000,8800100,3411,5685,8820000,6379
6,441,8820000,8820100,3411,5685,8840000,6393
6,442,8840000,8840100,3411,5685,8860000,6409
6,443,8860000,8860100,3411,5685,8880000,6423
6,444,8880000,8880100,3411,5685,8900000,6436
6,445,8900000,8900100,3411,5685,8920000,6451
6,446,8920000,8920100,3411,5685,8940000,6466
6,447,8940000,8940100,3411,5685,8960000,6480
6,448,8960000,8960100,3411,5685,8980000,6496
6,449,8980000,8980100,3411,5685,9000000,6508
6,45,900000,900100,3411,5685,920000,658
6,450,9000000,9000100,3411,5685,9020000,6523
6,451,9020000,9020100,3411,5685,9040000,6538
6,452,9040000,9040100,3411,5685,9060000,6554
6,453,9060000,9060100,3411,5685,9080000,6568
6,454,9080000,9080100,3411,5685,9100000,6580
6,455,9100000,9100100,3411,5685,9120000,6596
6,456,9120000,9120100,3411,5685,9140000,6611
6,457,9140000,9140100,3411,5685,9160000,6625
6,458,9160000,9160100,3411,5685,9180000,6641
6,459,9180000,9180100,3411,5685,9200000,6653
6,46,920000,920100,3411,5685,940000,673
6,460,9200000,9200100,3411,5685,9220000,6668
6,461,9220000,9220100,3411,5685,9240000,6682
6,462,9240000,9240100,3411,5685,9260000,6699
6,463,9260000,9260100,3411,5685,9280000,6712
6,464,9280000,9280100,3411,5685,9300000,6726
6,465,9300000,9300100,3411,5685,9320000,6741
6,466,9320000,9320100,3411,5685,9340000,6755
6,467,9340000,9340100,3411,5685,9360000,6771
6,468,9360000,9360100,3411,5685,9380000,6785
6,469,9380000,9380100,3411,5685,9400000,6797
6,47,940000,940100,3411,5685,960000,688
6,470,9400000,9400100,3411,5685,9420000,6814
6,471,9420000,9420100,3411,5685,9440000,6827
6,472,9440000,9440100,3411,5685,9460000,6843
6,473,9460000,9460100,3411,5685,9480000,6858
6,474,9480000,9480100,3411,5685,9500000,6870
6,475,9500000,9500100,3411,5685,9520000,6885
6,476,9520000,9520100,3411,5685,9540000,6901
6,477,9540000,9540100,3411,5685,9560000,6915
6,478,9560000,9560100,3411,5685,9580000,6930
6,479,9580000,9580100,3411,5685,9600000,6943
6,48,960000,960100,3411,5685,980000,702
6,480,9600000,9600100,3411,5685,9620000,6958
6,481,9620000,9620100,3411,5685,9640000,6972
6,482,9640000,9640100,3411,5685,9660000,6988
6,483,9660000,9660100,3411,5685,9680000,7002
6,484,9680000,9680100,3411,5685,9700000,7015
6,485,9700000,9700100,3411,5685,9720000,7030
6,486,9720000,9720100,3411,5685,9740000,7046
6,487,9740000,9740100,3411,5685,9760000,7060
6,488,9760000,9760100,3411,5685,9780000,7075
6,489,9780000,9780100,3411,5685,9800000,7087
6,49,980000,980100,3411,5685,1000000,715
6,490,9800000,9800100,3411,5685,9820000,7103
6,491,9820000,9820100,3411,5685,9840000,7117
6,492,9840000,9840100,3411,5685,9860000,7133
6,493,9860000,9860100,3411,5685,9880000,7147
6,494,9880000,9880100,3411,5685,9900000,7160
6,495,9900000,9900100,3411,5685,9920000,7175
6,496,9920000,9920100,3411,5685,9940000,7189
6,497,9940000,9940100,3411,5685,9960000,7206
6,498,9960000,9960100,3411,5685,9980000,7220
6,499,9980000,9980100,3411,5685,10000000,7231
6,5,100000,100100,3411,5685,120000,79
6,50,1000000,1000100,3411,5685,1020000,731
6,500,10000000,10000100,3411,5685,10020000,7249
6,501,10020000,10020100,3411,5685,10040000,7262
6,502,10040000,10040100,3411,5685,10060000,7277
6,503,10060000,10060100,3411,5685,10080000,7292
6,504,10080000,10080100,3411,5685,10100000,7305
6,505,10100000,10100100,3411,5685,10120000,7319
6,506,10120000,10120100,3411,5685,10140000,7335
6,507,10140000,10140100,3411,5685,10160000,7350
6,508,10160000,10160100,3411,5685,10180000,7365
6,509,10180000,10180100,3411,5685,10200000,7377
6,51,1020000,1020100,3411,5685,1040000,744
6,510,10200000,10200100,3411,5685,10220000,7392
6,511,10220000,10220100,3411,5685,10240000,7407
6,512,10240000,10240100,3411,5685,10260000,7423
6,513,10260000,10260100,3411,5685,10280000,7436
6,514,10280000,10280100,3411,5685,10300000,7450
6,515,10300000,10300100,3411,5685,10320000,7465
6,516,10320000,10320100,3411,5685,10340000,7479
6,517,10340000,10340100,3411,5685,10360000,7494
6,518,10360000,10360100,3411,5685,10380000,7510
6,519,10380000,10380100,3411,5685,10400000,7522
6,52,1040000,1040100,3411,5685,1060000,761
6,520,10400000,10400100,3411,5685,10420000,7537
6,521,10420000,10420100,3411,5685,10440000,7552
6,522,10440000,10440100,3411,5685,10460000,7568
6,523,10460000,10460100,3411,5685,10480000,7581
6,524,10480000,10480100,3411,5685,10500000,7594
6,525,10500000,10500100,3411,5685,10520000,7610
6,526,10520000,10520100,3411,5685,10540000,7624
6,527,10540000,10540100,3411,5685,10560000,7639
6,528,10560000,10560100,3411,5685,10580000,7655
6,529,10580000,10580100,3411,5685,10600000,7666
6,53,1060000,1060100,3411,5685,1080000,775
6,530,10600000,10600100,3411,5685,10620000,7683
6,531,10620000,10620100,3411,5685,10640000,7696
6,532,10640000,10640100,3411,5685,10660000,7712
6,533,10660000,10660100,3411,5685,10680000,7727
6,534,10680000,10680100,3411,5685,10700000,7739
6,535,10700000,10700100,3411,5685,10720000,7754
6,536,10720000,10720100,3411,5685,10740000,7770
6,537,10740000,10740100,3411,5685,10760000,7784
6,538,10760000,10760100,3411,5685,10780000,7798
6,539,10780000,10780100,3411,5685,10800000,7812
6,54,1080000,1080100,3411,5685,1100000,787
6,540,10800000,10800100,3411,5685,10820000,7827
6,541,10820000,10820100,3411,5685,10840000,7841
6,542,10840000,10840100,3411,5685,10860000,7858
6,543,10860000,10860100,3411,5685,10880000,7871
6,544,10880000,10880100,3411,5685,10900000,7884
6,545,10900000,10900100,3411,5685,10920000,7899
6,546,10920000,10920100,3411,5685,10940000,7914
6,547,10940000,10940100,3411,5685,10960000,7929
6,548,10960000,10960100,3411,5685,10980000,7944
6,549,10980000,10980100,3411,5685,11000000,7956
6,55,1100000,1100100,3411,5685,1120000,802
6,550,11000000,11000100,3411,5685,11020000,7972
6,551,11020000,11020100,3411,5685,11040000,7986
6,552,11040000,11040100,3411,5685,11060000,8002
6,553,11060000,11060100,3411,5685,11080000,8016
6,554,11080000,11080100,3411,5685,11100000,8029
6,555,11100000,11100100,3411,5685,11120000,8044
6,556,11120000,11120100,3411,5685,11140000,8059
6,557,11140000,11140100,3411,5685,11160000,8074
6,558,11160000,11160100,3411,5685,11180000,8089
6,559,11180000,11180100,3411,5685,11200000,8100
6,56,1120000,1120100,3411,5685,1140000,818
6,560,11200000,11200100,3411,5685,11220000,8117
6,561,11220000,11220100,3411,5685,11240000,8131
6,562,11240000,11240100,3411,5685,11260000,8146
6,563,11260000,11260100,3411,5685,11280000,8162
6,564,11280000,11280100,3411,5685,11300000,8174
6,565,11300000,11300100,3411,5685,11320000,8188
6,566,11320000,11320100,3411,5685,11340000,8204
6,567,11340000,11340100,3411,5685,11360000,8219
6,568,11360000,11360100,3411,5685,11380000,8233
6,569,11380000,11380100,3411,5685,11400000,8246
6,57,1140000,1140100,3411,5685,1160000,833
6,570,11400000,11400100,3411,5685,11420000,8262
6,571,11420000,11420100,3411,5685,11440000,8275
6,572,11440000,11440100,3411,5685,11460000,8292
6,573,11460000,11460100,3411,5685,11480000,8305
6,574,11480000,11480100,3411,5685,11500000,8319
6,575,11500000,11500100,3411,5685,11520000,8334
6,576,11520000,11520100,3411,5685,11540000,8348
6,577,11540000,11540100,3411,5685,11560000,8364
6,578,11560000,11560100,3411,5685,11580000,8379
6,579,11580000,11580100,3411,5685,11600000,8390
6,58,1160000,1160100,3411,5685,1180000,847
6,580,11600000,11600100,3411,5685,11620000,8406
6,581,11620000,11620100,3411,5685,11640000,8421
6,582,11640000,11640100,3411,5685,11660000,8436
6,583,11660000,11660100,3411,5685,11680000,8450
6,584,11680000,11680100,3411,5685,11700000,8464
6,585,11700000,11700100,3411,5685,11720000,8479
6,586,11720000,11720100,3411,5685,11740000,8493
6,587,11740000,11740100,3411,5685,11760000,8508
6,588,11760000,11760100,3411,5685,11780000,8524
6,589,11780000,11780100,3411,5685,11800000,8535
6,59,1180000,1180100,3411,5685,1200000,860
6,590,11800000,11800100,3411,5685,11820000,8551
6,591,11820000,11820100,3411,5685,11840000,8566
6,592,11840000,11840100,3411,5685,11860000,8581
6,593,11860000,11860100,3411,5685,11880000,8595
6,594,11880000,11880100,3411,5685,11900000,8608
6,595,11900000,11900100,3411,5685,11920000,8623
6,596,11920000,11920100,3411,5685,11940000,8639
6,597,11940000,11940100,3411,5685,11960000,8653
6,598,11960000,11960100,3411,5685,11980000,8668
6,599,11980000,11980100,3411,5685,12000000,8681
6,6,120000,120100,3411,5685,140000,93
6,60,1200000,1200100,3411,5685,1220000,876
6,600,12000000,12000100,3411,5685,12020000,8696
6,601,12020000,12020100,3411,5685,12040000,8709
6,602,12040000,12040100,3411,5685,12060000,8727
6,603,12060000,12060100,3411,5685,12080000,8740
6,604,12080000,12080100,3411,5685,12100000,8752
6,605,12100000,12100100,3411,5685,12120000,8769
6,606,12120000,12120100,3411,5685,12140000,8783
6,607,12140000,12140100,3411,5685,12160000,8798
6,608,12160000,12160100,3411,5685,12180000,8813
6,609,12180000,12180100,3411,5685,12200000,8825
6,61,1220000,1220100,3411,5685,1240000,889
6,610,12200000,12200100,3411,5685,12220000,8841
6,611,12220000,12220100,3411,5685,12240000,8855
6,612,12240000,12240100,3411,5685,12260000,8871
6,613,12260000,12260100,3411,5685,12280000,8885
6,614,12280000,12280100,3411,5685,12300000,8898
6,615,12300000,12300100,3411,5685,12320000,8912
6,616,12320000,12320100,3411,5685,12340000,8928
6,617,12340000,12340100,3411,5685,12360000,8943
6,618,12360000,12360100,3411,5685,12380000,8958
6,619,12380000,12380100,3411,5685,12400000,8970
6,62,1240000,1240100,3411,5685,1260000,905
6,620,12400000,12400100,3411,5685,12420000,8986
6,621,12420000,12420100,3411,5685,12440000,9000
6,622,12440000,12440100,3411,5685,12460000,9015
6,623,12460000,12460100,3411,5685,12480000,9030
6,624,12480000,12480100,3411,5685,12500000,9043
6,625,12500000,12500100,3411,5685,12520000,9057
6,626,12520000,12520100,3411,5685,12540000,9073
6,627,12540000,12540100,3411,5685,12560000,9088
6,628,12560000,12560100,3411,5685,12580000,9102
6,629,12580000,12580100,3411,5685,12600000,9115
6,63,1260000,1260100,3411,5685,1280000,920
6,630,12600000,12600100,3411,5685,12620000,9131
6,631,12620000,12620100,3411,5685,12640000,9144
6,632,12640000,12640100,3411,5685,12660000,9161
6,633,12660000,12660100,3411,5685,12680000,9175
6,634,12680000,12680100,3411,5685,12700000,9187
6,635,12700000,12700100,3411,5685,12720000,9203
6,636,12720000,12720100,3411,5685,12740000,9217
6,637,12740000,12740100,3411,5685,12760000,9232
6,638,12760000,12760100,3411,5685,12780000,9248
6,639,12780000,12780100,3411,5685,12800000,9259
6,64,1280000,1280100,3411,5685,1300000,932
6,640,12800000,12800100,3411,5685,12820000,9276
6,641,12820000,12820100,3411,5685,12840000,9290
6,642,12840000,12840100,3411,5685,12860000,9305
6,643,12860000,12860100,3411,5685,12880000,9319
6,644,12880000,12880100,3411,5685,12900000,9333
6,645,12900000,12900100,3411,5685,12920000,9347
6,646,12920000,12920100,3411,5685,12940000,9362
6,647,12940000,12940100,3411,5685,12960000,9378
6,648,12960000,12960100,3411,5685,12980000,9392
6,649,12980000,12980100,3411,5685,13000000,9404
6,65,1300000,1300100,3411,5685,1320000,947
6,650,13000000,13000100,3411,5685,13020000,9420
6,651,13020000,13020100,3411,5685,13040000,9435
6,652,13040000,13040100,3411,5685,13060000,9450
6,653,13060000,13060100,3411,5685,13080000,9464
6,654,13080000,13080100,3411,5685,13100000,9478
6,655,13100000,13100100,3411,5685,13120000,9492
6,656,13120000,13120100,3411,5685,13140000,9507
6,657,13140000,13140100,3411,5685,13160000,9522
6,658,13160000,13160100,3411,5685,13180000,9537
6,659,13180000,13180100,3411,5685,13200000,9549
6,66,1320000,1320100,3411,5685,1340000,963
6,660,13200000,13200100,3411,5685,13220000,9565
6,661,13220000,13220100,3411,5685,13240000,9579
6,662,13240000,13240100,3411,5685,13260000,9596
6,663,13260000,13260100,3411,5685,13280000,9609
6,664,13280000,13280100,3411,5685,13300000,9621
6,665,13300000,13300100,3411,5685,13320000,9638
6,666,13320000,13320100,3411,5685,13340000,9652
6,667,13340000,13340100,3411,5685,13360000,9666
6,668,13360000,13360100,3411,5685,13380000,9683
6,669,13380000,13380100,3411,5685,13400000,9694
6,67,1340000,1340100,3411,5685,1360000,977
6,670,13400000,13400100,3411,5685,13420000,9709
6,671,13420000,13420100,3411,5685,13440000,9724
6,672,13440000,13440100,3411,5685,13460000,9740
6,673,13460000,13460100,3411,5685,13480000,9754
6,674,13480000,13480100,3411,5685,13500000,9767
6,675,13500000,13500100,3411,5685,13520000,9782
6,676,13520000,13520100,3411,5685,13540000,9797
6,677,13540000,13540100,3411,5685,13560000,9812
6,678,13560000,13560100,3411,5685,13580000,9826
6,679,13580000,13580100,3411,5685,13600000,9839
6,68,1360000,1360100,3411,5685,1380000,993
6,680,13600000,13600100,3411,5685,13620000,9855
6,681,13620000,13620100,3411,5685,13640000,9868
6,682,13640000,13640100,3411,5685,13660000,9885
6,683,13660000,13660100,3411,5685,13680000,9899
6,684,13680000,13680100,3411,5685,13700000,9912
6,685,13700000,13700100,3411,5685,13720000,9926
6,686,13720000,13720100,3411,5685,13740000,9942
6,687,13740000,13740100,3411,5685,13760000,9957
6,688,13760000,13760100,3411,5685,13780000,9971
6,689,13780000,13780100,3411,5685,13800000,9984
6,69,1380000,1380100,3411,5685,1400000,1004
6,690,13800000,13800100,3411,5685,13820000,10000
6,691,13820000,13820100,3411,5685,13840000,10013
6,692,13840000,13840100,3411,5685,13860000,10029
6,693,13860000,13860100,3411,5685,13880000,10044
6,694,13880000,13880100,3411,5685,13900000,10056
6,695,13900000,13900100,3411,5685,13920000,10072
6,696,13920000,13920100,3411,5685,13940000,10087
6,697,13940000,13940100,3411,5685,13960000,10101
6,698,13960000,13960100,3411,5685,13980000,10117
6,699,13980000,13980100,3411,5685,14000000,10128
6,7,140000,140100,3411,5685,160000,108
6,70,1400000,1400100,3411,5685,1420000,1020
6,700,14000000,14000100,3411,5685,14020000,10144
6,701,14020000,14020100,3411,5685,14040000,10159
6,702,14040000,14040100,3411,5685,14060000,10174
6,703,14060000,14060100,3411,5685,14080000,10188
6,704,14080000,14080100,3411,5685,14100000,10202
6,705,14100000,14100100,3411,5685,14120000,10216
6,706,14120000,14120100,3411,5685,14140000,10231
6,707,14140000,14140100,3411,5685,14160000,10247
6,708,14160000,14160100,3411,5685,14180000,10261
6,709,14180000,14180100,3411,5685,14200000,10273
6,71,1420000,1420100,3411,5685,1440000,1035
6,710,14200000,14200100,3411,5685,14220000,10290
6,711,14220000,14220100,3411,5685,14240000,10303
6,712,14240000,14240100,3411,5685,14260000,10319
6,713,14260000,14260100,3411,5685,14280000,10333
6,714,14280000,14280100,3411,5685,14300000,10346
6,715,14300000,14300100,3411,5685,14320000,10361
6,716,14320000,14320100,3411,5685,14340000,10376
6,717,14340000,14340100,3411,5685,14360000,10392
6,718,14360000,14360100,3411,5685,14380000,10406
6,719,14380000,14380100,3411,5685,14400000,10418
6,72,1440000,1440100,3411,5685,1460000,1050
6,720,14400000,14400100,3411,5685,14420000,10434
6,721,14420000,14420100,3411,5685,14440000,10448
6,722,14440000,14440100,3411,5685,14460000,10464
6,723,14460000,14460100,3411,5685,14480000,10478
6,724,14480000,14480100,3411,5685,14500000,10491
6,725,14500000,14500100,3411,5685,14520000,10506
6,726,14520000,14520100,3411,5685,14540000,10521
6,727,14540000,14540100,3411,5685,14560000,10535
6,728,14560000,14560100,3411,5685,14580000,10552
6,729,14580000,14580100,3411,5685,14600000,10563
6,73,1460000,1460100,3411,5685,1480000,1064
6,730,14600000,14600100,3411,5685,14620000,10578
6,731,14620000,14620100,3411,5685,14640000,10594
6,732,14640000,14640100,3411,5685,14660000,10609
6,733,14660000,14660100,3411,5685,14680000,10622
6,734,14680000,14680100,3411,5685,14700000,10636
6,735,14700000,14700100,3411,5685,14720000,10651
6,736,14720000,14720100,3411,5685,14740000,10665
6,737,14740000,14740100,3411,5685,14760000,10681
6,738,14760000,14760100,3411,5685,14780000,10696
6,739,14780000,14780100,3411,5685,14800000,10708
6,74,1480000,1480100,3411,5685,1500000,1078
6,740,14800000,14800100,3411,5685,14820000,10724
6,741,14820000,14820100,3411,5685,14840000,10737
6,742,14840000,14840100,3411,5685,14860000,10754
6,743,14860000,14860100,3411,5685,14880000,10768
6,744,14880000,14880100,3411,5685,14900000,10780
6,745,14900000,14900100,3411,5685,14920000,10796
6,746,14920000,14920100,3411,5685,14940000,10811
6,747,14940000,14940100,3411,5685,14960000,10825
6,748,14960000,14960100,3411,5685,14980000,10840
6,749,14980000,14980100,3411,5685,15000000,10853
6,75,1500000,1500100,3411,5685,1520000,1092
6,750,15000000,15000100,3411,5685,15020000,10869
6,751,15020000,15020100,3411,5685,15040000,10882
6,752,15040000,15040100,3411,5685,15060000,10899
6,753,15060000,15060100,3411,5685,15080000,10913
6,754,15080000,15080100,3411,5685,15100000,10925
6,755,15100000,15100100,3411,5685,15120000,10940
6,756,15120000,15120100,3411,5685,15140000,10956
6,757,15140000,15140100,3411,5685,15160000,10970
6,758,15160000,15160100,3411,5685,15180000,10985
6,759,15180000,15180100,3411,5685,15200000,10998
6,76,1520000,1520100,3411,5685,1540000,1106
6,760,15200000,15200100,3411,5685,15220000,11013
6,761,15220000,15220100,3411,5685,15240000,11028
6,762,15240000,15240100,3411,5685,15260000,11043
6,763,15260000,15260100,3411,5685,15280000,11057
6,764,15280000,15280100,3411,5685,15300000,11071
6,765,15300000,15300100,3411,5685,15320000,11085
6,766,15320000,15320100,3411,5685,15340000,11100
6,767,15340000,15340100,3411,5685,15360000,11116
6,768,15360000,15360100,3411,5685,15380000,11130
6,769,15380000,15380100,3411,5685,15400000,11141
6,77,1540000,1540100,3411,5685,1560000,1123
6,770,15400000,15400100,3411,5685,15420000,11159
6,771,15420000,15420100,3411,5685,15440000,11172
6,772,15440000,15440100,3411,5685,15460000,11188
6,773,15460000,15460100,3411,5685,15480000,11203
6,774,15480000,15480100,3411,5685,15500000,11215
6,775,15500000,15500100,3411,5685,15520000,11230
6,776,15520000,15520100,3411,5685,15540000,11245
6,777,15540000,15540100,3411,5685,15560000,11260
6,778,15560000,15560100,3411,5685,15580000,11275
6,779,15580000,15580100,3411,5685,15600000,11287
6,78,1560000,1560100,3411,5685,1580000,1137
6,780,15600000,15600100,3411,5685,15620000,11303
6,781,15620000,15620100,3411,5685,15640000,11317
6,782,15640000,15640100,3411,5685,15660000,11333
6,783,15660000,15660100,3411,5685,15680000,11347
6,784,15680000,15680100,3411,5685,15700000,11360
6,785,15700000,15700100,3411,5685,15720000,11375
6,786,15720000,15720100,3411,5685,15740000,11390
6,787,15740000,15740100,3411,5685,15760000,11405
6,788,15760000,15760100,3411,5685,15780000,11420
6,789,15780000,15780100,3411,5685,15800000,11432
6,79,1580000,1580100,3411,5685,1600000,1149
6,790,15800000,15800100,3411,5685,15820000,11447
6,791,15820000,15820100,3411,5685,15840000,11462
6,792,15840000,15840100,3411,5685,15860000,11478
6,793,15860000,15860100,3411,5685,15880000,11491
6,794,15880000,15880100,3411,5685,15900000,11506
6,795,15900000,15900100,3411,5685,15920000,11520
6,796,15920000,15920100,3411,5685,15940000,11534
6,797,15940000,15940100,3411,5685,15960000,11550
6,798,15960000,15960100,3411,5685,15980000,11565
6,799,15980000,15980100,3411,5685,16000000,11576
6,8,160000,160100,3411,5685,180000,124
6,80,1600000,1600100,3411,5685,1620000,1166
6,800,16000000,16000100,3411,5685,16020000,11593
6,801,16020000,16020100,3411,5685,16040000,11607
6,802,16040000,16040100,3411,5685,16060000,11622
6,803,16060000,16060100,3411,5685,16080000,11637
6,804,16080000,16080100,3411,5685,16100000,11649
6,805,16100000,16100100,3411,5685,16120000,11665
6,806,16120000,16120100,3411,5685,16140000,11680
6,807,16140000,16140100,3411,5685,16160000,11694
6,808,16160000,16160100,3411,5685,16180000,11710
6,809,16180000,16180100,3411,5685,16200000,11722
6,81,1620000,1620100,3411,5685,1640000,1179
6,810,16200000,16200100,3411,5685,16220000,11737
6,811,16220000,16220100,3411,5685,16240000,11751
6,812,16240000,16240100,3411,5685,16260000,11768
6,813,16260000,16260100,3411,5685,16280000,11781
6,814,16280000,16280100,3411,5685,16300000,11794
6,815,16300000,16300100,3411,5685,16320000,11810
6,816,16320000,16320100,3411,5685,16340000,11825
6,817,16340000,16340100,3411,5685,16360000,11839
6,818,16360000,16360100,3411,5685,16380000,11854
6,819,16380000,16380100,3411,5685,16400000,11867
6,82,1640000,1640100,3411,5685,1660000,1195
6,820,16400000,16400100,3411,5685,16420000,11882
6,821,16420000,16420100,3411,5685,16440000,11896
6,822,16440000,16440100,3411,5685,16460000,11913
6,823,16460000,16460100,3411,5685,16480000,11926
6,824,16480000,16480100,3411,5685,16500000,11939
6,825,16500000,16500100,3411,5685,16520000,11954
6,826,16520000,16520100,3411,5685,16540000,11969
6,827,16540000,16540100,3411,5685,16560000,11985
6,828,16560000,16560100,3411,5685,16580000,11999
6,829,16580000,16580100,3411,5685,16600000,12011
6,83,1660000,1660100,3411,5685,1680000,1209
6,830,16600000,16600100,3411,5685,16620000,12028
6,831,16620000,16620100,3411,5685,16640000,12041
6,832,16640000,16640100,3411,5685,16660000,12056
6,833,16660000,16660100,3411,5685,16680000,12072
6,834,16680000,16680100,3411,5685,16700000,12084
6,835,16700000,16700100,3411,5685,16720000,12098
6,836,16720000,16720100,3411,5685,16740000,12115
6,837,16740000,16740100,3411,5685,16760000,12129
6,838,16760000,16760100,3411,5685,16780000,12144
6,839,16780000,16780100,3411,5685,16800000,12156
6,84,1680000,1680100,3411,5685,1700000,1222
6,840,16800000,16800100,3411,5685,16820000,12172
6,841,16820000,16820100,3411,5685,16840000,12186
6,842,16840000,16840100,3411,5685,16860000,12202
6,843,16860000,16860100,3411,5685,16880000,12216
6,844,16880000,16880100,3411,5685,16900000,12229
6,845,16900000,16900100,3411,5685,16920000,12244
6,846,16920000,16920100,3411,5685,16940000,12258
6,847,16940000,16940100,3411,5685,16960000,12274
6,848,16960000,16960100,3411,5685,16980000,12289
6,849,16980000,16980100,3411,5685,17000000,12301
6,85,1700000,1700100,3411,5685,1720000,1237
6,850,17000000,17000100,3411,5685,17020000,12317
6,851,17020000,17020100,3411,5685,17040000,12331
6,852,17040000,17040100,3411,5685,17060000,12347
6,853,17060000,17060100,3411,5685,17080000,12360
6,854,17080000,17080100,3411,5685,17100000,12374
6,855,17100000,17100100,3411,5685,17120000,12389
6,856,17120000,17120100,3411,5685,17140000,12403
6,857,17140000,17140100,3411,5685,17160000,12419
6,858,17160000,17160100,3411,5685,17180000,12434
6,859,17180000,17180100,3411,5685,17200000,12445
6,86,1720000,1720100,3411,5685,1740000,1252
6,860,17200000,17200100,3411,5685,17220000,12462
6,861,17220000,17220100,3411,5685,17240000,12476
6,862,17240000,17240100,3411,5685,17260000,12491
6,863,17260000,17260100,3411,5685,17280000,12506
6,864,17280000,17280100,3411,5685,17300000,12519
6,865,17300000,17300100,3411,5685,17320000,12533
6,866,17320000,17320100,3411,5685,17340000,12549
6,867,17340000,17340100,3411,5685,17360000,12563
6,868,17360000,17360100,3411,5685,17380000,12578
6,869,17380000,17380100,3411,5685,17400000,12591
6,87,1740000,1740100,3411,5685,1760000,1267
6,870,17400000,17400100,3411,5685,17420000,12606
6,871,17420000,17420100,3411,5685,17440000,12621
6,872,17440000,17440100,3411,5685,17460000,12637
6,873,17460000,17460100,3411,5685,17480000,12650
6,874,17480000,17480100,3411,5685,17500000,12663
6,875,17500000,17500100,3411,5685,17520000,12679
6,876,17520000,17520100,3411,5685,17540000,12693
6,877,17540000,17540100,3411,5685,17560000,12708
6,878,17560000,17560100,3411,5685,17580000,12724
6,879,17580000,17580100,3411,5685,17600000,12735
6,88,1760000,1760100,3411,5685,1780000,1282
6,880,17600000,17600100,3411,5685,17620000,12751
6,881,17620000,17620100,3411,5685,17640000,12765
6,882,17640000,17640100,3411,5685,17660000,12782
6,883,17660000,17660100,3411,5685,17680000,12795
6,884,17680000,17680100,3411,5685,17700000,12808
6,885,17700000,17700100,3411,5685,17720000,12824
6,886,17720000,17720100,3411,5685,17740000,12838
6,887,17740000,17740100,3411,5685,17760000,12853
6,888,17760000,17760100,3411,5685,17780000,12868
6,889,17780000,17780100,3411,5685,17800000,12880
6,89,1780000,1780100,3411,5685,1800000,1294
6,890,17800000,17800100,3411,5685,17820000,12896
6,891,17820000,17820100,3411,5685,17840000,12910
6,892,17840000,17840100,3411,5685,17860000,12926
6,893,17860000,17860100,3411,5685,17880000,12941
6,894,17880000,17880100,3411,5685,17900000,12953
6,895,17900000,17900100,3411,5685,17920000,12967
6,896,17920000,17920100,3411,5685,17940000,12984
6,897,17940000,17940100,3411,5685,17960000,12998
6,898,17960000,17960100,3411,5685,17980000,13012
6,899,17980000,17980100,3411,5685,18000000,13026
6,9,180000,180100,3411,5685,200000,135
6,90,1800000,1800100,3411,5685,1820000,1310
6,900,18000000,18000100,3411,5685,18020000,13041
6,901,18020000,18020100,3411,5685,18040000,13054
6,902,18040000,18040100,3411,5685,18060000,13071
6,903,18060000,18060100,3411,5685,18080000,13085
6,904,18080000,18080100,3411,5685,18100000,13098
6,905,18100000,18100100,3411,5685,18120000,13113
6,906,18120000,18120100,3411,5685,18140000,13128
6,907,18140000,18140100,3411,5685,18160000,13143
6,908,18160000,18160100,3411,5685,18180000,13158
6,909,18180000,18180100,3411,5685,18200000,13169
6,91,1820000,1820100,3411,5685,1840000,1324
6,910,18200000,18200100,3411,5685,18220000,13186
6,911,18220000,18220100,3411,5685,18240000,13200
6,912,18240000,18240100,3411,5685,18260000,13215
6,913,18260000,18260100,3411,5685,18280000,13230
6,914,18280000,18280100,3411,5685,18300000,13243
6,915,18300000,18300100,3411,5685,18320000,13258
6,916,18320000,18320100,3411,5685,18340000,13272
6,917,18340000,18340100,3411,5685,18360000,13288
6,918,18360000,18360100,3411,5685,18380000,13303
6,919,18380000,18380100,3411,5685,18400000,13314
6,92,1840000,1840100,3411,5685,1860000,1340
6,920,18400000,18400100,3411,5685,18420000,13331
6,921,18420000,18420100,3411,5685,18440000,13345
6,922,18440000,18440100,3411,5685,18460000,13360
6,923,18460000,18460100,3411,5685,18480000,13374
6,924,18480000,18480100,3411,5685,18500000,13388
6,925,18500000,18500100,3411,5685,18520000,13402
6,926,18520000,18520100,3411,5685,18540000,13418
6,927,18540000,18540100,3411,5685,18560000,13433
6,928,18560000,18560100,3411,5685,18580000,13447
6,929,18580000,18580100,3411,5685,18600000,13460
6,93,1860000,1860100,3411,5685,1880000,1354
6,930,18600000,18600100,3411,5685,18620000,13475
6,931,18620000,18620100,3411,5685,18640000,13489
6,932,18640000,18640100,3411,5685,18660000,13506
6,933,18660000,18660100,3411,5685,18680000,13519
6,934,18680000,18680100,3411,5685,18700000,13532
6,935,18700000,18700100,3411,5685,18720000,13548
6,936,18720000,18720100,3411,5685,18740000,13562
6,937,18740000,18740100,3411,5685,18760000,13577
6,938,18760000,18760100,3411,5685,18780000,13593
6,939,18780000,18780100,3411,5685,18800000,13604
6,94,1880000,1880100,3411,5685,1900000,1367
6,940,18800000,18800100,3411,5685,18820000,13620
6,941,18820000,18820100,3411,5685,18840000,13635
6,942,18840000,18840100,3411,5685,18860000,13650
6,943,18860000,18860100,3411,5685,18880000,13664
6,944,18880000,18880100,3411,5685,18900000,13677
6,945,18900000,18900100,3411,5685,18920000,13692
6,946,18920000,18920100,3411,5685,18940000,13707
6,947,18940000,18940100,3411,5685,18960000,13722
6,948,18960000,18960100,3411,5685,18980000,13738
6,949,18980000,18980100,3411,5685,19000000,13749
6,95,1900000,1900100,3411,5685,1920000,1382
6,950,19000000,19000100,3411,5685,19020000,13765
6,951,19020000,19020100,3411,5685,19040000,13779
6,952,19040000,19040100,3411,5685,19060000,13795
6,953,19060000,19060100,3411,5685,19080000,13809
6,954,19080000,19080100,3411,5685,19100000,13822
6,955,19100000,19100100,3411,5685,19120000,13837
6,956,19120000,19120100,3411,5685,19140000,13852
6,957,19140000,19140100,3411,5685,19160000,13867
6,958,19160000,19160100,3411,5685,19180000,13881
6,959,19180000,19180100,3411,5685,19200000,13895
6,96,1920000,1920100,3411,5685,1940000,1397
6,960,19200000,19200100,3411,5685,19220000,13910
6,961,19220000,19220100,3411,5685,19240000,13923
6,962,19240000,19240100,3411,5685,19260000,13941
6,963,19260000,19260100,3411,5685,19280000,13954
6,964,19280000,19280100,3411,5685,19300000,13966
6,965,19300000,19300100,3411,5685,19320000,13982
6,966,19320000,19320100,3411,5685,19340000,13997
6,967,19340000,19340100,3411,5685,19360000,14011
6,968,19360000,19360100,3411,5685,19380000,14027
6,969,19380000,19380100,3411,5685,19400000,14039
6,97,1940000,1940100,3411,5685,1960000,1411
6,970,19400000,19400100,3411,5685,19420000,14055
6,971,19420000,19420100,3411,5685,19440000,14069
6,972,19440000,19440100,3411,5685,19460000,14084
6,973,19460000,19460100,3411,5685,19480000,14099
6,974,19480000,19480100,3411,5685,19500000,14112
6,975,19500000,19500100,3411,5685,19520000,14126
6,976,19520000,19520100,3411,5685,19540000,14142
6,977,19540000,19540100,3411,5685,19560000,14157
6,978,19560000,19560100,3411,5685,19580000,14171
6,979,19580000,19580100,3411,5685,19600000,14183
6,98,1960000,1960100,3411,5685,1980000,1427
6,980,19600000,19600100,3411,5685,19620000,14200
6,981,19620000,19620100,3411,5685,19640000,14214
6,982,19640000,19640100,3411,5685,19660000,14229
6,983,19660000,19660100,3411,5685,19680000,14244
6,984,19680000,19680100,3411,5685,19700000,14257
6,985,19700000,19700100,3411,5685,19720000,14271
6,986,19720000,19720100,3411,5685,19740000,14286
6,987,19740000,19740100,3411,5685,19760000,14302
6,988,19760000,19760100,3411,5685,19780000,14316
6,989,19780000,19780100,3411,5685,19800000,14328
6,99,1980000,1980100,3411,5685,2000000,1439
6,990,19800000,19800100,3411,5685,19820000,14345
6,991,19820000,19820100,3411,5685,19840000,14358
6,992,19840000,19840100,3411,5685,19860000,14375
6,993,19860000,19860100,3411,5685,19880000,14388
6,994,19880000,19880100,3411,5685,19900000,14401
6,995,19900000,19900100,3411,5685,19920000,14417
6,996,19920000,19920100,3411,5685,19940000,14431
6,997,19940000,19940100,3411,5685,19960000,14446
6,998,19960000,19960100,3411,5685,19980000,14462
6,999,19980000,19980100,3411,5685,20000000,14473
7,0,0,100,2337,3894,25000,8
7,1,25000,25100,2337,3894,50000,27
7,10,250000,250100,2337,3894,275000,190
7,100,2500000,2500100,2337,3894,2525000,1822
7,1000,25000000,25000100,2337,3894,25025000,18114
7,1001,25025000,25025100,2337,3894,25050000,18131
7,1002,25050000,25050100,2337,3894,25075000,18146
7,1003,25075000,25075100,2337,3894,25100000,18168
7,1004,25100000,25100100,2337,3894,25125000,18187
7,1005,25125000,25125100,2337,3894,25150000,18203
7,1006,25150000,25150100,2337,3894,25175000,18222
7,1007,25175000,25175100,2337,3894,25200000,18240
7,1008,25200000,25200100,2337,3894,25225000,18256
7,1009,25225000,25225100,2337,3894,25250000,18276
7,101,2525000,2525100,2337,3894,2550000,1838
7,1010,25250000,25250100,2337,3894,25275000,18295
7,1011,25275000,25275100,2337,3894,25300000,18312
7,1012,25300000,25300100,2337,3894,25325000,18332
7,1013,25325000,25325100,2337,3894,25350000,18348
7,1014,25350000,25350100,2337,3894,25375000,18364
7,1015,25375000,25375100,2337,3894,25400000,18384
7,1016,25400000,25400100,2337,3894,25425000,18405
7,1017,25425000,25425100,2337,3894,25450000,18420
7,1018,25450000,25450100,2337,3894,25475000,18439
7,1019,25475000,25475100,2337,3894,25500000,18458
7,102,2550000,2550100,2337,3894,2575000,1853
7,1020,25500000,25500100,2337,3894,25525000,18474
7,1021,25525000,25525100,2337,3894,25550000,18492
7,1022,25550000,25550100,2337,3894,25575000,18512
7,1023,25575000,25575100,2337,3894,25600000,18529
7,1024,25600000,25600100,2337,3894,25625000,18549
7,1025,25625000,25625100,2337,3894,25650000,18566
7,1026,25650000,25650100,2337,3894,25675000,18580
7,1027,25675000,25675100,2337,3894,25700000,18603
7,1028,25700000,25700100,2337,3894,25725000,18622
7,1029,25725000,25725100,2337,3894,25750000,18637
7,103,2575000,2575100,2337,3894,2600000,1875
7,1030,25750000,25750100,2337,3894,25775000,18657
7,1031,25775000,25775100,2337,3894,25800000,18675
7,1032,25800000,25800100,2337,3894,25825000,18690
7,1033,25825000,25825100,2337,3894,25850000,18710
7,1034,25850000,25850100,2337,3894,25875000,18729
7,1035,25875000,25875100,2337,3894,25900000,18746
7,1036,25900000,25900100,2337,3894,25925000,18767
7,1037,25925000,25925100,2337,3894,25950000,18782
7,1038,25950000,25950100,2337,3894,25975000,18799
7,1039,25975000,25975100,2337,3894,26000000,18819
7,104,2600000,2600100,2337,3894,2625000,1894
7,1040,26000000,26000100,2337,3894,26025000,18839
7,1041,26025000,26025100,2337,3894,26050000,18855
7,1042,26050000,26050100,2337,3894,26075000,18874
7,1043,26075000,26075100,2337,3894,26100000,18892
7,1044,26100000,26100100,2337,3894,26125000,18908
7,1045,26125000,26125100,2337,3894,26150000,18927
7,1046,26150000,26150100,2337,3894,26175000,18946
7,1047,26175000,26175100,2337,3894,26200000,18964
7,1048,26200000,26200100,2337,3894,26225000,18983
7,1049,26225000,26225100,2337,3894,26250000,19000
7,105,2625000,2625100,2337,3894,2650000,1910
7,1050,26250000,26250100,2337,3894,26275000,19015
7,1051,26275000,26275100,2337,3894,26300000,19037
7,1052,26300000,26300100,2337,3894,26325000,19057
7,1053,26325000,26325100,2337,3894,26350000,19072
7,1054,26350000,26350100,2337,3894,26375000,19091
7,1055,26375000,26375100,2337,3894,26400000,19109
7,1056,26400000,26400100,2337,3894,26425000,19125
7,1057,26425000,26425100,2337,3894,26450000,19144
7,1058,26450000,26450100,2337,3894,26475000,19164
7,1059,26475000,26475100,2337,3894,26500000,19181
7,106,2650000,2650100,2337,3894,2675000,1929
7,1060,26500000,26500100,2337,3894,26525000,19201
7,1061,26525000,26525100,2337,3894,26550000,19217
7,1062,26550000,26550100,2337,3894,26575000,19233
7,1063,26575000,26575100,2337,3894,26600000,19253
7,1064,26600000,26600100,2337,3894,26625000,19274
7,1065,26625000,26625100,2337,3894,26650000,19289
7,1066,26650000,26650100,2337,3894,26675000,19308
7,1067,26675000,26675100,2337,3894,26700000,19327
7,1068,26700000,26700100,2337,3894,26725000,19342
7,1069,26725000,26725100,2337,3894,26750000,19362
7,107,2675000,2675100,2337,3894,2700000,1948
7,1070,26750000,26750100,2337,3894,26775000,19381
7,1071,26775000,26775100,2337,3894,26800000,19398
7,1072,26800000,26800100,2337,3894,26825000,19418
7,1073,26825000,26825100,2337,3894,26850000,19435
7,1074,26850000,26850100,2337,3894,26875000,19449
7,1075,26875000,26875100,2337,3894,26900000,19472
7,1076,26900000,26900100,2337,3894,26925000,19491
7,1077,26925000,26925100,2337,3894,26950000,19505
7,1078,26950000,26950100,2337,3894,26975000,19526
7,1079,26975000,26975100,2337,3894,27000000,19543
7,108,2700000,2700100,2337,3894,2725000,1963
7,1080,27000000,27000100,2337,3894,27025000,19560
7,1081,27025000,27025100,2337,3894,27050000,19579
7,1082,27050000,27050100,2337,3894,27075000,19598
7,1083,27075000,27075100,2337,3894,27100000,19616
7,1084,27100000,27100100,2337,3894,27125000,19636
7,1085,27125000,27125100,2337,3894,27150000,19651
7,1086,27150000,27150100,2337,3894,27175000,19668
7,1087,27175000,27175100,2337,3894,27200000,19688
7,1088,27200000,27200100,2337,3894,27225000,19707
7,1089,27225000,27225100,2337,3894,27250000,19724
7,109,2725000,2725100,2337,3894,2750000,1982
7,1090,27250000,27250100,2337,3894,27275000,19742
7,1091,27275000,27275100,2337,3894,27300000,19761
7,1092,27300000,27300100,2337,3894,27325000,19777
7,1093,27325000,27325100,2337,3894,27350000,19796
7,1094,27350000,27350100,2337,3894,27375000,19816
7,1095,27375000,27375100,2337,3894,27400000,19833
7,1096,27400000,27400100,2337,3894,27425000,19852
7,1097,27425000,27425100,2337,3894,27450000,19870
7,1098,27450000,27450100,2337,3894,27475000,19884
7,1099,27475000,27475100,2337,3894,27500000,19905
7,11,275000,275100,2337,3894,300000,210
7,110,2750000,2750100,2337,3894,2775000,2002
7,1100,27500000,27500100,2337,3894,27525000,19926
7,1101,27525000,27525100,2337,3894,27550000,19940
7,1102,27550000,27550100,2337,3894,27575000,19960
7,1103,27575000,27575100,2337,3894,27600000,19978
7,1104,27600000,27600100,2337,3894,27625000,19994
7,1105,27625000,27625100,2337,3894,27650000,20013
7,1106,27650000,27650100,2337,3894,27675000,20033
7,1107,27675000,27675100,2337,3894,27700000,20050
7,1108,27700000,27700100,2337,3894,27725000,20071
7,1109,27725000,27725100,2337,3894,27750000,20086
7,111,2775000,2775100,2337,3894,2800000,2018
7,1110,27750000,27750100,2337,3894,27775000,20101
7,1111,27775000,27775100,2337,3894,27800000,20123
7,1112,27800000,27800100,2337,3894,27825000,20142
7,1113,27825000,27825100,2337,3894,27850000,20158
7,1114,27850000,27850100,2337,3894,27875000,20177
7,1115,27875000,27875100,2337,3894,27900000,20196
7,1116,27900000,27900100,2337,3894,27925000,20211
7,1117,27925000,27925100,2337,3894,27950000,20231
7,1118,27950000,27950100,2337,3894,27975000,20250
7,1119,27975000,27975100,2337,3894,28000000,20267
7,112,2800000,2800100,2337,3894,2825000,2039
7,1120,28000000,28000100,2337,3894,28025000,20287
7,1121,28025000,28025100,2337,3894,28050000,20303
7,1122,28050000,28050100,2337,3894,28075000,20319
7,1123,28075000,28075100,2337,3894,28100000,20340
7,1124,28100000,28100100,2337,3894,28125000,20360
7,1125,28125000,28125100,2337,3894,28150000,20375
7,1126,28150000,28150100,2337,3894,28175000,20395
7,1127,28175000,28175100,2337,3894,28200000,20412
7,1128,28200000,28200100,2337,3894,28225000,20429
7,1129,28225000,28225100,2337,3894,28250000,20448
7,113,2825000,2825100,2337,3894,2850000,2055
7,1130,28250000,28250100,2337,3894,28275000,20467
7,1131,28275000,28275100,2337,3894,28300000,20485
7,1132,28300000,28300100,2337,3894,28325000,20504
7,1133,28325000,28325100,2337,3894,28350000,20520
7,1134,28350000,28350100,2337,3894,28375000,20536
7,1135,28375000,28375100,2337,3894,28400000,20557
7,1136,28400000,28400100,2337,3894,28425000,20577
7,1137,28425000,28425100,2337,3894,28450000,20593
7,1138,28450000,28450100,2337,3894,28475000,20611
7,1139,28475000,28475100,2337,3894,28500000,20631
7,114,2850000,2850100,2337,3894,2875000,2071
7,1140,28500000,28500100,2337,3894,28525000,20646
7,1141,28525000,28525100,2337,3894,28550000,20665
7,1142,28550000,28550100,2337,3894,28575000,20685
7,1143,28575000,28575100,2337,3894,28600000,20701
7,1144,28600000,28600100,2337,3894,28625000,20721
7,1145,28625000,28625100,2337,3894,28650000,20738
7,1146,28650000,28650100,2337,3894,28675000,20753
7,1147,28675000,28675100,2337,3894,28700000,20774
7,1148,28700000,28700100,2337,3894,28725000,20795
7,1149,28725000,28725100,2337,3894,28750000,20809
7,115,2875000,2875100,2337,3894,2900000,2092
7,1150,28750000,28750100,2337,3894,28775000,20830
7,1151,28775000,28775100,2337,3894,28800000,20847
7,1152,28800000,28800100,2337,3894,28825000,20863
7,1153,28825000,28825100,2337,3894,28850000,20883
7,1154,28850000,28850100,2337,3894,28875000,20901
7,1155,28875000,28875100,2337,3894,28900000,20919
7,1156,28900000,28900100,2337,3894,28925000,20939
7,1157,28925000,28925100,2337,3894,28950000,20955
7,1158,28950000,28950100,2337,3894,28975000,20970
7,1159,28975000,28975100,2337,3894,29000000,20992
7,116,2900000,2900100,2337,3894,2925000,2112
7,1160,29000000,29000100,2337,3894,29025000,21011
7,1161,29025000,29025100,2337,3894,29050000,21027
7,1162,29050000,29050100,2337,3894,29075000,21046
7,1163,29075000,29075100,2337,3894,29100000,21065
7,1164,29100000,29100100,2337,3894,29125000,21081
7,1165,29125000,29125100,2337,3894,29150000,21099
7,1166,29150000,29150100,2337,3894,29175000,21119
7,1167,29175000,29175100,2337,3894,29200000,21136
7,1168,29200000,29200100,2337,3894,29225000,21156
7,1169,29225000,29225100,2337,3894,29250000,21172
7,117,2925000,2925100,2337,3894,2950000,2127
7,1170,29250000,29250100,2337,3894,29275000,21188
7,1171,29275000,29275100,2337,3894,29300000,21209
7,1172,29300000,29300100,2337,3894,29325000,21229
7,1173,29325000,29325100,2337,3894,29350000,21244
7,1174,29350000,29350100,2337,3894,29375000,21264
7,1175,29375000,29375100,2337,3894,29400000,21281
7,1176,29400000,29400100,2337,3894,29425000,21297
7,1177,29425000,29425100,2337,3894,29450000,21317
7,1178,29450000,29450100,2337,3894,29475000,21336
7,1179,29475000,29475100,2337,3894,29500000,21354
7,118,2950000,2950100,2337,3894,2975000,2147
7,1180,29500000,29500100,2337,3894,29525000,21373
7,1181,29525000,29525100,2337,3894,29550000,21390
7,1182,29550000,29550100,2337,3894,29575000,21405
7,1183,29575000,29575100,2337,3894,29600000,21426
7,1184,29600000,29600100,2337,3894,29625000,21446
7,1185,29625000,29625100,2337,3894,29650000,21462
7,1186,29650000,29650100,2337,3894,29675000,21480
7,1187,29675000,29675100,2337,3894,29700000,21499
7,1188,29700000,29700100,2337,3894,29725000,21515
7,1189,29725000,29725100,2337,3894,29750000,21533
7,119,2975000,2975100,2337,3894,3000000,2164
7,1190,29750000,29750100,2337,3894,29775000,21554
7,1191,29775000,29775100,2337,3894,29800000,21570
7,1192,29800000,29800100,2337,3894,29825000,21591
7,1193,29825000,29825100,2337,3894,29850000,21607
7,1194,29850000,29850100,2337,3894,29875000,21622
7,1195,29875000,29875100,2337,3894,29900000,21644
7,1196,29900000,29900100,2337,3894,29925000,21664
7,1197,29925000,29925100,2337,3894,29950000,21678
7,1198,29950000,29950100,2337,3894,29975000,21698
7,1199,29975000,29975100,2337,3894,30000000,21716
7,12,300000,300100,2337,3894,325000,225
7,120,3000000,3000100,2337,3894,3025000,2180
7,1200,30000000,30000100,2337,3894,30025000,21731
7,1201,30025000,30025100,2337,3894,30050000,21752
7,1202,30050000,30050100,2337,3894,30075000,21770
7,1203,30075000,30075100,2337,3894,30100000,21788
7,1204,30100000,30100100,2337,3894,30125000,21808
7,1205,30125000,30125100,2337,3894,30150000,21824
7,1206,30150000,30150100,2337,3894,30175000,21840
7,1207,30175000,30175100,2337,3894,30200000,21861
7,1208,30200000,30200100,2337,3894,30225000,21880
7,1209,30225000,30225100,2337,3894,30250000,21896
7,121,3025000,3025100,2337,3894,3050000,2200
7,1210,30250000,30250100,2337,3894,30275000,21915
7,1211,30275000,30275100,2337,3894,30300000,21933
7,1212,30300000,30300100,2337,3894,30325000,21950
7,1213,30325000,30325100,2337,3894,30350000,21968
7,1214,30350000,30350100,2337,3894,30375000,21988
7,1215,30375000,30375100,2337,3894,30400000,22005
7,1216,30400000,30400100,2337,3894,30425000,22025
7,1217,30425000,30425100,2337,3894,30450000,22041
7,1218,30450000,30450100,2337,3894,30475000,22057
7,1219,30475000,30475100,2337,3894,30500000,22078
7,122,3050000,3050100,2337,3894,3075000,2218
7,1220,30500000,30500100,2337,3894,30525000,22098
7,1221,30525000,30525100,2337,3894,30550000,22113
7,1222,30550000,30550100,2337,3894,30575000,22132
7,1223,30575000,30575100,2337,3894,30600000,22151
7,1224,30600000,30600100,2337,3894,30625000,22166
7,1225,30625000,30625100,2337,3894,30650000,22186
7,1226,30650000,30650100,2337,3894,30675000,22205
7,1227,30675000,30675100,2337,3894,30700000,22223
7,1228,30700000,30700100,2337,3894,30725000,22242
7,1229,30725000,30725100,2337,3894,30750000,22259
7,123,3075000,3075100,2337,3894,3100000,2237
7,1230,30750000,30750100,2337,3894,30775000,22274
7,1231,30775000,30775100,2337,3894,30800000,22294
7,1232,30800000,30800100,2337,3894,30825000,22315
7,1233,30825000,30825100,2337,3894,30850000,22330
7,1234,30850000,30850100,2337,3894,30875000,22350
7,1235,30875000,30875100,2337,3894,30900000,22368
7,1236,30900000,30900100,2337,3894,30925000,22384
7,1237,30925000,30925100,2337,3894,30950000,22403
7,1238,30950000,30950100,2337,3894,30975000,22423
7,1239,30975000,30975100,2337,3894,31000000,22439
7,124,3100000,3100100,2337,3894,3125000,2256
7,1240,31000000,31000100,2337,3894,31025000,22460
7,1241,31025000,31025100,2337,3894,31050000,22476
7,1242,31050000,31050100,2337,3894,31075000,22490
7,1243,31075000,31075100,2337,3894,31100000,22513
7,1244,31100000,31100100,2337,3894,31125000,22532
7,1245,31125000,31125100,2337,3894,31150000,22547
7,1246,31150000,31150100,2337,3894,31175000,22567
7,1247,31175000,31175100,2337,3894,31200000,22585
7,1248,31200000,31200100,2337,3894,31225000,22601
7,1249,31225000,31225100,2337,3894,31250000,22621
7,125,3125000,3125100,2337,3894,3150000,2272
7,1250,31250000,31250100,2337,3894,31275000,22639
7,1251,31275000,31275100,2337,3894,31300000,22658
7,1252,31300000,31300100,2337,3894,31325000,22677
7,1253,31325000,31325100,2337,3894,31350000,22692
7,1254,31350000,31350100,2337,3894,31375000,22709
7,1255,31375000,31375100,2337,3894,31400000,22729
7,1256,31400000,31400100,2337,3894,31425000,22749
7,1257,31425000,31425100,2337,3894,31450000,22765
7,1258,31450000,31450100,2337,3894,31475000,22784
7,1259,31475000,31475100,2337,3894,31500000,22802
7,126,3150000,3150100,2337,3894,3175000,2288
7,1260,31500000,31500100,2337,3894,31525000,22819
7,1261,31525000,31525100,2337,3894,31550000,22837
7,1262,31550000,31550100,2337,3894,31575000,22858
7,1263,31575000,31575100,2337,3894,31600000,22874
7,1264,31600000,31600100,2337,3894,31625000,22893
7,1265,31625000,31625100,2337,3894,31650000,22911
7,1266,31650000,31650100,2337,3894,31675000,22925
7,1267,31675000,31675100,2337,3894,31700000,22947
7,1268,31700000,31700100,2337,3894,31725000,22967
7,1269,31725000,31725100,2337,3894,31750000,22982
7,127,3175000,3175100,2337,3894,3200000,2309
7,1270,31750000,31750100,2337,3894,31775000,23001
7,1271,31775000,31775100,2337,3894,31800000,23020
7,1272,31800000,31800100,2337,3894,31825000,23035
7,1273,31825000,31825100,2337,3894,31850000,23055
7,1274,31850000,31850100,2337,3894,31875000,23074
7,1275,31875000,31875100,2337,3894,31900000,23091
7,1276,31900000,31900100,2337,3894,31925000,23112
7,1277,31925000,31925100,2337,3894,31950000,23127
7,1278,31950000,31950100,2337,3894,31975000,23143
7,1279,31975000,31975100,2337,3894,32000000,23164
7,128,3200000,3200100,2337,3894,3225000,2329
7,1280,32000000,32000100,2337,3894,32025000,23184
7,1281,32025000,32025100,2337,3894,32050000,23199
7,1282,32050000,32050100,2337,3894,32075000,23219
7,1283,32075000,32075100,2337,3894,32100000,23237
7,1284,32100000,32100100,2337,3894,32125000,23253
7,1285,32125000,32125100,2337,3894,32150000,23272
7,1286,32150000,32150100,2337,3894,32175000,23291
7,1287,32175000,32175100,2337,3894,32200000,23308
7,1288,32200000,32200100,2337,3894,32225000,23328
7,1289,32225000,32225100,2337,3894,32250000,23345
7,129,3225000,3225100,2337,3894,3250000,2345
7,1290,32250000,32250100,2337,3894,32275000,23360
7,1291,32275000,32275100,2337,3894,32300000,23382
7,1292,32300000,32300100,2337,3894,32325000,23401
7,1293,32325000,32325100,2337,3894,32350000,23417
7,1294,32350000,32350100,2337,3894,32375000,23436
7,1295,32375000,32375100,2337,3894,32400000,23454
7,1296,32400000,32400100,2337,3894,32425000,23470
7,1297,32425000,32425100,2337,3894,32450000,23489
7,1298,32450000,32450100,2337,3894,32475000,23508
7,1299,32475000,32475100,2337,3894,32500000,23526
7,13,325000,325100,2337,3894,350000,244
7,130,3250000,3250100,2337,3894,3275000,2363
7,1300,32500000,32500100,2337,3894,32525000,23546
7,1301,32525000,32525100,2337,3894,32550000,23561
7,1302,32550000,32550100,2337,3894,32575000,23578
7,1303,32575000,32575100,2337,3894,32600000,23598
7,1304,32600000,32600100,2337,3894,32625000,23619
7,1305,32625000,32625100,2337,3894,32650000,23634
7,1306,32650000,32650100,2337,3894,32675000,23653
7,1307,32675000,32675100,2337,3894,32700000,23672
7,1308,32700000,32700100,2337,3894,32725000,23687
7,1309,32725000,32725100,2337,3894,32750000,23706
7,131,3275000,3275100,2337,3894,3300000,2382
7,1310,32750000,32750100,2337,3894,32775000,23726
7,1311,32775000,32775100,2337,3894,32800000,23743
7,1312,32800000,32800100,2337,3894,32825000,23762
7,1313,32825000,32825100,2337,3894,32850000,23780
7,1314,32850000,32850100,2337,3894,32875000,23794
7,1315,32875000,32875100,2337,3894,32900000,23816
7,1316,32900000,32900100,2337,3894,32925000,23836
7,1317,32925000,32925100,2337,3894,32950000,23851
7,1318,32950000,32950100,2337,3894,32975000,23871
7,1319,32975000,32975100,2337,3894,33000000,23888
7,132,3300000,3300100,2337,3894,3325000,2398
7,1320,33000000,33000100,2337,3894,33025000,23904
7,1321,33025000,33025100,2337,3894,33050000,23924
7,1322,33050000,33050100,2337,3894,33075000,23943
7,1323,33075000,33075100,2337,3894,33100000,23960
7,1324,33100000,33100100,2337,3894,33125000,23981
7,1325,33125000,33125100,2337,3894,33150000,23996
7,1326,33150000,33150100,2337,3894,33175000,24012
7,1327,33175000,33175100,2337,3894,33200000,24033
7,1328,33200000,33200100,2337,3894,33225000,24053
7,1329,33225000,33225100,2337,3894,33250000,24068
7,133,3325000,3325100,2337,3894,3350000,2416
7,1330,33250000,33250100,2337,3894,33275000,24087
7,1331,33275000,33275100,2337,3894,33300000,24106
7,1332,33300000,33300100,2337,3894,33325000,24122
7,1333,33325000,33325100,2337,3894,33350000,24141
7,1334,33350000,33350100,2337,3894,33375000,24160
7,1335,33375000,33375100,2337,3894,33400000,24178
7,1336,33400000,33400100,2337,3894,33425000,24197
7,1337,33425000,33425100,2337,3894,33450000,24214
7,1338,33450000,33450100,2337,3894,33475000,24229
7,1339,33475000,33475100,2337,3894,33500000,24251
7,134,3350000,3350100,2337,3894,3375000,2437
7,1340,33500000,33500100,2337,3894,33525000,24270
7,1341,33525000,33525100,2337,3894,33550000,24285
7,1342,33550000,33550100,2337,3894,33575000,24305
7,1343,33575000,33575100,2337,3894,33600000,24322
7,1344,33600000,33600100,2337,3894,33625000,24339
7,1345,33625000,33625100,2337,3894,33650000,24358
7,1346,33650000,33650100,2337,3894,33675000,24378
7,1347,33675000,33675100,2337,3894,33700000,24395
7,1348,33700000,33700100,2337,3894,33725000,24415
7,1349,33725000,33725100,2337,3894,33750000,24431
7,135,3375000,3375100,2337,3894,3400000,2453
7,1350,33750000,33750100,2337,3894,33775000,24447
7,1351,33775000,33775100,2337,3894,33800000,24467
7,1352,33800000,33800100,2337,3894,33825000,24487
7,1353,33825000,33825100,2337,3894,33850000,24503
7,1354,33850000,33850100,2337,3894,33875000,24521
7,1355,33875000,33875100,2337,3894,33900000,24541
7,1356,33900000,33900100,2337,3894,33925000,24556
7,1357,33925000,33925100,2337,3894,33950000,24575
7,1358,33950000,33950100,2337,3894,33975000,24595
7,1359,33975000,33975100,2337,3894,34000000,24612
7,136,3400000,3400100,2337,3894,3425000,2473
7,1360,34000000,34000100,2337,3894,34025000,24632
7,1361,34025000,34025100,2337,3894,34050000,24649
7,1362,34050000,34050100,2337,3894,34075000,24663
7,1363,34075000,34075100,2337,3894,34100000,24685
7,1364,34100000,34100100,2337,3894,34125000,24705
7,1365,34125000,34125100,2337,3894,34150000,24719
7,1366,34150000,34150100,2337,3894,34175000,24740
7,1367,34175000,34175100,2337,3894,34200000,24757
7,1368,34200000,34200100,2337,3894,34225000,24773
7,1369,34225000,34225100,2337,3894,34250000,24793
7,137,3425000,3425100,2337,3894,3450000,2490
7,1370,34250000,34250100,2337,3894,34275000,24812
7,1371,34275000,34275100,2337,3894,34300000,24829
7,1372,34300000,34300100,2337,3894,34325000,24850
7,1373,34325000,34325100,2337,3894,34350000,24865
7,1374,34350000,34350100,2337,3894,34375000,24881
7,1375,34375000,34375100,2337,3894,34400000,24902
7,1376,34400000,34400100,2337,3894,34425000,24921
7,1377,34425000,34425100,2337,3894,34450000,24938
7,1378,34450000,34450100,2337,3894,34475000,24956
7,1379,34475000,34475100,2337,3894,34500000,24975
7,138,3450000,3450100,2337,3894,3475000,2505
7,1380,34500000,34500100,2337,3894,34525000,24991
7,1381,34525000,34525100,2337,3894,34550000,25010
7,1382,34550000,34550100,2337,3894,34575000,25029
7,1383,34575000,34575100,2337,3894,34600000,25047
7,1384,34600000,34600100,2337,3894,34625000,25066
7,1385,34625000,34625100,2337,3894,34650000,25082
7,1386,34650000,34650100,2337,3894,34675000,25098
7,1387,34675000,34675100,2337,3894,34700000,25119
7,1388,34700000,34700100,2337,3894,34725000,25140
7,1389,34725000,34725100,2337,3894,34750000,25154
7,139,3475000,3475100,2337,3894,3500000,2526
7,1390,34750000,34750100,2337,3894,34775000,25174
7,1391,34775000,34775100,2337,3894,34800000,25192
7,1392,34800000,34800100,2337,3894,34825000,25208
7,1393,34825000,34825100,2337,3894,34850000,25227
7,1394,34850000,34850100,2337,3894,34875000,25247
7,1395,34875000,34875100,2337,3894,34900000,25264
7,1396,34900000,34900100,2337,3894,34925000,25283
7,1397,34925000,34925100,2337,3894,34950000,25300
7,1398,34950000,34950100,2337,3894,34975000,25315
7,1399,34975000,34975100,2337,3894,35000000,25336
7,14,350000,350100,2337,3894,375000,264
7,140,3500000,3500100,2337,3894,3525000,2547
7,1400,35000000,35000100,2337,3894,35025000,25356
7,1401,35025000,35025100,2337,3894,35050000,25372
7,1402,35050000,35050100,2337,3894,35075000,25391
7,1403,35075000,35075100,2337,3894,35100000,25410
7,1404,35100000,35100100,2337,3894,35125000,25425
7,1405,35125000,35125100,2337,3894,35150000,25445
7,1406,35150000,35150100,2337,3894,35175000,25464
7,1407,35175000,35175100,2337,3894,35200000,25480
7,1408,35200000,35200100,2337,3894,35225000,25501
7,1409,35225000,35225100,2337,3894,35250000,25517
7,141,3525000,3525100,2337,3894,3550000,2561
7,1410,35250000,35250100,2337,3894,35275000,25532
7,1411,35275000,35275100,2337,3894,35300000,25554
7,1412,35300000,35300100,2337,3894,35325000,25574
7,1413,35325000,35325100,2337,3894,35350000,25588
7,1414,35350000,35350100,2337,3894,35375000,25609
7,1415,35375000,35375100,2337,3894,35400000,25626
7,1416,35400000,35400100,2337,3894,35425000,25643
7,1417,35425000,35425100,2337,3894,35450000,25662
7,1418,35450000,35450100,2337,3894,35475000,25680
7,1419,35475000,35475100,2337,3894,35500000,25699
7,142,3550000,3550100,2337,3894,3575000,2581
7,1420,35500000,35500100,2337,3894,35525000,25718
7,1421,35525000,35525100,2337,3894,35550000,25734
7,1422,35550000,35550100,2337,3894,35575000,25750
7,1423,35575000,35575100,2337,3894,35600000,25771
7,1424,35600000,35600100,2337,3894,35625000,25790
7,1425,35625000,35625100,2337,3894,35650000,25807
7,1426,35650000,35650100,2337,3894,35675000,25825
7,1427,35675000,35675100,2337,3894,35700000,25844
7,1428,35700000,35700100,2337,3894,35725000,25860
7,1429,35725000,35725100,2337,3894,35750000,25878
7,143,3575000,3575100,2337,3894,3600000,2599
7,1430,35750000,35750100,2337,3894,35775000,25899
7,1431,35775000,35775100,2337,3894,35800000,25915
7,1432,35800000,35800100,2337,3894,35825000,25935
7,1433,35825000,35825100,2337,3894,35850000,25952
7,1434,35850000,35850100,2337,3894,35875000,25967
7,1435,35875000,35875100,2337,3894,35900000,25988
7,1436,35900000,35900100,2337,3894,35925000,26009
7,1437,35925000,35925100,2337,3894,35950000,26023
7,1438,35950000,35950100,2337,3894,35975000,26043
7,1439,35975000,35975100,2337,3894,36000000,26061
7,144,3600000,3600100,2337,3894,3625000,2614
7,1440,36000000,36000100,2337,3894,36025000,26076
7,1441,36025000,36025100,2337,3894,36050000,26096
7,1442,36050000,36050100,2337,3894,36075000,26115
7,1443,36075000,36075100,2337,3894,36100000,26133
7,1444,36100000,36100100,2337,3894,36125000,26153
7,1445,36125000,36125100,2337,3894,36150000,26169
7,1446,36150000,36150100,2337,3894,36175000,26184
7,1447,36175000,36175100,2337,3894,36200000,26206
7,1448,36200000,36200100,2337,3894,36225000,26225
7,1449,36225000,36225100,2337,3894,36250000,26241
7,145,3625000,3625100,2337,3894,3650000,2635
7,1450,36250000,36250100,2337,3894,36275000,26260
7,1451,36275000,36275100,2337,3894,36300000,26278
7,1452,36300000,36300100,2337,3894,36325000,26294
7,1453,36325000,36325100,2337,3894,36350000,26313
7,1454,36350000,36350100,2337,3894,36375000,26333
7,1455,36375000,36375100,2337,3894,36400000,26349
7,1456,36400000,36400100,2337,3894,36425000,26370
7,1457,36425000,36425100,2337,3894,36450000,26386
7,1458,36450000,36450100,2337,3894,36475000,26402
7,1459,36475000,36475100,2337,3894,36500000,26423
7,146,3650000,3650100,2337,3894,3675000,2653
7,1460,36500000,36500100,2337,3894,36525000,26443
7,1461,36525000,36525100,2337,3894,36550000,26458
7,1462,36550000,36550100,2337,3894,36575000,26477
7,1463,36575000,36575100,2337,3894,36600000,26495
7,1464,36600000,36600100,2337,3894,36625000,26511
7,1465,36625000,36625100,2337,3894,36650000,26531
7,1466,36650000,36650100,2337,3894,36675000,26549
7,1467,36675000,36675100,2337,3894,36700000,26568
7,1468,36700000,36700100,2337,3894,36725000,26587
7,1469,36725000,36725100,2337,3894,36750000,26603
7,147,3675000,3675100,2337,3894,3700000,2671
7,1470,36750000,36750100,2337,3894,36775000,26619
7,1471,36775000,36775100,2337,3894,36800000,26640
7,1472,36800000,36800100,2337,3894,36825000,26660
7,1473,36825000,36825100,2337,3894,36850000,26675
7,1474,36850000,36850100,2337,3894,36875000,26694
7,1475,36875000,36875100,2337,3894,36900000,26713
7,1476,36900000,36900100,2337,3894,36925000,26729
7,1477,36925000,36925100,2337,3894,36950000,26747
7,1478,36950000,36950100,2337,3894,36975000,26768
7,1479,36975000,36975100,2337,3894,37000000,26784
7,148,3700000,3700100,2337,3894,3725000,2691
7,1480,37000000,37000100,2337,3894,37025000,26804
7,1481,37025000,37025100,2337,3894,37050000,26821
7,1482,37050000,37050100,2337,3894,37075000,26836
7,1483,37075000,37075100,2337,3894,37100000,26857
7,1484,37100000,37100100,2337,3894,37125000,26877
7,1485,37125000,37125100,2337,3894,37150000,26892
7,1486,37150000,37150100,2337,3894,37175000,26912
7,1487,37175000,37175100,2337,3894,37200000,26930
7,1488,37200000,37200100,2337,3894,37225000,26945
7,1489,37225000,37225100,2337,3894,37250000,26966
7,149,3725000,3725100,2337,3894,3750000,2707
7,1490,37250000,37250100,2337,3894,37275000,26984
7,1491,37275000,37275100,2337,3894,37300000,27002
7,1492,37300000,37300100,2337,3894,37325000,27022
7,1493,37325000,37325100,2337,3894,37350000,27038
7,1494,37350000,37350100,2337,3894,37375000,27053
7,1495,37375000,37375100,2337,3894,37400000,27074
7,1496,37400000,37400100,2337,3894,37425000,27094
7,1497,37425000,37425100,2337,3894,37450000,27109
7,1498,37450000,37450100,2337,3894,37475000,27129
7,1499,37475000,37475100,2337,3894,37500000,27147
7,15,375000,375100,2337,3894,400000,281
7,150,3750000,3750100,2337,3894,3775000,2722
7,1500,37500000,37500100,2337,3894,37525000,27164
7,1501,37525000,37525100,2337,3894,37550000,27182
7,1502,37550000,37550100,2337,3894,37575000,27202
7,1503,37575000,37575100,2337,3894,37600000,27219
7,1504,37600000,37600100,2337,3894,37625000,27239
7,1505,37625000,37625100,2337,3894,37650000,27255
7,1506,37650000,37650100,2337,3894,37675000,27270
7,1507,37675000,37675100,2337,3894,37700000,27292
7,1508,37700000,37700100,2337,3894,37725000,27311
7,1509,37725000,37725100,2337,3894,37750000,27327
7,151,3775000,3775100,2337,3894,3800000,2744
7,1510,37750000,37750100,2337,3894,37775000,27346
7,1511,37775000,37775100,2337,3894,37800000,27364
7,1512,37800000,37800100,2337,3894,37825000,27380
7,1513,37825000,37825100,2337,3894,37850000,27400
7,1514,37850000,37850100,2337,3894,37875000,27419
7,1515,37875000,37875100,2337,3894,37900000,27437
7,1516,37900000,37900100,2337,3894,37925000,27456
7,1517,37925000,37925100,2337,3894,37950000,27472
7,1518,37950000,37950100,2337,3894,37975000,27488
7,1519,37975000,37975100,2337,3894,38000000,27508
7,152,3800000,3800100,2337,3894,3825000,2763
7,1520,38000000,38000100,2337,3894,38025000,27529
7,1521,38025000,38025100,2337,3894,38050000,27544
7,1522,38050000,38050100,2337,3894,38075000,27563
7,1523,38075000,38075100,2337,3894,38100000,27582
7,1524,38100000,38100100,2337,3894,38125000,27598
7,1525,38125000,38125100,2337,3894,38150000,27616
7,1526,38150000,38150100,2337,3894,38175000,27637
7,1527,38175000,38175100,2337,3894,38200000,27653
7,1528,38200000,38200100,2337,3894,38225000,27673
7,1529,38225000,38225100,2337,3894,38250000,27690
7,153,3825000,3825100,2337,3894,3850000,2778
7,1530,38250000,38250100,2337,3894,38275000,27704
7,1531,38275000,38275100,2337,3894,38300000,27727
7,1532,38300000,38300100,2337,3894,38325000,27746
7,1533,38325000,38325100,2337,3894,38350000,27761
7,1534,38350000,38350100,2337,3894,38375000,27781
7,1535,38375000,38375100,2337,3894,38400000,27799
7,1536,38400000,38400100,2337,3894,38425000,27814
7,1537,38425000,38425100,2337,3894,38450000,27835
7,1538,38450000,38450100,2337,3894,38475000,27853
7,1539,38475000,38475100,2337,3894,38500000,27870
7,154,3850000,3850100,2337,3894,3875000,2798
7,1540,38500000,38500100,2337,3894,38525000,27891
7,1541,38525000,38525100,2337,3894,38550000,27906
7,1542,38550000,38550100,2337,3894,38575000,27923
7,1543,38575000,38575100,2337,3894,38600000,27943
7,1544,38600000,38600100,2337,3894,38625000,27963
7,1545,38625000,38625100,2337,3894,38650000,27979
7,1546,38650000,38650100,2337,3894,38675000,27998
7,1547,38675000,38675100,2337,3894,38700000,28016
7,1548,38700000,38700100,2337,3894,38725000,28033
7,1549,38725000,38725100,2337,3894,38750000,28051
7,155,3875000,3875100,2337,3894,3900000,2816
7,1550,38750000,38750100,2337,3894,38775000,28070
7,1551,38775000,38775100,2337,3894,38800000,28088
7,1552,38800000,38800100,2337,3894,38825000,28107
7,1553,38825000,38825100,2337,3894,38850000,28124
7,1554,38850000,38850100,2337,3894,38875000,28139
7,1555,38875000,38875100,2337,3894,38900000,28161
7,1556,38900000,38900100,2337,3894,38925000,28181
7,1557,38925000,38925100,2337,3894,38950000,28196
7,1558,38950000,38950100,2337,3894,38975000,28215
7,1559,38975000,38975100,2337,3894,39000000,28234
7,156,3900000,3900100,2337,3894,3925000,2833
7,1560,39000000,39000100,2337,3894,39025000,28249
7,1561,39025000,39025100,2337,3894,39050000,28268
7,1562,39050000,39050100,2337,3894,39075000,28288
7,1563,39075000,39075100,2337,3894,39100000,28305
7,1564,39100000,39100100,2337,3894,39125000,28325
7,1565,39125000,39125100,2337,3894,39150000,28341
7,1566,39150000,39150100,2337,3894,39175000,28357
7,1567,39175000,39175100,2337,3894,39200000,28377
7,1568,39200000,39200100,2337,3894,39225000,28398
7,1569,39225000,39225100,2337,3894,39250000,28413
7,157,3925000,3925100,2337,3894,3950000,2851
7,1570,39250000,39250100,2337,3894,39275000,28433
7,1571,39275000,39275100,2337,3894,39300000,28451
7,1572,39300000,39300100,2337,3894,39325000,28466
7,1573,39325000,39325100,2337,3894,39350000,28486
7,1574,39350000,39350100,2337,3894,39375000,28505
7,1575,39375000,39375100,2337,3894,39400000,28522
7,1576,39400000,39400100,2337,3894,39425000,28542
7,1577,39425000,39425100,2337,3894,39450000,28559
7,1578,39450000,39450100,2337,3894,39475000,28573
7,1579,39475000,39475100,2337,3894,39500000,28596
7,158,3950000,3950100,2337,3894,3975000,2871
7,1580,39500000,39500100,2337,3894,39525000,28615
7,1581,39525000,39525100,2337,3894,39550000,28630
7,1582,39550000,39550100,2337,3894,39575000,28650
7,1583,39575000,39575100,2337,3894,39600000,28667
7,1584,39600000,39600100,2337,3894,39625000,28684
7,1585,39625000,39625100,2337,3894,39650000,28703
7,1586,39650000,39650100,2337,3894,39675000,28722
7,1587,39675000,39675100,2337,3894,39700000,28740
7,1588,39700000,39700100,2337,3894,39725000,28760
7,1589,39725000,39725100,2337,3894,39750000,28775
7,159,3975000,3975100,2337,3894,4000000,2888
7,1590,39750000,39750100,2337,3894,39775000,28792
7,1591,39775000,39775100,2337,3894,39800000,28812
7,1592,39800000,39800100,2337,3894,39825000,28832
7,1593,39825000,39825100,2337,3894,39850000,28848
7,1594,39850000,39850100,2337,3894,39875000,28866
7,1595,39875000,39875100,2337,3894,39900000,28885
7,1596,39900000,39900100,2337,3894,39925000,28901
7,1597,39925000,39925100,2337,3894,39950000,28920
7,1598,39950000,39950100,2337,3894,39975000,28940
7,1599,39975000,39975100,2337,3894,40000000,28957
7,16,400000,400100,2337,3894,425000,301
7,160,4000000,4000100,2337,3894,4025000,2908
7,1600,40000000,40000100,2337,3894,40025000,28976
7,1601,40025000,40025100,2337,3894,40050000,28994
7,1602,40050000,40050100,2337,3894,40075000,29008
7,1603,40075000,40075100,2337,3894,40100000,29030
7,1604,40100000,40100100,2337,3894,40125000,29050
7,1605,40125000,40125100,2337,3894,40150000,29064
7,1606,40150000,40150100,2337,3894,40175000,29084
7,1607,40175000,40175100,2337,3894,40200000,29102
7,1608,40200000,40200100,2337,3894,40225000,29118
7,1609,40225000,40225100,2337,3894,40250000,29137
7,161,4025000,4025100,2337,3894,4050000,2924
7,1610,40250000,40250100,2337,3894,40275000,29157
7,1611,40275000,40275100,2337,3894,40300000,29174
7,1612,40300000,40300100,2337,3894,40325000,29195
7,1613,40325000,40325100,2337,3894,40350000,29210
7,1614,40350000,40350100,2337,3894,40375000,29226
7,1615,40375000,40375100,2337,3894,40400000,29247
7,1616,40400000,40400100,2337,3894,40425000,29266
7,1617,40425000,40425100,2337,3894,40450000,29282
7,1618,40450000,40450100,2337,3894,40475000,29301
7,1619,40475000,40475100,2337,3894,40500000,29320
7,162,4050000,4050100,2337,3894,4075000,2940
7,1620,40500000,40500100,2337,3894,40525000,29335
7,1621,40525000,40525100,2337,3894,40550000,29355
7,1622,40550000,40550100,2337,3894,40575000,29374
7,1623,40575000,40575100,2337,3894,40600000,29391
7,1624,40600000,40600100,2337,3894,40625000,29411
7,1625,40625000,40625100,2337,3894,40650000,29428
7,1626,40650000,40650100,2337,3894,40675000,29443
7,1627,40675000,40675100,2337,3894,40700000,29464
7,1628,40700000,40700100,2337,3894,40725000,29484
7,1629,40725000,40725100,2337,3894,40750000,29499
7,163,4075000,4075100,2337,3894,4100000,2961
7,1630,40750000,40750100,2337,3894,40775000,29519
7,1631,40775000,40775100,2337,3894,40800000,29536
7,1632,40800000,40800100,2337,3894,40825000,29553
7,1633,40825000,40825100,2337,3894,40850000,29572
7,1634,40850000,40850100,2337,3894,40875000,29591
7,1635,40875000,40875100,2337,3894,40900000,29609
7,1636,40900000,40900100,2337,3894,40925000,29629
7,1637,40925000,40925100,2337,3894,40950000,29644
7,1638,40950000,40950100,2337,3894,40975000,29660
7,1639,40975000,40975100,2337,3894,41000000,29681
7,164,4100000,4100100,2337,3894,4125000,2980
7,1640,41000000,41000100,2337,3894,41025000,29701
7,1641,41025000,41025100,2337,3894,41050000,29717
7,1642,41050000,41050100,2337,3894,41075000,29735
7,1643,41075000,41075100,2337,3894,41100000,29755
7,1644,41100000,41100100,2337,3894,41125000,29770
7,1645,41125000,41125100,2337,3894,41150000,29789
7,1646,41150000,41150100,2337,3894,41175000,29809
7,1647,41175000,41175100,2337,3894,41200000,29826
7,1648,41200000,41200100,2337,3894,41225000,29845
7,1649,41225000,41225100,2337,3894,41250000,29862
7,165,4125000,4125100,2337,3894,4150000,2996
7,1650,41250000,41250100,2337,3894,41275000,29877
7,1651,41275000,41275100,2337,3894,41300000,29898
7,1652,41300000,41300100,2337,3894,41325000,29919
7,1653,41325000,41325100,2337,3894,41350000,29933
7,1654,41350000,41350100,2337,3894,41375000,29954
7,1655,41375000,41375100,2337,3894,41400000,29971
7,1656,41400000,41400100,2337,3894,41425000,29987
7,1657,41425000,41425100,2337,3894,41450000,30007
7,1658,41450000,41450100,2337,3894,41475000,30026
7,1659,41475000,41475100,2337,3894,41500000,30043
7,166,4150000,4150100,2337,3894,4175000,3015
7,1660,41500000,41500100,2337,3894,41525000,30063
7,1661,41525000,41525100,2337,3894,41550000,30079
7,1662,41550000,41550100,2337,3894,41575000,30094
7,1663,41575000,41575100,2337,3894,41600000,30116
7,1664,41600000,41600100,2337,3894,41625000,30135
7,1665,41625000,41625100,2337,3894,41650000,30151
7,1666,41650000,41650100,2337,3894,41675000,30170
7,1667,41675000,41675100,2337,3894,41700000,30189
7,1668,41700000,41700100,2337,3894,41725000,30205
7,1669,41725000,41725100,2337,3894,41750000,30224
7,167,4175000,4175100,2337,3894,4200000,3033
7,1670,41750000,41750100,2337,3894,41775000,30243
7,1671,41775000,41775100,2337,3894,41800000,30260
7,1672,41800000,41800100,2337,3894,41825000,30280
7,1673,41825000,41825100,2337,3894,41850000,30296
7,1674,41850000,41850100,2337,3894,41875000,30312
7,1675,41875000,41875100,2337,3894,41900000,30333
7,1676,41900000,41900100,2337,3894,41925000,30353
7,1677,41925000,41925100,2337,3894,41950000,30368
7,1678,41950000,41950100,2337,3894,41975000,30388
7,1679,41975000,41975100,2337,3894,42000000,30405
7,168,4200000,4200100,2337,3894,4225000,3049
7,1680,42000000,42000100,2337,3894,42025000,30422
7,1681,42025000,42025100,2337,3894,42050000,30441
7,1682,42050000,42050100,2337,3894,42075000,30460
7,1683,42075000,42075100,2337,3894,42100000,30478
7,1684,42100000,42100100,2337,3894,42125000,30497
7,1685,42125000,42125100,2337,3894,42150000,30514
7,1686,42150000,42150100,2337,3894,42175000,30529
7,1687,42175000,42175100,2337,3894,42200000,30550
7,1688,42200000,42200100,2337,3894,42225000,30570
7,1689,42225000,42225100,2337,3894,42250000,30586
7,169,4225000,4225100,2337,3894,4250000,3069
7,1690,42250000,42250100,2337,3894,42275000,30604
7,1691,42275000,42275100,2337,3894,42300000,30624
7,1692,42300000,42300100,2337,3894,42325000,30639
7,1693,42325000,42325100,2337,3894,42350000,30657
7,1694,42350000,42350100,2337,3894,42375000,30678
7,1695,42375000,42375100,2337,3894,42400000,30694
7,1696,42400000,42400100,2337,3894,42425000,30715
7,1697,42425000,42425100,2337,3894,42450000,30731
7,1698,42450000,42450100,2337,3894,42475000,30746
7,1699,42475000,42475100,2337,3894,42500000,30768
7,17,425000,425100,2337,3894,450000,318
7,170,4250000,4250100,2337,3894,4275000,3088
7,1700,42500000,42500100,2337,3894,42525000,30788
7,1701,42525000,42525100,2337,3894,42550000,30802
7,1702,42550000,42550100,2337,3894,42575000,30823
7,1703,42575000,42575100,2337,3894,42600000,30840
7,1704,42600000,42600100,2337,3894,42625000,30855
7,1705,42625000,42625100,2337,3894,42650000,30876
7,1706,42650000,42650100,2337,3894,42675000,30894
7,1707,42675000,42675100,2337,3894,42700000,30912
7,1708,42700000,42700100,2337,3894,42725000,30932
7,1709,42725000,42725100,2337,3894,42750000,30948
7,171,4275000,4275100,2337,3894,4300000,3106
7,1710,42750000,42750100,2337,3894,42775000,30964
7,1711,42775000,42775100,2337,3894,42800000,30985
7,1712,42800000,42800100,2337,3894,42825000,31004
7,1713,42825000,42825100,2337,3894,42850000,31021
7,1714,42850000,42850100,2337,3894,42875000,31039
7,1715,42875000,42875100,2337,3894,42900000,31057
7,1716,42900000,42900100,2337,3894,42925000,31074
7,1717,42925000,42925100,2337,3894,42950000,31092
7,1718,42950000,42950100,2337,3894,42975000,31112
7,1719,42975000,42975100,2337,3894,43000000,31129
7,172,4300000,4300100,2337,3894,4325000,3125
7,1720,43000000,43000100,2337,3894,43025000,31149
7,1721,43025000,43025100,2337,3894,43050000,31165
7,1722,43050000,43050100,2337,3894,43075000,31181
7,1723,43075000,43075100,2337,3894,43100000,31202
7,1724,43100000,43100100,2337,3894,43125000,31223
7,1725,43125000,43125100,2337,3894,43150000,31237
7,1726,43150000,43150100,2337,3894,43175000,31256
7,1727,43175000,43175100,2337,3894,43200000,31275
7,1728,43200000,43200100,2337,3894,43225000,31290
7,1729,43225000,43225100,2337,3894,43250000,31310
7,173,4325000,4325100,2337,3894,4350000,3142
7,1730,43250000,43250100,2337,3894,43275000,31329
7,1731,43275000,43275100,2337,3894,43300000,31347
7,1732,43300000,43300100,2337,3894,43325000,31366
7,1733,43325000,43325100,2337,3894,43350000,31383
7,1734,43350000,43350100,2337,3894,43375000,31398
7,1735,43375000,43375100,2337,3894,43400000,31419
7,1736,43400000,43400100,2337,3894,43425000,31439
7,1737,43425000,43425100,2337,3894,43450000,31454
7,1738,43450000,43450100,2337,3894,43475000,31474
7,1739,43475000,43475100,2337,3894,43500000,31492
7,174,4350000,4350100,2337,3894,4375000,3157
7,1740,43500000,43500100,2337,3894,43525000,31508
7,1741,43525000,43525100,2337,3894,43550000,31527
7,1742,43550000,43550100,2337,3894,43575000,31547
7,1743,43575000,43575100,2337,3894,43600000,31563
7,1744,43600000,43600100,2337,3894,43625000,31584
7,1745,43625000,43625100,2337,3894,43650000,31600
7,1746,43650000,43650100,2337,3894,43675000,31615
7,1747,43675000,43675100,2337,3894,43700000,31637
7,1748,43700000,43700100,2337,3894,43725000,31656
7,1749,43725000,43725100,2337,3894,43750000,31671
7,175,4375000,4375100,2337,3894,4400000,3177
7,1750,43750000,43750100,2337,3894,43775000,31691
7,1751,43775000,43775100,2337,3894,43800000,31709
7,1752,43800000,43800100,2337,3894,43825000,31725
7,1753,43825000,43825100,2337,3894,43850000,31745
7,1754,43850000,43850100,2337,3894,43875000,31763
7,1755,43875000,43875100,2337,3894,43900000,31782
7,1756,43900000,43900100,2337,3894,43925000,31801
7,1757,43925000,43925100,2337,3894,43950000,31817
7,1758,43950000,43950100,2337,3894,43975000,31833
7,1759,43975000,43975100,2337,3894,44000000,31853
7,176,4400000,4400100,2337,3894,4425000,3198
7,1760,44000000,44000100,2337,3894,44025000,31873
7,1761,44025000,44025100,2337,3894,44050000,31889
7,1762,44050000,44050100,2337,3894,44075000,31908
7,1763,44075000,44075100,2337,3894,44100000,31926
7,1764,44100000,44100100,2337,3894,44125000,31943
7,1765,44125000,44125100,2337,3894,44150000,31961
7,1766,44150000,44150100,2337,3894,44175000,31982
7,1767,44175000,44175100,2337,3894,44200000,31998
7,1768,44200000,44200100,2337,3894,44225000,32018
7,1769,44225000,44225100,2337,3894,44250000,32035
7,177,4425000,4425100,2337,3894,4450000,3213
7,1770,44250000,44250100,2337,3894,44275000,32049
7,1771,44275000,44275100,2337,3894,44300000,32071
7,1772,44300000,44300100,2337,3894,44325000,32091
7,1773,44325000,44325100,2337,3894,44350000,32106
7,1774,44350000,44350100,2337,3894,44375000,32125
7,1775,44375000,44375100,2337,3894,44400000,32144
7,1776,44400000,44400100,2337,3894,44425000,32159
7,1777,44425000,44425100,2337,3894,44450000,32179
7,1778,44450000,44450100,2337,3894,44475000,32198
7,1779,44475000,44475100,2337,3894,44500000,32216
7,178,4450000,4450100,2337,3894,4475000,3232
7,1780,44500000,44500100,2337,3894,44525000,32236
7,1781,44525000,44525100,2337,3894,44550000,32251
7,1782,44550000,44550100,2337,3894,44575000,32267
7,1783,44575000,44575100,2337,3894,44600000,32288
7,1784,44600000,44600100,2337,3894,44625000,32308
7,1785,44625000,44625100,2337,3894,44650000,32323
7,1786,44650000,44650100,2337,3894,44675000,32343
7,1787,44675000,44675100,2337,3894,44700000,32361
7,1788,44700000,44700100,2337,3894,44725000,32377
7,1789,44725000,44725100,2337,3894,44750000,32396
7,179,4475000,4475100,2337,3894,4500000,3251
7,1790,44750000,44750100,2337,3894,44775000,32416
7,1791,44775000,44775100,2337,3894,44800000,32432
7,1792,44800000,44800100,2337,3894,44825000,32452
7,1793,44825000,44825100,2337,3894,44850000,32469
7,1794,44850000,44850100,2337,3894,44875000,32484
7,1795,44875000,44875100,2337,3894,44900000,32506
7,1796,44900000,44900100,2337,3894,44925000,32525
7,1797,44925000,44925100,2337,3894,44950000,32541
7,1798,44950000,44950100,2337,3894,44975000,32560
7,1799,44975000,44975100,2337,3894,45000000,32578
7,18,450000,450100,2337,3894,475000,332
7,180,4500000,4500100,2337,3894,4525000,3267
7,1800,45000000,45000100,2337,3894,45025000,32594
7,1801,45025000,45025100,2337,3894,45050000,32614
7,1802,45050000,45050100,2337,3894,45075000,32632
7,1803,45075000,45075100,2337,3894,45100000,32650
7,1804,45100000,45100100,2337,3894,45125000,32670
7,1805,45125000,45125100,2337,3894,45150000,32685
7,1806,45150000,45150100,2337,3894,45175000,32702
7,1807,45175000,45175100,2337,3894,45200000,32722
7,1808,45200000,45200100,2337,3894,45225000,32743
7,1809,45225000,45225100,2337,3894,45250000,32758
7,181,4525000,4525100,2337,3894,4550000,3285
7,1810,45250000,45250100,2337,3894,45275000,32777
7,1811,45275000,45275100,2337,3894,45300000,32796
7,1812,45300000,45300100,2337,3894,45325000,32812
7,1813,45325000,45325100,2337,3894,45350000,32830
7,1814,45350000,45350100,2337,3894,45375000,32850
7,1815,45375000,45375100,2337,3894,45400000,32867
7,1816,45400000,45400100,2337,3894,45425000,32886
7,1817,45425000,45425100,2337,3894,45450000,32904
7,1818,45450000,45450100,2337,3894,45475000,32918
7,1819,45475000,45475100,2337,3894,45500000,32940
7,182,4550000,4550100,2337,3894,4575000,3306
7,1820,45500000,45500100,2337,3894,45525000,32960
7,1821,45525000,45525100,2337,3894,45550000,32975
7,1822,45550000,45550100,2337,3894,45575000,32995
7,1823,45575000,45575100,2337,3894,45600000,33013
7,1824,45600000,45600100,2337,3894,45625000,33028
7,1825,45625000,45625100,2337,3894,45650000,33048
7,1826,45650000,45650100,2337,3894,45675000,33067
7,1827,45675000,45675100,2337,3894,45700000,33084
7,1828,45700000,45700100,2337,3894,45725000,33105
7,1829,45725000,45725100,2337,3894,45750000,33120
7,183,4575000,4575100,2337,3894,4600000,3322
7,1830,45750000,45750100,2337,3894,45775000,33136
7,1831,45775000,45775100,2337,3894,45800000,33157
7,1832,45800000,45800100,2337,3894,45825000,33177
7,1833,45825000,45825100,2337,3894,45850000,33192
7,1834,45850000,45850100,2337,3894,45875000,33212
7,1835,45875000,45875100,2337,3894,45900000,33230
7,1836,45900000,45900100,2337,3894,45925000,33246
7,1837,45925000,45925100,2337,3894,45950000,33265
7,1838,45950000,45950100,2337,3894,45975000,33284
7,1839,45975000,45975100,2337,3894,46000000,33302
7,184,4600000,4600100,2337,3894,4625000,3343
7,1840,46000000,46000100,2337,3894,46025000,33321
7,1841,46025000,46025100,2337,3894,46050000,33338
7,1842,46050000,46050100,2337,3894,46075000,33353
7,1843,46075000,46075100,2337,3894,46100000,33375
7,1844,46100000,46100100,2337,3894,46125000,33394
7,1845,46125000,46125100,2337,3894,46150000,33410
7,1846,46150000,46150100,2337,3894,46175000,33429
7,1847,46175000,46175100,2337,3894,46200000,33446
7,185,4625000,4625100,2337,3894,4650000,3359
7,186,4650000,4650100,2337,3894,4675000,3373
7,187,4675000,4675100,2337,3894,4700000,3396
7,188,4700000,4700100,2337,3894,4725000,3415
7,189,4725000,4725100,2337,3894,4750000,3430
7,19,475000,475100,2337,3894,500000,355
7,190,4750000,4750100,2337,3894,4775000,3450
7,191,4775000,4775100,2337,3894,4800000,3468
7,192,4800000,4800100,2337,3894,4825000,3483
7,193,4825000,4825100,2337,3894,4850000,3504
7,194,4850000,4850100,2337,3894,4875000,3522
7,195,4875000,4875100,2337,3894,4900000,3540
7,196,4900000,4900100,2337,3894,4925000,3560
7,197,4925000,4925100,2337,3894,4950000,3575
7,198,4950000,4950100,2337,3894,4975000,3592
7,199,4975000,4975100,2337,3894,5000000,3612
7,2,50000,50100,2337,3894,75000,47
7,20,500000,500100,2337,3894,525000,374
7,200,5000000,5000100,2337,3894,5025000,3632
7,201,5025000,5025100,2337,3894,5050000,3648
7,202,5050000,5050100,2337,3894,5075000,3667
7,203,5075000,5075100,2337,3894,5100000,3685
7,204,5100000,5100100,2337,3894,5125000,3702
7,205,5125000,5125100,2337,3894,5150000,3720
7,206,5150000,5150100,2337,3894,5175000,3740
7,207,5175000,5175100,2337,3894,5200000,3757
7,208,5200000,5200100,2337,3894,5225000,3776
7,209,5225000,5225100,2337,3894,5250000,3793
7,21,525000,525100,2337,3894,550000,388
7,210,5250000,5250100,2337,3894,5275000,3808
7,211,5275000,5275100,2337,3894,5300000,3830
7,212,5300000,5300100,2337,3894,5325000,3850
7,213,5325000,5325100,2337,3894,5350000,3865
7,214,5350000,5350100,2337,3894,5375000,3884
7,215,5375000,5375100,2337,3894,5400000,3903
7,216,5400000,5400100,2337,3894,5425000,3918
7,217,5425000,5425100,2337,3894,5450000,3938
7,218,5450000,5450100,2337,3894,5475000,3957
7,219,5475000,5475100,2337,3894,5500000,3974
7,22,550000,550100,2337,3894,575000,409
7,220,5500000,5500100,2337,3894,5525000,3994
7,221,5525000,5525100,2337,3894,5550000,4010
7,222,5550000,5550100,2337,3894,5575000,4026
7,223,5575000,5575100,2337,3894,5600000,4046
7,224,5600000,5600100,2337,3894,5625000,4067
7,225,5625000,5625100,2337,3894,5650000,4082
7,226,5650000,5650100,2337,3894,5675000,4102
7,227,5675000,5675100,2337,3894,5700000,4120
7,228,5700000,5700100,2337,3894,5725000,4136
7,229,5725000,5725100,2337,3894,5750000,4155
7,23,575000,575100,2337,3894,600000,426
7,230,5750000,5750100,2337,3894,5775000,4174
7,231,5775000,5775100,2337,3894,5800000,4191
7,232,5800000,5800100,2337,3894,5825000,4211
7,233,5825000,5825100,2337,3894,5850000,4228
7,234,5850000,5850100,2337,3894,5875000,4242
7,235,5875000,5875100,2337,3894,5900000,4265
7,236,5900000,5900100,2337,3894,5925000,4284
7,237,5925000,5925100,2337,3894,5950000,4299
7,238,5950000,5950100,2337,3894,5975000,4319
7,239,5975000,5975100,2337,3894,6000000,4337
7,24,600000,600100,2337,3894,625000,442
7,240,6000000,6000100,2337,3894,6025000,4353
7,241,6025000,6025100,2337,3894,6050000,4372
7,242,6050000,6050100,2337,3894,6075000,4391
7,243,6075000,6075100,2337,3894,6100000,4409
7,244,6100000,6100100,2337,3894,6125000,4429
7,245,6125000,6125100,2337,3894,6150000,4444
7,246,6150000,6150100,2337,3894,6175000,4461
7,247,6175000,6175100,2337,3894,6200000,4481
7,248,6200000,6200100,2337,3894,6225000,4501
7,249,6225000,6225100,2337,3894,6250000,4517
7,25,625000,625100,2337,3894,650000,462
7,250,6250000,6250100,2337,3894,6275000,4536
7,251,6275000,6275100,2337,3894,6300000,4554
7,252,6300000,6300100,2337,3894,6325000,4570
7,253,6325000,6325100,2337,3894,6350000,4589
7,254,6350000,6350100,2337,3894,6375000,4609
7,255,6375000,6375100,2337,3894,6400000,4626
7,256,6400000,6400100,2337,3894,6425000,4645
7,257,6425000,6425100,2337,3894,6450000,4663
7,258,6450000,6450100,2337,3894,6475000,4677
7,259,6475000,6475100,2337,3894,6500000,4699
7,26,650000,650100,2337,3894,675000,481
7,260,6500000,6500100,2337,3894,6525000,4719
7,261,6525000,6525100,2337,3894,6550000,4734
7,262,6550000,6550100,2337,3894,6575000,4753
7,263,6575000,6575100,2337,3894,6600000,4771
7,264,6600000,6600100,2337,3894,6625000,4787
7,265,6625000,6625100,2337,3894,6650000,4806
7,266,6650000,6650100,2337,3894,6675000,4826
7,267,6675000,6675100,2337,3894,6700000,4843
7,268,6700000,6700100,2337,3894,6725000,4864
7,269,6725000,6725100,2337,3894,6750000,4879
7,27,675000,675100,2337,3894,700000,498
7,270,6750000,6750100,2337,3894,6775000,4895
7,271,6775000,6775100,2337,3894,6800000,4916
7,272,6800000,6800100,2337,3894,6825000,4936
7,273,6825000,6825100,2337,3894,6850000,4951
7,274,6850000,6850100,2337,3894,6875000,4970
7,275,6875000,6875100,2337,3894,6900000,4989
7,276,6900000,6900100,2337,3894,6925000,5004
7,277,6925000,6925100,2337,3894,6950000,5024
7,278,6950000,6950100,2337,3894,6975000,5043
7,279,6975000,6975100,2337,3894,7000000,5060
7,28,700000,700100,2337,3894,725000,519
7,280,7000000,7000100,2337,3894,7025000,5080
7,281,7025000,7025100,2337,3894,7050000,5097
7,282,7050000,7050100,2337,3894,7075000,5112
7,283,7075000,7075100,2337,3894,7100000,5134
7,284,7100000,7100100,2337,3894,7125000,5153
7,285,7125000,7125100,2337,3894,7150000,5168
7,286,7150000,7150100,2337,3894,7175000,5188
7,287,7175000,7175100,2337,3894,7200000,5205
7,288,7200000,7200100,2337,3894,7225000,5222
7,289,7225000,7225100,2337,3894,7250000,5241
7,29,725000,725100,2337,3894,750000,534
7,290,7250000,7250100,2337,3894,7275000,5260
7,291,7275000,7275100,2337,3894,7300000,5278
7,292,7300000,7300100,2337,3894,7325000,5298
7,293,7325000,7325100,2337,3894,7350000,5313
7,294,7350000,7350100,2337,3894,7375000,5330
7,295,7375000,7375100,2337,3894,7400000,5350
7,296,7400000,7400100,2337,3894,7425000,5370
7,297,7425000,7425100,2337,3894,7450000,5386
7,298,7450000,7450100,2337,3894,7475000,5404
7,299,7475000,7475100,2337,3894,7500000,5424
7,3,75000,75100,2337,3894,100000,64
7,30,750000,750100,2337,3894,775000,551
7,300,7500000,7500100,2337,3894,7525000,5439
7,301,7525000,7525100,2337,3894,7550000,5458
7,302,7550000,7550100,2337,3894,7575000,5478
7,303,7575000,7575100,2337,3894,7600000,5495
7,304,7600000,7600100,2337,3894,7625000,5514
7,305,7625000,7625100,2337,3894,7650000,5532
7,306,7650000,7650100,2337,3894,7675000,5546
7,307,7675000,7675100,2337,3894,7700000,5567
7,308,7700000,7700100,2337,3894,7725000,5588
7,309,7725000,7725100,2337,3894,7750000,5602
7,31,775000,775100,2337,3894,800000,571
7,310,7750000,7750100,2337,3894,7775000,5623
7,311,7775000,7775100,2337,3894,7800000,5640
7,312,7800000,7800100,2337,3894,7825000,5656
7,313,7825000,7825100,2337,3894,7850000,5676
7,314,7850000,7850100,2337,3894,7875000,5695
7,315,7875000,7875100,2337,3894,7900000,5712
7,316,7900000,7900100,2337,3894,7925000,5733
7,317,7925000,7925100,2337,3894,7950000,5748
7,318,7950000,7950100,2337,3894,7975000,5763
7,319,7975000,7975100,2337,3894,8000000,5785
7,32,800000,800100,2337,3894,825000,590
7,320,8000000,8000100,2337,3894,8025000,5804
7,321,8025000,8025100,2337,3894,8050000,5820
7,322,8050000,8050100,2337,3894,8075000,5839
7,323,8075000,8075100,2337,3894,8100000,5858
7,324,8100000,8100100,2337,3894,8125000,5874
7,325,8125000,8125100,2337,3894,8150000,5893
7,326,8150000,8150100,2337,3894,8175000,5912
7,327,8175000,8175100,2337,3894,8200000,5930
7,328,8200000,8200100,2337,3894,8225000,5949
7,329,8225000,8225100,2337,3894,8250000,5965
7,33,825000,825100,2337,3894,850000,607
7,330,8250000,8250100,2337,3894,8275000,5981
7,331,8275000,8275100,2337,3894,8300000,6002
7,332,8300000,8300100,2337,3894,8325000,6022
7,333,8325000,8325100,2337,3894,8350000,6037
7,334,8350000,8350100,2337,3894,8375000,6057
7,335,8375000,8375100,2337,3894,8400000,6074
7,336,8400000,8400100,2337,3894,8425000,6091
7,337,8425000,8425100,2337,3894,8450000,6110
7,338,8450000,8450100,2337,3894,8475000,6130
7,339,8475000,8475100,2337,3894,8500000,6147
7,34,850000,850100,2337,3894,875000,625
7,340,8500000,8500100,2337,3894,8525000,6166
7,341,8525000,8525100,2337,3894,8550000,6183
7,342,8550000,8550100,2337,3894,8575000,6198
7,343,8575000,8575100,2337,3894,8600000,6219
7,344,8600000,8600100,2337,3894,8625000,6239
7,345,8625000,8625100,2337,3894,8650000,6255
7,346,8650000,8650100,2337,3894,8675000,6273
7,347,8675000,8675100,2337,3894,8700000,6293
7,348,8700000,8700100,2337,3894,8725000,6308
7,349,8725000,8725100,2337,3894,8750000,6327
7,35,875000,875100,2337,3894,900000,644
7,350,8750000,8750100,2337,3894,8775000,6347
7,351,8775000,8775100,2337,3894,8800000,6363
7,352,8800000,8800100,2337,3894,8825000,6384
7,353,8825000,8825100,2337,3894,8850000,6400
7,354,8850000,8850100,2337,3894,8875000,6415
7,355,8875000,8875100,2337,3894,8900000,6437
7,356,8900000,8900100,2337,3894,8925000,6457
7,357,8925000,8925100,2337,3894,8950000,6471
7,358,8950000,8950100,2337,3894,8975000,6492
7,359,8975000,8975100,2337,3894,9000000,6509
7,36,900000,900100,2337,3894,925000,660
7,360,9000000,9000100,2337,3894,9025000,6525
7,361,9025000,9025100,2337,3894,9050000,6545
7,362,9050000,9050100,2337,3894,9075000,6563
7,363,9075000,9075100,2337,3894,9100000,6581
7,364,9100000,9100100,2337,3894,9125000,6601
7,365,9125000,9125100,2337,3894,9150000,6617
7,366,9150000,9150100,2337,3894,9175000,6633
7,367,9175000,9175100,2337,3894,9200000,6654
7,368,9200000,9200100,2337,3894,9225000,6673
7,369,9225000,9225100,2337,3894,9250000,6690
7,37,925000,925100,2337,3894,950000,679
7,370,9250000,9250100,2337,3894,9275000,6708
7,371,9275000,9275100,2337,3894,9300000,6727
7,372,9300000,9300100,2337,3894,9325000,6743
7,373,9325000,9325100,2337,3894,9350000,6761
7,374,9350000,9350100,2337,3894,9375000,6781
7,375,9375000,9375100,2337,3894,9400000,6798
7,376,9400000,9400100,2337,3894,9425000,6818
7,377,9425000,9425100,2337,3894,9450000,6834
7,378,9450000,9450100,2337,3894,9475000,6850
7,379,9475000,9475100,2337,3894,9500000,6871
7,38,950000,950100,2337,3894,975000,698
7,380,9500000,9500100,2337,3894,9525000,6892
7,381,9525000,9525100,2337,3894,9550000,6906
7,382,9550000,9550100,2337,3894,9575000,6926
7,383,9575000,9575100,2337,3894,9600000,6944
7,384,9600000,9600100,2337,3894,9625000,6959
7,385,9625000,9625100,2337,3894,9650000,6979
7,386,9650000,9650100,2337,3894,9675000,6998
7,387,9675000,9675100,2337,3894,9700000,7016
7,388,9700000,9700100,2337,3894,9725000,7035
7,389,9725000,9725100,2337,3894,9750000,7052
7,39,975000,975100,2337,3894,1000000,716
7,390,9750000,9750100,2337,3894,9775000,7067
7,391,9775000,9775100,2337,3894,9800000,7088
7,392,9800000,9800100,2337,3894,9825000,7108
7,393,9825000,9825100,2337,3894,9850000,7124
7,394,9850000,9850100,2337,3894,9875000,7143
7,395,9875000,9875100,2337,3894,9900000,7161
7,396,9900000,9900100,2337,3894,9925000,7177
7,397,9925000,9925100,2337,3894,9950000,7196
7,398,9950000,9950100,2337,3894,9975000,7216
7,399,9975000,9975100,2337,3894,10000000,7232
7,4,100000,100100,2337,3894,125000,84
7,40,1000000,1000100,2337,3894,1025000,735
7,400,10000000,10000100,2337,3894,10025000,7253
7,401,10025000,10025100,2337,3894,10050000,7269
7,402,10050000,10050100,2337,3894,10075000,7284
7,403,10075000,10075100,2337,3894,10100000,7306
7,404,10100000,10100100,2337,3894,10125000,7326
7,405,10125000,10125100,2337,3894,10150000,7340
7,406,10150000,10150100,2337,3894,10175000,7360
7,407,10175000,10175100,2337,3894,10200000,7378
7,408,10200000,10200100,2337,3894,10225000,7394
7,409,10225000,10225100,2337,3894,10250000,7414
7,41,1025000,1025100,2337,3894,1050000,752
7,410,10250000,10250100,2337,3894,10275000,7432
7,411,10275000,10275100,2337,3894,10300000,7451
7,412,10300000,10300100,2337,3894,10325000,7470
7,413,10325000,10325100,2337,3894,10350000,7486
7,414,10350000,10350100,2337,3894,10375000,7502
7,415,10375000,10375100,2337,3894,10400000,7523
7,416,10400000,10400100,2337,3894,10425000,7542
7,417,10425000,10425100,2337,3894,10450000,7558
7,418,10450000,10450100,2337,3894,10475000,7577
7,419,10475000,10475100,2337,3894,10500000,7595
7,42,1050000,1050100,2337,3894,1075000,767
7,420,10500000,10500100,2337,3894,10525000,7612
7,421,10525000,10525100,2337,3894,10550000,7630
7,422,10550000,10550100,2337,3894,10575000,7651
7,423,10575000,10575100,2337,3894,10600000,7667
7,424,10600000,10600100,2337,3894,10625000,7687
7,425,10625000,10625100,2337,3894,10650000,7704
7,426,10650000,10650100,2337,3894,10675000,7719
7,427,10675000,10675100,2337,3894,10700000,7740
7,428,10700000,10700100,2337,3894,10725000,7760
7,429,10725000,10725100,2337,3894,10750000,7775
7,43,1075000,1075100,2337,3894,1100000,788
7,430,10750000,10750100,2337,3894,10775000,7794
7,431,10775000,10775100,2337,3894,10800000,7813
7,432,10800000,10800100,2337,3894,10825000,7828
7,433,10825000,10825100,2337,3894,10850000,7848
7,434,10850000,10850100,2337,3894,10875000,7867
7,435,10875000,10875100,2337,3894,10900000,7885
7,436,10900000,10900100,2337,3894,10925000,7905
7,437,10925000,10925100,2337,3894,10950000,7921
7,438,10950000,10950100,2337,3894,10975000,7936
7,439,10975000,10975100,2337,3894,11000000,7957
7,44,1100000,1100100,2337,3894,1125000,809
7,440,11000000,11000100,2337,3894,11025000,7977
7,441,11025000,11025100,2337,3894,11050000,7992
7,442,11050000,11050100,2337,3894,11075000,8012
7,443,11075000,11075100,2337,3894,11100000,8030
7,444,11100000,11100100,2337,3894,11125000,8046
7,445,11125000,11125100,2337,3894,11150000,8065
7,446,11150000,11150100,2337,3894,11175000,8085
7,447,11175000,11175100,2337,3894,11200000,8101
7,448,11200000,11200100,2337,3894,11225000,8122
7,449,11225000,11225100,2337,3894,11250000,8138
7,45,1125000,1125100,2337,3894,1150000,823
7,450,11250000,11250100,2337,3894,11275000,8153
7,451,11275000,11275100,2337,3894,11300000,8175
7,452,11300000,11300100,2337,3894,11325000,8194
7,453,11325000,11325100,2337,3894,11350000,8210
7,454,11350000,11350100,2337,3894,11375000,8229
7,455,11375000,11375100,2337,3894,11400000,8247
7,456,11400000,11400100,2337,3894,11425000,8263
7,457,11425000,11425100,2337,3894,11450000,8283
7,458,11450000,11450100,2337,3894,11475000,8301
7,459,11475000,11475100,2337,3894,11500000,8320
7,46,1150000,1150100,2337,3894,1175000,843
7,460,11500000,11500100,2337,3894,11525000,8339
7,461,11525000,11525100,2337,3894,11550000,8354
7,462,11550000,11550100,2337,3894,11575000,8371
7,463,11575000,11575100,2337,3894,11600000,8391
7,464,11600000,11600100,2337,3894,11625000,8412
7,465,11625000,11625100,2337,3894,11650000,8427
7,466,11650000,11650100,2337,3894,11675000,8446
7,467,11675000,11675100,2337,3894,11700000,8465
7,468,11700000,11700100,2337,3894,11725000,8481
7,469,11725000,11725100,2337,3894,11750000,8499
7,47,1175000,1175100,2337,3894,1200000,861
7,470,11750000,11750100,2337,3894,11775000,8520
7,471,11775000,11775100,2337,3894,11800000,8536
7,472,11800000,11800100,2337,3894,11825000,8555
7,473,11825000,11825100,2337,3894,11850000,8573
7,474,11850000,11850100,2337,3894,11875000,8587
7,475,11875000,11875100,2337,3894,11900000,8609
7,476,11900000,11900100,2337,3894,11925000,8629
7,477,11925000,11925100,2337,3894,11950000,8644
7,478,11950000,11950100,2337,3894,11975000,8664
7,479,11975000,11975100,2337,3894,12000000,8682
7,48,1200000,1200100,2337,3894,1225000,877
7,480,12000000,12000100,2337,3894,12025000,8697
7,481,12025000,12025100,2337,3894,12050000,8718
7,482,12050000,12050100,2337,3894,12075000,8736
7,483,12075000,12075100,2337,3894,12100000,8753
7,484,12100000,12100100,2337,3894,12125000,8774
7,485,12125000,12125100,2337,3894,12150000,8789
7,486,12150000,12150100,2337,3894,12175000,8805
7,487,12175000,12175100,2337,3894,12200000,8826
7,488,12200000,12200100,2337,3894,12225000,8846
7,489,12225000,12225100,2337,3894,12250000,8861
7,49,1225000,1225100,2337,3894,1250000,896
7,490,12250000,12250100,2337,3894,12275000,8881
7,491,12275000,12275100,2337,3894,12300000,8899
7,492,12300000,12300100,2337,3894,12325000,8916
7,493,12325000,12325100,2337,3894,12350000,8934
7,494,12350000,12350100,2337,3894,12375000,8953
7,495,12375000,12375100,2337,3894,12400000,8971
7,496,12400000,12400100,2337,3894,12425000,8990
7,497,12425000,12425100,2337,3894,12450000,9007
7,498,12450000,12450100,2337,3894,12475000,9022
7,499,12475000,12475100,2337,3894,12500000,9044
7,5,125000,125100,2337,3894,150000,100
7,50,1250000,1250100,2337,3894,1275000,916
7,500,12500000,12500100,2337,3894,12525000,9063
7,501,12525000,12525100,2337,3894,12550000,9079
7,502,12550000,12550100,2337,3894,12575000,9098
7,503,12575000,12575100,2337,3894,12600000,9116
7,504,12600000,12600100,2337,3894,12625000,9132
7,505,12625000,12625100,2337,3894,12650000,9151
7,506,12650000,12650100,2337,3894,12675000,9171
7,507,12675000,12675100,2337,3894,12700000,9188
7,508,12700000,12700100,2337,3894,12725000,9208
7,509,12725000,12725100,2337,3894,12750000,9224
7,51,1275000,1275100,2337,3894,1300000,933
7,510,12750000,12750100,2337,3894,12775000,9240
7,511,12775000,12775100,2337,3894,12800000,9260
7,512,12800000,12800100,2337,3894,12825000,9281
7,513,12825000,12825100,2337,3894,12850000,9296
7,514,12850000,12850100,2337,3894,12875000,9315
7,515,12875000,12875100,2337,3894,12900000,9334
7,516,12900000,12900100,2337,3894,12925000,9349
7,517,12925000,12925100,2337,3894,12950000,9368
7,518,12950000,12950100,2337,3894,12975000,9388
7,519,12975000,12975100,2337,3894,13000000,9405
7,52,1300000,1300100,2337,3894,1325000,953
7,520,13000000,13000100,2337,3894,13025000,9425
7,521,13025000,13025100,2337,3894,13050000,9442
7,522,13050000,13050100,2337,3894,13075000,9456
7,523,13075000,13075100,2337,3894,13100000,9479
7,524,13100000,13100100,2337,3894,13125000,9498
7,525,13125000,13125100,2337,3894,13150000,9513
7,526,13150000,13150100,2337,3894,13175000,9533
7,527,13175000,13175100,2337,3894,13200000,9550
7,528,13200000,13200100,2337,3894,13225000,9566
7,529,13225000,13225100,2337,3894,13250000,9586
7,53,1325000,1325100,2337,3894,1350000,969
7,530,13250000,13250100,2337,3894,13275000,9605
7,531,13275000,13275100,2337,3894,13300000,9622
7,532,13300000,13300100,2337,3894,13325000,9643
7,533,13325000,13325100,2337,3894,13350000,9658
7,534,13350000,13350100,2337,3894,13375000,9675
7,535,13375000,13375100,2337,3894,13400000,9695
7,536,13400000,13400100,2337,3894,13425000,9715
7,537,13425000,13425100,2337,3894,13450000,9731
7,538,13450000,13450100,2337,3894,13475000,9749
7,539,13475000,13475100,2337,3894,13500000,9768
7,54,1350000,1350100,2337,3894,1375000,984
7,540,13500000,13500100,2337,3894,13525000,9784
7,541,13525000,13525100,2337,3894,13550000,9803
7,542,13550000,13550100,2337,3894,13575000,9822
7,543,13575000,13575100,2337,3894,13600000,9840
7,544,13600000,13600100,2337,3894,13625000,9859
7,545,13625000,13625100,2337,3894,13650000,9876
7,546,13650000,13650100,2337,3894,13675000,9891
7,547,13675000,13675100,2337,3894,13700000,9913
7,548,13700000,13700100,2337,3894,13725000,9933
7,549,13725000,13725100,2337,3894,13750000,9947
7,55,1375000,1375100,2337,3894,1400000,1005
7,550,13750000,13750100,2337,3894,13775000,9967
7,551,13775000,13775100,2337,3894,13800000,9985
7,552,13800000,13800100,2337,3894,13825000,10001
7,553,13825000,13825100,2337,3894,13850000,10020
7,554,13850000,13850100,2337,3894,13875000,10040
7,555,13875000,13875100,2337,3894,13900000,10057
7,556,13900000,13900100,2337,3894,13925000,10077
7,557,13925000,13925100,2337,3894,13950000,10093
7,558,13950000,13950100,2337,3894,13975000,10109
7,559,13975000,13975100,2337,3894,14000000,10129
7,56,1400000,1400100,2337,3894,1425000,1025
7,560,14000000,14000100,2337,3894,14025000,10149
7,561,14025000,14025100,2337,3894,14050000,10165
7,562,14050000,14050100,2337,3894,14075000,10184
7,563,14075000,14075100,2337,3894,14100000,10203
7,564,14100000,14100100,2337,3894,14125000,10218
7,565,14125000,14125100,2337,3894,14150000,10238
7,566,14150000,14150100,2337,3894,14175000,10257
7,567,14175000,14175100,2337,3894,14200000,10274
7,568,14200000,14200100,2337,3894,14225000,10294
7,569,14225000,14225100,2337,3894,14250000,10311
7,57,1425000,1425100,2337,3894,1450000,1041
7,570,14250000,14250100,2337,3894,14275000,10325
7,571,14275000,14275100,2337,3894,14300000,10347
7,572,14300000,14300100,2337,3894,14325000,10367
7,573,14325000,14325100,2337,3894,14350000,10381
7,574,14350000,14350100,2337,3894,14375000,10402
7,575,14375000,14375100,2337,3894,14400000,10419
7,576,14400000,14400100,2337,3894,14425000,10436
7,577,14425000,14425100,2337,3894,14450000,10455
7,578,14450000,14450100,2337,3894,14475000,10474
7,579,14475000,14475100,2337,3894,14500000,10492
7,58,1450000,1450100,2337,3894,1475000,1060
7,580,14500000,14500100,2337,3894,14525000,10512
7,581,14525000,14525100,2337,3894,14550000,10527
7,582,14550000,14550100,2337,3894,14575000,10543
7,583,14575000,14575100,2337,3894,14600000,10564
7,584,14600000,14600100,2337,3894,14625000,10583
7,585,14625000,14625100,2337,3894,14650000,10600
7,586,14650000,14650100,2337,3894,14675000,10618
7,587,14675000,14675100,2337,3894,14700000,10637
7,588,14700000,14700100,2337,3894,14725000,10653
7,589,14725000,14725100,2337,3894,14750000,10672
7,59,1475000,1475100,2337,3894,1500000,1079
7,590,14750000,14750100,2337,3894,14775000,10692
7,591,14775000,14775100,2337,3894,14800000,10709
7,592,14800000,14800100,2337,3894,14825000,10728
7,593,14825000,14825100,2337,3894,14850000,10745
7,594,14850000,14850100,2337,3894,14875000,10760
7,595,14875000,14875100,2337,3894,14900000,10781
7,596,14900000,14900100,2337,3894,14925000,10802
7,597,14925000,14925100,2337,3894,14950000,10816
7,598,14950000,14950100,2337,3894,14975000,10836
7,599,14975000,14975100,2337,3894,15000000,10854
7,6,150000,150100,2337,3894,175000,116
7,60,1500000,1500100,2337,3894,1525000,1094
7,600,15000000,15000100,2337,3894,15025000,10870
7,601,15025000,15025100,2337,3894,15050000,10889
7,602,15050000,15050100,2337,3894,15075000,10909
7,603,15075000,15075100,2337,3894,15100000,10926
7,604,15100000,15100100,2337,3894,15125000,10946
7,605,15125000,15125100,2337,3894,15150000,10962
7,606,15150000,15150100,2337,3894,15175000,10977
7,607,15175000,15175100,2337,3894,15200000,10999
7,608,15200000,15200100,2337,3894,15225000,11018
7,609,15225000,15225100,2337,3894,15250000,11034
7,61,1525000,1525100,2337,3894,1550000,1114
7,610,15250000,15250100,2337,3894,15275000,11053
7,611,15275000,15275100,2337,3894,15300000,11072
7,612,15300000,15300100,2337,3894,15325000,11087
7,613,15325000,15325100,2337,3894,15350000,11107
7,614,15350000,15350100,2337,3894,15375000,11126
7,615,15375000,15375100,2337,3894,15400000,11142
7,616,15400000,15400100,2337,3894,15425000,11163
7,617,15425000,15425100,2337,3894,15450000,11179
7,618,15450000,15450100,2337,3894,15475000,11195
7,619,15475000,15475100,2337,3894,15500000,11216
7,62,1550000,1550100,2337,3894,1575000,1133
7,620,15500000,15500100,2337,3894,15525000,11236
7,621,15525000,15525100,2337,3894,15550000,11251
7,622,15550000,15550100,2337,3894,15575000,11271
7,623,15575000,15575100,2337,3894,15600000,11288
7,624,15600000,15600100,2337,3894,15625000,11305
7,625,15625000,15625100,2337,3894,15650000,11324
7,626,15650000,15650100,2337,3894,15675000,11342
7,627,15675000,15675100,2337,3894,15700000,11361
7,628,15700000,15700100,2337,3894,15725000,11380
7,629,15725000,15725100,2337,3894,15750000,11396
7,63,1575000,1575100,2337,3894,1600000,1150
7,630,15750000,15750100,2337,3894,15775000,11412
7,631,15775000,15775100,2337,3894,15800000,11433
7,632,15800000,15800100,2337,3894,15825000,11453
7,633,15825000,15825100,2337,3894,15850000,11469
7,634,15850000,15850100,2337,3894,15875000,11487
7,635,15875000,15875100,2337,3894,15900000,11507
7,636,15900000,15900100,2337,3894,15925000,11522
7,637,15925000,15925100,2337,3894,15950000,11540
7,638,15950000,15950100,2337,3894,15975000,11561
7,639,15975000,15975100,2337,3894,16000000,11577
7,64,1600000,1600100,2337,3894,1625000,1170
7,640,16000000,16000100,2337,3894,16025000,11597
7,641,16025000,16025100,2337,3894,16050000,11614
7,642,16050000,16050100,2337,3894,16075000,11629
7,643,16075000,16075100,2337,3894,16100000,11650
7,644,16100000,16100100,2337,3894,16125000,11671
7,645,16125000,16125100,2337,3894,16150000,11685
7,646,16150000,16150100,2337,3894,16175000,11706
7,647,16175000,16175100,2337,3894,16200000,11723
7,648,16200000,16200100,2337,3894,16225000,11738
7,649,16225000,16225100,2337,3894,16250000,11759
7,65,1625000,1625100,2337,3894,1650000,1186
7,650,16250000,16250100,2337,3894,16275000,11777
7,651,16275000,16275100,2337,3894,16300000,11795
7,652,16300000,16300100,2337,3894,16325000,11815
7,653,16325000,16325100,2337,3894,16350000,11831
7,654,16350000,16350100,2337,3894,16375000,11846
7,655,16375000,16375100,2337,3894,16400000,11868
7,656,16400000,16400100,2337,3894,16425000,11887
7,657,16425000,16425100,2337,3894,16450000,11903
7,658,16450000,16450100,2337,3894,16475000,11922
7,659,16475000,16475100,2337,3894,16500000,11940
7,66,1650000,1650100,2337,3894,1675000,1201
7,660,16500000,16500100,2337,3894,16525000,11957
7,661,16525000,16525100,2337,3894,16550000,11975
7,662,16550000,16550100,2337,3894,16575000,11995
7,663,16575000,16575100,2337,3894,16600000,12012
7,664,16600000,16600100,2337,3894,16625000,12032
7,665,16625000,16625100,2337,3894,16650000,12048
7,666,16650000,16650100,2337,3894,16675000,12064
7,667,16675000,16675100,2337,3894,16700000,12085
7,668,16700000,16700100,2337,3894,16725000,12105
7,669,16725000,16725100,2337,3894,16750000,12120
7,67,1675000,1675100,2337,3894,1700000,1223
7,670,16750000,16750100,2337,3894,16775000,12139
7,671,16775000,16775100,2337,3894,16800000,12157
7,672,16800000,16800100,2337,3894,16825000,12173
7,673,16825000,16825100,2337,3894,16850000,12193
7,674,16850000,16850100,2337,3894,16875000,12212
7,675,16875000,16875100,2337,3894,16900000,12230
7,676,16900000,16900100,2337,3894,16925000,12249
7,677,16925000,16925100,2337,3894,16950000,12266
7,678,16950000,16950100,2337,3894,16975000,12281
7,679,16975000,16975100,2337,3894,17000000,12302
7,68,1700000,1700100,2337,3894,1725000,1243
7,680,17000000,17000100,2337,3894,17025000,12322
7,681,17025000,17025100,2337,3894,17050000,12337
7,682,17050000,17050100,2337,3894,17075000,12356
7,683,17075000,17075100,2337,3894,17100000,12375
7,684,17100000,17100100,2337,3894,17125000,12391
7,685,17125000,17125100,2337,3894,17150000,12409
7,686,17150000,17150100,2337,3894,17175000,12430
7,687,17175000,17175100,2337,3894,17200000,12446
7,688,17200000,17200100,2337,3894,17225000,12467
7,689,17225000,17225100,2337,3894,17250000,12483
7,69,1725000,1725100,2337,3894,1750000,1257
7,690,17250000,17250100,2337,3894,17275000,12498
7,691,17275000,17275100,2337,3894,17300000,12520
7,692,17300000,17300100,2337,3894,17325000,12539
7,693,17325000,17325100,2337,3894,17350000,12554
7,694,17350000,17350100,2337,3894,17375000,12574
7,695,17375000,17375100,2337,3894,17400000,12592
7,696,17400000,17400100,2337,3894,17425000,12607
7,697,17425000,17425100,2337,3894,17450000,12628
7,698,17450000,17450100,2337,3894,17475000,12646
7,699,17475000,17475100,2337,3894,17500000,12664
7,7,175000,175100,2337,3894,200000,136
7,70,1750000,1750100,2337,3894,1775000,1278
7,700,17500000,17500100,2337,3894,17525000,12684
7,701,17525000,17525100,2337,3894,17550000,12700
7,702,17550000,17550100,2337,3894,17575000,12716
7,703,17575000,17575100,2337,3894,17600000,12736
7,704,17600000,17600100,2337,3894,17625000,12756
7,705,17625000,17625100,2337,3894,17650000,12772
7,706,17650000,17650100,2337,3894,17675000,12791
7,707,17675000,17675100,2337,3894,17700000,12809
7,708,17700000,17700100,2337,3894,17725000,12826
7,709,17725000,17725100,2337,3894,17750000,12844
7,71,1775000,1775100,2337,3894,1800000,1295
7,710,17750000,17750100,2337,3894,17775000,12864
7,711,17775000,17775100,2337,3894,17800000,12881
7,712,17800000,17800100,2337,3894,17825000,12901
7,713,17825000,17825100,2337,3894,17850000,12917
7,714,17850000,17850100,2337,3894,17875000,12932
7,715,17875000,17875100,2337,3894,17900000,12954
7,716,17900000,17900100,2337,3894,17925000,12974
7,717,17925000,17925100,2337,3894,17950000,12989
7,718,17950000,17950100,2337,3894,17975000,13008
7,719,17975000,17975100,2337,3894,18000000,13027
7,72,1800000,1800100,2337,3894,1825000,1312
7,720,18000000,18000100,2337,3894,18025000,13042
7,721,18025000,18025100,2337,3894,18050000,13062
7,722,18050000,18050100,2337,3894,18075000,13081
7,723,18075000,18075100,2337,3894,18100000,13099
7,724,18100000,18100100,2337,3894,18125000,13118
7,725,18125000,18125100,2337,3894,18150000,13134
7,726,18150000,18150100,2337,3894,18175000,13150
7,727,18175000,18175100,2337,3894,18200000,13170
7,728,18200000,18200100,2337,3894,18225000,13191
7,729,18225000,18225100,2337,3894,18250000,13206
7,73,1825000,1825100,2337,3894,1850000,1331
7,730,18250000,18250100,2337,3894,18275000,13226
7,731,18275000,18275100,2337,3894,18300000,13244
7,732,18300000,18300100,2337,3894,18325000,13260
7,733,18325000,18325100,2337,3894,18350000,13279
7,734,18350000,18350100,2337,3894,18375000,13299
7,735,18375000,18375100,2337,3894,18400000,13315
7,736,18400000,18400100,2337,3894,18425000,13335
7,737,18425000,18425100,2337,3894,18450000,13352
7,738,18450000,18450100,2337,3894,18475000,13366
7,739,18475000,18475100,2337,3894,18500000,13389
7,74,1850000,1850100,2337,3894,1875000,1350
7,740,18500000,18500100,2337,3894,18525000,13408
7,741,18525000,18525100,2337,3894,18550000,13423
7,742,18550000,18550100,2337,3894,18575000,13443
7,743,18575000,18575100,2337,3894,18600000,13461
7,744,18600000,18600100,2337,3894,18625000,13477
7,745,18625000,18625100,2337,3894,18650000,13497
7,746,18650000,18650100,2337,3894,18675000,13515
7,747,18675000,18675100,2337,3894,18700000,13533
7,748,18700000,18700100,2337,3894,18725000,13553
7,749,18725000,18725100,2337,3894,18750000,13568
7,75,1875000,1875100,2337,3894,1900000,1368
7,750,18750000,18750100,2337,3894,18775000,13585
7,751,18775000,18775100,2337,3894,18800000,13605
7,752,18800000,18800100,2337,3894,18825000,13625
7,753,18825000,18825100,2337,3894,18850000,13641
7,754,18850000,18850100,2337,3894,18875000,13660
7,755,18875000,18875100,2337,3894,18900000,13678
7,756,18900000,18900100,2337,3894,18925000,13695
7,757,18925000,18925100,2337,3894,18950000,13713
7,758,18950000,18950100,2337,3894,18975000,13733
7,759,18975000,18975100,2337,3894,19000000,13750
7,76,1900000,1900100,2337,3894,1925000,1387
7,760,19000000,19000100,2337,3894,19025000,13769
7,761,19025000,19025100,2337,3894,19050000,13787
7,762,19050000,19050100,2337,3894,19075000,13801
7,763,19075000,19075100,2337,3894,19100000,13823
7,764,19100000,19100100,2337,3894,19125000,13843
7,765,19125000,19125100,2337,3894,19150000,13858
7,766,19150000,19150100,2337,3894,19175000,13877
7,767,19175000,19175100,2337,3894,19200000,13896
7,768,19200000,19200100,2337,3894,19225000,13911
7,769,19225000,19225100,2337,3894,19250000,13930
7,77,1925000,1925100,2337,3894,1950000,1403
7,770,19250000,19250100,2337,3894,19275000,13950
7,771,19275000,19275100,2337,3894,19300000,13967
7,772,19300000,19300100,2337,3894,19325000,13988
7,773,19325000,19325100,2337,3894,19350000,14003
7,774,19350000,19350100,2337,3894,19375000,14019
7,775,19375000,19375100,2337,3894,19400000,14040
7,776,19400000,19400100,2337,3894,19425000,14060
7,777,19425000,19425100,2337,3894,19450000,14075
7,778,19450000,19450100,2337,3894,19475000,14095
7,779,19475000,19475100,2337,3894,19500000,14113
7,78,1950000,1950100,2337,3894,1975000,1419
7,780,19500000,19500100,2337,3894,19525000,14128
7,781,19525000,19525100,2337,3894,19550000,14148
7,782,19550000,19550100,2337,3894,19575000,14167
7,783,19575000,19575100,2337,3894,19600000,14184
7,784,19600000,19600100,2337,3894,19625000,14204
7,785,19625000,19625100,2337,3894,19650000,14221
7,786,19650000,19650100,2337,3894,19675000,14236
7,787,19675000,19675100,2337,3894,19700000,14258
7,788,19700000,19700100,2337,3894,19725000,14277
7,789,19725000,19725100,2337,3894,19750000,14293
7,79,1975000,1975100,2337,3894,2000000,1440
7,790,19750000,19750100,2337,3894,19775000,14312
7,791,19775000,19775100,2337,3894,19800000,14329
7,792,19800000,19800100,2337,3894,19825000,14346
7,793,19825000,19825100,2337,3894,19850000,14365
7,794,19850000,19850100,2337,3894,19875000,14384
7,795,19875000,19875100,2337,3894,19900000,14402
7,796,19900000,19900100,2337,3894,19925000,14422
7,797,19925000,19925100,2337,3894,19950000,14437
7,798,19950000,19950100,2337,3894,19975000,14454
7,799,19975000,19975100,2337,3894,20000000,14474
7,8,200000,200100,2337,3894,225000,157
7,80,2000000,2000100,2337,3894,2025000,1459
7,800,20000000,20000100,2337,3894,20025000,14495
7,801,20025000,20025100,2337,3894,20050000,14510
7,802,20050000,20050100,2337,3894,20075000,14528
7,803,20075000,20075100,2337,3894,20100000,14548
7,804,20100000,20100100,2337,3894,20125000,14563
7,805,20125000,20125100,2337,3894,20150000,14582
7,806,20150000,20150100,2337,3894,20175000,14602
7,807,20175000,20175100,2337,3894,20200000,14619
7,808,20200000,20200100,2337,3894,20225000,14638
7,809,20225000,20225100,2337,3894,20250000,14656
7,81,2025000,2025100,2337,3894,2050000,1476
7,810,20250000,20250100,2337,3894,20275000,14670
7,811,20275000,20275100,2337,3894,20300000,14692
7,812,20300000,20300100,2337,3894,20325000,14712
7,813,20325000,20325100,2337,3894,20350000,14726
7,814,20350000,20350100,2337,3894,20375000,14747
7,815,20375000,20375100,2337,3894,20400000,14764
7,816,20400000,20400100,2337,3894,20425000,14780
7,817,20425000,20425100,2337,3894,20450000,14800
7,818,20450000,20450100,2337,3894,20475000,14819
7,819,20475000,20475100,2337,3894,20500000,14836
7,82,2050000,2050100,2337,3894,2075000,1494
7,820,20500000,20500100,2337,3894,20525000,14857
7,821,20525000,20525100,2337,3894,20550000,14872
7,822,20550000,20550100,2337,3894,20575000,14888
7,823,20575000,20575100,2337,3894,20600000,14909
7,824,20600000,20600100,2337,3894,20625000,14928
7,825,20625000,20625100,2337,3894,20650000,14944
7,826,20650000,20650100,2337,3894,20675000,14963
7,827,20675000,20675100,2337,3894,20700000,14982
7,828,20700000,20700100,2337,3894,20725000,14998
7,829,20725000,20725100,2337,3894,20750000,15017
7,83,2075000,2075100,2337,3894,2100000,1513
7,830,20750000,20750100,2337,3894,20775000,15036
7,831,20775000,20775100,2337,3894,20800000,15054
7,832,20800000,20800100,2337,3894,20825000,15073
7,833,20825000,20825100,2337,3894,20850000,15090
7,834,20850000,20850100,2337,3894,20875000,15105
7,835,20875000,20875100,2337,3894,20900000,15126
7,836,20900000,20900100,2337,3894,20925000,15146
7,837,20925000,20925100,2337,3894,20950000,15161
7,838,20950000,20950100,2337,3894,20975000,15181
7,839,20975000,20975100,2337,3894,21000000,15198
7,84,2100000,2100100,2337,3894,2125000,1529
7,840,21000000,21000100,2337,3894,21025000,15215
7,841,21025000,21025100,2337,3894,21050000,15234
7,842,21050000,21050100,2337,3894,21075000,15254
7,843,21075000,21075100,2337,3894,21100000,15271
7,844,21100000,21100100,2337,3894,21125000,15291
7,845,21125000,21125100,2337,3894,21150000,15307
7,846,21150000,21150100,2337,3894,21175000,15322
7,847,21175000,21175100,2337,3894,21200000,15343
7,848,21200000,21200100,2337,3894,21225000,15363
7,849,21225000,21225100,2337,3894,21250000,15379
7,85,2125000,2125100,2337,3894,2150000,1548
7,850,21250000,21250100,2337,3894,21275000,15397
7,851,21275000,21275100,2337,3894,21300000,15417
7,852,21300000,21300100,2337,3894,21325000,15432
7,853,21325000,21325100,2337,3894,21350000,15451
7,854,21350000,21350100,2337,3894,21375000,15471
7,855,21375000,21375100,2337,3894,21400000,15488
7,856,21400000,21400100,2337,3894,21425000,15508
7,857,21425000,21425100,2337,3894,21450000,15524
7,858,21450000,21450100,2337,3894,21475000,15539
7,859,21475000,21475100,2337,3894,21500000,15561
7,86,2150000,2150100,2337,3894,2175000,1568
7,860,21500000,21500100,2337,3894,21525000,15581
7,861,21525000,21525100,2337,3894,21550000,15595
7,862,21550000,21550100,2337,3894,21575000,15616
7,863,21575000,21575100,2337,3894,21600000,15633
7,864,21600000,21600100,2337,3894,21625000,15649
7,865,21625000,21625100,2337,3894,21650000,15669
7,866,21650000,21650100,2337,3894,21675000,15688
7,867,21675000,21675100,2337,3894,21700000,15705
7,868,21700000,21700100,2337,3894,21725000,15725
7,869,21725000,21725100,2337,3894,21750000,15741
7,87,2175000,2175100,2337,3894,2200000,1584
7,870,21750000,21750100,2337,3894,21775000,15757
7,871,21775000,21775100,2337,3894,21800000,15778
7,872,21800000,21800100,2337,3894,21825000,15797
7,873,21825000,21825100,2337,3894,21850000,15814
7,874,21850000,21850100,2337,3894,21875000,15832
7,875,21875000,21875100,2337,3894,21900000,15851
7,876,21900000,21900100,2337,3894,21925000,15867
7,877,21925000,21925100,2337,3894,21950000,15886
7,878,21950000,21950100,2337,3894,21975000,15905
7,879,21975000,21975100,2337,3894,22000000,15922
7,88,2200000,2200100,2337,3894,2225000,1604
7,880,22000000,22000100,2337,3894,22025000,15942
7,881,22025000,22025100,2337,3894,22050000,15958
7,882,22050000,22050100,2337,3894,22075000,15974
7,883,22075000,22075100,2337,3894,22100000,15995
7,884,22100000,22100100,2337,3894,22125000,16016
7,885,22125000,22125100,2337,3894,22150000,16030
7,886,22150000,22150100,2337,3894,22175000,16050
7,887,22175000,22175100,2337,3894,22200000,16068
7,888,22200000,22200100,2337,3894,22225000,16084
7,889,22225000,22225100,2337,3894,22250000,16103
7,89,2225000,2225100,2337,3894,2250000,1621
7,890,22250000,22250100,2337,3894,22275000,16122
7,891,22275000,22275100,2337,3894,22300000,16140
7,892,22300000,22300100,2337,3894,22325000,16159
7,893,22325000,22325100,2337,3894,22350000,16176
7,894,22350000,22350100,2337,3894,22375000,16191
7,895,22375000,22375100,2337,3894,22400000,16212
7,896,22400000,22400100,2337,3894,22425000,16232
7,897,22425000,22425100,2337,3894,22450000,16248
7,898,22450000,22450100,2337,3894,22475000,16267
7,899,22475000,22475100,2337,3894,22500000,16286
7,9,225000,225100,2337,3894,250000,172
7,90,2250000,2250100,2337,3894,2275000,1636
7,900,22500000,22500100,2337,3894,22525000,16301
7,901,22525000,22525100,2337,3894,22550000,16320
7,902,22550000,22550100,2337,3894,22575000,16340
7,903,22575000,22575100,2337,3894,22600000,16356
7,904,22600000,22600100,2337,3894,22625000,16377
7,905,22625000,22625100,2337,3894,22650000,16393
7,906,22650000,22650100,2337,3894,22675000,16408
7,907,22675000,22675100,2337,3894,22700000,16430
7,908,22700000,22700100,2337,3894,22725000,16450
7,909,22725000,22725100,2337,3894,22750000,16464
7,91,2275000,2275100,2337,3894,2300000,1657
7,910,22750000,22750100,2337,3894,22775000,16485
7,911,22775000,22775100,2337,3894,22800000,16502
7,912,22800000,22800100,2337,3894,22825000,16518
7,913,22825000,22825100,2337,3894,22850000,16538
7,914,22850000,22850100,2337,3894,22875000,16556
7,915,22875000,22875100,2337,3894,22900000,16575
7,916,22900000,22900100,2337,3894,22925000,16594
7,917,22925000,22925100,2337,3894,22950000,16610
7,918,22950000,22950100,2337,3894,22975000,16626
7,919,22975000,22975100,2337,3894,23000000,16647
7,92,2300000,2300100,2337,3894,2325000,1678
7,920,23000000,23000100,2337,3894,23025000,16666
7,921,23025000,23025100,2337,3894,23050000,16683
7,922,23050000,23050100,2337,3894,23075000,16701
7,923,23075000,23075100,2337,3894,23100000,16719
7,924,23100000,23100100,2337,3894,23125000,16736
7,925,23125000,23125100,2337,3894,23150000,16754
7,926,23150000,23150100,2337,3894,23175000,16775
7,927,23175000,23175100,2337,3894,23200000,16791
7,928,23200000,23200100,2337,3894,23225000,16811
7,929,23225000,23225100,2337,3894,23250000,16828
7,93,2325000,2325100,2337,3894,2350000,1692
7,930,23250000,23250100,2337,3894,23275000,16843
7,931,23275000,23275100,2337,3894,23300000,16864
7,932,23300000,23300100,2337,3894,23325000,16885
7,933,23325000,23325100,2337,3894,23350000,16899
7,934,23350000,23350100,2337,3894,23375000,16918
7,935,23375000,23375100,2337,3894,23400000,16937
7,936,23400000,23400100,2337,3894,23425000,16952
7,937,23425000,23425100,2337,3894,23450000,16972
7,938,23450000,23450100,2337,3894,23475000,16991
7,939,23475000,23475100,2337,3894,23500000,17009
7,94,2350000,2350100,2337,3894,2375000,1712
7,940,23500000,23500100,2337,3894,23525000,17029
7,941,23525000,23525100,2337,3894,23550000,17045
7,942,23550000,23550100,2337,3894,23575000,17060
7,943,23575000,23575100,2337,3894,23600000,17082
7,944,23600000,23600100,2337,3894,23625000,17101
7,945,23625000,23625100,2337,3894,23650000,17116
7,946,23650000,23650100,2337,3894,23675000,17136
7,947,23675000,23675100,2337,3894,23700000,17154
7,948,23700000,23700100,2337,3894,23725000,17170
7,949,23725000,23725100,2337,3894,23750000,17189
7,95,2375000,2375100,2337,3894,2400000,1730
7,950,23750000,23750100,2337,3894,23775000,17209
7,951,23775000,23775100,2337,3894,23800000,17225
7,952,23800000,23800100,2337,3894,23825000,17246
7,953,23825000,23825100,2337,3894,23850000,17262
7,954,23850000,23850100,2337,3894,23875000,17278
7,955,23875000,23875100,2337,3894,23900000,17299
7,956,23900000,23900100,2337,3894,23925000,17318
7,957,23925000,23925100,2337,3894,23950000,17334
7,958,23950000,23950100,2337,3894,23975000,17353
7,959,23975000,23975100,2337,3894,24000000,17371
7,96,2400000,2400100,2337,3894,2425000,1746
7,960,24000000,24000100,2337,3894,24025000,17387
7,961,24025000,24025100,2337,3894,24050000,17407
7,962,24050000,24050100,2337,3894,24075000,17425
7,963,24075000,24075100,2337,3894,24100000,17444
7,964,24100000,24100100,2337,3894,24125000,17463
7,965,24125000,24125100,2337,3894,24150000,17479
7,966,24150000,24150100,2337,3894,24175000,17495
7,967,24175000,24175100,2337,3894,24200000,17515
7,968,24200000,24200100,2337,3894,24225000,17536
7,969,24225000,24225100,2337,3894,24250000,17551
7,97,2425000,2425100,2337,3894,2450000,1765
7,970,24250000,24250100,2337,3894,24275000,17570
7,971,24275000,24275100,2337,3894,24300000,17589
7,972,24300000,24300100,2337,3894,24325000,17605
7,973,24325000,24325100,2337,3894,24350000,17623
7,974,24350000,24350100,2337,3894,24375000,17644
7,975,24375000,24375100,2337,3894,24400000,17660
7,976,24400000,24400100,2337,3894,24425000,17680
7,977,24425000,24425100,2337,3894,24450000,17697
7,978,24450000,24450100,2337,3894,24475000,17711
7,979,24475000,24475100,2337,3894,24500000,17733
7,98,2450000,2450100,2337,3894,2475000,1784
7,980,24500000,24500100,2337,3894,24525000,17753
7,981,24525000,24525100,2337,3894,24550000,17768
7,982,24550000,24550100,2337,3894,24575000,17788
7,983,24575000,24575100,2337,3894,24600000,17806
7,984,24600000,24600100,2337,3894,24625000,17821
7,985,24625000,24625100,2337,3894,24650000,17842
7,986,24650000,24650100,2337,3894,24675000,17860
7,987,24675000,24675100,2337,3894,24700000,17878
7,988,24700000,24700100,2337,3894,24725000,17898
7,989,24725000,24725100,2337,3894,24750000,17913
7,99,2475000,2475100,2337,3894,2500000,1802
7,990,24750000,24750100,2337,3894,24775000,17929
7,991,24775000,24775100,2337,3894,24800000,17950
7,992,24800000,24800100,2337,3894,24825000,17970
7,993,24825000,24825100,2337,3894,24850000,17985
7,994,24850000,24850100,2337,3894,24875000,18005
7,995,24875000,24875100,2337,3894,24900000,18023
7,996,24900000,24900100,2337,3894,24925000,18040
7,997,24925000,24925100,2337,3894,24950000,18058
7,998,24950000,24950100,2337,3894,24975000,18078
7,999,24975000,24975100,2337,3894,25000000,18095
8,0,0,100,7161,11934,25000,9
8,1,25000,25100,7161,11934,50000,28
8,10,250000,250100,7161,11934,275000,191
8,100,2500000,2500100,7161,11934,2525000,1823
8,1000,25000000,25000100,7161,11934,25025000,18115
8,1001,25025000,25025100,7161,11934,25050000,18132
8,1002,25050000,25050100,7161,11934,25075000,18147
8,1003,25075000,25075100,7161,11934,25100000,18169
8,1004,25100000,25100100,7161,11934,25125000,18188
8,1005,25125000,25125100,7161,11934,25150000,18204
8,1006,25150000,25150100,7161,11934,25175000,18223
8,1007,25175000,25175100,7161,11934,25200000,18241
8,1008,25200000,25200100,7161,11934,25225000,18257
8,1009,25225000,25225100,7161,11934,25250000,18277
8,101,2525000,2525100,7161,11934,2550000,1839
8,1010,25250000,25250100,7161,11934,25275000,18296
8,1011,25275000,25275100,7161,11934,25300000,18313
8,1012,25300000,25300100,7161,11934,25325000,18333
8,1013,25325000,25325100,7161,11934,25350000,18349
8,1014,25350000,25350100,7161,11934,25375000,18365
8,1015,25375000,25375100,7161,11934,25400000,18385
8,1016,25400000,25400100,7161,11934,25425000,18406
8,1017,25425000,25425100,7161,11934,25450000,18421
8,1018,25450000,25450100,7161,11934,25475000,18440
8,1019,25475000,25475100,7161,11934,25500000,18459
8,102,2550000,2550100,7161,11934,2575000,1854
8,1020,25500000,25500100,7161,11934,25525000,18475
8,1021,25525000,25525100,7161,11934,25550000,18493
8,1022,25550000,25550100,7161,11934,25575000,18513
8,1023,25575000,25575100,7161,11934,25600000,18530
8,1024,25600000,25600100,7161,11934,25625000,18550
8,1025,25625000,25625100,7161,11934,25650000,18567
8,1026,25650000,25650100,7161,11934,25675000,18581
8,1027,25675000,25675100,7161,11934,25700000,18604
8,1028,25700000,25700100,7161,11934,25725000,18623
8,1029,25725000,25725100,7161,11934,25750000,18638
8,103,2575000,2575100,7161,11934,2600000,1876
8,1030,25750000,25750100,7161,11934,25775000,18658
8,1031,25775000,25775100,7161,11934,25800000,18676
8,1032,25800000,25800100,7161,11934,25825000,18691
8,1033,25825000,25825100,7161,11934,25850000,18711
8,1034,25850000,25850100,7161,11934,25875000,18730
8,1035,25875000,25875100,7161,11934,25900000,18747
8,1036,25900000,25900100,7161,11934,25925000,18768
8,1037,25925000,25925100,7161,11934,25950000,18783
8,1038,25950000,25950100,7161,11934,25975000,18800
8,1039,25975000,25975100,7161,11934,26000000,18820
8,104,2600000,2600100,7161,11934,2625000,1895
8,1040,26000000,26000100,7161,11934,26025000,18840
8,1041,26025000,26025100,7161,11934,26050000,18856
8,1042,26050000,26050100,7161,11934,26075000,18875
8,1043,26075000,26075100,7161,11934,26100000,18893
8,1044,26100000,26100100,7161,11934,26125000,18909
8,1045,26125000,26125100,7161,11934,26150000,18928
8,1046,26150000,26150100,7161,11934,26175000,18947
8,1047,26175000,26175100,7161,11934,26200000,18965
8,1048,26200000,26200100,7161,11934,26225000,18984
8,1049,26225000,26225100,7161,11934,26250000,19001
8,105,2625000,2625100,7161,11934,2650000,1911
8,1050,26250000,26250100,7161,11934,26275000,19016
8,1051,26275000,26275100,7161,11934,26300000,19038
8,1052,26300000,26300100,7161,11934,26325000,19058
8,1053,26325000,26325100,7161,11934,26350000,19073
8,1054,26350000,26350100,7161,11934,26375000,19092
8,1055,26375000,26375100,7161,11934,26400000,19110
8,1056,26400000,26400100,7161,11934,26425000,19126
8,1057,26425000,26425100,7161,11934,26450000,19145
8,1058,26450000,26450100,7161,11934,26475000,19165
8,1059,26475000,26475100,7161,11934,26500000,19182
8,106,2650000,2650100,7161,11934,2675000,1930
8,1060,26500000,26500100,7161,11934,26525000,19202
8,1061,26525000,26525100,7161,11934,26550000,19218
8,1062,26550000,26550100,7161,11934,26575000,19234
8,1063,26575000,26575100,7161,11934,26600000,19254
8,1064,26600000,26600100,7161,11934,26625000,19275
8,1065,26625000,26625100,7161,11934,26650000,19290
8,1066,26650000,26650100,7161,11934,26675000,19309
8,1067,26675000,26675100,7161,11934,26700000,19328
8,1068,26700000,26700100,7161,11934,26725000,19343
8,1069,26725000,26725100,7161,11934,26750000,19363
8,107,2675000,2675100,7161,11934,2700000,1949
8,1070,26750000,26750100,7161,11934,26775000,19382
8,1071,26775000,26775100,7161,11934,26800000,19399
8,1072,26800000,26800100,7161,11934,26825000,19419
8,1073,26825000,26825100,7161,11934,26850000,19436
8,1074,26850000,26850100,7161,11934,26875000,19450
8,1075,26875000,26875100,7161,11934,26900000,19473
8,1076,26900000,26900100,7161,11934,26925000,19492
8,1077,26925000,26925100,7161,11934,26950000,19506
8,1078,26950000,26950100,7161,11934,26975000,19527
8,1079,26975000,26975100,7161,11934,27000000,19544
8,108,2700000,2700100,7161,11934,2725000,1964
8,1080,27000000,27000100,7161,11934,27025000,19561
8,1081,27025000,27025100,7161,11934,27050000,19580
8,1082,27050000,27050100,7161,11934,27075000,19599
8,1083,27075000,27075100,7161,11934,27100000,19617
8,1084,27100000,27100100,7161,11934,27125000,19637
8,1085,27125000,27125100,7161,11934,27150000,19652
8,1086,27150000,27150100,7161,11934,27175000,19669
8,1087,27175000,27175100,7161,11934,27200000,19689
8,1088,27200000,27200100,7161,11934,27225000,19708
8,1089,27225000,27225100,7161,11934,27250000,19725
8,109,2725000,2725100,7161,11934,2750000,1983
8,1090,27250000,27250100,7161,11934,27275000,19743
8,1091,27275000,27275100,7161,11934,27300000,19762
8,1092,27300000,27300100,7161,11934,27325000,19778
8,1093,27325000,27325100,7161,11934,27350000,19797
8,1094,27350000,27350100,7161,11934,27375000,19817
8,1095,27375000,27375100,7161,11934,27400000,19834
8,1096,27400000,27400100,7161,11934,27425000,19853
8,1097,27425000,27425100,7161,11934,27450000,19871
8,1098,27450000,27450100,7161,11934,27475000,19885
8,1099,27475000,27475100,7161,11934,27500000,19906
8,11,275000,275100,7161,11934,300000,211
8,110,2750000,2750100,7161,11934,2775000,2003
8,1100,27500000,27500100,7161,11934,27525000,19927
8,1101,27525000,27525100,7161,11934,27550000,19941
8,1102,27550000,27550100,7161,11934,27575000,19961
8,1103,27575000,27575100,7161,11934,27600000,19979
8,1104,27600000,27600100,7161,11934,27625000,19995
8,1105,27625000,27625100,7161,11934,27650000,20014
8,1106,27650000,27650100,7161,11934,27675000,20034
8,1107,27675000,27675100,7161,11934,27700000,20051
8,1108,27700000,27700100,7161,11934,27725000,20072
8,1109,27725000,27725100,7161,11934,27750000,20087
8,111,2775000,2775100,7161,11934,2800000,2019
8,1110,27750000,27750100,7161,11934,27775000,20102
8,1111,27775000,27775100,7161,11934,27800000,20124
8,1112,27800000,27800100,7161,11934,27825000,20143
8,1113,27825000,27825100,7161,11934,27850000,20159
8,1114,27850000,27850100,7161,11934,27875000,20178
8,1115,27875000,27875100,7161,11934,27900000,20197
8,1116,27900000,27900100,7161,11934,27925000,20212
8,1117,27925000,27925100,7161,11934,27950000,20232
8,1118,27950000,27950100,7161,11934,27975000,20251
8,1119,27975000,27975100,7161,11934,28000000,20268
8,112,2800000,2800100,7161,11934,2825000,2040
8,1120,28000000,28000100,7161,11934,28025000,20288
8,1121,28025000,28025100,7161,11934,28050000,20304
8,1122,28050000,28050100,7161,11934,28075000,20320
8,1123,28075000,28075100,7161,11934,28100000,20341
8,1124,28100000,28100100,7161,11934,28125000,20361
8,1125,28125000,28125100,7161,11934,28150000,20376
8,1126,28150000,28150100,7161,11934,28175000,20396
8,1127,28175000,28175100,7161,11934,28200000,20413
8,1128,28200000,28200100,7161,11934,28225000,20430
8,1129,28225000,28225100,7161,11934,28250000,20449
8,113,2825000,2825100,7161,11934,2850000,2056
8,1130,28250000,28250100,7161,11934,28275000,20468
8,1131,28275000,28275100,7161,11934,28300000,20486
8,1132,28300000,28300100,7161,11934,28325000,20505
8,1133,28325000,28325100,7161,11934,28350000,20521
8,1134,28350000,28350100,7161,11934,28375000,20537
8,1135,28375000,28375100,7161,11934,28400000,20558
8,1136,28400000,28400100,7161,11934,28425000,20578
8,1137,28425000,28425100,7161,11934,28450000,20594
8,1138,28450000,28450100,7161,11934,28475000,20612
8,1139,28475000,28475100,7161,11934,28500000,20632
8,114,2850000,2850100,7161,11934,2875000,2072
8,1140,28500000,28500100,7161,11934,28525000,20647
8,1141,28525000,28525100,7161,11934,28550000,20666
8,1142,28550000,28550100,7161,11934,28575000,20686
8,1143,28575000,28575100,7161,11934,28600000,20702
8,1144,28600000,28600100,7161,11934,28625000,20722
8,1145,28625000,28625100,7161,11934,28650000,20739
8,1146,28650000,28650100,7161,11934,28675000,20754
8,1147,28675000,28675100,7161,11934,28700000,20775
8,1148,28700000,28700100,7161,11934,28725000,20796
8,1149,28725000,28725100,7161,11934,28750000,20810
8,115,2875000,2875100,7161,11934,2900000,2093
8,1150,28750000,28750100,7161,11934,28775000,20831
8,1151,28775000,28775100,7161,11934,28800000,20848
8,1152,28800000,28800100,7161,11934,28825000,20864
8,1153,28825000,28825100,7161,11934,28850000,20884
8,1154,28850000,28850100,7161,11934,28875000,20902
8,1155,28875000,28875100,7161,11934,28900000,20920
8,1156,28900000,28900100,7161,11934,28925000,20940
8,1157,28925000,28925100,7161,11934,28950000,20956
8,1158,28950000,28950100,7161,11934,28975000,20971
8,1159,28975000,28975100,7161,11934,29000000,20993
8,116,2900000,2900100,7161,11934,2925000,2113
8,1160,29000000,29000100,7161,11934,29025000,21012
8,1161,29025000,29025100,7161,11934,29050000,21028
8,1162,29050000,29050100,7161,11934,29075000,21047
8,1163,29075000,29075100,7161,11934,29100000,21066
8,1164,29100000,29100100,7161,11934,29125000,21082
8,1165,29125000,29125100,7161,11934,29150000,21100
8,1166,29150000,29150100,7161,11934,29175000,21120
8,1167,29175000,29175100,7161,11934,29200000,21137
8,1168,29200000,29200100,7161,11934,29225000,21157
8,1169,29225000,29225100,7161,11934,29250000,21173
8,117,2925000,2925100,7161,11934,2950000,2128
8,1170,29250000,29250100,7161,11934,29275000,21189
8,1171,29275000,29275100,7161,11934,29300000,21210
8,1172,29300000,29300100,7161,11934,29325000,21230
8,1173,29325000,29325100,7161,11934,29350000,21245
8,1174,29350000,29350100,7161,11934,29375000,21265
8,1175,29375000,29375100,7161,11934,29400000,21282
8,1176,29400000,29400100,7161,11934,29425000,21298
8,1177,29425000,29425100,7161,11934,29450000,21318
8,1178,29450000,29450100,7161,11934,29475000,21337
8,1179,29475000,29475100,7161,11934,29500000,21355
8,118,2950000,2950100,7161,11934,2975000,2148
8,1180,29500000,29500100,7161,11934,29525000,21374
8,1181,29525000,29525100,7161,11934,29550000,21391
8,1182,29550000,29550100,7161,11934,29575000,21406
8,1183,29575000,29575100,7161,11934,29600000,21427
8,1184,29600000,29600100,7161,11934,29625000,21447
8,1185,29625000,29625100,7161,11934,29650000,21463
8,1186,29650000,29650100,7161,11934,29675000,21481
8,1187,29675000,29675100,7161,11934,29700000,21500
8,1188,29700000,29700100,7161,11934,29725000,21516
8,1189,29725000,29725100,7161,11934,29750000,21534
8,119,2975000,2975100,7161,11934,3000000,2165
8,1190,29750000,29750100,7161,11934,29775000,21555
8,1191,29775000,29775100,7161,11934,29800000,21571
8,1192,29800000,29800100,7161,11934,29825000,21592
8,1193,29825000,29825100,7161,11934,29850000,21608
8,1194,29850000,29850100,7161,11934,29875000,21623
8,1195,29875000,29875100,7161,11934,29900000,21645
8,1196,29900000,29900100,7161,11934,29925000,21665
8,1197,29925000,29925100,7161,11934,29950000,21679
8,1198,29950000,29950100,7161,11934,29975000,21699
8,1199,29975000,29975100,7161,11934,30000000,21717
8,12,300000,300100,7161,11934,325000,226
8,120,3000000,3000100,7161,11934,3025000,2181
8,1200,30000000,30000100,7161,11934,30025000,21732
8,1201,30025000,30025100,7161,11934,30050000,21753
8,1202,30050000,30050100,7161,11934,30075000,21771
8,1203,30075000,30075100,7161,11934,30100000,21789
8,1204,30100000,30100100,7161,11934,30125000,21809
8,1205,30125000,30125100,7161,11934,30150000,21825
8,1206,30150000,30150100,7161,11934,30175000,21841
8,1207,30175000,30175100,7161,11934,30200000,21862
8,1208,30200000,30200100,7161,11934,30225000,21881
8,1209,30225000,30225100,7161,11934,30250000,21897
8,121,3025000,3025100,7161,11934,3050000,2201
8,1210,30250000,30250100,7161,11934,30275000,21916
8,1211,30275000,30275100,7161,11934,30300000,21934
8,1212,30300000,30300100,7161,11934,30325000,21951
8,1213,30325000,30325100,7161,11934,30350000,21969
8,1214,30350000,30350100,7161,11934,30375000,21989
8,1215,30375000,30375100,7161,11934,30400000,22006
8,1216,30400000,30400100,7161,11934,30425000,22026
8,1217,30425000,30425100,7161,11934,30450000,22042
8,1218,30450000,30450100,7161,11934,30475000,22058
8,1219,30475000,30475100,7161,11934,30500000,22079
8,122,3050000,3050100,7161,11934,3075000,2219
8,1220,30500000,30500100,7161,11934,30525000,22099
8,1221,30525000,30525100,7161,11934,30550000,22114
8,1222,30550000,30550100,7161,11934,30575000,22133
8,1223,30575000,30575100,7161,11934,30600000,22152
8,1224,30600000,30600100,7161,11934,30625000,22167
8,1225,30625000,30625100,7161,11934,30650000,22187
8,1226,30650000,30650100,7161,11934,30675000,22206
8,1227,30675000,30675100,7161,11934,30700000,22224
8,1228,30700000,30700100,7161,11934,30725000,22243
8,1229,30725000,30725100,7161,11934,30750000,22260
8,123,3075000,3075100,7161,11934,3100000,2238
8,1230,30750000,30750100,7161,11934,30775000,22275
8,1231,30775000,30775100,7161,11934,30800000,22295
8,1232,30800000,30800100,7161,11934,30825000,22316
8,1233,30825000,30825100,7161,11934,30850000,22331
8,1234,30850000,30850100,7161,11934,30875000,22351
8,1235,30875000,30875100,7161,11934,30900000,22369
8,1236,30900000,30900100,7161,11934,30925000,22385
8,1237,30925000,30925100,7161,11934,30950000,22404
8,1238,30950000,30950100,7161,11934,30975000,22424
8,1239,30975000,30975100,7161,11934,31000000,22440
8,124,3100000,3100100,7161,11934,3125000,2257
8,1240,31000000,31000100,7161,11934,31025000,22461
8,1241,31025000,31025100,7161,11934,31050000,22477
8,1242,31050000,31050100,7161,11934,31075000,22491
8,1243,31075000,31075100,7161,11934,31100000,22514
8,1244,31100000,31100100,7161,11934,31125000,22533
8,1245,31125000,31125100,7161,11934,31150000,22548
8,1246,31150000,31150100,7161,11934,31175000,22568
8,1247,31175000,31175100,7161,11934,31200000,22586
8,1248,31200000,31200100,7161,11934,31225000,22602
8,1249,31225000,31225100,7161,11934,31250000,22622
8,125,3125000,3125100,7161,11934,3150000,2273
8,1250,31250000,31250100,7161,11934,31275000,22640
8,1251,31275000,31275100,7161,11934,31300000,22659
8,1252,31300000,31300100,7161,11934,31325000,22678
8,1253,31325000,31325100,7161,11934,31350000,22693
8,1254,31350000,31350100,7161,11934,31375000,22710
8,1255,31375000,31375100,7161,11934,31400000,22730
8,1256,31400000,31400100,7161,11934,31425000,22750
8,1257,31425000,31425100,7161,11934,31450000,22766
8,1258,31450000,31450100,7161,11934,31475000,22785
8,1259,31475000,31475100,7161,11934,31500000,22803
8,126,3150000,3150100,7161,11934,3175000,2289
8,1260,31500000,31500100,7161,11934,31525000,22820
8,1261,31525000,31525100,7161,11934,31550000,22838
8,1262,31550000,31550100,7161,11934,31575000,22859
8,1263,31575000,31575100,7161,11934,31600000,22875
8,1264,31600000,31600100,7161,11934,31625000,22894
8,1265,31625000,31625100,7161,11934,31650000,22912
8,1266,31650000,31650100,7161,11934,31675000,22926
8,1267,31675000,31675100,7161,11934,31700000,22948
8,1268,31700000,31700100,7161,11934,31725000,22968
8,1269,31725000,31725100,7161,11934,31750000,22983
8,127,3175000,3175100,7161,11934,3200000,2310
8,1270,31750000,31750100,7161,11934,31775000,23002
8,1271,31775000,31775100,7161,11934,31800000,23021
8,1272,31800000,31800100,7161,11934,31825000,23036
8,1273,31825000,31825100,7161,11934,31850000,23056
8,1274,31850000,31850100,7161,11934,31875000,23075
8,1275,31875000,31875100,7161,11934,31900000,23092
8,1276,31900000,31900100,7161,11934,31925000,23113
8,1277,31925000,31925100,7161,11934,31950000,23128
8,1278,31950000,31950100,7161,11934,31975000,23144
8,1279,31975000,31975100,7161,11934,32000000,23165
8,128,3200000,3200100,7161,11934,3225000,2330
8,1280,32000000,32000100,7161,11934,32025000,23185
8,1281,32025000,32025100,7161,11934,32050000,23200
8,1282,32050000,32050100,7161,11934,32075000,23220
8,1283,32075000,32075100,7161,11934,32100000,23238
8,1284,32100000,32100100,7161,11934,32125000,23254
8,1285,32125000,32125100,7161,11934,32150000,23273
8,1286,32150000,32150100,7161,11934,32175000,23292
8,1287,32175000,32175100,7161,11934,32200000,23309
8,1288,32200000,32200100,7161,11934,32225000,23329
8,1289,32225000,32225100,7161,11934,32250000,23346
8,129,3225000,3225100,7161,11934,3250000,2346
8,1290,32250000,32250100,7161,11934,32275000,23361
8,1291,32275000,32275100,7161,11934,32300000,23383
8,1292,32300000,32300100,7161,11934,32325000,23402
8,1293,32325000,32325100,7161,11934,32350000,23418
8,1294,32350000,32350100,7161,11934,32375000,23437
8,1295,32375000,32375100,7161,11934,32400000,23455
8,1296,32400000,32400100,7161,11934,32425000,23471
8,1297,32425000,32425100,7161,11934,32450000,23490
8,1298,32450000,32450100,7161,11934,32475000,23509
8,1299,32475000,32475100,7161,11934,32500000,23527
8,13,325000,325100,7161,11934,350000,245
8,130,3250000,3250100,7161,11934,3275000,2364
8,1300,32500000,32500100,7161,11934,32525000,23547
8,1301,32525000,32525100,7161,11934,32550000,23562
8,1302,32550000,32550100,7161,11934,32575000,23579
8,1303,32575000,32575100,7161,11934,32600000,23599
8,1304,32600000,32600100,7161,11934,32625000,23620
8,1305,32625000,32625100,7161,11934,32650000,23635
8,1306,32650000,32650100,7161,11934,32675000,23654
8,1307,32675000,32675100,7161,11934,32700000,23673
8,1308,32700000,32700100,7161,11934,32725000,23688
8,1309,32725000,32725100,7161,11934,32750000,23707
8,131,3275000,3275100,7161,11934,3300000,2383
8,1310,32750000,32750100,7161,11934,32775000,23727
8,1311,32775000,32775100,7161,11934,32800000,23744
8,1312,32800000,32800100,7161,11934,32825000,23763
8,1313,32825000,32825100,7161,11934,32850000,23781
8,1314,32850000,32850100,7161,11934,32875000,23795
8,1315,32875000,32875100,7161,11934,32900000,23817
8,1316,32900000,32900100,7161,11934,32925000,23837
8,1317,32925000,32925100,7161,11934,32950000,23852
8,1318,32950000,32950100,7161,11934,32975000,23872
8,1319,32975000,32975100,7161,11934,33000000,23889
8,132,3300000,3300100,7161,11934,3325000,2399
8,1320,33000000,33000100,7161,11934,33025000,23905
8,1321,33025000,33025100,7161,11934,33050000,23925
8,1322,33050000,33050100,7161,11934,33075000,23944
8,1323,33075000,33075100,7161,11934,33100000,23961
8,1324,33100000,33100100,7161,11934,33125000,23982
8,1325,33125000,33125100,7161,11934,33150000,23997
8,1326,33150000,33150100,7161,11934,33175000,24013
8,1327,33175000,33175100,7161,11934,33200000,24034
8,1328,33200000,33200100,7161,11934,33225000,24054
8,1329,33225000,33225100,7161,11934,33250000,24069
8,133,3325000,3325100,7161,11934,3350000,2417
8,1330,33250000,33250100,7161,11934,33275000,24088
8,1331,33275000,33275100,7161,11934,33300000,24107
8,1332,33300000,33300100,7161,11934,33325000,24123
8,1333,33325000,33325100,7161,11934,33350000,24142
8,1334,33350000,33350100,7161,11934,33375000,24161
8,1335,33375000,33375100,7161,11934,33400000,24179
8,1336,33400000,33400100,7161,11934,33425000,24198
8,1337,33425000,33425100,7161,11934,33450000,24215
8,1338,33450000,33450100,7161,11934,33475000,24230
8,1339,33475000,33475100,7161,11934,33500000,24252
8,134,3350000,3350100,7161,11934,3375000,2438
8,1340,33500000,33500100,7161,11934,33525000,24271
8,1341,33525000,33525100,7161,11934,33550000,24286
8,1342,33550000,33550100,7161,11934,33575000,24306
8,1343,33575000,33575100,7161,11934,33600000,24323
8,1344,33600000,33600100,7161,11934,33625000,24340
8,1345,33625000,33625100,7161,11934,33650000,24359
8,1346,33650000,33650100,7161,11934,33675000,24379
8,1347,33675000,33675100,7161,11934,33700000,24396
8,1348,33700000,33700100,7161,11934,33725000,24416
8,1349,33725000,33725100,7161,11934,33750000,24432
8,135,3375000,3375100,7161,11934,3400000,2454
8,1350,33750000,33750100,7161,11934,33775000,24448
8,1351,33775000,33775100,7161,11934,33800000,24468
8,1352,33800000,33800100,7161,11934,33825000,24488
8,1353,33825000,33825100,7161,11934,33850000,24504
8,1354,33850000,33850100,7161,11934,33875000,24522
8,1355,33875000,33875100,7161,11934,33900000,24542
8,1356,33900000,33900100,7161,11934,33925000,24557
8,1357,33925000,33925100,7161,11934,33950000,24576
8,1358,33950000,33950100,7161,11934,33975000,24596
8,1359,33975000,33975100,7161,11934,34000000,24613
8,136,3400000,3400100,7161,11934,3425000,2474
8,1360,34000000,34000100,7161,11934,34025000,24633
8,1361,34025000,34025100,7161,11934,34050000,24650
8,1362,34050000,34050100,7161,11934,34075000,24664
8,1363,34075000,34075100,7161,11934,34100000,24686
8,1364,34100000,34100100,7161,11934,34125000,24706
8,1365,34125000,34125100,7161,11934,34150000,24720
8,1366,34150000,34150100,7161,11934,34175000,24741
8,1367,34175000,34175100,7161,11934,34200000,24758
8,1368,34200000,34200100,7161,11934,34225000,24774
8,1369,34225000,34225100,7161,11934,34250000,24794
8,137,3425000,3425100,7161,11934,3450000,2491
8,1370,34250000,34250100,7161,11934,34275000,24813
8,1371,34275000,34275100,7161,11934,34300000,24830
8,1372,34300000,34300100,7161,11934,34325000,24851
8,1373,34325000,34325100,7161,11934,34350000,24866
8,1374,34350000,34350100,7161,11934,34375000,24882
8,1375,34375000,34375100,7161,11934,34400000,24903
8,1376,34400000,34400100,7161,11934,34425000,24922
8,1377,34425000,34425100,7161,11934,34450000,24939
8,1378,34450000,34450100,7161,11934,34475000,24957
8,1379,34475000,34475100,7161,11934,34500000,24976
8,138,3450000,3450100,7161,11934,3475000,2506
8,1380,34500000,34500100,7161,11934,34525000,24992
8,1381,34525000,34525100,7161,11934,34550000,25011
8,1382,34550000,34550100,7161,11934,34575000,25030
8,1383,34575000,34575100,7161,11934,34600000,25048
8,1384,34600000,34600100,7161,11934,34625000,25067
8,1385,34625000,34625100,7161,11934,34650000,25083
8,1386,34650000,34650100,7161,11934,34675000,25099
8,1387,34675000,34675100,7161,11934,34700000,25120
8,1388,34700000,34700100,7161,11934,34725000,25141
8,1389,34725000,34725100,7161,11934,34750000,25155
8,139,3475000,3475100,7161,11934,3500000,2527
8,1390,34750000,34750100,7161,11934,34775000,25175
8,1391,34775000,34775100,7161,11934,34800000,25193
8,1392,34800000,34800100,7161,11934,34825000,25209
8,1393,34825000,34825100,7161,11934,34850000,25228
8,1394,34850000,34850100,7161,11934,34875000,25248
8,1395,34875000,34875100,7161,11934,34900000,25265
8,1396,34900000,34900100,7161,11934,34925000,25284
8,1397,34925000,34925100,7161,11934,34950000,25301
8,1398,34950000,34950100,7161,11934,34975000,25316
8,1399,34975000,34975100,7161,11934,35000000,25337
8,14,350000,350100,7161,11934,375000,265
8,140,3500000,3500100,7161,11934,3525000,2548
8,1400,35000000,35000100,7161,11934,35025000,25357
8,1401,35025000,35025100,7161,11934,35050000,25373
8,1402,35050000,35050100,7161,11934,35075000,25392
8,1403,35075000,35075100,7161,11934,35100000,25411
8,1404,35100000,35100100,7161,11934,35125000,25426
8,1405,35125000,35125100,7161,11934,35150000,25446
8,1406,35150000,35150100,7161,11934,35175000,25465
8,1407,35175000,35175100,7161,11934,35200000,25481
8,1408,35200000,35200100,7161,11934,35225000,25502
8,1409,35225000,35225100,7161,11934,35250000,25518
8,141,3525000,3525100,7161,11934,3550000,2562
8,1410,35250000,35250100,7161,11934,35275000,25533
8,1411,35275000,35275100,7161,11934,35300000,25555
8,1412,35300000,35300100,7161,11934,35325000,25575
8,1413,35325000,35325100,7161,11934,35350000,25589
8,1414,35350000,35350100,7161,11934,35375000,25610
8,1415,35375000,35375100,7161,11934,35400000,25627
8,1416,35400000,35400100,7161,11934,35425000,25644
8,1417,35425000,35425100,7161,11934,35450000,25663
8,1418,35450000,35450100,7161,11934,35475000,25681
8,1419,35475000,35475100,7161,11934,35500000,25700
8,142,3550000,3550100,7161,11934,3575000,2582
8,1420,35500000,35500100,7161,11934,35525000,25719
8,1421,35525000,35525100,7161,11934,35550000,25735
8,1422,35550000,35550100,7161,11934,35575000,25751
8,1423,35575000,35575100,7161,11934,35600000,25772
8,1424,35600000,35600100,7161,11934,35625000,25791
8,1425,35625000,35625100,7161,11934,35650000,25808
8,1426,35650000,35650100,7161,11934,35675000,25826
8,1427,35675000,35675100,7161,11934,35700000,25845
8,1428,35700000,35700100,7161,11934,35725000,25861
8,1429,35725000,35725100,7161,11934,35750000,25879
8,143,3575000,3575100,7161,11934,3600000,2600
8,1430,35750000,35750100,7161,11934,35775000,25900
8,1431,35775000,35775100,7161,11934,35800000,25916
8,1432,35800000,35800100,7161,11934,35825000,25936
8,1433,35825000,35825100,7161,11934,35850000,25953
8,1434,35850000,35850100,7161,11934,35875000,25968
8,1435,35875000,35875100,7161,11934,35900000,25989
8,1436,35900000,35900100,7161,11934,35925000,26010
8,1437,35925000,35925100,7161,11934,35950000,26024
8,1438,35950000,35950100,7161,11934,35975000,26044
8,1439,35975000,35975100,7161,11934,36000000,26062
8,144,3600000,3600100,7161,11934,3625000,2615
8,1440,36000000,36000100,7161,11934,36025000,26077
8,1441,36025000,36025100,7161,11934,36050000,26097
8,1442,36050000,36050100,7161,11934,36075000,26116
8,1443,36075000,36075100,7161,11934,36100000,26134
8,1444,36100000,36100100,7161,11934,36125000,26154
8,1445,36125000,36125100,7161,11934,36150000,26170
8,1446,36150000,36150100,7161,11934,36175000,26185
8,1447,36175000,36175100,7161,11934,36200000,26207
8,1448,36200000,36200100,7161,11934,36225000,26226
8,1449,36225000,36225100,7161,11934,36250000,26242
8,145,3625000,3625100,7161,11934,3650000,2636
8,1450,36250000,36250100,7161,11934,36275000,26261
8,1451,36275000,36275100,7161,11934,36300000,26279
8,1452,36300000,36300100,7161,11934,36325000,26295
8,1453,36325000,36325100,7161,11934,36350000,26314
8,1454,36350000,36350100,7161,11934,36375000,26334
8,1455,36375000,36375100,7161,11934,36400000,26350
8,1456,36400000,36400100,7161,11934,36425000,26371
8,1457,36425000,36425100,7161,11934,36450000,26387
8,1458,36450000,36450100,7161,11934,36475000,26403
8,1459,36475000,36475100,7161,11934,36500000,26424
8,146,3650000,3650100,7161,11934,3675000,2654
8,1460,36500000,36500100,7161,11934,36525000,26444
8,1461,36525000,36525100,7161,11934,36550000,26459
8,1462,36550000,36550100,7161,11934,36575000,26478
8,1463,36575000,36575100,7161,11934,36600000,26496
8,1464,36600000,36600100,7161,11934,36625000,26512
8,1465,36625000,36625100,7161,11934,36650000,26532
8,1466,36650000,36650100,7161,11934,36675000,26550
8,1467,36675000,36675100,7161,11934,36700000,26569
8,1468,36700000,36700100,7161,11934,36725000,26588
8,1469,36725000,36725100,7161,11934,36750000,26604
8,147,3675000,3675100,7161,11934,3700000,2672
8,1470,36750000,36750100,7161,11934,36775000,26620
8,1471,36775000,36775100,7161,11934,36800000,26641
8,1472,36800000,36800100,7161,11934,36825000,26661
8,1473,36825000,36825100,7161,11934,36850000,26676
8,1474,36850000,36850100,7161,11934,36875000,26695
8,1475,36875000,36875100,7161,11934,36900000,26714
8,1476,36900000,36900100,7161,11934,36925000,26730
8,1477,36925000,36925100,7161,11934,36950000,26748
8,1478,36950000,36950100,7161,11934,36975000,26769
8,1479,36975000,36975100,7161,11934,37000000,26785
8,148,3700000,3700100,7161,11934,3725000,2692
8,1480,37000000,37000100,7161,11934,37025000,26805
8,1481,37025000,37025100,7161,11934,37050000,26822
8,1482,37050000,37050100,7161,11934,37075000,26837
8,1483,37075000,37075100,7161,11934,37100000,26858
8,1484,37100000,37100100,7161,11934,37125000,26878
8,1485,37125000,37125100,7161,11934,37150000,26893
8,1486,37150000,37150100,7161,11934,37175000,26913
8,1487,37175000,37175100,7161,11934,37200000,26931
8,1488,37200000,37200100,7161,11934,37225000,26946
8,1489,37225000,37225100,7161,11934,37250000,26967
8,149,3725000,3725100,7161,11934,3750000,2708
8,1490,37250000,37250100,7161,11934,37275000,26985
8,1491,37275000,37275100,7161,11934,37300000,27003
8,1492,37300000,37300100,7161,11934,37325000,27023
8,1493,37325000,37325100,7161,11934,37350000,27039
8,1494,37350000,37350100,7161,11934,37375000,27054
8,1495,37375000,37375100,7161,11934,37400000,27075
8,1496,37400000,37400100,7161,11934,37425000,27095
8,1497,37425000,37425100,7161,11934,37450000,27110
8,1498,37450000,37450100,7161,11934,37475000,27130
8,1499,37475000,37475100,7161,11934,37500000,27148
8,15,375000,375100,7161,11934,400000,282
8,150,3750000,3750100,7161,11934,3775000,2723
8,1500,37500000,37500100,7161,11934,37525000,27165
8,1501,37525000,37525100,7161,11934,37550000,27183
8,1502,37550000,37550100,7161,11934,37575000,27203
8,1503,37575000,37575100,7161,11934,37600000,27220
8,1504,37600000,37600100,7161,11934,37625000,27240
8,1505,37625000,37625100,7161,11934,37650000,27256
8,1506,37650000,37650100,7161,11934,37675000,27271
8,1507,37675000,37675100,7161,11934,37700000,27293
8,1508,37700000,37700100,7161,11934,37725000,27312
8,1509,37725000,37725100,7161,11934,37750000,27328
8,151,3775000,3775100,7161,11934,3800000,2745
8,1510,37750000,37750100,7161,11934,37775000,27347
8,1511,37775000,37775100,7161,11934,37800000,27365
8,1512,37800000,37800100,7161,11934,37825000,27381
8,1513,37825000,37825100,7161,11934,37850000,27401
8,1514,37850000,37850100,7161,11934,37875000,27420
8,1515,37875000,37875100,7161,11934,37900000,27438
8,1516,37900000,37900100,7161,11934,37925000,27457
8,1517,37925000,37925100,7161,11934,37950000,27473
8,1518,37950000,37950100,7161,11934,37975000,27489
8,1519,37975000,37975100,7161,11934,38000000,27509
8,152,3800000,3800100,7161,11934,3825000,2764
8,1520,38000000,38000100,7161,11934,38025000,27530
8,1521,38025000,38025100,7161,11934,38050000,27545
8,1522,38050000,38050100,7161,11934,38075000,27564
8,1523,38075000,38075100,7161,11934,38100000,27583
8,1524,38100000,38100100,7161,11934,38125000,27599
8,1525,38125000,38125100,7161,11934,38150000,27617
8,1526,38150000,38150100,7161,11934,38175000,27638
8,1527,38175000,38175100,7161,11934,38200000,27654
8,1528,38200000,38200100,7161,11934,38225000,27674
8,1529,38225000,38225100,7161,11934,38250000,27691
8,153,3825000,3825100,7161,11934,3850000,2779
8,1530,38250000,38250100,7161,11934,38275000,27705
8,1531,38275000,38275100,7161,11934,38300000,27728
8,1532,38300000,38300100,7161,11934,38325000,27747
8,1533,38325000,38325100,7161,11934,38350000,27762
8,1534,38350000,38350100,7161,11934,38375000,27782
8,1535,38375000,38375100,7161,11934,38400000,27800
8,1536,38400000,38400100,7161,11934,38425000,27815
8,1537,38425000,38425100,7161,11934,38450000,27836
8,1538,38450000,38450100,7161,11934,38475000,27854
8,1539,38475000,38475100,7161,11934,38500000,27871
8,154,3850000,3850100,7161,11934,3875000,2799
8,1540,38500000,38500100,7161,11934,38525000,27892
8,1541,38525000,38525100,7161,11934,38550000,27907
8,1542,38550000,38550100,7161,11934,38575000,27924
8,1543,38575000,38575100,7161,11934,38600000,27944
8,1544,38600000,38600100,7161,11934,38625000,27964
8,1545,38625000,38625100,7161,11934,38650000,27980
8,1546,38650000,38650100,7161,11934,38675000,27999
8,1547,38675000,38675100,7161,11934,38700000,28017
8,1548,38700000,38700100,7161,11934,38725000,28034
8,1549,38725000,38725100,7161,11934,38750000,28052
8,155,3875000,3875100,7161,11934,3900000,2817
8,1550,38750000,38750100,7161,11934,38775000,28071
8,1551,38775000,38775100,7161,11934,38800000,28089
8,1552,38800000,38800100,7161,11934,38825000,28108
8,1553,38825000,38825100,7161,11934,38850000,28125
8,1554,38850000,38850100,7161,11934,38875000,28140
8,1555,38875000,38875100,7161,11934,38900000,28162
8,1556,38900000,38900100,7161,11934,38925000,28182
8,1557,38925000,38925100,7161,11934,38950000,28197
8,1558,38950000,38950100,7161,11934,38975000,28216
8,1559,38975000,38975100,7161,11934,39000000,28235
8,156,3900000,3900100,7161,11934,3925000,2834
8,1560,39000000,39000100,7161,11934,39025000,28250
8,1561,39025000,39025100,7161,11934,39050000,28269
8,1562,39050000,39050100,7161,11934,39075000,28289
8,1563,39075000,39075100,7161,11934,39100000,28306
8,1564,39100000,39100100,7161,11934,39125000,28326
8,1565,39125000,39125100,7161,11934,39150000,28342
8,1566,39150000,39150100,7161,11934,39175000,28358
8,1567,39175000,39175100,7161,11934,39200000,28378
8,1568,39200000,39200100,7161,11934,39225000,28399
8,1569,39225000,39225100,7161,11934,39250000,28414
8,157,3925000,3925100,7161,11934,3950000,2852
8,1570,39250000,39250100,7161,11934,39275000,28434
8,1571,39275000,39275100,7161,11934,39300000,28452
8,1572,39300000,39300100,7161,11934,39325000,28467
8,1573,39325000,39325100,7161,11934,39350000,28487
8,1574,39350000,39350100,7161,11934,39375000,28506
8,1575,39375000,39375100,7161,11934,39400000,28523
8,1576,39400000,39400100,7161,11934,39425000,28543
8,1577,39425000,39425100,7161,11934,39450000,28560
8,1578,39450000,39450100,7161,11934,39475000,28574
8,1579,39475000,39475100,7161,11934,39500000,28597
8,158,3950000,3950100,7161,11934,3975000,2872
8,1580,39500000,39500100,7161,11934,39525000,28616
8,1581,39525000,39525100,7161,11934,39550000,28631
8,1582,39550000,39550100,7161,11934,39575000,28651
8,1583,39575000,39575100,7161,11934,39600000,28668
8,1584,39600000,39600100,7161,11934,39625000,28685
8,1585,39625000,39625100,7161,11934,39650000,28704
8,1586,39650000,39650100,7161,11934,39675000,28723
8,1587,39675000,39675100,7161,11934,39700000,28741
8,1588,39700000,39700100,7161,11934,39725000,28761
8,1589,39725000,39725100,7161,11934,39750000,28776
8,159,3975000,3975100,7161,11934,4000000,2889
8,1590,39750000,39750100,7161,11934,39775000,28793
8,1591,39775000,39775100,7161,11934,39800000,28813
8,1592,39800000,39800100,7161,11934,39825000,28833
8,1593,39825000,39825100,7161,11934,39850000,28849
8,1594,39850000,39850100,7161,11934,39875000,28867
8,1595,39875000,39875100,7161,11934,39900000,28886
8,1596,39900000,39900100,7161,11934,39925000,28902
8,1597,39925000,39925100,7161,11934,39950000,28921
8,1598,39950000,39950100,7161,11934,39975000,28941
8,1599,39975000,39975100,7161,11934,40000000,28958
8,16,400000,400100,7161,11934,425000,302
8,160,4000000,4000100,7161,11934,4025000,2909
8,1600,40000000,40000100,7161,11934,40025000,28977
8,1601,40025000,40025100,7161,11934,40050000,28995
8,1602,40050000,40050100,7161,11934,40075000,29009
8,1603,40075000,40075100,7161,11934,40100000,29031
8,1604,40100000,40100100,7161,11934,40125000,29051
8,1605,40125000,40125100,7161,11934,40150000,29065
8,1606,40150000,40150100,7161,11934,40175000,29085
8,1607,40175000,40175100,7161,11934,40200000,29103
8,1608,40200000,40200100,7161,11934,40225000,29119
8,1609,40225000,40225100,7161,11934,40250000,29138
8,161,4025000,4025100,7161,11934,4050000,2925
8,1610,40250000,40250100,7161,11934,40275000,29158
8,1611,40275000,40275100,7161,11934,40300000,29175
8,1612,40300000,40300100,7161,11934,40325000,29196
8,1613,40325000,40325100,7161,11934,40350000,29211
8,1614,40350000,40350100,7161,11934,40375000,29227
8,1615,40375000,40375100,7161,11934,40400000,29248
8,1616,40400000,40400100,7161,11934,40425000,29267
8,1617,40425000,40425100,7161,11934,40450000,29283
8,1618,40450000,40450100,7161,11934,40475000,29302
8,1619,40475000,40475100,7161,11934,40500000,29321
8,162,4050000,4050100,7161,11934,4075000,2941
8,1620,40500000,40500100,7161,11934,40525000,29336
8,1621,40525000,40525100,7161,11934,40550000,29356
8,1622,40550000,40550100,7161,11934,40575000,29375
8,1623,40575000,40575100,7161,11934,40600000,29392
8,1624,40600000,40600100,7161,11934,40625000,29412
8,1625,40625000,40625100,7161,11934,40650000,29429
8,1626,40650000,40650100,7161,11934,40675000,29444
8,1627,40675000,40675100,7161,11934,40700000,29465
8,1628,40700000,40700100,7161,11934,40725000,29485
8,1629,40725000,40725100,7161,11934,40750000,29500
8,163,4075000,4075100,7161,11934,4100000,2962
8,1630,40750000,40750100,7161,11934,40775000,29520
8,1631,40775000,40775100,7161,11934,40800000,29537
8,1632,40800000,40800100,7161,11934,40825000,29554
8,1633,40825000,40825100,7161,11934,40850000,29573
8,1634,40850000,40850100,7161,11934,40875000,29592
8,1635,40875000,40875100,7161,11934,40900000,29610
8,1636,40900000,40900100,7161,11934,40925000,29630
8,1637,40925000,40925100,7161,11934,40950000,29645
8,1638,40950000,40950100,7161,11934,40975000,29661
8,1639,40975000,40975100,7161,11934,41000000,29682
8,164,4100000,4100100,7161,11934,4125000,2981
8,1640,41000000,41000100,7161,11934,41025000,29702
8,1641,41025000,41025100,7161,11934,41050000,29718
8,1642,41050000,41050100,7161,11934,41075000,29736
8,1643,41075000,41075100,7161,11934,41100000,29756
8,1644,41100000,41100100,7161,11934,41125000,29771
8,1645,41125000,41125100,7161,11934,41150000,29790
8,1646,41150000,41150100,7161,11934,41175000,29810
8,1647,41175000,41175100,7161,11934,41200000,29827
8,1648,41200000,41200100,7161,11934,41225000,29846
8,1649,41225000,41225100,7161,11934,41250000,29863
8,165,4125000,4125100,7161,11934,4150000,2997
8,1650,41250000,41250100,7161,11934,41275000,29878
8,1651,41275000,41275100,7161,11934,41300000,29899
8,1652,41300000,41300100,7161,11934,41325000,29920
8,1653,41325000,41325100,7161,11934,41350000,29934
8,1654,41350000,41350100,7161,11934,41375000,29955
8,1655,41375000,41375100,7161,11934,41400000,29972
8,1656,41400000,41400100,7161,11934,41425000,29988
8,1657,41425000,41425100,7161,11934,41450000,30008
8,1658,41450000,41450100,7161,11934,41475000,30027
8,1659,41475000,41475100,7161,11934,41500000,30044
8,166,4150000,4150100,7161,11934,4175000,3016
8,1660,41500000,41500100,7161,11934,41525000,30064
8,1661,41525000,41525100,7161,11934,41550000,30080
8,1662,41550000,41550100,7161,11934,41575000,30095
8,1663,41575000,41575100,7161,11934,41600000,30117
8,1664,41600000,41600100,7161,11934,41625000,30136
8,1665,41625000,41625100,7161,11934,41650000,30152
8,1666,41650000,41650100,7161,11934,41675000,30171
8,1667,41675000,41675100,7161,11934,41700000,30190
8,1668,41700000,41700100,7161,11934,41725000,30206
8,1669,41725000,41725100,7161,11934,41750000,30225
8,167,4175000,4175100,7161,11934,4200000,3034
8,1670,41750000,41750100,7161,11934,41775000,30244
8,1671,41775000,41775100,7161,11934,41800000,30261
8,1672,41800000,41800100,7161,11934,41825000,30281
8,1673,41825000,41825100,7161,11934,41850000,30297
8,1674,41850000,41850100,7161,11934,41875000,30313
8,1675,41875000,41875100,7161,11934,41900000,30334
8,1676,41900000,41900100,7161,11934,41925000,30354
8,1677,41925000,41925100,7161,11934,41950000,30369
8,1678,41950000,41950100,7161,11934,41975000,30389
8,1679,41975000,41975100,7161,11934,42000000,30406
8,168,4200000,4200100,7161,11934,4225000,3050
8,1680,42000000,42000100,7161,11934,42025000,30423
8,1681,42025000,42025100,7161,11934,42050000,30442
8,1682,42050000,42050100,7161,11934,42075000,30461
8,1683,42075000,42075100,7161,11934,42100000,30479
8,1684,42100000,42100100,7161,11934,42125000,30498
8,1685,42125000,42125100,7161,11934,42150000,30515
8,1686,42150000,42150100,7161,11934,42175000,30530
8,1687,42175000,42175100,7161,11934,42200000,30551
8,1688,42200000,42200100,7161,11934,42225000,30571
8,1689,42225000,42225100,7161,11934,42250000,30587
8,169,4225000,4225100,7161,11934,4250000,3070
8,1690,42250000,42250100,7161,11934,42275000,30605
8,1691,42275000,42275100,7161,11934,42300000,30625
8,1692,42300000,42300100,7161,11934,42325000,30640
8,1693,42325000,42325100,7161,11934,42350000,30658
8,1694,42350000,42350100,7161,11934,42375000,30679
8,1695,42375000,42375100,7161,11934,42400000,30695
8,1696,42400000,42400100,7161,11934,42425000,30716
8,1697,42425000,42425100,7161,11934,42450000,30732
8,1698,42450000,42450100,7161,11934,42475000,30747
8,1699,42475000,42475100,7161,11934,42500000,30769
8,17,425000,425100,7161,11934,450000,319
8,170,4250000,4250100,7161,11934,4275000,3089
8,1700,42500000,42500100,7161,11934,42525000,30789
8,1701,42525000,42525100,7161,11934,42550000,30803
8,1702,42550000,42550100,7161,11934,42575000,30824
8,1703,42575000,42575100,7161,11934,42600000,30841
8,1704,42600000,42600100,7161,11934,42625000,30856
8,1705,42625000,42625100,7161,11934,42650000,30877
8,1706,42650000,42650100,7161,11934,42675000,30895
8,1707,42675000,42675100,7161,11934,42700000,30913
8,1708,42700000,42700100,7161,11934,42725000,30933
8,1709,42725000,42725100,7161,11934,42750000,30949
8,171,4275000,4275100,7161,11934,4300000,3107
8,1710,42750000,42750100,7161,11934,42775000,30965
8,1711,42775000,42775100,7161,11934,42800000,30986
8,1712,42800000,42800100,7161,11934,42825000,31005
8,1713,42825000,42825100,7161,11934,42850000,31022
8,1714,42850000,42850100,7161,11934,42875000,31040
8,1715,42875000,42875100,7161,11934,42900000,31058
8,1716,42900000,42900100,7161,11934,42925000,31075
8,1717,42925000,42925100,7161,11934,42950000,31093
8,1718,42950000,42950100,7161,11934,42975000,31113
8,1719,42975000,42975100,7161,11934,43000000,31130
8,172,4300000,4300100,7161,11934,4325000,3126
8,1720,43000000,43000100,7161,11934,43025000,31150
8,1721,43025000,43025100,7161,11934,43050000,31166
8,1722,43050000,43050100,7161,11934,43075000,31182
8,1723,43075000,43075100,7161,11934,43100000,31203
8,1724,43100000,43100100,7161,11934,43125000,31224
8,1725,43125000,43125100,7161,11934,43150000,31238
8,1726,43150000,43150100,7161,11934,43175000,31257
8,1727,43175000,43175100,7161,11934,43200000,31276
8,1728,43200000,43200100,7161,11934,43225000,31291
8,1729,43225000,43225100,7161,11934,43250000,31311
8,173,4325000,4325100,7161,11934,4350000,3143
8,1730,43250000,43250100,7161,11934,43275000,31330
8,1731,43275000,43275100,7161,11934,43300000,31348
8,1732,43300000,43300100,7161,11934,43325000,31367
8,1733,43325000,43325100,7161,11934,43350000,31384
8,1734,43350000,43350100,7161,11934,43375000,31399
8,1735,43375000,43375100,7161,11934,43400000,31420
8,1736,43400000,43400100,7161,11934,43425000,31440
8,1737,43425000,43425100,7161,11934,43450000,31455
8,1738,43450000,43450100,7161,11934,43475000,31475
8,1739,43475000,43475100,7161,11934,43500000,31493
8,174,4350000,4350100,7161,11934,4375000,3158
8,1740,43500000,43500100,7161,11934,43525000,31509
8,1741,43525000,43525100,7161,11934,43550000,31528
8,1742,43550000,43550100,7161,11934,43575000,31548
8,1743,43575000,43575100,7161,11934,43600000,31564
8,1744,43600000,43600100,7161,11934,43625000,31585
8,1745,43625000,43625100,7161,11934,43650000,31601
8,1746,43650000,43650100,7161,11934,43675000,31616
8,1747,43675000,43675100,7161,11934,43700000,31638
8,1748,43700000,43700100,7161,11934,43725000,31657
8,1749,43725000,43725100,7161,11934,43750000,31672
8,175,4375000,4375100,7161,11934,4400000,3178
8,1750,43750000,43750100,7161,11934,43775000,31692
8,1751,43775000,43775100,7161,11934,43800000,31710
8,1752,43800000,43800100,7161,11934,43825000,31726
8,1753,43825000,43825100,7161,11934,43850000,31746
8,1754,43850000,43850100,7161,11934,43875000,31764
8,1755,43875000,43875100,7161,11934,43900000,31783
8,1756,43900000,43900100,7161,11934,43925000,31802
8,1757,43925000,43925100,7161,11934,43950000,31818
8,1758,43950000,43950100,7161,11934,43975000,31834
8,1759,43975000,43975100,7161,11934,44000000,31854
8,176,4400000,4400100,7161,11934,4425000,3199
8,1760,44000000,44000100,7161,11934,44025000,31874
8,1761,44025000,44025100,7161,11934,44050000,31890
8,1762,44050000,44050100,7161,11934,44075000,31909
8,1763,44075000,44075100,7161,11934,44100000,31927
8,1764,44100000,44100100,7161,11934,44125000,31944
8,1765,44125000,44125100,7161,11934,44150000,31962
8,1766,44150000,44150100,7161,11934,44175000,31983
8,1767,44175000,44175100,7161,11934,44200000,31999
8,1768,44200000,44200100,7161,11934,44225000,32019
8,1769,44225000,44225100,7161,11934,44250000,32036
8,177,4425000,4425100,7161,11934,4450000,3214
8,1770,44250000,44250100,7161,11934,44275000,32050
8,1771,44275000,44275100,7161,11934,44300000,32072
8,1772,44300000,44300100,7161,11934,44325000,32092
8,1773,44325000,44325100,7161,11934,44350000,32107
8,1774,44350000,44350100,7161,11934,44375000,32126
8,1775,44375000,44375100,7161,11934,44400000,32145
8,1776,44400000,44400100,7161,11934,44425000,32160
8,1777,44425000,44425100,7161,11934,44450000,32180
8,1778,44450000,44450100,7161,11934,44475000,32199
8,1779,44475000,44475100,7161,11934,44500000,32217
8,178,4450000,4450100,7161,11934,4475000,3233
8,1780,44500000,44500100,7161,11934,44525000,32237
8,1781,44525000,44525100,7161,11934,44550000,32252
8,1782,44550000,44550100,7161,11934,44575000,32268
8,1783,44575000,44575100,7161,11934,44600000,32289
8,1784,44600000,44600100,7161,11934,44625000,32309
8,1785,44625000,44625100,7161,11934,44650000,32324
8,1786,44650000,44650100,7161,11934,44675000,32344
8,1787,44675000,44675100,7161,11934,44700000,32362
8,1788,44700000,44700100,7161,11934,44725000,32378
8,1789,44725000,44725100,7161,11934,44750000,32397
8,179,4475000,4475100,7161,11934,4500000,3252
8,1790,44750000,44750100,7161,11934,44775000,32417
8,1791,44775000,44775100,7161,11934,44800000,32433
8,1792,44800000,44800100,7161,11934,44825000,32453
8,1793,44825000,44825100,7161,11934,44850000,32470
8,1794,44850000,44850100,7161,11934,44875000,32485
8,1795,44875000,44875100,7161,11934,44900000,32507
8,1796,44900000,44900100,7161,11934,44925000,32526
8,1797,44925000,44925100,7161,11934,44950000,32542
8,1798,44950000,44950100,7161,11934,44975000,32561
8,1799,44975000,44975100,7161,11934,45000000,32579
8,18,450000,450100,7161,11934,475000,333
8,180,4500000,4500100,7161,11934,4525000,3268
8,1800,45000000,45000100,7161,11934,45025000,32595
8,1801,45025000,45025100,7161,11934,45050000,32615
8,1802,45050000,45050100,7161,11934,45075000,32633
8,1803,45075000,45075100,7161,11934,45100000,32651
8,1804,45100000,45100100,7161,11934,45125000,32671
8,1805,45125000,45125100,7161,11934,45150000,32686
8,1806,45150000,45150100,7161,11934,45175000,32703
8,1807,45175000,45175100,7161,11934,45200000,32723
8,1808,45200000,45200100,7161,11934,45225000,32744
8,1809,45225000,45225100,7161,11934,45250000,32759
8,181,4525000,4525100,7161,11934,4550000,3286
8,1810,45250000,45250100,7161,11934,45275000,32778
8,1811,45275000,45275100,7161,11934,45300000,32797
8,1812,45300000,45300100,7161,11934,45325000,32813
8,1813,45325000,45325100,7161,11934,45350000,32831
8,1814,45350000,45350100,7161,11934,45375000,32851
8,1815,45375000,45375100,7161,11934,45400000,32868
8,1816,45400000,45400100,7161,11934,45425000,32887
8,1817,45425000,45425100,7161,11934,45450000,32905
8,1818,45450000,45450100,7161,11934,45475000,32919
8,1819,45475000,45475100,7161,11934,45500000,32941
8,182,4550000,4550100,7161,11934,4575000,3307
8,1820,45500000,45500100,7161,11934,45525000,32961
8,1821,45525000,45525100,7161,11934,45550000,32976
8,1822,45550000,45550100,7161,11934,45575000,32996
8,1823,45575000,45575100,7161,11934,45600000,33014
8,1824,45600000,45600100,7161,11934,45625000,33029
8,1825,45625000,45625100,7161,11934,45650000,33049
8,1826,45650000,45650100,7161,11934,45675000,33068
8,1827,45675000,45675100,7161,11934,45700000,33085
8,1828,45700000,45700100,7161,11934,45725000,33106
8,1829,45725000,45725100,7161,11934,45750000,33121
8,183,4575000,4575100,7161,11934,4600000,3323
8,1830,45750000,45750100,7161,11934,45775000,33137
8,1831,45775000,45775100,7161,11934,45800000,33158
8,1832,45800000,45800100,7161,11934,45825000,33178
8,1833,45825000,45825100,7161,11934,45850000,33193
8,1834,45850000,45850100,7161,11934,45875000,33213
8,1835,45875000,45875100,7161,11934,45900000,33231
8,1836,45900000,45900100,7161,11934,45925000,33247
8,1837,45925000,45925100,7161,11934,45950000,33266
8,1838,45950000,45950100,7161,11934,45975000,33285
8,1839,45975000,45975100,7161,11934,46000000,33303
8,184,4600000,4600100,7161,11934,4625000,3344
8,1840,46000000,46000100,7161,11934,46025000,33322
8,1841,46025000,46025100,7161,11934,46050000,33339
8,1842,46050000,46050100,7161,11934,46075000,33354
8,1843,46075000,46075100,7161,11934,46100000,33376
8,1844,46100000,46100100,7161,11934,46125000,33395
8,1845,46125000,46125100,7161,11934,46150000,33411
8,1846,46150000,46150100,7161,11934,46175000,33430
8,1847,46175000,46175100,7161,11934,46200000,33447
8,185,4625000,4625100,7161,11934,4650000,3360
8,186,4650000,4650100,7161,11934,4675000,3374
8,187,4675000,4675100,7161,11934,4700000,3397
8,188,4700000,4700100,7161,11934,4725000,3416
8,189,4725000,4725100,7161,11934,4750000,3431
8,19,475000,475100,7161,11934,500000,356
8,190,4750000,4750100,7161,11934,4775000,3451
8,191,4775000,4775100,7161,11934,4800000,3469
8,192,4800000,4800100,7161,11934,4825000,3484
8,193,4825000,4825100,7161,11934,4850000,3505
8,194,4850000,4850100,7161,11934,4875000,3523
8,195,4875000,4875100,7161,11934,4900000,3541
8,196,4900000,4900100,7161,11934,4925000,3561
8,197,4925000,4925100,7161,11934,4950000,3576
8,198,4950000,4950100,7161,11934,4975000,3593
8,199,4975000,4975100,7161,11934,5000000,3613
8,2,50000,50100,7161,11934,75000,48
8,20,500000,500100,7161,11934,525000,375
8,200,5000000,5000100,7161,11934,5025000,3633
8,201,5025000,5025100,7161,11934,5050000,3649
8,202,5050000,5050100,7161,11934,5075000,3668
8,203,5075000,5075100,7161,11934,5100000,3686
8,204,5100000,5100100,7161,11934,5125000,3703
8,205,5125000,5125100,7161,11934,5150000,3721
8,206,5150000,5150100,7161,11934,5175000,3741
8,207,5175000,5175100,7161,11934,5200000,3758
8,208,5200000,5200100,7161,11934,5225000,3777
8,209,5225000,5225100,7161,11934,5250000,3794
8,21,525000,525100,7161,11934,550000,389
8,210,5250000,5250100,7161,11934,5275000,3809
8,211,5275000,5275100,7161,11934,5300000,3831
8,212,5300000,5300100,7161,11934,5325000,3851
8,213,5325000,5325100,7161,11934,5350000,3866
8,214,5350000,5350100,7161,11934,5375000,3885
8,215,5375000,5375100,7161,11934,5400000,3904
8,216,5400000,5400100,7161,11934,5425000,3919
8,217,5425000,5425100,7161,11934,5450000,3939
8,218,5450000,5450100,7161,11934,5475000,3958
8,219,5475000,5475100,7161,11934,5500000,3975
8,22,550000,550100,7161,11934,575000,410
8,220,5500000,5500100,7161,11934,5525000,3995
8,221,5525000,5525100,7161,11934,5550000,4011
8,222,5550000,5550100,7161,11934,5575000,4027
8,223,5575000,5575100,7161,11934,5600000,4047
8,224,5600000,5600100,7161,11934,5625000,4068
8,225,5625000,5625100,7161,11934,5650000,4083
8,226,5650000,5650100,7161,11934,5675000,4103
8,227,5675000,5675100,7161,11934,5700000,4121
8,228,5700000,5700100,7161,11934,5725000,4137
8,229,5725000,5725100,7161,11934,5750000,4156
8,23,575000,575100,7161,11934,600000,427
8,230,5750000,5750100,7161,11934,5775000,4175
8,231,5775000,5775100,7161,11934,5800000,4192
8,232,5800000,5800100,7161,11934,5825000,4212
8,233,5825000,5825100,7161,11934,5850000,4229
8,234,5850000,5850100,7161,11934,5875000,4243
8,235,5875000,5875100,7161,11934,5900000,4266
8,236,5900000,5900100,7161,11934,5925000,4285
8,237,5925000,5925100,7161,11934,5950000,4300
8,238,5950000,5950100,7161,11934,5975000,4320
8,239,5975000,5975100,7161,11934,6000000,4338
8,24,600000,600100,7161,11934,625000,443
8,240,6000000,6000100,7161,11934,6025000,4354
8,241,6025000,6025100,7161,11934,6050000,4373
8,242,6050000,6050100,7161,11934,6075000,4392
8,243,6075000,6075100,7161,11934,6100000,4410
8,244,6100000,6100100,7161,11934,6125000,4430
8,245,6125000,6125100,7161,11934,6150000,4445
8,246,6150000,6150100,7161,11934,6175000,4462
8,247,6175000,6175100,7161,11934,6200000,4482
8,248,6200000,6200100,7161,11934,6225000,4502
8,249,6225000,6225100,7161,11934,6250000,4518
8,25,625000,625100,7161,11934,650000,463
8,250,6250000,6250100,7161,11934,6275000,4537
8,251,6275000,6275100,7161,11934,6300000,4555
8,252,6300000,6300100,7161,11934,6325000,4571
8,253,6325000,6325100,7161,11934,6350000,4590
8,254,6350000,6350100,7161,11934,6375000,4610
8,255,6375000,6375100,7161,11934,6400000,4627
8,256,6400000,6400100,7161,11934,6425000,4646
8,257,6425000,6425100,7161,11934,6450000,4664
8,258,6450000,6450100,7161,11934,6475000,4678
8,259,6475000,6475100,7161,11934,6500000,4700
8,26,650000,650100,7161,11934,675000,482
8,260,6500000,6500100,7161,11934,6525000,4720
8,261,6525000,6525100,7161,11934,6550000,4735
8,262,6550000,6550100,7161,11934,6575000,4754
8,263,6575000,6575100,7161,11934,6600000,4772
8,264,6600000,6600100,7161,11934,6625000,4788
8,265,6625000,6625100,7161,11934,6650000,4807
8,266,6650000,6650100,7161,11934,6675000,4827
8,267,6675000,6675100,7161,11934,6700000,4844
8,268,6700000,6700100,7161,11934,6725000,4865
8,269,6725000,6725100,7161,11934,6750000,4880
8,27,675000,675100,7161,11934,700000,499
8,270,6750000,6750100,7161,11934,6775000,4896
8,271,6775000,6775100,7161,11934,6800000,4917
8,272,6800000,6800100,7161,11934,6825000,4937
8,273,6825000,6825100,7161,11934,6850000,4952
8,274,6850000,6850100,7161,11934,6875000,4971
8,275,6875000,6875100,7161,11934,6900000,4990
8,276,6900000,6900100,7161,11934,6925000,5005
8,277,6925000,6925100,7161,11934,6950000,5025
8,278,6950000,6950100,7161,11934,6975000,5044
8,279,6975000,6975100,7161,11934,7000000,5061
8,28,700000,700100,7161,11934,725000,520
8,280,7000000,7000100,7161,11934,7025000,5081
8,281,7025000,7025100,7161,11934,7050000,5098
8,282,7050000,7050100,7161,11934,7075000,5113
8,283,7075000,7075100,7161,11934,7100000,5135
8,284,7100000,7100100,7161,11934,7125000,5154
8,285,7125000,7125100,7161,11934,7150000,5169
8,286,7150000,7150100,7161,11934,7175000,5189
8,287,7175000,7175100,7161,11934,7200000,5206
8,288,7200000,7200100,7161,11934,7225000,5223
8,289,7225000,7225100,7161,11934,7250000,5242
8,29,725000,725100,7161,11934,750000,535
8,290,7250000,7250100,7161,11934,7275000,5261
8,291,7275000,7275100,7161,11934,7300000,5279
8,292,7300000,7300100,7161,11934,7325000,5299
8,293,7325000,7325100,7161,11934,7350000,5314
8,294,7350000,7350100,7161,11934,7375000,5331
8,295,7375000,7375100,7161,11934,7400000,5351
8,296,7400000,7400100,7161,11934,7425000,5371
8,297,7425000,7425100,7161,11934,7450000,5387
8,298,7450000,7450100,7161,11934,7475000,5405
8,299,7475000,7475100,7161,11934,7500000,5425
8,3,75000,75100,7161,11934,100000,65
8,30,750000,750100,7161,11934,775000,552
8,300,7500000,7500100,7161,11934,7525000,5440
8,301,7525000,7525100,7161,11934,7550000,5459
8,302,7550000,7550100,7161,11934,7575000,5479
8,303,7575000,7575100,7161,11934,7600000,5496
8,304,7600000,7600100,7161,11934,7625000,5515
8,305,7625000,7625100,7161,11934,7650000,5533
8,306,7650000,7650100,7161,11934,7675000,5547
8,307,7675000,7675100,7161,11934,7700000,5568
8,308,7700000,7700100,7161,11934,7725000,5589
8,309,7725000,7725100,7161,11934,7750000,5603
8,31,775000,775100,7161,11934,800000,572
8,310,7750000,7750100,7161,11934,7775000,5624
8,311,7775000,7775100,7161,11934,7800000,5641
8,312,7800000,7800100,7161,11934,7825000,5657
8,313,7825000,7825100,7161,11934,7850000,5677
8,314,7850000,7850100,7161,11934,7875000,5696
8,315,7875000,7875100,7161,11934,7900000,5713
8,316,7900000,7900100,7161,11934,7925000,5734
8,317,7925000,7925100,7161,11934,7950000,5749
8,318,7950000,7950100,7161,11934,7975000,5764
8,319,7975000,7975100,7161,11934,8000000,5786
8,32,800000,800100,7161,11934,825000,591
8,320,8000000,8000100,7161,11934,8025000,5805
8,321,8025000,8025100,7161,11934,8050000,5821
8,322,8050000,8050100,7161,11934,8075000,5840
8,323,8075000,8075100,7161,11934,8100000,5859
8,324,8100000,8100100,7161,11934,8125000,5875
8,325,8125000,8125100,7161,11934,8150000,5894
8,326,8150000,8150100,7161,11934,8175000,5913
8,327,8175000,8175100,7161,11934,8200000,5931
8,328,8200000,8200100,7161,11934,8225000,5950
8,329,8225000,8225100,7161,11934,8250000,5966
8,33,825000,825100,7161,11934,850000,608
8,330,8250000,8250100,7161,11934,8275000,5982
8,331,8275000,8275100,7161,11934,8300000,6003
8,332,8300000,8300100,7161,11934,8325000,6023
8,333,8325000,8325100,7161,11934,8350000,6038
8,334,8350000,8350100,7161,11934,8375000,6058
8,335,8375000,8375100,7161,11934,8400000,6075
8,336,8400000,8400100,7161,11934,8425000,6092
8,337,8425000,8425100,7161,11934,8450000,6111
8,338,8450000,8450100,7161,11934,8475000,6131
8,339,8475000,8475100,7161,11934,8500000,6148
8,34,850000,850100,7161,11934,875000,626
8,340,8500000,8500100,7161,11934,8525000,6167
8,341,8525000,8525100,7161,11934,8550000,6184
8,342,8550000,8550100,7161,11934,8575000,6199
8,343,8575000,8575100,7161,11934,8600000,6220
8,344,8600000,8600100,7161,11934,8625000,6240
8,345,8625000,8625100,7161,11934,8650000,6256
8,346,8650000,8650100,7161,11934,8675000,6274
8,347,8675000,8675100,7161,11934,8700000,6294
8,348,8700000,8700100,7161,11934,8725000,6309
8,349,8725000,8725100,7161,11934,8750000,6328
8,35,875000,875100,7161,11934,900000,645
8,350,8750000,8750100,7161,11934,8775000,6348
8,351,8775000,8775100,7161,11934,8800000,6364
8,352,8800000,8800100,7161,11934,8825000,6385
8,353,8825000,8825100,7161,11934,8850000,6401
8,354,8850000,8850100,7161,11934,8875000,6416
8,355,8875000,8875100,7161,11934,8900000,6438
8,356,8900000,8900100,7161,11934,8925000,6458
8,357,8925000,8925100,7161,11934,8950000,6472
8,358,8950000,8950100,7161,11934,8975000,6493
8,359,8975000,8975100,7161,11934,9000000,6510
8,36,900000,900100,7161,11934,925000,661
8,360,9000000,9000100,7161,11934,9025000,6526
8,361,9025000,9025100,7161,11934,9050000,6546
8,362,9050000,9050100,7161,11934,9075000,6564
8,363,9075000,9075100,7161,11934,9100000,6582
8,364,9100000,9100100,7161,11934,9125000,6602
8,365,9125000,9125100,7161,11934,9150000,6618
8,366,9150000,9150100,7161,11934,9175000,6634
8,367,9175000,9175100,7161,11934,9200000,6655
8,368,9200000,9200100,7161,11934,9225000,6674
8,369,9225000,9225100,7161,11934,9250000,6691
8,37,925000,925100,7161,11934,950000,680
8,370,9250000,9250100,7161,11934,9275000,6709
8,371,9275000,9275100,7161,11934,9300000,6728
8,372,9300000,9300100,7161,11934,9325000,6744
8,373,9325000,9325100,7161,11934,9350000,6762
8,374,9350000,9350100,7161,11934,9375000,6782
8,375,9375000,9375100,7161,11934,9400000,6799
8,376,9400000,9400100,7161,11934,9425000,6819
8,377,9425000,9425100,7161,11934,9450000,6835
8,378,9450000,9450100,7161,11934,9475000,6851
8,379,9475000,9475100,7161,11934,9500000,6872
8,38,950000,950100,7161,11934,975000,699
8,380,9500000,9500100,7161,11934,9525000,6893
8,381,9525000,9525100,7161,11934,9550000,6907
8,382,9550000,9550100,7161,11934,9575000,6927
8,383,9575000,9575100,7161,11934,9600000,6945
8,384,9600000,9600100,7161,11934,9625000,6960
8,385,9625000,9625100,7161,11934,9650000,6980
8,386,9650000,9650100,7161,11934,9675000,6999
8,387,9675000,9675100,7161,11934,9700000,7017
8,388,9700000,9700100,7161,11934,9725000,7036
8,389,9725000,9725100,7161,11934,9750000,7053
8,39,975000,975100,7161,11934,1000000,717
8,390,9750000,9750100,7161,11934,9775000,7068
8,391,9775000,9775100,7161,11934,9800000,7089
8,392,9800000,9800100,7161,11934,9825000,7109
8,393,9825000,9825100,7161,11934,9850000,7125
8,394,9850000,9850100,7161,11934,9875000,7144
8,395,9875000,9875100,7161,11934,9900000,7162
8,396,9900000,9900100,7161,11934,9925000,7178
8,397,9925000,9925100,7161,11934,9950000,7197
8,398,9950000,9950100,7161,11934,9975000,7217
8,399,9975000,9975100,7161,11934,10000000,7233
8,4,100000,100100,7161,11934,125000,85
8,40,1000000,1000100,7161,11934,1025000,736
8,400,10000000,10000100,7161,11934,10025000,7254
8,401,10025000,10025100,7161,11934,10050000,7270
8,402,10050000,10050100,7161,11934,10075000,7285
8,403,10075000,10075100,7161,11934,10100000,7307
8,404,10100000,10100100,7161,11934,10125000,7327
8,405,10125000,10125100,7161,11934,10150000,7341
8,406,10150000,10150100,7161,11934,10175000,7361
8,407,10175000,10175100,7161,11934,10200000,7379
8,408,10200000,10200100,7161,11934,10225000,7395
8,409,10225000,10225100,7161,11934,10250000,7415
8,41,1025000,1025100,7161,11934,1050000,753
8,410,10250000,10250100,7161,11934,10275000,7433
8,411,10275000,10275100,7161,11934,10300000,7452
8,412,10300000,10300100,7161,11934,10325000,7471
8,413,10325000,10325100,7161,11934,10350000,7487
8,414,10350000,10350100,7161,11934,10375000,7503
8,415,10375000,10375100,7161,11934,10400000,7524
8,416,10400000,10400100,7161,11934,10425000,7543
8,417,10425000,10425100,7161,11934,10450000,7559
8,418,10450000,10450100,7161,11934,10475000,7578
8,419,10475000,10475100,7161,11934,10500000,7596
8,42,1050000,1050100,7161,11934,1075000,768
8,420,10500000,10500100,7161,11934,10525000,7613
8,421,10525000,10525100,7161,11934,10550000,7631
8,422,10550000,10550100,7161,11934,10575000,7652
8,423,10575000,10575100,7161,11934,10600000,7668
8,424,10600000,10600100,7161,11934,10625000,7688
8,425,10625000,10625100,7161,11934,10650000,7705
8,426,10650000,10650100,7161,11934,10675000,7720
8,427,10675000,10675100,7161,11934,10700000,7741
8,428,10700000,10700100,7161,11934,10725000,7761
8,429,10725000,10725100,7161,11934,10750000,7776
8,43,1075000,1075100,7161,11934,1100000,789
8,430,10750000,10750100,7161,11934,10775000,7795
8,431,10775000,10775100,7161,11934,10800000,7814
8,432,10800000,10800100,7161,11934,10825000,7829
8,433,10825000,10825100,7161,11934,10850000,7849
8,434,10850000,10850100,7161,11934,10875000,7868
8,435,10875000,10875100,7161,11934,10900000,7886
8,436,10900000,10900100,7161,11934,10925000,7906
8,437,10925000,10925100,7161,11934,10950000,7922
8,438,10950000,10950100,7161,11934,10975000,7937
8,439,10975000,10975100,7161,11934,11000000,7958
8,44,1100000,1100100,7161,11934,1125000,810
8,440,11000000,11000100,7161,11934,11025000,7978
8,441,11025000,11025100,7161,11934,11050000,7993
8,442,11050000,11050100,7161,11934,11075000,8013
8,443,11075000,11075100,7161,11934,11100000,8031
8,444,11100000,11100100,7161,11934,11125000,8047
8,445,11125000,11125100,7161,11934,11150000,8066
8,446,11150000,11150100,7161,11934,11175000,8086
8,447,11175000,11175100,7161,11934,11200000,8102
8,448,11200000,11200100,7161,11934,11225000,8123
8,449,11225000,11225100,7161,11934,11250000,8139
8,45,1125000,1125100,7161,11934,1150000,824
8,450,11250000,11250100,7161,11934,11275000,8154
8,451,11275000,11275100,7161,11934,11300000,8176
8,452,11300000,11300100,7161,11934,11325000,8195
8,453,11325000,11325100,7161,11934,11350000,8211
8,454,11350000,11350100,7161,11934,11375000,8230
8,455,11375000,11375100,7161,11934,11400000,8248
8,456,11400000,11400100,7161,11934,11425000,8264
8,457,11425000,11425100,7161,11934,11450000,8284
8,458,11450000,11450100,7161,11934,11475000,8302
8,459,11475000,11475100,7161,11934,11500000,8321
8,46,1150000,1150100,7161,11934,1175000,844
8,460,11500000,11500100,7161,11934,11525000,8340
8,461,11525000,11525100,7161,11934,11550000,8355
8,462,11550000,11550100,7161,11934,11575000,8372
8,463,11575000,11575100,7161,11934,11600000,8392
8,464,11600000,11600100,7161,11934,11625000,8413
8,465,11625000,11625100,7161,11934,11650000,8428
8,466,11650000,11650100,7161,11934,11675000,8447
8,467,11675000,11675100,7161,11934,11700000,8466
8,468,11700000,11700100,7161,11934,11725000,8482
8,469,11725000,11725100,7161,11934,11750000,8500
8,47,1175000,1175100,7161,11934,1200000,862
8,470,11750000,11750100,7161,11934,11775000,8521
8,471,11775000,11775100,7161,11934,11800000,8537
8,472,11800000,11800100,7161,11934,11825000,8556
8,473,11825000,11825100,7161,11934,11850000,8574
8,474,11850000,11850100,7161,11934,11875000,8588
8,475,11875000,11875100,7161,11934,11900000,8610
8,476,11900000,11900100,7161,11934,11925000,8630
8,477,11925000,11925100,7161,11934,11950000,8645
8,478,11950000,11950100,7161,11934,11975000,8665
8,479,11975000,11975100,7161,11934,12000000,8683
8,48,1200000,1200100,7161,11934,1225000,878
8,480,12000000,12000100,7161,11934,12025000,8698
8,481,12025000,12025100,7161,11934,12050000,8719
8,482,12050000,12050100,7161,11934,12075000,8737
8,483,12075000,12075100,7161,11934,12100000,8754
8,484,12100000,12100100,7161,11934,12125000,8775
8,485,12125000,12125100,7161,11934,12150000,8790
8,486,12150000,12150100,7161,11934,12175000,8806
8,487,12175000,12175100,7161,11934,12200000,8827
8,488,12200000,12200100,7161,11934,12225000,8847
8,489,12225000,12225100,7161,11934,12250000,8862
8,49,1225000,1225100,7161,11934,1250000,897
8,490,12250000,12250100,7161,11934,12275000,8882
8,491,12275000,12275100,7161,11934,12300000,8900
8,492,12300000,12300100,7161,11934,12325000,8917
8,493,12325000,12325100,7161,11934,12350000,8935
8,494,12350000,12350100,7161,11934,12375000,8954
8,495,12375000,12375100,7161,11934,12400000,8972
8,496,12400000,12400100,7161,11934,12425000,8991
8,497,12425000,12425100,7161,11934,12450000,9008
8,498,12450000,12450100,7161,11934,12475000,9023
8,499,12475000,12475100,7161,11934,12500000,9045
8,5,125000,125100,7161,11934,150000,101
8,50,1250000,1250100,7161,11934,1275000,917
8,500,12500000,12500100,7161,11934,12525000,9064
8,501,12525000,12525100,7161,11934,12550000,9080
8,502,12550000,12550100,7161,11934,12575000,9099
8,503,12575000,12575100,7161,11934,12600000,9117
8,504,12600000,12600100,7161,11934,12625000,9133
8,505,12625000,12625100,7161,11934,12650000,9152
8,506,12650000,12650100,7161,11934,12675000,9172
8,507,12675000,12675100,7161,11934,12700000,9189
8,508,12700000,12700100,7161,11934,12725000,9209
8,509,12725000,12725100,7161,11934,12750000,9225
8,51,1275000,1275100,7161,11934,1300000,934
8,510,12750000,12750100,7161,11934,12775000,9241
8,511,12775000,12775100,7161,11934,12800000,9261
8,512,12800000,12800100,7161,11934,12825000,9282
8,513,12825000,12825100,7161,11934,12850000,9297
8,514,12850000,12850100,7161,11934,12875000,9316
8,515,12875000,12875100,7161,11934,12900000,9335
8,516,12900000,12900100,7161,11934,12925000,9350
8,517,12925000,12925100,7161,11934,12950000,9369
8,518,12950000,12950100,7161,11934,12975000,9389
8,519,12975000,12975100,7161,11934,13000000,9406
8,52,1300000,1300100,7161,11934,1325000,954
8,520,13000000,13000100,7161,11934,13025000,9426
8,521,13025000,13025100,7161,11934,13050000,9443
8,522,13050000,13050100,7161,11934,13075000,9457
8,523,13075000,13075100,7161,11934,13100000,9480
8,524,13100000,13100100,7161,11934,13125000,9499
8,525,13125000,13125100,7161,11934,13150000,9514
8,526,13150000,13150100,7161,11934,13175000,9534
8,527,13175000,13175100,7161,11934,13200000,9551
8,528,13200000,13200100,7161,11934,13225000,9567
8,529,13225000,13225100,7161,11934,13250000,9587
8,53,1325000,1325100,7161,11934,1350000,970
8,530,13250000,13250100,7161,11934,13275000,9606
8,531,13275000,13275100,7161,11934,13300000,9623
8,532,13300000,13300100,7161,11934,13325000,9644
8,533,13325000,13325100,7161,11934,13350000,9659
8,534,13350000,13350100,7161,11934,13375000,9676
8,535,13375000,13375100,7161,11934,13400000,9696
8,536,13400000,13400100,7161,11934,13425000,9716
8,537,13425000,13425100,7161,11934,13450000,9732
8,538,13450000,13450100,7161,11934,13475000,9750
8,539,13475000,13475100,7161,11934,13500000,9769
8,54,1350000,1350100,7161,11934,1375000,985
8,540,13500000,13500100,7161,11934,13525000,9785
8,541,13525000,13525100,7161,11934,13550000,9804
8,542,13550000,13550100,7161,11934,13575000,9823
8,543,13575000,13575100,7161,11934,13600000,9841
8,544,13600000,13600100,7161,11934,13625000,9860
8,545,13625000,13625100,7161,11934,13650000,9877
8,546,13650000,13650100,7161,11934,13675000,9892
8,547,13675000,13675100,7161,11934,13700000,9914
8,548,13700000,13700100,7161,11934,13725000,9934
8,549,13725000,13725100,7161,11934,13750000,9948
8,55,1375000,1375100,7161,11934,1400000,1006
8,550,13750000,13750100,7161,11934,13775000,9968
8,551,13775000,13775100,7161,11934,13800000,9986
8,552,13800000,13800100,7161,11934,13825000,10002
8,553,13825000,13825100,7161,11934,13850000,10021
8,554,13850000,13850100,7161,11934,13875000,10041
8,555,13875000,13875100,7161,11934,13900000,10058
8,556,13900000,13900100,7161,11934,13925000,10078
8,557,13925000,13925100,7161,11934,13950000,10094
8,558,13950000,13950100,7161,11934,13975000,10110
8,559,13975000,13975100,7161,11934,14000000,10130
8,56,1400000,1400100,7161,11934,1425000,1026
8,560,14000000,14000100,7161,11934,14025000,10150
8,561,14025000,14025100,7161,11934,14050000,10166
8,562,14050000,14050100,7161,11934,14075000,10185
8,563,14075000,14075100,7161,11934,14100000,10204
8,564,14100000,14100100,7161,11934,14125000,10219
8,565,14125000,14125100,7161,11934,14150000,10239
8,566,14150000,14150100,7161,11934,14175000,10258
8,567,14175000,14175100,7161,11934,14200000,10275
8,568,14200000,14200100,7161,11934,14225000,10295
8,569,14225000,14225100,7161,11934,14250000,10312
8,57,1425000,1425100,7161,11934,1450000,1042
8,570,14250000,14250100,7161,11934,14275000,10326
8,571,14275000,14275100,7161,11934,14300000,10348
8,572,14300000,14300100,7161,11934,14325000,10368
8,573,14325000,14325100,7161,11934,14350000,10382
8,574,14350000,14350100,7161,11934,14375000,10403
8,575,14375000,14375100,7161,11934,14400000,10420
8,576,14400000,14400100,7161,11934,14425000,10437
8,577,14425000,14425100,7161,11934,14450000,10456
8,578,14450000,14450100,7161,11934,14475000,10475
8,579,14475000,14475100,7161,11934,14500000,10493
8,58,1450000,1450100,7161,11934,1475000,1061
8,580,14500000,14500100,7161,11934,14525000,10513
8,581,14525000,14525100,7161,11934,14550000,10528
8,582,14550000,14550100,7161,11934,14575000,10544
8,583,14575000,14575100,7161,11934,14600000,10565
8,584,14600000,14600100,7161,11934,14625000,10584
8,585,14625000,14625100,7161,11934,14650000,10601
8,586,14650000,14650100,7161,11934,14675000,10619
8,587,14675000,14675100,7161,11934,14700000,10638
8,588,14700000,14700100,7161,11934,14725000,10654
8,589,14725000,14725100,7161,11934,14750000,10673
8,59,1475000,1475100,7161,11934,1500000,1080
8,590,14750000,14750100,7161,11934,14775000,10693
8,591,14775000,14775100,7161,11934,14800000,10710
8,592,14800000,14800100,7161,11934,14825000,10729
8,593,14825000,14825100,7161,11934,14850000,10746
8,594,14850000,14850100,7161,11934,14875000,10761
8,595,14875000,14875100,7161,11934,14900000,10782
8,596,14900000,14900100,7161,11934,14925000,10803
8,597,14925000,14925100,7161,11934,14950000,10817
8,598,14950000,14950100,7161,11934,14975000,10837
8,599,14975000,14975100,7161,11934,15000000,10855
8,6,150000,150100,7161,11934,175000,117
8,60,1500000,1500100,7161,11934,1525000,1095
8,600,15000000,15000100,7161,11934,15025000,10871
8,601,15025000,15025100,7161,11934,15050000,10890
8,602,15050000,15050100,7161,11934,15075000,10910
8,603,15075000,15075100,7161,11934,15100000,10927
8,604,15100000,15100100,7161,11934,15125000,10947
8,605,15125000,15125100,7161,11934,15150000,10963
8,606,15150000,15150100,7161,11934,15175000,10978
8,607,15175000,15175100,7161,11934,15200000,11000
8,608,15200000,15200100,7161,11934,15225000,11019
8,609,15225000,15225100,7161,11934,15250000,11035
8,61,1525000,1525100,7161,11934,1550000,1115
8,610,15250000,15250100,7161,11934,15275000,11054
8,611,15275000,15275100,7161,11934,15300000,11073
8,612,15300000,15300100,7161,11934,15325000,11088
8,613,15325000,15325100,7161,11934,15350000,11108
8,614,15350000,15350100,7161,11934,15375000,11127
8,615,15375000,15375100,7161,11934,15400000,11143
8,616,15400000,15400100,7161,11934,15425000,11164
8,617,15425000,15425100,7161,11934,15450000,11180
8,618,15450000,15450100,7161,11934,15475000,11196
8,619,15475000,15475100,7161,11934,15500000,11217
8,62,1550000,1550100,7161,11934,1575000,1134
8,620,15500000,15500100,7161,11934,15525000,11237
8,621,15525000,15525100,7161,11934,15550000,11252
8,622,15550000,15550100,7161,11934,15575000,11272
8,623,15575000,15575100,7161,11934,15600000,11289
8,624,15600000,15600100,7161,11934,15625000,11306
8,625,15625000,15625100,7161,11934,15650000,11325
8,626,15650000,15650100,7161,11934,15675000,11343
8,627,15675000,15675100,7161,11934,15700000,11362
8,628,15700000,15700100,7161,11934,15725000,11381
8,629,15725000,15725100,7161,11934,15750000,11397
8,63,1575000,1575100,7161,11934,1600000,1151
8,630,15750000,15750100,7161,11934,15775000,11413
8,631,15775000,15775100,7161,11934,15800000,11434
8,632,15800000,15800100,7161,11934,15825000,11454
8,633,15825000,15825100,7161,11934,15850000,11470
8,634,15850000,15850100,7161,11934,15875000,11488
8,635,15875000,15875100,7161,11934,15900000,11508
8,636,15900000,15900100,7161,11934,15925000,11523
8,637,15925000,15925100,7161,11934,15950000,11541
8,638,15950000,15950100,7161,11934,15975000,11562
8,639,15975000,15975100,7161,11934,16000000,11578
8,64,1600000,1600100,7161,11934,1625000,1171
8,640,16000000,16000100,7161,11934,16025000,11598
8,641,16025000,16025100,7161,11934,16050000,11615
8,642,16050000,16050100,7161,11934,16075000,11630
8,643,16075000,16075100,7161,11934,16100000,11651
8,644,16100000,16100100,7161,11934,16125000,11672
8,645,16125000,16125100,7161,11934,16150000,11686
8,646,16150000,16150100,7161,11934,16175000,11707
8,647,16175000,16175100,7161,11934,16200000,11724
8,648,16200000,16200100,7161,11934,16225000,11739
8,649,16225000,16225100,7161,11934,16250000,11760
8,65,1625000,1625100,7161,11934,1650000,1187
8,650,16250000,16250100,7161,11934,16275000,11778
8,651,16275000,16275100,7161,11934,16300000,11796
8,652,16300000,16300100,7161,11934,16325000,11816
8,653,16325000,16325100,7161,11934,16350000,11832
8,654,16350000,16350100,7161,11934,16375000,11847
8,655,16375000,16375100,7161,11934,16400000,11869
8,656,16400000,16400100,7161,11934,16425000,11888
8,657,16425000,16425100,7161,11934,16450000,11904
8,658,16450000,16450100,7161,11934,16475000,11923
8,659,16475000,16475100,7161,11934,16500000,11941
8,66,1650000,1650100,7161,11934,1675000,1202
8,660,16500000,16500100,7161,11934,16525000,11958
8,661,16525000,16525100,7161,11934,16550000,11976
8,662,16550000,16550100,7161,11934,16575000,11996
8,663,16575000,16575100,7161,11934,16600000,12013
8,664,16600000,16600100,7161,11934,16625000,12033
8,665,16625000,16625100,7161,11934,16650000,12049
8,666,16650000,16650100,7161,11934,16675000,12065
8,667,16675000,16675100,7161,11934,16700000,12086
8,668,16700000,16700100,7161,11934,16725000,12106
8,669,16725000,16725100,7161,11934,16750000,12121
8,67,1675000,1675100,7161,11934,1700000,1224
8,670,16750000,16750100,7161,11934,16775000,12140
8,671,16775000,16775100,7161,11934,16800000,12158
8,672,16800000,16800100,7161,11934,16825000,12174
8,673,16825000,16825100,7161,11934,16850000,12194
8,674,16850000,16850100,7161,11934,16875000,12213
8,675,16875000,16875100,7161,11934,16900000,12231
8,676,16900000,16900100,7161,11934,16925000,12250
8,677,16925000,16925100,7161,11934,16950000,12267
8,678,16950000,16950100,7161,11934,16975000,12282
8,679,16975000,16975100,7161,11934,17000000,12303
8,68,1700000,1700100,7161,11934,1725000,1244
8,680,17000000,17000100,7161,11934,17025000,12323
8,681,17025000,17025100,7161,11934,17050000,12338
8,682,17050000,17050100,7161,11934,17075000,12357
8,683,17075000,17075100,7161,11934,17100000,12376
8,684,17100000,17100100,7161,11934,17125000,12392
8,685,17125000,17125100,7161,11934,17150000,12410
8,686,17150000,17150100,7161,11934,17175000,12431
8,687,17175000,17175100,7161,11934,17200000,12447
8,688,17200000,17200100,7161,11934,17225000,12468
8,689,17225000,17225100,7161,11934,17250000,12484
8,69,1725000,1725100,7161,11934,1750000,1258
8,690,17250000,17250100,7161,11934,17275000,12499
8,691,17275000,17275100,7161,11934,17300000,12521
8,692,17300000,17300100,7161,11934,17325000,12540
8,693,17325000,17325100,7161,11934,17350000,12555
8,694,17350000,17350100,7161,11934,17375000,12575
8,695,17375000,17375100,7161,11934,17400000,12593
8,696,17400000,17400100,7161,11934,17425000,12608
8,697,17425000,17425100,7161,11934,17450000,12629
8,698,17450000,17450100,7161,11934,17475000,12647
8,699,17475000,17475100,7161,11934,17500000,12665
8,7,175000,175100,7161,11934,200000,137
8,70,1750000,1750100,7161,11934,1775000,1279
8,700,17500000,17500100,7161,11934,17525000,12685
8,701,17525000,17525100,7161,11934,17550000,12701
8,702,17550000,17550100,7161,11934,17575000,12717
8,703,17575000,17575100,7161,11934,17600000,12737
8,704,17600000,17600100,7161,11934,17625000,12757
8,705,17625000,17625100,7161,11934,17650000,12773
8,706,17650000,17650100,7161,11934,17675000,12792
8,707,17675000,17675100,7161,11934,17700000,12810
8,708,17700000,17700100,7161,11934,17725000,12827
8,709,17725000,17725100,7161,11934,17750000,12845
8,71,1775000,1775100,7161,11934,1800000,1296
8,710,17750000,17750100,7161,11934,17775000,12865
8,711,17775000,17775100,7161,11934,17800000,12882
8,712,17800000,17800100,7161,11934,17825000,12902
8,713,17825000,17825100,7161,11934,17850000,12918
8,714,17850000,17850100,7161,11934,17875000,12933
8,715,17875000,17875100,7161,11934,17900000,12955
8,716,17900000,17900100,7161,11934,17925000,12975
8,717,17925000,17925100,7161,11934,17950000,12990
8,718,17950000,17950100,7161,11934,17975000,13009
8,719,17975000,17975100,7161,11934,18000000,13028
8,72,1800000,1800100,7161,11934,1825000,1313
8,720,18000000,18000100,7161,11934,18025000,13043
8,721,18025000,18025100,7161,11934,18050000,13063
8,722,18050000,18050100,7161,11934,18075000,13082
8,723,18075000,18075100,7161,11934,18100000,13100
8,724,18100000,18100100,7161,11934,18125000,13119
8,725,18125000,18125100,7161,11934,18150000,13135
8,726,18150000,18150100,7161,11934,18175000,13151
8,727,18175000,18175100,7161,11934,18200000,13171
8,728,18200000,18200100,7161,11934,18225000,13192
8,729,18225000,18225100,7161,11934,18250000,13207
8,73,1825000,1825100,7161,11934,1850000,1332
8,730,18250000,18250100,7161,11934,18275000,13227
8,731,18275000,18275100,7161,11934,18300000,13245
8,732,18300000,18300100,7161,11934,18325000,13261
8,733,18325000,18325100,7161,11934,18350000,13280
8,734,18350000,18350100,7161,11934,18375000,13300
8,735,18375000,18375100,7161,11934,18400000,13316
8,736,18400000,18400100,7161,11934,18425000,13336
8,737,18425000,18425100,7161,11934,18450000,13353
8,738,18450000,18450100,7161,11934,18475000,13367
8,739,18475000,18475100,7161,11934,18500000,13390
8,74,1850000,1850100,7161,11934,1875000,1351
8,740,18500000,18500100,7161,11934,18525000,13409
8,741,18525000,18525100,7161,11934,18550000,13424
8,742,18550000,18550100,7161,11934,18575000,13444
8,743,18575000,18575100,7161,11934,18600000,13462
8,744,18600000,18600100,7161,11934,18625000,13478
8,745,18625000,18625100,7161,11934,18650000,13498
8,746,18650000,18650100,7161,11934,18675000,13516
8,747,18675000,18675100,7161,11934,18700000,13534
8,748,18700000,18700100,7161,11934,18725000,13554
8,749,18725000,18725100,7161,11934,18750000,13569
8,75,1875000,1875100,7161,11934,1900000,1369
8,750,18750000,18750100,7161,11934,18775000,13586
8,751,18775000,18775100,7161,11934,18800000,13606
8,752,18800000,18800100,7161,11934,18825000,13626
8,753,18825000,18825100,7161,11934,18850000,13642
8,754,18850000,18850100,7161,11934,18875000,13661
8,755,18875000,18875100,7161,11934,18900000,13679
8,756,18900000,18900100,7161,11934,18925000,13696
8,757,18925000,18925100,7161,11934,18950000,13714
8,758,18950000,18950100,7161,11934,18975000,13734
8,759,18975000,18975100,7161,11934,19000000,13751
8,76,1900000,1900100,7161,11934,1925000,1388
8,760,19000000,19000100,7161,11934,19025000,13770
8,761,19025000,19025100,7161,11934,19050000,13788
8,762,19050000,19050100,7161,11934,19075000,13802
8,763,19075000,19075100,7161,11934,19100000,13824
8,764,19100000,19100100,7161,11934,19125000,13844
8,765,19125000,19125100,7161,11934,19150000,13859
8,766,19150000,19150100,7161,11934,19175000,13878
8,767,19175000,19175100,7161,11934,19200000,13897
8,768,19200000,19200100,7161,11934,19225000,13912
8,769,19225000,19225100,7161,11934,19250000,13931
8,77,1925000,1925100,7161,11934,1950000,1404
8,770,19250000,19250100,7161,11934,19275000,13951
8,771,19275000,19275100,7161,11934,19300000,13968
8,772,19300000,19300100,7161,11934,19325000,13989
8,773,19325000,19325100,7161,11934,19350000,14004
8,774,19350000,19350100,7161,11934,19375000,14020
8,775,19375000,19375100,7161,11934,19400000,14041
8,776,19400000,19400100,7161,11934,19425000,14061
8,777,19425000,19425100,7161,11934,19450000,14076
8,778,19450000,19450100,7161,11934,19475000,14096
8,779,19475000,19475100,7161,11934,19500000,14114
8,78,1950000,1950100,7161,11934,1975000,1420
8,780,19500000,19500100,7161,11934,19525000,14129
8,781,19525000,19525100,7161,11934,19550000,14149
8,782,19550000,19550100,7161,11934,19575000,14168
8,783,19575000,19575100,7161,11934,19600000,14185
8,784,19600000,19600100,7161,11934,19625000,14205
8,785,19625000,19625100,7161,11934,19650000,14222
8,786,19650000,19650100,7161,11934,19675000,14237
8,787,19675000,19675100,7161,11934,19700000,14259
8,788,19700000,19700100,7161,11934,19725000,14278
8,789,19725000,19725100,7161,11934,19750000,14294
8,79,1975000,1975100,7161,11934,2000000,1441
8,790,19750000,19750100,7161,11934,19775000,14313
8,791,19775000,19775100,7161,11934,19800000,14330
8,792,19800000,19800100,7161,11934,19825000,14347
8,793,19825000,19825100,7161,11934,19850000,14366
8,794,19850000,19850100,7161,11934,19875000,14385
8,795,19875000,19875100,7161,11934,19900000,14403
8,796,19900000,19900100,7161,11934,19925000,14423
8,797,19925000,19925100,7161,11934,19950000,14438
8,798,19950000,19950100,7161,11934,19975000,14455
8,799,19975000,19975100,7161,11934,20000000,14475
8,8,200000,200100,7161,11934,225000,158
8,80,2000000,2000100,7161,11934,2025000,1460
8,800,20000000,20000100,7161,11934,20025000,14496
8,801,20025000,20025100,7161,11934,20050000,14511
8,802,20050000,20050100,7161,11934,20075000,14529
8,803,20075000,20075100,7161,11934,20100000,14549
8,804,20100000,20100100,7161,11934,20125000,14564
8,805,20125000,20125100,7161,11934,20150000,14583
8,806,20150000,20150100,7161,11934,20175000,14603
8,807,20175000,20175100,7161,11934,20200000,14620
8,808,20200000,20200100,7161,11934,20225000,14639
8,809,20225000,20225100,7161,11934,20250000,14657
8,81,2025000,2025100,7161,11934,2050000,1477
8,810,20250000,20250100,7161,11934,20275000,14671
8,811,20275000,20275100,7161,11934,20300000,14693
8,812,20300000,20300100,7161,11934,20325000,14713
8,813,20325000,20325100,7161,11934,20350000,14727
8,814,20350000,20350100,7161,11934,20375000,14748
8,815,20375000,20375100,7161,11934,20400000,14765
8,816,20400000,20400100,7161,11934,20425000,14781
8,817,20425000,20425100,7161,11934,20450000,14801
8,818,20450000,20450100,7161,11934,20475000,14820
8,819,20475000,20475100,7161,11934,20500000,14837
8,82,2050000,2050100,7161,11934,2075000,1495
8,820,20500000,20500100,7161,11934,20525000,14858
8,821,20525000,20525100,7161,11934,20550000,14873
8,822,20550000,20550100,7161,11934,20575000,14889
8,823,20575000,20575100,7161,11934,20600000,14910
8,824,20600000,20600100,7161,11934,20625000,14929
8,825,20625000,20625100,7161,11934,20650000,14945
8,826,20650000,20650100,7161,11934,20675000,14964
8,827,20675000,20675100,7161,11934,20700000,14983
8,828,20700000,20700100,7161,11934,20725000,14999
8,829,20725000,20725100,7161,11934,20750000,15018
8,83,2075000,2075100,7161,11934,2100000,1514
8,830,20750000,20750100,7161,11934,20775000,15037
8,831,20775000,20775100,7161,11934,20800000,15055
8,832,20800000,20800100,7161,11934,20825000,15074
8,833,20825000,20825100,7161,11934,20850000,15091
8,834,20850000,20850100,7161,11934,20875000,15106
8,835,20875000,20875100,7161,11934,20900000,15127
8,836,20900000,20900100,7161,11934,20925000,15147
8,837,20925000,20925100,7161,11934,20950000,15162
8,838,20950000,20950100,7161,11934,20975000,15182
8,839,20975000,20975100,7161,11934,21000000,15199
8,84,2100000,2100100,7161,11934,2125000,1530
8,840,21000000,21000100,7161,11934,21025000,15216
8,841,21025000,21025100,7161,11934,21050000,15235
8,842,21050000,21050100,7161,11934,21075000,15255
8,843,21075000,21075100,7161,11934,21100000,15272
8,844,21100000,21100100,7161,11934,21125000,15292
8,845,21125000,21125100,7161,11934,21150000,15308
8,846,21150000,21150100,7161,11934,21175000,15323
8,847,21175000,21175100,7161,11934,21200000,15344
8,848,21200000,21200100,7161,11934,21225000,15364
8,849,21225000,21225100,7161,11934,21250000,15380
8,85,2125000,2125100,7161,11934,2150000,1549
8,850,21250000,21250100,7161,11934,21275000,15398
8,851,21275000,21275100,7161,11934,21300000,15418
8,852,21300000,21300100,7161,11934,21325000,15433
8,853,21325000,21325100,7161,11934,21350000,15452
8,854,21350000,21350100,7161,11934,21375000,15472
8,855,21375000,21375100,7161,11934,21400000,15489
8,856,21400000,21400100,7161,11934,21425000,15509
8,857,21425000,21425100,7161,11934,21450000,15525
8,858,21450000,21450100,7161,11934,21475000,15540
8,859,21475000,21475100,7161,11934,21500000,15562
8,86,2150000,2150100,7161,11934,2175000,1569
8,860,21500000,21500100,7161,11934,21525000,15582
8,861,21525000,21525100,7161,11934,21550000,15596
8,862,21550000,21550100,7161,11934,21575000,15617
8,863,21575000,21575100,7161,11934,21600000,15634
8,864,21600000,21600100,7161,11934,21625000,15650
8,865,21625000,21625100,7161,11934,21650000,15670
8,866,21650000,21650100,7161,11934,21675000,15689
8,867,21675000,21675100,7161,11934,21700000,15706
8,868,21700000,21700100,7161,11934,21725000,15726
8,869,21725000,21725100,7161,11934,21750000,15742
8,87,2175000,2175100,7161,11934,2200000,1585
8,870,21750000,21750100,7161,11934,21775000,15758
8,871,21775000,21775100,7161,11934,21800000,15779
8,872,21800000,21800100,7161,11934,21825000,15798
8,873,21825000,21825100,7161,11934,21850000,15815
8,874,21850000,21850100,7161,11934,21875000,15833
8,875,21875000,21875100,7161,11934,21900000,15852
8,876,21900000,21900100,7161,11934,21925000,15868
8,877,21925000,21925100,7161,11934,21950000,15887
8,878,21950000,21950100,7161,11934,21975000,15906
8,879,21975000,21975100,7161,11934,22000000,15923
8,88,2200000,2200100,7161,11934,2225000,1605
8,880,22000000,22000100,7161,11934,22025000,15943
8,881,22025000,22025100,7161,11934,22050000,15959
8,882,22050000,22050100,7161,11934,22075000,15975
8,883,22075000,22075100,7161,11934,22100000,15996
8,884,22100000,22100100,7161,11934,22125000,16017
8,885,22125000,22125100,7161,11934,22150000,16031
8,886,22150000,22150100,7161,11934,22175000,16051
8,887,22175000,22175100,7161,11934,22200000,16069
8,888,22200000,22200100,7161,11934,22225000,16085
8,889,22225000,22225100,7161,11934,22250000,16104
8,89,2225000,2225100,7161,11934,2250000,1622
8,890,22250000,22250100,7161,11934,22275000,16123
8,891,22275000,22275100,7161,11934,22300000,16141
8,892,22300000,22300100,7161,11934,22325000,16160
8,893,22325000,22325100,7161,11934,22350000,16177
8,894,22350000,22350100,7161,11934,22375000,16192
8,895,22375000,22375100,7161,11934,22400000,16213
8,896,22400000,22400100,7161,11934,22425000,16233
8,897,22425000,22425100,7161,11934,22450000,16249
8,898,22450000,22450100,7161,11934,22475000,16268
8,899,22475000,22475100,7161,11934,22500000,16287
8,9,225000,225100,7161,11934,250000,173
8,90,2250000,2250100,7161,11934,2275000,1637
8,900,22500000,22500100,7161,11934,22525000,16302
8,901,22525000,22525100,7161,11934,22550000,16321
8,902,22550000,22550100,7161,11934,22575000,16341
8,903,22575000,22575100,7161,11934,22600000,16357
8,904,22600000,22600100,7161,11934,22625000,16378
8,905,22625000,22625100,7161,11934,22650000,16394
8,906,22650000,22650100,7161,11934,22675000,16409
8,907,22675000,22675100,7161,11934,22700000,16431
8,908,22700000,22700100,7161,11934,22725000,16451
8,909,22725000,22725100,7161,11934,22750000,16465
8,91,2275000,2275100,7161,11934,2300000,1658
8,910,22750000,22750100,7161,11934,22775000,16486
8,911,22775000,22775100,7161,11934,22800000,16503
8,912,22800000,22800100,7161,11934,22825000,16519
8,913,22825000,22825100,7161,11934,22850000,16539
8,914,22850000,22850100,7161,11934,22875000,16557
8,915,22875000,22875100,7161,11934,22900000,16576
8,916,22900000,22900100,7161,11934,22925000,16595
8,917,22925000,22925100,7161,11934,22950000,16611
8,918,22950000,22950100,7161,11934,22975000,16627
8,919,22975000,22975100,7161,11934,23000000,16648
8,92,2300000,2300100,7161,11934,2325000,1679
8,920,23000000,23000100,7161,11934,23025000,16667
8,921,23025000,23025100,7161,11934,23050000,16684
8,922,23050000,23050100,7161,11934,23075000,16702
8,923,23075000,23075100,7161,11934,23100000,16720
8,924,23100000,23100100,7161,11934,23125000,16737
8,925,23125000,23125100,7161,11934,23150000,16755
8,926,23150000,23150100,7161,11934,23175000,16776
8,927,23175000,23175100,7161,11934,23200000,16792
8,928,23200000,23200100,7161,11934,23225000,16812
8,929,23225000,23225100,7161,11934,23250000,16829
8,93,2325000,2325100,7161,11934,2350000,1693
8,930,23250000,23250100,7161,11934,23275000,16844
8,931,23275000,23275100,7161,11934,23300000,16865
8,932,23300000,23300100,7161,11934,23325000,16886
8,933,23325000,23325100,7161,11934,23350000,16900
8,934,23350000,23350100,7161,11934,23375000,16919
8,935,23375000,23375100,7161,11934,23400000,16938
8,936,23400000,23400100,7161,11934,23425000,16953
8,937,23425000,23425100,7161,11934,23450000,16973
8,938,23450000,23450100,7161,11934,23475000,16992
8,939,23475000,23475100,7161,11934,23500000,17010
8,94,2350000,2350100,7161,11934,2375000,1713
8,940,23500000,23500100,7161,11934,23525000,17030
8,941,23525000,23525100,7161,11934,23550000,17046
8,942,23550000,23550100,7161,11934,23575000,17061
8,943,23575000,23575100,7161,11934,23600000,17083
8,944,23600000,23600100,7161,11934,23625000,17102
8,945,23625000,23625100,7161,11934,23650000,17117
8,946,23650000,23650100,7161,11934,23675000,17137
8,947,23675000,23675100,7161,11934,23700000,17155
8,948,23700000,23700100,7161,11934,23725000,17171
8,949,23725000,23725100,7161,11934,23750000,17190
8,95,2375000,2375100,7161,11934,2400000,1731
8,950,23750000,23750100,7161,11934,23775000,17210
8,951,23775000,23775100,7161,11934,23800000,17226
8,952,23800000,23800100,7161,11934,23825000,17247
8,953,23825000,23825100,7161,11934,23850000,17263
8,954,23850000,23850100,7161,11934,23875000,17279
8,955,23875000,23875100,7161,11934,23900000,17300
8,956,23900000,23900100,7161,11934,23925000,17319
8,957,23925000,23925100,7161,11934,23950000,17335
8,958,23950000,23950100,7161,11934,23975000,17354
8,959,23975000,23975100,7161,11934,24000000,17372
8,96,2400000,2400100,7161,11934,2425000,1747
8,960,24000000,24000100,7161,11934,24025000,17388
8,961,24025000,24025100,7161,11934,24050000,17408
8,962,24050000,24050100,7161,11934,24075000,17426
8,963,24075000,24075100,7161,11934,24100000,17445
8,964,24100000,24100100,7161,11934,24125000,17464
8,965,24125000,24125100,7161,11934,24150000,17480
8,966,24150000,24150100,7161,11934,24175000,17496
8,967,24175000,24175100,7161,11934,24200000,17516
8,968,24200000,24200100,7161,11934,24225000,17537
8,969,24225000,24225100,7161,11934,24250000,17552
8,97,2425000,2425100,7161,11934,2450000,1766
8,970,24250000,24250100,7161,11934,24275000,17571
8,971,24275000,24275100,7161,11934,24300000,17590
8,972,24300000,24300100,7161,11934,24325000,17606
8,973,24325000,24325100,7161,11934,24350000,17624
8,974,24350000,24350100,7161,11934,24375000,17645
8,975,24375000,24375100,7161,11934,24400000,17661
8,976,24400000,24400100,7161,11934,24425000,17681
8,977,24425000,24425100,7161,11934,24450000,17698
8,978,24450000,24450100,7161,11934,24475000,17712
8,979,24475000,24475100,7161,11934,24500000,17734
8,98,2450000,2450100,7161,11934,2475000,1785
8,980,24500000,24500100,7161,11934,24525000,17754
8,981,24525000,24525100,7161,11934,24550000,17769
8,982,24550000,24550100,7161,11934,24575000,17789
8,983,24575000,24575100,7161,11934,24600000,17807
8,984,24600000,24600100,7161,11934,24625000,17822
8,985,24625000,24625100,7161,11934,24650000,17843
8,986,24650000,24650100,7161,11934,24675000,17861
8,987,24675000,24675100,7161,11934,24700000,17879
8,988,24700000,24700100,7161,11934,24725000,17899
8,989,24725000,24725100,7161,11934,24750000,17914
8,99,2475000,2475100,7161,11934,2500000,1803
8,990,24750000,24750100,7161,11934,24775000,17930
8,991,24775000,24775100,7161,11934,24800000,17951
8,992,24800000,24800100,7161,11934,24825000,17971
8,993,24825000,24825100,7161,11934,24850000,17986
8,994,24850000,24850100,7161,11934,24875000,18006
8,995,24875000,24875100,7161,11934,24900000,18024
8,996,24900000,24900100,7161,11934,24925000,18041
8,997,24925000,24925100,7161,11934,24950000,18059
8,998,24950000,24950100,7161,11934,24975000,18079
8,999,24975000,24975100,7161,11934,25000000,18096
9,0,0,100,13085,21807,30000,15
9,1,30000,30100,13085,21807,60000,38
9,10,300000,300100,13085,21807,330000,232
9,100,3000000,3000100,13085,21807,3030000,2188
9,1000,30000000,30000100,13085,21807,30030000,21738
9,1001,30030000,30030100,13085,21807,30060000,21762
9,1002,30060000,30060100,13085,21807,30090000,21782
9,1003,30090000,30090100,13085,21807,30120000,21804
9,1004,30120000,30120100,13085,21807,30150000,21826
9,1005,30150000,30150100,13085,21807,30180000,21849
9,1006,30180000,30180100,13085,21807,30210000,21870
9,1007,30210000,30210100,13085,21807,30240000,21890
9,1008,30240000,30240100,13085,21807,30270000,21912
9,1009,30270000,30270100,13085,21807,30300000,21935
9,101,3030000,3030100,13085,21807,3060000,2210
9,1010,30300000,30300100,13085,21807,30330000,21957
9,1011,30330000,30330100,13085,21807,30360000,21978
9,1012,30360000,30360100,13085,21807,30390000,21999
9,1013,30390000,30390100,13085,21807,30420000,22022
9,1014,30420000,30420100,13085,21807,30450000,22043
9,1015,30450000,30450100,13085,21807,30480000,22066
9,1016,30480000,30480100,13085,21807,30510000,22086
9,1017,30510000,30510100,13085,21807,30540000,22109
9,1018,30540000,30540100,13085,21807,30570000,22129
9,1019,30570000,30570100,13085,21807,30600000,22153
9,102,3060000,3060100,13085,21807,3090000,2231
9,1020,30600000,30600100,13085,21807,30630000,22173
9,1021,30630000,30630100,13085,21807,30660000,22196
9,1022,30660000,30660100,13085,21807,30690000,22216
9,1023,30690000,30690100,13085,21807,30720000,22238
9,1024,30720000,30720100,13085,21807,30750000,22261
9,1025,30750000,30750100,13085,21807,30780000,22283
9,1026,30780000,30780100,13085,21807,30810000,22305
9,1027,30810000,30810100,13085,21807,30840000,22325
9,1028,30840000,30840100,13085,21807,30870000,22346
9,1029,30870000,30870100,13085,21807,30900000,22370
9,103,3090000,3090100,13085,21807,3120000,2252
9,1030,30900000,30900100,13085,21807,30930000,22391
9,1031,30930000,30930100,13085,21807,30960000,22413
9,1032,30960000,30960100,13085,21807,30990000,22433
9,1033,30990000,30990100,13085,21807,31020000,22456
9,1034,31020000,31020100,13085,21807,31050000,22478
9,1035,31050000,31050100,13085,21807,31080000,22500
9,1036,31080000,31080100,13085,21807,31110000,22521
9,1037,31110000,31110100,13085,21807,31140000,22543
9,1038,31140000,31140100,13085,21807,31170000,22564
9,1039,31170000,31170100,13085,21807,31200000,22587
9,104,3120000,3120100,13085,21807,3150000,2274
9,1040,31200000,31200100,13085,21807,31230000,22608
9,1041,31230000,31230100,13085,21807,31260000,22631
9,1042,31260000,31260100,13085,21807,31290000,22650
9,1043,31290000,31290100,13085,21807,31320000,22673
9,1044,31320000,31320100,13085,21807,31350000,22694
9,1045,31350000,31350100,13085,21807,31380000,22718
9,1046,31380000,31380100,13085,21807,31410000,22739
9,1047,31410000,31410100,13085,21807,31440000,22760
9,1048,31440000,31440100,13085,21807,31470000,22781
9,1049,31470000,31470100,13085,21807,31500000,22804
9,105,3150000,3150100,13085,21807,3180000,2297
9,1050,31500000,31500100,13085,21807,31530000,22826
9,1051,31530000,31530100,13085,21807,31560000,22847
9,1052,31560000,31560100,13085,21807,31590000,22868
9,1053,31590000,31590100,13085,21807,31620000,22890
9,1054,31620000,31620100,13085,21807,31650000,22913
9,1055,31650000,31650100,13085,21807,31680000,22934
9,1056,31680000,31680100,13085,21807,31710000,22955
9,1057,31710000,31710100,13085,21807,31740000,22978
9,1058,31740000,31740100,13085,21807,31770000,22998
9,1059,31770000,31770100,13085,21807,31800000,23022
9,106,3180000,3180100,13085,21807,3210000,2318
9,1060,31800000,31800100,13085,21807,31830000,23042
9,1061,31830000,31830100,13085,21807,31860000,23066
9,1062,31860000,31860100,13085,21807,31890000,23085
9,1063,31890000,31890100,13085,21807,31920000,23107
9,1064,31920000,31920100,13085,21807,31950000,23129
9,1065,31950000,31950100,13085,21807,31980000,23152
9,1066,31980000,31980100,13085,21807,32010000,23173
9,1067,32010000,32010100,13085,21807,32040000,23194
9,1068,32040000,32040100,13085,21807,32070000,23216
9,1069,32070000,32070100,13085,21807,32100000,23239
9,107,3210000,3210100,13085,21807,3240000,2339
9,1070,32100000,32100100,13085,21807,32130000,23260
9,1071,32130000,32130100,13085,21807,32160000,23282
9,1072,32160000,32160100,13085,21807,32190000,23302
9,1073,32190000,32190100,13085,21807,32220000,23325
9,1074,32220000,32220100,13085,21807,32250000,23347
9,1075,32250000,32250100,13085,21807,32280000,23369
9,1076,32280000,32280100,13085,21807,32310000,23390
9,1077,32310000,32310100,13085,21807,32340000,23411
9,1078,32340000,32340100,13085,21807,32370000,23433
9,1079,32370000,32370100,13085,21807,32400000,23456
9,108,3240000,3240100,13085,21807,3270000,2360
9,1080,32400000,32400100,13085,21807,32430000,23477
9,1081,32430000,32430100,13085,21807,32460000,23500
9,1082,32460000,32460100,13085,21807,32490000,23520
9,1083,32490000,32490100,13085,21807,32520000,23542
9,1084,32520000,32520100,13085,21807,32550000,23563
9,1085,32550000,32550100,13085,21807,32580000,23587
9,1086,32580000,32580100,13085,21807,32610000,23607
9,1087,32610000,32610100,13085,21807,32640000,23629
9,1088,32640000,32640100,13085,21807,32670000,23649
9,1089,32670000,32670100,13085,21807,32700000,23674
9,109,3270000,3270100,13085,21807,3300000,2384
9,1090,32700000,32700100,13085,21807,32730000,23695
9,1091,32730000,32730100,13085,21807,32760000,23716
9,1092,32760000,32760100,13085,21807,32790000,23737
9,1093,32790000,32790100,13085,21807,32820000,23759
9,1094,32820000,32820100,13085,21807,32850000,23782
9,1095,32850000,32850100,13085,21807,32880000,23803
9,1096,32880000,32880100,13085,21807,32910000,23825
9,1097,32910000,32910100,13085,21807,32940000,23846
9,1098,32940000,32940100,13085,21807,32970000,23867
9,1099,32970000,32970100,13085,21807,33000000,23890
9,11,330000,330100,13085,21807,360000,255
9,110,3300000,3300100,13085,21807,3330000,2405
9,1100,33000000,33000100,13085,21807,33030000,23911
9,1101,33030000,33030100,13085,21807,33060000,23935
9,1102,33060000,33060100,13085,21807,33090000,23954
9,1103,33090000,33090100,13085,21807,33120000,23977
9,1104,33120000,33120100,13085,21807,33150000,23998
9,1105,33150000,33150100,13085,21807,33180000,24021
9,1106,33180000,33180100,13085,21807,33210000,24042
9,1107,33210000,33210100,13085,21807,33240000,24063
9,1108,33240000,33240100,13085,21807,33270000,24084
9,1109,33270000,33270100,13085,21807,33300000,24108
9,111,3330000,3330100,13085,21807,3360000,2427
9,1110,33300000,33300100,13085,21807,33330000,24129
9,1111,33330000,33330100,13085,21807,33360000,24151
9,1112,33360000,33360100,13085,21807,33390000,24171
9,1113,33390000,33390100,13085,21807,33420000,24194
9,1114,33420000,33420100,13085,21807,33450000,24216
9,1115,33450000,33450100,13085,21807,33480000,24238
9,1116,33480000,33480100,13085,21807,33510000,24259
9,1117,33510000,33510100,13085,21807,33540000,24281
9,1118,33540000,33540100,13085,21807,33570000,24302
9,1119,33570000,33570100,13085,21807,33600000,24324
9,112,3360000,3360100,13085,21807,3390000,2447
9,1120,33600000,33600100,13085,21807,33630000,24346
9,1121,33630000,33630100,13085,21807,33660000,24368
9,1122,33660000,33660100,13085,21807,33690000,24389
9,1123,33690000,33690100,13085,21807,33720000,24411
9,1124,33720000,33720100,13085,21807,33750000,24433
9,1125,33750000,33750100,13085,21807,33780000,24456
9,1126,33780000,33780100,13085,21807,33810000,24476
9,1127,33810000,33810100,13085,21807,33840000,24498
9,1128,33840000,33840100,13085,21807,33870000,24518
9,1129,33870000,33870100,13085,21807,33900000,24543
9,113,3390000,3390100,13085,21807,3420000,2470
9,1130,33900000,33900100,13085,21807,33930000,24563
9,1131,33930000,33930100,13085,21807,33960000,24586
9,1132,33960000,33960100,13085,21807,33990000,24605
9,1133,33990000,33990100,13085,21807,34020000,24628
9,1134,34020000,34020100,13085,21807,34050000,24651
9,1135,34050000,34050100,13085,21807,34080000,24672
9,1136,34080000,34080100,13085,21807,34110000,24694
9,1137,34110000,34110100,13085,21807,34140000,24715
9,1138,34140000,34140100,13085,21807,34170000,24737
9,1139,34170000,34170100,13085,21807,34200000,24759
9,114,3420000,3420100,13085,21807,3450000,2492
9,1140,34200000,34200100,13085,21807,34230000,24780
9,1141,34230000,34230100,13085,21807,34260000,24803
9,1142,34260000,34260100,13085,21807,34290000,24823
9,1143,34290000,34290100,13085,21807,34320000,24845
9,1144,34320000,34320100,13085,21807,34350000,24867
9,1145,34350000,34350100,13085,21807,34380000,24891
9,1146,34380000,34380100,13085,21807,34410000,24911
9,1147,34410000,34410100,13085,21807,34440000,24932
9,1148,34440000,34440100,13085,21807,34470000,24953
9,1149,34470000,34470100,13085,21807,34500000,24977
9,115,3450000,3450100,13085,21807,3480000,2514
9,1150,34500000,34500100,13085,21807,34530000,24998
9,1151,34530000,34530100,13085,21807,34560000,25020
9,1152,34560000,34560100,13085,21807,34590000,25040
9,1153,34590000,34590100,13085,21807,34620000,25063
9,1154,34620000,34620100,13085,21807,34650000,25084
9,1155,34650000,34650100,13085,21807,34680000,25107
9,1156,34680000,34680100,13085,21807,34710000,25128
9,1157,34710000,34710100,13085,21807,34740000,25150
9,1158,34740000,34740100,13085,21807,34770000,25171
9,1159,34770000,34770100,13085,21807,34800000,25194
9,116,3480000,3480100,13085,21807,3510000,2535
9,1160,34800000,34800100,13085,21807,34830000,25215
9,1161,34830000,34830100,13085,21807,34860000,25237
9,1162,34860000,34860100,13085,21807,34890000,25258
9,1163,34890000,34890100,13085,21807,34920000,25279
9,1164,34920000,34920100,13085,21807,34950000,25302
9,1165,34950000,34950100,13085,21807,34980000,25324
9,1166,34980000,34980100,13085,21807,35010000,25346
9,1167,35010000,35010100,13085,21807,35040000,25367
9,1168,35040000,35040100,13085,21807,35070000,25387
9,1169,35070000,35070100,13085,21807,35100000,25412
9,117,3510000,3510100,13085,21807,3540000,2557
9,1170,35100000,35100100,13085,21807,35130000,25432
9,1171,35130000,35130100,13085,21807,35160000,25455
9,1172,35160000,35160100,13085,21807,35190000,25474
9,1173,35190000,35190100,13085,21807,35220000,25498
9,1174,35220000,35220100,13085,21807,35250000,25519
9,1175,35250000,35250100,13085,21807,35280000,25541
9,1176,35280000,35280100,13085,21807,35310000,25562
9,1177,35310000,35310100,13085,21807,35340000,25584
9,1178,35340000,35340100,13085,21807,35370000,25606
9,1179,35370000,35370100,13085,21807,35400000,25628
9,118,3540000,3540100,13085,21807,3570000,2577
9,1180,35400000,35400100,13085,21807,35430000,25650
9,1181,35430000,35430100,13085,21807,35460000,25672
9,1182,35460000,35460100,13085,21807,35490000,25692
9,1183,35490000,35490100,13085,21807,35520000,25714
9,1184,35520000,35520100,13085,21807,35550000,25736
9,1185,35550000,35550100,13085,21807,35580000,25759
9,1186,35580000,35580100,13085,21807,35610000,25780
9,1187,35610000,35610100,13085,21807,35640000,25801
9,1188,35640000,35640100,13085,21807,35670000,25822
9,1189,35670000,35670100,13085,21807,35700000,25846
9,119,3570000,3570100,13085,21807,3600000,2601
9,1190,35700000,35700100,13085,21807,35730000,25867
9,1191,35730000,35730100,13085,21807,35760000,25889
9,1192,35760000,35760100,13085,21807,35790000,25909
9,1193,35790000,35790100,13085,21807,35820000,25932
9,1194,35820000,35820100,13085,21807,35850000,25954
9,1195,35850000,35850100,13085,21807,35880000,25976
9,1196,35880000,35880100,13085,21807,35910000,25996
9,1197,35910000,35910100,13085,21807,35940000,26019
9,1198,35940000,35940100,13085,21807,35970000,26039
9,1199,35970000,35970100,13085,21807,36000000,26063
9,12,360000,360100,13085,21807,390000,275
9,120,3600000,3600100,13085,21807,3630000,2621
9,1200,36000000,36000100,13085,21807,36030000,26084
9,1201,36030000,36030100,13085,21807,36060000,26107
9,1202,36060000,36060100,13085,21807,36090000,26127
9,1203,36090000,36090100,13085,21807,36120000,26148
9,1204,36120000,36120100,13085,21807,36150000,26171
9,1205,36150000,36150100,13085,21807,36180000,26193
9,1206,36180000,36180100,13085,21807,36210000,26215
9,1207,36210000,36210100,13085,21807,36240000,26235
9,1208,36240000,36240100,13085,21807,36270000,26257
9,1209,36270000,36270100,13085,21807,36300000,26280
9,121,3630000,3630100,13085,21807,3660000,2645
9,1210,36300000,36300100,13085,21807,36330000,26301
9,1211,36330000,36330100,13085,21807,36360000,26324
9,1212,36360000,36360100,13085,21807,36390000,26343
9,1213,36390000,36390100,13085,21807,36420000,26367
9,1214,36420000,36420100,13085,21807,36450000,26388
9,1215,36450000,36450100,13085,21807,36480000,26411
9,1216,36480000,36480100,13085,21807,36510000,26431
9,1217,36510000,36510100,13085,21807,36540000,26453
9,1218,36540000,36540100,13085,21807,36570000,26474
9,1219,36570000,36570100,13085,21807,36600000,26497
9,122,3660000,3660100,13085,21807,3690000,2665
9,1220,36600000,36600100,13085,21807,36630000,26518
9,1221,36630000,36630100,13085,21807,36660000,26541
9,1222,36660000,36660100,13085,21807,36690000,26562
9,1223,36690000,36690100,13085,21807,36720000,26583
9,1224,36720000,36720100,13085,21807,36750000,26605
9,1225,36750000,36750100,13085,21807,36780000,26628
9,1226,36780000,36780100,13085,21807,36810000,26649
9,1227,36810000,36810100,13085,21807,36840000,26670
9,1228,36840000,36840100,13085,21807,36870000,26691
9,1229,36870000,36870100,13085,21807,36900000,26715
9,123,3690000,3690100,13085,21807,3720000,2687
9,1230,36900000,36900100,13085,21807,36930000,26736
9,1231,36930000,36930100,13085,21807,36960000,26757
9,1232,36960000,36960100,13085,21807,36990000,26778
9,1233,36990000,36990100,13085,21807,37020000,26801
9,1234,37020000,37020100,13085,21807,37050000,26823
9,1235,37050000,37050100,13085,21807,37080000,26845
9,1236,37080000,37080100,13085,21807,37110000,26866
9,1237,37110000,37110100,13085,21807,37140000,26888
9,1238,37140000,37140100,13085,21807,37170000,26908
9,1239,37170000,37170100,13085,21807,37200000,26932
9,124,3720000,3720100,13085,21807,3750000,2709
9,1240,37200000,37200100,13085,21807,37230000,26952
9,1241,37230000,37230100,13085,21807,37260000,26976
9,1242,37260000,37260100,13085,21807,37290000,26995
9,1243,37290000,37290100,13085,21807,37320000,27018
9,1244,37320000,37320100,13085,21807,37350000,27040
9,1245,37350000,37350100,13085,21807,37380000,27062
9,1246,37380000,37380100,13085,21807,37410000,27084
9,1247,37410000,37410100,13085,21807,37440000,27104
9,1248,37440000,37440100,13085,21807,37470000,27126
9,1249,37470000,37470100,13085,21807,37500000,27149
9,125,3750000,3750100,13085,21807,3780000,2731
9,1250,37500000,37500100,13085,21807,37530000,27171
9,1251,37530000,37530100,13085,21807,37560000,27192
9,1252,37560000,37560100,13085,21807,37590000,27212
9,1253,37590000,37590100,13085,21807,37620000,27235
9,1254,37620000,37620100,13085,21807,37650000,27257
9,1255,37650000,37650100,13085,21807,37680000,27280
9,1256,37680000,37680100,13085,21807,37710000,27300
9,1257,37710000,37710100,13085,21807,37740000,27323
9,1258,37740000,37740100,13085,21807,37770000,27343
9,1259,37770000,37770100,13085,21807,37800000,27366
9,126,3780000,3780100,13085,21807,3810000,2753
9,1260,37800000,37800100,13085,21807,37830000,27387
9,1261,37830000,37830100,13085,21807,37860000,27410
9,1262,37860000,37860100,13085,21807,37890000,27430
9,1263,37890000,37890100,13085,21807,37920000,27452
9,1264,37920000,37920100,13085,21807,37950000,27474
9,1265,37950000,37950100,13085,21807,37980000,27497
9,1266,37980000,37980100,13085,21807,38010000,27518
9,1267,38010000,38010100,13085,21807,38040000,27539
9,1268,38040000,38040100,13085,21807,38070000,27560
9,1269,38070000,38070100,13085,21807,38100000,27584
9,127,3810000,3810100,13085,21807,3840000,2773
9,1270,38100000,38100100,13085,21807,38130000,27605
9,1271,38130000,38130100,13085,21807,38160000,27627
9,1272,38160000,38160100,13085,21807,38190000,27647
9,1273,38190000,38190100,13085,21807,38220000,27669
9,1274,38220000,38220100,13085,21807,38250000,27692
9,1275,38250000,38250100,13085,21807,38280000,27713
9,1276,38280000,38280100,13085,21807,38310000,27735
9,1277,38310000,38310100,13085,21807,38340000,27757
9,1278,38340000,38340100,13085,21807,38370000,27778
9,1279,38370000,38370100,13085,21807,38400000,27801
9,128,3840000,3840100,13085,21807,3870000,2795
9,1280,38400000,38400100,13085,21807,38430000,27821
9,1281,38430000,38430100,13085,21807,38460000,27845
9,1282,38460000,38460100,13085,21807,38490000,27864
9,1283,38490000,38490100,13085,21807,38520000,27887
9,1284,38520000,38520100,13085,21807,38550000,27908
9,1285,38550000,38550100,13085,21807,38580000,27932
9,1286,38580000,38580100,13085,21807,38610000,27952
9,1287,38610000,38610100,13085,21807,38640000,27973
9,1288,38640000,38640100,13085,21807,38670000,27995
9,1289,38670000,38670100,13085,21807,38700000,28018
9,129,3870000,3870100,13085,21807,3900000,2818
9,1290,38700000,38700100,13085,21807,38730000,28040
9,1291,38730000,38730100,13085,21807,38760000,28061
9,1292,38760000,38760100,13085,21807,38790000,28082
9,1293,38790000,38790100,13085,21807,38820000,28104
9,1294,38820000,38820100,13085,21807,38850000,28126
9,1295,38850000,38850100,13085,21807,38880000,28148
9,1296,38880000,38880100,13085,21807,38910000,28169
9,1297,38910000,38910100,13085,21807,38940000,28191
9,1298,38940000,38940100,13085,21807,38970000,28212
9,1299,38970000,38970100,13085,21807,39000000,28236
9,13,390000,390100,13085,21807,420000,297
9,130,3900000,3900100,13085,21807,3930000,2840
9,1300,39000000,39000100,13085,21807,39030000,28256
9,1301,39030000,39030100,13085,21807,39060000,28279
9,1302,39060000,39060100,13085,21807,39090000,28299
9,1303,39090000,39090100,13085,21807,39120000,28321
9,1304,39120000,39120100,13085,21807,39150000,28343
9,1305,39150000,39150100,13085,21807,39180000,28366
9,1306,39180000,39180100,13085,21807,39210000,28387
9,1307,39210000,39210100,13085,21807,39240000,28408
9,1308,39240000,39240100,13085,21807,39270000,28428
9,1309,39270000,39270100,13085,21807,39300000,28453
9,131,3930000,3930100,13085,21807,3960000,2861
9,1310,39300000,39300100,13085,21807,39330000,28474
9,1311,39330000,39330100,13085,21807,39360000,28496
9,1312,39360000,39360100,13085,21807,39390000,28516
9,1313,39390000,39390100,13085,21807,39420000,28539
9,1314,39420000,39420100,13085,21807,39450000,28561
9,1315,39450000,39450100,13085,21807,39480000,28582
9,1316,39480000,39480100,13085,21807,39510000,28604
9,1317,39510000,39510100,13085,21807,39540000,28625
9,1318,39540000,39540100,13085,21807,39570000,28647
9,1319,39570000,39570100,13085,21807,39600000,28669
9,132,3960000,3960100,13085,21807,3990000,2881
9,1320,39600000,39600100,13085,21807,39630000,28691
9,1321,39630000,39630100,13085,21807,39660000,28714
9,1322,39660000,39660100,13085,21807,39690000,28733
9,1323,39690000,39690100,13085,21807,39720000,28756
9,1324,39720000,39720100,13085,21807,39750000,28777
9,1325,39750000,39750100,13085,21807,39780000,28801
9,1326,39780000,39780100,13085,21807,39810000,28821
9,1327,39810000,39810100,13085,21807,39840000,28843
9,1328,39840000,39840100,13085,21807,39870000,28863
9,1329,39870000,39870100,13085,21807,39900000,28887
9,133,3990000,3990100,13085,21807,4020000,2905
9,1330,39900000,39900100,13085,21807,39930000,28908
9,1331,39930000,39930100,13085,21807,39960000,28930
9,1332,39960000,39960100,13085,21807,39990000,28951
9,1333,39990000,39990100,13085,21807,40020000,28973
9,1334,40020000,40020100,13085,21807,40050000,28996
9,1335,40050000,40050100,13085,21807,40080000,29017
9,1336,40080000,40080100,13085,21807,40110000,29038
9,1337,40110000,40110100,13085,21807,40140000,29060
9,1338,40140000,40140100,13085,21807,40170000,29081
9,1339,40170000,40170100,13085,21807,40200000,29104
9,134,4020000,4020100,13085,21807,4050000,2926
9,1340,40200000,40200100,13085,21807,40230000,29125
9,1341,40230000,40230100,13085,21807,40260000,29148
9,1342,40260000,40260100,13085,21807,40290000,29168
9,1343,40290000,40290100,13085,21807,40320000,29190
9,1344,40320000,40320100,13085,21807,40350000,29212
9,1345,40350000,40350100,13085,21807,40380000,29235
9,1346,40380000,40380100,13085,21807,40410000,29256
9,1347,40410000,40410100,13085,21807,40440000,29277
9,1348,40440000,40440100,13085,21807,40470000,29298
9,1349,40470000,40470100,13085,21807,40500000,29322
9,135,4050000,4050100,13085,21807,4080000,2949
9,1350,40500000,40500100,13085,21807,40530000,29342
9,1351,40530000,40530100,13085,21807,40560000,29365
9,1352,40560000,40560100,13085,21807,40590000,29384
9,1353,40590000,40590100,13085,21807,40620000,29408
9,1354,40620000,40620100,13085,21807,40650000,29430
9,1355,40650000,40650100,13085,21807,40680000,29452
9,1356,40680000,40680100,13085,21807,40710000,29473
9,1357,40710000,40710100,13085,21807,40740000,29494
9,1358,40740000,40740100,13085,21807,40770000,29516
9,1359,40770000,40770100,13085,21807,40800000,29538
9,136,4080000,4080100,13085,21807,4110000,2969
9,1360,40800000,40800100,13085,21807,40830000,29560
9,1361,40830000,40830100,13085,21807,40860000,29582
9,1362,40860000,40860100,13085,21807,40890000,29603
9,1363,40890000,40890100,13085,21807,40920000,29624
9,1364,40920000,40920100,13085,21807,40950000,29646
9,1365,40950000,40950100,13085,21807,40980000,29670
9,1366,40980000,40980100,13085,21807,41010000,29690
9,1367,41010000,41010100,13085,21807,41040000,29712
9,1368,41040000,41040100,13085,21807,41070000,29732
9,1369,41070000,41070100,13085,21807,41100000,29757
9,137,4110000,4110100,13085,21807,4140000,2992
9,1370,41100000,41100100,13085,21807,41130000,29777
9,1371,41130000,41130100,13085,21807,41160000,29799
9,1372,41160000,41160100,13085,21807,41190000,29819
9,1373,41190000,41190100,13085,21807,41220000,29842
9,1374,41220000,41220100,13085,21807,41250000,29864
9,1375,41250000,41250100,13085,21807,41280000,29886
9,1376,41280000,41280100,13085,21807,41310000,29908
9,1377,41310000,41310100,13085,21807,41340000,29929
9,1378,41340000,41340100,13085,21807,41370000,29950
9,1379,41370000,41370100,13085,21807,41400000,29973
9,138,4140000,4140100,13085,21807,4170000,3012
9,1380,41400000,41400100,13085,21807,41430000,29994
9,1381,41430000,41430100,13085,21807,41460000,30017
9,1382,41460000,41460100,13085,21807,41490000,30037
9,1383,41490000,41490100,13085,21807,41520000,30059
9,1384,41520000,41520100,13085,21807,41550000,30081
9,1385,41550000,41550100,13085,21807,41580000,30103
9,1386,41580000,41580100,13085,21807,41610000,30125
9,1387,41610000,41610100,13085,21807,41640000,30146
9,1388,41640000,41640100,13085,21807,41670000,30167
9,1389,41670000,41670100,13085,21807,41700000,30191
9,139,4170000,4170100,13085,21807,4200000,3035
9,1390,41700000,41700100,13085,21807,41730000,30212
9,1391,41730000,41730100,13085,21807,41760000,30234
9,1392,41760000,41760100,13085,21807,41790000,30253
9,1393,41790000,41790100,13085,21807,41820000,30277
9,1394,41820000,41820100,13085,21807,41850000,30298
9,1395,41850000,41850100,13085,21807,41880000,30321
9,1396,41880000,41880100,13085,21807,41910000,30341
9,1397,41910000,41910100,13085,21807,41940000,30364
9,1398,41940000,41940100,13085,21807,41970000,30385
9,1399,41970000,41970100,13085,21807,42000000,30407
9,14,420000,420100,13085,21807,450000,320
9,140,4200000,4200100,13085,21807,4230000,3056
9,1400,42000000,42000100,13085,21807,42030000,30429
9,1401,42030000,42030100,13085,21807,42060000,30451
9,1402,42060000,42060100,13085,21807,42090000,30472
9,1403,42090000,42090100,13085,21807,42120000,30493
9,1404,42120000,42120100,13085,21807,42150000,30516
9,1405,42150000,42150100,13085,21807,42180000,30538
9,1406,42180000,42180100,13085,21807,42210000,30559
9,1407,42210000,42210100,13085,21807,42240000,30580
9,1408,42240000,42240100,13085,21807,42270000,30601
9,1409,42270000,42270100,13085,21807,42300000,30626
9,141,4230000,4230100,13085,21807,4260000,3079
9,1410,42300000,42300100,13085,21807,42330000,30646
9,1411,42330000,42330100,13085,21807,42360000,30669
9,1412,42360000,42360100,13085,21807,42390000,30688
9,1413,42390000,42390100,13085,21807,42420000,30711
9,1414,42420000,42420100,13085,21807,42450000,30733
9,1415,42450000,42450100,13085,21807,42480000,30755
9,1416,42480000,42480100,13085,21807,42510000,30776
9,1417,42510000,42510100,13085,21807,42540000,30798
9,1418,42540000,42540100,13085,21807,42570000,30819
9,1419,42570000,42570100,13085,21807,42600000,30842
9,142,4260000,4260100,13085,21807,4290000,3099
9,1420,42600000,42600100,13085,21807,42630000,30863
9,1421,42630000,42630100,13085,21807,42660000,30886
9,1422,42660000,42660100,13085,21807,42690000,30906
9,1423,42690000,42690100,13085,21807,42720000,30928
9,1424,42720000,42720100,13085,21807,42750000,30950
9,1425,42750000,42750100,13085,21807,42780000,30973
9,1426,42780000,42780100,13085,21807,42810000,30994
9,1427,42810000,42810100,13085,21807,42840000,31014
9,1428,42840000,42840100,13085,21807,42870000,31036
9,1429,42870000,42870100,13085,21807,42900000,31059
9,143,4290000,4290100,13085,21807,4320000,3121
9,1430,42900000,42900100,13085,21807,42930000,31081
9,1431,42930000,42930100,13085,21807,42960000,31103
9,1432,42960000,42960100,13085,21807,42990000,31123
9,1433,42990000,42990100,13085,21807,43020000,31146
9,1434,43020000,43020100,13085,21807,43050000,31167
9,1435,43050000,43050100,13085,21807,43080000,31190
9,1436,43080000,43080100,13085,21807,43110000,31210
9,1437,43110000,43110100,13085,21807,43140000,31233
9,1438,43140000,43140100,13085,21807,43170000,31253
9,1439,43170000,43170100,13085,21807,43200000,31277
9,144,4320000,4320100,13085,21807,4350000,3144
9,1440,43200000,43200100,13085,21807,43230000,31297
9,1441,43230000,43230100,13085,21807,43260000,31320
9,1442,43260000,43260100,13085,21807,43290000,31341
9,1443,43290000,43290100,13085,21807,43320000,31362
9,1444,43320000,43320100,13085,21807,43350000,31385
9,1445,43350000,43350100,13085,21807,43380000,31407
9,1446,43380000,43380100,13085,21807,43410000,31429
9,1447,43410000,43410100,13085,21807,43440000,31449
9,1448,43440000,43440100,13085,21807,43470000,31470
9,1449,43470000,43470100,13085,21807,43500000,31494
9,145,4350000,4350100,13085,21807,4380000,3166
9,1450,43500000,43500100,13085,21807,43530000,31515
9,1451,43530000,43530100,13085,21807,43560000,31537
9,1452,43560000,43560100,13085,21807,43590000,31557
9,1453,43590000,43590100,13085,21807,43620000,31581
9,1454,43620000,43620100,13085,21807,43650000,31602
9,1455,43650000,43650100,13085,21807,43680000,31624
9,1456,43680000,43680100,13085,21807,43710000,31645
9,1457,43710000,43710100,13085,21807,43740000,31667
9,1458,43740000,43740100,13085,21807,43770000,31688
9,1459,43770000,43770100,13085,21807,43800000,31711
9,146,4380000,4380100,13085,21807,4410000,3187
9,1460,43800000,43800100,13085,21807,43830000,31732
9,1461,43830000,43830100,13085,21807,43860000,31755
9,1462,43860000,43860100,13085,21807,43890000,31774
9,1463,43890000,43890100,13085,21807,43920000,31797
9,1464,43920000,43920100,13085,21807,43950000,31819
9,1465,43950000,43950100,13085,21807,43980000,31842
9,1466,43980000,43980100,13085,21807,44010000,31863
9,1467,44010000,44010100,13085,21807,44040000,31884
9,1468,44040000,44040100,13085,21807,44070000,31905
9,1469,44070000,44070100,13085,21807,44100000,31928
9,147,4410000,4410100,13085,21807,4440000,3208
9,1470,44100000,44100100,13085,21807,44130000,31950
9,1471,44130000,44130100,13085,21807,44160000,31971
9,1472,44160000,44160100,13085,21807,44190000,31992
9,1473,44190000,44190100,13085,21807,44220000,32014
9,1474,44220000,44220100,13085,21807,44250000,32037
9,1475,44250000,44250100,13085,21807,44280000,32059
9,1476,44280000,44280100,13085,21807,44310000,32079
9,1477,44310000,44310100,13085,21807,44340000,32102
9,1478,44340000,44340100,13085,21807,44370000,32122
9,1479,44370000,44370100,13085,21807,44400000,32146
9,148,4440000,4440100,13085,21807,4470000,3229
9,1480,44400000,44400100,13085,21807,44430000,32166
9,1481,44430000,44430100,13085,21807,44460000,32190
9,1482,44460000,44460100,13085,21807,44490000,32209
9,1483,44490000,44490100,13085,21807,44520000,32231
9,1484,44520000,44520100,13085,21807,44550000,32253
9,1485,44550000,44550100,13085,21807,44580000,32276
9,1486,44580000,44580100,13085,21807,44610000,32298
9,1487,44610000,44610100,13085,21807,44640000,32318
9,1488,44640000,44640100,13085,21807,44670000,32340
9,1489,44670000,44670100,13085,21807,44700000,32363
9,149,4470000,4470100,13085,21807,4500000,3253
9,1490,44700000,44700100,13085,21807,44730000,32384
9,1491,44730000,44730100,13085,21807,44760000,32406
9,1492,44760000,44760100,13085,21807,44790000,32426
9,1493,44790000,44790100,13085,21807,44820000,32449
9,1494,44820000,44820100,13085,21807,44850000,32471
9,1495,44850000,44850100,13085,21807,44880000,32493
9,1496,44880000,44880100,13085,21807,44910000,32514
9,1497,44910000,44910100,13085,21807,44940000,32536
9,1498,44940000,44940100,13085,21807,44970000,32557
9,1499,44970000,44970100,13085,21807,45000000,32580
9,15,450000,450100,13085,21807,480000,341
9,150,4500000,4500100,13085,21807,4530000,3274
9,1500,45000000,45000100,13085,21807,45030000,32601
9,1501,45030000,45030100,13085,21807,45060000,32624
9,1502,45060000,45060100,13085,21807,45090000,32644
9,1503,45090000,45090100,13085,21807,45120000,32666
9,1504,45120000,45120100,13085,21807,45150000,32687
9,1505,45150000,45150100,13085,21807,45180000,32711
9,1506,45180000,45180100,13085,21807,45210000,32731
9,1507,45210000,45210100,13085,21807,45240000,32753
9,1508,45240000,45240100,13085,21807,45270000,32774
9,1509,45270000,45270100,13085,21807,45300000,32798
9,151,4530000,4530100,13085,21807,4560000,3296
9,1510,45300000,45300100,13085,21807,45330000,32819
9,1511,45330000,45330100,13085,21807,45360000,32840
9,1512,45360000,45360100,13085,21807,45390000,32861
9,1513,45390000,45390100,13085,21807,45420000,32883
9,1514,45420000,45420100,13085,21807,45450000,32906
9,1515,45450000,45450100,13085,21807,45480000,32927
9,1516,45480000,45480100,13085,21807,45510000,32949
9,1517,45510000,45510100,13085,21807,45540000,32970
9,1518,45540000,45540100,13085,21807,45570000,32991
9,1519,45570000,45570100,13085,21807,45600000,33015
9,152,4560000,4560100,13085,21807,4590000,3316
9,1520,45600000,45600100,13085,21807,45630000,33035
9,1521,45630000,45630100,13085,21807,45660000,33059
9,1522,45660000,45660100,13085,21807,45690000,33078
9,1523,45690000,45690100,13085,21807,45720000,33101
9,1524,45720000,45720100,13085,21807,45750000,33122
9,1525,45750000,45750100,13085,21807,45780000,33145
9,1526,45780000,45780100,13085,21807,45810000,33166
9,1527,45810000,45810100,13085,21807,45840000,33187
9,1528,45840000,45840100,13085,21807,45870000,33208
9,1529,45870000,45870100,13085,21807,45900000,33232
9,153,4590000,4590100,13085,21807,4620000,3338
9,1530,45900000,45900100,13085,21807,45930000,33254
9,1531,45930000,45930100,13085,21807,45960000,33275
9,1532,45960000,45960100,13085,21807,45990000,33295
9,1533,45990000,45990100,13085,21807,46020000,33318
9,1534,46020000,46020100,13085,21807,46050000,33340
9,1535,46050000,46050100,13085,21807,46080000,33362
9,1536,46080000,46080100,13085,21807,46110000,33383
9,1537,46110000,46110100,13085,21807,46140000,33405
9,1538,46140000,46140100,13085,21807,46170000,33426
9,1539,46170000,46170100,13085,21807,46200000,33448
9,154,4620000,4620100,13085,21807,4650000,3361
9,155,4650000,4650100,13085,21807,4680000,3383
9,156,4680000,4680100,13085,21807,4710000,3404
9,157,4710000,4710100,13085,21807,4740000,3426
9,158,4740000,4740100,13085,21807,4770000,3447
9,159,4770000,4770100,13085,21807,4800000,3470
9,16,480000,480100,13085,21807,510000,363
9,160,4800000,4800100,13085,21807,4830000,3490
9,161,4830000,4830100,13085,21807,4860000,3514
9,162,4860000,4860100,13085,21807,4890000,3533
9,163,4890000,4890100,13085,21807,4920000,3556
9,164,4920000,4920100,13085,21807,4950000,3577
9,165,4950000,4950100,13085,21807,4980000,3601
9,166,4980000,4980100,13085,21807,5010000,3622
9,167,5010000,5010100,13085,21807,5040000,3642
9,168,5040000,5040100,13085,21807,5070000,3664
9,169,5070000,5070100,13085,21807,5100000,3687
9,17,510000,510100,13085,21807,540000,384
9,170,5100000,5100100,13085,21807,5130000,3709
9,171,5130000,5130100,13085,21807,5160000,3730
9,172,5160000,5160100,13085,21807,5190000,3751
9,173,5190000,5190100,13085,21807,5220000,3773
9,174,5220000,5220100,13085,21807,5250000,3795
9,175,5250000,5250100,13085,21807,5280000,3817
9,176,5280000,5280100,13085,21807,5310000,3838
9,177,5310000,5310100,13085,21807,5340000,3861
9,178,5340000,5340100,13085,21807,5370000,3881
9,179,5370000,5370100,13085,21807,5400000,3905
9,18,540000,540100,13085,21807,570000,406
9,180,5400000,5400100,13085,21807,5430000,3925
9,181,5430000,5430100,13085,21807,5460000,3948
9,182,5460000,5460100,13085,21807,5490000,3968
9,183,5490000,5490100,13085,21807,5520000,3990
9,184,5520000,5520100,13085,21807,5550000,4012
9,185,5550000,5550100,13085,21807,5580000,4035
9,186,5580000,5580100,13085,21807,5610000,4056
9,187,5610000,5610100,13085,21807,5640000,4077
9,188,5640000,5640100,13085,21807,5670000,4098
9,189,5670000,5670100,13085,21807,5700000,4122
9,19,570000,570100,13085,21807,600000,428
9,190,5700000,5700100,13085,21807,5730000,4143
9,191,5730000,5730100,13085,21807,5760000,4165
9,192,5760000,5760100,13085,21807,5790000,4185
9,193,5790000,5790100,13085,21807,5820000,4208
9,194,5820000,5820100,13085,21807,5850000,4230
9,195,5850000,5850100,13085,21807,5880000,4251
9,196,5880000,5880100,13085,21807,5910000,4273
9,197,5910000,5910100,13085,21807,5940000,4294
9,198,5940000,5940100,13085,21807,5970000,4316
9,199,5970000,5970100,13085,21807,6000000,4339
9,2,60000,60100,13085,21807,90000,58
9,20,600000,600100,13085,21807,630000,449
9,200,6000000,6000100,13085,21807,6030000,4360
9,201,6030000,6030100,13085,21807,6060000,4383
9,202,6060000,6060100,13085,21807,6090000,4402
9,203,6090000,6090100,13085,21807,6120000,4425
9,204,6120000,6120100,13085,21807,6150000,4446
9,205,6150000,6150100,13085,21807,6180000,4470
9,206,6180000,6180100,13085,21807,6210000,4490
9,207,6210000,6210100,13085,21807,6240000,4512
9,208,6240000,6240100,13085,21807,6270000,4532
9,209,6270000,6270100,13085,21807,6300000,4556
9,21,630000,630100,13085,21807,660000,472
9,210,6300000,6300100,13085,21807,6330000,4578
9,211,6330000,6330100,13085,21807,6360000,4599
9,212,6360000,6360100,13085,21807,6390000,4620
9,213,6390000,6390100,13085,21807,6420000,4642
9,214,6420000,6420100,13085,21807,6450000,4665
9,215,6450000,6450100,13085,21807,6480000,4686
9,216,6480000,6480100,13085,21807,6510000,4707
9,217,6510000,6510100,13085,21807,6540000,4729
9,218,6540000,6540100,13085,21807,6570000,4750
9,219,6570000,6570100,13085,21807,6600000,4773
9,22,660000,660100,13085,21807,690000,492
9,220,6600000,6600100,13085,21807,6630000,4794
9,221,6630000,6630100,13085,21807,6660000,4818
9,222,6660000,6660100,13085,21807,6690000,4837
9,223,6690000,6690100,13085,21807,6720000,4859
9,224,6720000,6720100,13085,21807,6750000,4881
9,225,6750000,6750100,13085,21807,6780000,4904
9,226,6780000,6780100,13085,21807,6810000,4925
9,227,6810000,6810100,13085,21807,6840000,4946
9,228,6840000,6840100,13085,21807,6870000,4967
9,229,6870000,6870100,13085,21807,6900000,4991
9,23,690000,690100,13085,21807,720000,515
9,230,6900000,6900100,13085,21807,6930000,5011
9,231,6930000,6930100,13085,21807,6960000,5034
9,232,6960000,6960100,13085,21807,6990000,5054
9,233,6990000,6990100,13085,21807,7020000,5077
9,234,7020000,7020100,13085,21807,7050000,5099
9,235,7050000,7050100,13085,21807,7080000,5121
9,236,7080000,7080100,13085,21807,7110000,5142
9,237,7110000,7110100,13085,21807,7140000,5163
9,238,7140000,7140100,13085,21807,7170000,5185
9,239,7170000,7170100,13085,21807,7200000,5207
9,24,720000,720100,13085,21807,750000,536
9,240,7200000,7200100,13085,21807,7230000,5229
9,241,7230000,7230100,13085,21807,7260000,5251
9,242,7260000,7260100,13085,21807,7290000,5272
9,243,7290000,7290100,13085,21807,7320000,5294
9,244,7320000,7320100,13085,21807,7350000,5315
9,245,7350000,7350100,13085,21807,7380000,5339
9,246,7380000,7380100,13085,21807,7410000,5359
9,247,7410000,7410100,13085,21807,7440000,5381
9,248,7440000,7440100,13085,21807,7470000,5401
9,249,7470000,7470100,13085,21807,7500000,5426
9,25,750000,750100,13085,21807,780000,560
9,250,7500000,7500100,13085,21807,7530000,5446
9,251,7530000,7530100,13085,21807,7560000,5468
9,252,7560000,7560100,13085,21807,7590000,5488
9,253,7590000,7590100,13085,21807,7620000,5511
9,254,7620000,7620100,13085,21807,7650000,5534
9,255,7650000,7650100,13085,21807,7680000,5555
9,256,7680000,7680100,13085,21807,7710000,5577
9,257,7710000,7710100,13085,21807,7740000,5598
9,258,7740000,7740100,13085,21807,7770000,5619
9,259,7770000,7770100,13085,21807,7800000,5642
9,26,780000,780100,13085,21807,810000,580
9,260,7800000,7800100,13085,21807,7830000,5663
9,261,7830000,7830100,13085,21807,7860000,5686
9,262,7860000,7860100,13085,21807,7890000,5706
9,263,7890000,7890100,13085,21807,7920000,5728
9,264,7920000,7920100,13085,21807,7950000,5750
9,265,7950000,7950100,13085,21807,7980000,5773
9,266,7980000,7980100,13085,21807,8010000,5794
9,267,8010000,8010100,13085,21807,8040000,5815
9,268,8040000,8040100,13085,21807,8070000,5836
9,269,8070000,8070100,13085,21807,8100000,5860
9,27,810000,810100,13085,21807,840000,601
9,270,8100000,8100100,13085,21807,8130000,5881
9,271,8130000,8130100,13085,21807,8160000,5903
9,272,8160000,8160100,13085,21807,8190000,5922
9,273,8190000,8190100,13085,21807,8220000,5946
9,274,8220000,8220100,13085,21807,8250000,5967
9,275,8250000,8250100,13085,21807,8280000,5990
9,276,8280000,8280100,13085,21807,8310000,6011
9,277,8310000,8310100,13085,21807,8340000,6033
9,278,8340000,8340100,13085,21807,8370000,6054
9,279,8370000,8370100,13085,21807,8400000,6076
9,28,840000,840100,13085,21807,870000,622
9,280,8400000,8400100,13085,21807,8430000,6098
9,281,8430000,8430100,13085,21807,8460000,6120
9,282,8460000,8460100,13085,21807,8490000,6141
9,283,8490000,8490100,13085,21807,8520000,6162
9,284,8520000,8520100,13085,21807,8550000,6185
9,285,8550000,8550100,13085,21807,8580000,6207
9,286,8580000,8580100,13085,21807,8610000,6228
9,287,8610000,8610100,13085,21807,8640000,6250
9,288,8640000,8640100,13085,21807,8670000,6270
9,289,8670000,8670100,13085,21807,8700000,6295
9,29,870000,870100,13085,21807,900000,646
9,290,8700000,8700100,13085,21807,8730000,6315
9,291,8730000,8730100,13085,21807,8760000,6338
9,292,8760000,8760100,13085,21807,8790000,6357
9,293,8790000,8790100,13085,21807,8820000,6380
9,294,8820000,8820100,13085,21807,8850000,6402
9,295,8850000,8850100,13085,21807,8880000,6424
9,296,8880000,8880100,13085,21807,8910000,6445
9,297,8910000,8910100,13085,21807,8940000,6467
9,298,8940000,8940100,13085,21807,8970000,6489
9,299,8970000,8970100,13085,21807,9000000,6511
9,3,90000,90100,13085,21807,120000,80
9,30,900000,900100,13085,21807,930000,667
9,300,9000000,9000100,13085,21807,9030000,6532
9,301,9030000,9030100,13085,21807,9060000,6555
9,302,9060000,9060100,13085,21807,9090000,6575
9,303,9090000,9090100,13085,21807,9120000,6597
9,304,9120000,9120100,13085,21807,9150000,6619
9,305,9150000,9150100,13085,21807,9180000,6642
9,306,9180000,9180100,13085,21807,9210000,6663
9,307,9210000,9210100,13085,21807,9240000,6683
9,308,9240000,9240100,13085,21807,9270000,6705
9,309,9270000,9270100,13085,21807,9300000,6729
9,31,930000,930100,13085,21807,960000,689
9,310,9300000,9300100,13085,21807,9330000,6750
9,311,9330000,9330100,13085,21807,9360000,6772
9,312,9360000,9360100,13085,21807,9390000,6792
9,313,9390000,9390100,13085,21807,9420000,6815
9,314,9420000,9420100,13085,21807,9450000,6836
9,315,9450000,9450100,13085,21807,9480000,6859
9,316,9480000,9480100,13085,21807,9510000,6879
9,317,9510000,9510100,13085,21807,9540000,6902
9,318,9540000,9540100,13085,21807,9570000,6922
9,319,9570000,9570100,13085,21807,9600000,6946
9,32,960000,960100,13085,21807,990000,709
9,320,9600000,9600100,13085,21807,9630000,6967
9,321,9630000,9630100,13085,21807,9660000,6989
9,322,9660000,9660100,13085,21807,9690000,7010
9,323,9690000,9690100,13085,21807,9720000,7031
9,324,9720000,9720100,13085,21807,9750000,7054
9,325,9750000,9750100,13085,21807,9780000,7076
9,326,9780000,9780100,13085,21807,9810000,7098
9,327,9810000,9810100,13085,21807,9840000,7118
9,328,9840000,9840100,13085,21807,9870000,7139
9,329,9870000,9870100,13085,21807,9900000,7163
9,33,990000,990100,13085,21807,1020000,732
9,330,9900000,9900100,13085,21807,9930000,7184
9,331,9930000,9930100,13085,21807,9960000,7207
9,332,9960000,9960100,13085,21807,9990000,7226
9,333,9990000,9990100,13085,21807,10020000,7250
9,334,10020000,10020100,13085,21807,10050000,7271
9,335,10050000,10050100,13085,21807,10080000,7293
9,336,10080000,10080100,13085,21807,10110000,7314
9,337,10110000,10110100,13085,21807,10140000,7336
9,338,10140000,10140100,13085,21807,10170000,7357
9,339,10170000,10170100,13085,21807,10200000,7380
9,34,1020000,1020100,13085,21807,1050000,754
9,340,10200000,10200100,13085,21807,10230000,7401
9,341,10230000,10230100,13085,21807,10260000,7424
9,342,10260000,10260100,13085,21807,10290000,7444
9,343,10290000,10290100,13085,21807,10320000,7466
9,344,10320000,10320100,13085,21807,10350000,7488
9,345,10350000,10350100,13085,21807,10380000,7511
9,346,10380000,10380100,13085,21807,10410000,7532
9,347,10410000,10410100,13085,21807,10440000,7553
9,348,10440000,10440100,13085,21807,10470000,7574
9,349,10470000,10470100,13085,21807,10500000,7597
9,35,1050000,1050100,13085,21807,1080000,776
9,350,10500000,10500100,13085,21807,10530000,7619
9,351,10530000,10530100,13085,21807,10560000,7640
9,352,10560000,10560100,13085,21807,10590000,7661
9,353,10590000,10590100,13085,21807,10620000,7684
9,354,10620000,10620100,13085,21807,10650000,7706
9,355,10650000,10650100,13085,21807,10680000,7728
9,356,10680000,10680100,13085,21807,10710000,7748
9,357,10710000,10710100,13085,21807,10740000,7771
9,358,10740000,10740100,13085,21807,10770000,7791
9,359,10770000,10770100,13085,21807,10800000,7815
9,36,1080000,1080100,13085,21807,1110000,797
9,360,10800000,10800100,13085,21807,10830000,7835
9,361,10830000,10830100,13085,21807,10860000,7859
9,362,10860000,10860100,13085,21807,10890000,7878
9,363,10890000,10890100,13085,21807,10920000,7900
9,364,10920000,10920100,13085,21807,10950000,7923
9,365,10950000,10950100,13085,21807,10980000,7945
9,366,10980000,10980100,13085,21807,11010000,7967
9,367,11010000,11010100,13085,21807,11040000,7987
9,368,11040000,11040100,13085,21807,11070000,8009
9,369,11070000,11070100,13085,21807,11100000,8032
9,37,1110000,1110100,13085,21807,1140000,819
9,370,11100000,11100100,13085,21807,11130000,8053
9,371,11130000,11130100,13085,21807,11160000,8075
9,372,11160000,11160100,13085,21807,11190000,8095
9,373,11190000,11190100,13085,21807,11220000,8118
9,374,11220000,11220100,13085,21807,11250000,8140
9,375,11250000,11250100,13085,21807,11280000,8163
9,376,11280000,11280100,13085,21807,11310000,8183
9,377,11310000,11310100,13085,21807,11340000,8205
9,378,11340000,11340100,13085,21807,11370000,8226
9,379,11370000,11370100,13085,21807,11400000,8249
9,38,1140000,1140100,13085,21807,1170000,840
9,380,11400000,11400100,13085,21807,11430000,8270
9,381,11430000,11430100,13085,21807,11460000,8293
9,382,11460000,11460100,13085,21807,11490000,8313
9,383,11490000,11490100,13085,21807,11520000,8335
9,384,11520000,11520100,13085,21807,11550000,8356
9,385,11550000,11550100,13085,21807,11580000,8380
9,386,11580000,11580100,13085,21807,11610000,8401
9,387,11610000,11610100,13085,21807,11640000,8422
9,388,11640000,11640100,13085,21807,11670000,8443
9,389,11670000,11670100,13085,21807,11700000,8467
9,39,1170000,1170100,13085,21807,1200000,863
9,390,11700000,11700100,13085,21807,11730000,8488
9,391,11730000,11730100,13085,21807,11760000,8509
9,392,11760000,11760100,13085,21807,11790000,8530
9,393,11790000,11790100,13085,21807,11820000,8552
9,394,11820000,11820100,13085,21807,11850000,8575
9,395,11850000,11850100,13085,21807,11880000,8596
9,396,11880000,11880100,13085,21807,11910000,8618
9,397,11910000,11910100,13085,21807,11940000,8640
9,398,11940000,11940100,13085,21807,11970000,8660
9,399,11970000,11970100,13085,21807,12000000,8684
9,4,120000,120100,13085,21807,150000,102
9,40,1200000,1200100,13085,21807,1230000,884
9,400,12000000,12000100,13085,21807,12030000,8704
9,401,12030000,12030100,13085,21807,12060000,8728
9,402,12060000,12060100,13085,21807,12090000,8747
9,403,12090000,12090100,13085,21807,12120000,8770
9,404,12120000,12120100,13085,21807,12150000,8791
9,405,12150000,12150100,13085,21807,12180000,8814
9,406,12180000,12180100,13085,21807,12210000,8835
9,407,12210000,12210100,13085,21807,12240000,8856
9,408,12240000,12240100,13085,21807,12270000,8878
9,409,12270000,12270100,13085,21807,12300000,8901
9,41,1230000,1230100,13085,21807,1260000,906
9,410,12300000,12300100,13085,21807,12330000,8923
9,411,12330000,12330100,13085,21807,12360000,8944
9,412,12360000,12360100,13085,21807,12390000,8964
9,413,12390000,12390100,13085,21807,12420000,8987
9,414,12420000,12420100,13085,21807,12450000,9009
9,415,12450000,12450100,13085,21807,12480000,9031
9,416,12480000,12480100,13085,21807,12510000,9052
9,417,12510000,12510100,13085,21807,12540000,9074
9,418,12540000,12540100,13085,21807,12570000,9095
9,419,12570000,12570100,13085,21807,12600000,9118
9,42,1260000,1260100,13085,21807,1290000,927
9,420,12600000,12600100,13085,21807,12630000,9139
9,421,12630000,12630100,13085,21807,12660000,9162
9,422,12660000,12660100,13085,21807,12690000,9182
9,423,12690000,12690100,13085,21807,12720000,9204
9,424,12720000,12720100,13085,21807,12750000,9226
9,425,12750000,12750100,13085,21807,12780000,9249
9,426,12780000,12780100,13085,21807,12810000,9269
9,427,12810000,12810100,13085,21807,12840000,9291
9,428,12840000,12840100,13085,21807,12870000,9311
9,429,12870000,12870100,13085,21807,12900000,9336
9,43,1290000,1290100,13085,21807,1320000,948
9,430,12900000,12900100,13085,21807,12930000,9357
9,431,12930000,12930100,13085,21807,12960000,9379
9,432,12960000,12960100,13085,21807,12990000,9399
9,433,12990000,12990100,13085,21807,13020000,9421
9,434,13020000,13020100,13085,21807,13050000,9444
9,435,13050000,13050100,13085,21807,13080000,9465
9,436,13080000,13080100,13085,21807,13110000,9487
9,437,13110000,13110100,13085,21807,13140000,9508
9,438,13140000,13140100,13085,21807,13170000,9530
9,439,13170000,13170100,13085,21807,13200000,9552
9,44,1320000,1320100,13085,21807,1350000,971
9,440,13200000,13200100,13085,21807,13230000,9573
9,441,13230000,13230100,13085,21807,13260000,9597
9,442,13260000,13260100,13085,21807,13290000,9616
9,443,13290000,13290100,13085,21807,13320000,9639
9,444,13320000,13320100,13085,21807,13350000,9660
9,445,13350000,13350100,13085,21807,13380000,9684
9,446,13380000,13380100,13085,21807,13410000,9704
9,447,13410000,13410100,13085,21807,13440000,9725
9,448,13440000,13440100,13085,21807,13470000,9746
9,449,13470000,13470100,13085,21807,13500000,9770
9,45,1350000,1350100,13085,21807,1380000,994
9,450,13500000,13500100,13085,21807,13530000,9791
9,451,13530000,13530100,13085,21807,13560000,9813
9,452,13560000,13560100,13085,21807,13590000,9834
9,453,13590000,13590100,13085,21807,13620000,9856
9,454,13620000,13620100,13085,21807,13650000,9878
9,455,13650000,13650100,13085,21807,13680000,9900
9,456,13680000,13680100,13085,21807,13710000,9921
9,457,13710000,13710100,13085,21807,13740000,9943
9,458,13740000,13740100,13085,21807,13770000,9964
9,459,13770000,13770100,13085,21807,13800000,9987
9,46,1380000,1380100,13085,21807,1410000,1015
9,460,13800000,13800100,13085,21807,13830000,10008
9,461,13830000,13830100,13085,21807,13860000,10030
9,462,13860000,13860100,13085,21807,13890000,10051
9,463,13890000,13890100,13085,21807,13920000,10073
9,464,13920000,13920100,13085,21807,13950000,10095
9,465,13950000,13950100,13085,21807,13980000,10118
9,466,13980000,13980100,13085,21807,14010000,10139
9,467,14010000,14010100,13085,21807,14040000,10160
9,468,14040000,14040100,13085,21807,14070000,10180
9,469,14070000,14070100,13085,21807,14100000,10205
9,47,1410000,1410100,13085,21807,1440000,1036
9,470,14100000,14100100,13085,21807,14130000,10225
9,471,14130000,14130100,13085,21807,14160000,10248
9,472,14160000,14160100,13085,21807,14190000,10267
9,473,14190000,14190100,13085,21807,14220000,10291
9,474,14220000,14220100,13085,21807,14250000,10313
9,475,14250000,14250100,13085,21807,14280000,10334
9,476,14280000,14280100,13085,21807,14310000,10356
9,477,14310000,14310100,13085,21807,14340000,10377
9,478,14340000,14340100,13085,21807,14370000,10399
9,479,14370000,14370100,13085,21807,14400000,10421
9,48,1440000,1440100,13085,21807,1470000,1056
9,480,14400000,14400100,13085,21807,14430000,10443
9,481,14430000,14430100,13085,21807,14460000,10465
9,482,14460000,14460100,13085,21807,14490000,10485
9,483,14490000,14490100,13085,21807,14520000,10507
9,484,14520000,14520100,13085,21807,14550000,10529
9,485,14550000,14550100,13085,21807,14580000,10553
9,486,14580000,14580100,13085,21807,14610000,10573
9,487,14610000,14610100,13085,21807,14640000,10595
9,488,14640000,14640100,13085,21807,14670000,10615
9,489,14670000,14670100,13085,21807,14700000,10639
9,49,1470000,1470100,13085,21807,1500000,1081
9,490,14700000,14700100,13085,21807,14730000,10660
9,491,14730000,14730100,13085,21807,14760000,10682
9,492,14760000,14760100,13085,21807,14790000,10702
9,493,14790000,14790100,13085,21807,14820000,10725
9,494,14820000,14820100,13085,21807,14850000,10747
9,495,14850000,14850100,13085,21807,14880000,10769
9,496,14880000,14880100,13085,21807,14910000,10790
9,497,14910000,14910100,13085,21807,14940000,10812
9,498,14940000,14940100,13085,21807,14970000,10833
9,499,14970000,14970100,13085,21807,15000000,10856
9,5,150000,150100,13085,21807,180000,125
9,50,1500000,1500100,13085,21807,1530000,1101
9,500,15000000,15000100,13085,21807,15030000,10877
9,501,15030000,15030100,13085,21807,15060000,10900
9,502,15060000,15060100,13085,21807,15090000,10920
9,503,15090000,15090100,13085,21807,15120000,10941
9,504,15120000,15120100,13085,21807,15150000,10964
9,505,15150000,15150100,13085,21807,15180000,10986
9,506,15180000,15180100,13085,21807,15210000,11008
9,507,15210000,15210100,13085,21807,15240000,11029
9,508,15240000,15240100,13085,21807,15270000,11050
9,509,15270000,15270100,13085,21807,15300000,11074
9,51,1530000,1530100,13085,21807,1560000,1124
9,510,15300000,15300100,13085,21807,15330000,11094
9,511,15330000,15330100,13085,21807,15360000,11117
9,512,15360000,15360100,13085,21807,15390000,11136
9,513,15390000,15390100,13085,21807,15420000,11160
9,514,15420000,15420100,13085,21807,15450000,11181
9,515,15450000,15450100,13085,21807,15480000,11204
9,516,15480000,15480100,13085,21807,15510000,11224
9,517,15510000,15510100,13085,21807,15540000,11246
9,518,15540000,15540100,13085,21807,15570000,11268
9,519,15570000,15570100,13085,21807,15600000,11290
9,52,1560000,1560100,13085,21807,1590000,1143
9,520,15600000,15600100,13085,21807,15630000,11312
9,521,15630000,15630100,13085,21807,15660000,11334
9,522,15660000,15660100,13085,21807,15690000,11355
9,523,15690000,15690100,13085,21807,15720000,11376
9,524,15720000,15720100,13085,21807,15750000,11398
9,525,15750000,15750100,13085,21807,15780000,11421
9,526,15780000,15780100,13085,21807,15810000,11442
9,527,15810000,15810100,13085,21807,15840000,11463
9,528,15840000,15840100,13085,21807,15870000,11484
9,529,15870000,15870100,13085,21807,15900000,11509
9,53,1590000,1590100,13085,21807,1620000,1167
9,530,15900000,15900100,13085,21807,15930000,11529
9,531,15930000,15930100,13085,21807,15960000,11551
9,532,15960000,15960100,13085,21807,15990000,11571
9,533,15990000,15990100,13085,21807,16020000,11594
9,534,16020000,16020100,13085,21807,16050000,11616
9,535,16050000,16050100,13085,21807,16080000,11638
9,536,16080000,16080100,13085,21807,16110000,11659
9,537,16110000,16110100,13085,21807,16140000,11681
9,538,16140000,16140100,13085,21807,16170000,11701
9,539,16170000,16170100,13085,21807,16200000,11725
9,54,1620000,1620100,13085,21807,1650000,1188
9,540,16200000,16200100,13085,21807,16230000,11746
9,541,16230000,16230100,13085,21807,16260000,11769
9,542,16260000,16260100,13085,21807,16290000,11789
9,543,16290000,16290100,13085,21807,16320000,11811
9,544,16320000,16320100,13085,21807,16350000,11833
9,545,16350000,16350100,13085,21807,16380000,11855
9,546,16380000,16380100,13085,21807,16410000,11877
9,547,16410000,16410100,13085,21807,16440000,11897
9,548,16440000,16440100,13085,21807,16470000,11919
9,549,16470000,16470100,13085,21807,16500000,11942
9,55,1650000,1650100,13085,21807,1680000,1210
9,550,16500000,16500100,13085,21807,16530000,11964
9,551,16530000,16530100,13085,21807,16560000,11986
9,552,16560000,16560100,13085,21807,16590000,12005
9,553,16590000,16590100,13085,21807,16620000,12029
9,554,16620000,16620100,13085,21807,16650000,12050
9,555,16650000,16650100,13085,21807,16680000,12073
9,556,16680000,16680100,13085,21807,16710000,12093
9,557,16710000,16710100,13085,21807,16740000,12116
9,558,16740000,16740100,13085,21807,16770000,12136
9,559,16770000,16770100,13085,21807,16800000,12159
9,56,1680000,1680100,13085,21807,1710000,1232
9,560,16800000,16800100,13085,21807,16830000,12180
9,561,16830000,16830100,13085,21807,16860000,12203
9,562,16860000,16860100,13085,21807,16890000,12224
9,563,16890000,16890100,13085,21807,16920000,12245
9,564,16920000,16920100,13085,21807,16950000,12268
9,565,16950000,16950100,13085,21807,16980000,12290
9,566,16980000,16980100,13085,21807,17010000,12311
9,567,17010000,17010100,13085,21807,17040000,12332
9,568,17040000,17040100,13085,21807,17070000,12353
9,569,17070000,17070100,13085,21807,17100000,12377
9,57,1710000,1710100,13085,21807,1740000,1253
9,570,17100000,17100100,13085,21807,17130000,12398
9,571,17130000,17130100,13085,21807,17160000,12420
9,572,17160000,17160100,13085,21807,17190000,12440
9,573,17190000,17190100,13085,21807,17220000,12463
9,574,17220000,17220100,13085,21807,17250000,12485
9,575,17250000,17250100,13085,21807,17280000,12507
9,576,17280000,17280100,13085,21807,17310000,12528
9,577,17310000,17310100,13085,21807,17340000,12550
9,578,17340000,17340100,13085,21807,17370000,12571
9,579,17370000,17370100,13085,21807,17400000,12594
9,58,1740000,1740100,13085,21807,1770000,1275
9,580,17400000,17400100,13085,21807,17430000,12614
9,581,17430000,17430100,13085,21807,17460000,12638
9,582,17460000,17460100,13085,21807,17490000,12657
9,583,17490000,17490100,13085,21807,17520000,12680
9,584,17520000,17520100,13085,21807,17550000,12702
9,585,17550000,17550100,13085,21807,17580000,12725
9,586,17580000,17580100,13085,21807,17610000,12746
9,587,17610000,17610100,13085,21807,17640000,12766
9,588,17640000,17640100,13085,21807,17670000,12788
9,589,17670000,17670100,13085,21807,17700000,12811
9,59,1770000,1770100,13085,21807,1800000,1297
9,590,17700000,17700100,13085,21807,17730000,12833
9,591,17730000,17730100,13085,21807,17760000,12854
9,592,17760000,17760100,13085,21807,17790000,12875
9,593,17790000,17790100,13085,21807,17820000,12897
9,594,17820000,17820100,13085,21807,17850000,12919
9,595,17850000,17850100,13085,21807,17880000,12942
9,596,17880000,17880100,13085,21807,17910000,12962
9,597,17910000,17910100,13085,21807,17940000,12985
9,598,17940000,17940100,13085,21807,17970000,13005
9,599,17970000,17970100,13085,21807,18000000,13029
9,6,180000,180100,13085,21807,210000,145
9,60,1800000,1800100,13085,21807,1830000,1319
9,600,18000000,18000100,13085,21807,18030000,13049
9,601,18030000,18030100,13085,21807,18060000,13072
9,602,18060000,18060100,13085,21807,18090000,13092
9,603,18090000,18090100,13085,21807,18120000,13114
9,604,18120000,18120100,13085,21807,18150000,13136
9,605,18150000,18150100,13085,21807,18180000,13159
9,606,18180000,18180100,13085,21807,18210000,13181
9,607,18210000,18210100,13085,21807,18240000,13201
9,608,18240000,18240100,13085,21807,18270000,13222
9,609,18270000,18270100,13085,21807,18300000,13246
9,61,1830000,1830100,13085,21807,1860000,1341
9,610,18300000,18300100,13085,21807,18330000,13267
9,611,18330000,18330100,13085,21807,18360000,13289
9,612,18360000,18360100,13085,21807,18390000,13309
9,613,18390000,18390100,13085,21807,18420000,13332
9,614,18420000,18420100,13085,21807,18450000,13354
9,615,18450000,18450100,13085,21807,18480000,13375
9,616,18480000,18480100,13085,21807,18510000,13397
9,617,18510000,18510100,13085,21807,18540000,13419
9,618,18540000,18540100,13085,21807,18570000,13440
9,619,18570000,18570100,13085,21807,18600000,13463
9,62,1860000,1860100,13085,21807,1890000,1361
9,620,18600000,18600100,13085,21807,18630000,13484
9,621,18630000,18630100,13085,21807,18660000,13507
9,622,18660000,18660100,13085,21807,18690000,13526
9,623,18690000,18690100,13085,21807,18720000,13549
9,624,18720000,18720100,13085,21807,18750000,13570
9,625,18750000,18750100,13085,21807,18780000,13594
9,626,18780000,18780100,13085,21807,18810000,13614
9,627,18810000,18810100,13085,21807,18840000,13636
9,628,18840000,18840100,13085,21807,18870000,13657
9,629,18870000,18870100,13085,21807,18900000,13680
9,63,1890000,1890100,13085,21807,1920000,1383
9,630,18900000,18900100,13085,21807,18930000,13702
9,631,18930000,18930100,13085,21807,18960000,13723
9,632,18960000,18960100,13085,21807,18990000,13744
9,633,18990000,18990100,13085,21807,19020000,13766
9,634,19020000,19020100,13085,21807,19050000,13789
9,635,19050000,19050100,13085,21807,19080000,13810
9,636,19080000,19080100,13085,21807,19110000,13831
9,637,19110000,19110100,13085,21807,19140000,13853
9,638,19140000,19140100,13085,21807,19170000,13874
9,639,19170000,19170100,13085,21807,19200000,13898
9,64,1920000,1920100,13085,21807,1950000,1405
9,640,19200000,19200100,13085,21807,19230000,13918
9,641,19230000,19230100,13085,21807,19260000,13942
9,642,19260000,19260100,13085,21807,19290000,13961
9,643,19290000,19290100,13085,21807,19320000,13983
9,644,19320000,19320100,13085,21807,19350000,14005
9,645,19350000,19350100,13085,21807,19380000,14028
9,646,19380000,19380100,13085,21807,19410000,14049
9,647,19410000,19410100,13085,21807,19440000,14070
9,648,19440000,19440100,13085,21807,19470000,14091
9,649,19470000,19470100,13085,21807,19500000,14115
9,65,1950000,1950100,13085,21807,1980000,1428
9,650,19500000,19500100,13085,21807,19530000,14136
9,651,19530000,19530100,13085,21807,19560000,14158
9,652,19560000,19560100,13085,21807,19590000,14178
9,653,19590000,19590100,13085,21807,19620000,14201
9,654,19620000,19620100,13085,21807,19650000,14223
9,655,19650000,19650100,13085,21807,19680000,14245
9,656,19680000,19680100,13085,21807,19710000,14266
9,657,19710000,19710100,13085,21807,19740000,14287
9,658,19740000,19740100,13085,21807,19770000,14309
9,659,19770000,19770100,13085,21807,19800000,14331
9,66,1980000,1980100,13085,21807,2010000,1449
9,660,19800000,19800100,13085,21807,19830000,14353
9,661,19830000,19830100,13085,21807,19860000,14376
9,662,19860000,19860100,13085,21807,19890000,14396
9,663,19890000,19890100,13085,21807,19920000,14418
9,664,19920000,19920100,13085,21807,19950000,14439
9,665,19950000,19950100,13085,21807,19980000,14463
9,666,19980000,19980100,13085,21807,20010000,14483
9,667,20010000,20010100,13085,21807,20040000,14505
9,668,20040000,20040100,13085,21807,20070000,14525
9,669,20070000,20070100,13085,21807,20100000,14550
9,67,2010000,2010100,13085,21807,2040000,1471
9,670,20100000,20100100,13085,21807,20130000,14570
9,671,20130000,20130100,13085,21807,20160000,14592
9,672,20160000,20160100,13085,21807,20190000,14613
9,673,20190000,20190100,13085,21807,20220000,14635
9,674,20220000,20220100,13085,21807,20250000,14658
9,675,20250000,20250100,13085,21807,20280000,14679
9,676,20280000,20280100,13085,21807,20310000,14701
9,677,20310000,20310100,13085,21807,20340000,14722
9,678,20340000,20340100,13085,21807,20370000,14743
9,679,20370000,20370100,13085,21807,20400000,14766
9,68,2040000,2040100,13085,21807,2070000,1491
9,680,20400000,20400100,13085,21807,20430000,14787
9,681,20430000,20430100,13085,21807,20460000,14810
9,682,20460000,20460100,13085,21807,20490000,14830
9,683,20490000,20490100,13085,21807,20520000,14853
9,684,20520000,20520100,13085,21807,20550000,14874
9,685,20550000,20550100,13085,21807,20580000,14897
9,686,20580000,20580100,13085,21807,20610000,14918
9,687,20610000,20610100,13085,21807,20640000,14939
9,688,20640000,20640100,13085,21807,20670000,14960
9,689,20670000,20670100,13085,21807,20700000,14984
9,69,2070000,2070100,13085,21807,2100000,1515
9,690,20700000,20700100,13085,21807,20730000,15005
9,691,20730000,20730100,13085,21807,20760000,15027
9,692,20760000,20760100,13085,21807,20790000,15046
9,693,20790000,20790100,13085,21807,20820000,15070
9,694,20820000,20820100,13085,21807,20850000,15092
9,695,20850000,20850100,13085,21807,20880000,15114
9,696,20880000,20880100,13085,21807,20910000,15135
9,697,20910000,20910100,13085,21807,20940000,15157
9,698,20940000,20940100,13085,21807,20970000,15178
9,699,20970000,20970100,13085,21807,21000000,15200
9,7,210000,210100,13085,21807,240000,167
9,70,2100000,2100100,13085,21807,2130000,1536
9,700,21000000,21000100,13085,21807,21030000,15222
9,701,21030000,21030100,13085,21807,21060000,15244
9,702,21060000,21060100,13085,21807,21090000,15265
9,703,21090000,21090100,13085,21807,21120000,15286
9,704,21120000,21120100,13085,21807,21150000,15309
9,705,21150000,21150100,13085,21807,21180000,15332
9,706,21180000,21180100,13085,21807,21210000,15352
9,707,21210000,21210100,13085,21807,21240000,15374
9,708,21240000,21240100,13085,21807,21270000,15394
9,709,21270000,21270100,13085,21807,21300000,15419
9,71,2130000,2130100,13085,21807,2160000,1558
9,710,21300000,21300100,13085,21807,21330000,15439
9,711,21330000,21330100,13085,21807,21360000,15462
9,712,21360000,21360100,13085,21807,21390000,15481
9,713,21390000,21390100,13085,21807,21420000,15504
9,714,21420000,21420100,13085,21807,21450000,15526
9,715,21450000,21450100,13085,21807,21480000,15548
9,716,21480000,21480100,13085,21807,21510000,15570
9,717,21510000,21510100,13085,21807,21540000,15591
9,718,21540000,21540100,13085,21807,21570000,15613
9,719,21570000,21570100,13085,21807,21600000,15635
9,72,2160000,2160100,13085,21807,2190000,1578
9,720,21600000,21600100,13085,21807,21630000,15656
9,721,21630000,21630100,13085,21807,21660000,15679
9,722,21660000,21660100,13085,21807,21690000,15699
9,723,21690000,21690100,13085,21807,21720000,15721
9,724,21720000,21720100,13085,21807,21750000,15743
9,725,21750000,21750100,13085,21807,21780000,15766
9,726,21780000,21780100,13085,21807,21810000,15787
9,727,21810000,21810100,13085,21807,21840000,15808
9,728,21840000,21840100,13085,21807,21870000,15829
9,729,21870000,21870100,13085,21807,21900000,15853
9,73,2190000,2190100,13085,21807,2220000,1601
9,730,21900000,21900100,13085,21807,21930000,15874
9,731,21930000,21930100,13085,21807,21960000,15896
9,732,21960000,21960100,13085,21807,21990000,15916
9,733,21990000,21990100,13085,21807,22020000,15939
9,734,22020000,22020100,13085,21807,22050000,15960
9,735,22050000,22050100,13085,21807,22080000,15983
9,736,22080000,22080100,13085,21807,22110000,16003
9,737,22110000,22110100,13085,21807,22140000,16026
9,738,22140000,22140100,13085,21807,22170000,16047
9,739,22170000,22170100,13085,21807,22200000,16070
9,74,2220000,2220100,13085,21807,2250000,1623
9,740,22200000,22200100,13085,21807,22230000,16091
9,741,22230000,22230100,13085,21807,22260000,16113
9,742,22260000,22260100,13085,21807,22290000,16134
9,743,22290000,22290100,13085,21807,22320000,16155
9,744,22320000,22320100,13085,21807,22350000,16178
9,745,22350000,22350100,13085,21807,22380000,16200
9,746,22380000,22380100,13085,21807,22410000,16222
9,747,22410000,22410100,13085,21807,22440000,16242
9,748,22440000,22440100,13085,21807,22470000,16263
9,749,22470000,22470100,13085,21807,22500000,16288
9,75,2250000,2250100,13085,21807,2280000,1645
9,750,22500000,22500100,13085,21807,22530000,16308
9,751,22530000,22530100,13085,21807,22560000,16331
9,752,22560000,22560100,13085,21807,22590000,16350
9,753,22590000,22590100,13085,21807,22620000,16374
9,754,22620000,22620100,13085,21807,22650000,16395
9,755,22650000,22650100,13085,21807,22680000,16417
9,756,22680000,22680100,13085,21807,22710000,16438
9,757,22710000,22710100,13085,21807,22740000,16460
9,758,22740000,22740100,13085,21807,22770000,16481
9,759,22770000,22770100,13085,21807,22800000,16504
9,76,2280000,2280100,13085,21807,2310000,1665
9,760,22800000,22800100,13085,21807,22830000,16526
9,761,22830000,22830100,13085,21807,22860000,16548
9,762,22860000,22860100,13085,21807,22890000,16568
9,763,22890000,22890100,13085,21807,22920000,16590
9,764,22920000,22920100,13085,21807,22950000,16612
9,765,22950000,22950100,13085,21807,22980000,16635
9,766,22980000,22980100,13085,21807,23010000,16656
9,767,23010000,23010100,13085,21807,23040000,16677
9,768,23040000,23040100,13085,21807,23070000,16698
9,769,23070000,23070100,13085,21807,23100000,16721
9,77,2310000,2310100,13085,21807,2340000,1688
9,770,23100000,23100100,13085,21807,23130000,16743
9,771,23130000,23130100,13085,21807,23160000,16765
9,772,23160000,23160100,13085,21807,23190000,16785
9,773,23190000,23190100,13085,21807,23220000,16808
9,774,23220000,23220100,13085,21807,23250000,16830
9,775,23250000,23250100,13085,21807,23280000,16852
9,776,23280000,23280100,13085,21807,23310000,16872
9,777,23310000,23310100,13085,21807,23340000,16895
9,778,23340000,23340100,13085,21807,23370000,16915
9,779,23370000,23370100,13085,21807,23400000,16939
9,78,2340000,2340100,13085,21807,2370000,1709
9,780,23400000,23400100,13085,21807,23430000,16959
9,781,23430000,23430100,13085,21807,23460000,16983
9,782,23460000,23460100,13085,21807,23490000,17003
9,783,23490000,23490100,13085,21807,23520000,17024
9,784,23520000,23520100,13085,21807,23550000,17047
9,785,23550000,23550100,13085,21807,23580000,17069
9,786,23580000,23580100,13085,21807,23610000,17091
9,787,23610000,23610100,13085,21807,23640000,17111
9,788,23640000,23640100,13085,21807,23670000,17133
9,789,23670000,23670100,13085,21807,23700000,17156
9,79,2370000,2370100,13085,21807,2400000,1732
9,790,23700000,23700100,13085,21807,23730000,17177
9,791,23730000,23730100,13085,21807,23760000,17199
9,792,23760000,23760100,13085,21807,23790000,17219
9,793,23790000,23790100,13085,21807,23820000,17243
9,794,23820000,23820100,13085,21807,23850000,17264
9,795,23850000,23850100,13085,21807,23880000,17287
9,796,23880000,23880100,13085,21807,23910000,17307
9,797,23910000,23910100,13085,21807,23940000,17329
9,798,23940000,23940100,13085,21807,23970000,17350
9,799,23970000,23970100,13085,21807,24000000,17373
9,8,240000,240100,13085,21807,270000,187
9,80,2400000,2400100,13085,21807,2430000,1753
9,800,24000000,24000100,13085,21807,24030000,17394
9,801,24030000,24030100,13085,21807,24060000,17417
9,802,24060000,24060100,13085,21807,24090000,17437
9,803,24090000,24090100,13085,21807,24120000,17459
9,804,24120000,24120100,13085,21807,24150000,17481
9,805,24150000,24150100,13085,21807,24180000,17504
9,806,24180000,24180100,13085,21807,24210000,17525
9,807,24210000,24210100,13085,21807,24240000,17546
9,808,24240000,24240100,13085,21807,24270000,17567
9,809,24270000,24270100,13085,21807,24300000,17591
9,81,2430000,2430100,13085,21807,2460000,1776
9,810,24300000,24300100,13085,21807,24330000,17612
9,811,24330000,24330100,13085,21807,24360000,17633
9,812,24360000,24360100,13085,21807,24390000,17654
9,813,24390000,24390100,13085,21807,24420000,17676
9,814,24420000,24420100,13085,21807,24450000,17699
9,815,24450000,24450100,13085,21807,24480000,17721
9,816,24480000,24480100,13085,21807,24510000,17742
9,817,24510000,24510100,13085,21807,24540000,17764
9,818,24540000,24540100,13085,21807,24570000,17784
9,819,24570000,24570100,13085,21807,24600000,17808
9,82,2460000,2460100,13085,21807,2490000,1796
9,820,24600000,24600100,13085,21807,24630000,17828
9,821,24630000,24630100,13085,21807,24660000,17852
9,822,24660000,24660100,13085,21807,24690000,17871
9,823,24690000,24690100,13085,21807,24720000,17894
9,824,24720000,24720100,13085,21807,24750000,17915
9,825,24750000,24750100,13085,21807,24780000,17938
9,826,24780000,24780100,13085,21807,24810000,17960
9,827,24810000,24810100,13085,21807,24840000,17980
9,828,24840000,24840100,13085,21807,24870000,18002
9,829,24870000,24870100,13085,21807,24900000,18025
9,83,2490000,2490100,13085,21807,2520000,1817
9,830,24900000,24900100,13085,21807,24930000,18047
9,831,24930000,24930100,13085,21807,24960000,18068
9,832,24960000,24960100,13085,21807,24990000,18088
9,833,24990000,24990100,13085,21807,25020000,18111
9,834,25020000,25020100,13085,21807,25050000,18133
9,835,25050000,25050100,13085,21807,25080000,18155
9,836,25080000,25080100,13085,21807,25110000,18176
9,837,25110000,25110100,13085,21807,25140000,18199
9,838,25140000,25140100,13085,21807,25170000,18219
9,839,25170000,25170100,13085,21807,25200000,18242
9,84,2520000,2520100,13085,21807,2550000,1840
9,840,25200000,25200100,13085,21807,25230000,18263
9,841,25230000,25230100,13085,21807,25260000,18286
9,842,25260000,25260100,13085,21807,25290000,18306
9,843,25290000,25290100,13085,21807,25320000,18328
9,844,25320000,25320100,13085,21807,25350000,18350
9,845,25350000,25350100,13085,21807,25380000,18373
9,846,25380000,25380100,13085,21807,25410000,18393
9,847,25410000,25410100,13085,21807,25440000,18415
9,848,25440000,25440100,13085,21807,25470000,18436
9,849,25470000,25470100,13085,21807,25500000,18460
9,85,2550000,2550100,13085,21807,2580000,1862
9,850,25500000,25500100,13085,21807,25530000,18481
9,851,25530000,25530100,13085,21807,25560000,18503
9,852,25560000,25560100,13085,21807,25590000,18523
9,853,25590000,25590100,13085,21807,25620000,18545
9,854,25620000,25620100,13085,21807,25650000,18568
9,855,25650000,25650100,13085,21807,25680000,18589
9,856,25680000,25680100,13085,21807,25710000,18611
9,857,25710000,25710100,13085,21807,25740000,18632
9,858,25740000,25740100,13085,21807,25770000,18654
9,859,25770000,25770100,13085,21807,25800000,18677
9,86,2580000,2580100,13085,21807,2610000,1884
9,860,25800000,25800100,13085,21807,25830000,18697
9,861,25830000,25830100,13085,21807,25860000,18721
9,862,25860000,25860100,13085,21807,25890000,18740
9,863,25890000,25890100,13085,21807,25920000,18763
9,864,25920000,25920100,13085,21807,25950000,18784
9,865,25950000,25950100,13085,21807,25980000,18808
9,866,25980000,25980100,13085,21807,26010000,18828
9,867,26010000,26010100,13085,21807,26040000,18849
9,868,26040000,26040100,13085,21807,26070000,18870
9,869,26070000,26070100,13085,21807,26100000,18894
9,87,2610000,2610100,13085,21807,2640000,1904
9,870,26100000,26100100,13085,21807,26130000,18916
9,871,26130000,26130100,13085,21807,26160000,18937
9,872,26160000,26160100,13085,21807,26190000,18958
9,873,26190000,26190100,13085,21807,26220000,18980
9,874,26220000,26220100,13085,21807,26250000,19002
9,875,26250000,26250100,13085,21807,26280000,19024
9,876,26280000,26280100,13085,21807,26310000,19045
9,877,26310000,26310100,13085,21807,26340000,19067
9,878,26340000,26340100,13085,21807,26370000,19088
9,879,26370000,26370100,13085,21807,26400000,19111
9,88,2640000,2640100,13085,21807,2670000,1926
9,880,26400000,26400100,13085,21807,26430000,19132
9,881,26430000,26430100,13085,21807,26460000,19155
9,882,26460000,26460100,13085,21807,26490000,19175
9,883,26490000,26490100,13085,21807,26520000,19197
9,884,26520000,26520100,13085,21807,26550000,19219
9,885,26550000,26550100,13085,21807,26580000,19242
9,886,26580000,26580100,13085,21807,26610000,19263
9,887,26610000,26610100,13085,21807,26640000,19284
9,888,26640000,26640100,13085,21807,26670000,19304
9,889,26670000,26670100,13085,21807,26700000,19329
9,89,2670000,2670100,13085,21807,2700000,1950
9,890,26700000,26700100,13085,21807,26730000,19349
9,891,26730000,26730100,13085,21807,26760000,19372
9,892,26760000,26760100,13085,21807,26790000,19392
9,893,26790000,26790100,13085,21807,26820000,19415
9,894,26820000,26820100,13085,21807,26850000,19437
9,895,26850000,26850100,13085,21807,26880000,19458
9,896,26880000,26880100,13085,21807,26910000,19480
9,897,26910000,26910100,13085,21807,26940000,19501
9,898,26940000,26940100,13085,21807,26970000,19523
9,899,26970000,26970100,13085,21807,27000000,19545
9,9,270000,270100,13085,21807,300000,212
9,90,2700000,2700100,13085,21807,2730000,1970
9,900,27000000,27000100,13085,21807,27030000,19567
9,901,27030000,27030100,13085,21807,27060000,19589
9,902,27060000,27060100,13085,21807,27090000,19609
9,903,27090000,27090100,13085,21807,27120000,19632
9,904,27120000,27120100,13085,21807,27150000,19653
9,905,27150000,27150100,13085,21807,27180000,19677
9,906,27180000,27180100,13085,21807,27210000,19697
9,907,27210000,27210100,13085,21807,27240000,19719
9,908,27240000,27240100,13085,21807,27270000,19739
9,909,27270000,27270100,13085,21807,27300000,19763
9,91,2730000,2730100,13085,21807,2760000,1993
9,910,27300000,27300100,13085,21807,27330000,19784
9,911,27330000,27330100,13085,21807,27360000,19806
9,912,27360000,27360100,13085,21807,27390000,19826
9,913,27390000,27390100,13085,21807,27420000,19849
9,914,27420000,27420100,13085,21807,27450000,19872
9,915,27450000,27450100,13085,21807,27480000,19893
9,916,27480000,27480100,13085,21807,27510000,19914
9,917,27510000,27510100,13085,21807,27540000,19936
9,918,27540000,27540100,13085,21807,27570000,19957
9,919,27570000,27570100,13085,21807,27600000,19980
9,92,2760000,2760100,13085,21807,2790000,2012
9,920,27600000,27600100,13085,21807,27630000,20001
9,921,27630000,27630100,13085,21807,27660000,20024
9,922,27660000,27660100,13085,21807,27690000,20044
9,923,27690000,27690100,13085,21807,27720000,20065
9,924,27720000,27720100,13085,21807,27750000,20088
9,925,27750000,27750100,13085,21807,27780000,20111
9,926,27780000,27780100,13085,21807,27810000,20132
9,927,27810000,27810100,13085,21807,27840000,20153
9,928,27840000,27840100,13085,21807,27870000,20174
9,929,27870000,27870100,13085,21807,27900000,20198
9,93,2790000,2790100,13085,21807,2820000,2036
9,930,27900000,27900100,13085,21807,27930000,20218
9,931,27930000,27930100,13085,21807,27960000,20241
9,932,27960000,27960100,13085,21807,27990000,20260
9,933,27990000,27990100,13085,21807,28020000,20284
9,934,28020000,28020100,13085,21807,28050000,20305
9,935,28050000,28050100,13085,21807,28080000,20328
9,936,28080000,28080100,13085,21807,28110000,20349
9,937,28110000,28110100,13085,21807,28140000,20370
9,938,28140000,28140100,13085,21807,28170000,20392
9,939,28170000,28170100,13085,21807,28200000,20414
9,94,2820000,2820100,13085,21807,2850000,2057
9,940,28200000,28200100,13085,21807,28230000,20436
9,941,28230000,28230100,13085,21807,28260000,20458
9,942,28260000,28260100,13085,21807,28290000,20479
9,943,28290000,28290100,13085,21807,28320000,20500
9,944,28320000,28320100,13085,21807,28350000,20522
9,945,28350000,28350100,13085,21807,28380000,20545
9,946,28380000,28380100,13085,21807,28410000,20566
9,947,28410000,28410100,13085,21807,28440000,20588
9,948,28440000,28440100,13085,21807,28470000,20608
9,949,28470000,28470100,13085,21807,28500000,20633
9,95,2850000,2850100,13085,21807,2880000,2080
9,950,28500000,28500100,13085,21807,28530000,20653
9,951,28530000,28530100,13085,21807,28560000,20675
9,952,28560000,28560100,13085,21807,28590000,20695
9,953,28590000,28590100,13085,21807,28620000,20718
9,954,28620000,28620100,13085,21807,28650000,20740
9,955,28650000,28650100,13085,21807,28680000,20762
9,956,28680000,28680100,13085,21807,28710000,20783
9,957,28710000,28710100,13085,21807,28740000,20805
9,958,28740000,28740100,13085,21807,28770000,20826
9,959,28770000,28770100,13085,21807,28800000,20849
9,96,2880000,2880100,13085,21807,2910000,2100
9,960,28800000,28800100,13085,21807,28830000,20870
9,961,28830000,28830100,13085,21807,28860000,20893
9,962,28860000,28860100,13085,21807,28890000,20913
9,963,28890000,28890100,13085,21807,28920000,20935
9,964,28920000,28920100,13085,21807,28950000,20957
9,965,28950000,28950100,13085,21807,28980000,20979
9,966,28980000,28980100,13085,21807,29010000,21001
9,967,29010000,29010100,13085,21807,29040000,21021
9,968,29040000,29040100,13085,21807,29070000,21043
9,969,29070000,29070100,13085,21807,29100000,21067
9,97,2910000,2910100,13085,21807,2940000,2122
9,970,29100000,29100100,13085,21807,29130000,21088
9,971,29130000,29130100,13085,21807,29160000,21110
9,972,29160000,29160100,13085,21807,29190000,21129
9,973,29190000,29190100,13085,21807,29220000,21153
9,974,29220000,29220100,13085,21807,29250000,21174
9,975,29250000,29250100,13085,21807,29280000,21197
9,976,29280000,29280100,13085,21807,29310000,21217
9,977,29310000,29310100,13085,21807,29340000,21240
9,978,29340000,29340100,13085,21807,29370000,21260
9,979,29370000,29370100,13085,21807,29400000,21283
9,98,2940000,2940100,13085,21807,2970000,2143
9,980,29400000,29400100,13085,21807,29430000,21305
9,981,29430000,29430100,13085,21807,29460000,21327
9,982,29460000,29460100,13085,21807,29490000,21348
9,983,29490000,29490100,13085,21807,29520000,21369
9,984,29520000,29520100,13085,21807,29550000,21392
9,985,29550000,29550100,13085,21807,29580000,21414
9,986,29580000,29580100,13085,21807,29610000,21435
9,987,29610000,29610100,13085,21807,29640000,21456
9,988,29640000,29640100,13085,21807,29670000,21477
9,989,29670000,29670100,13085,21807,29700000,21501
9,99,2970000,2970100,13085,21807,3000000,2166
9,990,29700000,29700100,13085,21807,29730000,21522
9,991,29730000,29730100,13085,21807,29760000,21545
9,992,29760000,29760100,13085,21807,29790000,21564
9,993,29790000,29790100,13085,21807,29820000,21587
9,994,29820000,29820100,13085,21807,29850000,21609
9,995,29850000,29850100,13085,21807,29880000,21631
9,996,29880000,29880100,13085,21807,29910000,21652
9,997,29910000,29910100,13085,21807,29940000,21674
9,998,29940000,29940100,13085,21807,29970000,21695
9,999,29970000,29970100,13085,21807,30000000,21718
