Task ID,Job ID,Arrival min,Arrival max,Cost min,Cost max,Deadline,Priority
0,0,0,0,1111,1851,10000,0
0,1,10000,10000,1111,1851,20000,2
0,10,100000,100000,1111,1851,110000,39
0,100,1000000,1000000,1111,1851,1010000,391
0,1000,10000000,10000000,1111,1851,10010000,3925
0,1001,10010000,10010000,1111,1851,10020000,3930
0,1002,10020000,10020000,1111,1851,10030000,3934
0,1003,10030000,10030000,1111,1851,10040000,3936
0,1004,10040000,10040000,1111,1851,10050000,3942
0,1005,10050000,10050000,1111,1851,10060000,3945
0,1006,10060000,10060000,1111,1851,10070000,3948
0,1007,10070000,10070000,1111,1851,10080000,3950
0,1008,10080000,10080000,1111,1851,10090000,3959
0,1009,10090000,10090000,1111,1851,10100000,3961
0,101,1010000,1010000,1111,1851,1020000,395
0,1010,10100000,10100000,1111,1851,10110000,3964
0,1011,10110000,10110000,1111,1851,10120000,3969
0,1012,10120000,10120000,1111,1851,10130000,3974
0,1013,10130000,10130000,1111,1851,10140000,3975
0,1014,10140000,10140000,1111,1851,10150000,3978
0,1015,10150000,10150000,1111,1851,10160000,3985
0,1016,10160000,10160000,1111,1851,10170000,3988
0,1017,10170000,10170000,1111,1851,10180000,3992
0,1018,10180000,10180000,1111,1851,10190000,3998
0,1019,10190000,10190000,1111,1851,10200000,3999
0,102,1020000,1020000,1111,1851,1030000,399
0,1020,10200000,10200000,1111,1851,10210000,4004
0,1021,10210000,10210000,1111,1851,10220000,4006
0,1022,10220000,10220000,1111,1851,10230000,4013
0,1023,10230000,10230000,1111,1851,10240000,4015
0,1024,10240000,10240000,1111,1851,10250000,4019
0,1025,10250000,10250000,1111,1851,10260000,4024
0,1026,10260000,10260000,1111,1851,10270000,4028
0,1027,10270000,10270000,1111,1851,10280000,4031
0,1028,10280000,10280000,1111,1851,10290000,4034
0,1029,10290000,10290000,1111,1851,10300000,4040
0,103,1030000,1030000,1111,1851,1040000,401
0,1030,10300000,10300000,1111,1851,10310000,4044
0,1031,10310000,10310000,1111,1851,10320000,4045
0,1032,10320000,10320000,1111,1851,10330000,4053
0,1033,10330000,10330000,1111,1851,10340000,4055
0,1034,10340000,10340000,1111,1851,10350000,4057
0,1035,10350000,10350000,1111,1851,10360000,4061
0,1036,10360000,10360000,1111,1851,10370000,4069
0,1037,10370000,10370000,1111,1851,10380000,4071
0,1038,10380000,10380000,1111,1851,10390000,4074
0,1039,10390000,10390000,1111,1851,10400000,4079
0,104,1040000,1040000,1111,1851,1050000,404
0,1040,10400000,10400000,1111,1851,10410000,4083
0,1041,10410000,10410000,1111,1851,10420000,4085
0,1042,10420000,10420000,1111,1851,10430000,4089
0,1043,10430000,10430000,1111,1851,10440000,4094
0,1044,10440000,10440000,1111,1851,10450000,4099
0,1045,10450000,10450000,1111,1851,10460000,4102
0,1046,10460000,10460000,1111,1851,10470000,4107
0,1047,10470000,10470000,1111,1851,10480000,4110
0,1048,10480000,10480000,1111,1851,10490000,4114
0,1049,10490000,10490000,1111,1851,10500000,4115
0,105,1050000,1050000,1111,1851,1060000,411
0,1050,10500000,10500000,1111,1851,10510000,4123
0,1051,10510000,10510000,1111,1851,10520000,4125
0,1052,10520000,10520000,1111,1851,10530000,4129
0,1053,10530000,10530000,1111,1851,10540000,4135
0,1054,10540000,10540000,1111,1851,10550000,4138
0,1055,10550000,10550000,1111,1851,10560000,4140
0,1056,10560000,10560000,1111,1851,10570000,4144
0,1057,10570000,10570000,1111,1851,10580000,4151
0,1058,10580000,10580000,1111,1851,10590000,4153
0,1059,10590000,10590000,1111,1851,10600000,4155
0,106,1060000,1060000,1111,1851,1070000,414
0,1060,10600000,10600000,1111,1851,10610000,4163
0,1061,10610000,10610000,1111,1851,10620000,4164
0,1062,10620000,10620000,1111,1851,10630000,4169
0,1063,10630000,10630000,1111,1851,10640000,4171
0,1064,10640000,10640000,1111,1851,10650000,4178
0,1065,10650000,10650000,1111,1851,10660000,4181
0,1066,10660000,10660000,1111,1851,10670000,4184
0,1067,10670000,10670000,1111,1851,10680000,4189
0,1068,10680000,10680000,1111,1851,10690000,4193
0,1069,10690000,10690000,1111,1851,10700000,4195
0,107,1070000,1070000,1111,1851,1080000,416
0,1070,10700000,10700000,1111,1851,10710000,4198
0,1071,10710000,10710000,1111,1851,10720000,4205
0,1072,10720000,10720000,1111,1851,10730000,4210
0,1073,10730000,10730000,1111,1851,10740000,4211
0,1074,10740000,10740000,1111,1851,10750000,4217
0,1075,10750000,10750000,1111,1851,10760000,4220
0,1076,10760000,10760000,1111,1851,10770000,4223
0,1077,10770000,10770000,1111,1851,10780000,4226
0,1078,10780000,10780000,1111,1851,10790000,4233
0,1079,10790000,10790000,1111,1851,10800000,4234
0,108,1080000,1080000,1111,1851,1090000,424
0,1080,10800000,10800000,1111,1851,10810000,4240
0,1081,10810000,10810000,1111,1851,10820000,4245
0,1082,10820000,10820000,1111,1851,10830000,4248
0,1083,10830000,10830000,1111,1851,10840000,4250
0,1084,10840000,10840000,1111,1851,10850000,4254
0,1085,10850000,10850000,1111,1851,10860000,4260
0,1086,10860000,10860000,1111,1851,10870000,4263
0,1087,10870000,10870000,1111,1851,10880000,4266
0,1088,10880000,10880000,1111,1851,10890000,4272
0,1089,10890000,10890000,1111,1851,10900000,4275
0,109,1090000,1090000,1111,1851,1100000,426
0,1090,10900000,10900000,1111,1851,10910000,4279
0,1091,10910000,10910000,1111,1851,10920000,4280
0,1092,10920000,10920000,1111,1851,10930000,4289
0,1093,10930000,10930000,1111,1851,10940000,4291
0,1094,10940000,10940000,1111,1851,10950000,4293
0,1095,10950000,10950000,1111,1851,10960000,4299
0,1096,10960000,10960000,1111,1851,10970000,4303
0,1097,10970000,10970000,1111,1851,10980000,4305
0,1098,10980000,10980000,1111,1851,10990000,4309
0,1099,10990000,10990000,1111,1851,11000000,4315
0,11,110000,110000,1111,1851,120000,40
0,110,1100000,1100000,1111,1851,1110000,429
0,1100,11000000,11000000,1111,1851,11010000,4319
0,1101,11010000,11010000,1111,1851,11020000,4321
0,1102,11020000,11020000,1111,1851,11030000,4328
0,1103,11030000,11030000,1111,1851,11040000,4329
0,1104,11040000,11040000,1111,1851,11050000,4333
0,1105,11050000,11050000,1111,1851,11060000,4336
0,1106,11060000,11060000,1111,1851,11070000,4342
0,1107,11070000,11070000,1111,1851,11080000,4346
0,1108,11080000,11080000,1111,1851,11090000,4350
0,1109,11090000,11090000,1111,1851,11100000,4354
0,111,1110000,1110000,1111,1851,1120000,431
0,1110,11100000,11100000,1111,1851,11110000,4358
0,1111,11110000,11110000,1111,1851,11120000,4360
0,1112,11120000,11120000,1111,1851,11130000,4364
0,1113,11130000,11130000,1111,1851,11140000,4370
0,1114,11140000,11140000,1111,1851,11150000,4373
0,1115,11150000,11150000,1111,1851,11160000,4375
0,1116,11160000,11160000,1111,1851,11170000,4383
0,1117,11170000,11170000,1111,1851,11180000,4386
0,1118,11180000,11180000,1111,1851,11190000,4388
0,1119,11190000,11190000,1111,1851,11200000,4390
0,112,1120000,1120000,1111,1851,1130000,440
0,1120,11200000,11200000,1111,1851,11210000,4399
0,1121,11210000,11210000,1111,1851,11220000,4400
0,1122,11220000,11220000,1111,1851,11230000,4404
0,1123,11230000,11230000,1111,1851,11240000,4409
0,1124,11240000,11240000,1111,1851,11250000,4412
0,1125,11250000,11250000,1111,1851,11260000,4416
0,1126,11260000,11260000,1111,1851,11270000,4419
0,1127,11270000,11270000,1111,1851,11280000,4425
0,1128,11280000,11280000,1111,1851,11290000,4429
0,1129,11290000,11290000,1111,1851,11300000,4431
0,113,1130000,1130000,1111,1851,1140000,441
0,1130,11300000,11300000,1111,1851,11310000,4437
0,1131,11310000,11310000,1111,1851,11320000,4439
0,1132,11320000,11320000,1111,1851,11330000,4444
0,1133,11330000,11330000,1111,1851,11340000,4445
0,1134,11340000,11340000,1111,1851,11350000,4453
0,1135,11350000,11350000,1111,1851,11360000,4456
0,1136,11360000,11360000,1111,1851,11370000,4459
0,1137,11370000,11370000,1111,1851,11380000,4465
0,1138,11380000,11380000,1111,1851,11390000,4468
0,1139,11390000,11390000,1111,1851,11400000,4469
0,114,1140000,1140000,1111,1851,1150000,444
0,1140,11400000,11400000,1111,1851,11410000,4474
0,1141,11410000,11410000,1111,1851,11420000,4480
0,1142,11420000,11420000,1111,1851,11430000,4483
0,1143,11430000,11430000,1111,1851,11440000,4486
0,1144,11440000,11440000,1111,1851,11450000,4493
0,1145,11450000,11450000,1111,1851,11460000,4495
0,1146,11460000,11460000,1111,1851,11470000,4498
0,1147,11470000,11470000,1111,1851,11480000,4501
0,1148,11480000,11480000,1111,1851,11490000,4508
0,1149,11490000,11490000,1111,1851,11500000,4510
0,115,1150000,1150000,1111,1851,1160000,450
0,1150,11500000,11500000,1111,1851,11510000,4514
0,1151,11510000,11510000,1111,1851,11520000,4518
0,1152,11520000,11520000,1111,1851,11530000,4524
0,1153,11530000,11530000,1111,1851,11540000,4526
0,1154,11540000,11540000,1111,1851,11550000,4528
0,1155,11550000,11550000,1111,1851,11560000,4535
0,1156,11560000,11560000,1111,1851,11570000,4539
0,1157,11570000,11570000,1111,1851,11580000,4541
0,1158,11580000,11580000,1111,1851,11590000,4547
0,1159,11590000,11590000,1111,1851,11600000,4549
0,116,1160000,1160000,1111,1851,1170000,453
0,1160,11600000,11600000,1111,1851,11610000,4553
0,1161,11610000,11610000,1111,1851,11620000,4556
0,1162,11620000,11620000,1111,1851,11630000,4564
0,1163,11630000,11630000,1111,1851,11640000,4565
0,1164,11640000,11640000,1111,1851,11650000,4569
0,1165,11650000,11650000,1111,1851,11660000,4575
0,1166,11660000,11660000,1111,1851,11670000,4577
0,1167,11670000,11670000,1111,1851,11680000,4580
0,1168,11680000,11680000,1111,1851,11690000,4584
0,1169,11690000,11690000,1111,1851,11700000,4589
0,117,1170000,1170000,1111,1851,1180000,457
0,1170,11700000,11700000,1111,1851,11710000,4594
0,1171,11710000,11710000,1111,1851,11720000,4596
0,1172,11720000,11720000,1111,1851,11730000,4603
0,1173,11730000,11730000,1111,1851,11740000,4605
0,1174,11740000,11740000,1111,1851,11750000,4608
0,1175,11750000,11750000,1111,1851,11760000,4610
0,1176,11760000,11760000,1111,1851,11770000,4618
0,1177,11770000,11770000,1111,1851,11780000,4621
0,1178,11780000,11780000,1111,1851,11790000,4623
0,1179,11790000,11790000,1111,1851,11800000,4629
0,118,1180000,1180000,1111,1851,1190000,460
0,1180,11800000,11800000,1111,1851,11810000,4634
0,1181,11810000,11810000,1111,1851,11820000,4635
0,1182,11820000,11820000,1111,1851,11830000,4639
0,1183,11830000,11830000,1111,1851,11840000,4645
0,1184,11840000,11840000,1111,1851,11850000,4648
0,1185,11850000,11850000,1111,1851,11860000,4651
0,1186,11860000,11860000,1111,1851,11870000,4657
0,1187,11870000,11870000,1111,1851,11880000,4659
0,1188,11880000,11880000,1111,1851,11890000,4664
0,1189,11890000,11890000,1111,1851,11900000,4666
0,119,1190000,1190000,1111,1851,1200000,465
0,1190,11900000,11900000,1111,1851,11910000,4673
0,1191,11910000,11910000,1111,1851,11920000,4675
0,1192,11920000,11920000,1111,1851,11930000,4680
0,1193,11930000,11930000,1111,1851,11940000,4684
0,1194,11940000,11940000,1111,1851,11950000,4687
0,1195,11950000,11950000,1111,1851,11960000,4690
0,1196,11960000,11960000,1111,1851,11970000,4693
0,1197,11970000,11970000,1111,1851,11980000,4701
0,1198,11980000,11980000,1111,1851,11990000,4704
0,1199,11990000,11990000,1111,1851,12000000,4705
0,12,120000,120000,1111,1851,130000,45
0,120,1200000,1200000,1111,1851,1210000,470
0,1200,12000000,12000000,1111,1851,12010000,4713
0,1201,12010000,12010000,1111,1851,12020000,4715
0,1202,12020000,12020000,1111,1851,12030000,4718
0,1203,12030000,12030000,1111,1851,12040000,4720
0,1204,12040000,12040000,1111,1851,12050000,4728
0,1205,12050000,12050000,1111,1851,12060000,4730
0,1206,12060000,12060000,1111,1851,12070000,4734
0,1207,12070000,12070000,1111,1851,12080000,4740
0,1208,12080000,12080000,1111,1851,12090000,4743
0,1209,12090000,12090000,1111,1851,12100000,4745
0,121,1210000,1210000,1111,1851,1220000,472
0,1210,12100000,12100000,1111,1851,12110000,4749
0,1211,12110000,12110000,1111,1851,12120000,4754
0,1212,12120000,12120000,1111,1851,12130000,4759
0,1213,12130000,12130000,1111,1851,12140000,4761
0,1214,12140000,12140000,1111,1851,12150000,4766
0,1215,12150000,12150000,1111,1851,12160000,4770
0,1216,12160000,12160000,1111,1851,12170000,4774
0,1217,12170000,12170000,1111,1851,12180000,4776
0,1218,12180000,12180000,1111,1851,12190000,4783
0,1219,12190000,12190000,1111,1851,12200000,4785
0,122,1220000,1220000,1111,1851,1230000,478
0,1220,12200000,12200000,1111,1851,12210000,4789
0,1221,12210000,12210000,1111,1851,12220000,4794
0,1222,12220000,12220000,1111,1851,12230000,4798
0,1223,12230000,12230000,1111,1851,12240000,4799
0,1224,12240000,12240000,1111,1851,12250000,4804
0,1225,12250000,12250000,1111,1851,12260000,4811
0,1226,12260000,12260000,1111,1851,12270000,4813
0,1227,12270000,12270000,1111,1851,12280000,4816
0,1228,12280000,12280000,1111,1851,12290000,4823
0,1229,12290000,12290000,1111,1851,12300000,4824
0,123,1230000,1230000,1111,1851,1240000,480
0,1230,12300000,12300000,1111,1851,12310000,4828
0,1231,12310000,12310000,1111,1851,12320000,4830
0,1232,12320000,12320000,1111,1851,12330000,4838
0,1233,12330000,12330000,1111,1851,12340000,4841
0,1234,12340000,12340000,1111,1851,12350000,4844
0,1235,12350000,12350000,1111,1851,12360000,4849
0,1236,12360000,12360000,1111,1851,12370000,4853
0,1237,12370000,12370000,1111,1851,12380000,4856
0,1238,12380000,12380000,1111,1851,12390000,4858
0,1239,12390000,12390000,1111,1851,12400000,4864
0,124,1240000,1240000,1111,1851,1250000,484
0,1240,12400000,12400000,1111,1851,12410000,4869
0,1241,12410000,12410000,1111,1851,12420000,4870
0,1242,12420000,12420000,1111,1851,12430000,4878
0,1243,12430000,12430000,1111,1851,12440000,4880
0,1244,12440000,12440000,1111,1851,12450000,4883
0,1245,12450000,12450000,1111,1851,12460000,4886
0,1246,12460000,12460000,1111,1851,12470000,4893
0,1247,12470000,12470000,1111,1851,12480000,4895
0,1248,12480000,12480000,1111,1851,12490000,4899
0,1249,12490000,12490000,1111,1851,12500000,4904
0,125,1250000,1250000,1111,1851,1260000,486
0,1250,12500000,12500000,1111,1851,12510000,4907
0,1251,12510000,12510000,1111,1851,12520000,4910
0,1252,12520000,12520000,1111,1851,12530000,4915
0,1253,12530000,12530000,1111,1851,12540000,4920
0,1254,12540000,12540000,1111,1851,12550000,4923
0,1255,12550000,12550000,1111,1851,12560000,4926
0,1256,12560000,12560000,1111,1851,12570000,4932
0,1257,12570000,12570000,1111,1851,12580000,4935
0,1258,12580000,12580000,1111,1851,12590000,4938
0,1259,12590000,12590000,1111,1851,12600000,4939
0,126,1260000,1260000,1111,1851,1270000,494
0,127,1270000,1270000,1111,1851,1280000,497
0,128,1280000,1280000,1111,1851,1290000,500
0,129,1290000,1290000,1111,1851,1300000,505
0,13,130000,130000,1111,1851,140000,47
0,130,1300000,1300000,1111,1851,1310000,509
0,131,1310000,1310000,1111,1851,1320000,510
0,132,1320000,1320000,1111,1851,1330000,515
0,133,1330000,1330000,1111,1851,1340000,521
0,134,1340000,1340000,1111,1851,1350000,523
0,135,1350000,1350000,1111,1851,1360000,527
0,136,1360000,1360000,1111,1851,1370000,534
0,137,1370000,1370000,1111,1851,1380000,536
0,138,1380000,1380000,1111,1851,1390000,539
0,139,1390000,1390000,1111,1851,1400000,541
0,14,140000,140000,1111,1851,150000,53
0,140,1400000,1400000,1111,1851,1410000,549
0,141,1410000,1410000,1111,1851,1420000,551
0,142,1420000,1420000,1111,1851,1430000,555
0,143,1430000,1430000,1111,1851,1440000,559
0,144,1440000,1440000,1111,1851,1450000,564
0,145,1450000,1450000,1111,1851,1460000,567
0,146,1460000,1460000,1111,1851,1470000,569
0,147,1470000,1470000,1111,1851,1480000,576
0,148,1480000,1480000,1111,1851,1490000,580
0,149,1490000,1490000,1111,1851,1500000,581
0,15,150000,150000,1111,1851,160000,56
0,150,1500000,1500000,1111,1851,1510000,588
0,151,1510000,1510000,1111,1851,1520000,590
0,152,1520000,1520000,1111,1851,1530000,594
0,153,1530000,1530000,1111,1851,1540000,597
0,154,1540000,1540000,1111,1851,1550000,604
0,155,1550000,1550000,1111,1851,1560000,606
0,156,1560000,1560000,1111,1851,1570000,610
0,157,1570000,1570000,1111,1851,1580000,616
0,158,1580000,1580000,1111,1851,1590000,618
0,159,1590000,1590000,1111,1851,1600000,620
0,16,160000,160000,1111,1851,170000,60
0,160,1600000,1600000,1111,1851,1610000,625
0,161,1610000,1610000,1111,1851,1620000,630
0,162,1620000,1620000,1111,1851,1630000,635
0,163,1630000,1630000,1111,1851,1640000,637
0,164,1640000,1640000,1111,1851,1650000,643
0,165,1650000,1650000,1111,1851,1660000,646
0,166,1660000,1660000,1111,1851,1670000,649
0,167,1670000,1670000,1111,1851,1680000,651
0,168,1680000,1680000,1111,1851,1690000,659
0,169,1690000,1690000,1111,1851,1700000,661
0,17,170000,170000,1111,1851,180000,65
0,170,1700000,1700000,1111,1851,1710000,664
0,171,1710000,1710000,1111,1851,1720000,670
0,172,1720000,1720000,1111,1851,1730000,675
0,173,1730000,1730000,1111,1851,1740000,676
0,174,1740000,1740000,1111,1851,1750000,679
0,175,1750000,1750000,1111,1851,1760000,686
0,176,1760000,1760000,1111,1851,1770000,689
0,177,1770000,1770000,1111,1851,1780000,692
0,178,1780000,1780000,1111,1851,1790000,698
0,179,1790000,1790000,1111,1851,1800000,699
0,18,180000,180000,1111,1851,190000,69
0,180,1800000,1800000,1111,1851,1810000,705
0,181,1810000,1810000,1111,1851,1820000,707
0,182,1820000,1820000,1111,1851,1830000,714
0,183,1830000,1830000,1111,1851,1840000,716
0,184,1840000,1840000,1111,1851,1850000,720
0,185,1850000,1850000,1111,1851,1860000,725
0,186,1860000,1860000,1111,1851,1870000,728
0,187,1870000,1870000,1111,1851,1880000,731
0,188,1880000,1880000,1111,1851,1890000,734
0,189,1890000,1890000,1111,1851,1900000,741
0,19,190000,190000,1111,1851,200000,71
0,190,1900000,1900000,1111,1851,1910000,745
0,191,1910000,1910000,1111,1851,1920000,746
0,192,1920000,1920000,1111,1851,1930000,754
0,193,1930000,1930000,1111,1851,1940000,756
0,194,1940000,1940000,1111,1851,1950000,758
0,195,1950000,1950000,1111,1851,1960000,761
0,196,1960000,1960000,1111,1851,1970000,769
0,197,1970000,1970000,1111,1851,1980000,771
0,198,1980000,1980000,1111,1851,1990000,775
0,199,1990000,1990000,1111,1851,2000000,780
0,2,20000,20000,1111,1851,30000,5
0,20,200000,200000,1111,1851,210000,75
0,200,2000000,2000000,1111,1851,2010000,784
0,201,2010000,2010000,1111,1851,2020000,786
0,202,2020000,2020000,1111,1851,2030000,790
0,203,2030000,2030000,1111,1851,2040000,795
0,204,2040000,2040000,1111,1851,2050000,799
0,205,2050000,2050000,1111,1851,2060000,802
0,206,2060000,2060000,1111,1851,2070000,807
0,207,2070000,2070000,1111,1851,2080000,811
0,208,2080000,2080000,1111,1851,2090000,815
0,209,2090000,2090000,1111,1851,2100000,816
0,21,210000,210000,1111,1851,220000,81
0,210,2100000,2100000,1111,1851,2110000,824
0,211,2110000,2110000,1111,1851,2120000,826
0,212,2120000,2120000,1111,1851,2130000,830
0,213,2130000,2130000,1111,1851,2140000,835
0,214,2140000,2140000,1111,1851,2150000,838
0,215,2150000,2150000,1111,1851,2160000,840
0,216,2160000,2160000,1111,1851,2170000,845
0,217,2170000,2170000,1111,1851,2180000,852
0,218,2180000,2180000,1111,1851,2190000,854
0,219,2190000,2190000,1111,1851,2200000,856
0,22,220000,220000,1111,1851,230000,85
0,220,2200000,2200000,1111,1851,2210000,864
0,221,2210000,2210000,1111,1851,2220000,865
0,222,2220000,2220000,1111,1851,2230000,869
0,223,2230000,2230000,1111,1851,2240000,871
0,224,2240000,2240000,1111,1851,2250000,878
0,225,2250000,2250000,1111,1851,2260000,882
0,226,2260000,2260000,1111,1851,2270000,885
0,227,2270000,2270000,1111,1851,2280000,890
0,228,2280000,2280000,1111,1851,2290000,894
0,229,2290000,2290000,1111,1851,2300000,896
0,23,230000,230000,1111,1851,240000,86
0,230,2300000,2300000,1111,1851,2310000,899
0,231,2310000,2310000,1111,1851,2320000,905
0,232,2320000,2320000,1111,1851,2330000,910
0,233,2330000,2330000,1111,1851,2340000,911
0,234,2340000,2340000,1111,1851,2350000,918
0,235,2350000,2350000,1111,1851,2360000,921
0,236,2360000,2360000,1111,1851,2370000,924
0,237,2370000,2370000,1111,1851,2380000,927
0,238,2380000,2380000,1111,1851,2390000,934
0,239,2390000,2390000,1111,1851,2400000,935
0,24,240000,240000,1111,1851,250000,93
0,240,2400000,2400000,1111,1851,2410000,940
0,241,2410000,2410000,1111,1851,2420000,945
0,242,2420000,2420000,1111,1851,2430000,948
0,243,2430000,2430000,1111,1851,2440000,951
0,244,2440000,2440000,1111,1851,2450000,955
0,245,2450000,2450000,1111,1851,2460000,961
0,246,2460000,2460000,1111,1851,2470000,964
0,247,2470000,2470000,1111,1851,2480000,967
0,248,2480000,2480000,1111,1851,2490000,973
0,249,2490000,2490000,1111,1851,2500000,975
0,25,250000,250000,1111,1851,260000,96
0,250,2500000,2500000,1111,1851,2510000,979
0,251,2510000,2510000,1111,1851,2520000,980
0,252,2520000,2520000,1111,1851,2530000,990
0,253,2530000,2530000,1111,1851,2540000,992
0,254,2540000,2540000,1111,1851,2550000,994
0,255,2550000,2550000,1111,1851,2560000,1000
0,256,2560000,2560000,1111,1851,2570000,1004
0,257,2570000,2570000,1111,1851,2580000,1006
0,258,2580000,2580000,1111,1851,2590000,1009
0,259,2590000,2590000,1111,1851,2600000,1015
0,26,260000,260000,1111,1851,270000,98
0,260,2600000,2600000,1111,1851,2610000,1019
0,261,2610000,2610000,1111,1851,2620000,1022
0,262,2620000,2620000,1111,1851,2630000,1029
0,263,2630000,2630000,1111,1851,2640000,1030
0,264,2640000,2640000,1111,1851,2650000,1034
0,265,2650000,2650000,1111,1851,2660000,1037
0,266,2660000,2660000,1111,1851,2670000,1043
0,267,2670000,2670000,1111,1851,2680000,1046
0,268,2680000,2680000,1111,1851,2690000,1050
0,269,2690000,2690000,1111,1851,2700000,1054
0,27,270000,270000,1111,1851,280000,102
0,270,2700000,2700000,1111,1851,2710000,1059
0,271,2710000,2710000,1111,1851,2720000,1061
0,272,2720000,2720000,1111,1851,2730000,1065
0,273,2730000,2730000,1111,1851,2740000,1071
0,274,2740000,2740000,1111,1851,2750000,1074
0,275,2750000,2750000,1111,1851,2760000,1076
0,276,2760000,2760000,1111,1851,2770000,1083
0,277,2770000,2770000,1111,1851,2780000,1086
0,278,2780000,2780000,1111,1851,2790000,1088
0,279,2790000,2790000,1111,1851,2800000,1091
0,28,280000,280000,1111,1851,290000,110
0,280,2800000,2800000,1111,1851,2810000,1100
0,281,2810000,2810000,1111,1851,2820000,1101
0,282,2820000,2820000,1111,1851,2830000,1105
0,283,2830000,2830000,1111,1851,2840000,1110
0,284,2840000,2840000,1111,1851,2850000,1113
0,285,2850000,2850000,1111,1851,2860000,1116
0,286,2860000,2860000,1111,1851,2870000,1119
0,287,2870000,2870000,1111,1851,2880000,1125
0,288,2880000,2880000,1111,1851,2890000,1130
0,289,2890000,2890000,1111,1851,2900000,1132
0,29,290000,290000,1111,1851,300000,111
0,290,2900000,2900000,1111,1851,2910000,1138
0,291,2910000,2910000,1111,1851,2920000,1140
0,292,2920000,2920000,1111,1851,2930000,1145
0,293,2930000,2930000,1111,1851,2940000,1146
0,294,2940000,2940000,1111,1851,2950000,1153
0,295,2950000,2950000,1111,1851,2960000,1156
0,296,2960000,2960000,1111,1851,2970000,1159
0,297,2970000,2970000,1111,1851,2980000,1166
0,298,2980000,2980000,1111,1851,2990000,1169
0,299,2990000,2990000,1111,1851,3000000,1170
0,3,30000,30000,1111,1851,40000,10
0,30,300000,300000,1111,1851,310000,115
0,300,3000000,3000000,1111,1851,3010000,1175
0,301,3010000,3010000,1111,1851,3020000,1181
0,302,3020000,3020000,1111,1851,3030000,1184
0,303,3030000,3030000,1111,1851,3040000,1186
0,304,3040000,3040000,1111,1851,3050000,1193
0,305,3050000,3050000,1111,1851,3060000,1195
0,306,3060000,3060000,1111,1851,3070000,1199
0,307,3070000,3070000,1111,1851,3080000,1202
0,308,3080000,3080000,1111,1851,3090000,1209
0,309,3090000,3090000,1111,1851,3100000,1211
0,31,310000,310000,1111,1851,320000,120
0,310,3100000,3100000,1111,1851,3110000,1215
0,311,3110000,3110000,1111,1851,3120000,1219
0,312,3120000,3120000,1111,1851,3130000,1224
0,313,3130000,3130000,1111,1851,3140000,1226
0,314,3140000,3140000,1111,1851,3150000,1228
0,315,3150000,3150000,1111,1851,3160000,1236
0,316,3160000,3160000,1111,1851,3170000,1240
0,317,3170000,3170000,1111,1851,3180000,1242
0,318,3180000,3180000,1111,1851,3190000,1248
0,319,3190000,3190000,1111,1851,3200000,1250
0,32,320000,320000,1111,1851,330000,124
0,320,3200000,3200000,1111,1851,3210000,1254
0,321,3210000,3210000,1111,1851,3220000,1256
0,322,3220000,3220000,1111,1851,3230000,1264
0,323,3230000,3230000,1111,1851,3240000,1265
0,324,3240000,3240000,1111,1851,3250000,1270
0,325,3250000,3250000,1111,1851,3260000,1276
0,326,3260000,3260000,1111,1851,3270000,1278
0,327,3270000,3270000,1111,1851,3280000,1281
0,328,3280000,3280000,1111,1851,3290000,1285
0,329,3290000,3290000,1111,1851,3300000,1290
0,33,330000,330000,1111,1851,340000,126
0,330,3300000,3300000,1111,1851,3310000,1294
0,331,3310000,3310000,1111,1851,3320000,1296
0,332,3320000,3320000,1111,1851,3330000,1303
0,333,3330000,3330000,1111,1851,3340000,1306
0,334,3340000,3340000,1111,1851,3350000,1309
0,335,3350000,3350000,1111,1851,3360000,1311
0,336,3360000,3360000,1111,1851,3370000,1319
0,337,3370000,3370000,1111,1851,3380000,1322
0,338,3380000,3380000,1111,1851,3390000,1324
0,339,3390000,3390000,1111,1851,3400000,1329
0,34,340000,340000,1111,1851,350000,129
0,340,3400000,3400000,1111,1851,3410000,1334
0,341,3410000,3410000,1111,1851,3420000,1335
0,342,3420000,3420000,1111,1851,3430000,1340
0,343,3430000,3430000,1111,1851,3440000,1346
0,344,3440000,3440000,1111,1851,3450000,1349
0,345,3450000,3450000,1111,1851,3460000,1352
0,346,3460000,3460000,1111,1851,3470000,1358
0,347,3470000,3470000,1111,1851,3480000,1360
0,348,3480000,3480000,1111,1851,3490000,1364
0,349,3490000,3490000,1111,1851,3500000,1366
0,35,350000,350000,1111,1851,360000,135
0,350,3500000,3500000,1111,1851,3510000,1373
0,351,3510000,3510000,1111,1851,3520000,1376
0,352,3520000,3520000,1111,1851,3530000,1381
0,353,3530000,3530000,1111,1851,3540000,1385
0,354,3540000,3540000,1111,1851,3550000,1388
0,355,3550000,3550000,1111,1851,3560000,1391
0,356,3560000,3560000,1111,1851,3570000,1394
0,357,3570000,3570000,1111,1851,3580000,1401
0,358,3580000,3580000,1111,1851,3590000,1404
0,359,3590000,3590000,1111,1851,3600000,1405
0,36,360000,360000,1111,1851,370000,140
0,360,3600000,3600000,1111,1851,3610000,1414
0,361,3610000,3610000,1111,1851,3620000,1416
0,362,3620000,3620000,1111,1851,3630000,1419
0,363,3630000,3630000,1111,1851,3640000,1421
0,364,3640000,3640000,1111,1851,3650000,1429
0,365,3650000,3650000,1111,1851,3660000,1431
0,366,3660000,3660000,1111,1851,3670000,1434
0,367,3670000,3670000,1111,1851,3680000,1440
0,368,3680000,3680000,1111,1851,3690000,1443
0,369,3690000,3690000,1111,1851,3700000,1446
0,37,370000,370000,1111,1851,380000,143
0,370,3700000,3700000,1111,1851,3710000,1450
0,371,3710000,3710000,1111,1851,3720000,1455
0,372,3720000,3720000,1111,1851,3730000,1460
0,373,3730000,3730000,1111,1851,3740000,1462
0,374,3740000,3740000,1111,1851,3750000,1467
0,375,3750000,3750000,1111,1851,3760000,1470
0,376,3760000,3760000,1111,1851,3770000,1474
0,377,3770000,3770000,1111,1851,3780000,1476
0,378,3780000,3780000,1111,1851,3790000,1484
0,379,3790000,3790000,1111,1851,3800000,1486
0,38,380000,380000,1111,1851,390000,148
0,380,3800000,3800000,1111,1851,3810000,1490
0,381,3810000,3810000,1111,1851,3820000,1495
0,382,3820000,3820000,1111,1851,3830000,1499
0,383,3830000,3830000,1111,1851,3840000,1500
0,384,3840000,3840000,1111,1851,3850000,1504
0,385,3850000,3850000,1111,1851,3860000,1511
0,386,3860000,3860000,1111,1851,3870000,1513
0,387,3870000,3870000,1111,1851,3880000,1517
0,388,3880000,3880000,1111,1851,3890000,1524
0,389,3890000,3890000,1111,1851,3900000,1525
0,39,390000,390000,1111,1851,400000,150
0,390,3900000,3900000,1111,1851,3910000,1529
0,391,3910000,3910000,1111,1851,3920000,1531
0,392,3920000,3920000,1111,1851,3930000,1539
0,393,3930000,3930000,1111,1851,3940000,1541
0,394,3940000,3940000,1111,1851,3950000,1544
0,395,3950000,3950000,1111,1851,3960000,1549
0,396,3960000,3960000,1111,1851,3970000,1554
0,397,3970000,3970000,1111,1851,3980000,1557
0,398,3980000,3980000,1111,1851,3990000,1559
0,399,3990000,3990000,1111,1851,4000000,1565
0,4,40000,40000,1111,1851,50000,14
0,40,400000,400000,1111,1851,410000,155
0,400,4000000,4000000,1111,1851,4010000,1570
0,401,4010000,4010000,1111,1851,4020000,1571
0,402,4020000,4020000,1111,1851,4030000,1578
0,403,4030000,4030000,1111,1851,4040000,1580
0,404,4040000,4040000,1111,1851,4050000,1583
0,405,4050000,4050000,1111,1851,4060000,1587
0,406,4060000,4060000,1111,1851,4070000,1594
0,407,4070000,4070000,1111,1851,4080000,1596
0,408,4080000,4080000,1111,1851,4090000,1600
0,409,4090000,4090000,1111,1851,4100000,1605
0,41,410000,410000,1111,1851,420000,156
0,410,4100000,4100000,1111,1851,4110000,1608
0,411,4110000,4110000,1111,1851,4120000,1610
0,412,4120000,4120000,1111,1851,4130000,1615
0,413,4130000,4130000,1111,1851,4140000,1620
0,414,4140000,4140000,1111,1851,4150000,1624
0,415,4150000,4150000,1111,1851,4160000,1627
0,416,4160000,4160000,1111,1851,4170000,1633
0,417,4170000,4170000,1111,1851,4180000,1636
0,418,4180000,4180000,1111,1851,4190000,1639
0,419,4190000,4190000,1111,1851,4200000,1640
0,42,420000,420000,1111,1851,430000,164
0,420,4200000,4200000,1111,1851,4210000,1649
0,421,4210000,4210000,1111,1851,4220000,1651
0,422,4220000,4220000,1111,1851,4230000,1654
0,423,4230000,4230000,1111,1851,4240000,1660
0,424,4240000,4240000,1111,1851,4250000,1664
0,425,4250000,4250000,1111,1851,4260000,1666
0,426,4260000,4260000,1111,1851,4270000,1669
0,427,4270000,4270000,1111,1851,4280000,1676
0,428,4280000,4280000,1111,1851,4290000,1679
0,429,4290000,4290000,1111,1851,4300000,1681
0,43,430000,430000,1111,1851,440000,166
0,430,4300000,4300000,1111,1851,4310000,1688
0,431,4310000,4310000,1111,1851,4320000,1689
0,432,4320000,4320000,1111,1851,4330000,1695
0,433,4330000,4330000,1111,1851,4340000,1697
0,434,4340000,4340000,1111,1851,4350000,1703
0,435,4350000,4350000,1111,1851,4360000,1706
0,436,4360000,4360000,1111,1851,4370000,1710
0,437,4370000,4370000,1111,1851,4380000,1715
0,438,4380000,4380000,1111,1851,4390000,1718
0,439,4390000,4390000,1111,1851,4400000,1720
0,44,440000,440000,1111,1851,450000,169
0,440,4400000,4400000,1111,1851,4410000,1724
0,441,4410000,4410000,1111,1851,4420000,1731
0,442,4420000,4420000,1111,1851,4430000,1735
0,443,4430000,4430000,1111,1851,4440000,1736
0,444,4440000,4440000,1111,1851,4450000,1743
0,445,4450000,4450000,1111,1851,4460000,1746
0,446,4460000,4460000,1111,1851,4470000,1748
0,447,4470000,4470000,1111,1851,4480000,1751
0,448,4480000,4480000,1111,1851,4490000,1759
0,449,4490000,4490000,1111,1851,4500000,1760
0,45,450000,450000,1111,1851,460000,176
0,450,4500000,4500000,1111,1851,4510000,1765
0,451,4510000,4510000,1111,1851,4520000,1770
0,452,4520000,4520000,1111,1851,4530000,1774
0,453,4530000,4530000,1111,1851,4540000,1776
0,454,4540000,4540000,1111,1851,4550000,1779
0,455,4550000,4550000,1111,1851,4560000,1785
0,456,4560000,4560000,1111,1851,4570000,1789
0,457,4570000,4570000,1111,1851,4580000,1792
0,458,4580000,4580000,1111,1851,4590000,1797
0,459,4590000,4590000,1111,1851,4600000,1800
0,46,460000,460000,1111,1851,470000,179
0,460,4600000,4600000,1111,1851,4610000,1805
0,461,4610000,4610000,1111,1851,4620000,1806
0,462,4620000,4620000,1111,1851,4630000,1814
0,463,4630000,4630000,1111,1851,4640000,1816
0,464,4640000,4640000,1111,1851,4650000,1819
0,465,4650000,4650000,1111,1851,4660000,1825
0,466,4660000,4660000,1111,1851,4670000,1828
0,467,4670000,4670000,1111,1851,4680000,1830
0,468,4680000,4680000,1111,1851,4690000,1835
0,469,4690000,4690000,1111,1851,4700000,1841
0,47,470000,470000,1111,1851,480000,181
0,470,4700000,4700000,1111,1851,4710000,1844
0,471,4710000,4710000,1111,1851,4720000,1846
0,472,4720000,4720000,1111,1851,4730000,1854
0,473,4730000,4730000,1111,1851,4740000,1855
0,474,4740000,4740000,1111,1851,4750000,1858
0,475,4750000,4750000,1111,1851,4760000,1861
0,476,4760000,4760000,1111,1851,4770000,1868
0,477,4770000,4770000,1111,1851,4780000,1872
0,478,4780000,4780000,1111,1851,4790000,1875
0,479,4790000,4790000,1111,1851,4800000,1879
0,48,480000,480000,1111,1851,490000,185
0,480,4800000,4800000,1111,1851,4810000,1884
0,481,4810000,4810000,1111,1851,4820000,1886
0,482,4820000,4820000,1111,1851,4830000,1889
0,483,4830000,4830000,1111,1851,4840000,1895
0,484,4840000,4840000,1111,1851,4850000,1899
0,485,4850000,4850000,1111,1851,4860000,1901
0,486,4860000,4860000,1111,1851,4870000,1908
0,487,4870000,4870000,1111,1851,4880000,1911
0,488,4880000,4880000,1111,1851,4890000,1914
0,489,4890000,4890000,1111,1851,4900000,1916
0,49,490000,490000,1111,1851,500000,191
0,490,4900000,4900000,1111,1851,4910000,1924
0,491,4910000,4910000,1111,1851,4920000,1925
0,492,4920000,4920000,1111,1851,4930000,1930
0,493,4930000,4930000,1111,1851,4940000,1935
0,494,4940000,4940000,1111,1851,4950000,1937
0,495,4950000,4950000,1111,1851,4960000,1941
0,496,4960000,4960000,1111,1851,4970000,1945
0,497,4970000,4970000,1111,1851,4980000,1951
0,498,4980000,4980000,1111,1851,4990000,1954
0,499,4990000,4990000,1111,1851,5000000,1956
0,5,50000,50000,1111,1851,60000,16
0,50,500000,500000,1111,1851,510000,194
0,500,5000000,5000000,1111,1851,5010000,1963
0,501,5010000,5010000,1111,1851,5020000,1965
0,502,5020000,5020000,1111,1851,5030000,1969
0,503,5030000,5030000,1111,1851,5040000,1970
0,504,5040000,5040000,1111,1851,5050000,1979
0,505,5050000,5050000,1111,1851,5060000,1982
0,506,5060000,5060000,1111,1851,5070000,1984
0,507,5070000,5070000,1111,1851,5080000,1990
0,508,5080000,5080000,1111,1851,5090000,1994
0,509,5090000,5090000,1111,1851,5100000,1995
0,51,510000,510000,1111,1851,520000,196
0,510,5100000,5100000,1111,1851,5110000,1999
0,511,5110000,5110000,1111,1851,5120000,2005
0,512,5120000,5120000,1111,1851,5130000,2009
0,513,5130000,5130000,1111,1851,5140000,2012
0,514,5140000,5140000,1111,1851,5150000,2018
0,515,5150000,5150000,1111,1851,5160000,2020
0,516,5160000,5160000,1111,1851,5170000,2024
0,517,5170000,5170000,1111,1851,5180000,2027
0,518,5180000,5180000,1111,1851,5190000,2033
0,519,5190000,5190000,1111,1851,5200000,2035
0,52,520000,520000,1111,1851,530000,204
0,520,5200000,5200000,1111,1851,5210000,2040
0,521,5210000,5210000,1111,1851,5220000,2044
0,522,5220000,5220000,1111,1851,5230000,2049
0,523,5230000,5230000,1111,1851,5240000,2051
0,524,5240000,5240000,1111,1851,5250000,2054
0,525,5250000,5250000,1111,1851,5260000,2061
0,526,5260000,5260000,1111,1851,5270000,2064
0,527,5270000,5270000,1111,1851,5280000,2066
0,528,5280000,5280000,1111,1851,5290000,2073
0,529,5290000,5290000,1111,1851,5300000,2075
0,53,530000,530000,1111,1851,540000,205
0,530,5300000,5300000,1111,1851,5310000,2078
0,531,5310000,5310000,1111,1851,5320000,2081
0,532,5320000,5320000,1111,1851,5330000,2090
0,533,5330000,5330000,1111,1851,5340000,2091
0,534,5340000,5340000,1111,1851,5350000,2094
0,535,5350000,5350000,1111,1851,5360000,2100
0,536,5360000,5360000,1111,1851,5370000,2103
0,537,5370000,5370000,1111,1851,5380000,2106
0,538,5380000,5380000,1111,1851,5390000,2109
0,539,5390000,5390000,1111,1851,5400000,2114
0,54,540000,540000,1111,1851,550000,209
0,540,5400000,5400000,1111,1851,5410000,2120
0,541,5410000,5410000,1111,1851,5420000,2122
0,542,5420000,5420000,1111,1851,5430000,2128
0,543,5430000,5430000,1111,1851,5440000,2130
0,544,5440000,5440000,1111,1851,5450000,2134
0,545,5450000,5450000,1111,1851,5460000,2136
0,546,5460000,5460000,1111,1851,5470000,2143
0,547,5470000,5470000,1111,1851,5480000,2146
0,548,5480000,5480000,1111,1851,5490000,2149
0,549,5490000,5490000,1111,1851,5500000,2155
0,55,550000,550000,1111,1851,560000,212
0,550,5500000,5500000,1111,1851,5510000,2159
0,551,5510000,5510000,1111,1851,5520000,2160
0,552,5520000,5520000,1111,1851,5530000,2165
0,553,5530000,5530000,1111,1851,5540000,2171
0,554,5540000,5540000,1111,1851,5550000,2173
0,555,5550000,5550000,1111,1851,5560000,2176
0,556,5560000,5560000,1111,1851,5570000,2183
0,557,5570000,5570000,1111,1851,5580000,2185
0,558,5580000,5580000,1111,1851,5590000,2189
0,559,5590000,5590000,1111,1851,5600000,2191
0,56,560000,560000,1111,1851,570000,219
0,560,5600000,5600000,1111,1851,5610000,2199
0,561,5610000,5610000,1111,1851,5620000,2201
0,562,5620000,5620000,1111,1851,5630000,2205
0,563,5630000,5630000,1111,1851,5640000,2209
0,564,5640000,5640000,1111,1851,5650000,2213
0,565,5650000,5650000,1111,1851,5660000,2216
0,566,5660000,5660000,1111,1851,5670000,2218
0,567,5670000,5670000,1111,1851,5680000,2226
0,568,5680000,5680000,1111,1851,5690000,2230
0,569,5690000,5690000,1111,1851,5700000,2231
0,57,570000,570000,1111,1851,580000,222
0,570,5700000,5700000,1111,1851,5710000,2238
0,571,5710000,5710000,1111,1851,5720000,2240
0,572,5720000,5720000,1111,1851,5730000,2244
0,573,5730000,5730000,1111,1851,5740000,2246
0,574,5740000,5740000,1111,1851,5750000,2253
0,575,5750000,5750000,1111,1851,5760000,2255
0,576,5760000,5760000,1111,1851,5770000,2260
0,577,5770000,5770000,1111,1851,5780000,2266
0,578,5780000,5780000,1111,1851,5790000,2268
0,579,5790000,5790000,1111,1851,5800000,2270
0,58,580000,580000,1111,1851,590000,225
0,580,5800000,5800000,1111,1851,5810000,2275
0,581,5810000,5810000,1111,1851,5820000,2280
0,582,5820000,5820000,1111,1851,5830000,2284
0,583,5830000,5830000,1111,1851,5840000,2286
0,584,5840000,5840000,1111,1851,5850000,2292
0,585,5850000,5850000,1111,1851,5860000,2296
0,586,5860000,5860000,1111,1851,5870000,2299
0,587,5870000,5870000,1111,1851,5880000,2301
0,588,5880000,5880000,1111,1851,5890000,2309
0,589,5890000,5890000,1111,1851,5900000,2311
0,59,590000,590000,1111,1851,600000,229
0,590,5900000,5900000,1111,1851,5910000,2314
0,591,5910000,5910000,1111,1851,5920000,2319
0,592,5920000,5920000,1111,1851,5930000,2324
0,593,5930000,5930000,1111,1851,5940000,2325
0,594,5940000,5940000,1111,1851,5950000,2329
0,595,5950000,5950000,1111,1851,5960000,2336
0,596,5960000,5960000,1111,1851,5970000,2339
0,597,5970000,5970000,1111,1851,5980000,2342
0,598,5980000,5980000,1111,1851,5990000,2348
0,599,5990000,5990000,1111,1851,6000000,2349
0,6,60000,60000,1111,1851,70000,19
0,60,600000,600000,1111,1851,610000,234
0,600,6000000,6000000,1111,1851,6010000,2354
0,601,6010000,6010000,1111,1851,6020000,2356
0,602,6020000,6020000,1111,1851,6030000,2363
0,603,6030000,6030000,1111,1851,6040000,2366
0,604,6040000,6040000,1111,1851,6050000,2370
0,605,6050000,6050000,1111,1851,6060000,2375
0,606,6060000,6060000,1111,1851,6070000,2378
0,607,6070000,6070000,1111,1851,6080000,2381
0,608,6080000,6080000,1111,1851,6090000,2384
0,609,6090000,6090000,1111,1851,6100000,2390
0,61,610000,610000,1111,1851,620000,236
0,610,6100000,6100000,1111,1851,6110000,2394
0,611,6110000,6110000,1111,1851,6120000,2395
0,612,6120000,6120000,1111,1851,6130000,2404
0,613,6130000,6130000,1111,1851,6140000,2406
0,614,6140000,6140000,1111,1851,6150000,2408
0,615,6150000,6150000,1111,1851,6160000,2411
0,616,6160000,6160000,1111,1851,6170000,2419
0,617,6170000,6170000,1111,1851,6180000,2421
0,618,6180000,6180000,1111,1851,6190000,2424
0,619,6190000,6190000,1111,1851,6200000,2429
0,62,620000,620000,1111,1851,630000,239
0,620,6200000,6200000,1111,1851,6210000,2433
0,621,6210000,6210000,1111,1851,6220000,2436
0,622,6220000,6220000,1111,1851,6230000,2440
0,623,6230000,6230000,1111,1851,6240000,2445
0,624,6240000,6240000,1111,1851,6250000,2449
0,625,6250000,6250000,1111,1851,6260000,2452
0,626,6260000,6260000,1111,1851,6270000,2457
0,627,6270000,6270000,1111,1851,6280000,2460
0,628,6280000,6280000,1111,1851,6290000,2464
0,629,6290000,6290000,1111,1851,6300000,2465
0,63,630000,630000,1111,1851,640000,246
0,630,6300000,6300000,1111,1851,6310000,2474
0,631,6310000,6310000,1111,1851,6320000,2476
0,632,6320000,6320000,1111,1851,6330000,2480
0,633,6330000,6330000,1111,1851,6340000,2485
0,634,6340000,6340000,1111,1851,6350000,2488
0,635,6350000,6350000,1111,1851,6360000,2490
0,636,6360000,6360000,1111,1851,6370000,2494
0,637,6370000,6370000,1111,1851,6380000,2501
0,638,6380000,6380000,1111,1851,6390000,2503
0,639,6390000,6390000,1111,1851,6400000,2506
0,64,640000,640000,1111,1851,650000,250
0,640,6400000,6400000,1111,1851,6410000,2514
0,641,6410000,6410000,1111,1851,6420000,2515
0,642,6420000,6420000,1111,1851,6430000,2519
0,643,6430000,6430000,1111,1851,6440000,2521
0,644,6440000,6440000,1111,1851,6450000,2528
0,645,6450000,6450000,1111,1851,6460000,2531
0,646,6460000,6460000,1111,1851,6470000,2534
0,647,6470000,6470000,1111,1851,6480000,2539
0,648,6480000,6480000,1111,1851,6490000,2544
0,649,6490000,6490000,1111,1851,6500000,2546
0,65,650000,650000,1111,1851,660000,252
0,650,6500000,6500000,1111,1851,6510000,2549
0,651,6510000,6510000,1111,1851,6520000,2555
0,652,6520000,6520000,1111,1851,6530000,2560
0,653,6530000,6530000,1111,1851,6540000,2561
0,654,6540000,6540000,1111,1851,6550000,2567
0,655,6550000,6550000,1111,1851,6560000,2570
0,656,6560000,6560000,1111,1851,6570000,2573
0,657,6570000,6570000,1111,1851,6580000,2577
0,658,6580000,6580000,1111,1851,6590000,2584
0,659,6590000,6590000,1111,1851,6600000,2585
0,66,660000,660000,1111,1851,670000,258
0,660,6600000,6600000,1111,1851,6610000,2590
0,661,6610000,6610000,1111,1851,6620000,2595
0,662,6620000,6620000,1111,1851,6630000,2598
0,663,6630000,6630000,1111,1851,6640000,2600
0,664,6640000,6640000,1111,1851,6650000,2604
0,665,6650000,6650000,1111,1851,6660000,2610
0,666,6660000,6660000,1111,1851,6670000,2614
0,667,6670000,6670000,1111,1851,6680000,2617
0,668,6680000,6680000,1111,1851,6690000,2623
0,669,6690000,6690000,1111,1851,6700000,2625
0,67,670000,670000,1111,1851,680000,261
0,670,6700000,6700000,1111,1851,6710000,2629
0,671,6710000,6710000,1111,1851,6720000,2630
0,672,6720000,6720000,1111,1851,6730000,2639
0,673,6730000,6730000,1111,1851,6740000,2641
0,674,6740000,6740000,1111,1851,6750000,2643
0,675,6750000,6750000,1111,1851,6760000,2650
0,676,6760000,6760000,1111,1851,6770000,2654
0,677,6770000,6770000,1111,1851,6780000,2656
0,678,6780000,6780000,1111,1851,6790000,2659
0,679,6790000,6790000,1111,1851,6800000,2665
0,68,680000,680000,1111,1851,690000,264
0,680,6800000,6800000,1111,1851,6810000,2669
0,681,6810000,6810000,1111,1851,6820000,2671
0,682,6820000,6820000,1111,1851,6830000,2678
0,683,6830000,6830000,1111,1851,6840000,2679
0,684,6840000,6840000,1111,1851,6850000,2684
0,685,6850000,6850000,1111,1851,6860000,2687
0,686,6860000,6860000,1111,1851,6870000,2693
0,687,6870000,6870000,1111,1851,6880000,2696
0,688,6880000,6880000,1111,1851,6890000,2700
0,689,6890000,6890000,1111,1851,6900000,2704
0,69,690000,690000,1111,1851,700000,266
0,690,6900000,6900000,1111,1851,6910000,2708
0,691,6910000,6910000,1111,1851,6920000,2710
0,692,6920000,6920000,1111,1851,6930000,2714
0,693,6930000,6930000,1111,1851,6940000,2721
0,694,6940000,6940000,1111,1851,6950000,2724
0,695,6950000,6950000,1111,1851,6960000,2726
0,696,6960000,6960000,1111,1851,6970000,2733
0,697,6970000,6970000,1111,1851,6980000,2736
0,698,6980000,6980000,1111,1851,6990000,2738
0,699,6990000,6990000,1111,1851,7000000,2740
0,7,70000,70000,1111,1851,80000,26
0,70,700000,700000,1111,1851,710000,274
0,700,7000000,7000000,1111,1851,7010000,2749
0,701,7010000,7010000,1111,1851,7020000,2750
0,702,7020000,7020000,1111,1851,7030000,2755
0,703,7030000,7030000,1111,1851,7040000,2760
0,704,7040000,7040000,1111,1851,7050000,2763
0,705,7050000,7050000,1111,1851,7060000,2766
0,706,7060000,7060000,1111,1851,7070000,2769
0,707,7070000,7070000,1111,1851,7080000,2775
0,708,7080000,7080000,1111,1851,7090000,2779
0,709,7090000,7090000,1111,1851,7100000,2781
0,71,710000,710000,1111,1851,720000,275
0,710,7100000,7100000,1111,1851,7110000,2787
0,711,7110000,7110000,1111,1851,7120000,2790
0,712,7120000,7120000,1111,1851,7130000,2795
0,713,7130000,7130000,1111,1851,7140000,2796
0,714,7140000,7140000,1111,1851,7150000,2803
0,715,7150000,7150000,1111,1851,7160000,2806
0,716,7160000,7160000,1111,1851,7170000,2809
0,717,7170000,7170000,1111,1851,7180000,2815
0,718,7180000,7180000,1111,1851,7190000,2818
0,719,7190000,7190000,1111,1851,7200000,2819
0,72,720000,720000,1111,1851,730000,281
0,720,7200000,7200000,1111,1851,7210000,2825
0,721,7210000,7210000,1111,1851,7220000,2831
0,722,7220000,7220000,1111,1851,7230000,2834
0,723,7230000,7230000,1111,1851,7240000,2836
0,724,7240000,7240000,1111,1851,7250000,2843
0,725,7250000,7250000,1111,1851,7260000,2845
0,726,7260000,7260000,1111,1851,7270000,2848
0,727,7270000,7270000,1111,1851,7280000,2851
0,728,7280000,7280000,1111,1851,7290000,2858
0,729,7290000,7290000,1111,1851,7300000,2861
0,73,730000,730000,1111,1851,740000,286
0,730,7300000,7300000,1111,1851,7310000,2865
0,731,7310000,7310000,1111,1851,7320000,2869
0,732,7320000,7320000,1111,1851,7330000,2874
0,733,7330000,7330000,1111,1851,7340000,2876
0,734,7340000,7340000,1111,1851,7350000,2878
0,735,7350000,7350000,1111,1851,7360000,2885
0,736,7360000,7360000,1111,1851,7370000,2889
0,737,7370000,7370000,1111,1851,7380000,2891
0,738,7380000,7380000,1111,1851,7390000,2898
0,739,7390000,7390000,1111,1851,7400000,2900
0,74,740000,740000,1111,1851,750000,288
0,740,7400000,7400000,1111,1851,7410000,2904
0,741,7410000,7410000,1111,1851,7420000,2906
0,742,7420000,7420000,1111,1851,7430000,2914
0,743,7430000,7430000,1111,1851,7440000,2915
0,744,7440000,7440000,1111,1851,7450000,2919
0,745,7450000,7450000,1111,1851,7460000,2925
0,746,7460000,7460000,1111,1851,7470000,2927
0,747,7470000,7470000,1111,1851,7480000,2931
0,748,7480000,7480000,1111,1851,7490000,2935
0,749,7490000,7490000,1111,1851,7500000,2940
0,75,750000,750000,1111,1851,760000,291
0,750,7500000,7500000,1111,1851,7510000,2944
0,751,7510000,7510000,1111,1851,7520000,2946
0,752,7520000,7520000,1111,1851,7530000,2953
0,753,7530000,7530000,1111,1851,7540000,2955
0,754,7540000,7540000,1111,1851,7550000,2958
0,755,7550000,7550000,1111,1851,7560000,2960
0,756,7560000,7560000,1111,1851,7570000,2969
0,757,7570000,7570000,1111,1851,7580000,2972
0,758,7580000,7580000,1111,1851,7590000,2974
0,759,7590000,7590000,1111,1851,7600000,2979
0,76,760000,760000,1111,1851,770000,295
0,760,7600000,7600000,1111,1851,7610000,2984
0,761,7610000,7610000,1111,1851,7620000,2985
0,762,7620000,7620000,1111,1851,7630000,2989
0,763,7630000,7630000,1111,1851,7640000,2995
0,764,7640000,7640000,1111,1851,7650000,2998
0,765,7650000,7650000,1111,1851,7660000,3002
0,766,7660000,7660000,1111,1851,7670000,3008
0,767,7670000,7670000,1111,1851,7680000,3010
0,768,7680000,7680000,1111,1851,7690000,3014
0,769,7690000,7690000,1111,1851,7700000,3016
0,77,770000,770000,1111,1851,780000,301
0,770,7700000,7700000,1111,1851,7710000,3023
0,771,7710000,7710000,1111,1851,7720000,3025
0,772,7720000,7720000,1111,1851,7730000,3030
0,773,7730000,7730000,1111,1851,7740000,3034
0,774,7740000,7740000,1111,1851,7750000,3038
0,775,7750000,7750000,1111,1851,7760000,3041
0,776,7760000,7760000,1111,1851,7770000,3044
0,777,7770000,7770000,1111,1851,7780000,3051
0,778,7780000,7780000,1111,1851,7790000,3054
0,779,7790000,7790000,1111,1851,7800000,3055
0,78,780000,780000,1111,1851,790000,304
0,780,7800000,7800000,1111,1851,7810000,3063
0,781,7810000,7810000,1111,1851,7820000,3065
0,782,7820000,7820000,1111,1851,7830000,3068
0,783,7830000,7830000,1111,1851,7840000,3071
0,784,7840000,7840000,1111,1851,7850000,3079
0,785,7850000,7850000,1111,1851,7860000,3081
0,786,7860000,7860000,1111,1851,7870000,3084
0,787,7870000,7870000,1111,1851,7880000,3090
0,788,7880000,7880000,1111,1851,7890000,3093
0,789,7890000,7890000,1111,1851,7900000,3095
0,79,790000,790000,1111,1851,800000,306
0,790,7900000,7900000,1111,1851,7910000,3099
0,791,7910000,7910000,1111,1851,7920000,3104
0,792,7920000,7920000,1111,1851,7930000,3110
0,793,7930000,7930000,1111,1851,7940000,3112
0,794,7940000,7940000,1111,1851,7950000,3117
0,795,7950000,7950000,1111,1851,7960000,3120
0,796,7960000,7960000,1111,1851,7970000,3124
0,797,7970000,7970000,1111,1851,7980000,3126
0,798,7980000,7980000,1111,1851,7990000,3133
0,799,7990000,7990000,1111,1851,8000000,3135
0,8,80000,80000,1111,1851,90000,29
0,80,800000,800000,1111,1851,810000,313
0,800,8000000,8000000,1111,1851,8010000,3139
0,801,8010000,8010000,1111,1851,8020000,3145
0,802,8020000,8020000,1111,1851,8030000,3149
0,803,8030000,8030000,1111,1851,8040000,3150
0,804,8040000,8040000,1111,1851,8050000,3154
0,805,8050000,8050000,1111,1851,8060000,3161
0,806,8060000,8060000,1111,1851,8070000,3163
0,807,8070000,8070000,1111,1851,8080000,3166
0,808,8080000,8080000,1111,1851,8090000,3173
0,809,8090000,8090000,1111,1851,8100000,3174
0,81,810000,810000,1111,1851,820000,316
0,810,8100000,8100000,1111,1851,8110000,3179
0,811,8110000,8110000,1111,1851,8120000,3181
0,812,8120000,8120000,1111,1851,8130000,3189
0,813,8130000,8130000,1111,1851,8140000,3191
0,814,8140000,8140000,1111,1851,8150000,3194
0,815,8150000,8150000,1111,1851,8160000,3199
0,816,8160000,8160000,1111,1851,8170000,3203
0,817,8170000,8170000,1111,1851,8180000,3206
0,818,8180000,8180000,1111,1851,8190000,3208
0,819,8190000,8190000,1111,1851,8200000,3215
0,82,820000,820000,1111,1851,830000,320
0,820,8200000,8200000,1111,1851,8210000,3220
0,821,8210000,8210000,1111,1851,8220000,3221
0,822,8220000,8220000,1111,1851,8230000,3228
0,823,8230000,8230000,1111,1851,8240000,3230
0,824,8240000,8240000,1111,1851,8250000,3233
0,825,8250000,8250000,1111,1851,8260000,3236
0,826,8260000,8260000,1111,1851,8270000,3243
0,827,8270000,8270000,1111,1851,8280000,3245
0,828,8280000,8280000,1111,1851,8290000,3250
0,829,8290000,8290000,1111,1851,8300000,3255
0,83,830000,830000,1111,1851,840000,321
0,830,8300000,8300000,1111,1851,8310000,3258
0,831,8310000,8310000,1111,1851,8320000,3260
0,832,8320000,8320000,1111,1851,8330000,3265
0,833,8330000,8330000,1111,1851,8340000,3270
0,834,8340000,8340000,1111,1851,8350000,3273
0,835,8350000,8350000,1111,1851,8360000,3276
0,836,8360000,8360000,1111,1851,8370000,3282
0,837,8370000,8370000,1111,1851,8380000,3286
0,838,8380000,8380000,1111,1851,8390000,3289
0,839,8390000,8390000,1111,1851,8400000,3290
0,84,840000,840000,1111,1851,850000,329
0,840,8400000,8400000,1111,1851,8410000,3299
0,841,8410000,8410000,1111,1851,8420000,3301
0,842,8420000,8420000,1111,1851,8430000,3304
0,843,8430000,8430000,1111,1851,8440000,3309
0,844,8440000,8440000,1111,1851,8450000,3313
0,845,8450000,8450000,1111,1851,8460000,3315
0,846,8460000,8460000,1111,1851,8470000,3319
0,847,8470000,8470000,1111,1851,8480000,3326
0,848,8480000,8480000,1111,1851,8490000,3329
0,849,8490000,8490000,1111,1851,8500000,3331
0,85,850000,850000,1111,1851,860000,332
0,850,8500000,8500000,1111,1851,8510000,3338
0,851,8510000,8510000,1111,1851,8520000,3339
0,852,8520000,8520000,1111,1851,8530000,3344
0,853,8530000,8530000,1111,1851,8540000,3346
0,854,8540000,8540000,1111,1851,8550000,3352
0,855,8550000,8550000,1111,1851,8560000,3356
0,856,8560000,8560000,1111,1851,8570000,3360
0,857,8570000,8570000,1111,1851,8580000,3365
0,858,8580000,8580000,1111,1851,8590000,3368
0,859,8590000,8590000,1111,1851,8600000,3370
0,86,860000,860000,1111,1851,870000,334
0,860,8600000,8600000,1111,1851,8610000,3374
0,861,8610000,8610000,1111,1851,8620000,3380
0,862,8620000,8620000,1111,1851,8630000,3384
0,863,8630000,8630000,1111,1851,8640000,3385
0,864,8640000,8640000,1111,1851,8650000,3393
0,865,8650000,8650000,1111,1851,8660000,3396
0,866,8660000,8660000,1111,1851,8670000,3398
0,867,8670000,8670000,1111,1851,8680000,3401
0,868,8680000,8680000,1111,1851,8690000,3409
0,869,8690000,8690000,1111,1851,8700000,3410
0,87,870000,870000,1111,1851,880000,340
0,870,8700000,8700000,1111,1851,8710000,3414
0,871,8710000,8710000,1111,1851,8720000,3419
0,872,8720000,8720000,1111,1851,8730000,3423
0,873,8730000,8730000,1111,1851,8740000,3426
0,874,8740000,8740000,1111,1851,8750000,3429
0,875,8750000,8750000,1111,1851,8760000,3435
0,876,8760000,8760000,1111,1851,8770000,3439
0,877,8770000,8770000,1111,1851,8780000,3442
0,878,8780000,8780000,1111,1851,8790000,3447
0,879,8790000,8790000,1111,1851,8800000,3449
0,88,880000,880000,1111,1851,890000,344
0,880,8800000,8800000,1111,1851,8810000,3454
0,881,8810000,8810000,1111,1851,8820000,3455
0,882,8820000,8820000,1111,1851,8830000,3464
0,883,8830000,8830000,1111,1851,8840000,3466
0,884,8840000,8840000,1111,1851,8850000,3469
0,885,8850000,8850000,1111,1851,8860000,3475
0,886,8860000,8860000,1111,1851,8870000,3478
0,887,8870000,8870000,1111,1851,8880000,3480
0,888,8880000,8880000,1111,1851,8890000,3484
0,889,8890000,8890000,1111,1851,8900000,3490
0,89,890000,890000,1111,1851,900000,345
0,890,8900000,8900000,1111,1851,8910000,3493
0,891,8910000,8910000,1111,1851,8920000,3496
0,892,8920000,8920000,1111,1851,8930000,3504
0,893,8930000,8930000,1111,1851,8940000,3505
0,894,8940000,8940000,1111,1851,8950000,3508
0,895,8950000,8950000,1111,1851,8960000,3511
0,896,8960000,8960000,1111,1851,8970000,3518
0,897,8970000,8970000,1111,1851,8980000,3521
0,898,8980000,8980000,1111,1851,8990000,3524
0,899,8990000,8990000,1111,1851,9000000,3528
0,9,90000,90000,1111,1851,100000,32
0,90,900000,900000,1111,1851,910000,350
0,900,9000000,9000000,1111,1851,9010000,3534
0,901,9010000,9010000,1111,1851,9020000,3536
0,902,9020000,9020000,1111,1851,9030000,3539
0,903,9030000,9030000,1111,1851,9040000,3545
0,904,9040000,9040000,1111,1851,9050000,3549
0,905,9050000,9050000,1111,1851,9060000,3551
0,906,9060000,9060000,1111,1851,9070000,3557
0,907,9070000,9070000,1111,1851,9080000,3560
0,908,9080000,9080000,1111,1851,9090000,3563
0,909,9090000,9090000,1111,1851,9100000,3566
0,91,910000,910000,1111,1851,920000,356
0,910,9100000,9100000,1111,1851,9110000,3574
0,911,9110000,9110000,1111,1851,9120000,3575
0,912,9120000,9120000,1111,1851,9130000,3580
0,913,9130000,9130000,1111,1851,9140000,3585
0,914,9140000,9140000,1111,1851,9150000,3587
0,915,9150000,9150000,1111,1851,9160000,3590
0,916,9160000,9160000,1111,1851,9170000,3594
0,917,9170000,9170000,1111,1851,9180000,3600
0,918,9180000,9180000,1111,1851,9190000,3604
0,919,9190000,9190000,1111,1851,9200000,3606
0,92,920000,920000,1111,1851,930000,360
0,920,9200000,9200000,1111,1851,9210000,3613
0,921,9210000,9210000,1111,1851,9220000,3615
0,922,9220000,9220000,1111,1851,9230000,3619
0,923,9230000,9230000,1111,1851,9240000,3620
0,924,9240000,9240000,1111,1851,9250000,3628
0,925,9250000,9250000,1111,1851,9260000,3631
0,926,9260000,9260000,1111,1851,9270000,3633
0,927,9270000,9270000,1111,1851,9280000,3640
0,928,9280000,9280000,1111,1851,9290000,3644
0,929,9290000,9290000,1111,1851,9300000,3645
0,93,930000,930000,1111,1851,940000,362
0,930,9300000,9300000,1111,1851,9310000,3649
0,931,9310000,9310000,1111,1851,9320000,3655
0,932,9320000,9320000,1111,1851,9330000,3659
0,933,9330000,9330000,1111,1851,9340000,3661
0,934,9340000,9340000,1111,1851,9350000,3667
0,935,9350000,9350000,1111,1851,9360000,3669
0,936,9360000,9360000,1111,1851,9370000,3674
0,937,9370000,9370000,1111,1851,9380000,3677
0,938,9380000,9380000,1111,1851,9390000,3683
0,939,9390000,9390000,1111,1851,9400000,3685
0,94,940000,940000,1111,1851,950000,368
0,940,9400000,9400000,1111,1851,9410000,3690
0,941,9410000,9410000,1111,1851,9420000,3694
0,942,9420000,9420000,1111,1851,9430000,3698
0,943,9430000,9430000,1111,1851,9440000,3700
0,944,9440000,9440000,1111,1851,9450000,3703
0,945,9450000,9450000,1111,1851,9460000,3711
0,946,9460000,9460000,1111,1851,9470000,3714
0,947,9470000,9470000,1111,1851,9480000,3716
0,948,9480000,9480000,1111,1851,9490000,3723
0,949,9490000,9490000,1111,1851,9500000,3725
0,95,950000,950000,1111,1851,960000,370
0,950,9500000,9500000,1111,1851,9510000,3728
0,951,9510000,9510000,1111,1851,9520000,3730
0,952,9520000,9520000,1111,1851,9530000,3739
0,953,9530000,9530000,1111,1851,9540000,3740
0,954,9540000,9540000,1111,1851,9550000,3744
0,955,9550000,9550000,1111,1851,9560000,3750
0,956,9560000,9560000,1111,1851,9570000,3753
0,957,9570000,9570000,1111,1851,9580000,3756
0,958,9580000,9580000,1111,1851,9590000,3759
0,959,9590000,9590000,1111,1851,9600000,3764
0,96,960000,960000,1111,1851,970000,374
0,960,9600000,9600000,1111,1851,9610000,3769
0,961,9610000,9610000,1111,1851,9620000,3771
0,962,9620000,9620000,1111,1851,9630000,3777
0,963,9630000,9630000,1111,1851,9640000,3780
0,964,9640000,9640000,1111,1851,9650000,3784
0,965,9650000,9650000,1111,1851,9660000,3786
0,966,9660000,9660000,1111,1851,9670000,3793
0,967,9670000,9670000,1111,1851,9680000,3796
0,968,9680000,9680000,1111,1851,9690000,3799
0,969,9690000,9690000,1111,1851,9700000,3804
0,97,970000,970000,1111,1851,980000,377
0,970,9700000,9700000,1111,1851,9710000,3808
0,971,9710000,9710000,1111,1851,9720000,3809
0,972,9720000,9720000,1111,1851,9730000,3815
0,973,9730000,9730000,1111,1851,9740000,3821
0,974,9740000,9740000,1111,1851,9750000,3823
0,975,9750000,9750000,1111,1851,9760000,3826
0,976,9760000,9760000,1111,1851,9770000,3833
0,977,9770000,9770000,1111,1851,9780000,3835
0,978,9780000,9780000,1111,1851,9790000,3838
0,979,9790000,9790000,1111,1851,9800000,3840
0,98,980000,980000,1111,1851,990000,383
0,980,9800000,9800000,1111,1851,9810000,3848
0,981,9810000,9810000,1111,1851,9820000,3851
0,982,9820000,9820000,1111,1851,9830000,3855
0,983,9830000,9830000,1111,1851,9840000,3859
0,984,9840000,9840000,1111,1851,9850000,3863
0,985,9850000,9850000,1111,1851,9860000,3866
0,986,9860000,9860000,1111,1851,9870000,3868
0,987,9870000,9870000,1111,1851,9880000,3875
0,988,9880000,9880000,1111,1851,9890000,3879
0,989,9890000,9890000,1111,1851,9900000,3880
0,99,990000,990000,1111,1851,1000000,386
0,990,9900000,9900000,1111,1851,9910000,3888
0,991,9910000,9910000,1111,1851,9920000,3890
0,992,9920000,9920000,1111,1851,9930000,3894
0,993,9930000,9930000,1111,1851,9940000,3896
0,994,9940000,9940000,1111,1851,9950000,3903
0,995,9950000,9950000,1111,1851,9960000,3905
0,996,9960000,9960000,1111,1851,9970000,3909
0,997,9970000,9970000,1111,1851,9980000,3915
0,998,9980000,9980000,1111,1851,9990000,3917
0,999,9990000,9990000,1111,1851,10000000,3920
1,0,0,0,2003,3338,15000,1
1,1,15000,15000,2003,3338,30000,6
1,10,150000,150000,2003,3338,165000,59
1,100,1500000,1500000,2003,3338,1515000,589
1,101,1515000,1515000,2003,3338,1530000,595
1,102,1530000,1530000,2003,3338,1545000,603
1,103,1545000,1545000,2003,3338,1560000,607
1,104,1560000,1560000,2003,3338,1575000,611
1,105,1575000,1575000,2003,3338,1590000,619
1,106,1590000,1590000,2003,3338,1605000,624
1,107,1605000,1605000,2003,3338,1620000,631
1,108,1620000,1620000,2003,3338,1635000,636
1,109,1635000,1635000,2003,3338,1650000,644
1,11,165000,165000,2003,3338,180000,66
1,110,1650000,1650000,2003,3338,1665000,648
1,111,1665000,1665000,2003,3338,1680000,652
1,112,1680000,1680000,2003,3338,1695000,660
1,113,1695000,1695000,2003,3338,1710000,665
1,114,1710000,1710000,2003,3338,1725000,673
1,115,1725000,1725000,2003,3338,1740000,677
1,116,1740000,1740000,2003,3338,1755000,685
1,117,1755000,1755000,2003,3338,1770000,690
1,118,1770000,1770000,2003,3338,1785000,694
1,119,1785000,1785000,2003,3338,1800000,700
1,12,180000,180000,2003,3338,195000,70
1,120,1800000,1800000,2003,3338,1815000,706
1,121,1815000,1815000,2003,3338,1830000,715
1,122,1830000,1830000,2003,3338,1845000,719
1,123,1845000,1845000,2003,3338,1860000,726
1,124,1860000,1860000,2003,3338,1875000,729
1,125,1875000,1875000,2003,3338,1890000,735
1,126,1890000,1890000,2003,3338,1905000,744
1,127,1905000,1905000,2003,3338,1920000,747
1,128,1920000,1920000,2003,3338,1935000,755
1,129,1935000,1935000,2003,3338,1950000,759
1,13,195000,195000,2003,3338,210000,76
1,130,1950000,1950000,2003,3338,1965000,768
1,131,1965000,1965000,2003,3338,1980000,772
1,132,1980000,1980000,2003,3338,1995000,776
1,133,1995000,1995000,2003,3338,2010000,785
1,134,2010000,2010000,2003,3338,2025000,788
1,135,2025000,2025000,2003,3338,2040000,796
1,136,2040000,2040000,2003,3338,2055000,801
1,137,2055000,2055000,2003,3338,2070000,808
1,138,2070000,2070000,2003,3338,2085000,814
1,139,2085000,2085000,2003,3338,2100000,817
1,14,210000,210000,2003,3338,225000,83
1,140,2100000,2100000,2003,3338,2115000,825
1,141,2115000,2115000,2003,3338,2130000,831
1,142,2130000,2130000,2003,3338,2145000,837
1,143,2145000,2145000,2003,3338,2160000,841
1,144,2160000,2160000,2003,3338,2175000,850
1,145,2175000,2175000,2003,3338,2190000,855
1,146,2190000,2190000,2003,3338,2205000,860
1,147,2205000,2205000,2003,3338,2220000,866
1,148,2220000,2220000,2003,3338,2235000,870
1,149,2235000,2235000,2003,3338,2250000,879
1,15,225000,225000,2003,3338,240000,87
1,150,2250000,2250000,2003,3338,2265000,884
1,151,2265000,2265000,2003,3338,2280000,891
1,152,2280000,2280000,2003,3338,2295000,895
1,153,2295000,2295000,2003,3338,2310000,900
1,154,2310000,2310000,2003,3338,2325000,908
1,155,2325000,2325000,2003,3338,2340000,912
1,156,2340000,2340000,2003,3338,2355000,920
1,157,2355000,2355000,2003,3338,2370000,925
1,158,2370000,2370000,2003,3338,2385000,933
1,159,2385000,2385000,2003,3338,2400000,936
1,16,240000,240000,2003,3338,255000,95
1,160,2400000,2400000,2003,3338,2415000,941
1,161,2415000,2415000,2003,3338,2430000,949
1,162,2430000,2430000,2003,3338,2445000,954
1,163,2445000,2445000,2003,3338,2460000,962
1,164,2460000,2460000,2003,3338,2475000,965
1,165,2475000,2475000,2003,3338,2490000,974
1,166,2490000,2490000,2003,3338,2505000,978
1,167,2505000,2505000,2003,3338,2520000,981
1,168,2520000,2520000,2003,3338,2535000,991
1,169,2535000,2535000,2003,3338,2550000,995
1,17,255000,255000,2003,3338,270000,99
1,170,2550000,2550000,2003,3338,2565000,1003
1,171,2565000,2565000,2003,3338,2580000,1007
1,172,2580000,2580000,2003,3338,2595000,1014
1,173,2595000,2595000,2003,3338,2610000,1020
1,174,2610000,2610000,2003,3338,2625000,1024
1,175,2625000,2625000,2003,3338,2640000,1031
1,176,2640000,2640000,2003,3338,2655000,1036
1,177,2655000,2655000,2003,3338,2670000,1044
1,178,2670000,2670000,2003,3338,2685000,1049
1,179,2685000,2685000,2003,3338,2700000,1055
1,18,270000,270000,2003,3338,285000,109
1,180,2700000,2700000,2003,3338,2715000,1060
1,181,2715000,2715000,2003,3338,2730000,1066
1,182,2730000,2730000,2003,3338,2745000,1073
1,183,2745000,2745000,2003,3338,2760000,1077
1,184,2760000,2760000,2003,3338,2775000,1084
1,185,2775000,2775000,2003,3338,2790000,1089
1,186,2790000,2790000,2003,3338,2805000,1099
1,187,2805000,2805000,2003,3338,2820000,1102
1,188,2820000,2820000,2003,3338,2835000,1106
1,189,2835000,2835000,2003,3338,2850000,1114
1,19,285000,285000,2003,3338,300000,112
1,190,2850000,2850000,2003,3338,2865000,1118
1,191,2865000,2865000,2003,3338,2880000,1126
1,192,2880000,2880000,2003,3338,2895000,1131
1,193,2895000,2895000,2003,3338,2910000,1139
1,194,2910000,2910000,2003,3338,2925000,1143
1,195,2925000,2925000,2003,3338,2940000,1147
1,196,2940000,2940000,2003,3338,2955000,1155
1,197,2955000,2955000,2003,3338,2970000,1160
1,198,2970000,2970000,2003,3338,2985000,1168
1,199,2985000,2985000,2003,3338,3000000,1171
1,2,30000,30000,2003,3338,45000,13
1,20,300000,300000,2003,3338,315000,116
1,200,3000000,3000000,2003,3338,3015000,1180
1,201,3015000,3015000,2003,3338,3030000,1185
1,202,3030000,3030000,2003,3338,3045000,1189
1,203,3045000,3045000,2003,3338,3060000,1196
1,204,3060000,3060000,2003,3338,3075000,1200
1,205,3075000,3075000,2003,3338,3090000,1210
1,206,3090000,3090000,2003,3338,3105000,1214
1,207,3105000,3105000,2003,3338,3120000,1220
1,208,3120000,3120000,2003,3338,3135000,1225
1,209,3135000,3135000,2003,3338,3150000,1229
1,21,315000,315000,2003,3338,330000,125
1,210,3150000,3150000,2003,3338,3165000,1239
1,211,3165000,3165000,2003,3338,3180000,1243
1,212,3180000,3180000,2003,3338,3195000,1249
1,213,3195000,3195000,2003,3338,3210000,1255
1,214,3210000,3210000,2003,3338,3225000,1262
1,215,3225000,3225000,2003,3338,3240000,1266
1,216,3240000,3240000,2003,3338,3255000,1272
1,217,3255000,3255000,2003,3338,3270000,1279
1,218,3270000,3270000,2003,3338,3285000,1284
1,219,3285000,3285000,2003,3338,3300000,1291
1,22,330000,330000,2003,3338,345000,128
1,220,3300000,3300000,2003,3338,3315000,1295
1,221,3315000,3315000,2003,3338,3330000,1304
1,222,3330000,3330000,2003,3338,3345000,1308
1,223,3345000,3345000,2003,3338,3360000,1312
1,224,3360000,3360000,2003,3338,3375000,1320
1,225,3375000,3375000,2003,3338,3390000,1325
1,226,3390000,3390000,2003,3338,3405000,1333
1,227,3405000,3405000,2003,3338,3420000,1336
1,228,3420000,3420000,2003,3338,3435000,1345
1,229,3435000,3435000,2003,3338,3450000,1350
1,23,345000,345000,2003,3338,360000,136
1,230,3450000,3450000,2003,3338,3465000,1354
1,231,3465000,3465000,2003,3338,3480000,1361
1,232,3480000,3480000,2003,3338,3495000,1365
1,233,3495000,3495000,2003,3338,3510000,1374
1,234,3510000,3510000,2003,3338,3525000,1379
1,235,3525000,3525000,2003,3338,3540000,1386
1,236,3540000,3540000,2003,3338,3555000,1390
1,237,3555000,3555000,2003,3338,3570000,1395
1,238,3570000,3570000,2003,3338,3585000,1403
1,239,3585000,3585000,2003,3338,3600000,1406
1,24,360000,360000,2003,3338,375000,141
1,240,3600000,3600000,2003,3338,3615000,1415
1,241,3615000,3615000,2003,3338,3630000,1420
1,242,3630000,3630000,2003,3338,3645000,1428
1,243,3645000,3645000,2003,3338,3660000,1432
1,244,3660000,3660000,2003,3338,3675000,1435
1,245,3675000,3675000,2003,3338,3690000,1444
1,246,3690000,3690000,2003,3338,3705000,1449
1,247,3705000,3705000,2003,3338,3720000,1456
1,248,3720000,3720000,2003,3338,3735000,1461
1,249,3735000,3735000,2003,3338,3750000,1468
1,25,375000,375000,2003,3338,390000,149
1,250,3750000,3750000,2003,3338,3765000,1473
1,251,3765000,3765000,2003,3338,3780000,1477
1,252,3780000,3780000,2003,3338,3795000,1485
1,253,3795000,3795000,2003,3338,3810000,1491
1,254,3810000,3810000,2003,3338,3825000,1497
1,255,3825000,3825000,2003,3338,3840000,1501
1,256,3840000,3840000,2003,3338,3855000,1510
1,257,3855000,3855000,2003,3338,3870000,1514
1,258,3870000,3870000,2003,3338,3885000,1520
1,259,3885000,3885000,2003,3338,3900000,1526
1,26,390000,390000,2003,3338,405000,154
1,260,3900000,3900000,2003,3338,3915000,1530
1,261,3915000,3915000,2003,3338,3930000,1540
1,262,3930000,3930000,2003,3338,3945000,1543
1,263,3945000,3945000,2003,3338,3960000,1550
1,264,3960000,3960000,2003,3338,3975000,1555
1,265,3975000,3975000,2003,3338,3990000,1560
1,266,3990000,3990000,2003,3338,4005000,1569
1,267,4005000,4005000,2003,3338,4020000,1572
1,268,4020000,4020000,2003,3338,4035000,1579
1,269,4035000,4035000,2003,3338,4050000,1584
1,27,405000,405000,2003,3338,420000,157
1,270,4050000,4050000,2003,3338,4065000,1593
1,271,4065000,4065000,2003,3338,4080000,1597
1,272,4080000,4080000,2003,3338,4095000,1601
1,273,4095000,4095000,2003,3338,4110000,1609
1,274,4110000,4110000,2003,3338,4125000,1613
1,275,4125000,4125000,2003,3338,4140000,1621
1,276,4140000,4140000,2003,3338,4155000,1626
1,277,4155000,4155000,2003,3338,4170000,1634
1,278,4170000,4170000,2003,3338,4185000,1638
1,279,4185000,4185000,2003,3338,4200000,1641
1,28,420000,420000,2003,3338,435000,165
1,280,4200000,4200000,2003,3338,4215000,1650
1,281,4215000,4215000,2003,3338,4230000,1655
1,282,4230000,4230000,2003,3338,4245000,1663
1,283,4245000,4245000,2003,3338,4260000,1667
1,284,4260000,4260000,2003,3338,4275000,1674
1,285,4275000,4275000,2003,3338,4290000,1680
1,286,4290000,4290000,2003,3338,4305000,1684
1,287,4305000,4305000,2003,3338,4320000,1690
1,288,4320000,4320000,2003,3338,4335000,1696
1,289,4335000,4335000,2003,3338,4350000,1704
1,29,435000,435000,2003,3338,450000,170
1,290,4350000,4350000,2003,3338,4365000,1709
1,291,4365000,4365000,2003,3338,4380000,1716
1,292,4380000,4380000,2003,3338,4395000,1719
1,293,4395000,4395000,2003,3338,4410000,1725
1,294,4410000,4410000,2003,3338,4425000,1733
1,295,4425000,4425000,2003,3338,4440000,1737
1,296,4440000,4440000,2003,3338,4455000,1745
1,297,4455000,4455000,2003,3338,4470000,1749
1,298,4470000,4470000,2003,3338,4485000,1758
1,299,4485000,4485000,2003,3338,4500000,1761
1,3,45000,45000,2003,3338,60000,17
1,30,450000,450000,2003,3338,465000,178
1,300,4500000,4500000,2003,3338,4515000,1766
1,301,4515000,4515000,2003,3338,4530000,1775
1,302,4530000,4530000,2003,3338,4545000,1778
1,303,4545000,4545000,2003,3338,4560000,1786
1,304,4560000,4560000,2003,3338,4575000,1790
1,305,4575000,4575000,2003,3338,4590000,1798
1,306,4590000,4590000,2003,3338,4605000,1804
1,307,4605000,4605000,2003,3338,4620000,1807
1,308,4620000,4620000,2003,3338,4635000,1815
1,309,4635000,4635000,2003,3338,4650000,1820
1,31,465000,465000,2003,3338,480000,182
1,310,4650000,4650000,2003,3338,4665000,1827
1,311,4665000,4665000,2003,3338,4680000,1831
1,312,4680000,4680000,2003,3338,4695000,1840
1,313,4695000,4695000,2003,3338,4710000,1845
1,314,4710000,4710000,2003,3338,4725000,1849
1,315,4725000,4725000,2003,3338,4740000,1856
1,316,4740000,4740000,2003,3338,4755000,1860
1,317,4755000,4755000,2003,3338,4770000,1869
1,318,4770000,4770000,2003,3338,4785000,1874
1,319,4785000,4785000,2003,3338,4800000,1880
1,32,480000,480000,2003,3338,495000,190
1,320,4800000,4800000,2003,3338,4815000,1885
1,321,4815000,4815000,2003,3338,4830000,1890
1,322,4830000,4830000,2003,3338,4845000,1898
1,323,4845000,4845000,2003,3338,4860000,1902
1,324,4860000,4860000,2003,3338,4875000,1909
1,325,4875000,4875000,2003,3338,4890000,1915
1,326,4890000,4890000,2003,3338,4905000,1923
1,327,4905000,4905000,2003,3338,4920000,1926
1,328,4920000,4920000,2003,3338,4935000,1931
1,329,4935000,4935000,2003,3338,4950000,1938
1,33,495000,495000,2003,3338,510000,195
1,330,4950000,4950000,2003,3338,4965000,1944
1,331,4965000,4965000,2003,3338,4980000,1952
1,332,4980000,4980000,2003,3338,4995000,1955
1,333,4995000,4995000,2003,3338,5010000,1964
1,334,5010000,5010000,2003,3338,5025000,1967
1,335,5025000,5025000,2003,3338,5040000,1971
1,336,5040000,5040000,2003,3338,5055000,1981
1,337,5055000,5055000,2003,3338,5070000,1985
1,338,5070000,5070000,2003,3338,5085000,1993
1,339,5085000,5085000,2003,3338,5100000,1996
1,34,510000,510000,2003,3338,525000,199
1,340,5100000,5100000,2003,3338,5115000,2004
1,341,5115000,5115000,2003,3338,5130000,2010
1,342,5130000,5130000,2003,3338,5145000,2014
1,343,5145000,5145000,2003,3338,5160000,2021
1,344,5160000,5160000,2003,3338,5175000,2025
1,345,5175000,5175000,2003,3338,5190000,2034
1,346,5190000,5190000,2003,3338,5205000,2039
1,347,5205000,5205000,2003,3338,5220000,2045
1,348,5220000,5220000,2003,3338,5235000,2050
1,349,5235000,5235000,2003,3338,5250000,2055
1,35,525000,525000,2003,3338,540000,206
1,350,5250000,5250000,2003,3338,5265000,2063
1,351,5265000,5265000,2003,3338,5280000,2067
1,352,5280000,5280000,2003,3338,5295000,2074
1,353,5295000,5295000,2003,3338,5310000,2079
1,354,5310000,5310000,2003,3338,5325000,2088
1,355,5325000,5325000,2003,3338,5340000,2092
1,356,5340000,5340000,2003,3338,5355000,2096
1,357,5355000,5355000,2003,3338,5370000,2104
1,358,5370000,5370000,2003,3338,5385000,2108
1,359,5385000,5385000,2003,3338,5400000,2115
1,36,540000,540000,2003,3338,555000,211
1,360,5400000,5400000,2003,3338,5415000,2121
1,361,5415000,5415000,2003,3338,5430000,2129
1,362,5430000,5430000,2003,3338,5445000,2133
1,363,5445000,5445000,2003,3338,5460000,2137
1,364,5460000,5460000,2003,3338,5475000,2144
1,365,5475000,5475000,2003,3338,5490000,2150
1,366,5490000,5490000,2003,3338,5505000,2158
1,367,5505000,5505000,2003,3338,5520000,2161
1,368,5520000,5520000,2003,3338,5535000,2170
1,369,5535000,5535000,2003,3338,5550000,2174
1,37,555000,555000,2003,3338,570000,220
1,370,5550000,5550000,2003,3338,5565000,2179
1,371,5565000,5565000,2003,3338,5580000,2186
1,372,5580000,5580000,2003,3338,5595000,2190
1,373,5595000,5595000,2003,3338,5610000,2200
1,374,5610000,5610000,2003,3338,5625000,2203
1,375,5625000,5625000,2003,3338,5640000,2210
1,376,5640000,5640000,2003,3338,5655000,2215
1,377,5655000,5655000,2003,3338,5670000,2219
1,378,5670000,5670000,2003,3338,5685000,2229
1,379,5685000,5685000,2003,3338,5700000,2232
1,38,570000,570000,2003,3338,585000,224
1,380,5700000,5700000,2003,3338,5715000,2239
1,381,5715000,5715000,2003,3338,5730000,2245
1,382,5730000,5730000,2003,3338,5745000,2252
1,383,5745000,5745000,2003,3338,5760000,2256
1,384,5760000,5760000,2003,3338,5775000,2261
1,385,5775000,5775000,2003,3338,5790000,2269
1,386,5790000,5790000,2003,3338,5805000,2274
1,387,5805000,5805000,2003,3338,5820000,2281
1,388,5820000,5820000,2003,3338,5835000,2285
1,389,5835000,5835000,2003,3338,5850000,2293
1,39,585000,585000,2003,3338,600000,230
1,390,5850000,5850000,2003,3338,5865000,2298
1,391,5865000,5865000,2003,3338,5880000,2302
1,392,5880000,5880000,2003,3338,5895000,2310
1,393,5895000,5895000,2003,3338,5910000,2315
1,394,5910000,5910000,2003,3338,5925000,2322
1,395,5925000,5925000,2003,3338,5940000,2326
1,396,5940000,5940000,2003,3338,5955000,2335
1,397,5955000,5955000,2003,3338,5970000,2340
1,398,5970000,5970000,2003,3338,5985000,2344
1,399,5985000,5985000,2003,3338,6000000,2350
1,4,60000,60000,2003,3338,75000,24
1,40,600000,600000,2003,3338,615000,235
1,400,6000000,6000000,2003,3338,6015000,2355
1,401,6015000,6015000,2003,3338,6030000,2364
1,402,6030000,6030000,2003,3338,6045000,2369
1,403,6045000,6045000,2003,3338,6060000,2376
1,404,6060000,6060000,2003,3338,6075000,2379
1,405,6075000,6075000,2003,3338,6090000,2385
1,406,6090000,6090000,2003,3338,6105000,2393
1,407,6105000,6105000,2003,3338,6120000,2396
1,408,6120000,6120000,2003,3338,6135000,2405
1,409,6135000,6135000,2003,3338,6150000,2409
1,41,615000,615000,2003,3338,630000,240
1,410,6150000,6150000,2003,3338,6165000,2418
1,411,6165000,6165000,2003,3338,6180000,2422
1,412,6180000,6180000,2003,3338,6195000,2425
1,413,6195000,6195000,2003,3338,6210000,2434
1,414,6210000,6210000,2003,3338,6225000,2438
1,415,6225000,6225000,2003,3338,6240000,2446
1,416,6240000,6240000,2003,3338,6255000,2451
1,417,6255000,6255000,2003,3338,6270000,2458
1,418,6270000,6270000,2003,3338,6285000,2463
1,419,6285000,6285000,2003,3338,6300000,2466
1,42,630000,630000,2003,3338,645000,249
1,420,6300000,6300000,2003,3338,6315000,2475
1,421,6315000,6315000,2003,3338,6330000,2481
1,422,6330000,6330000,2003,3338,6345000,2487
1,423,6345000,6345000,2003,3338,6360000,2491
1,424,6360000,6360000,2003,3338,6375000,2499
1,425,6375000,6375000,2003,3338,6390000,2504
1,426,6390000,6390000,2003,3338,6405000,2510
1,427,6405000,6405000,2003,3338,6420000,2516
1,428,6420000,6420000,2003,3338,6435000,2520
1,429,6435000,6435000,2003,3338,6450000,2529
1,43,645000,645000,2003,3338,660000,253
1,430,6450000,6450000,2003,3338,6465000,2533
1,431,6465000,6465000,2003,3338,6480000,2540
1,432,6480000,6480000,2003,3338,6495000,2545
1,433,6495000,6495000,2003,3338,6510000,2550
1,434,6510000,6510000,2003,3338,6525000,2558
1,435,6525000,6525000,2003,3338,6540000,2562
1,436,6540000,6540000,2003,3338,6555000,2569
1,437,6555000,6555000,2003,3338,6570000,2574
1,438,6570000,6570000,2003,3338,6585000,2583
1,439,6585000,6585000,2003,3338,6600000,2586
1,44,660000,660000,2003,3338,675000,259
1,440,6600000,6600000,2003,3338,6615000,2591
1,441,6615000,6615000,2003,3338,6630000,2599
1,442,6630000,6630000,2003,3338,6645000,2603
1,443,6645000,6645000,2003,3338,6660000,2611
1,444,6660000,6660000,2003,3338,6675000,2615
1,445,6675000,6675000,2003,3338,6690000,2624
1,446,6690000,6690000,2003,3338,6705000,2628
1,447,6705000,6705000,2003,3338,6720000,2631
1,448,6720000,6720000,2003,3338,6735000,2640
1,449,6735000,6735000,2003,3338,6750000,2644
1,45,675000,675000,2003,3338,690000,265
1,450,6750000,6750000,2003,3338,6765000,2653
1,451,6765000,6765000,2003,3338,6780000,2657
1,452,6780000,6780000,2003,3338,6795000,2664
1,453,6795000,6795000,2003,3338,6810000,2670
1,454,6810000,6810000,2003,3338,6825000,2673
1,455,6825000,6825000,2003,3338,6840000,2680
1,456,6840000,6840000,2003,3338,6855000,2686
1,457,6855000,6855000,2003,3338,6870000,2694
1,458,6870000,6870000,2003,3338,6885000,2699
1,459,6885000,6885000,2003,3338,6900000,2705
1,46,690000,690000,2003,3338,705000,273
1,460,6900000,6900000,2003,3338,6915000,2709
1,461,6915000,6915000,2003,3338,6930000,2715
1,462,6930000,6930000,2003,3338,6945000,2723
1,463,6945000,6945000,2003,3338,6960000,2727
1,464,6960000,6960000,2003,3338,6975000,2734
1,465,6975000,6975000,2003,3338,6990000,2739
1,466,6990000,6990000,2003,3338,7005000,2748
1,467,7005000,7005000,2003,3338,7020000,2751
1,468,7020000,7020000,2003,3338,7035000,2756
1,469,7035000,7035000,2003,3338,7050000,2764
1,47,705000,705000,2003,3338,720000,276
1,470,7050000,7050000,2003,3338,7065000,2768
1,471,7065000,7065000,2003,3338,7080000,2776
1,472,7080000,7080000,2003,3338,7095000,2780
1,473,7095000,7095000,2003,3338,7110000,2788
1,474,7110000,7110000,2003,3338,7125000,2793
1,475,7125000,7125000,2003,3338,7140000,2797
1,476,7140000,7140000,2003,3338,7155000,2805
1,477,7155000,7155000,2003,3338,7170000,2810
1,478,7170000,7170000,2003,3338,7185000,2817
1,479,7185000,7185000,2003,3338,7200000,2820
1,48,720000,720000,2003,3338,735000,282
1,480,7200000,7200000,2003,3338,7215000,2830
1,481,7215000,7215000,2003,3338,7230000,2835
1,482,7230000,7230000,2003,3338,7245000,2839
1,483,7245000,7245000,2003,3338,7260000,2846
1,484,7260000,7260000,2003,3338,7275000,2849
1,485,7275000,7275000,2003,3338,7290000,2859
1,486,7290000,7290000,2003,3338,7305000,2864
1,487,7305000,7305000,2003,3338,7320000,2870
1,488,7320000,7320000,2003,3338,7335000,2875
1,489,7335000,7335000,2003,3338,7350000,2879
1,49,735000,735000,2003,3338,750000,289
1,490,7350000,7350000,2003,3338,7365000,2888
1,491,7365000,7365000,2003,3338,7380000,2892
1,492,7380000,7380000,2003,3338,7395000,2899
1,493,7395000,7395000,2003,3338,7410000,2905
1,494,7410000,7410000,2003,3338,7425000,2912
1,495,7425000,7425000,2003,3338,7440000,2916
1,496,7440000,7440000,2003,3338,7455000,2921
1,497,7455000,7455000,2003,3338,7470000,2928
1,498,7470000,7470000,2003,3338,7485000,2934
1,499,7485000,7485000,2003,3338,7500000,2941
1,5,75000,75000,2003,3338,90000,30
1,50,750000,750000,2003,3338,765000,294
1,500,7500000,7500000,2003,3338,7515000,2945
1,501,7515000,7515000,2003,3338,7530000,2954
1,502,7530000,7530000,2003,3338,7545000,2957
1,503,7545000,7545000,2003,3338,7560000,2961
1,504,7560000,7560000,2003,3338,7575000,2970
1,505,7575000,7575000,2003,3338,7590000,2975
1,506,7590000,7590000,2003,3338,7605000,2983
1,507,7605000,7605000,2003,3338,7620000,2986
1,508,7620000,7620000,2003,3338,7635000,2994
1,509,7635000,7635000,2003,3338,7650000,2999
1,51,765000,765000,2003,3338,780000,302
1,510,7650000,7650000,2003,3338,7665000,3004
1,511,7665000,7665000,2003,3338,7680000,3011
1,512,7680000,7680000,2003,3338,7695000,3015
1,513,7695000,7695000,2003,3338,7710000,3024
1,514,7710000,7710000,2003,3338,7725000,3028
1,515,7725000,7725000,2003,3338,7740000,3035
1,516,7740000,7740000,2003,3338,7755000,3040
1,517,7755000,7755000,2003,3338,7770000,3045
1,518,7770000,7770000,2003,3338,7785000,3053
1,519,7785000,7785000,2003,3338,7800000,3056
1,52,780000,780000,2003,3338,795000,305
1,520,7800000,7800000,2003,3338,7815000,3064
1,521,7815000,7815000,2003,3338,7830000,3069
1,522,7830000,7830000,2003,3338,7845000,3078
1,523,7845000,7845000,2003,3338,7860000,3082
1,524,7860000,7860000,2003,3338,7875000,3085
1,525,7875000,7875000,2003,3338,7890000,3094
1,526,7890000,7890000,2003,3338,7905000,3098
1,527,7905000,7905000,2003,3338,7920000,3105
1,528,7920000,7920000,2003,3338,7935000,3111
1,529,7935000,7935000,2003,3338,7950000,3118
1,53,795000,795000,2003,3338,810000,314
1,530,7950000,7950000,2003,3338,7965000,3123
1,531,7965000,7965000,2003,3338,7980000,3127
1,532,7980000,7980000,2003,3338,7995000,3134
1,533,7995000,7995000,2003,3338,8010000,3140
1,534,8010000,8010000,2003,3338,8025000,3147
1,535,8025000,8025000,2003,3338,8040000,3151
1,536,8040000,8040000,2003,3338,8055000,3160
1,537,8055000,8055000,2003,3338,8070000,3164
1,538,8070000,8070000,2003,3338,8085000,3169
1,539,8085000,8085000,2003,3338,8100000,3175
1,54,810000,810000,2003,3338,825000,318
1,540,8100000,8100000,2003,3338,8115000,3180
1,541,8115000,8115000,2003,3338,8130000,3190
1,542,8130000,8130000,2003,3338,8145000,3193
1,543,8145000,8145000,2003,3338,8160000,3200
1,544,8160000,8160000,2003,3338,8175000,3204
1,545,8175000,8175000,2003,3338,8190000,3209
1,546,8190000,8190000,2003,3338,8205000,3219
1,547,8205000,8205000,2003,3338,8220000,3222
1,548,8220000,8220000,2003,3338,8235000,3229
1,549,8235000,8235000,2003,3338,8250000,3234
1,55,825000,825000,2003,3338,840000,322
1,550,8250000,8250000,2003,3338,8265000,3242
1,551,8265000,8265000,2003,3338,8280000,3246
1,552,8280000,8280000,2003,3338,8295000,3251
1,553,8295000,8295000,2003,3338,8310000,3259
1,554,8310000,8310000,2003,3338,8325000,3263
1,555,8325000,8325000,2003,3338,8340000,3271
1,556,8340000,8340000,2003,3338,8355000,3275
1,557,8355000,8355000,2003,3338,8370000,3283
1,558,8370000,8370000,2003,3338,8385000,3288
1,559,8385000,8385000,2003,3338,8400000,3291
1,56,840000,840000,2003,3338,855000,331
1,560,8400000,8400000,2003,3338,8415000,3300
1,561,8415000,8415000,2003,3338,8430000,3305
1,562,8430000,8430000,2003,3338,8445000,3312
1,563,8445000,8445000,2003,3338,8460000,3316
1,564,8460000,8460000,2003,3338,8475000,3324
1,565,8475000,8475000,2003,3338,8490000,3330
1,566,8490000,8490000,2003,3338,8505000,3334
1,567,8505000,8505000,2003,3338,8520000,3340
1,568,8520000,8520000,2003,3338,8535000,3345
1,569,8535000,8535000,2003,3338,8550000,3353
1,57,855000,855000,2003,3338,870000,335
1,570,8550000,8550000,2003,3338,8565000,3359
1,571,8565000,8565000,2003,3338,8580000,3366
1,572,8580000,8580000,2003,3338,8595000,3369
1,573,8595000,8595000,2003,3338,8610000,3375
1,574,8610000,8610000,2003,3338,8625000,3382
1,575,8625000,8625000,2003,3338,8640000,3386
1,576,8640000,8640000,2003,3338,8655000,3395
1,577,8655000,8655000,2003,3338,8670000,3399
1,578,8670000,8670000,2003,3338,8685000,3408
1,579,8685000,8685000,2003,3338,8700000,3411
1,58,870000,870000,2003,3338,885000,343
1,580,8700000,8700000,2003,3338,8715000,3415
1,581,8715000,8715000,2003,3338,8730000,3424
1,582,8730000,8730000,2003,3338,8745000,3428
1,583,8745000,8745000,2003,3338,8760000,3436
1,584,8760000,8760000,2003,3338,8775000,3440
1,585,8775000,8775000,2003,3338,8790000,3448
1,586,8790000,8790000,2003,3338,8805000,3453
1,587,8805000,8805000,2003,3338,8820000,3456
1,588,8820000,8820000,2003,3338,8835000,3465
1,589,8835000,8835000,2003,3338,8850000,3470
1,59,885000,885000,2003,3338,900000,346
1,590,8850000,8850000,2003,3338,8865000,3477
1,591,8865000,8865000,2003,3338,8880000,3481
1,592,8880000,8880000,2003,3338,8895000,3489
1,593,8895000,8895000,2003,3338,8910000,3494
1,594,8910000,8910000,2003,3338,8925000,3499
1,595,8925000,8925000,2003,3338,8940000,3506
1,596,8940000,8940000,2003,3338,8955000,3510
1,597,8955000,8955000,2003,3338,8970000,3519
1,598,8970000,8970000,2003,3338,8985000,3523
1,599,8985000,8985000,2003,3338,9000000,3529
1,6,90000,90000,2003,3338,105000,35
1,60,900000,900000,2003,3338,915000,355
1,600,9000000,9000000,2003,3338,9015000,3535
1,601,9015000,9015000,2003,3338,9030000,3540
1,602,9030000,9030000,2003,3338,9045000,3548
1,603,9045000,9045000,2003,3338,9060000,3552
1,604,9060000,9060000,2003,3338,9075000,3558
1,605,9075000,9075000,2003,3338,9090000,3564
1,606,9090000,9090000,2003,3338,9105000,3573
1,607,9105000,9105000,2003,3338,9120000,3576
1,608,9120000,9120000,2003,3338,9135000,3581
1,609,9135000,9135000,2003,3338,9150000,3588
1,61,915000,915000,2003,3338,930000,361
1,610,9150000,9150000,2003,3338,9165000,3593
1,611,9165000,9165000,2003,3338,9180000,3601
1,612,9180000,9180000,2003,3338,9195000,3605
1,613,9195000,9195000,2003,3338,9210000,3614
1,614,9210000,9210000,2003,3338,9225000,3617
1,615,9225000,9225000,2003,3338,9240000,3621
1,616,9240000,9240000,2003,3338,9255000,3630
1,617,9255000,9255000,2003,3338,9270000,3634
1,618,9270000,9270000,2003,3338,9285000,3643
1,619,9285000,9285000,2003,3338,9300000,3646
1,62,930000,930000,2003,3338,945000,364
1,620,9300000,9300000,2003,3338,9315000,3654
1,621,9315000,9315000,2003,3338,9330000,3660
1,622,9330000,9330000,2003,3338,9345000,3663
1,623,9345000,9345000,2003,3338,9360000,3670
1,624,9360000,9360000,2003,3338,9375000,3675
1,625,9375000,9375000,2003,3338,9390000,3684
1,626,9390000,9390000,2003,3338,9405000,3689
1,627,9405000,9405000,2003,3338,9420000,3695
1,628,9420000,9420000,2003,3338,9435000,3699
1,629,9435000,9435000,2003,3338,9450000,3704
1,63,945000,945000,2003,3338,960000,371
1,630,9450000,9450000,2003,3338,9465000,3713
1,631,9465000,9465000,2003,3338,9480000,3717
1,632,9480000,9480000,2003,3338,9495000,3724
1,633,9495000,9495000,2003,3338,9510000,3729
1,634,9510000,9510000,2003,3338,9525000,3737
1,635,9525000,9525000,2003,3338,9540000,3741
1,636,9540000,9540000,2003,3338,9555000,3746
1,637,9555000,9555000,2003,3338,9570000,3754
1,638,9570000,9570000,2003,3338,9585000,3758
1,639,9585000,9585000,2003,3338,9600000,3765
1,64,960000,960000,2003,3338,975000,375
1,640,9600000,9600000,2003,3338,9615000,3770
1,641,9615000,9615000,2003,3338,9630000,3778
1,642,9630000,9630000,2003,3338,9645000,3783
1,643,9645000,9645000,2003,3338,9660000,3787
1,644,9660000,9660000,2003,3338,9675000,3794
1,645,9675000,9675000,2003,3338,9690000,3800
1,646,9690000,9690000,2003,3338,9705000,3807
1,647,9705000,9705000,2003,3338,9720000,3810
1,648,9720000,9720000,2003,3338,9735000,3820
1,649,9735000,9735000,2003,3338,9750000,3824
1,65,975000,975000,2003,3338,990000,384
1,650,9750000,9750000,2003,3338,9765000,3829
1,651,9765000,9765000,2003,3338,9780000,3836
1,652,9780000,9780000,2003,3338,9795000,3839
1,653,9795000,9795000,2003,3338,9810000,3849
1,654,9810000,9810000,2003,3338,9825000,3853
1,655,9825000,9825000,2003,3338,9840000,3860
1,656,9840000,9840000,2003,3338,9855000,3865
1,657,9855000,9855000,2003,3338,9870000,3869
1,658,9870000,9870000,2003,3338,9885000,3878
1,659,9885000,9885000,2003,3338,9900000,3881
1,66,990000,990000,2003,3338,1005000,390
1,660,9900000,9900000,2003,3338,9915000,3889
1,661,9915000,9915000,2003,3338,9930000,3895
1,662,9930000,9930000,2003,3338,9945000,3902
1,663,9945000,9945000,2003,3338,9960000,3906
1,664,9960000,9960000,2003,3338,9975000,3910
1,665,9975000,9975000,2003,3338,9990000,3918
1,666,9990000,9990000,2003,3338,10005000,3924
1,667,10005000,10005000,2003,3338,10020000,3931
1,668,10020000,10020000,2003,3338,10035000,3935
1,669,10035000,10035000,2003,3338,10050000,3943
1,67,1005000,1005000,2003,3338,1020000,396
1,670,10050000,10050000,2003,3338,10065000,3947
1,671,10065000,10065000,2003,3338,10080000,3951
1,672,10080000,10080000,2003,3338,10095000,3960
1,673,10095000,10095000,2003,3338,10110000,3965
1,674,10110000,10110000,2003,3338,10125000,3972
1,675,10125000,10125000,2003,3338,10140000,3976
1,676,10140000,10140000,2003,3338,10155000,3984
1,677,10155000,10155000,2003,3338,10170000,3989
1,678,10170000,10170000,2003,3338,10185000,3994
1,679,10185000,10185000,2003,3338,10200000,4000
1,68,1020000,1020000,2003,3338,1035000,400
1,680,10200000,10200000,2003,3338,10215000,4005
1,681,10215000,10215000,2003,3338,10230000,4014
1,682,10230000,10230000,2003,3338,10245000,4018
1,683,10245000,10245000,2003,3338,10260000,4025
1,684,10260000,10260000,2003,3338,10275000,4029
1,685,10275000,10275000,2003,3338,10290000,4035
1,686,10290000,10290000,2003,3338,10305000,4043
1,687,10305000,10305000,2003,3338,10320000,4046
1,688,10320000,10320000,2003,3338,10335000,4054
1,689,10335000,10335000,2003,3338,10350000,4058
1,69,1035000,1035000,2003,3338,1050000,405
1,690,10350000,10350000,2003,3338,10365000,4068
1,691,10365000,10365000,2003,3338,10380000,4072
1,692,10380000,10380000,2003,3338,10395000,4075
1,693,10395000,10395000,2003,3338,10410000,4084
1,694,10410000,10410000,2003,3338,10425000,4087
1,695,10425000,10425000,2003,3338,10440000,4095
1,696,10440000,10440000,2003,3338,10455000,4101
1,697,10455000,10455000,2003,3338,10470000,4108
1,698,10470000,10470000,2003,3338,10485000,4113
1,699,10485000,10485000,2003,3338,10500000,4116
1,7,105000,105000,2003,3338,120000,41
1,70,1050000,1050000,2003,3338,1065000,413
1,700,10500000,10500000,2003,3338,10515000,4124
1,701,10515000,10515000,2003,3338,10530000,4130
1,702,10530000,10530000,2003,3338,10545000,4137
1,703,10545000,10545000,2003,3338,10560000,4141
1,704,10560000,10560000,2003,3338,10575000,4149
1,705,10575000,10575000,2003,3338,10590000,4154
1,706,10590000,10590000,2003,3338,10605000,4159
1,707,10605000,10605000,2003,3338,10620000,4165
1,708,10620000,10620000,2003,3338,10635000,4170
1,709,10635000,10635000,2003,3338,10650000,4179
1,71,1065000,1065000,2003,3338,1080000,417
1,710,10650000,10650000,2003,3338,10665000,4183
1,711,10665000,10665000,2003,3338,10680000,4190
1,712,10680000,10680000,2003,3338,10695000,4194
1,713,10695000,10695000,2003,3338,10710000,4199
1,714,10710000,10710000,2003,3338,10725000,4208
1,715,10725000,10725000,2003,3338,10740000,4212
1,716,10740000,10740000,2003,3338,10755000,4219
1,717,10755000,10755000,2003,3338,10770000,4224
1,718,10770000,10770000,2003,3338,10785000,4232
1,719,10785000,10785000,2003,3338,10800000,4235
1,72,1080000,1080000,2003,3338,1095000,425
1,720,10800000,10800000,2003,3338,10815000,4241
1,721,10815000,10815000,2003,3338,10830000,4249
1,722,10830000,10830000,2003,3338,10845000,4253
1,723,10845000,10845000,2003,3338,10860000,4261
1,724,10860000,10860000,2003,3338,10875000,4264
1,725,10875000,10875000,2003,3338,10890000,4273
1,726,10890000,10890000,2003,3338,10905000,4278
1,727,10905000,10905000,2003,3338,10920000,4281
1,728,10920000,10920000,2003,3338,10935000,4290
1,729,10935000,10935000,2003,3338,10950000,4294
1,73,1095000,1095000,2003,3338,1110000,430
1,730,10950000,10950000,2003,3338,10965000,4302
1,731,10965000,10965000,2003,3338,10980000,4306
1,732,10980000,10980000,2003,3338,10995000,4314
1,733,10995000,10995000,2003,3338,11010000,4320
1,734,11010000,11010000,2003,3338,11025000,4323
1,735,11025000,11025000,2003,3338,11040000,4330
1,736,11040000,11040000,2003,3338,11055000,4335
1,737,11055000,11055000,2003,3338,11070000,4343
1,738,11070000,11070000,2003,3338,11085000,4349
1,739,11085000,11085000,2003,3338,11100000,4355
1,74,1110000,1110000,2003,3338,1125000,438
1,740,11100000,11100000,2003,3338,11115000,4359
1,741,11115000,11115000,2003,3338,11130000,4365
1,742,11130000,11130000,2003,3338,11145000,4372
1,743,11145000,11145000,2003,3338,11160000,4376
1,744,11160000,11160000,2003,3338,11175000,4384
1,745,11175000,11175000,2003,3338,11190000,4389
1,746,11190000,11190000,2003,3338,11205000,4398
1,747,11205000,11205000,2003,3338,11220000,4401
1,748,11220000,11220000,2003,3338,11235000,4405
1,749,11235000,11235000,2003,3338,11250000,4413
1,75,1125000,1125000,2003,3338,1140000,442
1,750,11250000,11250000,2003,3338,11265000,4418
1,751,11265000,11265000,2003,3338,11280000,4426
1,752,11280000,11280000,2003,3338,11295000,4430
1,753,11295000,11295000,2003,3338,11310000,4438
1,754,11310000,11310000,2003,3338,11325000,4442
1,755,11325000,11325000,2003,3338,11340000,4446
1,756,11340000,11340000,2003,3338,11355000,4455
1,757,11355000,11355000,2003,3338,11370000,4460
1,758,11370000,11370000,2003,3338,11385000,4467
1,759,11385000,11385000,2003,3338,11400000,4470
1,76,1140000,1140000,2003,3338,1155000,446
1,760,11400000,11400000,2003,3338,11415000,4479
1,761,11415000,11415000,2003,3338,11430000,4484
1,762,11430000,11430000,2003,3338,11445000,4489
1,763,11445000,11445000,2003,3338,11460000,4496
1,764,11460000,11460000,2003,3338,11475000,4499
1,765,11475000,11475000,2003,3338,11490000,4509
1,766,11490000,11490000,2003,3338,11505000,4513
1,767,11505000,11505000,2003,3338,11520000,4519
1,768,11520000,11520000,2003,3338,11535000,4525
1,769,11535000,11535000,2003,3338,11550000,4529
1,77,1155000,1155000,2003,3338,1170000,454
1,770,11550000,11550000,2003,3338,11565000,4538
1,771,11565000,11565000,2003,3338,11580000,4542
1,772,11580000,11580000,2003,3338,11595000,4548
1,773,11595000,11595000,2003,3338,11610000,4554
1,774,11610000,11610000,2003,3338,11625000,4562
1,775,11625000,11625000,2003,3338,11640000,4566
1,776,11640000,11640000,2003,3338,11655000,4571
1,777,11655000,11655000,2003,3338,11670000,4578
1,778,11670000,11670000,2003,3338,11685000,4583
1,779,11685000,11685000,2003,3338,11700000,4590
1,78,1170000,1170000,2003,3338,1185000,459
1,780,11700000,11700000,2003,3338,11715000,4595
1,781,11715000,11715000,2003,3338,11730000,4604
1,782,11730000,11730000,2003,3338,11745000,4607
1,783,11745000,11745000,2003,3338,11760000,4611
1,784,11760000,11760000,2003,3338,11775000,4619
1,785,11775000,11775000,2003,3338,11790000,4624
1,786,11790000,11790000,2003,3338,11805000,4633
1,787,11805000,11805000,2003,3338,11820000,4636
1,788,11820000,11820000,2003,3338,11835000,4644
1,789,11835000,11835000,2003,3338,11850000,4649
1,79,1185000,1185000,2003,3338,1200000,466
1,790,11850000,11850000,2003,3338,11865000,4653
1,791,11865000,11865000,2003,3338,11880000,4660
1,792,11880000,11880000,2003,3338,11895000,4665
1,793,11895000,11895000,2003,3338,11910000,4674
1,794,11910000,11910000,2003,3338,11925000,4678
1,795,11925000,11925000,2003,3338,11940000,4685
1,796,11940000,11940000,2003,3338,11955000,4689
1,797,11955000,11955000,2003,3338,11970000,4694
1,798,11970000,11970000,2003,3338,11985000,4703
1,799,11985000,11985000,2003,3338,12000000,4706
1,8,120000,120000,2003,3338,135000,46
1,80,1200000,1200000,2003,3338,1215000,471
1,800,12000000,12000000,2003,3338,12015000,4714
1,801,12015000,12015000,2003,3338,12030000,4719
1,802,12030000,12030000,2003,3338,12045000,4727
1,803,12045000,12045000,2003,3338,12060000,4731
1,804,12060000,12060000,2003,3338,12075000,4735
1,805,12075000,12075000,2003,3338,12090000,4744
1,806,12090000,12090000,2003,3338,12105000,4748
1,807,12105000,12105000,2003,3338,12120000,4755
1,808,12120000,12120000,2003,3338,12135000,4760
1,809,12135000,12135000,2003,3338,12150000,4767
1,81,1215000,1215000,2003,3338,1230000,479
1,810,12150000,12150000,2003,3338,12165000,4773
1,811,12165000,12165000,2003,3338,12180000,4777
1,812,12180000,12180000,2003,3338,12195000,4784
1,813,12195000,12195000,2003,3338,12210000,4790
1,814,12210000,12210000,2003,3338,12225000,4796
1,815,12225000,12225000,2003,3338,12240000,4800
1,816,12240000,12240000,2003,3338,12255000,4810
1,817,12255000,12255000,2003,3338,12270000,4814
1,818,12270000,12270000,2003,3338,12285000,4819
1,819,12285000,12285000,2003,3338,12300000,4825
1,82,1230000,1230000,2003,3338,1245000,483
1,820,12300000,12300000,2003,3338,12315000,4829
1,821,12315000,12315000,2003,3338,12330000,4839
1,822,12330000,12330000,2003,3338,12345000,4843
1,823,12345000,12345000,2003,3338,12360000,4850
1,824,12360000,12360000,2003,3338,12375000,4854
1,825,12375000,12375000,2003,3338,12390000,4859
1,826,12390000,12390000,2003,3338,12405000,4868
1,827,12405000,12405000,2003,3338,12420000,4871
1,828,12420000,12420000,2003,3338,12435000,4879
1,829,12435000,12435000,2003,3338,12450000,4884
1,83,1245000,1245000,2003,3338,1260000,487
1,830,12450000,12450000,2003,3338,12465000,4892
1,831,12465000,12465000,2003,3338,12480000,4896
1,832,12480000,12480000,2003,3338,12495000,4900
1,833,12495000,12495000,2003,3338,12510000,4908
1,834,12510000,12510000,2003,3338,12525000,4913
1,835,12525000,12525000,2003,3338,12540000,4921
1,836,12540000,12540000,2003,3338,12555000,4925
1,837,12555000,12555000,2003,3338,12570000,4933
1,838,12570000,12570000,2003,3338,12585000,4937
1,839,12585000,12585000,2003,3338,12600000,4940
1,84,1260000,1260000,2003,3338,1275000,495
1,85,1275000,1275000,2003,3338,1290000,501
1,86,1290000,1290000,2003,3338,1305000,508
1,87,1305000,1305000,2003,3338,1320000,511
1,88,1320000,1320000,2003,3338,1335000,520
1,89,1335000,1335000,2003,3338,1350000,524
1,9,135000,135000,2003,3338,150000,54
1,90,1350000,1350000,2003,3338,1365000,530
1,91,1365000,1365000,2003,3338,1380000,537
1,92,1380000,1380000,2003,3338,1395000,540
1,93,1395000,1395000,2003,3338,1410000,550
1,94,1410000,1410000,2003,3338,1425000,553
1,95,1425000,1425000,2003,3338,1440000,560
1,96,1440000,1440000,2003,3338,1455000,566
1,97,1455000,1455000,2003,3338,1470000,570
1,98,1470000,1470000,2003,3338,1485000,579
1,99,1485000,1485000,2003,3338,1500000,582
2,0,0,0,45,75,20000,3
2,1,20000,20000,45,75,40000,11
2,10,200000,200000,45,75,220000,82
2,100,2000000,2000000,45,75,2020000,787
2,101,2020000,2020000,45,75,2040000,797
2,102,2040000,2040000,45,75,2060000,803
2,103,2060000,2060000,45,75,2080000,812
2,104,2080000,2080000,45,75,2100000,818
2,105,2100000,2100000,45,75,2120000,827
2,106,2120000,2120000,45,75,2140000,836
2,107,2140000,2140000,45,75,2160000,842
2,108,2160000,2160000,45,75,2180000,853
2,109,2180000,2180000,45,75,2200000,857
2,11,220000,220000,45,75,240000,88
2,110,2200000,2200000,45,75,2220000,867
2,111,2220000,2220000,45,75,2240000,872
2,112,2240000,2240000,45,75,2260000,883
2,113,2260000,2260000,45,75,2280000,892
2,114,2280000,2280000,45,75,2300000,897
2,115,2300000,2300000,45,75,2320000,906
2,116,2320000,2320000,45,75,2340000,913
2,117,2340000,2340000,45,75,2360000,922
2,118,2360000,2360000,45,75,2380000,928
2,119,2380000,2380000,45,75,2400000,937
2,12,240000,240000,45,75,260000,97
2,120,2400000,2400000,45,75,2420000,946
2,121,2420000,2420000,45,75,2440000,952
2,122,2440000,2440000,45,75,2460000,963
2,123,2460000,2460000,45,75,2480000,968
2,124,2480000,2480000,45,75,2500000,976
2,125,2500000,2500000,45,75,2520000,982
2,126,2520000,2520000,45,75,2540000,993
2,127,2540000,2540000,45,75,2560000,1001
2,128,2560000,2560000,45,75,2580000,1008
2,129,2580000,2580000,45,75,2600000,1016
2,13,260000,260000,45,75,280000,103
2,130,2600000,2600000,45,75,2620000,1023
2,131,2620000,2620000,45,75,2640000,1032
2,132,2640000,2640000,45,75,2660000,1038
2,133,2660000,2660000,45,75,2680000,1047
2,134,2680000,2680000,45,75,2700000,1056
2,135,2700000,2700000,45,75,2720000,1062
2,136,2720000,2720000,45,75,2740000,1072
2,137,2740000,2740000,45,75,2760000,1078
2,138,2760000,2760000,45,75,2780000,1087
2,139,2780000,2780000,45,75,2800000,1092
2,14,280000,280000,45,75,300000,113
2,140,2800000,2800000,45,75,2820000,1103
2,141,2820000,2820000,45,75,2840000,1111
2,142,2840000,2840000,45,75,2860000,1117
2,143,2860000,2860000,45,75,2880000,1127
2,144,2880000,2880000,45,75,2900000,1133
2,145,2900000,2900000,45,75,2920000,1141
2,146,2920000,2920000,45,75,2940000,1148
2,147,2940000,2940000,45,75,2960000,1157
2,148,2960000,2960000,45,75,2980000,1167
2,149,2980000,2980000,45,75,3000000,1172
2,15,300000,300000,45,75,320000,121
2,150,3000000,3000000,45,75,3020000,1182
2,151,3020000,3020000,45,75,3040000,1187
2,152,3040000,3040000,45,75,3060000,1197
2,153,3060000,3060000,45,75,3080000,1203
2,154,3080000,3080000,45,75,3100000,1212
2,155,3100000,3100000,45,75,3120000,1221
2,156,3120000,3120000,45,75,3140000,1227
2,157,3140000,3140000,45,75,3160000,1237
2,158,3160000,3160000,45,75,3180000,1244
2,159,3180000,3180000,45,75,3200000,1251
2,16,320000,320000,45,75,340000,127
2,160,3200000,3200000,45,75,3220000,1257
2,161,3220000,3220000,45,75,3240000,1267
2,162,3240000,3240000,45,75,3260000,1277
2,163,3260000,3260000,45,75,3280000,1282
2,164,3280000,3280000,45,75,3300000,1292
2,165,3300000,3300000,45,75,3320000,1297
2,166,3320000,3320000,45,75,3340000,1307
2,167,3340000,3340000,45,75,3360000,1313
2,168,3360000,3360000,45,75,3380000,1323
2,169,3380000,3380000,45,75,3400000,1330
2,17,340000,340000,45,75,360000,137
2,170,3400000,3400000,45,75,3420000,1337
2,171,3420000,3420000,45,75,3440000,1347
2,172,3440000,3440000,45,75,3460000,1353
2,173,3460000,3460000,45,75,3480000,1362
2,174,3480000,3480000,45,75,3500000,1367
2,175,3500000,3500000,45,75,3520000,1377
2,176,3520000,3520000,45,75,3540000,1387
2,177,3540000,3540000,45,75,3560000,1392
2,178,3560000,3560000,45,75,3580000,1402
2,179,3580000,3580000,45,75,3600000,1407
2,18,360000,360000,45,75,380000,144
2,180,3600000,3600000,45,75,3620000,1417
2,181,3620000,3620000,45,75,3640000,1422
2,182,3640000,3640000,45,75,3660000,1433
2,183,3660000,3660000,45,75,3680000,1441
2,184,3680000,3680000,45,75,3700000,1447
2,185,3700000,3700000,45,75,3720000,1457
2,186,3720000,3720000,45,75,3740000,1463
2,187,3740000,3740000,45,75,3760000,1471
2,188,3760000,3760000,45,75,3780000,1478
2,189,3780000,3780000,45,75,3800000,1487
2,19,380000,380000,45,75,400000,151
2,190,3800000,3800000,45,75,3820000,1496
2,191,3820000,3820000,45,75,3840000,1502
2,192,3840000,3840000,45,75,3860000,1512
2,193,3860000,3860000,45,75,3880000,1518
2,194,3880000,3880000,45,75,3900000,1527
2,195,3900000,3900000,45,75,3920000,1532
2,196,3920000,3920000,45,75,3940000,1542
2,197,3940000,3940000,45,75,3960000,1551
2,198,3960000,3960000,45,75,3980000,1558
2,199,3980000,3980000,45,75,4000000,1566
2,2,40000,40000,45,75,60000,18
2,20,400000,400000,45,75,420000,158
2,200,4000000,4000000,45,75,4020000,1573
2,201,4020000,4020000,45,75,4040000,1581
2,202,4040000,4040000,45,75,4060000,1588
2,203,4060000,4060000,45,75,4080000,1598
2,204,4080000,4080000,45,75,4100000,1606
2,205,4100000,4100000,45,75,4120000,1611
2,206,4120000,4120000,45,75,4140000,1622
2,207,4140000,4140000,45,75,4160000,1628
2,208,4160000,4160000,45,75,4180000,1637
2,209,4180000,4180000,45,75,4200000,1642
2,21,420000,420000,45,75,440000,167
2,210,4200000,4200000,45,75,4220000,1652
2,211,4220000,4220000,45,75,4240000,1661
2,212,4240000,4240000,45,75,4260000,1668
2,213,4260000,4260000,45,75,4280000,1677
2,214,4280000,4280000,45,75,4300000,1682
2,215,4300000,4300000,45,75,4320000,1691
2,216,4320000,4320000,45,75,4340000,1698
2,217,4340000,4340000,45,75,4360000,1707
2,218,4360000,4360000,45,75,4380000,1717
2,219,4380000,4380000,45,75,4400000,1721
2,22,440000,440000,45,75,460000,177
2,220,4400000,4400000,45,75,4420000,1732
2,221,4420000,4420000,45,75,4440000,1738
2,222,4440000,4440000,45,75,4460000,1747
2,223,4460000,4460000,45,75,4480000,1752
2,224,4480000,4480000,45,75,4500000,1762
2,225,4500000,4500000,45,75,4520000,1771
2,226,4520000,4520000,45,75,4540000,1777
2,227,4540000,4540000,45,75,4560000,1787
2,228,4560000,4560000,45,75,4580000,1793
2,229,4580000,4580000,45,75,4600000,1801
2,23,460000,460000,45,75,480000,183
2,230,4600000,4600000,45,75,4620000,1808
2,231,4620000,4620000,45,75,4640000,1817
2,232,4640000,4640000,45,75,4660000,1826
2,233,4660000,4660000,45,75,4680000,1832
2,234,4680000,4680000,45,75,4700000,1842
2,235,4700000,4700000,45,75,4720000,1847
2,236,4720000,4720000,45,75,4740000,1857
2,237,4740000,4740000,45,75,4760000,1862
2,238,4760000,4760000,45,75,4780000,1873
2,239,4780000,4780000,45,75,4800000,1881
2,24,480000,480000,45,75,500000,192
2,240,4800000,4800000,45,75,4820000,1887
2,241,4820000,4820000,45,75,4840000,1896
2,242,4840000,4840000,45,75,4860000,1903
2,243,4860000,4860000,45,75,4880000,1912
2,244,4880000,4880000,45,75,4900000,1917
2,245,4900000,4900000,45,75,4920000,1927
2,246,4920000,4920000,45,75,4940000,1936
2,247,4940000,4940000,45,75,4960000,1942
2,248,4960000,4960000,45,75,4980000,1953
2,249,4980000,4980000,45,75,5000000,1957
2,25,500000,500000,45,75,520000,197
2,250,5000000,5000000,45,75,5020000,1966
2,251,5020000,5020000,45,75,5040000,1972
2,252,5040000,5040000,45,75,5060000,1983
2,253,5060000,5060000,45,75,5080000,1991
2,254,5080000,5080000,45,75,5100000,1997
2,255,5100000,5100000,45,75,5120000,2006
2,256,5120000,5120000,45,75,5140000,2013
2,257,5140000,5140000,45,75,5160000,2022
2,258,5160000,5160000,45,75,5180000,2028
2,259,5180000,5180000,45,75,5200000,2036
2,26,520000,520000,45,75,540000,207
2,260,5200000,5200000,45,75,5220000,2046
2,261,5220000,5220000,45,75,5240000,2052
2,262,5240000,5240000,45,75,5260000,2062
2,263,5260000,5260000,45,75,5280000,2068
2,264,5280000,5280000,45,75,5300000,2076
2,265,5300000,5300000,45,75,5320000,2082
2,266,5320000,5320000,45,75,5340000,2093
2,267,5340000,5340000,45,75,5360000,2101
2,268,5360000,5360000,45,75,5380000,2107
2,269,5380000,5380000,45,75,5400000,2116
2,27,540000,540000,45,75,560000,213
2,270,5400000,5400000,45,75,5420000,2123
2,271,5420000,5420000,45,75,5440000,2131
2,272,5440000,5440000,45,75,5460000,2138
2,273,5460000,5460000,45,75,5480000,2147
2,274,5480000,5480000,45,75,5500000,2156
2,275,5500000,5500000,45,75,5520000,2162
2,276,5520000,5520000,45,75,5540000,2172
2,277,5540000,5540000,45,75,5560000,2177
2,278,5560000,5560000,45,75,5580000,2187
2,279,5580000,5580000,45,75,5600000,2192
2,28,560000,560000,45,75,580000,223
2,280,5600000,5600000,45,75,5620000,2202
2,281,5620000,5620000,45,75,5640000,2211
2,282,5640000,5640000,45,75,5660000,2217
2,283,5660000,5660000,45,75,5680000,2227
2,284,5680000,5680000,45,75,5700000,2233
2,285,5700000,5700000,45,75,5720000,2241
2,286,5720000,5720000,45,75,5740000,2247
2,287,5740000,5740000,45,75,5760000,2257
2,288,5760000,5760000,45,75,5780000,2267
2,289,5780000,5780000,45,75,5800000,2271
2,29,580000,580000,45,75,600000,231
2,290,5800000,5800000,45,75,5820000,2282
2,291,5820000,5820000,45,75,5840000,2287
2,292,5840000,5840000,45,75,5860000,2297
2,293,5860000,5860000,45,75,5880000,2303
2,294,5880000,5880000,45,75,5900000,2312
2,295,5900000,5900000,45,75,5920000,2320
2,296,5920000,5920000,45,75,5940000,2327
2,297,5940000,5940000,45,75,5960000,2337
2,298,5960000,5960000,45,75,5980000,2343
2,299,5980000,5980000,45,75,6000000,2351
2,3,60000,60000,45,75,80000,27
2,30,600000,600000,45,75,620000,237
2,300,6000000,6000000,45,75,6020000,2357
2,301,6020000,6020000,45,75,6040000,2367
2,302,6040000,6040000,45,75,6060000,2377
2,303,6060000,6060000,45,75,6080000,2382
2,304,6080000,6080000,45,75,6100000,2391
2,305,6100000,6100000,45,75,6120000,2397
2,306,6120000,6120000,45,75,6140000,2407
2,307,6140000,6140000,45,75,6160000,2412
2,308,6160000,6160000,45,75,6180000,2423
2,309,6180000,6180000,45,75,6200000,2430
2,31,620000,620000,45,75,640000,247
2,310,6200000,6200000,45,75,6220000,2437
2,311,6220000,6220000,45,75,6240000,2447
2,312,6240000,6240000,45,75,6260000,2453
2,313,6260000,6260000,45,75,6280000,2461
2,314,6280000,6280000,45,75,6300000,2467
2,315,6300000,6300000,45,75,6320000,2477
2,316,6320000,6320000,45,75,6340000,2486
2,317,6340000,6340000,45,75,6360000,2492
2,318,6360000,6360000,45,75,6380000,2502
2,319,6380000,6380000,45,75,6400000,2507
2,32,640000,640000,45,75,660000,254
2,320,6400000,6400000,45,75,6420000,2517
2,321,6420000,6420000,45,75,6440000,2522
2,322,6440000,6440000,45,75,6460000,2532
2,323,6460000,6460000,45,75,6480000,2541
2,324,6480000,6480000,45,75,6500000,2547
2,325,6500000,6500000,45,75,6520000,2556
2,326,6520000,6520000,45,75,6540000,2563
2,327,6540000,6540000,45,75,6560000,2571
2,328,6560000,6560000,45,75,6580000,2578
2,329,6580000,6580000,45,75,6600000,2587
2,33,660000,660000,45,75,680000,262
2,330,6600000,6600000,45,75,6620000,2596
2,331,6620000,6620000,45,75,6640000,2601
2,332,6640000,6640000,45,75,6660000,2612
2,333,6660000,6660000,45,75,6680000,2618
2,334,6680000,6680000,45,75,6700000,2626
2,335,6700000,6700000,45,75,6720000,2632
2,336,6720000,6720000,45,75,6740000,2642
2,337,6740000,6740000,45,75,6760000,2651
2,338,6760000,6760000,45,75,6780000,2658
2,339,6780000,6780000,45,75,6800000,2666
2,34,680000,680000,45,75,700000,267
2,340,6800000,6800000,45,75,6820000,2672
2,341,6820000,6820000,45,75,6840000,2681
2,342,6840000,6840000,45,75,6860000,2688
2,343,6860000,6860000,45,75,6880000,2697
2,344,6880000,6880000,45,75,6900000,2706
2,345,6900000,6900000,45,75,6920000,2711
2,346,6920000,6920000,45,75,6940000,2722
2,347,6940000,6940000,45,75,6960000,2728
2,348,6960000,6960000,45,75,6980000,2737
2,349,6980000,6980000,45,75,7000000,2741
2,35,700000,700000,45,75,720000,277
2,350,7000000,7000000,45,75,7020000,2752
2,351,7020000,7020000,45,75,7040000,2761
2,352,7040000,7040000,45,75,7060000,2767
2,353,7060000,7060000,45,75,7080000,2777
2,354,7080000,7080000,45,75,7100000,2782
2,355,7100000,7100000,45,75,7120000,2791
2,356,7120000,7120000,45,75,7140000,2798
2,357,7140000,7140000,45,75,7160000,2807
2,358,7160000,7160000,45,75,7180000,2816
2,359,7180000,7180000,45,75,7200000,2821
2,36,720000,720000,45,75,740000,287
2,360,7200000,7200000,45,75,7220000,2832
2,361,7220000,7220000,45,75,7240000,2837
2,362,7240000,7240000,45,75,7260000,2847
2,363,7260000,7260000,45,75,7280000,2852
2,364,7280000,7280000,45,75,7300000,2862
2,365,7300000,7300000,45,75,7320000,2871
2,366,7320000,7320000,45,75,7340000,2877
2,367,7340000,7340000,45,75,7360000,2886
2,368,7360000,7360000,45,75,7380000,2893
2,369,7380000,7380000,45,75,7400000,2901
2,37,740000,740000,45,75,760000,292
2,370,7400000,7400000,45,75,7420000,2907
2,371,7420000,7420000,45,75,7440000,2917
2,372,7440000,7440000,45,75,7460000,2926
2,373,7460000,7460000,45,75,7480000,2932
2,374,7480000,7480000,45,75,7500000,2942
2,375,7500000,7500000,45,75,7520000,2947
2,376,7520000,7520000,45,75,7540000,2956
2,377,7540000,7540000,45,75,7560000,2962
2,378,7560000,7560000,45,75,7580000,2973
2,379,7580000,7580000,45,75,7600000,2980
2,38,760000,760000,45,75,780000,303
2,380,7600000,7600000,45,75,7620000,2987
2,381,7620000,7620000,45,75,7640000,2996
2,382,7640000,7640000,45,75,7660000,3003
2,383,7660000,7660000,45,75,7680000,3012
2,384,7680000,7680000,45,75,7700000,3017
2,385,7700000,7700000,45,75,7720000,3026
2,386,7720000,7720000,45,75,7740000,3036
2,387,7740000,7740000,45,75,7760000,3042
2,388,7760000,7760000,45,75,7780000,3052
2,389,7780000,7780000,45,75,7800000,3057
2,39,780000,780000,45,75,800000,307
2,390,7800000,7800000,45,75,7820000,3066
2,391,7820000,7820000,45,75,7840000,3072
2,392,7840000,7840000,45,75,7860000,3083
2,393,7860000,7860000,45,75,7880000,3091
2,394,7880000,7880000,45,75,7900000,3096
2,395,7900000,7900000,45,75,7920000,3106
2,396,7920000,7920000,45,75,7940000,3113
2,397,7940000,7940000,45,75,7960000,3121
2,398,7960000,7960000,45,75,7980000,3128
2,399,7980000,7980000,45,75,8000000,3136
2,4,80000,80000,45,75,100000,33
2,40,800000,800000,45,75,820000,317
2,400,8000000,8000000,45,75,8020000,3146
2,401,8020000,8020000,45,75,8040000,3152
2,402,8040000,8040000,45,75,8060000,3162
2,403,8060000,8060000,45,75,8080000,3167
2,404,8080000,8080000,45,75,8100000,3176
2,405,8100000,8100000,45,75,8120000,3182
2,406,8120000,8120000,45,75,8140000,3192
2,407,8140000,8140000,45,75,8160000,3201
2,408,8160000,8160000,45,75,8180000,3207
2,409,8180000,8180000,45,75,8200000,3216
2,41,820000,820000,45,75,840000,323
2,410,8200000,8200000,45,75,8220000,3223
2,411,8220000,8220000,45,75,8240000,3231
2,412,8240000,8240000,45,75,8260000,3237
2,413,8260000,8260000,45,75,8280000,3247
2,414,8280000,8280000,45,75,8300000,3256
2,415,8300000,8300000,45,75,8320000,3261
2,416,8320000,8320000,45,75,8340000,3272
2,417,8340000,8340000,45,75,8360000,3277
2,418,8360000,8360000,45,75,8380000,3287
2,419,8380000,8380000,45,75,8400000,3292
2,42,840000,840000,45,75,860000,333
2,420,8400000,8400000,45,75,8420000,3302
2,421,8420000,8420000,45,75,8440000,3310
2,422,8440000,8440000,45,75,8460000,3317
2,423,8460000,8460000,45,75,8480000,3327
2,424,8480000,8480000,45,75,8500000,3332
2,425,8500000,8500000,45,75,8520000,3341
2,426,8520000,8520000,45,75,8540000,3347
2,427,8540000,8540000,45,75,8560000,3357
2,428,8560000,8560000,45,75,8580000,3367
2,429,8580000,8580000,45,75,8600000,3371
2,43,860000,860000,45,75,880000,341
2,430,8600000,8600000,45,75,8620000,3381
2,431,8620000,8620000,45,75,8640000,3387
2,432,8640000,8640000,45,75,8660000,3397
2,433,8660000,8660000,45,75,8680000,3402
2,434,8680000,8680000,45,75,8700000,3412
2,435,8700000,8700000,45,75,8720000,3420
2,436,8720000,8720000,45,75,8740000,3427
2,437,8740000,8740000,45,75,8760000,3437
2,438,8760000,8760000,45,75,8780000,3443
2,439,8780000,8780000,45,75,8800000,3450
2,44,880000,880000,45,75,900000,347
2,440,8800000,8800000,45,75,8820000,3457
2,441,8820000,8820000,45,75,8840000,3467
2,442,8840000,8840000,45,75,8860000,3476
2,443,8860000,8860000,45,75,8880000,3482
2,444,8880000,8880000,45,75,8900000,3491
2,445,8900000,8900000,45,75,8920000,3497
2,446,8920000,8920000,45,75,8940000,3507
2,447,8940000,8940000,45,75,8960000,3512
2,448,8960000,8960000,45,75,8980000,3522
2,449,8980000,8980000,45,75,9000000,3530
2,45,900000,900000,45,75,920000,357
2,450,9000000,9000000,45,75,9020000,3537
2,451,9020000,9020000,45,75,9040000,3546
2,452,9040000,9040000,45,75,9060000,3553
2,453,9060000,9060000,45,75,9080000,3561
2,454,9080000,9080000,45,75,9100000,3567
2,455,9100000,9100000,45,75,9120000,3577
2,456,9120000,9120000,45,75,9140000,3586
2,457,9140000,9140000,45,75,9160000,3591
2,458,9160000,9160000,45,75,9180000,3602
2,459,9180000,9180000,45,75,9200000,3607
2,46,920000,920000,45,75,940000,363
2,460,9200000,9200000,45,75,9220000,3616
2,461,9220000,9220000,45,75,9240000,3622
2,462,9240000,9240000,45,75,9260000,3632
2,463,9260000,9260000,45,75,9280000,3641
2,464,9280000,9280000,45,75,9300000,3647
2,465,9300000,9300000,45,75,9320000,3656
2,466,9320000,9320000,45,75,9340000,3662
2,467,9340000,9340000,45,75,9360000,3671
2,468,9360000,9360000,45,75,9380000,3678
2,469,9380000,9380000,45,75,9400000,3686
2,47,940000,940000,45,75,960000,372
2,470,9400000,9400000,45,75,9420000,3696
2,471,9420000,9420000,45,75,9440000,3701
2,472,9440000,9440000,45,75,9460000,3712
2,473,9460000,9460000,45,75,9480000,3718
2,474,9480000,9480000,45,75,9500000,3726
2,475,9500000,9500000,45,75,9520000,3731
2,476,9520000,9520000,45,75,9540000,3742
2,477,9540000,9540000,45,75,9560000,3751
2,478,9560000,9560000,45,75,9580000,3757
2,479,9580000,9580000,45,75,9600000,3766
2,48,960000,960000,45,75,980000,378
2,480,9600000,9600000,45,75,9620000,3772
2,481,9620000,9620000,45,75,9640000,3781
2,482,9640000,9640000,45,75,9660000,3788
2,483,9660000,9660000,45,75,9680000,3797
2,484,9680000,9680000,45,75,9700000,3805
2,485,9700000,9700000,45,75,9720000,3811
2,486,9720000,9720000,45,75,9740000,3822
2,487,9740000,9740000,45,75,9760000,3827
2,488,9760000,9760000,45,75,9780000,3837
2,489,9780000,9780000,45,75,9800000,3841
2,49,980000,980000,45,75,1000000,387
2,490,9800000,9800000,45,75,9820000,3852
2,491,9820000,9820000,45,75,9840000,3861
2,492,9840000,9840000,45,75,9860000,3867
2,493,9860000,9860000,45,75,9880000,3876
2,494,9880000,9880000,45,75,9900000,3882
2,495,9900000,9900000,45,75,9920000,3891
2,496,9920000,9920000,45,75,9940000,3897
2,497,9940000,9940000,45,75,9960000,3907
2,498,9960000,9960000,45,75,9980000,3916
2,499,9980000,9980000,45,75,10000000,3921
2,5,100000,100000,45,75,120000,42
2,50,1000000,1000000,45,75,1020000,397
2,500,10000000,10000000,45,75,10020000,3932
2,501,10020000,10020000,45,75,10040000,3937
2,502,10040000,10040000,45,75,10060000,3946
2,503,10060000,10060000,45,75,10080000,3952
2,504,10080000,10080000,45,75,10100000,3962
2,505,10100000,10100000,45,75,10120000,3970
2,506,10120000,10120000,45,75,10140000,3977
2,507,10140000,10140000,45,75,10160000,3986
2,508,10160000,10160000,45,75,10180000,3993
2,509,10180000,10180000,45,75,10200000,4001
2,51,1020000,1020000,45,75,1040000,402
2,510,10200000,10200000,45,75,10220000,4007
2,511,10220000,10220000,45,75,10240000,4016
2,512,10240000,10240000,45,75,10260000,4026
2,513,10260000,10260000,45,75,10280000,4032
2,514,10280000,10280000,45,75,10300000,4041
2,515,10300000,10300000,45,75,10320000,4047
2,516,10320000,10320000,45,75,10340000,4056
2,517,10340000,10340000,45,75,10360000,4062
2,518,10360000,10360000,45,75,10380000,4073
2,519,10380000,10380000,45,75,10400000,4080
2,52,1040000,1040000,45,75,1060000,412
2,520,10400000,10400000,45,75,10420000,4086
2,521,10420000,10420000,45,75,10440000,4096
2,522,10440000,10440000,45,75,10460000,4103
2,523,10460000,10460000,45,75,10480000,4111
2,524,10480000,10480000,45,75,10500000,4117
2,525,10500000,10500000,45,75,10520000,4126
2,526,10520000,10520000,45,75,10540000,4136
2,527,10540000,10540000,45,75,10560000,4142
2,528,10560000,10560000,45,75,10580000,4152
2,529,10580000,10580000,45,75,10600000,4156
2,53,1060000,1060000,45,75,1080000,418
2,530,10600000,10600000,45,75,10620000,4166
2,531,10620000,10620000,45,75,10640000,4172
2,532,10640000,10640000,45,75,10660000,4182
2,533,10660000,10660000,45,75,10680000,4191
2,534,10680000,10680000,45,75,10700000,4196
2,535,10700000,10700000,45,75,10720000,4206
2,536,10720000,10720000,45,75,10740000,4213
2,537,10740000,10740000,45,75,10760000,4221
2,538,10760000,10760000,45,75,10780000,4227
2,539,10780000,10780000,45,75,10800000,4236
2,54,1080000,1080000,45,75,1100000,427
2,540,10800000,10800000,45,75,10820000,4246
2,541,10820000,10820000,45,75,10840000,4251
2,542,10840000,10840000,45,75,10860000,4262
2,543,10860000,10860000,45,75,10880000,4267
2,544,10880000,10880000,45,75,10900000,4276
2,545,10900000,10900000,45,75,10920000,4282
2,546,10920000,10920000,45,75,10940000,4292
2,547,10940000,10940000,45,75,10960000,4300
2,548,10960000,10960000,45,75,10980000,4307
2,549,10980000,10980000,45,75,11000000,4316
2,55,1100000,1100000,45,75,1120000,432
2,550,11000000,11000000,45,75,11020000,4322
2,551,11020000,11020000,45,75,11040000,4331
2,552,11040000,11040000,45,75,11060000,4337
2,553,11060000,11060000,45,75,11080000,4347
2,554,11080000,11080000,45,75,11100000,4356
2,555,11100000,11100000,45,75,11120000,4361
2,556,11120000,11120000,45,75,11140000,4371
2,557,11140000,11140000,45,75,11160000,4377
2,558,11160000,11160000,45,75,11180000,4387
2,559,11180000,11180000,45,75,11200000,4391
2,56,1120000,1120000,45,75,1140000,443
2,560,11200000,11200000,45,75,11220000,4402
2,561,11220000,11220000,45,75,11240000,4410
2,562,11240000,11240000,45,75,11260000,4417
2,563,11260000,11260000,45,75,11280000,4427
2,564,11280000,11280000,45,75,11300000,4432
2,565,11300000,11300000,45,75,11320000,4440
2,566,11320000,11320000,45,75,11340000,4447
2,567,11340000,11340000,45,75,11360000,4457
2,568,11360000,11360000,45,75,11380000,4466
2,569,11380000,11380000,45,75,11400000,4471
2,57,1140000,1140000,45,75,1160000,451
2,570,11400000,11400000,45,75,11420000,4481
2,571,11420000,11420000,45,75,11440000,4487
2,572,11440000,11440000,45,75,11460000,4497
2,573,11460000,11460000,45,75,11480000,4502
2,574,11480000,11480000,45,75,11500000,4511
2,575,11500000,11500000,45,75,11520000,4520
2,576,11520000,11520000,45,75,11540000,4527
2,577,11540000,11540000,45,75,11560000,4536
2,578,11560000,11560000,45,75,11580000,4543
2,579,11580000,11580000,45,75,11600000,4550
2,58,1160000,1160000,45,75,1180000,458
2,580,11600000,11600000,45,75,11620000,4557
2,581,11620000,11620000,45,75,11640000,4567
2,582,11640000,11640000,45,75,11660000,4576
2,583,11660000,11660000,45,75,11680000,4581
2,584,11680000,11680000,45,75,11700000,4591
2,585,11700000,11700000,45,75,11720000,4597
2,586,11720000,11720000,45,75,11740000,4606
2,587,11740000,11740000,45,75,11760000,4612
2,588,11760000,11760000,45,75,11780000,4622
2,589,11780000,11780000,45,75,11800000,4630
2,59,1180000,1180000,45,75,1200000,467
2,590,11800000,11800000,45,75,11820000,4637
2,591,11820000,11820000,45,75,11840000,4646
2,592,11840000,11840000,45,75,11860000,4652
2,593,11860000,11860000,45,75,11880000,4661
2,594,11880000,11880000,45,75,11900000,4667
2,595,11900000,11900000,45,75,11920000,4676
2,596,11920000,11920000,45,75,11940000,4686
2,597,11940000,11940000,45,75,11960000,4691
2,598,11960000,11960000,45,75,11980000,4702
2,599,11980000,11980000,45,75,12000000,4707
2,6,120000,120000,45,75,140000,48
2,60,1200000,1200000,45,75,1220000,473
2,600,12000000,12000000,45,75,12020000,4716
2,601,12020000,12020000,45,75,12040000,4721
2,602,12040000,12040000,45,75,12060000,4732
2,603,12060000,12060000,45,75,12080000,4741
2,604,12080000,12080000,45,75,12100000,4746
2,605,12100000,12100000,45,75,12120000,4756
2,606,12120000,12120000,45,75,12140000,4762
2,607,12140000,12140000,45,75,12160000,4771
2,608,12160000,12160000,45,75,12180000,4778
2,609,12180000,12180000,45,75,12200000,4786
2,61,1220000,1220000,45,75,1240000,481
2,610,12200000,12200000,45,75,12220000,4795
2,611,12220000,12220000,45,75,12240000,4801
2,612,12240000,12240000,45,75,12260000,4812
2,613,12260000,12260000,45,75,12280000,4817
2,614,12280000,12280000,45,75,12300000,4826
2,615,12300000,12300000,45,75,12320000,4831
2,616,12320000,12320000,45,75,12340000,4842
2,617,12340000,12340000,45,75,12360000,4851
2,618,12360000,12360000,45,75,12380000,4857
2,619,12380000,12380000,45,75,12400000,4865
2,62,1240000,1240000,45,75,1260000,488
2,620,12400000,12400000,45,75,12420000,4872
2,621,12420000,12420000,45,75,12440000,4881
2,622,12440000,12440000,45,75,12460000,4887
2,623,12460000,12460000,45,75,12480000,4897
2,624,12480000,12480000,45,75,12500000,4905
2,625,12500000,12500000,45,75,12520000,4911
2,626,12520000,12520000,45,75,12540000,4922
2,627,12540000,12540000,45,75,12560000,4927
2,628,12560000,12560000,45,75,12580000,4936
2,629,12580000,12580000,45,75,12600000,4941
2,63,1260000,1260000,45,75,1280000,498
2,64,1280000,1280000,45,75,1300000,506
2,65,1300000,1300000,45,75,1320000,512
2,66,1320000,1320000,45,75,1340000,522
2,67,1340000,1340000,45,75,1360000,528
2,68,1360000,1360000,45,75,1380000,538
2,69,1380000,1380000,45,75,1400000,542
2,7,140000,140000,45,75,160000,57
2,70,1400000,1400000,45,75,1420000,552
2,71,1420000,1420000,45,75,1440000,561
2,72,1440000,1440000,45,75,1460000,568
2,73,1460000,1460000,45,75,1480000,577
2,74,1480000,1480000,45,75,1500000,583
2,75,1500000,1500000,45,75,1520000,591
2,76,1520000,1520000,45,75,1540000,598
2,77,1540000,1540000,45,75,1560000,608
2,78,1560000,1560000,45,75,1580000,617
2,79,1580000,1580000,45,75,1600000,621
2,8,160000,160000,45,75,180000,67
2,80,1600000,1600000,45,75,1620000,632
2,81,1620000,1620000,45,75,1640000,638
2,82,1640000,1640000,45,75,1660000,647
2,83,1660000,1660000,45,75,1680000,653
2,84,1680000,1680000,45,75,1700000,662
2,85,1700000,1700000,45,75,1720000,671
2,86,1720000,1720000,45,75,1740000,678
2,87,1740000,1740000,45,75,1760000,687
2,88,1760000,1760000,45,75,1780000,693
2,89,1780000,1780000,45,75,1800000,701
2,9,180000,180000,45,75,200000,72
2,90,1800000,1800000,45,75,1820000,708
2,91,1820000,1820000,45,75,1840000,717
2,92,1840000,1840000,45,75,1860000,727
2,93,1860000,1860000,45,75,1880000,732
2,94,1880000,1880000,45,75,1900000,742
2,95,1900000,1900000,45,75,1920000,748
2,96,1920000,1920000,45,75,1940000,757
2,97,1940000,1940000,45,75,1960000,762
2,98,1960000,1960000,45,75,1980000,773
2,99,1980000,1980000,45,75,2000000,781
3,0,0,0,209,348,25000,4
3,1,25000,25000,209,348,50000,15
3,10,250000,250000,209,348,275000,101
3,100,2500000,2500000,209,348,2525000,989
3,101,2525000,2525000,209,348,2550000,996
3,102,2550000,2550000,209,348,2575000,1005
3,103,2575000,2575000,209,348,2600000,1017
3,104,2600000,2600000,209,348,2625000,1025
3,105,2625000,2625000,209,348,2650000,1035
3,106,2650000,2650000,209,348,2675000,1045
3,107,2675000,2675000,209,348,2700000,1057
3,108,2700000,2700000,209,348,2725000,1064
3,109,2725000,2725000,209,348,2750000,1075
3,11,275000,275000,209,348,300000,114
3,110,2750000,2750000,209,348,2775000,1085
3,111,2775000,2775000,209,348,2800000,1093
3,112,2800000,2800000,209,348,2825000,1104
3,113,2825000,2825000,209,348,2850000,1115
3,114,2850000,2850000,209,348,2875000,1124
3,115,2875000,2875000,209,348,2900000,1134
3,116,2900000,2900000,209,348,2925000,1144
3,117,2925000,2925000,209,348,2950000,1154
3,118,2950000,2950000,209,348,2975000,1162
3,119,2975000,2975000,209,348,3000000,1173
3,12,300000,300000,209,348,325000,123
3,120,3000000,3000000,209,348,3025000,1183
3,121,3025000,3025000,209,348,3050000,1194
3,122,3050000,3050000,209,348,3075000,1201
3,123,3075000,3075000,209,348,3100000,1213
3,124,3100000,3100000,209,348,3125000,1223
3,125,3125000,3125000,209,348,3150000,1230
3,126,3150000,3150000,209,348,3175000,1241
3,127,3175000,3175000,209,348,3200000,1252
3,128,3200000,3200000,209,348,3225000,1263
3,129,3225000,3225000,209,348,3250000,1271
3,13,325000,325000,209,348,350000,130
3,130,3250000,3250000,209,348,3275000,1280
3,131,3275000,3275000,209,348,3300000,1293
3,132,3300000,3300000,209,348,3325000,1299
3,133,3325000,3325000,209,348,3350000,1310
3,134,3350000,3350000,209,348,3375000,1321
3,135,3375000,3375000,209,348,3400000,1331
3,136,3400000,3400000,209,348,3425000,1339
3,137,3425000,3425000,209,348,3450000,1351
3,138,3450000,3450000,209,348,3475000,1359
3,139,3475000,3475000,209,348,3500000,1368
3,14,350000,350000,209,348,375000,142
3,140,3500000,3500000,209,348,3525000,1380
3,141,3525000,3525000,209,348,3550000,1389
3,142,3550000,3550000,209,348,3575000,1400
3,143,3575000,3575000,209,348,3600000,1408
3,144,3600000,3600000,209,348,3625000,1418
3,145,3625000,3625000,209,348,3650000,1430
3,146,3650000,3650000,209,348,3675000,1436
3,147,3675000,3675000,209,348,3700000,1448
3,148,3700000,3700000,209,348,3725000,1459
3,149,3725000,3725000,209,348,3750000,1469
3,15,375000,375000,209,348,400000,152
3,150,3750000,3750000,209,348,3775000,1475
3,151,3775000,3775000,209,348,3800000,1488
3,152,3800000,3800000,209,348,3825000,1498
3,153,3825000,3825000,209,348,3850000,1505
3,154,3850000,3850000,209,348,3875000,1516
3,155,3875000,3875000,209,348,3900000,1528
3,156,3900000,3900000,209,348,3925000,1538
3,157,3925000,3925000,209,348,3950000,1545
3,158,3950000,3950000,209,348,3975000,1556
3,159,3975000,3975000,209,348,4000000,1567
3,16,400000,400000,209,348,425000,163
3,160,4000000,4000000,209,348,4025000,1574
3,161,4025000,4025000,209,348,4050000,1585
3,162,4050000,4050000,209,348,4075000,1595
3,163,4075000,4075000,209,348,4100000,1607
3,164,4100000,4100000,209,348,4125000,1614
3,165,4125000,4125000,209,348,4150000,1625
3,166,4150000,4150000,209,348,4175000,1635
3,167,4175000,4175000,209,348,4200000,1643
3,168,4200000,4200000,209,348,4225000,1653
3,169,4225000,4225000,209,348,4250000,1665
3,17,425000,425000,209,348,450000,171
3,170,4250000,4250000,209,348,4275000,1675
3,171,4275000,4275000,209,348,4300000,1683
3,172,4300000,4300000,209,348,4325000,1694
3,173,4325000,4325000,209,348,4350000,1705
3,174,4350000,4350000,209,348,4375000,1711
3,175,4375000,4375000,209,348,4400000,1722
3,176,4400000,4400000,209,348,4425000,1734
3,177,4425000,4425000,209,348,4450000,1744
3,178,4450000,4450000,209,348,4475000,1750
3,179,4475000,4475000,209,348,4500000,1763
3,18,450000,450000,209,348,475000,180
3,180,4500000,4500000,209,348,4525000,1773
3,181,4525000,4525000,209,348,4550000,1780
3,182,4550000,4550000,209,348,4575000,1791
3,183,4575000,4575000,209,348,4600000,1802
3,184,4600000,4600000,209,348,4625000,1813
3,185,4625000,4625000,209,348,4650000,1821
3,186,4650000,4650000,209,348,4675000,1829
3,187,4675000,4675000,209,348,4700000,1843
3,188,4700000,4700000,209,348,4725000,1850
3,189,4725000,4725000,209,348,4750000,1859
3,19,475000,475000,209,348,500000,193
3,190,4750000,4750000,209,348,4775000,1871
3,191,4775000,4775000,209,348,4800000,1882
3,192,4800000,4800000,209,348,4825000,1888
3,193,4825000,4825000,209,348,4850000,1900
3,194,4850000,4850000,209,348,4875000,1910
3,195,4875000,4875000,209,348,4900000,1918
3,196,4900000,4900000,209,348,4925000,1929
3,197,4925000,4925000,209,348,4950000,1939
3,198,4950000,4950000,209,348,4975000,1950
3,199,4975000,4975000,209,348,5000000,1958
3,2,50000,50000,209,348,75000,25
3,20,500000,500000,209,348,525000,200
3,200,5000000,5000000,209,348,5025000,1968
3,201,5025000,5025000,209,348,5050000,1980
3,202,5050000,5050000,209,348,5075000,1986
3,203,5075000,5075000,209,348,5100000,1998
3,204,5100000,5100000,209,348,5125000,2008
3,205,5125000,5125000,209,348,5150000,2019
3,206,5150000,5150000,209,348,5175000,2026
3,207,5175000,5175000,209,348,5200000,2037
3,208,5200000,5200000,209,348,5225000,2048
3,209,5225000,5225000,209,348,5250000,2056
3,21,525000,525000,209,348,550000,210
3,210,5250000,5250000,209,348,5275000,2065
3,211,5275000,5275000,209,348,5300000,2077
3,212,5300000,5300000,209,348,5325000,2089
3,213,5325000,5325000,209,348,5350000,2095
3,214,5350000,5350000,209,348,5375000,2105
3,215,5375000,5375000,209,348,5400000,2117
3,216,5400000,5400000,209,348,5425000,2124
3,217,5425000,5425000,209,348,5450000,2135
3,218,5450000,5450000,209,348,5475000,2145
3,219,5475000,5475000,209,348,5500000,2157
3,22,550000,550000,209,348,575000,221
3,220,5500000,5500000,209,348,5525000,2164
3,221,5525000,5525000,209,348,5550000,2175
3,222,5550000,5550000,209,348,5575000,2184
3,223,5575000,5575000,209,348,5600000,2193
3,224,5600000,5600000,209,348,5625000,2204
3,225,5625000,5625000,209,348,5650000,2214
3,226,5650000,5650000,209,348,5675000,2225
3,227,5675000,5675000,209,348,5700000,2234
3,228,5700000,5700000,209,348,5725000,2243
3,229,5725000,5725000,209,348,5750000,2254
3,23,575000,575000,209,348,600000,232
3,230,5750000,5750000,209,348,5775000,2262
3,231,5775000,5775000,209,348,5800000,2272
3,232,5800000,5800000,209,348,5825000,2283
3,233,5825000,5825000,209,348,5850000,2294
3,234,5850000,5850000,209,348,5875000,2300
3,235,5875000,5875000,209,348,5900000,2313
3,236,5900000,5900000,209,348,5925000,2323
3,237,5925000,5925000,209,348,5950000,2330
3,238,5950000,5950000,209,348,5975000,2341
3,239,5975000,5975000,209,348,6000000,2352
3,24,600000,600000,209,348,625000,238
3,240,6000000,6000000,209,348,6025000,2362
3,241,6025000,6025000,209,348,6050000,2371
3,242,6050000,6050000,209,348,6075000,2380
3,243,6075000,6075000,209,348,6100000,2392
3,244,6100000,6100000,209,348,6125000,2400
3,245,6125000,6125000,209,348,6150000,2410
3,246,6150000,6150000,209,348,6175000,2420
3,247,6175000,6175000,209,348,6200000,2431
3,248,6200000,6200000,209,348,6225000,2439
3,249,6225000,6225000,209,348,6250000,2450
3,25,625000,625000,209,348,650000,251
3,250,6250000,6250000,209,348,6275000,2459
3,251,6275000,6275000,209,348,6300000,2468
3,252,6300000,6300000,209,348,6325000,2479
3,253,6325000,6325000,209,348,6350000,2489
3,254,6350000,6350000,209,348,6375000,2500
3,255,6375000,6375000,209,348,6400000,2508
3,256,6400000,6400000,209,348,6425000,2518
3,257,6425000,6425000,209,348,6450000,2530
3,258,6450000,6450000,209,348,6475000,2535
3,259,6475000,6475000,209,348,6500000,2548
3,26,650000,650000,209,348,675000,260
3,260,6500000,6500000,209,348,6525000,2559
3,261,6525000,6525000,209,348,6550000,2568
3,262,6550000,6550000,209,348,6575000,2576
3,263,6575000,6575000,209,348,6600000,2588
3,264,6600000,6600000,209,348,6625000,2597
3,265,6625000,6625000,209,348,6650000,2605
3,266,6650000,6650000,209,348,6675000,2616
3,267,6675000,6675000,209,348,6700000,2627
3,268,6700000,6700000,209,348,6725000,2638
3,269,6725000,6725000,209,348,6750000,2645
3,27,675000,675000,209,348,700000,268
3,270,6750000,6750000,209,348,6775000,2655
3,271,6775000,6775000,209,348,6800000,2667
3,272,6800000,6800000,209,348,6825000,2674
3,273,6825000,6825000,209,348,6850000,2685
3,274,6850000,6850000,209,348,6875000,2695
3,275,6875000,6875000,209,348,6900000,2707
3,276,6900000,6900000,209,348,6925000,2713
3,277,6925000,6925000,209,348,6950000,2725
3,278,6950000,6950000,209,348,6975000,2735
3,279,6975000,6975000,209,348,7000000,2742
3,28,700000,700000,209,348,725000,280
3,280,7000000,7000000,209,348,7025000,2754
3,281,7025000,7025000,209,348,7050000,2765
3,282,7050000,7050000,209,348,7075000,2774
3,283,7075000,7075000,209,348,7100000,2783
3,284,7100000,7100000,209,348,7125000,2794
3,285,7125000,7125000,209,348,7150000,2804
3,286,7150000,7150000,209,348,7175000,2811
3,287,7175000,7175000,209,348,7200000,2822
3,288,7200000,7200000,209,348,7225000,2833
3,289,7225000,7225000,209,348,7250000,2844
3,29,725000,725000,209,348,750000,290
3,290,7250000,7250000,209,348,7275000,2850
3,291,7275000,7275000,209,348,7300000,2863
3,292,7300000,7300000,209,348,7325000,2873
3,293,7325000,7325000,209,348,7350000,2880
3,294,7350000,7350000,209,348,7375000,2890
3,295,7375000,7375000,209,348,7400000,2902
3,296,7400000,7400000,209,348,7425000,2913
3,297,7425000,7425000,209,348,7450000,2920
3,298,7450000,7450000,209,348,7475000,2930
3,299,7475000,7475000,209,348,7500000,2943
3,3,75000,75000,209,348,100000,34
3,30,750000,750000,209,348,775000,300
3,300,7500000,7500000,209,348,7525000,2949
3,301,7525000,7525000,209,348,7550000,2959
3,302,7550000,7550000,209,348,7575000,2971
3,303,7575000,7575000,209,348,7600000,2981
3,304,7600000,7600000,209,348,7625000,2988
3,305,7625000,7625000,209,348,7650000,3000
3,306,7650000,7650000,209,348,7675000,3009
3,307,7675000,7675000,209,348,7700000,3018
3,308,7700000,7700000,209,348,7725000,3029
3,309,7725000,7725000,209,348,7750000,3039
3,31,775000,775000,209,348,800000,308
3,310,7750000,7750000,209,348,7775000,3050
3,311,7775000,7775000,209,348,7800000,3058
3,312,7800000,7800000,209,348,7825000,3067
3,313,7825000,7825000,209,348,7850000,3080
3,314,7850000,7850000,209,348,7875000,3086
3,315,7875000,7875000,209,348,7900000,3097
3,316,7900000,7900000,209,348,7925000,3109
3,317,7925000,7925000,209,348,7950000,3119
3,318,7950000,7950000,209,348,7975000,3125
3,319,7975000,7975000,209,348,8000000,3137
3,32,800000,800000,209,348,825000,319
3,320,8000000,8000000,209,348,8025000,3148
3,321,8025000,8025000,209,348,8050000,3155
3,322,8050000,8050000,209,348,8075000,3165
3,323,8075000,8075000,209,348,8100000,3177
3,324,8100000,8100000,209,348,8125000,3188
3,325,8125000,8125000,209,348,8150000,3195
3,326,8150000,8150000,209,348,8175000,3205
3,327,8175000,8175000,209,348,8200000,3217
3,328,8200000,8200000,209,348,8225000,3224
3,329,8225000,8225000,209,348,8250000,3235
3,33,825000,825000,209,348,850000,330
3,330,8250000,8250000,209,348,8275000,3244
3,331,8275000,8275000,209,348,8300000,3257
3,332,8300000,8300000,209,348,8325000,3264
3,333,8325000,8325000,209,348,8350000,3274
3,334,8350000,8350000,209,348,8375000,3285
3,335,8375000,8375000,209,348,8400000,3293
3,336,8400000,8400000,209,348,8425000,3303
3,337,8425000,8425000,209,348,8450000,3314
3,338,8450000,8450000,209,348,8475000,3325
3,339,8475000,8475000,209,348,8500000,3333
3,34,850000,850000,209,348,875000,336
3,340,8500000,8500000,209,348,8525000,3343
3,341,8525000,8525000,209,348,8550000,3354
3,342,8550000,8550000,209,348,8575000,3361
3,343,8575000,8575000,209,348,8600000,3372
3,344,8600000,8600000,209,348,8625000,3383
3,345,8625000,8625000,209,348,8650000,3394
3,346,8650000,8650000,209,348,8675000,3400
3,347,8675000,8675000,209,348,8700000,3413
3,348,8700000,8700000,209,348,8725000,3422
3,349,8725000,8725000,209,348,8750000,3430
3,35,875000,875000,209,348,900000,348
3,350,8750000,8750000,209,348,8775000,3441
3,351,8775000,8775000,209,348,8800000,3451
3,352,8800000,8800000,209,348,8825000,3463
3,353,8825000,8825000,209,348,8850000,3471
3,354,8850000,8850000,209,348,8875000,3479
3,355,8875000,8875000,209,348,8900000,3492
3,356,8900000,8900000,209,348,8925000,3500
3,357,8925000,8925000,209,348,8950000,3509
3,358,8950000,8950000,209,348,8975000,3520
3,359,8975000,8975000,209,348,9000000,3531
3,36,900000,900000,209,348,925000,359
3,360,9000000,9000000,209,348,9025000,3538
3,361,9025000,9025000,209,348,9050000,3550
3,362,9050000,9050000,209,348,9075000,3559
3,363,9075000,9075000,209,348,9100000,3568
3,364,9100000,9100000,209,348,9125000,3579
3,365,9125000,9125000,209,348,9150000,3589
3,366,9150000,9150000,209,348,9175000,3599
3,367,9175000,9175000,209,348,9200000,3608
3,368,9200000,9200000,209,348,9225000,3618
3,369,9225000,9225000,209,348,9250000,3629
3,37,925000,925000,209,348,950000,369
3,370,9250000,9250000,209,348,9275000,3636
3,371,9275000,9275000,209,348,9300000,3648
3,372,9300000,9300000,209,348,9325000,3658
3,373,9325000,9325000,209,348,9350000,3668
3,374,9350000,9350000,209,348,9375000,3676
3,375,9375000,9375000,209,348,9400000,3687
3,376,9400000,9400000,209,348,9425000,3697
3,377,9425000,9425000,209,348,9450000,3705
3,378,9450000,9450000,209,348,9475000,3715
3,379,9475000,9475000,209,348,9500000,3727
3,38,950000,950000,209,348,975000,376
3,380,9500000,9500000,209,348,9525000,3738
3,381,9525000,9525000,209,348,9550000,3745
3,382,9550000,9550000,209,348,9575000,3755
3,383,9575000,9575000,209,348,9600000,3767
3,384,9600000,9600000,209,348,9625000,3773
3,385,9625000,9625000,209,348,9650000,3785
3,386,9650000,9650000,209,348,9675000,3795
3,387,9675000,9675000,209,348,9700000,3806
3,388,9700000,9700000,209,348,9725000,3814
3,389,9725000,9725000,209,348,9750000,3825
3,39,975000,975000,209,348,1000000,388
3,390,9750000,9750000,209,348,9775000,3834
3,391,9775000,9775000,209,348,9800000,3842
3,392,9800000,9800000,209,348,9825000,3854
3,393,9825000,9825000,209,348,9850000,3864
3,394,9850000,9850000,209,348,9875000,3874
3,395,9875000,9875000,209,348,9900000,3883
3,396,9900000,9900000,209,348,9925000,3893
3,397,9925000,9925000,209,348,9950000,3904
3,398,9950000,9950000,209,348,9975000,3911
3,399,9975000,9975000,209,348,10000000,3922
3,4,100000,100000,209,348,125000,44
3,40,1000000,1000000,209,348,1025000,398
3,400,10000000,10000000,209,348,10025000,3933
3,401,10025000,10025000,209,348,10050000,3944
3,402,10050000,10050000,209,348,10075000,3949
3,403,10075000,10075000,209,348,10100000,3963
3,404,10100000,10100000,209,348,10125000,3973
3,405,10125000,10125000,209,348,10150000,3979
3,406,10150000,10150000,209,348,10175000,3991
3,407,10175000,10175000,209,348,10200000,4002
3,408,10200000,10200000,209,348,10225000,4012
3,409,10225000,10225000,209,348,10250000,4020
3,41,1025000,1025000,209,348,1050000,406
3,410,10250000,10250000,209,348,10275000,4030
3,411,10275000,10275000,209,348,10300000,4042
3,412,10300000,10300000,209,348,10325000,4049
3,413,10325000,10325000,209,348,10350000,4059
3,414,10350000,10350000,209,348,10375000,4070
3,415,10375000,10375000,209,348,10400000,4081
3,416,10400000,10400000,209,348,10425000,4088
3,417,10425000,10425000,209,348,10450000,4100
3,418,10450000,10450000,209,348,10475000,4109
3,419,10475000,10475000,209,348,10500000,4118
3,42,1050000,1050000,209,348,1075000,415
3,420,10500000,10500000,209,348,10525000,4128
3,421,10525000,10525000,209,348,10550000,4139
3,422,10550000,10550000,209,348,10575000,4150
3,423,10575000,10575000,209,348,10600000,4157
3,424,10600000,10600000,209,348,10625000,4168
3,425,10625000,10625000,209,348,10650000,4180
3,426,10650000,10650000,209,348,10675000,4185
3,427,10675000,10675000,209,348,10700000,4197
3,428,10700000,10700000,209,348,10725000,4209
3,429,10725000,10725000,209,348,10750000,4218
3,43,1075000,1075000,209,348,1100000,428
3,430,10750000,10750000,209,348,10775000,4225
3,431,10775000,10775000,209,348,10800000,4237
3,432,10800000,10800000,209,348,10825000,4247
3,433,10825000,10825000,209,348,10850000,4255
3,434,10850000,10850000,209,348,10875000,4265
3,435,10875000,10875000,209,348,10900000,4277
3,436,10900000,10900000,209,348,10925000,4288
3,437,10925000,10925000,209,348,10950000,4295
3,438,10950000,10950000,209,348,10975000,4304
3,439,10975000,10975000,209,348,11000000,4317
3,44,1100000,1100000,209,348,1125000,439
3,440,11000000,11000000,209,348,11025000,4324
3,441,11025000,11025000,209,348,11050000,4334
3,442,11050000,11050000,209,348,11075000,4345
3,443,11075000,11075000,209,348,11100000,4357
3,444,11100000,11100000,209,348,11125000,4363
3,445,11125000,11125000,209,348,11150000,4374
3,446,11150000,11150000,209,348,11175000,4385
3,447,11175000,11175000,209,348,11200000,4392
3,448,11200000,11200000,209,348,11225000,4403
3,449,11225000,11225000,209,348,11250000,4414
3,45,1125000,1125000,209,348,1150000,445
3,450,11250000,11250000,209,348,11275000,4424
3,451,11275000,11275000,209,348,11300000,4433
3,452,11300000,11300000,209,348,11325000,4443
3,453,11325000,11325000,209,348,11350000,4454
3,454,11350000,11350000,209,348,11375000,4461
3,455,11375000,11375000,209,348,11400000,4472
3,456,11400000,11400000,209,348,11425000,4482
3,457,11425000,11425000,209,348,11450000,4494
3,458,11450000,11450000,209,348,11475000,4500
3,459,11475000,11475000,209,348,11500000,4512
3,46,1150000,1150000,209,348,1175000,456
3,460,11500000,11500000,209,348,11525000,4523
3,461,11525000,11525000,209,348,11550000,4530
3,462,11550000,11550000,209,348,11575000,4540
3,463,11575000,11575000,209,348,11600000,4551
3,464,11600000,11600000,209,348,11625000,4563
3,465,11625000,11625000,209,348,11650000,4570
3,466,11650000,11650000,209,348,11675000,4579
3,467,11675000,11675000,209,348,11700000,4592
3,468,11700000,11700000,209,348,11725000,4599
3,469,11725000,11725000,209,348,11750000,4609
3,47,1175000,1175000,209,348,1200000,468
3,470,11750000,11750000,209,348,11775000,4620
3,471,11775000,11775000,209,348,11800000,4631
3,472,11800000,11800000,209,348,11825000,4638
3,473,11825000,11825000,209,348,11850000,4650
3,474,11850000,11850000,209,348,11875000,4658
3,475,11875000,11875000,209,348,11900000,4668
3,476,11900000,11900000,209,348,11925000,4679
3,477,11925000,11925000,209,348,11950000,4688
3,478,11950000,11950000,209,348,11975000,4700
3,479,11975000,11975000,209,348,12000000,4708
3,48,1200000,1200000,209,348,1225000,474
3,480,12000000,12000000,209,348,12025000,4717
3,481,12025000,12025000,209,348,12050000,4729
3,482,12050000,12050000,209,348,12075000,4736
3,483,12075000,12075000,209,348,12100000,4747
3,484,12100000,12100000,209,348,12125000,4758
3,485,12125000,12125000,209,348,12150000,4768
3,486,12150000,12150000,209,348,12175000,4775
3,487,12175000,12175000,209,348,12200000,4787
3,488,12200000,12200000,209,348,12225000,4797
3,489,12225000,12225000,209,348,12250000,4805
3,49,1225000,1225000,209,348,1250000,485
3,490,12250000,12250000,209,348,12275000,4815
3,491,12275000,12275000,209,348,12300000,4827
3,492,12300000,12300000,209,348,12325000,4837
3,493,12325000,12325000,209,348,12350000,4845
3,494,12350000,12350000,209,348,12375000,4855
3,495,12375000,12375000,209,348,12400000,4866
3,496,12400000,12400000,209,348,12425000,4874
3,497,12425000,12425000,209,348,12450000,4885
3,498,12450000,12450000,209,348,12475000,4894
3,499,12475000,12475000,209,348,12500000,4906
3,5,125000,125000,209,348,150000,55
3,50,1250000,1250000,209,348,1275000,496
3,500,12500000,12500000,209,348,12525000,4914
3,501,12525000,12525000,209,348,12550000,4924
3,502,12550000,12550000,209,348,12575000,4934
3,503,12575000,12575000,209,348,12600000,4942
3,51,1275000,1275000,209,348,1300000,507
3,52,1300000,1300000,209,348,1325000,514
3,53,1325000,1325000,209,348,1350000,525
3,54,1350000,1350000,209,348,1375000,535
3,55,1375000,1375000,209,348,1400000,543
3,56,1400000,1400000,209,348,1425000,554
3,57,1425000,1425000,209,348,1450000,565
3,58,1450000,1450000,209,348,1475000,575
3,59,1475000,1475000,209,348,1500000,584
3,6,150000,150000,209,348,175000,61
3,60,1500000,1500000,209,348,1525000,593
3,61,1525000,1525000,209,348,1550000,605
3,62,1550000,1550000,209,348,1575000,612
3,63,1575000,1575000,209,348,1600000,622
3,64,1600000,1600000,209,348,1625000,634
3,65,1625000,1625000,209,348,1650000,645
3,66,1650000,1650000,209,348,1675000,650
3,67,1675000,1675000,209,348,1700000,663
3,68,1700000,1700000,209,348,1725000,674
3,69,1725000,1725000,209,348,1750000,680
3,7,175000,175000,209,348,200000,73
3,70,1750000,1750000,209,348,1775000,691
3,71,1775000,1775000,209,348,1800000,702
3,72,1800000,1800000,209,348,1825000,713
3,73,1825000,1825000,209,348,1850000,721
3,74,1850000,1850000,209,348,1875000,730
3,75,1875000,1875000,209,348,1900000,743
3,76,1900000,1900000,209,348,1925000,750
3,77,1925000,1925000,209,348,1950000,760
3,78,1950000,1950000,209,348,1975000,770
3,79,1975000,1975000,209,348,2000000,782
3,8,200000,200000,209,348,225000,84
3,80,2000000,2000000,209,348,2025000,789
3,81,2025000,2025000,209,348,2050000,800
3,82,2050000,2050000,209,348,2075000,810
3,83,2075000,2075000,209,348,2100000,819
3,84,2100000,2100000,209,348,2125000,829
3,85,2125000,2125000,209,348,2150000,839
3,86,2150000,2150000,209,348,2175000,851
3,87,2175000,2175000,209,348,2200000,858
3,88,2200000,2200000,209,348,2225000,868
3,89,2225000,2225000,209,348,2250000,880
3,9,225000,225000,209,348,250000,94
3,90,2250000,2250000,209,348,2275000,886
3,91,2275000,2275000,209,348,2300000,898
3,92,2300000,2300000,209,348,2325000,909
3,93,2325000,2325000,209,348,2350000,919
3,94,2350000,2350000,209,348,2375000,926
3,95,2375000,2375000,209,348,2400000,938
3,96,2400000,2400000,209,348,2425000,947
3,97,2425000,2425000,209,348,2450000,956
3,98,2450000,2450000,209,348,2475000,966
3,99,2475000,2475000,209,348,2500000,977
4,0,0,0,33,55,35000,7
4,1,35000,35000,33,55,70000,20
4,10,350000,350000,33,55,385000,145
4,100,3500000,3500000,33,55,3535000,1382
4,101,3535000,3535000,33,55,3570000,1396
4,102,3570000,3570000,33,55,3605000,1411
4,103,3605000,3605000,33,55,3640000,1423
4,104,3640000,3640000,33,55,3675000,1437
4,105,3675000,3675000,33,55,3710000,1451
4,106,3710000,3710000,33,55,3745000,1464
4,107,3745000,3745000,33,55,3780000,1479
4,108,3780000,3780000,33,55,3815000,1492
4,109,3815000,3815000,33,55,3850000,1506
4,11,385000,385000,33,55,420000,159
4,110,3850000,3850000,33,55,3885000,1521
4,111,3885000,3885000,33,55,3920000,1533
4,112,3920000,3920000,33,55,3955000,1546
4,113,3955000,3955000,33,55,3990000,1561
4,114,3990000,3990000,33,55,4025000,1575
4,115,4025000,4025000,33,55,4060000,1589
4,116,4060000,4060000,33,55,4095000,1602
4,117,4095000,4095000,33,55,4130000,1616
4,118,4130000,4130000,33,55,4165000,1630
4,119,4165000,4165000,33,55,4200000,1644
4,12,420000,420000,33,55,455000,173
4,120,4200000,4200000,33,55,4235000,1657
4,121,4235000,4235000,33,55,4270000,1670
4,122,4270000,4270000,33,55,4305000,1685
4,123,4305000,4305000,33,55,4340000,1699
4,124,4340000,4340000,33,55,4375000,1712
4,125,4375000,4375000,33,55,4410000,1726
4,126,4410000,4410000,33,55,4445000,1740
4,127,4445000,4445000,33,55,4480000,1753
4,128,4480000,4480000,33,55,4515000,1767
4,129,4515000,4515000,33,55,4550000,1781
4,13,455000,455000,33,55,490000,186
4,130,4550000,4550000,33,55,4585000,1794
4,131,4585000,4585000,33,55,4620000,1809
4,132,4620000,4620000,33,55,4655000,1822
4,133,4655000,4655000,33,55,4690000,1836
4,134,4690000,4690000,33,55,4725000,1851
4,135,4725000,4725000,33,55,4760000,1863
4,136,4760000,4760000,33,55,4795000,1876
4,137,4795000,4795000,33,55,4830000,1891
4,138,4830000,4830000,33,55,4865000,1905
4,139,4865000,4865000,33,55,4900000,1919
4,14,490000,490000,33,55,525000,201
4,140,4900000,4900000,33,55,4935000,1932
4,141,4935000,4935000,33,55,4970000,1946
4,142,4970000,4970000,33,55,5005000,1960
4,143,5005000,5005000,33,55,5040000,1973
4,144,5040000,5040000,33,55,5075000,1987
4,145,5075000,5075000,33,55,5110000,2000
4,146,5110000,5110000,33,55,5145000,2015
4,147,5145000,5145000,33,55,5180000,2029
4,148,5180000,5180000,33,55,5215000,2041
4,149,5215000,5215000,33,55,5250000,2057
4,15,525000,525000,33,55,560000,214
4,150,5250000,5250000,33,55,5285000,2070
4,151,5285000,5285000,33,55,5320000,2083
4,152,5320000,5320000,33,55,5355000,2097
4,153,5355000,5355000,33,55,5390000,2110
4,154,5390000,5390000,33,55,5425000,2125
4,155,5425000,5425000,33,55,5460000,2139
4,156,5460000,5460000,33,55,5495000,2152
4,157,5495000,5495000,33,55,5530000,2166
4,158,5530000,5530000,33,55,5565000,2180
4,159,5565000,5565000,33,55,5600000,2194
4,16,560000,560000,33,55,595000,226
4,160,5600000,5600000,33,55,5635000,2206
4,161,5635000,5635000,33,55,5670000,2220
4,162,5670000,5670000,33,55,5705000,2235
4,163,5705000,5705000,33,55,5740000,2248
4,164,5740000,5740000,33,55,5775000,2263
4,165,5775000,5775000,33,55,5810000,2276
4,166,5810000,5810000,33,55,5845000,2289
4,167,5845000,5845000,33,55,5880000,2304
4,168,5880000,5880000,33,55,5915000,2316
4,169,5915000,5915000,33,55,5950000,2331
4,17,595000,595000,33,55,630000,241
4,170,5950000,5950000,33,55,5985000,2345
4,171,5985000,5985000,33,55,6020000,2358
4,172,6020000,6020000,33,55,6055000,2372
4,173,6055000,6055000,33,55,6090000,2386
4,174,6090000,6090000,33,55,6125000,2401
4,175,6125000,6125000,33,55,6160000,2413
4,176,6160000,6160000,33,55,6195000,2426
4,177,6195000,6195000,33,55,6230000,2441
4,178,6230000,6230000,33,55,6265000,2454
4,179,6265000,6265000,33,55,6300000,2469
4,18,630000,630000,33,55,665000,255
4,180,6300000,6300000,33,55,6335000,2482
4,181,6335000,6335000,33,55,6370000,2495
4,182,6370000,6370000,33,55,6405000,2511
4,183,6405000,6405000,33,55,6440000,2523
4,184,6440000,6440000,33,55,6475000,2536
4,185,6475000,6475000,33,55,6510000,2551
4,186,6510000,6510000,33,55,6545000,2564
4,187,6545000,6545000,33,55,6580000,2579
4,188,6580000,6580000,33,55,6615000,2592
4,189,6615000,6615000,33,55,6650000,2606
4,19,665000,665000,33,55,700000,269
4,190,6650000,6650000,33,55,6685000,2620
4,191,6685000,6685000,33,55,6720000,2633
4,192,6720000,6720000,33,55,6755000,2647
4,193,6755000,6755000,33,55,6790000,2660
4,194,6790000,6790000,33,55,6825000,2675
4,195,6825000,6825000,33,55,6860000,2689
4,196,6860000,6860000,33,55,6895000,2701
4,197,6895000,6895000,33,55,6930000,2716
4,198,6930000,6930000,33,55,6965000,2730
4,199,6965000,6965000,33,55,7000000,2743
4,2,70000,70000,33,55,105000,36
4,20,700000,700000,33,55,735000,283
4,200,7000000,7000000,33,55,7035000,2757
4,201,7035000,7035000,33,55,7070000,2770
4,202,7070000,7070000,33,55,7105000,2784
4,203,7105000,7105000,33,55,7140000,2799
4,204,7140000,7140000,33,55,7175000,2812
4,205,7175000,7175000,33,55,7210000,2826
4,206,7210000,7210000,33,55,7245000,2840
4,207,7245000,7245000,33,55,7280000,2853
4,208,7280000,7280000,33,55,7315000,2866
4,209,7315000,7315000,33,55,7350000,2881
4,21,735000,735000,33,55,770000,296
4,210,7350000,7350000,33,55,7385000,2895
4,211,7385000,7385000,33,55,7420000,2908
4,212,7420000,7420000,33,55,7455000,2922
4,213,7455000,7455000,33,55,7490000,2936
4,214,7490000,7490000,33,55,7525000,2950
4,215,7525000,7525000,33,55,7560000,2963
4,216,7560000,7560000,33,55,7595000,2976
4,217,7595000,7595000,33,55,7630000,2990
4,218,7630000,7630000,33,55,7665000,3005
4,219,7665000,7665000,33,55,7700000,3019
4,22,770000,770000,33,55,805000,310
4,220,7700000,7700000,33,55,7735000,3031
4,221,7735000,7735000,33,55,7770000,3046
4,222,7770000,7770000,33,55,7805000,3060
4,223,7805000,7805000,33,55,7840000,3073
4,224,7840000,7840000,33,55,7875000,3087
4,225,7875000,7875000,33,55,7910000,3100
4,226,7910000,7910000,33,55,7945000,3114
4,227,7945000,7945000,33,55,7980000,3129
4,228,7980000,7980000,33,55,8015000,3142
4,229,8015000,8015000,33,55,8050000,3156
4,23,805000,805000,33,55,840000,324
4,230,8050000,8050000,33,55,8085000,3170
4,231,8085000,8085000,33,55,8120000,3183
4,232,8120000,8120000,33,55,8155000,3196
4,233,8155000,8155000,33,55,8190000,3210
4,234,8190000,8190000,33,55,8225000,3225
4,235,8225000,8225000,33,55,8260000,3238
4,236,8260000,8260000,33,55,8295000,3252
4,237,8295000,8295000,33,55,8330000,3266
4,238,8330000,8330000,33,55,8365000,3279
4,239,8365000,8365000,33,55,8400000,3294
4,24,840000,840000,33,55,875000,337
4,240,8400000,8400000,33,55,8435000,3306
4,241,8435000,8435000,33,55,8470000,3320
4,242,8470000,8470000,33,55,8505000,3335
4,243,8505000,8505000,33,55,8540000,3348
4,244,8540000,8540000,33,55,8575000,3362
4,245,8575000,8575000,33,55,8610000,3376
4,246,8610000,8610000,33,55,8645000,3390
4,247,8645000,8645000,33,55,8680000,3403
4,248,8680000,8680000,33,55,8715000,3416
4,249,8715000,8715000,33,55,8750000,3431
4,25,875000,875000,33,55,910000,351
4,250,8750000,8750000,33,55,8785000,3444
4,251,8785000,8785000,33,55,8820000,3458
4,252,8820000,8820000,33,55,8855000,3472
4,253,8855000,8855000,33,55,8890000,3485
4,254,8890000,8890000,33,55,8925000,3501
4,255,8925000,8925000,33,55,8960000,3513
4,256,8960000,8960000,33,55,8995000,3525
4,257,8995000,8995000,33,55,9030000,3541
4,258,9030000,9030000,33,55,9065000,3554
4,259,9065000,9065000,33,55,9100000,3569
4,26,910000,910000,33,55,945000,365
4,260,9100000,9100000,33,55,9135000,3582
4,261,9135000,9135000,33,55,9170000,3595
4,262,9170000,9170000,33,55,9205000,3610
4,263,9205000,9205000,33,55,9240000,3623
4,264,9240000,9240000,33,55,9275000,3637
4,265,9275000,9275000,33,55,9310000,3650
4,266,9310000,9310000,33,55,9345000,3664
4,267,9345000,9345000,33,55,9380000,3679
4,268,9380000,9380000,33,55,9415000,3691
4,269,9415000,9415000,33,55,9450000,3706
4,27,945000,945000,33,55,980000,379
4,270,9450000,9450000,33,55,9485000,3720
4,271,9485000,9485000,33,55,9520000,3732
4,272,9520000,9520000,33,55,9555000,3747
4,273,9555000,9555000,33,55,9590000,3760
4,274,9590000,9590000,33,55,9625000,3774
4,275,9625000,9625000,33,55,9660000,3789
4,276,9660000,9660000,33,55,9695000,3801
4,277,9695000,9695000,33,55,9730000,3816
4,278,9730000,9730000,33,55,9765000,3830
4,279,9765000,9765000,33,55,9800000,3843
4,28,980000,980000,33,55,1015000,392
4,280,9800000,9800000,33,55,9835000,3856
4,281,9835000,9835000,33,55,9870000,3870
4,282,9870000,9870000,33,55,9905000,3885
4,283,9905000,9905000,33,55,9940000,3898
4,284,9940000,9940000,33,55,9975000,3912
4,285,9975000,9975000,33,55,10010000,3926
4,286,10010000,10010000,33,55,10045000,3939
4,287,10045000,10045000,33,55,10080000,3953
4,288,10080000,10080000,33,55,10115000,3966
4,289,10115000,10115000,33,55,10150000,3980
4,29,1015000,1015000,33,55,1050000,407
4,290,10150000,10150000,33,55,10185000,3995
4,291,10185000,10185000,33,55,10220000,4008
4,292,10220000,10220000,33,55,10255000,4021
4,293,10255000,10255000,33,55,10290000,4036
4,294,10290000,10290000,33,55,10325000,4050
4,295,10325000,10325000,33,55,10360000,4063
4,296,10360000,10360000,33,55,10395000,4076
4,297,10395000,10395000,33,55,10430000,4090
4,298,10430000,10430000,33,55,10465000,4104
4,299,10465000,10465000,33,55,10500000,4119
4,3,105000,105000,33,55,140000,49
4,30,1050000,1050000,33,55,1085000,421
4,300,10500000,10500000,33,55,10535000,4132
4,301,10535000,10535000,33,55,10570000,4145
4,302,10570000,10570000,33,55,10605000,4160
4,303,10605000,10605000,33,55,10640000,4173
4,304,10640000,10640000,33,55,10675000,4186
4,305,10675000,10675000,33,55,10710000,4200
4,306,10710000,10710000,33,55,10745000,4214
4,307,10745000,10745000,33,55,10780000,4228
4,308,10780000,10780000,33,55,10815000,4242
4,309,10815000,10815000,33,55,10850000,4256
4,31,1085000,1085000,33,55,1120000,433
4,310,10850000,10850000,33,55,10885000,4269
4,311,10885000,10885000,33,55,10920000,4283
4,312,10920000,10920000,33,55,10955000,4296
4,313,10955000,10955000,33,55,10990000,4310
4,314,10990000,10990000,33,55,11025000,4325
4,315,11025000,11025000,33,55,11060000,4338
4,316,11060000,11060000,33,55,11095000,4351
4,317,11095000,11095000,33,55,11130000,4366
4,318,11130000,11130000,33,55,11165000,4380
4,319,11165000,11165000,33,55,11200000,4393
4,32,1120000,1120000,33,55,1155000,447
4,320,11200000,11200000,33,55,11235000,4406
4,321,11235000,11235000,33,55,11270000,4420
4,322,11270000,11270000,33,55,11305000,4434
4,323,11305000,11305000,33,55,11340000,4448
4,324,11340000,11340000,33,55,11375000,4462
4,325,11375000,11375000,33,55,11410000,4475
4,326,11410000,11410000,33,55,11445000,4490
4,327,11445000,11445000,33,55,11480000,4503
4,328,11480000,11480000,33,55,11515000,4515
4,329,11515000,11515000,33,55,11550000,4531
4,33,1155000,1155000,33,55,1190000,461
4,330,11550000,11550000,33,55,11585000,4544
4,331,11585000,11585000,33,55,11620000,4558
4,332,11620000,11620000,33,55,11655000,4572
4,333,11655000,11655000,33,55,11690000,4585
4,334,11690000,11690000,33,55,11725000,4600
4,335,11725000,11725000,33,55,11760000,4613
4,336,11760000,11760000,33,55,11795000,4626
4,337,11795000,11795000,33,55,11830000,4640
4,338,11830000,11830000,33,55,11865000,4654
4,339,11865000,11865000,33,55,11900000,4669
4,34,1190000,1190000,33,55,1225000,475
4,340,11900000,11900000,33,55,11935000,4681
4,341,11935000,11935000,33,55,11970000,4695
4,342,11970000,11970000,33,55,12005000,4710
4,343,12005000,12005000,33,55,12040000,4722
4,344,12040000,12040000,33,55,12075000,4737
4,345,12075000,12075000,33,55,12110000,4750
4,346,12110000,12110000,33,55,12145000,4763
4,347,12145000,12145000,33,55,12180000,4779
4,348,12180000,12180000,33,55,12215000,4791
4,349,12215000,12215000,33,55,12250000,4806
4,35,1225000,1225000,33,55,1260000,489
4,350,12250000,12250000,33,55,12285000,4820
4,351,12285000,12285000,33,55,12320000,4832
4,352,12320000,12320000,33,55,12355000,4846
4,353,12355000,12355000,33,55,12390000,4860
4,354,12390000,12390000,33,55,12425000,4875
4,355,12425000,12425000,33,55,12460000,4888
4,356,12460000,12460000,33,55,12495000,4901
4,357,12495000,12495000,33,55,12530000,4916
4,358,12530000,12530000,33,55,12565000,4929
4,359,12565000,12565000,33,55,12600000,4943
4,36,1260000,1260000,33,55,1295000,502
4,37,1295000,1295000,33,55,1330000,516
4,38,1330000,1330000,33,55,1365000,531
4,39,1365000,1365000,33,55,1400000,544
4,4,140000,140000,33,55,175000,62
4,40,1400000,1400000,33,55,1435000,556
4,41,1435000,1435000,33,55,1470000,571
4,42,1470000,1470000,33,55,1505000,585
4,43,1505000,1505000,33,55,1540000,599
4,44,1540000,1540000,33,55,1575000,613
4,45,1575000,1575000,33,55,1610000,626
4,46,1610000,1610000,33,55,1645000,640
4,47,1645000,1645000,33,55,1680000,654
4,48,1680000,1680000,33,55,1715000,667
4,49,1715000,1715000,33,55,1750000,681
4,5,175000,175000,33,55,210000,77
4,50,1750000,1750000,33,55,1785000,695
4,51,1785000,1785000,33,55,1820000,709
4,52,1820000,1820000,33,55,1855000,722
4,53,1855000,1855000,33,55,1890000,736
4,54,1890000,1890000,33,55,1925000,751
4,55,1925000,1925000,33,55,1960000,763
4,56,1960000,1960000,33,55,1995000,777
4,57,1995000,1995000,33,55,2030000,791
4,58,2030000,2030000,33,55,2065000,804
4,59,2065000,2065000,33,55,2100000,820
4,6,210000,210000,33,55,245000,90
4,60,2100000,2100000,33,55,2135000,832
4,61,2135000,2135000,33,55,2170000,846
4,62,2170000,2170000,33,55,2205000,861
4,63,2205000,2205000,33,55,2240000,873
4,64,2240000,2240000,33,55,2275000,887
4,65,2275000,2275000,33,55,2310000,901
4,66,2310000,2310000,33,55,2345000,915
4,67,2345000,2345000,33,55,2380000,929
4,68,2380000,2380000,33,55,2415000,942
4,69,2415000,2415000,33,55,2450000,957
4,7,245000,245000,33,55,280000,104
4,70,2450000,2450000,33,55,2485000,970
4,71,2485000,2485000,33,55,2520000,983
4,72,2520000,2520000,33,55,2555000,997
4,73,2555000,2555000,33,55,2590000,1010
4,74,2590000,2590000,33,55,2625000,1026
4,75,2625000,2625000,33,55,2660000,1039
4,76,2660000,2660000,33,55,2695000,1051
4,77,2695000,2695000,33,55,2730000,1067
4,78,2730000,2730000,33,55,2765000,1080
4,79,2765000,2765000,33,55,2800000,1094
4,8,280000,280000,33,55,315000,117
4,80,2800000,2800000,33,55,2835000,1107
4,81,2835000,2835000,33,55,2870000,1120
4,82,2870000,2870000,33,55,2905000,1135
4,83,2905000,2905000,33,55,2940000,1149
4,84,2940000,2940000,33,55,2975000,1163
4,85,2975000,2975000,33,55,3010000,1176
4,86,3010000,3010000,33,55,3045000,1190
4,87,3045000,3045000,33,55,3080000,1204
4,88,3080000,3080000,33,55,3115000,1216
4,89,3115000,3115000,33,55,3150000,1231
4,9,315000,315000,33,55,350000,131
4,90,3150000,3150000,33,55,3185000,1245
4,91,3185000,3185000,33,55,3220000,1258
4,92,3220000,3220000,33,55,3255000,1273
4,93,3255000,3255000,33,55,3290000,1286
4,94,3290000,3290000,33,55,3325000,1300
4,95,3325000,3325000,33,55,3360000,1314
4,96,3360000,3360000,33,55,3395000,1326
4,97,3395000,3395000,33,55,3430000,1341
4,98,3430000,3430000,33,55,3465000,1355
4,99,3465000,3465000,33,55,3500000,1369
5,0,0,0,1415,2358,35000,8
5,1,35000,35000,1415,2358,70000,21
5,10,350000,350000,1415,2358,385000,146
5,100,3500000,3500000,1415,2358,3535000,1383
5,101,3535000,3535000,1415,2358,3570000,1397
5,102,3570000,3570000,1415,2358,3605000,1412
5,103,3605000,3605000,1415,2358,3640000,1424
5,104,3640000,3640000,1415,2358,3675000,1438
5,105,3675000,3675000,1415,2358,3710000,1452
5,106,3710000,3710000,1415,2358,3745000,1465
5,107,3745000,3745000,1415,2358,3780000,1480
5,108,3780000,3780000,1415,2358,3815000,1493
5,109,3815000,3815000,1415,2358,3850000,1507
5,11,385000,385000,1415,2358,420000,160
5,110,3850000,3850000,1415,2358,3885000,1522
5,111,3885000,3885000,1415,2358,3920000,1534
5,112,3920000,3920000,1415,2358,3955000,1547
5,113,3955000,3955000,1415,2358,3990000,1562
5,114,3990000,3990000,1415,2358,4025000,1576
5,115,4025000,4025000,1415,2358,4060000,1590
5,116,4060000,4060000,1415,2358,4095000,1603
5,117,4095000,4095000,1415,2358,4130000,1617
5,118,4130000,4130000,1415,2358,4165000,1631
5,119,4165000,4165000,1415,2358,4200000,1645
5,12,420000,420000,1415,2358,455000,174
5,120,4200000,4200000,1415,2358,4235000,1658
5,121,4235000,4235000,1415,2358,4270000,1671
5,122,4270000,4270000,1415,2358,4305000,1686
5,123,4305000,4305000,1415,2358,4340000,1700
5,124,4340000,4340000,1415,2358,4375000,1713
5,125,4375000,4375000,1415,2358,4410000,1727
5,126,4410000,4410000,1415,2358,4445000,1741
5,127,4445000,4445000,1415,2358,4480000,1754
5,128,4480000,4480000,1415,2358,4515000,1768
5,129,4515000,4515000,1415,2358,4550000,1782
5,13,455000,455000,1415,2358,490000,187
5,130,4550000,4550000,1415,2358,4585000,1795
5,131,4585000,4585000,1415,2358,4620000,1810
5,132,4620000,4620000,1415,2358,4655000,1823
5,133,4655000,4655000,1415,2358,4690000,1837
5,134,4690000,4690000,1415,2358,4725000,1852
5,135,4725000,4725000,1415,2358,4760000,1864
5,136,4760000,4760000,1415,2358,4795000,1877
5,137,4795000,4795000,1415,2358,4830000,1892
5,138,4830000,4830000,1415,2358,4865000,1906
5,139,4865000,4865000,1415,2358,4900000,1920
5,14,490000,490000,1415,2358,525000,202
5,140,4900000,4900000,1415,2358,4935000,1933
5,141,4935000,4935000,1415,2358,4970000,1947
5,142,4970000,4970000,1415,2358,5005000,1961
5,143,5005000,5005000,1415,2358,5040000,1974
5,144,5040000,5040000,1415,2358,5075000,1988
5,145,5075000,5075000,1415,2358,5110000,2001
5,146,5110000,5110000,1415,2358,5145000,2016
5,147,5145000,5145000,1415,2358,5180000,2030
5,148,5180000,5180000,1415,2358,5215000,2042
5,149,5215000,5215000,1415,2358,5250000,2058
5,15,525000,525000,1415,2358,560000,215
5,150,5250000,5250000,1415,2358,5285000,2071
5,151,5285000,5285000,1415,2358,5320000,2084
5,152,5320000,5320000,1415,2358,5355000,2098
5,153,5355000,5355000,1415,2358,5390000,2111
5,154,5390000,5390000,1415,2358,5425000,2126
5,155,5425000,5425000,1415,2358,5460000,2140
5,156,5460000,5460000,1415,2358,5495000,2153
5,157,5495000,5495000,1415,2358,5530000,2167
5,158,5530000,5530000,1415,2358,5565000,2181
5,159,5565000,5565000,1415,2358,5600000,2195
5,16,560000,560000,1415,2358,595000,227
5,160,5600000,5600000,1415,2358,5635000,2207
5,161,5635000,5635000,1415,2358,5670000,2221
5,162,5670000,5670000,1415,2358,5705000,2236
5,163,5705000,5705000,1415,2358,5740000,2249
5,164,5740000,5740000,1415,2358,5775000,2264
5,165,5775000,5775000,1415,2358,5810000,2277
5,166,5810000,5810000,1415,2358,5845000,2290
5,167,5845000,5845000,1415,2358,5880000,2305
5,168,5880000,5880000,1415,2358,5915000,2317
5,169,5915000,5915000,1415,2358,5950000,2332
5,17,595000,595000,1415,2358,630000,242
5,170,5950000,5950000,1415,2358,5985000,2346
5,171,5985000,5985000,1415,2358,6020000,2359
5,172,6020000,6020000,1415,2358,6055000,2373
5,173,6055000,6055000,1415,2358,6090000,2387
5,174,6090000,6090000,1415,2358,6125000,2402
5,175,6125000,6125000,1415,2358,6160000,2414
5,176,6160000,6160000,1415,2358,6195000,2427
5,177,6195000,6195000,1415,2358,6230000,2442
5,178,6230000,6230000,1415,2358,6265000,2455
5,179,6265000,6265000,1415,2358,6300000,2470
5,18,630000,630000,1415,2358,665000,256
5,180,6300000,6300000,1415,2358,6335000,2483
5,181,6335000,6335000,1415,2358,6370000,2496
5,182,6370000,6370000,1415,2358,6405000,2512
5,183,6405000,6405000,1415,2358,6440000,2524
5,184,6440000,6440000,1415,2358,6475000,2537
5,185,6475000,6475000,1415,2358,6510000,2552
5,186,6510000,6510000,1415,2358,6545000,2565
5,187,6545000,6545000,1415,2358,6580000,2580
5,188,6580000,6580000,1415,2358,6615000,2593
5,189,6615000,6615000,1415,2358,6650000,2607
5,19,665000,665000,1415,2358,700000,270
5,190,6650000,6650000,1415,2358,6685000,2621
5,191,6685000,6685000,1415,2358,6720000,2634
5,192,6720000,6720000,1415,2358,6755000,2648
5,193,6755000,6755000,1415,2358,6790000,2661
5,194,6790000,6790000,1415,2358,6825000,2676
5,195,6825000,6825000,1415,2358,6860000,2690
5,196,6860000,6860000,1415,2358,6895000,2702
5,197,6895000,6895000,1415,2358,6930000,2717
5,198,6930000,6930000,1415,2358,6965000,2731
5,199,6965000,6965000,1415,2358,7000000,2744
5,2,70000,70000,1415,2358,105000,37
5,20,700000,700000,1415,2358,735000,284
5,200,7000000,7000000,1415,2358,7035000,2758
5,201,7035000,7035000,1415,2358,7070000,2771
5,202,7070000,7070000,1415,2358,7105000,2785
5,203,7105000,7105000,1415,2358,7140000,2800
5,204,7140000,7140000,1415,2358,7175000,2813
5,205,7175000,7175000,1415,2358,7210000,2827
5,206,7210000,7210000,1415,2358,7245000,2841
5,207,7245000,7245000,1415,2358,7280000,2854
5,208,7280000,7280000,1415,2358,7315000,2867
5,209,7315000,7315000,1415,2358,7350000,2882
5,21,735000,735000,1415,2358,770000,297
5,210,7350000,7350000,1415,2358,7385000,2896
5,211,7385000,7385000,1415,2358,7420000,2909
5,212,7420000,7420000,1415,2358,7455000,2923
5,213,7455000,7455000,1415,2358,7490000,2937
5,214,7490000,7490000,1415,2358,7525000,2951
5,215,7525000,7525000,1415,2358,7560000,2964
5,216,7560000,7560000,1415,2358,7595000,2977
5,217,7595000,7595000,1415,2358,7630000,2991
5,218,7630000,7630000,1415,2358,7665000,3006
5,219,7665000,7665000,1415,2358,7700000,3020
5,22,770000,770000,1415,2358,805000,311
5,220,7700000,7700000,1415,2358,7735000,3032
5,221,7735000,7735000,1415,2358,7770000,3047
5,222,7770000,7770000,1415,2358,7805000,3061
5,223,7805000,7805000,1415,2358,7840000,3074
5,224,7840000,7840000,1415,2358,7875000,3088
5,225,7875000,7875000,1415,2358,7910000,3101
5,226,7910000,7910000,1415,2358,7945000,3115
5,227,7945000,7945000,1415,2358,7980000,3130
5,228,7980000,7980000,1415,2358,8015000,3143
5,229,8015000,8015000,1415,2358,8050000,3157
5,23,805000,805000,1415,2358,840000,325
5,230,8050000,8050000,1415,2358,8085000,3171
5,231,8085000,8085000,1415,2358,8120000,3184
5,232,8120000,8120000,1415,2358,8155000,3197
5,233,8155000,8155000,1415,2358,8190000,3211
5,234,8190000,8190000,1415,2358,8225000,3226
5,235,8225000,8225000,1415,2358,8260000,3239
5,236,8260000,8260000,1415,2358,8295000,3253
5,237,8295000,8295000,1415,2358,8330000,3267
5,238,8330000,8330000,1415,2358,8365000,3280
5,239,8365000,8365000,1415,2358,8400000,3295
5,24,840000,840000,1415,2358,875000,338
5,240,8400000,8400000,1415,2358,8435000,3307
5,241,8435000,8435000,1415,2358,8470000,3321
5,242,8470000,8470000,1415,2358,8505000,3336
5,243,8505000,8505000,1415,2358,8540000,3349
5,244,8540000,8540000,1415,2358,8575000,3363
5,245,8575000,8575000,1415,2358,8610000,3377
5,246,8610000,8610000,1415,2358,8645000,3391
5,247,8645000,8645000,1415,2358,8680000,3404
5,248,8680000,8680000,1415,2358,8715000,3417
5,249,8715000,8715000,1415,2358,8750000,3432
5,25,875000,875000,1415,2358,910000,352
5,250,8750000,8750000,1415,2358,8785000,3445
5,251,8785000,8785000,1415,2358,8820000,3459
5,252,8820000,8820000,1415,2358,8855000,3473
5,253,8855000,8855000,1415,2358,8890000,3486
5,254,8890000,8890000,1415,2358,8925000,3502
5,255,8925000,8925000,1415,2358,8960000,3514
5,256,8960000,8960000,1415,2358,8995000,3526
5,257,8995000,8995000,1415,2358,9030000,3542
5,258,9030000,9030000,1415,2358,9065000,3555
5,259,9065000,9065000,1415,2358,9100000,3570
5,26,910000,910000,1415,2358,945000,366
5,260,9100000,9100000,1415,2358,9135000,3583
5,261,9135000,9135000,1415,2358,9170000,3596
5,262,9170000,9170000,1415,2358,9205000,3611
5,263,9205000,9205000,1415,2358,9240000,3624
5,264,9240000,9240000,1415,2358,9275000,3638
5,265,9275000,9275000,1415,2358,9310000,3651
5,266,9310000,9310000,1415,2358,9345000,3665
5,267,9345000,9345000,1415,2358,9380000,3680
5,268,9380000,9380000,1415,2358,9415000,3692
5,269,9415000,9415000,1415,2358,9450000,3707
5,27,945000,945000,1415,2358,980000,380
5,270,9450000,9450000,1415,2358,9485000,3721
5,271,9485000,9485000,1415,2358,9520000,3733
5,272,9520000,9520000,1415,2358,9555000,3748
5,273,9555000,9555000,1415,2358,9590000,3761
5,274,9590000,9590000,1415,2358,9625000,3775
5,275,9625000,9625000,1415,2358,9660000,3790
5,276,9660000,9660000,1415,2358,9695000,3802
5,277,9695000,9695000,1415,2358,9730000,3817
5,278,9730000,9730000,1415,2358,9765000,3831
5,279,9765000,9765000,1415,2358,9800000,3844
5,28,980000,980000,1415,2358,1015000,393
5,280,9800000,9800000,1415,2358,9835000,3857
5,281,9835000,9835000,1415,2358,9870000,3871
5,282,9870000,9870000,1415,2358,9905000,3886
5,283,9905000,9905000,1415,2358,9940000,3899
5,284,9940000,9940000,1415,2358,9975000,3913
5,285,9975000,9975000,1415,2358,10010000,3927
5,286,10010000,10010000,1415,2358,10045000,3940
5,287,10045000,10045000,1415,2358,10080000,3954
5,288,10080000,10080000,1415,2358,10115000,3967
5,289,10115000,10115000,1415,2358,10150000,3981
5,29,1015000,1015000,1415,2358,1050000,408
5,290,10150000,10150000,1415,2358,10185000,3996
5,291,10185000,10185000,1415,2358,10220000,4009
5,292,10220000,10220000,1415,2358,10255000,4022
5,293,10255000,10255000,1415,2358,10290000,4037
5,294,10290000,10290000,1415,2358,10325000,4051
5,295,10325000,10325000,1415,2358,10360000,4064
5,296,10360000,10360000,1415,2358,10395000,4077
5,297,10395000,10395000,1415,2358,10430000,4091
5,298,10430000,10430000,1415,2358,10465000,4105
5,299,10465000,10465000,1415,2358,10500000,4120
5,3,105000,105000,1415,2358,140000,50
5,30,1050000,1050000,1415,2358,1085000,422
5,300,10500000,10500000,1415,2358,10535000,4133
5,301,10535000,10535000,1415,2358,10570000,4146
5,302,10570000,10570000,1415,2358,10605000,4161
5,303,10605000,10605000,1415,2358,10640000,4174
5,304,10640000,10640000,1415,2358,10675000,4187
5,305,10675000,10675000,1415,2358,10710000,4201
5,306,10710000,10710000,1415,2358,10745000,4215
5,307,10745000,10745000,1415,2358,10780000,4229
5,308,10780000,10780000,1415,2358,10815000,4243
5,309,10815000,10815000,1415,2358,10850000,4257
5,31,1085000,1085000,1415,2358,1120000,434
5,310,10850000,10850000,1415,2358,10885000,4270
5,311,10885000,10885000,1415,2358,10920000,4284
5,312,10920000,10920000,1415,2358,10955000,4297
5,313,10955000,10955000,1415,2358,10990000,4311
5,314,10990000,10990000,1415,2358,11025000,4326
5,315,11025000,11025000,1415,2358,11060000,4339
5,316,11060000,11060000,1415,2358,11095000,4352
5,317,11095000,11095000,1415,2358,11130000,4367
5,318,11130000,11130000,1415,2358,11165000,4381
5,319,11165000,11165000,1415,2358,11200000,4394
5,32,1120000,1120000,1415,2358,1155000,448
5,320,11200000,11200000,1415,2358,11235000,4407
5,321,11235000,11235000,1415,2358,11270000,4421
5,322,11270000,11270000,1415,2358,11305000,4435
5,323,11305000,11305000,1415,2358,11340000,4449
5,324,11340000,11340000,1415,2358,11375000,4463
5,325,11375000,11375000,1415,2358,11410000,4476
5,326,11410000,11410000,1415,2358,11445000,4491
5,327,11445000,11445000,1415,2358,11480000,4504
5,328,11480000,11480000,1415,2358,11515000,4516
5,329,11515000,11515000,1415,2358,11550000,4532
5,33,1155000,1155000,1415,2358,1190000,462
5,330,11550000,11550000,1415,2358,11585000,4545
5,331,11585000,11585000,1415,2358,11620000,4559
5,332,11620000,11620000,1415,2358,11655000,4573
5,333,11655000,11655000,1415,2358,11690000,4586
5,334,11690000,11690000,1415,2358,11725000,4601
5,335,11725000,11725000,1415,2358,11760000,4614
5,336,11760000,11760000,1415,2358,11795000,4627
5,337,11795000,11795000,1415,2358,11830000,4641
5,338,11830000,11830000,1415,2358,11865000,4655
5,339,11865000,11865000,1415,2358,11900000,4670
5,34,1190000,1190000,1415,2358,1225000,476
5,340,11900000,11900000,1415,2358,11935000,4682
5,341,11935000,11935000,1415,2358,11970000,4696
5,342,11970000,11970000,1415,2358,12005000,4711
5,343,12005000,12005000,1415,2358,12040000,4723
5,344,12040000,12040000,1415,2358,12075000,4738
5,345,12075000,12075000,1415,2358,12110000,4751
5,346,12110000,12110000,1415,2358,12145000,4764
5,347,12145000,12145000,1415,2358,12180000,4780
5,348,12180000,12180000,1415,2358,12215000,4792
5,349,12215000,12215000,1415,2358,12250000,4807
5,35,1225000,1225000,1415,2358,1260000,490
5,350,12250000,12250000,1415,2358,12285000,4821
5,351,12285000,12285000,1415,2358,12320000,4833
5,352,12320000,12320000,1415,2358,12355000,4847
5,353,12355000,12355000,1415,2358,12390000,4861
5,354,12390000,12390000,1415,2358,12425000,4876
5,355,12425000,12425000,1415,2358,12460000,4889
5,356,12460000,12460000,1415,2358,12495000,4902
5,357,12495000,12495000,1415,2358,12530000,4917
5,358,12530000,12530000,1415,2358,12565000,4930
5,359,12565000,12565000,1415,2358,12600000,4944
5,36,1260000,1260000,1415,2358,1295000,503
5,37,1295000,1295000,1415,2358,1330000,517
5,38,1330000,1330000,1415,2358,1365000,532
5,39,1365000,1365000,1415,2358,1400000,545
5,4,140000,140000,1415,2358,175000,63
5,40,1400000,1400000,1415,2358,1435000,557
5,41,1435000,1435000,1415,2358,1470000,572
5,42,1470000,1470000,1415,2358,1505000,586
5,43,1505000,1505000,1415,2358,1540000,600
5,44,1540000,1540000,1415,2358,1575000,614
5,45,1575000,1575000,1415,2358,1610000,627
5,46,1610000,1610000,1415,2358,1645000,641
5,47,1645000,1645000,1415,2358,1680000,655
5,48,1680000,1680000,1415,2358,1715000,668
5,49,1715000,1715000,1415,2358,1750000,682
5,5,175000,175000,1415,2358,210000,78
5,50,1750000,1750000,1415,2358,1785000,696
5,51,1785000,1785000,1415,2358,1820000,710
5,52,1820000,1820000,1415,2358,1855000,723
5,53,1855000,1855000,1415,2358,1890000,737
5,54,1890000,1890000,1415,2358,1925000,752
5,55,1925000,1925000,1415,2358,1960000,764
5,56,1960000,1960000,1415,2358,1995000,778
5,57,1995000,1995000,1415,2358,2030000,792
5,58,2030000,2030000,1415,2358,2065000,805
5,59,2065000,2065000,1415,2358,2100000,821
5,6,210000,210000,1415,2358,245000,91
5,60,2100000,2100000,1415,2358,2135000,833
5,61,2135000,2135000,1415,2358,2170000,847
5,62,2170000,2170000,1415,2358,2205000,862
5,63,2205000,2205000,1415,2358,2240000,874
5,64,2240000,2240000,1415,2358,2275000,888
5,65,2275000,2275000,1415,2358,2310000,902
5,66,2310000,2310000,1415,2358,2345000,916
5,67,2345000,2345000,1415,2358,2380000,930
5,68,2380000,2380000,1415,2358,2415000,943
5,69,2415000,2415000,1415,2358,2450000,958
5,7,245000,245000,1415,2358,280000,105
5,70,2450000,2450000,1415,2358,2485000,971
5,71,2485000,2485000,1415,2358,2520000,984
5,72,2520000,2520000,1415,2358,2555000,998
5,73,2555000,2555000,1415,2358,2590000,1011
5,74,2590000,2590000,1415,2358,2625000,1027
5,75,2625000,2625000,1415,2358,2660000,1040
5,76,2660000,2660000,1415,2358,2695000,1052
5,77,2695000,2695000,1415,2358,2730000,1068
5,78,2730000,2730000,1415,2358,2765000,1081
5,79,2765000,2765000,1415,2358,2800000,1095
5,8,280000,280000,1415,2358,315000,118
5,80,2800000,2800000,1415,2358,2835000,1108
5,81,2835000,2835000,1415,2358,2870000,1121
5,82,2870000,2870000,1415,2358,2905000,1136
5,83,2905000,2905000,1415,2358,2940000,1150
5,84,2940000,2940000,1415,2358,2975000,1164
5,85,2975000,2975000,1415,2358,3010000,1177
5,86,3010000,3010000,1415,2358,3045000,1191
5,87,3045000,3045000,1415,2358,3080000,1205
5,88,3080000,3080000,1415,2358,3115000,1217
5,89,3115000,3115000,1415,2358,3150000,1232
5,9,315000,315000,1415,2358,350000,132
5,90,3150000,3150000,1415,2358,3185000,1246
5,91,3185000,3185000,1415,2358,3220000,1259
5,92,3220000,3220000,1415,2358,3255000,1274
5,93,3255000,3255000,1415,2358,3290000,1287
5,94,3290000,3290000,1415,2358,3325000,1301
5,95,3325000,3325000,1415,2358,3360000,1315
5,96,3360000,3360000,1415,2358,3395000,1327
5,97,3395000,3395000,1415,2358,3430000,1342
5,98,3430000,3430000,1415,2358,3465000,1356
5,99,3465000,3465000,1415,2358,3500000,1370
6,0,0,0,1631,2718,35000,9
6,1,35000,35000,1631,2718,70000,22
6,10,350000,350000,1631,2718,385000,147
6,100,3500000,3500000,1631,2718,3535000,1384
6,101,3535000,3535000,1631,2718,3570000,1398
6,102,3570000,3570000,1631,2718,3605000,1413
6,103,3605000,3605000,1631,2718,3640000,1425
6,104,3640000,3640000,1631,2718,3675000,1439
6,105,3675000,3675000,1631,2718,3710000,1453
6,106,3710000,3710000,1631,2718,3745000,1466
6,107,3745000,3745000,1631,2718,3780000,1481
6,108,3780000,3780000,1631,2718,3815000,1494
6,109,3815000,3815000,1631,2718,3850000,1508
6,11,385000,385000,1631,2718,420000,161
6,110,3850000,3850000,1631,2718,3885000,1523
6,111,3885000,3885000,1631,2718,3920000,1535
6,112,3920000,3920000,1631,2718,3955000,1548
6,113,3955000,3955000,1631,2718,3990000,1563
6,114,3990000,3990000,1631,2718,4025000,1577
6,115,4025000,4025000,1631,2718,4060000,1591
6,116,4060000,4060000,1631,2718,4095000,1604
6,117,4095000,4095000,1631,2718,4130000,1618
6,118,4130000,4130000,1631,2718,4165000,1632
6,119,4165000,4165000,1631,2718,4200000,1646
6,12,420000,420000,1631,2718,455000,175
6,120,4200000,4200000,1631,2718,4235000,1659
6,121,4235000,4235000,1631,2718,4270000,1672
6,122,4270000,4270000,1631,2718,4305000,1687
6,123,4305000,4305000,1631,2718,4340000,1701
6,124,4340000,4340000,1631,2718,4375000,1714
6,125,4375000,4375000,1631,2718,4410000,1728
6,126,4410000,4410000,1631,2718,4445000,1742
6,127,4445000,4445000,1631,2718,4480000,1755
6,128,4480000,4480000,1631,2718,4515000,1769
6,129,4515000,4515000,1631,2718,4550000,1783
6,13,455000,455000,1631,2718,490000,188
6,130,4550000,4550000,1631,2718,4585000,1796
6,131,4585000,4585000,1631,2718,4620000,1811
6,132,4620000,4620000,1631,2718,4655000,1824
6,133,4655000,4655000,1631,2718,4690000,1838
6,134,4690000,4690000,1631,2718,4725000,1853
6,135,4725000,4725000,1631,2718,4760000,1865
6,136,4760000,4760000,1631,2718,4795000,1878
6,137,4795000,4795000,1631,2718,4830000,1893
6,138,4830000,4830000,1631,2718,4865000,1907
6,139,4865000,4865000,1631,2718,4900000,1921
6,14,490000,490000,1631,2718,525000,203
6,140,4900000,4900000,1631,2718,4935000,1934
6,141,4935000,4935000,1631,2718,4970000,1948
6,142,4970000,4970000,1631,2718,5005000,1962
6,143,5005000,5005000,1631,2718,5040000,1975
6,144,5040000,5040000,1631,2718,5075000,1989
6,145,5075000,5075000,1631,2718,5110000,2002
6,146,5110000,5110000,1631,2718,5145000,2017
6,147,5145000,5145000,1631,2718,5180000,2031
6,148,5180000,5180000,1631,2718,5215000,2043
6,149,5215000,5215000,1631,2718,5250000,2059
6,15,525000,525000,1631,2718,560000,216
6,150,5250000,5250000,1631,2718,5285000,2072
6,151,5285000,5285000,1631,2718,5320000,2085
6,152,5320000,5320000,1631,2718,5355000,2099
6,153,5355000,5355000,1631,2718,5390000,2112
6,154,5390000,5390000,1631,2718,5425000,2127
6,155,5425000,5425000,1631,2718,5460000,2141
6,156,5460000,5460000,1631,2718,5495000,2154
6,157,5495000,5495000,1631,2718,5530000,2168
6,158,5530000,5530000,1631,2718,5565000,2182
6,159,5565000,5565000,1631,2718,5600000,2196
6,16,560000,560000,1631,2718,595000,228
6,160,5600000,5600000,1631,2718,5635000,2208
6,161,5635000,5635000,1631,2718,5670000,2222
6,162,5670000,5670000,1631,2718,5705000,2237
6,163,5705000,5705000,1631,2718,5740000,2250
6,164,5740000,5740000,1631,2718,5775000,2265
6,165,5775000,5775000,1631,2718,5810000,2278
6,166,5810000,5810000,1631,2718,5845000,2291
6,167,5845000,5845000,1631,2718,5880000,2306
6,168,5880000,5880000,1631,2718,5915000,2318
6,169,5915000,5915000,1631,2718,5950000,2333
6,17,595000,595000,1631,2718,630000,243
6,170,5950000,5950000,1631,2718,5985000,2347
6,171,5985000,5985000,1631,2718,6020000,2360
6,172,6020000,6020000,1631,2718,6055000,2374
6,173,6055000,6055000,1631,2718,6090000,2388
6,174,6090000,6090000,1631,2718,6125000,2403
6,175,6125000,6125000,1631,2718,6160000,2415
6,176,6160000,6160000,1631,2718,6195000,2428
6,177,6195000,6195000,1631,2718,6230000,2443
6,178,6230000,6230000,1631,2718,6265000,2456
6,179,6265000,6265000,1631,2718,6300000,2471
6,18,630000,630000,1631,2718,665000,257
6,180,6300000,6300000,1631,2718,6335000,2484
6,181,6335000,6335000,1631,2718,6370000,2497
6,182,6370000,6370000,1631,2718,6405000,2513
6,183,6405000,6405000,1631,2718,6440000,2525
6,184,6440000,6440000,1631,2718,6475000,2538
6,185,6475000,6475000,1631,2718,6510000,2553
6,186,6510000,6510000,1631,2718,6545000,2566
6,187,6545000,6545000,1631,2718,6580000,2581
6,188,6580000,6580000,1631,2718,6615000,2594
6,189,6615000,6615000,1631,2718,6650000,2608
6,19,665000,665000,1631,2718,700000,271
6,190,6650000,6650000,1631,2718,6685000,2622
6,191,6685000,6685000,1631,2718,6720000,2635
6,192,6720000,6720000,1631,2718,6755000,2649
6,193,6755000,6755000,1631,2718,6790000,2662
6,194,6790000,6790000,1631,2718,6825000,2677
6,195,6825000,6825000,1631,2718,6860000,2691
6,196,6860000,6860000,1631,2718,6895000,2703
6,197,6895000,6895000,1631,2718,6930000,2718
6,198,6930000,6930000,1631,2718,6965000,2732
6,199,6965000,6965000,1631,2718,7000000,2745
6,2,70000,70000,1631,2718,105000,38
6,20,700000,700000,1631,2718,735000,285
6,200,7000000,7000000,1631,2718,7035000,2759
6,201,7035000,7035000,1631,2718,7070000,2772
6,202,7070000,7070000,1631,2718,7105000,2786
6,203,7105000,7105000,1631,2718,7140000,2801
6,204,7140000,7140000,1631,2718,7175000,2814
6,205,7175000,7175000,1631,2718,7210000,2828
6,206,7210000,7210000,1631,2718,7245000,2842
6,207,7245000,7245000,1631,2718,7280000,2855
6,208,7280000,7280000,1631,2718,7315000,2868
6,209,7315000,7315000,1631,2718,7350000,2883
6,21,735000,735000,1631,2718,770000,298
6,210,7350000,7350000,1631,2718,7385000,2897
6,211,7385000,7385000,1631,2718,7420000,2910
6,212,7420000,7420000,1631,2718,7455000,2924
6,213,7455000,7455000,1631,2718,7490000,2938
6,214,7490000,7490000,1631,2718,7525000,2952
6,215,7525000,7525000,1631,2718,7560000,2965
6,216,7560000,7560000,1631,2718,7595000,2978
6,217,7595000,7595000,1631,2718,7630000,2992
6,218,7630000,7630000,1631,2718,7665000,3007
6,219,7665000,7665000,1631,2718,7700000,3021
6,22,770000,770000,1631,2718,805000,312
6,220,7700000,7700000,1631,2718,7735000,3033
6,221,7735000,7735000,1631,2718,7770000,3048
6,222,7770000,7770000,1631,2718,7805000,3062
6,223,7805000,7805000,1631,2718,7840000,3075
6,224,7840000,7840000,1631,2718,7875000,3089
6,225,7875000,7875000,1631,2718,7910000,3102
6,226,7910000,7910000,1631,2718,7945000,3116
6,227,7945000,7945000,1631,2718,7980000,3131
6,228,7980000,7980000,1631,2718,8015000,3144
6,229,8015000,8015000,1631,2718,8050000,3158
6,23,805000,805000,1631,2718,840000,326
6,230,8050000,8050000,1631,2718,8085000,3172
6,231,8085000,8085000,1631,2718,8120000,3185
6,232,8120000,8120000,1631,2718,8155000,3198
6,233,8155000,8155000,1631,2718,8190000,3212
6,234,8190000,8190000,1631,2718,8225000,3227
6,235,8225000,8225000,1631,2718,8260000,3240
6,236,8260000,8260000,1631,2718,8295000,3254
6,237,8295000,8295000,1631,2718,8330000,3268
6,238,8330000,8330000,1631,2718,8365000,3281
6,239,8365000,8365000,1631,2718,8400000,3296
6,24,840000,840000,1631,2718,875000,339
6,240,8400000,8400000,1631,2718,8435000,3308
6,241,8435000,8435000,1631,2718,8470000,3322
6,242,8470000,8470000,1631,2718,8505000,3337
6,243,8505000,8505000,1631,2718,8540000,3350
6,244,8540000,8540000,1631,2718,8575000,3364
6,245,8575000,8575000,1631,2718,8610000,3378
6,246,8610000,8610000,1631,2718,8645000,3392
6,247,8645000,8645000,1631,2718,8680000,3405
6,248,8680000,8680000,1631,2718,8715000,3418
6,249,8715000,8715000,1631,2718,8750000,3433
6,25,875000,875000,1631,2718,910000,353
6,250,8750000,8750000,1631,2718,8785000,3446
6,251,8785000,8785000,1631,2718,8820000,3460
6,252,8820000,8820000,1631,2718,8855000,3474
6,253,8855000,8855000,1631,2718,8890000,3487
6,254,8890000,8890000,1631,2718,8925000,3503
6,255,8925000,8925000,1631,2718,8960000,3515
6,256,8960000,8960000,1631,2718,8995000,3527
6,257,8995000,8995000,1631,2718,9030000,3543
6,258,9030000,9030000,1631,2718,9065000,3556
6,259,9065000,9065000,1631,2718,9100000,3571
6,26,910000,910000,1631,2718,945000,367
6,260,9100000,9100000,1631,2718,9135000,3584
6,261,9135000,9135000,1631,2718,9170000,3597
6,262,9170000,9170000,1631,2718,9205000,3612
6,263,9205000,9205000,1631,2718,9240000,3625
6,264,9240000,9240000,1631,2718,9275000,3639
6,265,9275000,9275000,1631,2718,9310000,3652
6,266,9310000,9310000,1631,2718,9345000,3666
6,267,9345000,9345000,1631,2718,9380000,3681
6,268,9380000,9380000,1631,2718,9415000,3693
6,269,9415000,9415000,1631,2718,9450000,3708
6,27,945000,945000,1631,2718,980000,381
6,270,9450000,9450000,1631,2718,9485000,3722
6,271,9485000,9485000,1631,2718,9520000,3734
6,272,9520000,9520000,1631,2718,9555000,3749
6,273,9555000,9555000,1631,2718,9590000,3762
6,274,9590000,9590000,1631,2718,9625000,3776
6,275,9625000,9625000,1631,2718,9660000,3791
6,276,9660000,9660000,1631,2718,9695000,3803
6,277,9695000,9695000,1631,2718,9730000,3818
6,278,9730000,9730000,1631,2718,9765000,3832
6,279,9765000,9765000,1631,2718,9800000,3845
6,28,980000,980000,1631,2718,1015000,394
6,280,9800000,9800000,1631,2718,9835000,3858
6,281,9835000,9835000,1631,2718,9870000,3872
6,282,9870000,9870000,1631,2718,9905000,3887
6,283,9905000,9905000,1631,2718,9940000,3900
6,284,9940000,9940000,1631,2718,9975000,3914
6,285,9975000,9975000,1631,2718,10010000,3928
6,286,10010000,10010000,1631,2718,10045000,3941
6,287,10045000,10045000,1631,2718,10080000,3955
6,288,10080000,10080000,1631,2718,10115000,3968
6,289,10115000,10115000,1631,2718,10150000,3982
6,29,1015000,1015000,1631,2718,1050000,409
6,290,10150000,10150000,1631,2718,10185000,3997
6,291,10185000,10185000,1631,2718,10220000,4010
6,292,10220000,10220000,1631,2718,10255000,4023
6,293,10255000,10255000,1631,2718,10290000,4038
6,294,10290000,10290000,1631,2718,10325000,4052
6,295,10325000,10325000,1631,2718,10360000,4065
6,296,10360000,10360000,1631,2718,10395000,4078
6,297,10395000,10395000,1631,2718,10430000,4092
6,298,10430000,10430000,1631,2718,10465000,4106
6,299,10465000,10465000,1631,2718,10500000,4121
6,3,105000,105000,1631,2718,140000,51
6,30,1050000,1050000,1631,2718,1085000,423
6,300,10500000,10500000,1631,2718,10535000,4134
6,301,10535000,10535000,1631,2718,10570000,4147
6,302,10570000,10570000,1631,2718,10605000,4162
6,303,10605000,10605000,1631,2718,10640000,4175
6,304,10640000,10640000,1631,2718,10675000,4188
6,305,10675000,10675000,1631,2718,10710000,4202
6,306,10710000,10710000,1631,2718,10745000,4216
6,307,10745000,10745000,1631,2718,10780000,4230
6,308,10780000,10780000,1631,2718,10815000,4244
6,309,10815000,10815000,1631,2718,10850000,4258
6,31,1085000,1085000,1631,2718,1120000,435
6,310,10850000,10850000,1631,2718,10885000,4271
6,311,10885000,10885000,1631,2718,10920000,4285
6,312,10920000,10920000,1631,2718,10955000,4298
6,313,10955000,10955000,1631,2718,10990000,4312
6,314,10990000,10990000,1631,2718,11025000,4327
6,315,11025000,11025000,1631,2718,11060000,4340
6,316,11060000,11060000,1631,2718,11095000,4353
6,317,11095000,11095000,1631,2718,11130000,4368
6,318,11130000,11130000,1631,2718,11165000,4382
6,319,11165000,11165000,1631,2718,11200000,4395
6,32,1120000,1120000,1631,2718,1155000,449
6,320,11200000,11200000,1631,2718,11235000,4408
6,321,11235000,11235000,1631,2718,11270000,4422
6,322,11270000,11270000,1631,2718,11305000,4436
6,323,11305000,11305000,1631,2718,11340000,4450
6,324,11340000,11340000,1631,2718,11375000,4464
6,325,11375000,11375000,1631,2718,11410000,4477
6,326,11410000,11410000,1631,2718,11445000,4492
6,327,11445000,11445000,1631,2718,11480000,4505
6,328,11480000,11480000,1631,2718,11515000,4517
6,329,11515000,11515000,1631,2718,11550000,4533
6,33,1155000,1155000,1631,2718,1190000,463
6,330,11550000,11550000,1631,2718,11585000,4546
6,331,11585000,11585000,1631,2718,11620000,4560
6,332,11620000,11620000,1631,2718,11655000,4574
6,333,11655000,11655000,1631,2718,11690000,4587
6,334,11690000,11690000,1631,2718,11725000,4602
6,335,11725000,11725000,1631,2718,11760000,4615
6,336,11760000,11760000,1631,2718,11795000,4628
6,337,11795000,11795000,1631,2718,11830000,4642
6,338,11830000,11830000,1631,2718,11865000,4656
6,339,11865000,11865000,1631,2718,11900000,4671
6,34,1190000,1190000,1631,2718,1225000,477
6,340,11900000,11900000,1631,2718,11935000,4683
6,341,11935000,11935000,1631,2718,11970000,4697
6,342,11970000,11970000,1631,2718,12005000,4712
6,343,12005000,12005000,1631,2718,12040000,4724
6,344,12040000,12040000,1631,2718,12075000,4739
6,345,12075000,12075000,1631,2718,12110000,4752
6,346,12110000,12110000,1631,2718,12145000,4765
6,347,12145000,12145000,1631,2718,12180000,4781
6,348,12180000,12180000,1631,2718,12215000,4793
6,349,12215000,12215000,1631,2718,12250000,4808
6,35,1225000,1225000,1631,2718,1260000,491
6,350,12250000,12250000,1631,2718,12285000,4822
6,351,12285000,12285000,1631,2718,12320000,4834
6,352,12320000,12320000,1631,2718,12355000,4848
6,353,12355000,12355000,1631,2718,12390000,4862
6,354,12390000,12390000,1631,2718,12425000,4877
6,355,12425000,12425000,1631,2718,12460000,4890
6,356,12460000,12460000,1631,2718,12495000,4903
6,357,12495000,12495000,1631,2718,12530000,4918
6,358,12530000,12530000,1631,2718,12565000,4931
6,359,12565000,12565000,1631,2718,12600000,4945
6,36,1260000,1260000,1631,2718,1295000,504
6,37,1295000,1295000,1631,2718,1330000,518
6,38,1330000,1330000,1631,2718,1365000,533
6,39,1365000,1365000,1631,2718,1400000,546
6,4,140000,140000,1631,2718,175000,64
6,40,1400000,1400000,1631,2718,1435000,558
6,41,1435000,1435000,1631,2718,1470000,573
6,42,1470000,1470000,1631,2718,1505000,587
6,43,1505000,1505000,1631,2718,1540000,601
6,44,1540000,1540000,1631,2718,1575000,615
6,45,1575000,1575000,1631,2718,1610000,628
6,46,1610000,1610000,1631,2718,1645000,642
6,47,1645000,1645000,1631,2718,1680000,656
6,48,1680000,1680000,1631,2718,1715000,669
6,49,1715000,1715000,1631,2718,1750000,683
6,5,175000,175000,1631,2718,210000,79
6,50,1750000,1750000,1631,2718,1785000,697
6,51,1785000,1785000,1631,2718,1820000,711
6,52,1820000,1820000,1631,2718,1855000,724
6,53,1855000,1855000,1631,2718,1890000,738
6,54,1890000,1890000,1631,2718,1925000,753
6,55,1925000,1925000,1631,2718,1960000,765
6,56,1960000,1960000,1631,2718,1995000,779
6,57,1995000,1995000,1631,2718,2030000,793
6,58,2030000,2030000,1631,2718,2065000,806
6,59,2065000,2065000,1631,2718,2100000,822
6,6,210000,210000,1631,2718,245000,92
6,60,2100000,2100000,1631,2718,2135000,834
6,61,2135000,2135000,1631,2718,2170000,848
6,62,2170000,2170000,1631,2718,2205000,863
6,63,2205000,2205000,1631,2718,2240000,875
6,64,2240000,2240000,1631,2718,2275000,889
6,65,2275000,2275000,1631,2718,2310000,903
6,66,2310000,2310000,1631,2718,2345000,917
6,67,2345000,2345000,1631,2718,2380000,931
6,68,2380000,2380000,1631,2718,2415000,944
6,69,2415000,2415000,1631,2718,2450000,959
6,7,245000,245000,1631,2718,280000,106
6,70,2450000,2450000,1631,2718,2485000,972
6,71,2485000,2485000,1631,2718,2520000,985
6,72,2520000,2520000,1631,2718,2555000,999
6,73,2555000,2555000,1631,2718,2590000,1012
6,74,2590000,2590000,1631,2718,2625000,1028
6,75,2625000,2625000,1631,2718,2660000,1041
6,76,2660000,2660000,1631,2718,2695000,1053
6,77,2695000,2695000,1631,2718,2730000,1069
6,78,2730000,2730000,1631,2718,2765000,1082
6,79,2765000,2765000,1631,2718,2800000,1096
6,8,280000,280000,1631,2718,315000,119
6,80,2800000,2800000,1631,2718,2835000,1109
6,81,2835000,2835000,1631,2718,2870000,1122
6,82,2870000,2870000,1631,2718,2905000,1137
6,83,2905000,2905000,1631,2718,2940000,1151
6,84,2940000,2940000,1631,2718,2975000,1165
6,85,2975000,2975000,1631,2718,3010000,1178
6,86,3010000,3010000,1631,2718,3045000,1192
6,87,3045000,3045000,1631,2718,3080000,1206
6,88,3080000,3080000,1631,2718,3115000,1218
6,89,3115000,3115000,1631,2718,3150000,1233
6,9,315000,315000,1631,2718,350000,133
6,90,3150000,3150000,1631,2718,3185000,1247
6,91,3185000,3185000,1631,2718,3220000,1260
6,92,3220000,3220000,1631,2718,3255000,1275
6,93,3255000,3255000,1631,2718,3290000,1288
6,94,3290000,3290000,1631,2718,3325000,1302
6,95,3325000,3325000,1631,2718,3360000,1316
6,96,3360000,3360000,1631,2718,3395000,1328
6,97,3395000,3395000,1631,2718,3430000,1343
6,98,3430000,3430000,1631,2718,3465000,1357
6,99,3465000,3465000,1631,2718,3500000,1371
7,0,0,0,1989,3314,40000,12
7,1,40000,40000,1989,3314,80000,28
7,10,400000,400000,1989,3314,440000,168
7,100,4000000,4000000,1989,3314,4040000,1582
7,101,4040000,4040000,1989,3314,4080000,1599
7,102,4080000,4080000,1989,3314,4120000,1612
7,103,4120000,4120000,1989,3314,4160000,1629
7,104,4160000,4160000,1989,3314,4200000,1647
7,105,4200000,4200000,1989,3314,4240000,1662
7,106,4240000,4240000,1989,3314,4280000,1678
7,107,4280000,4280000,1989,3314,4320000,1692
7,108,4320000,4320000,1989,3314,4360000,1708
7,109,4360000,4360000,1989,3314,4400000,1723
7,11,440000,440000,1989,3314,480000,184
7,110,4400000,4400000,1989,3314,4440000,1739
7,111,4440000,4440000,1989,3314,4480000,1756
7,112,4480000,4480000,1989,3314,4520000,1772
7,113,4520000,4520000,1989,3314,4560000,1788
7,114,4560000,4560000,1989,3314,4600000,1803
7,115,4600000,4600000,1989,3314,4640000,1818
7,116,4640000,4640000,1989,3314,4680000,1833
7,117,4680000,4680000,1989,3314,4720000,1848
7,118,4720000,4720000,1989,3314,4760000,1866
7,119,4760000,4760000,1989,3314,4800000,1883
7,12,480000,480000,1989,3314,520000,198
7,120,4800000,4800000,1989,3314,4840000,1897
7,121,4840000,4840000,1989,3314,4880000,1913
7,122,4880000,4880000,1989,3314,4920000,1928
7,123,4920000,4920000,1989,3314,4960000,1943
7,124,4960000,4960000,1989,3314,5000000,1959
7,125,5000000,5000000,1989,3314,5040000,1976
7,126,5040000,5040000,1989,3314,5080000,1992
7,127,5080000,5080000,1989,3314,5120000,2007
7,128,5120000,5120000,1989,3314,5160000,2023
7,129,5160000,5160000,1989,3314,5200000,2038
7,13,520000,520000,1989,3314,560000,217
7,130,5200000,5200000,1989,3314,5240000,2053
7,131,5240000,5240000,1989,3314,5280000,2069
7,132,5280000,5280000,1989,3314,5320000,2086
7,133,5320000,5320000,1989,3314,5360000,2102
7,134,5360000,5360000,1989,3314,5400000,2118
7,135,5400000,5400000,1989,3314,5440000,2132
7,136,5440000,5440000,1989,3314,5480000,2148
7,137,5480000,5480000,1989,3314,5520000,2163
7,138,5520000,5520000,1989,3314,5560000,2178
7,139,5560000,5560000,1989,3314,5600000,2197
7,14,560000,560000,1989,3314,600000,233
7,140,5600000,5600000,1989,3314,5640000,2212
7,141,5640000,5640000,1989,3314,5680000,2228
7,142,5680000,5680000,1989,3314,5720000,2242
7,143,5720000,5720000,1989,3314,5760000,2258
7,144,5760000,5760000,1989,3314,5800000,2273
7,145,5800000,5800000,1989,3314,5840000,2288
7,146,5840000,5840000,1989,3314,5880000,2307
7,147,5880000,5880000,1989,3314,5920000,2321
7,148,5920000,5920000,1989,3314,5960000,2338
7,149,5960000,5960000,1989,3314,6000000,2353
7,15,600000,600000,1989,3314,640000,248
7,150,6000000,6000000,1989,3314,6040000,2368
7,151,6040000,6040000,1989,3314,6080000,2383
7,152,6080000,6080000,1989,3314,6120000,2398
7,153,6120000,6120000,1989,3314,6160000,2416
7,154,6160000,6160000,1989,3314,6200000,2432
7,155,6200000,6200000,1989,3314,6240000,2448
7,156,6240000,6240000,1989,3314,6280000,2462
7,157,6280000,6280000,1989,3314,6320000,2478
7,158,6320000,6320000,1989,3314,6360000,2493
7,159,6360000,6360000,1989,3314,6400000,2509
7,16,640000,640000,1989,3314,680000,263
7,160,6400000,6400000,1989,3314,6440000,2526
7,161,6440000,6440000,1989,3314,6480000,2542
7,162,6480000,6480000,1989,3314,6520000,2557
7,163,6520000,6520000,1989,3314,6560000,2572
7,164,6560000,6560000,1989,3314,6600000,2589
7,165,6600000,6600000,1989,3314,6640000,2602
7,166,6640000,6640000,1989,3314,6680000,2619
7,167,6680000,6680000,1989,3314,6720000,2636
7,168,6720000,6720000,1989,3314,6760000,2652
7,169,6760000,6760000,1989,3314,6800000,2668
7,17,680000,680000,1989,3314,720000,278
7,170,6800000,6800000,1989,3314,6840000,2682
7,171,6840000,6840000,1989,3314,6880000,2698
7,172,6880000,6880000,1989,3314,6920000,2712
7,173,6920000,6920000,1989,3314,6960000,2729
7,174,6960000,6960000,1989,3314,7000000,2746
7,175,7000000,7000000,1989,3314,7040000,2762
7,176,7040000,7040000,1989,3314,7080000,2778
7,177,7080000,7080000,1989,3314,7120000,2792
7,178,7120000,7120000,1989,3314,7160000,2808
7,179,7160000,7160000,1989,3314,7200000,2823
7,18,720000,720000,1989,3314,760000,293
7,180,7200000,7200000,1989,3314,7240000,2838
7,181,7240000,7240000,1989,3314,7280000,2856
7,182,7280000,7280000,1989,3314,7320000,2872
7,183,7320000,7320000,1989,3314,7360000,2887
7,184,7360000,7360000,1989,3314,7400000,2903
7,185,7400000,7400000,1989,3314,7440000,2918
7,186,7440000,7440000,1989,3314,7480000,2933
7,187,7480000,7480000,1989,3314,7520000,2948
7,188,7520000,7520000,1989,3314,7560000,2966
7,189,7560000,7560000,1989,3314,7600000,2982
7,19,760000,760000,1989,3314,800000,309
7,190,7600000,7600000,1989,3314,7640000,2997
7,191,7640000,7640000,1989,3314,7680000,3013
7,192,7680000,7680000,1989,3314,7720000,3027
7,193,7720000,7720000,1989,3314,7760000,3043
7,194,7760000,7760000,1989,3314,7800000,3059
7,195,7800000,7800000,1989,3314,7840000,3076
7,196,7840000,7840000,1989,3314,7880000,3092
7,197,7880000,7880000,1989,3314,7920000,3107
7,198,7920000,7920000,1989,3314,7960000,3122
7,199,7960000,7960000,1989,3314,8000000,3138
7,2,80000,80000,1989,3314,120000,43
7,20,800000,800000,1989,3314,840000,327
7,200,8000000,8000000,1989,3314,8040000,3153
7,201,8040000,8040000,1989,3314,8080000,3168
7,202,8080000,8080000,1989,3314,8120000,3186
7,203,8120000,8120000,1989,3314,8160000,3202
7,204,8160000,8160000,1989,3314,8200000,3218
7,205,8200000,8200000,1989,3314,8240000,3232
7,206,8240000,8240000,1989,3314,8280000,3248
7,207,8280000,8280000,1989,3314,8320000,3262
7,208,8320000,8320000,1989,3314,8360000,3278
7,209,8360000,8360000,1989,3314,8400000,3297
7,21,840000,840000,1989,3314,880000,342
7,210,8400000,8400000,1989,3314,8440000,3311
7,211,8440000,8440000,1989,3314,8480000,3328
7,212,8480000,8480000,1989,3314,8520000,3342
7,213,8520000,8520000,1989,3314,8560000,3358
7,214,8560000,8560000,1989,3314,8600000,3373
7,215,8600000,8600000,1989,3314,8640000,3388
7,216,8640000,8640000,1989,3314,8680000,3406
7,217,8680000,8680000,1989,3314,8720000,3421
7,218,8720000,8720000,1989,3314,8760000,3438
7,219,8760000,8760000,1989,3314,8800000,3452
7,22,880000,880000,1989,3314,920000,358
7,220,8800000,8800000,1989,3314,8840000,3468
7,221,8840000,8840000,1989,3314,8880000,3483
7,222,8880000,8880000,1989,3314,8920000,3498
7,223,8920000,8920000,1989,3314,8960000,3516
7,224,8960000,8960000,1989,3314,9000000,3532
7,225,9000000,9000000,1989,3314,9040000,3547
7,226,9040000,9040000,1989,3314,9080000,3562
7,227,9080000,9080000,1989,3314,9120000,3578
7,228,9120000,9120000,1989,3314,9160000,3592
7,229,9160000,9160000,1989,3314,9200000,3609
7,23,920000,920000,1989,3314,960000,373
7,230,9200000,9200000,1989,3314,9240000,3626
7,231,9240000,9240000,1989,3314,9280000,3642
7,232,9280000,9280000,1989,3314,9320000,3657
7,233,9320000,9320000,1989,3314,9360000,3672
7,234,9360000,9360000,1989,3314,9400000,3688
7,235,9400000,9400000,1989,3314,9440000,3702
7,236,9440000,9440000,1989,3314,9480000,3719
7,237,9480000,9480000,1989,3314,9520000,3735
7,238,9520000,9520000,1989,3314,9560000,3752
7,239,9560000,9560000,1989,3314,9600000,3768
7,24,960000,960000,1989,3314,1000000,389
7,240,9600000,9600000,1989,3314,9640000,3782
7,241,9640000,9640000,1989,3314,9680000,3798
7,242,9680000,9680000,1989,3314,9720000,3812
7,243,9720000,9720000,1989,3314,9760000,3828
7,244,9760000,9760000,1989,3314,9800000,3846
7,245,9800000,9800000,1989,3314,9840000,3862
7,246,9840000,9840000,1989,3314,9880000,3877
7,247,9880000,9880000,1989,3314,9920000,3892
7,248,9920000,9920000,1989,3314,9960000,3908
7,249,9960000,9960000,1989,3314,10000000,3923
7,25,1000000,1000000,1989,3314,1040000,403
7,250,10000000,10000000,1989,3314,10040000,3938
7,251,10040000,10040000,1989,3314,10080000,3956
7,252,10080000,10080000,1989,3314,10120000,3971
7,253,10120000,10120000,1989,3314,10160000,3987
7,254,10160000,10160000,1989,3314,10200000,4003
7,255,10200000,10200000,1989,3314,10240000,4017
7,256,10240000,10240000,1989,3314,10280000,4033
7,257,10280000,10280000,1989,3314,10320000,4048
7,258,10320000,10320000,1989,3314,10360000,4066
7,259,10360000,10360000,1989,3314,10400000,4082
7,26,1040000,1040000,1989,3314,1080000,419
7,260,10400000,10400000,1989,3314,10440000,4097
7,261,10440000,10440000,1989,3314,10480000,4112
7,262,10480000,10480000,1989,3314,10520000,4127
7,263,10520000,10520000,1989,3314,10560000,4143
7,264,10560000,10560000,1989,3314,10600000,4158
7,265,10600000,10600000,1989,3314,10640000,4176
7,266,10640000,10640000,1989,3314,10680000,4192
7,267,10680000,10680000,1989,3314,10720000,4207
7,268,10720000,10720000,1989,3314,10760000,4222
7,269,10760000,10760000,1989,3314,10800000,4238
7,27,1080000,1080000,1989,3314,1120000,436
7,270,10800000,10800000,1989,3314,10840000,4252
7,271,10840000,10840000,1989,3314,10880000,4268
7,272,10880000,10880000,1989,3314,10920000,4286
7,273,10920000,10920000,1989,3314,10960000,4301
7,274,10960000,10960000,1989,3314,11000000,4318
7,275,11000000,11000000,1989,3314,11040000,4332
7,276,11040000,11040000,1989,3314,11080000,4348
7,277,11080000,11080000,1989,3314,11120000,4362
7,278,11120000,11120000,1989,3314,11160000,4378
7,279,11160000,11160000,1989,3314,11200000,4396
7,28,1120000,1120000,1989,3314,1160000,452
7,280,11200000,11200000,1989,3314,11240000,4411
7,281,11240000,11240000,1989,3314,11280000,4428
7,282,11280000,11280000,1989,3314,11320000,4441
7,283,11320000,11320000,1989,3314,11360000,4458
7,284,11360000,11360000,1989,3314,11400000,4473
7,285,11400000,11400000,1989,3314,11440000,4488
7,286,11440000,11440000,1989,3314,11480000,4506
7,287,11480000,11480000,1989,3314,11520000,4521
7,288,11520000,11520000,1989,3314,11560000,4537
7,289,11560000,11560000,1989,3314,11600000,4552
7,29,1160000,1160000,1989,3314,1200000,469
7,290,11600000,11600000,1989,3314,11640000,4568
7,291,11640000,11640000,1989,3314,11680000,4582
7,292,11680000,11680000,1989,3314,11720000,4598
7,293,11720000,11720000,1989,3314,11760000,4616
7,294,11760000,11760000,1989,3314,11800000,4632
7,295,11800000,11800000,1989,3314,11840000,4647
7,296,11840000,11840000,1989,3314,11880000,4662
7,297,11880000,11880000,1989,3314,11920000,4677
7,298,11920000,11920000,1989,3314,11960000,4692
7,299,11960000,11960000,1989,3314,12000000,4709
7,3,120000,120000,1989,3314,160000,58
7,30,1200000,1200000,1989,3314,1240000,482
7,300,12000000,12000000,1989,3314,12040000,4725
7,301,12040000,12040000,1989,3314,12080000,4742
7,302,12080000,12080000,1989,3314,12120000,4757
7,303,12120000,12120000,1989,3314,12160000,4772
7,304,12160000,12160000,1989,3314,12200000,4788
7,305,12200000,12200000,1989,3314,12240000,4802
7,306,12240000,12240000,1989,3314,12280000,4818
7,307,12280000,12280000,1989,3314,12320000,4835
7,308,12320000,12320000,1989,3314,12360000,4852
7,309,12360000,12360000,1989,3314,12400000,4867
7,31,1240000,1240000,1989,3314,1280000,499
7,310,12400000,12400000,1989,3314,12440000,4882
7,311,12440000,12440000,1989,3314,12480000,4898
7,312,12480000,12480000,1989,3314,12520000,4912
7,313,12520000,12520000,1989,3314,12560000,4928
7,314,12560000,12560000,1989,3314,12600000,4946
7,32,1280000,1280000,1989,3314,1320000,513
7,33,1320000,1320000,1989,3314,1360000,529
7,34,1360000,1360000,1989,3314,1400000,547
7,35,1400000,1400000,1989,3314,1440000,562
7,36,1440000,1440000,1989,3314,1480000,578
7,37,1480000,1480000,1989,3314,1520000,592
7,38,1520000,1520000,1989,3314,1560000,609
7,39,1560000,1560000,1989,3314,1600000,623
7,4,160000,160000,1989,3314,200000,74
7,40,1600000,1600000,1989,3314,1640000,639
7,41,1640000,1640000,1989,3314,1680000,657
7,42,1680000,1680000,1989,3314,1720000,672
7,43,1720000,1720000,1989,3314,1760000,688
7,44,1760000,1760000,1989,3314,1800000,703
7,45,1800000,1800000,1989,3314,1840000,718
7,46,1840000,1840000,1989,3314,1880000,733
7,47,1880000,1880000,1989,3314,1920000,749
7,48,1920000,1920000,1989,3314,1960000,766
7,49,1960000,1960000,1989,3314,2000000,783
7,5,200000,200000,1989,3314,240000,89
7,50,2000000,2000000,1989,3314,2040000,798
7,51,2040000,2040000,1989,3314,2080000,813
7,52,2080000,2080000,1989,3314,2120000,828
7,53,2120000,2120000,1989,3314,2160000,843
7,54,2160000,2160000,1989,3314,2200000,859
7,55,2200000,2200000,1989,3314,2240000,876
7,56,2240000,2240000,1989,3314,2280000,893
7,57,2280000,2280000,1989,3314,2320000,907
7,58,2320000,2320000,1989,3314,2360000,923
7,59,2360000,2360000,1989,3314,2400000,939
7,6,240000,240000,1989,3314,280000,107
7,60,2400000,2400000,1989,3314,2440000,953
7,61,2440000,2440000,1989,3314,2480000,969
7,62,2480000,2480000,1989,3314,2520000,986
7,63,2520000,2520000,1989,3314,2560000,1002
7,64,2560000,2560000,1989,3314,2600000,1018
7,65,2600000,2600000,1989,3314,2640000,1033
7,66,2640000,2640000,1989,3314,2680000,1048
7,67,2680000,2680000,1989,3314,2720000,1063
7,68,2720000,2720000,1989,3314,2760000,1079
7,69,2760000,2760000,1989,3314,2800000,1097
7,7,280000,280000,1989,3314,320000,122
7,70,2800000,2800000,1989,3314,2840000,1112
7,71,2840000,2840000,1989,3314,2880000,1128
7,72,2880000,2880000,1989,3314,2920000,1142
7,73,2920000,2920000,1989,3314,2960000,1158
7,74,2960000,2960000,1989,3314,3000000,1174
7,75,3000000,3000000,1989,3314,3040000,1188
7,76,3040000,3040000,1989,3314,3080000,1207
7,77,3080000,3080000,1989,3314,3120000,1222
7,78,3120000,3120000,1989,3314,3160000,1238
7,79,3160000,3160000,1989,3314,3200000,1253
7,8,320000,320000,1989,3314,360000,138
7,80,3200000,3200000,1989,3314,3240000,1268
7,81,3240000,3240000,1989,3314,3280000,1283
7,82,3280000,3280000,1989,3314,3320000,1298
7,83,3320000,3320000,1989,3314,3360000,1317
7,84,3360000,3360000,1989,3314,3400000,1332
7,85,3400000,3400000,1989,3314,3440000,1348
7,86,3440000,3440000,1989,3314,3480000,1363
7,87,3480000,3480000,1989,3314,3520000,1378
7,88,3520000,3520000,1989,3314,3560000,1393
7,89,3560000,3560000,1989,3314,3600000,1409
7,9,360000,360000,1989,3314,400000,153
7,90,3600000,3600000,1989,3314,3640000,1426
7,91,3640000,3640000,1989,3314,3680000,1442
7,92,3680000,3680000,1989,3314,3720000,1458
7,93,3720000,3720000,1989,3314,3760000,1472
7,94,3760000,3760000,1989,3314,3800000,1489
7,95,3800000,3800000,1989,3314,3840000,1503
7,96,3840000,3840000,1989,3314,3880000,1519
7,97,3880000,3880000,1989,3314,3920000,1536
7,98,3920000,3920000,1989,3314,3960000,1552
7,99,3960000,3960000,1989,3314,4000000,1568
8,0,0,0,2480,4133,70000,23
8,1,70000,70000,2480,4133,140000,52
8,10,700000,700000,2480,4133,770000,299
8,100,7000000,7000000,2480,4133,7070000,2773
8,101,7070000,7070000,2480,4133,7140000,2802
8,102,7140000,7140000,2480,4133,7210000,2829
8,103,7210000,7210000,2480,4133,7280000,2857
8,104,7280000,7280000,2480,4133,7350000,2884
8,105,7350000,7350000,2480,4133,7420000,2911
8,106,7420000,7420000,2480,4133,7490000,2939
8,107,7490000,7490000,2480,4133,7560000,2967
8,108,7560000,7560000,2480,4133,7630000,2993
8,109,7630000,7630000,2480,4133,7700000,3022
8,11,770000,770000,2480,4133,840000,328
8,110,7700000,7700000,2480,4133,7770000,3049
8,111,7770000,7770000,2480,4133,7840000,3077
8,112,7840000,7840000,2480,4133,7910000,3103
8,113,7910000,7910000,2480,4133,7980000,3132
8,114,7980000,7980000,2480,4133,8050000,3159
8,115,8050000,8050000,2480,4133,8120000,3187
8,116,8120000,8120000,2480,4133,8190000,3213
8,117,8190000,8190000,2480,4133,8260000,3241
8,118,8260000,8260000,2480,4133,8330000,3269
8,119,8330000,8330000,2480,4133,8400000,3298
8,12,840000,840000,2480,4133,910000,354
8,120,8400000,8400000,2480,4133,8470000,3323
8,121,8470000,8470000,2480,4133,8540000,3351
8,122,8540000,8540000,2480,4133,8610000,3379
8,123,8610000,8610000,2480,4133,8680000,3407
8,124,8680000,8680000,2480,4133,8750000,3434
8,125,8750000,8750000,2480,4133,8820000,3461
8,126,8820000,8820000,2480,4133,8890000,3488
8,127,8890000,8890000,2480,4133,8960000,3517
8,128,8960000,8960000,2480,4133,9030000,3544
8,129,9030000,9030000,2480,4133,9100000,3572
8,13,910000,910000,2480,4133,980000,382
8,130,9100000,9100000,2480,4133,9170000,3598
8,131,9170000,9170000,2480,4133,9240000,3627
8,132,9240000,9240000,2480,4133,9310000,3653
8,133,9310000,9310000,2480,4133,9380000,3682
8,134,9380000,9380000,2480,4133,9450000,3709
8,135,9450000,9450000,2480,4133,9520000,3736
8,136,9520000,9520000,2480,4133,9590000,3763
8,137,9590000,9590000,2480,4133,9660000,3792
8,138,9660000,9660000,2480,4133,9730000,3819
8,139,9730000,9730000,2480,4133,9800000,3847
8,14,980000,980000,2480,4133,1050000,410
8,140,9800000,9800000,2480,4133,9870000,3873
8,141,9870000,9870000,2480,4133,9940000,3901
8,142,9940000,9940000,2480,4133,10010000,3929
8,143,10010000,10010000,2480,4133,10080000,3957
8,144,10080000,10080000,2480,4133,10150000,3983
8,145,10150000,10150000,2480,4133,10220000,4011
8,146,10220000,10220000,2480,4133,10290000,4039
8,147,10290000,10290000,2480,4133,10360000,4067
8,148,10360000,10360000,2480,4133,10430000,4093
8,149,10430000,10430000,2480,4133,10500000,4122
8,15,1050000,1050000,2480,4133,1120000,437
8,150,10500000,10500000,2480,4133,10570000,4148
8,151,10570000,10570000,2480,4133,10640000,4177
8,152,10640000,10640000,2480,4133,10710000,4203
8,153,10710000,10710000,2480,4133,10780000,4231
8,154,10780000,10780000,2480,4133,10850000,4259
8,155,10850000,10850000,2480,4133,10920000,4287
8,156,10920000,10920000,2480,4133,10990000,4313
8,157,10990000,10990000,2480,4133,11060000,4341
8,158,11060000,11060000,2480,4133,11130000,4369
8,159,11130000,11130000,2480,4133,11200000,4397
8,16,1120000,1120000,2480,4133,1190000,464
8,160,11200000,11200000,2480,4133,11270000,4423
8,161,11270000,11270000,2480,4133,11340000,4451
8,162,11340000,11340000,2480,4133,11410000,4478
8,163,11410000,11410000,2480,4133,11480000,4507
8,164,11480000,11480000,2480,4133,11550000,4534
8,165,11550000,11550000,2480,4133,11620000,4561
8,166,11620000,11620000,2480,4133,11690000,4588
8,167,11690000,11690000,2480,4133,11760000,4617
8,168,11760000,11760000,2480,4133,11830000,4643
8,169,11830000,11830000,2480,4133,11900000,4672
8,17,1190000,1190000,2480,4133,1260000,492
8,170,11900000,11900000,2480,4133,11970000,4698
8,171,11970000,11970000,2480,4133,12040000,4726
8,172,12040000,12040000,2480,4133,12110000,4753
8,173,12110000,12110000,2480,4133,12180000,4782
8,174,12180000,12180000,2480,4133,12250000,4809
8,175,12250000,12250000,2480,4133,12320000,4836
8,176,12320000,12320000,2480,4133,12390000,4863
8,177,12390000,12390000,2480,4133,12460000,4891
8,178,12460000,12460000,2480,4133,12530000,4919
8,179,12530000,12530000,2480,4133,12600000,4947
8,18,1260000,1260000,2480,4133,1330000,519
8,19,1330000,1330000,2480,4133,1400000,548
8,2,140000,140000,2480,4133,210000,80
8,20,1400000,1400000,2480,4133,1470000,574
8,21,1470000,1470000,2480,4133,1540000,602
8,22,1540000,1540000,2480,4133,1610000,629
8,23,1610000,1610000,2480,4133,1680000,658
8,24,1680000,1680000,2480,4133,1750000,684
8,25,1750000,1750000,2480,4133,1820000,712
8,26,1820000,1820000,2480,4133,1890000,739
8,27,1890000,1890000,2480,4133,1960000,767
8,28,1960000,1960000,2480,4133,2030000,794
8,29,2030000,2030000,2480,4133,2100000,823
8,3,210000,210000,2480,4133,280000,108
8,30,2100000,2100000,2480,4133,2170000,849
8,31,2170000,2170000,2480,4133,2240000,877
8,32,2240000,2240000,2480,4133,2310000,904
8,33,2310000,2310000,2480,4133,2380000,932
8,34,2380000,2380000,2480,4133,2450000,960
8,35,2450000,2450000,2480,4133,2520000,987
8,36,2520000,2520000,2480,4133,2590000,1013
8,37,2590000,2590000,2480,4133,2660000,1042
8,38,2660000,2660000,2480,4133,2730000,1070
8,39,2730000,2730000,2480,4133,2800000,1098
8,4,280000,280000,2480,4133,350000,134
8,40,2800000,2800000,2480,4133,2870000,1123
8,41,2870000,2870000,2480,4133,2940000,1152
8,42,2940000,2940000,2480,4133,3010000,1179
8,43,3010000,3010000,2480,4133,3080000,1208
8,44,3080000,3080000,2480,4133,3150000,1234
8,45,3150000,3150000,2480,4133,3220000,1261
8,46,3220000,3220000,2480,4133,3290000,1289
8,47,3290000,3290000,2480,4133,3360000,1318
8,48,3360000,3360000,2480,4133,3430000,1344
8,49,3430000,3430000,2480,4133,3500000,1372
8,5,350000,350000,2480,4133,420000,162
8,50,3500000,3500000,2480,4133,3570000,1399
8,51,3570000,3570000,2480,4133,3640000,1427
8,52,3640000,3640000,2480,4133,3710000,1454
8,53,3710000,3710000,2480,4133,3780000,1482
8,54,3780000,3780000,2480,4133,3850000,1509
8,55,3850000,3850000,2480,4133,3920000,1537
8,56,3920000,3920000,2480,4133,3990000,1564
8,57,3990000,3990000,2480,4133,4060000,1592
8,58,4060000,4060000,2480,4133,4130000,1619
8,59,4130000,4130000,2480,4133,4200000,1648
8,6,420000,420000,2480,4133,490000,189
8,60,4200000,4200000,2480,4133,4270000,1673
8,61,4270000,4270000,2480,4133,4340000,1702
8,62,4340000,4340000,2480,4133,4410000,1729
8,63,4410000,4410000,2480,4133,4480000,1757
8,64,4480000,4480000,2480,4133,4550000,1784
8,65,4550000,4550000,2480,4133,4620000,1812
8,66,4620000,4620000,2480,4133,4690000,1839
8,67,4690000,4690000,2480,4133,4760000,1867
8,68,4760000,4760000,2480,4133,4830000,1894
8,69,4830000,4830000,2480,4133,4900000,1922
8,7,490000,490000,2480,4133,560000,218
8,70,4900000,4900000,2480,4133,4970000,1949
8,71,4970000,4970000,2480,4133,5040000,1977
8,72,5040000,5040000,2480,4133,5110000,2003
8,73,5110000,5110000,2480,4133,5180000,2032
8,74,5180000,5180000,2480,4133,5250000,2060
8,75,5250000,5250000,2480,4133,5320000,2087
8,76,5320000,5320000,2480,4133,5390000,2113
8,77,5390000,5390000,2480,4133,5460000,2142
8,78,5460000,5460000,2480,4133,5530000,2169
8,79,5530000,5530000,2480,4133,5600000,2198
8,8,560000,560000,2480,4133,630000,244
8,80,5600000,5600000,2480,4133,5670000,2223
8,81,5670000,5670000,2480,4133,5740000,2251
8,82,5740000,5740000,2480,4133,5810000,2279
8,83,5810000,5810000,2480,4133,5880000,2308
8,84,5880000,5880000,2480,4133,5950000,2334
8,85,5950000,5950000,2480,4133,6020000,2361
8,86,6020000,6020000,2480,4133,6090000,2389
8,87,6090000,6090000,2480,4133,6160000,2417
8,88,6160000,6160000,2480,4133,6230000,2444
8,89,6230000,6230000,2480,4133,6300000,2472
8,9,630000,630000,2480,4133,700000,272
8,90,6300000,6300000,2480,4133,6370000,2498
8,91,6370000,6370000,2480,4133,6440000,2527
8,92,6440000,6440000,2480,4133,6510000,2554
8,93,6510000,6510000,2480,4133,6580000,2582
8,94,6580000,6580000,2480,4133,6650000,2609
8,95,6650000,6650000,2480,4133,6720000,2637
8,96,6720000,6720000,2480,4133,6790000,2663
8,97,6790000,6790000,2480,4133,6860000,2692
8,98,6860000,6860000,2480,4133,6930000,2719
8,99,6930000,6930000,2480,4133,7000000,2747
9,0,0,0,4656,7759,90000,31
9,1,90000,90000,4656,7759,180000,68
9,10,900000,900000,4656,7759,990000,385
9,100,9000000,9000000,4656,7759,9090000,3565
9,101,9090000,9090000,4656,7759,9180000,3603
9,102,9180000,9180000,4656,7759,9270000,3635
9,103,9270000,9270000,4656,7759,9360000,3673
9,104,9360000,9360000,4656,7759,9450000,3710
9,105,9450000,9450000,4656,7759,9540000,3743
9,106,9540000,9540000,4656,7759,9630000,3779
9,107,9630000,9630000,4656,7759,9720000,3813
9,108,9720000,9720000,4656,7759,9810000,3850
9,109,9810000,9810000,4656,7759,9900000,3884
9,11,990000,990000,4656,7759,1080000,420
9,110,9900000,9900000,4656,7759,9990000,3919
9,111,9990000,9990000,4656,7759,10080000,3958
9,112,10080000,10080000,4656,7759,10170000,3990
9,113,10170000,10170000,4656,7759,10260000,4027
9,114,10260000,10260000,4656,7759,10350000,4060
9,115,10350000,10350000,4656,7759,10440000,4098
9,116,10440000,10440000,4656,7759,10530000,4131
9,117,10530000,10530000,4656,7759,10620000,4167
9,118,10620000,10620000,4656,7759,10710000,4204
9,119,10710000,10710000,4656,7759,10800000,4239
9,12,1080000,1080000,4656,7759,1170000,455
9,120,10800000,10800000,4656,7759,10890000,4274
9,121,10890000,10890000,4656,7759,10980000,4308
9,122,10980000,10980000,4656,7759,11070000,4344
9,123,11070000,11070000,4656,7759,11160000,4379
9,124,11160000,11160000,4656,7759,11250000,4415
9,125,11250000,11250000,4656,7759,11340000,4452
9,126,11340000,11340000,4656,7759,11430000,4485
9,127,11430000,11430000,4656,7759,11520000,4522
9,128,11520000,11520000,4656,7759,11610000,4555
9,129,11610000,11610000,4656,7759,11700000,4593
9,13,1170000,1170000,4656,7759,1260000,493
9,130,11700000,11700000,4656,7759,11790000,4625
9,131,11790000,11790000,4656,7759,11880000,4663
9,132,11880000,11880000,4656,7759,11970000,4699
9,133,11970000,11970000,4656,7759,12060000,4733
9,134,12060000,12060000,4656,7759,12150000,4769
9,135,12150000,12150000,4656,7759,12240000,4803
9,136,12240000,12240000,4656,7759,12330000,4840
9,137,12330000,12330000,4656,7759,12420000,4873
9,138,12420000,12420000,4656,7759,12510000,4909
9,139,12510000,12510000,4656,7759,12600000,4948
9,14,1260000,1260000,4656,7759,1350000,526
9,15,1350000,1350000,4656,7759,1440000,563
9,16,1440000,1440000,4656,7759,1530000,596
9,17,1530000,1530000,4656,7759,1620000,633
9,18,1620000,1620000,4656,7759,1710000,666
9,19,1710000,1710000,4656,7759,1800000,704
9,2,180000,180000,4656,7759,270000,100
9,20,1800000,1800000,4656,7759,1890000,740
9,21,1890000,1890000,4656,7759,1980000,774
9,22,1980000,1980000,4656,7759,2070000,809
9,23,2070000,2070000,4656,7759,2160000,844
9,24,2160000,2160000,4656,7759,2250000,881
9,25,2250000,2250000,4656,7759,2340000,914
9,26,2340000,2340000,4656,7759,2430000,950
9,27,2430000,2430000,4656,7759,2520000,988
9,28,2520000,2520000,4656,7759,2610000,1021
9,29,2610000,2610000,4656,7759,2700000,1058
9,3,270000,270000,4656,7759,360000,139
9,30,2700000,2700000,4656,7759,2790000,1090
9,31,2790000,2790000,4656,7759,2880000,1129
9,32,2880000,2880000,4656,7759,2970000,1161
9,33,2970000,2970000,4656,7759,3060000,1198
9,34,3060000,3060000,4656,7759,3150000,1235
9,35,3150000,3150000,4656,7759,3240000,1269
9,36,3240000,3240000,4656,7759,3330000,1305
9,37,3330000,3330000,4656,7759,3420000,1338
9,38,3420000,3420000,4656,7759,3510000,1375
9,39,3510000,3510000,4656,7759,3600000,1410
9,4,360000,360000,4656,7759,450000,172
9,40,3600000,3600000,4656,7759,3690000,1445
9,41,3690000,3690000,4656,7759,3780000,1483
9,42,3780000,3780000,4656,7759,3870000,1515
9,43,3870000,3870000,4656,7759,3960000,1553
9,44,3960000,3960000,4656,7759,4050000,1586
9,45,4050000,4050000,4656,7759,4140000,1623
9,46,4140000,4140000,4656,7759,4230000,1656
9,47,4230000,4230000,4656,7759,4320000,1693
9,48,4320000,4320000,4656,7759,4410000,1730
9,49,4410000,4410000,4656,7759,4500000,1764
9,5,450000,450000,4656,7759,540000,208
9,50,4500000,4500000,4656,7759,4590000,1799
9,51,4590000,4590000,4656,7759,4680000,1834
9,52,4680000,4680000,4656,7759,4770000,1870
9,53,4770000,4770000,4656,7759,4860000,1904
9,54,4860000,4860000,4656,7759,4950000,1940
9,55,4950000,4950000,4656,7759,5040000,1978
9,56,5040000,5040000,4656,7759,5130000,2011
9,57,5130000,5130000,4656,7759,5220000,2047
9,58,5220000,5220000,4656,7759,5310000,2080
9,59,5310000,5310000,4656,7759,5400000,2119
9,6,540000,540000,4656,7759,630000,245
9,60,5400000,5400000,4656,7759,5490000,2151
9,61,5490000,5490000,4656,7759,5580000,2188
9,62,5580000,5580000,4656,7759,5670000,2224
9,63,5670000,5670000,4656,7759,5760000,2259
9,64,5760000,5760000,4656,7759,5850000,2295
9,65,5850000,5850000,4656,7759,5940000,2328
9,66,5940000,5940000,4656,7759,6030000,2365
9,67,6030000,6030000,4656,7759,6120000,2399
9,68,6120000,6120000,4656,7759,6210000,2435
9,69,6210000,6210000,4656,7759,6300000,2473
9,7,630000,630000,4656,7759,720000,279
9,70,6300000,6300000,4656,7759,6390000,2505
9,71,6390000,6390000,4656,7759,6480000,2543
9,72,6480000,6480000,4656,7759,6570000,2575
9,73,6570000,6570000,4656,7759,6660000,2613
9,74,6660000,6660000,4656,7759,6750000,2646
9,75,6750000,6750000,4656,7759,6840000,2683
9,76,6840000,6840000,4656,7759,6930000,2720
9,77,6930000,6930000,4656,7759,7020000,2753
9,78,7020000,7020000,4656,7759,7110000,2789
9,79,7110000,7110000,4656,7759,7200000,2824
9,8,720000,720000,4656,7759,810000,315
9,80,7200000,7200000,4656,7759,7290000,2860
9,81,7290000,7290000,4656,7759,7380000,2894
9,82,7380000,7380000,4656,7759,7470000,2929
9,83,7470000,7470000,4656,7759,7560000,2968
9,84,7560000,7560000,4656,7759,7650000,3001
9,85,7650000,7650000,4656,7759,7740000,3037
9,86,7740000,7740000,4656,7759,7830000,3070
9,87,7830000,7830000,4656,7759,7920000,3108
9,88,7920000,7920000,4656,7759,8010000,3141
9,89,8010000,8010000,4656,7759,8100000,3178
9,9,810000,810000,4656,7759,900000,349
9,90,8100000,8100000,4656,7759,8190000,3214
9,91,8190000,8190000,4656,7759,8280000,3249
9,92,8280000,8280000,4656,7759,8370000,3284
9,93,8370000,8370000,4656,7759,8460000,3318
9,94,8460000,8460000,4656,7759,8550000,3355
9,95,8550000,8550000,4656,7759,8640000,3389
9,96,8640000,8640000,4656,7759,8730000,3425
9,97,8730000,8730000,4656,7759,8820000,3462
9,98,8820000,8820000,4656,7759,8910000,3495
9,99,8910000,8910000,4656,7759,9000000,3533
