Task ID,Job ID,Arrival min,Arrival max,Cost min,Cost max,Deadline,Priority
0,0,0,0,92,153,10000,0
0,1,10000,10000,92,153,20000,2
0,10,100000,100000,92,153,110000,33
0,100,1000000,1000000,92,153,1010000,348
0,1000,10000000,10000000,92,153,10010000,3502
0,10000,100000000,100000000,92,153,100010000,35047
0,10001,100010000,100010000,92,153,100020000,35048
0,10002,100020000,100020000,92,153,100030000,35054
0,10003,100030000,100030000,92,153,100040000,35057
0,10004,100040000,100040000,92,153,100050000,35061
0,10005,100050000,100050000,92,153,100060000,35064
0,10006,100060000,100060000,92,153,100070000,35068
0,10007,100070000,100070000,92,153,100080000,35069
0,10008,100080000,100080000,92,153,100090000,35076
0,10009,100090000,100090000,92,153,100100000,35078
0,1001,10010000,10010000,92,153,10020000,3504
0,10010,100100000,100100000,92,153,100110000,35082
0,10011,100110000,100110000,92,153,100120000,35084
0,10012,100120000,100120000,92,153,100130000,35089
0,10013,100130000,100130000,92,153,100140000,35091
0,10014,100140000,100140000,92,153,100150000,35097
0,10015,100150000,100150000,92,153,100160000,35099
0,10016,100160000,100160000,92,153,100170000,35102
0,10017,100170000,100170000,92,153,100180000,35106
0,10018,100180000,100180000,92,153,100190000,35110
0,10019,100190000,100190000,92,153,100200000,35111
0,1002,10020000,10020000,92,153,10030000,3510
0,10020,100200000,100200000,92,153,100210000,35118
0,10021,100210000,100210000,92,153,100220000,35121
0,10022,100220000,100220000,92,153,100230000,35124
0,10023,100230000,100230000,92,153,100240000,35126
0,10024,100240000,100240000,92,153,100250000,35131
0,10025,100250000,100250000,92,153,100260000,35132
0,10026,100260000,100260000,92,153,100270000,35139
0,10027,100270000,100270000,92,153,100280000,35142
0,10028,100280000,100280000,92,153,100290000,35145
0,10029,100290000,100290000,92,153,100300000,35147
0,1003,10030000,10030000,92,153,10040000,3513
0,10030,100300000,100300000,92,153,100310000,35152
0,10031,100310000,100310000,92,153,100320000,35154
0,10032,100320000,100320000,92,153,100330000,35160
0,10033,100330000,100330000,92,153,100340000,35162
0,10034,100340000,100340000,92,153,100350000,35165
0,10035,100350000,100350000,92,153,100360000,35169
0,10036,100360000,100360000,92,153,100370000,35173
0,10037,100370000,100370000,92,153,100380000,35174
0,10038,100380000,100380000,92,153,100390000,35182
0,10039,100390000,100390000,92,153,100400000,35184
0,1004,10040000,10040000,92,153,10050000,3516
0,10040,100400000,100400000,92,153,100410000,35187
0,10041,100410000,100410000,92,153,100420000,35189
0,10042,100420000,100420000,92,153,100430000,35194
0,10043,100430000,100430000,92,153,100440000,35195
0,10044,100440000,100440000,92,153,100450000,35202
0,10045,100450000,100450000,92,153,100460000,35205
0,10046,100460000,100460000,92,153,100470000,35208
0,10047,100470000,100470000,92,153,100480000,35211
0,10048,100480000,100480000,92,153,100490000,35215
0,10049,100490000,100490000,92,153,100500000,35216
0,1005,10050000,10050000,92,153,10060000,3519
0,10050,100500000,100500000,92,153,100510000,35223
0,10051,100510000,100510000,92,153,100520000,35225
0,10052,100520000,100520000,92,153,100530000,35229
0,10053,100530000,100530000,92,153,100540000,35232
0,10054,100540000,100540000,92,153,100550000,35236
0,10055,100550000,100550000,92,153,100560000,35238
0,10056,100560000,100560000,92,153,100570000,35244
0,10057,100570000,100570000,92,153,100580000,35247
0,10058,100580000,100580000,92,153,100590000,35250
0,10059,100590000,100590000,92,153,100600000,35253
0,1006,10060000,10060000,92,153,10070000,3523
0,10060,100600000,100600000,92,153,100610000,35257
0,10061,100610000,100610000,92,153,100620000,35258
0,10062,100620000,100620000,92,153,100630000,35265
0,10063,100630000,100630000,92,153,100640000,35267
0,10064,100640000,100640000,92,153,100650000,35271
0,10065,100650000,100650000,92,153,100660000,35274
0,10066,100660000,100660000,92,153,100670000,35279
0,10067,100670000,100670000,92,153,100680000,35280
0,10068,100680000,100680000,92,153,100690000,35286
0,10069,100690000,100690000,92,153,100700000,35288
0,1007,10070000,10070000,92,153,10080000,3524
0,10070,100700000,100700000,92,153,100710000,35291
0,10071,100710000,100710000,92,153,100720000,35294
0,10072,100720000,100720000,92,153,100730000,35300
0,10073,100730000,100730000,92,153,100740000,35302
0,10074,100740000,100740000,92,153,100750000,35308
0,10075,100750000,100750000,92,153,100760000,35310
0,10076,100760000,100760000,92,153,100770000,35313
0,10077,100770000,100770000,92,153,100780000,35315
0,10078,100780000,100780000,92,153,100790000,35319
0,10079,100790000,100790000,92,153,100800000,35320
0,1008,10080000,10080000,92,153,10090000,3532
0,10080,100800000,100800000,92,153,100810000,35329
0,10081,100810000,100810000,92,153,100820000,35332
0,10082,100820000,100820000,92,153,100830000,35335
0,10083,100830000,100830000,92,153,100840000,35337
0,10084,100840000,100840000,92,153,100850000,35341
0,10085,100850000,100850000,92,153,100860000,35342
0,10086,100860000,100860000,92,153,100870000,35348
0,10087,100870000,100870000,92,153,100880000,35352
0,10088,100880000,100880000,92,153,100890000,35355
0,10089,100890000,100890000,92,153,100900000,35359
0,1009,10090000,10090000,92,153,10100000,3534
0,10090,100900000,100900000,92,153,100910000,35363
0,10091,100910000,100910000,92,153,100920000,35364
0,10092,100920000,100920000,92,153,100930000,35370
0,10093,100930000,100930000,92,153,100940000,35372
0,10094,100940000,100940000,92,153,100950000,35376
0,10095,100950000,100950000,92,153,100960000,35379
0,10096,100960000,100960000,92,153,100970000,35383
0,10097,100970000,100970000,92,153,100980000,35384
0,10098,100980000,100980000,92,153,100990000,35392
0,10099,100990000,100990000,92,153,101000000,35394
0,101,1010000,1010000,92,153,1020000,349
0,1010,10100000,10100000,92,153,10110000,3537
0,10100,101000000,101000000,92,153,101010000,35397
0,10101,101010000,101010000,92,153,101020000,35400
0,10102,101020000,101020000,92,153,101030000,35405
0,10103,101030000,101030000,92,153,101040000,35406
0,10104,101040000,101040000,92,153,101050000,35412
0,10105,101050000,101050000,92,153,101060000,35414
0,10106,101060000,101060000,92,153,101070000,35418
0,10107,101070000,101070000,92,153,101080000,35421
0,10108,101080000,101080000,92,153,101090000,35426
0,10109,101090000,101090000,92,153,101100000,35427
0,1011,10110000,10110000,92,153,10120000,3540
0,10110,101100000,101100000,92,153,101110000,35434
0,10111,101110000,101110000,92,153,101120000,35436
0,10112,101120000,101120000,92,153,101130000,35439
0,10113,101130000,101130000,92,153,101140000,35441
0,10114,101140000,101140000,92,153,101150000,35445
0,10115,101150000,101150000,92,153,101160000,35448
0,10116,101160000,101160000,92,153,101170000,35455
0,10117,101170000,101170000,92,153,101180000,35458
0,10118,101180000,101180000,92,153,101190000,35461
0,10119,101190000,101190000,92,153,101200000,35463
0,1012,10120000,10120000,92,153,10130000,3545
0,10120,101200000,101200000,92,153,101210000,35467
0,10121,101210000,101210000,92,153,101220000,35468
0,10122,101220000,101220000,92,153,101230000,35475
0,10123,101230000,101230000,92,153,101240000,35478
0,10124,101240000,101240000,92,153,101250000,35481
0,10125,101250000,101250000,92,153,101260000,35485
0,10126,101260000,101260000,92,153,101270000,35489
0,10127,101270000,101270000,92,153,101280000,35490
0,10128,101280000,101280000,92,153,101290000,35496
0,10129,101290000,101290000,92,153,101300000,35499
0,1013,10130000,10130000,92,153,10140000,3546
0,10130,101300000,101300000,92,153,101310000,35502
0,10131,101310000,101310000,92,153,101320000,35504
0,10132,101320000,101320000,92,153,101330000,35510
0,10133,101330000,101330000,92,153,101340000,35511
0,10134,101340000,101340000,92,153,101350000,35518
0,10135,101350000,101350000,92,153,101360000,35520
0,10136,101360000,101360000,92,153,101370000,35524
0,10137,101370000,101370000,92,153,101380000,35526
0,10138,101380000,101380000,92,153,101390000,35530
0,10139,101390000,101390000,92,153,101400000,35531
0,1014,10140000,10140000,92,153,10150000,3552
0,10140,101400000,101400000,92,153,101410000,35539
0,10141,101410000,101410000,92,153,101420000,35541
0,10142,101420000,101420000,92,153,101430000,35544
0,10143,101430000,101430000,92,153,101440000,35548
0,10144,101440000,101440000,92,153,101450000,35552
0,10145,101450000,101450000,92,153,101460000,35553
0,10146,101460000,101460000,92,153,101470000,35559
0,10147,101470000,101470000,92,153,101480000,35562
0,10148,101480000,101480000,92,153,101490000,35565
0,10149,101490000,101490000,92,153,101500000,35568
0,1015,10150000,10150000,92,153,10160000,3555
0,10150,101500000,101500000,92,153,101510000,35573
0,10151,101510000,101510000,92,153,101520000,35574
0,10152,101520000,101520000,92,153,101530000,35581
0,10153,101530000,101530000,92,153,101540000,35583
0,10154,101540000,101540000,92,153,101550000,35586
0,10155,101550000,101550000,92,153,101560000,35589
0,10156,101560000,101560000,92,153,101570000,35593
0,10157,101570000,101570000,92,153,101580000,35596
0,10158,101580000,101580000,92,153,101590000,35602
0,10159,101590000,101590000,92,153,101600000,35604
0,1016,10160000,10160000,92,153,10170000,3558
0,10160,101600000,101600000,92,153,101610000,35607
0,10161,101610000,101610000,92,153,101620000,35610
0,10162,101620000,101620000,92,153,101630000,35615
0,10163,101630000,101630000,92,153,101640000,35616
0,10164,101640000,101640000,92,153,101650000,35623
0,10165,101650000,101650000,92,153,101660000,35625
0,10166,101660000,101660000,92,153,101670000,35629
0,10167,101670000,101670000,92,153,101680000,35631
0,10168,101680000,101680000,92,153,101690000,35635
0,10169,101690000,101690000,92,153,101700000,35636
0,1017,10170000,10170000,92,153,10180000,3561
0,10170,101700000,101700000,92,153,101710000,35644
0,10171,101710000,101710000,92,153,101720000,35647
0,10172,101720000,101720000,92,153,101730000,35650
0,10173,101730000,101730000,92,153,101740000,35652
0,10174,101740000,101740000,92,153,101750000,35657
0,10175,101750000,101750000,92,153,101760000,35658
0,10176,101760000,101760000,92,153,101770000,35664
0,10177,101770000,101770000,92,153,101780000,35667
0,10178,101780000,101780000,92,153,101790000,35671
0,10179,101790000,101790000,92,153,101800000,35674
0,1018,10180000,10180000,92,153,10190000,3565
0,10180,101800000,101800000,92,153,101810000,35678
0,10181,101810000,101810000,92,153,101820000,35679
0,10182,101820000,101820000,92,153,101830000,35685
0,10183,101830000,101830000,92,153,101840000,35688
0,10184,101840000,101840000,92,153,101850000,35691
0,10185,101850000,101850000,92,153,101860000,35695
0,10186,101860000,101860000,92,153,101870000,35699
0,10187,101870000,101870000,92,153,101880000,35700
0,10188,101880000,101880000,92,153,101890000,35707
0,10189,101890000,101890000,92,153,101900000,35709
0,1019,10190000,10190000,92,153,10200000,3566
0,10190,101900000,101900000,92,153,101910000,35712
0,10191,101910000,101910000,92,153,101920000,35715
0,10192,101920000,101920000,92,153,101930000,35721
0,10193,101930000,101930000,92,153,101940000,35722
0,10194,101940000,101940000,92,153,101950000,35728
0,10195,101950000,101950000,92,153,101960000,35730
0,10196,101960000,101960000,92,153,101970000,35733
0,10197,101970000,101970000,92,153,101980000,35736
0,10198,101980000,101980000,92,153,101990000,35740
0,10199,101990000,101990000,92,153,102000000,35742
0,102,1020000,1020000,92,153,1030000,356
0,1020,10200000,10200000,92,153,10210000,3574
0,10200,102000000,102000000,92,153,102010000,35750
0,10201,102010000,102010000,92,153,102020000,35752
0,10202,102020000,102020000,92,153,102030000,35755
0,10203,102030000,102030000,92,153,102040000,35757
0,10204,102040000,102040000,92,153,102050000,35761
0,10205,102050000,102050000,92,153,102060000,35762
0,10206,102060000,102060000,92,153,102070000,35770
0,10207,102070000,102070000,92,153,102080000,35773
0,10208,102080000,102080000,92,153,102090000,35777
0,10209,102090000,102090000,92,153,102100000,35779
0,1021,10210000,10210000,92,153,10220000,3576
0,10210,102100000,102100000,92,153,102110000,35783
0,10211,102110000,102110000,92,153,102120000,35784
0,10212,102120000,102120000,92,153,102130000,35790
0,10213,102130000,102130000,92,153,102140000,35793
0,10214,102140000,102140000,92,153,102150000,35796
0,10215,102150000,102150000,92,153,102160000,35800
0,10216,102160000,102160000,92,153,102170000,35804
0,10217,102170000,102170000,92,153,102180000,35806
0,10218,102180000,102180000,92,153,102190000,35812
0,10219,102190000,102190000,92,153,102200000,35814
0,1022,10220000,10220000,92,153,10230000,3580
0,10220,102200000,102200000,92,153,102210000,35818
0,10221,102210000,102210000,92,153,102220000,35820
0,10222,102220000,102220000,92,153,102230000,35825
0,10223,102230000,102230000,92,153,102240000,35826
0,10224,102240000,102240000,92,153,102250000,35833
0,10225,102250000,102250000,92,153,102260000,35836
0,10226,102260000,102260000,92,153,102270000,35839
0,10227,102270000,102270000,92,153,102280000,35842
0,10228,102280000,102280000,92,153,102290000,35846
0,10229,102290000,102290000,92,153,102300000,35847
0,1023,10230000,10230000,92,153,10240000,3582
0,10230,102300000,102300000,92,153,102310000,35854
0,10231,102310000,102310000,92,153,102320000,35856
0,10232,102320000,102320000,92,153,102330000,35859
0,10233,102330000,102330000,92,153,102340000,35862
0,10234,102340000,102340000,92,153,102350000,35868
0,10235,102350000,102350000,92,153,102360000,35869
0,10236,102360000,102360000,92,153,102370000,35875
0,10237,102370000,102370000,92,153,102380000,35878
0,10238,102380000,102380000,92,153,102390000,35881
0,10239,102390000,102390000,92,153,102400000,35883
0,1024,10240000,10240000,92,153,10250000,3586
0,10240,102400000,102400000,92,153,102410000,35887
0,10241,102410000,102410000,92,153,102420000,35889
0,10242,102420000,102420000,92,153,102430000,35897
0,10243,102430000,102430000,92,153,102440000,35899
0,10244,102440000,102440000,92,153,102450000,35902
0,10245,102450000,102450000,92,153,102460000,35905
0,10246,102460000,102460000,92,153,102470000,35909
0,10247,102470000,102470000,92,153,102480000,35910
0,10248,102480000,102480000,92,153,102490000,35917
0,10249,102490000,102490000,92,153,102500000,35919
0,1025,10250000,10250000,92,153,10260000,3587
0,10250,102500000,102500000,92,153,102510000,35922
0,10251,102510000,102510000,92,153,102520000,35926
0,10252,102520000,102520000,92,153,102530000,35931
0,10253,102530000,102530000,92,153,102540000,35932
0,10254,102540000,102540000,92,153,102550000,35938
0,10255,102550000,102550000,92,153,102560000,35941
0,10256,102560000,102560000,92,153,102570000,35944
0,10257,102570000,102570000,92,153,102580000,35946
0,10258,102580000,102580000,92,153,102590000,35950
0,10259,102590000,102590000,92,153,102600000,35952
0,1026,10260000,10260000,92,153,10270000,3594
0,10260,102600000,102600000,92,153,102610000,35960
0,10261,102610000,102610000,92,153,102620000,35962
0,10262,102620000,102620000,92,153,102630000,35966
0,10263,102630000,102630000,92,153,102640000,35968
0,10264,102640000,102640000,92,153,102650000,35972
0,10265,102650000,102650000,92,153,102660000,35973
0,10266,102660000,102660000,92,153,102670000,35979
0,10267,102670000,102670000,92,153,102680000,35982
0,10268,102680000,102680000,92,153,102690000,35986
0,10269,102690000,102690000,92,153,102700000,35990
0,1027,10270000,10270000,92,153,10280000,3597
0,10270,102700000,102700000,92,153,102710000,35994
0,10271,102710000,102710000,92,153,102720000,35995
0,10272,102720000,102720000,92,153,102730000,36001
0,10273,102730000,102730000,92,153,102740000,36003
0,10274,102740000,102740000,92,153,102750000,36006
0,10275,102750000,102750000,92,153,102760000,36009
0,10276,102760000,102760000,92,153,102770000,36015
0,10277,102770000,102770000,92,153,102780000,36016
0,10278,102780000,102780000,92,153,102790000,36023
0,10279,102790000,102790000,92,153,102800000,36025
0,1028,10280000,10280000,92,153,10290000,3601
0,10280,102800000,102800000,92,153,102810000,36028
0,10281,102810000,102810000,92,153,102820000,36030
0,10282,102820000,102820000,92,153,102830000,36035
0,10283,102830000,102830000,92,153,102840000,36037
0,10284,102840000,102840000,92,153,102850000,36043
0,10285,102850000,102850000,92,153,102860000,36046
0,10286,102860000,102860000,92,153,102870000,36049
0,10287,102870000,102870000,92,153,102880000,36052
0,10288,102880000,102880000,92,153,102890000,36056
0,10289,102890000,102890000,92,153,102900000,36057
0,1029,10290000,10290000,92,153,10300000,3604
0,10290,102900000,102900000,92,153,102910000,36065
0,10291,102910000,102910000,92,153,102920000,36067
0,10292,102920000,102920000,92,153,102930000,36070
0,10293,102930000,102930000,92,153,102940000,36073
0,10294,102940000,102940000,92,153,102950000,36077
0,10295,102950000,102950000,92,153,102960000,36078
0,10296,102960000,102960000,92,153,102970000,36085
0,10297,102970000,102970000,92,153,102980000,36089
0,10298,102980000,102980000,92,153,102990000,36092
0,10299,102990000,102990000,92,153,103000000,36094
0,103,1030000,1030000,92,153,1040000,358
0,1030,10300000,10300000,92,153,10310000,3608
0,10300,103000000,103000000,92,153,103010000,36098
0,10301,103010000,103010000,92,153,103020000,36099
0,10302,103020000,103020000,92,153,103030000,36106
0,10303,103030000,103030000,92,153,103040000,36108
0,10304,103040000,103040000,92,153,103050000,36112
0,10305,103050000,103050000,92,153,103060000,36116
0,10306,103060000,103060000,92,153,103070000,36120
0,10307,103070000,103070000,92,153,103080000,36121
0,10308,103080000,103080000,92,153,103090000,36127
0,10309,103090000,103090000,92,153,103100000,36129
0,1031,10310000,10310000,92,153,10320000,3609
0,10310,103100000,103100000,92,153,103110000,36133
0,10311,103110000,103110000,92,153,103120000,36136
0,10312,103120000,103120000,92,153,103130000,36141
0,10313,103130000,103130000,92,153,103140000,36142
0,10314,103140000,103140000,92,153,103150000,36149
0,10315,103150000,103150000,92,153,103160000,36151
0,10316,103160000,103160000,92,153,103170000,36154
0,10317,103170000,103170000,92,153,103180000,36156
0,10318,103180000,103180000,92,153,103190000,36161
0,10319,103190000,103190000,92,153,103200000,36163
0,1032,10320000,10320000,92,153,10330000,3615
0,10320,103200000,103200000,92,153,103210000,36170
0,10321,103210000,103210000,92,153,103220000,36172
0,10322,103220000,103220000,92,153,103230000,36175
0,10323,103230000,103230000,92,153,103240000,36178
0,10324,103240000,103240000,92,153,103250000,36182
0,10325,103250000,103250000,92,153,103260000,36184
0,10326,103260000,103260000,92,153,103270000,36190
0,10327,103270000,103270000,92,153,103280000,36194
0,10328,103280000,103280000,92,153,103290000,36197
0,10329,103290000,103290000,92,153,103300000,36199
0,1033,10330000,10330000,92,153,10340000,3617
0,10330,103300000,103300000,92,153,103310000,36203
0,10331,103310000,103310000,92,153,103320000,36204
0,10332,103320000,103320000,92,153,103330000,36212
0,10333,103330000,103330000,92,153,103340000,36214
0,10334,103340000,103340000,92,153,103350000,36217
0,10335,103350000,103350000,92,153,103360000,36220
0,10336,103360000,103360000,92,153,103370000,36225
0,10337,103370000,103370000,92,153,103380000,36226
0,10338,103380000,103380000,92,153,103390000,36232
0,10339,103390000,103390000,92,153,103400000,36235
0,1034,10340000,10340000,92,153,10350000,3620
0,10340,103400000,103400000,92,153,103410000,36238
0,10341,103410000,103410000,92,153,103420000,36241
0,10342,103420000,103420000,92,153,103430000,36246
0,10343,103430000,103430000,92,153,103440000,36247
0,10344,103440000,103440000,92,153,103450000,36254
0,10345,103450000,103450000,92,153,103460000,36256
0,10346,103460000,103460000,92,153,103470000,36260
0,10347,103470000,103470000,92,153,103480000,36262
0,10348,103480000,103480000,92,153,103490000,36266
0,10349,103490000,103490000,92,153,103500000,36267
0,1035,10350000,10350000,92,153,10360000,3624
0,10350,103500000,103500000,92,153,103510000,36275
0,10351,103510000,103510000,92,153,103520000,36277
0,10352,103520000,103520000,92,153,103530000,36280
0,10353,103530000,103530000,92,153,103540000,36284
0,10354,103540000,103540000,92,153,103550000,36288
0,10355,103550000,103550000,92,153,103560000,36289
0,10356,103560000,103560000,92,153,103570000,36295
0,10357,103570000,103570000,92,153,103580000,36298
0,10358,103580000,103580000,92,153,103590000,36301
0,10359,103590000,103590000,92,153,103600000,36304
0,1036,10360000,10360000,92,153,10370000,3629
0,10360,103600000,103600000,92,153,103610000,36309
0,10361,103610000,103610000,92,153,103620000,36311
0,10362,103620000,103620000,92,153,103630000,36317
0,10363,103630000,103630000,92,153,103640000,36319
0,10364,103640000,103640000,92,153,103650000,36322
0,10365,103650000,103650000,92,153,103660000,36325
0,10366,103660000,103660000,92,153,103670000,36329
0,10367,103670000,103670000,92,153,103680000,36331
0,10368,103680000,103680000,92,153,103690000,36338
0,10369,103690000,103690000,92,153,103700000,36340
0,1037,10370000,10370000,92,153,10380000,3631
0,10370,103700000,103700000,92,153,103710000,36344
0,10371,103710000,103710000,92,153,103720000,36346
0,10372,103720000,103720000,92,153,103730000,36351
0,10373,103730000,103730000,92,153,103740000,36352
0,10374,103740000,103740000,92,153,103750000,36359
0,10375,103750000,103750000,92,153,103760000,36361
0,10376,103760000,103760000,92,153,103770000,36364
0,10377,103770000,103770000,92,153,103780000,36367
0,10378,103780000,103780000,92,153,103790000,36372
0,10379,103790000,103790000,92,153,103800000,36373
0,1038,10380000,10380000,92,153,10390000,3637
0,10380,103800000,103800000,92,153,103810000,36380
0,10381,103810000,103810000,92,153,103820000,36383
0,10382,103820000,103820000,92,153,103830000,36386
0,10383,103830000,103830000,92,153,103840000,36388
0,10384,103840000,103840000,92,153,103850000,36392
0,10385,103850000,103850000,92,153,103860000,36393
0,10386,103860000,103860000,92,153,103870000,36400
0,10387,103870000,103870000,92,153,103880000,36404
0,10388,103880000,103880000,92,153,103890000,36408
0,10389,103890000,103890000,92,153,103900000,36410
0,1039,10390000,10390000,92,153,10400000,3639
0,10390,103900000,103900000,92,153,103910000,36414
0,10391,103910000,103910000,92,153,103920000,36415
0,10392,103920000,103920000,92,153,103930000,36421
0,10393,103930000,103930000,92,153,103940000,36423
0,10394,103940000,103940000,92,153,103950000,36426
0,10395,103950000,103950000,92,153,103960000,36432
0,10396,103960000,103960000,92,153,103970000,36436
0,10397,103970000,103970000,92,153,103980000,36437
0,10398,103980000,103980000,92,153,103990000,36443
0,10399,103990000,103990000,92,153,104000000,36445
0,104,1040000,1040000,92,153,1050000,361
0,1040,10400000,10400000,92,153,10410000,3642
0,10400,104000000,104000000,92,153,104010000,36448
0,10401,104010000,104010000,92,153,104020000,36450
0,10402,104020000,104020000,92,153,104030000,36456
0,10403,104030000,104030000,92,153,104040000,36457
0,10404,104040000,104040000,92,153,104050000,36465
0,10405,104050000,104050000,92,153,104060000,36467
0,10406,104060000,104060000,92,153,104070000,36470
0,10407,104070000,104070000,92,153,104080000,36472
0,10408,104080000,104080000,92,153,104090000,36476
0,10409,104090000,104090000,92,153,104100000,36478
0,1041,10410000,10410000,92,153,10420000,3644
0,10410,104100000,104100000,92,153,104110000,36485
0,10411,104110000,104110000,92,153,104120000,36487
0,10412,104120000,104120000,92,153,104130000,36491
0,10413,104130000,104130000,92,153,104140000,36494
0,10414,104140000,104140000,92,153,104150000,36498
0,10415,104150000,104150000,92,153,104160000,36499
0,10416,104160000,104160000,92,153,104170000,36506
0,10417,104170000,104170000,92,153,104180000,36509
0,10418,104180000,104180000,92,153,104190000,36512
0,10419,104190000,104190000,92,153,104200000,36514
0,1042,10420000,10420000,92,153,10430000,3649
0,10420,104200000,104200000,92,153,104210000,36518
0,10421,104210000,104210000,92,153,104220000,36520
0,10422,104220000,104220000,92,153,104230000,36527
0,10423,104230000,104230000,92,153,104240000,36530
0,10424,104240000,104240000,92,153,104250000,36533
0,10425,104250000,104250000,92,153,104260000,36536
0,10426,104260000,104260000,92,153,104270000,36540
0,10427,104270000,104270000,92,153,104280000,36541
0,10428,104280000,104280000,92,153,104290000,36547
0,10429,104290000,104290000,92,153,104300000,36550
0,1043,10430000,10430000,92,153,10440000,3651
0,10430,104300000,104300000,92,153,104310000,36554
0,10431,104310000,104310000,92,153,104320000,36557
0,10432,104320000,104320000,92,153,104330000,36562
0,10433,104330000,104330000,92,153,104340000,36563
0,10434,104340000,104340000,92,153,104350000,36569
0,10435,104350000,104350000,92,153,104360000,36571
0,10436,104360000,104360000,92,153,104370000,36574
0,10437,104370000,104370000,92,153,104380000,36577
0,10438,104380000,104380000,92,153,104390000,36582
0,10439,104390000,104390000,92,153,104400000,36583
0,1044,10440000,10440000,92,153,10450000,3658
0,10440,104400000,104400000,92,153,104410000,36591
0,10441,104410000,104410000,92,153,104420000,36593
0,10442,104420000,104420000,92,153,104430000,36596
0,10443,104430000,104430000,92,153,104440000,36598
0,10444,104440000,104440000,92,153,104450000,36603
0,10445,104450000,104450000,92,153,104460000,36604
0,10446,104460000,104460000,92,153,104470000,36611
0,10447,104470000,104470000,92,153,104480000,36614
0,10448,104480000,104480000,92,153,104490000,36617
0,10449,104490000,104490000,92,153,104500000,36620
0,1045,10450000,10450000,92,153,10460000,3661
0,10450,104500000,104500000,92,153,104510000,36624
0,10451,104510000,104510000,92,153,104520000,36626
0,10452,104520000,104520000,92,153,104530000,36632
0,10453,104530000,104530000,92,153,104540000,36634
0,10454,104540000,104540000,92,153,104550000,36637
0,10455,104550000,104550000,92,153,104560000,36641
0,10456,104560000,104560000,92,153,104570000,36645
0,10457,104570000,104570000,92,153,104580000,36646
0,10458,104580000,104580000,92,153,104590000,36654
0,10459,104590000,104590000,92,153,104600000,36656
0,1046,10460000,10460000,92,153,10470000,3664
0,10460,104600000,104600000,92,153,104610000,36659
0,10461,104610000,104610000,92,153,104620000,36661
0,10462,104620000,104620000,92,153,104630000,36666
0,10463,104630000,104630000,92,153,104640000,36668
0,10464,104640000,104640000,92,153,104650000,36674
0,10465,104650000,104650000,92,153,104660000,36677
0,10466,104660000,104660000,92,153,104670000,36680
0,10467,104670000,104670000,92,153,104680000,36683
0,10468,104680000,104680000,92,153,104690000,36687
0,10469,104690000,104690000,92,153,104700000,36688
0,1047,10470000,10470000,92,153,10480000,3666
0,10470,104700000,104700000,92,153,104710000,36695
0,10471,104710000,104710000,92,153,104720000,36697
0,10472,104720000,104720000,92,153,104730000,36702
0,10473,104730000,104730000,92,153,104740000,36704
0,10474,104740000,104740000,92,153,104750000,36708
0,10475,104750000,104750000,92,153,104760000,36709
0,10476,104760000,104760000,92,153,104770000,36716
0,10477,104770000,104770000,92,153,104780000,36719
0,10478,104780000,104780000,92,153,104790000,36722
0,10479,104790000,104790000,92,153,104800000,36725
0,1048,10480000,10480000,92,153,10490000,3670
0,10480,104800000,104800000,92,153,104810000,36730
0,10481,104810000,104810000,92,153,104820000,36731
0,10482,104820000,104820000,92,153,104830000,36737
0,10483,104830000,104830000,92,153,104840000,36739
0,10484,104840000,104840000,92,153,104850000,36742
0,10485,104850000,104850000,92,153,104860000,36746
0,10486,104860000,104860000,92,153,104870000,36751
0,10487,104870000,104870000,92,153,104880000,36752
0,10488,104880000,104880000,92,153,104890000,36758
0,10489,104890000,104890000,92,153,104900000,36761
0,1049,10490000,10490000,92,153,10500000,3671
0,10490,104900000,104900000,92,153,104910000,36764
0,10491,104910000,104910000,92,153,104920000,36766
0,10492,104920000,104920000,92,153,104930000,36771
0,10493,104930000,104930000,92,153,104940000,36773
0,10494,104940000,104940000,92,153,104950000,36780
0,10495,104950000,104950000,92,153,104960000,36782
0,10496,104960000,104960000,92,153,104970000,36785
0,10497,104970000,104970000,92,153,104980000,36788
0,10498,104980000,104980000,92,153,104990000,36792
0,10499,104990000,104990000,92,153,105000000,36793
0,105,1050000,1050000,92,153,1060000,365
0,1050,10500000,10500000,92,153,10510000,3679
0,10500,105000000,105000000,92,153,105010000,36801
0,10501,105010000,105010000,92,153,105020000,36803
0,10502,105020000,105020000,92,153,105030000,36806
0,10503,105030000,105030000,92,153,105040000,36809
0,10504,105040000,105040000,92,153,105050000,36813
0,10505,105050000,105050000,92,153,105060000,36814
0,10506,105060000,105060000,92,153,105070000,36821
0,10507,105070000,105070000,92,153,105080000,36825
0,10508,105080000,105080000,92,153,105090000,36828
0,10509,105090000,105090000,92,153,105100000,36830
0,1051,10510000,10510000,92,153,10520000,3681
0,10510,105100000,105100000,92,153,105110000,36834
0,10511,105110000,105110000,92,153,105120000,36835
0,10512,105120000,105120000,92,153,105130000,36842
0,10513,105130000,105130000,92,153,105140000,36844
0,10514,105140000,105140000,92,153,105150000,36849
0,10515,105150000,105150000,92,153,105160000,36852
0,10516,105160000,105160000,92,153,105170000,36856
0,10517,105170000,105170000,92,153,105180000,36857
0,10518,105180000,105180000,92,153,105190000,36863
0,10519,105190000,105190000,92,153,105200000,36865
0,1052,10520000,10520000,92,153,10530000,3684
0,10520,105200000,105200000,92,153,105210000,36868
0,10521,105210000,105210000,92,153,105220000,36872
0,10522,105220000,105220000,92,153,105230000,36877
0,10523,105230000,105230000,92,153,105240000,36879
0,10524,105240000,105240000,92,153,105250000,36885
0,10525,105250000,105250000,92,153,105260000,36887
0,10526,105260000,105260000,92,153,105270000,36890
0,10527,105270000,105270000,92,153,105280000,36892
0,10528,105280000,105280000,92,153,105290000,36897
0,10529,105290000,105290000,92,153,105300000,36898
0,1053,10530000,10530000,92,153,10540000,3687
0,10530,105300000,105300000,92,153,105310000,36906
0,10531,105310000,105310000,92,153,105320000,36909
0,10532,105320000,105320000,92,153,105330000,36912
0,10533,105330000,105330000,92,153,105340000,36914
0,10534,105340000,105340000,92,153,105350000,36918
0,10535,105350000,105350000,92,153,105360000,36920
0,10536,105360000,105360000,92,153,105370000,36926
0,10537,105370000,105370000,92,153,105380000,36929
0,10538,105380000,105380000,92,153,105390000,36932
0,10539,105390000,105390000,92,153,105400000,36935
0,1054,10540000,10540000,92,153,10550000,3692
0,10540,105400000,105400000,92,153,105410000,36940
0,10541,105410000,105410000,92,153,105420000,36941
0,10542,105420000,105420000,92,153,105430000,36948
0,10543,105430000,105430000,92,153,105440000,36950
0,10544,105440000,105440000,92,153,105450000,36953
0,10545,105450000,105450000,92,153,105460000,36956
0,10546,105460000,105460000,92,153,105470000,36960
0,10547,105470000,105470000,92,153,105480000,36961
0,10548,105480000,105480000,92,153,105490000,36969
0,10549,105490000,105490000,92,153,105500000,36972
0,1055,10550000,10550000,92,153,10560000,3693
0,10550,105500000,105500000,92,153,105510000,36975
0,10551,105510000,105510000,92,153,105520000,36977
0,10552,105520000,105520000,92,153,105530000,36982
0,10553,105530000,105530000,92,153,105540000,36983
0,10554,105540000,105540000,92,153,105550000,36989
0,10555,105550000,105550000,92,153,105560000,36991
0,10556,105560000,105560000,92,153,105570000,36995
0,10557,105570000,105570000,92,153,105580000,36999
0,10558,105580000,105580000,92,153,105590000,37003
0,10559,105590000,105590000,92,153,105600000,37004
0,1056,10560000,10560000,92,153,10570000,3699
0,10560,105600000,105600000,92,153,105610000,37011
0,10561,105610000,105610000,92,153,105620000,37013
0,10562,105620000,105620000,92,153,105630000,37016
0,10563,105630000,105630000,92,153,105640000,37019
0,10564,105640000,105640000,92,153,105650000,37023
0,10565,105650000,105650000,92,153,105660000,37025
0,10566,105660000,105660000,92,153,105670000,37032
0,10567,105670000,105670000,92,153,105680000,37035
0,10568,105680000,105680000,92,153,105690000,37038
0,10569,105690000,105690000,92,153,105700000,37040
0,1057,10570000,10570000,92,153,10580000,3703
0,10570,105700000,105700000,92,153,105710000,37045
0,10571,105710000,105710000,92,153,105720000,37046
0,10572,105720000,105720000,92,153,105730000,37052
0,10573,105730000,105730000,92,153,105740000,37054
0,10574,105740000,105740000,92,153,105750000,37058
0,10575,105750000,105750000,92,153,105760000,37062
0,10576,105760000,105760000,92,153,105770000,37066
0,10577,105770000,105770000,92,153,105780000,37068
0,10578,105780000,105780000,92,153,105790000,37074
0,10579,105790000,105790000,92,153,105800000,37076
0,1058,10580000,10580000,92,153,10590000,3706
0,10580,105800000,105800000,92,153,105810000,37079
0,10581,105810000,105810000,92,153,105820000,37081
0,10582,105820000,105820000,92,153,105830000,37087
0,10583,105830000,105830000,92,153,105840000,37088
0,10584,105840000,105840000,92,153,105850000,37096
0,10585,105850000,105850000,92,153,105860000,37098
0,10586,105860000,105860000,92,153,105870000,37101
0,10587,105870000,105870000,92,153,105880000,37103
0,10588,105880000,105880000,92,153,105890000,37107
0,10589,105890000,105890000,92,153,105900000,37108
0,1059,10590000,10590000,92,153,10600000,3708
0,10590,105900000,105900000,92,153,105910000,37115
0,10591,105910000,105910000,92,153,105920000,37119
0,10592,105920000,105920000,92,153,105930000,37122
0,10593,105930000,105930000,92,153,105940000,37125
0,10594,105940000,105940000,92,153,105950000,37129
0,10595,105950000,105950000,92,153,105960000,37130
0,10596,105960000,105960000,92,153,105970000,37136
0,10597,105970000,105970000,92,153,105980000,37139
0,10598,105980000,105980000,92,153,105990000,37143
0,10599,105990000,105990000,92,153,106000000,37146
0,106,1060000,1060000,92,153,1070000,369
0,1060,10600000,10600000,92,153,10610000,3712
0,10600,106000000,106000000,92,153,106010000,37150
0,10601,106010000,106010000,92,153,106020000,37151
0,10602,106020000,106020000,92,153,106030000,37158
0,10603,106030000,106030000,92,153,106040000,37160
0,10604,106040000,106040000,92,153,106050000,37163
0,10605,106050000,106050000,92,153,106060000,37167
0,10606,106060000,106060000,92,153,106070000,37171
0,10607,106070000,106070000,92,153,106080000,37172
0,10608,106080000,106080000,92,153,106090000,37179
0,10609,106090000,106090000,92,153,106100000,37181
0,1061,10610000,10610000,92,153,10620000,3713
0,10610,106100000,106100000,92,153,106110000,37184
0,10611,106110000,106110000,92,153,106120000,37187
0,10612,106120000,106120000,92,153,106130000,37193
0,10613,106130000,106130000,92,153,106140000,37194
0,10614,106140000,106140000,92,153,106150000,37200
0,10615,106150000,106150000,92,153,106160000,37202
0,10616,106160000,106160000,92,153,106170000,37206
0,10617,106170000,106170000,92,153,106180000,37208
0,10618,106180000,106180000,92,153,106190000,37212
0,10619,106190000,106190000,92,153,106200000,37214
0,1062,10620000,10620000,92,153,10630000,3721
0,10620,106200000,106200000,92,153,106210000,37222
0,10621,106210000,106210000,92,153,106220000,37224
0,10622,106220000,106220000,92,153,106230000,37227
0,10623,106230000,106230000,92,153,106240000,37229
0,10624,106240000,106240000,92,153,106250000,37233
0,10625,106250000,106250000,92,153,106260000,37235
0,10626,106260000,106260000,92,153,106270000,37242
0,10627,106270000,106270000,92,153,106280000,37245
0,10628,106280000,106280000,92,153,106290000,37248
0,10629,106290000,106290000,92,153,106300000,37251
0,1063,10630000,10630000,92,153,10640000,3723
0,10630,106300000,106300000,92,153,106310000,37255
0,10631,106310000,106310000,92,153,106320000,37256
0,10632,106320000,106320000,92,153,106330000,37262
0,10633,106330000,106330000,92,153,106340000,37266
0,10634,106340000,106340000,92,153,106350000,37269
0,10635,106350000,106350000,92,153,106360000,37272
0,10636,106360000,106360000,92,153,106370000,37276
0,10637,106370000,106370000,92,153,106380000,37277
0,10638,106380000,106380000,92,153,106390000,37284
0,10639,106390000,106390000,92,153,106400000,37286
0,1064,10640000,10640000,92,153,10650000,3727
0,10640,106400000,106400000,92,153,106410000,37290
0,10641,106410000,106410000,92,153,106420000,37292
0,10642,106420000,106420000,92,153,106430000,37298
0,10643,106430000,106430000,92,153,106440000,37299
0,10644,106440000,106440000,92,153,106450000,37305
0,10645,106450000,106450000,92,153,106460000,37307
0,10646,106460000,106460000,92,153,106470000,37310
0,10647,106470000,106470000,92,153,106480000,37314
0,10648,106480000,106480000,92,153,106490000,37318
0,10649,106490000,106490000,92,153,106500000,37319
0,1065,10650000,10650000,92,153,10660000,3730
0,10650,106500000,106500000,92,153,106510000,37327
0,10651,106510000,106510000,92,153,106520000,37329
0,10652,106520000,106520000,92,153,106530000,37332
0,10653,106530000,106530000,92,153,106540000,37334
0,10654,106540000,106540000,92,153,106550000,37339
0,10655,106550000,106550000,92,153,106560000,37340
0,10656,106560000,106560000,92,153,106570000,37347
0,10657,106570000,106570000,92,153,106580000,37350
0,10658,106580000,106580000,92,153,106590000,37353
0,10659,106590000,106590000,92,153,106600000,37356
0,1066,10660000,10660000,92,153,10670000,3734
0,10660,106600000,106600000,92,153,106610000,37360
0,10661,106610000,106610000,92,153,106620000,37362
0,10662,106620000,106620000,92,153,106630000,37368
0,10663,106630000,106630000,92,153,106640000,37370
0,10664,106640000,106640000,92,153,106650000,37373
0,10665,106650000,106650000,92,153,106660000,37377
0,10666,106660000,106660000,92,153,106670000,37381
0,10667,106670000,106670000,92,153,106680000,37383
0,10668,106680000,106680000,92,153,106690000,37390
0,10669,106690000,106690000,92,153,106700000,37392
0,1067,10670000,10670000,92,153,10680000,3735
0,10670,106700000,106700000,92,153,106710000,37395
0,10671,106710000,106710000,92,153,106720000,37397
0,10672,106720000,106720000,92,153,106730000,37402
0,10673,106730000,106730000,92,153,106740000,37403
0,10674,106740000,106740000,92,153,106750000,37410
0,10675,106750000,106750000,92,153,106760000,37413
0,10676,106760000,106760000,92,153,106770000,37417
0,10677,106770000,106770000,92,153,106780000,37419
0,10678,106780000,106780000,92,153,106790000,37423
0,10679,106790000,106790000,92,153,106800000,37424
0,1068,10680000,10680000,92,153,10690000,3741
0,10680,106800000,106800000,92,153,106810000,37431
0,10681,106810000,106810000,92,153,106820000,37433
0,10682,106820000,106820000,92,153,106830000,37437
0,10683,106830000,106830000,92,153,106840000,37440
0,10684,106840000,106840000,92,153,106850000,37445
0,10685,106850000,106850000,92,153,106860000,37446
0,10686,106860000,106860000,92,153,106870000,37452
0,10687,106870000,106870000,92,153,106880000,37455
0,10688,106880000,106880000,92,153,106890000,37458
0,10689,106890000,106890000,92,153,106900000,37461
0,1069,10690000,10690000,92,153,10700000,3743
0,10690,106900000,106900000,92,153,106910000,37465
0,10691,106910000,106910000,92,153,106920000,37466
0,10692,106920000,106920000,92,153,106930000,37473
0,10693,106930000,106930000,92,153,106940000,37476
0,10694,106940000,106940000,92,153,106950000,37479
0,10695,106950000,106950000,92,153,106960000,37482
0,10696,106960000,106960000,92,153,106970000,37487
0,10697,106970000,106970000,92,153,106980000,37488
0,10698,106980000,106980000,92,153,106990000,37494
0,10699,106990000,106990000,92,153,107000000,37496
0,107,1070000,1070000,92,153,1080000,370
0,1070,10700000,10700000,92,153,10710000,3746
0,10700,107000000,107000000,92,153,107010000,37499
0,10701,107010000,107010000,92,153,107020000,37503
0,10702,107020000,107020000,92,153,107030000,37508
0,10703,107030000,107030000,92,153,107040000,37510
0,10704,107040000,107040000,92,153,107050000,37516
0,10705,107050000,107050000,92,153,107060000,37518
0,10706,107060000,107060000,92,153,107070000,37521
0,10707,107070000,107070000,92,153,107080000,37523
0,10708,107080000,107080000,92,153,107090000,37527
0,10709,107090000,107090000,92,153,107100000,37528
0,1071,10710000,10710000,92,153,10720000,3751
0,1072,10720000,10720000,92,153,10730000,3756
0,1073,10730000,10730000,92,153,10740000,3757
0,1074,10740000,10740000,92,153,10750000,3763
0,1075,10750000,10750000,92,153,10760000,3765
0,1076,10760000,10760000,92,153,10770000,3768
0,1077,10770000,10770000,92,153,10780000,3770
0,1078,10780000,10780000,92,153,10790000,3775
0,1079,10790000,10790000,92,153,10800000,3777
0,108,1080000,1080000,92,153,1090000,377
0,1080,10800000,10800000,92,153,10810000,3785
0,1081,10810000,10810000,92,153,10820000,3787
0,1082,10820000,10820000,92,153,10830000,3790
0,1083,10830000,10830000,92,153,10840000,3792
0,1084,10840000,10840000,92,153,10850000,3796
0,1085,10850000,10850000,92,153,10860000,3798
0,1086,10860000,10860000,92,153,10870000,3804
0,1087,10870000,10870000,92,153,10880000,3807
0,1088,10880000,10880000,92,153,10890000,3811
0,1089,10890000,10890000,92,153,10900000,3814
0,109,1090000,1090000,92,153,1100000,379
0,1090,10900000,10900000,92,153,10910000,3818
0,1091,10910000,10910000,92,153,10920000,3819
0,1092,10920000,10920000,92,153,10930000,3826
0,1093,10930000,10930000,92,153,10940000,3828
0,1094,10940000,10940000,92,153,10950000,3831
0,1095,10950000,10950000,92,153,10960000,3834
0,1096,10960000,10960000,92,153,10970000,3839
0,1097,10970000,10970000,92,153,10980000,3840
0,1098,10980000,10980000,92,153,10990000,3847
0,1099,10990000,10990000,92,153,11000000,3850
0,11,110000,110000,92,153,120000,34
0,110,1100000,1100000,92,153,1110000,383
0,1100,11000000,11000000,92,153,11010000,3853
0,1101,11010000,11010000,92,153,11020000,3855
0,1102,11020000,11020000,92,153,11030000,3860
0,1103,11030000,11030000,92,153,11040000,3861
0,1104,11040000,11040000,92,153,11050000,3867
0,1105,11050000,11050000,92,153,11060000,3870
0,1106,11060000,11060000,92,153,11070000,3874
0,1107,11070000,11070000,92,153,11080000,3877
0,1108,11080000,11080000,92,153,11090000,3881
0,1109,11090000,11090000,92,153,11100000,3882
0,111,1110000,1110000,92,153,1120000,385
0,1110,11100000,11100000,92,153,11110000,3889
0,1111,11110000,11110000,92,153,11120000,3891
0,1112,11120000,11120000,92,153,11130000,3894
0,1113,11130000,11130000,92,153,11140000,3898
0,1114,11140000,11140000,92,153,11150000,3902
0,1115,11150000,11150000,92,153,11160000,3903
0,1116,11160000,11160000,92,153,11170000,3910
0,1117,11170000,11170000,92,153,11180000,3913
0,1118,11180000,11180000,92,153,11190000,3916
0,1119,11190000,11190000,92,153,11200000,3918
0,112,1120000,1120000,92,153,1130000,391
0,1120,11200000,11200000,92,153,11210000,3923
0,1121,11210000,11210000,92,153,11220000,3924
0,1122,11220000,11220000,92,153,11230000,3931
0,1123,11230000,11230000,92,153,11240000,3933
0,1124,11240000,11240000,92,153,11250000,3936
0,1125,11250000,11250000,92,153,11260000,3940
0,1126,11260000,11260000,92,153,11270000,3944
0,1127,11270000,11270000,92,153,11280000,3946
0,1128,11280000,11280000,92,153,11290000,3952
0,1129,11290000,11290000,92,153,11300000,3954
0,113,1130000,1130000,92,153,1140000,392
0,1130,11300000,11300000,92,153,11310000,3958
0,1131,11310000,11310000,92,153,11320000,3960
0,1132,11320000,11320000,92,153,11330000,3965
0,1133,11330000,11330000,92,153,11340000,3966
0,1134,11340000,11340000,92,153,11350000,3974
0,1135,11350000,11350000,92,153,11360000,3976
0,1136,11360000,11360000,92,153,11370000,3979
0,1137,11370000,11370000,92,153,11380000,3981
0,1138,11380000,11380000,92,153,11390000,3985
0,1139,11390000,11390000,92,153,11400000,3987
0,114,1140000,1140000,92,153,1150000,398
0,1140,11400000,11400000,92,153,11410000,3994
0,1141,11410000,11410000,92,153,11420000,3997
0,1142,11420000,11420000,92,153,11430000,4000
0,1143,11430000,11430000,92,153,11440000,4003
0,1144,11440000,11440000,92,153,11450000,4007
0,1145,11450000,11450000,92,153,11460000,4008
0,1146,11460000,11460000,92,153,11470000,4014
0,1147,11470000,11470000,92,153,11480000,4018
0,1148,11480000,11480000,92,153,11490000,4022
0,1149,11490000,11490000,92,153,11500000,4024
0,115,1150000,1150000,92,153,1160000,400
0,1150,11500000,11500000,92,153,11510000,4028
0,1151,11510000,11510000,92,153,11520000,4029
0,1152,11520000,11520000,92,153,11530000,4036
0,1153,11530000,11530000,92,153,11540000,4038
0,1154,11540000,11540000,92,153,11550000,4041
0,1155,11550000,11550000,92,153,11560000,4045
0,1156,11560000,11560000,92,153,11570000,4050
0,1157,11570000,11570000,92,153,11580000,4051
0,1158,11580000,11580000,92,153,11590000,4057
0,1159,11590000,11590000,92,153,11600000,4059
0,116,1160000,1160000,92,153,1170000,403
0,1160,11600000,11600000,92,153,11610000,4062
0,1161,11610000,11610000,92,153,11620000,4065
0,1162,11620000,11620000,92,153,11630000,4071
0,1163,11630000,11630000,92,153,11640000,4072
0,1164,11640000,11640000,92,153,11650000,4079
0,1165,11650000,11650000,92,153,11660000,4081
0,1166,11660000,11660000,92,153,11670000,4084
0,1167,11670000,11670000,92,153,11680000,4086
0,1168,11680000,11680000,92,153,11690000,4090
0,1169,11690000,11690000,92,153,11700000,4092
0,117,1170000,1170000,92,153,1180000,406
0,1170,11700000,11700000,92,153,11710000,4100
0,1171,11710000,11710000,92,153,11720000,4102
0,1172,11720000,11720000,92,153,11730000,4105
0,1173,11730000,11730000,92,153,11740000,4108
0,1174,11740000,11740000,92,153,11750000,4112
0,1175,11750000,11750000,92,153,11760000,4113
0,1176,11760000,11760000,92,153,11770000,4120
0,1177,11770000,11770000,92,153,11780000,4123
0,1178,11780000,11780000,92,153,11790000,4126
0,1179,11790000,11790000,92,153,11800000,4129
0,118,1180000,1180000,92,153,1190000,410
0,1180,11800000,11800000,92,153,11810000,4133
0,1181,11810000,11810000,92,153,11820000,4135
0,1182,11820000,11820000,92,153,11830000,4141
0,1183,11830000,11830000,92,153,11840000,4144
0,1184,11840000,11840000,92,153,11850000,4147
0,1185,11850000,11850000,92,153,11860000,4150
0,1186,11860000,11860000,92,153,11870000,4154
0,1187,11870000,11870000,92,153,11880000,4155
0,1188,11880000,11880000,92,153,11890000,4162
0,1189,11890000,11890000,92,153,11900000,4164
0,119,1190000,1190000,92,153,1200000,413
0,1190,11900000,11900000,92,153,11910000,4169
0,1191,11910000,11910000,92,153,11920000,4171
0,1192,11920000,11920000,92,153,11930000,4176
0,1193,11930000,11930000,92,153,11940000,4177
0,1194,11940000,11940000,92,153,11950000,4183
0,1195,11950000,11950000,92,153,11960000,4185
0,1196,11960000,11960000,92,153,11970000,4188
0,1197,11970000,11970000,92,153,11980000,4192
0,1198,11980000,11980000,92,153,11990000,4197
0,1199,11990000,11990000,92,153,12000000,4198
0,12,120000,120000,92,153,130000,40
0,120,1200000,1200000,92,153,1210000,420
0,1200,12000000,12000000,92,153,12010000,4205
0,1201,12010000,12010000,92,153,12020000,4207
0,1202,12020000,12020000,92,153,12030000,4210
0,1203,12030000,12030000,92,153,12040000,4212
0,1204,12040000,12040000,92,153,12050000,4217
0,1205,12050000,12050000,92,153,12060000,4218
0,1206,12060000,12060000,92,153,12070000,4225
0,1207,12070000,12070000,92,153,12080000,4229
0,1208,12080000,12080000,92,153,12090000,4232
0,1209,12090000,12090000,92,153,12100000,4234
0,121,1210000,1210000,92,153,1220000,422
0,1210,12100000,12100000,92,153,12110000,4238
0,1211,12110000,12110000,92,153,12120000,4240
0,1212,12120000,12120000,92,153,12130000,4246
0,1213,12130000,12130000,92,153,12140000,4248
0,1214,12140000,12140000,92,153,12150000,4251
0,1215,12150000,12150000,92,153,12160000,4256
0,1216,12160000,12160000,92,153,12170000,4260
0,1217,12170000,12170000,92,153,12180000,4261
0,1218,12180000,12180000,92,153,12190000,4268
0,1219,12190000,12190000,92,153,12200000,4270
0,122,1220000,1220000,92,153,1230000,425
0,1220,12200000,12200000,92,153,12210000,4273
0,1221,12210000,12210000,92,153,12220000,4275
0,1222,12220000,12220000,92,153,12230000,4280
0,1223,12230000,12230000,92,153,12240000,4281
0,1224,12240000,12240000,92,153,12250000,4289
0,1225,12250000,12250000,92,153,12260000,4292
0,1226,12260000,12260000,92,153,12270000,4295
0,1227,12270000,12270000,92,153,12280000,4297
0,1228,12280000,12280000,92,153,12290000,4301
0,1229,12290000,12290000,92,153,12300000,4302
0,123,1230000,1230000,92,153,1240000,427
0,1230,12300000,12300000,92,153,12310000,4309
0,1231,12310000,12310000,92,153,12320000,4311
0,1232,12320000,12320000,92,153,12330000,4316
0,1233,12330000,12330000,92,153,12340000,4319
0,1234,12340000,12340000,92,153,12350000,4323
0,1235,12350000,12350000,92,153,12360000,4324
0,1236,12360000,12360000,92,153,12370000,4330
0,1237,12370000,12370000,92,153,12380000,4333
0,1238,12380000,12380000,92,153,12390000,4336
0,1239,12390000,12390000,92,153,12400000,4339
0,124,1240000,1240000,92,153,1250000,431
0,1240,12400000,12400000,92,153,12410000,4343
0,1241,12410000,12410000,92,153,12420000,4345
0,1242,12420000,12420000,92,153,12430000,4352
0,1243,12430000,12430000,92,153,12440000,4354
0,1244,12440000,12440000,92,153,12450000,4357
0,1245,12450000,12450000,92,153,12460000,4360
0,1246,12460000,12460000,92,153,12470000,4365
0,1247,12470000,12470000,92,153,12480000,4366
0,1248,12480000,12480000,92,153,12490000,4372
0,1249,12490000,12490000,92,153,12500000,4375
0,125,1250000,1250000,92,153,1260000,432
0,1250,12500000,12500000,92,153,12510000,4378
0,1251,12510000,12510000,92,153,12520000,4381
0,1252,12520000,12520000,92,153,12530000,4386
0,1253,12530000,12530000,92,153,12540000,4388
0,1254,12540000,12540000,92,153,12550000,4394
0,1255,12550000,12550000,92,153,12560000,4396
0,1256,12560000,12560000,92,153,12570000,4399
0,1257,12570000,12570000,92,153,12580000,4401
0,1258,12580000,12580000,92,153,12590000,4406
0,1259,12590000,12590000,92,153,12600000,4407
0,126,1260000,1260000,92,153,1270000,440
0,1260,12600000,12600000,92,153,12610000,4416
0,1261,12610000,12610000,92,153,12620000,4418
0,1262,12620000,12620000,92,153,12630000,4421
0,1263,12630000,12630000,92,153,12640000,4423
0,1264,12640000,12640000,92,153,12650000,4427
0,1265,12650000,12650000,92,153,12660000,4428
0,1266,12660000,12660000,92,153,12670000,4435
0,1267,12670000,12670000,92,153,12680000,4439
0,1268,12680000,12680000,92,153,12690000,4442
0,1269,12690000,12690000,92,153,12700000,4445
0,127,1270000,1270000,92,153,1280000,444
0,1270,12700000,12700000,92,153,12710000,4449
0,1271,12710000,12710000,92,153,12720000,4450
0,1272,12720000,12720000,92,153,12730000,4456
0,1273,12730000,12730000,92,153,12740000,4458
0,1274,12740000,12740000,92,153,12750000,4462
0,1275,12750000,12750000,92,153,12760000,4466
0,1276,12760000,12760000,92,153,12770000,4470
0,1277,12770000,12770000,92,153,12780000,4471
0,1278,12780000,12780000,92,153,12790000,4478
0,1279,12790000,12790000,92,153,12800000,4480
0,128,1280000,1280000,92,153,1290000,447
0,1280,12800000,12800000,92,153,12810000,4483
0,1281,12810000,12810000,92,153,12820000,4486
0,1282,12820000,12820000,92,153,12830000,4491
0,1283,12830000,12830000,92,153,12840000,4493
0,1284,12840000,12840000,92,153,12850000,4499
0,1285,12850000,12850000,92,153,12860000,4501
0,1286,12860000,12860000,92,153,12870000,4504
0,1287,12870000,12870000,92,153,12880000,4507
0,1288,12880000,12880000,92,153,12890000,4512
0,1289,12890000,12890000,92,153,12900000,4513
0,129,1290000,1290000,92,153,1300000,449
0,1290,12900000,12900000,92,153,12910000,4520
0,1291,12910000,12910000,92,153,12920000,4522
0,1292,12920000,12920000,92,153,12930000,4526
0,1293,12930000,12930000,92,153,12940000,4528
0,1294,12940000,12940000,92,153,12950000,4532
0,1295,12950000,12950000,92,153,12960000,4534
0,1296,12960000,12960000,92,153,12970000,4541
0,1297,12970000,12970000,92,153,12980000,4544
0,1298,12980000,12980000,92,153,12990000,4547
0,1299,12990000,12990000,92,153,13000000,4549
0,13,130000,130000,92,153,140000,42
0,130,1300000,1300000,92,153,1310000,453
0,1300,13000000,13000000,92,153,13010000,4554
0,1301,13010000,13010000,92,153,13020000,4555
0,1302,13020000,13020000,92,153,13030000,4562
0,1303,13030000,13030000,92,153,13040000,4564
0,1304,13040000,13040000,92,153,13050000,4567
0,1305,13050000,13050000,92,153,13060000,4571
0,1306,13060000,13060000,92,153,13070000,4575
0,1307,13070000,13070000,92,153,13080000,4576
0,1308,13080000,13080000,92,153,13090000,4582
0,1309,13090000,13090000,92,153,13100000,4586
0,131,1310000,1310000,92,153,1320000,454
0,1310,13100000,13100000,92,153,13110000,4589
0,1311,13110000,13110000,92,153,13120000,4591
0,1312,13120000,13120000,92,153,13130000,4596
0,1313,13130000,13130000,92,153,13140000,4597
0,1314,13140000,13140000,92,153,13150000,4604
0,1315,13150000,13150000,92,153,13160000,4606
0,1316,13160000,13160000,92,153,13170000,4610
0,1317,13170000,13170000,92,153,13180000,4613
0,1318,13180000,13180000,92,153,13190000,4617
0,1319,13190000,13190000,92,153,13200000,4618
0,132,1320000,1320000,92,153,1330000,460
0,1320,13200000,13200000,92,153,13210000,4625
0,1321,13210000,13210000,92,153,13220000,4627
0,1322,13220000,13220000,92,153,13230000,4630
0,1323,13230000,13230000,92,153,13240000,4634
0,1324,13240000,13240000,92,153,13250000,4638
0,1325,13250000,13250000,92,153,13260000,4639
0,1326,13260000,13260000,92,153,13270000,4646
0,1327,13270000,13270000,92,153,13280000,4649
0,1328,13280000,13280000,92,153,13290000,4652
0,1329,13290000,13290000,92,153,13300000,4654
0,133,1330000,1330000,92,153,1340000,463
0,1330,13300000,13300000,92,153,13310000,4659
0,1331,13310000,13310000,92,153,13320000,4660
0,1332,13320000,13320000,92,153,13330000,4667
0,1333,13330000,13330000,92,153,13340000,4669
0,1334,13340000,13340000,92,153,13350000,4673
0,1335,13350000,13350000,92,153,13360000,4676
0,1336,13360000,13360000,92,153,13370000,4680
0,1337,13370000,13370000,92,153,13380000,4682
0,1338,13380000,13380000,92,153,13390000,4688
0,1339,13390000,13390000,92,153,13400000,4690
0,134,1340000,1340000,92,153,1350000,466
0,1340,13400000,13400000,92,153,13410000,4693
0,1341,13410000,13410000,92,153,13420000,4696
0,1342,13420000,13420000,92,153,13430000,4701
0,1343,13430000,13430000,92,153,13440000,4703
0,1344,13440000,13440000,92,153,13450000,4710
0,1345,13450000,13450000,92,153,13460000,4712
0,1346,13460000,13460000,92,153,13470000,4715
0,1347,13470000,13470000,92,153,13480000,4717
0,1348,13480000,13480000,92,153,13490000,4721
0,1349,13490000,13490000,92,153,13500000,4722
0,135,1350000,1350000,92,153,1360000,470
0,1350,13500000,13500000,92,153,13510000,4730
0,1351,13510000,13510000,92,153,13520000,4734
0,1352,13520000,13520000,92,153,13530000,4737
0,1353,13530000,13530000,92,153,13540000,4739
0,1354,13540000,13540000,92,153,13550000,4743
0,1355,13550000,13550000,92,153,13560000,4744
0,1356,13560000,13560000,92,153,13570000,4750
0,1357,13570000,13570000,92,153,13580000,4753
0,1358,13580000,13580000,92,153,13590000,4757
0,1359,13590000,13590000,92,153,13600000,4760
0,136,1360000,1360000,92,153,1370000,475
0,1360,13600000,13600000,92,153,13610000,4765
0,1361,13610000,13610000,92,153,13620000,4766
0,1362,13620000,13620000,92,153,13630000,4772
0,1363,13630000,13630000,92,153,13640000,4774
0,1364,13640000,13640000,92,153,13650000,4777
0,1365,13650000,13650000,92,153,13660000,4781
0,1366,13660000,13660000,92,153,13670000,4785
0,1367,13670000,13670000,92,153,13680000,4786
0,1368,13680000,13680000,92,153,13690000,4794
0,1369,13690000,13690000,92,153,13700000,4796
0,137,1370000,1370000,92,153,1380000,476
0,1370,13700000,13700000,92,153,13710000,4799
0,1371,13710000,13710000,92,153,13720000,4801
0,1372,13720000,13720000,92,153,13730000,4807
0,1373,13730000,13730000,92,153,13740000,4808
0,1374,13740000,13740000,92,153,13750000,4814
0,1375,13750000,13750000,92,153,13760000,4816
0,1376,13760000,13760000,92,153,13770000,4819
0,1377,13770000,13770000,92,153,13780000,4823
0,1378,13780000,13780000,92,153,13790000,4827
0,1379,13790000,13790000,92,153,13800000,4829
0,138,1380000,1380000,92,153,1390000,482
0,1380,13800000,13800000,92,153,13810000,4836
0,1381,13810000,13810000,92,153,13820000,4838
0,1382,13820000,13820000,92,153,13830000,4841
0,1383,13830000,13830000,92,153,13840000,4843
0,1384,13840000,13840000,92,153,13850000,4847
0,1385,13850000,13850000,92,153,13860000,4849
0,1386,13860000,13860000,92,153,13870000,4857
0,1387,13870000,13870000,92,153,13880000,4860
0,1388,13880000,13880000,92,153,13890000,4863
0,1389,13890000,13890000,92,153,13900000,4865
0,139,1390000,1390000,92,153,1400000,484
0,1390,13900000,13900000,92,153,13910000,4869
0,1391,13910000,13910000,92,153,13920000,4870
0,1392,13920000,13920000,92,153,13930000,4876
0,1393,13930000,13930000,92,153,13940000,4879
0,1394,13940000,13940000,92,153,13950000,4883
0,1395,13950000,13950000,92,153,13960000,4887
0,1396,13960000,13960000,92,153,13970000,4891
0,1397,13970000,13970000,92,153,13980000,4892
0,1398,13980000,13980000,92,153,13990000,4898
0,1399,13990000,13990000,92,153,14000000,4900
0,14,140000,140000,92,153,150000,46
0,140,1400000,1400000,92,153,1410000,488
0,1400,14000000,14000000,92,153,14010000,4904
0,1401,14010000,14010000,92,153,14020000,4906
0,1402,14020000,14020000,92,153,14030000,4912
0,1403,14030000,14030000,92,153,14040000,4913
0,1404,14040000,14040000,92,153,14050000,4920
0,1405,14050000,14050000,92,153,14060000,4922
0,1406,14060000,14060000,92,153,14070000,4925
0,1407,14070000,14070000,92,153,14080000,4928
0,1408,14080000,14080000,92,153,14090000,4932
0,1409,14090000,14090000,92,153,14100000,4933
0,141,1410000,1410000,92,153,1420000,490
0,1410,14100000,14100000,92,153,14110000,4940
0,1411,14110000,14110000,92,153,14120000,4943
0,1412,14120000,14120000,92,153,14130000,4946
0,1413,14130000,14130000,92,153,14140000,4949
0,1414,14140000,14140000,92,153,14150000,4954
0,1415,14150000,14150000,92,153,14160000,4955
0,1416,14160000,14160000,92,153,14170000,4961
0,1417,14170000,14170000,92,153,14180000,4964
0,1418,14180000,14180000,92,153,14190000,4967
0,1419,14190000,14190000,92,153,14200000,4970
0,142,1420000,1420000,92,153,1430000,495
0,1420,14200000,14200000,92,153,14210000,4974
0,1421,14210000,14210000,92,153,14220000,4976
0,1422,14220000,14220000,92,153,14230000,4983
0,1423,14230000,14230000,92,153,14240000,4985
0,1424,14240000,14240000,92,153,14250000,4988
0,1425,14250000,14250000,92,153,14260000,4991
0,1426,14260000,14260000,92,153,14270000,4995
0,1427,14270000,14270000,92,153,14280000,4996
0,1428,14280000,14280000,92,153,14290000,5004
0,1429,14290000,14290000,92,153,14300000,5006
0,143,1430000,1430000,92,153,1440000,496
0,1430,14300000,14300000,92,153,14310000,5009
0,1431,14310000,14310000,92,153,14320000,5012
0,1432,14320000,14320000,92,153,14330000,5017
0,1433,14330000,14330000,92,153,14340000,5018
0,1434,14340000,14340000,92,153,14350000,5024
0,1435,14350000,14350000,92,153,14360000,5027
0,1436,14360000,14360000,92,153,14370000,5031
0,1437,14370000,14370000,92,153,14380000,5033
0,1438,14380000,14380000,92,153,14390000,5037
0,1439,14390000,14390000,92,153,14400000,5038
0,144,1440000,1440000,92,153,1450000,504
0,1440,14400000,14400000,92,153,14410000,5046
0,1441,14410000,14410000,92,153,14420000,5048
0,1442,14420000,14420000,92,153,14430000,5052
0,1443,14430000,14430000,92,153,14440000,5054
0,1444,14440000,14440000,92,153,14450000,5058
0,1445,14450000,14450000,92,153,14460000,5060
0,1446,14460000,14460000,92,153,14470000,5066
0,1447,14470000,14470000,92,153,14480000,5069
0,1448,14480000,14480000,92,153,14490000,5072
0,1449,14490000,14490000,92,153,14500000,5076
0,145,1450000,1450000,92,153,1460000,506
0,1450,14500000,14500000,92,153,14510000,5080
0,1451,14510000,14510000,92,153,14520000,5081
0,1452,14520000,14520000,92,153,14530000,5087
0,1453,14530000,14530000,92,153,14540000,5090
0,1454,14540000,14540000,92,153,14550000,5093
0,1455,14550000,14550000,92,153,14560000,5096
0,1456,14560000,14560000,92,153,14570000,5101
0,1457,14570000,14570000,92,153,14580000,5102
0,1458,14580000,14580000,92,153,14590000,5109
0,1459,14590000,14590000,92,153,14600000,5111
0,146,1460000,1460000,92,153,1470000,509
0,1460,14600000,14600000,92,153,14610000,5114
0,1461,14610000,14610000,92,153,14620000,5116
0,1462,14620000,14620000,92,153,14630000,5122
0,1463,14630000,14630000,92,153,14640000,5124
0,1464,14640000,14640000,92,153,14650000,5130
0,1465,14650000,14650000,92,153,14660000,5132
0,1466,14660000,14660000,92,153,14670000,5135
0,1467,14670000,14670000,92,153,14680000,5138
0,1468,14680000,14680000,92,153,14690000,5142
0,1469,14690000,14690000,92,153,14700000,5143
0,147,1470000,1470000,92,153,1480000,512
0,1470,14700000,14700000,92,153,14710000,5152
0,1471,14710000,14710000,92,153,14720000,5154
0,1472,14720000,14720000,92,153,14730000,5157
0,1473,14730000,14730000,92,153,14740000,5159
0,1474,14740000,14740000,92,153,14750000,5163
0,1475,14750000,14750000,92,153,14760000,5164
0,1476,14760000,14760000,92,153,14770000,5171
0,1477,14770000,14770000,92,153,14780000,5175
0,1478,14780000,14780000,92,153,14790000,5178
0,1479,14790000,14790000,92,153,14800000,5181
0,148,1480000,1480000,92,153,1490000,516
0,1480,14800000,14800000,92,153,14810000,5185
0,1481,14810000,14810000,92,153,14820000,5186
0,1482,14820000,14820000,92,153,14830000,5192
0,1483,14830000,14830000,92,153,14840000,5194
0,1484,14840000,14840000,92,153,14850000,5198
0,1485,14850000,14850000,92,153,14860000,5202
0,1486,14860000,14860000,92,153,14870000,5206
0,1487,14870000,14870000,92,153,14880000,5208
0,1488,14880000,14880000,92,153,14890000,5214
0,1489,14890000,14890000,92,153,14900000,5216
0,149,1490000,1490000,92,153,1500000,517
0,1490,14900000,14900000,92,153,14910000,5219
0,1491,14910000,14910000,92,153,14920000,5222
0,1492,14920000,14920000,92,153,14930000,5227
0,1493,14930000,14930000,92,153,14940000,5228
0,1494,14940000,14940000,92,153,14950000,5235
0,1495,14950000,14950000,92,153,14960000,5237
0,1496,14960000,14960000,92,153,14970000,5241
0,1497,14970000,14970000,92,153,14980000,5243
0,1498,14980000,14980000,92,153,14990000,5248
0,1499,14990000,14990000,92,153,15000000,5249
0,15,150000,150000,92,153,160000,49
0,150,1500000,1500000,92,153,1510000,524
0,1500,15000000,15000000,92,153,15010000,5256
0,1501,15010000,15010000,92,153,15020000,5258
0,1502,15020000,15020000,92,153,15030000,5261
0,1503,15030000,15030000,92,153,15040000,5264
0,1504,15040000,15040000,92,153,15050000,5269
0,1505,15050000,15050000,92,153,15060000,5271
0,1506,15060000,15060000,92,153,15070000,5277
0,1507,15070000,15070000,92,153,15080000,5280
0,1508,15080000,15080000,92,153,15090000,5283
0,1509,15090000,15090000,92,153,15100000,5285
0,151,1510000,1510000,92,153,1520000,526
0,1510,15100000,15100000,92,153,15110000,5289
0,1511,15110000,15110000,92,153,15120000,5290
0,1512,15120000,15120000,92,153,15130000,5298
0,1513,15130000,15130000,92,153,15140000,5301
0,1514,15140000,15140000,92,153,15150000,5304
0,1515,15150000,15150000,92,153,15160000,5307
0,1516,15160000,15160000,92,153,15170000,5311
0,1517,15170000,15170000,92,153,15180000,5312
0,1518,15180000,15180000,92,153,15190000,5318
0,1519,15190000,15190000,92,153,15200000,5321
0,152,1520000,1520000,92,153,1530000,529
0,1520,15200000,15200000,92,153,15210000,5324
0,1521,15210000,15210000,92,153,15220000,5328
0,1522,15220000,15220000,92,153,15230000,5333
0,1523,15230000,15230000,92,153,15240000,5334
0,1524,15240000,15240000,92,153,15250000,5340
0,1525,15250000,15250000,92,153,15260000,5342
0,1526,15260000,15260000,92,153,15270000,5346
0,1527,15270000,15270000,92,153,15280000,5348
0,1528,15280000,15280000,92,153,15290000,5352
0,1529,15290000,15290000,92,153,15300000,5353
0,153,1530000,1530000,92,153,1540000,533
0,1530,15300000,15300000,92,153,15310000,5362
0,1531,15310000,15310000,92,153,15320000,5364
0,1532,15320000,15320000,92,153,15330000,5367
0,1533,15330000,15330000,92,153,15340000,5370
0,1534,15340000,15340000,92,153,15350000,5374
0,1535,15350000,15350000,92,153,15360000,5375
0,1536,15360000,15360000,92,153,15370000,5381
0,1537,15370000,15370000,92,153,15380000,5384
0,1538,15380000,15380000,92,153,15390000,5388
0,1539,15390000,15390000,92,153,15400000,5391
0,154,1540000,1540000,92,153,1550000,538
0,1540,15400000,15400000,92,153,15410000,5396
0,1541,15410000,15410000,92,153,15420000,5397
0,1542,15420000,15420000,92,153,15430000,5403
0,1543,15430000,15430000,92,153,15440000,5405
0,1544,15440000,15440000,92,153,15450000,5408
0,1545,15450000,15450000,92,153,15460000,5411
0,1546,15460000,15460000,92,153,15470000,5415
0,1547,15470000,15470000,92,153,15480000,5418
0,1548,15480000,15480000,92,153,15490000,5425
0,1549,15490000,15490000,92,153,15500000,5427
0,155,1550000,1550000,92,153,1560000,539
0,1550,15500000,15500000,92,153,15510000,5430
0,1551,15510000,15510000,92,153,15520000,5432
0,1552,15520000,15520000,92,153,15530000,5437
0,1553,15530000,15530000,92,153,15540000,5438
0,1554,15540000,15540000,92,153,15550000,5445
0,1555,15550000,15550000,92,153,15560000,5448
0,1556,15560000,15560000,92,153,15570000,5451
0,1557,15570000,15570000,92,153,15580000,5454
0,1558,15580000,15580000,92,153,15590000,5458
0,1559,15590000,15590000,92,153,15600000,5459
0,156,1560000,1560000,92,153,1570000,545
0,1560,15600000,15600000,92,153,15610000,5466
0,1561,15610000,15610000,92,153,15620000,5469
0,1562,15620000,15620000,92,153,15630000,5472
0,1563,15630000,15630000,92,153,15640000,5474
0,1564,15640000,15640000,92,153,15650000,5479
0,1565,15650000,15650000,92,153,15660000,5480
0,1566,15660000,15660000,92,153,15670000,5487
0,1567,15670000,15670000,92,153,15680000,5490
0,1568,15680000,15680000,92,153,15690000,5494
0,1569,15690000,15690000,92,153,15700000,5496
0,157,1570000,1570000,92,153,1580000,548
0,1570,15700000,15700000,92,153,15710000,5500
0,1571,15710000,15710000,92,153,15720000,5501
0,1572,15720000,15720000,92,153,15730000,5508
0,1573,15730000,15730000,92,153,15740000,5510
0,1574,15740000,15740000,92,153,15750000,5513
0,1575,15750000,15750000,92,153,15760000,5518
0,1576,15760000,15760000,92,153,15770000,5522
0,1577,15770000,15770000,92,153,15780000,5523
0,1578,15780000,15780000,92,153,15790000,5529
0,1579,15790000,15790000,92,153,15800000,5531
0,158,1580000,1580000,92,153,1590000,551
0,1580,15800000,15800000,92,153,15810000,5534
0,1581,15810000,15810000,92,153,15820000,5537
0,1582,15820000,15820000,92,153,15830000,5543
0,1583,15830000,15830000,92,153,15840000,5544
0,1584,15840000,15840000,92,153,15850000,5551
0,1585,15850000,15850000,92,153,15860000,5553
0,1586,15860000,15860000,92,153,15870000,5556
0,1587,15870000,15870000,92,153,15880000,5558
0,1588,15880000,15880000,92,153,15890000,5562
0,1589,15890000,15890000,92,153,15900000,5565
0,159,1590000,1590000,92,153,1600000,553
0,1590,15900000,15900000,92,153,15910000,5572
0,1591,15910000,15910000,92,153,15920000,5574
0,1592,15920000,15920000,92,153,15930000,5577
0,1593,15930000,15930000,92,153,15940000,5580
0,1594,15940000,15940000,92,153,15950000,5584
0,1595,15950000,15950000,92,153,15960000,5585
0,1596,15960000,15960000,92,153,15970000,5592
0,1597,15970000,15970000,92,153,15980000,5595
0,1598,15980000,15980000,92,153,15990000,5599
0,1599,15990000,15990000,92,153,16000000,5601
0,16,160000,160000,92,153,170000,53
0,160,1600000,1600000,92,153,1610000,557
0,1600,16000000,16000000,92,153,16010000,5605
0,1601,16010000,16010000,92,153,16020000,5606
0,1602,16020000,16020000,92,153,16030000,5613
0,1603,16030000,16030000,92,153,16040000,5616
0,1604,16040000,16040000,92,153,16050000,5619
0,1605,16050000,16050000,92,153,16060000,5622
0,1606,16060000,16060000,92,153,16070000,5627
0,1607,16070000,16070000,92,153,16080000,5628
0,1608,16080000,16080000,92,153,16090000,5634
0,1609,16090000,16090000,92,153,16100000,5636
0,161,1610000,1610000,92,153,1620000,560
0,1610,16100000,16100000,92,153,16110000,5640
0,1611,16110000,16110000,92,153,16120000,5643
0,1612,16120000,16120000,92,153,16130000,5648
0,1613,16130000,16130000,92,153,16140000,5649
0,1614,16140000,16140000,92,153,16150000,5655
0,1615,16150000,16150000,92,153,16160000,5658
0,1616,16160000,16160000,92,153,16170000,5661
0,1617,16170000,16170000,92,153,16180000,5664
0,1618,16180000,16180000,92,153,16190000,5668
0,1619,16190000,16190000,92,153,16200000,5669
0,162,1620000,1620000,92,153,1630000,567
0,1620,16200000,16200000,92,153,16210000,5677
0,1621,16210000,16210000,92,153,16220000,5679
0,1622,16220000,16220000,92,153,16230000,5682
0,1623,16230000,16230000,92,153,16240000,5685
0,1624,16240000,16240000,92,153,16250000,5690
0,1625,16250000,16250000,92,153,16260000,5691
0,1626,16260000,16260000,92,153,16270000,5697
0,1627,16270000,16270000,92,153,16280000,5700
0,1628,16280000,16280000,92,153,16290000,5703
0,1629,16290000,16290000,92,153,16300000,5706
0,163,1630000,1630000,92,153,1640000,569
0,1630,16300000,16300000,92,153,16310000,5710
0,1631,16310000,16310000,92,153,16320000,5712
0,1632,16320000,16320000,92,153,16330000,5719
0,1633,16330000,16330000,92,153,16340000,5721
0,1634,16340000,16340000,92,153,16350000,5724
0,1635,16350000,16350000,92,153,16360000,5727
0,1636,16360000,16360000,92,153,16370000,5731
0,1637,16370000,16370000,92,153,16380000,5732
0,1638,16380000,16380000,92,153,16390000,5740
0,1639,16390000,16390000,92,153,16400000,5742
0,164,1640000,1640000,92,153,1650000,572
0,1640,16400000,16400000,92,153,16410000,5746
0,1641,16410000,16410000,92,153,16420000,5748
0,1642,16420000,16420000,92,153,16430000,5753
0,1643,16430000,16430000,92,153,16440000,5754
0,1644,16440000,16440000,92,153,16450000,5760
0,1645,16450000,16450000,92,153,16460000,5763
0,1646,16460000,16460000,92,153,16470000,5766
0,1647,16470000,16470000,92,153,16480000,5769
0,1648,16480000,16480000,92,153,16490000,5773
0,1649,16490000,16490000,92,153,16500000,5775
0,165,1650000,1650000,92,153,1660000,575
0,1650,16500000,16500000,92,153,16510000,5782
0,1651,16510000,16510000,92,153,16520000,5784
0,1652,16520000,16520000,92,153,16530000,5788
0,1653,16530000,16530000,92,153,16540000,5790
0,1654,16540000,16540000,92,153,16550000,5794
0,1655,16550000,16550000,92,153,16560000,5795
0,1656,16560000,16560000,92,153,16570000,5802
0,1657,16570000,16570000,92,153,16580000,5806
0,1658,16580000,16580000,92,153,16590000,5809
0,1659,16590000,16590000,92,153,16600000,5812
0,166,1660000,1660000,92,153,1670000,579
0,1660,16600000,16600000,92,153,16610000,5816
0,1661,16610000,16610000,92,153,16620000,5817
0,1662,16620000,16620000,92,153,16630000,5823
0,1663,16630000,16630000,92,153,16640000,5825
0,1664,16640000,16640000,92,153,16650000,5828
0,1665,16650000,16650000,92,153,16660000,5832
0,1666,16660000,16660000,92,153,16670000,5838
0,1667,16670000,16670000,92,153,16680000,5839
0,1668,16680000,16680000,92,153,16690000,5845
0,1669,16690000,16690000,92,153,16700000,5847
0,167,1670000,1670000,92,153,1680000,580
0,1670,16700000,16700000,92,153,16710000,5850
0,1671,16710000,16710000,92,153,16720000,5852
0,1672,16720000,16720000,92,153,16730000,5857
0,1673,16730000,16730000,92,153,16740000,5859
0,1674,16740000,16740000,92,153,16750000,5867
0,1675,16750000,16750000,92,153,16760000,5869
0,1676,16760000,16760000,92,153,16770000,5872
0,1677,16770000,16770000,92,153,16780000,5874
0,1678,16780000,16780000,92,153,16790000,5878
0,1679,16790000,16790000,92,153,16800000,5879
0,168,1680000,1680000,92,153,1690000,587
0,1680,16800000,16800000,92,153,16810000,5887
0,1681,16810000,16810000,92,153,16820000,5889
0,1682,16820000,16820000,92,153,16830000,5892
0,1683,16830000,16830000,92,153,16840000,5896
0,1684,16840000,16840000,92,153,16850000,5900
0,1685,16850000,16850000,92,153,16860000,5901
0,1686,16860000,16860000,92,153,16870000,5907
0,1687,16870000,16870000,92,153,16880000,5911
0,1688,16880000,16880000,92,153,16890000,5914
0,1689,16890000,16890000,92,153,16900000,5916
0,169,1690000,1690000,92,153,1700000,589
0,1690,16900000,16900000,92,153,16910000,5920
0,1691,16910000,16910000,92,153,16920000,5922
0,1692,16920000,16920000,92,153,16930000,5929
0,1693,16930000,16930000,92,153,16940000,5931
0,1694,16940000,16940000,92,153,16950000,5935
0,1695,16950000,16950000,92,153,16960000,5938
0,1696,16960000,16960000,92,153,16970000,5942
0,1697,16970000,16970000,92,153,16980000,5943
0,1698,16980000,16980000,92,153,16990000,5949
0,1699,16990000,16990000,92,153,17000000,5951
0,17,170000,170000,92,153,180000,55
0,170,1700000,1700000,92,153,1710000,593
0,1700,17000000,17000000,92,153,17010000,5955
0,1701,17010000,17010000,92,153,17020000,5959
0,1702,17020000,17020000,92,153,17030000,5964
0,1703,17030000,17030000,92,153,17040000,5965
0,1704,17040000,17040000,92,153,17050000,5971
0,1705,17050000,17050000,92,153,17060000,5973
0,1706,17060000,17060000,92,153,17070000,5976
0,1707,17070000,17070000,92,153,17080000,5978
0,1708,17080000,17080000,92,153,17090000,5984
0,1709,17090000,17090000,92,153,17100000,5985
0,171,1710000,1710000,92,153,1720000,596
0,1710,17100000,17100000,92,153,17110000,5993
0,1711,17110000,17110000,92,153,17120000,5995
0,1712,17120000,17120000,92,153,17130000,5998
0,1713,17130000,17130000,92,153,17140000,6000
0,1714,17140000,17140000,92,153,17150000,6004
0,1715,17150000,17150000,92,153,17160000,6006
0,1716,17160000,17160000,92,153,17170000,6012
0,1717,17170000,17170000,92,153,17180000,6016
0,1718,17180000,17180000,92,153,17190000,6019
0,1719,17190000,17190000,92,153,17200000,6022
0,172,1720000,1720000,92,153,1730000,601
0,1720,17200000,17200000,92,153,17210000,6026
0,1721,17210000,17210000,92,153,17220000,6027
0,1722,17220000,17220000,92,153,17230000,6034
0,1723,17230000,17230000,92,153,17240000,6036
0,1724,17240000,17240000,92,153,17250000,6039
0,1725,17250000,17250000,92,153,17260000,6043
0,1726,17260000,17260000,92,153,17270000,6047
0,1727,17270000,17270000,92,153,17280000,6048
0,1728,17280000,17280000,92,153,17290000,6055
0,1729,17290000,17290000,92,153,17300000,6058
0,173,1730000,1730000,92,153,1740000,602
0,1730,17300000,17300000,92,153,17310000,6061
0,1731,17310000,17310000,92,153,17320000,6063
0,1732,17320000,17320000,92,153,17330000,6068
0,1733,17330000,17330000,92,153,17340000,6069
0,1734,17340000,17340000,92,153,17350000,6076
0,1735,17350000,17350000,92,153,17360000,6078
0,1736,17360000,17360000,92,153,17370000,6082
0,1737,17370000,17370000,92,153,17380000,6085
0,1738,17380000,17380000,92,153,17390000,6089
0,1739,17390000,17390000,92,153,17400000,6090
0,174,1740000,1740000,92,153,1750000,608
0,1740,17400000,17400000,92,153,17410000,6097
0,1741,17410000,17410000,92,153,17420000,6099
0,1742,17420000,17420000,92,153,17430000,6103
0,1743,17430000,17430000,92,153,17440000,6106
0,1744,17440000,17440000,92,153,17450000,6110
0,1745,17450000,17450000,92,153,17460000,6111
0,1746,17460000,17460000,92,153,17470000,6118
0,1747,17470000,17470000,92,153,17480000,6121
0,1748,17480000,17480000,92,153,17490000,6124
0,1749,17490000,17490000,92,153,17500000,6126
0,175,1750000,1750000,92,153,1760000,611
0,1750,17500000,17500000,92,153,17510000,6131
0,1751,17510000,17510000,92,153,17520000,6133
0,1752,17520000,17520000,92,153,17530000,6139
0,1753,17530000,17530000,92,153,17540000,6141
0,1754,17540000,17540000,92,153,17550000,6144
0,1755,17550000,17550000,92,153,17560000,6148
0,1756,17560000,17560000,92,153,17570000,6152
0,1757,17570000,17570000,92,153,17580000,6154
0,1758,17580000,17580000,92,153,17590000,6160
0,1759,17590000,17590000,92,153,17600000,6163
0,176,1760000,1760000,92,153,1770000,614
0,1760,17600000,17600000,92,153,17610000,6166
0,1761,17610000,17610000,92,153,17620000,6168
0,1762,17620000,17620000,92,153,17630000,6173
0,1763,17630000,17630000,92,153,17640000,6174
0,1764,17640000,17640000,92,153,17650000,6182
0,1765,17650000,17650000,92,153,17660000,6184
0,1766,17660000,17660000,92,153,17670000,6187
0,1767,17670000,17670000,92,153,17680000,6189
0,1768,17680000,17680000,92,153,17690000,6194
0,1769,17690000,17690000,92,153,17700000,6195
0,177,1770000,1770000,92,153,1780000,616
0,1770,17700000,17700000,92,153,17710000,6202
0,1771,17710000,17710000,92,153,17720000,6205
0,1772,17720000,17720000,92,153,17730000,6208
0,1773,17730000,17730000,92,153,17740000,6211
0,1774,17740000,17740000,92,153,17750000,6215
0,1775,17750000,17750000,92,153,17760000,6216
0,1776,17760000,17760000,92,153,17770000,6223
0,1777,17770000,17770000,92,153,17780000,6226
0,1778,17780000,17780000,92,153,17790000,6230
0,1779,17790000,17790000,92,153,17800000,6232
0,178,1780000,1780000,92,153,1790000,621
0,1780,17800000,17800000,92,153,17810000,6236
0,1781,17810000,17810000,92,153,17820000,6237
0,1782,17820000,17820000,92,153,17830000,6244
0,1783,17830000,17830000,92,153,17840000,6246
0,1784,17840000,17840000,92,153,17850000,6249
0,1785,17850000,17850000,92,153,17860000,6254
0,1786,17860000,17860000,92,153,17870000,6258
0,1787,17870000,17870000,92,153,17880000,6259
0,1788,17880000,17880000,92,153,17890000,6265
0,1789,17890000,17890000,92,153,17900000,6267
0,179,1790000,1790000,92,153,1800000,622
0,1790,17900000,17900000,92,153,17910000,6270
0,1791,17910000,17910000,92,153,17920000,6273
0,1792,17920000,17920000,92,153,17930000,6279
0,1793,17930000,17930000,92,153,17940000,6281
0,1794,17940000,17940000,92,153,17950000,6287
0,1795,17950000,17950000,92,153,17960000,6289
0,1796,17960000,17960000,92,153,17970000,6292
0,1797,17970000,17970000,92,153,17980000,6294
0,1798,17980000,17980000,92,153,17990000,6298
0,1799,17990000,17990000,92,153,18000000,6300
0,18,180000,180000,92,153,190000,62
0,180,1800000,1800000,92,153,1810000,630
0,1800,18000000,18000000,92,153,18010000,6308
0,1801,18010000,18010000,92,153,18020000,6310
0,1802,18020000,18020000,92,153,18030000,6314
0,1803,18030000,18030000,92,153,18040000,6316
0,1804,18040000,18040000,92,153,18050000,6320
0,1805,18050000,18050000,92,153,18060000,6321
0,1806,18060000,18060000,92,153,18070000,6328
0,1807,18070000,18070000,92,153,18080000,6331
0,1808,18080000,18080000,92,153,18090000,6334
0,1809,18090000,18090000,92,153,18100000,6337
0,181,1810000,1810000,92,153,1820000,632
0,1810,18100000,18100000,92,153,18110000,6342
0,1811,18110000,18110000,92,153,18120000,6343
0,1812,18120000,18120000,92,153,18130000,6349
0,1813,18130000,18130000,92,153,18140000,6352
0,1814,18140000,18140000,92,153,18150000,6355
0,1815,18150000,18150000,92,153,18160000,6358
0,1816,18160000,18160000,92,153,18170000,6362
0,1817,18170000,18170000,92,153,18180000,6363
0,1818,18180000,18180000,92,153,18190000,6370
0,1819,18190000,18190000,92,153,18200000,6373
0,182,1820000,1820000,92,153,1830000,636
0,1820,18200000,18200000,92,153,18210000,6377
0,1821,18210000,18210000,92,153,18220000,6379
0,1822,18220000,18220000,92,153,18230000,6384
0,1823,18230000,18230000,92,153,18240000,6385
0,1824,18240000,18240000,92,153,18250000,6391
0,1825,18250000,18250000,92,153,18260000,6393
0,1826,18260000,18260000,92,153,18270000,6396
0,1827,18270000,18270000,92,153,18280000,6401
0,1828,18280000,18280000,92,153,18290000,6405
0,1829,18290000,18290000,92,153,18300000,6406
0,183,1830000,1830000,92,153,1840000,638
0,1830,18300000,18300000,92,153,18310000,6413
0,1831,18310000,18310000,92,153,18320000,6415
0,1832,18320000,18320000,92,153,18330000,6418
0,1833,18330000,18330000,92,153,18340000,6420
0,1834,18340000,18340000,92,153,18350000,6425
0,1835,18350000,18350000,92,153,18360000,6426
0,1836,18360000,18360000,92,153,18370000,6434
0,1837,18370000,18370000,92,153,18380000,6437
0,1838,18380000,18380000,92,153,18390000,6440
0,1839,18390000,18390000,92,153,18400000,6442
0,184,1840000,1840000,92,153,1850000,642
0,1840,18400000,18400000,92,153,18410000,6446
0,1841,18410000,18410000,92,153,18420000,6448
0,1842,18420000,18420000,92,153,18430000,6454
0,1843,18430000,18430000,92,153,18440000,6456
0,1844,18440000,18440000,92,153,18450000,6460
0,1845,18450000,18450000,92,153,18460000,6464
0,1846,18460000,18460000,92,153,18470000,6468
0,1847,18470000,18470000,92,153,18480000,6469
0,1848,18480000,18480000,92,153,18490000,6476
0,1849,18490000,18490000,92,153,18500000,6478
0,185,1850000,1850000,92,153,1860000,643
0,1850,18500000,18500000,92,153,18510000,6481
0,1851,18510000,18510000,92,153,18520000,6483
0,1852,18520000,18520000,92,153,18530000,6488
0,1853,18530000,18530000,92,153,18540000,6490
0,1854,18540000,18540000,92,153,18550000,6497
0,1855,18550000,18550000,92,153,18560000,6500
0,1856,18560000,18560000,92,153,18570000,6503
0,1857,18570000,18570000,92,153,18580000,6505
0,1858,18580000,18580000,92,153,18590000,6509
0,1859,18590000,18590000,92,153,18600000,6510
0,186,1860000,1860000,92,153,1870000,649
0,1860,18600000,18600000,92,153,18610000,6517
0,1861,18610000,18610000,92,153,18620000,6520
0,1862,18620000,18620000,92,153,18630000,6524
0,1863,18630000,18630000,92,153,18640000,6527
0,1864,18640000,18640000,92,153,18650000,6531
0,1865,18650000,18650000,92,153,18660000,6532
0,1866,18660000,18660000,92,153,18670000,6538
0,1867,18670000,18670000,92,153,18680000,6541
0,1868,18680000,18680000,92,153,18690000,6544
0,1869,18690000,18690000,92,153,18700000,6547
0,187,1870000,1870000,92,153,1880000,653
0,1870,18700000,18700000,92,153,18710000,6552
0,1871,18710000,18710000,92,153,18720000,6553
0,1872,18720000,18720000,92,153,18730000,6560
0,1873,18730000,18730000,92,153,18740000,6562
0,1874,18740000,18740000,92,153,18750000,6565
0,1875,18750000,18750000,92,153,18760000,6568
0,1876,18760000,18760000,92,153,18770000,6573
0,1877,18770000,18770000,92,153,18780000,6574
0,1878,18780000,18780000,92,153,18790000,6581
0,1879,18790000,18790000,92,153,18800000,6583
0,188,1880000,1880000,92,153,1890000,656
0,1880,18800000,18800000,92,153,18810000,6586
0,1881,18810000,18810000,92,153,18820000,6589
0,1882,18820000,18820000,92,153,18830000,6594
0,1883,18830000,18830000,92,153,18840000,6596
0,1884,18840000,18840000,92,153,18850000,6602
0,1885,18850000,18850000,92,153,18860000,6604
0,1886,18860000,18860000,92,153,18870000,6607
0,1887,18870000,18870000,92,153,18880000,6610
0,1888,18880000,18880000,92,153,18890000,6614
0,1889,18890000,18890000,92,153,18900000,6615
0,189,1890000,1890000,92,153,1900000,660
0,1890,18900000,18900000,92,153,18910000,6624
0,1891,18910000,18910000,92,153,18920000,6626
0,1892,18920000,18920000,92,153,18930000,6629
0,1893,18930000,18930000,92,153,18940000,6631
0,1894,18940000,18940000,92,153,18950000,6635
0,1895,18950000,18950000,92,153,18960000,6637
0,1896,18960000,18960000,92,153,18970000,6643
0,1897,18970000,18970000,92,153,18980000,6647
0,1898,18980000,18980000,92,153,18990000,6650
0,1899,18990000,18990000,92,153,19000000,6653
0,19,190000,190000,92,153,200000,64
0,190,1900000,1900000,92,153,1910000,664
0,1900,19000000,19000000,92,153,19010000,6657
0,1901,19010000,19010000,92,153,19020000,6658
0,1902,19020000,19020000,92,153,19030000,6664
0,1903,19030000,19030000,92,153,19040000,6666
0,1904,19040000,19040000,92,153,19050000,6671
0,1905,19050000,19050000,92,153,19060000,6674
0,1906,19060000,19060000,92,153,19070000,6678
0,1907,19070000,19070000,92,153,19080000,6679
0,1908,19080000,19080000,92,153,19090000,6686
0,1909,19090000,19090000,92,153,19100000,6688
0,191,1910000,1910000,92,153,1920000,665
0,1910,19100000,19100000,92,153,19110000,6691
0,1911,19110000,19110000,92,153,19120000,6694
0,1912,19120000,19120000,92,153,19130000,6700
0,1913,19130000,19130000,92,153,19140000,6701
0,1914,19140000,19140000,92,153,19150000,6707
0,1915,19150000,19150000,92,153,19160000,6709
0,1916,19160000,19160000,92,153,19170000,6712
0,1917,19170000,19170000,92,153,19180000,6715
0,1918,19180000,19180000,92,153,19190000,6720
0,1919,19190000,19190000,92,153,19200000,6721
0,192,1920000,1920000,92,153,1930000,671
0,1920,19200000,19200000,92,153,19210000,6728
0,1921,19210000,19210000,92,153,19220000,6731
0,1922,19220000,19220000,92,153,19230000,6734
0,1923,19230000,19230000,92,153,19240000,6736
0,1924,19240000,19240000,92,153,19250000,6740
0,1925,19250000,19250000,92,153,19260000,6742
0,1926,19260000,19260000,92,153,19270000,6749
0,1927,19270000,19270000,92,153,19280000,6752
0,1928,19280000,19280000,92,153,19290000,6755
0,1929,19290000,19290000,92,153,19300000,6758
0,193,1930000,1930000,92,153,1940000,673
0,1930,19300000,19300000,92,153,19310000,6762
0,1931,19310000,19310000,92,153,19320000,6763
0,1932,19320000,19320000,92,153,19330000,6770
0,1933,19330000,19330000,92,153,19340000,6772
0,1934,19340000,19340000,92,153,19350000,6775
0,1935,19350000,19350000,92,153,19360000,6779
0,1936,19360000,19360000,92,153,19370000,6783
0,1937,19370000,19370000,92,153,19380000,6784
0,1938,19380000,19380000,92,153,19390000,6791
0,1939,19390000,19390000,92,153,19400000,6794
0,194,1940000,1940000,92,153,1950000,676
0,1940,19400000,19400000,92,153,19410000,6797
0,1941,19410000,19410000,92,153,19420000,6799
0,1942,19420000,19420000,92,153,19430000,6804
0,1943,19430000,19430000,92,153,19440000,6805
0,1944,19440000,19440000,92,153,19450000,6812
0,1945,19450000,19450000,92,153,19460000,6814
0,1946,19460000,19460000,92,153,19470000,6819
0,1947,19470000,19470000,92,153,19480000,6821
0,1948,19480000,19480000,92,153,19490000,6825
0,1949,19490000,19490000,92,153,19500000,6826
0,195,1950000,1950000,92,153,1960000,680
0,1950,19500000,19500000,92,153,19510000,6833
0,1951,19510000,19510000,92,153,19520000,6835
0,1952,19520000,19520000,92,153,19530000,6838
0,1953,19530000,19530000,92,153,19540000,6842
0,1954,19540000,19540000,92,153,19550000,6846
0,1955,19550000,19550000,92,153,19560000,6848
0,1956,19560000,19560000,92,153,19570000,6854
0,1957,19570000,19570000,92,153,19580000,6857
0,1958,19580000,19580000,92,153,19590000,6860
0,1959,19590000,19590000,92,153,19600000,6862
0,196,1960000,1960000,92,153,1970000,685
0,1960,19600000,19600000,92,153,19610000,6867
0,1961,19610000,19610000,92,153,19620000,6868
0,1962,19620000,19620000,92,153,19630000,6875
0,1963,19630000,19630000,92,153,19640000,6878
0,1964,19640000,19640000,92,153,19650000,6881
0,1965,19650000,19650000,92,153,19660000,6884
0,1966,19660000,19660000,92,153,19670000,6888
0,1967,19670000,19670000,92,153,19680000,6890
0,1968,19680000,19680000,92,153,19690000,6896
0,1969,19690000,19690000,92,153,19700000,6898
0,197,1970000,1970000,92,153,1980000,686
0,1970,19700000,19700000,92,153,19710000,6901
0,1971,19710000,19710000,92,153,19720000,6904
0,1972,19720000,19720000,92,153,19730000,6910
0,1973,19730000,19730000,92,153,19740000,6911
0,1974,19740000,19740000,92,153,19750000,6918
0,1975,19750000,19750000,92,153,19760000,6920
0,1976,19760000,19760000,92,153,19770000,6923
0,1977,19770000,19770000,92,153,19780000,6925
0,1978,19780000,19780000,92,153,19790000,6929
0,1979,19790000,19790000,92,153,19800000,6930
0,198,1980000,1980000,92,153,1990000,693
0,1980,19800000,19800000,92,153,19810000,6939
0,1981,19810000,19810000,92,153,19820000,6942
0,1982,19820000,19820000,92,153,19830000,6945
0,1983,19830000,19830000,92,153,19840000,6947
0,1984,19840000,19840000,92,153,19850000,6951
0,1985,19850000,19850000,92,153,19860000,6952
0,1986,19860000,19860000,92,153,19870000,6958
0,1987,19870000,19870000,92,153,19880000,6961
0,1988,19880000,19880000,92,153,19890000,6965
0,1989,19890000,19890000,92,153,19900000,6969
0,199,1990000,1990000,92,153,2000000,695
0,1990,19900000,19900000,92,153,19910000,6973
0,1991,19910000,19910000,92,153,19920000,6974
0,1992,19920000,19920000,92,153,19930000,6980
0,1993,19930000,19930000,92,153,19940000,6982
0,1994,19940000,19940000,92,153,19950000,6985
0,1995,19950000,19950000,92,153,19960000,6989
0,1996,19960000,19960000,92,153,19970000,6993
0,1997,19970000,19970000,92,153,19980000,6995
0,1998,19980000,19980000,92,153,19990000,7002
0,1999,19990000,19990000,92,153,20000000,7004
0,2,20000,20000,92,153,30000,5
0,20,200000,200000,92,153,210000,67
0,200,2000000,2000000,92,153,2010000,698
0,2000,20000000,20000000,92,153,20010000,7007
0,2001,20010000,20010000,92,153,20020000,7009
0,2002,20020000,20020000,92,153,20030000,7015
0,2003,20030000,20030000,92,153,20040000,7016
0,2004,20040000,20040000,92,153,20050000,7022
0,2005,20050000,20050000,92,153,20060000,7024
0,2006,20060000,20060000,92,153,20070000,7028
0,2007,20070000,20070000,92,153,20080000,7031
0,2008,20080000,20080000,92,153,20090000,7035
0,2009,20090000,20090000,92,153,20100000,7037
0,201,2010000,2010000,92,153,2020000,700
0,2010,20100000,20100000,92,153,20110000,7044
0,2011,20110000,20110000,92,153,20120000,7046
0,2012,20120000,20120000,92,153,20130000,7049
0,2013,20130000,20130000,92,153,20140000,7051
0,2014,20140000,20140000,92,153,20150000,7056
0,2015,20150000,20150000,92,153,20160000,7057
0,2016,20160000,20160000,92,153,20170000,7065
0,2017,20170000,20170000,92,153,20180000,7068
0,2018,20180000,20180000,92,153,20190000,7071
0,2019,20190000,20190000,92,153,20200000,7073
0,202,2020000,2020000,92,153,2030000,705
0,2020,20200000,20200000,92,153,20210000,7077
0,2021,20210000,20210000,92,153,20220000,7078
0,2022,20220000,20220000,92,153,20230000,7084
0,2023,20230000,20230000,92,153,20240000,7088
0,2024,20240000,20240000,92,153,20250000,7091
0,2025,20250000,20250000,92,153,20260000,7095
0,2026,20260000,20260000,92,153,20270000,7099
0,2027,20270000,20270000,92,153,20280000,7100
0,2028,20280000,20280000,92,153,20290000,7106
0,2029,20290000,20290000,92,153,20300000,7108
0,203,2030000,2030000,92,153,2040000,707
0,2030,20300000,20300000,92,153,20310000,7112
0,2031,20310000,20310000,92,153,20320000,7115
0,2032,20320000,20320000,92,153,20330000,7120
0,2033,20330000,20330000,92,153,20340000,7121
0,2034,20340000,20340000,92,153,20350000,7128
0,2035,20350000,20350000,92,153,20360000,7130
0,2036,20360000,20360000,92,153,20370000,7133
0,2037,20370000,20370000,92,153,20380000,7136
0,2038,20380000,20380000,92,153,20390000,7140
0,2039,20390000,20390000,92,153,20400000,7141
0,204,2040000,2040000,92,153,2050000,714
0,2040,20400000,20400000,92,153,20410000,7149
0,2041,20410000,20410000,92,153,20420000,7151
0,2042,20420000,20420000,92,153,20430000,7154
0,2043,20430000,20430000,92,153,20440000,7157
0,2044,20440000,20440000,92,153,20450000,7162
0,2045,20450000,20450000,92,153,20460000,7163
0,2046,20460000,20460000,92,153,20470000,7169
0,2047,20470000,20470000,92,153,20480000,7172
0,2048,20480000,20480000,92,153,20490000,7176
0,2049,20490000,20490000,92,153,20500000,7178
0,205,2050000,2050000,92,153,2060000,716
0,2050,20500000,20500000,92,153,20510000,7182
0,2051,20510000,20510000,92,153,20520000,7184
0,2052,20520000,20520000,92,153,20530000,7191
0,2053,20530000,20530000,92,153,20540000,7193
0,2054,20540000,20540000,92,153,20550000,7196
0,2055,20550000,20550000,92,153,20560000,7199
0,2056,20560000,20560000,92,153,20570000,7203
0,2057,20570000,20570000,92,153,20580000,7205
0,2058,20580000,20580000,92,153,20590000,7212
0,2059,20590000,20590000,92,153,20600000,7214
0,206,2060000,2060000,92,153,2070000,719
0,2060,20600000,20600000,92,153,20610000,7217
0,2061,20610000,20610000,92,153,20620000,7220
0,2062,20620000,20620000,92,153,20630000,7225
0,2063,20630000,20630000,92,153,20640000,7226
0,2064,20640000,20640000,92,153,20650000,7232
0,2065,20650000,20650000,92,153,20660000,7236
0,2066,20660000,20660000,92,153,20670000,7239
0,2067,20670000,20670000,92,153,20680000,7241
0,2068,20680000,20680000,92,153,20690000,7245
0,2069,20690000,20690000,92,153,20700000,7246
0,207,2070000,2070000,92,153,2080000,722
0,2070,20700000,20700000,92,153,20710000,7254
0,2071,20710000,20710000,92,153,20720000,7256
0,2072,20720000,20720000,92,153,20730000,7260
0,2073,20730000,20730000,92,153,20740000,7262
0,2074,20740000,20740000,92,153,20750000,7267
0,2075,20750000,20750000,92,153,20760000,7268
0,2076,20760000,20760000,92,153,20770000,7274
0,2077,20770000,20770000,92,153,20780000,7277
0,2078,20780000,20780000,92,153,20790000,7280
0,2079,20790000,20790000,92,153,20800000,7284
0,208,2080000,2080000,92,153,2090000,726
0,2080,20800000,20800000,92,153,20810000,7288
0,2081,20810000,20810000,92,153,20820000,7289
0,2082,20820000,20820000,92,153,20830000,7296
0,2083,20830000,20830000,92,153,20840000,7298
0,2084,20840000,20840000,92,153,20850000,7301
0,2085,20850000,20850000,92,153,20860000,7304
0,2086,20860000,20860000,92,153,20870000,7309
0,2087,20870000,20870000,92,153,20880000,7310
0,2088,20880000,20880000,92,153,20890000,7317
0,2089,20890000,20890000,92,153,20900000,7319
0,209,2090000,2090000,92,153,2100000,727
0,2090,20900000,20900000,92,153,20910000,7322
0,2091,20910000,20910000,92,153,20920000,7325
0,2092,20920000,20920000,92,153,20930000,7330
0,2093,20930000,20930000,92,153,20940000,7332
0,2094,20940000,20940000,92,153,20950000,7338
0,2095,20950000,20950000,92,153,20960000,7340
0,2096,20960000,20960000,92,153,20970000,7343
0,2097,20970000,20970000,92,153,20980000,7346
0,2098,20980000,20980000,92,153,20990000,7350
0,2099,20990000,20990000,92,153,21000000,7352
0,21,210000,210000,92,153,220000,70
0,210,2100000,2100000,92,153,2110000,735
0,2100,21000000,21000000,92,153,21010000,7360
0,2101,21010000,21010000,92,153,21020000,7362
0,2102,21020000,21020000,92,153,21030000,7365
0,2103,21030000,21030000,92,153,21040000,7367
0,2104,21040000,21040000,92,153,21050000,7371
0,2105,21050000,21050000,92,153,21060000,7372
0,2106,21060000,21060000,92,153,21070000,7379
0,2107,21070000,21070000,92,153,21080000,7383
0,2108,21080000,21080000,92,153,21090000,7387
0,2109,21090000,21090000,92,153,21100000,7389
0,211,2110000,2110000,92,153,2120000,737
0,2110,21100000,21100000,92,153,21110000,7393
0,2111,21110000,21110000,92,153,21120000,7394
0,2112,21120000,21120000,92,153,21130000,7400
0,2113,21130000,21130000,92,153,21140000,7402
0,2114,21140000,21140000,92,153,21150000,7406
0,2115,21150000,21150000,92,153,21160000,7410
0,2116,21160000,21160000,92,153,21170000,7415
0,2117,21170000,21170000,92,153,21180000,7416
0,2118,21180000,21180000,92,153,21190000,7422
0,2119,21190000,21190000,92,153,21200000,7424
0,212,2120000,2120000,92,153,2130000,741
0,2120,21200000,21200000,92,153,21210000,7427
0,2121,21210000,21210000,92,153,21220000,7430
0,2122,21220000,21220000,92,153,21230000,7435
0,2123,21230000,21230000,92,153,21240000,7436
0,2124,21240000,21240000,92,153,21250000,7443
0,2125,21250000,21250000,92,153,21260000,7446
0,2126,21260000,21260000,92,153,21270000,7449
0,2127,21270000,21270000,92,153,21280000,7451
0,2128,21280000,21280000,92,153,21290000,7456
0,2129,21290000,21290000,92,153,21300000,7457
0,213,2130000,2130000,92,153,2140000,743
0,2130,21300000,21300000,92,153,21310000,7464
0,2131,21310000,21310000,92,153,21320000,7466
0,2132,21320000,21320000,92,153,21330000,7469
0,2133,21330000,21330000,92,153,21340000,7473
0,2134,21340000,21340000,92,153,21350000,7477
0,2135,21350000,21350000,92,153,21360000,7479
0,2136,21360000,21360000,92,153,21370000,7485
0,2137,21370000,21370000,92,153,21380000,7488
0,2138,21380000,21380000,92,153,21390000,7491
0,2139,21390000,21390000,92,153,21400000,7493
0,214,2140000,2140000,92,153,2150000,747
0,2140,21400000,21400000,92,153,21410000,7497
0,2141,21410000,21410000,92,153,21420000,7498
0,2142,21420000,21420000,92,153,21430000,7507
0,2143,21430000,21430000,92,153,21440000,7509
0,2144,21440000,21440000,92,153,21450000,7512
0,2145,21450000,21450000,92,153,21460000,7515
0,2146,21460000,21460000,92,153,21470000,7519
0,2147,21470000,21470000,92,153,21480000,7520
0,2148,21480000,21480000,92,153,21490000,7526
0,2149,21490000,21490000,92,153,21500000,7529
0,215,2150000,2150000,92,153,2160000,748
0,2150,21500000,21500000,92,153,21510000,7533
0,2151,21510000,21510000,92,153,21520000,7536
0,2152,21520000,21520000,92,153,21530000,7541
0,2153,21530000,21530000,92,153,21540000,7542
0,2154,21540000,21540000,92,153,21550000,7548
0,2155,21550000,21550000,92,153,21560000,7550
0,2156,21560000,21560000,92,153,21570000,7554
0,2157,21570000,21570000,92,153,21580000,7556
0,2158,21580000,21580000,92,153,21590000,7560
0,2159,21590000,21590000,92,153,21600000,7562
0,216,2160000,2160000,92,153,2170000,755
0,2160,21600000,21600000,92,153,21610000,7570
0,2161,21610000,21610000,92,153,21620000,7572
0,2162,21620000,21620000,92,153,21630000,7575
0,2163,21630000,21630000,92,153,21640000,7578
0,2164,21640000,21640000,92,153,21650000,7582
0,2165,21650000,21650000,92,153,21660000,7583
0,2166,21660000,21660000,92,153,21670000,7589
0,2167,21670000,21670000,92,153,21680000,7593
0,2168,21680000,21680000,92,153,21690000,7596
0,2169,21690000,21690000,92,153,21700000,7599
0,217,2170000,2170000,92,153,2180000,759
0,2170,21700000,21700000,92,153,21710000,7604
0,2171,21710000,21710000,92,153,21720000,7605
0,2172,21720000,21720000,92,153,21730000,7611
0,2173,21730000,21730000,92,153,21740000,7613
0,2174,21740000,21740000,92,153,21750000,7616
0,2175,21750000,21750000,92,153,21760000,7619
0,2176,21760000,21760000,92,153,21770000,7624
0,2177,21770000,21770000,92,153,21780000,7626
0,2178,21780000,21780000,92,153,21790000,7633
0,2179,21790000,21790000,92,153,21800000,7635
0,218,2180000,2180000,92,153,2190000,762
0,2180,21800000,21800000,92,153,21810000,7638
0,2181,21810000,21810000,92,153,21820000,7640
0,2182,21820000,21820000,92,153,21830000,7645
0,2183,21830000,21830000,92,153,21840000,7646
0,2184,21840000,21840000,92,153,21850000,7654
0,2185,21850000,21850000,92,153,21860000,7656
0,2186,21860000,21860000,92,153,21870000,7659
0,2187,21870000,21870000,92,153,21880000,7662
0,2188,21880000,21880000,92,153,21890000,7666
0,2189,21890000,21890000,92,153,21900000,7667
0,219,2190000,2190000,92,153,2200000,764
0,2190,21900000,21900000,92,153,21910000,7674
0,2191,21910000,21910000,92,153,21920000,7677
0,2192,21920000,21920000,92,153,21930000,7680
0,2193,21930000,21930000,92,153,21940000,7683
0,2194,21940000,21940000,92,153,21950000,7687
0,2195,21950000,21950000,92,153,21960000,7688
0,2196,21960000,21960000,92,153,21970000,7695
0,2197,21970000,21970000,92,153,21980000,7698
0,2198,21980000,21980000,92,153,21990000,7702
0,2199,21990000,21990000,92,153,22000000,7704
0,22,220000,220000,92,153,230000,75
0,220,2200000,2200000,92,153,2210000,768
0,2200,22000000,22000000,92,153,22010000,7708
0,2201,22010000,22010000,92,153,22020000,7710
0,2202,22020000,22020000,92,153,22030000,7716
0,2203,22030000,22030000,92,153,22040000,7718
0,2204,22040000,22040000,92,153,22050000,7721
0,2205,22050000,22050000,92,153,22060000,7726
0,2206,22060000,22060000,92,153,22070000,7730
0,2207,22070000,22070000,92,153,22080000,7731
0,2208,22080000,22080000,92,153,22090000,7737
0,2209,22090000,22090000,92,153,22100000,7739
0,221,2210000,2210000,92,153,2220000,770
0,2210,22100000,22100000,92,153,22110000,7743
0,2211,22110000,22110000,92,153,22120000,7745
0,2212,22120000,22120000,92,153,22130000,7751
0,2213,22130000,22130000,92,153,22140000,7752
0,2214,22140000,22140000,92,153,22150000,7759
0,2215,22150000,22150000,92,153,22160000,7761
0,2216,22160000,22160000,92,153,22170000,7764
0,2217,22170000,22170000,92,153,22180000,7766
0,2218,22180000,22180000,92,153,22190000,7771
0,2219,22190000,22190000,92,153,22200000,7773
0,222,2220000,2220000,92,153,2230000,776
0,2220,22200000,22200000,92,153,22210000,7780
0,2221,22210000,22210000,92,153,22220000,7782
0,2222,22220000,22220000,92,153,22230000,7785
0,2223,22230000,22230000,92,153,22240000,7788
0,2224,22240000,22240000,92,153,22250000,7792
0,2225,22250000,22250000,92,153,22260000,7793
0,2226,22260000,22260000,92,153,22270000,7800
0,2227,22270000,22270000,92,153,22280000,7804
0,2228,22280000,22280000,92,153,22290000,7807
0,2229,22290000,22290000,92,153,22300000,7809
0,223,2230000,2230000,92,153,2240000,778
0,2230,22300000,22300000,92,153,22310000,7813
0,2231,22310000,22310000,92,153,22320000,7814
0,2232,22320000,22320000,92,153,22330000,7821
0,2233,22330000,22330000,92,153,22340000,7824
0,2234,22340000,22340000,92,153,22350000,7827
0,2235,22350000,22350000,92,153,22360000,7831
0,2236,22360000,22360000,92,153,22370000,7835
0,2237,22370000,22370000,92,153,22380000,7836
0,2238,22380000,22380000,92,153,22390000,7842
0,2239,22390000,22390000,92,153,22400000,7844
0,224,2240000,2240000,92,153,2250000,782
0,2240,22400000,22400000,92,153,22410000,7848
0,2241,22410000,22410000,92,153,22420000,7851
0,2242,22420000,22420000,92,153,22430000,7856
0,2243,22430000,22430000,92,153,22440000,7857
0,2244,22440000,22440000,92,153,22450000,7864
0,2245,22450000,22450000,92,153,22460000,7866
0,2246,22460000,22460000,92,153,22470000,7869
0,2247,22470000,22470000,92,153,22480000,7872
0,2248,22480000,22480000,92,153,22490000,7876
0,2249,22490000,22490000,92,153,22500000,7877
0,225,2250000,2250000,92,153,2260000,786
0,2250,22500000,22500000,92,153,22510000,7885
0,2251,22510000,22510000,92,153,22520000,7887
0,2252,22520000,22520000,92,153,22530000,7891
0,2253,22530000,22530000,92,153,22540000,7893
0,2254,22540000,22540000,92,153,22550000,7898
0,2255,22550000,22550000,92,153,22560000,7899
0,2256,22560000,22560000,92,153,22570000,7905
0,2257,22570000,22570000,92,153,22580000,7908
0,2258,22580000,22580000,92,153,22590000,7911
0,2259,22590000,22590000,92,153,22600000,7914
0,226,2260000,2260000,92,153,2270000,790
0,2260,22600000,22600000,92,153,22610000,7918
0,2261,22610000,22610000,92,153,22620000,7921
0,2262,22620000,22620000,92,153,22630000,7927
0,2263,22630000,22630000,92,153,22640000,7929
0,2264,22640000,22640000,92,153,22650000,7932
0,2265,22650000,22650000,92,153,22660000,7935
0,2266,22660000,22660000,92,153,22670000,7939
0,2267,22670000,22670000,92,153,22680000,7940
0,2268,22680000,22680000,92,153,22690000,7948
0,2269,22690000,22690000,92,153,22700000,7951
0,227,2270000,2270000,92,153,2280000,791
0,2270,22700000,22700000,92,153,22710000,7954
0,2271,22710000,22710000,92,153,22720000,7956
0,2272,22720000,22720000,92,153,22730000,7961
0,2273,22730000,22730000,92,153,22740000,7962
0,2274,22740000,22740000,92,153,22750000,7968
0,2275,22750000,22750000,92,153,22760000,7971
0,2276,22760000,22760000,92,153,22770000,7974
0,2277,22770000,22770000,92,153,22780000,7977
0,2278,22780000,22780000,92,153,22790000,7982
0,2279,22790000,22790000,92,153,22800000,7983
0,228,2280000,2280000,92,153,2290000,797
0,2280,22800000,22800000,92,153,22810000,7990
0,2281,22810000,22810000,92,153,22820000,7992
0,2282,22820000,22820000,92,153,22830000,7996
0,2283,22830000,22830000,92,153,22840000,7998
0,2284,22840000,22840000,92,153,22850000,8002
0,2285,22850000,22850000,92,153,22860000,8003
0,2286,22860000,22860000,92,153,22870000,8011
0,2287,22870000,22870000,92,153,22880000,8014
0,2288,22880000,22880000,92,153,22890000,8017
0,2289,22890000,22890000,92,153,22900000,8020
0,229,2290000,2290000,92,153,2300000,800
0,2290,22900000,22900000,92,153,22910000,8024
0,2291,22910000,22910000,92,153,22920000,8025
0,2292,22920000,22920000,92,153,22930000,8031
0,2293,22930000,22930000,92,153,22940000,8033
0,2294,22940000,22940000,92,153,22950000,8036
0,2295,22950000,22950000,92,153,22960000,8041
0,2296,22960000,22960000,92,153,22970000,8046
0,2297,22970000,22970000,92,153,22980000,8047
0,2298,22980000,22980000,92,153,22990000,8053
0,2299,22990000,22990000,92,153,23000000,8055
0,23,230000,230000,92,153,240000,76
0,230,2300000,2300000,92,153,2310000,803
0,2300,23000000,23000000,92,153,23010000,8058
0,2301,23010000,23010000,92,153,23020000,8060
0,2302,23020000,23020000,92,153,23030000,8065
0,2303,23030000,23030000,92,153,23040000,8068
0,2304,23040000,23040000,92,153,23050000,8075
0,2305,23050000,23050000,92,153,23060000,8077
0,2306,23060000,23060000,92,153,23070000,8080
0,2307,23070000,23070000,92,153,23080000,8082
0,2308,23080000,23080000,92,153,23090000,8086
0,2309,23090000,23090000,92,153,23100000,8087
0,231,2310000,2310000,92,153,2320000,806
0,2310,23100000,23100000,92,153,23110000,8095
0,2311,23110000,23110000,92,153,23120000,8097
0,2312,23120000,23120000,92,153,23130000,8101
0,2313,23130000,23130000,92,153,23140000,8104
0,2314,23140000,23140000,92,153,23150000,8108
0,2315,23150000,23150000,92,153,23160000,8109
0,2316,23160000,23160000,92,153,23170000,8115
0,2317,23170000,23170000,92,153,23180000,8119
0,2318,23180000,23180000,92,153,23190000,8122
0,2319,23190000,23190000,92,153,23200000,8124
0,232,2320000,2320000,92,153,2330000,811
0,2320,23200000,23200000,92,153,23210000,8129
0,2321,23210000,23210000,92,153,23220000,8130
0,2322,23220000,23220000,92,153,23230000,8137
0,2323,23230000,23230000,92,153,23240000,8139
0,2324,23240000,23240000,92,153,23250000,8143
0,2325,23250000,23250000,92,153,23260000,8146
0,2326,23260000,23260000,92,153,23270000,8150
0,2327,23270000,23270000,92,153,23280000,8151
0,2328,23280000,23280000,92,153,23290000,8157
0,2329,23290000,23290000,92,153,23300000,8160
0,233,2330000,2330000,92,153,2340000,812
0,2330,23300000,23300000,92,153,23310000,8163
0,2331,23310000,23310000,92,153,23320000,8167
0,2332,23320000,23320000,92,153,23330000,8172
0,2333,23330000,23330000,92,153,23340000,8173
0,2334,23340000,23340000,92,153,23350000,8179
0,2335,23350000,23350000,92,153,23360000,8181
0,2336,23360000,23360000,92,153,23370000,8184
0,2337,23370000,23370000,92,153,23380000,8187
0,2338,23380000,23380000,92,153,23390000,8192
0,2339,23390000,23390000,92,153,23400000,8193
0,234,2340000,2340000,92,153,2350000,819
0,2340,23400000,23400000,92,153,23410000,8201
0,2341,23410000,23410000,92,153,23420000,8203
0,2342,23420000,23420000,92,153,23430000,8206
0,2343,23430000,23430000,92,153,23440000,8208
0,2344,23440000,23440000,92,153,23450000,8212
0,2345,23450000,23450000,92,153,23460000,8214
0,2346,23460000,23460000,92,153,23470000,8221
0,2347,23470000,23470000,92,153,23480000,8224
0,2348,23480000,23480000,92,153,23490000,8227
0,2349,23490000,23490000,92,153,23500000,8230
0,235,2350000,2350000,92,153,2360000,821
0,2350,23500000,23500000,92,153,23510000,8234
0,2351,23510000,23510000,92,153,23520000,8235
0,2352,23520000,23520000,92,153,23530000,8242
0,2353,23530000,23530000,92,153,23540000,8244
0,2354,23540000,23540000,92,153,23550000,8248
0,2355,23550000,23550000,92,153,23560000,8251
0,2356,23560000,23560000,92,153,23570000,8255
0,2357,23570000,23570000,92,153,23580000,8256
0,2358,23580000,23580000,92,153,23590000,8263
0,2359,23590000,23590000,92,153,23600000,8266
0,236,2360000,2360000,92,153,2370000,824
0,2360,23600000,23600000,92,153,23610000,8269
0,2361,23610000,23610000,92,153,23620000,8271
0,2362,23620000,23620000,92,153,23630000,8276
0,2363,23630000,23630000,92,153,23640000,8278
0,2364,23640000,23640000,92,153,23650000,8284
0,2365,23650000,23650000,92,153,23660000,8286
0,2366,23660000,23660000,92,153,23670000,8290
0,2367,23670000,23670000,92,153,23680000,8293
0,2368,23680000,23680000,92,153,23690000,8297
0,2369,23690000,23690000,92,153,23700000,8298
0,237,2370000,2370000,92,153,2380000,826
0,2370,23700000,23700000,92,153,23710000,8305
0,2371,23710000,23710000,92,153,23720000,8308
0,2372,23720000,23720000,92,153,23730000,8311
0,2373,23730000,23730000,92,153,23740000,8314
0,2374,23740000,23740000,92,153,23750000,8318
0,2375,23750000,23750000,92,153,23760000,8319
0,2376,23760000,23760000,92,153,23770000,8326
0,2377,23770000,23770000,92,153,23780000,8329
0,2378,23780000,23780000,92,153,23790000,8332
0,2379,23790000,23790000,92,153,23800000,8334
0,238,2380000,2380000,92,153,2390000,832
0,2380,23800000,23800000,92,153,23810000,8340
0,2381,23810000,23810000,92,153,23820000,8341
0,2382,23820000,23820000,92,153,23830000,8347
0,2383,23830000,23830000,92,153,23840000,8349
0,2384,23840000,23840000,92,153,23850000,8352
0,2385,23850000,23850000,92,153,23860000,8356
0,2386,23860000,23860000,92,153,23870000,8360
0,2387,23870000,23870000,92,153,23880000,8362
0,2388,23880000,23880000,92,153,23890000,8369
0,2389,23890000,23890000,92,153,23900000,8371
0,239,2390000,2390000,92,153,2400000,833
0,2390,23900000,23900000,92,153,23910000,8374
0,2391,23910000,23910000,92,153,23920000,8376
0,2392,23920000,23920000,92,153,23930000,8381
0,2393,23930000,23930000,92,153,23940000,8382
0,2394,23940000,23940000,92,153,23950000,8390
0,2395,23950000,23950000,92,153,23960000,8392
0,2396,23960000,23960000,92,153,23970000,8395
0,2397,23970000,23970000,92,153,23980000,8398
0,2398,23980000,23980000,92,153,23990000,8402
0,2399,23990000,23990000,92,153,24000000,8403
0,24,240000,240000,92,153,250000,82
0,240,2400000,2400000,92,153,2410000,840
0,2400,24000000,24000000,92,153,24010000,8410
0,2401,24010000,24010000,92,153,24020000,8413
0,2402,24020000,24020000,92,153,24030000,8416
0,2403,24030000,24030000,92,153,24040000,8419
0,2404,24040000,24040000,92,153,24050000,8423
0,2405,24050000,24050000,92,153,24060000,8425
0,2406,24060000,24060000,92,153,24070000,8431
0,2407,24070000,24070000,92,153,24080000,8434
0,2408,24080000,24080000,92,153,24090000,8438
0,2409,24090000,24090000,92,153,24100000,8440
0,241,2410000,2410000,92,153,2420000,842
0,2410,24100000,24100000,92,153,24110000,8444
0,2411,24110000,24110000,92,153,24120000,8445
0,2412,24120000,24120000,92,153,24130000,8452
0,2413,24130000,24130000,92,153,24140000,8454
0,2414,24140000,24140000,92,153,24150000,8458
0,2415,24150000,24150000,92,153,24160000,8462
0,2416,24160000,24160000,92,153,24170000,8466
0,2417,24170000,24170000,92,153,24180000,8467
0,2418,24180000,24180000,92,153,24190000,8473
0,2419,24190000,24190000,92,153,24200000,8475
0,242,2420000,2420000,92,153,2430000,845
0,2420,24200000,24200000,92,153,24210000,8478
0,2421,24210000,24210000,92,153,24220000,8481
0,2422,24220000,24220000,92,153,24230000,8488
0,2423,24230000,24230000,92,153,24240000,8489
0,2424,24240000,24240000,92,153,24250000,8495
0,2425,24250000,24250000,92,153,24260000,8497
0,2426,24260000,24260000,92,153,24270000,8500
0,2427,24270000,24270000,92,153,24280000,8502
0,2428,24280000,24280000,92,153,24290000,8506
0,2429,24290000,24290000,92,153,24300000,8508
0,243,2430000,2430000,92,153,2440000,848
0,2430,24300000,24300000,92,153,24310000,8516
0,2431,24310000,24310000,92,153,24320000,8519
0,2432,24320000,24320000,92,153,24330000,8522
0,2433,24330000,24330000,92,153,24340000,8524
0,2434,24340000,24340000,92,153,24350000,8528
0,2435,24350000,24350000,92,153,24360000,8529
0,2436,24360000,24360000,92,153,24370000,8536
0,2437,24370000,24370000,92,153,24380000,8539
0,2438,24380000,24380000,92,153,24390000,8542
0,2439,24390000,24390000,92,153,24400000,8546
0,244,2440000,2440000,92,153,2450000,852
0,2440,24400000,24400000,92,153,24410000,8550
0,2441,24410000,24410000,92,153,24420000,8551
0,2442,24420000,24420000,92,153,24430000,8557
0,2443,24430000,24430000,92,153,24440000,8560
0,2444,24440000,24440000,92,153,24450000,8563
0,2445,24450000,24450000,92,153,24460000,8566
0,2446,24460000,24460000,92,153,24470000,8570
0,2447,24470000,24470000,92,153,24480000,8571
0,2448,24480000,24480000,92,153,24490000,8579
0,2449,24490000,24490000,92,153,24500000,8581
0,245,2450000,2450000,92,153,2460000,854
0,2450,24500000,24500000,92,153,24510000,8585
0,2451,24510000,24510000,92,153,24520000,8587
0,2452,24520000,24520000,92,153,24530000,8592
0,2453,24530000,24530000,92,153,24540000,8593
0,2454,24540000,24540000,92,153,24550000,8599
0,2455,24550000,24550000,92,153,24560000,8601
0,2456,24560000,24560000,92,153,24570000,8605
0,2457,24570000,24570000,92,153,24580000,8609
0,2458,24580000,24580000,92,153,24590000,8613
0,2459,24590000,24590000,92,153,24600000,8614
0,246,2460000,2460000,92,153,2470000,861
0,2460,24600000,24600000,92,153,24610000,8621
0,2461,24610000,24610000,92,153,24620000,8623
0,2462,24620000,24620000,92,153,24630000,8626
0,2463,24630000,24630000,92,153,24640000,8628
0,2464,24640000,24640000,92,153,24650000,8633
0,2465,24650000,24650000,92,153,24660000,8635
0,2466,24660000,24660000,92,153,24670000,8642
0,2467,24670000,24670000,92,153,24680000,8645
0,2468,24680000,24680000,92,153,24690000,8648
0,2469,24690000,24690000,92,153,24700000,8650
0,247,2470000,2470000,92,153,2480000,864
0,2470,24700000,24700000,92,153,24710000,8654
0,2471,24710000,24710000,92,153,24720000,8656
0,2472,24720000,24720000,92,153,24730000,8662
0,2473,24730000,24730000,92,153,24740000,8665
0,2474,24740000,24740000,92,153,24750000,8668
0,2475,24750000,24750000,92,153,24760000,8672
0,2476,24760000,24760000,92,153,24770000,8676
0,2477,24770000,24770000,92,153,24780000,8677
0,2478,24780000,24780000,92,153,24790000,8684
0,2479,24790000,24790000,92,153,24800000,8686
0,248,2480000,2480000,92,153,2490000,867
0,2480,24800000,24800000,92,153,24810000,8689
0,2481,24810000,24810000,92,153,24820000,8691
0,2482,24820000,24820000,92,153,24830000,8697
0,2483,24830000,24830000,92,153,24840000,8698
0,2484,24840000,24840000,92,153,24850000,8705
0,2485,24850000,24850000,92,153,24860000,8708
0,2486,24860000,24860000,92,153,24870000,8711
0,2487,24870000,24870000,92,153,24880000,8713
0,2488,24880000,24880000,92,153,24890000,8717
0,2489,24890000,24890000,92,153,24900000,8718
0,249,2490000,2490000,92,153,2500000,869
0,2490,24900000,24900000,92,153,24910000,8726
0,2491,24910000,24910000,92,153,24920000,8728
0,2492,24920000,24920000,92,153,24930000,8732
0,2493,24930000,24930000,92,153,24940000,8735
0,2494,24940000,24940000,92,153,24950000,8739
0,2495,24950000,24950000,92,153,24960000,8740
0,2496,24960000,24960000,92,153,24970000,8746
0,2497,24970000,24970000,92,153,24980000,8749
0,2498,24980000,24980000,92,153,24990000,8752
0,2499,24990000,24990000,92,153,25000000,8756
0,25,250000,250000,92,153,260000,85
0,250,2500000,2500000,92,153,2510000,873
0,2500,25000000,25000000,92,153,25010000,8760
0,2501,25010000,25010000,92,153,25020000,8761
0,2502,25020000,25020000,92,153,25030000,8768
0,2503,25030000,25030000,92,153,25040000,8770
0,2504,25040000,25040000,92,153,25050000,8773
0,2505,25050000,25050000,92,153,25060000,8776
0,2506,25060000,25060000,92,153,25070000,8781
0,2507,25070000,25070000,92,153,25080000,8783
0,2508,25080000,25080000,92,153,25090000,8789
0,2509,25090000,25090000,92,153,25100000,8791
0,251,2510000,2510000,92,153,2520000,874
0,2510,25100000,25100000,92,153,25110000,8794
0,2511,25110000,25110000,92,153,25120000,8797
0,2512,25120000,25120000,92,153,25130000,8802
0,2513,25130000,25130000,92,153,25140000,8804
0,2514,25140000,25140000,92,153,25150000,8810
0,2515,25150000,25150000,92,153,25160000,8812
0,2516,25160000,25160000,92,153,25170000,8816
0,2517,25170000,25170000,92,153,25180000,8818
0,2518,25180000,25180000,92,153,25190000,8822
0,2519,25190000,25190000,92,153,25200000,8823
0,252,2520000,2520000,92,153,2530000,882
0,2520,25200000,25200000,92,153,25210000,8832
0,2521,25210000,25210000,92,153,25220000,8834
0,2522,25220000,25220000,92,153,25230000,8837
0,2523,25230000,25230000,92,153,25240000,8839
0,2524,25240000,25240000,92,153,25250000,8844
0,2525,25250000,25250000,92,153,25260000,8845
0,2526,25260000,25260000,92,153,25270000,8851
0,2527,25270000,25270000,92,153,25280000,8855
0,2528,25280000,25280000,92,153,25290000,8858
0,2529,25290000,25290000,92,153,25300000,8861
0,253,2530000,2530000,92,153,2540000,884
0,2530,25300000,25300000,92,153,25310000,8865
0,2531,25310000,25310000,92,153,25320000,8866
0,2532,25320000,25320000,92,153,25330000,8872
0,2533,25330000,25330000,92,153,25340000,8875
0,2534,25340000,25340000,92,153,25350000,8879
0,2535,25350000,25350000,92,153,25360000,8882
0,2536,25360000,25360000,92,153,25370000,8886
0,2537,25370000,25370000,92,153,25380000,8887
0,2538,25380000,25380000,92,153,25390000,8894
0,2539,25390000,25390000,92,153,25400000,8896
0,254,2540000,2540000,92,153,2550000,887
0,2540,25400000,25400000,92,153,25410000,8899
0,2541,25410000,25410000,92,153,25420000,8903
0,2542,25420000,25420000,92,153,25430000,8908
0,2543,25430000,25430000,92,153,25440000,8909
0,2544,25440000,25440000,92,153,25450000,8915
0,2545,25450000,25450000,92,153,25460000,8917
0,2546,25460000,25460000,92,153,25470000,8920
0,2547,25470000,25470000,92,153,25480000,8923
0,2548,25480000,25480000,92,153,25490000,8928
0,2549,25490000,25490000,92,153,25500000,8929
0,255,2550000,2550000,92,153,2560000,891
0,2550,25500000,25500000,92,153,25510000,8937
0,2551,25510000,25510000,92,153,25520000,8939
0,2552,25520000,25520000,92,153,25530000,8942
0,2553,25530000,25530000,92,153,25540000,8944
0,2554,25540000,25540000,92,153,25550000,8948
0,2555,25550000,25550000,92,153,25560000,8950
0,2556,25560000,25560000,92,153,25570000,8957
0,2557,25570000,25570000,92,153,25580000,8960
0,2558,25580000,25580000,92,153,25590000,8964
0,2559,25590000,25590000,92,153,25600000,8966
0,256,2560000,2560000,92,153,2570000,895
0,2560,25600000,25600000,92,153,25610000,8970
0,2561,25610000,25610000,92,153,25620000,8971
0,2562,25620000,25620000,92,153,25630000,8978
0,2563,25630000,25630000,92,153,25640000,8980
0,2564,25640000,25640000,92,153,25650000,8983
0,2565,25650000,25650000,92,153,25660000,8987
0,2566,25660000,25660000,92,153,25670000,8991
0,2567,25670000,25670000,92,153,25680000,8993
0,2568,25680000,25680000,92,153,25690000,8999
0,2569,25690000,25690000,92,153,25700000,9002
0,257,2570000,2570000,92,153,2580000,896
0,2570,25700000,25700000,92,153,25710000,9005
0,2571,25710000,25710000,92,153,25720000,9007
0,2572,25720000,25720000,92,153,25730000,9012
0,2573,25730000,25730000,92,153,25740000,9013
0,2574,25740000,25740000,92,153,25750000,9020
0,2575,25750000,25750000,92,153,25760000,9023
0,2576,25760000,25760000,92,153,25770000,9027
0,2577,25770000,25770000,92,153,25780000,9029
0,2578,25780000,25780000,92,153,25790000,9033
0,2579,25790000,25790000,92,153,25800000,9034
0,258,2580000,2580000,92,153,2590000,902
0,2580,25800000,25800000,92,153,25810000,9041
0,2581,25810000,25810000,92,153,25820000,9043
0,2582,25820000,25820000,92,153,25830000,9046
0,2583,25830000,25830000,92,153,25840000,9050
0,2584,25840000,25840000,92,153,25850000,9055
0,2585,25850000,25850000,92,153,25860000,9056
0,2586,25860000,25860000,92,153,25870000,9062
0,2587,25870000,25870000,92,153,25880000,9065
0,2588,25880000,25880000,92,153,25890000,9068
0,2589,25890000,25890000,92,153,25900000,9070
0,259,2590000,2590000,92,153,2600000,905
0,2590,25900000,25900000,92,153,25910000,9075
0,2591,25910000,25910000,92,153,25920000,9076
0,2592,25920000,25920000,92,153,25930000,9084
0,2593,25930000,25930000,92,153,25940000,9086
0,2594,25940000,25940000,92,153,25950000,9089
0,2595,25950000,25950000,92,153,25960000,9092
0,2596,25960000,25960000,92,153,25970000,9096
0,2597,25970000,25970000,92,153,25980000,9098
0,2598,25980000,25980000,92,153,25990000,9104
0,2599,25990000,25990000,92,153,26000000,9106
0,26,260000,260000,92,153,270000,88
0,260,2600000,2600000,92,153,2610000,908
0,2600,26000000,26000000,92,153,26010000,9109
0,2601,26010000,26010000,92,153,26020000,9113
0,2602,26020000,26020000,92,153,26030000,9118
0,2603,26030000,26030000,92,153,26040000,9119
0,2604,26040000,26040000,92,153,26050000,9126
0,2605,26050000,26050000,92,153,26060000,9128
0,2606,26060000,26060000,92,153,26070000,9131
0,2607,26070000,26070000,92,153,26080000,9133
0,2608,26080000,26080000,92,153,26090000,9137
0,2609,26090000,26090000,92,153,26100000,9139
0,261,2610000,2610000,92,153,2620000,911
0,2610,26100000,26100000,92,153,26110000,9147
0,2611,26110000,26110000,92,153,26120000,9150
0,2612,26120000,26120000,92,153,26130000,9153
0,2613,26130000,26130000,92,153,26140000,9155
0,2614,26140000,26140000,92,153,26150000,9159
0,2615,26150000,26150000,92,153,26160000,9160
0,2616,26160000,26160000,92,153,26170000,9166
0,2617,26170000,26170000,92,153,26180000,9169
0,2618,26180000,26180000,92,153,26190000,9174
0,2619,26190000,26190000,92,153,26200000,9177
0,262,2620000,2620000,92,153,2630000,916
0,2620,26200000,26200000,92,153,26210000,9181
0,2621,26210000,26210000,92,153,26220000,9182
0,2622,26220000,26220000,92,153,26230000,9188
0,2623,26230000,26230000,92,153,26240000,9190
0,2624,26240000,26240000,92,153,26250000,9193
0,2625,26250000,26250000,92,153,26260000,9197
0,2626,26260000,26260000,92,153,26270000,9202
0,2627,26270000,26270000,92,153,26280000,9203
0,2628,26280000,26280000,92,153,26290000,9210
0,2629,26290000,26290000,92,153,26300000,9212
0,263,2630000,2630000,92,153,2640000,918
0,2630,26300000,26300000,92,153,26310000,9215
0,2631,26310000,26310000,92,153,26320000,9217
0,2632,26320000,26320000,92,153,26330000,9223
0,2633,26330000,26330000,92,153,26340000,9224
0,2634,26340000,26340000,92,153,26350000,9230
0,2635,26350000,26350000,92,153,26360000,9233
0,2636,26360000,26360000,92,153,26370000,9236
0,2637,26370000,26370000,92,153,26380000,9239
0,2638,26380000,26380000,92,153,26390000,9243
0,2639,26390000,26390000,92,153,26400000,9245
0,264,2640000,2640000,92,153,2650000,924
0,2640,26400000,26400000,92,153,26410000,9252
0,2641,26410000,26410000,92,153,26420000,9254
0,2642,26420000,26420000,92,153,26430000,9257
0,2643,26430000,26430000,92,153,26440000,9260
0,2644,26440000,26440000,92,153,26450000,9264
0,2645,26450000,26450000,92,153,26460000,9265
0,2646,26460000,26460000,92,153,26470000,9273
0,2647,26470000,26470000,92,153,26480000,9276
0,2648,26480000,26480000,92,153,26490000,9279
0,2649,26490000,26490000,92,153,26500000,9281
0,265,2650000,2650000,92,153,2660000,926
0,2650,26500000,26500000,92,153,26510000,9285
0,2651,26510000,26510000,92,153,26520000,9286
0,2652,26520000,26520000,92,153,26530000,9293
0,2653,26530000,26530000,92,153,26540000,9296
0,2654,26540000,26540000,92,153,26550000,9299
0,2655,26550000,26550000,92,153,26560000,9303
0,2656,26560000,26560000,92,153,26570000,9307
0,2657,26570000,26570000,92,153,26580000,9308
0,2658,26580000,26580000,92,153,26590000,9314
0,2659,26590000,26590000,92,153,26600000,9316
0,266,2660000,2660000,92,153,2670000,930
0,2660,26600000,26600000,92,153,26610000,9321
0,2661,26610000,26610000,92,153,26620000,9323
0,2662,26620000,26620000,92,153,26630000,9328
0,2663,26630000,26630000,92,153,26640000,9329
0,2664,26640000,26640000,92,153,26650000,9336
0,2665,26650000,26650000,92,153,26660000,9338
0,2666,26660000,26660000,92,153,26670000,9341
0,2667,26670000,26670000,92,153,26680000,9344
0,2668,26680000,26680000,92,153,26690000,9348
0,2669,26690000,26690000,92,153,26700000,9350
0,267,2670000,2670000,92,153,2680000,932
0,2670,26700000,26700000,92,153,26710000,9357
0,2671,26710000,26710000,92,153,26720000,9359
0,2672,26720000,26720000,92,153,26730000,9362
0,2673,26730000,26730000,92,153,26740000,9365
0,2674,26740000,26740000,92,153,26750000,9370
0,2675,26750000,26750000,92,153,26760000,9371
0,2676,26760000,26760000,92,153,26770000,9377
0,2677,26770000,26770000,92,153,26780000,9381
0,2678,26780000,26780000,92,153,26790000,9384
0,2679,26790000,26790000,92,153,26800000,9386
0,268,2680000,2680000,92,153,2690000,936
0,2680,26800000,26800000,92,153,26810000,9390
0,2681,26810000,26810000,92,153,26820000,9392
0,2682,26820000,26820000,92,153,26830000,9399
0,2683,26830000,26830000,92,153,26840000,9401
0,2684,26840000,26840000,92,153,26850000,9404
0,2685,26850000,26850000,92,153,26860000,9407
0,2686,26860000,26860000,92,153,26870000,9412
0,2687,26870000,26870000,92,153,26880000,9413
0,2688,26880000,26880000,92,153,26890000,9420
0,2689,26890000,26890000,92,153,26900000,9422
0,269,2690000,2690000,92,153,2700000,937
0,2690,26900000,26900000,92,153,26910000,9425
0,2691,26910000,26910000,92,153,26920000,9428
0,2692,26920000,26920000,92,153,26930000,9433
0,2693,26930000,26930000,92,153,26940000,9434
0,2694,26940000,26940000,92,153,26950000,9441
0,2695,26950000,26950000,92,153,26960000,9444
0,2696,26960000,26960000,92,153,26970000,9447
0,2697,26970000,26970000,92,153,26980000,9449
0,2698,26980000,26980000,92,153,26990000,9453
0,2699,26990000,26990000,92,153,27000000,9454
0,27,270000,270000,92,153,280000,91
0,270,2700000,2700000,92,153,2710000,945
0,2700,27000000,27000000,92,153,27010000,9462
0,2701,27010000,27010000,92,153,27020000,9464
0,2702,27020000,27020000,92,153,27030000,9468
0,2703,27030000,27030000,92,153,27040000,9471
0,2704,27040000,27040000,92,153,27050000,9475
0,2705,27050000,27050000,92,153,27060000,9476
0,2706,27060000,27060000,92,153,27070000,9482
0,2707,27070000,27070000,92,153,27080000,9485
0,2708,27080000,27080000,92,153,27090000,9488
0,2709,27090000,27090000,92,153,27100000,9492
0,271,2710000,2710000,92,153,2720000,947
0,2710,27100000,27100000,92,153,27110000,9496
0,2711,27110000,27110000,92,153,27120000,9498
0,2712,27120000,27120000,92,153,27130000,9504
0,2713,27130000,27130000,92,153,27140000,9506
0,2714,27140000,27140000,92,153,27150000,9509
0,2715,27150000,27150000,92,153,27160000,9512
0,2716,27160000,27160000,92,153,27170000,9517
0,2717,27170000,27170000,92,153,27180000,9518
0,2718,27180000,27180000,92,153,27190000,9525
0,2719,27190000,27190000,92,153,27200000,9527
0,272,2720000,2720000,92,153,2730000,951
0,2720,27200000,27200000,92,153,27210000,9531
0,2721,27210000,27210000,92,153,27220000,9533
0,2722,27220000,27220000,92,153,27230000,9538
0,2723,27230000,27230000,92,153,27240000,9540
0,2724,27240000,27240000,92,153,27250000,9546
0,2725,27250000,27250000,92,153,27260000,9548
0,2726,27260000,27260000,92,153,27270000,9551
0,2727,27270000,27270000,92,153,27280000,9554
0,2728,27280000,27280000,92,153,27290000,9559
0,2729,27290000,27290000,92,153,27300000,9560
0,273,2730000,2730000,92,153,2740000,954
0,2730,27300000,27300000,92,153,27310000,9568
0,2731,27310000,27310000,92,153,27320000,9570
0,2732,27320000,27320000,92,153,27330000,9573
0,2733,27330000,27330000,92,153,27340000,9575
0,2734,27340000,27340000,92,153,27350000,9579
0,2735,27350000,27350000,92,153,27360000,9580
0,2736,27360000,27360000,92,153,27370000,9587
0,2737,27370000,27370000,92,153,27380000,9592
0,2738,27380000,27380000,92,153,27390000,9595
0,2739,27390000,27390000,92,153,27400000,9597
0,274,2740000,2740000,92,153,2750000,958
0,2740,27400000,27400000,92,153,27410000,9601
0,2741,27410000,27410000,92,153,27420000,9602
0,2742,27420000,27420000,92,153,27430000,9608
0,2743,27430000,27430000,92,153,27440000,9610
0,2744,27440000,27440000,92,153,27450000,9614
0,2745,27450000,27450000,92,153,27460000,9619
0,2746,27460000,27460000,92,153,27470000,9623
0,2747,27470000,27470000,92,153,27480000,9624
0,2748,27480000,27480000,92,153,27490000,9630
0,2749,27490000,27490000,92,153,27500000,9632
0,275,2750000,2750000,92,153,2760000,959
0,2750,27500000,27500000,92,153,27510000,9635
0,2751,27510000,27510000,92,153,27520000,9638
0,2752,27520000,27520000,92,153,27530000,9643
0,2753,27530000,27530000,92,153,27540000,9644
0,2754,27540000,27540000,92,153,27550000,9652
0,2755,27550000,27550000,92,153,27560000,9654
0,2756,27560000,27560000,92,153,27570000,9657
0,2757,27570000,27570000,92,153,27580000,9659
0,2758,27580000,27580000,92,153,27590000,9664
0,2759,27590000,27590000,92,153,27600000,9665
0,276,2760000,2760000,92,153,2770000,965
0,2760,27600000,27600000,92,153,27610000,9672
0,2761,27610000,27610000,92,153,27620000,9674
0,2762,27620000,27620000,92,153,27630000,9678
0,2763,27630000,27630000,92,153,27640000,9681
0,2764,27640000,27640000,92,153,27650000,9685
0,2765,27650000,27650000,92,153,27660000,9687
0,2766,27660000,27660000,92,153,27670000,9693
0,2767,27670000,27670000,92,153,27680000,9696
0,2768,27680000,27680000,92,153,27690000,9699
0,2769,27690000,27690000,92,153,27700000,9701
0,277,2770000,2770000,92,153,2780000,968
0,2770,27700000,27700000,92,153,27710000,9705
0,2771,27710000,27710000,92,153,27720000,9707
0,2772,27720000,27720000,92,153,27730000,9715
0,2773,27730000,27730000,92,153,27740000,9717
0,2774,27740000,27740000,92,153,27750000,9720
0,2775,27750000,27750000,92,153,27760000,9723
0,2776,27760000,27760000,92,153,27770000,9727
0,2777,27770000,27770000,92,153,27780000,9728
0,2778,27780000,27780000,92,153,27790000,9734
0,2779,27790000,27790000,92,153,27800000,9738
0,278,2780000,2780000,92,153,2790000,971
0,2780,27800000,27800000,92,153,27810000,9741
0,2781,27810000,27810000,92,153,27820000,9744
0,2782,27820000,27820000,92,153,27830000,9749
0,2783,27830000,27830000,92,153,27840000,9750
0,2784,27840000,27840000,92,153,27850000,9756
0,2785,27850000,27850000,92,153,27860000,9758
0,2786,27860000,27860000,92,153,27870000,9762
0,2787,27870000,27870000,92,153,27880000,9764
0,2788,27880000,27880000,92,153,27890000,9769
0,2789,27890000,27890000,92,153,27900000,9770
0,279,2790000,2790000,92,153,2800000,974
0,2790,27900000,27900000,92,153,27910000,9778
0,2791,27910000,27910000,92,153,27920000,9780
0,2792,27920000,27920000,92,153,27930000,9783
0,2793,27930000,27930000,92,153,27940000,9786
0,2794,27940000,27940000,92,153,27950000,9790
0,2795,27950000,27950000,92,153,27960000,9791
0,2796,27960000,27960000,92,153,27970000,9798
0,2797,27970000,27970000,92,153,27980000,9801
0,2798,27980000,27980000,92,153,27990000,9804
0,2799,27990000,27990000,92,153,28000000,9807
0,28,280000,280000,92,153,290000,96
0,280,2800000,2800000,92,153,2810000,980
0,2800,28000000,28000000,92,153,28010000,9812
0,2801,28010000,28010000,92,153,28020000,9813
0,2802,28020000,28020000,92,153,28030000,9819
0,2803,28030000,28030000,92,153,28040000,9821
0,2804,28040000,28040000,92,153,28050000,9824
0,2805,28050000,28050000,92,153,28060000,9828
0,2806,28060000,28060000,92,153,28070000,9832
0,2807,28070000,28070000,92,153,28080000,9834
0,2808,28080000,28080000,92,153,28090000,9841
0,2809,28090000,28090000,92,153,28100000,9843
0,281,2810000,2810000,92,153,2820000,981
0,2810,28100000,28100000,92,153,28110000,9846
0,2811,28110000,28110000,92,153,28120000,9848
0,2812,28120000,28120000,92,153,28130000,9853
0,2813,28130000,28130000,92,153,28140000,9855
0,2814,28140000,28140000,92,153,28150000,9862
0,2815,28150000,28150000,92,153,28160000,9864
0,2816,28160000,28160000,92,153,28170000,9867
0,2817,28170000,28170000,92,153,28180000,9870
0,2818,28180000,28180000,92,153,28190000,9874
0,2819,28190000,28190000,92,153,28200000,9875
0,282,2820000,2820000,92,153,2830000,987
0,2820,28200000,28200000,92,153,28210000,9882
0,2821,28210000,28210000,92,153,28220000,9885
0,2822,28220000,28220000,92,153,28230000,9889
0,2823,28230000,28230000,92,153,28240000,9891
0,2824,28240000,28240000,92,153,28250000,9895
0,2825,28250000,28250000,92,153,28260000,9896
0,2826,28260000,28260000,92,153,28270000,9903
0,2827,28270000,28270000,92,153,28280000,9906
0,2828,28280000,28280000,92,153,28290000,9910
0,2829,28290000,28290000,92,153,28300000,9912
0,283,2830000,2830000,92,153,2840000,989
0,2830,28300000,28300000,92,153,28310000,9917
0,2831,28310000,28310000,92,153,28320000,9918
0,2832,28320000,28320000,92,153,28330000,9924
0,2833,28330000,28330000,92,153,28340000,9926
0,2834,28340000,28340000,92,153,28350000,9929
0,2835,28350000,28350000,92,153,28360000,9934
0,2836,28360000,28360000,92,153,28370000,9938
0,2837,28370000,28370000,92,153,28380000,9939
0,2838,28380000,28380000,92,153,28390000,9945
0,2839,28390000,28390000,92,153,28400000,9948
0,284,2840000,2840000,92,153,2850000,992
0,2840,28400000,28400000,92,153,28410000,9951
0,2841,28410000,28410000,92,153,28420000,9953
0,2842,28420000,28420000,92,153,28430000,9959
0,2843,28430000,28430000,92,153,28440000,9960
0,2844,28440000,28440000,92,153,28450000,9967
0,2845,28450000,28450000,92,153,28460000,9969
0,2846,28460000,28460000,92,153,28470000,9972
0,2847,28470000,28470000,92,153,28480000,9975
0,2848,28480000,28480000,92,153,28490000,9979
0,2849,28490000,28490000,92,153,28500000,9981
0,285,2850000,2850000,92,153,2860000,995
0,2850,28500000,28500000,92,153,28510000,9988
0,2851,28510000,28510000,92,153,28520000,9990
0,2852,28520000,28520000,92,153,28530000,9993
0,2853,28530000,28530000,92,153,28540000,9996
0,2854,28540000,28540000,92,153,28550000,10000
0,2855,28550000,28550000,92,153,28560000,10001
0,2856,28560000,28560000,92,153,28570000,10009
0,2857,28570000,28570000,92,153,28580000,10012
0,2858,28580000,28580000,92,153,28590000,10015
0,2859,28590000,28590000,92,153,28600000,10017
0,286,2860000,2860000,92,153,2870000,999
0,2860,28600000,28600000,92,153,28610000,10021
0,2861,28610000,28610000,92,153,28620000,10022
0,2862,28620000,28620000,92,153,28630000,10029
0,2863,28630000,28630000,92,153,28640000,10032
0,2864,28640000,28640000,92,153,28650000,10036
0,2865,28650000,28650000,92,153,28660000,10039
0,2866,28660000,28660000,92,153,28670000,10043
0,2867,28670000,28670000,92,153,28680000,10044
0,2868,28680000,28680000,92,153,28690000,10050
0,2869,28690000,28690000,92,153,28700000,10052
0,287,2870000,2870000,92,153,2880000,1001
0,2870,28700000,28700000,92,153,28710000,10056
0,2871,28710000,28710000,92,153,28720000,10059
0,2872,28720000,28720000,92,153,28730000,10064
0,2873,28730000,28730000,92,153,28740000,10066
0,2874,28740000,28740000,92,153,28750000,10072
0,2875,28750000,28750000,92,153,28760000,10074
0,2876,28760000,28760000,92,153,28770000,10077
0,2877,28770000,28770000,92,153,28780000,10080
0,2878,28780000,28780000,92,153,28790000,10084
0,2879,28790000,28790000,92,153,28800000,10085
0,288,2880000,2880000,92,153,2890000,1008
0,2880,28800000,28800000,92,153,28810000,10093
0,2881,28810000,28810000,92,153,28820000,10096
0,2882,28820000,28820000,92,153,28830000,10099
0,2883,28830000,28830000,92,153,28840000,10101
0,2884,28840000,28840000,92,153,28850000,10106
0,2885,28850000,28850000,92,153,28860000,10107
0,2886,28860000,28860000,92,153,28870000,10113
0,2887,28870000,28870000,92,153,28880000,10116
0,2888,28880000,28880000,92,153,28890000,10119
0,2889,28890000,28890000,92,153,28900000,10122
0,289,2890000,2890000,92,153,2900000,1011
0,2890,28900000,28900000,92,153,28910000,10127
0,2891,28910000,28910000,92,153,28920000,10129
0,2892,28920000,28920000,92,153,28930000,10135
0,2893,28930000,28930000,92,153,28940000,10137
0,2894,28940000,28940000,92,153,28950000,10140
0,2895,28950000,28950000,92,153,28960000,10143
0,2896,28960000,28960000,92,153,28970000,10147
0,2897,28970000,28970000,92,153,28980000,10148
0,2898,28980000,28980000,92,153,28990000,10157
0,2899,28990000,28990000,92,153,29000000,10159
0,29,290000,290000,92,153,300000,97
0,290,2900000,2900000,92,153,2910000,1014
0,2900,29000000,29000000,92,153,29010000,10162
0,2901,29010000,29010000,92,153,29020000,10164
0,2902,29020000,29020000,92,153,29030000,10169
0,2903,29030000,29030000,92,153,29040000,10170
0,2904,29040000,29040000,92,153,29050000,10176
0,2905,29050000,29050000,92,153,29060000,10179
0,2906,29060000,29060000,92,153,29070000,10182
0,2907,29070000,29070000,92,153,29080000,10186
0,2908,29080000,29080000,92,153,29090000,10190
0,2909,29090000,29090000,92,153,29100000,10191
0,291,2910000,2910000,92,153,2920000,1016
0,2910,29100000,29100000,92,153,29110000,10198
0,2911,29110000,29110000,92,153,29120000,10200
0,2912,29120000,29120000,92,153,29130000,10204
0,2913,29130000,29130000,92,153,29140000,10206
0,2914,29140000,29140000,92,153,29150000,10210
0,2915,29150000,29150000,92,153,29160000,10212
0,2916,29160000,29160000,92,153,29170000,10219
0,2917,29170000,29170000,92,153,29180000,10222
0,2918,29180000,29180000,92,153,29190000,10225
0,2919,29190000,29190000,92,153,29200000,10228
0,292,2920000,2920000,92,153,2930000,1021
0,2920,29200000,29200000,92,153,29210000,10232
0,2921,29210000,29210000,92,153,29220000,10233
0,2922,29220000,29220000,92,153,29230000,10239
0,2923,29230000,29230000,92,153,29240000,10241
0,2924,29240000,29240000,92,153,29250000,10245
0,2925,29250000,29250000,92,153,29260000,10249
0,2926,29260000,29260000,92,153,29270000,10254
0,2927,29270000,29270000,92,153,29280000,10255
0,2928,29280000,29280000,92,153,29290000,10261
0,2929,29290000,29290000,92,153,29300000,10263
0,293,2930000,2930000,92,153,2940000,1022
0,2930,29300000,29300000,92,153,29310000,10266
0,2931,29310000,29310000,92,153,29320000,10268
0,2932,29320000,29320000,92,153,29330000,10274
0,2933,29330000,29330000,92,153,29340000,10276
0,2934,29340000,29340000,92,153,29350000,10283
0,2935,29350000,29350000,92,153,29360000,10285
0,2936,29360000,29360000,92,153,29370000,10288
0,2937,29370000,29370000,92,153,29380000,10290
0,2938,29380000,29380000,92,153,29390000,10294
0,2939,29390000,29390000,92,153,29400000,10295
0,294,2940000,2940000,92,153,2950000,1029
0,2940,29400000,29400000,92,153,29410000,10303
0,2941,29410000,29410000,92,153,29420000,10306
0,2942,29420000,29420000,92,153,29430000,10309
0,2943,29430000,29430000,92,153,29440000,10312
0,2944,29440000,29440000,92,153,29450000,10316
0,2945,29450000,29450000,92,153,29460000,10317
0,2946,29460000,29460000,92,153,29470000,10323
0,2947,29470000,29470000,92,153,29480000,10327
0,2948,29480000,29480000,92,153,29490000,10330
0,2949,29490000,29490000,92,153,29500000,10333
0,295,2950000,2950000,92,153,2960000,1031
0,2950,29500000,29500000,92,153,29510000,10337
0,2951,29510000,29510000,92,153,29520000,10338
0,2952,29520000,29520000,92,153,29530000,10345
0,2953,29530000,29530000,92,153,29540000,10347
0,2954,29540000,29540000,92,153,29550000,10351
0,2955,29550000,29550000,92,153,29560000,10354
0,2956,29560000,29560000,92,153,29570000,10358
0,2957,29570000,29570000,92,153,29580000,10359
0,2958,29580000,29580000,92,153,29590000,10366
0,2959,29590000,29590000,92,153,29600000,10368
0,296,2960000,2960000,92,153,2970000,1034
0,2960,29600000,29600000,92,153,29610000,10371
0,2961,29610000,29610000,92,153,29620000,10375
0,2962,29620000,29620000,92,153,29630000,10380
0,2963,29630000,29630000,92,153,29640000,10381
0,2964,29640000,29640000,92,153,29650000,10387
0,2965,29650000,29650000,92,153,29660000,10389
0,2966,29660000,29660000,92,153,29670000,10393
0,2967,29670000,29670000,92,153,29680000,10395
0,2968,29680000,29680000,92,153,29690000,10400
0,2969,29690000,29690000,92,153,29700000,10401
0,297,2970000,2970000,92,153,2980000,1038
0,2970,29700000,29700000,92,153,29710000,10409
0,2971,29710000,29710000,92,153,29720000,10411
0,2972,29720000,29720000,92,153,29730000,10414
0,2973,29730000,29730000,92,153,29740000,10416
0,2974,29740000,29740000,92,153,29750000,10420
0,2975,29750000,29750000,92,153,29760000,10423
0,2976,29760000,29760000,92,153,29770000,10429
0,2977,29770000,29770000,92,153,29780000,10432
0,2978,29780000,29780000,92,153,29790000,10435
0,2979,29790000,29790000,92,153,29800000,10438
0,298,2980000,2980000,92,153,2990000,1042
0,2980,29800000,29800000,92,153,29810000,10442
0,2981,29810000,29810000,92,153,29820000,10443
0,2982,29820000,29820000,92,153,29830000,10450
0,2983,29830000,29830000,92,153,29840000,10453
0,2984,29840000,29840000,92,153,29850000,10456
0,2985,29850000,29850000,92,153,29860000,10459
0,2986,29860000,29860000,92,153,29870000,10463
0,2987,29870000,29870000,92,153,29880000,10464
0,2988,29880000,29880000,92,153,29890000,10471
0,2989,29890000,29890000,92,153,29900000,10474
0,299,2990000,2990000,92,153,3000000,1043
0,2990,29900000,29900000,92,153,29910000,10477
0,2991,29910000,29910000,92,153,29920000,10479
0,2992,29920000,29920000,92,153,29930000,10485
0,2993,29930000,29930000,92,153,29940000,10486
0,2994,29940000,29940000,92,153,29950000,10492
0,2995,29950000,29950000,92,153,29960000,10494
0,2996,29960000,29960000,92,153,29970000,10498
0,2997,29970000,29970000,92,153,29980000,10501
0,2998,29980000,29980000,92,153,29990000,10505
0,2999,29990000,29990000,92,153,30000000,10506
0,3,30000,30000,92,153,40000,7
0,30,300000,300000,92,153,310000,104
0,300,3000000,3000000,92,153,3010000,1050
0,3000,30000000,30000000,92,153,30010000,10514
0,3001,30010000,30010000,92,153,30020000,10516
0,3002,30020000,30020000,92,153,30030000,10519
0,3003,30030000,30030000,92,153,30040000,10522
0,3004,30040000,30040000,92,153,30050000,10526
0,3005,30050000,30050000,92,153,30060000,10527
0,3006,30060000,30060000,92,153,30070000,10534
0,3007,30070000,30070000,92,153,30080000,10537
0,3008,30080000,30080000,92,153,30090000,10540
0,3009,30090000,30090000,92,153,30100000,10543
0,301,3010000,3010000,92,153,3020000,1053
0,3010,30100000,30100000,92,153,30110000,10548
0,3011,30110000,30110000,92,153,30120000,10549
0,3012,30120000,30120000,92,153,30130000,10555
0,3013,30130000,30130000,92,153,30140000,10557
0,3014,30140000,30140000,92,153,30150000,10560
0,3015,30150000,30150000,92,153,30160000,10564
0,3016,30160000,30160000,92,153,30170000,10568
0,3017,30170000,30170000,92,153,30180000,10571
0,3018,30180000,30180000,92,153,30190000,10577
0,3019,30190000,30190000,92,153,30200000,10579
0,302,3020000,3020000,92,153,3030000,1056
0,3020,30200000,30200000,92,153,30210000,10582
0,3021,30210000,30210000,92,153,30220000,10584
0,3022,30220000,30220000,92,153,30230000,10589
0,3023,30230000,30230000,92,153,30240000,10590
0,3024,30240000,30240000,92,153,30250000,10598
0,3025,30250000,30250000,92,153,30260000,10600
0,3026,30260000,30260000,92,153,30270000,10604
0,3027,30270000,30270000,92,153,30280000,10606
0,3028,30280000,30280000,92,153,30290000,10610
0,3029,30290000,30290000,92,153,30300000,10611
0,303,3030000,3030000,92,153,3040000,1058
0,3030,30300000,30300000,92,153,30310000,10618
0,3031,30310000,30310000,92,153,30320000,10621
0,3032,30320000,30320000,92,153,30330000,10624
0,3033,30330000,30330000,92,153,30340000,10627
0,3034,30340000,30340000,92,153,30350000,10632
0,3035,30350000,30350000,92,153,30360000,10633
0,3036,30360000,30360000,92,153,30370000,10639
0,3037,30370000,30370000,92,153,30380000,10642
0,3038,30380000,30380000,92,153,30390000,10646
0,3039,30390000,30390000,92,153,30400000,10648
0,304,3040000,3040000,92,153,3050000,1062
0,3040,30400000,30400000,92,153,30410000,10652
0,3041,30410000,30410000,92,153,30420000,10653
0,3042,30420000,30420000,92,153,30430000,10660
0,3043,30430000,30430000,92,153,30440000,10663
0,3044,30440000,30440000,92,153,30450000,10666
0,3045,30450000,30450000,92,153,30460000,10670
0,3046,30460000,30460000,92,153,30470000,10674
0,3047,30470000,30470000,92,153,30480000,10675
0,3048,30480000,30480000,92,153,30490000,10681
0,3049,30490000,30490000,92,153,30500000,10683
0,305,3050000,3050000,92,153,3060000,1063
0,3050,30500000,30500000,92,153,30510000,10686
0,3051,30510000,30510000,92,153,30520000,10690
0,3052,30520000,30520000,92,153,30530000,10696
0,3053,30530000,30530000,92,153,30540000,10697
0,3054,30540000,30540000,92,153,30550000,10703
0,3055,30550000,30550000,92,153,30560000,10705
0,3056,30560000,30560000,92,153,30570000,10708
0,3057,30570000,30570000,92,153,30580000,10710
0,3058,30580000,30580000,92,153,30590000,10714
0,3059,30590000,30590000,92,153,30600000,10716
0,306,3060000,3060000,92,153,3070000,1071
0,3060,30600000,30600000,92,153,30610000,10725
0,3061,30610000,30610000,92,153,30620000,10727
0,3062,30620000,30620000,92,153,30630000,10730
0,3063,30630000,30630000,92,153,30640000,10732
0,3064,30640000,30640000,92,153,30650000,10736
0,3065,30650000,30650000,92,153,30660000,10737
0,3066,30660000,30660000,92,153,30670000,10744
0,3067,30670000,30670000,92,153,30680000,10747
0,3068,30680000,30680000,92,153,30690000,10751
0,3069,30690000,30690000,92,153,30700000,10754
0,307,3070000,3070000,92,153,3080000,1074
0,3070,30700000,30700000,92,153,30710000,10758
0,3071,30710000,30710000,92,153,30720000,10759
0,3072,30720000,30720000,92,153,30730000,10765
0,3073,30730000,30730000,92,153,30740000,10768
0,3074,30740000,30740000,92,153,30750000,10771
0,3075,30750000,30750000,92,153,30760000,10774
0,3076,30760000,30760000,92,153,30770000,10778
0,3077,30770000,30770000,92,153,30780000,10780
0,3078,30780000,30780000,92,153,30790000,10787
0,3079,30790000,30790000,92,153,30800000,10789
0,308,3080000,3080000,92,153,3090000,1078
0,3080,30800000,30800000,92,153,30810000,10793
0,3081,30810000,30810000,92,153,30820000,10795
0,3082,30820000,30820000,92,153,30830000,10800
0,3083,30830000,30830000,92,153,30840000,10801
0,3084,30840000,30840000,92,153,30850000,10807
0,3085,30850000,30850000,92,153,30860000,10810
0,3086,30860000,30860000,92,153,30870000,10813
0,3087,30870000,30870000,92,153,30880000,10817
0,3088,30880000,30880000,92,153,30890000,10821
0,3089,30890000,30890000,92,153,30900000,10822
0,309,3090000,3090000,92,153,3100000,1080
0,3090,30900000,30900000,92,153,30910000,10829
0,3091,30910000,30910000,92,153,30920000,10831
0,3092,30920000,30920000,92,153,30930000,10834
0,3093,30930000,30930000,92,153,30940000,10836
0,3094,30940000,30940000,92,153,30950000,10842
0,3095,30950000,30950000,92,153,30960000,10843
0,3096,30960000,30960000,92,153,30970000,10850
0,3097,30970000,30970000,92,153,30980000,10853
0,3098,30980000,30980000,92,153,30990000,10856
0,3099,30990000,30990000,92,153,31000000,10858
0,31,310000,310000,92,153,320000,106
0,310,3100000,3100000,92,153,3110000,1084
0,3100,31000000,31000000,92,153,31010000,10862
0,3101,31010000,31010000,92,153,31020000,10864
0,3102,31020000,31020000,92,153,31030000,10871
0,3103,31030000,31030000,92,153,31040000,10873
0,3104,31040000,31040000,92,153,31050000,10876
0,3105,31050000,31050000,92,153,31060000,10880
0,3106,31060000,31060000,92,153,31070000,10884
0,3107,31070000,31070000,92,153,31080000,10885
0,3108,31080000,31080000,92,153,31090000,10892
0,3109,31090000,31090000,92,153,31100000,10894
0,311,3110000,3110000,92,153,3120000,1085
0,3110,31100000,31100000,92,153,31110000,10897
0,3111,31110000,31110000,92,153,31120000,10900
0,3112,31120000,31120000,92,153,31130000,10905
0,3113,31130000,31130000,92,153,31140000,10906
0,3114,31140000,31140000,92,153,31150000,10913
0,3115,31150000,31150000,92,153,31160000,10916
0,3116,31160000,31160000,92,153,31170000,10919
0,3117,31170000,31170000,92,153,31180000,10921
0,3118,31180000,31180000,92,153,31190000,10925
0,3119,31190000,31190000,92,153,31200000,10927
0,312,3120000,3120000,92,153,3130000,1091
0,3120,31200000,31200000,92,153,31210000,10934
0,3121,31210000,31210000,92,153,31220000,10936
0,3122,31220000,31220000,92,153,31230000,10940
0,3123,31230000,31230000,92,153,31240000,10943
0,3124,31240000,31240000,92,153,31250000,10947
0,3125,31250000,31250000,92,153,31260000,10948
0,3126,31260000,31260000,92,153,31270000,10954
0,3127,31270000,31270000,92,153,31280000,10957
0,3128,31280000,31280000,92,153,31290000,10961
0,3129,31290000,31290000,92,153,31300000,10964
0,313,3130000,3130000,92,153,3140000,1093
0,3130,31300000,31300000,92,153,31310000,10968
0,3131,31310000,31310000,92,153,31320000,10969
0,3132,31320000,31320000,92,153,31330000,10976
0,3133,31330000,31330000,92,153,31340000,10978
0,3134,31340000,31340000,92,153,31350000,10981
0,3135,31350000,31350000,92,153,31360000,10984
0,3136,31360000,31360000,92,153,31370000,10990
0,3137,31370000,31370000,92,153,31380000,10991
0,3138,31380000,31380000,92,153,31390000,10997
0,3139,31390000,31390000,92,153,31400000,10999
0,314,3140000,3140000,92,153,3150000,1097
0,3140,31400000,31400000,92,153,31410000,11002
0,3141,31410000,31410000,92,153,31420000,11005
0,3142,31420000,31420000,92,153,31430000,11010
0,3143,31430000,31430000,92,153,31440000,11012
0,3144,31440000,31440000,92,153,31450000,11018
0,3145,31450000,31450000,92,153,31460000,11021
0,3146,31460000,31460000,92,153,31470000,11024
0,3147,31470000,31470000,92,153,31480000,11026
0,3148,31480000,31480000,92,153,31490000,11030
0,3149,31490000,31490000,92,153,31500000,11031
0,315,3150000,3150000,92,153,3160000,1102
0,3150,31500000,31500000,92,153,31510000,11040
0,3151,31510000,31510000,92,153,31520000,11042
0,3152,31520000,31520000,92,153,31530000,11045
0,3153,31530000,31530000,92,153,31540000,11048
0,3154,31540000,31540000,92,153,31550000,11052
0,3155,31550000,31550000,92,153,31560000,11053
0,3156,31560000,31560000,92,153,31570000,11059
0,3157,31570000,31570000,92,153,31580000,11063
0,3158,31580000,31580000,92,153,31590000,11066
0,3159,31590000,31590000,92,153,31600000,11069
0,316,3160000,3160000,92,153,3170000,1106
0,3160,31600000,31600000,92,153,31610000,11073
0,3161,31610000,31610000,92,153,31620000,11074
0,3162,31620000,31620000,92,153,31630000,11081
0,3163,31630000,31630000,92,153,31640000,11083
0,3164,31640000,31640000,92,153,31650000,11087
0,3165,31650000,31650000,92,153,31660000,11090
0,3166,31660000,31660000,92,153,31670000,11094
0,3167,31670000,31670000,92,153,31680000,11095
0,3168,31680000,31680000,92,153,31690000,11102
0,3169,31690000,31690000,92,153,31700000,11104
0,317,3170000,3170000,92,153,3180000,1107
0,3170,31700000,31700000,92,153,31710000,11108
0,3171,31710000,31710000,92,153,31720000,11111
0,3172,31720000,31720000,92,153,31730000,11116
0,3173,31730000,31730000,92,153,31740000,11117
0,3174,31740000,31740000,92,153,31750000,11123
0,3175,31750000,31750000,92,153,31760000,11125
0,3176,31760000,31760000,92,153,31770000,11128
0,3177,31770000,31770000,92,153,31780000,11131
0,3178,31780000,31780000,92,153,31790000,11136
0,3179,31790000,31790000,92,153,31800000,11138
0,318,3180000,3180000,92,153,3190000,1113
0,3180,31800000,31800000,92,153,31810000,11145
0,3181,31810000,31810000,92,153,31820000,11147
0,3182,31820000,31820000,92,153,31830000,11150
0,3183,31830000,31830000,92,153,31840000,11152
0,3184,31840000,31840000,92,153,31850000,11156
0,3185,31850000,31850000,92,153,31860000,11158
0,3186,31860000,31860000,92,153,31870000,11165
0,3187,31870000,31870000,92,153,31880000,11169
0,3188,31880000,31880000,92,153,31890000,11172
0,3189,31890000,31890000,92,153,31900000,11174
0,319,3190000,3190000,92,153,3200000,1115
0,3190,31900000,31900000,92,153,31910000,11178
0,3191,31910000,31910000,92,153,31920000,11179
0,3192,31920000,31920000,92,153,31930000,11186
0,3193,31930000,31930000,92,153,31940000,11188
0,3194,31940000,31940000,92,153,31950000,11191
0,3195,31950000,31950000,92,153,31960000,11195
0,3196,31960000,31960000,92,153,31970000,11200
0,3197,31970000,31970000,92,153,31980000,11201
0,3198,31980000,31980000,92,153,31990000,11207
0,3199,31990000,31990000,92,153,32000000,11210
0,32,320000,320000,92,153,330000,109
0,320,3200000,3200000,92,153,3210000,1118
0,3200,32000000,32000000,92,153,32010000,11213
0,3201,32010000,32010000,92,153,32020000,11215
0,3202,32020000,32020000,92,153,32030000,11220
0,3203,32030000,32030000,92,153,32040000,11221
0,3204,32040000,32040000,92,153,32050000,11229
0,3205,32050000,32050000,92,153,32060000,11231
0,3206,32060000,32060000,92,153,32070000,11235
0,3207,32070000,32070000,92,153,32080000,11237
0,3208,32080000,32080000,92,153,32090000,11241
0,3209,32090000,32090000,92,153,32100000,11242
0,321,3210000,3210000,92,153,3220000,1120
0,3210,32100000,32100000,92,153,32110000,11249
0,3211,32110000,32110000,92,153,32120000,11251
0,3212,32120000,32120000,92,153,32130000,11254
0,3213,32130000,32130000,92,153,32140000,11259
0,3214,32140000,32140000,92,153,32150000,11263
0,3215,32150000,32150000,92,153,32160000,11264
0,3216,32160000,32160000,92,153,32170000,11270
0,3217,32170000,32170000,92,153,32180000,11273
0,3218,32180000,32180000,92,153,32190000,11276
0,3219,32190000,32190000,92,153,32200000,11278
0,322,3220000,3220000,92,153,3230000,1126
0,3220,32200000,32200000,92,153,32210000,11283
0,3221,32210000,32210000,92,153,32220000,11285
0,3222,32220000,32220000,92,153,32230000,11292
0,3223,32230000,32230000,92,153,32240000,11294
0,3224,32240000,32240000,92,153,32250000,11297
0,3225,32250000,32250000,92,153,32260000,11300
0,3226,32260000,32260000,92,153,32270000,11304
0,3227,32270000,32270000,92,153,32280000,11306
0,3228,32280000,32280000,92,153,32290000,11312
0,3229,32290000,32290000,92,153,32300000,11314
0,323,3230000,3230000,92,153,3240000,1128
0,3230,32300000,32300000,92,153,32310000,11318
0,3231,32310000,32310000,92,153,32320000,11321
0,3232,32320000,32320000,92,153,32330000,11326
0,3233,32330000,32330000,92,153,32340000,11327
0,3234,32340000,32340000,92,153,32350000,11334
0,3235,32350000,32350000,92,153,32360000,11336
0,3236,32360000,32360000,92,153,32370000,11339
0,3237,32370000,32370000,92,153,32380000,11341
0,3238,32380000,32380000,92,153,32390000,11346
0,3239,32390000,32390000,92,153,32400000,11347
0,324,3240000,3240000,92,153,3250000,1135
0,3240,32400000,32400000,92,153,32410000,11355
0,3241,32410000,32410000,92,153,32420000,11358
0,3242,32420000,32420000,92,153,32430000,11361
0,3243,32430000,32430000,92,153,32440000,11363
0,3244,32440000,32440000,92,153,32450000,11367
0,3245,32450000,32450000,92,153,32460000,11368
0,3246,32460000,32460000,92,153,32470000,11374
0,3247,32470000,32470000,92,153,32480000,11378
0,3248,32480000,32480000,92,153,32490000,11382
0,3249,32490000,32490000,92,153,32500000,11385
0,325,3250000,3250000,92,153,3260000,1137
0,3250,32500000,32500000,92,153,32510000,11389
0,3251,32510000,32510000,92,153,32520000,11390
0,3252,32520000,32520000,92,153,32530000,11396
0,3253,32530000,32530000,92,153,32540000,11398
0,3254,32540000,32540000,92,153,32550000,11401
0,3255,32550000,32550000,92,153,32560000,11406
0,3256,32560000,32560000,92,153,32570000,11410
0,3257,32570000,32570000,92,153,32580000,11411
0,3258,32580000,32580000,92,153,32590000,11418
0,3259,32590000,32590000,92,153,32600000,11420
0,326,3260000,3260000,92,153,3270000,1140
0,3260,32600000,32600000,92,153,32610000,11423
0,3261,32610000,32610000,92,153,32620000,11425
0,3262,32620000,32620000,92,153,32630000,11431
0,3263,32630000,32630000,92,153,32640000,11432
0,3264,32640000,32640000,92,153,32650000,11439
0,3265,32650000,32650000,92,153,32660000,11441
0,3266,32660000,32660000,92,153,32670000,11444
0,3267,32670000,32670000,92,153,32680000,11447
0,3268,32680000,32680000,92,153,32690000,11451
0,3269,32690000,32690000,92,153,32700000,11453
0,327,3270000,3270000,92,153,3280000,1142
0,3270,32700000,32700000,92,153,32710000,11460
0,3271,32710000,32710000,92,153,32720000,11462
0,3272,32720000,32720000,92,153,32730000,11466
0,3273,32730000,32730000,92,153,32740000,11468
0,3274,32740000,32740000,92,153,32750000,11472
0,3275,32750000,32750000,92,153,32760000,11473
0,3276,32760000,32760000,92,153,32770000,11481
0,3277,32770000,32770000,92,153,32780000,11484
0,3278,32780000,32780000,92,153,32790000,11487
0,3279,32790000,32790000,92,153,32800000,11489
0,328,3280000,3280000,92,153,3290000,1146
0,3280,32800000,32800000,92,153,32810000,11493
0,3281,32810000,32810000,92,153,32820000,11495
0,3282,32820000,32820000,92,153,32830000,11501
0,3283,32830000,32830000,92,153,32840000,11504
0,3284,32840000,32840000,92,153,32850000,11507
0,3285,32850000,32850000,92,153,32860000,11511
0,3286,32860000,32860000,92,153,32870000,11515
0,3287,32870000,32870000,92,153,32880000,11516
0,3288,32880000,32880000,92,153,32890000,11522
0,3289,32890000,32890000,92,153,32900000,11525
0,329,3290000,3290000,92,153,3300000,1148
0,3290,32900000,32900000,92,153,32910000,11529
0,3291,32910000,32910000,92,153,32920000,11531
0,3292,32920000,32920000,92,153,32930000,11536
0,3293,32930000,32930000,92,153,32940000,11537
0,3294,32940000,32940000,92,153,32950000,11544
0,3295,32950000,32950000,92,153,32960000,11546
0,3296,32960000,32960000,92,153,32970000,11549
0,3297,32970000,32970000,92,153,32980000,11552
0,3298,32980000,32980000,92,153,32990000,11557
0,3299,32990000,32990000,92,153,33000000,11558
0,33,330000,330000,92,153,340000,111
0,330,3300000,3300000,92,153,3310000,1155
0,3300,33000000,33000000,92,153,33010000,11565
0,3301,33010000,33010000,92,153,33020000,11567
0,3302,33020000,33020000,92,153,33030000,11570
0,3303,33030000,33030000,92,153,33040000,11573
0,3304,33040000,33040000,92,153,33050000,11578
0,3305,33050000,33050000,92,153,33060000,11579
0,3306,33060000,33060000,92,153,33070000,11586
0,3307,33070000,33070000,92,153,33080000,11589
0,3308,33080000,33080000,92,153,33090000,11592
0,3309,33090000,33090000,92,153,33100000,11594
0,331,3310000,3310000,92,153,3320000,1158
0,3310,33100000,33100000,92,153,33110000,11598
0,3311,33110000,33110000,92,153,33120000,11600
0,3312,33120000,33120000,92,153,33130000,11607
0,3313,33130000,33130000,92,153,33140000,11609
0,3314,33140000,33140000,92,153,33150000,11612
0,3315,33150000,33150000,92,153,33160000,11616
0,3316,33160000,33160000,92,153,33170000,11620
0,3317,33170000,33170000,92,153,33180000,11621
0,3318,33180000,33180000,92,153,33190000,11628
0,3319,33190000,33190000,92,153,33200000,11630
0,332,3320000,3320000,92,153,3330000,1161
0,3320,33200000,33200000,92,153,33210000,11633
0,3321,33210000,33210000,92,153,33220000,11636
0,3322,33220000,33220000,92,153,33230000,11641
0,3323,33230000,33230000,92,153,33240000,11643
0,3324,33240000,33240000,92,153,33250000,11649
0,3325,33250000,33250000,92,153,33260000,11652
0,3326,33260000,33260000,92,153,33270000,11655
0,3327,33270000,33270000,92,153,33280000,11657
0,3328,33280000,33280000,92,153,33290000,11661
0,3329,33290000,33290000,92,153,33300000,11662
0,333,3330000,3330000,92,153,3340000,1164
0,3330,33300000,33300000,92,153,33310000,11670
0,3331,33310000,33310000,92,153,33320000,11672
0,3332,33320000,33320000,92,153,33330000,11677
0,3333,33330000,33330000,92,153,33340000,11679
0,3334,33340000,33340000,92,153,33350000,11683
0,3335,33350000,33350000,92,153,33360000,11684
0,3336,33360000,33360000,92,153,33370000,11690
0,3337,33370000,33370000,92,153,33380000,11693
0,3338,33380000,33380000,92,153,33390000,11696
0,3339,33390000,33390000,92,153,33400000,11700
0,334,3340000,3340000,92,153,3350000,1168
0,3340,33400000,33400000,92,153,33410000,11705
0,3341,33410000,33410000,92,153,33420000,11706
0,3342,33420000,33420000,92,153,33430000,11712
0,3343,33430000,33430000,92,153,33440000,11714
0,3344,33440000,33440000,92,153,33450000,11717
0,3345,33450000,33450000,92,153,33460000,11720
0,3346,33460000,33460000,92,153,33470000,11725
0,3347,33470000,33470000,92,153,33480000,11726
0,3348,33480000,33480000,92,153,33490000,11733
0,3349,33490000,33490000,92,153,33500000,11736
0,335,3350000,3350000,92,153,3360000,1169
0,3350,33500000,33500000,92,153,33510000,11739
0,3351,33510000,33510000,92,153,33520000,11741
0,3352,33520000,33520000,92,153,33530000,11746
0,3353,33530000,33530000,92,153,33540000,11748
0,3354,33540000,33540000,92,153,33550000,11754
0,3355,33550000,33550000,92,153,33560000,11756
0,3356,33560000,33560000,92,153,33570000,11759
0,3357,33570000,33570000,92,153,33580000,11763
0,3358,33580000,33580000,92,153,33590000,11767
0,3359,33590000,33590000,92,153,33600000,11768
0,336,3360000,3360000,92,153,3370000,1176
0,3360,33600000,33600000,92,153,33610000,11776
0,3361,33610000,33610000,92,153,33620000,11778
0,3362,33620000,33620000,92,153,33630000,11781
0,3363,33630000,33630000,92,153,33640000,11783
0,3364,33640000,33640000,92,153,33650000,11787
0,3365,33650000,33650000,92,153,33660000,11788
0,3366,33660000,33660000,92,153,33670000,11796
0,3367,33670000,33670000,92,153,33680000,11800
0,3368,33680000,33680000,92,153,33690000,11803
0,3369,33690000,33690000,92,153,33700000,11805
0,337,3370000,3370000,92,153,3380000,1179
0,3370,33700000,33700000,92,153,33710000,11809
0,3371,33710000,33710000,92,153,33720000,11810
0,3372,33720000,33720000,92,153,33730000,11816
0,3373,33730000,33730000,92,153,33740000,11818
0,3374,33740000,33740000,92,153,33750000,11823
0,3375,33750000,33750000,92,153,33760000,11827
0,3376,33760000,33760000,92,153,33770000,11831
0,3377,33770000,33770000,92,153,33780000,11832
0,3378,33780000,33780000,92,153,33790000,11838
0,3379,33790000,33790000,92,153,33800000,11840
0,338,3380000,3380000,92,153,3390000,1182
0,3380,33800000,33800000,92,153,33810000,11843
0,3381,33810000,33810000,92,153,33820000,11846
0,3382,33820000,33820000,92,153,33830000,11851
0,3383,33830000,33830000,92,153,33840000,11853
0,3384,33840000,33840000,92,153,33850000,11860
0,3385,33850000,33850000,92,153,33860000,11862
0,3386,33860000,33860000,92,153,33870000,11865
0,3387,33870000,33870000,92,153,33880000,11867
0,3388,33880000,33880000,92,153,33890000,11872
0,3389,33890000,33890000,92,153,33900000,11873
0,339,3390000,3390000,92,153,3400000,1184
0,3390,33900000,33900000,92,153,33910000,11880
0,3391,33910000,33910000,92,153,33920000,11883
0,3392,33920000,33920000,92,153,33930000,11886
0,3393,33930000,33930000,92,153,33940000,11889
0,3394,33940000,33940000,92,153,33950000,11893
0,3395,33950000,33950000,92,153,33960000,11895
0,3396,33960000,33960000,92,153,33970000,11901
0,3397,33970000,33970000,92,153,33980000,11904
0,3398,33980000,33980000,92,153,33990000,11907
0,3399,33990000,33990000,92,153,34000000,11909
0,34,340000,340000,92,153,350000,116
0,340,3400000,3400000,92,153,3410000,1189
0,3400,34000000,34000000,92,153,34010000,11914
0,3401,34010000,34010000,92,153,34020000,11915
0,3402,34020000,34020000,92,153,34030000,11923
0,3403,34030000,34030000,92,153,34040000,11925
0,3404,34040000,34040000,92,153,34050000,11928
0,3405,34050000,34050000,92,153,34060000,11931
0,3406,34060000,34060000,92,153,34070000,11935
0,3407,34070000,34070000,92,153,34080000,11936
0,3408,34080000,34080000,92,153,34090000,11943
0,3409,34090000,34090000,92,153,34100000,11946
0,341,3410000,3410000,92,153,3420000,1190
0,3410,34100000,34100000,92,153,34110000,11949
0,3411,34110000,34110000,92,153,34120000,11952
0,3412,34120000,34120000,92,153,34130000,11957
0,3413,34130000,34130000,92,153,34140000,11958
0,3414,34140000,34140000,92,153,34150000,11964
0,3415,34150000,34150000,92,153,34160000,11966
0,3416,34160000,34160000,92,153,34170000,11970
0,3417,34170000,34170000,92,153,34180000,11973
0,3418,34180000,34180000,92,153,34190000,11977
0,3419,34190000,34190000,92,153,34200000,11978
0,342,3420000,3420000,92,153,3430000,1197
0,3420,34200000,34200000,92,153,34210000,11986
0,3421,34210000,34210000,92,153,34220000,11988
0,3422,34220000,34220000,92,153,34230000,11991
0,3423,34230000,34230000,92,153,34240000,11994
0,3424,34240000,34240000,92,153,34250000,11998
0,3425,34250000,34250000,92,153,34260000,12000
0,3426,34260000,34260000,92,153,34270000,12006
0,3427,34270000,34270000,92,153,34280000,12009
0,3428,34280000,34280000,92,153,34290000,12012
0,3429,34290000,34290000,92,153,34300000,12015
0,343,3430000,3430000,92,153,3440000,1200
0,3430,34300000,34300000,92,153,34310000,12020
0,3431,34310000,34310000,92,153,34320000,12021
0,3432,34320000,34320000,92,153,34330000,12027
0,3433,34330000,34330000,92,153,34340000,12029
0,3434,34340000,34340000,92,153,34350000,12033
0,3435,34350000,34350000,92,153,34360000,12036
0,3436,34360000,34360000,92,153,34370000,12040
0,3437,34370000,34370000,92,153,34380000,12042
0,3438,34380000,34380000,92,153,34390000,12049
0,3439,34390000,34390000,92,153,34400000,12051
0,344,3440000,3440000,92,153,3450000,1203
0,3440,34400000,34400000,92,153,34410000,12054
0,3441,34410000,34410000,92,153,34420000,12056
0,3442,34420000,34420000,92,153,34430000,12062
0,3443,34430000,34430000,92,153,34440000,12063
0,3444,34440000,34440000,92,153,34450000,12070
0,3445,34450000,34450000,92,153,34460000,12072
0,3446,34460000,34460000,92,153,34470000,12075
0,3447,34470000,34470000,92,153,34480000,12078
0,3448,34480000,34480000,92,153,34490000,12082
0,3449,34490000,34490000,92,153,34500000,12083
0,345,3450000,3450000,92,153,3460000,1206
0,3450,34500000,34500000,92,153,34510000,12090
0,3451,34510000,34510000,92,153,34520000,12094
0,3452,34520000,34520000,92,153,34530000,12097
0,3453,34530000,34530000,92,153,34540000,12099
0,3454,34540000,34540000,92,153,34550000,12103
0,3455,34550000,34550000,92,153,34560000,12104
0,3456,34560000,34560000,92,153,34570000,12111
0,3457,34570000,34570000,92,153,34580000,12114
0,3458,34580000,34580000,92,153,34590000,12118
0,3459,34590000,34590000,92,153,34600000,12121
0,346,3460000,3460000,92,153,3470000,1210
0,3460,34600000,34600000,92,153,34610000,12125
0,3461,34610000,34610000,92,153,34620000,12126
0,3462,34620000,34620000,92,153,34630000,12132
0,3463,34630000,34630000,92,153,34640000,12134
0,3464,34640000,34640000,92,153,34650000,12137
0,3465,34650000,34650000,92,153,34660000,12142
0,3466,34660000,34660000,92,153,34670000,12146
0,3467,34670000,34670000,92,153,34680000,12147
0,3468,34680000,34680000,92,153,34690000,12154
0,3469,34690000,34690000,92,153,34700000,12156
0,347,3470000,3470000,92,153,3480000,1211
0,3470,34700000,34700000,92,153,34710000,12159
0,3471,34710000,34710000,92,153,34720000,12161
0,3472,34720000,34720000,92,153,34730000,12167
0,3473,34730000,34730000,92,153,34740000,12168
0,3474,34740000,34740000,92,153,34750000,12175
0,3475,34750000,34750000,92,153,34760000,12177
0,3476,34760000,34760000,92,153,34770000,12181
0,3477,34770000,34770000,92,153,34780000,12183
0,3478,34780000,34780000,92,153,34790000,12187
0,3479,34790000,34790000,92,153,34800000,12189
0,348,3480000,3480000,92,153,3490000,1218
0,3480,34800000,34800000,92,153,34810000,12196
0,3481,34810000,34810000,92,153,34820000,12198
0,3482,34820000,34820000,92,153,34830000,12201
0,3483,34830000,34830000,92,153,34840000,12204
0,3484,34840000,34840000,92,153,34850000,12208
0,3485,34850000,34850000,92,153,34860000,12210
0,3486,34860000,34860000,92,153,34870000,12217
0,3487,34870000,34870000,92,153,34880000,12220
0,3488,34880000,34880000,92,153,34890000,12223
0,3489,34890000,34890000,92,153,34900000,12225
0,349,3490000,3490000,92,153,3500000,1220
0,3490,34900000,34900000,92,153,34910000,12229
0,3491,34910000,34910000,92,153,34920000,12230
0,3492,34920000,34920000,92,153,34930000,12237
0,3493,34930000,34930000,92,153,34940000,12241
0,3494,34940000,34940000,92,153,34950000,12244
0,3495,34950000,34950000,92,153,34960000,12247
0,3496,34960000,34960000,92,153,34970000,12251
0,3497,34970000,34970000,92,153,34980000,12252
0,3498,34980000,34980000,92,153,34990000,12258
0,3499,34990000,34990000,92,153,35000000,12260
0,35,350000,350000,92,153,360000,118
0,350,3500000,3500000,92,153,3510000,1224
0,3500,35000000,35000000,92,153,35010000,12264
0,3501,35010000,35010000,92,153,35020000,12267
0,3502,35020000,35020000,92,153,35030000,12273
0,3503,35030000,35030000,92,153,35040000,12274
0,3504,35040000,35040000,92,153,35050000,12280
0,3505,35050000,35050000,92,153,35060000,12282
0,3506,35060000,35060000,92,153,35070000,12285
0,3507,35070000,35070000,92,153,35080000,12288
0,3508,35080000,35080000,92,153,35090000,12292
0,3509,35090000,35090000,92,153,35100000,12293
0,351,3510000,3510000,92,153,3520000,1227
0,3510,35100000,35100000,92,153,35110000,12302
0,3511,35110000,35110000,92,153,35120000,12304
0,3512,35120000,35120000,92,153,35130000,12307
0,3513,35130000,35130000,92,153,35140000,12309
0,3514,35140000,35140000,92,153,35150000,12314
0,3515,35150000,35150000,92,153,35160000,12315
0,3516,35160000,35160000,92,153,35170000,12321
0,3517,35170000,35170000,92,153,35180000,12324
0,3518,35180000,35180000,92,153,35190000,12327
0,3519,35190000,35190000,92,153,35200000,12331
0,352,3520000,3520000,92,153,3530000,1232
0,3520,35200000,35200000,92,153,35210000,12335
0,3521,35210000,35210000,92,153,35220000,12337
0,3522,35220000,35220000,92,153,35230000,12343
0,3523,35230000,35230000,92,153,35240000,12345
0,3524,35240000,35240000,92,153,35250000,12348
0,3525,35250000,35250000,92,153,35260000,12351
0,3526,35260000,35260000,92,153,35270000,12355
0,3527,35270000,35270000,92,153,35280000,12357
0,3528,35280000,35280000,92,153,35290000,12365
0,3529,35290000,35290000,92,153,35300000,12367
0,353,3530000,3530000,92,153,3540000,1233
0,3530,35300000,35300000,92,153,35310000,12370
0,3531,35310000,35310000,92,153,35320000,12372
0,3532,35320000,35320000,92,153,35330000,12377
0,3533,35330000,35330000,92,153,35340000,12378
0,3534,35340000,35340000,92,153,35350000,12384
0,3535,35350000,35350000,92,153,35360000,12387
0,3536,35360000,35360000,92,153,35370000,12391
0,3537,35370000,35370000,92,153,35380000,12394
0,3538,35380000,35380000,92,153,35390000,12398
0,3539,35390000,35390000,92,153,35400000,12399
0,354,3540000,3540000,92,153,3550000,1239
0,3540,35400000,35400000,92,153,35410000,12406
0,3541,35410000,35410000,92,153,35420000,12408
0,3542,35420000,35420000,92,153,35430000,12412
0,3543,35430000,35430000,92,153,35440000,12414
0,3544,35440000,35440000,92,153,35450000,12419
0,3545,35450000,35450000,92,153,35460000,12420
0,3546,35460000,35460000,92,153,35470000,12427
0,3547,35470000,35470000,92,153,35480000,12430
0,3548,35480000,35480000,92,153,35490000,12433
0,3549,35490000,35490000,92,153,35500000,12436
0,355,3550000,3550000,92,153,3560000,1241
0,3550,35500000,35500000,92,153,35510000,12440
0,3551,35510000,35510000,92,153,35520000,12441
0,3552,35520000,35520000,92,153,35530000,12447
0,3553,35530000,35530000,92,153,35540000,12450
0,3554,35540000,35540000,92,153,35550000,12453
0,3555,35550000,35550000,92,153,35560000,12457
0,3556,35560000,35560000,92,153,35570000,12462
0,3557,35570000,35570000,92,153,35580000,12463
0,3558,35580000,35580000,92,153,35590000,12469
0,3559,35590000,35590000,92,153,35600000,12471
0,356,3560000,3560000,92,153,3570000,1244
0,3560,35600000,35600000,92,153,35610000,12474
0,3561,35610000,35610000,92,153,35620000,12477
0,3562,35620000,35620000,92,153,35630000,12482
0,3563,35630000,35630000,92,153,35640000,12484
0,3564,35640000,35640000,92,153,35650000,12491
0,3565,35650000,35650000,92,153,35660000,12493
0,3566,35660000,35660000,92,153,35670000,12496
0,3567,35670000,35670000,92,153,35680000,12498
0,3568,35680000,35680000,92,153,35690000,12502
0,3569,35690000,35690000,92,153,35700000,12503
0,357,3570000,3570000,92,153,3580000,1248
0,3570,35700000,35700000,92,153,35710000,12512
0,3571,35710000,35710000,92,153,35720000,12514
0,3572,35720000,35720000,92,153,35730000,12517
0,3573,35730000,35730000,92,153,35740000,12520
0,3574,35740000,35740000,92,153,35750000,12524
0,3575,35750000,35750000,92,153,35760000,12525
0,3576,35760000,35760000,92,153,35770000,12531
0,3577,35770000,35770000,92,153,35780000,12535
0,3578,35780000,35780000,92,153,35790000,12539
0,3579,35790000,35790000,92,153,35800000,12541
0,358,3580000,3580000,92,153,3590000,1252
0,3580,35800000,35800000,92,153,35810000,12545
0,3581,35810000,35810000,92,153,35820000,12546
0,3582,35820000,35820000,92,153,35830000,12553
0,3583,35830000,35830000,92,153,35840000,12555
0,3584,35840000,35840000,92,153,35850000,12559
0,3585,35850000,35850000,92,153,35860000,12562
0,3586,35860000,35860000,92,153,35870000,12566
0,3587,35870000,35870000,92,153,35880000,12568
0,3588,35880000,35880000,92,153,35890000,12574
0,3589,35890000,35890000,92,153,35900000,12576
0,359,3590000,3590000,92,153,3600000,1253
0,3590,35900000,35900000,92,153,35910000,12579
0,3591,35910000,35910000,92,153,35920000,12583
0,3592,35920000,35920000,92,153,35930000,12588
0,3593,35930000,35930000,92,153,35940000,12589
0,3594,35940000,35940000,92,153,35950000,12595
0,3595,35950000,35950000,92,153,35960000,12598
0,3596,35960000,35960000,92,153,35970000,12601
0,3597,35970000,35970000,92,153,35980000,12603
0,3598,35980000,35980000,92,153,35990000,12608
0,3599,35990000,35990000,92,153,36000000,12609
0,36,360000,360000,92,153,370000,125
0,360,3600000,3600000,92,153,3610000,1261
0,3600,36000000,36000000,92,153,36010000,12617
0,3601,36010000,36010000,92,153,36020000,12619
0,3602,36020000,36020000,92,153,36030000,12622
0,3603,36030000,36030000,92,153,36040000,12624
0,3604,36040000,36040000,92,153,36050000,12629
0,3605,36050000,36050000,92,153,36060000,12631
0,3606,36060000,36060000,92,153,36070000,12637
0,3607,36070000,36070000,92,153,36080000,12640
0,3608,36080000,36080000,92,153,36090000,12643
0,3609,36090000,36090000,92,153,36100000,12646
0,361,3610000,3610000,92,153,3620000,1263
0,3610,36100000,36100000,92,153,36110000,12650
0,3611,36110000,36110000,92,153,36120000,12651
0,3612,36120000,36120000,92,153,36130000,12659
0,3613,36130000,36130000,92,153,36140000,12661
0,3614,36140000,36140000,92,153,36150000,12664
0,3615,36150000,36150000,92,153,36160000,12667
0,3616,36160000,36160000,92,153,36170000,12671
0,3617,36170000,36170000,92,153,36180000,12672
0,3618,36180000,36180000,92,153,36190000,12679
0,3619,36190000,36190000,92,153,36200000,12682
0,362,3620000,3620000,92,153,3630000,1266
0,3620,36200000,36200000,92,153,36210000,12685
0,3621,36210000,36210000,92,153,36220000,12688
0,3622,36220000,36220000,92,153,36230000,12693
0,3623,36230000,36230000,92,153,36240000,12694
0,3624,36240000,36240000,92,153,36250000,12700
0,3625,36250000,36250000,92,153,36260000,12702
0,3626,36260000,36260000,92,153,36270000,12706
0,3627,36270000,36270000,92,153,36280000,12709
0,3628,36280000,36280000,92,153,36290000,12713
0,3629,36290000,36290000,92,153,36300000,12715
0,363,3630000,3630000,92,153,3640000,1268
0,3630,36300000,36300000,92,153,36310000,12722
0,3631,36310000,36310000,92,153,36320000,12724
0,3632,36320000,36320000,92,153,36330000,12727
0,3633,36330000,36330000,92,153,36340000,12730
0,3634,36340000,36340000,92,153,36350000,12734
0,3635,36350000,36350000,92,153,36360000,12735
0,3636,36360000,36360000,92,153,36370000,12742
0,3637,36370000,36370000,92,153,36380000,12745
0,3638,36380000,36380000,92,153,36390000,12749
0,3639,36390000,36390000,92,153,36400000,12751
0,364,3640000,3640000,92,153,3650000,1273
0,3640,36400000,36400000,92,153,36410000,12756
0,3641,36410000,36410000,92,153,36420000,12757
0,3642,36420000,36420000,92,153,36430000,12763
0,3643,36430000,36430000,92,153,36440000,12765
0,3644,36440000,36440000,92,153,36450000,12768
0,3645,36450000,36450000,92,153,36460000,12772
0,3646,36460000,36460000,92,153,36470000,12777
0,3647,36470000,36470000,92,153,36480000,12779
0,3648,36480000,36480000,92,153,36490000,12785
0,3649,36490000,36490000,92,153,36500000,12787
0,365,3650000,3650000,92,153,3660000,1275
0,3650,36500000,36500000,92,153,36510000,12790
0,3651,36510000,36510000,92,153,36520000,12792
0,3652,36520000,36520000,92,153,36530000,12797
0,3653,36530000,36530000,92,153,36540000,12798
0,3654,36540000,36540000,92,153,36550000,12806
0,3655,36550000,36550000,92,153,36560000,12809
0,3656,36560000,36560000,92,153,36570000,12812
0,3657,36570000,36570000,92,153,36580000,12814
0,3658,36580000,36580000,92,153,36590000,12818
0,3659,36590000,36590000,92,153,36600000,12819
0,366,3660000,3660000,92,153,3670000,1281
0,3660,36600000,36600000,92,153,36610000,12826
0,3661,36610000,36610000,92,153,36620000,12829
0,3662,36620000,36620000,92,153,36630000,12832
0,3663,36630000,36630000,92,153,36640000,12836
0,3664,36640000,36640000,92,153,36650000,12840
0,3665,36650000,36650000,92,153,36660000,12841
0,3666,36660000,36660000,92,153,36670000,12847
0,3667,36670000,36670000,92,153,36680000,12850
0,3668,36680000,36680000,92,153,36690000,12854
0,3669,36690000,36690000,92,153,36700000,12856
0,367,3670000,3670000,92,153,3680000,1284
0,3670,36700000,36700000,92,153,36710000,12860
0,3671,36710000,36710000,92,153,36720000,12861
0,3672,36720000,36720000,92,153,36730000,12869
0,3673,36730000,36730000,92,153,36740000,12871
0,3674,36740000,36740000,92,153,36750000,12874
0,3675,36750000,36750000,92,153,36760000,12878
0,3676,36760000,36760000,92,153,36770000,12882
0,3677,36770000,36770000,92,153,36780000,12883
0,3678,36780000,36780000,92,153,36790000,12889
0,3679,36790000,36790000,92,153,36800000,12891
0,368,3680000,3680000,92,153,3690000,1287
0,3680,36800000,36800000,92,153,36810000,12895
0,3681,36810000,36810000,92,153,36820000,12898
0,3682,36820000,36820000,92,153,36830000,12904
0,3683,36830000,36830000,92,153,36840000,12905
0,3684,36840000,36840000,92,153,36850000,12911
0,3685,36850000,36850000,92,153,36860000,12913
0,3686,36860000,36860000,92,153,36870000,12916
0,3687,36870000,36870000,92,153,36880000,12918
0,3688,36880000,36880000,92,153,36890000,12922
0,3689,36890000,36890000,92,153,36900000,12925
0,369,3690000,3690000,92,153,3700000,1290
0,3690,36900000,36900000,92,153,36910000,12933
0,3691,36910000,36910000,92,153,36920000,12935
0,3692,36920000,36920000,92,153,36930000,12938
0,3693,36930000,36930000,92,153,36940000,12940
0,3694,36940000,36940000,92,153,36950000,12944
0,3695,36950000,36950000,92,153,36960000,12945
0,3696,36960000,36960000,92,153,36970000,12952
0,3697,36970000,36970000,92,153,36980000,12956
0,3698,36980000,36980000,92,153,36990000,12959
0,3699,36990000,36990000,92,153,37000000,12962
0,37,370000,370000,92,153,380000,128
0,370,3700000,3700000,92,153,3710000,1294
0,3700,37000000,37000000,92,153,37010000,12966
0,3701,37010000,37010000,92,153,37020000,12967
0,3702,37020000,37020000,92,153,37030000,12973
0,3703,37030000,37030000,92,153,37040000,12976
0,3704,37040000,37040000,92,153,37050000,12979
0,3705,37050000,37050000,92,153,37060000,12982
0,3706,37060000,37060000,92,153,37070000,12987
0,3707,37070000,37070000,92,153,37080000,12988
0,3708,37080000,37080000,92,153,37090000,12995
0,3709,37090000,37090000,92,153,37100000,12997
0,371,3710000,3710000,92,153,3720000,1296
0,3710,37100000,37100000,92,153,37110000,13001
0,3711,37110000,37110000,92,153,37120000,13003
0,3712,37120000,37120000,92,153,37130000,13008
0,3713,37130000,37130000,92,153,37140000,13009
0,3714,37140000,37140000,92,153,37150000,13016
0,3715,37150000,37150000,92,153,37160000,13018
0,3716,37160000,37160000,92,153,37170000,13021
0,3717,37170000,37170000,92,153,37180000,13025
0,3718,37180000,37180000,92,153,37190000,13029
0,3719,37190000,37190000,92,153,37200000,13030
0,372,3720000,3720000,92,153,3730000,1302
0,3720,37200000,37200000,92,153,37210000,13037
0,3721,37210000,37210000,92,153,37220000,13039
0,3722,37220000,37220000,92,153,37230000,13042
0,3723,37230000,37230000,92,153,37240000,13045
0,3724,37240000,37240000,92,153,37250000,13050
0,3725,37250000,37250000,92,153,37260000,13051
0,3726,37260000,37260000,92,153,37270000,13058
0,3727,37270000,37270000,92,153,37280000,13061
0,3728,37280000,37280000,92,153,37290000,13064
0,3729,37290000,37290000,92,153,37300000,13066
0,373,3730000,3730000,92,153,3740000,1304
0,3730,37300000,37300000,92,153,37310000,13070
0,3731,37310000,37310000,92,153,37320000,13073
0,3732,37320000,37320000,92,153,37330000,13079
0,3733,37330000,37330000,92,153,37340000,13081
0,3734,37340000,37340000,92,153,37350000,13084
0,3735,37350000,37350000,92,153,37360000,13088
0,3736,37360000,37360000,92,153,37370000,13092
0,3737,37370000,37370000,92,153,37380000,13093
0,3738,37380000,37380000,92,153,37390000,13100
0,3739,37390000,37390000,92,153,37400000,13102
0,374,3740000,3740000,92,153,3750000,1308
0,3740,37400000,37400000,92,153,37410000,13106
0,3741,37410000,37410000,92,153,37420000,13108
0,3742,37420000,37420000,92,153,37430000,13113
0,3743,37430000,37430000,92,153,37440000,13114
0,3744,37440000,37440000,92,153,37450000,13121
0,3745,37450000,37450000,92,153,37460000,13124
0,3746,37460000,37460000,92,153,37470000,13127
0,3747,37470000,37470000,92,153,37480000,13129
0,3748,37480000,37480000,92,153,37490000,13134
0,3749,37490000,37490000,92,153,37500000,13135
0,375,3750000,3750000,92,153,3760000,1311
0,3750,37500000,37500000,92,153,37510000,13142
0,3751,37510000,37510000,92,153,37520000,13144
0,3752,37520000,37520000,92,153,37530000,13148
0,3753,37530000,37530000,92,153,37540000,13151
0,3754,37540000,37540000,92,153,37550000,13155
0,3755,37550000,37550000,92,153,37560000,13156
0,3756,37560000,37560000,92,153,37570000,13162
0,3757,37570000,37570000,92,153,37580000,13166
0,3758,37580000,37580000,92,153,37590000,13169
0,3759,37590000,37590000,92,153,37600000,13172
0,376,3760000,3760000,92,153,3770000,1315
0,3760,37600000,37600000,92,153,37610000,13176
0,3761,37610000,37610000,92,153,37620000,13177
0,3762,37620000,37620000,92,153,37630000,13184
0,3763,37630000,37630000,92,153,37640000,13186
0,3764,37640000,37640000,92,153,37650000,13189
0,3765,37650000,37650000,92,153,37660000,13193
0,3766,37660000,37660000,92,153,37670000,13198
0,3767,37670000,37670000,92,153,37680000,13199
0,3768,37680000,37680000,92,153,37690000,13205
0,3769,37690000,37690000,92,153,37700000,13207
0,377,3770000,3770000,92,153,3780000,1316
0,3770,37700000,37700000,92,153,37710000,13210
0,3771,37710000,37710000,92,153,37720000,13213
0,3772,37720000,37720000,92,153,37730000,13218
0,3773,37730000,37730000,92,153,37740000,13220
0,3774,37740000,37740000,92,153,37750000,13227
0,3775,37750000,37750000,92,153,37760000,13229
0,3776,37760000,37760000,92,153,37770000,13232
0,3777,37770000,37770000,92,153,37780000,13234
0,3778,37780000,37780000,92,153,37790000,13238
0,3779,37790000,37790000,92,153,37800000,13239
0,378,3780000,3780000,92,153,3790000,1324
0,3780,37800000,37800000,92,153,37810000,13248
0,3781,37810000,37810000,92,153,37820000,13250
0,3782,37820000,37820000,92,153,37830000,13254
0,3783,37830000,37830000,92,153,37840000,13256
0,3784,37840000,37840000,92,153,37850000,13260
0,3785,37850000,37850000,92,153,37860000,13261
0,3786,37860000,37860000,92,153,37870000,13267
0,3787,37870000,37870000,92,153,37880000,13271
0,3788,37880000,37880000,92,153,37890000,13274
0,3789,37890000,37890000,92,153,37900000,13277
0,379,3790000,3790000,92,153,3800000,1326
0,3790,37900000,37900000,92,153,37910000,13281
0,3791,37910000,37910000,92,153,37920000,13283
0,3792,37920000,37920000,92,153,37930000,13289
0,3793,37930000,37930000,92,153,37940000,13291
0,3794,37940000,37940000,92,153,37950000,13295
0,3795,37950000,37950000,92,153,37960000,13298
0,3796,37960000,37960000,92,153,37970000,13302
0,3797,37970000,37970000,92,153,37980000,13303
0,3798,37980000,37980000,92,153,37990000,13310
0,3799,37990000,37990000,92,153,38000000,13313
0,38,380000,380000,92,153,390000,131
0,380,3800000,3800000,92,153,3810000,1329
0,3800,38000000,38000000,92,153,38010000,13316
0,3801,38010000,38010000,92,153,38020000,13319
0,3802,38020000,38020000,92,153,38030000,13324
0,3803,38030000,38030000,92,153,38040000,13325
0,3804,38040000,38040000,92,153,38050000,13331
0,3805,38050000,38050000,92,153,38060000,13333
0,3806,38060000,38060000,92,153,38070000,13336
0,3807,38070000,38070000,92,153,38080000,13339
0,3808,38080000,38080000,92,153,38090000,13345
0,3809,38090000,38090000,92,153,38100000,13346
0,381,3810000,3810000,92,153,3820000,1331
0,3810,38100000,38100000,92,153,38110000,13353
0,3811,38110000,38110000,92,153,38120000,13355
0,3812,38120000,38120000,92,153,38130000,13358
0,3813,38130000,38130000,92,153,38140000,13360
0,3814,38140000,38140000,92,153,38150000,13364
0,3815,38150000,38150000,92,153,38160000,13366
0,3816,38160000,38160000,92,153,38170000,13374
0,3817,38170000,38170000,92,153,38180000,13377
0,3818,38180000,38180000,92,153,38190000,13380
0,3819,38190000,38190000,92,153,38200000,13382
0,382,3820000,3820000,92,153,3830000,1337
0,3820,38200000,38200000,92,153,38210000,13386
0,3821,38210000,38210000,92,153,38220000,13387
0,3822,38220000,38220000,92,153,38230000,13394
0,3823,38230000,38230000,92,153,38240000,13396
0,3824,38240000,38240000,92,153,38250000,13399
0,3825,38250000,38250000,92,153,38260000,13404
0,3826,38260000,38260000,92,153,38270000,13408
0,3827,38270000,38270000,92,153,38280000,13409
0,3828,38280000,38280000,92,153,38290000,13415
0,3829,38290000,38290000,92,153,38300000,13418
0,383,3830000,3830000,92,153,3840000,1338
0,3830,38300000,38300000,92,153,38310000,13421
0,3831,38310000,38310000,92,153,38320000,13423
0,3832,38320000,38320000,92,153,38330000,13428
0,3833,38330000,38330000,92,153,38340000,13430
0,3834,38340000,38340000,92,153,38350000,13437
0,3835,38350000,38350000,92,153,38360000,13439
0,3836,38360000,38360000,92,153,38370000,13443
0,3837,38370000,38370000,92,153,38380000,13445
0,3838,38380000,38380000,92,153,38390000,13449
0,3839,38390000,38390000,92,153,38400000,13450
0,384,3840000,3840000,92,153,3850000,1344
0,3840,38400000,38400000,92,153,38410000,13457
0,3841,38410000,38410000,92,153,38420000,13459
0,3842,38420000,38420000,92,153,38430000,13463
0,3843,38430000,38430000,92,153,38440000,13467
0,3844,38440000,38440000,92,153,38450000,13471
0,3845,38450000,38450000,92,153,38460000,13472
0,3846,38460000,38460000,92,153,38470000,13478
0,3847,38470000,38470000,92,153,38480000,13481
0,3848,38480000,38480000,92,153,38490000,13484
0,3849,38490000,38490000,92,153,38500000,13486
0,385,3850000,3850000,92,153,3860000,1347
0,3850,38500000,38500000,92,153,38510000,13492
0,3851,38510000,38510000,92,153,38520000,13493
0,3852,38520000,38520000,92,153,38530000,13500
0,3853,38530000,38530000,92,153,38540000,13502
0,3854,38540000,38540000,92,153,38550000,13505
0,3855,38550000,38550000,92,153,38560000,13508
0,3856,38560000,38560000,92,153,38570000,13512
0,3857,38570000,38570000,92,153,38580000,13514
0,3858,38580000,38580000,92,153,38590000,13520
0,3859,38590000,38590000,92,153,38600000,13523
0,386,3860000,3860000,92,153,3870000,1350
0,3860,38600000,38600000,92,153,38610000,13526
0,3861,38610000,38610000,92,153,38620000,13529
0,3862,38620000,38620000,92,153,38630000,13534
0,3863,38630000,38630000,92,153,38640000,13535
0,3864,38640000,38640000,92,153,38650000,13542
0,3865,38650000,38650000,92,153,38660000,13544
0,3866,38660000,38660000,92,153,38670000,13547
0,3867,38670000,38670000,92,153,38680000,13550
0,3868,38680000,38680000,92,153,38690000,13554
0,3869,38690000,38690000,92,153,38700000,13555
0,387,3870000,3870000,92,153,3880000,1353
0,3870,38700000,38700000,92,153,38710000,13563
0,3871,38710000,38710000,92,153,38720000,13566
0,3872,38720000,38720000,92,153,38730000,13569
0,3873,38730000,38730000,92,153,38740000,13571
0,3874,38740000,38740000,92,153,38750000,13575
0,3875,38750000,38750000,92,153,38760000,13576
0,3876,38760000,38760000,92,153,38770000,13583
0,3877,38770000,38770000,92,153,38780000,13586
0,3878,38780000,38780000,92,153,38790000,13590
0,3879,38790000,38790000,92,153,38800000,13593
0,388,3880000,3880000,92,153,3890000,1357
0,3880,38800000,38800000,92,153,38810000,13597
0,3881,38810000,38810000,92,153,38820000,13598
0,3882,38820000,38820000,92,153,38830000,13604
0,3883,38830000,38830000,92,153,38840000,13606
0,3884,38840000,38840000,92,153,38850000,13610
0,3885,38850000,38850000,92,153,38860000,13614
0,3886,38860000,38860000,92,153,38870000,13618
0,3887,38870000,38870000,92,153,38880000,13619
0,3888,38880000,38880000,92,153,38890000,13626
0,3889,38890000,38890000,92,153,38900000,13628
0,389,3890000,3890000,92,153,3900000,1358
0,3890,38900000,38900000,92,153,38910000,13631
0,3891,38910000,38910000,92,153,38920000,13633
0,3892,38920000,38920000,92,153,38930000,13639
0,3893,38930000,38930000,92,153,38940000,13641
0,3894,38940000,38940000,92,153,38950000,13647
0,3895,38950000,38950000,92,153,38960000,13649
0,3896,38960000,38960000,92,153,38970000,13652
0,3897,38970000,38970000,92,153,38980000,13655
0,3898,38980000,38980000,92,153,38990000,13659
0,3899,38990000,38990000,92,153,39000000,13661
0,39,390000,390000,92,153,400000,133
0,390,3900000,3900000,92,153,3910000,1365
0,3900,39000000,39000000,92,153,39010000,13668
0,3901,39010000,39010000,92,153,39020000,13671
0,3902,39020000,39020000,92,153,39030000,13674
0,3903,39030000,39030000,92,153,39040000,13676
0,3904,39040000,39040000,92,153,39050000,13680
0,3905,39050000,39050000,92,153,39060000,13681
0,3906,39060000,39060000,92,153,39070000,13689
0,3907,39070000,39070000,92,153,39080000,13692
0,3908,39080000,39080000,92,153,39090000,13695
0,3909,39090000,39090000,92,153,39100000,13697
0,391,3910000,3910000,92,153,3920000,1368
0,3910,39100000,39100000,92,153,39110000,13702
0,3911,39110000,39110000,92,153,39120000,13703
0,3912,39120000,39120000,92,153,39130000,13709
0,3913,39130000,39130000,92,153,39140000,13712
0,3914,39140000,39140000,92,153,39150000,13715
0,3915,39150000,39150000,92,153,39160000,13719
0,3916,39160000,39160000,92,153,39170000,13723
0,3917,39170000,39170000,92,153,39180000,13724
0,3918,39180000,39180000,92,153,39190000,13731
0,3919,39190000,39190000,92,153,39200000,13733
0,392,3920000,3920000,92,153,3930000,1372
0,3920,39200000,39200000,92,153,39210000,13737
0,3921,39210000,39210000,92,153,39220000,13739
0,3922,39220000,39220000,92,153,39230000,13744
0,3923,39230000,39230000,92,153,39240000,13745
0,3924,39240000,39240000,92,153,39250000,13752
0,3925,39250000,39250000,92,153,39260000,13754
0,3926,39260000,39260000,92,153,39270000,13757
0,3927,39270000,39270000,92,153,39280000,13761
0,3928,39280000,39280000,92,153,39290000,13765
0,3929,39290000,39290000,92,153,39300000,13766
0,393,3930000,3930000,92,153,3940000,1374
0,3930,39300000,39300000,92,153,39310000,13773
0,3931,39310000,39310000,92,153,39320000,13775
0,3932,39320000,39320000,92,153,39330000,13778
0,3933,39330000,39330000,92,153,39340000,13781
0,3934,39340000,39340000,92,153,39350000,13786
0,3935,39350000,39350000,92,153,39360000,13788
0,3936,39360000,39360000,92,153,39370000,13794
0,3937,39370000,39370000,92,153,39380000,13797
0,3938,39380000,39380000,92,153,39390000,13800
0,3939,39390000,39390000,92,153,39400000,13802
0,394,3940000,3940000,92,153,3950000,1378
0,3940,39400000,39400000,92,153,39410000,13806
0,3941,39410000,39410000,92,153,39420000,13808
0,3942,39420000,39420000,92,153,39430000,13815
0,3943,39430000,39430000,92,153,39440000,13817
0,3944,39440000,39440000,92,153,39450000,13821
0,3945,39450000,39450000,92,153,39460000,13824
0,3946,39460000,39460000,92,153,39470000,13828
0,3947,39470000,39470000,92,153,39480000,13829
0,3948,39480000,39480000,92,153,39490000,13836
0,3949,39490000,39490000,92,153,39500000,13838
0,395,3950000,3950000,92,153,3960000,1379
0,3950,39500000,39500000,92,153,39510000,13841
0,3951,39510000,39510000,92,153,39520000,13844
0,3952,39520000,39520000,92,153,39530000,13850
0,3953,39530000,39530000,92,153,39540000,13851
0,3954,39540000,39540000,92,153,39550000,13857
0,3955,39550000,39550000,92,153,39560000,13860
0,3956,39560000,39560000,92,153,39570000,13863
0,3957,39570000,39570000,92,153,39580000,13865
0,3958,39580000,39580000,92,153,39590000,13869
0,3959,39590000,39590000,92,153,39600000,13870
0,396,3960000,3960000,92,153,3970000,1386
0,3960,39600000,39600000,92,153,39610000,13878
0,3961,39610000,39610000,92,153,39620000,13881
0,3962,39620000,39620000,92,153,39630000,13885
0,3963,39630000,39630000,92,153,39640000,13887
0,3964,39640000,39640000,92,153,39650000,13891
0,3965,39650000,39650000,92,153,39660000,13892
0,3966,39660000,39660000,92,153,39670000,13898
0,3967,39670000,39670000,92,153,39680000,13901
0,3968,39680000,39680000,92,153,39690000,13904
0,3969,39690000,39690000,92,153,39700000,13909
0,397,3970000,3970000,92,153,3980000,1389
0,3970,39700000,39700000,92,153,39710000,13913
0,3971,39710000,39710000,92,153,39720000,13914
0,3972,39720000,39720000,92,153,39730000,13920
0,3973,39730000,39730000,92,153,39740000,13922
0,3974,39740000,39740000,92,153,39750000,13925
0,3975,39750000,39750000,92,153,39760000,13928
0,3976,39760000,39760000,92,153,39770000,13933
0,3977,39770000,39770000,92,153,39780000,13934
0,3978,39780000,39780000,92,153,39790000,13942
0,3979,39790000,39790000,92,153,39800000,13944
0,398,3980000,3980000,92,153,3990000,1392
0,3980,39800000,39800000,92,153,39810000,13947
0,3981,39810000,39810000,92,153,39820000,13949
0,3982,39820000,39820000,92,153,39830000,13954
0,3983,39830000,39830000,92,153,39840000,13956
0,3984,39840000,39840000,92,153,39850000,13962
0,3985,39850000,39850000,92,153,39860000,13964
0,3986,39860000,39860000,92,153,39870000,13968
0,3987,39870000,39870000,92,153,39880000,13971
0,3988,39880000,39880000,92,153,39890000,13975
0,3989,39890000,39890000,92,153,39900000,13976
0,399,3990000,3990000,92,153,4000000,1396
0,3990,39900000,39900000,92,153,39910000,13984
0,3991,39910000,39910000,92,153,39920000,13986
0,3992,39920000,39920000,92,153,39930000,13989
0,3993,39930000,39930000,92,153,39940000,13991
0,3994,39940000,39940000,92,153,39950000,13995
0,3995,39950000,39950000,92,153,39960000,13997
0,3996,39960000,39960000,92,153,39970000,14004
0,3997,39970000,39970000,92,153,39980000,14008
0,3998,39980000,39980000,92,153,39990000,14011
0,3999,39990000,39990000,92,153,40000000,14013
0,4,40000,40000,92,153,50000,11
0,40,400000,400000,92,153,410000,137
0,400,4000000,4000000,92,153,4010000,1400
0,4000,40000000,40000000,92,153,40010000,14017
0,4001,40010000,40010000,92,153,40020000,14018
0,4002,40020000,40020000,92,153,40030000,14024
0,4003,40030000,40030000,92,153,40040000,14027
0,4004,40040000,40040000,92,153,40050000,14031
0,4005,40050000,40050000,92,153,40060000,14035
0,4006,40060000,40060000,92,153,40070000,14039
0,4007,40070000,40070000,92,153,40080000,14040
0,4008,40080000,40080000,92,153,40090000,14046
0,4009,40090000,40090000,92,153,40100000,14048
0,401,4010000,4010000,92,153,4020000,1401
0,4010,40100000,40100000,92,153,40110000,14051
0,4011,40110000,40110000,92,153,40120000,14054
0,4012,40120000,40120000,92,153,40130000,14060
0,4013,40130000,40130000,92,153,40140000,14061
0,4014,40140000,40140000,92,153,40150000,14068
0,4015,40150000,40150000,92,153,40160000,14070
0,4016,40160000,40160000,92,153,40170000,14073
0,4017,40170000,40170000,92,153,40180000,14075
0,4018,40180000,40180000,92,153,40190000,14080
0,4019,40190000,40190000,92,153,40200000,14081
0,402,4020000,4020000,92,153,4030000,1407
0,4020,40200000,40200000,92,153,40210000,14089
0,4021,40210000,40210000,92,153,40220000,14091
0,4022,40220000,40220000,92,153,40230000,14094
0,4023,40230000,40230000,92,153,40240000,14097
0,4024,40240000,40240000,92,153,40250000,14101
0,4025,40250000,40250000,92,153,40260000,14103
0,4026,40260000,40260000,92,153,40270000,14109
0,4027,40270000,40270000,92,153,40280000,14112
0,4028,40280000,40280000,92,153,40290000,14115
0,4029,40290000,40290000,92,153,40300000,14118
0,403,4030000,4030000,92,153,4040000,1409
0,4030,40300000,40300000,92,153,40310000,14122
0,4031,40310000,40310000,92,153,40320000,14123
0,4032,40320000,40320000,92,153,40330000,14131
0,4033,40330000,40330000,92,153,40340000,14133
0,4034,40340000,40340000,92,153,40350000,14136
0,4035,40350000,40350000,92,153,40360000,14139
0,4036,40360000,40360000,92,153,40370000,14143
0,4037,40370000,40370000,92,153,40380000,14145
0,4038,40380000,40380000,92,153,40390000,14151
0,4039,40390000,40390000,92,153,40400000,14154
0,404,4040000,4040000,92,153,4050000,1412
0,4040,40400000,40400000,92,153,40410000,14157
0,4041,40410000,40410000,92,153,40420000,14160
0,4042,40420000,40420000,92,153,40430000,14165
0,4043,40430000,40430000,92,153,40440000,14166
0,4044,40440000,40440000,92,153,40450000,14172
0,4045,40450000,40450000,92,153,40460000,14174
0,4046,40460000,40460000,92,153,40470000,14179
0,4047,40470000,40470000,92,153,40480000,14181
0,4048,40480000,40480000,92,153,40490000,14185
0,4049,40490000,40490000,92,153,40500000,14186
0,405,4050000,4050000,92,153,4060000,1416
0,4050,40500000,40500000,92,153,40510000,14194
0,4051,40510000,40510000,92,153,40520000,14196
0,4052,40520000,40520000,92,153,40530000,14199
0,4053,40530000,40530000,92,153,40540000,14202
0,4054,40540000,40540000,92,153,40550000,14207
0,4055,40550000,40550000,92,153,40560000,14208
0,4056,40560000,40560000,92,153,40570000,14214
0,4057,40570000,40570000,92,153,40580000,14217
0,4058,40580000,40580000,92,153,40590000,14220
0,4059,40590000,40590000,92,153,40600000,14223
0,406,4060000,4060000,92,153,4070000,1421
0,4060,40600000,40600000,92,153,40610000,14228
0,4061,40610000,40610000,92,153,40620000,14229
0,4062,40620000,40620000,92,153,40630000,14235
0,4063,40630000,40630000,92,153,40640000,14238
0,4064,40640000,40640000,92,153,40650000,14241
0,4065,40650000,40650000,92,153,40660000,14244
0,4066,40660000,40660000,92,153,40670000,14248
0,4067,40670000,40670000,92,153,40680000,14250
0,4068,40680000,40680000,92,153,40690000,14257
0,4069,40690000,40690000,92,153,40700000,14259
0,407,4070000,4070000,92,153,4080000,1422
0,4070,40700000,40700000,92,153,40710000,14262
0,4071,40710000,40710000,92,153,40720000,14265
0,4072,40720000,40720000,92,153,40730000,14270
0,4073,40730000,40730000,92,153,40740000,14271
0,4074,40740000,40740000,92,153,40750000,14278
0,4075,40750000,40750000,92,153,40760000,14280
0,4076,40760000,40760000,92,153,40770000,14283
0,4077,40770000,40770000,92,153,40780000,14286
0,4078,40780000,40780000,92,153,40790000,14290
0,4079,40790000,40790000,92,153,40800000,14291
0,408,4080000,4080000,92,153,4090000,1429
0,4080,40800000,40800000,92,153,40810000,14299
0,4081,40810000,40810000,92,153,40820000,14302
0,4082,40820000,40820000,92,153,40830000,14305
0,4083,40830000,40830000,92,153,40840000,14307
0,4084,40840000,40840000,92,153,40850000,14311
0,4085,40850000,40850000,92,153,40860000,14312
0,4086,40860000,40860000,92,153,40870000,14319
0,4087,40870000,40870000,92,153,40880000,14322
0,4088,40880000,40880000,92,153,40890000,14327
0,4089,40890000,40890000,92,153,40900000,14329
0,409,4090000,4090000,92,153,4100000,1431
0,4090,40900000,40900000,92,153,40910000,14333
0,4091,40910000,40910000,92,153,40920000,14334
0,4092,40920000,40920000,92,153,40930000,14340
0,4093,40930000,40930000,92,153,40940000,14342
0,4094,40940000,40940000,92,153,40950000,14345
0,4095,40950000,40950000,92,153,40960000,14350
0,4096,40960000,40960000,92,153,40970000,14354
0,4097,40970000,40970000,92,153,40980000,14356
0,4098,40980000,40980000,92,153,40990000,14362
0,4099,40990000,40990000,92,153,41000000,14364
0,41,410000,410000,92,153,420000,138
0,410,4100000,4100000,92,153,4110000,1434
0,4100,41000000,41000000,92,153,41010000,14367
0,4101,41010000,41010000,92,153,41020000,14369
0,4102,41020000,41020000,92,153,41030000,14375
0,4103,41030000,41030000,92,153,41040000,14376
0,4104,41040000,41040000,92,153,41050000,14383
0,4105,41050000,41050000,92,153,41060000,14386
0,4106,41060000,41060000,92,153,41070000,14389
0,4107,41070000,41070000,92,153,41080000,14391
0,4108,41080000,41080000,92,153,41090000,14395
0,4109,41090000,41090000,92,153,41100000,14397
0,411,4110000,4110000,92,153,4120000,1436
0,4110,41100000,41100000,92,153,41110000,14404
0,4111,41110000,41110000,92,153,41120000,14406
0,4112,41120000,41120000,92,153,41130000,14409
0,4113,41130000,41130000,92,153,41140000,14412
0,4114,41140000,41140000,92,153,41150000,14417
0,4115,41150000,41150000,92,153,41160000,14418
0,4116,41160000,41160000,92,153,41170000,14425
0,4117,41170000,41170000,92,153,41180000,14428
0,4118,41180000,41180000,92,153,41190000,14431
0,4119,41190000,41190000,92,153,41200000,14433
0,412,4120000,4120000,92,153,4130000,1441
0,4120,41200000,41200000,92,153,41210000,14437
0,4121,41210000,41210000,92,153,41220000,14438
0,4122,41220000,41220000,92,153,41230000,14446
0,4123,41230000,41230000,92,153,41240000,14449
0,4124,41240000,41240000,92,153,41250000,14452
0,4125,41250000,41250000,92,153,41260000,14455
0,4126,41260000,41260000,92,153,41270000,14459
0,4127,41270000,41270000,92,153,41280000,14460
0,4128,41280000,41280000,92,153,41290000,14466
0,4129,41290000,41290000,92,153,41300000,14468
0,413,4130000,4130000,92,153,4140000,1443
0,4130,41300000,41300000,92,153,41310000,14472
0,4131,41310000,41310000,92,153,41320000,14476
0,4132,41320000,41320000,92,153,41330000,14481
0,4133,41330000,41330000,92,153,41340000,14482
0,4134,41340000,41340000,92,153,41350000,14488
0,4135,41350000,41350000,92,153,41360000,14490
0,4136,41360000,41360000,92,153,41370000,14493
0,4137,41370000,41370000,92,153,41380000,14496
0,4138,41380000,41380000,92,153,41390000,14500
0,4139,41390000,41390000,92,153,41400000,14502
0,414,4140000,4140000,92,153,4150000,1450
0,4140,41400000,41400000,92,153,41410000,14510
0,4141,41410000,41410000,92,153,41420000,14512
0,4142,41420000,41420000,92,153,41430000,14515
0,4143,41430000,41430000,92,153,41440000,14517
0,4144,41440000,41440000,92,153,41450000,14522
0,4145,41450000,41450000,92,153,41460000,14523
0,4146,41460000,41460000,92,153,41470000,14529
0,4147,41470000,41470000,92,153,41480000,14532
0,4148,41480000,41480000,92,153,41490000,14536
0,4149,41490000,41490000,92,153,41500000,14539
0,415,4150000,4150000,92,153,4160000,1452
0,4150,41500000,41500000,92,153,41510000,14543
0,4151,41510000,41510000,92,153,41520000,14545
0,4152,41520000,41520000,92,153,41530000,14551
0,4153,41530000,41530000,92,153,41540000,14553
0,4154,41540000,41540000,92,153,41550000,14556
0,4155,41550000,41550000,92,153,41560000,14559
0,4156,41560000,41560000,92,153,41570000,14564
0,4157,41570000,41570000,92,153,41580000,14565
0,4158,41580000,41580000,92,153,41590000,14573
0,4159,41590000,41590000,92,153,41600000,14575
0,416,4160000,4160000,92,153,4170000,1456
0,4160,41600000,41600000,92,153,41610000,14578
0,4161,41610000,41610000,92,153,41620000,14580
0,4162,41620000,41620000,92,153,41630000,14585
0,4163,41630000,41630000,92,153,41640000,14586
0,4164,41640000,41640000,92,153,41650000,14592
0,4165,41650000,41650000,92,153,41660000,14596
0,4166,41660000,41660000,92,153,41670000,14599
0,4167,41670000,41670000,92,153,41680000,14602
0,4168,41680000,41680000,92,153,41690000,14606
0,4169,41690000,41690000,92,153,41700000,14607
0,417,4170000,4170000,92,153,4180000,1458
0,4170,41700000,41700000,92,153,41710000,14614
0,4171,41710000,41710000,92,153,41720000,14616
0,4172,41720000,41720000,92,153,41730000,14620
0,4173,41730000,41730000,92,153,41740000,14623
0,4174,41740000,41740000,92,153,41750000,14627
0,4175,41750000,41750000,92,153,41760000,14628
0,4176,41760000,41760000,92,153,41770000,14635
0,4177,41770000,41770000,92,153,41780000,14638
0,4178,41780000,41780000,92,153,41790000,14641
0,4179,41790000,41790000,92,153,41800000,14644
0,418,4180000,4180000,92,153,4190000,1462
0,4180,41800000,41800000,92,153,41810000,14648
0,4181,41810000,41810000,92,153,41820000,14649
0,4182,41820000,41820000,92,153,41830000,14656
0,4183,41830000,41830000,92,153,41840000,14658
0,4184,41840000,41840000,92,153,41850000,14661
0,4185,41850000,41850000,92,153,41860000,14665
0,4186,41860000,41860000,92,153,41870000,14670
0,4187,41870000,41870000,92,153,41880000,14671
0,4188,41880000,41880000,92,153,41890000,14677
0,4189,41890000,41890000,92,153,41900000,14679
0,419,4190000,4190000,92,153,4200000,1463
0,4190,41900000,41900000,92,153,41910000,14683
0,4191,41910000,41910000,92,153,41920000,14685
0,4192,41920000,41920000,92,153,41930000,14690
0,4193,41930000,41930000,92,153,41940000,14692
0,4194,41940000,41940000,92,153,41950000,14699
0,4195,41950000,41950000,92,153,41960000,14701
0,4196,41960000,41960000,92,153,41970000,14704
0,4197,41970000,41970000,92,153,41980000,14706
0,4198,41980000,41980000,92,153,41990000,14710
0,4199,41990000,41990000,92,153,42000000,14712
0,42,420000,420000,92,153,430000,146
0,420,4200000,4200000,92,153,4210000,1471
0,4200,42000000,42000000,92,153,42010000,14720
0,4201,42010000,42010000,92,153,42020000,14722
0,4202,42020000,42020000,92,153,42030000,14725
0,4203,42030000,42030000,92,153,42040000,14728
0,4204,42040000,42040000,92,153,42050000,14732
0,4205,42050000,42050000,92,153,42060000,14733
0,4206,42060000,42060000,92,153,42070000,14739
0,4207,42070000,42070000,92,153,42080000,14744
0,4208,42080000,42080000,92,153,42090000,14747
0,4209,42090000,42090000,92,153,42100000,14749
0,421,4210000,4210000,92,153,4220000,1473
0,4210,42100000,42100000,92,153,42110000,14753
0,4211,42110000,42110000,92,153,42120000,14754
0,4212,42120000,42120000,92,153,42130000,14761
0,4213,42130000,42130000,92,153,42140000,14763
0,4214,42140000,42140000,92,153,42150000,14767
0,4215,42150000,42150000,92,153,42160000,14770
0,4216,42160000,42160000,92,153,42170000,14775
0,4217,42170000,42170000,92,153,42180000,14776
0,4218,42180000,42180000,92,153,42190000,14782
0,4219,42190000,42190000,92,153,42200000,14784
0,422,4220000,4220000,92,153,4230000,1476
0,4220,42200000,42200000,92,153,42210000,14787
0,4221,42210000,42210000,92,153,42220000,14791
0,4222,42220000,42220000,92,153,42230000,14796
0,4223,42230000,42230000,92,153,42240000,14797
0,4224,42240000,42240000,92,153,42250000,14804
0,4225,42250000,42250000,92,153,42260000,14806
0,4226,42260000,42260000,92,153,42270000,14809
0,4227,42270000,42270000,92,153,42280000,14811
0,4228,42280000,42280000,92,153,42290000,14816
0,4229,42290000,42290000,92,153,42300000,14817
0,423,4230000,4230000,92,153,4240000,1479
0,4230,42300000,42300000,92,153,42310000,14825
0,4231,42310000,42310000,92,153,42320000,14827
0,4232,42320000,42320000,92,153,42330000,14830
0,4233,42330000,42330000,92,153,42340000,14833
0,4234,42340000,42340000,92,153,42350000,14837
0,4235,42350000,42350000,92,153,42360000,14839
0,4236,42360000,42360000,92,153,42370000,14845
0,4237,42370000,42370000,92,153,42380000,14848
0,4238,42380000,42380000,92,153,42390000,14851
0,4239,42390000,42390000,92,153,42400000,14854
0,424,4240000,4240000,92,153,4250000,1483
0,4240,42400000,42400000,92,153,42410000,14858
0,4241,42410000,42410000,92,153,42420000,14860
0,4242,42420000,42420000,92,153,42430000,14867
0,4243,42430000,42430000,92,153,42440000,14869
0,4244,42440000,42440000,92,153,42450000,14872
0,4245,42450000,42450000,92,153,42460000,14875
0,4246,42460000,42460000,92,153,42470000,14879
0,4247,42470000,42470000,92,153,42480000,14880
0,4248,42480000,42480000,92,153,42490000,14887
0,4249,42490000,42490000,92,153,42500000,14890
0,425,4250000,4250000,92,153,4260000,1485
0,4250,42500000,42500000,92,153,42510000,14894
0,4251,42510000,42510000,92,153,42520000,14896
0,4252,42520000,42520000,92,153,42530000,14901
0,4253,42530000,42530000,92,153,42540000,14902
0,4254,42540000,42540000,92,153,42550000,14908
0,4255,42550000,42550000,92,153,42560000,14910
0,4256,42560000,42560000,92,153,42570000,14914
0,4257,42570000,42570000,92,153,42580000,14917
0,4258,42580000,42580000,92,153,42590000,14922
0,4259,42590000,42590000,92,153,42600000,14923
0,426,4260000,4260000,92,153,4270000,1491
0,4260,42600000,42600000,92,153,42610000,14930
0,4261,42610000,42610000,92,153,42620000,14932
0,4262,42620000,42620000,92,153,42630000,14935
0,4263,42630000,42630000,92,153,42640000,14938
0,4264,42640000,42640000,92,153,42650000,14942
0,4265,42650000,42650000,92,153,42660000,14943
0,4266,42660000,42660000,92,153,42670000,14950
0,4267,42670000,42670000,92,153,42680000,14954
0,4268,42680000,42680000,92,153,42690000,14957
0,4269,42690000,42690000,92,153,42700000,14959
0,427,4270000,4270000,92,153,4280000,1495
0,4270,42700000,42700000,92,153,42710000,14964
0,4271,42710000,42710000,92,153,42720000,14965
0,4272,42720000,42720000,92,153,42730000,14971
0,4273,42730000,42730000,92,153,42740000,14973
0,4274,42740000,42740000,92,153,42750000,14976
0,4275,42750000,42750000,92,153,42760000,14981
0,4276,42760000,42760000,92,153,42770000,14985
0,4277,42770000,42770000,92,153,42780000,14987
0,4278,42780000,42780000,92,153,42790000,14993
0,4279,42790000,42790000,92,153,42800000,14995
0,428,4280000,4280000,92,153,4290000,1498
0,4280,42800000,42800000,92,153,42810000,14998
0,4281,42810000,42810000,92,153,42820000,15000
0,4282,42820000,42820000,92,153,42830000,15005
0,4283,42830000,42830000,92,153,42840000,15006
0,4284,42840000,42840000,92,153,42850000,15015
0,4285,42850000,42850000,92,153,42860000,15017
0,4286,42860000,42860000,92,153,42870000,15020
0,4287,42870000,42870000,92,153,42880000,15022
0,4288,42880000,42880000,92,153,42890000,15026
0,4289,42890000,42890000,92,153,42900000,15027
0,429,4290000,4290000,92,153,4300000,1500
0,4290,42900000,42900000,92,153,42910000,15034
0,4291,42910000,42910000,92,153,42920000,15037
0,4292,42920000,42920000,92,153,42930000,15041
0,4293,42930000,42930000,92,153,42940000,15044
0,4294,42940000,42940000,92,153,42950000,15048
0,4295,42950000,42950000,92,153,42960000,15049
0,4296,42960000,42960000,92,153,42970000,15055
0,4297,42970000,42970000,92,153,42980000,15058
0,4298,42980000,42980000,92,153,42990000,15062
0,4299,42990000,42990000,92,153,43000000,15064
0,43,430000,430000,92,153,440000,148
0,430,4300000,4300000,92,153,4310000,1504
0,4300,43000000,43000000,92,153,43010000,15068
0,4301,43010000,43010000,92,153,43020000,15070
0,4302,43020000,43020000,92,153,43030000,15077
0,4303,43030000,43030000,92,153,43040000,15079
0,4304,43040000,43040000,92,153,43050000,15082
0,4305,43050000,43050000,92,153,43060000,15086
0,4306,43060000,43060000,92,153,43070000,15090
0,4307,43070000,43070000,92,153,43080000,15091
0,4308,43080000,43080000,92,153,43090000,15097
0,4309,43090000,43090000,92,153,43100000,15100
0,431,4310000,4310000,92,153,4320000,1505
0,4310,43100000,43100000,92,153,43110000,15103
0,4311,43110000,43110000,92,153,43120000,15106
0,4312,43120000,43120000,92,153,43130000,15112
0,4313,43130000,43130000,92,153,43140000,15113
0,4314,43140000,43140000,92,153,43150000,15119
0,4315,43150000,43150000,92,153,43160000,15121
0,4316,43160000,43160000,92,153,43170000,15124
0,4317,43170000,43170000,92,153,43180000,15126
0,4318,43180000,43180000,92,153,43190000,15131
0,4319,43190000,43190000,92,153,43200000,15133
0,432,4320000,4320000,92,153,4330000,1512
0,4320,43200000,43200000,92,153,43210000,15141
0,4321,43210000,43210000,92,153,43220000,15143
0,4322,43220000,43220000,92,153,43230000,15146
0,4323,43230000,43230000,92,153,43240000,15148
0,4324,43240000,43240000,92,153,43250000,15152
0,4325,43250000,43250000,92,153,43260000,15153
0,4326,43260000,43260000,92,153,43270000,15161
0,4327,43270000,43270000,92,153,43280000,15164
0,4328,43280000,43280000,92,153,43290000,15167
0,4329,43290000,43290000,92,153,43300000,15170
0,433,4330000,4330000,92,153,4340000,1515
0,4330,43300000,43300000,92,153,43310000,15174
0,4331,43310000,43310000,92,153,43320000,15175
0,4332,43320000,43320000,92,153,43330000,15181
0,4333,43330000,43330000,92,153,43340000,15184
0,4334,43340000,43340000,92,153,43350000,15187
0,4335,43350000,43350000,92,153,43360000,15191
0,4336,43360000,43360000,92,153,43370000,15195
0,4337,43370000,43370000,92,153,43380000,15196
0,4338,43380000,43380000,92,153,43390000,15203
0,4339,43390000,43390000,92,153,43400000,15205
0,434,4340000,4340000,92,153,4350000,1519
0,4340,43400000,43400000,92,153,43410000,15209
0,4341,43410000,43410000,92,153,43420000,15211
0,4342,43420000,43420000,92,153,43430000,15216
0,4343,43430000,43430000,92,153,43440000,15218
0,4344,43440000,43440000,92,153,43450000,15224
0,4345,43450000,43450000,92,153,43460000,15226
0,4346,43460000,43460000,92,153,43470000,15229
0,4347,43470000,43470000,92,153,43480000,15233
0,4348,43480000,43480000,92,153,43490000,15237
0,4349,43490000,43490000,92,153,43500000,15238
0,435,4350000,4350000,92,153,4360000,1522
0,4350,43500000,43500000,92,153,43510000,15245
0,4351,43510000,43510000,92,153,43520000,15247
0,4352,43520000,43520000,92,153,43530000,15251
0,4353,43530000,43530000,92,153,43540000,15253
0,4354,43540000,43540000,92,153,43550000,15258
0,4355,43550000,43550000,92,153,43560000,15259
0,4356,43560000,43560000,92,153,43570000,15266
0,4357,43570000,43570000,92,153,43580000,15269
0,4358,43580000,43580000,92,153,43590000,15272
0,4359,43590000,43590000,92,153,43600000,15274
0,436,4360000,4360000,92,153,4370000,1526
0,4360,43600000,43600000,92,153,43610000,15279
0,4361,43610000,43610000,92,153,43620000,15281
0,4362,43620000,43620000,92,153,43630000,15287
0,4363,43630000,43630000,92,153,43640000,15289
0,4364,43640000,43640000,92,153,43650000,15292
0,4365,43650000,43650000,92,153,43660000,15296
0,4366,43660000,43660000,92,153,43670000,15300
0,4367,43670000,43670000,92,153,43680000,15301
0,4368,43680000,43680000,92,153,43690000,15308
0,4369,43690000,43690000,92,153,43700000,15311
0,437,4370000,4370000,92,153,4380000,1527
0,4370,43700000,43700000,92,153,43710000,15314
0,4371,43710000,43710000,92,153,43720000,15316
0,4372,43720000,43720000,92,153,43730000,15321
0,4373,43730000,43730000,92,153,43740000,15322
0,4374,43740000,43740000,92,153,43750000,15329
0,4375,43750000,43750000,92,153,43760000,15332
0,4376,43760000,43760000,92,153,43770000,15335
0,4377,43770000,43770000,92,153,43780000,15338
0,4378,43780000,43780000,92,153,43790000,15342
0,4379,43790000,43790000,92,153,43800000,15343
0,438,4380000,4380000,92,153,4390000,1533
0,4380,43800000,43800000,92,153,43810000,15350
0,4381,43810000,43810000,92,153,43820000,15352
0,4382,43820000,43820000,92,153,43830000,15356
0,4383,43830000,43830000,92,153,43840000,15359
0,4384,43840000,43840000,92,153,43850000,15363
0,4385,43850000,43850000,92,153,43860000,15364
0,4386,43860000,43860000,92,153,43870000,15371
0,4387,43870000,43870000,92,153,43880000,15374
0,4388,43880000,43880000,92,153,43890000,15377
0,4389,43890000,43890000,92,153,43900000,15380
0,439,4390000,4390000,92,153,4400000,1535
0,4390,43900000,43900000,92,153,43910000,15384
0,4391,43910000,43910000,92,153,43920000,15385
0,4392,43920000,43920000,92,153,43930000,15392
0,4393,43930000,43930000,92,153,43940000,15394
0,4394,43940000,43940000,92,153,43950000,15398
0,4395,43950000,43950000,92,153,43960000,15401
0,4396,43960000,43960000,92,153,43970000,15406
0,4397,43970000,43970000,92,153,43980000,15407
0,4398,43980000,43980000,92,153,43990000,15413
0,4399,43990000,43990000,92,153,44000000,15415
0,44,440000,440000,92,153,450000,151
0,440,4400000,4400000,92,153,4410000,1538
0,4400,44000000,44000000,92,153,44010000,15418
0,4401,44010000,44010000,92,153,44020000,15421
0,4402,44020000,44020000,92,153,44030000,15426
0,4403,44030000,44030000,92,153,44040000,15429
0,4404,44040000,44040000,92,153,44050000,15435
0,4405,44050000,44050000,92,153,44060000,15437
0,4406,44060000,44060000,92,153,44070000,15440
0,4407,44070000,44070000,92,153,44080000,15442
0,4408,44080000,44080000,92,153,44090000,15446
0,4409,44090000,44090000,92,153,44100000,15447
0,441,4410000,4410000,92,153,4420000,1542
0,4410,44100000,44100000,92,153,44110000,15456
0,4411,44110000,44110000,92,153,44120000,15459
0,4412,44120000,44120000,92,153,44130000,15462
0,4413,44130000,44130000,92,153,44140000,15464
0,4414,44140000,44140000,92,153,44150000,15468
0,4415,44150000,44150000,92,153,44160000,15469
0,4416,44160000,44160000,92,153,44170000,15475
0,4417,44170000,44170000,92,153,44180000,15479
0,4418,44180000,44180000,92,153,44190000,15482
0,4419,44190000,44190000,92,153,44200000,15485
0,442,4420000,4420000,92,153,4430000,1548
0,4420,44200000,44200000,92,153,44210000,15490
0,4421,44210000,44210000,92,153,44220000,15491
0,4422,44220000,44220000,92,153,44230000,15497
0,4423,44230000,44230000,92,153,44240000,15499
0,4424,44240000,44240000,92,153,44250000,15503
0,4425,44250000,44250000,92,153,44260000,15506
0,4426,44260000,44260000,92,153,44270000,15510
0,4427,44270000,44270000,92,153,44280000,15511
0,4428,44280000,44280000,92,153,44290000,15519
0,4429,44290000,44290000,92,153,44300000,15521
0,443,4430000,4430000,92,153,4440000,1549
0,4430,44300000,44300000,92,153,44310000,15524
0,4431,44310000,44310000,92,153,44320000,15527
0,4432,44320000,44320000,92,153,44330000,15532
0,4433,44330000,44330000,92,153,44340000,15533
0,4434,44340000,44340000,92,153,44350000,15539
0,4435,44350000,44350000,92,153,44360000,15541
0,4436,44360000,44360000,92,153,44370000,15544
0,4437,44370000,44370000,92,153,44380000,15548
0,4438,44380000,44380000,92,153,44390000,15553
0,4439,44390000,44390000,92,153,44400000,15554
0,444,4440000,4440000,92,153,4450000,1555
0,4440,44400000,44400000,92,153,44410000,15561
0,4441,44410000,44410000,92,153,44420000,15563
0,4442,44420000,44420000,92,153,44430000,15566
0,4443,44430000,44430000,92,153,44440000,15568
0,4444,44440000,44440000,92,153,44450000,15572
0,4445,44450000,44450000,92,153,44460000,15575
0,4446,44460000,44460000,92,153,44470000,15582
0,4447,44470000,44470000,92,153,44480000,15585
0,4448,44480000,44480000,92,153,44490000,15588
0,4449,44490000,44490000,92,153,44500000,15590
0,445,4450000,4450000,92,153,4460000,1557
0,4450,44500000,44500000,92,153,44510000,15594
0,4451,44510000,44510000,92,153,44520000,15595
0,4452,44520000,44520000,92,153,44530000,15602
0,4453,44530000,44530000,92,153,44540000,15604
0,4454,44540000,44540000,92,153,44550000,15608
0,4455,44550000,44550000,92,153,44560000,15612
0,4456,44560000,44560000,92,153,44570000,15616
0,4457,44570000,44570000,92,153,44580000,15617
0,4458,44580000,44580000,92,153,44590000,15623
0,4459,44590000,44590000,92,153,44600000,15626
0,446,4460000,4460000,92,153,4470000,1560
0,4460,44600000,44600000,92,153,44610000,15629
0,4461,44610000,44610000,92,153,44620000,15631
0,4462,44620000,44620000,92,153,44630000,15637
0,4463,44630000,44630000,92,153,44640000,15638
0,4464,44640000,44640000,92,153,44650000,15645
0,4465,44650000,44650000,92,153,44660000,15647
0,4466,44660000,44660000,92,153,44670000,15651
0,4467,44670000,44670000,92,153,44680000,15653
0,4468,44680000,44680000,92,153,44690000,15657
0,4469,44690000,44690000,92,153,44700000,15658
0,447,4470000,4470000,92,153,4480000,1562
0,4470,44700000,44700000,92,153,44710000,15665
0,4471,44710000,44710000,92,153,44720000,15668
0,4472,44720000,44720000,92,153,44730000,15671
0,4473,44730000,44730000,92,153,44740000,15675
0,4474,44740000,44740000,92,153,44750000,15679
0,4475,44750000,44750000,92,153,44760000,15680
0,4476,44760000,44760000,92,153,44770000,15686
0,4477,44770000,44770000,92,153,44780000,15689
0,4478,44780000,44780000,92,153,44790000,15692
0,4479,44790000,44790000,92,153,44800000,15695
0,448,4480000,4480000,92,153,4490000,1567
0,4480,44800000,44800000,92,153,44810000,15700
0,4481,44810000,44810000,92,153,44820000,15701
0,4482,44820000,44820000,92,153,44830000,15708
0,4483,44830000,44830000,92,153,44840000,15710
0,4484,44840000,44840000,92,153,44850000,15713
0,4485,44850000,44850000,92,153,44860000,15716
0,4486,44860000,44860000,92,153,44870000,15720
0,4487,44870000,44870000,92,153,44880000,15722
0,4488,44880000,44880000,92,153,44890000,15729
0,4489,44890000,44890000,92,153,44900000,15731
0,449,4490000,4490000,92,153,4500000,1568
0,4490,44900000,44900000,92,153,44910000,15734
0,4491,44910000,44910000,92,153,44920000,15737
0,4492,44920000,44920000,92,153,44930000,15742
0,4493,44930000,44930000,92,153,44940000,15743
0,4494,44940000,44940000,92,153,44950000,15750
0,4495,44950000,44950000,92,153,44960000,15752
0,4496,44960000,44960000,92,153,44970000,15756
0,4497,44970000,44970000,92,153,44980000,15758
0,4498,44980000,44980000,92,153,44990000,15762
0,4499,44990000,44990000,92,153,45000000,15763
0,45,450000,450000,92,153,460000,155
0,450,4500000,4500000,92,153,4510000,1577
0,4500,45000000,45000000,92,153,45010000,15771
0,4501,45010000,45010000,92,153,45020000,15774
0,4502,45020000,45020000,92,153,45030000,15777
0,4503,45030000,45030000,92,153,45040000,15779
0,4504,45040000,45040000,92,153,45050000,15783
0,4505,45050000,45050000,92,153,45060000,15785
0,4506,45060000,45060000,92,153,45070000,15791
0,4507,45070000,45070000,92,153,45080000,15794
0,4508,45080000,45080000,92,153,45090000,15798
0,4509,45090000,45090000,92,153,45100000,15801
0,451,4510000,4510000,92,153,4520000,1579
0,4510,45100000,45100000,92,153,45110000,15805
0,4511,45110000,45110000,92,153,45120000,15806
0,4512,45120000,45120000,92,153,45130000,15812
0,4513,45130000,45130000,92,153,45140000,15815
0,4514,45140000,45140000,92,153,45150000,15818
0,4515,45150000,45150000,92,153,45160000,15822
0,4516,45160000,45160000,92,153,45170000,15826
0,4517,45170000,45170000,92,153,45180000,15827
0,4518,45180000,45180000,92,153,45190000,15834
0,4519,45190000,45190000,92,153,45200000,15836
0,452,4520000,4520000,92,153,4530000,1582
0,4520,45200000,45200000,92,153,45210000,15839
0,4521,45210000,45210000,92,153,45220000,15841
0,4522,45220000,45220000,92,153,45230000,15848
0,4523,45230000,45230000,92,153,45240000,15849
0,4524,45240000,45240000,92,153,45250000,15855
0,4525,45250000,45250000,92,153,45260000,15857
0,4526,45260000,45260000,92,153,45270000,15860
0,4527,45270000,45270000,92,153,45280000,15863
0,4528,45280000,45280000,92,153,45290000,15867
0,4529,45290000,45290000,92,153,45300000,15869
0,453,4530000,4530000,92,153,4540000,1584
0,4530,45300000,45300000,92,153,45310000,15877
0,4531,45310000,45310000,92,153,45320000,15879
0,4532,45320000,45320000,92,153,45330000,15882
0,4533,45330000,45330000,92,153,45340000,15884
0,4534,45340000,45340000,92,153,45350000,15888
0,4535,45350000,45350000,92,153,45360000,15889
0,4536,45360000,45360000,92,153,45370000,15897
0,4537,45370000,45370000,92,153,45380000,15900
0,4538,45380000,45380000,92,153,45390000,15903
0,4539,45390000,45390000,92,153,45400000,15906
0,454,4540000,4540000,92,153,4550000,1588
0,4540,45400000,45400000,92,153,45410000,15910
0,4541,45410000,45410000,92,153,45420000,15911
0,4542,45420000,45420000,92,153,45430000,15917
0,4543,45430000,45430000,92,153,45440000,15920
0,4544,45440000,45440000,92,153,45450000,15923
0,4545,45450000,45450000,92,153,45460000,15927
0,4546,45460000,45460000,92,153,45470000,15931
0,4547,45470000,45470000,92,153,45480000,15933
0,4548,45480000,45480000,92,153,45490000,15939
0,4549,45490000,45490000,92,153,45500000,15941
0,455,4550000,4550000,92,153,4560000,1590
0,4550,45500000,45500000,92,153,45510000,15945
0,4551,45510000,45510000,92,153,45520000,15947
0,4552,45520000,45520000,92,153,45530000,15952
0,4553,45530000,45530000,92,153,45540000,15953
0,4554,45540000,45540000,92,153,45550000,15960
0,4555,45550000,45550000,92,153,45560000,15962
0,4556,45560000,45560000,92,153,45570000,15966
0,4557,45570000,45570000,92,153,45580000,15969
0,4558,45580000,45580000,92,153,45590000,15973
0,4559,45590000,45590000,92,153,45600000,15974
0,456,4560000,4560000,92,153,4570000,1596
0,4560,45600000,45600000,92,153,45610000,15981
0,4561,45610000,45610000,92,153,45620000,15983
0,4562,45620000,45620000,92,153,45630000,15986
0,4563,45630000,45630000,92,153,45640000,15989
0,4564,45640000,45640000,92,153,45650000,15995
0,4565,45650000,45650000,92,153,45660000,15996
0,4566,45660000,45660000,92,153,45670000,16002
0,4567,45670000,45670000,92,153,45680000,16005
0,4568,45680000,45680000,92,153,45690000,16008
0,4569,45690000,45690000,92,153,45700000,16010
0,457,4570000,4570000,92,153,4580000,1599
0,4570,45700000,45700000,92,153,45710000,16014
0,4571,45710000,45710000,92,153,45720000,16016
0,4572,45720000,45720000,92,153,45730000,16023
0,4573,45730000,45730000,92,153,45740000,16026
0,4574,45740000,45740000,92,153,45750000,16029
0,4575,45750000,45750000,92,153,45760000,16032
0,4576,45760000,45760000,92,153,45770000,16036
0,4577,45770000,45770000,92,153,45780000,16037
0,4578,45780000,45780000,92,153,45790000,16044
0,4579,45790000,45790000,92,153,45800000,16046
0,458,4580000,4580000,92,153,4590000,1602
0,4580,45800000,45800000,92,153,45810000,16049
0,4581,45810000,45810000,92,153,45820000,16053
0,4582,45820000,45820000,92,153,45830000,16058
0,4583,45830000,45830000,92,153,45840000,16059
0,4584,45840000,45840000,92,153,45850000,16065
0,4585,45850000,45850000,92,153,45860000,16068
0,4586,45860000,45860000,92,153,45870000,16071
0,4587,45870000,45870000,92,153,45880000,16073
0,4588,45880000,45880000,92,153,45890000,16077
0,4589,45890000,45890000,92,153,45900000,16078
0,459,4590000,4590000,92,153,4600000,1606
0,4590,45900000,45900000,92,153,45910000,16087
0,4591,45910000,45910000,92,153,45920000,16089
0,4592,45920000,45920000,92,153,45930000,16093
0,4593,45930000,45930000,92,153,45940000,16095
0,4594,45940000,45940000,92,153,45950000,16099
0,4595,45950000,45950000,92,153,45960000,16100
0,4596,45960000,45960000,92,153,45970000,16106
0,4597,45970000,45970000,92,153,45980000,16109
0,4598,45980000,45980000,92,153,45990000,16113
0,4599,45990000,45990000,92,153,46000000,16117
0,46,460000,460000,92,153,470000,159
0,460,4600000,4600000,92,153,4610000,1610
0,4600,46000000,46000000,92,153,46010000,16121
0,4601,46010000,46010000,92,153,46020000,16122
0,4602,46020000,46020000,92,153,46030000,16128
0,4603,46030000,46030000,92,153,46040000,16130
0,4604,46040000,46040000,92,153,46050000,16133
0,4605,46050000,46050000,92,153,46060000,16136
0,4606,46060000,46060000,92,153,46070000,16141
0,4607,46070000,46070000,92,153,46080000,16143
0,4608,46080000,46080000,92,153,46090000,16150
0,4609,46090000,46090000,92,153,46100000,16152
0,461,4610000,4610000,92,153,4620000,1611
0,4610,46100000,46100000,92,153,46110000,16155
0,4611,46110000,46110000,92,153,46120000,16157
0,4612,46120000,46120000,92,153,46130000,16162
0,4613,46130000,46130000,92,153,46140000,16164
0,4614,46140000,46140000,92,153,46150000,16170
0,4615,46150000,46150000,92,153,46160000,16173
0,4616,46160000,46160000,92,153,46170000,16176
0,4617,46170000,46170000,92,153,46180000,16179
0,4618,46180000,46180000,92,153,46190000,16183
0,4619,46190000,46190000,92,153,46200000,16184
0,462,4620000,4620000,92,153,4630000,1618
0,4620,46200000,46200000,92,153,46210000,16192
0,4621,46210000,46210000,92,153,46220000,16194
0,4622,46220000,46220000,92,153,46230000,16197
0,4623,46230000,46230000,92,153,46240000,16199
0,4624,46240000,46240000,92,153,46250000,16204
0,4625,46250000,46250000,92,153,46260000,16205
0,4626,46260000,46260000,92,153,46270000,16212
0,4627,46270000,46270000,92,153,46280000,16216
0,4628,46280000,46280000,92,153,46290000,16219
0,4629,46290000,46290000,92,153,46300000,16221
0,463,4630000,4630000,92,153,4640000,1620
0,4630,46300000,46300000,92,153,46310000,16225
0,4631,46310000,46310000,92,153,46320000,16226
0,4632,46320000,46320000,92,153,46330000,16233
0,4633,46330000,46330000,92,153,46340000,16235
0,4634,46340000,46340000,92,153,46350000,16239
0,4635,46350000,46350000,92,153,46360000,16243
0,4636,46360000,46360000,92,153,46370000,16247
0,4637,46370000,46370000,92,153,46380000,16248
0,4638,46380000,46380000,92,153,46390000,16254
0,4639,46390000,46390000,92,153,46400000,16256
0,464,4640000,4640000,92,153,4650000,1623
0,4640,46400000,46400000,92,153,46410000,16259
0,4641,46410000,46410000,92,153,46420000,16263
0,4642,46420000,46420000,92,153,46430000,16268
0,4643,46430000,46430000,92,153,46440000,16269
0,4644,46440000,46440000,92,153,46450000,16276
0,4645,46450000,46450000,92,153,46460000,16278
0,4646,46460000,46460000,92,153,46470000,16281
0,4647,46470000,46470000,92,153,46480000,16283
0,4648,46480000,46480000,92,153,46490000,16288
0,4649,46490000,46490000,92,153,46500000,16290
0,465,4650000,4650000,92,153,4660000,1626
0,4650,46500000,46500000,92,153,46510000,16297
0,4651,46510000,46510000,92,153,46520000,16299
0,4652,46520000,46520000,92,153,46530000,16302
0,4653,46530000,46530000,92,153,46540000,16305
0,4654,46540000,46540000,92,153,46550000,16309
0,4655,46550000,46550000,92,153,46560000,16311
0,4656,46560000,46560000,92,153,46570000,16317
0,4657,46570000,46570000,92,153,46580000,16320
0,4658,46580000,46580000,92,153,46590000,16324
0,4659,46590000,46590000,92,153,46600000,16326
0,466,4660000,4660000,92,153,4670000,1630
0,4660,46600000,46600000,92,153,46610000,16330
0,4661,46610000,46610000,92,153,46620000,16331
0,4662,46620000,46620000,92,153,46630000,16339
0,4663,46630000,46630000,92,153,46640000,16341
0,4664,46640000,46640000,92,153,46650000,16344
0,4665,46650000,46650000,92,153,46660000,16347
0,4666,46660000,46660000,92,153,46670000,16352
0,4667,46670000,46670000,92,153,46680000,16353
0,4668,46680000,46680000,92,153,46690000,16359
0,4669,46690000,46690000,92,153,46700000,16362
0,467,4670000,4670000,92,153,4680000,1632
0,4670,46700000,46700000,92,153,46710000,16365
0,4671,46710000,46710000,92,153,46720000,16368
0,4672,46720000,46720000,92,153,46730000,16373
0,4673,46730000,46730000,92,153,46740000,16374
0,4674,46740000,46740000,92,153,46750000,16380
0,4675,46750000,46750000,92,153,46760000,16383
0,4676,46760000,46760000,92,153,46770000,16387
0,4677,46770000,46770000,92,153,46780000,16389
0,4678,46780000,46780000,92,153,46790000,16393
0,4679,46790000,46790000,92,153,46800000,16394
0,468,4680000,4680000,92,153,4690000,1639
0,4680,46800000,46800000,92,153,46810000,16402
0,4681,46810000,46810000,92,153,46820000,16404
0,4682,46820000,46820000,92,153,46830000,16407
0,4683,46830000,46830000,92,153,46840000,16411
0,4684,46840000,46840000,92,153,46850000,16415
0,4685,46850000,46850000,92,153,46860000,16416
0,4686,46860000,46860000,92,153,46870000,16422
0,4687,46870000,46870000,92,153,46880000,16425
0,4688,46880000,46880000,92,153,46890000,16428
0,4689,46890000,46890000,92,153,46900000,16431
0,469,4690000,4690000,92,153,4700000,1642
0,4690,46900000,46900000,92,153,46910000,16436
0,4691,46910000,46910000,92,153,46920000,16437
0,4692,46920000,46920000,92,153,46930000,16444
0,4693,46930000,46930000,92,153,46940000,16446
0,4694,46940000,46940000,92,153,46950000,16449
0,4695,46950000,46950000,92,153,46960000,16452
0,4696,46960000,46960000,92,153,46970000,16456
0,4697,46970000,46970000,92,153,46980000,16458
0,4698,46980000,46980000,92,153,46990000,16465
0,4699,46990000,46990000,92,153,47000000,16467
0,47,470000,470000,92,153,480000,160
0,470,4700000,4700000,92,153,4710000,1645
0,4700,47000000,47000000,92,153,47010000,16471
0,4701,47010000,47010000,92,153,47020000,16473
0,4702,47020000,47020000,92,153,47030000,16478
0,4703,47030000,47030000,92,153,47040000,16479
0,4704,47040000,47040000,92,153,47050000,16486
0,4705,47050000,47050000,92,153,47060000,16488
0,4706,47060000,47060000,92,153,47070000,16491
0,4707,47070000,47070000,92,153,47080000,16494
0,4708,47080000,47080000,92,153,47090000,16498
0,4709,47090000,47090000,92,153,47100000,16500
0,471,4710000,4710000,92,153,4720000,1647
0,4710,47100000,47100000,92,153,47110000,16507
0,4711,47110000,47110000,92,153,47120000,16510
0,4712,47120000,47120000,92,153,47130000,16513
0,4713,47130000,47130000,92,153,47140000,16515
0,4714,47140000,47140000,92,153,47150000,16519
0,4715,47150000,47150000,92,153,47160000,16520
0,4716,47160000,47160000,92,153,47170000,16527
0,4717,47170000,47170000,92,153,47180000,16531
0,4718,47180000,47180000,92,153,47190000,16535
0,4719,47190000,47190000,92,153,47200000,16537
0,472,4720000,4720000,92,153,4730000,1652
0,4720,47200000,47200000,92,153,47210000,16541
0,4721,47210000,47210000,92,153,47220000,16542
0,4722,47220000,47220000,92,153,47230000,16548
0,4723,47230000,47230000,92,153,47240000,16550
0,4724,47240000,47240000,92,153,47250000,16553
0,4725,47250000,47250000,92,153,47260000,16558
0,4726,47260000,47260000,92,153,47270000,16563
0,4727,47270000,47270000,92,153,47280000,16564
0,4728,47280000,47280000,92,153,47290000,16570
0,4729,47290000,47290000,92,153,47300000,16572
0,473,4730000,4730000,92,153,4740000,1653
0,4730,47300000,47300000,92,153,47310000,16575
0,4731,47310000,47310000,92,153,47320000,16577
0,4732,47320000,47320000,92,153,47330000,16583
0,4733,47330000,47330000,92,153,47340000,16584
0,4734,47340000,47340000,92,153,47350000,16592
0,4735,47350000,47350000,92,153,47360000,16594
0,4736,47360000,47360000,92,153,47370000,16597
0,4737,47370000,47370000,92,153,47380000,16599
0,4738,47380000,47380000,92,153,47390000,16603
0,4739,47390000,47390000,92,153,47400000,16605
0,474,4740000,4740000,92,153,4750000,1659
0,4740,47400000,47400000,92,153,47410000,16612
0,4741,47410000,47410000,92,153,47420000,16614
0,4742,47420000,47420000,92,153,47430000,16617
0,4743,47430000,47430000,92,153,47440000,16621
0,4744,47440000,47440000,92,153,47450000,16625
0,4745,47450000,47450000,92,153,47460000,16626
0,4746,47460000,47460000,92,153,47470000,16633
0,4747,47470000,47470000,92,153,47480000,16636
0,4748,47480000,47480000,92,153,47490000,16639
0,4749,47490000,47490000,92,153,47500000,16641
0,475,4750000,4750000,92,153,4760000,1661
0,4750,47500000,47500000,92,153,47510000,16645
0,4751,47510000,47510000,92,153,47520000,16647
0,4752,47520000,47520000,92,153,47530000,16654
0,4753,47530000,47530000,92,153,47540000,16657
0,4754,47540000,47540000,92,153,47550000,16660
0,4755,47550000,47550000,92,153,47560000,16663
0,4756,47560000,47560000,92,153,47570000,16667
0,4757,47570000,47570000,92,153,47580000,16668
0,4758,47580000,47580000,92,153,47590000,16674
0,4759,47590000,47590000,92,153,47600000,16676
0,476,4760000,4760000,92,153,4770000,1666
0,4760,47600000,47600000,92,153,47610000,16681
0,4761,47610000,47610000,92,153,47620000,16684
0,4762,47620000,47620000,92,153,47630000,16689
0,4763,47630000,47630000,92,153,47640000,16690
0,4764,47640000,47640000,92,153,47650000,16696
0,4765,47650000,47650000,92,153,47660000,16698
0,4766,47660000,47660000,92,153,47670000,16701
0,4767,47670000,47670000,92,153,47680000,16704
0,4768,47680000,47680000,92,153,47690000,16709
0,4769,47690000,47690000,92,153,47700000,16710
0,477,4770000,4770000,92,153,4780000,1669
0,4770,47700000,47700000,92,153,47710000,16718
0,4771,47710000,47710000,92,153,47720000,16720
0,4772,47720000,47720000,92,153,47730000,16723
0,4773,47730000,47730000,92,153,47740000,16725
0,4774,47740000,47740000,92,153,47750000,16730
0,4775,47750000,47750000,92,153,47760000,16731
0,4776,47760000,47760000,92,153,47770000,16737
0,4777,47770000,47770000,92,153,47780000,16741
0,4778,47780000,47780000,92,153,47790000,16744
0,4779,47790000,47790000,92,153,47800000,16747
0,478,4780000,4780000,92,153,4790000,1673
0,4780,47800000,47800000,92,153,47810000,16751
0,4781,47810000,47810000,92,153,47820000,16753
0,4782,47820000,47820000,92,153,47830000,16759
0,4783,47830000,47830000,92,153,47840000,16761
0,4784,47840000,47840000,92,153,47850000,16764
0,4785,47850000,47850000,92,153,47860000,16768
0,4786,47860000,47860000,92,153,47870000,16772
0,4787,47870000,47870000,92,153,47880000,16773
0,4788,47880000,47880000,92,153,47890000,16781
0,4789,47890000,47890000,92,153,47900000,16783
0,479,4790000,4790000,92,153,4800000,1674
0,4790,47900000,47900000,92,153,47910000,16786
0,4791,47910000,47910000,92,153,47920000,16788
0,4792,47920000,47920000,92,153,47930000,16793
0,4793,47930000,47930000,92,153,47940000,16794
0,4794,47940000,47940000,92,153,47950000,16801
0,4795,47950000,47950000,92,153,47960000,16804
0,4796,47960000,47960000,92,153,47970000,16807
0,4797,47970000,47970000,92,153,47980000,16810
0,4798,47980000,47980000,92,153,47990000,16814
0,4799,47990000,47990000,92,153,48000000,16815
0,48,480000,480000,92,153,490000,166
0,480,4800000,4800000,92,153,4810000,1681
0,4800,48000000,48000000,92,153,48010000,16822
0,4801,48010000,48010000,92,153,48020000,16824
0,4802,48020000,48020000,92,153,48030000,16829
0,4803,48030000,48030000,92,153,48040000,16831
0,4804,48040000,48040000,92,153,48050000,16835
0,4805,48050000,48050000,92,153,48060000,16836
0,4806,48060000,48060000,92,153,48070000,16843
0,4807,48070000,48070000,92,153,48080000,16846
0,4808,48080000,48080000,92,153,48090000,16849
0,4809,48090000,48090000,92,153,48100000,16852
0,481,4810000,4810000,92,153,4820000,1683
0,4810,48100000,48100000,92,153,48110000,16856
0,4811,48110000,48110000,92,153,48120000,16858
0,4812,48120000,48120000,92,153,48130000,16864
0,4813,48130000,48130000,92,153,48140000,16866
0,4814,48140000,48140000,92,153,48150000,16869
0,4815,48150000,48150000,92,153,48160000,16873
0,4816,48160000,48160000,92,153,48170000,16878
0,4817,48170000,48170000,92,153,48180000,16879
0,4818,48180000,48180000,92,153,48190000,16885
0,4819,48190000,48190000,92,153,48200000,16888
0,482,4820000,4820000,92,153,4830000,1686
0,4820,48200000,48200000,92,153,48210000,16891
0,4821,48210000,48210000,92,153,48220000,16893
0,4822,48220000,48220000,92,153,48230000,16898
0,4823,48230000,48230000,92,153,48240000,16900
0,4824,48240000,48240000,92,153,48250000,16907
0,4825,48250000,48250000,92,153,48260000,16909
0,4826,48260000,48260000,92,153,48270000,16912
0,4827,48270000,48270000,92,153,48280000,16914
0,4828,48280000,48280000,92,153,48290000,16919
0,4829,48290000,48290000,92,153,48300000,16920
0,483,4830000,4830000,92,153,4840000,1689
0,4830,48300000,48300000,92,153,48310000,16928
0,4831,48310000,48310000,92,153,48320000,16930
0,4832,48320000,48320000,92,153,48330000,16933
0,4833,48330000,48330000,92,153,48340000,16936
0,4834,48340000,48340000,92,153,48350000,16940
0,4835,48350000,48350000,92,153,48360000,16941
0,4836,48360000,48360000,92,153,48370000,16948
0,4837,48370000,48370000,92,153,48380000,16952
0,4838,48380000,48380000,92,153,48390000,16955
0,4839,48390000,48390000,92,153,48400000,16957
0,484,4840000,4840000,92,153,4850000,1694
0,4840,48400000,48400000,92,153,48410000,16961
0,4841,48410000,48410000,92,153,48420000,16962
0,4842,48420000,48420000,92,153,48430000,16969
0,4843,48430000,48430000,92,153,48440000,16971
0,4844,48440000,48440000,92,153,48450000,16975
0,4845,48450000,48450000,92,153,48460000,16979
0,4846,48460000,48460000,92,153,48470000,16983
0,4847,48470000,48470000,92,153,48480000,16984
0,4848,48480000,48480000,92,153,48490000,16990
0,4849,48490000,48490000,92,153,48500000,16992
0,485,4850000,4850000,92,153,4860000,1695
0,4850,48500000,48500000,92,153,48510000,16995
0,4851,48510000,48510000,92,153,48520000,16999
0,4852,48520000,48520000,92,153,48530000,17004
0,4853,48530000,48530000,92,153,48540000,17006
0,4854,48540000,48540000,92,153,48550000,17012
0,4855,48550000,48550000,92,153,48560000,17014
0,4856,48560000,48560000,92,153,48570000,17017
0,4857,48570000,48570000,92,153,48580000,17019
0,4858,48580000,48580000,92,153,48590000,17024
0,4859,48590000,48590000,92,153,48600000,17025
0,486,4860000,4860000,92,153,4870000,1702
0,4860,48600000,48600000,92,153,48610000,17033
0,4861,48610000,48610000,92,153,48620000,17035
0,4862,48620000,48620000,92,153,48630000,17039
0,4863,48630000,48630000,92,153,48640000,17041
0,4864,48640000,48640000,92,153,48650000,17045
0,4865,48650000,48650000,92,153,48660000,17047
0,4866,48660000,48660000,92,153,48670000,17053
0,4867,48670000,48670000,92,153,48680000,17056
0,4868,48680000,48680000,92,153,48690000,17059
0,4869,48690000,48690000,92,153,48700000,17062
0,487,4870000,4870000,92,153,4880000,1705
0,4870,48700000,48700000,92,153,48710000,17067
0,4871,48710000,48710000,92,153,48720000,17068
0,4872,48720000,48720000,92,153,48730000,17075
0,4873,48730000,48730000,92,153,48740000,17077
0,4874,48740000,48740000,92,153,48750000,17080
0,4875,48750000,48750000,92,153,48760000,17083
0,4876,48760000,48760000,92,153,48770000,17087
0,4877,48770000,48770000,92,153,48780000,17088
0,4878,48780000,48780000,92,153,48790000,17095
0,4879,48790000,48790000,92,153,48800000,17099
0,488,4880000,4880000,92,153,4890000,1708
0,4880,48800000,48800000,92,153,48810000,17102
0,4881,48810000,48810000,92,153,48820000,17104
0,4882,48820000,48820000,92,153,48830000,17109
0,4883,48830000,48830000,92,153,48840000,17110
0,4884,48840000,48840000,92,153,48850000,17116
0,4885,48850000,48850000,92,153,48860000,17118
0,4886,48860000,48860000,92,153,48870000,17122
0,4887,48870000,48870000,92,153,48880000,17126
0,4888,48880000,48880000,92,153,48890000,17130
0,4889,48890000,48890000,92,153,48900000,17131
0,489,4890000,4890000,92,153,4900000,1710
0,4890,48900000,48900000,92,153,48910000,17138
0,4891,48910000,48910000,92,153,48920000,17140
0,4892,48920000,48920000,92,153,48930000,17143
0,4893,48930000,48930000,92,153,48940000,17146
0,4894,48940000,48940000,92,153,48950000,17150
0,4895,48950000,48950000,92,153,48960000,17151
0,4896,48960000,48960000,92,153,48970000,17159
0,4897,48970000,48970000,92,153,48980000,17162
0,4898,48980000,48980000,92,153,48990000,17165
0,4899,48990000,48990000,92,153,49000000,17167
0,49,490000,490000,92,153,500000,169
0,490,4900000,4900000,92,153,4910000,1715
0,4900,49000000,49000000,92,153,49010000,17172
0,4901,49010000,49010000,92,153,49020000,17173
0,4902,49020000,49020000,92,153,49030000,17179
0,4903,49030000,49030000,92,153,49040000,17181
0,4904,49040000,49040000,92,153,49050000,17185
0,4905,49050000,49050000,92,153,49060000,17189
0,4906,49060000,49060000,92,153,49070000,17193
0,4907,49070000,49070000,92,153,49080000,17195
0,4908,49080000,49080000,92,153,49090000,17201
0,4909,49090000,49090000,92,153,49100000,17203
0,491,4910000,4910000,92,153,4920000,1716
0,4910,49100000,49100000,92,153,49110000,17206
0,4911,49110000,49110000,92,153,49120000,17208
0,4912,49120000,49120000,92,153,49130000,17213
0,4913,49130000,49130000,92,153,49140000,17215
0,4914,49140000,49140000,92,153,49150000,17223
0,4915,49150000,49150000,92,153,49160000,17225
0,4916,49160000,49160000,92,153,49170000,17228
0,4917,49170000,49170000,92,153,49180000,17230
0,4918,49180000,49180000,92,153,49190000,17234
0,4919,49190000,49190000,92,153,49200000,17235
0,492,4920000,4920000,92,153,4930000,1722
0,4920,49200000,49200000,92,153,49210000,17242
0,4921,49210000,49210000,92,153,49220000,17246
0,4922,49220000,49220000,92,153,49230000,17249
0,4923,49230000,49230000,92,153,49240000,17252
0,4924,49240000,49240000,92,153,49250000,17256
0,4925,49250000,49250000,92,153,49260000,17257
0,4926,49260000,49260000,92,153,49270000,17263
0,4927,49270000,49270000,92,153,49280000,17266
0,4928,49280000,49280000,92,153,49290000,17270
0,4929,49290000,49290000,92,153,49300000,17272
0,493,4930000,4930000,92,153,4940000,1725
0,4930,49300000,49300000,92,153,49310000,17277
0,4931,49310000,49310000,92,153,49320000,17278
0,4932,49320000,49320000,92,153,49330000,17285
0,4933,49330000,49330000,92,153,49340000,17287
0,4934,49340000,49340000,92,153,49350000,17290
0,4935,49350000,49350000,92,153,49360000,17294
0,4936,49360000,49360000,92,153,49370000,17298
0,4937,49370000,49370000,92,153,49380000,17299
0,4938,49380000,49380000,92,153,49390000,17306
0,4939,49390000,49390000,92,153,49400000,17308
0,494,4940000,4940000,92,153,4950000,1728
0,4940,49400000,49400000,92,153,49410000,17311
0,4941,49410000,49410000,92,153,49420000,17314
0,4942,49420000,49420000,92,153,49430000,17320
0,4943,49430000,49430000,92,153,49440000,17321
0,4944,49440000,49440000,92,153,49450000,17327
0,4945,49450000,49450000,92,153,49460000,17329
0,4946,49460000,49460000,92,153,49470000,17332
0,4947,49470000,49470000,92,153,49480000,17335
0,4948,49480000,49480000,92,153,49490000,17339
0,4949,49490000,49490000,92,153,49500000,17341
0,495,4950000,4950000,92,153,4960000,1732
0,4950,49500000,49500000,92,153,49510000,17349
0,4951,49510000,49510000,92,153,49520000,17351
0,4952,49520000,49520000,92,153,49530000,17354
0,4953,49530000,49530000,92,153,49540000,17356
0,4954,49540000,49540000,92,153,49550000,17360
0,4955,49550000,49550000,92,153,49560000,17362
0,4956,49560000,49560000,92,153,49570000,17369
0,4957,49570000,49570000,92,153,49580000,17372
0,4958,49580000,49580000,92,153,49590000,17375
0,4959,49590000,49590000,92,153,49600000,17378
0,496,4960000,4960000,92,153,4970000,1736
0,4960,49600000,49600000,92,153,49610000,17382
0,4961,49610000,49610000,92,153,49620000,17383
0,4962,49620000,49620000,92,153,49630000,17389
0,4963,49630000,49630000,92,153,49640000,17392
0,4964,49640000,49640000,92,153,49650000,17396
0,4965,49650000,49650000,92,153,49660000,17399
0,4966,49660000,49660000,92,153,49670000,17403
0,4967,49670000,49670000,92,153,49680000,17404
0,4968,49680000,49680000,92,153,49690000,17411
0,4969,49690000,49690000,92,153,49700000,17413
0,497,4970000,4970000,92,153,4980000,1738
0,4970,49700000,49700000,92,153,49710000,17417
0,4971,49710000,49710000,92,153,49720000,17419
0,4972,49720000,49720000,92,153,49730000,17425
0,4973,49730000,49730000,92,153,49740000,17426
0,4974,49740000,49740000,92,153,49750000,17432
0,4975,49750000,49750000,92,153,49760000,17434
0,4976,49760000,49760000,92,153,49770000,17437
0,4977,49770000,49770000,92,153,49780000,17441
0,4978,49780000,49780000,92,153,49790000,17445
0,4979,49790000,49790000,92,153,49800000,17446
0,498,4980000,4980000,92,153,4990000,1744
0,4980,49800000,49800000,92,153,49810000,17453
0,4981,49810000,49810000,92,153,49820000,17456
0,4982,49820000,49820000,92,153,49830000,17459
0,4983,49830000,49830000,92,153,49840000,17461
0,4984,49840000,49840000,92,153,49850000,17466
0,4985,49850000,49850000,92,153,49860000,17467
0,4986,49860000,49860000,92,153,49870000,17474
0,4987,49870000,49870000,92,153,49880000,17477
0,4988,49880000,49880000,92,153,49890000,17480
0,4989,49890000,49890000,92,153,49900000,17483
0,499,4990000,4990000,92,153,5000000,1746
0,4990,49900000,49900000,92,153,49910000,17487
0,4991,49910000,49910000,92,153,49920000,17489
0,4992,49920000,49920000,92,153,49930000,17495
0,4993,49930000,49930000,92,153,49940000,17497
0,4994,49940000,49940000,92,153,49950000,17500
0,4995,49950000,49950000,92,153,49960000,17504
0,4996,49960000,49960000,92,153,49970000,17508
0,4997,49970000,49970000,92,153,49980000,17509
0,4998,49980000,49980000,92,153,49990000,17517
0,4999,49990000,49990000,92,153,50000000,17519
0,5,50000,50000,92,153,60000,12
0,50,500000,500000,92,153,510000,172
0,500,5000000,5000000,92,153,5010000,1749
0,5000,50000000,50000000,92,153,50010000,17522
0,5001,50010000,50010000,92,153,50020000,17524
0,5002,50020000,50020000,92,153,50030000,17529
0,5003,50030000,50030000,92,153,50040000,17530
0,5004,50040000,50040000,92,153,50050000,17537
0,5005,50050000,50050000,92,153,50060000,17540
0,5006,50060000,50060000,92,153,50070000,17544
0,5007,50070000,50070000,92,153,50080000,17546
0,5008,50080000,50080000,92,153,50090000,17550
0,5009,50090000,50090000,92,153,50100000,17551
0,501,5010000,5010000,92,153,5020000,1752
0,5010,50100000,50100000,92,153,50110000,17558
0,5011,50110000,50110000,92,153,50120000,17560
0,5012,50120000,50120000,92,153,50130000,17564
0,5013,50130000,50130000,92,153,50140000,17567
0,5014,50140000,50140000,92,153,50150000,17571
0,5015,50150000,50150000,92,153,50160000,17573
0,5016,50160000,50160000,92,153,50170000,17579
0,5017,50170000,50170000,92,153,50180000,17582
0,5018,50180000,50180000,92,153,50190000,17585
0,5019,50190000,50190000,92,153,50200000,17588
0,502,5020000,5020000,92,153,5030000,1757
0,5020,50200000,50200000,92,153,50210000,17592
0,5021,50210000,50210000,92,153,50220000,17593
0,5022,50220000,50220000,92,153,50230000,17600
0,5023,50230000,50230000,92,153,50240000,17603
0,5024,50240000,50240000,92,153,50250000,17606
0,5025,50250000,50250000,92,153,50260000,17609
0,5026,50260000,50260000,92,153,50270000,17614
0,5027,50270000,50270000,92,153,50280000,17615
0,5028,50280000,50280000,92,153,50290000,17621
0,5029,50290000,50290000,92,153,50300000,17623
0,503,5030000,5030000,92,153,5040000,1758
0,5030,50300000,50300000,92,153,50310000,17626
0,5031,50310000,50310000,92,153,50320000,17629
0,5032,50320000,50320000,92,153,50330000,17635
0,5033,50330000,50330000,92,153,50340000,17637
0,5034,50340000,50340000,92,153,50350000,17643
0,5035,50350000,50350000,92,153,50360000,17645
0,5036,50360000,50360000,92,153,50370000,17648
0,5037,50370000,50370000,92,153,50380000,17650
0,5038,50380000,50380000,92,153,50390000,17654
0,5039,50390000,50390000,92,153,50400000,17655
0,504,5040000,5040000,92,153,5050000,1766
0,5040,50400000,50400000,92,153,50410000,17665
0,5041,50410000,50410000,92,153,50420000,17667
0,5042,50420000,50420000,92,153,50430000,17670
0,5043,50430000,50430000,92,153,50440000,17672
0,5044,50440000,50440000,92,153,50450000,17676
0,5045,50450000,50450000,92,153,50460000,17677
0,5046,50460000,50460000,92,153,50470000,17683
0,5047,50470000,50470000,92,153,50480000,17687
0,5048,50480000,50480000,92,153,50490000,17690
0,5049,50490000,50490000,92,153,50500000,17694
0,505,5050000,5050000,92,153,5060000,1768
0,5050,50500000,50500000,92,153,50510000,17698
0,5051,50510000,50510000,92,153,50520000,17699
0,5052,50520000,50520000,92,153,50530000,17705
0,5053,50530000,50530000,92,153,50540000,17707
0,5054,50540000,50540000,92,153,50550000,17711
0,5055,50550000,50550000,92,153,50560000,17714
0,5056,50560000,50560000,92,153,50570000,17718
0,5057,50570000,50570000,92,153,50580000,17720
0,5058,50580000,50580000,92,153,50590000,17727
0,5059,50590000,50590000,92,153,50600000,17729
0,506,5060000,5060000,92,153,5070000,1771
0,5060,50600000,50600000,92,153,50610000,17732
0,5061,50610000,50610000,92,153,50620000,17735
0,5062,50620000,50620000,92,153,50630000,17740
0,5063,50630000,50630000,92,153,50640000,17741
0,5064,50640000,50640000,92,153,50650000,17747
0,5065,50650000,50650000,92,153,50660000,17749
0,5066,50660000,50660000,92,153,50670000,17753
0,5067,50670000,50670000,92,153,50680000,17756
0,5068,50680000,50680000,92,153,50690000,17761
0,5069,50690000,50690000,92,153,50700000,17762
0,507,5070000,5070000,92,153,5080000,1773
0,5070,50700000,50700000,92,153,50710000,17769
0,5071,50710000,50710000,92,153,50720000,17771
0,5072,50720000,50720000,92,153,50730000,17774
0,5073,50730000,50730000,92,153,50740000,17776
0,5074,50740000,50740000,92,153,50750000,17781
0,5075,50750000,50750000,92,153,50760000,17783
0,5076,50760000,50760000,92,153,50770000,17790
0,5077,50770000,50770000,92,153,50780000,17793
0,5078,50780000,50780000,92,153,50790000,17796
0,5079,50790000,50790000,92,153,50800000,17798
0,508,5080000,5080000,92,153,5090000,1777
0,5080,50800000,50800000,92,153,50810000,17802
0,5081,50810000,50810000,92,153,50820000,17803
0,5082,50820000,50820000,92,153,50830000,17810
0,5083,50830000,50830000,92,153,50840000,17813
0,5084,50840000,50840000,92,153,50850000,17816
0,5085,50850000,50850000,92,153,50860000,17820
0,5086,50860000,50860000,92,153,50870000,17824
0,5087,50870000,50870000,92,153,50880000,17825
0,5088,50880000,50880000,92,153,50890000,17831
0,5089,50890000,50890000,92,153,50900000,17834
0,509,5090000,5090000,92,153,5100000,1778
0,5090,50900000,50900000,92,153,50910000,17837
0,5091,50910000,50910000,92,153,50920000,17840
0,5092,50920000,50920000,92,153,50930000,17845
0,5093,50930000,50930000,92,153,50940000,17846
0,5094,50940000,50940000,92,153,50950000,17853
0,5095,50950000,50950000,92,153,50960000,17855
0,5096,50960000,50960000,92,153,50970000,17859
0,5097,50970000,50970000,92,153,50980000,17861
0,5098,50980000,50980000,92,153,50990000,17865
0,5099,50990000,50990000,92,153,51000000,17866
0,51,510000,510000,92,153,520000,175
0,510,5100000,5100000,92,153,5110000,1786
0,5100,51000000,51000000,92,153,51010000,17874
0,5101,51010000,51010000,92,153,51020000,17876
0,5102,51020000,51020000,92,153,51030000,17879
0,5103,51030000,51030000,92,153,51040000,17883
0,5104,51040000,51040000,92,153,51050000,17887
0,5105,51050000,51050000,92,153,51060000,17888
0,5106,51060000,51060000,92,153,51070000,17894
0,5107,51070000,51070000,92,153,51080000,17897
0,5108,51080000,51080000,92,153,51090000,17901
0,5109,51090000,51090000,92,153,51100000,17903
0,511,5110000,5110000,92,153,5120000,1789
0,5110,51100000,51100000,92,153,51110000,17908
0,5111,51110000,51110000,92,153,51120000,17909
0,5112,51120000,51120000,92,153,51130000,17916
0,5113,51130000,51130000,92,153,51140000,17918
0,5114,51140000,51140000,92,153,51150000,17921
0,5115,51150000,51150000,92,153,51160000,17924
0,5116,51160000,51160000,92,153,51170000,17928
0,5117,51170000,51170000,92,153,51180000,17931
0,5118,51180000,51180000,92,153,51190000,17937
0,5119,51190000,51190000,92,153,51200000,17939
0,512,5120000,5120000,92,153,5130000,1792
0,5120,51200000,51200000,92,153,51210000,17942
0,5121,51210000,51210000,92,153,51220000,17945
0,5122,51220000,51220000,92,153,51230000,17950
0,5123,51230000,51230000,92,153,51240000,17951
0,5124,51240000,51240000,92,153,51250000,17958
0,5125,51250000,51250000,92,153,51260000,17961
0,5126,51260000,51260000,92,153,51270000,17964
0,5127,51270000,51270000,92,153,51280000,17966
0,5128,51280000,51280000,92,153,51290000,17970
0,5129,51290000,51290000,92,153,51300000,17971
0,513,5130000,5130000,92,153,5140000,1795
0,5130,51300000,51300000,92,153,51310000,17979
0,5131,51310000,51310000,92,153,51320000,17982
0,5132,51320000,51320000,92,153,51330000,17985
0,5133,51330000,51330000,92,153,51340000,17987
0,5134,51340000,51340000,92,153,51350000,17992
0,5135,51350000,51350000,92,153,51360000,17993
0,5136,51360000,51360000,92,153,51370000,17999
0,5137,51370000,51370000,92,153,51380000,18002
0,5138,51380000,51380000,92,153,51390000,18006
0,5139,51390000,51390000,92,153,51400000,18009
0,514,5140000,5140000,92,153,5150000,1799
0,5140,51400000,51400000,92,153,51410000,18013
0,5141,51410000,51410000,92,153,51420000,18014
0,5142,51420000,51420000,92,153,51430000,18021
0,5143,51430000,51430000,92,153,51440000,18023
0,5144,51440000,51440000,92,153,51450000,18026
0,5145,51450000,51450000,92,153,51460000,18030
0,5146,51460000,51460000,92,153,51470000,18034
0,5147,51470000,51470000,92,153,51480000,18035
0,5148,51480000,51480000,92,153,51490000,18042
0,5149,51490000,51490000,92,153,51500000,18044
0,515,5150000,5150000,92,153,5160000,1800
0,5150,51500000,51500000,92,153,51510000,18047
0,5151,51510000,51510000,92,153,51520000,18050
0,5152,51520000,51520000,92,153,51530000,18056
0,5153,51530000,51530000,92,153,51540000,18057
0,5154,51540000,51540000,92,153,51550000,18063
0,5155,51550000,51550000,92,153,51560000,18065
0,5156,51560000,51560000,92,153,51570000,18068
0,5157,51570000,51570000,92,153,51580000,18071
0,5158,51580000,51580000,92,153,51590000,18075
0,5159,51590000,51590000,92,153,51600000,18078
0,516,5160000,5160000,92,153,5170000,1806
0,5160,51600000,51600000,92,153,51610000,18085
0,5161,51610000,51610000,92,153,51620000,18087
0,5162,51620000,51620000,92,153,51630000,18090
0,5163,51630000,51630000,92,153,51640000,18092
0,5164,51640000,51640000,92,153,51650000,18096
0,5165,51650000,51650000,92,153,51660000,18097
0,5166,51660000,51660000,92,153,51670000,18105
0,5167,51670000,51670000,92,153,51680000,18108
0,5168,51680000,51680000,92,153,51690000,18112
0,5169,51690000,51690000,92,153,51700000,18114
0,517,5170000,5170000,92,153,5180000,1809
0,5170,51700000,51700000,92,153,51710000,18118
0,5171,51710000,51710000,92,153,51720000,18119
0,5172,51720000,51720000,92,153,51730000,18125
0,5173,51730000,51730000,92,153,51740000,18128
0,5174,51740000,51740000,92,153,51750000,18131
0,5175,51750000,51750000,92,153,51760000,18135
0,5176,51760000,51760000,92,153,51770000,18140
0,5177,51770000,51770000,92,153,51780000,18141
0,5178,51780000,51780000,92,153,51790000,18147
0,5179,51790000,51790000,92,153,51800000,18149
0,518,5180000,5180000,92,153,5190000,1814
0,5180,51800000,51800000,92,153,51810000,18153
0,5181,51810000,51810000,92,153,51820000,18155
0,5182,51820000,51820000,92,153,51830000,18160
0,5183,51830000,51830000,92,153,51840000,18161
0,5184,51840000,51840000,92,153,51850000,18168
0,5185,51850000,51850000,92,153,51860000,18171
0,5186,51860000,51860000,92,153,51870000,18174
0,5187,51870000,51870000,92,153,51880000,18177
0,5188,51880000,51880000,92,153,51890000,18181
0,5189,51890000,51890000,92,153,51900000,18182
0,519,5190000,5190000,92,153,5200000,1816
0,5190,51900000,51900000,92,153,51910000,18189
0,5191,51910000,51910000,92,153,51920000,18191
0,5192,51920000,51920000,92,153,51930000,18194
0,5193,51930000,51930000,92,153,51940000,18198
0,5194,51940000,51940000,92,153,51950000,18203
0,5195,51950000,51950000,92,153,51960000,18204
0,5196,51960000,51960000,92,153,51970000,18210
0,5197,51970000,51970000,92,153,51980000,18213
0,5198,51980000,51980000,92,153,51990000,18216
0,5199,51990000,51990000,92,153,52000000,18218
0,52,520000,520000,92,153,530000,180
0,520,5200000,5200000,92,153,5210000,1820
0,5200,52000000,52000000,92,153,52010000,18222
0,5201,52010000,52010000,92,153,52020000,18224
0,5202,52020000,52020000,92,153,52030000,18232
0,5203,52030000,52030000,92,153,52040000,18234
0,5204,52040000,52040000,92,153,52050000,18237
0,5205,52050000,52050000,92,153,52060000,18240
0,5206,52060000,52060000,92,153,52070000,18244
0,5207,52070000,52070000,92,153,52080000,18245
0,5208,52080000,52080000,92,153,52090000,18252
0,5209,52090000,52090000,92,153,52100000,18254
0,521,5210000,5210000,92,153,5220000,1821
0,5210,52100000,52100000,92,153,52110000,18258
0,5211,52110000,52110000,92,153,52120000,18261
0,5212,52120000,52120000,92,153,52130000,18266
0,5213,52130000,52130000,92,153,52140000,18267
0,5214,52140000,52140000,92,153,52150000,18273
0,5215,52150000,52150000,92,153,52160000,18276
0,5216,52160000,52160000,92,153,52170000,18279
0,5217,52170000,52170000,92,153,52180000,18281
0,5218,52180000,52180000,92,153,52190000,18285
0,5219,52190000,52190000,92,153,52200000,18287
0,522,5220000,5220000,92,153,5230000,1828
0,5220,52200000,52200000,92,153,52210000,18295
0,5221,52210000,52210000,92,153,52220000,18297
0,5222,52220000,52220000,92,153,52230000,18301
0,5223,52230000,52230000,92,153,52240000,18303
0,5224,52240000,52240000,92,153,52250000,18307
0,5225,52250000,52250000,92,153,52260000,18308
0,5226,52260000,52260000,92,153,52270000,18314
0,5227,52270000,52270000,92,153,52280000,18318
0,5228,52280000,52280000,92,153,52290000,18321
0,5229,52290000,52290000,92,153,52300000,18325
0,523,5230000,5230000,92,153,5240000,1830
0,5230,52300000,52300000,92,153,52310000,18329
0,5231,52310000,52310000,92,153,52320000,18330
0,5232,52320000,52320000,92,153,52330000,18336
0,5233,52330000,52330000,92,153,52340000,18338
0,5234,52340000,52340000,92,153,52350000,18341
0,5235,52350000,52350000,92,153,52360000,18344
0,5236,52360000,52360000,92,153,52370000,18350
0,5237,52370000,52370000,92,153,52380000,18351
0,5238,52380000,52380000,92,153,52390000,18358
0,5239,52390000,52390000,92,153,52400000,18360
0,524,5240000,5240000,92,153,5250000,1833
0,5240,52400000,52400000,92,153,52410000,18363
0,5241,52410000,52410000,92,153,52420000,18365
0,5242,52420000,52420000,92,153,52430000,18370
0,5243,52430000,52430000,92,153,52440000,18372
0,5244,52440000,52440000,92,153,52450000,18379
0,5245,52450000,52450000,92,153,52460000,18381
0,5246,52460000,52460000,92,153,52470000,18384
0,5247,52470000,52470000,92,153,52480000,18387
0,5248,52480000,52480000,92,153,52490000,18391
0,5249,52490000,52490000,92,153,52500000,18392
0,525,5250000,5250000,92,153,5260000,1837
0,5250,52500000,52500000,92,153,52510000,18400
0,5251,52510000,52510000,92,153,52520000,18402
0,5252,52520000,52520000,92,153,52530000,18405
0,5253,52530000,52530000,92,153,52540000,18408
0,5254,52540000,52540000,92,153,52550000,18412
0,5255,52550000,52550000,92,153,52560000,18413
0,5256,52560000,52560000,92,153,52570000,18420
0,5257,52570000,52570000,92,153,52580000,18424
0,5258,52580000,52580000,92,153,52590000,18427
0,5259,52590000,52590000,92,153,52600000,18429
0,526,5260000,5260000,92,153,5270000,1841
0,5260,52600000,52600000,92,153,52610000,18433
0,5261,52610000,52610000,92,153,52620000,18435
0,5262,52620000,52620000,92,153,52630000,18441
0,5263,52630000,52630000,92,153,52640000,18443
0,5264,52640000,52640000,92,153,52650000,18447
0,5265,52650000,52650000,92,153,52660000,18451
0,5266,52660000,52660000,92,153,52670000,18455
0,5267,52670000,52670000,92,153,52680000,18456
0,5268,52680000,52680000,92,153,52690000,18462
0,5269,52690000,52690000,92,153,52700000,18464
0,527,5270000,5270000,92,153,5280000,1843
0,5270,52700000,52700000,92,153,52710000,18468
0,5271,52710000,52710000,92,153,52720000,18471
0,5272,52720000,52720000,92,153,52730000,18476
0,5273,52730000,52730000,92,153,52740000,18477
0,5274,52740000,52740000,92,153,52750000,18484
0,5275,52750000,52750000,92,153,52760000,18486
0,5276,52760000,52760000,92,153,52770000,18489
0,5277,52770000,52770000,92,153,52780000,18491
0,5278,52780000,52780000,92,153,52790000,18497
0,5279,52790000,52790000,92,153,52800000,18498
0,528,5280000,5280000,92,153,5290000,1849
0,5280,52800000,52800000,92,153,52810000,18505
0,5281,52810000,52810000,92,153,52820000,18507
0,5282,52820000,52820000,92,153,52830000,18510
0,5283,52830000,52830000,92,153,52840000,18513
0,5284,52840000,52840000,92,153,52850000,18517
0,5285,52850000,52850000,92,153,52860000,18519
0,5286,52860000,52860000,92,153,52870000,18525
0,5287,52870000,52870000,92,153,52880000,18529
0,5288,52880000,52880000,92,153,52890000,18532
0,5289,52890000,52890000,92,153,52900000,18534
0,529,5290000,5290000,92,153,5300000,1851
0,5290,52900000,52900000,92,153,52910000,18538
0,5291,52910000,52910000,92,153,52920000,18539
0,5292,52920000,52920000,92,153,52930000,18547
0,5293,52930000,52930000,92,153,52940000,18549
0,5294,52940000,52940000,92,153,52950000,18552
0,5295,52950000,52950000,92,153,52960000,18556
0,5296,52960000,52960000,92,153,52970000,18560
0,5297,52970000,52970000,92,153,52980000,18561
0,5298,52980000,52980000,92,153,52990000,18567
0,5299,52990000,52990000,92,153,53000000,18570
0,53,530000,530000,92,153,540000,181
0,530,5300000,5300000,92,153,5310000,1854
0,5300,53000000,53000000,92,153,53010000,18573
0,5301,53010000,53010000,92,153,53020000,18576
0,5302,53020000,53020000,92,153,53030000,18581
0,5303,53030000,53030000,92,153,53040000,18582
0,5304,53040000,53040000,92,153,53050000,18589
0,5305,53050000,53050000,92,153,53060000,18591
0,5306,53060000,53060000,92,153,53070000,18595
0,5307,53070000,53070000,92,153,53080000,18597
0,5308,53080000,53080000,92,153,53090000,18601
0,5309,53090000,53090000,92,153,53100000,18602
0,531,5310000,5310000,92,153,5320000,1857
0,5310,53100000,53100000,92,153,53110000,18610
0,5311,53110000,53110000,92,153,53120000,18612
0,5312,53120000,53120000,92,153,53130000,18616
0,5313,53130000,53130000,92,153,53140000,18619
0,5314,53140000,53140000,92,153,53150000,18623
0,5315,53150000,53150000,92,153,53160000,18624
0,5316,53160000,53160000,92,153,53170000,18630
0,5317,53170000,53170000,92,153,53180000,18633
0,5318,53180000,53180000,92,153,53190000,18636
0,5319,53190000,53190000,92,153,53200000,18639
0,532,5320000,5320000,92,153,5330000,1863
0,5320,53200000,53200000,92,153,53210000,18644
0,5321,53210000,53210000,92,153,53220000,18646
0,5322,53220000,53220000,92,153,53230000,18652
0,5323,53230000,53230000,92,153,53240000,18654
0,5324,53240000,53240000,92,153,53250000,18657
0,5325,53250000,53250000,92,153,53260000,18660
0,5326,53260000,53260000,92,153,53270000,18664
0,5327,53270000,53270000,92,153,53280000,18666
0,5328,53280000,53280000,92,153,53290000,18673
0,5329,53290000,53290000,92,153,53300000,18676
0,533,5330000,5330000,92,153,5340000,1864
0,5330,53300000,53300000,92,153,53310000,18679
0,5331,53310000,53310000,92,153,53320000,18681
0,5332,53320000,53320000,92,153,53330000,18686
0,5333,53330000,53330000,92,153,53340000,18687
0,5334,53340000,53340000,92,153,53350000,18694
0,5335,53350000,53350000,92,153,53360000,18696
0,5336,53360000,53360000,92,153,53370000,18699
0,5337,53370000,53370000,92,153,53380000,18702
0,5338,53380000,53380000,92,153,53390000,18707
0,5339,53390000,53390000,92,153,53400000,18708
0,534,5340000,5340000,92,153,5350000,1870
0,5340,53400000,53400000,92,153,53410000,18715
0,5341,53410000,53410000,92,153,53420000,18718
0,5342,53420000,53420000,92,153,53430000,18721
0,5343,53430000,53430000,92,153,53440000,18723
0,5344,53440000,53440000,92,153,53450000,18727
0,5345,53450000,53450000,92,153,53460000,18728
0,5346,53460000,53460000,92,153,53470000,18736
0,5347,53470000,53470000,92,153,53480000,18739
0,5348,53480000,53480000,92,153,53490000,18743
0,5349,53490000,53490000,92,153,53500000,18745
0,535,5350000,5350000,92,153,5360000,1873
0,5350,53500000,53500000,92,153,53510000,18749
0,5351,53510000,53510000,92,153,53520000,18750
0,5352,53520000,53520000,92,153,53530000,18756
0,5353,53530000,53530000,92,153,53540000,18758
0,5354,53540000,53540000,92,153,53550000,18761
0,5355,53550000,53550000,92,153,53560000,18767
0,5356,53560000,53560000,92,153,53570000,18771
0,5357,53570000,53570000,92,153,53580000,18772
0,5358,53580000,53580000,92,153,53590000,18778
0,5359,53590000,53590000,92,153,53600000,18780
0,536,5360000,5360000,92,153,5370000,1876
0,5360,53600000,53600000,92,153,53610000,18783
0,5361,53610000,53610000,92,153,53620000,18785
0,5362,53620000,53620000,92,153,53630000,18791
0,5363,53630000,53630000,92,153,53640000,18793
0,5364,53640000,53640000,92,153,53650000,18800
0,5365,53650000,53650000,92,153,53660000,18802
0,5366,53660000,53660000,92,153,53670000,18805
0,5367,53670000,53670000,92,153,53680000,18807
0,5368,53680000,53680000,92,153,53690000,18811
0,5369,53690000,53690000,92,153,53700000,18813
0,537,5370000,5370000,92,153,5380000,1878
0,5370,53700000,53700000,92,153,53710000,18820
0,5371,53710000,53710000,92,153,53720000,18822
0,5372,53720000,53720000,92,153,53730000,18826
0,5373,53730000,53730000,92,153,53740000,18829
0,5374,53740000,53740000,92,153,53750000,18833
0,5375,53750000,53750000,92,153,53760000,18834
0,5376,53760000,53760000,92,153,53770000,18841
0,5377,53770000,53770000,92,153,53780000,18844
0,5378,53780000,53780000,92,153,53790000,18847
0,5379,53790000,53790000,92,153,53800000,18849
0,538,5380000,5380000,92,153,5390000,1882
0,5380,53800000,53800000,92,153,53810000,18854
0,5381,53810000,53810000,92,153,53820000,18855
0,5382,53820000,53820000,92,153,53830000,18862
0,5383,53830000,53830000,92,153,53840000,18865
0,5384,53840000,53840000,92,153,53850000,18868
0,5385,53850000,53850000,92,153,53860000,18871
0,5386,53860000,53860000,92,153,53870000,18875
0,5387,53870000,53870000,92,153,53880000,18876
0,5388,53880000,53880000,92,153,53890000,18882
0,5389,53890000,53890000,92,153,53900000,18885
0,539,5390000,5390000,92,153,5400000,1884
0,5390,53900000,53900000,92,153,53910000,18889
0,5391,53910000,53910000,92,153,53920000,18892
0,5392,53920000,53920000,92,153,53930000,18897
0,5393,53930000,53930000,92,153,53940000,18898
0,5394,53940000,53940000,92,153,53950000,18904
0,5395,53950000,53950000,92,153,53960000,18906
0,5396,53960000,53960000,92,153,53970000,18909
0,5397,53970000,53970000,92,153,53980000,18913
0,5398,53980000,53980000,92,153,53990000,18917
0,5399,53990000,53990000,92,153,54000000,18918
0,54,540000,540000,92,153,550000,188
0,540,5400000,5400000,92,153,5410000,1892
0,5400,54000000,54000000,92,153,54010000,18926
0,5401,54010000,54010000,92,153,54020000,18928
0,5402,54020000,54020000,92,153,54030000,18931
0,5403,54030000,54030000,92,153,54040000,18933
0,5404,54040000,54040000,92,153,54050000,18938
0,5405,54050000,54050000,92,153,54060000,18939
0,5406,54060000,54060000,92,153,54070000,18946
0,5407,54070000,54070000,92,153,54080000,18949
0,5408,54080000,54080000,92,153,54090000,18952
0,5409,54090000,54090000,92,153,54100000,18955
0,541,5410000,5410000,92,153,5420000,1894
0,5410,54100000,54100000,92,153,54110000,18959
0,5411,54110000,54110000,92,153,54120000,18961
0,5412,54120000,54120000,92,153,54130000,18967
0,5413,54130000,54130000,92,153,54140000,18969
0,5414,54140000,54140000,92,153,54150000,18973
0,5415,54150000,54150000,92,153,54160000,18976
0,5416,54160000,54160000,92,153,54170000,18980
0,5417,54170000,54170000,92,153,54180000,18981
0,5418,54180000,54180000,92,153,54190000,18989
0,5419,54190000,54190000,92,153,54200000,18991
0,542,5420000,5420000,92,153,5430000,1897
0,5420,54200000,54200000,92,153,54210000,18994
0,5421,54210000,54210000,92,153,54220000,18996
0,5422,54220000,54220000,92,153,54230000,19001
0,5423,54230000,54230000,92,153,54240000,19003
0,5424,54240000,54240000,92,153,54250000,19009
0,5425,54250000,54250000,92,153,54260000,19012
0,5426,54260000,54260000,92,153,54270000,19015
0,5427,54270000,54270000,92,153,54280000,19018
0,5428,54280000,54280000,92,153,54290000,19022
0,5429,54290000,54290000,92,153,54300000,19023
0,543,5430000,5430000,92,153,5440000,1899
0,5430,54300000,54300000,92,153,54310000,19030
0,5431,54310000,54310000,92,153,54320000,19033
0,5432,54320000,54320000,92,153,54330000,19037
0,5433,54330000,54330000,92,153,54340000,19039
0,5434,54340000,54340000,92,153,54350000,19043
0,5435,54350000,54350000,92,153,54360000,19044
0,5436,54360000,54360000,92,153,54370000,19051
0,5437,54370000,54370000,92,153,54380000,19054
0,5438,54380000,54380000,92,153,54390000,19057
0,5439,54390000,54390000,92,153,54400000,19060
0,544,5440000,5440000,92,153,5450000,1904
0,5440,54400000,54400000,92,153,54410000,19065
0,5441,54410000,54410000,92,153,54420000,19066
0,5442,54420000,54420000,92,153,54430000,19072
0,5443,54430000,54430000,92,153,54440000,19074
0,5444,54440000,54440000,92,153,54450000,19077
0,5445,54450000,54450000,92,153,54460000,19081
0,5446,54460000,54460000,92,153,54470000,19086
0,5447,54470000,54470000,92,153,54480000,19087
0,5448,54480000,54480000,92,153,54490000,19094
0,5449,54490000,54490000,92,153,54500000,19096
0,545,5450000,5450000,92,153,5460000,1905
0,5450,54500000,54500000,92,153,54510000,19099
0,5451,54510000,54510000,92,153,54520000,19101
0,5452,54520000,54520000,92,153,54530000,19106
0,5453,54530000,54530000,92,153,54540000,19108
0,5454,54540000,54540000,92,153,54550000,19115
0,5455,54550000,54550000,92,153,54560000,19117
0,5456,54560000,54560000,92,153,54570000,19120
0,5457,54570000,54570000,92,153,54580000,19123
0,5458,54580000,54580000,92,153,54590000,19127
0,5459,54590000,54590000,92,153,54600000,19128
0,546,5460000,5460000,92,153,5470000,1912
0,5460,54600000,54600000,92,153,54610000,19136
0,5461,54610000,54610000,92,153,54620000,19138
0,5462,54620000,54620000,92,153,54630000,19141
0,5463,54630000,54630000,92,153,54640000,19144
0,5464,54640000,54640000,92,153,54650000,19148
0,5465,54650000,54650000,92,153,54660000,19150
0,5466,54660000,54660000,92,153,54670000,19156
0,5467,54670000,54670000,92,153,54680000,19160
0,5468,54680000,54680000,92,153,54690000,19163
0,5469,54690000,54690000,92,153,54700000,19165
0,547,5470000,5470000,92,153,5480000,1915
0,5470,54700000,54700000,92,153,54710000,19169
0,5471,54710000,54710000,92,153,54720000,19170
0,5472,54720000,54720000,92,153,54730000,19177
0,5473,54730000,54730000,92,153,54740000,19179
0,5474,54740000,54740000,92,153,54750000,19184
0,5475,54750000,54750000,92,153,54760000,19187
0,5476,54760000,54760000,92,153,54770000,19191
0,5477,54770000,54770000,92,153,54780000,19192
0,5478,54780000,54780000,92,153,54790000,19198
0,5479,54790000,54790000,92,153,54800000,19200
0,548,5480000,5480000,92,153,5490000,1918
0,5480,54800000,54800000,92,153,54810000,19203
0,5481,54810000,54810000,92,153,54820000,19207
0,5482,54820000,54820000,92,153,54830000,19213
0,5483,54830000,54830000,92,153,54840000,19214
0,5484,54840000,54840000,92,153,54850000,19220
0,5485,54850000,54850000,92,153,54860000,19222
0,5486,54860000,54860000,92,153,54870000,19225
0,5487,54870000,54870000,92,153,54880000,19227
0,5488,54880000,54880000,92,153,54890000,19232
0,5489,54890000,54890000,92,153,54900000,19233
0,549,5490000,5490000,92,153,5500000,1921
0,5490,54900000,54900000,92,153,54910000,19241
0,5491,54910000,54910000,92,153,54920000,19244
0,5492,54920000,54920000,92,153,54930000,19247
0,5493,54930000,54930000,92,153,54940000,19249
0,5494,54940000,54940000,92,153,54950000,19253
0,5495,54950000,54950000,92,153,54960000,19255
0,5496,54960000,54960000,92,153,54970000,19261
0,5497,54970000,54970000,92,153,54980000,19264
0,5498,54980000,54980000,92,153,54990000,19267
0,5499,54990000,54990000,92,153,55000000,19271
0,55,550000,550000,92,153,560000,190
0,550,5500000,5500000,92,153,5510000,1925
0,5500,55000000,55000000,92,153,55010000,19275
0,5501,55010000,55010000,92,153,55020000,19276
0,5502,55020000,55020000,92,153,55030000,19283
0,5503,55030000,55030000,92,153,55040000,19285
0,5504,55040000,55040000,92,153,55050000,19288
0,5505,55050000,55050000,92,153,55060000,19291
0,5506,55060000,55060000,92,153,55070000,19295
0,5507,55070000,55070000,92,153,55080000,19296
0,5508,55080000,55080000,92,153,55090000,19304
0,5509,55090000,55090000,92,153,55100000,19307
0,551,5510000,5510000,92,153,5520000,1926
0,5510,55100000,55100000,92,153,55110000,19310
0,5511,55110000,55110000,92,153,55120000,19312
0,5512,55120000,55120000,92,153,55130000,19317
0,5513,55130000,55130000,92,153,55140000,19318
0,5514,55140000,55140000,92,153,55150000,19324
0,5515,55150000,55150000,92,153,55160000,19326
0,5516,55160000,55160000,92,153,55170000,19331
0,5517,55170000,55170000,92,153,55180000,19334
0,5518,55180000,55180000,92,153,55190000,19338
0,5519,55190000,55190000,92,153,55200000,19339
0,552,5520000,5520000,92,153,5530000,1933
0,5520,55200000,55200000,92,153,55210000,19346
0,5521,55210000,55210000,92,153,55220000,19348
0,5522,55220000,55220000,92,153,55230000,19351
0,5523,55230000,55230000,92,153,55240000,19354
0,5524,55240000,55240000,92,153,55250000,19358
0,5525,55250000,55250000,92,153,55260000,19360
0,5526,55260000,55260000,92,153,55270000,19367
0,5527,55270000,55270000,92,153,55280000,19370
0,5528,55280000,55280000,92,153,55290000,19373
0,5529,55290000,55290000,92,153,55300000,19375
0,553,5530000,5530000,92,153,5540000,1936
0,5530,55300000,55300000,92,153,55310000,19380
0,5531,55310000,55310000,92,153,55320000,19381
0,5532,55320000,55320000,92,153,55330000,19387
0,5533,55330000,55330000,92,153,55340000,19390
0,5534,55340000,55340000,92,153,55350000,19393
0,5535,55350000,55350000,92,153,55360000,19397
0,5536,55360000,55360000,92,153,55370000,19401
0,5537,55370000,55370000,92,153,55380000,19403
0,5538,55380000,55380000,92,153,55390000,19409
0,5539,55390000,55390000,92,153,55400000,19411
0,554,5540000,5540000,92,153,5550000,1939
0,5540,55400000,55400000,92,153,55410000,19414
0,5541,55410000,55410000,92,153,55420000,19416
0,5542,55420000,55420000,92,153,55430000,19422
0,5543,55430000,55430000,92,153,55440000,19423
0,5544,55440000,55440000,92,153,55450000,19431
0,5545,55450000,55450000,92,153,55460000,19433
0,5546,55460000,55460000,92,153,55470000,19436
0,5547,55470000,55470000,92,153,55480000,19438
0,5548,55480000,55480000,92,153,55490000,19442
0,5549,55490000,55490000,92,153,55500000,19443
0,555,5550000,5550000,92,153,5560000,1942
0,5550,55500000,55500000,92,153,55510000,19451
0,5551,55510000,55510000,92,153,55520000,19454
0,5552,55520000,55520000,92,153,55530000,19457
0,5553,55530000,55530000,92,153,55540000,19460
0,5554,55540000,55540000,92,153,55550000,19464
0,5555,55550000,55550000,92,153,55560000,19465
0,5556,55560000,55560000,92,153,55570000,19471
0,5557,55570000,55570000,92,153,55580000,19474
0,5558,55580000,55580000,92,153,55590000,19478
0,5559,55590000,55590000,92,153,55600000,19481
0,556,5560000,5560000,92,153,5570000,1946
0,5560,55600000,55600000,92,153,55610000,19485
0,5561,55610000,55610000,92,153,55620000,19486
0,5562,55620000,55620000,92,153,55630000,19493
0,5563,55630000,55630000,92,153,55640000,19495
0,5564,55640000,55640000,92,153,55650000,19498
0,5565,55650000,55650000,92,153,55660000,19502
0,5566,55660000,55660000,92,153,55670000,19506
0,5567,55670000,55670000,92,153,55680000,19508
0,5568,55680000,55680000,92,153,55690000,19514
0,5569,55690000,55690000,92,153,55700000,19516
0,557,5570000,5570000,92,153,5580000,1947
0,5570,55700000,55700000,92,153,55710000,19519
0,5571,55710000,55710000,92,153,55720000,19522
0,5572,55720000,55720000,92,153,55730000,19528
0,5573,55730000,55730000,92,153,55740000,19529
0,5574,55740000,55740000,92,153,55750000,19535
0,5575,55750000,55750000,92,153,55760000,19537
0,5576,55760000,55760000,92,153,55770000,19541
0,5577,55770000,55770000,92,153,55780000,19543
0,5578,55780000,55780000,92,153,55790000,19547
0,5579,55790000,55790000,92,153,55800000,19549
0,558,5580000,5580000,92,153,5590000,1954
0,5580,55800000,55800000,92,153,55810000,19557
0,5581,55810000,55810000,92,153,55820000,19559
0,5582,55820000,55820000,92,153,55830000,19562
0,5583,55830000,55830000,92,153,55840000,19564
0,5584,55840000,55840000,92,153,55850000,19569
0,5585,55850000,55850000,92,153,55860000,19570
0,5586,55860000,55860000,92,153,55870000,19577
0,5587,55870000,55870000,92,153,55880000,19580
0,5588,55880000,55880000,92,153,55890000,19583
0,5589,55890000,55890000,92,153,55900000,19586
0,559,5590000,5590000,92,153,5600000,1956
0,5590,55900000,55900000,92,153,55910000,19590
0,5591,55910000,55910000,92,153,55920000,19591
0,5592,55920000,55920000,92,153,55930000,19597
0,5593,55930000,55930000,92,153,55940000,19601
0,5594,55940000,55940000,92,153,55950000,19604
0,5595,55950000,55950000,92,153,55960000,19607
0,5596,55960000,55960000,92,153,55970000,19611
0,5597,55970000,55970000,92,153,55980000,19612
0,5598,55980000,55980000,92,153,55990000,19619
0,5599,55990000,55990000,92,153,56000000,19621
0,56,560000,560000,92,153,570000,194
0,560,5600000,5600000,92,153,5610000,1960
0,5600,56000000,56000000,92,153,56010000,19625
0,5601,56010000,56010000,92,153,56020000,19628
0,5602,56020000,56020000,92,153,56030000,19633
0,5603,56030000,56030000,92,153,56040000,19634
0,5604,56040000,56040000,92,153,56050000,19640
0,5605,56050000,56050000,92,153,56060000,19642
0,5606,56060000,56060000,92,153,56070000,19645
0,5607,56070000,56070000,92,153,56080000,19649
0,5608,56080000,56080000,92,153,56090000,19653
0,5609,56090000,56090000,92,153,56100000,19654
0,561,5610000,5610000,92,153,5620000,1963
0,5610,56100000,56100000,92,153,56110000,19662
0,5611,56110000,56110000,92,153,56120000,19664
0,5612,56120000,56120000,92,153,56130000,19667
0,5613,56130000,56130000,92,153,56140000,19669
0,5614,56140000,56140000,92,153,56150000,19674
0,5615,56150000,56150000,92,153,56160000,19675
0,5616,56160000,56160000,92,153,56170000,19682
0,5617,56170000,56170000,92,153,56180000,19685
0,5618,56180000,56180000,92,153,56190000,19689
0,5619,56190000,56190000,92,153,56200000,19691
0,562,5620000,5620000,92,153,5630000,1968
0,5620,56200000,56200000,92,153,56210000,19695
0,5621,56210000,56210000,92,153,56220000,19697
0,5622,56220000,56220000,92,153,56230000,19703
0,5623,56230000,56230000,92,153,56240000,19705
0,5624,56240000,56240000,92,153,56250000,19708
0,5625,56250000,56250000,92,153,56260000,19712
0,5626,56260000,56260000,92,153,56270000,19716
0,5627,56270000,56270000,92,153,56280000,19718
0,5628,56280000,56280000,92,153,56290000,19725
0,5629,56290000,56290000,92,153,56300000,19727
0,563,5630000,5630000,92,153,5640000,1969
0,5630,56300000,56300000,92,153,56310000,19730
0,5631,56310000,56310000,92,153,56320000,19732
0,5632,56320000,56320000,92,153,56330000,19737
0,5633,56330000,56330000,92,153,56340000,19738
0,5634,56340000,56340000,92,153,56350000,19745
0,5635,56350000,56350000,92,153,56360000,19749
0,5636,56360000,56360000,92,153,56370000,19752
0,5637,56370000,56370000,92,153,56380000,19754
0,5638,56380000,56380000,92,153,56390000,19758
0,5639,56390000,56390000,92,153,56400000,19759
0,564,5640000,5640000,92,153,5650000,1975
0,5640,56400000,56400000,92,153,56410000,19766
0,5641,56410000,56410000,92,153,56420000,19768
0,5642,56420000,56420000,92,153,56430000,19772
0,5643,56430000,56430000,92,153,56440000,19775
0,5644,56440000,56440000,92,153,56450000,19780
0,5645,56450000,56450000,92,153,56460000,19781
0,5646,56460000,56460000,92,153,56470000,19787
0,5647,56470000,56470000,92,153,56480000,19790
0,5648,56480000,56480000,92,153,56490000,19793
0,5649,56490000,56490000,92,153,56500000,19796
0,565,5650000,5650000,92,153,5660000,1977
0,5650,56500000,56500000,92,153,56510000,19800
0,5651,56510000,56510000,92,153,56520000,19801
0,5652,56520000,56520000,92,153,56530000,19809
0,5653,56530000,56530000,92,153,56540000,19811
0,5654,56540000,56540000,92,153,56550000,19814
0,5655,56550000,56550000,92,153,56560000,19817
0,5656,56560000,56560000,92,153,56570000,19822
0,5657,56570000,56570000,92,153,56580000,19823
0,5658,56580000,56580000,92,153,56590000,19829
0,5659,56590000,56590000,92,153,56600000,19831
0,566,5660000,5660000,92,153,5670000,1980
0,5660,56600000,56600000,92,153,56610000,19834
0,5661,56610000,56610000,92,153,56620000,19838
0,5662,56620000,56620000,92,153,56630000,19843
0,5663,56630000,56630000,92,153,56640000,19845
0,5664,56640000,56640000,92,153,56650000,19851
0,5665,56650000,56650000,92,153,56660000,19853
0,5666,56660000,56660000,92,153,56670000,19856
0,5667,56670000,56670000,92,153,56680000,19858
0,5668,56680000,56680000,92,153,56690000,19862
0,5669,56690000,56690000,92,153,56700000,19864
0,567,5670000,5670000,92,153,5680000,1984
0,5670,56700000,56700000,92,153,56710000,19873
0,5671,56710000,56710000,92,153,56720000,19875
0,5672,56720000,56720000,92,153,56730000,19878
0,5673,56730000,56730000,92,153,56740000,19880
0,5674,56740000,56740000,92,153,56750000,19884
0,5675,56750000,56750000,92,153,56760000,19885
0,5676,56760000,56760000,92,153,56770000,19891
0,5677,56770000,56770000,92,153,56780000,19895
0,5678,56780000,56780000,92,153,56790000,19899
0,5679,56790000,56790000,92,153,56800000,19902
0,568,5680000,5680000,92,153,5690000,1988
0,5680,56800000,56800000,92,153,56810000,19906
0,5681,56810000,56810000,92,153,56820000,19907
0,5682,56820000,56820000,92,153,56830000,19913
0,5683,56830000,56830000,92,153,56840000,19915
0,5684,56840000,56840000,92,153,56850000,19919
0,5685,56850000,56850000,92,153,56860000,19922
0,5686,56860000,56860000,92,153,56870000,19927
0,5687,56870000,56870000,92,153,56880000,19928
0,5688,56880000,56880000,92,153,56890000,19935
0,5689,56890000,56890000,92,153,56900000,19937
0,569,5690000,5690000,92,153,5700000,1990
0,5690,56900000,56900000,92,153,56910000,19940
0,5691,56910000,56910000,92,153,56920000,19943
0,5692,56920000,56920000,92,153,56930000,19948
0,5693,56930000,56930000,92,153,56940000,19949
0,5694,56940000,56940000,92,153,56950000,19955
0,5695,56950000,56950000,92,153,56960000,19958
0,5696,56960000,56960000,92,153,56970000,19961
0,5697,56970000,56970000,92,153,56980000,19964
0,5698,56980000,56980000,92,153,56990000,19969
0,5699,56990000,56990000,92,153,57000000,19970
0,57,570000,570000,92,153,580000,196
0,570,5700000,5700000,92,153,5710000,1997
0,5700,57000000,57000000,92,153,57010000,19977
0,5701,57010000,57010000,92,153,57020000,19979
0,5702,57020000,57020000,92,153,57030000,19982
0,5703,57030000,57030000,92,153,57040000,19985
0,5704,57040000,57040000,92,153,57050000,19989
0,5705,57050000,57050000,92,153,57060000,19991
0,5706,57060000,57060000,92,153,57070000,19998
0,5707,57070000,57070000,92,153,57080000,20001
0,5708,57080000,57080000,92,153,57090000,20004
0,5709,57090000,57090000,92,153,57100000,20006
0,571,5710000,5710000,92,153,5720000,1999
0,5710,57100000,57100000,92,153,57110000,20010
0,5711,57110000,57110000,92,153,57120000,20011
0,5712,57120000,57120000,92,153,57130000,20019
0,5713,57130000,57130000,92,153,57140000,20021
0,5714,57140000,57140000,92,153,57150000,20024
0,5715,57150000,57150000,92,153,57160000,20028
0,5716,57160000,57160000,92,153,57170000,20032
0,5717,57170000,57170000,92,153,57180000,20033
0,5718,57180000,57180000,92,153,57190000,20039
0,5719,57190000,57190000,92,153,57200000,20042
0,572,5720000,5720000,92,153,5730000,2002
0,5720,57200000,57200000,92,153,57210000,20046
0,5721,57210000,57210000,92,153,57220000,20048
0,5722,57220000,57220000,92,153,57230000,20053
0,5723,57230000,57230000,92,153,57240000,20054
0,5724,57240000,57240000,92,153,57250000,20061
0,5725,57250000,57250000,92,153,57260000,20063
0,5726,57260000,57260000,92,153,57270000,20067
0,5727,57270000,57270000,92,153,57280000,20069
0,5728,57280000,57280000,92,153,57290000,20073
0,5729,57290000,57290000,92,153,57300000,20075
0,573,5730000,5730000,92,153,5740000,2004
0,5730,57300000,57300000,92,153,57310000,20082
0,5731,57310000,57310000,92,153,57320000,20084
0,5732,57320000,57320000,92,153,57330000,20087
0,5733,57330000,57330000,92,153,57340000,20091
0,5734,57340000,57340000,92,153,57350000,20095
0,5735,57350000,57350000,92,153,57360000,20096
0,5736,57360000,57360000,92,153,57370000,20102
0,5737,57370000,57370000,92,153,57380000,20106
0,5738,57380000,57380000,92,153,57390000,20109
0,5739,57390000,57390000,92,153,57400000,20111
0,574,5740000,5740000,92,153,5750000,2009
0,5740,57400000,57400000,92,153,57410000,20116
0,5741,57410000,57410000,92,153,57420000,20117
0,5742,57420000,57420000,92,153,57430000,20124
0,5743,57430000,57430000,92,153,57440000,20126
0,5744,57440000,57440000,92,153,57450000,20129
0,5745,57450000,57450000,92,153,57460000,20132
0,5746,57460000,57460000,92,153,57470000,20137
0,5747,57470000,57470000,92,153,57480000,20139
0,5748,57480000,57480000,92,153,57490000,20145
0,5749,57490000,57490000,92,153,57500000,20147
0,575,5750000,5750000,92,153,5760000,2010
0,5750,57500000,57500000,92,153,57510000,20150
0,5751,57510000,57510000,92,153,57520000,20153
0,5752,57520000,57520000,92,153,57530000,20158
0,5753,57530000,57530000,92,153,57540000,20159
0,5754,57540000,57540000,92,153,57550000,20167
0,5755,57550000,57550000,92,153,57560000,20169
0,5756,57560000,57560000,92,153,57570000,20172
0,5757,57570000,57570000,92,153,57580000,20174
0,5758,57580000,57580000,92,153,57590000,20178
0,5759,57590000,57590000,92,153,57600000,20179
0,576,5760000,5760000,92,153,5770000,2017
0,5760,57600000,57600000,92,153,57610000,20187
0,5761,57610000,57610000,92,153,57620000,20190
0,5762,57620000,57620000,92,153,57630000,20193
0,5763,57630000,57630000,92,153,57640000,20196
0,5764,57640000,57640000,92,153,57650000,20200
0,5765,57650000,57650000,92,153,57660000,20201
0,5766,57660000,57660000,92,153,57670000,20207
0,5767,57670000,57670000,92,153,57680000,20210
0,5768,57680000,57680000,92,153,57690000,20214
0,5769,57690000,57690000,92,153,57700000,20217
0,577,5770000,5770000,92,153,5780000,2020
0,5770,57700000,57700000,92,153,57710000,20221
0,5771,57710000,57710000,92,153,57720000,20223
0,5772,57720000,57720000,92,153,57730000,20229
0,5773,57730000,57730000,92,153,57740000,20231
0,5774,57740000,57740000,92,153,57750000,20234
0,5775,57750000,57750000,92,153,57760000,20238
0,5776,57760000,57760000,92,153,57770000,20242
0,5777,57770000,57770000,92,153,57780000,20243
0,5778,57780000,57780000,92,153,57790000,20250
0,5779,57790000,57790000,92,153,57800000,20252
0,578,5780000,5780000,92,153,5790000,2024
0,5780,57800000,57800000,92,153,57810000,20256
0,5781,57810000,57810000,92,153,57820000,20258
0,5782,57820000,57820000,92,153,57830000,20264
0,5783,57830000,57830000,92,153,57840000,20265
0,5784,57840000,57840000,92,153,57850000,20271
0,5785,57850000,57850000,92,153,57860000,20273
0,5786,57860000,57860000,92,153,57870000,20276
0,5787,57870000,57870000,92,153,57880000,20279
0,5788,57880000,57880000,92,153,57890000,20284
0,5789,57890000,57890000,92,153,57900000,20286
0,579,5790000,5790000,92,153,5800000,2026
0,5790,57900000,57900000,92,153,57910000,20293
0,5791,57910000,57910000,92,153,57920000,20295
0,5792,57920000,57920000,92,153,57930000,20298
0,5793,57930000,57930000,92,153,57940000,20300
0,5794,57940000,57940000,92,153,57950000,20304
0,5795,57950000,57950000,92,153,57960000,20305
0,5796,57960000,57960000,92,153,57970000,20313
0,5797,57970000,57970000,92,153,57980000,20317
0,5798,57980000,57980000,92,153,57990000,20320
0,5799,57990000,57990000,92,153,58000000,20322
0,58,580000,580000,92,153,590000,200
0,580,5800000,5800000,92,153,5810000,2030
0,5800,58000000,58000000,92,153,58010000,20326
0,5801,58010000,58010000,92,153,58020000,20327
0,5802,58020000,58020000,92,153,58030000,20333
0,5803,58030000,58030000,92,153,58040000,20336
0,5804,58040000,58040000,92,153,58050000,20339
0,5805,58050000,58050000,92,153,58060000,20344
0,5806,58060000,58060000,92,153,58070000,20348
0,5807,58070000,58070000,92,153,58080000,20349
0,5808,58080000,58080000,92,153,58090000,20355
0,5809,58090000,58090000,92,153,58100000,20357
0,581,5810000,5810000,92,153,5820000,2032
0,5810,58100000,58100000,92,153,58110000,20361
0,5811,58110000,58110000,92,153,58120000,20363
0,5812,58120000,58120000,92,153,58130000,20368
0,5813,58130000,58130000,92,153,58140000,20369
0,5814,58140000,58140000,92,153,58150000,20377
0,5815,58150000,58150000,92,153,58160000,20379
0,5816,58160000,58160000,92,153,58170000,20382
0,5817,58170000,58170000,92,153,58180000,20385
0,5818,58180000,58180000,92,153,58190000,20389
0,5819,58190000,58190000,92,153,58200000,20390
0,582,5820000,5820000,92,153,5830000,2038
0,5820,58200000,58200000,92,153,58210000,20397
0,5821,58210000,58210000,92,153,58220000,20399
0,5822,58220000,58220000,92,153,58230000,20403
0,5823,58230000,58230000,92,153,58240000,20406
0,5824,58240000,58240000,92,153,58250000,20411
0,5825,58250000,58250000,92,153,58260000,20412
0,5826,58260000,58260000,92,153,58270000,20418
0,5827,58270000,58270000,92,153,58280000,20421
0,5828,58280000,58280000,92,153,58290000,20424
0,5829,58290000,58290000,92,153,58300000,20426
0,583,5830000,5830000,92,153,5840000,2040
0,5830,58300000,58300000,92,153,58310000,20430
0,5831,58310000,58310000,92,153,58320000,20433
0,5832,58320000,58320000,92,153,58330000,20440
0,5833,58330000,58330000,92,153,58340000,20442
0,5834,58340000,58340000,92,153,58350000,20445
0,5835,58350000,58350000,92,153,58360000,20448
0,5836,58360000,58360000,92,153,58370000,20452
0,5837,58370000,58370000,92,153,58380000,20453
0,5838,58380000,58380000,92,153,58390000,20460
0,5839,58390000,58390000,92,153,58400000,20463
0,584,5840000,5840000,92,153,5850000,2043
0,5840,58400000,58400000,92,153,58410000,20466
0,5841,58410000,58410000,92,153,58420000,20469
0,5842,58420000,58420000,92,153,58430000,20474
0,5843,58430000,58430000,92,153,58440000,20475
0,5844,58440000,58440000,92,153,58450000,20481
0,5845,58450000,58450000,92,153,58460000,20484
0,5846,58460000,58460000,92,153,58470000,20487
0,5847,58470000,58470000,92,153,58480000,20489
0,5848,58480000,58480000,92,153,58490000,20494
0,5849,58490000,58490000,92,153,58500000,20495
0,585,5850000,5850000,92,153,5860000,2047
0,5850,58500000,58500000,92,153,58510000,20503
0,5851,58510000,58510000,92,153,58520000,20505
0,5852,58520000,58520000,92,153,58530000,20509
0,5853,58530000,58530000,92,153,58540000,20511
0,5854,58540000,58540000,92,153,58550000,20515
0,5855,58550000,58550000,92,153,58560000,20516
0,5856,58560000,58560000,92,153,58570000,20523
0,5857,58570000,58570000,92,153,58580000,20526
0,5858,58580000,58580000,92,153,58590000,20529
0,5859,58590000,58590000,92,153,58600000,20533
0,586,5860000,5860000,92,153,5870000,2052
0,5860,58600000,58600000,92,153,58610000,20537
0,5861,58610000,58610000,92,153,58620000,20538
0,5862,58620000,58620000,92,153,58630000,20544
0,5863,58630000,58630000,92,153,58640000,20546
0,5864,58640000,58640000,92,153,58650000,20549
0,5865,58650000,58650000,92,153,58660000,20553
0,5866,58660000,58660000,92,153,58670000,20558
0,5867,58670000,58670000,92,153,58680000,20559
0,5868,58680000,58680000,92,153,58690000,20566
0,5869,58690000,58690000,92,153,58700000,20568
0,587,5870000,5870000,92,153,5880000,2053
0,5870,58700000,58700000,92,153,58710000,20571
0,5871,58710000,58710000,92,153,58720000,20573
0,5872,58720000,58720000,92,153,58730000,20578
0,5873,58730000,58730000,92,153,58740000,20581
0,5874,58740000,58740000,92,153,58750000,20587
0,5875,58750000,58750000,92,153,58760000,20589
0,5876,58760000,58760000,92,153,58770000,20592
0,5877,58770000,58770000,92,153,58780000,20595
0,5878,58780000,58780000,92,153,58790000,20599
0,5879,58790000,58790000,92,153,58800000,20600
0,588,5880000,5880000,92,153,5890000,2060
0,5880,58800000,58800000,92,153,58810000,20608
0,5881,58810000,58810000,92,153,58820000,20610
0,5882,58820000,58820000,92,153,58830000,20614
0,5883,58830000,58830000,92,153,58840000,20616
0,5884,58840000,58840000,92,153,58850000,20620
0,5885,58850000,58850000,92,153,58860000,20621
0,5886,58860000,58860000,92,153,58870000,20628
0,5887,58870000,58870000,92,153,58880000,20632
0,5888,58880000,58880000,92,153,58890000,20635
0,5889,58890000,58890000,92,153,58900000,20637
0,589,5890000,5890000,92,153,5900000,2062
0,5890,58900000,58900000,92,153,58910000,20642
0,5891,58910000,58910000,92,153,58920000,20643
0,5892,58920000,58920000,92,153,58930000,20649
0,5893,58930000,58930000,92,153,58940000,20651
0,5894,58940000,58940000,92,153,58950000,20655
0,5895,58950000,58950000,92,153,58960000,20659
0,5896,58960000,58960000,92,153,58970000,20663
0,5897,58970000,58970000,92,153,58980000,20664
0,5898,58980000,58980000,92,153,58990000,20670
0,5899,58990000,58990000,92,153,59000000,20673
0,59,590000,590000,92,153,600000,202
0,590,5900000,5900000,92,153,5910000,2065
0,5900,59000000,59000000,92,153,59010000,20676
0,5901,59010000,59010000,92,153,59020000,20679
0,5902,59020000,59020000,92,153,59030000,20684
0,5903,59030000,59030000,92,153,59040000,20685
0,5904,59040000,59040000,92,153,59050000,20692
0,5905,59050000,59050000,92,153,59060000,20694
0,5906,59060000,59060000,92,153,59070000,20697
0,5907,59070000,59070000,92,153,59080000,20700
0,5908,59080000,59080000,92,153,59090000,20705
0,5909,59090000,59090000,92,153,59100000,20706
0,591,5910000,5910000,92,153,5920000,2067
0,5910,59100000,59100000,92,153,59110000,20713
0,5911,59110000,59110000,92,153,59120000,20715
0,5912,59120000,59120000,92,153,59130000,20718
0,5913,59130000,59130000,92,153,59140000,20721
0,5914,59140000,59140000,92,153,59150000,20725
0,5915,59150000,59150000,92,153,59160000,20727
0,5916,59160000,59160000,92,153,59170000,20734
0,5917,59170000,59170000,92,153,59180000,20737
0,5918,59180000,59180000,92,153,59190000,20740
0,5919,59190000,59190000,92,153,59200000,20742
0,592,5920000,5920000,92,153,5930000,2072
0,5920,59200000,59200000,92,153,59210000,20746
0,5921,59210000,59210000,92,153,59220000,20747
0,5922,59220000,59220000,92,153,59230000,20755
0,5923,59230000,59230000,92,153,59240000,20757
0,5924,59240000,59240000,92,153,59250000,20761
0,5925,59250000,59250000,92,153,59260000,20764
0,5926,59260000,59260000,92,153,59270000,20768
0,5927,59270000,59270000,92,153,59280000,20769
0,5928,59280000,59280000,92,153,59290000,20775
0,5929,59290000,59290000,92,153,59300000,20778
0,593,5930000,5930000,92,153,5940000,2073
0,5930,59300000,59300000,92,153,59310000,20781
0,5931,59310000,59310000,92,153,59320000,20784
0,5932,59320000,59320000,92,153,59330000,20789
0,5933,59330000,59330000,92,153,59340000,20791
0,5934,59340000,59340000,92,153,59350000,20797
0,5935,59350000,59350000,92,153,59360000,20799
0,5936,59360000,59360000,92,153,59370000,20803
0,5937,59370000,59370000,92,153,59380000,20805
0,5938,59380000,59380000,92,153,59390000,20809
0,5939,59390000,59390000,92,153,59400000,20810
0,594,5940000,5940000,92,153,5950000,2080
0,5940,59400000,59400000,92,153,59410000,20818
0,5941,59410000,59410000,92,153,59420000,20821
0,5942,59420000,59420000,92,153,59430000,20824
0,5943,59430000,59430000,92,153,59440000,20827
0,5944,59440000,59440000,92,153,59450000,20831
0,5945,59450000,59450000,92,153,59460000,20832
0,5946,59460000,59460000,92,153,59470000,20838
0,5947,59470000,59470000,92,153,59480000,20841
0,5948,59480000,59480000,92,153,59490000,20844
0,5949,59490000,59490000,92,153,59500000,20847
0,595,5950000,5950000,92,153,5960000,2084
0,5950,59500000,59500000,92,153,59510000,20853
0,5951,59510000,59510000,92,153,59520000,20854
0,5952,59520000,59520000,92,153,59530000,20860
0,5953,59530000,59530000,92,153,59540000,20862
0,5954,59540000,59540000,92,153,59550000,20865
0,5955,59550000,59550000,92,153,59560000,20868
0,5956,59560000,59560000,92,153,59570000,20872
0,5957,59570000,59570000,92,153,59580000,20874
0,5958,59580000,59580000,92,153,59590000,20882
0,5959,59590000,59590000,92,153,59600000,20884
0,596,5960000,5960000,92,153,5970000,2087
0,5960,59600000,59600000,92,153,59610000,20887
0,5961,59610000,59610000,92,153,59620000,20889
0,5962,59620000,59620000,92,153,59630000,20894
0,5963,59630000,59630000,92,153,59640000,20895
0,5964,59640000,59640000,92,153,59650000,20902
0,5965,59650000,59650000,92,153,59660000,20904
0,5966,59660000,59660000,92,153,59670000,20907
0,5967,59670000,59670000,92,153,59680000,20911
0,5968,59680000,59680000,92,153,59690000,20915
0,5969,59690000,59690000,92,153,59700000,20916
0,597,5970000,5970000,92,153,5980000,2089
0,5970,59700000,59700000,92,153,59710000,20923
0,5971,59710000,59710000,92,153,59720000,20926
0,5972,59720000,59720000,92,153,59730000,20929
0,5973,59730000,59730000,92,153,59740000,20931
0,5974,59740000,59740000,92,153,59750000,20935
0,5975,59750000,59750000,92,153,59760000,20937
0,5976,59760000,59760000,92,153,59770000,20944
0,5977,59770000,59770000,92,153,59780000,20947
0,5978,59780000,59780000,92,153,59790000,20951
0,5979,59790000,59790000,92,153,59800000,20953
0,598,5980000,5980000,92,153,5990000,2093
0,5980,59800000,59800000,92,153,59810000,20957
0,5981,59810000,59810000,92,153,59820000,20958
0,5982,59820000,59820000,92,153,59830000,20964
0,5983,59830000,59830000,92,153,59840000,20966
0,5984,59840000,59840000,92,153,59850000,20970
0,5985,59850000,59850000,92,153,59860000,20975
0,5986,59860000,59860000,92,153,59870000,20979
0,5987,59870000,59870000,92,153,59880000,20980
0,5988,59880000,59880000,92,153,59890000,20986
0,5989,59890000,59890000,92,153,59900000,20988
0,599,5990000,5990000,92,153,6000000,2094
0,5990,59900000,59900000,92,153,59910000,20991
0,5991,59910000,59910000,92,153,59920000,20993
0,5992,59920000,59920000,92,153,59930000,21000
0,5993,59930000,59930000,92,153,59940000,21001
0,5994,59940000,59940000,92,153,59950000,21008
0,5995,59950000,59950000,92,153,59960000,21010
0,5996,59960000,59960000,92,153,59970000,21013
0,5997,59970000,59970000,92,153,59980000,21015
0,5998,59980000,59980000,92,153,59990000,21019
0,5999,59990000,59990000,92,153,60000000,21021
0,6,60000,60000,92,153,70000,18
0,60,600000,600000,92,153,610000,209
0,600,6000000,6000000,92,153,6010000,2101
0,6000,60000000,60000000,92,153,60010000,21028
0,6001,60010000,60010000,92,153,60020000,21031
0,6002,60020000,60020000,92,153,60030000,21034
0,6003,60030000,60030000,92,153,60040000,21037
0,6004,60040000,60040000,92,153,60050000,21041
0,6005,60050000,60050000,92,153,60060000,21042
0,6006,60060000,60060000,92,153,60070000,21049
0,6007,60070000,60070000,92,153,60080000,21052
0,6008,60080000,60080000,92,153,60090000,21055
0,6009,60090000,60090000,92,153,60100000,21058
0,601,6010000,6010000,92,153,6020000,2103
0,6010,60100000,60100000,92,153,60110000,21062
0,6011,60110000,60110000,92,153,60120000,21063
0,6012,60120000,60120000,92,153,60130000,21070
0,6013,60130000,60130000,92,153,60140000,21073
0,6014,60140000,60140000,92,153,60150000,21076
0,6015,60150000,60150000,92,153,60160000,21079
0,6016,60160000,60160000,92,153,60170000,21083
0,6017,60170000,60170000,92,153,60180000,21084
0,6018,60180000,60180000,92,153,60190000,21091
0,6019,60190000,60190000,92,153,60200000,21093
0,602,6020000,6020000,92,153,6030000,2107
0,6020,60200000,60200000,92,153,60210000,21097
0,6021,60210000,60210000,92,153,60220000,21100
0,6022,60220000,60220000,92,153,60230000,21105
0,6023,60230000,60230000,92,153,60240000,21106
0,6024,60240000,60240000,92,153,60250000,21112
0,6025,60250000,60250000,92,153,60260000,21114
0,6026,60260000,60260000,92,153,60270000,21118
0,6027,60270000,60270000,92,153,60280000,21121
0,6028,60280000,60280000,92,153,60290000,21125
0,6029,60290000,60290000,92,153,60300000,21126
0,603,6030000,6030000,92,153,6040000,2111
0,6030,60300000,60300000,92,153,60310000,21134
0,6031,60310000,60310000,92,153,60320000,21136
0,6032,60320000,60320000,92,153,60330000,21139
0,6033,60330000,60330000,92,153,60340000,21141
0,6034,60340000,60340000,92,153,60350000,21146
0,6035,60350000,60350000,92,153,60360000,21148
0,6036,60360000,60360000,92,153,60370000,21154
0,6037,60370000,60370000,92,153,60380000,21157
0,6038,60380000,60380000,92,153,60390000,21160
0,6039,60390000,60390000,92,153,60400000,21163
0,604,6040000,6040000,92,153,6050000,2115
0,6040,60400000,60400000,92,153,60410000,21167
0,6041,60410000,60410000,92,153,60420000,21169
0,6042,60420000,60420000,92,153,60430000,21175
0,6043,60430000,60430000,92,153,60440000,21178
0,6044,60440000,60440000,92,153,60450000,21181
0,6045,60450000,60450000,92,153,60460000,21184
0,6046,60460000,60460000,92,153,60470000,21188
0,6047,60470000,60470000,92,153,60480000,21189
0,6048,60480000,60480000,92,153,60490000,21197
0,6049,60490000,60490000,92,153,60500000,21199
0,605,6050000,6050000,92,153,6060000,2116
0,6050,60500000,60500000,92,153,60510000,21202
0,6051,60510000,60510000,92,153,60520000,21204
0,6052,60520000,60520000,92,153,60530000,21210
0,6053,60530000,60530000,92,153,60540000,21211
0,6054,60540000,60540000,92,153,60550000,21217
0,6055,60550000,60550000,92,153,60560000,21220
0,6056,60560000,60560000,92,153,60570000,21223
0,6057,60570000,60570000,92,153,60580000,21226
0,6058,60580000,60580000,92,153,60590000,21230
0,6059,60590000,60590000,92,153,60600000,21231
0,606,6060000,6060000,92,153,6070000,2122
0,6060,60600000,60600000,92,153,60610000,21239
0,6061,60610000,60610000,92,153,60620000,21241
0,6062,60620000,60620000,92,153,60630000,21245
0,6063,60630000,60630000,92,153,60640000,21247
0,6064,60640000,60640000,92,153,60650000,21251
0,6065,60650000,60650000,92,153,60660000,21252
0,6066,60660000,60660000,92,153,60670000,21259
0,6067,60670000,60670000,92,153,60680000,21262
0,6068,60680000,60680000,92,153,60690000,21265
0,6069,60690000,60690000,92,153,60700000,21269
0,607,6070000,6070000,92,153,6080000,2125
0,6070,60700000,60700000,92,153,60710000,21273
0,6071,60710000,60710000,92,153,60720000,21274
0,6072,60720000,60720000,92,153,60730000,21280
0,6073,60730000,60730000,92,153,60740000,21282
0,6074,60740000,60740000,92,153,60750000,21285
0,6075,60750000,60750000,92,153,60760000,21289
0,6076,60760000,60760000,92,153,60770000,21294
0,6077,60770000,60770000,92,153,60780000,21296
0,6078,60780000,60780000,92,153,60790000,21302
0,6079,60790000,60790000,92,153,60800000,21304
0,608,6080000,6080000,92,153,6090000,2128
0,6080,60800000,60800000,92,153,60810000,21307
0,6081,60810000,60810000,92,153,60820000,21309
0,6082,60820000,60820000,92,153,60830000,21314
0,6083,60830000,60830000,92,153,60840000,21316
0,6084,60840000,60840000,92,153,60850000,21323
0,6085,60850000,60850000,92,153,60860000,21325
0,6086,60860000,60860000,92,153,60870000,21329
0,6087,60870000,60870000,92,153,60880000,21331
0,6088,60880000,60880000,92,153,60890000,21335
0,6089,60890000,60890000,92,153,60900000,21336
0,609,6090000,6090000,92,153,6100000,2131
0,6090,60900000,60900000,92,153,60910000,21344
0,6091,60910000,60910000,92,153,60920000,21346
0,6092,60920000,60920000,92,153,60930000,21349
0,6093,60930000,60930000,92,153,60940000,21352
0,6094,60940000,60940000,92,153,60950000,21357
0,6095,60950000,60950000,92,153,60960000,21358
0,6096,60960000,60960000,92,153,60970000,21364
0,6097,60970000,60970000,92,153,60980000,21368
0,6098,60980000,60980000,92,153,60990000,21371
0,6099,60990000,60990000,92,153,61000000,21373
0,61,610000,610000,92,153,620000,211
0,610,6100000,6100000,92,153,6110000,2135
0,6100,61000000,61000000,92,153,61010000,21377
0,6101,61010000,61010000,92,153,61020000,21378
0,6102,61020000,61020000,92,153,61030000,21385
0,6103,61030000,61030000,92,153,61040000,21388
0,6104,61040000,61040000,92,153,61050000,21392
0,6105,61050000,61050000,92,153,61060000,21395
0,6106,61060000,61060000,92,153,61070000,21399
0,6107,61070000,61070000,92,153,61080000,21400
0,6108,61080000,61080000,92,153,61090000,21406
0,6109,61090000,61090000,92,153,61100000,21408
0,611,6110000,6110000,92,153,6120000,2136
0,6110,61100000,61100000,92,153,61110000,21411
0,6111,61110000,61110000,92,153,61120000,21416
0,6112,61120000,61120000,92,153,61130000,21421
0,6113,61130000,61130000,92,153,61140000,21422
0,6114,61140000,61140000,92,153,61150000,21428
0,6115,61150000,61150000,92,153,61160000,21430
0,6116,61160000,61160000,92,153,61170000,21433
0,6117,61170000,61170000,92,153,61180000,21435
0,6118,61180000,61180000,92,153,61190000,21440
0,6119,61190000,61190000,92,153,61200000,21441
0,612,6120000,6120000,92,153,6130000,2144
0,6120,61200000,61200000,92,153,61210000,21450
0,6121,61210000,61210000,92,153,61220000,21452
0,6122,61220000,61220000,92,153,61230000,21455
0,6123,61230000,61230000,92,153,61240000,21457
0,6124,61240000,61240000,92,153,61250000,21461
0,6125,61250000,61250000,92,153,61260000,21463
0,6126,61260000,61260000,92,153,61270000,21469
0,6127,61270000,61270000,92,153,61280000,21472
0,6128,61280000,61280000,92,153,61290000,21476
0,6129,61290000,61290000,92,153,61300000,21479
0,613,6130000,6130000,92,153,6140000,2146
0,6130,61300000,61300000,92,153,61310000,21483
0,6131,61310000,61310000,92,153,61320000,21484
0,6132,61320000,61320000,92,153,61330000,21491
0,6133,61330000,61330000,92,153,61340000,21493
0,6134,61340000,61340000,92,153,61350000,21496
0,6135,61350000,61350000,92,153,61360000,21499
0,6136,61360000,61360000,92,153,61370000,21503
0,6137,61370000,61370000,92,153,61380000,21505
0,6138,61380000,61380000,92,153,61390000,21512
0,6139,61390000,61390000,92,153,61400000,21515
0,614,6140000,6140000,92,153,6150000,2149
0,6140,61400000,61400000,92,153,61410000,21518
0,6141,61410000,61410000,92,153,61420000,21520
0,6142,61420000,61420000,92,153,61430000,21525
0,6143,61430000,61430000,92,153,61440000,21526
0,6144,61440000,61440000,92,153,61450000,21532
0,6145,61450000,61450000,92,153,61460000,21535
0,6146,61460000,61460000,92,153,61470000,21539
0,6147,61470000,61470000,92,153,61480000,21542
0,6148,61480000,61480000,92,153,61490000,21546
0,6149,61490000,61490000,92,153,61500000,21547
0,615,6150000,6150000,92,153,6160000,2152
0,6150,61500000,61500000,92,153,61510000,21554
0,6151,61510000,61510000,92,153,61520000,21556
0,6152,61520000,61520000,92,153,61530000,21559
0,6153,61530000,61530000,92,153,61540000,21562
0,6154,61540000,61540000,92,153,61550000,21567
0,6155,61550000,61550000,92,153,61560000,21568
0,6156,61560000,61560000,92,153,61570000,21575
0,6157,61570000,61570000,92,153,61580000,21578
0,6158,61580000,61580000,92,153,61590000,21581
0,6159,61590000,61590000,92,153,61600000,21583
0,616,6160000,6160000,92,153,6170000,2157
0,6160,61600000,61600000,92,153,61610000,21588
0,6161,61610000,61610000,92,153,61620000,21589
0,6162,61620000,61620000,92,153,61630000,21596
0,6163,61630000,61630000,92,153,61640000,21598
0,6164,61640000,61640000,92,153,61650000,21601
0,6165,61650000,61650000,92,153,61660000,21605
0,6166,61660000,61660000,92,153,61670000,21609
0,6167,61670000,61670000,92,153,61680000,21611
0,6168,61680000,61680000,92,153,61690000,21617
0,6169,61690000,61690000,92,153,61700000,21619
0,617,6170000,6170000,92,153,6180000,2158
0,6170,61700000,61700000,92,153,61710000,21622
0,6171,61710000,61710000,92,153,61720000,21625
0,6172,61720000,61720000,92,153,61730000,21630
0,6173,61730000,61730000,92,153,61740000,21631
0,6174,61740000,61740000,92,153,61750000,21639
0,6175,61750000,61750000,92,153,61760000,21641
0,6176,61760000,61760000,92,153,61770000,21644
0,6177,61770000,61770000,92,153,61780000,21646
0,6178,61780000,61780000,92,153,61790000,21650
0,6179,61790000,61790000,92,153,61800000,21652
0,618,6180000,6180000,92,153,6190000,2164
0,6180,61800000,61800000,92,153,61810000,21659
0,6181,61810000,61810000,92,153,61820000,21662
0,6182,61820000,61820000,92,153,61830000,21665
0,6183,61830000,61830000,92,153,61840000,21668
0,6184,61840000,61840000,92,153,61850000,21672
0,6185,61850000,61850000,92,153,61860000,21673
0,6186,61860000,61860000,92,153,61870000,21679
0,6187,61870000,61870000,92,153,61880000,21682
0,6188,61880000,61880000,92,153,61890000,21687
0,6189,61890000,61890000,92,153,61900000,21689
0,619,6190000,6190000,92,153,6200000,2166
0,6190,61900000,61900000,92,153,61910000,21693
0,6191,61910000,61910000,92,153,61920000,21694
0,6192,61920000,61920000,92,153,61930000,21701
0,6193,61930000,61930000,92,153,61940000,21703
0,6194,61940000,61940000,92,153,61950000,21706
0,6195,61950000,61950000,92,153,61960000,21710
0,6196,61960000,61960000,92,153,61970000,21715
0,6197,61970000,61970000,92,153,61980000,21716
0,6198,61980000,61980000,92,153,61990000,21722
0,6199,61990000,61990000,92,153,62000000,21724
0,62,620000,620000,92,153,630000,214
0,620,6200000,6200000,92,153,6210000,2170
0,6200,62000000,62000000,92,153,62010000,21727
0,6201,62010000,62010000,92,153,62020000,21730
0,6202,62020000,62020000,92,153,62030000,21736
0,6203,62030000,62030000,92,153,62040000,21737
0,6204,62040000,62040000,92,153,62050000,21743
0,6205,62050000,62050000,92,153,62060000,21746
0,6206,62060000,62060000,92,153,62070000,21749
0,6207,62070000,62070000,92,153,62080000,21751
0,6208,62080000,62080000,92,153,62090000,21755
0,6209,62090000,62090000,92,153,62100000,21757
0,621,6210000,6210000,92,153,6220000,2173
0,6210,62100000,62100000,92,153,62110000,21765
0,6211,62110000,62110000,92,153,62120000,21767
0,6212,62120000,62120000,92,153,62130000,21770
0,6213,62130000,62130000,92,153,62140000,21773
0,6214,62140000,62140000,92,153,62150000,21777
0,6215,62150000,62150000,92,153,62160000,21778
0,6216,62160000,62160000,92,153,62170000,21785
0,6217,62170000,62170000,92,153,62180000,21788
0,6218,62180000,62180000,92,153,62190000,21791
0,6219,62190000,62190000,92,153,62200000,21794
0,622,6220000,6220000,92,153,6230000,2178
0,6220,62200000,62200000,92,153,62210000,21798
0,6221,62210000,62210000,92,153,62220000,21799
0,6222,62220000,62220000,92,153,62230000,21806
0,6223,62230000,62230000,92,153,62240000,21809
0,6224,62240000,62240000,92,153,62250000,21812
0,6225,62250000,62250000,92,153,62260000,21815
0,6226,62260000,62260000,92,153,62270000,21819
0,6227,62270000,62270000,92,153,62280000,21820
0,6228,62280000,62280000,92,153,62290000,21827
0,6229,62290000,62290000,92,153,62300000,21829
0,623,6230000,6230000,92,153,6240000,2180
0,6230,62300000,62300000,92,153,62310000,21834
0,6231,62310000,62310000,92,153,62320000,21836
0,6232,62320000,62320000,92,153,62330000,21841
0,6233,62330000,62330000,92,153,62340000,21842
0,6234,62340000,62340000,92,153,62350000,21848
0,6235,62350000,62350000,92,153,62360000,21850
0,6236,62360000,62360000,92,153,62370000,21853
0,6237,62370000,62370000,92,153,62380000,21857
0,6238,62380000,62380000,92,153,62390000,21861
0,6239,62390000,62390000,92,153,62400000,21863
0,624,6240000,6240000,92,153,6250000,2186
0,6240,62400000,62400000,92,153,62410000,21870
0,6241,62410000,62410000,92,153,62420000,21872
0,6242,62420000,62420000,92,153,62430000,21875
0,6243,62430000,62430000,92,153,62440000,21877
0,6244,62440000,62440000,92,153,62450000,21882
0,6245,62450000,62450000,92,153,62460000,21883
0,6246,62460000,62460000,92,153,62470000,21890
0,6247,62470000,62470000,92,153,62480000,21894
0,6248,62480000,62480000,92,153,62490000,21897
0,6249,62490000,62490000,92,153,62500000,21899
0,625,6250000,6250000,92,153,6260000,2188
0,6250,62500000,62500000,92,153,62510000,21903
0,6251,62510000,62510000,92,153,62520000,21905
0,6252,62520000,62520000,92,153,62530000,21911
0,6253,62530000,62530000,92,153,62540000,21913
0,6254,62540000,62540000,92,153,62550000,21916
0,6255,62550000,62550000,92,153,62560000,21920
0,6256,62560000,62560000,92,153,62570000,21925
0,6257,62570000,62570000,92,153,62580000,21926
0,6258,62580000,62580000,92,153,62590000,21933
0,6259,62590000,62590000,92,153,62600000,21935
0,626,6260000,6260000,92,153,6270000,2191
0,6260,62600000,62600000,92,153,62610000,21938
0,6261,62610000,62610000,92,153,62620000,21940
0,6262,62620000,62620000,92,153,62630000,21945
0,6263,62630000,62630000,92,153,62640000,21946
0,6264,62640000,62640000,92,153,62650000,21954
0,6265,62650000,62650000,92,153,62660000,21957
0,6266,62660000,62660000,92,153,62670000,21960
0,6267,62670000,62670000,92,153,62680000,21962
0,6268,62680000,62680000,92,153,62690000,21966
0,6269,62690000,62690000,92,153,62700000,21967
0,627,6270000,6270000,92,153,6280000,2193
0,6270,62700000,62700000,92,153,62710000,21974
0,6271,62710000,62710000,92,153,62720000,21976
0,6272,62720000,62720000,92,153,62730000,21980
0,6273,62730000,62730000,92,153,62740000,21984
0,6274,62740000,62740000,92,153,62750000,21988
0,6275,62750000,62750000,92,153,62760000,21989
0,6276,62760000,62760000,92,153,62770000,21995
0,6277,62770000,62770000,92,153,62780000,21998
0,6278,62780000,62780000,92,153,62790000,22001
0,6279,62790000,62790000,92,153,62800000,22004
0,628,6280000,6280000,92,153,6290000,2197
0,6280,62800000,62800000,92,153,62810000,22008
0,6281,62810000,62810000,92,153,62820000,22010
0,6282,62820000,62820000,92,153,62830000,22017
0,6283,62830000,62830000,92,153,62840000,22019
0,6284,62840000,62840000,92,153,62850000,22022
0,6285,62850000,62850000,92,153,62860000,22025
0,6286,62860000,62860000,92,153,62870000,22030
0,6287,62870000,62870000,92,153,62880000,22031
0,6288,62880000,62880000,92,153,62890000,22037
0,6289,62890000,62890000,92,153,62900000,22039
0,629,6290000,6290000,92,153,6300000,2199
0,6290,62900000,62900000,92,153,62910000,22043
0,6291,62910000,62910000,92,153,62920000,22046
0,6292,62920000,62920000,92,153,62930000,22051
0,6293,62930000,62930000,92,153,62940000,22053
0,6294,62940000,62940000,92,153,62950000,22059
0,6295,62950000,62950000,92,153,62960000,22061
0,6296,62960000,62960000,92,153,62970000,22064
0,6297,62970000,62970000,92,153,62980000,22066
0,6298,62980000,62980000,92,153,62990000,22071
0,6299,62990000,62990000,92,153,63000000,22072
0,63,630000,630000,92,153,640000,218
0,630,6300000,6300000,92,153,6310000,2208
0,6300,63000000,63000000,92,153,63010000,22081
0,6301,63010000,63010000,92,153,63020000,22083
0,6302,63020000,63020000,92,153,63030000,22086
0,6303,63030000,63030000,92,153,63040000,22088
0,6304,63040000,63040000,92,153,63050000,22092
0,6305,63050000,63050000,92,153,63060000,22093
0,6306,63060000,63060000,92,153,63070000,22099
0,6307,63070000,63070000,92,153,63080000,22104
0,6308,63080000,63080000,92,153,63090000,22107
0,6309,63090000,63090000,92,153,63100000,22110
0,631,6310000,6310000,92,153,6320000,2210
0,6310,63100000,63100000,92,153,63110000,22114
0,6311,63110000,63110000,92,153,63120000,22115
0,6312,63120000,63120000,92,153,63130000,22121
0,6313,63130000,63130000,92,153,63140000,22123
0,6314,63140000,63140000,92,153,63150000,22127
0,6315,63150000,63150000,92,153,63160000,22131
0,6316,63160000,63160000,92,153,63170000,22135
0,6317,63170000,63170000,92,153,63180000,22136
0,6318,63180000,63180000,92,153,63190000,22143
0,6319,63190000,63190000,92,153,63200000,22145
0,632,6320000,6320000,92,153,6330000,2213
0,6320,63200000,63200000,92,153,63210000,22148
0,6321,63210000,63210000,92,153,63220000,22151
0,6322,63220000,63220000,92,153,63230000,22156
0,6323,63230000,63230000,92,153,63240000,22157
0,6324,63240000,63240000,92,153,63250000,22164
0,6325,63250000,63250000,92,153,63260000,22166
0,6326,63260000,63260000,92,153,63270000,22169
0,6327,63270000,63270000,92,153,63280000,22172
0,6328,63280000,63280000,92,153,63290000,22177
0,6329,63290000,63290000,92,153,63300000,22178
0,633,6330000,6330000,92,153,6340000,2215
0,6330,63300000,63300000,92,153,63310000,22185
0,6331,63310000,63310000,92,153,63320000,22187
0,6332,63320000,63320000,92,153,63330000,22191
0,6333,63330000,63330000,92,153,63340000,22193
0,6334,63340000,63340000,92,153,63350000,22197
0,6335,63350000,63350000,92,153,63360000,22199
0,6336,63360000,63360000,92,153,63370000,22206
0,6337,63370000,63370000,92,153,63380000,22209
0,6338,63380000,63380000,92,153,63390000,22212
0,6339,63390000,63390000,92,153,63400000,22214
0,634,6340000,6340000,92,153,6350000,2219
0,6340,63400000,63400000,92,153,63410000,22218
0,6341,63410000,63410000,92,153,63420000,22220
0,6342,63420000,63420000,92,153,63430000,22227
0,6343,63430000,63430000,92,153,63440000,22229
0,6344,63440000,63440000,92,153,63450000,22232
0,6345,63450000,63450000,92,153,63460000,22236
0,6346,63460000,63460000,92,153,63470000,22240
0,6347,63470000,63470000,92,153,63480000,22241
0,6348,63480000,63480000,92,153,63490000,22247
0,6349,63490000,63490000,92,153,63500000,22251
0,635,6350000,6350000,92,153,6360000,2220
0,6350,63500000,63500000,92,153,63510000,22254
0,6351,63510000,63510000,92,153,63520000,22256
0,6352,63520000,63520000,92,153,63530000,22261
0,6353,63530000,63530000,92,153,63540000,22262
0,6354,63540000,63540000,92,153,63550000,22269
0,6355,63550000,63550000,92,153,63560000,22271
0,6356,63560000,63560000,92,153,63570000,22275
0,6357,63570000,63570000,92,153,63580000,22277
0,6358,63580000,63580000,92,153,63590000,22282
0,6359,63590000,63590000,92,153,63600000,22283
0,636,6360000,6360000,92,153,6370000,2226
0,6360,63600000,63600000,92,153,63610000,22290
0,6361,63610000,63610000,92,153,63620000,22292
0,6362,63620000,63620000,92,153,63630000,22295
0,6363,63630000,63630000,92,153,63640000,22299
0,6364,63640000,63640000,92,153,63650000,22303
0,6365,63650000,63650000,92,153,63660000,22304
0,6366,63660000,63660000,92,153,63670000,22311
0,6367,63670000,63670000,92,153,63680000,22314
0,6368,63680000,63680000,92,153,63690000,22317
0,6369,63690000,63690000,92,153,63700000,22319
0,637,6370000,6370000,92,153,6380000,2231
0,6370,63700000,63700000,92,153,63710000,22324
0,6371,63710000,63710000,92,153,63720000,22325
0,6372,63720000,63720000,92,153,63730000,22332
0,6373,63730000,63730000,92,153,63740000,22334
0,6374,63740000,63740000,92,153,63750000,22337
0,6375,63750000,63750000,92,153,63760000,22341
0,6376,63760000,63760000,92,153,63770000,22345
0,6377,63770000,63770000,92,153,63780000,22347
0,6378,63780000,63780000,92,153,63790000,22353
0,6379,63790000,63790000,92,153,63800000,22355
0,638,6380000,6380000,92,153,6390000,2234
0,6380,63800000,63800000,92,153,63810000,22358
0,6381,63810000,63810000,92,153,63820000,22361
0,6382,63820000,63820000,92,153,63830000,22366
0,6383,63830000,63830000,92,153,63840000,22368
0,6384,63840000,63840000,92,153,63850000,22375
0,6385,63850000,63850000,92,153,63860000,22377
0,6386,63860000,63860000,92,153,63870000,22380
0,6387,63870000,63870000,92,153,63880000,22382
0,6388,63880000,63880000,92,153,63890000,22386
0,6389,63890000,63890000,92,153,63900000,22387
0,639,6390000,6390000,92,153,6400000,2237
0,6390,63900000,63900000,92,153,63910000,22395
0,6391,63910000,63910000,92,153,63920000,22398
0,6392,63920000,63920000,92,153,63930000,22402
0,6393,63930000,63930000,92,153,63940000,22404
0,6394,63940000,63940000,92,153,63950000,22408
0,6395,63950000,63950000,92,153,63960000,22409
0,6396,63960000,63960000,92,153,63970000,22415
0,6397,63970000,63970000,92,153,63980000,22418
0,6398,63980000,63980000,92,153,63990000,22422
0,6399,63990000,63990000,92,153,64000000,22425
0,64,640000,640000,92,153,650000,222
0,640,6400000,6400000,92,153,6410000,2241
0,6400,64000000,64000000,92,153,64010000,22430
0,6401,64010000,64010000,92,153,64020000,22431
0,6402,64020000,64020000,92,153,64030000,22437
0,6403,64030000,64030000,92,153,64040000,22439
0,6404,64040000,64040000,92,153,64050000,22442
0,6405,64050000,64050000,92,153,64060000,22446
0,6406,64060000,64060000,92,153,64070000,22450
0,6407,64070000,64070000,92,153,64080000,22451
0,6408,64080000,64080000,92,153,64090000,22458
0,6409,64090000,64090000,92,153,64100000,22461
0,641,6410000,6410000,92,153,6420000,2242
0,6410,64100000,64100000,92,153,64110000,22464
0,6411,64110000,64110000,92,153,64120000,22466
0,6412,64120000,64120000,92,153,64130000,22472
0,6413,64130000,64130000,92,153,64140000,22473
0,6414,64140000,64140000,92,153,64150000,22479
0,6415,64150000,64150000,92,153,64160000,22481
0,6416,64160000,64160000,92,153,64170000,22484
0,6417,64170000,64170000,92,153,64180000,22488
0,6418,64180000,64180000,92,153,64190000,22492
0,6419,64190000,64190000,92,153,64200000,22494
0,642,6420000,6420000,92,153,6430000,2248
0,6420,64200000,64200000,92,153,64210000,22501
0,6421,64210000,64210000,92,153,64220000,22503
0,6422,64220000,64220000,92,153,64230000,22506
0,6423,64230000,64230000,92,153,64240000,22508
0,6424,64240000,64240000,92,153,64250000,22512
0,6425,64250000,64250000,92,153,64260000,22513
0,6426,64260000,64260000,92,153,64270000,22522
0,6427,64270000,64270000,92,153,64280000,22525
0,6428,64280000,64280000,92,153,64290000,22528
0,6429,64290000,64290000,92,153,64300000,22530
0,643,6430000,6430000,92,153,6440000,2250
0,6430,64300000,64300000,92,153,64310000,22534
0,6431,64310000,64310000,92,153,64320000,22535
0,6432,64320000,64320000,92,153,64330000,22541
0,6433,64330000,64330000,92,153,64340000,22544
0,6434,64340000,64340000,92,153,64350000,22548
0,6435,64350000,64350000,92,153,64360000,22552
0,6436,64360000,64360000,92,153,64370000,22556
0,6437,64370000,64370000,92,153,64380000,22557
0,6438,64380000,64380000,92,153,64390000,22563
0,6439,64390000,64390000,92,153,64400000,22565
0,644,6440000,6440000,92,153,6450000,2254
0,6440,64400000,64400000,92,153,64410000,22569
0,6441,64410000,64410000,92,153,64420000,22571
0,6442,64420000,64420000,92,153,64430000,22576
0,6443,64430000,64430000,92,153,64440000,22578
0,6444,64440000,64440000,92,153,64450000,22585
0,6445,64450000,64450000,92,153,64460000,22587
0,6446,64460000,64460000,92,153,64470000,22590
0,6447,64470000,64470000,92,153,64480000,22593
0,6448,64480000,64480000,92,153,64490000,22597
0,6449,64490000,64490000,92,153,64500000,22598
0,645,6450000,6450000,92,153,6460000,2257
0,6450,64500000,64500000,92,153,64510000,22605
0,6451,64510000,64510000,92,153,64520000,22608
0,6452,64520000,64520000,92,153,64530000,22611
0,6453,64530000,64530000,92,153,64540000,22614
0,6454,64540000,64540000,92,153,64550000,22619
0,6455,64550000,64550000,92,153,64560000,22620
0,6456,64560000,64560000,92,153,64570000,22626
0,6457,64570000,64570000,92,153,64580000,22629
0,6458,64580000,64580000,92,153,64590000,22632
0,6459,64590000,64590000,92,153,64600000,22634
0,646,6460000,6460000,92,153,6470000,2262
0,6460,64600000,64600000,92,153,64610000,22639
0,6461,64610000,64610000,92,153,64620000,22641
0,6462,64620000,64620000,92,153,64630000,22648
0,6463,64630000,64630000,92,153,64640000,22650
0,6464,64640000,64640000,92,153,64650000,22653
0,6465,64650000,64650000,92,153,64660000,22656
0,6466,64660000,64660000,92,153,64670000,22660
0,6467,64670000,64670000,92,153,64680000,22661
0,6468,64680000,64680000,92,153,64690000,22669
0,6469,64690000,64690000,92,153,64700000,22671
0,647,6470000,6470000,92,153,6480000,2263
0,6470,64700000,64700000,92,153,64710000,22674
0,6471,64710000,64710000,92,153,64720000,22677
0,6472,64720000,64720000,92,153,64730000,22682
0,6473,64730000,64730000,92,153,64740000,22683
0,6474,64740000,64740000,92,153,64750000,22689
0,6475,64750000,64750000,92,153,64760000,22692
0,6476,64760000,64760000,92,153,64770000,22695
0,6477,64770000,64770000,92,153,64780000,22698
0,6478,64780000,64780000,92,153,64790000,22702
0,6479,64790000,64790000,92,153,64800000,22703
0,648,6480000,6480000,92,153,6490000,2270
0,6480,64800000,64800000,92,153,64810000,22711
0,6481,64810000,64810000,92,153,64820000,22713
0,6482,64820000,64820000,92,153,64830000,22717
0,6483,64830000,64830000,92,153,64840000,22719
0,6484,64840000,64840000,92,153,64850000,22723
0,6485,64850000,64850000,92,153,64860000,22725
0,6486,64860000,64860000,92,153,64870000,22731
0,6487,64870000,64870000,92,153,64880000,22734
0,6488,64880000,64880000,92,153,64890000,22737
0,6489,64890000,64890000,92,153,64900000,22741
0,649,6490000,6490000,92,153,6500000,2272
0,6490,64900000,64900000,92,153,64910000,22745
0,6491,64910000,64910000,92,153,64920000,22746
0,6492,64920000,64920000,92,153,64930000,22752
0,6493,64930000,64930000,92,153,64940000,22754
0,6494,64940000,64940000,92,153,64950000,22758
0,6495,64950000,64950000,92,153,64960000,22761
0,6496,64960000,64960000,92,153,64970000,22766
0,6497,64970000,64970000,92,153,64980000,22767
0,6498,64980000,64980000,92,153,64990000,22774
0,6499,64990000,64990000,92,153,65000000,22776
0,65,650000,650000,92,153,660000,223
0,650,6500000,6500000,92,153,6510000,2275
0,6500,65000000,65000000,92,153,65010000,22779
0,6501,65010000,65010000,92,153,65020000,22781
0,6502,65020000,65020000,92,153,65030000,22787
0,6503,65030000,65030000,92,153,65040000,22789
0,6504,65040000,65040000,92,153,65050000,22795
0,6505,65050000,65050000,92,153,65060000,22797
0,6506,65060000,65060000,92,153,65070000,22800
0,6507,65070000,65070000,92,153,65080000,22803
0,6508,65080000,65080000,92,153,65090000,22807
0,6509,65090000,65090000,92,153,65100000,22808
0,651,6510000,6510000,92,153,6520000,2278
0,6510,65100000,65100000,92,153,65110000,22816
0,6511,65110000,65110000,92,153,65120000,22819
0,6512,65120000,65120000,92,153,65130000,22822
0,6513,65130000,65130000,92,153,65140000,22824
0,6514,65140000,65140000,92,153,65150000,22828
0,6515,65150000,65150000,92,153,65160000,22829
0,6516,65160000,65160000,92,153,65170000,22836
0,6517,65170000,65170000,92,153,65180000,22840
0,6518,65180000,65180000,92,153,65190000,22843
0,6519,65190000,65190000,92,153,65200000,22846
0,652,6520000,6520000,92,153,6530000,2283
0,6520,65200000,65200000,92,153,65210000,22850
0,6521,65210000,65210000,92,153,65220000,22851
0,6522,65220000,65220000,92,153,65230000,22857
0,6523,65230000,65230000,92,153,65240000,22859
0,6524,65240000,65240000,92,153,65250000,22863
0,6525,65250000,65250000,92,153,65260000,22867
0,6526,65260000,65260000,92,153,65270000,22871
0,6527,65270000,65270000,92,153,65280000,22872
0,6528,65280000,65280000,92,153,65290000,22879
0,6529,65290000,65290000,92,153,65300000,22881
0,653,6530000,6530000,92,153,6540000,2284
0,6530,65300000,65300000,92,153,65310000,22884
0,6531,65310000,65310000,92,153,65320000,22887
0,6532,65320000,65320000,92,153,65330000,22892
0,6533,65330000,65330000,92,153,65340000,22893
0,6534,65340000,65340000,92,153,65350000,22900
0,6535,65350000,65350000,92,153,65360000,22902
0,6536,65360000,65360000,92,153,65370000,22906
0,6537,65370000,65370000,92,153,65380000,22908
0,6538,65380000,65380000,92,153,65390000,22913
0,6539,65390000,65390000,92,153,65400000,22914
0,654,6540000,6540000,92,153,6550000,2291
0,6540,65400000,65400000,92,153,65410000,22921
0,6541,65410000,65410000,92,153,65420000,22923
0,6542,65420000,65420000,92,153,65430000,22926
0,6543,65430000,65430000,92,153,65440000,22929
0,6544,65440000,65440000,92,153,65450000,22933
0,6545,65450000,65450000,92,153,65460000,22936
0,6546,65460000,65460000,92,153,65470000,22942
0,6547,65470000,65470000,92,153,65480000,22945
0,6548,65480000,65480000,92,153,65490000,22948
0,6549,65490000,65490000,92,153,65500000,22950
0,655,6550000,6550000,92,153,6560000,2293
0,6550,65500000,65500000,92,153,65510000,22954
0,6551,65510000,65510000,92,153,65520000,22955
0,6552,65520000,65520000,92,153,65530000,22963
0,6553,65530000,65530000,92,153,65540000,22966
0,6554,65540000,65540000,92,153,65550000,22969
0,6555,65550000,65550000,92,153,65560000,22972
0,6556,65560000,65560000,92,153,65570000,22976
0,6557,65570000,65570000,92,153,65580000,22977
0,6558,65580000,65580000,92,153,65590000,22983
0,6559,65590000,65590000,92,153,65600000,22986
0,656,6560000,6560000,92,153,6570000,2296
0,6560,65600000,65600000,92,153,65610000,22989
0,6561,65610000,65610000,92,153,65620000,22992
0,6562,65620000,65620000,92,153,65630000,22998
0,6563,65630000,65630000,92,153,65640000,22999
0,6564,65640000,65640000,92,153,65650000,23005
0,6565,65650000,65650000,92,153,65660000,23007
0,6566,65660000,65660000,92,153,65670000,23011
0,6567,65670000,65670000,92,153,65680000,23013
0,6568,65680000,65680000,92,153,65690000,23017
0,6569,65690000,65690000,92,153,65700000,23018
0,657,6570000,6570000,92,153,6580000,2299
0,6570,65700000,65700000,92,153,65710000,23027
0,6571,65710000,65710000,92,153,65720000,23029
0,6572,65720000,65720000,92,153,65730000,23032
0,6573,65730000,65730000,92,153,65740000,23035
0,6574,65740000,65740000,92,153,65750000,23039
0,6575,65750000,65750000,92,153,65760000,23040
0,6576,65760000,65760000,92,153,65770000,23046
0,6577,65770000,65770000,92,153,65780000,23049
0,6578,65780000,65780000,92,153,65790000,23052
0,6579,65790000,65790000,92,153,65800000,23056
0,658,6580000,6580000,92,153,6590000,2304
0,6580,65800000,65800000,92,153,65810000,23061
0,6581,65810000,65810000,92,153,65820000,23062
0,6582,65820000,65820000,92,153,65830000,23068
0,6583,65830000,65830000,92,153,65840000,23070
0,6584,65840000,65840000,92,153,65850000,23073
0,6585,65850000,65850000,92,153,65860000,23076
0,6586,65860000,65860000,92,153,65870000,23080
0,6587,65870000,65870000,92,153,65880000,23083
0,6588,65880000,65880000,92,153,65890000,23090
0,6589,65890000,65890000,92,153,65900000,23092
0,659,6590000,6590000,92,153,6600000,2305
0,6590,65900000,65900000,92,153,65910000,23095
0,6591,65910000,65910000,92,153,65920000,23097
0,6592,65920000,65920000,92,153,65930000,23102
0,6593,65930000,65930000,92,153,65940000,23103
0,6594,65940000,65940000,92,153,65950000,23110
0,6595,65950000,65950000,92,153,65960000,23112
0,6596,65960000,65960000,92,153,65970000,23116
0,6597,65970000,65970000,92,153,65980000,23119
0,6598,65980000,65980000,92,153,65990000,23123
0,6599,65990000,65990000,92,153,66000000,23124
0,66,660000,660000,92,153,670000,229
0,660,6600000,6600000,92,153,6610000,2312
0,6600,66000000,66000000,92,153,66010000,23131
0,6601,66010000,66010000,92,153,66020000,23134
0,6602,66020000,66020000,92,153,66030000,23137
0,6603,66030000,66030000,92,153,66040000,23139
0,6604,66040000,66040000,92,153,66050000,23144
0,6605,66050000,66050000,92,153,66060000,23145
0,6606,66060000,66060000,92,153,66070000,23152
0,6607,66070000,66070000,92,153,66080000,23155
0,6608,66080000,66080000,92,153,66090000,23159
0,6609,66090000,66090000,92,153,66100000,23161
0,661,6610000,6610000,92,153,6620000,2314
0,6610,66100000,66100000,92,153,66110000,23165
0,6611,66110000,66110000,92,153,66120000,23166
0,6612,66120000,66120000,92,153,66130000,23172
0,6613,66130000,66130000,92,153,66140000,23175
0,6614,66140000,66140000,92,153,66150000,23178
0,6615,66150000,66150000,92,153,66160000,23183
0,6616,66160000,66160000,92,153,66170000,23187
0,6617,66170000,66170000,92,153,66180000,23188
0,6618,66180000,66180000,92,153,66190000,23194
0,6619,66190000,66190000,92,153,66200000,23196
0,662,6620000,6620000,92,153,6630000,2317
0,6620,66200000,66200000,92,153,66210000,23199
0,6621,66210000,66210000,92,153,66220000,23202
0,6622,66220000,66220000,92,153,66230000,23208
0,6623,66230000,66230000,92,153,66240000,23209
0,6624,66240000,66240000,92,153,66250000,23216
0,6625,66250000,66250000,92,153,66260000,23218
0,6626,66260000,66260000,92,153,66270000,23221
0,6627,66270000,66270000,92,153,66280000,23223
0,6628,66280000,66280000,92,153,66290000,23227
0,6629,66290000,66290000,92,153,66300000,23229
0,663,6630000,6630000,92,153,6640000,2320
0,6630,66300000,66300000,92,153,66310000,23237
0,6631,66310000,66310000,92,153,66320000,23239
0,6632,66320000,66320000,92,153,66330000,23242
0,6633,66330000,66330000,92,153,66340000,23245
0,6634,66340000,66340000,92,153,66350000,23249
0,6635,66350000,66350000,92,153,66360000,23250
0,6636,66360000,66360000,92,153,66370000,23257
0,6637,66370000,66370000,92,153,66380000,23260
0,6638,66380000,66380000,92,153,66390000,23264
0,6639,66390000,66390000,92,153,66400000,23266
0,664,6640000,6640000,92,153,6650000,2324
0,6640,66400000,66400000,92,153,66410000,23270
0,6641,66410000,66410000,92,153,66420000,23271
0,6642,66420000,66420000,92,153,66430000,23278
0,6643,66430000,66430000,92,153,66440000,23281
0,6644,66440000,66440000,92,153,66450000,23284
0,6645,66450000,66450000,92,153,66460000,23287
0,6646,66460000,66460000,92,153,66470000,23291
0,6647,66470000,66470000,92,153,66480000,23293
0,6648,66480000,66480000,92,153,66490000,23299
0,6649,66490000,66490000,92,153,66500000,23301
0,665,6650000,6650000,92,153,6660000,2326
0,6650,66500000,66500000,92,153,66510000,23305
0,6651,66510000,66510000,92,153,66520000,23308
0,6652,66520000,66520000,92,153,66530000,23313
0,6653,66530000,66530000,92,153,66540000,23314
0,6654,66540000,66540000,92,153,66550000,23320
0,6655,66550000,66550000,92,153,66560000,23323
0,6656,66560000,66560000,92,153,66570000,23326
0,6657,66570000,66570000,92,153,66580000,23329
0,6658,66580000,66580000,92,153,66590000,23333
0,6659,66590000,66590000,92,153,66600000,23334
0,666,6660000,6660000,92,153,6670000,2333
0,6660,66600000,66600000,92,153,66610000,23342
0,6661,66610000,66610000,92,153,66620000,23344
0,6662,66620000,66620000,92,153,66630000,23347
0,6663,66630000,66630000,92,153,66640000,23349
0,6664,66640000,66640000,92,153,66650000,23355
0,6665,66650000,66650000,92,153,66660000,23356
0,6666,66660000,66660000,92,153,66670000,23362
0,6667,66670000,66670000,92,153,66680000,23365
0,6668,66680000,66680000,92,153,66690000,23368
0,6669,66690000,66690000,92,153,66700000,23371
0,667,6670000,6670000,92,153,6680000,2336
0,6670,66700000,66700000,92,153,66710000,23375
0,6671,66710000,66710000,92,153,66720000,23377
0,6672,66720000,66720000,92,153,66730000,23384
0,6673,66730000,66730000,92,153,66740000,23386
0,6674,66740000,66740000,92,153,66750000,23389
0,6675,66750000,66750000,92,153,66760000,23392
0,6676,66760000,66760000,92,153,66770000,23396
0,6677,66770000,66770000,92,153,66780000,23397
0,6678,66780000,66780000,92,153,66790000,23405
0,6679,66790000,66790000,92,153,66800000,23407
0,668,6680000,6680000,92,153,6690000,2339
0,6680,66800000,66800000,92,153,66810000,23410
0,6681,66810000,66810000,92,153,66820000,23413
0,6682,66820000,66820000,92,153,66830000,23418
0,6683,66830000,66830000,92,153,66840000,23419
0,6684,66840000,66840000,92,153,66850000,23425
0,6685,66850000,66850000,92,153,66860000,23428
0,6686,66860000,66860000,92,153,66870000,23431
0,6687,66870000,66870000,92,153,66880000,23434
0,6688,66880000,66880000,92,153,66890000,23438
0,6689,66890000,66890000,92,153,66900000,23440
0,669,6690000,6690000,92,153,6700000,2341
0,6690,66900000,66900000,92,153,66910000,23447
0,6691,66910000,66910000,92,153,66920000,23449
0,6692,66920000,66920000,92,153,66930000,23453
0,6693,66930000,66930000,92,153,66940000,23455
0,6694,66940000,66940000,92,153,66950000,23459
0,6695,66950000,66950000,92,153,66960000,23460
0,6696,66960000,66960000,92,153,66970000,23467
0,6697,66970000,66970000,92,153,66980000,23470
0,6698,66980000,66980000,92,153,66990000,23474
0,6699,66990000,66990000,92,153,67000000,23477
0,67,670000,670000,92,153,680000,232
0,670,6700000,6700000,92,153,6710000,2345
0,6700,67000000,67000000,92,153,67010000,23481
0,6701,67010000,67010000,92,153,67020000,23482
0,6702,67020000,67020000,92,153,67030000,23488
0,6703,67030000,67030000,92,153,67040000,23490
0,6704,67040000,67040000,92,153,67050000,23493
0,6705,67050000,67050000,92,153,67060000,23497
0,6706,67060000,67060000,92,153,67070000,23503
0,6707,67070000,67070000,92,153,67080000,23504
0,6708,67080000,67080000,92,153,67090000,23510
0,6709,67090000,67090000,92,153,67100000,23512
0,671,6710000,6710000,92,153,6720000,2347
0,6710,67100000,67100000,92,153,67110000,23515
0,6711,67110000,67110000,92,153,67120000,23517
0,6712,67120000,67120000,92,153,67130000,23522
0,6713,67130000,67130000,92,153,67140000,23524
0,6714,67140000,67140000,92,153,67150000,23531
0,6715,67150000,67150000,92,153,67160000,23534
0,6716,67160000,67160000,92,153,67170000,23537
0,6717,67170000,67170000,92,153,67180000,23539
0,6718,67180000,67180000,92,153,67190000,23543
0,6719,67190000,67190000,92,153,67200000,23544
0,672,6720000,6720000,92,153,6730000,2354
0,6720,67200000,67200000,92,153,67210000,23552
0,6721,67210000,67210000,92,153,67220000,23554
0,6722,67220000,67220000,92,153,67230000,23557
0,6723,67230000,67230000,92,153,67240000,23561
0,6724,67240000,67240000,92,153,67250000,23565
0,6725,67250000,67250000,92,153,67260000,23566
0,6726,67260000,67260000,92,153,67270000,23572
0,6727,67270000,67270000,92,153,67280000,23576
0,6728,67280000,67280000,92,153,67290000,23579
0,6729,67290000,67290000,92,153,67300000,23581
0,673,6730000,6730000,92,153,6740000,2356
0,6730,67300000,67300000,92,153,67310000,23585
0,6731,67310000,67310000,92,153,67320000,23586
0,6732,67320000,67320000,92,153,67330000,23594
0,6733,67330000,67330000,92,153,67340000,23596
0,6734,67340000,67340000,92,153,67350000,23600
0,6735,67350000,67350000,92,153,67360000,23603
0,6736,67360000,67360000,92,153,67370000,23607
0,6737,67370000,67370000,92,153,67380000,23608
0,6738,67380000,67380000,92,153,67390000,23614
0,6739,67390000,67390000,92,153,67400000,23616
0,674,6740000,6740000,92,153,6750000,2359
0,6740,67400000,67400000,92,153,67410000,23620
0,6741,67410000,67410000,92,153,67420000,23624
0,6742,67420000,67420000,92,153,67430000,23629
0,6743,67430000,67430000,92,153,67440000,23630
0,6744,67440000,67440000,92,153,67450000,23636
0,6745,67450000,67450000,92,153,67460000,23638
0,6746,67460000,67460000,92,153,67470000,23641
0,6747,67470000,67470000,92,153,67480000,23643
0,6748,67480000,67480000,92,153,67490000,23648
0,6749,67490000,67490000,92,153,67500000,23650
0,675,6750000,6750000,92,153,6760000,2363
0,6750,67500000,67500000,92,153,67510000,23658
0,6751,67510000,67510000,92,153,67520000,23660
0,6752,67520000,67520000,92,153,67530000,23663
0,6753,67530000,67530000,92,153,67540000,23665
0,6754,67540000,67540000,92,153,67550000,23669
0,6755,67550000,67550000,92,153,67560000,23671
0,6756,67560000,67560000,92,153,67570000,23677
0,6757,67570000,67570000,92,153,67580000,23681
0,6758,67580000,67580000,92,153,67590000,23684
0,6759,67590000,67590000,92,153,67600000,23687
0,676,6760000,6760000,92,153,6770000,2367
0,6760,67600000,67600000,92,153,67610000,23691
0,6761,67610000,67610000,92,153,67620000,23692
0,6762,67620000,67620000,92,153,67630000,23699
0,6763,67630000,67630000,92,153,67640000,23701
0,6764,67640000,67640000,92,153,67650000,23704
0,6765,67650000,67650000,92,153,67660000,23707
0,6766,67660000,67660000,92,153,67670000,23712
0,6767,67670000,67670000,92,153,67680000,23713
0,6768,67680000,67680000,92,153,67690000,23720
0,6769,67690000,67690000,92,153,67700000,23723
0,677,6770000,6770000,92,153,6780000,2368
0,6770,67700000,67700000,92,153,67710000,23726
0,6771,67710000,67710000,92,153,67720000,23728
0,6772,67720000,67720000,92,153,67730000,23733
0,6773,67730000,67730000,92,153,67740000,23734
0,6774,67740000,67740000,92,153,67750000,23741
0,6775,67750000,67750000,92,153,67760000,23743
0,6776,67760000,67760000,92,153,67770000,23747
0,6777,67770000,67770000,92,153,67780000,23750
0,6778,67780000,67780000,92,153,67790000,23754
0,6779,67790000,67790000,92,153,67800000,23755
0,678,6780000,6780000,92,153,6790000,2374
0,6780,67800000,67800000,92,153,67810000,23762
0,6781,67810000,67810000,92,153,67820000,23764
0,6782,67820000,67820000,92,153,67830000,23767
0,6783,67830000,67830000,92,153,67840000,23771
0,6784,67840000,67840000,92,153,67850000,23775
0,6785,67850000,67850000,92,153,67860000,23776
0,6786,67860000,67860000,92,153,67870000,23783
0,6787,67870000,67870000,92,153,67880000,23786
0,6788,67880000,67880000,92,153,67890000,23789
0,6789,67890000,67890000,92,153,67900000,23791
0,679,6790000,6790000,92,153,6800000,2377
0,6790,67900000,67900000,92,153,67910000,23796
0,6791,67910000,67910000,92,153,67920000,23798
0,6792,67920000,67920000,92,153,67930000,23804
0,6793,67930000,67930000,92,153,67940000,23806
0,6794,67940000,67940000,92,153,67950000,23809
0,6795,67950000,67950000,92,153,67960000,23813
0,6796,67960000,67960000,92,153,67970000,23817
0,6797,67970000,67970000,92,153,67980000,23819
0,6798,67980000,67980000,92,153,67990000,23825
0,6799,67990000,67990000,92,153,68000000,23827
0,68,680000,680000,92,153,690000,236
0,680,6800000,6800000,92,153,6810000,2381
0,6800,68000000,68000000,92,153,68010000,23831
0,6801,68010000,68010000,92,153,68020000,23833
0,6802,68020000,68020000,92,153,68030000,23838
0,6803,68030000,68030000,92,153,68040000,23839
0,6804,68040000,68040000,92,153,68050000,23847
0,6805,68050000,68050000,92,153,68060000,23849
0,6806,68060000,68060000,92,153,68070000,23852
0,6807,68070000,68070000,92,153,68080000,23854
0,6808,68080000,68080000,92,153,68090000,23859
0,6809,68090000,68090000,92,153,68100000,23860
0,681,6810000,6810000,92,153,6820000,2383
0,6810,68100000,68100000,92,153,68110000,23867
0,6811,68110000,68110000,92,153,68120000,23870
0,6812,68120000,68120000,92,153,68130000,23873
0,6813,68130000,68130000,92,153,68140000,23876
0,6814,68140000,68140000,92,153,68150000,23880
0,6815,68150000,68150000,92,153,68160000,23881
0,6816,68160000,68160000,92,153,68170000,23887
0,6817,68170000,68170000,92,153,68180000,23891
0,6818,68180000,68180000,92,153,68190000,23895
0,6819,68190000,68190000,92,153,68200000,23897
0,682,6820000,6820000,92,153,6830000,2388
0,6820,68200000,68200000,92,153,68210000,23901
0,6821,68210000,68210000,92,153,68220000,23902
0,6822,68220000,68220000,92,153,68230000,23909
0,6823,68230000,68230000,92,153,68240000,23911
0,6824,68240000,68240000,92,153,68250000,23914
0,6825,68250000,68250000,92,153,68260000,23919
0,6826,68260000,68260000,92,153,68270000,23923
0,6827,68270000,68270000,92,153,68280000,23924
0,6828,68280000,68280000,92,153,68290000,23930
0,6829,68290000,68290000,92,153,68300000,23932
0,683,6830000,6830000,92,153,6840000,2389
0,6830,68300000,68300000,92,153,68310000,23935
0,6831,68310000,68310000,92,153,68320000,23938
0,6832,68320000,68320000,92,153,68330000,23944
0,6833,68330000,68330000,92,153,68340000,23945
0,6834,68340000,68340000,92,153,68350000,23952
0,6835,68350000,68350000,92,153,68360000,23954
0,6836,68360000,68360000,92,153,68370000,23957
0,6837,68370000,68370000,92,153,68380000,23959
0,6838,68380000,68380000,92,153,68390000,23963
0,6839,68390000,68390000,92,153,68400000,23965
0,684,6840000,6840000,92,153,6850000,2396
0,6840,68400000,68400000,92,153,68410000,23973
0,6841,68410000,68410000,92,153,68420000,23975
0,6842,68420000,68420000,92,153,68430000,23979
0,6843,68430000,68430000,92,153,68440000,23981
0,6844,68440000,68440000,92,153,68450000,23985
0,6845,68450000,68450000,92,153,68460000,23986
0,6846,68460000,68460000,92,153,68470000,23993
0,6847,68470000,68470000,92,153,68480000,23996
0,6848,68480000,68480000,92,153,68490000,23999
0,6849,68490000,68490000,92,153,68500000,24002
0,685,6850000,6850000,92,153,6860000,2398
0,6850,68500000,68500000,92,153,68510000,24006
0,6851,68510000,68510000,92,153,68520000,24008
0,6852,68520000,68520000,92,153,68530000,24014
0,6853,68530000,68530000,92,153,68540000,24017
0,6854,68540000,68540000,92,153,68550000,24020
0,6855,68550000,68550000,92,153,68560000,24023
0,6856,68560000,68560000,92,153,68570000,24027
0,6857,68570000,68570000,92,153,68580000,24028
0,6858,68580000,68580000,92,153,68590000,24035
0,6859,68590000,68590000,92,153,68600000,24038
0,686,6860000,6860000,92,153,6870000,2402
0,6860,68600000,68600000,92,153,68610000,24042
0,6861,68610000,68610000,92,153,68620000,24044
0,6862,68620000,68620000,92,153,68630000,24049
0,6863,68630000,68630000,92,153,68640000,24050
0,6864,68640000,68640000,92,153,68650000,24056
0,6865,68650000,68650000,92,153,68660000,24058
0,6866,68660000,68660000,92,153,68670000,24061
0,6867,68670000,68670000,92,153,68680000,24065
0,6868,68680000,68680000,92,153,68690000,24070
0,6869,68690000,68690000,92,153,68700000,24071
0,687,6870000,6870000,92,153,6880000,2404
0,6870,68700000,68700000,92,153,68710000,24078
0,6871,68710000,68710000,92,153,68720000,24080
0,6872,68720000,68720000,92,153,68730000,24083
0,6873,68730000,68730000,92,153,68740000,24085
0,6874,68740000,68740000,92,153,68750000,24090
0,6875,68750000,68750000,92,153,68760000,24091
0,6876,68760000,68760000,92,153,68770000,24099
0,6877,68770000,68770000,92,153,68780000,24102
0,6878,68780000,68780000,92,153,68790000,24105
0,6879,68790000,68790000,92,153,68800000,24107
0,688,6880000,6880000,92,153,6890000,2409
0,6880,68800000,68800000,92,153,68810000,24111
0,6881,68810000,68810000,92,153,68820000,24113
0,6882,68820000,68820000,92,153,68830000,24119
0,6883,68830000,68830000,92,153,68840000,24121
0,6884,68840000,68840000,92,153,68850000,24124
0,6885,68850000,68850000,92,153,68860000,24129
0,6886,68860000,68860000,92,153,68870000,24133
0,6887,68870000,68870000,92,153,68880000,24134
0,6888,68880000,68880000,92,153,68890000,24141
0,6889,68890000,68890000,92,153,68900000,24143
0,689,6890000,6890000,92,153,6900000,2410
0,6890,68900000,68900000,92,153,68910000,24146
0,6891,68910000,68910000,92,153,68920000,24148
0,6892,68920000,68920000,92,153,68930000,24153
0,6893,68930000,68930000,92,153,68940000,24155
0,6894,68940000,68940000,92,153,68950000,24162
0,6895,68950000,68950000,92,153,68960000,24165
0,6896,68960000,68960000,92,153,68970000,24168
0,6897,68970000,68970000,92,153,68980000,24170
0,6898,68980000,68980000,92,153,68990000,24174
0,6899,68990000,68990000,92,153,69000000,24175
0,69,690000,690000,92,153,700000,238
0,690,6900000,6900000,92,153,6910000,2417
0,6900,69000000,69000000,92,153,69010000,24182
0,6901,69010000,69010000,92,153,69020000,24184
0,6902,69020000,69020000,92,153,69030000,24189
0,6903,69030000,69030000,92,153,69040000,24192
0,6904,69040000,69040000,92,153,69050000,24196
0,6905,69050000,69050000,92,153,69060000,24197
0,6906,69060000,69060000,92,153,69070000,24203
0,6907,69070000,69070000,92,153,69080000,24206
0,6908,69080000,69080000,92,153,69090000,24209
0,6909,69090000,69090000,92,153,69100000,24212
0,691,6910000,6910000,92,153,6920000,2419
0,6910,69100000,69100000,92,153,69110000,24217
0,6911,69110000,69110000,92,153,69120000,24218
0,6912,69120000,69120000,92,153,69130000,24225
0,6913,69130000,69130000,92,153,69140000,24227
0,6914,69140000,69140000,92,153,69150000,24230
0,6915,69150000,69150000,92,153,69160000,24233
0,6916,69160000,69160000,92,153,69170000,24238
0,6917,69170000,69170000,92,153,69180000,24239
0,6918,69180000,69180000,92,153,69190000,24245
0,6919,69190000,69190000,92,153,69200000,24248
0,692,6920000,6920000,92,153,6930000,2422
0,6920,69200000,69200000,92,153,69210000,24251
0,6921,69210000,69210000,92,153,69220000,24254
0,6922,69220000,69220000,92,153,69230000,24259
0,6923,69230000,69230000,92,153,69240000,24261
0,6924,69240000,69240000,92,153,69250000,24267
0,6925,69250000,69250000,92,153,69260000,24269
0,6926,69260000,69260000,92,153,69270000,24272
0,6927,69270000,69270000,92,153,69280000,24275
0,6928,69280000,69280000,92,153,69290000,24279
0,6929,69290000,69290000,92,153,69300000,24280
0,693,6930000,6930000,92,153,6940000,2426
0,6930,69300000,69300000,92,153,69310000,24289
0,6931,69310000,69310000,92,153,69320000,24291
0,6932,69320000,69320000,92,153,69330000,24294
0,6933,69330000,69330000,92,153,69340000,24296
0,6934,69340000,69340000,92,153,69350000,24300
0,6935,69350000,69350000,92,153,69360000,24301
0,6936,69360000,69360000,92,153,69370000,24308
0,6937,69370000,69370000,92,153,69380000,24312
0,6938,69380000,69380000,92,153,69390000,24315
0,6939,69390000,69390000,92,153,69400000,24318
0,694,6940000,6940000,92,153,6950000,2430
0,6940,69400000,69400000,92,153,69410000,24322
0,6941,69410000,69410000,92,153,69420000,24323
0,6942,69420000,69420000,92,153,69430000,24329
0,6943,69430000,69430000,92,153,69440000,24331
0,6944,69440000,69440000,92,153,69450000,24336
0,6945,69450000,69450000,92,153,69460000,24339
0,6946,69460000,69460000,92,153,69470000,24343
0,6947,69470000,69470000,92,153,69480000,24344
0,6948,69480000,69480000,92,153,69490000,24351
0,6949,69490000,69490000,92,153,69500000,24353
0,695,6950000,6950000,92,153,6960000,2431
0,6950,69500000,69500000,92,153,69510000,24356
0,6951,69510000,69510000,92,153,69520000,24359
0,6952,69520000,69520000,92,153,69530000,24364
0,6953,69530000,69530000,92,153,69540000,24366
0,6954,69540000,69540000,92,153,69550000,24372
0,6955,69550000,69550000,92,153,69560000,24374
0,6956,69560000,69560000,92,153,69570000,24377
0,6957,69570000,69570000,92,153,69580000,24380
0,6958,69580000,69580000,92,153,69590000,24385
0,6959,69590000,69590000,92,153,69600000,24386
0,696,6960000,6960000,92,153,6970000,2437
0,6960,69600000,69600000,92,153,69610000,24393
0,6961,69610000,69610000,92,153,69620000,24396
0,6962,69620000,69620000,92,153,69630000,24399
0,6963,69630000,69630000,92,153,69640000,24401
0,6964,69640000,69640000,92,153,69650000,24405
0,6965,69650000,69650000,92,153,69660000,24407
0,6966,69660000,69660000,92,153,69670000,24414
0,6967,69670000,69670000,92,153,69680000,24417
0,6968,69680000,69680000,92,153,69690000,24420
0,6969,69690000,69690000,92,153,69700000,24422
0,697,6970000,6970000,92,153,6980000,2441
0,6970,69700000,69700000,92,153,69710000,24427
0,6971,69710000,69710000,92,153,69720000,24428
0,6972,69720000,69720000,92,153,69730000,24435
0,6973,69730000,69730000,92,153,69740000,24437
0,6974,69740000,69740000,92,153,69750000,24440
0,6975,69750000,69750000,92,153,69760000,24444
0,6976,69760000,69760000,92,153,69770000,24448
0,6977,69770000,69770000,92,153,69780000,24449
0,6978,69780000,69780000,92,153,69790000,24456
0,6979,69790000,69790000,92,153,69800000,24459
0,698,6980000,6980000,92,153,6990000,2444
0,6980,69800000,69800000,92,153,69810000,24462
0,6981,69810000,69810000,92,153,69820000,24464
0,6982,69820000,69820000,92,153,69830000,24469
0,6983,69830000,69830000,92,153,69840000,24470
0,6984,69840000,69840000,92,153,69850000,24477
0,6985,69850000,69850000,92,153,69860000,24479
0,6986,69860000,69860000,92,153,69870000,24483
0,6987,69870000,69870000,92,153,69880000,24486
0,6988,69880000,69880000,92,153,69890000,24490
0,6989,69890000,69890000,92,153,69900000,24491
0,699,6990000,6990000,92,153,7000000,2446
0,6990,69900000,69900000,92,153,69910000,24498
0,6991,69910000,69910000,92,153,69920000,24500
0,6992,69920000,69920000,92,153,69930000,24503
0,6993,69930000,69930000,92,153,69940000,24507
0,6994,69940000,69940000,92,153,69950000,24511
0,6995,69950000,69950000,92,153,69960000,24513
0,6996,69960000,69960000,92,153,69970000,24519
0,6997,69970000,69970000,92,153,69980000,24522
0,6998,69980000,69980000,92,153,69990000,24525
0,6999,69990000,69990000,92,153,70000000,24527
0,7,70000,70000,92,153,80000,22
0,70,700000,700000,92,153,710000,243
0,700,7000000,7000000,92,153,7010000,2451
0,7000,70000000,70000000,92,153,70010000,24532
0,7001,70010000,70010000,92,153,70020000,24533
0,7002,70020000,70020000,92,153,70030000,24540
0,7003,70030000,70030000,92,153,70040000,24542
0,7004,70040000,70040000,92,153,70050000,24546
0,7005,70050000,70050000,92,153,70060000,24549
0,7006,70060000,70060000,92,153,70070000,24553
0,7007,70070000,70070000,92,153,70080000,24555
0,7008,70080000,70080000,92,153,70090000,24561
0,7009,70090000,70090000,92,153,70100000,24563
0,701,7010000,7010000,92,153,7020000,2452
0,7010,70100000,70100000,92,153,70110000,24566
0,7011,70110000,70110000,92,153,70120000,24569
0,7012,70120000,70120000,92,153,70130000,24575
0,7013,70130000,70130000,92,153,70140000,24576
0,7014,70140000,70140000,92,153,70150000,24583
0,7015,70150000,70150000,92,153,70160000,24585
0,7016,70160000,70160000,92,153,70170000,24588
0,7017,70170000,70170000,92,153,70180000,24590
0,7018,70180000,70180000,92,153,70190000,24594
0,7019,70190000,70190000,92,153,70200000,24595
0,702,7020000,7020000,92,153,7030000,2459
0,7020,70200000,70200000,92,153,70210000,24603
0,7021,70210000,70210000,92,153,70220000,24607
0,7022,70220000,70220000,92,153,70230000,24610
0,7023,70230000,70230000,92,153,70240000,24612
0,7024,70240000,70240000,92,153,70250000,24616
0,7025,70250000,70250000,92,153,70260000,24617
0,7026,70260000,70260000,92,153,70270000,24623
0,7027,70270000,70270000,92,153,70280000,24626
0,7028,70280000,70280000,92,153,70290000,24630
0,7029,70290000,70290000,92,153,70300000,24634
0,703,7030000,7030000,92,153,7040000,2461
0,7030,70300000,70300000,92,153,70310000,24638
0,7031,70310000,70310000,92,153,70320000,24639
0,7032,70320000,70320000,92,153,70330000,24645
0,7033,70330000,70330000,92,153,70340000,24647
0,7034,70340000,70340000,92,153,70350000,24650
0,7035,70350000,70350000,92,153,70360000,24654
0,7036,70360000,70360000,92,153,70370000,24658
0,7037,70370000,70370000,92,153,70380000,24659
0,7038,70380000,70380000,92,153,70390000,24667
0,7039,70390000,70390000,92,153,70400000,24669
0,704,7040000,7040000,92,153,7050000,2464
0,7040,70400000,70400000,92,153,70410000,24672
0,7041,70410000,70410000,92,153,70420000,24674
0,7042,70420000,70420000,92,153,70430000,24680
0,7043,70430000,70430000,92,153,70440000,24681
0,7044,70440000,70440000,92,153,70450000,24687
0,7045,70450000,70450000,92,153,70460000,24689
0,7046,70460000,70460000,92,153,70470000,24693
0,7047,70470000,70470000,92,153,70480000,24696
0,7048,70480000,70480000,92,153,70490000,24700
0,7049,70490000,70490000,92,153,70500000,24702
0,705,7050000,7050000,92,153,7060000,2468
0,7050,70500000,70500000,92,153,70510000,24709
0,7051,70510000,70510000,92,153,70520000,24711
0,7052,70520000,70520000,92,153,70530000,24714
0,7053,70530000,70530000,92,153,70540000,24716
0,7054,70540000,70540000,92,153,70550000,24720
0,7055,70550000,70550000,92,153,70560000,24722
0,7056,70560000,70560000,92,153,70570000,24730
0,7057,70570000,70570000,92,153,70580000,24733
0,7058,70580000,70580000,92,153,70590000,24736
0,7059,70590000,70590000,92,153,70600000,24738
0,706,7060000,7060000,92,153,7070000,2472
0,7060,70600000,70600000,92,153,70610000,24742
0,7061,70610000,70610000,92,153,70620000,24743
0,7062,70620000,70620000,92,153,70630000,24749
0,7063,70630000,70630000,92,153,70640000,24753
0,7064,70640000,70640000,92,153,70650000,24756
0,7065,70650000,70650000,92,153,70660000,24760
0,7066,70660000,70660000,92,153,70670000,24764
0,7067,70670000,70670000,92,153,70680000,24765
0,7068,70680000,70680000,92,153,70690000,24771
0,7069,70690000,70690000,92,153,70700000,24773
0,707,7070000,7070000,92,153,7080000,2474
0,7070,70700000,70700000,92,153,70710000,24777
0,7071,70710000,70710000,92,153,70720000,24779
0,7072,70720000,70720000,92,153,70730000,24785
0,7073,70730000,70730000,92,153,70740000,24786
0,7074,70740000,70740000,92,153,70750000,24793
0,7075,70750000,70750000,92,153,70760000,24795
0,7076,70760000,70760000,92,153,70770000,24798
0,7077,70770000,70770000,92,153,70780000,24801
0,7078,70780000,70780000,92,153,70790000,24805
0,7079,70790000,70790000,92,153,70800000,24806
0,708,7080000,7080000,92,153,7090000,2480
0,7080,70800000,70800000,92,153,70810000,24814
0,7081,70810000,70810000,92,153,70820000,24816
0,7082,70820000,70820000,92,153,70830000,24819
0,7083,70830000,70830000,92,153,70840000,24822
0,7084,70840000,70840000,92,153,70850000,24827
0,7085,70850000,70850000,92,153,70860000,24828
0,7086,70860000,70860000,92,153,70870000,24834
0,7087,70870000,70870000,92,153,70880000,24837
0,7088,70880000,70880000,92,153,70890000,24840
0,7089,70890000,70890000,92,153,70900000,24843
0,709,7090000,7090000,92,153,7100000,2482
0,7090,70900000,70900000,92,153,70910000,24847
0,7091,70910000,70910000,92,153,70920000,24849
0,7092,70920000,70920000,92,153,70930000,24856
0,7093,70930000,70930000,92,153,70940000,24858
0,7094,70940000,70940000,92,153,70950000,24861
0,7095,70950000,70950000,92,153,70960000,24864
0,7096,70960000,70960000,92,153,70970000,24868
0,7097,70970000,70970000,92,153,70980000,24870
0,7098,70980000,70980000,92,153,70990000,24877
0,7099,70990000,70990000,92,153,71000000,24879
0,71,710000,710000,92,153,720000,244
0,710,7100000,7100000,92,153,7110000,2485
0,7100,71000000,71000000,92,153,71010000,24882
0,7101,71010000,71010000,92,153,71020000,24885
0,7102,71020000,71020000,92,153,71030000,24890
0,7103,71030000,71030000,92,153,71040000,24891
0,7104,71040000,71040000,92,153,71050000,24897
0,7105,71050000,71050000,92,153,71060000,24900
0,7106,71060000,71060000,92,153,71070000,24904
0,7107,71070000,71070000,92,153,71080000,24906
0,7108,71080000,71080000,92,153,71090000,24910
0,7109,71090000,71090000,92,153,71100000,24911
0,711,7110000,7110000,92,153,7120000,2488
0,7110,71100000,71100000,92,153,71110000,24919
0,7111,71110000,71110000,92,153,71120000,24921
0,7112,71120000,71120000,92,153,71130000,24925
0,7113,71130000,71130000,92,153,71140000,24927
0,7114,71140000,71140000,92,153,71150000,24932
0,7115,71150000,71150000,92,153,71160000,24933
0,7116,71160000,71160000,92,153,71170000,24939
0,7117,71170000,71170000,92,153,71180000,24942
0,7118,71180000,71180000,92,153,71190000,24945
0,7119,71190000,71190000,92,153,71200000,24949
0,712,7120000,7120000,92,153,7130000,2493
0,7120,71200000,71200000,92,153,71210000,24953
0,7121,71210000,71210000,92,153,71220000,24954
0,7122,71220000,71220000,92,153,71230000,24960
0,7123,71230000,71230000,92,153,71240000,24963
0,7124,71240000,71240000,92,153,71250000,24966
0,7125,71250000,71250000,92,153,71260000,24969
0,7126,71260000,71260000,92,153,71270000,24974
0,7127,71270000,71270000,92,153,71280000,24975
0,7128,71280000,71280000,92,153,71290000,24982
0,7129,71290000,71290000,92,153,71300000,24984
0,713,7130000,7130000,92,153,7140000,2494
0,7130,71300000,71300000,92,153,71310000,24987
0,7131,71310000,71310000,92,153,71320000,24990
0,7132,71320000,71320000,92,153,71330000,24995
0,7133,71330000,71330000,92,153,71340000,24997
0,7134,71340000,71340000,92,153,71350000,25003
0,7135,71350000,71350000,92,153,71360000,25005
0,7136,71360000,71360000,92,153,71370000,25008
0,7137,71370000,71370000,92,153,71380000,25011
0,7138,71380000,71380000,92,153,71390000,25015
0,7139,71390000,71390000,92,153,71400000,25016
0,714,7140000,7140000,92,153,7150000,2502
0,7140,71400000,71400000,92,153,71410000,25025
0,7141,71410000,71410000,92,153,71420000,25027
0,7142,71420000,71420000,92,153,71430000,25030
0,7143,71430000,71430000,92,153,71440000,25032
0,7144,71440000,71440000,92,153,71450000,25036
0,7145,71450000,71450000,92,153,71460000,25037
0,7146,71460000,71460000,92,153,71470000,25044
0,7147,71470000,71470000,92,153,71480000,25048
0,7148,71480000,71480000,92,153,71490000,25052
0,7149,71490000,71490000,92,153,71500000,25054
0,715,7150000,7150000,92,153,7160000,2504
0,7150,71500000,71500000,92,153,71510000,25058
0,7151,71510000,71510000,92,153,71520000,25059
0,7152,71520000,71520000,92,153,71530000,25065
0,7153,71530000,71530000,92,153,71540000,25067
0,7154,71540000,71540000,92,153,71550000,25071
0,7155,71550000,71550000,92,153,71560000,25075
0,7156,71560000,71560000,92,153,71570000,25079
0,7157,71570000,71570000,92,153,71580000,25081
0,7158,71580000,71580000,92,153,71590000,25087
0,7159,71590000,71590000,92,153,71600000,25089
0,716,7160000,7160000,92,153,7170000,2507
0,7160,71600000,71600000,92,153,71610000,25092
0,7161,71610000,71610000,92,153,71620000,25095
0,7162,71620000,71620000,92,153,71630000,25100
0,7163,71630000,71630000,92,153,71640000,25101
0,7164,71640000,71640000,92,153,71650000,25108
0,7165,71650000,71650000,92,153,71660000,25111
0,7166,71660000,71660000,92,153,71670000,25114
0,7167,71670000,71670000,92,153,71680000,25116
0,7168,71680000,71680000,92,153,71690000,25121
0,7169,71690000,71690000,92,153,71700000,25122
0,717,7170000,7170000,92,153,7180000,2509
0,7170,71700000,71700000,92,153,71710000,25129
0,7171,71710000,71710000,92,153,71720000,25131
0,7172,71720000,71720000,92,153,71730000,25134
0,7173,71730000,71730000,92,153,71740000,25137
0,7174,71740000,71740000,92,153,71750000,25142
0,7175,71750000,71750000,92,153,71760000,25144
0,7176,71760000,71760000,92,153,71770000,25150
0,7177,71770000,71770000,92,153,71780000,25153
0,7178,71780000,71780000,92,153,71790000,25156
0,7179,71790000,71790000,92,153,71800000,25158
0,718,7180000,7180000,92,153,7190000,2513
0,7180,71800000,71800000,92,153,71810000,25162
0,7181,71810000,71810000,92,153,71820000,25163
0,7182,71820000,71820000,92,153,71830000,25172
0,7183,71830000,71830000,92,153,71840000,25174
0,7184,71840000,71840000,92,153,71850000,25177
0,7185,71850000,71850000,92,153,71860000,25180
0,7186,71860000,71860000,92,153,71870000,25184
0,7187,71870000,71870000,92,153,71880000,25185
0,7188,71880000,71880000,92,153,71890000,25191
0,7189,71890000,71890000,92,153,71900000,25194
0,719,7190000,7190000,92,153,7200000,2514
0,7190,71900000,71900000,92,153,71910000,25197
0,7191,71910000,71910000,92,153,71920000,25201
0,7192,71920000,71920000,92,153,71930000,25206
0,7193,71930000,71930000,92,153,71940000,25207
0,7194,71940000,71940000,92,153,71950000,25213
0,7195,71950000,71950000,92,153,71960000,25215
0,7196,71960000,71960000,92,153,71970000,25219
0,7197,71970000,71970000,92,153,71980000,25221
0,7198,71980000,71980000,92,153,71990000,25225
0,7199,71990000,71990000,92,153,72000000,25227
0,72,720000,720000,92,153,730000,251
0,720,7200000,7200000,92,153,7210000,2522
0,7200,72000000,72000000,92,153,72010000,25235
0,7201,72010000,72010000,92,153,72020000,25237
0,7202,72020000,72020000,92,153,72030000,25240
0,7203,72030000,72030000,92,153,72040000,25243
0,7204,72040000,72040000,92,153,72050000,25247
0,7205,72050000,72050000,92,153,72060000,25248
0,7206,72060000,72060000,92,153,72070000,25254
0,7207,72070000,72070000,92,153,72080000,25257
0,7208,72080000,72080000,92,153,72090000,25261
0,7209,72090000,72090000,92,153,72100000,25264
0,721,7210000,7210000,92,153,7220000,2525
0,7210,72100000,72100000,92,153,72110000,25269
0,7211,72110000,72110000,92,153,72120000,25270
0,7212,72120000,72120000,92,153,72130000,25276
0,7213,72130000,72130000,92,153,72140000,25278
0,7214,72140000,72140000,92,153,72150000,25281
0,7215,72150000,72150000,92,153,72160000,25284
0,7216,72160000,72160000,92,153,72170000,25289
0,7217,72170000,72170000,92,153,72180000,25291
0,7218,72180000,72180000,92,153,72190000,25298
0,7219,72190000,72190000,92,153,72200000,25300
0,722,7220000,7220000,92,153,7230000,2529
0,7220,72200000,72200000,92,153,72210000,25303
0,7221,72210000,72210000,92,153,72220000,25305
0,7222,72220000,72220000,92,153,72230000,25310
0,7223,72230000,72230000,92,153,72240000,25311
0,7224,72240000,72240000,92,153,72250000,25318
0,7225,72250000,72250000,92,153,72260000,25321
0,7226,72260000,72260000,92,153,72270000,25324
0,7227,72270000,72270000,92,153,72280000,25327
0,7228,72280000,72280000,92,153,72290000,25331
0,7229,72290000,72290000,92,153,72300000,25332
0,723,7230000,7230000,92,153,7240000,2531
0,7230,72300000,72300000,92,153,72310000,25339
0,7231,72310000,72310000,92,153,72320000,25342
0,7232,72320000,72320000,92,153,72330000,25345
0,7233,72330000,72330000,92,153,72340000,25348
0,7234,72340000,72340000,92,153,72350000,25352
0,7235,72350000,72350000,92,153,72360000,25353
0,7236,72360000,72360000,92,153,72370000,25360
0,7237,72370000,72370000,92,153,72380000,25363
0,7238,72380000,72380000,92,153,72390000,25367
0,7239,72390000,72390000,92,153,72400000,25369
0,724,7240000,7240000,92,153,7250000,2535
0,7240,72400000,72400000,92,153,72410000,25373
0,7241,72410000,72410000,92,153,72420000,25374
0,7242,72420000,72420000,92,153,72430000,25381
0,7243,72430000,72430000,92,153,72440000,25383
0,7244,72440000,72440000,92,153,72450000,25386
0,7245,72450000,72450000,92,153,72460000,25391
0,7246,72460000,72460000,92,153,72470000,25395
0,7247,72470000,72470000,92,153,72480000,25396
0,7248,72480000,72480000,92,153,72490000,25402
0,7249,72490000,72490000,92,153,72500000,25404
0,725,7250000,7250000,92,153,7260000,2536
0,7250,72500000,72500000,92,153,72510000,25408
0,7251,72510000,72510000,92,153,72520000,25410
0,7252,72520000,72520000,92,153,72530000,25416
0,7253,72530000,72530000,92,153,72540000,25417
0,7254,72540000,72540000,92,153,72550000,25424
0,7255,72550000,72550000,92,153,72560000,25426
0,7256,72560000,72560000,92,153,72570000,25429
0,7257,72570000,72570000,92,153,72580000,25431
0,7258,72580000,72580000,92,153,72590000,25435
0,7259,72590000,72590000,92,153,72600000,25438
0,726,7260000,7260000,92,153,7270000,2542
0,7260,72600000,72600000,92,153,72610000,25445
0,7261,72610000,72610000,92,153,72620000,25447
0,7262,72620000,72620000,92,153,72630000,25450
0,7263,72630000,72630000,92,153,72640000,25453
0,7264,72640000,72640000,92,153,72650000,25457
0,7265,72650000,72650000,92,153,72660000,25458
0,7266,72660000,72660000,92,153,72670000,25465
0,7267,72670000,72670000,92,153,72680000,25469
0,7268,72680000,72680000,92,153,72690000,25472
0,7269,72690000,72690000,92,153,72700000,25474
0,727,7270000,7270000,92,153,7280000,2545
0,7270,72700000,72700000,92,153,72710000,25478
0,7271,72710000,72710000,92,153,72720000,25479
0,7272,72720000,72720000,92,153,72730000,25486
0,7273,72730000,72730000,92,153,72740000,25489
0,7274,72740000,72740000,92,153,72750000,25492
0,7275,72750000,72750000,92,153,72760000,25495
0,7276,72760000,72760000,92,153,72770000,25500
0,7277,72770000,72770000,92,153,72780000,25501
0,7278,72780000,72780000,92,153,72790000,25507
0,7279,72790000,72790000,92,153,72800000,25509
0,728,7280000,7280000,92,153,7290000,2549
0,7280,72800000,72800000,92,153,72810000,25513
0,7281,72810000,72810000,92,153,72820000,25516
0,7282,72820000,72820000,92,153,72830000,25521
0,7283,72830000,72830000,92,153,72840000,25522
0,7284,72840000,72840000,92,153,72850000,25529
0,7285,72850000,72850000,92,153,72860000,25531
0,7286,72860000,72860000,92,153,72870000,25534
0,7287,72870000,72870000,92,153,72880000,25537
0,7288,72880000,72880000,92,153,72890000,25541
0,7289,72890000,72890000,92,153,72900000,25542
0,729,7290000,7290000,92,153,7300000,2552
0,7290,72900000,72900000,92,153,72910000,25550
0,7291,72910000,72910000,92,153,72920000,25552
0,7292,72920000,72920000,92,153,72930000,25555
0,7293,72930000,72930000,92,153,72940000,25558
0,7294,72940000,72940000,92,153,72950000,25563
0,7295,72950000,72950000,92,153,72960000,25564
0,7296,72960000,72960000,92,153,72970000,25570
0,7297,72970000,72970000,92,153,72980000,25573
0,7298,72980000,72980000,92,153,72990000,25576
0,7299,72990000,72990000,92,153,73000000,25579
0,73,730000,730000,92,153,740000,253
0,730,7300000,7300000,92,153,7310000,2556
0,7300,73000000,73000000,92,153,73010000,25583
0,7301,73010000,73010000,92,153,73020000,25586
0,7302,73020000,73020000,92,153,73030000,25592
0,7303,73030000,73030000,92,153,73040000,25594
0,7304,73040000,73040000,92,153,73050000,25597
0,7305,73050000,73050000,92,153,73060000,25600
0,7306,73060000,73060000,92,153,73070000,25604
0,7307,73070000,73070000,92,153,73080000,25605
0,7308,73080000,73080000,92,153,73090000,25613
0,7309,73090000,73090000,92,153,73100000,25615
0,731,7310000,7310000,92,153,7320000,2558
0,7310,73100000,73100000,92,153,73110000,25619
0,7311,73110000,73110000,92,153,73120000,25621
0,7312,73120000,73120000,92,153,73130000,25626
0,7313,73130000,73130000,92,153,73140000,25627
0,7314,73140000,73140000,92,153,73150000,25633
0,7315,73150000,73150000,92,153,73160000,25636
0,7316,73160000,73160000,92,153,73170000,25639
0,7317,73170000,73170000,92,153,73180000,25642
0,7318,73180000,73180000,92,153,73190000,25647
0,7319,73190000,73190000,92,153,73200000,25648
0,732,7320000,7320000,92,153,7330000,2564
0,7320,73200000,73200000,92,153,73210000,25655
0,7321,73210000,73210000,92,153,73220000,25657
0,7322,73220000,73220000,92,153,73230000,25661
0,7323,73230000,73230000,92,153,73240000,25663
0,7324,73240000,73240000,92,153,73250000,25667
0,7325,73250000,73250000,92,153,73260000,25668
0,7326,73260000,73260000,92,153,73270000,25675
0,7327,73270000,73270000,92,153,73280000,25679
0,7328,73280000,73280000,92,153,73290000,25682
0,7329,73290000,73290000,92,153,73300000,25685
0,733,7330000,7330000,92,153,7340000,2566
0,7330,73300000,73300000,92,153,73310000,25689
0,7331,73310000,73310000,92,153,73320000,25690
0,7332,73320000,73320000,92,153,73330000,25696
0,7333,73330000,73330000,92,153,73340000,25698
0,7334,73340000,73340000,92,153,73350000,25701
0,7335,73350000,73350000,92,153,73360000,25706
0,7336,73360000,73360000,92,153,73370000,25711
0,7337,73370000,73370000,92,153,73380000,25712
0,7338,73380000,73380000,92,153,73390000,25718
0,7339,73390000,73390000,92,153,73400000,25720
0,734,7340000,7340000,92,153,7350000,2569
0,7340,73400000,73400000,92,153,73410000,25723
0,7341,73410000,73410000,92,153,73420000,25725
0,7342,73420000,73420000,92,153,73430000,25730
0,7343,73430000,73430000,92,153,73440000,25732
0,7344,73440000,73440000,92,153,73450000,25740
0,7345,73450000,73450000,92,153,73460000,25742
0,7346,73460000,73460000,92,153,73470000,25745
0,7347,73470000,73470000,92,153,73480000,25747
0,7348,73480000,73480000,92,153,73490000,25751
0,7349,73490000,73490000,92,153,73500000,25752
0,735,7350000,7350000,92,153,7360000,2573
0,7350,73500000,73500000,92,153,73510000,25760
0,7351,73510000,73510000,92,153,73520000,25762
0,7352,73520000,73520000,92,153,73530000,25766
0,7353,73530000,73530000,92,153,73540000,25769
0,7354,73540000,73540000,92,153,73550000,25773
0,7355,73550000,73550000,92,153,73560000,25774
0,7356,73560000,73560000,92,153,73570000,25780
0,7357,73570000,73570000,92,153,73580000,25784
0,7358,73580000,73580000,92,153,73590000,25787
0,7359,73590000,73590000,92,153,73600000,25789
0,736,7360000,7360000,92,153,7370000,2577
0,7360,73600000,73600000,92,153,73610000,25793
0,7361,73610000,73610000,92,153,73620000,25795
0,7362,73620000,73620000,92,153,73630000,25802
0,7363,73630000,73630000,92,153,73640000,25804
0,7364,73640000,73640000,92,153,73650000,25808
0,7365,73650000,73650000,92,153,73660000,25811
0,7366,73660000,73660000,92,153,73670000,25815
0,7367,73670000,73670000,92,153,73680000,25816
0,7368,73680000,73680000,92,153,73690000,25822
0,7369,73690000,73690000,92,153,73700000,25825
0,737,7370000,7370000,92,153,7380000,2578
0,7370,73700000,73700000,92,153,73710000,25828
0,7371,73710000,73710000,92,153,73720000,25832
0,7372,73720000,73720000,92,153,73730000,25837
0,7373,73730000,73730000,92,153,73740000,25838
0,7374,73740000,73740000,92,153,73750000,25844
0,7375,73750000,73750000,92,153,73760000,25846
0,7376,73760000,73760000,92,153,73770000,25849
0,7377,73770000,73770000,92,153,73780000,25851
0,7378,73780000,73780000,92,153,73790000,25857
0,7379,73790000,73790000,92,153,73800000,25858
0,738,7380000,7380000,92,153,7390000,2585
0,7380,73800000,73800000,92,153,73810000,25866
0,7381,73810000,73810000,92,153,73820000,25868
0,7382,73820000,73820000,92,153,73830000,25871
0,7383,73830000,73830000,92,153,73840000,25873
0,7384,73840000,73840000,92,153,73850000,25877
0,7385,73850000,73850000,92,153,73860000,25879
0,7386,73860000,73860000,92,153,73870000,25886
0,7387,73870000,73870000,92,153,73880000,25889
0,7388,73880000,73880000,92,153,73890000,25892
0,7389,73890000,73890000,92,153,73900000,25895
0,739,7390000,7390000,92,153,7400000,2588
0,7390,73900000,73900000,92,153,73910000,25899
0,7391,73910000,73910000,92,153,73920000,25900
0,7392,73920000,73920000,92,153,73930000,25907
0,7393,73930000,73930000,92,153,73940000,25909
0,7394,73940000,73940000,92,153,73950000,25912
0,7395,73950000,73950000,92,153,73960000,25916
0,7396,73960000,73960000,92,153,73970000,25920
0,7397,73970000,73970000,92,153,73980000,25921
0,7398,73980000,73980000,92,153,73990000,25928
0,7399,73990000,73990000,92,153,74000000,25931
0,74,740000,740000,92,153,750000,256
0,740,7400000,7400000,92,153,7410000,2591
0,7400,74000000,74000000,92,153,74010000,25934
0,7401,74010000,74010000,92,153,74020000,25936
0,7402,74020000,74020000,92,153,74030000,25941
0,7403,74030000,74030000,92,153,74040000,25943
0,7404,74040000,74040000,92,153,74050000,25949
0,7405,74050000,74050000,92,153,74060000,25951
0,7406,74060000,74060000,92,153,74070000,25955
0,7407,74070000,74070000,92,153,74080000,25958
0,7408,74080000,74080000,92,153,74090000,25962
0,7409,74090000,74090000,92,153,74100000,25963
0,741,7410000,7410000,92,153,7420000,2593
0,7410,74100000,74100000,92,153,74110000,25970
0,7411,74110000,74110000,92,153,74120000,25972
0,7412,74120000,74120000,92,153,74130000,25976
0,7413,74130000,74130000,92,153,74140000,25979
0,7414,74140000,74140000,92,153,74150000,25983
0,7415,74150000,74150000,92,153,74160000,25984
0,7416,74160000,74160000,92,153,74170000,25991
0,7417,74170000,74170000,92,153,74180000,25994
0,7418,74180000,74180000,92,153,74190000,25997
0,7419,74190000,74190000,92,153,74200000,25999
0,742,7420000,7420000,92,153,7430000,2599
0,7420,74200000,74200000,92,153,74210000,26005
0,7421,74210000,74210000,92,153,74220000,26006
0,7422,74220000,74220000,92,153,74230000,26012
0,7423,74230000,74230000,92,153,74240000,26014
0,7424,74240000,74240000,92,153,74250000,26017
0,7425,74250000,74250000,92,153,74260000,26021
0,7426,74260000,74260000,92,153,74270000,26025
0,7427,74270000,74270000,92,153,74280000,26027
0,7428,74280000,74280000,92,153,74290000,26033
0,7429,74290000,74290000,92,153,74300000,26036
0,743,7430000,7430000,92,153,7440000,2600
0,7430,74300000,74300000,92,153,74310000,26039
0,7431,74310000,74310000,92,153,74320000,26041
0,7432,74320000,74320000,92,153,74330000,26046
0,7433,74330000,74330000,92,153,74340000,26047
0,7434,74340000,74340000,92,153,74350000,26055
0,7435,74350000,74350000,92,153,74360000,26057
0,7436,74360000,74360000,92,153,74370000,26060
0,7437,74370000,74370000,92,153,74380000,26063
0,7438,74380000,74380000,92,153,74390000,26067
0,7439,74390000,74390000,92,153,74400000,26068
0,744,7440000,7440000,92,153,7450000,2606
0,7440,74400000,74400000,92,153,74410000,26075
0,7441,74410000,74410000,92,153,74420000,26078
0,7442,74420000,74420000,92,153,74430000,26081
0,7443,74430000,74430000,92,153,74440000,26084
0,7444,74440000,74440000,92,153,74450000,26088
0,7445,74450000,74450000,92,153,74460000,26089
0,7446,74460000,74460000,92,153,74470000,26096
0,7447,74470000,74470000,92,153,74480000,26099
0,7448,74480000,74480000,92,153,74490000,26103
0,7449,74490000,74490000,92,153,74500000,26105
0,745,7450000,7450000,92,153,7460000,2608
0,7450,74500000,74500000,92,153,74510000,26109
0,7451,74510000,74510000,92,153,74520000,26110
0,7452,74520000,74520000,92,153,74530000,26117
0,7453,74530000,74530000,92,153,74540000,26119
0,7454,74540000,74540000,92,153,74550000,26123
0,7455,74550000,74550000,92,153,74560000,26127
0,7456,74560000,74560000,92,153,74570000,26131
0,7457,74570000,74570000,92,153,74580000,26132
0,7458,74580000,74580000,92,153,74590000,26138
0,7459,74590000,74590000,92,153,74600000,26140
0,746,7460000,7460000,92,153,7470000,2611
0,7460,74600000,74600000,92,153,74610000,26143
0,7461,74610000,74610000,92,153,74620000,26146
0,7462,74620000,74620000,92,153,74630000,26152
0,7463,74630000,74630000,92,153,74640000,26154
0,7464,74640000,74640000,92,153,74650000,26160
0,7465,74650000,74650000,92,153,74660000,26162
0,7466,74660000,74660000,92,153,74670000,26165
0,7467,74670000,74670000,92,153,74680000,26167
0,7468,74680000,74680000,92,153,74690000,26171
0,7469,74690000,74690000,92,153,74700000,26173
0,747,7470000,7470000,92,153,7480000,2614
0,7470,74700000,74700000,92,153,74710000,26181
0,7471,74710000,74710000,92,153,74720000,26184
0,7472,74720000,74720000,92,153,74730000,26187
0,7473,74730000,74730000,92,153,74740000,26189
0,7474,74740000,74740000,92,153,74750000,26193
0,7475,74750000,74750000,92,153,74760000,26194
0,7476,74760000,74760000,92,153,74770000,26201
0,7477,74770000,74770000,92,153,74780000,26204
0,7478,74780000,74780000,92,153,74790000,26207
0,7479,74790000,74790000,92,153,74800000,26210
0,748,7480000,7480000,92,153,7490000,2619
0,7480,74800000,74800000,92,153,74810000,26215
0,7481,74810000,74810000,92,153,74820000,26216
0,7482,74820000,74820000,92,153,74830000,26222
0,7483,74830000,74830000,92,153,74840000,26225
0,7484,74840000,74840000,92,153,74850000,26228
0,7485,74850000,74850000,92,153,74860000,26231
0,7486,74860000,74860000,92,153,74870000,26235
0,7487,74870000,74870000,92,153,74880000,26236
0,7488,74880000,74880000,92,153,74890000,26244
0,7489,74890000,74890000,92,153,74900000,26246
0,749,7490000,7490000,92,153,7500000,2621
0,7490,74900000,74900000,92,153,74910000,26250
0,7491,74910000,74910000,92,153,74920000,26252
0,7492,74920000,74920000,92,153,74930000,26257
0,7493,74930000,74930000,92,153,74940000,26258
0,7494,74940000,74940000,92,153,74950000,26264
0,7495,74950000,74950000,92,153,74960000,26266
0,7496,74960000,74960000,92,153,74970000,26269
0,7497,74970000,74970000,92,153,74980000,26274
0,7498,74980000,74980000,92,153,74990000,26278
0,7499,74990000,74990000,92,153,75000000,26279
0,75,750000,750000,92,153,760000,259
0,750,7500000,7500000,92,153,7510000,2628
0,7500,75000000,75000000,92,153,75010000,26286
0,7501,75010000,75010000,92,153,75020000,26288
0,7502,75020000,75020000,92,153,75030000,26291
0,7503,75030000,75030000,92,153,75040000,26293
0,7504,75040000,75040000,92,153,75050000,26298
0,7505,75050000,75050000,92,153,75060000,26300
0,7506,75060000,75060000,92,153,75070000,26307
0,7507,75070000,75070000,92,153,75080000,26310
0,7508,75080000,75080000,92,153,75090000,26313
0,7509,75090000,75090000,92,153,75100000,26315
0,751,7510000,7510000,92,153,7520000,2630
0,7510,75100000,75100000,92,153,75110000,26319
0,7511,75110000,75110000,92,153,75120000,26321
0,7512,75120000,75120000,92,153,75130000,26327
0,7513,75130000,75130000,92,153,75140000,26329
0,7514,75140000,75140000,92,153,75150000,26333
0,7515,75150000,75150000,92,153,75160000,26337
0,7516,75160000,75160000,92,153,75170000,26341
0,7517,75170000,75170000,92,153,75180000,26342
0,7518,75180000,75180000,92,153,75190000,26349
0,7519,75190000,75190000,92,153,75200000,26351
0,752,7520000,7520000,92,153,7530000,2633
0,7520,75200000,75200000,92,153,75210000,26354
0,7521,75210000,75210000,92,153,75220000,26356
0,7522,75220000,75220000,92,153,75230000,26362
0,7523,75230000,75230000,92,153,75240000,26363
0,7524,75240000,75240000,92,153,75250000,26370
0,7525,75250000,75250000,92,153,75260000,26373
0,7526,75260000,75260000,92,153,75270000,26376
0,7527,75270000,75270000,92,153,75280000,26378
0,7528,75280000,75280000,92,153,75290000,26382
0,7529,75290000,75290000,92,153,75300000,26383
0,753,7530000,7530000,92,153,7540000,2635
0,7530,75300000,75300000,92,153,75310000,26390
0,7531,75310000,75310000,92,153,75320000,26393
0,7532,75320000,75320000,92,153,75330000,26397
0,7533,75330000,75330000,92,153,75340000,26400
0,7534,75340000,75340000,92,153,75350000,26404
0,7535,75350000,75350000,92,153,75360000,26405
0,7536,75360000,75360000,92,153,75370000,26411
0,7537,75370000,75370000,92,153,75380000,26414
0,7538,75380000,75380000,92,153,75390000,26417
0,7539,75390000,75390000,92,153,75400000,26421
0,754,7540000,7540000,92,153,7550000,2639
0,7540,75400000,75400000,92,153,75410000,26425
0,7541,75410000,75410000,92,153,75420000,26426
0,7542,75420000,75420000,92,153,75430000,26433
0,7543,75430000,75430000,92,153,75440000,26435
0,7544,75440000,75440000,92,153,75450000,26438
0,7545,75450000,75450000,92,153,75460000,26441
0,7546,75460000,75460000,92,153,75470000,26446
0,7547,75470000,75470000,92,153,75480000,26447
0,7548,75480000,75480000,92,153,75490000,26454
0,7549,75490000,75490000,92,153,75500000,26456
0,755,7550000,7550000,92,153,7560000,2640
0,7550,75500000,75500000,92,153,75510000,26459
0,7551,75510000,75510000,92,153,75520000,26462
0,7552,75520000,75520000,92,153,75530000,26467
0,7553,75530000,75530000,92,153,75540000,26469
0,7554,75540000,75540000,92,153,75550000,26475
0,7555,75550000,75550000,92,153,75560000,26477
0,7556,75560000,75560000,92,153,75570000,26481
0,7557,75570000,75570000,92,153,75580000,26483
0,7558,75580000,75580000,92,153,75590000,26487
0,7559,75590000,75590000,92,153,75600000,26488
0,756,7560000,7560000,92,153,7570000,2649
0,7560,75600000,75600000,92,153,75610000,26497
0,7561,75610000,75610000,92,153,75620000,26499
0,7562,75620000,75620000,92,153,75630000,26502
0,7563,75630000,75630000,92,153,75640000,26504
0,7564,75640000,75640000,92,153,75650000,26508
0,7565,75650000,75650000,92,153,75660000,26510
0,7566,75660000,75660000,92,153,75670000,26516
0,7567,75670000,75670000,92,153,75680000,26520
0,7568,75680000,75680000,92,153,75690000,26523
0,7569,75690000,75690000,92,153,75700000,26526
0,757,7570000,7570000,92,153,7580000,2652
0,7570,75700000,75700000,92,153,75710000,26530
0,7571,75710000,75710000,92,153,75720000,26531
0,7572,75720000,75720000,92,153,75730000,26537
0,7573,75730000,75730000,92,153,75740000,26540
0,7574,75740000,75740000,92,153,75750000,26544
0,7575,75750000,75750000,92,153,75760000,26547
0,7576,75760000,75760000,92,153,75770000,26551
0,7577,75770000,75770000,92,153,75780000,26552
0,7578,75780000,75780000,92,153,75790000,26559
0,7579,75790000,75790000,92,153,75800000,26561
0,758,7580000,7580000,92,153,7590000,2655
0,7580,75800000,75800000,92,153,75810000,26564
0,7581,75810000,75810000,92,153,75820000,26567
0,7582,75820000,75820000,92,153,75830000,26573
0,7583,75830000,75830000,92,153,75840000,26574
0,7584,75840000,75840000,92,153,75850000,26580
0,7585,75850000,75850000,92,153,75860000,26582
0,7586,75860000,75860000,92,153,75870000,26585
0,7587,75870000,75870000,92,153,75880000,26588
0,7588,75880000,75880000,92,153,75890000,26593
0,7589,75890000,75890000,92,153,75900000,26594
0,759,7590000,7590000,92,153,7600000,2657
0,7590,75900000,75900000,92,153,75910000,26602
0,7591,75910000,75910000,92,153,75920000,26604
0,7592,75920000,75920000,92,153,75930000,26607
0,7593,75930000,75930000,92,153,75940000,26609
0,7594,75940000,75940000,92,153,75950000,26613
0,7595,75950000,75950000,92,153,75960000,26615
0,7596,75960000,75960000,92,153,75970000,26622
0,7597,75970000,75970000,92,153,75980000,26625
0,7598,75980000,75980000,92,153,75990000,26628
0,7599,75990000,75990000,92,153,76000000,26631
0,76,760000,760000,92,153,770000,264
0,760,7600000,7600000,92,153,7610000,2661
0,7600,76000000,76000000,92,153,76010000,26635
0,7601,76010000,76010000,92,153,76020000,26636
0,7602,76020000,76020000,92,153,76030000,26643
0,7603,76030000,76030000,92,153,76040000,26645
0,7604,76040000,76040000,92,153,76050000,26648
0,7605,76050000,76050000,92,153,76060000,26652
0,7606,76060000,76060000,92,153,76070000,26656
0,7607,76070000,76070000,92,153,76080000,26658
0,7608,76080000,76080000,92,153,76090000,26664
0,7609,76090000,76090000,92,153,76100000,26667
0,761,7610000,7610000,92,153,7620000,2662
0,7610,76100000,76100000,92,153,76110000,26670
0,7611,76110000,76110000,92,153,76120000,26672
0,7612,76120000,76120000,92,153,76130000,26677
0,7613,76130000,76130000,92,153,76140000,26678
0,7614,76140000,76140000,92,153,76150000,26685
0,7615,76150000,76150000,92,153,76160000,26687
0,7616,76160000,76160000,92,153,76170000,26692
0,7617,76170000,76170000,92,153,76180000,26694
0,7618,76180000,76180000,92,153,76190000,26698
0,7619,76190000,76190000,92,153,76200000,26699
0,762,7620000,7620000,92,153,7630000,2668
0,7620,76200000,76200000,92,153,76210000,26706
0,7621,76210000,76210000,92,153,76220000,26708
0,7622,76220000,76220000,92,153,76230000,26711
0,7623,76230000,76230000,92,153,76240000,26715
0,7624,76240000,76240000,92,153,76250000,26720
0,7625,76250000,76250000,92,153,76260000,26721
0,7626,76260000,76260000,92,153,76270000,26727
0,7627,76270000,76270000,92,153,76280000,26730
0,7628,76280000,76280000,92,153,76290000,26733
0,7629,76290000,76290000,92,153,76300000,26735
0,763,7630000,7630000,92,153,7640000,2671
0,7630,76300000,76300000,92,153,76310000,26740
0,7631,76310000,76310000,92,153,76320000,26741
0,7632,76320000,76320000,92,153,76330000,26748
0,7633,76330000,76330000,92,153,76340000,26751
0,7634,76340000,76340000,92,153,76350000,26754
0,7635,76350000,76350000,92,153,76360000,26757
0,7636,76360000,76360000,92,153,76370000,26761
0,7637,76370000,76370000,92,153,76380000,26763
0,7638,76380000,76380000,92,153,76390000,26769
0,7639,76390000,76390000,92,153,76400000,26771
0,764,7640000,7640000,92,153,7650000,2674
0,7640,76400000,76400000,92,153,76410000,26774
0,7641,76410000,76410000,92,153,76420000,26778
0,7642,76420000,76420000,92,153,76430000,26783
0,7643,76430000,76430000,92,153,76440000,26784
0,7644,76440000,76440000,92,153,76450000,26791
0,7645,76450000,76450000,92,153,76460000,26793
0,7646,76460000,76460000,92,153,76470000,26796
0,7647,76470000,76470000,92,153,76480000,26798
0,7648,76480000,76480000,92,153,76490000,26802
0,7649,76490000,76490000,92,153,76500000,26803
0,765,7650000,7650000,92,153,7660000,2679
0,7650,76500000,76500000,92,153,76510000,26812
0,7651,76510000,76510000,92,153,76520000,26815
0,7652,76520000,76520000,92,153,76530000,26818
0,7653,76530000,76530000,92,153,76540000,26820
0,7654,76540000,76540000,92,153,76550000,26824
0,7655,76550000,76550000,92,153,76560000,26825
0,7656,76560000,76560000,92,153,76570000,26831
0,7657,76570000,76570000,92,153,76580000,26834
0,7658,76580000,76580000,92,153,76590000,26839
0,7659,76590000,76590000,92,153,76600000,26842
0,766,7660000,7660000,92,153,7670000,2683
0,7660,76600000,76600000,92,153,76610000,26846
0,7661,76610000,76610000,92,153,76620000,26847
0,7662,76620000,76620000,92,153,76630000,26853
0,7663,76630000,76630000,92,153,76640000,26855
0,7664,76640000,76640000,92,153,76650000,26858
0,7665,76650000,76650000,92,153,76660000,26862
0,7666,76660000,76660000,92,153,76670000,26866
0,7667,76670000,76670000,92,153,76680000,26868
0,7668,76680000,76680000,92,153,76690000,26875
0,7669,76690000,76690000,92,153,76700000,26877
0,767,7670000,7670000,92,153,7680000,2684
0,7670,76700000,76700000,92,153,76710000,26880
0,7671,76710000,76710000,92,153,76720000,26882
0,7672,76720000,76720000,92,153,76730000,26888
0,7673,76730000,76730000,92,153,76740000,26889
0,7674,76740000,76740000,92,153,76750000,26895
0,7675,76750000,76750000,92,153,76760000,26898
0,7676,76760000,76760000,92,153,76770000,26901
0,7677,76770000,76770000,92,153,76780000,26904
0,7678,76780000,76780000,92,153,76790000,26908
0,7679,76790000,76790000,92,153,76800000,26910
0,768,7680000,7680000,92,153,7690000,2690
0,7680,76800000,76800000,92,153,76810000,26917
0,7681,76810000,76810000,92,153,76820000,26919
0,7682,76820000,76820000,92,153,76830000,26922
0,7683,76830000,76830000,92,153,76840000,26924
0,7684,76840000,76840000,92,153,76850000,26929
0,7685,76850000,76850000,92,153,76860000,26930
0,7686,76860000,76860000,92,153,76870000,26938
0,7687,76870000,76870000,92,153,76880000,26941
0,7688,76880000,76880000,92,153,76890000,26944
0,7689,76890000,76890000,92,153,76900000,26946
0,769,7690000,7690000,92,153,7700000,2692
0,7690,76900000,76900000,92,153,76910000,26950
0,7691,76910000,76910000,92,153,76920000,26951
0,7692,76920000,76920000,92,153,76930000,26958
0,7693,76930000,76930000,92,153,76940000,26961
0,7694,76940000,76940000,92,153,76950000,26964
0,7695,76950000,76950000,92,153,76960000,26968
0,7696,76960000,76960000,92,153,76970000,26972
0,7697,76970000,76970000,92,153,76980000,26973
0,7698,76980000,76980000,92,153,76990000,26979
0,7699,76990000,76990000,92,153,77000000,26981
0,77,770000,770000,92,153,780000,266
0,770,7700000,7700000,92,153,7710000,2696
0,7700,77000000,77000000,92,153,77010000,26985
0,7701,77010000,77010000,92,153,77020000,26988
0,7702,77020000,77020000,92,153,77030000,26993
0,7703,77030000,77030000,92,153,77040000,26994
0,7704,77040000,77040000,92,153,77050000,27001
0,7705,77050000,77050000,92,153,77060000,27003
0,7706,77060000,77060000,92,153,77070000,27006
0,7707,77070000,77070000,92,153,77080000,27009
0,7708,77080000,77080000,92,153,77090000,27013
0,7709,77090000,77090000,92,153,77100000,27015
0,771,7710000,7710000,92,153,7720000,2698
0,7710,77100000,77100000,92,153,77110000,27022
0,7711,77110000,77110000,92,153,77120000,27024
0,7712,77120000,77120000,92,153,77130000,27027
0,7713,77130000,77130000,92,153,77140000,27030
0,7714,77140000,77140000,92,153,77150000,27035
0,7715,77150000,77150000,92,153,77160000,27036
0,7716,77160000,77160000,92,153,77170000,27042
0,7717,77170000,77170000,92,153,77180000,27045
0,7718,77180000,77180000,92,153,77190000,27049
0,7719,77190000,77190000,92,153,77200000,27051
0,772,7720000,7720000,92,153,7730000,2703
0,7720,77200000,77200000,92,153,77210000,27055
0,7721,77210000,77210000,92,153,77220000,27057
0,7722,77220000,77220000,92,153,77230000,27064
0,7723,77230000,77230000,92,153,77240000,27066
0,7724,77240000,77240000,92,153,77250000,27069
0,7725,77250000,77250000,92,153,77260000,27072
0,7726,77260000,77260000,92,153,77270000,27077
0,7727,77270000,77270000,92,153,77280000,27078
0,7728,77280000,77280000,92,153,77290000,27085
0,7729,77290000,77290000,92,153,77300000,27087
0,773,7730000,7730000,92,153,7740000,2705
0,7730,77300000,77300000,92,153,77310000,27090
0,7731,77310000,77310000,92,153,77320000,27093
0,7732,77320000,77320000,92,153,77330000,27098
0,7733,77330000,77330000,92,153,77340000,27099
0,7734,77340000,77340000,92,153,77350000,27105
0,7735,77350000,77350000,92,153,77360000,27109
0,7736,77360000,77360000,92,153,77370000,27112
0,7737,77370000,77370000,92,153,77380000,27114
0,7738,77380000,77380000,92,153,77390000,27118
0,7739,77390000,77390000,92,153,77400000,27119
0,774,7740000,7740000,92,153,7750000,2712
0,7740,77400000,77400000,92,153,77410000,27127
0,7741,77410000,77410000,92,153,77420000,27129
0,7742,77420000,77420000,92,153,77430000,27133
0,7743,77430000,77430000,92,153,77440000,27136
0,7744,77440000,77440000,92,153,77450000,27140
0,7745,77450000,77450000,92,153,77460000,27141
0,7746,77460000,77460000,92,153,77470000,27147
0,7747,77470000,77470000,92,153,77480000,27150
0,7748,77480000,77480000,92,153,77490000,27153
0,7749,77490000,77490000,92,153,77500000,27157
0,775,7750000,7750000,92,153,7760000,2714
0,7750,77500000,77500000,92,153,77510000,27161
0,7751,77510000,77510000,92,153,77520000,27162
0,7752,77520000,77520000,92,153,77530000,27169
0,7753,77530000,77530000,92,153,77540000,27171
0,7754,77540000,77540000,92,153,77550000,27174
0,7755,77550000,77550000,92,153,77560000,27177
0,7756,77560000,77560000,92,153,77570000,27182
0,7757,77570000,77570000,92,153,77580000,27183
0,7758,77580000,77580000,92,153,77590000,27190
0,7759,77590000,77590000,92,153,77600000,27192
0,776,7760000,7760000,92,153,7770000,2717
0,7760,77600000,77600000,92,153,77610000,27196
0,7761,77610000,77610000,92,153,77620000,27198
0,7762,77620000,77620000,92,153,77630000,27203
0,7763,77630000,77630000,92,153,77640000,27205
0,7764,77640000,77640000,92,153,77650000,27211
0,7765,77650000,77650000,92,153,77660000,27213
0,7766,77660000,77660000,92,153,77670000,27216
0,7767,77670000,77670000,92,153,77680000,27219
0,7768,77680000,77680000,92,153,77690000,27223
0,7769,77690000,77690000,92,153,77700000,27225
0,777,7770000,7770000,92,153,7780000,2720
0,7770,77700000,77700000,92,153,77710000,27233
0,7771,77710000,77710000,92,153,77720000,27235
0,7772,77720000,77720000,92,153,77730000,27238
0,7773,77730000,77730000,92,153,77740000,27240
0,7774,77740000,77740000,92,153,77750000,27244
0,7775,77750000,77750000,92,153,77760000,27245
0,7776,77760000,77760000,92,153,77770000,27252
0,7777,77770000,77770000,92,153,77780000,27257
0,7778,77780000,77780000,92,153,77790000,27260
0,7779,77790000,77790000,92,153,77800000,27262
0,778,7780000,7780000,92,153,7790000,2724
0,7780,77800000,77800000,92,153,77810000,27266
0,7781,77810000,77810000,92,153,77820000,27267
0,7782,77820000,77820000,92,153,77830000,27273
0,7783,77830000,77830000,92,153,77840000,27275
0,7784,77840000,77840000,92,153,77850000,27279
0,7785,77850000,77850000,92,153,77860000,27283
0,7786,77860000,77860000,92,153,77870000,27288
0,7787,77870000,77870000,92,153,77880000,27289
0,7788,77880000,77880000,92,153,77890000,27295
0,7789,77890000,77890000,92,153,77900000,27297
0,779,7790000,7790000,92,153,7800000,2725
0,7790,77900000,77900000,92,153,77910000,27300
0,7791,77910000,77910000,92,153,77920000,27303
0,7792,77920000,77920000,92,153,77930000,27308
0,7793,77930000,77930000,92,153,77940000,27309
0,7794,77940000,77940000,92,153,77950000,27317
0,7795,77950000,77950000,92,153,77960000,27319
0,7796,77960000,77960000,92,153,77970000,27322
0,7797,77970000,77970000,92,153,77980000,27324
0,7798,77980000,77980000,92,153,77990000,27329
0,7799,77990000,77990000,92,153,78000000,27330
0,78,780000,780000,92,153,790000,272
0,780,7800000,7800000,92,153,7810000,2732
0,7800,78000000,78000000,92,153,78010000,27337
0,7801,78010000,78010000,92,153,78020000,27339
0,7802,78020000,78020000,92,153,78030000,27342
0,7803,78030000,78030000,92,153,78040000,27346
0,7804,78040000,78040000,92,153,78050000,27350
0,7805,78050000,78050000,92,153,78060000,27352
0,7806,78060000,78060000,92,153,78070000,27358
0,7807,78070000,78070000,92,153,78080000,27361
0,7808,78080000,78080000,92,153,78090000,27364
0,7809,78090000,78090000,92,153,78100000,27366
0,781,7810000,7810000,92,153,7820000,2734
0,7810,78100000,78100000,92,153,78110000,27370
0,7811,78110000,78110000,92,153,78120000,27372
0,7812,78120000,78120000,92,153,78130000,27380
0,7813,78130000,78130000,92,153,78140000,27382
0,7814,78140000,78140000,92,153,78150000,27385
0,7815,78150000,78150000,92,153,78160000,27388
0,7816,78160000,78160000,92,153,78170000,27392
0,7817,78170000,78170000,92,153,78180000,27393
0,7818,78180000,78180000,92,153,78190000,27399
0,7819,78190000,78190000,92,153,78200000,27402
0,782,7820000,7820000,92,153,7830000,2738
0,7820,78200000,78200000,92,153,78210000,27406
0,7821,78210000,78210000,92,153,78220000,27409
0,7822,78220000,78220000,92,153,78230000,27414
0,7823,78230000,78230000,92,153,78240000,27415
0,7824,78240000,78240000,92,153,78250000,27421
0,7825,78250000,78250000,92,153,78260000,27423
0,7826,78260000,78260000,92,153,78270000,27427
0,7827,78270000,78270000,92,153,78280000,27429
0,7828,78280000,78280000,92,153,78290000,27434
0,7829,78290000,78290000,92,153,78300000,27435
0,783,7830000,7830000,92,153,7840000,2741
0,7830,78300000,78300000,92,153,78310000,27443
0,7831,78310000,78310000,92,153,78320000,27445
0,7832,78320000,78320000,92,153,78330000,27448
0,7833,78330000,78330000,92,153,78340000,27451
0,7834,78340000,78340000,92,153,78350000,27455
0,7835,78350000,78350000,92,153,78360000,27456
0,7836,78360000,78360000,92,153,78370000,27462
0,7837,78370000,78370000,92,153,78380000,27466
0,7838,78380000,78380000,92,153,78390000,27469
0,7839,78390000,78390000,92,153,78400000,27472
0,784,7840000,7840000,92,153,7850000,2746
0,7840,78400000,78400000,92,153,78410000,27477
0,7841,78410000,78410000,92,153,78420000,27478
0,7842,78420000,78420000,92,153,78430000,27484
0,7843,78430000,78430000,92,153,78440000,27486
0,7844,78440000,78440000,92,153,78450000,27489
0,7845,78450000,78450000,92,153,78460000,27493
0,7846,78460000,78460000,92,153,78470000,27497
0,7847,78470000,78470000,92,153,78480000,27499
0,7848,78480000,78480000,92,153,78490000,27506
0,7849,78490000,78490000,92,153,78500000,27508
0,785,7850000,7850000,92,153,7860000,2747
0,7850,78500000,78500000,92,153,78510000,27511
0,7851,78510000,78510000,92,153,78520000,27513
0,7852,78520000,78520000,92,153,78530000,27518
0,7853,78530000,78530000,92,153,78540000,27519
0,7854,78540000,78540000,92,153,78550000,27527
0,7855,78550000,78550000,92,153,78560000,27529
0,7856,78560000,78560000,92,153,78570000,27532
0,7857,78570000,78570000,92,153,78580000,27535
0,7858,78580000,78580000,92,153,78590000,27539
0,7859,78590000,78590000,92,153,78600000,27540
0,786,7860000,7860000,92,153,7870000,2753
0,7860,78600000,78600000,92,153,78610000,27547
0,7861,78610000,78610000,92,153,78620000,27550
0,7862,78620000,78620000,92,153,78630000,27554
0,7863,78630000,78630000,92,153,78640000,27556
0,7864,78640000,78640000,92,153,78650000,27560
0,7865,78650000,78650000,92,153,78660000,27561
0,7866,78660000,78660000,92,153,78670000,27568
0,7867,78670000,78670000,92,153,78680000,27571
0,7868,78680000,78680000,92,153,78690000,27575
0,7869,78690000,78690000,92,153,78700000,27577
0,787,7870000,7870000,92,153,7880000,2756
0,7870,78700000,78700000,92,153,78710000,27581
0,7871,78710000,78710000,92,153,78720000,27583
0,7872,78720000,78720000,92,153,78730000,27589
0,7873,78730000,78730000,92,153,78740000,27591
0,7874,78740000,78740000,92,153,78750000,27594
0,7875,78750000,78750000,92,153,78760000,27599
0,7876,78760000,78760000,92,153,78770000,27603
0,7877,78770000,78770000,92,153,78780000,27604
0,7878,78780000,78780000,92,153,78790000,27610
0,7879,78790000,78790000,92,153,78800000,27613
0,788,7880000,7880000,92,153,7890000,2759
0,7880,78800000,78800000,92,153,78810000,27616
0,7881,78810000,78810000,92,153,78820000,27618
0,7882,78820000,78820000,92,153,78830000,27624
0,7883,78830000,78830000,92,153,78840000,27625
0,7884,78840000,78840000,92,153,78850000,27632
0,7885,78850000,78850000,92,153,78860000,27634
0,7886,78860000,78860000,92,153,78870000,27637
0,7887,78870000,78870000,92,153,78880000,27639
0,7888,78880000,78880000,92,153,78890000,27644
0,7889,78890000,78890000,92,153,78900000,27646
0,789,7890000,7890000,92,153,7900000,2761
0,7890,78900000,78900000,92,153,78910000,27653
0,7891,78910000,78910000,92,153,78920000,27655
0,7892,78920000,78920000,92,153,78930000,27658
0,7893,78930000,78930000,92,153,78940000,27661
0,7894,78940000,78940000,92,153,78950000,27665
0,7895,78950000,78950000,92,153,78960000,27666
0,7896,78960000,78960000,92,153,78970000,27674
0,7897,78970000,78970000,92,153,78980000,27677
0,7898,78980000,78980000,92,153,78990000,27680
0,7899,78990000,78990000,92,153,79000000,27682
0,79,790000,790000,92,153,800000,274
0,790,7900000,7900000,92,153,7910000,2766
0,7900,79000000,79000000,92,153,79010000,27686
0,7901,79010000,79010000,92,153,79020000,27687
0,7902,79020000,79020000,92,153,79030000,27694
0,7903,79030000,79030000,92,153,79040000,27697
0,7904,79040000,79040000,92,153,79050000,27700
0,7905,79050000,79050000,92,153,79060000,27704
0,7906,79060000,79060000,92,153,79070000,27708
0,7907,79070000,79070000,92,153,79080000,27709
0,7908,79080000,79080000,92,153,79090000,27715
0,7909,79090000,79090000,92,153,79100000,27717
0,791,7910000,7910000,92,153,7920000,2768
0,7910,79100000,79100000,92,153,79110000,27721
0,7911,79110000,79110000,92,153,79120000,27724
0,7912,79120000,79120000,92,153,79130000,27729
0,7913,79130000,79130000,92,153,79140000,27731
0,7914,79140000,79140000,92,153,79150000,27737
0,7915,79150000,79150000,92,153,79160000,27739
0,7916,79160000,79160000,92,153,79170000,27742
0,7917,79170000,79170000,92,153,79180000,27745
0,7918,79180000,79180000,92,153,79190000,27749
0,7919,79190000,79190000,92,153,79200000,27750
0,792,7920000,7920000,92,153,7930000,2775
0,7920,79200000,79200000,92,153,79210000,27758
0,7921,79210000,79210000,92,153,79220000,27760
0,7922,79220000,79220000,92,153,79230000,27764
0,7923,79230000,79230000,92,153,79240000,27766
0,7924,79240000,79240000,92,153,79250000,27771
0,7925,79250000,79250000,92,153,79260000,27772
0,7926,79260000,79260000,92,153,79270000,27778
0,7927,79270000,79270000,92,153,79280000,27781
0,7928,79280000,79280000,92,153,79290000,27784
0,7929,79290000,79290000,92,153,79300000,27787
0,793,7930000,7930000,92,153,7940000,2777
0,7930,79300000,79300000,92,153,79310000,27792
0,7931,79310000,79310000,92,153,79320000,27794
0,7932,79320000,79320000,92,153,79330000,27800
0,7933,79330000,79330000,92,153,79340000,27802
0,7934,79340000,79340000,92,153,79350000,27805
0,7935,79350000,79350000,92,153,79360000,27808
0,7936,79360000,79360000,92,153,79370000,27812
0,7937,79370000,79370000,92,153,79380000,27813
0,7938,79380000,79380000,92,153,79390000,27821
0,7939,79390000,79390000,92,153,79400000,27824
0,794,7940000,7940000,92,153,7950000,2780
0,7940,79400000,79400000,92,153,79410000,27827
0,7941,79410000,79410000,92,153,79420000,27829
0,7942,79420000,79420000,92,153,79430000,27834
0,7943,79430000,79430000,92,153,79440000,27835
0,7944,79440000,79440000,92,153,79450000,27841
0,7945,79450000,79450000,92,153,79460000,27844
0,7946,79460000,79460000,92,153,79470000,27847
0,7947,79470000,79470000,92,153,79480000,27851
0,7948,79480000,79480000,92,153,79490000,27855
0,7949,79490000,79490000,92,153,79500000,27856
0,795,7950000,7950000,92,153,7960000,2783
0,7950,79500000,79500000,92,153,79510000,27863
0,7951,79510000,79510000,92,153,79520000,27865
0,7952,79520000,79520000,92,153,79530000,27869
0,7953,79530000,79530000,92,153,79540000,27871
0,7954,79540000,79540000,92,153,79550000,27875
0,7955,79550000,79550000,92,153,79560000,27876
0,7956,79560000,79560000,92,153,79570000,27884
0,7957,79570000,79570000,92,153,79580000,27887
0,7958,79580000,79580000,92,153,79590000,27890
0,7959,79590000,79590000,92,153,79600000,27893
0,796,7960000,7960000,92,153,7970000,2787
0,7960,79600000,79600000,92,153,79610000,27897
0,7961,79610000,79610000,92,153,79620000,27898
0,7962,79620000,79620000,92,153,79630000,27904
0,7963,79630000,79630000,92,153,79640000,27906
0,7964,79640000,79640000,92,153,79650000,27910
0,7965,79650000,79650000,92,153,79660000,27914
0,7966,79660000,79660000,92,153,79670000,27919
0,7967,79670000,79670000,92,153,79680000,27920
0,7968,79680000,79680000,92,153,79690000,27926
0,7969,79690000,79690000,92,153,79700000,27928
0,797,7970000,7970000,92,153,7980000,2788
0,7970,79700000,79700000,92,153,79710000,27931
0,7971,79710000,79710000,92,153,79720000,27933
0,7972,79720000,79720000,92,153,79730000,27938
0,7973,79730000,79730000,92,153,79740000,27941
0,7974,79740000,79740000,92,153,79750000,27948
0,7975,79750000,79750000,92,153,79760000,27950
0,7976,79760000,79760000,92,153,79770000,27953
0,7977,79770000,79770000,92,153,79780000,27955
0,7978,79780000,79780000,92,153,79790000,27959
0,7979,79790000,79790000,92,153,79800000,27960
0,798,7980000,7980000,92,153,7990000,2795
0,7980,79800000,79800000,92,153,79810000,27968
0,7981,79810000,79810000,92,153,79820000,27971
0,7982,79820000,79820000,92,153,79830000,27974
0,7983,79830000,79830000,92,153,79840000,27977
0,7984,79840000,79840000,92,153,79850000,27981
0,7985,79850000,79850000,92,153,79860000,27982
0,7986,79860000,79860000,92,153,79870000,27988
0,7987,79870000,79870000,92,153,79880000,27992
0,7988,79880000,79880000,92,153,79890000,27995
0,7989,79890000,79890000,92,153,79900000,27997
0,799,7990000,7990000,92,153,8000000,2798
0,7990,79900000,79900000,92,153,79910000,28002
0,7991,79910000,79910000,92,153,79920000,28003
0,7992,79920000,79920000,92,153,79930000,28010
0,7993,79930000,79930000,92,153,79940000,28012
0,7994,79940000,79940000,92,153,79950000,28016
0,7995,79950000,79950000,92,153,79960000,28019
0,7996,79960000,79960000,92,153,79970000,28023
0,7997,79970000,79970000,92,153,79980000,28024
0,7998,79980000,79980000,92,153,79990000,28031
0,7999,79990000,79990000,92,153,80000000,28033
0,8,80000,80000,92,153,90000,26
0,80,800000,800000,92,153,810000,277
0,800,8000000,8000000,92,153,8010000,2801
0,8000,80000000,80000000,92,153,80010000,28036
0,8001,80010000,80010000,92,153,80020000,28040
0,8002,80020000,80020000,92,153,80030000,28045
0,8003,80030000,80030000,92,153,80040000,28046
0,8004,80040000,80040000,92,153,80050000,28052
0,8005,80050000,80050000,92,153,80060000,28054
0,8006,80060000,80060000,92,153,80070000,28057
0,8007,80070000,80070000,92,153,80080000,28060
0,8008,80080000,80080000,92,153,80090000,28065
0,8009,80090000,80090000,92,153,80100000,28066
0,801,8010000,8010000,92,153,8020000,2804
0,8010,80100000,80100000,92,153,80110000,28074
0,8011,80110000,80110000,92,153,80120000,28076
0,8012,80120000,80120000,92,153,80130000,28079
0,8013,80130000,80130000,92,153,80140000,28081
0,8014,80140000,80140000,92,153,80150000,28085
0,8015,80150000,80150000,92,153,80160000,28088
0,8016,80160000,80160000,92,153,80170000,28094
0,8017,80170000,80170000,92,153,80180000,28097
0,8018,80180000,80180000,92,153,80190000,28100
0,8019,80190000,80190000,92,153,80200000,28103
0,802,8020000,8020000,92,153,8030000,2809
0,8020,80200000,80200000,92,153,80210000,28107
0,8021,80210000,80210000,92,153,80220000,28108
0,8022,80220000,80220000,92,153,80230000,28115
0,8023,80230000,80230000,92,153,80240000,28117
0,8024,80240000,80240000,92,153,80250000,28121
0,8025,80250000,80250000,92,153,80260000,28124
0,8026,80260000,80260000,92,153,80270000,28128
0,8027,80270000,80270000,92,153,80280000,28129
0,8028,80280000,80280000,92,153,80290000,28136
0,8029,80290000,80290000,92,153,80300000,28139
0,803,8030000,8030000,92,153,8040000,2810
0,8030,80300000,80300000,92,153,80310000,28142
0,8031,80310000,80310000,92,153,80320000,28144
0,8032,80320000,80320000,92,153,80330000,28150
0,8033,80330000,80330000,92,153,80340000,28151
0,8034,80340000,80340000,92,153,80350000,28157
0,8035,80350000,80350000,92,153,80360000,28159
0,8036,80360000,80360000,92,153,80370000,28163
0,8037,80370000,80370000,92,153,80380000,28166
0,8038,80380000,80380000,92,153,80390000,28170
0,8039,80390000,80390000,92,153,80400000,28171
0,804,8040000,8040000,92,153,8050000,2816
0,8040,80400000,80400000,92,153,80410000,28178
0,8041,80410000,80410000,92,153,80420000,28181
0,8042,80420000,80420000,92,153,80430000,28184
0,8043,80430000,80430000,92,153,80440000,28187
0,8044,80440000,80440000,92,153,80450000,28191
0,8045,80450000,80450000,92,153,80460000,28192
0,8046,80460000,80460000,92,153,80470000,28199
0,8047,80470000,80470000,92,153,80480000,28202
0,8048,80480000,80480000,92,153,80490000,28205
0,8049,80490000,80490000,92,153,80500000,28208
0,805,8050000,8050000,92,153,8060000,2819
0,8050,80500000,80500000,92,153,80510000,28213
0,8051,80510000,80510000,92,153,80520000,28214
0,8052,80520000,80520000,92,153,80530000,28220
0,8053,80530000,80530000,92,153,80540000,28222
0,8054,80540000,80540000,92,153,80550000,28225
0,8055,80550000,80550000,92,153,80560000,28229
0,8056,80560000,80560000,92,153,80570000,28233
0,8057,80570000,80570000,92,153,80580000,28235
0,8058,80580000,80580000,92,153,80590000,28242
0,8059,80590000,80590000,92,153,80600000,28244
0,806,8060000,8060000,92,153,8070000,2822
0,8060,80600000,80600000,92,153,80610000,28247
0,8061,80610000,80610000,92,153,80620000,28249
0,8062,80620000,80620000,92,153,80630000,28254
0,8063,80630000,80630000,92,153,80640000,28255
0,8064,80640000,80640000,92,153,80650000,28263
0,8065,80650000,80650000,92,153,80660000,28265
0,8066,80660000,80660000,92,153,80670000,28269
0,8067,80670000,80670000,92,153,80680000,28271
0,8068,80680000,80680000,92,153,80690000,28275
0,8069,80690000,80690000,92,153,80700000,28276
0,807,8070000,8070000,92,153,8080000,2825
0,8070,80700000,80700000,92,153,80710000,28283
0,8071,80710000,80710000,92,153,80720000,28286
0,8072,80720000,80720000,92,153,80730000,28289
0,8073,80730000,80730000,92,153,80740000,28292
0,8074,80740000,80740000,92,153,80750000,28296
0,8075,80750000,80750000,92,153,80760000,28298
0,8076,80760000,80760000,92,153,80770000,28304
0,8077,80770000,80770000,92,153,80780000,28307
0,8078,80780000,80780000,92,153,80790000,28311
0,8079,80790000,80790000,92,153,80800000,28313
0,808,8080000,8080000,92,153,8090000,2829
0,8080,80800000,80800000,92,153,80810000,28317
0,8081,80810000,80810000,92,153,80820000,28318
0,8082,80820000,80820000,92,153,80830000,28325
0,8083,80830000,80830000,92,153,80840000,28328
0,8084,80840000,80840000,92,153,80850000,28331
0,8085,80850000,80850000,92,153,80860000,28335
0,8086,80860000,80860000,92,153,80870000,28339
0,8087,80870000,80870000,92,153,80880000,28340
0,8088,80880000,80880000,92,153,80890000,28346
0,8089,80890000,80890000,92,153,80900000,28348
0,809,8090000,8090000,92,153,8100000,2830
0,8090,80900000,80900000,92,153,80910000,28351
0,8091,80910000,80910000,92,153,80920000,28354
0,8092,80920000,80920000,92,153,80930000,28361
0,8093,80930000,80930000,92,153,80940000,28362
0,8094,80940000,80940000,92,153,80950000,28368
0,8095,80950000,80950000,92,153,80960000,28370
0,8096,80960000,80960000,92,153,80970000,28373
0,8097,80970000,80970000,92,153,80980000,28375
0,8098,80980000,80980000,92,153,80990000,28379
0,8099,80990000,80990000,92,153,81000000,28381
0,81,810000,810000,92,153,820000,280
0,810,8100000,8100000,92,153,8110000,2838
0,8100,81000000,81000000,92,153,81010000,28390
0,8101,81010000,81010000,92,153,81020000,28392
0,8102,81020000,81020000,92,153,81030000,28395
0,8103,81030000,81030000,92,153,81040000,28397
0,8104,81040000,81040000,92,153,81050000,28401
0,8105,81050000,81050000,92,153,81060000,28402
0,8106,81060000,81060000,92,153,81070000,28409
0,8107,81070000,81070000,92,153,81080000,28412
0,8108,81080000,81080000,92,153,81090000,28415
0,8109,81090000,81090000,92,153,81100000,28419
0,811,8110000,8110000,92,153,8120000,2840
0,8110,81100000,81100000,92,153,81110000,28423
0,8111,81110000,81110000,92,153,81120000,28424
0,8112,81120000,81120000,92,153,81130000,28430
0,8113,81130000,81130000,92,153,81140000,28433
0,8114,81140000,81140000,92,153,81150000,28436
0,8115,81150000,81150000,92,153,81160000,28439
0,8116,81160000,81160000,92,153,81170000,28443
0,8117,81170000,81170000,92,153,81180000,28445
0,8118,81180000,81180000,92,153,81190000,28452
0,8119,81190000,81190000,92,153,81200000,28454
0,812,8120000,8120000,92,153,8130000,2844
0,8120,81200000,81200000,92,153,81210000,28458
0,8121,81210000,81210000,92,153,81220000,28460
0,8122,81220000,81220000,92,153,81230000,28465
0,8123,81230000,81230000,92,153,81240000,28466
0,8124,81240000,81240000,92,153,81250000,28472
0,8125,81250000,81250000,92,153,81260000,28474
0,8126,81260000,81260000,92,153,81270000,28478
0,8127,81270000,81270000,92,153,81280000,28482
0,8128,81280000,81280000,92,153,81290000,28486
0,8129,81290000,81290000,92,153,81300000,28487
0,813,8130000,8130000,92,153,8140000,2846
0,8130,81300000,81300000,92,153,81310000,28494
0,8131,81310000,81310000,92,153,81320000,28496
0,8132,81320000,81320000,92,153,81330000,28499
0,8133,81330000,81330000,92,153,81340000,28501
0,8134,81340000,81340000,92,153,81350000,28507
0,8135,81350000,81350000,92,153,81360000,28508
0,8136,81360000,81360000,92,153,81370000,28515
0,8137,81370000,81370000,92,153,81380000,28518
0,8138,81380000,81380000,92,153,81390000,28521
0,8139,81390000,81390000,92,153,81400000,28523
0,814,8140000,8140000,92,153,8150000,2850
0,8140,81400000,81400000,92,153,81410000,28527
0,8141,81410000,81410000,92,153,81420000,28529
0,8142,81420000,81420000,92,153,81430000,28535
0,8143,81430000,81430000,92,153,81440000,28538
0,8144,81440000,81440000,92,153,81450000,28541
0,8145,81450000,81450000,92,153,81460000,28545
0,8146,81460000,81460000,92,153,81470000,28549
0,8147,81470000,81470000,92,153,81480000,28550
0,8148,81480000,81480000,92,153,81490000,28557
0,8149,81490000,81490000,92,153,81500000,28559
0,815,8150000,8150000,92,153,8160000,2851
0,8150,81500000,81500000,92,153,81510000,28562
0,8151,81510000,81510000,92,153,81520000,28565
0,8152,81520000,81520000,92,153,81530000,28570
0,8153,81530000,81530000,92,153,81540000,28571
0,8154,81540000,81540000,92,153,81550000,28578
0,8155,81550000,81550000,92,153,81560000,28581
0,8156,81560000,81560000,92,153,81570000,28584
0,8157,81570000,81570000,92,153,81580000,28586
0,8158,81580000,81580000,92,153,81590000,28590
0,8159,81590000,81590000,92,153,81600000,28591
0,816,8160000,8160000,92,153,8170000,2858
0,8160,81600000,81600000,92,153,81610000,28599
0,8161,81610000,81610000,92,153,81620000,28601
0,8162,81620000,81620000,92,153,81630000,28605
0,8163,81630000,81630000,92,153,81640000,28608
0,8164,81640000,81640000,92,153,81650000,28612
0,8165,81650000,81650000,92,153,81660000,28613
0,8166,81660000,81660000,92,153,81670000,28619
0,8167,81670000,81670000,92,153,81680000,28622
0,8168,81680000,81680000,92,153,81690000,28626
0,8169,81690000,81690000,92,153,81700000,28629
0,817,8170000,8170000,92,153,8180000,2861
0,8170,81700000,81700000,92,153,81710000,28633
0,8171,81710000,81710000,92,153,81720000,28634
0,8172,81720000,81720000,92,153,81730000,28641
0,8173,81730000,81730000,92,153,81740000,28643
0,8174,81740000,81740000,92,153,81750000,28646
0,8175,81750000,81750000,92,153,81760000,28649
0,8176,81760000,81760000,92,153,81770000,28654
0,8177,81770000,81770000,92,153,81780000,28656
0,8178,81780000,81780000,92,153,81790000,28662
0,8179,81790000,81790000,92,153,81800000,28664
0,818,8180000,8180000,92,153,8190000,2864
0,8180,81800000,81800000,92,153,81810000,28667
0,8181,81810000,81810000,92,153,81820000,28670
0,8182,81820000,81820000,92,153,81830000,28675
0,8183,81830000,81830000,92,153,81840000,28677
0,8184,81840000,81840000,92,153,81850000,28683
0,8185,81850000,81850000,92,153,81860000,28686
0,8186,81860000,81860000,92,153,81870000,28689
0,8187,81870000,81870000,92,153,81880000,28691
0,8188,81880000,81880000,92,153,81890000,28695
0,8189,81890000,81890000,92,153,81900000,28696
0,819,8190000,8190000,92,153,8200000,2868
0,8190,81900000,81900000,92,153,81910000,28705
0,8191,81910000,81910000,92,153,81920000,28707
0,8192,81920000,81920000,92,153,81930000,28710
0,8193,81930000,81930000,92,153,81940000,28712
0,8194,81940000,81940000,92,153,81950000,28717
0,8195,81950000,81950000,92,153,81960000,28718
0,8196,81960000,81960000,92,153,81970000,28724
0,8197,81970000,81970000,92,153,81980000,28728
0,8198,81980000,81980000,92,153,81990000,28731
0,8199,81990000,81990000,92,153,82000000,28734
0,82,820000,820000,92,153,830000,285
0,820,8200000,8200000,92,153,8210000,2872
0,8200,82000000,82000000,92,153,82010000,28738
0,8201,82010000,82010000,92,153,82020000,28739
0,8202,82020000,82020000,92,153,82030000,28746
0,8203,82030000,82030000,92,153,82040000,28748
0,8204,82040000,82040000,92,153,82050000,28752
0,8205,82050000,82050000,92,153,82060000,28755
0,8206,82060000,82060000,92,153,82070000,28759
0,8207,82070000,82070000,92,153,82080000,28760
0,8208,82080000,82080000,92,153,82090000,28767
0,8209,82090000,82090000,92,153,82100000,28769
0,821,8210000,8210000,92,153,8220000,2873
0,8210,82100000,82100000,92,153,82110000,28772
0,8211,82110000,82110000,92,153,82120000,28776
0,8212,82120000,82120000,92,153,82130000,28781
0,8213,82130000,82130000,92,153,82140000,28782
0,8214,82140000,82140000,92,153,82150000,28788
0,8215,82150000,82150000,92,153,82160000,28790
0,8216,82160000,82160000,92,153,82170000,28793
0,8217,82170000,82170000,92,153,82180000,28796
0,8218,82180000,82180000,92,153,82190000,28801
0,8219,82190000,82190000,92,153,82200000,28803
0,822,8220000,8220000,92,153,8230000,2879
0,8220,82200000,82200000,92,153,82210000,28810
0,8221,82210000,82210000,92,153,82220000,28812
0,8222,82220000,82220000,92,153,82230000,28815
0,8223,82230000,82230000,92,153,82240000,28817
0,8224,82240000,82240000,92,153,82250000,28821
0,8225,82250000,82250000,92,153,82260000,28823
0,8226,82260000,82260000,92,153,82270000,28830
0,8227,82270000,82270000,92,153,82280000,28833
0,8228,82280000,82280000,92,153,82290000,28837
0,8229,82290000,82290000,92,153,82300000,28839
0,823,8230000,8230000,92,153,8240000,2881
0,8230,82300000,82300000,92,153,82310000,28843
0,8231,82310000,82310000,92,153,82320000,28844
0,8232,82320000,82320000,92,153,82330000,28851
0,8233,82330000,82330000,92,153,82340000,28853
0,8234,82340000,82340000,92,153,82350000,28856
0,8235,82350000,82350000,92,153,82360000,28860
0,8236,82360000,82360000,92,153,82370000,28865
0,8237,82370000,82370000,92,153,82380000,28866
0,8238,82380000,82380000,92,153,82390000,28872
0,8239,82390000,82390000,92,153,82400000,28875
0,824,8240000,8240000,92,153,8250000,2885
0,8240,82400000,82400000,92,153,82410000,28878
0,8241,82410000,82410000,92,153,82420000,28880
0,8242,82420000,82420000,92,153,82430000,28885
0,8243,82430000,82430000,92,153,82440000,28886
0,8244,82440000,82440000,92,153,82450000,28893
0,8245,82450000,82450000,92,153,82460000,28896
0,8246,82460000,82460000,92,153,82470000,28900
0,8247,82470000,82470000,92,153,82480000,28902
0,8248,82480000,82480000,92,153,82490000,28906
0,8249,82490000,82490000,92,153,82500000,28907
0,825,8250000,8250000,92,153,8260000,2888
0,8250,82500000,82500000,92,153,82510000,28914
0,8251,82510000,82510000,92,153,82520000,28916
0,8252,82520000,82520000,92,153,82530000,28919
0,8253,82530000,82530000,92,153,82540000,28924
0,8254,82540000,82540000,92,153,82550000,28928
0,8255,82550000,82550000,92,153,82560000,28929
0,8256,82560000,82560000,92,153,82570000,28935
0,8257,82570000,82570000,92,153,82580000,28938
0,8258,82580000,82580000,92,153,82590000,28941
0,8259,82590000,82590000,92,153,82600000,28943
0,826,8260000,8260000,92,153,8270000,2893
0,8260,82600000,82600000,92,153,82610000,28948
0,8261,82610000,82610000,92,153,82620000,28949
0,8262,82620000,82620000,92,153,82630000,28957
0,8263,82630000,82630000,92,153,82640000,28959
0,8264,82640000,82640000,92,153,82650000,28962
0,8265,82650000,82650000,92,153,82660000,28965
0,8266,82660000,82660000,92,153,82670000,28969
0,8267,82670000,82670000,92,153,82680000,28971
0,8268,82680000,82680000,92,153,82690000,28977
0,8269,82690000,82690000,92,153,82700000,28979
0,827,8270000,8270000,92,153,8280000,2894
0,8270,82700000,82700000,92,153,82710000,28983
0,8271,82710000,82710000,92,153,82720000,28986
0,8272,82720000,82720000,92,153,82730000,28991
0,8273,82730000,82730000,92,153,82740000,28992
0,8274,82740000,82740000,92,153,82750000,28999
0,8275,82750000,82750000,92,153,82760000,29001
0,8276,82760000,82760000,92,153,82770000,29004
0,8277,82770000,82770000,92,153,82780000,29006
0,8278,82780000,82780000,92,153,82790000,29010
0,8279,82790000,82790000,92,153,82800000,29012
0,828,8280000,8280000,92,153,8290000,2901
0,8280,82800000,82800000,92,153,82810000,29020
0,8281,82810000,82810000,92,153,82820000,29023
0,8282,82820000,82820000,92,153,82830000,29026
0,8283,82830000,82830000,92,153,82840000,29028
0,8284,82840000,82840000,92,153,82850000,29032
0,8285,82850000,82850000,92,153,82860000,29033
0,8286,82860000,82860000,92,153,82870000,29039
0,8287,82870000,82870000,92,153,82880000,29043
0,8288,82880000,82880000,92,153,82890000,29047
0,8289,82890000,82890000,92,153,82900000,29050
0,829,8290000,8290000,92,153,8300000,2903
0,8290,82900000,82900000,92,153,82910000,29054
0,8291,82910000,82910000,92,153,82920000,29055
0,8292,82920000,82920000,92,153,82930000,29061
0,8293,82930000,82930000,92,153,82940000,29063
0,8294,82940000,82940000,92,153,82950000,29066
0,8295,82950000,82950000,92,153,82960000,29070
0,8296,82960000,82960000,92,153,82970000,29075
0,8297,82970000,82970000,92,153,82980000,29076
0,8298,82980000,82980000,92,153,82990000,29083
0,8299,82990000,82990000,92,153,83000000,29085
0,83,830000,830000,92,153,840000,286
0,830,8300000,8300000,92,153,8310000,2906
0,8300,83000000,83000000,92,153,83010000,29088
0,8301,83010000,83010000,92,153,83020000,29090
0,8302,83020000,83020000,92,153,83030000,29096
0,8303,83030000,83030000,92,153,83040000,29097
0,8304,83040000,83040000,92,153,83050000,29104
0,8305,83050000,83050000,92,153,83060000,29106
0,8306,83060000,83060000,92,153,83070000,29109
0,8307,83070000,83070000,92,153,83080000,29112
0,8308,83080000,83080000,92,153,83090000,29116
0,8309,83090000,83090000,92,153,83100000,29118
0,831,8310000,8310000,92,153,8320000,2908
0,8310,83100000,83100000,92,153,83110000,29125
0,8311,83110000,83110000,92,153,83120000,29127
0,8312,83120000,83120000,92,153,83130000,29130
0,8313,83130000,83130000,92,153,83140000,29133
0,8314,83140000,83140000,92,153,83150000,29137
0,8315,83150000,83150000,92,153,83160000,29138
0,8316,83160000,83160000,92,153,83170000,29146
0,8317,83170000,83170000,92,153,83180000,29149
0,8318,83180000,83180000,92,153,83190000,29152
0,8319,83190000,83190000,92,153,83200000,29154
0,832,8320000,8320000,92,153,8330000,2913
0,8320,83200000,83200000,92,153,83210000,29158
0,8321,83210000,83210000,92,153,83220000,29160
0,8322,83220000,83220000,92,153,83230000,29166
0,8323,83230000,83230000,92,153,83240000,29169
0,8324,83240000,83240000,92,153,83250000,29172
0,8325,83250000,83250000,92,153,83260000,29176
0,8326,83260000,83260000,92,153,83270000,29180
0,8327,83270000,83270000,92,153,83280000,29181
0,8328,83280000,83280000,92,153,83290000,29187
0,8329,83290000,83290000,92,153,83300000,29189
0,833,8330000,8330000,92,153,8340000,2916
0,8330,83300000,83300000,92,153,83310000,29194
0,8331,83310000,83310000,92,153,83320000,29196
0,8332,83320000,83320000,92,153,83330000,29201
0,8333,83330000,83330000,92,153,83340000,29202
0,8334,83340000,83340000,92,153,83350000,29209
0,8335,83350000,83350000,92,153,83360000,29211
0,8336,83360000,83360000,92,153,83370000,29214
0,8337,83370000,83370000,92,153,83380000,29217
0,8338,83380000,83380000,92,153,83390000,29222
0,8339,83390000,83390000,92,153,83400000,29223
0,834,8340000,8340000,92,153,8350000,2922
0,8340,83400000,83400000,92,153,83410000,29230
0,8341,83410000,83410000,92,153,83420000,29232
0,8342,83420000,83420000,92,153,83430000,29235
0,8343,83430000,83430000,92,153,83440000,29238
0,8344,83440000,83440000,92,153,83450000,29243
0,8345,83450000,83450000,92,153,83460000,29244
0,8346,83460000,83460000,92,153,83470000,29250
0,8347,83470000,83470000,92,153,83480000,29254
0,8348,83480000,83480000,92,153,83490000,29257
0,8349,83490000,83490000,92,153,83500000,29259
0,835,8350000,8350000,92,153,8360000,2924
0,8350,83500000,83500000,92,153,83510000,29263
0,8351,83510000,83510000,92,153,83520000,29265
0,8352,83520000,83520000,92,153,83530000,29272
0,8353,83530000,83530000,92,153,83540000,29274
0,8354,83540000,83540000,92,153,83550000,29277
0,8355,83550000,83550000,92,153,83560000,29281
0,8356,83560000,83560000,92,153,83570000,29285
0,8357,83570000,83570000,92,153,83580000,29286
0,8358,83580000,83580000,92,153,83590000,29293
0,8359,83590000,83590000,92,153,83600000,29295
0,836,8360000,8360000,92,153,8370000,2927
0,8360,83600000,83600000,92,153,83610000,29298
0,8361,83610000,83610000,92,153,83620000,29301
0,8362,83620000,83620000,92,153,83630000,29306
0,8363,83630000,83630000,92,153,83640000,29307
0,8364,83640000,83640000,92,153,83650000,29314
0,8365,83650000,83650000,92,153,83660000,29317
0,8366,83660000,83660000,92,153,83670000,29320
0,8367,83670000,83670000,92,153,83680000,29322
0,8368,83680000,83680000,92,153,83690000,29326
0,8369,83690000,83690000,92,153,83700000,29327
0,837,8370000,8370000,92,153,8380000,2930
0,8370,83700000,83700000,92,153,83710000,29335
0,8371,83710000,83710000,92,153,83720000,29337
0,8372,83720000,83720000,92,153,83730000,29342
0,8373,83730000,83730000,92,153,83740000,29344
0,8374,83740000,83740000,92,153,83750000,29348
0,8375,83750000,83750000,92,153,83760000,29349
0,8376,83760000,83760000,92,153,83770000,29355
0,8377,83770000,83770000,92,153,83780000,29358
0,8378,83780000,83780000,92,153,83790000,29361
0,8379,83790000,83790000,92,153,83800000,29365
0,838,8380000,8380000,92,153,8390000,2934
0,8380,83800000,83800000,92,153,83810000,29369
0,8381,83810000,83810000,92,153,83820000,29371
0,8382,83820000,83820000,92,153,83830000,29377
0,8383,83830000,83830000,92,153,83840000,29379
0,8384,83840000,83840000,92,153,83850000,29382
0,8385,83850000,83850000,92,153,83860000,29385
0,8386,83860000,83860000,92,153,83870000,29390
0,8387,83870000,83870000,92,153,83880000,29391
0,8388,83880000,83880000,92,153,83890000,29398
0,8389,83890000,83890000,92,153,83900000,29401
0,839,8390000,8390000,92,153,8400000,2935
0,8390,83900000,83900000,92,153,83910000,29404
0,8391,83910000,83910000,92,153,83920000,29406
0,8392,83920000,83920000,92,153,83930000,29411
0,8393,83930000,83930000,92,153,83940000,29413
0,8394,83940000,83940000,92,153,83950000,29419
0,8395,83950000,83950000,92,153,83960000,29421
0,8396,83960000,83960000,92,153,83970000,29424
0,8397,83970000,83970000,92,153,83980000,29427
0,8398,83980000,83980000,92,153,83990000,29432
0,8399,83990000,83990000,92,153,84000000,29433
0,84,840000,840000,92,153,850000,293
0,840,8400000,8400000,92,153,8410000,2943
0,8400,84000000,84000000,92,153,84010000,29441
0,8401,84010000,84010000,92,153,84020000,29443
0,8402,84020000,84020000,92,153,84030000,29446
0,8403,84030000,84030000,92,153,84040000,29448
0,8404,84040000,84040000,92,153,84050000,29452
0,8405,84050000,84050000,92,153,84060000,29453
0,8406,84060000,84060000,92,153,84070000,29461
0,8407,84070000,84070000,92,153,84080000,29465
0,8408,84080000,84080000,92,153,84090000,29468
0,8409,84090000,84090000,92,153,84100000,29470
0,841,8410000,8410000,92,153,8420000,2946
0,8410,84100000,84100000,92,153,84110000,29474
0,8411,84110000,84110000,92,153,84120000,29475
0,8412,84120000,84120000,92,153,84130000,29481
0,8413,84130000,84130000,92,153,84140000,29483
0,8414,84140000,84140000,92,153,84150000,29487
0,8415,84150000,84150000,92,153,84160000,29492
0,8416,84160000,84160000,92,153,84170000,29496
0,8417,84170000,84170000,92,153,84180000,29497
0,8418,84180000,84180000,92,153,84190000,29503
0,8419,84190000,84190000,92,153,84200000,29505
0,842,8420000,8420000,92,153,8430000,2949
0,8420,84200000,84200000,92,153,84210000,29508
0,8421,84210000,84210000,92,153,84220000,29511
0,8422,84220000,84220000,92,153,84230000,29516
0,8423,84230000,84230000,92,153,84240000,29518
0,8424,84240000,84240000,92,153,84250000,29525
0,8425,84250000,84250000,92,153,84260000,29527
0,8426,84260000,84260000,92,153,84270000,29530
0,8427,84270000,84270000,92,153,84280000,29532
0,8428,84280000,84280000,92,153,84290000,29537
0,8429,84290000,84290000,92,153,84300000,29538
0,843,8430000,8430000,92,153,8440000,2951
0,8430,84300000,84300000,92,153,84310000,29545
0,8431,84310000,84310000,92,153,84320000,29547
0,8432,84320000,84320000,92,153,84330000,29551
0,8433,84330000,84330000,92,153,84340000,29554
0,8434,84340000,84340000,92,153,84350000,29558
0,8435,84350000,84350000,92,153,84360000,29560
0,8436,84360000,84360000,92,153,84370000,29566
0,8437,84370000,84370000,92,153,84380000,29569
0,8438,84380000,84380000,92,153,84390000,29572
0,8439,84390000,84390000,92,153,84400000,29574
0,844,8440000,8440000,92,153,8450000,2955
0,8440,84400000,84400000,92,153,84410000,29579
0,8441,84410000,84410000,92,153,84420000,29580
0,8442,84420000,84420000,92,153,84430000,29588
0,8443,84430000,84430000,92,153,84440000,29590
0,8444,84440000,84440000,92,153,84450000,29593
0,8445,84450000,84450000,92,153,84460000,29596
0,8446,84460000,84460000,92,153,84470000,29600
0,8447,84470000,84470000,92,153,84480000,29601
0,8448,84480000,84480000,92,153,84490000,29607
0,8449,84490000,84490000,92,153,84500000,29611
0,845,8450000,8450000,92,153,8460000,2956
0,8450,84500000,84500000,92,153,84510000,29614
0,8451,84510000,84510000,92,153,84520000,29617
0,8452,84520000,84520000,92,153,84530000,29622
0,8453,84530000,84530000,92,153,84540000,29623
0,8454,84540000,84540000,92,153,84550000,29629
0,8455,84550000,84550000,92,153,84560000,29631
0,8456,84560000,84560000,92,153,84570000,29635
0,8457,84570000,84570000,92,153,84580000,29638
0,8458,84580000,84580000,92,153,84590000,29642
0,8459,84590000,84590000,92,153,84600000,29643
0,846,8460000,8460000,92,153,8470000,2963
0,8460,84600000,84600000,92,153,84610000,29651
0,8461,84610000,84610000,92,153,84620000,29653
0,8462,84620000,84620000,92,153,84630000,29656
0,8463,84630000,84630000,92,153,84640000,29659
0,8464,84640000,84640000,92,153,84650000,29663
0,8465,84650000,84650000,92,153,84660000,29664
0,8466,84660000,84660000,92,153,84670000,29671
0,8467,84670000,84670000,92,153,84680000,29674
0,8468,84680000,84680000,92,153,84690000,29677
0,8469,84690000,84690000,92,153,84700000,29680
0,847,8470000,8470000,92,153,8480000,2967
0,8470,84700000,84700000,92,153,84710000,29685
0,8471,84710000,84710000,92,153,84720000,29686
0,8472,84720000,84720000,92,153,84730000,29692
0,8473,84730000,84730000,92,153,84740000,29694
0,8474,84740000,84740000,92,153,84750000,29698
0,8475,84750000,84750000,92,153,84760000,29701
0,8476,84760000,84760000,92,153,84770000,29705
0,8477,84770000,84770000,92,153,84780000,29707
0,8478,84780000,84780000,92,153,84790000,29714
0,8479,84790000,84790000,92,153,84800000,29716
0,848,8480000,8480000,92,153,8490000,2970
0,8480,84800000,84800000,92,153,84810000,29719
0,8481,84810000,84810000,92,153,84820000,29721
0,8482,84820000,84820000,92,153,84830000,29726
0,8483,84830000,84830000,92,153,84840000,29728
0,8484,84840000,84840000,92,153,84850000,29735
0,8485,84850000,84850000,92,153,84860000,29737
0,8486,84860000,84860000,92,153,84870000,29740
0,8487,84870000,84870000,92,153,84880000,29743
0,8488,84880000,84880000,92,153,84890000,29747
0,8489,84890000,84890000,92,153,84900000,29748
0,849,8490000,8490000,92,153,8500000,2972
0,8490,84900000,84900000,92,153,84910000,29755
0,8491,84910000,84910000,92,153,84920000,29759
0,8492,84920000,84920000,92,153,84930000,29762
0,8493,84930000,84930000,92,153,84940000,29764
0,8494,84940000,84940000,92,153,84950000,29768
0,8495,84950000,84950000,92,153,84960000,29769
0,8496,84960000,84960000,92,153,84970000,29776
0,8497,84970000,84970000,92,153,84980000,29779
0,8498,84980000,84980000,92,153,84990000,29783
0,8499,84990000,84990000,92,153,85000000,29785
0,85,850000,850000,92,153,860000,296
0,850,8500000,8500000,92,153,8510000,2977
0,8500,85000000,85000000,92,153,85010000,29790
0,8501,85010000,85010000,92,153,85020000,29791
0,8502,85020000,85020000,92,153,85030000,29797
0,8503,85030000,85030000,92,153,85040000,29799
0,8504,85040000,85040000,92,153,85050000,29802
0,8505,85050000,85050000,92,153,85060000,29807
0,8506,85060000,85060000,92,153,85070000,29811
0,8507,85070000,85070000,92,153,85080000,29812
0,8508,85080000,85080000,92,153,85090000,29819
0,8509,85090000,85090000,92,153,85100000,29821
0,851,8510000,8510000,92,153,8520000,2978
0,8510,85100000,85100000,92,153,85110000,29824
0,8511,85110000,85110000,92,153,85120000,29826
0,8512,85120000,85120000,92,153,85130000,29832
0,8513,85130000,85130000,92,153,85140000,29833
0,8514,85140000,85140000,92,153,85150000,29840
0,8515,85150000,85150000,92,153,85160000,29842
0,8516,85160000,85160000,92,153,85170000,29845
0,8517,85170000,85170000,92,153,85180000,29848
0,8518,85180000,85180000,92,153,85190000,29852
0,8519,85190000,85190000,92,153,85200000,29854
0,852,8520000,8520000,92,153,8530000,2984
0,8520,85200000,85200000,92,153,85210000,29861
0,8521,85210000,85210000,92,153,85220000,29863
0,8522,85220000,85220000,92,153,85230000,29866
0,8523,85230000,85230000,92,153,85240000,29869
0,8524,85240000,85240000,92,153,85250000,29873
0,8525,85250000,85250000,92,153,85260000,29875
0,8526,85260000,85260000,92,153,85270000,29882
0,8527,85270000,85270000,92,153,85280000,29885
0,8528,85280000,85280000,92,153,85290000,29888
0,8529,85290000,85290000,92,153,85300000,29890
0,853,8530000,8530000,92,153,8540000,2986
0,8530,85300000,85300000,92,153,85310000,29894
0,8531,85310000,85310000,92,153,85320000,29895
0,8532,85320000,85320000,92,153,85330000,29902
0,8533,85330000,85330000,92,153,85340000,29905
0,8534,85340000,85340000,92,153,85350000,29909
0,8535,85350000,85350000,92,153,85360000,29912
0,8536,85360000,85360000,92,153,85370000,29916
0,8537,85370000,85370000,92,153,85380000,29917
0,8538,85380000,85380000,92,153,85390000,29923
0,8539,85390000,85390000,92,153,85400000,29925
0,854,8540000,8540000,92,153,8550000,2990
0,8540,85400000,85400000,92,153,85410000,29929
0,8541,85410000,85410000,92,153,85420000,29932
0,8542,85420000,85420000,92,153,85430000,29938
0,8543,85430000,85430000,92,153,85440000,29939
0,8544,85440000,85440000,92,153,85450000,29945
0,8545,85450000,85450000,92,153,85460000,29947
0,8546,85460000,85460000,92,153,85470000,29950
0,8547,85470000,85470000,92,153,85480000,29953
0,8548,85480000,85480000,92,153,85490000,29957
0,8549,85490000,85490000,92,153,85500000,29958
0,855,8550000,8550000,92,153,8560000,2994
0,8550,85500000,85500000,92,153,85510000,29966
0,8551,85510000,85510000,92,153,85520000,29969
0,8552,85520000,85520000,92,153,85530000,29972
0,8553,85530000,85530000,92,153,85540000,29974
0,8554,85540000,85540000,92,153,85550000,29979
0,8555,85550000,85550000,92,153,85560000,29980
0,8556,85560000,85560000,92,153,85570000,29986
0,8557,85570000,85570000,92,153,85580000,29989
0,8558,85580000,85580000,92,153,85590000,29992
0,8559,85590000,85590000,92,153,85600000,29996
0,856,8560000,8560000,92,153,8570000,2998
0,8560,85600000,85600000,92,153,85610000,30000
0,8561,85610000,85610000,92,153,85620000,30002
0,8562,85620000,85620000,92,153,85630000,30008
0,8563,85630000,85630000,92,153,85640000,30010
0,8564,85640000,85640000,92,153,85650000,30013
0,8565,85650000,85650000,92,153,85660000,30016
0,8566,85660000,85660000,92,153,85670000,30020
0,8567,85670000,85670000,92,153,85680000,30021
0,8568,85680000,85680000,92,153,85690000,30030
0,8569,85690000,85690000,92,153,85700000,30032
0,857,8570000,8570000,92,153,8580000,2999
0,8570,85700000,85700000,92,153,85710000,30035
0,8571,85710000,85710000,92,153,85720000,30037
0,8572,85720000,85720000,92,153,85730000,30042
0,8573,85730000,85730000,92,153,85740000,30043
0,8574,85740000,85740000,92,153,85750000,30049
0,8575,85750000,85750000,92,153,85760000,30052
0,8576,85760000,85760000,92,153,85770000,30056
0,8577,85770000,85770000,92,153,85780000,30059
0,8578,85780000,85780000,92,153,85790000,30063
0,8579,85790000,85790000,92,153,85800000,30064
0,858,8580000,8580000,92,153,8590000,3006
0,8580,85800000,85800000,92,153,85810000,30071
0,8581,85810000,85810000,92,153,85820000,30073
0,8582,85820000,85820000,92,153,85830000,30077
0,8583,85830000,85830000,92,153,85840000,30079
0,8584,85840000,85840000,92,153,85850000,30083
0,8585,85850000,85850000,92,153,85860000,30085
0,8586,85860000,85860000,92,153,85870000,30092
0,8587,85870000,85870000,92,153,85880000,30095
0,8588,85880000,85880000,92,153,85890000,30098
0,8589,85890000,85890000,92,153,85900000,30101
0,859,8590000,8590000,92,153,8600000,3008
0,8590,85900000,85900000,92,153,85910000,30105
0,8591,85910000,85910000,92,153,85920000,30106
0,8592,85920000,85920000,92,153,85930000,30112
0,8593,85930000,85930000,92,153,85940000,30115
0,8594,85940000,85940000,92,153,85950000,30118
0,8595,85950000,85950000,92,153,85960000,30122
0,8596,85960000,85960000,92,153,85970000,30127
0,8597,85970000,85970000,92,153,85980000,30128
0,8598,85980000,85980000,92,153,85990000,30134
0,8599,85990000,85990000,92,153,86000000,30136
0,86,860000,860000,92,153,870000,299
0,860,8600000,8600000,92,153,8610000,3011
0,8600,86000000,86000000,92,153,86010000,30139
0,8601,86010000,86010000,92,153,86020000,30141
0,8602,86020000,86020000,92,153,86030000,30147
0,8603,86030000,86030000,92,153,86040000,30149
0,8604,86040000,86040000,92,153,86050000,30156
0,8605,86050000,86050000,92,153,86060000,30158
0,8606,86060000,86060000,92,153,86070000,30161
0,8607,86070000,86070000,92,153,86080000,30163
0,8608,86080000,86080000,92,153,86090000,30167
0,8609,86090000,86090000,92,153,86100000,30168
0,861,8610000,8610000,92,153,8620000,3014
0,8610,86100000,86100000,92,153,86110000,30177
0,8611,86110000,86110000,92,153,86120000,30179
0,8612,86120000,86120000,92,153,86130000,30182
0,8613,86130000,86130000,92,153,86140000,30185
0,8614,86140000,86140000,92,153,86150000,30189
0,8615,86150000,86150000,92,153,86160000,30190
0,8616,86160000,86160000,92,153,86170000,30196
0,8617,86170000,86170000,92,153,86180000,30200
0,8618,86180000,86180000,92,153,86190000,30203
0,8619,86190000,86190000,92,153,86200000,30206
0,862,8620000,8620000,92,153,8630000,3019
0,8620,86200000,86200000,92,153,86210000,30210
0,8621,86210000,86210000,92,153,86220000,30211
0,8622,86220000,86220000,92,153,86230000,30218
0,8623,86230000,86230000,92,153,86240000,30220
0,8624,86240000,86240000,92,153,86250000,30224
0,8625,86250000,86250000,92,153,86260000,30227
0,8626,86260000,86260000,92,153,86270000,30231
0,8627,86270000,86270000,92,153,86280000,30233
0,8628,86280000,86280000,92,153,86290000,30239
0,8629,86290000,86290000,92,153,86300000,30241
0,863,8630000,8630000,92,153,8640000,3020
0,8630,86300000,86300000,92,153,86310000,30244
0,8631,86310000,86310000,92,153,86320000,30248
0,8632,86320000,86320000,92,153,86330000,30253
0,8633,86330000,86330000,92,153,86340000,30254
0,8634,86340000,86340000,92,153,86350000,30260
0,8635,86350000,86350000,92,153,86360000,30262
0,8636,86360000,86360000,92,153,86370000,30266
0,8637,86370000,86370000,92,153,86380000,30268
0,8638,86380000,86380000,92,153,86390000,30273
0,8639,86390000,86390000,92,153,86400000,30274
0,864,8640000,8640000,92,153,8650000,3027
0,8640,86400000,86400000,92,153,86410000,30282
0,8641,86410000,86410000,92,153,86420000,30284
0,8642,86420000,86420000,92,153,86430000,30287
0,8643,86430000,86430000,92,153,86440000,30289
0,8644,86440000,86440000,92,153,86450000,30294
0,8645,86450000,86450000,92,153,86460000,30296
0,8646,86460000,86460000,92,153,86470000,30302
0,8647,86470000,86470000,92,153,86480000,30305
0,8648,86480000,86480000,92,153,86490000,30308
0,8649,86490000,86490000,92,153,86500000,30311
0,865,8650000,8650000,92,153,8660000,3029
0,8650,86500000,86500000,92,153,86510000,30315
0,8651,86510000,86510000,92,153,86520000,30316
0,8652,86520000,86520000,92,153,86530000,30323
0,8653,86530000,86530000,92,153,86540000,30326
0,8654,86540000,86540000,92,153,86550000,30329
0,8655,86550000,86550000,92,153,86560000,30332
0,8656,86560000,86560000,92,153,86570000,30336
0,8657,86570000,86570000,92,153,86580000,30337
0,8658,86580000,86580000,92,153,86590000,30344
0,8659,86590000,86590000,92,153,86600000,30347
0,866,8660000,8660000,92,153,8670000,3032
0,8660,86600000,86600000,92,153,86610000,30350
0,8661,86610000,86610000,92,153,86620000,30353
0,8662,86620000,86620000,92,153,86630000,30358
0,8663,86630000,86630000,92,153,86640000,30359
0,8664,86640000,86640000,92,153,86650000,30365
0,8665,86650000,86650000,92,153,86660000,30367
0,8666,86660000,86660000,92,153,86670000,30371
0,8667,86670000,86670000,92,153,86680000,30374
0,8668,86680000,86680000,92,153,86690000,30378
0,8669,86690000,86690000,92,153,86700000,30379
0,867,8670000,8670000,92,153,8680000,3035
0,8670,86700000,86700000,92,153,86710000,30387
0,8671,86710000,86710000,92,153,86720000,30389
0,8672,86720000,86720000,92,153,86730000,30392
0,8673,86730000,86730000,92,153,86740000,30395
0,8674,86740000,86740000,92,153,86750000,30399
0,8675,86750000,86750000,92,153,86760000,30400
0,8676,86760000,86760000,92,153,86770000,30407
0,8677,86770000,86770000,92,153,86780000,30410
0,8678,86780000,86780000,92,153,86790000,30414
0,8679,86790000,86790000,92,153,86800000,30416
0,868,8680000,8680000,92,153,8690000,3040
0,8680,86800000,86800000,92,153,86810000,30421
0,8681,86810000,86810000,92,153,86820000,30422
0,8682,86820000,86820000,92,153,86830000,30428
0,8683,86830000,86830000,92,153,86840000,30430
0,8684,86840000,86840000,92,153,86850000,30433
0,8685,86850000,86850000,92,153,86860000,30437
0,8686,86860000,86860000,92,153,86870000,30441
0,8687,86870000,86870000,92,153,86880000,30444
0,8688,86880000,86880000,92,153,86890000,30450
0,8689,86890000,86890000,92,153,86900000,30452
0,869,8690000,8690000,92,153,8700000,3041
0,8690,86900000,86900000,92,153,86910000,30455
0,8691,86910000,86910000,92,153,86920000,30457
0,8692,86920000,86920000,92,153,86930000,30462
0,8693,86930000,86930000,92,153,86940000,30463
0,8694,86940000,86940000,92,153,86950000,30471
0,8695,86950000,86950000,92,153,86960000,30474
0,8696,86960000,86960000,92,153,86970000,30477
0,8697,86970000,86970000,92,153,86980000,30479
0,8698,86980000,86980000,92,153,86990000,30483
0,8699,86990000,86990000,92,153,87000000,30484
0,87,870000,870000,92,153,880000,301
0,870,8700000,8700000,92,153,8710000,3048
0,8700,87000000,87000000,92,153,87010000,30491
0,8701,87010000,87010000,92,153,87020000,30494
0,8702,87020000,87020000,92,153,87030000,30497
0,8703,87030000,87030000,92,153,87040000,30500
0,8704,87040000,87040000,92,153,87050000,30505
0,8705,87050000,87050000,92,153,87060000,30506
0,8706,87060000,87060000,92,153,87070000,30512
0,8707,87070000,87070000,92,153,87080000,30515
0,8708,87080000,87080000,92,153,87090000,30519
0,8709,87090000,87090000,92,153,87100000,30521
0,871,8710000,8710000,92,153,8720000,3050
0,8710,87100000,87100000,92,153,87110000,30525
0,8711,87110000,87110000,92,153,87120000,30526
0,8712,87120000,87120000,92,153,87130000,30534
0,8713,87130000,87130000,92,153,87140000,30536
0,8714,87140000,87140000,92,153,87150000,30539
0,8715,87150000,87150000,92,153,87160000,30543
0,8716,87160000,87160000,92,153,87170000,30547
0,8717,87170000,87170000,92,153,87180000,30548
0,8718,87180000,87180000,92,153,87190000,30554
0,8719,87190000,87190000,92,153,87200000,30556
0,872,8720000,8720000,92,153,8730000,3053
0,8720,87200000,87200000,92,153,87210000,30559
0,8721,87210000,87210000,92,153,87220000,30563
0,8722,87220000,87220000,92,153,87230000,30569
0,8723,87230000,87230000,92,153,87240000,30570
0,8724,87240000,87240000,92,153,87250000,30576
0,8725,87250000,87250000,92,153,87260000,30578
0,8726,87260000,87260000,92,153,87270000,30581
0,8727,87270000,87270000,92,153,87280000,30583
0,8728,87280000,87280000,92,153,87290000,30587
0,8729,87290000,87290000,92,153,87300000,30590
0,873,8730000,8730000,92,153,8740000,3056
0,8730,87300000,87300000,92,153,87310000,30598
0,8731,87310000,87310000,92,153,87320000,30600
0,8732,87320000,87320000,92,153,87330000,30603
0,8733,87330000,87330000,92,153,87340000,30605
0,8734,87340000,87340000,92,153,87350000,30609
0,8735,87350000,87350000,92,153,87360000,30610
0,8736,87360000,87360000,92,153,87370000,30617
0,8737,87370000,87370000,92,153,87380000,30620
0,8738,87380000,87380000,92,153,87390000,30624
0,8739,87390000,87390000,92,153,87400000,30627
0,874,8740000,8740000,92,153,8750000,3060
0,8740,87400000,87400000,92,153,87410000,30631
0,8741,87410000,87410000,92,153,87420000,30632
0,8742,87420000,87420000,92,153,87430000,30638
0,8743,87430000,87430000,92,153,87440000,30641
0,8744,87440000,87440000,92,153,87450000,30644
0,8745,87450000,87450000,92,153,87460000,30647
0,8746,87460000,87460000,92,153,87470000,30652
0,8747,87470000,87470000,92,153,87480000,30653
0,8748,87480000,87480000,92,153,87490000,30660
0,8749,87490000,87490000,92,153,87500000,30662
0,875,8750000,8750000,92,153,8760000,3063
0,8750,87500000,87500000,92,153,87510000,30666
0,8751,87510000,87510000,92,153,87520000,30668
0,8752,87520000,87520000,92,153,87530000,30673
0,8753,87530000,87530000,92,153,87540000,30674
0,8754,87540000,87540000,92,153,87550000,30680
0,8755,87550000,87550000,92,153,87560000,30683
0,8756,87560000,87560000,92,153,87570000,30686
0,8757,87570000,87570000,92,153,87580000,30690
0,8758,87580000,87580000,92,153,87590000,30694
0,8759,87590000,87590000,92,153,87600000,30695
0,876,8760000,8760000,92,153,8770000,3069
0,8760,87600000,87600000,92,153,87610000,30702
0,8761,87610000,87610000,92,153,87620000,30704
0,8762,87620000,87620000,92,153,87630000,30707
0,8763,87630000,87630000,92,153,87640000,30710
0,8764,87640000,87640000,92,153,87650000,30715
0,8765,87650000,87650000,92,153,87660000,30716
0,8766,87660000,87660000,92,153,87670000,30723
0,8767,87670000,87670000,92,153,87680000,30726
0,8768,87680000,87680000,92,153,87690000,30729
0,8769,87690000,87690000,92,153,87700000,30731
0,877,8770000,8770000,92,153,8780000,3072
0,8770,87700000,87700000,92,153,87710000,30735
0,8771,87710000,87710000,92,153,87720000,30737
0,8772,87720000,87720000,92,153,87730000,30744
0,8773,87730000,87730000,92,153,87740000,30746
0,8774,87740000,87740000,92,153,87750000,30749
0,8775,87750000,87750000,92,153,87760000,30753
0,8776,87760000,87760000,92,153,87770000,30757
0,8777,87770000,87770000,92,153,87780000,30758
0,8778,87780000,87780000,92,153,87790000,30765
0,8779,87790000,87790000,92,153,87800000,30767
0,878,8780000,8780000,92,153,8790000,3075
0,8780,87800000,87800000,92,153,87810000,30771
0,8781,87810000,87810000,92,153,87820000,30773
0,8782,87820000,87820000,92,153,87830000,30778
0,8783,87830000,87830000,92,153,87840000,30779
0,8784,87840000,87840000,92,153,87850000,30786
0,8785,87850000,87850000,92,153,87860000,30789
0,8786,87860000,87860000,92,153,87870000,30792
0,8787,87870000,87870000,92,153,87880000,30794
0,8788,87880000,87880000,92,153,87890000,30798
0,8789,87890000,87890000,92,153,87900000,30800
0,879,8790000,8790000,92,153,8800000,3077
0,8790,87900000,87900000,92,153,87910000,30807
0,8791,87910000,87910000,92,153,87920000,30809
0,8792,87920000,87920000,92,153,87930000,30813
0,8793,87930000,87930000,92,153,87940000,30816
0,8794,87940000,87940000,92,153,87950000,30820
0,8795,87950000,87950000,92,153,87960000,30821
0,8796,87960000,87960000,92,153,87970000,30827
0,8797,87970000,87970000,92,153,87980000,30831
0,8798,87980000,87980000,92,153,87990000,30834
0,8799,87990000,87990000,92,153,88000000,30837
0,88,880000,880000,92,153,890000,305
0,880,8800000,8800000,92,153,8810000,3081
0,8800,88000000,88000000,92,153,88010000,30841
0,8801,88010000,88010000,92,153,88020000,30842
0,8802,88020000,88020000,92,153,88030000,30849
0,8803,88030000,88030000,92,153,88040000,30851
0,8804,88040000,88040000,92,153,88050000,30854
0,8805,88050000,88050000,92,153,88060000,30857
0,8806,88060000,88060000,92,153,88070000,30863
0,8807,88070000,88070000,92,153,88080000,30864
0,8808,88080000,88080000,92,153,88090000,30870
0,8809,88090000,88090000,92,153,88100000,30872
0,881,8810000,8810000,92,153,8820000,3082
0,8810,88100000,88100000,92,153,88110000,30875
0,8811,88110000,88110000,92,153,88120000,30878
0,8812,88120000,88120000,92,153,88130000,30883
0,8813,88130000,88130000,92,153,88140000,30885
0,8814,88140000,88140000,92,153,88150000,30892
0,8815,88150000,88150000,92,153,88160000,30894
0,8816,88160000,88160000,92,153,88170000,30897
0,8817,88170000,88170000,92,153,88180000,30899
0,8818,88180000,88180000,92,153,88190000,30903
0,8819,88190000,88190000,92,153,88200000,30904
0,882,8820000,8820000,92,153,8830000,3090
0,8820,88200000,88200000,92,153,88210000,30913
0,8821,88210000,88210000,92,153,88220000,30915
0,8822,88220000,88220000,92,153,88230000,30918
0,8823,88230000,88230000,92,153,88240000,30921
0,8824,88240000,88240000,92,153,88250000,30925
0,8825,88250000,88250000,92,153,88260000,30926
0,8826,88260000,88260000,92,153,88270000,30932
0,8827,88270000,88270000,92,153,88280000,30936
0,8828,88280000,88280000,92,153,88290000,30939
0,8829,88290000,88290000,92,153,88300000,30942
0,883,8830000,8830000,92,153,8840000,3092
0,8830,88300000,88300000,92,153,88310000,30946
0,8831,88310000,88310000,92,153,88320000,30948
0,8832,88320000,88320000,92,153,88330000,30954
0,8833,88330000,88330000,92,153,88340000,30956
0,8834,88340000,88340000,92,153,88350000,30960
0,8835,88350000,88350000,92,153,88360000,30963
0,8836,88360000,88360000,92,153,88370000,30967
0,8837,88370000,88370000,92,153,88380000,30968
0,8838,88380000,88380000,92,153,88390000,30975
0,8839,88390000,88390000,92,153,88400000,30977
0,884,8840000,8840000,92,153,8850000,3096
0,8840,88400000,88400000,92,153,88410000,30981
0,8841,88410000,88410000,92,153,88420000,30984
0,8842,88420000,88420000,92,153,88430000,30989
0,8843,88430000,88430000,92,153,88440000,30990
0,8844,88440000,88440000,92,153,88450000,30996
0,8845,88450000,88450000,92,153,88460000,30998
0,8846,88460000,88460000,92,153,88470000,31001
0,8847,88470000,88470000,92,153,88480000,31004
0,8848,88480000,88480000,92,153,88490000,31010
0,8849,88490000,88490000,92,153,88500000,31011
0,885,8850000,8850000,92,153,8860000,3099
0,8850,88500000,88500000,92,153,88510000,31018
0,8851,88510000,88510000,92,153,88520000,31020
0,8852,88520000,88520000,92,153,88530000,31023
0,8853,88530000,88530000,92,153,88540000,31025
0,8854,88540000,88540000,92,153,88550000,31029
0,8855,88550000,88550000,92,153,88560000,31031
0,8856,88560000,88560000,92,153,88570000,31038
0,8857,88570000,88570000,92,153,88580000,31042
0,8858,88580000,88580000,92,153,88590000,31045
0,8859,88590000,88590000,92,153,88600000,31047
0,886,8860000,8860000,92,153,8870000,3103
0,8860,88600000,88600000,92,153,88610000,31051
0,8861,88610000,88610000,92,153,88620000,31052
0,8862,88620000,88620000,92,153,88630000,31059
0,8863,88630000,88630000,92,153,88640000,31061
0,8864,88640000,88640000,92,153,88650000,31064
0,8865,88650000,88650000,92,153,88660000,31069
0,8866,88660000,88660000,92,153,88670000,31073
0,8867,88670000,88670000,92,153,88680000,31074
0,8868,88680000,88680000,92,153,88690000,31080
0,8869,88690000,88690000,92,153,88700000,31083
0,887,8870000,8870000,92,153,8880000,3104
0,8870,88700000,88700000,92,153,88710000,31086
0,8871,88710000,88710000,92,153,88720000,31088
0,8872,88720000,88720000,92,153,88730000,31093
0,8873,88730000,88730000,92,153,88740000,31094
0,8874,88740000,88740000,92,153,88750000,31102
0,8875,88750000,88750000,92,153,88760000,31104
0,8876,88760000,88760000,92,153,88770000,31108
0,8877,88770000,88770000,92,153,88780000,31110
0,8878,88780000,88780000,92,153,88790000,31114
0,8879,88790000,88790000,92,153,88800000,31115
0,888,8880000,8880000,92,153,8890000,3110
0,8880,88800000,88800000,92,153,88810000,31122
0,8881,88810000,88810000,92,153,88820000,31124
0,8882,88820000,88820000,92,153,88830000,31128
0,8883,88830000,88830000,92,153,88840000,31132
0,8884,88840000,88840000,92,153,88850000,31136
0,8885,88850000,88850000,92,153,88860000,31137
0,8886,88860000,88860000,92,153,88870000,31143
0,8887,88870000,88870000,92,153,88880000,31146
0,8888,88880000,88880000,92,153,88890000,31149
0,8889,88890000,88890000,92,153,88900000,31151
0,889,8890000,8890000,92,153,8900000,3113
0,8890,88900000,88900000,92,153,88910000,31156
0,8891,88910000,88910000,92,153,88920000,31158
0,8892,88920000,88920000,92,153,88930000,31165
0,8893,88930000,88930000,92,153,88940000,31167
0,8894,88940000,88940000,92,153,88950000,31170
0,8895,88950000,88950000,92,153,88960000,31173
0,8896,88960000,88960000,92,153,88970000,31177
0,8897,88970000,88970000,92,153,88980000,31179
0,8898,88980000,88980000,92,153,88990000,31185
0,8899,88990000,88990000,92,153,89000000,31188
0,89,890000,890000,92,153,900000,306
0,890,8900000,8900000,92,153,8910000,3116
0,8900,89000000,89000000,92,153,89010000,31191
0,8901,89010000,89010000,92,153,89020000,31194
0,8902,89020000,89020000,92,153,89030000,31199
0,8903,89030000,89030000,92,153,89040000,31200
0,8904,89040000,89040000,92,153,89050000,31207
0,8905,89050000,89050000,92,153,89060000,31209
0,8906,89060000,89060000,92,153,89070000,31212
0,8907,89070000,89070000,92,153,89080000,31214
0,8908,89080000,89080000,92,153,89090000,31219
0,8909,89090000,89090000,92,153,89100000,31220
0,891,8910000,8910000,92,153,8920000,3119
0,8910,89100000,89100000,92,153,89110000,31228
0,8911,89110000,89110000,92,153,89120000,31231
0,8912,89120000,89120000,92,153,89130000,31234
0,8913,89130000,89130000,92,153,89140000,31236
0,8914,89140000,89140000,92,153,89150000,31240
0,8915,89150000,89150000,92,153,89160000,31241
0,8916,89160000,89160000,92,153,89170000,31248
0,8917,89170000,89170000,92,153,89180000,31251
0,8918,89180000,89180000,92,153,89190000,31255
0,8919,89190000,89190000,92,153,89200000,31258
0,892,8920000,8920000,92,153,8930000,3125
0,8920,89200000,89200000,92,153,89210000,31262
0,8921,89210000,89210000,92,153,89220000,31263
0,8922,89220000,89220000,92,153,89230000,31269
0,8923,89230000,89230000,92,153,89240000,31271
0,8924,89240000,89240000,92,153,89250000,31274
0,8925,89250000,89250000,92,153,89260000,31279
0,8926,89260000,89260000,92,153,89270000,31283
0,8927,89270000,89270000,92,153,89280000,31284
0,8928,89280000,89280000,92,153,89290000,31291
0,8929,89290000,89290000,92,153,89300000,31293
0,893,8930000,8930000,92,153,8940000,3126
0,8930,89300000,89300000,92,153,89310000,31296
0,8931,89310000,89310000,92,153,89320000,31298
0,8932,89320000,89320000,92,153,89330000,31304
0,8933,89330000,89330000,92,153,89340000,31306
0,8934,89340000,89340000,92,153,89350000,31312
0,8935,89350000,89350000,92,153,89360000,31314
0,8936,89360000,89360000,92,153,89370000,31317
0,8937,89370000,89370000,92,153,89380000,31320
0,8938,89380000,89380000,92,153,89390000,31324
0,8939,89390000,89390000,92,153,89400000,31326
0,894,8940000,8940000,92,153,8950000,3132
0,8940,89400000,89400000,92,153,89410000,31333
0,8941,89410000,89410000,92,153,89420000,31335
0,8942,89420000,89420000,92,153,89430000,31339
0,8943,89430000,89430000,92,153,89440000,31341
0,8944,89440000,89440000,92,153,89450000,31345
0,8945,89450000,89450000,92,153,89460000,31346
0,8946,89460000,89460000,92,153,89470000,31354
0,8947,89470000,89470000,92,153,89480000,31357
0,8948,89480000,89480000,92,153,89490000,31360
0,8949,89490000,89490000,92,153,89500000,31362
0,895,8950000,8950000,92,153,8960000,3134
0,8950,89500000,89500000,92,153,89510000,31367
0,8951,89510000,89510000,92,153,89520000,31368
0,8952,89520000,89520000,92,153,89530000,31374
0,8953,89530000,89530000,92,153,89540000,31377
0,8954,89540000,89540000,92,153,89550000,31380
0,8955,89550000,89550000,92,153,89560000,31384
0,8956,89560000,89560000,92,153,89570000,31388
0,8957,89570000,89570000,92,153,89580000,31389
0,8958,89580000,89580000,92,153,89590000,31395
0,8959,89590000,89590000,92,153,89600000,31398
0,896,8960000,8960000,92,153,8970000,3138
0,8960,89600000,89600000,92,153,89610000,31402
0,8961,89610000,89610000,92,153,89620000,31404
0,8962,89620000,89620000,92,153,89630000,31409
0,8963,89630000,89630000,92,153,89640000,31410
0,8964,89640000,89640000,92,153,89650000,31417
0,8965,89650000,89650000,92,153,89660000,31419
0,8966,89660000,89660000,92,153,89670000,31422
0,8967,89670000,89670000,92,153,89680000,31426
0,8968,89680000,89680000,92,153,89690000,31430
0,8969,89690000,89690000,92,153,89700000,31431
0,897,8970000,8970000,92,153,8980000,3140
0,8970,89700000,89700000,92,153,89710000,31438
0,8971,89710000,89710000,92,153,89720000,31440
0,8972,89720000,89720000,92,153,89730000,31443
0,8973,89730000,89730000,92,153,89740000,31446
0,8974,89740000,89740000,92,153,89750000,31451
0,8975,89750000,89750000,92,153,89760000,31452
0,8976,89760000,89760000,92,153,89770000,31459
0,8977,89770000,89770000,92,153,89780000,31462
0,8978,89780000,89780000,92,153,89790000,31465
0,8979,89790000,89790000,92,153,89800000,31467
0,898,8980000,8980000,92,153,8990000,3144
0,8980,89800000,89800000,92,153,89810000,31471
0,8981,89810000,89810000,92,153,89820000,31473
0,8982,89820000,89820000,92,153,89830000,31480
0,8983,89830000,89830000,92,153,89840000,31482
0,8984,89840000,89840000,92,153,89850000,31486
0,8985,89850000,89850000,92,153,89860000,31489
0,8986,89860000,89860000,92,153,89870000,31493
0,8987,89870000,89870000,92,153,89880000,31494
0,8988,89880000,89880000,92,153,89890000,31501
0,8989,89890000,89890000,92,153,89900000,31503
0,899,8990000,8990000,92,153,9000000,3145
0,8990,89900000,89900000,92,153,89910000,31506
0,8991,89910000,89910000,92,153,89920000,31509
0,8992,89920000,89920000,92,153,89930000,31514
0,8993,89930000,89930000,92,153,89940000,31516
0,8994,89940000,89940000,92,153,89950000,31522
0,8995,89950000,89950000,92,153,89960000,31525
0,8996,89960000,89960000,92,153,89970000,31528
0,8997,89970000,89970000,92,153,89980000,31530
0,8998,89980000,89980000,92,153,89990000,31534
0,8999,89990000,89990000,92,153,90000000,31535
0,9,90000,90000,92,153,100000,29
0,90,900000,900000,92,153,910000,314
0,900,9000000,9000000,92,153,9010000,3153
0,9000,90000000,90000000,92,153,90010000,31543
0,9001,90010000,90010000,92,153,90020000,31546
0,9002,90020000,90020000,92,153,90030000,31550
0,9003,90030000,90030000,92,153,90040000,31552
0,9004,90040000,90040000,92,153,90050000,31556
0,9005,90050000,90050000,92,153,90060000,31557
0,9006,90060000,90060000,92,153,90070000,31563
0,9007,90070000,90070000,92,153,90080000,31566
0,9008,90080000,90080000,92,153,90090000,31569
0,9009,90090000,90090000,92,153,90100000,31573
0,901,9010000,9010000,92,153,9020000,3156
0,9010,90100000,90100000,92,153,90110000,31578
0,9011,90110000,90110000,92,153,90120000,31579
0,9012,90120000,90120000,92,153,90130000,31585
0,9013,90130000,90130000,92,153,90140000,31587
0,9014,90140000,90140000,92,153,90150000,31590
0,9015,90150000,90150000,92,153,90160000,31593
0,9016,90160000,90160000,92,153,90170000,31598
0,9017,90170000,90170000,92,153,90180000,31599
0,9018,90180000,90180000,92,153,90190000,31607
0,9019,90190000,90190000,92,153,90200000,31609
0,902,9020000,9020000,92,153,9030000,3159
0,9020,90200000,90200000,92,153,90210000,31612
0,9021,90210000,90210000,92,153,90220000,31614
0,9022,90220000,90220000,92,153,90230000,31619
0,9023,90230000,90230000,92,153,90240000,31621
0,9024,90240000,90240000,92,153,90250000,31627
0,9025,90250000,90250000,92,153,90260000,31629
0,9026,90260000,90260000,92,153,90270000,31632
0,9027,90270000,90270000,92,153,90280000,31636
0,9028,90280000,90280000,92,153,90290000,31640
0,9029,90290000,90290000,92,153,90300000,31641
0,903,9030000,9030000,92,153,9040000,3162
0,9030,90300000,90300000,92,153,90310000,31649
0,9031,90310000,90310000,92,153,90320000,31651
0,9032,90320000,90320000,92,153,90330000,31654
0,9033,90330000,90330000,92,153,90340000,31656
0,9034,90340000,90340000,92,153,90350000,31660
0,9035,90350000,90350000,92,153,90360000,31662
0,9036,90360000,90360000,92,153,90370000,31669
0,9037,90370000,90370000,92,153,90380000,31673
0,9038,90380000,90380000,92,153,90390000,31676
0,9039,90390000,90390000,92,153,90400000,31678
0,904,9040000,9040000,92,153,9050000,3166
0,9040,90400000,90400000,92,153,90410000,31682
0,9041,90410000,90410000,92,153,90420000,31683
0,9042,90420000,90420000,92,153,90430000,31689
0,9043,90430000,90430000,92,153,90440000,31691
0,9044,90440000,90440000,92,153,90450000,31696
0,9045,90450000,90450000,92,153,90460000,31700
0,9046,90460000,90460000,92,153,90470000,31704
0,9047,90470000,90470000,92,153,90480000,31705
0,9048,90480000,90480000,92,153,90490000,31711
0,9049,90490000,90490000,92,153,90500000,31713
0,905,9050000,9050000,92,153,9060000,3167
0,9050,90500000,90500000,92,153,90510000,31716
0,9051,90510000,90510000,92,153,90520000,31719
0,9052,90520000,90520000,92,153,90530000,31725
0,9053,90530000,90530000,92,153,90540000,31726
0,9054,90540000,90540000,92,153,90550000,31733
0,9055,90550000,90550000,92,153,90560000,31735
0,9056,90560000,90560000,92,153,90570000,31738
0,9057,90570000,90570000,92,153,90580000,31740
0,9058,90580000,90580000,92,153,90590000,31745
0,9059,90590000,90590000,92,153,90600000,31746
0,906,9060000,9060000,92,153,9070000,3173
0,9060,90600000,90600000,92,153,90610000,31753
0,9061,90610000,90610000,92,153,90620000,31756
0,9062,90620000,90620000,92,153,90630000,31759
0,9063,90630000,90630000,92,153,90640000,31762
0,9064,90640000,90640000,92,153,90650000,31766
0,9065,90650000,90650000,92,153,90660000,31768
0,9066,90660000,90660000,92,153,90670000,31774
0,9067,90670000,90670000,92,153,90680000,31777
0,9068,90680000,90680000,92,153,90690000,31780
0,9069,90690000,90690000,92,153,90700000,31783
0,907,9070000,9070000,92,153,9080000,3176
0,9070,90700000,90700000,92,153,90710000,31787
0,9071,90710000,90710000,92,153,90720000,31788
0,9072,90720000,90720000,92,153,90730000,31796
0,9073,90730000,90730000,92,153,90740000,31798
0,9074,90740000,90740000,92,153,90750000,31801
0,9075,90750000,90750000,92,153,90760000,31804
0,9076,90760000,90760000,92,153,90770000,31808
0,9077,90770000,90770000,92,153,90780000,31809
0,9078,90780000,90780000,92,153,90790000,31816
0,9079,90790000,90790000,92,153,90800000,31819
0,908,9080000,9080000,92,153,9090000,3179
0,9080,90800000,90800000,92,153,90810000,31822
0,9081,90810000,90810000,92,153,90820000,31825
0,9082,90820000,90820000,92,153,90830000,31830
0,9083,90830000,90830000,92,153,90840000,31831
0,9084,90840000,90840000,92,153,90850000,31837
0,9085,90850000,90850000,92,153,90860000,31839
0,9086,90860000,90860000,92,153,90870000,31844
0,9087,90870000,90870000,92,153,90880000,31846
0,9088,90880000,90880000,92,153,90890000,31850
0,9089,90890000,90890000,92,153,90900000,31851
0,909,9090000,9090000,92,153,9100000,3183
0,9090,90900000,90900000,92,153,90910000,31859
0,9091,90910000,90910000,92,153,90920000,31861
0,9092,90920000,90920000,92,153,90930000,31864
0,9093,90930000,90930000,92,153,90940000,31867
0,9094,90940000,90940000,92,153,90950000,31871
0,9095,90950000,90950000,92,153,90960000,31873
0,9096,90960000,90960000,92,153,90970000,31879
0,9097,90970000,90970000,92,153,90980000,31882
0,9098,90980000,90980000,92,153,90990000,31885
0,9099,90990000,90990000,92,153,91000000,31888
0,91,910000,910000,92,153,920000,317
0,910,9100000,9100000,92,153,9110000,3188
0,9100,91000000,91000000,92,153,91010000,31893
0,9101,91010000,91010000,92,153,91020000,31894
0,9102,91020000,91020000,92,153,91030000,31900
0,9103,91030000,91030000,92,153,91040000,31903
0,9104,91040000,91040000,92,153,91050000,31906
0,9105,91050000,91050000,92,153,91060000,31909
0,9106,91060000,91060000,92,153,91070000,31913
0,9107,91070000,91070000,92,153,91080000,31915
0,9108,91080000,91080000,92,153,91090000,31922
0,9109,91090000,91090000,92,153,91100000,31924
0,911,9110000,9110000,92,153,9120000,3189
0,9110,91100000,91100000,92,153,91110000,31927
0,9111,91110000,91110000,92,153,91120000,31929
0,9112,91120000,91120000,92,153,91130000,31935
0,9113,91130000,91130000,92,153,91140000,31936
0,9114,91140000,91140000,92,153,91150000,31943
0,9115,91150000,91150000,92,153,91160000,31945
0,9116,91160000,91160000,92,153,91170000,31948
0,9117,91170000,91170000,92,153,91180000,31951
0,9118,91180000,91180000,92,153,91190000,31955
0,9119,91190000,91190000,92,153,91200000,31956
0,912,9120000,9120000,92,153,9130000,3195
0,9120,91200000,91200000,92,153,91210000,31964
0,9121,91210000,91210000,92,153,91220000,31967
0,9122,91220000,91220000,92,153,91230000,31970
0,9123,91230000,91230000,92,153,91240000,31972
0,9124,91240000,91240000,92,153,91250000,31976
0,9125,91250000,91250000,92,153,91260000,31977
0,9126,91260000,91260000,92,153,91270000,31984
0,9127,91270000,91270000,92,153,91280000,31987
0,9128,91280000,91280000,92,153,91290000,31991
0,9129,91290000,91290000,92,153,91300000,31994
0,913,9130000,9130000,92,153,9140000,3197
0,9130,91300000,91300000,92,153,91310000,31998
0,9131,91310000,91310000,92,153,91320000,31999
0,9132,91320000,91320000,92,153,91330000,32005
0,9133,91330000,91330000,92,153,91340000,32007
0,9134,91340000,91340000,92,153,91350000,32010
0,9135,91350000,91350000,92,153,91360000,32015
0,9136,91360000,91360000,92,153,91370000,32019
0,9137,91370000,91370000,92,153,91380000,32021
0,9138,91380000,91380000,92,153,91390000,32027
0,9139,91390000,91390000,92,153,91400000,32029
0,914,9140000,9140000,92,153,9150000,3200
0,9140,91400000,91400000,92,153,91410000,32032
0,9141,91410000,91410000,92,153,91420000,32034
0,9142,91420000,91420000,92,153,91430000,32040
0,9143,91430000,91430000,92,153,91440000,32041
0,9144,91440000,91440000,92,153,91450000,32048
0,9145,91450000,91450000,92,153,91460000,32050
0,9146,91460000,91460000,92,153,91470000,32054
0,9147,91470000,91470000,92,153,91480000,32056
0,9148,91480000,91480000,92,153,91490000,32060
0,9149,91490000,91490000,92,153,91500000,32062
0,915,9150000,9150000,92,153,9160000,3203
0,9150,91500000,91500000,92,153,91510000,32069
0,9151,91510000,91510000,92,153,91520000,32071
0,9152,91520000,91520000,92,153,91530000,32074
0,9153,91530000,91530000,92,153,91540000,32077
0,9154,91540000,91540000,92,153,91550000,32082
0,9155,91550000,91550000,92,153,91560000,32083
0,9156,91560000,91560000,92,153,91570000,32090
0,9157,91570000,91570000,92,153,91580000,32093
0,9158,91580000,91580000,92,153,91590000,32096
0,9159,91590000,91590000,92,153,91600000,32098
0,916,9160000,9160000,92,153,9170000,3207
0,9160,91600000,91600000,92,153,91610000,32102
0,9161,91610000,91610000,92,153,91620000,32103
0,9162,91620000,91620000,92,153,91630000,32110
0,9163,91630000,91630000,92,153,91640000,32114
0,9164,91640000,91640000,92,153,91650000,32117
0,9165,91650000,91650000,92,153,91660000,32120
0,9166,91660000,91660000,92,153,91670000,32124
0,9167,91670000,91670000,92,153,91680000,32125
0,9168,91680000,91680000,92,153,91690000,32131
0,9169,91690000,91690000,92,153,91700000,32133
0,917,9170000,9170000,92,153,9180000,3209
0,9170,91700000,91700000,92,153,91710000,32137
0,9171,91710000,91710000,92,153,91720000,32141
0,9172,91720000,91720000,92,153,91730000,32146
0,9173,91730000,91730000,92,153,91740000,32147
0,9174,91740000,91740000,92,153,91750000,32153
0,9175,91750000,91750000,92,153,91760000,32155
0,9176,91760000,91760000,92,153,91770000,32158
0,9177,91770000,91770000,92,153,91780000,32161
0,9178,91780000,91780000,92,153,91790000,32165
0,9179,91790000,91790000,92,153,91800000,32166
0,918,9180000,9180000,92,153,9190000,3217
0,9180,91800000,91800000,92,153,91810000,32175
0,9181,91810000,91810000,92,153,91820000,32177
0,9182,91820000,91820000,92,153,91830000,32180
0,9183,91830000,91830000,92,153,91840000,32182
0,9184,91840000,91840000,92,153,91850000,32187
0,9185,91850000,91850000,92,153,91860000,32188
0,9186,91860000,91860000,92,153,91870000,32194
0,9187,91870000,91870000,92,153,91880000,32197
0,9188,91880000,91880000,92,153,91890000,32201
0,9189,91890000,91890000,92,153,91900000,32204
0,919,9190000,9190000,92,153,9200000,3219
0,9190,91900000,91900000,92,153,91910000,32208
0,9191,91910000,91910000,92,153,91920000,32210
0,9192,91920000,91920000,92,153,91930000,32216
0,9193,91930000,91930000,92,153,91940000,32218
0,9194,91940000,91940000,92,153,91950000,32221
0,9195,91950000,91950000,92,153,91960000,32224
0,9196,91960000,91960000,92,153,91970000,32228
0,9197,91970000,91970000,92,153,91980000,32230
0,9198,91980000,91980000,92,153,91990000,32238
0,9199,91990000,91990000,92,153,92000000,32240
0,92,920000,920000,92,153,930000,320
0,920,9200000,9200000,92,153,9210000,3222
0,9200,92000000,92000000,92,153,92010000,32243
0,9201,92010000,92010000,92,153,92020000,32245
0,9202,92020000,92020000,92,153,92030000,32250
0,9203,92030000,92030000,92,153,92040000,32251
0,9204,92040000,92040000,92,153,92050000,32257
0,9205,92050000,92050000,92,153,92060000,32261
0,9206,92060000,92060000,92,153,92070000,32264
0,9207,92070000,92070000,92,153,92080000,32267
0,9208,92080000,92080000,92,153,92090000,32271
0,9209,92090000,92090000,92,153,92100000,32272
0,921,9210000,9210000,92,153,9220000,3224
0,9210,92100000,92100000,92,153,92110000,32279
0,9211,92110000,92110000,92,153,92120000,32281
0,9212,92120000,92120000,92,153,92130000,32285
0,9213,92130000,92130000,92,153,92140000,32287
0,9214,92140000,92140000,92,153,92150000,32292
0,9215,92150000,92150000,92,153,92160000,32293
0,9216,92160000,92160000,92,153,92170000,32300
0,9217,92170000,92170000,92,153,92180000,32303
0,9218,92180000,92180000,92,153,92190000,32306
0,9219,92190000,92190000,92,153,92200000,32309
0,922,9220000,9220000,92,153,9230000,3229
0,9220,92200000,92200000,92,153,92210000,32313
0,9221,92210000,92210000,92,153,92220000,32314
0,9222,92220000,92220000,92,153,92230000,32321
0,9223,92230000,92230000,92,153,92240000,32323
0,9224,92240000,92240000,92,153,92250000,32326
0,9225,92250000,92250000,92,153,92260000,32330
0,9226,92260000,92260000,92,153,92270000,32335
0,9227,92270000,92270000,92,153,92280000,32336
0,9228,92280000,92280000,92,153,92290000,32342
0,9229,92290000,92290000,92,153,92300000,32344
0,923,9230000,9230000,92,153,9240000,3230
0,9230,92300000,92300000,92,153,92310000,32347
0,9231,92310000,92310000,92,153,92320000,32350
0,9232,92320000,92320000,92,153,92330000,32355
0,9233,92330000,92330000,92,153,92340000,32357
0,9234,92340000,92340000,92,153,92350000,32364
0,9235,92350000,92350000,92,153,92360000,32366
0,9236,92360000,92360000,92,153,92370000,32369
0,9237,92370000,92370000,92,153,92380000,32371
0,9238,92380000,92380000,92,153,92390000,32375
0,9239,92390000,92390000,92,153,92400000,32377
0,924,9240000,9240000,92,153,9250000,3237
0,9240,92400000,92400000,92,153,92410000,32385
0,9241,92410000,92410000,92,153,92420000,32387
0,9242,92420000,92420000,92,153,92430000,32390
0,9243,92430000,92430000,92,153,92440000,32393
0,9244,92440000,92440000,92,153,92450000,32397
0,9245,92450000,92450000,92,153,92460000,32398
0,9246,92460000,92460000,92,153,92470000,32404
0,9247,92470000,92470000,92,153,92480000,32408
0,9248,92480000,92480000,92,153,92490000,32412
0,9249,92490000,92490000,92,153,92500000,32414
0,925,9250000,9250000,92,153,9260000,3239
0,9250,92500000,92500000,92,153,92510000,32418
0,9251,92510000,92510000,92,153,92520000,32419
0,9252,92520000,92520000,92,153,92530000,32426
0,9253,92530000,92530000,92,153,92540000,32428
0,9254,92540000,92540000,92,153,92550000,32432
0,9255,92550000,92550000,92,153,92560000,32435
0,9256,92560000,92560000,92,153,92570000,32440
0,9257,92570000,92570000,92,153,92580000,32441
0,9258,92580000,92580000,92,153,92590000,32447
0,9259,92590000,92590000,92,153,92600000,32449
0,926,9260000,9260000,92,153,9270000,3243
0,9260,92600000,92600000,92,153,92610000,32452
0,9261,92610000,92610000,92,153,92620000,32456
0,9262,92620000,92620000,92,153,92630000,32461
0,9263,92630000,92630000,92,153,92640000,32462
0,9264,92640000,92640000,92,153,92650000,32468
0,9265,92650000,92650000,92,153,92660000,32471
0,9266,92660000,92660000,92,153,92670000,32474
0,9267,92670000,92670000,92,153,92680000,32476
0,9268,92680000,92680000,92,153,92690000,32481
0,9269,92690000,92690000,92,153,92700000,32482
0,927,9270000,9270000,92,153,9280000,3246
0,9270,92700000,92700000,92,153,92710000,32490
0,9271,92710000,92710000,92,153,92720000,32492
0,9272,92720000,92720000,92,153,92730000,32495
0,9273,92730000,92730000,92,153,92740000,32498
0,9274,92740000,92740000,92,153,92750000,32502
0,9275,92750000,92750000,92,153,92760000,32504
0,9276,92760000,92760000,92,153,92770000,32510
0,9277,92770000,92770000,92,153,92780000,32513
0,9278,92780000,92780000,92,153,92790000,32516
0,9279,92790000,92790000,92,153,92800000,32519
0,928,9280000,9280000,92,153,9290000,3250
0,9280,92800000,92800000,92,153,92810000,32523
0,9281,92810000,92810000,92,153,92820000,32524
0,9282,92820000,92820000,92,153,92830000,32532
0,9283,92830000,92830000,92,153,92840000,32534
0,9284,92840000,92840000,92,153,92850000,32537
0,9285,92850000,92850000,92,153,92860000,32540
0,9286,92860000,92860000,92,153,92870000,32544
0,9287,92870000,92870000,92,153,92880000,32545
0,9288,92880000,92880000,92,153,92890000,32552
0,9289,92890000,92890000,92,153,92900000,32555
0,929,9290000,9290000,92,153,9300000,3251
0,9290,92900000,92900000,92,153,92910000,32559
0,9291,92910000,92910000,92,153,92920000,32561
0,9292,92920000,92920000,92,153,92930000,32566
0,9293,92930000,92930000,92,153,92940000,32567
0,9294,92940000,92940000,92,153,92950000,32573
0,9295,92950000,92950000,92,153,92960000,32575
0,9296,92960000,92960000,92,153,92970000,32579
0,9297,92970000,92970000,92,153,92980000,32582
0,9298,92980000,92980000,92,153,92990000,32586
0,9299,92990000,92990000,92,153,93000000,32588
0,93,930000,930000,92,153,940000,323
0,930,9300000,9300000,92,153,9310000,3258
0,9300,93000000,93000000,92,153,93010000,32595
0,9301,93010000,93010000,92,153,93020000,32597
0,9302,93020000,93020000,92,153,93030000,32600
0,9303,93030000,93030000,92,153,93040000,32603
0,9304,93040000,93040000,92,153,93050000,32607
0,9305,93050000,93050000,92,153,93060000,32608
0,9306,93060000,93060000,92,153,93070000,32615
0,9307,93070000,93070000,92,153,93080000,32619
0,9308,93080000,93080000,92,153,93090000,32622
0,9309,93090000,93090000,92,153,93100000,32624
0,931,9310000,9310000,92,153,9320000,3261
0,9310,93100000,93100000,92,153,93110000,32629
0,9311,93110000,93110000,92,153,93120000,32630
0,9312,93120000,93120000,92,153,93130000,32636
0,9313,93130000,93130000,92,153,93140000,32638
0,9314,93140000,93140000,92,153,93150000,32641
0,9315,93150000,93150000,92,153,93160000,32645
0,9316,93160000,93160000,92,153,93170000,32650
0,9317,93170000,93170000,92,153,93180000,32652
0,9318,93180000,93180000,92,153,93190000,32658
0,9319,93190000,93190000,92,153,93200000,32660
0,932,9320000,9320000,92,153,9330000,3264
0,9320,93200000,93200000,92,153,93210000,32663
0,9321,93210000,93210000,92,153,93220000,32665
0,9322,93220000,93220000,92,153,93230000,32670
0,9323,93230000,93230000,92,153,93240000,32671
0,9324,93240000,93240000,92,153,93250000,32680
0,9325,93250000,93250000,92,153,93260000,32682
0,9326,93260000,93260000,92,153,93270000,32685
0,9327,93270000,93270000,92,153,93280000,32687
0,9328,93280000,93280000,92,153,93290000,32691
0,9329,93290000,93290000,92,153,93300000,32692
0,933,9330000,9330000,92,153,9340000,3266
0,9330,93300000,93300000,92,153,93310000,32699
0,9331,93310000,93310000,92,153,93320000,32702
0,9332,93320000,93320000,92,153,93330000,32705
0,9333,93330000,93330000,92,153,93340000,32709
0,9334,93340000,93340000,92,153,93350000,32713
0,9335,93350000,93350000,92,153,93360000,32714
0,9336,93360000,93360000,92,153,93370000,32720
0,9337,93370000,93370000,92,153,93380000,32723
0,9338,93380000,93380000,92,153,93390000,32727
0,9339,93390000,93390000,92,153,93400000,32729
0,934,9340000,9340000,92,153,9350000,3270
0,9340,93400000,93400000,92,153,93410000,32733
0,9341,93410000,93410000,92,153,93420000,32735
0,9342,93420000,93420000,92,153,93430000,32742
0,9343,93430000,93430000,92,153,93440000,32744
0,9344,93440000,93440000,92,153,93450000,32747
0,9345,93450000,93450000,92,153,93460000,32751
0,9346,93460000,93460000,92,153,93470000,32755
0,9347,93470000,93470000,92,153,93480000,32756
0,9348,93480000,93480000,92,153,93490000,32762
0,9349,93490000,93490000,92,153,93500000,32764
0,935,9350000,9350000,92,153,9360000,3272
0,9350,93500000,93500000,92,153,93510000,32768
0,9351,93510000,93510000,92,153,93520000,32771
0,9352,93520000,93520000,92,153,93530000,32777
0,9353,93530000,93530000,92,153,93540000,32778
0,9354,93540000,93540000,92,153,93550000,32784
0,9355,93550000,93550000,92,153,93560000,32786
0,9356,93560000,93560000,92,153,93570000,32789
0,9357,93570000,93570000,92,153,93580000,32791
0,9358,93580000,93580000,92,153,93590000,32796
0,9359,93590000,93590000,92,153,93600000,32798
0,936,9360000,9360000,92,153,9370000,3279
0,9360,93600000,93600000,92,153,93610000,32806
0,9361,93610000,93610000,92,153,93620000,32808
0,9362,93620000,93620000,92,153,93630000,32811
0,9363,93630000,93630000,92,153,93640000,32813
0,9364,93640000,93640000,92,153,93650000,32817
0,9365,93650000,93650000,92,153,93660000,32818
0,9366,93660000,93660000,92,153,93670000,32825
0,9367,93670000,93670000,92,153,93680000,32829
0,9368,93680000,93680000,92,153,93690000,32832
0,9369,93690000,93690000,92,153,93700000,32835
0,937,9370000,9370000,92,153,9380000,3282
0,9370,93700000,93700000,92,153,93710000,32839
0,9371,93710000,93710000,92,153,93720000,32840
0,9372,93720000,93720000,92,153,93730000,32846
0,9373,93730000,93730000,92,153,93740000,32849
0,9374,93740000,93740000,92,153,93750000,32852
0,9375,93750000,93750000,92,153,93760000,32856
0,9376,93760000,93760000,92,153,93770000,32860
0,9377,93770000,93770000,92,153,93780000,32861
0,9378,93780000,93780000,92,153,93790000,32868
0,9379,93790000,93790000,92,153,93800000,32870
0,938,9380000,9380000,92,153,9390000,3286
0,9380,93800000,93800000,92,153,93810000,32874
0,9381,93810000,93810000,92,153,93820000,32876
0,9382,93820000,93820000,92,153,93830000,32881
0,9383,93830000,93830000,92,153,93840000,32882
0,9384,93840000,93840000,92,153,93850000,32889
0,9385,93850000,93850000,92,153,93860000,32891
0,9386,93860000,93860000,92,153,93870000,32894
0,9387,93870000,93870000,92,153,93880000,32898
0,9388,93880000,93880000,92,153,93890000,32902
0,9389,93890000,93890000,92,153,93900000,32903
0,939,9390000,9390000,92,153,9400000,3288
0,9390,93900000,93900000,92,153,93910000,32910
0,9391,93910000,93910000,92,153,93920000,32912
0,9392,93920000,93920000,92,153,93930000,32916
0,9393,93930000,93930000,92,153,93940000,32918
0,9394,93940000,93940000,92,153,93950000,32923
0,9395,93950000,93950000,92,153,93960000,32924
0,9396,93960000,93960000,92,153,93970000,32931
0,9397,93970000,93970000,92,153,93980000,32934
0,9398,93980000,93980000,92,153,93990000,32937
0,9399,93990000,93990000,92,153,94000000,32939
0,94,940000,940000,92,153,950000,327
0,940,9400000,9400000,92,153,9410000,3292
0,9400,94000000,94000000,92,153,94010000,32943
0,9401,94010000,94010000,92,153,94020000,32946
0,9402,94020000,94020000,92,153,94030000,32952
0,9403,94030000,94030000,92,153,94040000,32954
0,9404,94040000,94040000,92,153,94050000,32957
0,9405,94050000,94050000,92,153,94060000,32961
0,9406,94060000,94060000,92,153,94070000,32965
0,9407,94070000,94070000,92,153,94080000,32966
0,9408,94080000,94080000,92,153,94090000,32973
0,9409,94090000,94090000,92,153,94100000,32976
0,941,9410000,9410000,92,153,9420000,3293
0,9410,94100000,94100000,92,153,94110000,32979
0,9411,94110000,94110000,92,153,94120000,32981
0,9412,94120000,94120000,92,153,94130000,32986
0,9413,94130000,94130000,92,153,94140000,32987
0,9414,94140000,94140000,92,153,94150000,32994
0,9415,94150000,94150000,92,153,94160000,32997
0,9416,94160000,94160000,92,153,94170000,33000
0,9417,94170000,94170000,92,153,94180000,33002
0,9418,94180000,94180000,92,153,94190000,33007
0,9419,94190000,94190000,92,153,94200000,33008
0,942,9420000,9420000,92,153,9430000,3299
0,9420,94200000,94200000,92,153,94210000,33015
0,9421,94210000,94210000,92,153,94220000,33017
0,9422,94220000,94220000,92,153,94230000,33021
0,9423,94230000,94230000,92,153,94240000,33024
0,9424,94240000,94240000,92,153,94250000,33028
0,9425,94250000,94250000,92,153,94260000,33029
0,9426,94260000,94260000,92,153,94270000,33036
0,9427,94270000,94270000,92,153,94280000,33039
0,9428,94280000,94280000,92,153,94290000,33042
0,9429,94290000,94290000,92,153,94300000,33045
0,943,9430000,9430000,92,153,9440000,3302
0,9430,94300000,94300000,92,153,94310000,33049
0,9431,94310000,94310000,92,153,94320000,33050
0,9432,94320000,94320000,92,153,94330000,33057
0,9433,94330000,94330000,92,153,94340000,33059
0,9434,94340000,94340000,92,153,94350000,33062
0,9435,94350000,94350000,92,153,94360000,33066
0,9436,94360000,94360000,92,153,94370000,33071
0,9437,94370000,94370000,92,153,94380000,33072
0,9438,94380000,94380000,92,153,94390000,33078
0,9439,94390000,94390000,92,153,94400000,33080
0,944,9440000,9440000,92,153,9450000,3305
0,9440,94400000,94400000,92,153,94410000,33083
0,9441,94410000,94410000,92,153,94420000,33086
0,9442,94420000,94420000,92,153,94430000,33091
0,9443,94430000,94430000,92,153,94440000,33094
0,9444,94440000,94440000,92,153,94450000,33100
0,9445,94450000,94450000,92,153,94460000,33102
0,9446,94460000,94460000,92,153,94470000,33105
0,9447,94470000,94470000,92,153,94480000,33107
0,9448,94480000,94480000,92,153,94490000,33111
0,9449,94490000,94490000,92,153,94500000,33112
0,945,9450000,9450000,92,153,9460000,3310
0,9450,94500000,94500000,92,153,94510000,33121
0,9451,94510000,94510000,92,153,94520000,33123
0,9452,94520000,94520000,92,153,94530000,33127
0,9453,94530000,94530000,92,153,94540000,33129
0,9454,94540000,94540000,92,153,94550000,33133
0,9455,94550000,94550000,92,153,94560000,33134
0,9456,94560000,94560000,92,153,94570000,33140
0,9457,94570000,94570000,92,153,94580000,33144
0,9458,94580000,94580000,92,153,94590000,33147
0,9459,94590000,94590000,92,153,94600000,33150
0,946,9460000,9460000,92,153,9470000,3314
0,9460,94600000,94600000,92,153,94610000,33155
0,9461,94610000,94610000,92,153,94620000,33156
0,9462,94620000,94620000,92,153,94630000,33162
0,9463,94630000,94630000,92,153,94640000,33164
0,9464,94640000,94640000,92,153,94650000,33168
0,9465,94650000,94650000,92,153,94660000,33171
0,9466,94660000,94660000,92,153,94670000,33175
0,9467,94670000,94670000,92,153,94680000,33176
0,9468,94680000,94680000,92,153,94690000,33183
0,9469,94690000,94690000,92,153,94700000,33186
0,947,9470000,9470000,92,153,9480000,3315
0,9470,94700000,94700000,92,153,94710000,33189
0,9471,94710000,94710000,92,153,94720000,33192
0,9472,94720000,94720000,92,153,94730000,33197
0,9473,94730000,94730000,92,153,94740000,33198
0,9474,94740000,94740000,92,153,94750000,33204
0,9475,94750000,94750000,92,153,94760000,33206
0,9476,94760000,94760000,92,153,94770000,33209
0,9477,94770000,94770000,92,153,94780000,33213
0,9478,94780000,94780000,92,153,94790000,33218
0,9479,94790000,94790000,92,153,94800000,33219
0,948,9480000,9480000,92,153,9490000,3321
0,9480,94800000,94800000,92,153,94810000,33226
0,9481,94810000,94810000,92,153,94820000,33228
0,9482,94820000,94820000,92,153,94830000,33231
0,9483,94830000,94830000,92,153,94840000,33233
0,9484,94840000,94840000,92,153,94850000,33237
0,9485,94850000,94850000,92,153,94860000,33239
0,9486,94860000,94860000,92,153,94870000,33247
0,9487,94870000,94870000,92,153,94880000,33250
0,9488,94880000,94880000,92,153,94890000,33253
0,9489,94890000,94890000,92,153,94900000,33255
0,949,9490000,9490000,92,153,9500000,3323
0,9490,94900000,94900000,92,153,94910000,33259
0,9491,94910000,94910000,92,153,94920000,33260
0,9492,94920000,94920000,92,153,94930000,33267
0,9493,94930000,94930000,92,153,94940000,33269
0,9494,94940000,94940000,92,153,94950000,33273
0,9495,94950000,94950000,92,153,94960000,33277
0,9496,94960000,94960000,92,153,94970000,33281
0,9497,94970000,94970000,92,153,94980000,33282
0,9498,94980000,94980000,92,153,94990000,33288
0,9499,94990000,94990000,92,153,95000000,33291
0,95,950000,950000,92,153,960000,328
0,950,9500000,9500000,92,153,9510000,3326
0,9500,95000000,95000000,92,153,95010000,33294
0,9501,95010000,95010000,92,153,95020000,33296
0,9502,95020000,95020000,92,153,95030000,33301
0,9503,95030000,95030000,92,153,95040000,33303
0,9504,95040000,95040000,92,153,95050000,33310
0,9505,95050000,95050000,92,153,95060000,33312
0,9506,95060000,95060000,92,153,95070000,33316
0,9507,95070000,95070000,92,153,95080000,33318
0,9508,95080000,95080000,92,153,95090000,33322
0,9509,95090000,95090000,92,153,95100000,33323
0,951,9510000,9510000,92,153,9520000,3328
0,9510,95100000,95100000,92,153,95110000,33330
0,9511,95110000,95110000,92,153,95120000,33333
0,9512,95120000,95120000,92,153,95130000,33336
0,9513,95130000,95130000,92,153,95140000,33340
0,9514,95140000,95140000,92,153,95150000,33344
0,9515,95150000,95150000,92,153,95160000,33345
0,9516,95160000,95160000,92,153,95170000,33351
0,9517,95170000,95170000,92,153,95180000,33354
0,9518,95180000,95180000,92,153,95190000,33357
0,9519,95190000,95190000,92,153,95200000,33359
0,952,9520000,9520000,92,153,9530000,3335
0,9520,95200000,95200000,92,153,95210000,33365
0,9521,95210000,95210000,92,153,95220000,33366
0,9522,95220000,95220000,92,153,95230000,33373
0,9523,95230000,95230000,92,153,95240000,33375
0,9524,95240000,95240000,92,153,95250000,33378
0,9525,95250000,95250000,92,153,95260000,33381
0,9526,95260000,95260000,92,153,95270000,33385
0,9527,95270000,95270000,92,153,95280000,33387
0,9528,95280000,95280000,92,153,95290000,33394
0,9529,95290000,95290000,92,153,95300000,33396
0,953,9530000,9530000,92,153,9540000,3336
0,9530,95300000,95300000,92,153,95310000,33399
0,9531,95310000,95310000,92,153,95320000,33402
0,9532,95320000,95320000,92,153,95330000,33407
0,9533,95330000,95330000,92,153,95340000,33408
0,9534,95340000,95340000,92,153,95350000,33415
0,9535,95350000,95350000,92,153,95360000,33417
0,9536,95360000,95360000,92,153,95370000,33420
0,9537,95370000,95370000,92,153,95380000,33423
0,9538,95380000,95380000,92,153,95390000,33427
0,9539,95390000,95390000,92,153,95400000,33428
0,954,9540000,9540000,92,153,9550000,3343
0,9540,95400000,95400000,92,153,95410000,33436
0,9541,95410000,95410000,92,153,95420000,33439
0,9542,95420000,95420000,92,153,95430000,33442
0,9543,95430000,95430000,92,153,95440000,33444
0,9544,95440000,95440000,92,153,95450000,33448
0,9545,95450000,95450000,92,153,95460000,33450
0,9546,95460000,95460000,92,153,95470000,33456
0,9547,95470000,95470000,92,153,95480000,33459
0,9548,95480000,95480000,92,153,95490000,33463
0,9549,95490000,95490000,92,153,95500000,33466
0,955,9550000,9550000,92,153,9560000,3345
0,9550,95500000,95500000,92,153,95510000,33470
0,9551,95510000,95510000,92,153,95520000,33471
0,9552,95520000,95520000,92,153,95530000,33477
0,9553,95530000,95530000,92,153,95540000,33479
0,9554,95540000,95540000,92,153,95550000,33483
0,9555,95550000,95550000,92,153,95560000,33487
0,9556,95560000,95560000,92,153,95570000,33491
0,9557,95570000,95570000,92,153,95580000,33492
0,9558,95580000,95580000,92,153,95590000,33499
0,9559,95590000,95590000,92,153,95600000,33501
0,956,9560000,9560000,92,153,9570000,3348
0,9560,95600000,95600000,92,153,95610000,33504
0,9561,95610000,95610000,92,153,95620000,33506
0,9562,95620000,95620000,92,153,95630000,33513
0,9563,95630000,95630000,92,153,95640000,33514
0,9564,95640000,95640000,92,153,95650000,33520
0,9565,95650000,95650000,92,153,95660000,33522
0,9566,95660000,95660000,92,153,95670000,33525
0,9567,95670000,95670000,92,153,95680000,33528
0,9568,95680000,95680000,92,153,95690000,33532
0,9569,95690000,95690000,92,153,95700000,33534
0,957,9570000,9570000,92,153,9580000,3350
0,9570,95700000,95700000,92,153,95710000,33541
0,9571,95710000,95710000,92,153,95720000,33544
0,9572,95720000,95720000,92,153,95730000,33547
0,9573,95730000,95730000,92,153,95740000,33549
0,9574,95740000,95740000,92,153,95750000,33553
0,9575,95750000,95750000,92,153,95760000,33554
0,9576,95760000,95760000,92,153,95770000,33562
0,9577,95770000,95770000,92,153,95780000,33565
0,9578,95780000,95780000,92,153,95790000,33568
0,9579,95790000,95790000,92,153,95800000,33571
0,958,9580000,9580000,92,153,9590000,3354
0,9580,95800000,95800000,92,153,95810000,33575
0,9581,95810000,95810000,92,153,95820000,33576
0,9582,95820000,95820000,92,153,95830000,33582
0,9583,95830000,95830000,92,153,95840000,33585
0,9584,95840000,95840000,92,153,95850000,33588
0,9585,95850000,95850000,92,153,95860000,33592
0,9586,95860000,95860000,92,153,95870000,33596
0,9587,95870000,95870000,92,153,95880000,33597
0,9588,95880000,95880000,92,153,95890000,33604
0,9589,95890000,95890000,92,153,95900000,33606
0,959,9590000,9590000,92,153,9600000,3356
0,9590,95900000,95900000,92,153,95910000,33610
0,9591,95910000,95910000,92,153,95920000,33612
0,9592,95920000,95920000,92,153,95930000,33617
0,9593,95930000,95930000,92,153,95940000,33618
0,9594,95940000,95940000,92,153,95950000,33625
0,9595,95950000,95950000,92,153,95960000,33627
0,9596,95960000,95960000,92,153,95970000,33631
0,9597,95970000,95970000,92,153,95980000,33634
0,9598,95980000,95980000,92,153,95990000,33638
0,9599,95990000,95990000,92,153,96000000,33639
0,96,960000,960000,92,153,970000,334
0,960,9600000,9600000,92,153,9610000,3364
0,9600,96000000,96000000,92,153,96010000,33646
0,9601,96010000,96010000,92,153,96020000,33648
0,9602,96020000,96020000,92,153,96030000,33651
0,9603,96030000,96030000,92,153,96040000,33654
0,9604,96040000,96040000,92,153,96050000,33659
0,9605,96050000,96050000,92,153,96060000,33661
0,9606,96060000,96060000,92,153,96070000,33667
0,9607,96070000,96070000,92,153,96080000,33670
0,9608,96080000,96080000,92,153,96090000,33673
0,9609,96090000,96090000,92,153,96100000,33675
0,961,9610000,9610000,92,153,9620000,3366
0,9610,96100000,96100000,92,153,96110000,33679
0,9611,96110000,96110000,92,153,96120000,33681
0,9612,96120000,96120000,92,153,96130000,33688
0,9613,96130000,96130000,92,153,96140000,33691
0,9614,96140000,96140000,92,153,96150000,33694
0,9615,96150000,96150000,92,153,96160000,33697
0,9616,96160000,96160000,92,153,96170000,33701
0,9617,96170000,96170000,92,153,96180000,33702
0,9618,96180000,96180000,92,153,96190000,33709
0,9619,96190000,96190000,92,153,96200000,33711
0,962,9620000,9620000,92,153,9630000,3369
0,9620,96200000,96200000,92,153,96210000,33714
0,9621,96210000,96210000,92,153,96220000,33717
0,9622,96220000,96220000,92,153,96230000,33723
0,9623,96230000,96230000,92,153,96240000,33724
0,9624,96240000,96240000,92,153,96250000,33730
0,9625,96250000,96250000,92,153,96260000,33733
0,9626,96260000,96260000,92,153,96270000,33736
0,9627,96270000,96270000,92,153,96280000,33738
0,9628,96280000,96280000,92,153,96290000,33742
0,9629,96290000,96290000,92,153,96300000,33743
0,963,9630000,9630000,92,153,9640000,3372
0,9630,96300000,96300000,92,153,96310000,33752
0,9631,96310000,96310000,92,153,96320000,33754
0,9632,96320000,96320000,92,153,96330000,33758
0,9633,96330000,96330000,92,153,96340000,33760
0,9634,96340000,96340000,92,153,96350000,33764
0,9635,96350000,96350000,92,153,96360000,33765
0,9636,96360000,96360000,92,153,96370000,33771
0,9637,96370000,96370000,92,153,96380000,33774
0,9638,96380000,96380000,92,153,96390000,33777
0,9639,96390000,96390000,92,153,96400000,33782
0,964,9640000,9640000,92,153,9650000,3376
0,9640,96400000,96400000,92,153,96410000,33786
0,9641,96410000,96410000,92,153,96420000,33787
0,9642,96420000,96420000,92,153,96430000,33793
0,9643,96430000,96430000,92,153,96440000,33795
0,9644,96440000,96440000,92,153,96450000,33798
0,9645,96450000,96450000,92,153,96460000,33801
0,9646,96460000,96460000,92,153,96470000,33806
0,9647,96470000,96470000,92,153,96480000,33808
0,9648,96480000,96480000,92,153,96490000,33815
0,9649,96490000,96490000,92,153,96500000,33817
0,965,9650000,9650000,92,153,9660000,3377
0,9650,96500000,96500000,92,153,96510000,33820
0,9651,96510000,96510000,92,153,96520000,33822
0,9652,96520000,96520000,92,153,96530000,33827
0,9653,96530000,96530000,92,153,96540000,33829
0,9654,96540000,96540000,92,153,96550000,33835
0,9655,96550000,96550000,92,153,96560000,33837
0,9656,96560000,96560000,92,153,96570000,33841
0,9657,96570000,96570000,92,153,96580000,33844
0,9658,96580000,96580000,92,153,96590000,33848
0,9659,96590000,96590000,92,153,96600000,33849
0,966,9660000,9660000,92,153,9670000,3384
0,9660,96600000,96600000,92,153,96610000,33857
0,9661,96610000,96610000,92,153,96620000,33859
0,9662,96620000,96620000,92,153,96630000,33862
0,9663,96630000,96630000,92,153,96640000,33864
0,9664,96640000,96640000,92,153,96650000,33869
0,9665,96650000,96650000,92,153,96660000,33870
0,9666,96660000,96660000,92,153,96670000,33877
0,9667,96670000,96670000,92,153,96680000,33881
0,9668,96680000,96680000,92,153,96690000,33884
0,9669,96690000,96690000,92,153,96700000,33886
0,967,9670000,9670000,92,153,9680000,3387
0,9670,96700000,96700000,92,153,96710000,33890
0,9671,96710000,96710000,92,153,96720000,33891
0,9672,96720000,96720000,92,153,96730000,33897
0,9673,96730000,96730000,92,153,96740000,33900
0,9674,96740000,96740000,92,153,96750000,33904
0,9675,96750000,96750000,92,153,96760000,33908
0,9676,96760000,96760000,92,153,96770000,33912
0,9677,96770000,96770000,92,153,96780000,33913
0,9678,96780000,96780000,92,153,96790000,33919
0,9679,96790000,96790000,92,153,96800000,33921
0,968,9680000,9680000,92,153,9690000,3390
0,9680,96800000,96800000,92,153,96810000,33924
0,9681,96810000,96810000,92,153,96820000,33928
0,9682,96820000,96820000,92,153,96830000,33933
0,9683,96830000,96830000,92,153,96840000,33934
0,9684,96840000,96840000,92,153,96850000,33941
0,9685,96850000,96850000,92,153,96860000,33943
0,9686,96860000,96860000,92,153,96870000,33946
0,9687,96870000,96870000,92,153,96880000,33948
0,9688,96880000,96880000,92,153,96890000,33953
0,9689,96890000,96890000,92,153,96900000,33954
0,969,9690000,9690000,92,153,9700000,3393
0,9690,96900000,96900000,92,153,96910000,33962
0,9691,96910000,96910000,92,153,96920000,33964
0,9692,96920000,96920000,92,153,96930000,33967
0,9693,96930000,96930000,92,153,96940000,33970
0,9694,96940000,96940000,92,153,96950000,33974
0,9695,96950000,96950000,92,153,96960000,33976
0,9696,96960000,96960000,92,153,96970000,33982
0,9697,96970000,96970000,92,153,96980000,33985
0,9698,96980000,96980000,92,153,96990000,33989
0,9699,96990000,96990000,92,153,97000000,33991
0,97,970000,970000,92,153,980000,337
0,970,9700000,9700000,92,153,9710000,3397
0,9700,97000000,97000000,92,153,97010000,33995
0,9701,97010000,97010000,92,153,97020000,33996
0,9702,97020000,97020000,92,153,97030000,34004
0,9703,97030000,97030000,92,153,97040000,34006
0,9704,97040000,97040000,92,153,97050000,34009
0,9705,97050000,97050000,92,153,97060000,34012
0,9706,97060000,97060000,92,153,97070000,34016
0,9707,97070000,97070000,92,153,97080000,34018
0,9708,97080000,97080000,92,153,97090000,34024
0,9709,97090000,97090000,92,153,97100000,34027
0,971,9710000,9710000,92,153,9720000,3398
0,9710,97100000,97100000,92,153,97110000,34030
0,9711,97110000,97110000,92,153,97120000,34033
0,9712,97120000,97120000,92,153,97130000,34038
0,9713,97130000,97130000,92,153,97140000,34039
0,9714,97140000,97140000,92,153,97150000,34045
0,9715,97150000,97150000,92,153,97160000,34048
0,9716,97160000,97160000,92,153,97170000,34052
0,9717,97170000,97170000,92,153,97180000,34054
0,9718,97180000,97180000,92,153,97190000,34058
0,9719,97190000,97190000,92,153,97200000,34059
0,972,9720000,9720000,92,153,9730000,3405
0,9720,97200000,97200000,92,153,97210000,34067
0,9721,97210000,97210000,92,153,97220000,34069
0,9722,97220000,97220000,92,153,97230000,34072
0,9723,97230000,97230000,92,153,97240000,34075
0,9724,97240000,97240000,92,153,97250000,34080
0,9725,97250000,97250000,92,153,97260000,34081
0,9726,97260000,97260000,92,153,97270000,34087
0,9727,97270000,97270000,92,153,97280000,34090
0,9728,97280000,97280000,92,153,97290000,34093
0,9729,97290000,97290000,92,153,97300000,34096
0,973,9730000,9730000,92,153,9740000,3408
0,9730,97300000,97300000,92,153,97310000,34101
0,9731,97310000,97310000,92,153,97320000,34102
0,9732,97320000,97320000,92,153,97330000,34109
0,9733,97330000,97330000,92,153,97340000,34111
0,9734,97340000,97340000,92,153,97350000,34114
0,9735,97350000,97350000,92,153,97360000,34117
0,9736,97360000,97360000,92,153,97370000,34121
0,9737,97370000,97370000,92,153,97380000,34123
0,9738,97380000,97380000,92,153,97390000,34130
0,9739,97390000,97390000,92,153,97400000,34132
0,974,9740000,9740000,92,153,9750000,3411
0,9740,97400000,97400000,92,153,97410000,34135
0,9741,97410000,97410000,92,153,97420000,34138
0,9742,97420000,97420000,92,153,97430000,34143
0,9743,97430000,97430000,92,153,97440000,34144
0,9744,97440000,97440000,92,153,97450000,34151
0,9745,97450000,97450000,92,153,97460000,34153
0,9746,97460000,97460000,92,153,97470000,34156
0,9747,97470000,97470000,92,153,97480000,34159
0,9748,97480000,97480000,92,153,97490000,34163
0,9749,97490000,97490000,92,153,97500000,34165
0,975,9750000,9750000,92,153,9760000,3414
0,9750,97500000,97500000,92,153,97510000,34172
0,9751,97510000,97510000,92,153,97520000,34175
0,9752,97520000,97520000,92,153,97530000,34178
0,9753,97530000,97530000,92,153,97540000,34180
0,9754,97540000,97540000,92,153,97550000,34184
0,9755,97550000,97550000,92,153,97560000,34185
0,9756,97560000,97560000,92,153,97570000,34192
0,9757,97570000,97570000,92,153,97580000,34195
0,9758,97580000,97580000,92,153,97590000,34200
0,9759,97590000,97590000,92,153,97600000,34202
0,976,9760000,9760000,92,153,9770000,3418
0,9760,97600000,97600000,92,153,97610000,34206
0,9761,97610000,97610000,92,153,97620000,34207
0,9762,97620000,97620000,92,153,97630000,34213
0,9763,97630000,97630000,92,153,97640000,34215
0,9764,97640000,97640000,92,153,97650000,34218
0,9765,97650000,97650000,92,153,97660000,34223
0,9766,97660000,97660000,92,153,97670000,34228
0,9767,97670000,97670000,92,153,97680000,34229
0,9768,97680000,97680000,92,153,97690000,34235
0,9769,97690000,97690000,92,153,97700000,34237
0,977,9770000,9770000,92,153,9780000,3420
0,9770,97700000,97700000,92,153,97710000,34240
0,9771,97710000,97710000,92,153,97720000,34242
0,9772,97720000,97720000,92,153,97730000,34248
0,9773,97730000,97730000,92,153,97740000,34249
0,9774,97740000,97740000,92,153,97750000,34256
0,9775,97750000,97750000,92,153,97760000,34259
0,9776,97760000,97760000,92,153,97770000,34262
0,9777,97770000,97770000,92,153,97780000,34264
0,9778,97780000,97780000,92,153,97790000,34268
0,9779,97790000,97790000,92,153,97800000,34270
0,978,9780000,9780000,92,153,9790000,3426
0,9780,97800000,97800000,92,153,97810000,34277
0,9781,97810000,97810000,92,153,97820000,34279
0,9782,97820000,97820000,92,153,97830000,34282
0,9783,97830000,97830000,92,153,97840000,34286
0,9784,97840000,97840000,92,153,97850000,34290
0,9785,97850000,97850000,92,153,97860000,34291
0,9786,97860000,97860000,92,153,97870000,34298
0,9787,97870000,97870000,92,153,97880000,34301
0,9788,97880000,97880000,92,153,97890000,34304
0,9789,97890000,97890000,92,153,97900000,34306
0,979,9790000,9790000,92,153,9800000,3428
0,9790,97900000,97900000,92,153,97910000,34310
0,9791,97910000,97910000,92,153,97920000,34311
0,9792,97920000,97920000,92,153,97930000,34319
0,9793,97930000,97930000,92,153,97940000,34322
0,9794,97940000,97940000,92,153,97950000,34325
0,9795,97950000,97950000,92,153,97960000,34328
0,9796,97960000,97960000,92,153,97970000,34332
0,9797,97970000,97970000,92,153,97980000,34333
0,9798,97980000,97980000,92,153,97990000,34339
0,9799,97990000,97990000,92,153,98000000,34341
0,98,980000,980000,92,153,990000,341
0,980,9800000,9800000,92,153,9810000,3432
0,9800,98000000,98000000,92,153,98010000,34346
0,9801,98010000,98010000,92,153,98020000,34349
0,9802,98020000,98020000,92,153,98030000,34354
0,9803,98030000,98030000,92,153,98040000,34355
0,9804,98040000,98040000,92,153,98050000,34361
0,9805,98050000,98050000,92,153,98060000,34363
0,9806,98060000,98060000,92,153,98070000,34366
0,9807,98070000,98070000,92,153,98080000,34369
0,9808,98080000,98080000,92,153,98090000,34373
0,9809,98090000,98090000,92,153,98100000,34375
0,981,9810000,9810000,92,153,9820000,3435
0,9810,98100000,98100000,92,153,98110000,34383
0,9811,98110000,98110000,92,153,98120000,34385
0,9812,98120000,98120000,92,153,98130000,34388
0,9813,98130000,98130000,92,153,98140000,34390
0,9814,98140000,98140000,92,153,98150000,34395
0,9815,98150000,98150000,92,153,98160000,34396
0,9816,98160000,98160000,92,153,98170000,34402
0,9817,98170000,98170000,92,153,98180000,34406
0,9818,98180000,98180000,92,153,98190000,34409
0,9819,98190000,98190000,92,153,98200000,34412
0,982,9820000,9820000,92,153,9830000,3440
0,9820,98200000,98200000,92,153,98210000,34416
0,9821,98210000,98210000,92,153,98220000,34418
0,9822,98220000,98220000,92,153,98230000,34424
0,9823,98230000,98230000,92,153,98240000,34426
0,9824,98240000,98240000,92,153,98250000,34429
0,9825,98250000,98250000,92,153,98260000,34432
0,9826,98260000,98260000,92,153,98270000,34437
0,9827,98270000,98270000,92,153,98280000,34438
0,9828,98280000,98280000,92,153,98290000,34446
0,9829,98290000,98290000,92,153,98300000,34448
0,983,9830000,9830000,92,153,9840000,3441
0,9830,98300000,98300000,92,153,98310000,34451
0,9831,98310000,98310000,92,153,98320000,34453
0,9832,98320000,98320000,92,153,98330000,34458
0,9833,98330000,98330000,92,153,98340000,34459
0,9834,98340000,98340000,92,153,98350000,34466
0,9835,98350000,98350000,92,153,98360000,34469
0,9836,98360000,98360000,92,153,98370000,34472
0,9837,98370000,98370000,92,153,98380000,34475
0,9838,98380000,98380000,92,153,98390000,34479
0,9839,98390000,98390000,92,153,98400000,34480
0,984,9840000,9840000,92,153,9850000,3447
0,9840,98400000,98400000,92,153,98410000,34487
0,9841,98410000,98410000,92,153,98420000,34489
0,9842,98420000,98420000,92,153,98430000,34493
0,9843,98430000,98430000,92,153,98440000,34496
0,9844,98440000,98440000,92,153,98450000,34500
0,9845,98450000,98450000,92,153,98460000,34501
0,9846,98460000,98460000,92,153,98470000,34508
0,9847,98470000,98470000,92,153,98480000,34511
0,9848,98480000,98480000,92,153,98490000,34514
0,9849,98490000,98490000,92,153,98500000,34517
0,985,9850000,9850000,92,153,9860000,3449
0,9850,98500000,98500000,92,153,98510000,34521
0,9851,98510000,98510000,92,153,98520000,34523
0,9852,98520000,98520000,92,153,98530000,34529
0,9853,98530000,98530000,92,153,98540000,34531
0,9854,98540000,98540000,92,153,98550000,34534
0,9855,98550000,98550000,92,153,98560000,34538
0,9856,98560000,98560000,92,153,98570000,34543
0,9857,98570000,98570000,92,153,98580000,34544
0,9858,98580000,98580000,92,153,98590000,34550
0,9859,98590000,98590000,92,153,98600000,34552
0,986,9860000,9860000,92,153,9870000,3453
0,9860,98600000,98600000,92,153,98610000,34556
0,9861,98610000,98610000,92,153,98620000,34558
0,9862,98620000,98620000,92,153,98630000,34563
0,9863,98630000,98630000,92,153,98640000,34565
0,9864,98640000,98640000,92,153,98650000,34572
0,9865,98650000,98650000,92,153,98660000,34574
0,9866,98660000,98660000,92,153,98670000,34577
0,9867,98670000,98670000,92,153,98680000,34579
0,9868,98680000,98680000,92,153,98690000,34584
0,9869,98690000,98690000,92,153,98700000,34585
0,987,9870000,9870000,92,153,9880000,3456
0,9870,98700000,98700000,92,153,98710000,34593
0,9871,98710000,98710000,92,153,98720000,34595
0,9872,98720000,98720000,92,153,98730000,34598
0,9873,98730000,98730000,92,153,98740000,34601
0,9874,98740000,98740000,92,153,98750000,34605
0,9875,98750000,98750000,92,153,98760000,34606
0,9876,98760000,98760000,92,153,98770000,34612
0,9877,98770000,98770000,92,153,98780000,34617
0,9878,98780000,98780000,92,153,98790000,34620
0,9879,98790000,98790000,92,153,98800000,34622
0,988,9880000,9880000,92,153,9890000,3460
0,9880,98800000,98800000,92,153,98810000,34626
0,9881,98810000,98810000,92,153,98820000,34627
0,9882,98820000,98820000,92,153,98830000,34634
0,9883,98830000,98830000,92,153,98840000,34636
0,9884,98840000,98840000,92,153,98850000,34640
0,9885,98850000,98850000,92,153,98860000,34644
0,9886,98860000,98860000,92,153,98870000,34648
0,9887,98870000,98870000,92,153,98880000,34649
0,9888,98880000,98880000,92,153,98890000,34655
0,9889,98890000,98890000,92,153,98900000,34657
0,989,9890000,9890000,92,153,9900000,3461
0,9890,98900000,98900000,92,153,98910000,34660
0,9891,98910000,98910000,92,153,98920000,34664
0,9892,98920000,98920000,92,153,98930000,34669
0,9893,98930000,98930000,92,153,98940000,34670
0,9894,98940000,98940000,92,153,98950000,34677
0,9895,98950000,98950000,92,153,98960000,34679
0,9896,98960000,98960000,92,153,98970000,34682
0,9897,98970000,98970000,92,153,98980000,34684
0,9898,98980000,98980000,92,153,98990000,34689
0,9899,98990000,98990000,92,153,99000000,34690
0,99,990000,990000,92,153,1000000,344
0,990,9900000,9900000,92,153,9910000,3469
0,9900,99000000,99000000,92,153,99010000,34698
0,9901,99010000,99010000,92,153,99020000,34700
0,9902,99020000,99020000,92,153,99030000,34704
0,9903,99030000,99030000,92,153,99040000,34706
0,9904,99040000,99040000,92,153,99050000,34710
0,9905,99050000,99050000,92,153,99060000,34712
0,9906,99060000,99060000,92,153,99070000,34718
0,9907,99070000,99070000,92,153,99080000,34721
0,9908,99080000,99080000,92,153,99090000,34724
0,9909,99090000,99090000,92,153,99100000,34727
0,991,9910000,9910000,92,153,9920000,3471
0,9910,99100000,99100000,92,153,99110000,34731
0,9911,99110000,99110000,92,153,99120000,34733
0,9912,99120000,99120000,92,153,99130000,34740
0,9913,99130000,99130000,92,153,99140000,34742
0,9914,99140000,99140000,92,153,99150000,34745
0,9915,99150000,99150000,92,153,99160000,34748
0,9916,99160000,99160000,92,153,99170000,34752
0,9917,99170000,99170000,92,153,99180000,34753
0,9918,99180000,99180000,92,153,99190000,34760
0,9919,99190000,99190000,92,153,99200000,34764
0,992,9920000,9920000,92,153,9930000,3474
0,9920,99200000,99200000,92,153,99210000,34767
0,9921,99210000,99210000,92,153,99220000,34769
0,9922,99220000,99220000,92,153,99230000,34774
0,9923,99230000,99230000,92,153,99240000,34775
0,9924,99240000,99240000,92,153,99250000,34781
0,9925,99250000,99250000,92,153,99260000,34783
0,9926,99260000,99260000,92,153,99270000,34787
0,9927,99270000,99270000,92,153,99280000,34790
0,9928,99280000,99280000,92,153,99290000,34795
0,9929,99290000,99290000,92,153,99300000,34796
0,993,9930000,9930000,92,153,9940000,3476
0,9930,99300000,99300000,92,153,99310000,34803
0,9931,99310000,99310000,92,153,99320000,34805
0,9932,99320000,99320000,92,153,99330000,34808
0,9933,99330000,99330000,92,153,99340000,34811
0,9934,99340000,99340000,92,153,99350000,34815
0,9935,99350000,99350000,92,153,99360000,34816
0,9936,99360000,99360000,92,153,99370000,34824
0,9937,99370000,99370000,92,153,99380000,34827
0,9938,99380000,99380000,92,153,99390000,34830
0,9939,99390000,99390000,92,153,99400000,34832
0,994,9940000,9940000,92,153,9950000,3482
0,9940,99400000,99400000,92,153,99410000,34837
0,9941,99410000,99410000,92,153,99420000,34838
0,9942,99420000,99420000,92,153,99430000,34844
0,9943,99430000,99430000,92,153,99440000,34846
0,9944,99440000,99440000,92,153,99450000,34849
0,9945,99450000,99450000,92,153,99460000,34854
0,9946,99460000,99460000,92,153,99470000,34858
0,9947,99470000,99470000,92,153,99480000,34860
0,9948,99480000,99480000,92,153,99490000,34866
0,9949,99490000,99490000,92,153,99500000,34868
0,995,9950000,9950000,92,153,9960000,3483
0,9950,99500000,99500000,92,153,99510000,34871
0,9951,99510000,99510000,92,153,99520000,34873
0,9952,99520000,99520000,92,153,99530000,34878
0,9953,99530000,99530000,92,153,99540000,34880
0,9954,99540000,99540000,92,153,99550000,34888
0,9955,99550000,99550000,92,153,99560000,34890
0,9956,99560000,99560000,92,153,99570000,34893
0,9957,99570000,99570000,92,153,99580000,34895
0,9958,99580000,99580000,92,153,99590000,34899
0,9959,99590000,99590000,92,153,99600000,34900
0,996,9960000,9960000,92,153,9970000,3489
0,9960,99600000,99600000,92,153,99610000,34907
0,9961,99610000,99610000,92,153,99620000,34910
0,9962,99620000,99620000,92,153,99630000,34914
0,9963,99630000,99630000,92,153,99640000,34917
0,9964,99640000,99640000,92,153,99650000,34921
0,9965,99650000,99650000,92,153,99660000,34922
0,9966,99660000,99660000,92,153,99670000,34928
0,9967,99670000,99670000,92,153,99680000,34931
0,9968,99680000,99680000,92,153,99690000,34935
0,9969,99690000,99690000,92,153,99700000,34937
0,997,9970000,9970000,92,153,9980000,3492
0,9970,99700000,99700000,92,153,99710000,34942
0,9971,99710000,99710000,92,153,99720000,34943
0,9972,99720000,99720000,92,153,99730000,34950
0,9973,99730000,99730000,92,153,99740000,34952
0,9974,99740000,99740000,92,153,99750000,34955
0,9975,99750000,99750000,92,153,99760000,34959
0,9976,99760000,99760000,92,153,99770000,34963
0,9977,99770000,99770000,92,153,99780000,34964
0,9978,99780000,99780000,92,153,99790000,34970
0,9979,99790000,99790000,92,153,99800000,34973
0,998,9980000,9980000,92,153,9990000,3495
0,9980,99800000,99800000,92,153,99810000,34976
0,9981,99810000,99810000,92,153,99820000,34979
0,9982,99820000,99820000,92,153,99830000,34985
0,9983,99830000,99830000,92,153,99840000,34986
0,9984,99840000,99840000,92,153,99850000,34992
0,9985,99850000,99850000,92,153,99860000,34994
0,9986,99860000,99860000,92,153,99870000,34997
0,9987,99870000,99870000,92,153,99880000,35000
0,9988,99880000,99880000,92,153,99890000,35004
0,9989,99890000,99890000,92,153,99900000,35006
0,999,9990000,9990000,92,153,10000000,3498
0,9990,99900000,99900000,92,153,99910000,35014
0,9991,99910000,99910000,92,153,99920000,35016
0,9992,99920000,99920000,92,153,99930000,35019
0,9993,99930000,99930000,92,153,99940000,35021
0,9994,99940000,99940000,92,153,99950000,35025
0,9995,99950000,99950000,92,153,99960000,35026
0,9996,99960000,99960000,92,153,99970000,35034
0,9997,99970000,99970000,92,153,99980000,35037
0,9998,99980000,99980000,92,153,99990000,35040
0,9999,99990000,99990000,92,153,100000000,35043
1,0,0,0,167,277,15000,1
1,1,15000,15000,167,277,30000,6
1,10,150000,150000,167,277,165000,52
1,100,1500000,1500000,167,277,1515000,525
1,1000,15000000,15000000,167,277,15015000,5257
1,1001,15015000,15015000,167,277,15030000,5262
1,1002,15030000,15030000,167,277,15045000,5267
1,1003,15045000,15045000,167,277,15060000,5272
1,1004,15060000,15060000,167,277,15075000,5278
1,1005,15075000,15075000,167,277,15090000,5284
1,1006,15090000,15090000,167,277,15105000,5288
1,1007,15105000,15105000,167,277,15120000,5291
1,1008,15120000,15120000,167,277,15135000,5300
1,1009,15135000,15135000,167,277,15150000,5305
1,101,1515000,1515000,167,277,1530000,530
1,1010,15150000,15150000,167,277,15165000,5310
1,1011,15165000,15165000,167,277,15180000,5313
1,1012,15180000,15180000,167,277,15195000,5320
1,1013,15195000,15195000,167,277,15210000,5325
1,1014,15210000,15210000,167,277,15225000,5331
1,1015,15225000,15225000,167,277,15240000,5335
1,1016,15240000,15240000,167,277,15255000,5341
1,1017,15255000,15255000,167,277,15270000,5347
1,1018,15270000,15270000,167,277,15285000,5351
1,1019,15285000,15285000,167,277,15300000,5354
1,102,1530000,1530000,167,277,1545000,537
1,1020,15300000,15300000,167,277,15315000,5363
1,1021,15315000,15315000,167,277,15330000,5368
1,1022,15330000,15330000,167,277,15345000,5373
1,1023,15345000,15345000,167,277,15360000,5376
1,1024,15360000,15360000,167,277,15375000,5382
1,1025,15375000,15375000,167,277,15390000,5389
1,1026,15390000,15390000,167,277,15405000,5395
1,1027,15405000,15405000,167,277,15420000,5398
1,1028,15420000,15420000,167,277,15435000,5404
1,1029,15435000,15435000,167,277,15450000,5409
1,103,1545000,1545000,167,277,1560000,540
1,1030,15450000,15450000,167,277,15465000,5414
1,1031,15465000,15465000,167,277,15480000,5419
1,1032,15480000,15480000,167,277,15495000,5426
1,1033,15495000,15495000,167,277,15510000,5431
1,1034,15510000,15510000,167,277,15525000,5435
1,1035,15525000,15525000,167,277,15540000,5439
1,1036,15540000,15540000,167,277,15555000,5446
1,1037,15555000,15555000,167,277,15570000,5452
1,1038,15570000,15570000,167,277,15585000,5457
1,1039,15585000,15585000,167,277,15600000,5460
1,104,1560000,1560000,167,277,1575000,546
1,1040,15600000,15600000,167,277,15615000,5468
1,1041,15615000,15615000,167,277,15630000,5473
1,1042,15630000,15630000,167,277,15645000,5478
1,1043,15645000,15645000,167,277,15660000,5481
1,1044,15660000,15660000,167,277,15675000,5488
1,1045,15675000,15675000,167,277,15690000,5495
1,1046,15690000,15690000,167,277,15705000,5499
1,1047,15705000,15705000,167,277,15720000,5502
1,1048,15720000,15720000,167,277,15735000,5509
1,1049,15735000,15735000,167,277,15750000,5514
1,105,1575000,1575000,167,277,1590000,552
1,1050,15750000,15750000,167,277,15765000,5521
1,1051,15765000,15765000,167,277,15780000,5524
1,1052,15780000,15780000,167,277,15795000,5530
1,1053,15795000,15795000,167,277,15810000,5535
1,1054,15810000,15810000,167,277,15825000,5541
1,1055,15825000,15825000,167,277,15840000,5545
1,1056,15840000,15840000,167,277,15855000,5552
1,1057,15855000,15855000,167,277,15870000,5557
1,1058,15870000,15870000,167,277,15885000,5561
1,1059,15885000,15885000,167,277,15900000,5566
1,106,1590000,1590000,167,277,1605000,556
1,1060,15900000,15900000,167,277,15915000,5573
1,1061,15915000,15915000,167,277,15930000,5578
1,1062,15930000,15930000,167,277,15945000,5583
1,1063,15945000,15945000,167,277,15960000,5586
1,1064,15960000,15960000,167,277,15975000,5593
1,1065,15975000,15975000,167,277,15990000,5600
1,1066,15990000,15990000,167,277,16005000,5604
1,1067,16005000,16005000,167,277,16020000,5607
1,1068,16020000,16020000,167,277,16035000,5615
1,1069,16035000,16035000,167,277,16050000,5620
1,107,1605000,1605000,167,277,1620000,561
1,1070,16050000,16050000,167,277,16065000,5625
1,1071,16065000,16065000,167,277,16080000,5629
1,1072,16080000,16080000,167,277,16095000,5635
1,1073,16095000,16095000,167,277,16110000,5641
1,1074,16110000,16110000,167,277,16125000,5646
1,1075,16125000,16125000,167,277,16140000,5650
1,1076,16140000,16140000,167,277,16155000,5657
1,1077,16155000,16155000,167,277,16170000,5662
1,1078,16170000,16170000,167,277,16185000,5667
1,1079,16185000,16185000,167,277,16200000,5670
1,108,1620000,1620000,167,277,1635000,568
1,1080,16200000,16200000,167,277,16215000,5678
1,1081,16215000,16215000,167,277,16230000,5683
1,1082,16230000,16230000,167,277,16245000,5689
1,1083,16245000,16245000,167,277,16260000,5692
1,1084,16260000,16260000,167,277,16275000,5698
1,1085,16275000,16275000,167,277,16290000,5704
1,1086,16290000,16290000,167,277,16305000,5709
1,1087,16305000,16305000,167,277,16320000,5713
1,1088,16320000,16320000,167,277,16335000,5720
1,1089,16335000,16335000,167,277,16350000,5725
1,109,1635000,1635000,167,277,1650000,573
1,1090,16350000,16350000,167,277,16365000,5730
1,1091,16365000,16365000,167,277,16380000,5733
1,1092,16380000,16380000,167,277,16395000,5741
1,1093,16395000,16395000,167,277,16410000,5747
1,1094,16410000,16410000,167,277,16425000,5751
1,1095,16425000,16425000,167,277,16440000,5755
1,1096,16440000,16440000,167,277,16455000,5762
1,1097,16455000,16455000,167,277,16470000,5767
1,1098,16470000,16470000,167,277,16485000,5772
1,1099,16485000,16485000,167,277,16500000,5776
1,11,165000,165000,167,277,180000,56
1,110,1650000,1650000,167,277,1665000,578
1,1100,16500000,16500000,167,277,16515000,5783
1,1101,16515000,16515000,167,277,16530000,5789
1,1102,16530000,16530000,167,277,16545000,5793
1,1103,16545000,16545000,167,277,16560000,5796
1,1104,16560000,16560000,167,277,16575000,5803
1,1105,16575000,16575000,167,277,16590000,5810
1,1106,16590000,16590000,167,277,16605000,5815
1,1107,16605000,16605000,167,277,16620000,5818
1,1108,16620000,16620000,167,277,16635000,5824
1,1109,16635000,16635000,167,277,16650000,5829
1,111,1665000,1665000,167,277,1680000,581
1,1110,16650000,16650000,167,277,16665000,5837
1,1111,16665000,16665000,167,277,16680000,5840
1,1112,16680000,16680000,167,277,16695000,5846
1,1113,16695000,16695000,167,277,16710000,5851
1,1114,16710000,16710000,167,277,16725000,5855
1,1115,16725000,16725000,167,277,16740000,5860
1,1116,16740000,16740000,167,277,16755000,5868
1,1117,16755000,16755000,167,277,16770000,5873
1,1118,16770000,16770000,167,277,16785000,5877
1,1119,16785000,16785000,167,277,16800000,5880
1,112,1680000,1680000,167,277,1695000,588
1,1120,16800000,16800000,167,277,16815000,5888
1,1121,16815000,16815000,167,277,16830000,5893
1,1122,16830000,16830000,167,277,16845000,5899
1,1123,16845000,16845000,167,277,16860000,5902
1,1124,16860000,16860000,167,277,16875000,5909
1,1125,16875000,16875000,167,277,16890000,5915
1,1126,16890000,16890000,167,277,16905000,5919
1,1127,16905000,16905000,167,277,16920000,5923
1,1128,16920000,16920000,167,277,16935000,5930
1,1129,16935000,16935000,167,277,16950000,5936
1,113,1695000,1695000,167,277,1710000,594
1,1130,16950000,16950000,167,277,16965000,5941
1,1131,16965000,16965000,167,277,16980000,5944
1,1132,16980000,16980000,167,277,16995000,5950
1,1133,16995000,16995000,167,277,17010000,5956
1,1134,17010000,17010000,167,277,17025000,5962
1,1135,17025000,17025000,167,277,17040000,5966
1,1136,17040000,17040000,167,277,17055000,5972
1,1137,17055000,17055000,167,277,17070000,5977
1,1138,17070000,17070000,167,277,17085000,5982
1,1139,17085000,17085000,167,277,17100000,5986
1,114,1710000,1710000,167,277,1725000,599
1,1140,17100000,17100000,167,277,17115000,5994
1,1141,17115000,17115000,167,277,17130000,5999
1,1142,17130000,17130000,167,277,17145000,6003
1,1143,17145000,17145000,167,277,17160000,6007
1,1144,17160000,17160000,167,277,17175000,6014
1,1145,17175000,17175000,167,277,17190000,6020
1,1146,17190000,17190000,167,277,17205000,6025
1,1147,17205000,17205000,167,277,17220000,6028
1,1148,17220000,17220000,167,277,17235000,6035
1,1149,17235000,17235000,167,277,17250000,6040
1,115,1725000,1725000,167,277,1740000,603
1,1150,17250000,17250000,167,277,17265000,6046
1,1151,17265000,17265000,167,277,17280000,6049
1,1152,17280000,17280000,167,277,17295000,6057
1,1153,17295000,17295000,167,277,17310000,6062
1,1154,17310000,17310000,167,277,17325000,6066
1,1155,17325000,17325000,167,277,17340000,6070
1,1156,17340000,17340000,167,277,17355000,6077
1,1157,17355000,17355000,167,277,17370000,6083
1,1158,17370000,17370000,167,277,17385000,6088
1,1159,17385000,17385000,167,277,17400000,6091
1,116,1740000,1740000,167,277,1755000,610
1,1160,17400000,17400000,167,277,17415000,6098
1,1161,17415000,17415000,167,277,17430000,6104
1,1162,17430000,17430000,167,277,17445000,6109
1,1163,17445000,17445000,167,277,17460000,6112
1,1164,17460000,17460000,167,277,17475000,6119
1,1165,17475000,17475000,167,277,17490000,6125
1,1166,17490000,17490000,167,277,17505000,6130
1,1167,17505000,17505000,167,277,17520000,6134
1,1168,17520000,17520000,167,277,17535000,6140
1,1169,17535000,17535000,167,277,17550000,6145
1,117,1755000,1755000,167,277,1770000,615
1,1170,17550000,17550000,167,277,17565000,6151
1,1171,17565000,17565000,167,277,17580000,6155
1,1172,17580000,17580000,167,277,17595000,6161
1,1173,17595000,17595000,167,277,17610000,6167
1,1174,17610000,17610000,167,277,17625000,6171
1,1175,17625000,17625000,167,277,17640000,6175
1,1176,17640000,17640000,167,277,17655000,6183
1,1177,17655000,17655000,167,277,17670000,6188
1,1178,17670000,17670000,167,277,17685000,6193
1,1179,17685000,17685000,167,277,17700000,6196
1,118,1770000,1770000,167,277,1785000,619
1,1180,17700000,17700000,167,277,17715000,6204
1,1181,17715000,17715000,167,277,17730000,6209
1,1182,17730000,17730000,167,277,17745000,6214
1,1183,17745000,17745000,167,277,17760000,6217
1,1184,17760000,17760000,167,277,17775000,6224
1,1185,17775000,17775000,167,277,17790000,6231
1,1186,17790000,17790000,167,277,17805000,6235
1,1187,17805000,17805000,167,277,17820000,6238
1,1188,17820000,17820000,167,277,17835000,6245
1,1189,17835000,17835000,167,277,17850000,6250
1,119,1785000,1785000,167,277,1800000,623
1,1190,17850000,17850000,167,277,17865000,6257
1,1191,17865000,17865000,167,277,17880000,6260
1,1192,17880000,17880000,167,277,17895000,6266
1,1193,17895000,17895000,167,277,17910000,6271
1,1194,17910000,17910000,167,277,17925000,6277
1,1195,17925000,17925000,167,277,17940000,6282
1,1196,17940000,17940000,167,277,17955000,6288
1,1197,17955000,17955000,167,277,17970000,6293
1,1198,17970000,17970000,167,277,17985000,6297
1,1199,17985000,17985000,167,277,18000000,6301
1,12,180000,180000,167,277,195000,63
1,120,1800000,1800000,167,277,1815000,631
1,1200,18000000,18000000,167,277,18015000,6309
1,1201,18015000,18015000,167,277,18030000,6315
1,1202,18030000,18030000,167,277,18045000,6319
1,1203,18045000,18045000,167,277,18060000,6322
1,1204,18060000,18060000,167,277,18075000,6329
1,1205,18075000,18075000,167,277,18090000,6335
1,1206,18090000,18090000,167,277,18105000,6340
1,1207,18105000,18105000,167,277,18120000,6344
1,1208,18120000,18120000,167,277,18135000,6351
1,1209,18135000,18135000,167,277,18150000,6356
1,121,1815000,1815000,167,277,1830000,637
1,1210,18150000,18150000,167,277,18165000,6361
1,1211,18165000,18165000,167,277,18180000,6364
1,1212,18180000,18180000,167,277,18195000,6372
1,1213,18195000,18195000,167,277,18210000,6378
1,1214,18210000,18210000,167,277,18225000,6382
1,1215,18225000,18225000,167,277,18240000,6386
1,1216,18240000,18240000,167,277,18255000,6392
1,1217,18255000,18255000,167,277,18270000,6397
1,1218,18270000,18270000,167,277,18285000,6404
1,1219,18285000,18285000,167,277,18300000,6407
1,122,1830000,1830000,167,277,1845000,641
1,1220,18300000,18300000,167,277,18315000,6414
1,1221,18315000,18315000,167,277,18330000,6419
1,1222,18330000,18330000,167,277,18345000,6424
1,1223,18345000,18345000,167,277,18360000,6427
1,1224,18360000,18360000,167,277,18375000,6435
1,1225,18375000,18375000,167,277,18390000,6441
1,1226,18390000,18390000,167,277,18405000,6445
1,1227,18405000,18405000,167,277,18420000,6449
1,1228,18420000,18420000,167,277,18435000,6455
1,1229,18435000,18435000,167,277,18450000,6461
1,123,1845000,1845000,167,277,1860000,644
1,1230,18450000,18450000,167,277,18465000,6467
1,1231,18465000,18465000,167,277,18480000,6470
1,1232,18480000,18480000,167,277,18495000,6477
1,1233,18495000,18495000,167,277,18510000,6482
1,1234,18510000,18510000,167,277,18525000,6486
1,1235,18525000,18525000,167,277,18540000,6491
1,1236,18540000,18540000,167,277,18555000,6499
1,1237,18555000,18555000,167,277,18570000,6504
1,1238,18570000,18570000,167,277,18585000,6508
1,1239,18585000,18585000,167,277,18600000,6511
1,124,1860000,1860000,167,277,1875000,651
1,1240,18600000,18600000,167,277,18615000,6518
1,1241,18615000,18615000,167,277,18630000,6525
1,1242,18630000,18630000,167,277,18645000,6530
1,1243,18645000,18645000,167,277,18660000,6533
1,1244,18660000,18660000,167,277,18675000,6539
1,1245,18675000,18675000,167,277,18690000,6545
1,1246,18690000,18690000,167,277,18705000,6551
1,1247,18705000,18705000,167,277,18720000,6554
1,1248,18720000,18720000,167,277,18735000,6561
1,1249,18735000,18735000,167,277,18750000,6566
1,125,1875000,1875000,167,277,1890000,657
1,1250,18750000,18750000,167,277,18765000,6572
1,1251,18765000,18765000,167,277,18780000,6575
1,1252,18780000,18780000,167,277,18795000,6582
1,1253,18795000,18795000,167,277,18810000,6587
1,1254,18810000,18810000,167,277,18825000,6592
1,1255,18825000,18825000,167,277,18840000,6597
1,1256,18840000,18840000,167,277,18855000,6603
1,1257,18855000,18855000,167,277,18870000,6608
1,1258,18870000,18870000,167,277,18885000,6613
1,1259,18885000,18885000,167,277,18900000,6616
1,126,1890000,1890000,167,277,1905000,663
1,1260,18900000,18900000,167,277,18915000,6625
1,1261,18915000,18915000,167,277,18930000,6630
1,1262,18930000,18930000,167,277,18945000,6634
1,1263,18945000,18945000,167,277,18960000,6638
1,1264,18960000,18960000,167,277,18975000,6645
1,1265,18975000,18975000,167,277,18990000,6651
1,1266,18990000,18990000,167,277,19005000,6656
1,1267,19005000,19005000,167,277,19020000,6659
1,1268,19020000,19020000,167,277,19035000,6665
1,1269,19035000,19035000,167,277,19050000,6672
1,127,1905000,1905000,167,277,1920000,666
1,1270,19050000,19050000,167,277,19065000,6677
1,1271,19065000,19065000,167,277,19080000,6680
1,1272,19080000,19080000,167,277,19095000,6687
1,1273,19095000,19095000,167,277,19110000,6692
1,1274,19110000,19110000,167,277,19125000,6697
1,1275,19125000,19125000,167,277,19140000,6702
1,1276,19140000,19140000,167,277,19155000,6708
1,1277,19155000,19155000,167,277,19170000,6713
1,1278,19170000,19170000,167,277,19185000,6719
1,1279,19185000,19185000,167,277,19200000,6722
1,128,1920000,1920000,167,277,1935000,672
1,1280,19200000,19200000,167,277,19215000,6730
1,1281,19215000,19215000,167,277,19230000,6735
1,1282,19230000,19230000,167,277,19245000,6739
1,1283,19245000,19245000,167,277,19260000,6743
1,1284,19260000,19260000,167,277,19275000,6750
1,1285,19275000,19275000,167,277,19290000,6756
1,1286,19290000,19290000,167,277,19305000,6761
1,1287,19305000,19305000,167,277,19320000,6764
1,1288,19320000,19320000,167,277,19335000,6771
1,1289,19335000,19335000,167,277,19350000,6776
1,129,1935000,1935000,167,277,1950000,677
1,1290,19350000,19350000,167,277,19365000,6782
1,1291,19365000,19365000,167,277,19380000,6785
1,1292,19380000,19380000,167,277,19395000,6793
1,1293,19395000,19395000,167,277,19410000,6798
1,1294,19410000,19410000,167,277,19425000,6802
1,1295,19425000,19425000,167,277,19440000,6806
1,1296,19440000,19440000,167,277,19455000,6813
1,1297,19455000,19455000,167,277,19470000,6820
1,1298,19470000,19470000,167,277,19485000,6824
1,1299,19485000,19485000,167,277,19500000,6827
1,13,195000,195000,167,277,210000,68
1,130,1950000,1950000,167,277,1965000,684
1,1300,19500000,19500000,167,277,19515000,6834
1,1301,19515000,19515000,167,277,19530000,6839
1,1302,19530000,19530000,167,277,19545000,6845
1,1303,19545000,19545000,167,277,19560000,6849
1,1304,19560000,19560000,167,277,19575000,6855
1,1305,19575000,19575000,167,277,19590000,6861
1,1306,19590000,19590000,167,277,19605000,6866
1,1307,19605000,19605000,167,277,19620000,6869
1,1308,19620000,19620000,167,277,19635000,6876
1,1309,19635000,19635000,167,277,19650000,6882
1,131,1965000,1965000,167,277,1980000,687
1,1310,19650000,19650000,167,277,19665000,6887
1,1311,19665000,19665000,167,277,19680000,6891
1,1312,19680000,19680000,167,277,19695000,6897
1,1313,19695000,19695000,167,277,19710000,6902
1,1314,19710000,19710000,167,277,19725000,6908
1,1315,19725000,19725000,167,277,19740000,6912
1,1316,19740000,19740000,167,277,19755000,6919
1,1317,19755000,19755000,167,277,19770000,6924
1,1318,19770000,19770000,167,277,19785000,6928
1,1319,19785000,19785000,167,277,19800000,6931
1,132,1980000,1980000,167,277,1995000,694
1,1320,19800000,19800000,167,277,19815000,6941
1,1321,19815000,19815000,167,277,19830000,6946
1,1322,19830000,19830000,167,277,19845000,6950
1,1323,19845000,19845000,167,277,19860000,6953
1,1324,19860000,19860000,167,277,19875000,6959
1,1325,19875000,19875000,167,277,19890000,6966
1,1326,19890000,19890000,167,277,19905000,6972
1,1327,19905000,19905000,167,277,19920000,6975
1,1328,19920000,19920000,167,277,19935000,6981
1,1329,19935000,19935000,167,277,19950000,6986
1,133,1995000,1995000,167,277,2010000,699
1,1330,19950000,19950000,167,277,19965000,6992
1,1331,19965000,19965000,167,277,19980000,6996
1,1332,19980000,19980000,167,277,19995000,7003
1,1333,19995000,19995000,167,277,20010000,7008
1,1334,20010000,20010000,167,277,20025000,7013
1,1335,20025000,20025000,167,277,20040000,7017
1,1336,20040000,20040000,167,277,20055000,7023
1,1337,20055000,20055000,167,277,20070000,7029
1,1338,20070000,20070000,167,277,20085000,7034
1,1339,20085000,20085000,167,277,20100000,7038
1,134,2010000,2010000,167,277,2025000,703
1,1340,20100000,20100000,167,277,20115000,7045
1,1341,20115000,20115000,167,277,20130000,7050
1,1342,20130000,20130000,167,277,20145000,7054
1,1343,20145000,20145000,167,277,20160000,7058
1,1344,20160000,20160000,167,277,20175000,7066
1,1345,20175000,20175000,167,277,20190000,7072
1,1346,20190000,20190000,167,277,20205000,7076
1,1347,20205000,20205000,167,277,20220000,7079
1,1348,20220000,20220000,167,277,20235000,7087
1,1349,20235000,20235000,167,277,20250000,7092
1,135,2025000,2025000,167,277,2040000,708
1,1350,20250000,20250000,167,277,20265000,7098
1,1351,20265000,20265000,167,277,20280000,7101
1,1352,20280000,20280000,167,277,20295000,7107
1,1353,20295000,20295000,167,277,20310000,7113
1,1354,20310000,20310000,167,277,20325000,7118
1,1355,20325000,20325000,167,277,20340000,7122
1,1356,20340000,20340000,167,277,20355000,7129
1,1357,20355000,20355000,167,277,20370000,7134
1,1358,20370000,20370000,167,277,20385000,7139
1,1359,20385000,20385000,167,277,20400000,7142
1,136,2040000,2040000,167,277,2055000,715
1,1360,20400000,20400000,167,277,20415000,7150
1,1361,20415000,20415000,167,277,20430000,7155
1,1362,20430000,20430000,167,277,20445000,7161
1,1363,20445000,20445000,167,277,20460000,7164
1,1364,20460000,20460000,167,277,20475000,7170
1,1365,20475000,20475000,167,277,20490000,7177
1,1366,20490000,20490000,167,277,20505000,7181
1,1367,20505000,20505000,167,277,20520000,7185
1,1368,20520000,20520000,167,277,20535000,7192
1,1369,20535000,20535000,167,277,20550000,7197
1,137,2055000,2055000,167,277,2070000,720
1,1370,20550000,20550000,167,277,20565000,7202
1,1371,20565000,20565000,167,277,20580000,7206
1,1372,20580000,20580000,167,277,20595000,7213
1,1373,20595000,20595000,167,277,20610000,7218
1,1374,20610000,20610000,167,277,20625000,7223
1,1375,20625000,20625000,167,277,20640000,7227
1,1376,20640000,20640000,167,277,20655000,7234
1,1377,20655000,20655000,167,277,20670000,7240
1,1378,20670000,20670000,167,277,20685000,7244
1,1379,20685000,20685000,167,277,20700000,7247
1,138,2070000,2070000,167,277,2085000,725
1,1380,20700000,20700000,167,277,20715000,7255
1,1381,20715000,20715000,167,277,20730000,7261
1,1382,20730000,20730000,167,277,20745000,7266
1,1383,20745000,20745000,167,277,20760000,7269
1,1384,20760000,20760000,167,277,20775000,7275
1,1385,20775000,20775000,167,277,20790000,7281
1,1386,20790000,20790000,167,277,20805000,7287
1,1387,20805000,20805000,167,277,20820000,7290
1,1388,20820000,20820000,167,277,20835000,7297
1,1389,20835000,20835000,167,277,20850000,7302
1,139,2085000,2085000,167,277,2100000,728
1,1390,20850000,20850000,167,277,20865000,7308
1,1391,20865000,20865000,167,277,20880000,7311
1,1392,20880000,20880000,167,277,20895000,7318
1,1393,20895000,20895000,167,277,20910000,7323
1,1394,20910000,20910000,167,277,20925000,7328
1,1395,20925000,20925000,167,277,20940000,7333
1,1396,20940000,20940000,167,277,20955000,7339
1,1397,20955000,20955000,167,277,20970000,7344
1,1398,20970000,20970000,167,277,20985000,7349
1,1399,20985000,20985000,167,277,21000000,7353
1,14,210000,210000,167,277,225000,73
1,140,2100000,2100000,167,277,2115000,736
1,1400,21000000,21000000,167,277,21015000,7361
1,1401,21015000,21015000,167,277,21030000,7366
1,1402,21030000,21030000,167,277,21045000,7370
1,1403,21045000,21045000,167,277,21060000,7373
1,1404,21060000,21060000,167,277,21075000,7381
1,1405,21075000,21075000,167,277,21090000,7388
1,1406,21090000,21090000,167,277,21105000,7392
1,1407,21105000,21105000,167,277,21120000,7395
1,1408,21120000,21120000,167,277,21135000,7401
1,1409,21135000,21135000,167,277,21150000,7407
1,141,2115000,2115000,167,277,2130000,742
1,1410,21150000,21150000,167,277,21165000,7413
1,1411,21165000,21165000,167,277,21180000,7417
1,1412,21180000,21180000,167,277,21195000,7423
1,1413,21195000,21195000,167,277,21210000,7428
1,1414,21210000,21210000,167,277,21225000,7433
1,1415,21225000,21225000,167,277,21240000,7437
1,1416,21240000,21240000,167,277,21255000,7445
1,1417,21255000,21255000,167,277,21270000,7450
1,1418,21270000,21270000,167,277,21285000,7455
1,1419,21285000,21285000,167,277,21300000,7458
1,142,2130000,2130000,167,277,2145000,746
1,1420,21300000,21300000,167,277,21315000,7465
1,1421,21315000,21315000,167,277,21330000,7470
1,1422,21330000,21330000,167,277,21345000,7476
1,1423,21345000,21345000,167,277,21360000,7480
1,1424,21360000,21360000,167,277,21375000,7486
1,1425,21375000,21375000,167,277,21390000,7492
1,1426,21390000,21390000,167,277,21405000,7496
1,1427,21405000,21405000,167,277,21420000,7499
1,1428,21420000,21420000,167,277,21435000,7508
1,1429,21435000,21435000,167,277,21450000,7513
1,143,2145000,2145000,167,277,2160000,749
1,1430,21450000,21450000,167,277,21465000,7518
1,1431,21465000,21465000,167,277,21480000,7521
1,1432,21480000,21480000,167,277,21495000,7528
1,1433,21495000,21495000,167,277,21510000,7534
1,1434,21510000,21510000,167,277,21525000,7539
1,1435,21525000,21525000,167,277,21540000,7543
1,1436,21540000,21540000,167,277,21555000,7549
1,1437,21555000,21555000,167,277,21570000,7555
1,1438,21570000,21570000,167,277,21585000,7559
1,1439,21585000,21585000,167,277,21600000,7563
1,144,2160000,2160000,167,277,2175000,757
1,1440,21600000,21600000,167,277,21615000,7571
1,1441,21615000,21615000,167,277,21630000,7576
1,1442,21630000,21630000,167,277,21645000,7581
1,1443,21645000,21645000,167,277,21660000,7584
1,1444,21660000,21660000,167,277,21675000,7590
1,1445,21675000,21675000,167,277,21690000,7597
1,1446,21690000,21690000,167,277,21705000,7603
1,1447,21705000,21705000,167,277,21720000,7606
1,1448,21720000,21720000,167,277,21735000,7612
1,1449,21735000,21735000,167,277,21750000,7617
1,145,2175000,2175000,167,277,2190000,763
1,1450,21750000,21750000,167,277,21765000,7623
1,1451,21765000,21765000,167,277,21780000,7627
1,1452,21780000,21780000,167,277,21795000,7634
1,1453,21795000,21795000,167,277,21810000,7639
1,1454,21810000,21810000,167,277,21825000,7643
1,1455,21825000,21825000,167,277,21840000,7647
1,1456,21840000,21840000,167,277,21855000,7655
1,1457,21855000,21855000,167,277,21870000,7660
1,1458,21870000,21870000,167,277,21885000,7665
1,1459,21885000,21885000,167,277,21900000,7668
1,146,2190000,2190000,167,277,2205000,767
1,1460,21900000,21900000,167,277,21915000,7676
1,1461,21915000,21915000,167,277,21930000,7681
1,1462,21930000,21930000,167,277,21945000,7686
1,1463,21945000,21945000,167,277,21960000,7689
1,1464,21960000,21960000,167,277,21975000,7696
1,1465,21975000,21975000,167,277,21990000,7703
1,1466,21990000,21990000,167,277,22005000,7707
1,1467,22005000,22005000,167,277,22020000,7711
1,1468,22020000,22020000,167,277,22035000,7717
1,1469,22035000,22035000,167,277,22050000,7722
1,147,2205000,2205000,167,277,2220000,771
1,1470,22050000,22050000,167,277,22065000,7729
1,1471,22065000,22065000,167,277,22080000,7732
1,1472,22080000,22080000,167,277,22095000,7738
1,1473,22095000,22095000,167,277,22110000,7744
1,1474,22110000,22110000,167,277,22125000,7749
1,1475,22125000,22125000,167,277,22140000,7753
1,1476,22140000,22140000,167,277,22155000,7760
1,1477,22155000,22155000,167,277,22170000,7765
1,1478,22170000,22170000,167,277,22185000,7769
1,1479,22185000,22185000,167,277,22200000,7774
1,148,2220000,2220000,167,277,2235000,777
1,1480,22200000,22200000,167,277,22215000,7781
1,1481,22215000,22215000,167,277,22230000,7786
1,1482,22230000,22230000,167,277,22245000,7791
1,1483,22245000,22245000,167,277,22260000,7794
1,1484,22260000,22260000,167,277,22275000,7802
1,1485,22275000,22275000,167,277,22290000,7808
1,1486,22290000,22290000,167,277,22305000,7812
1,1487,22305000,22305000,167,277,22320000,7815
1,1488,22320000,22320000,167,277,22335000,7823
1,1489,22335000,22335000,167,277,22350000,7828
1,149,2235000,2235000,167,277,2250000,783
1,1490,22350000,22350000,167,277,22365000,7834
1,1491,22365000,22365000,167,277,22380000,7837
1,1492,22380000,22380000,167,277,22395000,7843
1,1493,22395000,22395000,167,277,22410000,7849
1,1494,22410000,22410000,167,277,22425000,7854
1,1495,22425000,22425000,167,277,22440000,7858
1,1496,22440000,22440000,167,277,22455000,7865
1,1497,22455000,22455000,167,277,22470000,7870
1,1498,22470000,22470000,167,277,22485000,7875
1,1499,22485000,22485000,167,277,22500000,7878
1,15,225000,225000,167,277,240000,77
1,150,2250000,2250000,167,277,2265000,789
1,1500,22500000,22500000,167,277,22515000,7886
1,1501,22515000,22515000,167,277,22530000,7892
1,1502,22530000,22530000,167,277,22545000,7897
1,1503,22545000,22545000,167,277,22560000,7900
1,1504,22560000,22560000,167,277,22575000,7906
1,1505,22575000,22575000,167,277,22590000,7912
1,1506,22590000,22590000,167,277,22605000,7917
1,1507,22605000,22605000,167,277,22620000,7922
1,1508,22620000,22620000,167,277,22635000,7928
1,1509,22635000,22635000,167,277,22650000,7933
1,151,2265000,2265000,167,277,2280000,792
1,1510,22650000,22650000,167,277,22665000,7938
1,1511,22665000,22665000,167,277,22680000,7941
1,1512,22680000,22680000,167,277,22695000,7949
1,1513,22695000,22695000,167,277,22710000,7955
1,1514,22710000,22710000,167,277,22725000,7959
1,1515,22725000,22725000,167,277,22740000,7963
1,1516,22740000,22740000,167,277,22755000,7970
1,1517,22755000,22755000,167,277,22770000,7975
1,1518,22770000,22770000,167,277,22785000,7981
1,1519,22785000,22785000,167,277,22800000,7984
1,152,2280000,2280000,167,277,2295000,798
1,1520,22800000,22800000,167,277,22815000,7991
1,1521,22815000,22815000,167,277,22830000,7997
1,1522,22830000,22830000,167,277,22845000,8001
1,1523,22845000,22845000,167,277,22860000,8004
1,1524,22860000,22860000,167,277,22875000,8012
1,1525,22875000,22875000,167,277,22890000,8018
1,1526,22890000,22890000,167,277,22905000,8023
1,1527,22905000,22905000,167,277,22920000,8026
1,1528,22920000,22920000,167,277,22935000,8032
1,1529,22935000,22935000,167,277,22950000,8037
1,153,2295000,2295000,167,277,2310000,804
1,1530,22950000,22950000,167,277,22965000,8045
1,1531,22965000,22965000,167,277,22980000,8048
1,1532,22980000,22980000,167,277,22995000,8054
1,1533,22995000,22995000,167,277,23010000,8059
1,1534,23010000,23010000,167,277,23025000,8063
1,1535,23025000,23025000,167,277,23040000,8069
1,1536,23040000,23040000,167,277,23055000,8076
1,1537,23055000,23055000,167,277,23070000,8081
1,1538,23070000,23070000,167,277,23085000,8085
1,1539,23085000,23085000,167,277,23100000,8088
1,154,2310000,2310000,167,277,2325000,809
1,1540,23100000,23100000,167,277,23115000,8096
1,1541,23115000,23115000,167,277,23130000,8102
1,1542,23130000,23130000,167,277,23145000,8107
1,1543,23145000,23145000,167,277,23160000,8110
1,1544,23160000,23160000,167,277,23175000,8117
1,1545,23175000,23175000,167,277,23190000,8123
1,1546,23190000,23190000,167,277,23205000,8127
1,1547,23205000,23205000,167,277,23220000,8131
1,1548,23220000,23220000,167,277,23235000,8138
1,1549,23235000,23235000,167,277,23250000,8144
1,155,2325000,2325000,167,277,2340000,813
1,1550,23250000,23250000,167,277,23265000,8149
1,1551,23265000,23265000,167,277,23280000,8152
1,1552,23280000,23280000,167,277,23295000,8159
1,1553,23295000,23295000,167,277,23310000,8164
1,1554,23310000,23310000,167,277,23325000,8170
1,1555,23325000,23325000,167,277,23340000,8174
1,1556,23340000,23340000,167,277,23355000,8180
1,1557,23355000,23355000,167,277,23370000,8185
1,1558,23370000,23370000,167,277,23385000,8191
1,1559,23385000,23385000,167,277,23400000,8194
1,156,2340000,2340000,167,277,2355000,820
1,1560,23400000,23400000,167,277,23415000,8202
1,1561,23415000,23415000,167,277,23430000,8207
1,1562,23430000,23430000,167,277,23445000,8211
1,1563,23445000,23445000,167,277,23460000,8215
1,1564,23460000,23460000,167,277,23475000,8222
1,1565,23475000,23475000,167,277,23490000,8228
1,1566,23490000,23490000,167,277,23505000,8233
1,1567,23505000,23505000,167,277,23520000,8236
1,1568,23520000,23520000,167,277,23535000,8243
1,1569,23535000,23535000,167,277,23550000,8249
1,157,2355000,2355000,167,277,2370000,825
1,1570,23550000,23550000,167,277,23565000,8254
1,1571,23565000,23565000,167,277,23580000,8257
1,1572,23580000,23580000,167,277,23595000,8265
1,1573,23595000,23595000,167,277,23610000,8270
1,1574,23610000,23610000,167,277,23625000,8274
1,1575,23625000,23625000,167,277,23640000,8279
1,1576,23640000,23640000,167,277,23655000,8285
1,1577,23655000,23655000,167,277,23670000,8291
1,1578,23670000,23670000,167,277,23685000,8296
1,1579,23685000,23685000,167,277,23700000,8299
1,158,2370000,2370000,167,277,2385000,831
1,1580,23700000,23700000,167,277,23715000,8306
1,1581,23715000,23715000,167,277,23730000,8312
1,1582,23730000,23730000,167,277,23745000,8317
1,1583,23745000,23745000,167,277,23760000,8320
1,1584,23760000,23760000,167,277,23775000,8327
1,1585,23775000,23775000,167,277,23790000,8333
1,1586,23790000,23790000,167,277,23805000,8339
1,1587,23805000,23805000,167,277,23820000,8342
1,1588,23820000,23820000,167,277,23835000,8348
1,1589,23835000,23835000,167,277,23850000,8353
1,159,2385000,2385000,167,277,2400000,834
1,1590,23850000,23850000,167,277,23865000,8359
1,1591,23865000,23865000,167,277,23880000,8363
1,1592,23880000,23880000,167,277,23895000,8370
1,1593,23895000,23895000,167,277,23910000,8375
1,1594,23910000,23910000,167,277,23925000,8379
1,1595,23925000,23925000,167,277,23940000,8383
1,1596,23940000,23940000,167,277,23955000,8391
1,1597,23955000,23955000,167,277,23970000,8396
1,1598,23970000,23970000,167,277,23985000,8401
1,1599,23985000,23985000,167,277,24000000,8404
1,16,240000,240000,167,277,255000,83
1,160,2400000,2400000,167,277,2415000,841
1,1600,24000000,24000000,167,277,24015000,8412
1,1601,24015000,24015000,167,277,24030000,8417
1,1602,24030000,24030000,167,277,24045000,8422
1,1603,24045000,24045000,167,277,24060000,8426
1,1604,24060000,24060000,167,277,24075000,8432
1,1605,24075000,24075000,167,277,24090000,8439
1,1606,24090000,24090000,167,277,24105000,8443
1,1607,24105000,24105000,167,277,24120000,8446
1,1608,24120000,24120000,167,277,24135000,8453
1,1609,24135000,24135000,167,277,24150000,8459
1,161,2415000,2415000,167,277,2430000,846
1,1610,24150000,24150000,167,277,24165000,8465
1,1611,24165000,24165000,167,277,24180000,8468
1,1612,24180000,24180000,167,277,24195000,8474
1,1613,24195000,24195000,167,277,24210000,8479
1,1614,24210000,24210000,167,277,24225000,8485
1,1615,24225000,24225000,167,277,24240000,8490
1,1616,24240000,24240000,167,277,24255000,8496
1,1617,24255000,24255000,167,277,24270000,8501
1,1618,24270000,24270000,167,277,24285000,8505
1,1619,24285000,24285000,167,277,24300000,8509
1,162,2430000,2430000,167,277,2445000,851
1,1620,24300000,24300000,167,277,24315000,8518
1,1621,24315000,24315000,167,277,24330000,8523
1,1622,24330000,24330000,167,277,24345000,8527
1,1623,24345000,24345000,167,277,24360000,8530
1,1624,24360000,24360000,167,277,24375000,8537
1,1625,24375000,24375000,167,277,24390000,8543
1,1626,24390000,24390000,167,277,24405000,8549
1,1627,24405000,24405000,167,277,24420000,8552
1,1628,24420000,24420000,167,277,24435000,8559
1,1629,24435000,24435000,167,277,24450000,8564
1,163,2445000,2445000,167,277,2460000,855
1,1630,24450000,24450000,167,277,24465000,8569
1,1631,24465000,24465000,167,277,24480000,8572
1,1632,24480000,24480000,167,277,24495000,8580
1,1633,24495000,24495000,167,277,24510000,8586
1,1634,24510000,24510000,167,277,24525000,8590
1,1635,24525000,24525000,167,277,24540000,8594
1,1636,24540000,24540000,167,277,24555000,8600
1,1637,24555000,24555000,167,277,24570000,8606
1,1638,24570000,24570000,167,277,24585000,8612
1,1639,24585000,24585000,167,277,24600000,8615
1,164,2460000,2460000,167,277,2475000,862
1,1640,24600000,24600000,167,277,24615000,8622
1,1641,24615000,24615000,167,277,24630000,8627
1,1642,24630000,24630000,167,277,24645000,8632
1,1643,24645000,24645000,167,277,24660000,8636
1,1644,24660000,24660000,167,277,24675000,8643
1,1645,24675000,24675000,167,277,24690000,8649
1,1646,24690000,24690000,167,277,24705000,8653
1,1647,24705000,24705000,167,277,24720000,8657
1,1648,24720000,24720000,167,277,24735000,8663
1,1649,24735000,24735000,167,277,24750000,8669
1,165,2475000,2475000,167,277,2490000,868
1,1650,24750000,24750000,167,277,24765000,8675
1,1651,24765000,24765000,167,277,24780000,8678
1,1652,24780000,24780000,167,277,24795000,8685
1,1653,24795000,24795000,167,277,24810000,8690
1,1654,24810000,24810000,167,277,24825000,8695
1,1655,24825000,24825000,167,277,24840000,8699
1,1656,24840000,24840000,167,277,24855000,8707
1,1657,24855000,24855000,167,277,24870000,8712
1,1658,24870000,24870000,167,277,24885000,8716
1,1659,24885000,24885000,167,277,24900000,8719
1,166,2490000,2490000,167,277,2505000,872
1,1660,24900000,24900000,167,277,24915000,8727
1,1661,24915000,24915000,167,277,24930000,8733
1,1662,24930000,24930000,167,277,24945000,8738
1,1663,24945000,24945000,167,277,24960000,8741
1,1664,24960000,24960000,167,277,24975000,8747
1,1665,24975000,24975000,167,277,24990000,8753
1,1666,24990000,24990000,167,277,25005000,8759
1,1667,25005000,25005000,167,277,25020000,8762
1,1668,25020000,25020000,167,277,25035000,8769
1,1669,25035000,25035000,167,277,25050000,8774
1,167,2505000,2505000,167,277,2520000,875
1,1670,25050000,25050000,167,277,25065000,8780
1,1671,25065000,25065000,167,277,25080000,8784
1,1672,25080000,25080000,167,277,25095000,8790
1,1673,25095000,25095000,167,277,25110000,8795
1,1674,25110000,25110000,167,277,25125000,8800
1,1675,25125000,25125000,167,277,25140000,8805
1,1676,25140000,25140000,167,277,25155000,8811
1,1677,25155000,25155000,167,277,25170000,8817
1,1678,25170000,25170000,167,277,25185000,8821
1,1679,25185000,25185000,167,277,25200000,8824
1,168,2520000,2520000,167,277,2535000,883
1,1680,25200000,25200000,167,277,25215000,8833
1,1681,25215000,25215000,167,277,25230000,8838
1,1682,25230000,25230000,167,277,25245000,8842
1,1683,25245000,25245000,167,277,25260000,8846
1,1684,25260000,25260000,167,277,25275000,8853
1,1685,25275000,25275000,167,277,25290000,8859
1,1686,25290000,25290000,167,277,25305000,8864
1,1687,25305000,25305000,167,277,25320000,8867
1,1688,25320000,25320000,167,277,25335000,8874
1,1689,25335000,25335000,167,277,25350000,8880
1,169,2535000,2535000,167,277,2550000,888
1,1690,25350000,25350000,167,277,25365000,8885
1,1691,25365000,25365000,167,277,25380000,8888
1,1692,25380000,25380000,167,277,25395000,8895
1,1693,25395000,25395000,167,277,25410000,8900
1,1694,25410000,25410000,167,277,25425000,8906
1,1695,25425000,25425000,167,277,25440000,8910
1,1696,25440000,25440000,167,277,25455000,8916
1,1697,25455000,25455000,167,277,25470000,8921
1,1698,25470000,25470000,167,277,25485000,8927
1,1699,25485000,25485000,167,277,25500000,8930
1,17,255000,255000,167,277,270000,89
1,170,2550000,2550000,167,277,2565000,894
1,1700,25500000,25500000,167,277,25515000,8938
1,1701,25515000,25515000,167,277,25530000,8943
1,1702,25530000,25530000,167,277,25545000,8947
1,1703,25545000,25545000,167,277,25560000,8951
1,1704,25560000,25560000,167,277,25575000,8958
1,1705,25575000,25575000,167,277,25590000,8965
1,1706,25590000,25590000,167,277,25605000,8969
1,1707,25605000,25605000,167,277,25620000,8972
1,1708,25620000,25620000,167,277,25635000,8979
1,1709,25635000,25635000,167,277,25650000,8984
1,171,2565000,2565000,167,277,2580000,897
1,1710,25650000,25650000,167,277,25665000,8990
1,1711,25665000,25665000,167,277,25680000,8994
1,1712,25680000,25680000,167,277,25695000,9001
1,1713,25695000,25695000,167,277,25710000,9006
1,1714,25710000,25710000,167,277,25725000,9010
1,1715,25725000,25725000,167,277,25740000,9014
1,1716,25740000,25740000,167,277,25755000,9021
1,1717,25755000,25755000,167,277,25770000,9028
1,1718,25770000,25770000,167,277,25785000,9032
1,1719,25785000,25785000,167,277,25800000,9035
1,172,2580000,2580000,167,277,2595000,904
1,1720,25800000,25800000,167,277,25815000,9042
1,1721,25815000,25815000,167,277,25830000,9047
1,1722,25830000,25830000,167,277,25845000,9054
1,1723,25845000,25845000,167,277,25860000,9057
1,1724,25860000,25860000,167,277,25875000,9063
1,1725,25875000,25875000,167,277,25890000,9069
1,1726,25890000,25890000,167,277,25905000,9074
1,1727,25905000,25905000,167,277,25920000,9077
1,1728,25920000,25920000,167,277,25935000,9085
1,1729,25935000,25935000,167,277,25950000,9090
1,173,2595000,2595000,167,277,2610000,909
1,1730,25950000,25950000,167,277,25965000,9095
1,1731,25965000,25965000,167,277,25980000,9099
1,1732,25980000,25980000,167,277,25995000,9105
1,1733,25995000,25995000,167,277,26010000,9110
1,1734,26010000,26010000,167,277,26025000,9116
1,1735,26025000,26025000,167,277,26040000,9120
1,1736,26040000,26040000,167,277,26055000,9127
1,1737,26055000,26055000,167,277,26070000,9132
1,1738,26070000,26070000,167,277,26085000,9136
1,1739,26085000,26085000,167,277,26100000,9140
1,174,2610000,2610000,167,277,2625000,914
1,1740,26100000,26100000,167,277,26115000,9149
1,1741,26115000,26115000,167,277,26130000,9154
1,1742,26130000,26130000,167,277,26145000,9158
1,1743,26145000,26145000,167,277,26160000,9161
1,1744,26160000,26160000,167,277,26175000,9167
1,1745,26175000,26175000,167,277,26190000,9175
1,1746,26190000,26190000,167,277,26205000,9180
1,1747,26205000,26205000,167,277,26220000,9183
1,1748,26220000,26220000,167,277,26235000,9189
1,1749,26235000,26235000,167,277,26250000,9194
1,175,2625000,2625000,167,277,2640000,919
1,1750,26250000,26250000,167,277,26265000,9200
1,1751,26265000,26265000,167,277,26280000,9204
1,1752,26280000,26280000,167,277,26295000,9211
1,1753,26295000,26295000,167,277,26310000,9216
1,1754,26310000,26310000,167,277,26325000,9221
1,1755,26325000,26325000,167,277,26340000,9225
1,1756,26340000,26340000,167,277,26355000,9232
1,1757,26355000,26355000,167,277,26370000,9237
1,1758,26370000,26370000,167,277,26385000,9242
1,1759,26385000,26385000,167,277,26400000,9246
1,176,2640000,2640000,167,277,2655000,925
1,1760,26400000,26400000,167,277,26415000,9253
1,1761,26415000,26415000,167,277,26430000,9258
1,1762,26430000,26430000,167,277,26445000,9263
1,1763,26445000,26445000,167,277,26460000,9266
1,1764,26460000,26460000,167,277,26475000,9274
1,1765,26475000,26475000,167,277,26490000,9280
1,1766,26490000,26490000,167,277,26505000,9284
1,1767,26505000,26505000,167,277,26520000,9287
1,1768,26520000,26520000,167,277,26535000,9295
1,1769,26535000,26535000,167,277,26550000,9300
1,177,2655000,2655000,167,277,2670000,931
1,1770,26550000,26550000,167,277,26565000,9306
1,1771,26565000,26565000,167,277,26580000,9309
1,1772,26580000,26580000,167,277,26595000,9315
1,1773,26595000,26595000,167,277,26610000,9322
1,1774,26610000,26610000,167,277,26625000,9326
1,1775,26625000,26625000,167,277,26640000,9330
1,1776,26640000,26640000,167,277,26655000,9337
1,1777,26655000,26655000,167,277,26670000,9342
1,1778,26670000,26670000,167,277,26685000,9347
1,1779,26685000,26685000,167,277,26700000,9351
1,178,2670000,2670000,167,277,2685000,935
1,1780,26700000,26700000,167,277,26715000,9358
1,1781,26715000,26715000,167,277,26730000,9363
1,1782,26730000,26730000,167,277,26745000,9369
1,1783,26745000,26745000,167,277,26760000,9372
1,1784,26760000,26760000,167,277,26775000,9378
1,1785,26775000,26775000,167,277,26790000,9385
1,1786,26790000,26790000,167,277,26805000,9389
1,1787,26805000,26805000,167,277,26820000,9393
1,1788,26820000,26820000,167,277,26835000,9400
1,1789,26835000,26835000,167,277,26850000,9405
1,179,2685000,2685000,167,277,2700000,938
1,1790,26850000,26850000,167,277,26865000,9411
1,1791,26865000,26865000,167,277,26880000,9414
1,1792,26880000,26880000,167,277,26895000,9421
1,1793,26895000,26895000,167,277,26910000,9426
1,1794,26910000,26910000,167,277,26925000,9431
1,1795,26925000,26925000,167,277,26940000,9435
1,1796,26940000,26940000,167,277,26955000,9443
1,1797,26955000,26955000,167,277,26970000,9448
1,1798,26970000,26970000,167,277,26985000,9452
1,1799,26985000,26985000,167,277,27000000,9455
1,18,270000,270000,167,277,285000,95
1,180,2700000,2700000,167,277,2715000,946
1,1800,27000000,27000000,167,277,27015000,9463
1,1801,27015000,27015000,167,277,27030000,9469
1,1802,27030000,27030000,167,277,27045000,9474
1,1803,27045000,27045000,167,277,27060000,9477
1,1804,27060000,27060000,167,277,27075000,9483
1,1805,27075000,27075000,167,277,27090000,9489
1,1806,27090000,27090000,167,277,27105000,9495
1,1807,27105000,27105000,167,277,27120000,9499
1,1808,27120000,27120000,167,277,27135000,9505
1,1809,27135000,27135000,167,277,27150000,9510
1,181,2715000,2715000,167,277,2730000,952
1,1810,27150000,27150000,167,277,27165000,9516
1,1811,27165000,27165000,167,277,27180000,9519
1,1812,27180000,27180000,167,277,27195000,9526
1,1813,27195000,27195000,167,277,27210000,9532
1,1814,27210000,27210000,167,277,27225000,9536
1,1815,27225000,27225000,167,277,27240000,9541
1,1816,27240000,27240000,167,277,27255000,9547
1,1817,27255000,27255000,167,277,27270000,9552
1,1818,27270000,27270000,167,277,27285000,9557
1,1819,27285000,27285000,167,277,27300000,9561
1,182,2730000,2730000,167,277,2745000,957
1,1820,27300000,27300000,167,277,27315000,9569
1,1821,27315000,27315000,167,277,27330000,9574
1,1822,27330000,27330000,167,277,27345000,9578
1,1823,27345000,27345000,167,277,27360000,9581
1,1824,27360000,27360000,167,277,27375000,9590
1,1825,27375000,27375000,167,277,27390000,9596
1,1826,27390000,27390000,167,277,27405000,9600
1,1827,27405000,27405000,167,277,27420000,9603
1,1828,27420000,27420000,167,277,27435000,9609
1,1829,27435000,27435000,167,277,27450000,9615
1,183,2745000,2745000,167,277,2760000,960
1,1830,27450000,27450000,167,277,27465000,9622
1,1831,27465000,27465000,167,277,27480000,9625
1,1832,27480000,27480000,167,277,27495000,9631
1,1833,27495000,27495000,167,277,27510000,9636
1,1834,27510000,27510000,167,277,27525000,9641
1,1835,27525000,27525000,167,277,27540000,9645
1,1836,27540000,27540000,167,277,27555000,9653
1,1837,27555000,27555000,167,277,27570000,9658
1,1838,27570000,27570000,167,277,27585000,9663
1,1839,27585000,27585000,167,277,27600000,9666
1,184,2760000,2760000,167,277,2775000,966
1,1840,27600000,27600000,167,277,27615000,9673
1,1841,27615000,27615000,167,277,27630000,9679
1,1842,27630000,27630000,167,277,27645000,9684
1,1843,27645000,27645000,167,277,27660000,9688
1,1844,27660000,27660000,167,277,27675000,9694
1,1845,27675000,27675000,167,277,27690000,9700
1,1846,27690000,27690000,167,277,27705000,9704
1,1847,27705000,27705000,167,277,27720000,9708
1,1848,27720000,27720000,167,277,27735000,9716
1,1849,27735000,27735000,167,277,27750000,9721
1,185,2775000,2775000,167,277,2790000,972
1,1850,27750000,27750000,167,277,27765000,9726
1,1851,27765000,27765000,167,277,27780000,9729
1,1852,27780000,27780000,167,277,27795000,9736
1,1853,27795000,27795000,167,277,27810000,9742
1,1854,27810000,27810000,167,277,27825000,9747
1,1855,27825000,27825000,167,277,27840000,9751
1,1856,27840000,27840000,167,277,27855000,9757
1,1857,27855000,27855000,167,277,27870000,9763
1,1858,27870000,27870000,167,277,27885000,9768
1,1859,27885000,27885000,167,277,27900000,9771
1,186,2790000,2790000,167,277,2805000,978
1,1860,27900000,27900000,167,277,27915000,9779
1,1861,27915000,27915000,167,277,27930000,9784
1,1862,27930000,27930000,167,277,27945000,9789
1,1863,27945000,27945000,167,277,27960000,9792
1,1864,27960000,27960000,167,277,27975000,9799
1,1865,27975000,27975000,167,277,27990000,9805
1,1866,27990000,27990000,167,277,28005000,9811
1,1867,28005000,28005000,167,277,28020000,9814
1,1868,28020000,28020000,167,277,28035000,9820
1,1869,28035000,28035000,167,277,28050000,9825
1,187,2805000,2805000,167,277,2820000,982
1,1870,28050000,28050000,167,277,28065000,9831
1,1871,28065000,28065000,167,277,28080000,9835
1,1872,28080000,28080000,167,277,28095000,9842
1,1873,28095000,28095000,167,277,28110000,9847
1,1874,28110000,28110000,167,277,28125000,9851
1,1875,28125000,28125000,167,277,28140000,9856
1,1876,28140000,28140000,167,277,28155000,9863
1,1877,28155000,28155000,167,277,28170000,9868
1,1878,28170000,28170000,167,277,28185000,9873
1,1879,28185000,28185000,167,277,28200000,9876
1,188,2820000,2820000,167,277,2835000,988
1,1880,28200000,28200000,167,277,28215000,9884
1,1881,28215000,28215000,167,277,28230000,9890
1,1882,28230000,28230000,167,277,28245000,9894
1,1883,28245000,28245000,167,277,28260000,9897
1,1884,28260000,28260000,167,277,28275000,9904
1,1885,28275000,28275000,167,277,28290000,9911
1,1886,28290000,28290000,167,277,28305000,9915
1,1887,28305000,28305000,167,277,28320000,9919
1,1888,28320000,28320000,167,277,28335000,9925
1,1889,28335000,28335000,167,277,28350000,9930
1,189,2835000,2835000,167,277,2850000,993
1,1890,28350000,28350000,167,277,28365000,9937
1,1891,28365000,28365000,167,277,28380000,9940
1,1892,28380000,28380000,167,277,28395000,9947
1,1893,28395000,28395000,167,277,28410000,9952
1,1894,28410000,28410000,167,277,28425000,9957
1,1895,28425000,28425000,167,277,28440000,9961
1,1896,28440000,28440000,167,277,28455000,9968
1,1897,28455000,28455000,167,277,28470000,9973
1,1898,28470000,28470000,167,277,28485000,9978
1,1899,28485000,28485000,167,277,28500000,9982
1,19,285000,285000,167,277,300000,98
1,190,2850000,2850000,167,277,2865000,998
1,1900,28500000,28500000,167,277,28515000,9989
1,1901,28515000,28515000,167,277,28530000,9994
1,1902,28530000,28530000,167,277,28545000,9999
1,1903,28545000,28545000,167,277,28560000,10002
1,1904,28560000,28560000,167,277,28575000,10010
1,1905,28575000,28575000,167,277,28590000,10016
1,1906,28590000,28590000,167,277,28605000,10020
1,1907,28605000,28605000,167,277,28620000,10023
1,1908,28620000,28620000,167,277,28635000,10031
1,1909,28635000,28635000,167,277,28650000,10037
1,191,2865000,2865000,167,277,2880000,1002
1,1910,28650000,28650000,167,277,28665000,10042
1,1911,28665000,28665000,167,277,28680000,10045
1,1912,28680000,28680000,167,277,28695000,10051
1,1913,28695000,28695000,167,277,28710000,10057
1,1914,28710000,28710000,167,277,28725000,10062
1,1915,28725000,28725000,167,277,28740000,10067
1,1916,28740000,28740000,167,277,28755000,10073
1,1917,28755000,28755000,167,277,28770000,10078
1,1918,28770000,28770000,167,277,28785000,10083
1,1919,28785000,28785000,167,277,28800000,10086
1,192,2880000,2880000,167,277,2895000,1010
1,1920,28800000,28800000,167,277,28815000,10094
1,1921,28815000,28815000,167,277,28830000,10100
1,1922,28830000,28830000,167,277,28845000,10105
1,1923,28845000,28845000,167,277,28860000,10108
1,1924,28860000,28860000,167,277,28875000,10114
1,1925,28875000,28875000,167,277,28890000,10120
1,1926,28890000,28890000,167,277,28905000,10126
1,1927,28905000,28905000,167,277,28920000,10130
1,1928,28920000,28920000,167,277,28935000,10136
1,1929,28935000,28935000,167,277,28950000,10141
1,193,2895000,2895000,167,277,2910000,1015
1,1930,28950000,28950000,167,277,28965000,10146
1,1931,28965000,28965000,167,277,28980000,10149
1,1932,28980000,28980000,167,277,28995000,10158
1,1933,28995000,28995000,167,277,29010000,10163
1,1934,29010000,29010000,167,277,29025000,10167
1,1935,29025000,29025000,167,277,29040000,10171
1,1936,29040000,29040000,167,277,29055000,10178
1,1937,29055000,29055000,167,277,29070000,10183
1,1938,29070000,29070000,167,277,29085000,10189
1,1939,29085000,29085000,167,277,29100000,10192
1,194,2910000,2910000,167,277,2925000,1019
1,1940,29100000,29100000,167,277,29115000,10199
1,1941,29115000,29115000,167,277,29130000,10205
1,1942,29130000,29130000,167,277,29145000,10209
1,1943,29145000,29145000,167,277,29160000,10213
1,1944,29160000,29160000,167,277,29175000,10220
1,1945,29175000,29175000,167,277,29190000,10226
1,1946,29190000,29190000,167,277,29205000,10231
1,1947,29205000,29205000,167,277,29220000,10234
1,1948,29220000,29220000,167,277,29235000,10240
1,1949,29235000,29235000,167,277,29250000,10246
1,195,2925000,2925000,167,277,2940000,1023
1,1950,29250000,29250000,167,277,29265000,10253
1,1951,29265000,29265000,167,277,29280000,10256
1,1952,29280000,29280000,167,277,29295000,10262
1,1953,29295000,29295000,167,277,29310000,10267
1,1954,29310000,29310000,167,277,29325000,10271
1,1955,29325000,29325000,167,277,29340000,10277
1,1956,29340000,29340000,167,277,29355000,10284
1,1957,29355000,29355000,167,277,29370000,10289
1,1958,29370000,29370000,167,277,29385000,10293
1,1959,29385000,29385000,167,277,29400000,10296
1,196,2940000,2940000,167,277,2955000,1030
1,1960,29400000,29400000,167,277,29415000,10305
1,1961,29415000,29415000,167,277,29430000,10310
1,1962,29430000,29430000,167,277,29445000,10315
1,1963,29445000,29445000,167,277,29460000,10318
1,1964,29460000,29460000,167,277,29475000,10325
1,1965,29475000,29475000,167,277,29490000,10331
1,1966,29490000,29490000,167,277,29505000,10336
1,1967,29505000,29505000,167,277,29520000,10339
1,1968,29520000,29520000,167,277,29535000,10346
1,1969,29535000,29535000,167,277,29550000,10352
1,197,2955000,2955000,167,277,2970000,1035
1,1970,29550000,29550000,167,277,29565000,10357
1,1971,29565000,29565000,167,277,29580000,10360
1,1972,29580000,29580000,167,277,29595000,10367
1,1973,29595000,29595000,167,277,29610000,10372
1,1974,29610000,29610000,167,277,29625000,10378
1,1975,29625000,29625000,167,277,29640000,10382
1,1976,29640000,29640000,167,277,29655000,10388
1,1977,29655000,29655000,167,277,29670000,10394
1,1978,29670000,29670000,167,277,29685000,10399
1,1979,29685000,29685000,167,277,29700000,10402
1,198,2970000,2970000,167,277,2985000,1041
1,1980,29700000,29700000,167,277,29715000,10410
1,1981,29715000,29715000,167,277,29730000,10415
1,1982,29730000,29730000,167,277,29745000,10419
1,1983,29745000,29745000,167,277,29760000,10424
1,1984,29760000,29760000,167,277,29775000,10430
1,1985,29775000,29775000,167,277,29790000,10436
1,1986,29790000,29790000,167,277,29805000,10441
1,1987,29805000,29805000,167,277,29820000,10444
1,1988,29820000,29820000,167,277,29835000,10451
1,1989,29835000,29835000,167,277,29850000,10457
1,199,2985000,2985000,167,277,3000000,1044
1,1990,29850000,29850000,167,277,29865000,10462
1,1991,29865000,29865000,167,277,29880000,10465
1,1992,29880000,29880000,167,277,29895000,10473
1,1993,29895000,29895000,167,277,29910000,10478
1,1994,29910000,29910000,167,277,29925000,10483
1,1995,29925000,29925000,167,277,29940000,10487
1,1996,29940000,29940000,167,277,29955000,10493
1,1997,29955000,29955000,167,277,29970000,10499
1,1998,29970000,29970000,167,277,29985000,10504
1,1999,29985000,29985000,167,277,30000000,10507
1,2,30000,30000,167,277,45000,10
1,20,300000,300000,167,277,315000,105
1,200,3000000,3000000,167,277,3015000,1052
1,2000,30000000,30000000,167,277,30015000,10515
1,2001,30015000,30015000,167,277,30030000,10520
1,2002,30030000,30030000,167,277,30045000,10525
1,2003,30045000,30045000,167,277,30060000,10528
1,2004,30060000,30060000,167,277,30075000,10535
1,2005,30075000,30075000,167,277,30090000,10541
1,2006,30090000,30090000,167,277,30105000,10547
1,2007,30105000,30105000,167,277,30120000,10550
1,2008,30120000,30120000,167,277,30135000,10556
1,2009,30135000,30135000,167,277,30150000,10561
1,201,3015000,3015000,167,277,3030000,1057
1,2010,30150000,30150000,167,277,30165000,10567
1,2011,30165000,30165000,167,277,30180000,10572
1,2012,30180000,30180000,167,277,30195000,10578
1,2013,30195000,30195000,167,277,30210000,10583
1,2014,30210000,30210000,167,277,30225000,10587
1,2015,30225000,30225000,167,277,30240000,10591
1,2016,30240000,30240000,167,277,30255000,10599
1,2017,30255000,30255000,167,277,30270000,10605
1,2018,30270000,30270000,167,277,30285000,10609
1,2019,30285000,30285000,167,277,30300000,10612
1,202,3030000,3030000,167,277,3045000,1061
1,2020,30300000,30300000,167,277,30315000,10620
1,2021,30315000,30315000,167,277,30330000,10625
1,2022,30330000,30330000,167,277,30345000,10630
1,2023,30345000,30345000,167,277,30360000,10634
1,2024,30360000,30360000,167,277,30375000,10640
1,2025,30375000,30375000,167,277,30390000,10647
1,2026,30390000,30390000,167,277,30405000,10651
1,2027,30405000,30405000,167,277,30420000,10654
1,2028,30420000,30420000,167,277,30435000,10662
1,2029,30435000,30435000,167,277,30450000,10667
1,203,3045000,3045000,167,277,3060000,1064
1,2030,30450000,30450000,167,277,30465000,10673
1,2031,30465000,30465000,167,277,30480000,10676
1,2032,30480000,30480000,167,277,30495000,10682
1,2033,30495000,30495000,167,277,30510000,10687
1,2034,30510000,30510000,167,277,30525000,10694
1,2035,30525000,30525000,167,277,30540000,10698
1,2036,30540000,30540000,167,277,30555000,10704
1,2037,30555000,30555000,167,277,30570000,10709
1,2038,30570000,30570000,167,277,30585000,10713
1,2039,30585000,30585000,167,277,30600000,10717
1,204,3060000,3060000,167,277,3075000,1072
1,2040,30600000,30600000,167,277,30615000,10726
1,2041,30615000,30615000,167,277,30630000,10731
1,2042,30630000,30630000,167,277,30645000,10735
1,2043,30645000,30645000,167,277,30660000,10738
1,2044,30660000,30660000,167,277,30675000,10745
1,2045,30675000,30675000,167,277,30690000,10752
1,2046,30690000,30690000,167,277,30705000,10757
1,2047,30705000,30705000,167,277,30720000,10760
1,2048,30720000,30720000,167,277,30735000,10767
1,2049,30735000,30735000,167,277,30750000,10772
1,205,3075000,3075000,167,277,3090000,1079
1,2050,30750000,30750000,167,277,30765000,10777
1,2051,30765000,30765000,167,277,30780000,10781
1,2052,30780000,30780000,167,277,30795000,10788
1,2053,30795000,30795000,167,277,30810000,10794
1,2054,30810000,30810000,167,277,30825000,10798
1,2055,30825000,30825000,167,277,30840000,10802
1,2056,30840000,30840000,167,277,30855000,10808
1,2057,30855000,30855000,167,277,30870000,10814
1,2058,30870000,30870000,167,277,30885000,10820
1,2059,30885000,30885000,167,277,30900000,10823
1,206,3090000,3090000,167,277,3105000,1083
1,2060,30900000,30900000,167,277,30915000,10830
1,2061,30915000,30915000,167,277,30930000,10835
1,2062,30930000,30930000,167,277,30945000,10841
1,2063,30945000,30945000,167,277,30960000,10844
1,2064,30960000,30960000,167,277,30975000,10851
1,2065,30975000,30975000,167,277,30990000,10857
1,2066,30990000,30990000,167,277,31005000,10861
1,2067,31005000,31005000,167,277,31020000,10865
1,2068,31020000,31020000,167,277,31035000,10872
1,2069,31035000,31035000,167,277,31050000,10877
1,207,3105000,3105000,167,277,3120000,1086
1,2070,31050000,31050000,167,277,31065000,10883
1,2071,31065000,31065000,167,277,31080000,10886
1,2072,31080000,31080000,167,277,31095000,10893
1,2073,31095000,31095000,167,277,31110000,10898
1,2074,31110000,31110000,167,277,31125000,10903
1,2075,31125000,31125000,167,277,31140000,10907
1,2076,31140000,31140000,167,277,31155000,10915
1,2077,31155000,31155000,167,277,31170000,10920
1,2078,31170000,31170000,167,277,31185000,10924
1,2079,31185000,31185000,167,277,31200000,10928
1,208,3120000,3120000,167,277,3135000,1092
1,2080,31200000,31200000,167,277,31215000,10935
1,2081,31215000,31215000,167,277,31230000,10941
1,2082,31230000,31230000,167,277,31245000,10946
1,2083,31245000,31245000,167,277,31260000,10949
1,2084,31260000,31260000,167,277,31275000,10955
1,2085,31275000,31275000,167,277,31290000,10962
1,2086,31290000,31290000,167,277,31305000,10967
1,2087,31305000,31305000,167,277,31320000,10970
1,2088,31320000,31320000,167,277,31335000,10977
1,2089,31335000,31335000,167,277,31350000,10982
1,209,3135000,3135000,167,277,3150000,1098
1,2090,31350000,31350000,167,277,31365000,10988
1,2091,31365000,31365000,167,277,31380000,10992
1,2092,31380000,31380000,167,277,31395000,10998
1,2093,31395000,31395000,167,277,31410000,11003
1,2094,31410000,31410000,167,277,31425000,11008
1,2095,31425000,31425000,167,277,31440000,11013
1,2096,31440000,31440000,167,277,31455000,11020
1,2097,31455000,31455000,167,277,31470000,11025
1,2098,31470000,31470000,167,277,31485000,11029
1,2099,31485000,31485000,167,277,31500000,11032
1,21,315000,315000,167,277,330000,110
1,210,3150000,3150000,167,277,3165000,1105
1,2100,31500000,31500000,167,277,31515000,11041
1,2101,31515000,31515000,167,277,31530000,11046
1,2102,31530000,31530000,167,277,31545000,11051
1,2103,31545000,31545000,167,277,31560000,11054
1,2104,31560000,31560000,167,277,31575000,11061
1,2105,31575000,31575000,167,277,31590000,11067
1,2106,31590000,31590000,167,277,31605000,11072
1,2107,31605000,31605000,167,277,31620000,11075
1,2108,31620000,31620000,167,277,31635000,11082
1,2109,31635000,31635000,167,277,31650000,11088
1,211,3165000,3165000,167,277,3180000,1108
1,2110,31650000,31650000,167,277,31665000,11093
1,2111,31665000,31665000,167,277,31680000,11096
1,2112,31680000,31680000,167,277,31695000,11103
1,2113,31695000,31695000,167,277,31710000,11109
1,2114,31710000,31710000,167,277,31725000,11114
1,2115,31725000,31725000,167,277,31740000,11118
1,2116,31740000,31740000,167,277,31755000,11124
1,2117,31755000,31755000,167,277,31770000,11129
1,2118,31770000,31770000,167,277,31785000,11135
1,2119,31785000,31785000,167,277,31800000,11139
1,212,3180000,3180000,167,277,3195000,1114
1,2120,31800000,31800000,167,277,31815000,11146
1,2121,31815000,31815000,167,277,31830000,11151
1,2122,31830000,31830000,167,277,31845000,11155
1,2123,31845000,31845000,167,277,31860000,11159
1,2124,31860000,31860000,167,277,31875000,11166
1,2125,31875000,31875000,167,277,31890000,11173
1,2126,31890000,31890000,167,277,31905000,11177
1,2127,31905000,31905000,167,277,31920000,11180
1,2128,31920000,31920000,167,277,31935000,11187
1,2129,31935000,31935000,167,277,31950000,11192
1,213,3195000,3195000,167,277,3210000,1119
1,2130,31950000,31950000,167,277,31965000,11199
1,2131,31965000,31965000,167,277,31980000,11202
1,2132,31980000,31980000,167,277,31995000,11209
1,2133,31995000,31995000,167,277,32010000,11214
1,2134,32010000,32010000,167,277,32025000,11218
1,2135,32025000,32025000,167,277,32040000,11222
1,2136,32040000,32040000,167,277,32055000,11230
1,2137,32055000,32055000,167,277,32070000,11236
1,2138,32070000,32070000,167,277,32085000,11240
1,2139,32085000,32085000,167,277,32100000,11243
1,214,3210000,3210000,167,277,3225000,1124
1,2140,32100000,32100000,167,277,32115000,11250
1,2141,32115000,32115000,167,277,32130000,11255
1,2142,32130000,32130000,167,277,32145000,11262
1,2143,32145000,32145000,167,277,32160000,11265
1,2144,32160000,32160000,167,277,32175000,11271
1,2145,32175000,32175000,167,277,32190000,11277
1,2146,32190000,32190000,167,277,32205000,11282
1,2147,32205000,32205000,167,277,32220000,11286
1,2148,32220000,32220000,167,277,32235000,11293
1,2149,32235000,32235000,167,277,32250000,11298
1,215,3225000,3225000,167,277,3240000,1129
1,2150,32250000,32250000,167,277,32265000,11303
1,2151,32265000,32265000,167,277,32280000,11307
1,2152,32280000,32280000,167,277,32295000,11313
1,2153,32295000,32295000,167,277,32310000,11319
1,2154,32310000,32310000,167,277,32325000,11324
1,2155,32325000,32325000,167,277,32340000,11328
1,2156,32340000,32340000,167,277,32355000,11335
1,2157,32355000,32355000,167,277,32370000,11340
1,2158,32370000,32370000,167,277,32385000,11344
1,2159,32385000,32385000,167,277,32400000,11348
1,216,3240000,3240000,167,277,3255000,1136
1,2160,32400000,32400000,167,277,32415000,11357
1,2161,32415000,32415000,167,277,32430000,11362
1,2162,32430000,32430000,167,277,32445000,11366
1,2163,32445000,32445000,167,277,32460000,11369
1,2164,32460000,32460000,167,277,32475000,11376
1,2165,32475000,32475000,167,277,32490000,11383
1,2166,32490000,32490000,167,277,32505000,11388
1,2167,32505000,32505000,167,277,32520000,11391
1,2168,32520000,32520000,167,277,32535000,11397
1,2169,32535000,32535000,167,277,32550000,11402
1,217,3255000,3255000,167,277,3270000,1141
1,2170,32550000,32550000,167,277,32565000,11409
1,2171,32565000,32565000,167,277,32580000,11412
1,2172,32580000,32580000,167,277,32595000,11419
1,2173,32595000,32595000,167,277,32610000,11424
1,2174,32610000,32610000,167,277,32625000,11429
1,2175,32625000,32625000,167,277,32640000,11433
1,2176,32640000,32640000,167,277,32655000,11440
1,2177,32655000,32655000,167,277,32670000,11445
1,2178,32670000,32670000,167,277,32685000,11450
1,2179,32685000,32685000,167,277,32700000,11454
1,218,3270000,3270000,167,277,3285000,1145
1,2180,32700000,32700000,167,277,32715000,11461
1,2181,32715000,32715000,167,277,32730000,11467
1,2182,32730000,32730000,167,277,32745000,11471
1,2183,32745000,32745000,167,277,32760000,11474
1,2184,32760000,32760000,167,277,32775000,11482
1,2185,32775000,32775000,167,277,32790000,11488
1,2186,32790000,32790000,167,277,32805000,11492
1,2187,32805000,32805000,167,277,32820000,11496
1,2188,32820000,32820000,167,277,32835000,11503
1,2189,32835000,32835000,167,277,32850000,11508
1,219,3285000,3285000,167,277,3300000,1149
1,2190,32850000,32850000,167,277,32865000,11514
1,2191,32865000,32865000,167,277,32880000,11517
1,2192,32880000,32880000,167,277,32895000,11523
1,2193,32895000,32895000,167,277,32910000,11530
1,2194,32910000,32910000,167,277,32925000,11534
1,2195,32925000,32925000,167,277,32940000,11538
1,2196,32940000,32940000,167,277,32955000,11545
1,2197,32955000,32955000,167,277,32970000,11550
1,2198,32970000,32970000,167,277,32985000,11556
1,2199,32985000,32985000,167,277,33000000,11559
1,22,330000,330000,167,277,345000,115
1,220,3300000,3300000,167,277,3315000,1156
1,2200,33000000,33000000,167,277,33015000,11566
1,2201,33015000,33015000,167,277,33030000,11571
1,2202,33030000,33030000,167,277,33045000,11577
1,2203,33045000,33045000,167,277,33060000,11580
1,2204,33060000,33060000,167,277,33075000,11587
1,2205,33075000,33075000,167,277,33090000,11593
1,2206,33090000,33090000,167,277,33105000,11597
1,2207,33105000,33105000,167,277,33120000,11601
1,2208,33120000,33120000,167,277,33135000,11608
1,2209,33135000,33135000,167,277,33150000,11613
1,221,3315000,3315000,167,277,3330000,1162
1,2210,33150000,33150000,167,277,33165000,11619
1,2211,33165000,33165000,167,277,33180000,11622
1,2212,33180000,33180000,167,277,33195000,11629
1,2213,33195000,33195000,167,277,33210000,11634
1,2214,33210000,33210000,167,277,33225000,11639
1,2215,33225000,33225000,167,277,33240000,11644
1,2216,33240000,33240000,167,277,33255000,11651
1,2217,33255000,33255000,167,277,33270000,11656
1,2218,33270000,33270000,167,277,33285000,11660
1,2219,33285000,33285000,167,277,33300000,11663
1,222,3330000,3330000,167,277,3345000,1167
1,2220,33300000,33300000,167,277,33315000,11671
1,2221,33315000,33315000,167,277,33330000,11678
1,2222,33330000,33330000,167,277,33345000,11682
1,2223,33345000,33345000,167,277,33360000,11685
1,2224,33360000,33360000,167,277,33375000,11691
1,2225,33375000,33375000,167,277,33390000,11697
1,2226,33390000,33390000,167,277,33405000,11703
1,2227,33405000,33405000,167,277,33420000,11707
1,2228,33420000,33420000,167,277,33435000,11713
1,2229,33435000,33435000,167,277,33450000,11718
1,223,3345000,3345000,167,277,3360000,1170
1,2230,33450000,33450000,167,277,33465000,11724
1,2231,33465000,33465000,167,277,33480000,11727
1,2232,33480000,33480000,167,277,33495000,11735
1,2233,33495000,33495000,167,277,33510000,11740
1,2234,33510000,33510000,167,277,33525000,11744
1,2235,33525000,33525000,167,277,33540000,11749
1,2236,33540000,33540000,167,277,33555000,11755
1,2237,33555000,33555000,167,277,33570000,11760
1,2238,33570000,33570000,167,277,33585000,11766
1,2239,33585000,33585000,167,277,33600000,11769
1,224,3360000,3360000,167,277,3375000,1177
1,2240,33600000,33600000,167,277,33615000,11777
1,2241,33615000,33615000,167,277,33630000,11782
1,2242,33630000,33630000,167,277,33645000,11786
1,2243,33645000,33645000,167,277,33660000,11789
1,2244,33660000,33660000,167,277,33675000,11798
1,2245,33675000,33675000,167,277,33690000,11804
1,2246,33690000,33690000,167,277,33705000,11808
1,2247,33705000,33705000,167,277,33720000,11811
1,2248,33720000,33720000,167,277,33735000,11817
1,2249,33735000,33735000,167,277,33750000,11824
1,225,3375000,3375000,167,277,3390000,1183
1,2250,33750000,33750000,167,277,33765000,11830
1,2251,33765000,33765000,167,277,33780000,11833
1,2252,33780000,33780000,167,277,33795000,11839
1,2253,33795000,33795000,167,277,33810000,11844
1,2254,33810000,33810000,167,277,33825000,11849
1,2255,33825000,33825000,167,277,33840000,11854
1,2256,33840000,33840000,167,277,33855000,11861
1,2257,33855000,33855000,167,277,33870000,11866
1,2258,33870000,33870000,167,277,33885000,11871
1,2259,33885000,33885000,167,277,33900000,11874
1,226,3390000,3390000,167,277,3405000,1188
1,2260,33900000,33900000,167,277,33915000,11881
1,2261,33915000,33915000,167,277,33930000,11887
1,2262,33930000,33930000,167,277,33945000,11892
1,2263,33945000,33945000,167,277,33960000,11896
1,2264,33960000,33960000,167,277,33975000,11902
1,2265,33975000,33975000,167,277,33990000,11908
1,2266,33990000,33990000,167,277,34005000,11913
1,2267,34005000,34005000,167,277,34020000,11916
1,2268,34020000,34020000,167,277,34035000,11924
1,2269,34035000,34035000,167,277,34050000,11929
1,227,3405000,3405000,167,277,3420000,1191
1,2270,34050000,34050000,167,277,34065000,11934
1,2271,34065000,34065000,167,277,34080000,11937
1,2272,34080000,34080000,167,277,34095000,11945
1,2273,34095000,34095000,167,277,34110000,11950
1,2274,34110000,34110000,167,277,34125000,11955
1,2275,34125000,34125000,167,277,34140000,11959
1,2276,34140000,34140000,167,277,34155000,11965
1,2277,34155000,34155000,167,277,34170000,11971
1,2278,34170000,34170000,167,277,34185000,11976
1,2279,34185000,34185000,167,277,34200000,11979
1,228,3420000,3420000,167,277,3435000,1199
1,2280,34200000,34200000,167,277,34215000,11987
1,2281,34215000,34215000,167,277,34230000,11992
1,2282,34230000,34230000,167,277,34245000,11997
1,2283,34245000,34245000,167,277,34260000,12001
1,2284,34260000,34260000,167,277,34275000,12007
1,2285,34275000,34275000,167,277,34290000,12013
1,2286,34290000,34290000,167,277,34305000,12019
1,2287,34305000,34305000,167,277,34320000,12022
1,2288,34320000,34320000,167,277,34335000,12028
1,2289,34335000,34335000,167,277,34350000,12034
1,229,3435000,3435000,167,277,3450000,1204
1,2290,34350000,34350000,167,277,34365000,12039
1,2291,34365000,34365000,167,277,34380000,12043
1,2292,34380000,34380000,167,277,34395000,12050
1,2293,34395000,34395000,167,277,34410000,12055
1,2294,34410000,34410000,167,277,34425000,12059
1,2295,34425000,34425000,167,277,34440000,12064
1,2296,34440000,34440000,167,277,34455000,12071
1,2297,34455000,34455000,167,277,34470000,12076
1,2298,34470000,34470000,167,277,34485000,12081
1,2299,34485000,34485000,167,277,34500000,12084
1,23,345000,345000,167,277,360000,119
1,230,3450000,3450000,167,277,3465000,1209
1,2300,34500000,34500000,167,277,34515000,12093
1,2301,34515000,34515000,167,277,34530000,12098
1,2302,34530000,34530000,167,277,34545000,12102
1,2303,34545000,34545000,167,277,34560000,12105
1,2304,34560000,34560000,167,277,34575000,12112
1,2305,34575000,34575000,167,277,34590000,12119
1,2306,34590000,34590000,167,277,34605000,12124
1,2307,34605000,34605000,167,277,34620000,12127
1,2308,34620000,34620000,167,277,34635000,12133
1,2309,34635000,34635000,167,277,34650000,12138
1,231,3465000,3465000,167,277,3480000,1212
1,2310,34650000,34650000,167,277,34665000,12145
1,2311,34665000,34665000,167,277,34680000,12148
1,2312,34680000,34680000,167,277,34695000,12155
1,2313,34695000,34695000,167,277,34710000,12160
1,2314,34710000,34710000,167,277,34725000,12165
1,2315,34725000,34725000,167,277,34740000,12169
1,2316,34740000,34740000,167,277,34755000,12176
1,2317,34755000,34755000,167,277,34770000,12182
1,2318,34770000,34770000,167,277,34785000,12186
1,2319,34785000,34785000,167,277,34800000,12190
1,232,3480000,3480000,167,277,3495000,1219
1,2320,34800000,34800000,167,277,34815000,12197
1,2321,34815000,34815000,167,277,34830000,12202
1,2322,34830000,34830000,167,277,34845000,12207
1,2323,34845000,34845000,167,277,34860000,12211
1,2324,34860000,34860000,167,277,34875000,12218
1,2325,34875000,34875000,167,277,34890000,12224
1,2326,34890000,34890000,167,277,34905000,12228
1,2327,34905000,34905000,167,277,34920000,12231
1,2328,34920000,34920000,167,277,34935000,12239
1,2329,34935000,34935000,167,277,34950000,12245
1,233,3495000,3495000,167,277,3510000,1225
1,2330,34950000,34950000,167,277,34965000,12250
1,2331,34965000,34965000,167,277,34980000,12253
1,2332,34980000,34980000,167,277,34995000,12259
1,2333,34995000,34995000,167,277,35010000,12265
1,2334,35010000,35010000,167,277,35025000,12271
1,2335,35025000,35025000,167,277,35040000,12275
1,2336,35040000,35040000,167,277,35055000,12281
1,2337,35055000,35055000,167,277,35070000,12286
1,2338,35070000,35070000,167,277,35085000,12291
1,2339,35085000,35085000,167,277,35100000,12294
1,234,3510000,3510000,167,277,3525000,1230
1,2340,35100000,35100000,167,277,35115000,12303
1,2341,35115000,35115000,167,277,35130000,12308
1,2342,35130000,35130000,167,277,35145000,12313
1,2343,35145000,35145000,167,277,35160000,12316
1,2344,35160000,35160000,167,277,35175000,12322
1,2345,35175000,35175000,167,277,35190000,12328
1,2346,35190000,35190000,167,277,35205000,12334
1,2347,35205000,35205000,167,277,35220000,12338
1,2348,35220000,35220000,167,277,35235000,12344
1,2349,35235000,35235000,167,277,35250000,12349
1,235,3525000,3525000,167,277,3540000,1234
1,2350,35250000,35250000,167,277,35265000,12354
1,2351,35265000,35265000,167,277,35280000,12358
1,2352,35280000,35280000,167,277,35295000,12366
1,2353,35295000,35295000,167,277,35310000,12371
1,2354,35310000,35310000,167,277,35325000,12375
1,2355,35325000,35325000,167,277,35340000,12379
1,2356,35340000,35340000,167,277,35355000,12386
1,2357,35355000,35355000,167,277,35370000,12392
1,2358,35370000,35370000,167,277,35385000,12397
1,2359,35385000,35385000,167,277,35400000,12400
1,236,3540000,3540000,167,277,3555000,1240
1,2360,35400000,35400000,167,277,35415000,12407
1,2361,35415000,35415000,167,277,35430000,12413
1,2362,35430000,35430000,167,277,35445000,12417
1,2363,35445000,35445000,167,277,35460000,12421
1,2364,35460000,35460000,167,277,35475000,12428
1,2365,35475000,35475000,167,277,35490000,12434
1,2366,35490000,35490000,167,277,35505000,12439
1,2367,35505000,35505000,167,277,35520000,12442
1,2368,35520000,35520000,167,277,35535000,12449
1,2369,35535000,35535000,167,277,35550000,12454
1,237,3555000,3555000,167,277,3570000,1245
1,2370,35550000,35550000,167,277,35565000,12461
1,2371,35565000,35565000,167,277,35580000,12464
1,2372,35580000,35580000,167,277,35595000,12470
1,2373,35595000,35595000,167,277,35610000,12475
1,2374,35610000,35610000,167,277,35625000,12480
1,2375,35625000,35625000,167,277,35640000,12485
1,2376,35640000,35640000,167,277,35655000,12492
1,2377,35655000,35655000,167,277,35670000,12497
1,2378,35670000,35670000,167,277,35685000,12501
1,2379,35685000,35685000,167,277,35700000,12504
1,238,3570000,3570000,167,277,3585000,1251
1,2380,35700000,35700000,167,277,35715000,12513
1,2381,35715000,35715000,167,277,35730000,12518
1,2382,35730000,35730000,167,277,35745000,12523
1,2383,35745000,35745000,167,277,35760000,12526
1,2384,35760000,35760000,167,277,35775000,12533
1,2385,35775000,35775000,167,277,35790000,12540
1,2386,35790000,35790000,167,277,35805000,12544
1,2387,35805000,35805000,167,277,35820000,12547
1,2388,35820000,35820000,167,277,35835000,12554
1,2389,35835000,35835000,167,277,35850000,12560
1,239,3585000,3585000,167,277,3600000,1254
1,2390,35850000,35850000,167,277,35865000,12565
1,2391,35865000,35865000,167,277,35880000,12569
1,2392,35880000,35880000,167,277,35895000,12575
1,2393,35895000,35895000,167,277,35910000,12580
1,2394,35910000,35910000,167,277,35925000,12586
1,2395,35925000,35925000,167,277,35940000,12590
1,2396,35940000,35940000,167,277,35955000,12596
1,2397,35955000,35955000,167,277,35970000,12602
1,2398,35970000,35970000,167,277,35985000,12607
1,2399,35985000,35985000,167,277,36000000,12610
1,24,360000,360000,167,277,375000,126
1,240,3600000,3600000,167,277,3615000,1262
1,2400,36000000,36000000,167,277,36015000,12618
1,2401,36015000,36015000,167,277,36030000,12623
1,2402,36030000,36030000,167,277,36045000,12628
1,2403,36045000,36045000,167,277,36060000,12632
1,2404,36060000,36060000,167,277,36075000,12638
1,2405,36075000,36075000,167,277,36090000,12644
1,2406,36090000,36090000,167,277,36105000,12649
1,2407,36105000,36105000,167,277,36120000,12652
1,2408,36120000,36120000,167,277,36135000,12660
1,2409,36135000,36135000,167,277,36150000,12665
1,241,3615000,3615000,167,277,3630000,1267
1,2410,36150000,36150000,167,277,36165000,12670
1,2411,36165000,36165000,167,277,36180000,12673
1,2412,36180000,36180000,167,277,36195000,12681
1,2413,36195000,36195000,167,277,36210000,12686
1,2414,36210000,36210000,167,277,36225000,12691
1,2415,36225000,36225000,167,277,36240000,12695
1,2416,36240000,36240000,167,277,36255000,12701
1,2417,36255000,36255000,167,277,36270000,12707
1,2418,36270000,36270000,167,277,36285000,12712
1,2419,36285000,36285000,167,277,36300000,12716
1,242,3630000,3630000,167,277,3645000,1272
1,2420,36300000,36300000,167,277,36315000,12723
1,2421,36315000,36315000,167,277,36330000,12728
1,2422,36330000,36330000,167,277,36345000,12733
1,2423,36345000,36345000,167,277,36360000,12736
1,2424,36360000,36360000,167,277,36375000,12743
1,2425,36375000,36375000,167,277,36390000,12750
1,2426,36390000,36390000,167,277,36405000,12755
1,2427,36405000,36405000,167,277,36420000,12758
1,2428,36420000,36420000,167,277,36435000,12764
1,2429,36435000,36435000,167,277,36450000,12769
1,243,3645000,3645000,167,277,3660000,1276
1,2430,36450000,36450000,167,277,36465000,12775
1,2431,36465000,36465000,167,277,36480000,12780
1,2432,36480000,36480000,167,277,36495000,12786
1,2433,36495000,36495000,167,277,36510000,12791
1,2434,36510000,36510000,167,277,36525000,12795
1,2435,36525000,36525000,167,277,36540000,12799
1,2436,36540000,36540000,167,277,36555000,12808
1,2437,36555000,36555000,167,277,36570000,12813
1,2438,36570000,36570000,167,277,36585000,12817
1,2439,36585000,36585000,167,277,36600000,12820
1,244,3660000,3660000,167,277,3675000,1282
1,2440,36600000,36600000,167,277,36615000,12828
1,2441,36615000,36615000,167,277,36630000,12833
1,2442,36630000,36630000,167,277,36645000,12839
1,2443,36645000,36645000,167,277,36660000,12842
1,2444,36660000,36660000,167,277,36675000,12848
1,2445,36675000,36675000,167,277,36690000,12855
1,2446,36690000,36690000,167,277,36705000,12859
1,2447,36705000,36705000,167,277,36720000,12862
1,2448,36720000,36720000,167,277,36735000,12870
1,2449,36735000,36735000,167,277,36750000,12875
1,245,3675000,3675000,167,277,3690000,1288
1,2450,36750000,36750000,167,277,36765000,12881
1,2451,36765000,36765000,167,277,36780000,12884
1,2452,36780000,36780000,167,277,36795000,12890
1,2453,36795000,36795000,167,277,36810000,12896
1,2454,36810000,36810000,167,277,36825000,12902
1,2455,36825000,36825000,167,277,36840000,12906
1,2456,36840000,36840000,167,277,36855000,12912
1,2457,36855000,36855000,167,277,36870000,12917
1,2458,36870000,36870000,167,277,36885000,12921
1,2459,36885000,36885000,167,277,36900000,12926
1,246,3690000,3690000,167,277,3705000,1293
1,2460,36900000,36900000,167,277,36915000,12934
1,2461,36915000,36915000,167,277,36930000,12939
1,2462,36930000,36930000,167,277,36945000,12943
1,2463,36945000,36945000,167,277,36960000,12946
1,2464,36960000,36960000,167,277,36975000,12953
1,2465,36975000,36975000,167,277,36990000,12960
1,2466,36990000,36990000,167,277,37005000,12965
1,2467,37005000,37005000,167,277,37020000,12968
1,2468,37020000,37020000,167,277,37035000,12975
1,2469,37035000,37035000,167,277,37050000,12980
1,247,3705000,3705000,167,277,3720000,1297
1,2470,37050000,37050000,167,277,37065000,12986
1,2471,37065000,37065000,167,277,37080000,12989
1,2472,37080000,37080000,167,277,37095000,12996
1,2473,37095000,37095000,167,277,37110000,13002
1,2474,37110000,37110000,167,277,37125000,13006
1,2475,37125000,37125000,167,277,37140000,13010
1,2476,37140000,37140000,167,277,37155000,13017
1,2477,37155000,37155000,167,277,37170000,13022
1,2478,37170000,37170000,167,277,37185000,13028
1,2479,37185000,37185000,167,277,37200000,13031
1,248,3720000,3720000,167,277,3735000,1303
1,2480,37200000,37200000,167,277,37215000,13038
1,2481,37215000,37215000,167,277,37230000,13043
1,2482,37230000,37230000,167,277,37245000,13049
1,2483,37245000,37245000,167,277,37260000,13052
1,2484,37260000,37260000,167,277,37275000,13059
1,2485,37275000,37275000,167,277,37290000,13065
1,2486,37290000,37290000,167,277,37305000,13069
1,2487,37305000,37305000,167,277,37320000,13074
1,2488,37320000,37320000,167,277,37335000,13080
1,2489,37335000,37335000,167,277,37350000,13085
1,249,3735000,3735000,167,277,3750000,1309
1,2490,37350000,37350000,167,277,37365000,13091
1,2491,37365000,37365000,167,277,37380000,13094
1,2492,37380000,37380000,167,277,37395000,13101
1,2493,37395000,37395000,167,277,37410000,13107
1,2494,37410000,37410000,167,277,37425000,13111
1,2495,37425000,37425000,167,277,37440000,13115
1,2496,37440000,37440000,167,277,37455000,13123
1,2497,37455000,37455000,167,277,37470000,13128
1,2498,37470000,37470000,167,277,37485000,13132
1,2499,37485000,37485000,167,277,37500000,13136
1,25,375000,375000,167,277,390000,132
1,250,3750000,3750000,167,277,3765000,1314
1,2500,37500000,37500000,167,277,37515000,13143
1,2501,37515000,37515000,167,277,37530000,13149
1,2502,37530000,37530000,167,277,37545000,13154
1,2503,37545000,37545000,167,277,37560000,13157
1,2504,37560000,37560000,167,277,37575000,13164
1,2505,37575000,37575000,167,277,37590000,13170
1,2506,37590000,37590000,167,277,37605000,13175
1,2507,37605000,37605000,167,277,37620000,13178
1,2508,37620000,37620000,167,277,37635000,13185
1,2509,37635000,37635000,167,277,37650000,13190
1,251,3765000,3765000,167,277,3780000,1317
1,2510,37650000,37650000,167,277,37665000,13197
1,2511,37665000,37665000,167,277,37680000,13200
1,2512,37680000,37680000,167,277,37695000,13206
1,2513,37695000,37695000,167,277,37710000,13211
1,2514,37710000,37710000,167,277,37725000,13216
1,2515,37725000,37725000,167,277,37740000,13221
1,2516,37740000,37740000,167,277,37755000,13228
1,2517,37755000,37755000,167,277,37770000,13233
1,2518,37770000,37770000,167,277,37785000,13237
1,2519,37785000,37785000,167,277,37800000,13240
1,252,3780000,3780000,167,277,3795000,1325
1,2520,37800000,37800000,167,277,37815000,13249
1,2521,37815000,37815000,167,277,37830000,13255
1,2522,37830000,37830000,167,277,37845000,13259
1,2523,37845000,37845000,167,277,37860000,13262
1,2524,37860000,37860000,167,277,37875000,13269
1,2525,37875000,37875000,167,277,37890000,13275
1,2526,37890000,37890000,167,277,37905000,13280
1,2527,37905000,37905000,167,277,37920000,13284
1,2528,37920000,37920000,167,277,37935000,13290
1,2529,37935000,37935000,167,277,37950000,13296
1,253,3795000,3795000,167,277,3810000,1330
1,2530,37950000,37950000,167,277,37965000,13301
1,2531,37965000,37965000,167,277,37980000,13304
1,2532,37980000,37980000,167,277,37995000,13311
1,2533,37995000,37995000,167,277,38010000,13317
1,2534,38010000,38010000,167,277,38025000,13322
1,2535,38025000,38025000,167,277,38040000,13326
1,2536,38040000,38040000,167,277,38055000,13332
1,2537,38055000,38055000,167,277,38070000,13337
1,2538,38070000,38070000,167,277,38085000,13344
1,2539,38085000,38085000,167,277,38100000,13347
1,254,3810000,3810000,167,277,3825000,1334
1,2540,38100000,38100000,167,277,38115000,13354
1,2541,38115000,38115000,167,277,38130000,13359
1,2542,38130000,38130000,167,277,38145000,13363
1,2543,38145000,38145000,167,277,38160000,13367
1,2544,38160000,38160000,167,277,38175000,13375
1,2545,38175000,38175000,167,277,38190000,13381
1,2546,38190000,38190000,167,277,38205000,13385
1,2547,38205000,38205000,167,277,38220000,13388
1,2548,38220000,38220000,167,277,38235000,13395
1,2549,38235000,38235000,167,277,38250000,13400
1,255,3825000,3825000,167,277,3840000,1339
1,2550,38250000,38250000,167,277,38265000,13407
1,2551,38265000,38265000,167,277,38280000,13410
1,2552,38280000,38280000,167,277,38295000,13417
1,2553,38295000,38295000,167,277,38310000,13422
1,2554,38310000,38310000,167,277,38325000,13426
1,2555,38325000,38325000,167,277,38340000,13431
1,2556,38340000,38340000,167,277,38355000,13438
1,2557,38355000,38355000,167,277,38370000,13444
1,2558,38370000,38370000,167,277,38385000,13448
1,2559,38385000,38385000,167,277,38400000,13451
1,256,3840000,3840000,167,277,3855000,1346
1,2560,38400000,38400000,167,277,38415000,13458
1,2561,38415000,38415000,167,277,38430000,13464
1,2562,38430000,38430000,167,277,38445000,13470
1,2563,38445000,38445000,167,277,38460000,13473
1,2564,38460000,38460000,167,277,38475000,13479
1,2565,38475000,38475000,167,277,38490000,13485
1,2566,38490000,38490000,167,277,38505000,13490
1,2567,38505000,38505000,167,277,38520000,13494
1,2568,38520000,38520000,167,277,38535000,13501
1,2569,38535000,38535000,167,277,38550000,13506
1,257,3855000,3855000,167,277,3870000,1351
1,2570,38550000,38550000,167,277,38565000,13511
1,2571,38565000,38565000,167,277,38580000,13515
1,2572,38580000,38580000,167,277,38595000,13522
1,2573,38595000,38595000,167,277,38610000,13527
1,2574,38610000,38610000,167,277,38625000,13532
1,2575,38625000,38625000,167,277,38640000,13536
1,2576,38640000,38640000,167,277,38655000,13543
1,2577,38655000,38655000,167,277,38670000,13548
1,2578,38670000,38670000,167,277,38685000,13553
1,2579,38685000,38685000,167,277,38700000,13556
1,258,3870000,3870000,167,277,3885000,1356
1,2580,38700000,38700000,167,277,38715000,13565
1,2581,38715000,38715000,167,277,38730000,13570
1,2582,38730000,38730000,167,277,38745000,13574
1,2583,38745000,38745000,167,277,38760000,13577
1,2584,38760000,38760000,167,277,38775000,13584
1,2585,38775000,38775000,167,277,38790000,13591
1,2586,38790000,38790000,167,277,38805000,13596
1,2587,38805000,38805000,167,277,38820000,13599
1,2588,38820000,38820000,167,277,38835000,13605
1,2589,38835000,38835000,167,277,38850000,13611
1,259,3885000,3885000,167,277,3900000,1359
1,2590,38850000,38850000,167,277,38865000,13617
1,2591,38865000,38865000,167,277,38880000,13620
1,2592,38880000,38880000,167,277,38895000,13627
1,2593,38895000,38895000,167,277,38910000,13632
1,2594,38910000,38910000,167,277,38925000,13637
1,2595,38925000,38925000,167,277,38940000,13642
1,2596,38940000,38940000,167,277,38955000,13648
1,2597,38955000,38955000,167,277,38970000,13653
1,2598,38970000,38970000,167,277,38985000,13658
1,2599,38985000,38985000,167,277,39000000,13662
1,26,390000,390000,167,277,405000,136
1,260,3900000,3900000,167,277,3915000,1367
1,2600,39000000,39000000,167,277,39015000,13669
1,2601,39015000,39015000,167,277,39030000,13675
1,2602,39030000,39030000,167,277,39045000,13679
1,2603,39045000,39045000,167,277,39060000,13682
1,2604,39060000,39060000,167,277,39075000,13690
1,2605,39075000,39075000,167,277,39090000,13696
1,2606,39090000,39090000,167,277,39105000,13701
1,2607,39105000,39105000,167,277,39120000,13704
1,2608,39120000,39120000,167,277,39135000,13711
1,2609,39135000,39135000,167,277,39150000,13716
1,261,3915000,3915000,167,277,3930000,1373
1,2610,39150000,39150000,167,277,39165000,13722
1,2611,39165000,39165000,167,277,39180000,13725
1,2612,39180000,39180000,167,277,39195000,13732
1,2613,39195000,39195000,167,277,39210000,13738
1,2614,39210000,39210000,167,277,39225000,13742
1,2615,39225000,39225000,167,277,39240000,13746
1,2616,39240000,39240000,167,277,39255000,13753
1,2617,39255000,39255000,167,277,39270000,13758
1,2618,39270000,39270000,167,277,39285000,13764
1,2619,39285000,39285000,167,277,39300000,13767
1,262,3930000,3930000,167,277,3945000,1377
1,2620,39300000,39300000,167,277,39315000,13774
1,2621,39315000,39315000,167,277,39330000,13779
1,2622,39330000,39330000,167,277,39345000,13785
1,2623,39345000,39345000,167,277,39360000,13789
1,2624,39360000,39360000,167,277,39375000,13795
1,2625,39375000,39375000,167,277,39390000,13801
1,2626,39390000,39390000,167,277,39405000,13805
1,2627,39405000,39405000,167,277,39420000,13809
1,2628,39420000,39420000,167,277,39435000,13816
1,2629,39435000,39435000,167,277,39450000,13822
1,263,3945000,3945000,167,277,3960000,1380
1,2630,39450000,39450000,167,277,39465000,13827
1,2631,39465000,39465000,167,277,39480000,13830
1,2632,39480000,39480000,167,277,39495000,13837
1,2633,39495000,39495000,167,277,39510000,13842
1,2634,39510000,39510000,167,277,39525000,13847
1,2635,39525000,39525000,167,277,39540000,13852
1,2636,39540000,39540000,167,277,39555000,13859
1,2637,39555000,39555000,167,277,39570000,13864
1,2638,39570000,39570000,167,277,39585000,13868
1,2639,39585000,39585000,167,277,39600000,13871
1,264,3960000,3960000,167,277,3975000,1387
1,2640,39600000,39600000,167,277,39615000,13880
1,2641,39615000,39615000,167,277,39630000,13886
1,2642,39630000,39630000,167,277,39645000,13890
1,2643,39645000,39645000,167,277,39660000,13893
1,2644,39660000,39660000,167,277,39675000,13899
1,2645,39675000,39675000,167,277,39690000,13905
1,2646,39690000,39690000,167,277,39705000,13912
1,2647,39705000,39705000,167,277,39720000,13915
1,2648,39720000,39720000,167,277,39735000,13921
1,2649,39735000,39735000,167,277,39750000,13926
1,265,3975000,3975000,167,277,3990000,1393
1,2650,39750000,39750000,167,277,39765000,13932
1,2651,39765000,39765000,167,277,39780000,13935
1,2652,39780000,39780000,167,277,39795000,13943
1,2653,39795000,39795000,167,277,39810000,13948
1,2654,39810000,39810000,167,277,39825000,13952
1,2655,39825000,39825000,167,277,39840000,13957
1,2656,39840000,39840000,167,277,39855000,13963
1,2657,39855000,39855000,167,277,39870000,13969
1,2658,39870000,39870000,167,277,39885000,13974
1,2659,39885000,39885000,167,277,39900000,13977
1,266,3990000,3990000,167,277,4005000,1399
1,2660,39900000,39900000,167,277,39915000,13985
1,2661,39915000,39915000,167,277,39930000,13990
1,2662,39930000,39930000,167,277,39945000,13994
1,2663,39945000,39945000,167,277,39960000,13998
1,2664,39960000,39960000,167,277,39975000,14006
1,2665,39975000,39975000,167,277,39990000,14012
1,2666,39990000,39990000,167,277,40005000,14016
1,2667,40005000,40005000,167,277,40020000,14019
1,2668,40020000,40020000,167,277,40035000,14025
1,2669,40035000,40035000,167,277,40050000,14032
1,267,4005000,4005000,167,277,4020000,1402
1,2670,40050000,40050000,167,277,40065000,14038
1,2671,40065000,40065000,167,277,40080000,14041
1,2672,40080000,40080000,167,277,40095000,14047
1,2673,40095000,40095000,167,277,40110000,14052
1,2674,40110000,40110000,167,277,40125000,14058
1,2675,40125000,40125000,167,277,40140000,14062
1,2676,40140000,40140000,167,277,40155000,14069
1,2677,40155000,40155000,167,277,40170000,14074
1,2678,40170000,40170000,167,277,40185000,14079
1,2679,40185000,40185000,167,277,40200000,14082
1,268,4020000,4020000,167,277,4035000,1408
1,2680,40200000,40200000,167,277,40215000,14090
1,2681,40215000,40215000,167,277,40230000,14095
1,2682,40230000,40230000,167,277,40245000,14100
1,2683,40245000,40245000,167,277,40260000,14104
1,2684,40260000,40260000,167,277,40275000,14110
1,2685,40275000,40275000,167,277,40290000,14116
1,2686,40290000,40290000,167,277,40305000,14121
1,2687,40305000,40305000,167,277,40320000,14124
1,2688,40320000,40320000,167,277,40335000,14132
1,2689,40335000,40335000,167,277,40350000,14137
1,269,4035000,4035000,167,277,4050000,1413
1,2690,40350000,40350000,167,277,40365000,14142
1,2691,40365000,40365000,167,277,40380000,14146
1,2692,40380000,40380000,167,277,40395000,14153
1,2693,40395000,40395000,167,277,40410000,14158
1,2694,40410000,40410000,167,277,40425000,14163
1,2695,40425000,40425000,167,277,40440000,14167
1,2696,40440000,40440000,167,277,40455000,14173
1,2697,40455000,40455000,167,277,40470000,14180
1,2698,40470000,40470000,167,277,40485000,14184
1,2699,40485000,40485000,167,277,40500000,14187
1,27,405000,405000,167,277,420000,139
1,270,4050000,4050000,167,277,4065000,1420
1,2700,40500000,40500000,167,277,40515000,14195
1,2701,40515000,40515000,167,277,40530000,14200
1,2702,40530000,40530000,167,277,40545000,14205
1,2703,40545000,40545000,167,277,40560000,14209
1,2704,40560000,40560000,167,277,40575000,14215
1,2705,40575000,40575000,167,277,40590000,14221
1,2706,40590000,40590000,167,277,40605000,14227
1,2707,40605000,40605000,167,277,40620000,14230
1,2708,40620000,40620000,167,277,40635000,14237
1,2709,40635000,40635000,167,277,40650000,14242
1,271,4065000,4065000,167,277,4080000,1423
1,2710,40650000,40650000,167,277,40665000,14247
1,2711,40665000,40665000,167,277,40680000,14251
1,2712,40680000,40680000,167,277,40695000,14258
1,2713,40695000,40695000,167,277,40710000,14263
1,2714,40710000,40710000,167,277,40725000,14268
1,2715,40725000,40725000,167,277,40740000,14272
1,2716,40740000,40740000,167,277,40755000,14279
1,2717,40755000,40755000,167,277,40770000,14284
1,2718,40770000,40770000,167,277,40785000,14289
1,2719,40785000,40785000,167,277,40800000,14292
1,272,4080000,4080000,167,277,4095000,1430
1,2720,40800000,40800000,167,277,40815000,14301
1,2721,40815000,40815000,167,277,40830000,14306
1,2722,40830000,40830000,167,277,40845000,14310
1,2723,40845000,40845000,167,277,40860000,14313
1,2724,40860000,40860000,167,277,40875000,14320
1,2725,40875000,40875000,167,277,40890000,14328
1,2726,40890000,40890000,167,277,40905000,14332
1,2727,40905000,40905000,167,277,40920000,14335
1,2728,40920000,40920000,167,277,40935000,14341
1,2729,40935000,40935000,167,277,40950000,14346
1,273,4095000,4095000,167,277,4110000,1435
1,2730,40950000,40950000,167,277,40965000,14353
1,2731,40965000,40965000,167,277,40980000,14357
1,2732,40980000,40980000,167,277,40995000,14363
1,2733,40995000,40995000,167,277,41010000,14368
1,2734,41010000,41010000,167,277,41025000,14373
1,2735,41025000,41025000,167,277,41040000,14377
1,2736,41040000,41040000,167,277,41055000,14384
1,2737,41055000,41055000,167,277,41070000,14390
1,2738,41070000,41070000,167,277,41085000,14394
1,2739,41085000,41085000,167,277,41100000,14398
1,274,4110000,4110000,167,277,4125000,1439
1,2740,41100000,41100000,167,277,41115000,14405
1,2741,41115000,41115000,167,277,41130000,14410
1,2742,41130000,41130000,167,277,41145000,14416
1,2743,41145000,41145000,167,277,41160000,14419
1,2744,41160000,41160000,167,277,41175000,14426
1,2745,41175000,41175000,167,277,41190000,14432
1,2746,41190000,41190000,167,277,41205000,14436
1,2747,41205000,41205000,167,277,41220000,14439
1,2748,41220000,41220000,167,277,41235000,14448
1,2749,41235000,41235000,167,277,41250000,14453
1,275,4125000,4125000,167,277,4140000,1444
1,2750,41250000,41250000,167,277,41265000,14458
1,2751,41265000,41265000,167,277,41280000,14461
1,2752,41280000,41280000,167,277,41295000,14467
1,2753,41295000,41295000,167,277,41310000,14473
1,2754,41310000,41310000,167,277,41325000,14479
1,2755,41325000,41325000,167,277,41340000,14483
1,2756,41340000,41340000,167,277,41355000,14489
1,2757,41355000,41355000,167,277,41370000,14494
1,2758,41370000,41370000,167,277,41385000,14499
1,2759,41385000,41385000,167,277,41400000,14503
1,276,4140000,4140000,167,277,4155000,1451
1,2760,41400000,41400000,167,277,41415000,14511
1,2761,41415000,41415000,167,277,41430000,14516
1,2762,41430000,41430000,167,277,41445000,14521
1,2763,41445000,41445000,167,277,41460000,14524
1,2764,41460000,41460000,167,277,41475000,14530
1,2765,41475000,41475000,167,277,41490000,14537
1,2766,41490000,41490000,167,277,41505000,14542
1,2767,41505000,41505000,167,277,41520000,14546
1,2768,41520000,41520000,167,277,41535000,14552
1,2769,41535000,41535000,167,277,41550000,14557
1,277,4155000,4155000,167,277,4170000,1457
1,2770,41550000,41550000,167,277,41565000,14562
1,2771,41565000,41565000,167,277,41580000,14566
1,2772,41580000,41580000,167,277,41595000,14574
1,2773,41595000,41595000,167,277,41610000,14579
1,2774,41610000,41610000,167,277,41625000,14583
1,2775,41625000,41625000,167,277,41640000,14587
1,2776,41640000,41640000,167,277,41655000,14595
1,2777,41655000,41655000,167,277,41670000,14600
1,2778,41670000,41670000,167,277,41685000,14605
1,2779,41685000,41685000,167,277,41700000,14608
1,278,4170000,4170000,167,277,4185000,1461
1,2780,41700000,41700000,167,277,41715000,14615
1,2781,41715000,41715000,167,277,41730000,14621
1,2782,41730000,41730000,167,277,41745000,14626
1,2783,41745000,41745000,167,277,41760000,14629
1,2784,41760000,41760000,167,277,41775000,14636
1,2785,41775000,41775000,167,277,41790000,14642
1,2786,41790000,41790000,167,277,41805000,14647
1,2787,41805000,41805000,167,277,41820000,14650
1,2788,41820000,41820000,167,277,41835000,14657
1,2789,41835000,41835000,167,277,41850000,14662
1,279,4185000,4185000,167,277,4200000,1464
1,2790,41850000,41850000,167,277,41865000,14669
1,2791,41865000,41865000,167,277,41880000,14672
1,2792,41880000,41880000,167,277,41895000,14678
1,2793,41895000,41895000,167,277,41910000,14684
1,2794,41910000,41910000,167,277,41925000,14688
1,2795,41925000,41925000,167,277,41940000,14693
1,2796,41940000,41940000,167,277,41955000,14700
1,2797,41955000,41955000,167,277,41970000,14705
1,2798,41970000,41970000,167,277,41985000,14709
1,2799,41985000,41985000,167,277,42000000,14713
1,28,420000,420000,167,277,435000,147
1,280,4200000,4200000,167,277,4215000,1472
1,2800,42000000,42000000,167,277,42015000,14721
1,2801,42015000,42015000,167,277,42030000,14726
1,2802,42030000,42030000,167,277,42045000,14731
1,2803,42045000,42045000,167,277,42060000,14734
1,2804,42060000,42060000,167,277,42075000,14741
1,2805,42075000,42075000,167,277,42090000,14748
1,2806,42090000,42090000,167,277,42105000,14752
1,2807,42105000,42105000,167,277,42120000,14755
1,2808,42120000,42120000,167,277,42135000,14762
1,2809,42135000,42135000,167,277,42150000,14768
1,281,4215000,4215000,167,277,4230000,1477
1,2810,42150000,42150000,167,277,42165000,14774
1,2811,42165000,42165000,167,277,42180000,14777
1,2812,42180000,42180000,167,277,42195000,14783
1,2813,42195000,42195000,167,277,42210000,14788
1,2814,42210000,42210000,167,277,42225000,14794
1,2815,42225000,42225000,167,277,42240000,14798
1,2816,42240000,42240000,167,277,42255000,14805
1,2817,42255000,42255000,167,277,42270000,14810
1,2818,42270000,42270000,167,277,42285000,14815
1,2819,42285000,42285000,167,277,42300000,14818
1,282,4230000,4230000,167,277,4245000,1482
1,2820,42300000,42300000,167,277,42315000,14826
1,2821,42315000,42315000,167,277,42330000,14831
1,2822,42330000,42330000,167,277,42345000,14836
1,2823,42345000,42345000,167,277,42360000,14840
1,2824,42360000,42360000,167,277,42375000,14846
1,2825,42375000,42375000,167,277,42390000,14852
1,2826,42390000,42390000,167,277,42405000,14857
1,2827,42405000,42405000,167,277,42420000,14861
1,2828,42420000,42420000,167,277,42435000,14868
1,2829,42435000,42435000,167,277,42450000,14873
1,283,4245000,4245000,167,277,4260000,1486
1,2830,42450000,42450000,167,277,42465000,14878
1,2831,42465000,42465000,167,277,42480000,14881
1,2832,42480000,42480000,167,277,42495000,14889
1,2833,42495000,42495000,167,277,42510000,14895
1,2834,42510000,42510000,167,277,42525000,14899
1,2835,42525000,42525000,167,277,42540000,14903
1,2836,42540000,42540000,167,277,42555000,14909
1,2837,42555000,42555000,167,277,42570000,14915
1,2838,42570000,42570000,167,277,42585000,14920
1,2839,42585000,42585000,167,277,42600000,14924
1,284,4260000,4260000,167,277,4275000,1493
1,2840,42600000,42600000,167,277,42615000,14931
1,2841,42615000,42615000,167,277,42630000,14936
1,2842,42630000,42630000,167,277,42645000,14941
1,2843,42645000,42645000,167,277,42660000,14944
1,2844,42660000,42660000,167,277,42675000,14952
1,2845,42675000,42675000,167,277,42690000,14958
1,2846,42690000,42690000,167,277,42705000,14963
1,2847,42705000,42705000,167,277,42720000,14966
1,2848,42720000,42720000,167,277,42735000,14972
1,2849,42735000,42735000,167,277,42750000,14977
1,285,4275000,4275000,167,277,4290000,1499
1,2850,42750000,42750000,167,277,42765000,14984
1,2851,42765000,42765000,167,277,42780000,14988
1,2852,42780000,42780000,167,277,42795000,14994
1,2853,42795000,42795000,167,277,42810000,14999
1,2854,42810000,42810000,167,277,42825000,15003
1,2855,42825000,42825000,167,277,42840000,15007
1,2856,42840000,42840000,167,277,42855000,15016
1,2857,42855000,42855000,167,277,42870000,15021
1,2858,42870000,42870000,167,277,42885000,15025
1,2859,42885000,42885000,167,277,42900000,15028
1,286,4290000,4290000,167,277,4305000,1503
1,2860,42900000,42900000,167,277,42915000,15036
1,2861,42915000,42915000,167,277,42930000,15042
1,2862,42930000,42930000,167,277,42945000,15047
1,2863,42945000,42945000,167,277,42960000,15050
1,2864,42960000,42960000,167,277,42975000,15056
1,2865,42975000,42975000,167,277,42990000,15063
1,2866,42990000,42990000,167,277,43005000,15067
1,2867,43005000,43005000,167,277,43020000,15071
1,2868,43020000,43020000,167,277,43035000,15078
1,2869,43035000,43035000,167,277,43050000,15083
1,287,4305000,4305000,167,277,4320000,1506
1,2870,43050000,43050000,167,277,43065000,15089
1,2871,43065000,43065000,167,277,43080000,15092
1,2872,43080000,43080000,167,277,43095000,15098
1,2873,43095000,43095000,167,277,43110000,15104
1,2874,43110000,43110000,167,277,43125000,15110
1,2875,43125000,43125000,167,277,43140000,15114
1,2876,43140000,43140000,167,277,43155000,15120
1,2877,43155000,43155000,167,277,43170000,15125
1,2878,43170000,43170000,167,277,43185000,15130
1,2879,43185000,43185000,167,277,43200000,15134
1,288,4320000,4320000,167,277,4335000,1513
1,2880,43200000,43200000,167,277,43215000,15142
1,2881,43215000,43215000,167,277,43230000,15147
1,2882,43230000,43230000,167,277,43245000,15151
1,2883,43245000,43245000,167,277,43260000,15154
1,2884,43260000,43260000,167,277,43275000,15162
1,2885,43275000,43275000,167,277,43290000,15168
1,2886,43290000,43290000,167,277,43305000,15173
1,2887,43305000,43305000,167,277,43320000,15176
1,2888,43320000,43320000,167,277,43335000,15183
1,2889,43335000,43335000,167,277,43350000,15188
1,289,4335000,4335000,167,277,4350000,1520
1,2890,43350000,43350000,167,277,43365000,15194
1,2891,43365000,43365000,167,277,43380000,15197
1,2892,43380000,43380000,167,277,43395000,15204
1,2893,43395000,43395000,167,277,43410000,15210
1,2894,43410000,43410000,167,277,43425000,15214
1,2895,43425000,43425000,167,277,43440000,15219
1,2896,43440000,43440000,167,277,43455000,15225
1,2897,43455000,43455000,167,277,43470000,15230
1,2898,43470000,43470000,167,277,43485000,15236
1,2899,43485000,43485000,167,277,43500000,15239
1,29,435000,435000,167,277,450000,152
1,290,4350000,4350000,167,277,4365000,1525
1,2900,43500000,43500000,167,277,43515000,15246
1,2901,43515000,43515000,167,277,43530000,15252
1,2902,43530000,43530000,167,277,43545000,15257
1,2903,43545000,43545000,167,277,43560000,15260
1,2904,43560000,43560000,167,277,43575000,15267
1,2905,43575000,43575000,167,277,43590000,15273
1,2906,43590000,43590000,167,277,43605000,15277
1,2907,43605000,43605000,167,277,43620000,15282
1,2908,43620000,43620000,167,277,43635000,15288
1,2909,43635000,43635000,167,277,43650000,15293
1,291,4365000,4365000,167,277,4380000,1528
1,2910,43650000,43650000,167,277,43665000,15299
1,2911,43665000,43665000,167,277,43680000,15302
1,2912,43680000,43680000,167,277,43695000,15310
1,2913,43695000,43695000,167,277,43710000,15315
1,2914,43710000,43710000,167,277,43725000,15319
1,2915,43725000,43725000,167,277,43740000,15323
1,2916,43740000,43740000,167,277,43755000,15331
1,2917,43755000,43755000,167,277,43770000,15336
1,2918,43770000,43770000,167,277,43785000,15341
1,2919,43785000,43785000,167,277,43800000,15344
1,292,4380000,4380000,167,277,4395000,1534
1,2920,43800000,43800000,167,277,43815000,15351
1,2921,43815000,43815000,167,277,43830000,15357
1,2922,43830000,43830000,167,277,43845000,15362
1,2923,43845000,43845000,167,277,43860000,15365
1,2924,43860000,43860000,167,277,43875000,15372
1,2925,43875000,43875000,167,277,43890000,15378
1,2926,43890000,43890000,167,277,43905000,15383
1,2927,43905000,43905000,167,277,43920000,15386
1,2928,43920000,43920000,167,277,43935000,15393
1,2929,43935000,43935000,167,277,43950000,15399
1,293,4395000,4395000,167,277,4410000,1539
1,2930,43950000,43950000,167,277,43965000,15405
1,2931,43965000,43965000,167,277,43980000,15408
1,2932,43980000,43980000,167,277,43995000,15414
1,2933,43995000,43995000,167,277,44010000,15419
1,2934,44010000,44010000,167,277,44025000,15424
1,2935,44025000,44025000,167,277,44040000,15430
1,2936,44040000,44040000,167,277,44055000,15436
1,2937,44055000,44055000,167,277,44070000,15441
1,2938,44070000,44070000,167,277,44085000,15445
1,2939,44085000,44085000,167,277,44100000,15448
1,294,4410000,4410000,167,277,4425000,1546
1,2940,44100000,44100000,167,277,44115000,15457
1,2941,44115000,44115000,167,277,44130000,15463
1,2942,44130000,44130000,167,277,44145000,15467
1,2943,44145000,44145000,167,277,44160000,15470
1,2944,44160000,44160000,167,277,44175000,15477
1,2945,44175000,44175000,167,277,44190000,15483
1,2946,44190000,44190000,167,277,44205000,15489
1,2947,44205000,44205000,167,277,44220000,15492
1,2948,44220000,44220000,167,277,44235000,15498
1,2949,44235000,44235000,167,277,44250000,15504
1,295,4425000,4425000,167,277,4440000,1550
1,2950,44250000,44250000,167,277,44265000,15509
1,2951,44265000,44265000,167,277,44280000,15512
1,2952,44280000,44280000,167,277,44295000,15520
1,2953,44295000,44295000,167,277,44310000,15525
1,2954,44310000,44310000,167,277,44325000,15530
1,2955,44325000,44325000,167,277,44340000,15534
1,2956,44340000,44340000,167,277,44355000,15540
1,2957,44355000,44355000,167,277,44370000,15545
1,2958,44370000,44370000,167,277,44385000,15552
1,2959,44385000,44385000,167,277,44400000,15555
1,296,4440000,4440000,167,277,4455000,1556
1,2960,44400000,44400000,167,277,44415000,15562
1,2961,44415000,44415000,167,277,44430000,15567
1,2962,44430000,44430000,167,277,44445000,15571
1,2963,44445000,44445000,167,277,44460000,15576
1,2964,44460000,44460000,167,277,44475000,15583
1,2965,44475000,44475000,167,277,44490000,15589
1,2966,44490000,44490000,167,277,44505000,15593
1,2967,44505000,44505000,167,277,44520000,15596
1,2968,44520000,44520000,167,277,44535000,15603
1,2969,44535000,44535000,167,277,44550000,15609
1,297,4455000,4455000,167,277,4470000,1561
1,2970,44550000,44550000,167,277,44565000,15615
1,2971,44565000,44565000,167,277,44580000,15618
1,2972,44580000,44580000,167,277,44595000,15625
1,2973,44595000,44595000,167,277,44610000,15630
1,2974,44610000,44610000,167,277,44625000,15634
1,2975,44625000,44625000,167,277,44640000,15639
1,2976,44640000,44640000,167,277,44655000,15646
1,2977,44655000,44655000,167,277,44670000,15652
1,2978,44670000,44670000,167,277,44685000,15656
1,2979,44685000,44685000,167,277,44700000,15659
1,298,4470000,4470000,167,277,4485000,1566
1,2980,44700000,44700000,167,277,44715000,15667
1,2981,44715000,44715000,167,277,44730000,15672
1,2982,44730000,44730000,167,277,44745000,15678
1,2983,44745000,44745000,167,277,44760000,15681
1,2984,44760000,44760000,167,277,44775000,15687
1,2985,44775000,44775000,167,277,44790000,15693
1,2986,44790000,44790000,167,277,44805000,15699
1,2987,44805000,44805000,167,277,44820000,15702
1,2988,44820000,44820000,167,277,44835000,15709
1,2989,44835000,44835000,167,277,44850000,15714
1,299,4485000,4485000,167,277,4500000,1569
1,2990,44850000,44850000,167,277,44865000,15719
1,2991,44865000,44865000,167,277,44880000,15723
1,2992,44880000,44880000,167,277,44895000,15730
1,2993,44895000,44895000,167,277,44910000,15735
1,2994,44910000,44910000,167,277,44925000,15740
1,2995,44925000,44925000,167,277,44940000,15744
1,2996,44940000,44940000,167,277,44955000,15751
1,2997,44955000,44955000,167,277,44970000,15757
1,2998,44970000,44970000,167,277,44985000,15761
1,2999,44985000,44985000,167,277,45000000,15764
1,3,45000,45000,167,277,60000,13
1,30,450000,450000,167,277,465000,158
1,300,4500000,4500000,167,277,4515000,1578
1,3000,45000000,45000000,167,277,45015000,15773
1,3001,45015000,45015000,167,277,45030000,15778
1,3002,45030000,45030000,167,277,45045000,15782
1,3003,45045000,45045000,167,277,45060000,15786
1,3004,45060000,45060000,167,277,45075000,15792
1,3005,45075000,45075000,167,277,45090000,15799
1,3006,45090000,45090000,167,277,45105000,15804
1,3007,45105000,45105000,167,277,45120000,15807
1,3008,45120000,45120000,167,277,45135000,15813
1,3009,45135000,45135000,167,277,45150000,15819
1,301,4515000,4515000,167,277,4530000,1583
1,3010,45150000,45150000,167,277,45165000,15825
1,3011,45165000,45165000,167,277,45180000,15828
1,3012,45180000,45180000,167,277,45195000,15835
1,3013,45195000,45195000,167,277,45210000,15840
1,3014,45210000,45210000,167,277,45225000,15846
1,3015,45225000,45225000,167,277,45240000,15850
1,3016,45240000,45240000,167,277,45255000,15856
1,3017,45255000,45255000,167,277,45270000,15861
1,3018,45270000,45270000,167,277,45285000,15866
1,3019,45285000,45285000,167,277,45300000,15870
1,302,4530000,4530000,167,277,4545000,1587
1,3020,45300000,45300000,167,277,45315000,15878
1,3021,45315000,45315000,167,277,45330000,15883
1,3022,45330000,45330000,167,277,45345000,15887
1,3023,45345000,45345000,167,277,45360000,15890
1,3024,45360000,45360000,167,277,45375000,15898
1,3025,45375000,45375000,167,277,45390000,15904
1,3026,45390000,45390000,167,277,45405000,15909
1,3027,45405000,45405000,167,277,45420000,15912
1,3028,45420000,45420000,167,277,45435000,15919
1,3029,45435000,45435000,167,277,45450000,15924
1,303,4545000,4545000,167,277,4560000,1591
1,3030,45450000,45450000,167,277,45465000,15930
1,3031,45465000,45465000,167,277,45480000,15934
1,3032,45480000,45480000,167,277,45495000,15940
1,3033,45495000,45495000,167,277,45510000,15946
1,3034,45510000,45510000,167,277,45525000,15950
1,3035,45525000,45525000,167,277,45540000,15954
1,3036,45540000,45540000,167,277,45555000,15961
1,3037,45555000,45555000,167,277,45570000,15967
1,3038,45570000,45570000,167,277,45585000,15972
1,3039,45585000,45585000,167,277,45600000,15975
1,304,4560000,4560000,167,277,4575000,1597
1,3040,45600000,45600000,167,277,45615000,15982
1,3041,45615000,45615000,167,277,45630000,15987
1,3042,45630000,45630000,167,277,45645000,15993
1,3043,45645000,45645000,167,277,45660000,15997
1,3044,45660000,45660000,167,277,45675000,16003
1,3045,45675000,45675000,167,277,45690000,16009
1,3046,45690000,45690000,167,277,45705000,16013
1,3047,45705000,45705000,167,277,45720000,16017
1,3048,45720000,45720000,167,277,45735000,16025
1,3049,45735000,45735000,167,277,45750000,16030
1,305,4575000,4575000,167,277,4590000,1603
1,3050,45750000,45750000,167,277,45765000,16035
1,3051,45765000,45765000,167,277,45780000,16038
1,3052,45780000,45780000,167,277,45795000,16045
1,3053,45795000,45795000,167,277,45810000,16050
1,3054,45810000,45810000,167,277,45825000,16056
1,3055,45825000,45825000,167,277,45840000,16060
1,3056,45840000,45840000,167,277,45855000,16067
1,3057,45855000,45855000,167,277,45870000,16072
1,3058,45870000,45870000,167,277,45885000,16076
1,3059,45885000,45885000,167,277,45900000,16079
1,306,4590000,4590000,167,277,4605000,1609
1,3060,45900000,45900000,167,277,45915000,16088
1,3061,45915000,45915000,167,277,45930000,16094
1,3062,45930000,45930000,167,277,45945000,16098
1,3063,45945000,45945000,167,277,45960000,16101
1,3064,45960000,45960000,167,277,45975000,16107
1,3065,45975000,45975000,167,277,45990000,16114
1,3066,45990000,45990000,167,277,46005000,16120
1,3067,46005000,46005000,167,277,46020000,16123
1,3068,46020000,46020000,167,277,46035000,16129
1,3069,46035000,46035000,167,277,46050000,16134
1,307,4605000,4605000,167,277,4620000,1612
1,3070,46050000,46050000,167,277,46065000,16140
1,3071,46065000,46065000,167,277,46080000,16144
1,3072,46080000,46080000,167,277,46095000,16151
1,3073,46095000,46095000,167,277,46110000,16156
1,3074,46110000,46110000,167,277,46125000,16160
1,3075,46125000,46125000,167,277,46140000,16165
1,3076,46140000,46140000,167,277,46155000,16171
1,3077,46155000,46155000,167,277,46170000,16177
1,3078,46170000,46170000,167,277,46185000,16182
1,3079,46185000,46185000,167,277,46200000,16185
1,308,4620000,4620000,167,277,4635000,1619
1,3080,46200000,46200000,167,277,46215000,16193
1,3081,46215000,46215000,167,277,46230000,16198
1,3082,46230000,46230000,167,277,46245000,16203
1,3083,46245000,46245000,167,277,46260000,16206
1,3084,46260000,46260000,167,277,46275000,16214
1,3085,46275000,46275000,167,277,46290000,16220
1,3086,46290000,46290000,167,277,46305000,16224
1,3087,46305000,46305000,167,277,46320000,16227
1,3088,46320000,46320000,167,277,46335000,16234
1,3089,46335000,46335000,167,277,46350000,16240
1,309,4635000,4635000,167,277,4650000,1624
1,3090,46350000,46350000,167,277,46365000,16246
1,3091,46365000,46365000,167,277,46380000,16249
1,3092,46380000,46380000,167,277,46395000,16255
1,3093,46395000,46395000,167,277,46410000,16260
1,3094,46410000,46410000,167,277,46425000,16266
1,3095,46425000,46425000,167,277,46440000,16270
1,3096,46440000,46440000,167,277,46455000,16277
1,3097,46455000,46455000,167,277,46470000,16282
1,3098,46470000,46470000,167,277,46485000,16287
1,3099,46485000,46485000,167,277,46500000,16291
1,31,465000,465000,167,277,480000,161
1,310,4650000,4650000,167,277,4665000,1629
1,3100,46500000,46500000,167,277,46515000,16298
1,3101,46515000,46515000,167,277,46530000,16303
1,3102,46530000,46530000,167,277,46545000,16308
1,3103,46545000,46545000,167,277,46560000,16312
1,3104,46560000,46560000,167,277,46575000,16318
1,3105,46575000,46575000,167,277,46590000,16325
1,3106,46590000,46590000,167,277,46605000,16329
1,3107,46605000,46605000,167,277,46620000,16332
1,3108,46620000,46620000,167,277,46635000,16340
1,3109,46635000,46635000,167,277,46650000,16345
1,311,4665000,4665000,167,277,4680000,1633
1,3110,46650000,46650000,167,277,46665000,16350
1,3111,46665000,46665000,167,277,46680000,16354
1,3112,46680000,46680000,167,277,46695000,16361
1,3113,46695000,46695000,167,277,46710000,16366
1,3114,46710000,46710000,167,277,46725000,16371
1,3115,46725000,46725000,167,277,46740000,16375
1,3116,46740000,46740000,167,277,46755000,16382
1,3117,46755000,46755000,167,277,46770000,16388
1,3118,46770000,46770000,167,277,46785000,16392
1,3119,46785000,46785000,167,277,46800000,16395
1,312,4680000,4680000,167,277,4695000,1641
1,3120,46800000,46800000,167,277,46815000,16403
1,3121,46815000,46815000,167,277,46830000,16408
1,3122,46830000,46830000,167,277,46845000,16414
1,3123,46845000,46845000,167,277,46860000,16417
1,3124,46860000,46860000,167,277,46875000,16423
1,3125,46875000,46875000,167,277,46890000,16429
1,3126,46890000,46890000,167,277,46905000,16435
1,3127,46905000,46905000,167,277,46920000,16438
1,3128,46920000,46920000,167,277,46935000,16445
1,3129,46935000,46935000,167,277,46950000,16450
1,313,4695000,4695000,167,277,4710000,1646
1,3130,46950000,46950000,167,277,46965000,16455
1,3131,46965000,46965000,167,277,46980000,16459
1,3132,46980000,46980000,167,277,46995000,16466
1,3133,46995000,46995000,167,277,47010000,16472
1,3134,47010000,47010000,167,277,47025000,16476
1,3135,47025000,47025000,167,277,47040000,16480
1,3136,47040000,47040000,167,277,47055000,16487
1,3137,47055000,47055000,167,277,47070000,16492
1,3138,47070000,47070000,167,277,47085000,16497
1,3139,47085000,47085000,167,277,47100000,16501
1,314,4710000,4710000,167,277,4725000,1650
1,3140,47100000,47100000,167,277,47115000,16509
1,3141,47115000,47115000,167,277,47130000,16514
1,3142,47130000,47130000,167,277,47145000,16518
1,3143,47145000,47145000,167,277,47160000,16521
1,3144,47160000,47160000,167,277,47175000,16528
1,3145,47175000,47175000,167,277,47190000,16536
1,3146,47190000,47190000,167,277,47205000,16540
1,3147,47205000,47205000,167,277,47220000,16543
1,3148,47220000,47220000,167,277,47235000,16549
1,3149,47235000,47235000,167,277,47250000,16554
1,315,4725000,4725000,167,277,4740000,1654
1,3150,47250000,47250000,167,277,47265000,16562
1,3151,47265000,47265000,167,277,47280000,16565
1,3152,47280000,47280000,167,277,47295000,16571
1,3153,47295000,47295000,167,277,47310000,16576
1,3154,47310000,47310000,167,277,47325000,16581
1,3155,47325000,47325000,167,277,47340000,16585
1,3156,47340000,47340000,167,277,47355000,16593
1,3157,47355000,47355000,167,277,47370000,16598
1,3158,47370000,47370000,167,277,47385000,16602
1,3159,47385000,47385000,167,277,47400000,16606
1,316,4740000,4740000,167,277,4755000,1660
1,3160,47400000,47400000,167,277,47415000,16613
1,3161,47415000,47415000,167,277,47430000,16618
1,3162,47430000,47430000,167,277,47445000,16624
1,3163,47445000,47445000,167,277,47460000,16627
1,3164,47460000,47460000,167,277,47475000,16634
1,3165,47475000,47475000,167,277,47490000,16640
1,3166,47490000,47490000,167,277,47505000,16644
1,3167,47505000,47505000,167,277,47520000,16648
1,3168,47520000,47520000,167,277,47535000,16656
1,3169,47535000,47535000,167,277,47550000,16661
1,317,4755000,4755000,167,277,4770000,1667
1,3170,47550000,47550000,167,277,47565000,16666
1,3171,47565000,47565000,167,277,47580000,16669
1,3172,47580000,47580000,167,277,47595000,16675
1,3173,47595000,47595000,167,277,47610000,16682
1,3174,47610000,47610000,167,277,47625000,16687
1,3175,47625000,47625000,167,277,47640000,16691
1,3176,47640000,47640000,167,277,47655000,16697
1,3177,47655000,47655000,167,277,47670000,16702
1,3178,47670000,47670000,167,277,47685000,16707
1,3179,47685000,47685000,167,277,47700000,16711
1,318,4770000,4770000,167,277,4785000,1672
1,3180,47700000,47700000,167,277,47715000,16719
1,3181,47715000,47715000,167,277,47730000,16724
1,3182,47730000,47730000,167,277,47745000,16729
1,3183,47745000,47745000,167,277,47760000,16732
1,3184,47760000,47760000,167,277,47775000,16739
1,3185,47775000,47775000,167,277,47790000,16745
1,3186,47790000,47790000,167,277,47805000,16750
1,3187,47805000,47805000,167,277,47820000,16754
1,3188,47820000,47820000,167,277,47835000,16760
1,3189,47835000,47835000,167,277,47850000,16765
1,319,4785000,4785000,167,277,4800000,1675
1,3190,47850000,47850000,167,277,47865000,16771
1,3191,47865000,47865000,167,277,47880000,16774
1,3192,47880000,47880000,167,277,47895000,16782
1,3193,47895000,47895000,167,277,47910000,16787
1,3194,47910000,47910000,167,277,47925000,16791
1,3195,47925000,47925000,167,277,47940000,16795
1,3196,47940000,47940000,167,277,47955000,16803
1,3197,47955000,47955000,167,277,47970000,16808
1,3198,47970000,47970000,167,277,47985000,16813
1,3199,47985000,47985000,167,277,48000000,16816
1,32,480000,480000,167,277,495000,168
1,320,4800000,4800000,167,277,4815000,1682
1,3200,48000000,48000000,167,277,48015000,16823
1,3201,48015000,48015000,167,277,48030000,16830
1,3202,48030000,48030000,167,277,48045000,16834
1,3203,48045000,48045000,167,277,48060000,16837
1,3204,48060000,48060000,167,277,48075000,16844
1,3205,48075000,48075000,167,277,48090000,16850
1,3206,48090000,48090000,167,277,48105000,16855
1,3207,48105000,48105000,167,277,48120000,16859
1,3208,48120000,48120000,167,277,48135000,16865
1,3209,48135000,48135000,167,277,48150000,16870
1,321,4815000,4815000,167,277,4830000,1687
1,3210,48150000,48150000,167,277,48165000,16877
1,3211,48165000,48165000,167,277,48180000,16880
1,3212,48180000,48180000,167,277,48195000,16886
1,3213,48195000,48195000,167,277,48210000,16892
1,3214,48210000,48210000,167,277,48225000,16896
1,3215,48225000,48225000,167,277,48240000,16901
1,3216,48240000,48240000,167,277,48255000,16908
1,3217,48255000,48255000,167,277,48270000,16913
1,3218,48270000,48270000,167,277,48285000,16918
1,3219,48285000,48285000,167,277,48300000,16921
1,322,4830000,4830000,167,277,4845000,1692
1,3220,48300000,48300000,167,277,48315000,16929
1,3221,48315000,48315000,167,277,48330000,16934
1,3222,48330000,48330000,167,277,48345000,16939
1,3223,48345000,48345000,167,277,48360000,16942
1,3224,48360000,48360000,167,277,48375000,16950
1,3225,48375000,48375000,167,277,48390000,16956
1,3226,48390000,48390000,167,277,48405000,16960
1,3227,48405000,48405000,167,277,48420000,16963
1,3228,48420000,48420000,167,277,48435000,16970
1,3229,48435000,48435000,167,277,48450000,16976
1,323,4845000,4845000,167,277,4860000,1696
1,3230,48450000,48450000,167,277,48465000,16982
1,3231,48465000,48465000,167,277,48480000,16985
1,3232,48480000,48480000,167,277,48495000,16991
1,3233,48495000,48495000,167,277,48510000,16996
1,3234,48510000,48510000,167,277,48525000,17002
1,3235,48525000,48525000,167,277,48540000,17007
1,3236,48540000,48540000,167,277,48555000,17013
1,3237,48555000,48555000,167,277,48570000,17018
1,3238,48570000,48570000,167,277,48585000,17023
1,3239,48585000,48585000,167,277,48600000,17026
1,324,4860000,4860000,167,277,4875000,1703
1,3240,48600000,48600000,167,277,48615000,17034
1,3241,48615000,48615000,167,277,48630000,17040
1,3242,48630000,48630000,167,277,48645000,17044
1,3243,48645000,48645000,167,277,48660000,17048
1,3244,48660000,48660000,167,277,48675000,17054
1,3245,48675000,48675000,167,277,48690000,17060
1,3246,48690000,48690000,167,277,48705000,17065
1,3247,48705000,48705000,167,277,48720000,17069
1,3248,48720000,48720000,167,277,48735000,17076
1,3249,48735000,48735000,167,277,48750000,17081
1,325,4875000,4875000,167,277,4890000,1709
1,3250,48750000,48750000,167,277,48765000,17086
1,3251,48765000,48765000,167,277,48780000,17089
1,3252,48780000,48780000,167,277,48795000,17098
1,3253,48795000,48795000,167,277,48810000,17103
1,3254,48810000,48810000,167,277,48825000,17107
1,3255,48825000,48825000,167,277,48840000,17111
1,3256,48840000,48840000,167,277,48855000,17117
1,3257,48855000,48855000,167,277,48870000,17123
1,3258,48870000,48870000,167,277,48885000,17129
1,3259,48885000,48885000,167,277,48900000,17132
1,326,4890000,4890000,167,277,4905000,1714
1,3260,48900000,48900000,167,277,48915000,17139
1,3261,48915000,48915000,167,277,48930000,17144
1,3262,48930000,48930000,167,277,48945000,17149
1,3263,48945000,48945000,167,277,48960000,17152
1,3264,48960000,48960000,167,277,48975000,17160
1,3265,48975000,48975000,167,277,48990000,17166
1,3266,48990000,48990000,167,277,49005000,17171
1,3267,49005000,49005000,167,277,49020000,17174
1,3268,49020000,49020000,167,277,49035000,17180
1,3269,49035000,49035000,167,277,49050000,17186
1,327,4905000,4905000,167,277,4920000,1717
1,3270,49050000,49050000,167,277,49065000,17192
1,3271,49065000,49065000,167,277,49080000,17196
1,3272,49080000,49080000,167,277,49095000,17202
1,3273,49095000,49095000,167,277,49110000,17207
1,3274,49110000,49110000,167,277,49125000,17211
1,3275,49125000,49125000,167,277,49140000,17216
1,3276,49140000,49140000,167,277,49155000,17224
1,3277,49155000,49155000,167,277,49170000,17229
1,3278,49170000,49170000,167,277,49185000,17233
1,3279,49185000,49185000,167,277,49200000,17236
1,328,4920000,4920000,167,277,4935000,1724
1,3280,49200000,49200000,167,277,49215000,17244
1,3281,49215000,49215000,167,277,49230000,17250
1,3282,49230000,49230000,167,277,49245000,17255
1,3283,49245000,49245000,167,277,49260000,17258
1,3284,49260000,49260000,167,277,49275000,17264
1,3285,49275000,49275000,167,277,49290000,17271
1,3286,49290000,49290000,167,277,49305000,17276
1,3287,49305000,49305000,167,277,49320000,17279
1,3288,49320000,49320000,167,277,49335000,17286
1,3289,49335000,49335000,167,277,49350000,17291
1,329,4935000,4935000,167,277,4950000,1729
1,3290,49350000,49350000,167,277,49365000,17297
1,3291,49365000,49365000,167,277,49380000,17300
1,3292,49380000,49380000,167,277,49395000,17307
1,3293,49395000,49395000,167,277,49410000,17312
1,3294,49410000,49410000,167,277,49425000,17318
1,3295,49425000,49425000,167,277,49440000,17322
1,3296,49440000,49440000,167,277,49455000,17328
1,3297,49455000,49455000,167,277,49470000,17333
1,3298,49470000,49470000,167,277,49485000,17338
1,3299,49485000,49485000,167,277,49500000,17342
1,33,495000,495000,167,277,510000,173
1,330,4950000,4950000,167,277,4965000,1735
1,3300,49500000,49500000,167,277,49515000,17350
1,3301,49515000,49515000,167,277,49530000,17355
1,3302,49530000,49530000,167,277,49545000,17359
1,3303,49545000,49545000,167,277,49560000,17363
1,3304,49560000,49560000,167,277,49575000,17370
1,3305,49575000,49575000,167,277,49590000,17376
1,3306,49590000,49590000,167,277,49605000,17381
1,3307,49605000,49605000,167,277,49620000,17384
1,3308,49620000,49620000,167,277,49635000,17391
1,3309,49635000,49635000,167,277,49650000,17397
1,331,4965000,4965000,167,277,4980000,1739
1,3310,49650000,49650000,167,277,49665000,17402
1,3311,49665000,49665000,167,277,49680000,17405
1,3312,49680000,49680000,167,277,49695000,17412
1,3313,49695000,49695000,167,277,49710000,17418
1,3314,49710000,49710000,167,277,49725000,17422
1,3315,49725000,49725000,167,277,49740000,17427
1,3316,49740000,49740000,167,277,49755000,17433
1,3317,49755000,49755000,167,277,49770000,17438
1,3318,49770000,49770000,167,277,49785000,17444
1,3319,49785000,49785000,167,277,49800000,17447
1,332,4980000,4980000,167,277,4995000,1745
1,3320,49800000,49800000,167,277,49815000,17455
1,3321,49815000,49815000,167,277,49830000,17460
1,3322,49830000,49830000,167,277,49845000,17465
1,3323,49845000,49845000,167,277,49860000,17468
1,3324,49860000,49860000,167,277,49875000,17475
1,3325,49875000,49875000,167,277,49890000,17481
1,3326,49890000,49890000,167,277,49905000,17486
1,3327,49905000,49905000,167,277,49920000,17490
1,3328,49920000,49920000,167,277,49935000,17496
1,3329,49935000,49935000,167,277,49950000,17501
1,333,4995000,4995000,167,277,5010000,1750
1,3330,49950000,49950000,167,277,49965000,17507
1,3331,49965000,49965000,167,277,49980000,17510
1,3332,49980000,49980000,167,277,49995000,17518
1,3333,49995000,49995000,167,277,50010000,17523
1,3334,50010000,50010000,167,277,50025000,17527
1,3335,50025000,50025000,167,277,50040000,17531
1,3336,50040000,50040000,167,277,50055000,17539
1,3337,50055000,50055000,167,277,50070000,17545
1,3338,50070000,50070000,167,277,50085000,17549
1,3339,50085000,50085000,167,277,50100000,17552
1,334,5010000,5010000,167,277,5025000,1755
1,3340,50100000,50100000,167,277,50115000,17559
1,3341,50115000,50115000,167,277,50130000,17565
1,3342,50130000,50130000,167,277,50145000,17570
1,3343,50145000,50145000,167,277,50160000,17574
1,3344,50160000,50160000,167,277,50175000,17580
1,3345,50175000,50175000,167,277,50190000,17586
1,3346,50190000,50190000,167,277,50205000,17591
1,3347,50205000,50205000,167,277,50220000,17594
1,3348,50220000,50220000,167,277,50235000,17601
1,3349,50235000,50235000,167,277,50250000,17607
1,335,5025000,5025000,167,277,5040000,1759
1,3350,50250000,50250000,167,277,50265000,17613
1,3351,50265000,50265000,167,277,50280000,17616
1,3352,50280000,50280000,167,277,50295000,17622
1,3353,50295000,50295000,167,277,50310000,17627
1,3354,50310000,50310000,167,277,50325000,17633
1,3355,50325000,50325000,167,277,50340000,17638
1,3356,50340000,50340000,167,277,50355000,17644
1,3357,50355000,50355000,167,277,50370000,17649
1,3358,50370000,50370000,167,277,50385000,17653
1,3359,50385000,50385000,167,277,50400000,17656
1,336,5040000,5040000,167,277,5055000,1767
1,3360,50400000,50400000,167,277,50415000,17666
1,3361,50415000,50415000,167,277,50430000,17671
1,3362,50430000,50430000,167,277,50445000,17675
1,3363,50445000,50445000,167,277,50460000,17678
1,3364,50460000,50460000,167,277,50475000,17685
1,3365,50475000,50475000,167,277,50490000,17691
1,3366,50490000,50490000,167,277,50505000,17697
1,3367,50505000,50505000,167,277,50520000,17700
1,3368,50520000,50520000,167,277,50535000,17706
1,3369,50535000,50535000,167,277,50550000,17712
1,337,5055000,5055000,167,277,5070000,1772
1,3370,50550000,50550000,167,277,50565000,17717
1,3371,50565000,50565000,167,277,50580000,17721
1,3372,50580000,50580000,167,277,50595000,17728
1,3373,50595000,50595000,167,277,50610000,17733
1,3374,50610000,50610000,167,277,50625000,17738
1,3375,50625000,50625000,167,277,50640000,17742
1,3376,50640000,50640000,167,277,50655000,17748
1,3377,50655000,50655000,167,277,50670000,17754
1,3378,50670000,50670000,167,277,50685000,17760
1,3379,50685000,50685000,167,277,50700000,17763
1,338,5070000,5070000,167,277,5085000,1776
1,3380,50700000,50700000,167,277,50715000,17770
1,3381,50715000,50715000,167,277,50730000,17775
1,3382,50730000,50730000,167,277,50745000,17779
1,3383,50745000,50745000,167,277,50760000,17784
1,3384,50760000,50760000,167,277,50775000,17791
1,3385,50775000,50775000,167,277,50790000,17797
1,3386,50790000,50790000,167,277,50805000,17801
1,3387,50805000,50805000,167,277,50820000,17804
1,3388,50820000,50820000,167,277,50835000,17812
1,3389,50835000,50835000,167,277,50850000,17817
1,339,5085000,5085000,167,277,5100000,1779
1,3390,50850000,50850000,167,277,50865000,17823
1,3391,50865000,50865000,167,277,50880000,17826
1,3392,50880000,50880000,167,277,50895000,17833
1,3393,50895000,50895000,167,277,50910000,17838
1,3394,50910000,50910000,167,277,50925000,17843
1,3395,50925000,50925000,167,277,50940000,17847
1,3396,50940000,50940000,167,277,50955000,17854
1,3397,50955000,50955000,167,277,50970000,17860
1,3398,50970000,50970000,167,277,50985000,17864
1,3399,50985000,50985000,167,277,51000000,17867
1,34,510000,510000,167,277,525000,178
1,340,5100000,5100000,167,277,5115000,1788
1,3400,51000000,51000000,167,277,51015000,17875
1,3401,51015000,51015000,167,277,51030000,17880
1,3402,51030000,51030000,167,277,51045000,17886
1,3403,51045000,51045000,167,277,51060000,17889
1,3404,51060000,51060000,167,277,51075000,17895
1,3405,51075000,51075000,167,277,51090000,17902
1,3406,51090000,51090000,167,277,51105000,17907
1,3407,51105000,51105000,167,277,51120000,17910
1,3408,51120000,51120000,167,277,51135000,17917
1,3409,51135000,51135000,167,277,51150000,17922
1,341,5115000,5115000,167,277,5130000,1793
1,3410,51150000,51150000,167,277,51165000,17927
1,3411,51165000,51165000,167,277,51180000,17932
1,3412,51180000,51180000,167,277,51195000,17938
1,3413,51195000,51195000,167,277,51210000,17943
1,3414,51210000,51210000,167,277,51225000,17948
1,3415,51225000,51225000,167,277,51240000,17952
1,3416,51240000,51240000,167,277,51255000,17959
1,3417,51255000,51255000,167,277,51270000,17965
1,3418,51270000,51270000,167,277,51285000,17969
1,3419,51285000,51285000,167,277,51300000,17972
1,342,5130000,5130000,167,277,5145000,1798
1,3420,51300000,51300000,167,277,51315000,17981
1,3421,51315000,51315000,167,277,51330000,17986
1,3422,51330000,51330000,167,277,51345000,17991
1,3423,51345000,51345000,167,277,51360000,17994
1,3424,51360000,51360000,167,277,51375000,18000
1,3425,51375000,51375000,167,277,51390000,18007
1,3426,51390000,51390000,167,277,51405000,18012
1,3427,51405000,51405000,167,277,51420000,18015
1,3428,51420000,51420000,167,277,51435000,18022
1,3429,51435000,51435000,167,277,51450000,18027
1,343,5145000,5145000,167,277,5160000,1801
1,3430,51450000,51450000,167,277,51465000,18033
1,3431,51465000,51465000,167,277,51480000,18036
1,3432,51480000,51480000,167,277,51495000,18043
1,3433,51495000,51495000,167,277,51510000,18048
1,3434,51510000,51510000,167,277,51525000,18054
1,3435,51525000,51525000,167,277,51540000,18058
1,3436,51540000,51540000,167,277,51555000,18064
1,3437,51555000,51555000,167,277,51570000,18069
1,3438,51570000,51570000,167,277,51585000,18074
1,3439,51585000,51585000,167,277,51600000,18079
1,344,5160000,5160000,167,277,5175000,1807
1,3440,51600000,51600000,167,277,51615000,18086
1,3441,51615000,51615000,167,277,51630000,18091
1,3442,51630000,51630000,167,277,51645000,18095
1,3443,51645000,51645000,167,277,51660000,18098
1,3444,51660000,51660000,167,277,51675000,18106
1,3445,51675000,51675000,167,277,51690000,18113
1,3446,51690000,51690000,167,277,51705000,18117
1,3447,51705000,51705000,167,277,51720000,18120
1,3448,51720000,51720000,167,277,51735000,18127
1,3449,51735000,51735000,167,277,51750000,18132
1,345,5175000,5175000,167,277,5190000,1815
1,3450,51750000,51750000,167,277,51765000,18138
1,3451,51765000,51765000,167,277,51780000,18142
1,3452,51780000,51780000,167,277,51795000,18148
1,3453,51795000,51795000,167,277,51810000,18154
1,3454,51810000,51810000,167,277,51825000,18158
1,3455,51825000,51825000,167,277,51840000,18162
1,3456,51840000,51840000,167,277,51855000,18170
1,3457,51855000,51855000,167,277,51870000,18175
1,3458,51870000,51870000,167,277,51885000,18180
1,3459,51885000,51885000,167,277,51900000,18183
1,346,5190000,5190000,167,277,5205000,1819
1,3460,51900000,51900000,167,277,51915000,18190
1,3461,51915000,51915000,167,277,51930000,18195
1,3462,51930000,51930000,167,277,51945000,18202
1,3463,51945000,51945000,167,277,51960000,18205
1,3464,51960000,51960000,167,277,51975000,18211
1,3465,51975000,51975000,167,277,51990000,18217
1,3466,51990000,51990000,167,277,52005000,18221
1,3467,52005000,52005000,167,277,52020000,18225
1,3468,52020000,52020000,167,277,52035000,18233
1,3469,52035000,52035000,167,277,52050000,18238
1,347,5205000,5205000,167,277,5220000,1822
1,3470,52050000,52050000,167,277,52065000,18243
1,3471,52065000,52065000,167,277,52080000,18246
1,3472,52080000,52080000,167,277,52095000,18253
1,3473,52095000,52095000,167,277,52110000,18259
1,3474,52110000,52110000,167,277,52125000,18264
1,3475,52125000,52125000,167,277,52140000,18268
1,3476,52140000,52140000,167,277,52155000,18275
1,3477,52155000,52155000,167,277,52170000,18280
1,3478,52170000,52170000,167,277,52185000,18284
1,3479,52185000,52185000,167,277,52200000,18288
1,348,5220000,5220000,167,277,5235000,1829
1,3480,52200000,52200000,167,277,52215000,18296
1,3481,52215000,52215000,167,277,52230000,18302
1,3482,52230000,52230000,167,277,52245000,18306
1,3483,52245000,52245000,167,277,52260000,18309
1,3484,52260000,52260000,167,277,52275000,18315
1,3485,52275000,52275000,167,277,52290000,18322
1,3486,52290000,52290000,167,277,52305000,18328
1,3487,52305000,52305000,167,277,52320000,18331
1,3488,52320000,52320000,167,277,52335000,18337
1,3489,52335000,52335000,167,277,52350000,18342
1,349,5235000,5235000,167,277,5250000,1834
1,3490,52350000,52350000,167,277,52365000,18349
1,3491,52365000,52365000,167,277,52380000,18352
1,3492,52380000,52380000,167,277,52395000,18359
1,3493,52395000,52395000,167,277,52410000,18364
1,3494,52410000,52410000,167,277,52425000,18368
1,3495,52425000,52425000,167,277,52440000,18373
1,3496,52440000,52440000,167,277,52455000,18380
1,3497,52455000,52455000,167,277,52470000,18385
1,3498,52470000,52470000,167,277,52485000,18390
1,3499,52485000,52485000,167,277,52500000,18393
1,35,525000,525000,167,277,540000,182
1,350,5250000,5250000,167,277,5265000,1840
1,3500,52500000,52500000,167,277,52515000,18401
1,3501,52515000,52515000,167,277,52530000,18406
1,3502,52530000,52530000,167,277,52545000,18411
1,3503,52545000,52545000,167,277,52560000,18414
1,3504,52560000,52560000,167,277,52575000,18422
1,3505,52575000,52575000,167,277,52590000,18428
1,3506,52590000,52590000,167,277,52605000,18432
1,3507,52605000,52605000,167,277,52620000,18436
1,3508,52620000,52620000,167,277,52635000,18442
1,3509,52635000,52635000,167,277,52650000,18448
1,351,5265000,5265000,167,277,5280000,1844
1,3510,52650000,52650000,167,277,52665000,18454
1,3511,52665000,52665000,167,277,52680000,18457
1,3512,52680000,52680000,167,277,52695000,18463
1,3513,52695000,52695000,167,277,52710000,18469
1,3514,52710000,52710000,167,277,52725000,18474
1,3515,52725000,52725000,167,277,52740000,18478
1,3516,52740000,52740000,167,277,52755000,18485
1,3517,52755000,52755000,167,277,52770000,18490
1,3518,52770000,52770000,167,277,52785000,18495
1,3519,52785000,52785000,167,277,52800000,18499
1,352,5280000,5280000,167,277,5295000,1850
1,3520,52800000,52800000,167,277,52815000,18506
1,3521,52815000,52815000,167,277,52830000,18511
1,3522,52830000,52830000,167,277,52845000,18516
1,3523,52845000,52845000,167,277,52860000,18520
1,3524,52860000,52860000,167,277,52875000,18527
1,3525,52875000,52875000,167,277,52890000,18533
1,3526,52890000,52890000,167,277,52905000,18537
1,3527,52905000,52905000,167,277,52920000,18540
1,3528,52920000,52920000,167,277,52935000,18548
1,3529,52935000,52935000,167,277,52950000,18553
1,353,5295000,5295000,167,277,5310000,1855
1,3530,52950000,52950000,167,277,52965000,18559
1,3531,52965000,52965000,167,277,52980000,18562
1,3532,52980000,52980000,167,277,52995000,18569
1,3533,52995000,52995000,167,277,53010000,18574
1,3534,53010000,53010000,167,277,53025000,18579
1,3535,53025000,53025000,167,277,53040000,18583
1,3536,53040000,53040000,167,277,53055000,18590
1,3537,53055000,53055000,167,277,53070000,18596
1,3538,53070000,53070000,167,277,53085000,18600
1,3539,53085000,53085000,167,277,53100000,18603
1,354,5310000,5310000,167,277,5325000,1861
1,3540,53100000,53100000,167,277,53115000,18611
1,3541,53115000,53115000,167,277,53130000,18617
1,3542,53130000,53130000,167,277,53145000,18622
1,3543,53145000,53145000,167,277,53160000,18625
1,3544,53160000,53160000,167,277,53175000,18631
1,3545,53175000,53175000,167,277,53190000,18637
1,3546,53190000,53190000,167,277,53205000,18643
1,3547,53205000,53205000,167,277,53220000,18647
1,3548,53220000,53220000,167,277,53235000,18653
1,3549,53235000,53235000,167,277,53250000,18658
1,355,5325000,5325000,167,277,5340000,1865
1,3550,53250000,53250000,167,277,53265000,18663
1,3551,53265000,53265000,167,277,53280000,18667
1,3552,53280000,53280000,167,277,53295000,18674
1,3553,53295000,53295000,167,277,53310000,18680
1,3554,53310000,53310000,167,277,53325000,18684
1,3555,53325000,53325000,167,277,53340000,18688
1,3556,53340000,53340000,167,277,53355000,18695
1,3557,53355000,53355000,167,277,53370000,18700
1,3558,53370000,53370000,167,277,53385000,18706
1,3559,53385000,53385000,167,277,53400000,18709
1,356,5340000,5340000,167,277,5355000,1871
1,3560,53400000,53400000,167,277,53415000,18717
1,3561,53415000,53415000,167,277,53430000,18722
1,3562,53430000,53430000,167,277,53445000,18726
1,3563,53445000,53445000,167,277,53460000,18729
1,3564,53460000,53460000,167,277,53475000,18737
1,3565,53475000,53475000,167,277,53490000,18744
1,3566,53490000,53490000,167,277,53505000,18748
1,3567,53505000,53505000,167,277,53520000,18751
1,3568,53520000,53520000,167,277,53535000,18757
1,3569,53535000,53535000,167,277,53550000,18762
1,357,5355000,5355000,167,277,5370000,1877
1,3570,53550000,53550000,167,277,53565000,18770
1,3571,53565000,53565000,167,277,53580000,18773
1,3572,53580000,53580000,167,277,53595000,18779
1,3573,53595000,53595000,167,277,53610000,18784
1,3574,53610000,53610000,167,277,53625000,18789
1,3575,53625000,53625000,167,277,53640000,18794
1,3576,53640000,53640000,167,277,53655000,18801
1,3577,53655000,53655000,167,277,53670000,18806
1,3578,53670000,53670000,167,277,53685000,18810
1,3579,53685000,53685000,167,277,53700000,18814
1,358,5370000,5370000,167,277,5385000,1881
1,3580,53700000,53700000,167,277,53715000,18821
1,3581,53715000,53715000,167,277,53730000,18827
1,3582,53730000,53730000,167,277,53745000,18832
1,3583,53745000,53745000,167,277,53760000,18835
1,3584,53760000,53760000,167,277,53775000,18842
1,3585,53775000,53775000,167,277,53790000,18848
1,3586,53790000,53790000,167,277,53805000,18852
1,3587,53805000,53805000,167,277,53820000,18856
1,3588,53820000,53820000,167,277,53835000,18864
1,3589,53835000,53835000,167,277,53850000,18869
1,359,5385000,5385000,167,277,5400000,1885
1,3590,53850000,53850000,167,277,53865000,18874
1,3591,53865000,53865000,167,277,53880000,18877
1,3592,53880000,53880000,167,277,53895000,18884
1,3593,53895000,53895000,167,277,53910000,18890
1,3594,53910000,53910000,167,277,53925000,18895
1,3595,53925000,53925000,167,277,53940000,18899
1,3596,53940000,53940000,167,277,53955000,18905
1,3597,53955000,53955000,167,277,53970000,18910
1,3598,53970000,53970000,167,277,53985000,18916
1,3599,53985000,53985000,167,277,54000000,18919
1,36,540000,540000,167,277,555000,189
1,360,5400000,5400000,167,277,5415000,1893
1,3600,54000000,54000000,167,277,54015000,18927
1,3601,54015000,54015000,167,277,54030000,18932
1,3602,54030000,54030000,167,277,54045000,18937
1,3603,54045000,54045000,167,277,54060000,18940
1,3604,54060000,54060000,167,277,54075000,18947
1,3605,54075000,54075000,167,277,54090000,18953
1,3606,54090000,54090000,167,277,54105000,18958
1,3607,54105000,54105000,167,277,54120000,18962
1,3608,54120000,54120000,167,277,54135000,18968
1,3609,54135000,54135000,167,277,54150000,18974
1,361,5415000,5415000,167,277,5430000,1898
1,3610,54150000,54150000,167,277,54165000,18979
1,3611,54165000,54165000,167,277,54180000,18982
1,3612,54180000,54180000,167,277,54195000,18990
1,3613,54195000,54195000,167,277,54210000,18995
1,3614,54210000,54210000,167,277,54225000,18999
1,3615,54225000,54225000,167,277,54240000,19004
1,3616,54240000,54240000,167,277,54255000,19011
1,3617,54255000,54255000,167,277,54270000,19016
1,3618,54270000,54270000,167,277,54285000,19021
1,3619,54285000,54285000,167,277,54300000,19024
1,362,5430000,5430000,167,277,5445000,1903
1,3620,54300000,54300000,167,277,54315000,19031
1,3621,54315000,54315000,167,277,54330000,19038
1,3622,54330000,54330000,167,277,54345000,19042
1,3623,54345000,54345000,167,277,54360000,19045
1,3624,54360000,54360000,167,277,54375000,19052
1,3625,54375000,54375000,167,277,54390000,19058
1,3626,54390000,54390000,167,277,54405000,19064
1,3627,54405000,54405000,167,277,54420000,19067
1,3628,54420000,54420000,167,277,54435000,19073
1,3629,54435000,54435000,167,277,54450000,19078
1,363,5445000,5445000,167,277,5460000,1906
1,3630,54450000,54450000,167,277,54465000,19085
1,3631,54465000,54465000,167,277,54480000,19088
1,3632,54480000,54480000,167,277,54495000,19095
1,3633,54495000,54495000,167,277,54510000,19100
1,3634,54510000,54510000,167,277,54525000,19104
1,3635,54525000,54525000,167,277,54540000,19109
1,3636,54540000,54540000,167,277,54555000,19116
1,3637,54555000,54555000,167,277,54570000,19121
1,3638,54570000,54570000,167,277,54585000,19126
1,3639,54585000,54585000,167,277,54600000,19129
1,364,5460000,5460000,167,277,5475000,1913
1,3640,54600000,54600000,167,277,54615000,19137
1,3641,54615000,54615000,167,277,54630000,19142
1,3642,54630000,54630000,167,277,54645000,19147
1,3643,54645000,54645000,167,277,54660000,19151
1,3644,54660000,54660000,167,277,54675000,19158
1,3645,54675000,54675000,167,277,54690000,19164
1,3646,54690000,54690000,167,277,54705000,19168
1,3647,54705000,54705000,167,277,54720000,19171
1,3648,54720000,54720000,167,277,54735000,19178
1,3649,54735000,54735000,167,277,54750000,19185
1,365,5475000,5475000,167,277,5490000,1919
1,3650,54750000,54750000,167,277,54765000,19190
1,3651,54765000,54765000,167,277,54780000,19193
1,3652,54780000,54780000,167,277,54795000,19199
1,3653,54795000,54795000,167,277,54810000,19204
1,3654,54810000,54810000,167,277,54825000,19210
1,3655,54825000,54825000,167,277,54840000,19215
1,3656,54840000,54840000,167,277,54855000,19221
1,3657,54855000,54855000,167,277,54870000,19226
1,3658,54870000,54870000,167,277,54885000,19231
1,3659,54885000,54885000,167,277,54900000,19234
1,366,5490000,5490000,167,277,5505000,1924
1,3660,54900000,54900000,167,277,54915000,19243
1,3661,54915000,54915000,167,277,54930000,19248
1,3662,54930000,54930000,167,277,54945000,19252
1,3663,54945000,54945000,167,277,54960000,19256
1,3664,54960000,54960000,167,277,54975000,19262
1,3665,54975000,54975000,167,277,54990000,19268
1,3666,54990000,54990000,167,277,55005000,19274
1,3667,55005000,55005000,167,277,55020000,19277
1,3668,55020000,55020000,167,277,55035000,19284
1,3669,55035000,55035000,167,277,55050000,19289
1,367,5505000,5505000,167,277,5520000,1927
1,3670,55050000,55050000,167,277,55065000,19294
1,3671,55065000,55065000,167,277,55080000,19297
1,3672,55080000,55080000,167,277,55095000,19306
1,3673,55095000,55095000,167,277,55110000,19311
1,3674,55110000,55110000,167,277,55125000,19315
1,3675,55125000,55125000,167,277,55140000,19319
1,3676,55140000,55140000,167,277,55155000,19325
1,3677,55155000,55155000,167,277,55170000,19332
1,3678,55170000,55170000,167,277,55185000,19337
1,3679,55185000,55185000,167,277,55200000,19340
1,368,5520000,5520000,167,277,5535000,1935
1,3680,55200000,55200000,167,277,55215000,19347
1,3681,55215000,55215000,167,277,55230000,19352
1,3682,55230000,55230000,167,277,55245000,19357
1,3683,55245000,55245000,167,277,55260000,19361
1,3684,55260000,55260000,167,277,55275000,19368
1,3685,55275000,55275000,167,277,55290000,19374
1,3686,55290000,55290000,167,277,55305000,19379
1,3687,55305000,55305000,167,277,55320000,19382
1,3688,55320000,55320000,167,277,55335000,19388
1,3689,55335000,55335000,167,277,55350000,19394
1,369,5535000,5535000,167,277,5550000,1940
1,3690,55350000,55350000,167,277,55365000,19400
1,3691,55365000,55365000,167,277,55380000,19404
1,3692,55380000,55380000,167,277,55395000,19410
1,3693,55395000,55395000,167,277,55410000,19415
1,3694,55410000,55410000,167,277,55425000,19420
1,3695,55425000,55425000,167,277,55440000,19424
1,3696,55440000,55440000,167,277,55455000,19432
1,3697,55455000,55455000,167,277,55470000,19437
1,3698,55470000,55470000,167,277,55485000,19441
1,3699,55485000,55485000,167,277,55500000,19444
1,37,555000,555000,167,277,570000,195
1,370,5550000,5550000,167,277,5565000,1945
1,3700,55500000,55500000,167,277,55515000,19453
1,3701,55515000,55515000,167,277,55530000,19458
1,3702,55530000,55530000,167,277,55545000,19463
1,3703,55545000,55545000,167,277,55560000,19466
1,3704,55560000,55560000,167,277,55575000,19472
1,3705,55575000,55575000,167,277,55590000,19479
1,3706,55590000,55590000,167,277,55605000,19484
1,3707,55605000,55605000,167,277,55620000,19487
1,3708,55620000,55620000,167,277,55635000,19494
1,3709,55635000,55635000,167,277,55650000,19499
1,371,5565000,5565000,167,277,5580000,1948
1,3710,55650000,55650000,167,277,55665000,19505
1,3711,55665000,55665000,167,277,55680000,19509
1,3712,55680000,55680000,167,277,55695000,19515
1,3713,55695000,55695000,167,277,55710000,19520
1,3714,55710000,55710000,167,277,55725000,19526
1,3715,55725000,55725000,167,277,55740000,19530
1,3716,55740000,55740000,167,277,55755000,19536
1,3717,55755000,55755000,167,277,55770000,19542
1,3718,55770000,55770000,167,277,55785000,19546
1,3719,55785000,55785000,167,277,55800000,19550
1,372,5580000,5580000,167,277,5595000,1955
1,3720,55800000,55800000,167,277,55815000,19558
1,3721,55815000,55815000,167,277,55830000,19563
1,3722,55830000,55830000,167,277,55845000,19567
1,3723,55845000,55845000,167,277,55860000,19571
1,3724,55860000,55860000,167,277,55875000,19578
1,3725,55875000,55875000,167,277,55890000,19584
1,3726,55890000,55890000,167,277,55905000,19589
1,3727,55905000,55905000,167,277,55920000,19592
1,3728,55920000,55920000,167,277,55935000,19600
1,3729,55935000,55935000,167,277,55950000,19605
1,373,5595000,5595000,167,277,5610000,1961
1,3730,55950000,55950000,167,277,55965000,19610
1,3731,55965000,55965000,167,277,55980000,19613
1,3732,55980000,55980000,167,277,55995000,19620
1,3733,55995000,55995000,167,277,56010000,19626
1,3734,56010000,56010000,167,277,56025000,19631
1,3735,56025000,56025000,167,277,56040000,19635
1,3736,56040000,56040000,167,277,56055000,19641
1,3737,56055000,56055000,167,277,56070000,19646
1,3738,56070000,56070000,167,277,56085000,19652
1,3739,56085000,56085000,167,277,56100000,19655
1,374,5610000,5610000,167,277,5625000,1966
1,3740,56100000,56100000,167,277,56115000,19663
1,3741,56115000,56115000,167,277,56130000,19668
1,3742,56130000,56130000,167,277,56145000,19673
1,3743,56145000,56145000,167,277,56160000,19676
1,3744,56160000,56160000,167,277,56175000,19683
1,3745,56175000,56175000,167,277,56190000,19690
1,3746,56190000,56190000,167,277,56205000,19694
1,3747,56205000,56205000,167,277,56220000,19698
1,3748,56220000,56220000,167,277,56235000,19704
1,3749,56235000,56235000,167,277,56250000,19709
1,375,5625000,5625000,167,277,5640000,1970
1,3750,56250000,56250000,167,277,56265000,19715
1,3751,56265000,56265000,167,277,56280000,19719
1,3752,56280000,56280000,167,277,56295000,19726
1,3753,56295000,56295000,167,277,56310000,19731
1,3754,56310000,56310000,167,277,56325000,19735
1,3755,56325000,56325000,167,277,56340000,19739
1,3756,56340000,56340000,167,277,56355000,19747
1,3757,56355000,56355000,167,277,56370000,19753
1,3758,56370000,56370000,167,277,56385000,19757
1,3759,56385000,56385000,167,277,56400000,19760
1,376,5640000,5640000,167,277,5655000,1976
1,3760,56400000,56400000,167,277,56415000,19767
1,3761,56415000,56415000,167,277,56430000,19773
1,3762,56430000,56430000,167,277,56445000,19779
1,3763,56445000,56445000,167,277,56460000,19782
1,3764,56460000,56460000,167,277,56475000,19788
1,3765,56475000,56475000,167,277,56490000,19794
1,3766,56490000,56490000,167,277,56505000,19799
1,3767,56505000,56505000,167,277,56520000,19802
1,3768,56520000,56520000,167,277,56535000,19810
1,3769,56535000,56535000,167,277,56550000,19815
1,377,5655000,5655000,167,277,5670000,1981
1,3770,56550000,56550000,167,277,56565000,19821
1,3771,56565000,56565000,167,277,56580000,19824
1,3772,56580000,56580000,167,277,56595000,19830
1,3773,56595000,56595000,167,277,56610000,19835
1,3774,56610000,56610000,167,277,56625000,19841
1,3775,56625000,56625000,167,277,56640000,19846
1,3776,56640000,56640000,167,277,56655000,19852
1,3777,56655000,56655000,167,277,56670000,19857
1,3778,56670000,56670000,167,277,56685000,19861
1,3779,56685000,56685000,167,277,56700000,19865
1,378,5670000,5670000,167,277,5685000,1987
1,3780,56700000,56700000,167,277,56715000,19874
1,3781,56715000,56715000,167,277,56730000,19879
1,3782,56730000,56730000,167,277,56745000,19883
1,3783,56745000,56745000,167,277,56760000,19886
1,3784,56760000,56760000,167,277,56775000,19893
1,3785,56775000,56775000,167,277,56790000,19900
1,3786,56790000,56790000,167,277,56805000,19905
1,3787,56805000,56805000,167,277,56820000,19908
1,3788,56820000,56820000,167,277,56835000,19914
1,3789,56835000,56835000,167,277,56850000,19920
1,379,5685000,5685000,167,277,5700000,1991
1,3790,56850000,56850000,167,277,56865000,19925
1,3791,56865000,56865000,167,277,56880000,19929
1,3792,56880000,56880000,167,277,56895000,19936
1,3793,56895000,56895000,167,277,56910000,19941
1,3794,56910000,56910000,167,277,56925000,19946
1,3795,56925000,56925000,167,277,56940000,19950
1,3796,56940000,56940000,167,277,56955000,19957
1,3797,56955000,56955000,167,277,56970000,19962
1,3798,56970000,56970000,167,277,56985000,19968
1,3799,56985000,56985000,167,277,57000000,19971
1,38,570000,570000,167,277,585000,199
1,380,5700000,5700000,167,277,5715000,1998
1,3800,57000000,57000000,167,277,57015000,19978
1,3801,57015000,57015000,167,277,57030000,19983
1,3802,57030000,57030000,167,277,57045000,19988
1,3803,57045000,57045000,167,277,57060000,19992
1,3804,57060000,57060000,167,277,57075000,19999
1,3805,57075000,57075000,167,277,57090000,20005
1,3806,57090000,57090000,167,277,57105000,20009
1,3807,57105000,57105000,167,277,57120000,20012
1,3808,57120000,57120000,167,277,57135000,20020
1,3809,57135000,57135000,167,277,57150000,20025
1,381,5715000,5715000,167,277,5730000,2003
1,3810,57150000,57150000,167,277,57165000,20031
1,3811,57165000,57165000,167,277,57180000,20034
1,3812,57180000,57180000,167,277,57195000,20041
1,3813,57195000,57195000,167,277,57210000,20047
1,3814,57210000,57210000,167,277,57225000,20051
1,3815,57225000,57225000,167,277,57240000,20055
1,3816,57240000,57240000,167,277,57255000,20062
1,3817,57255000,57255000,167,277,57270000,20068
1,3818,57270000,57270000,167,277,57285000,20072
1,3819,57285000,57285000,167,277,57300000,20076
1,382,5730000,5730000,167,277,5745000,2008
1,3820,57300000,57300000,167,277,57315000,20083
1,3821,57315000,57315000,167,277,57330000,20088
1,3822,57330000,57330000,167,277,57345000,20094
1,3823,57345000,57345000,167,277,57360000,20097
1,3824,57360000,57360000,167,277,57375000,20103
1,3825,57375000,57375000,167,277,57390000,20110
1,3826,57390000,57390000,167,277,57405000,20115
1,3827,57405000,57405000,167,277,57420000,20118
1,3828,57420000,57420000,167,277,57435000,20125
1,3829,57435000,57435000,167,277,57450000,20130
1,383,5745000,5745000,167,277,5760000,2011
1,3830,57450000,57450000,167,277,57465000,20136
1,3831,57465000,57465000,167,277,57480000,20140
1,3832,57480000,57480000,167,277,57495000,20146
1,3833,57495000,57495000,167,277,57510000,20151
1,3834,57510000,57510000,167,277,57525000,20156
1,3835,57525000,57525000,167,277,57540000,20160
1,3836,57540000,57540000,167,277,57555000,20168
1,3837,57555000,57555000,167,277,57570000,20173
1,3838,57570000,57570000,167,277,57585000,20177
1,3839,57585000,57585000,167,277,57600000,20180
1,384,5760000,5760000,167,277,5775000,2018
1,3840,57600000,57600000,167,277,57615000,20189
1,3841,57615000,57615000,167,277,57630000,20194
1,3842,57630000,57630000,167,277,57645000,20199
1,3843,57645000,57645000,167,277,57660000,20202
1,3844,57660000,57660000,167,277,57675000,20208
1,3845,57675000,57675000,167,277,57690000,20215
1,3846,57690000,57690000,167,277,57705000,20220
1,3847,57705000,57705000,167,277,57720000,20224
1,3848,57720000,57720000,167,277,57735000,20230
1,3849,57735000,57735000,167,277,57750000,20235
1,385,5775000,5775000,167,277,5790000,2025
1,3850,57750000,57750000,167,277,57765000,20241
1,3851,57765000,57765000,167,277,57780000,20244
1,3852,57780000,57780000,167,277,57795000,20251
1,3853,57795000,57795000,167,277,57810000,20257
1,3854,57810000,57810000,167,277,57825000,20262
1,3855,57825000,57825000,167,277,57840000,20266
1,3856,57840000,57840000,167,277,57855000,20272
1,3857,57855000,57855000,167,277,57870000,20277
1,3858,57870000,57870000,167,277,57885000,20282
1,3859,57885000,57885000,167,277,57900000,20287
1,386,5790000,5790000,167,277,5805000,2029
1,3860,57900000,57900000,167,277,57915000,20294
1,3861,57915000,57915000,167,277,57930000,20299
1,3862,57930000,57930000,167,277,57945000,20303
1,3863,57945000,57945000,167,277,57960000,20306
1,3864,57960000,57960000,167,277,57975000,20315
1,3865,57975000,57975000,167,277,57990000,20321
1,3866,57990000,57990000,167,277,58005000,20325
1,3867,58005000,58005000,167,277,58020000,20328
1,3868,58020000,58020000,167,277,58035000,20335
1,3869,58035000,58035000,167,277,58050000,20340
1,387,5805000,5805000,167,277,5820000,2033
1,3870,58050000,58050000,167,277,58065000,20347
1,3871,58065000,58065000,167,277,58080000,20350
1,3872,58080000,58080000,167,277,58095000,20356
1,3873,58095000,58095000,167,277,58110000,20362
1,3874,58110000,58110000,167,277,58125000,20366
1,3875,58125000,58125000,167,277,58140000,20370
1,3876,58140000,58140000,167,277,58155000,20378
1,3877,58155000,58155000,167,277,58170000,20383
1,3878,58170000,58170000,167,277,58185000,20388
1,3879,58185000,58185000,167,277,58200000,20391
1,388,5820000,5820000,167,277,5835000,2039
1,3880,58200000,58200000,167,277,58215000,20398
1,3881,58215000,58215000,167,277,58230000,20404
1,3882,58230000,58230000,167,277,58245000,20410
1,3883,58245000,58245000,167,277,58260000,20413
1,3884,58260000,58260000,167,277,58275000,20419
1,3885,58275000,58275000,167,277,58290000,20425
1,3886,58290000,58290000,167,277,58305000,20429
1,3887,58305000,58305000,167,277,58320000,20434
1,3888,58320000,58320000,167,277,58335000,20441
1,3889,58335000,58335000,167,277,58350000,20446
1,389,5835000,5835000,167,277,5850000,2044
1,3890,58350000,58350000,167,277,58365000,20451
1,3891,58365000,58365000,167,277,58380000,20454
1,3892,58380000,58380000,167,277,58395000,20461
1,3893,58395000,58395000,167,277,58410000,20467
1,3894,58410000,58410000,167,277,58425000,20472
1,3895,58425000,58425000,167,277,58440000,20476
1,3896,58440000,58440000,167,277,58455000,20483
1,3897,58455000,58455000,167,277,58470000,20488
1,3898,58470000,58470000,167,277,58485000,20493
1,3899,58485000,58485000,167,277,58500000,20496
1,39,585000,585000,167,277,600000,203
1,390,5850000,5850000,167,277,5865000,2050
1,3900,58500000,58500000,167,277,58515000,20504
1,3901,58515000,58515000,167,277,58530000,20510
1,3902,58530000,58530000,167,277,58545000,20514
1,3903,58545000,58545000,167,277,58560000,20517
1,3904,58560000,58560000,167,277,58575000,20524
1,3905,58575000,58575000,167,277,58590000,20530
1,3906,58590000,58590000,167,277,58605000,20536
1,3907,58605000,58605000,167,277,58620000,20539
1,3908,58620000,58620000,167,277,58635000,20545
1,3909,58635000,58635000,167,277,58650000,20550
1,391,5865000,5865000,167,277,5880000,2054
1,3910,58650000,58650000,167,277,58665000,20557
1,3911,58665000,58665000,167,277,58680000,20560
1,3912,58680000,58680000,167,277,58695000,20567
1,3913,58695000,58695000,167,277,58710000,20572
1,3914,58710000,58710000,167,277,58725000,20576
1,3915,58725000,58725000,167,277,58740000,20582
1,3916,58740000,58740000,167,277,58755000,20588
1,3917,58755000,58755000,167,277,58770000,20593
1,3918,58770000,58770000,167,277,58785000,20598
1,3919,58785000,58785000,167,277,58800000,20601
1,392,5880000,5880000,167,277,5895000,2061
1,3920,58800000,58800000,167,277,58815000,20609
1,3921,58815000,58815000,167,277,58830000,20615
1,3922,58830000,58830000,167,277,58845000,20619
1,3923,58845000,58845000,167,277,58860000,20622
1,3924,58860000,58860000,167,277,58875000,20630
1,3925,58875000,58875000,167,277,58890000,20636
1,3926,58890000,58890000,167,277,58905000,20640
1,3927,58905000,58905000,167,277,58920000,20644
1,3928,58920000,58920000,167,277,58935000,20650
1,3929,58935000,58935000,167,277,58950000,20656
1,393,5895000,5895000,167,277,5910000,2066
1,3930,58950000,58950000,167,277,58965000,20662
1,3931,58965000,58965000,167,277,58980000,20665
1,3932,58980000,58980000,167,277,58995000,20672
1,3933,58995000,58995000,167,277,59010000,20677
1,3934,59010000,59010000,167,277,59025000,20682
1,3935,59025000,59025000,167,277,59040000,20686
1,3936,59040000,59040000,167,277,59055000,20693
1,3937,59055000,59055000,167,277,59070000,20698
1,3938,59070000,59070000,167,277,59085000,20704
1,3939,59085000,59085000,167,277,59100000,20707
1,394,5910000,5910000,167,277,5925000,2070
1,3940,59100000,59100000,167,277,59115000,20714
1,3941,59115000,59115000,167,277,59130000,20719
1,3942,59130000,59130000,167,277,59145000,20724
1,3943,59145000,59145000,167,277,59160000,20728
1,3944,59160000,59160000,167,277,59175000,20735
1,3945,59175000,59175000,167,277,59190000,20741
1,3946,59190000,59190000,167,277,59205000,20745
1,3947,59205000,59205000,167,277,59220000,20748
1,3948,59220000,59220000,167,277,59235000,20756
1,3949,59235000,59235000,167,277,59250000,20762
1,395,5925000,5925000,167,277,5940000,2074
1,3950,59250000,59250000,167,277,59265000,20767
1,3951,59265000,59265000,167,277,59280000,20770
1,3952,59280000,59280000,167,277,59295000,20777
1,3953,59295000,59295000,167,277,59310000,20782
1,3954,59310000,59310000,167,277,59325000,20787
1,3955,59325000,59325000,167,277,59340000,20792
1,3956,59340000,59340000,167,277,59355000,20798
1,3957,59355000,59355000,167,277,59370000,20804
1,3958,59370000,59370000,167,277,59385000,20808
1,3959,59385000,59385000,167,277,59400000,20811
1,396,5940000,5940000,167,277,5955000,2083
1,3960,59400000,59400000,167,277,59415000,20819
1,3961,59415000,59415000,167,277,59430000,20825
1,3962,59430000,59430000,167,277,59445000,20830
1,3963,59445000,59445000,167,277,59460000,20833
1,3964,59460000,59460000,167,277,59475000,20839
1,3965,59475000,59475000,167,277,59490000,20845
1,3966,59490000,59490000,167,277,59505000,20852
1,3967,59505000,59505000,167,277,59520000,20855
1,3968,59520000,59520000,167,277,59535000,20861
1,3969,59535000,59535000,167,277,59550000,20866
1,397,5955000,5955000,167,277,5970000,2088
1,3970,59550000,59550000,167,277,59565000,20871
1,3971,59565000,59565000,167,277,59580000,20875
1,3972,59580000,59580000,167,277,59595000,20883
1,3973,59595000,59595000,167,277,59610000,20888
1,3974,59610000,59610000,167,277,59625000,20892
1,3975,59625000,59625000,167,277,59640000,20896
1,3976,59640000,59640000,167,277,59655000,20903
1,3977,59655000,59655000,167,277,59670000,20908
1,3978,59670000,59670000,167,277,59685000,20914
1,3979,59685000,59685000,167,277,59700000,20917
1,398,5970000,5970000,167,277,5985000,2092
1,3980,59700000,59700000,167,277,59715000,20925
1,3981,59715000,59715000,167,277,59730000,20930
1,3982,59730000,59730000,167,277,59745000,20934
1,3983,59745000,59745000,167,277,59760000,20938
1,3984,59760000,59760000,167,277,59775000,20945
1,3985,59775000,59775000,167,277,59790000,20952
1,3986,59790000,59790000,167,277,59805000,20956
1,3987,59805000,59805000,167,277,59820000,20959
1,3988,59820000,59820000,167,277,59835000,20965
1,3989,59835000,59835000,167,277,59850000,20971
1,399,5985000,5985000,167,277,6000000,2095
1,3990,59850000,59850000,167,277,59865000,20978
1,3991,59865000,59865000,167,277,59880000,20981
1,3992,59880000,59880000,167,277,59895000,20987
1,3993,59895000,59895000,167,277,59910000,20992
1,3994,59910000,59910000,167,277,59925000,20997
1,3995,59925000,59925000,167,277,59940000,21002
1,3996,59940000,59940000,167,277,59955000,21009
1,3997,59955000,59955000,167,277,59970000,21014
1,3998,59970000,59970000,167,277,59985000,21018
1,3999,59985000,59985000,167,277,60000000,21022
1,4,60000,60000,167,277,75000,20
1,40,600000,600000,167,277,615000,210
1,400,6000000,6000000,167,277,6015000,2102
1,4000,60000000,60000000,167,277,60015000,21030
1,4001,60015000,60015000,167,277,60030000,21035
1,4002,60030000,60030000,167,277,60045000,21040
1,4003,60045000,60045000,167,277,60060000,21043
1,4004,60060000,60060000,167,277,60075000,21050
1,4005,60075000,60075000,167,277,60090000,21056
1,4006,60090000,60090000,167,277,60105000,21061
1,4007,60105000,60105000,167,277,60120000,21064
1,4008,60120000,60120000,167,277,60135000,21072
1,4009,60135000,60135000,167,277,60150000,21077
1,401,6015000,6015000,167,277,6030000,2108
1,4010,60150000,60150000,167,277,60165000,21082
1,4011,60165000,60165000,167,277,60180000,21085
1,4012,60180000,60180000,167,277,60195000,21092
1,4013,60195000,60195000,167,277,60210000,21098
1,4014,60210000,60210000,167,277,60225000,21103
1,4015,60225000,60225000,167,277,60240000,21107
1,4016,60240000,60240000,167,277,60255000,21113
1,4017,60255000,60255000,167,277,60270000,21119
1,4018,60270000,60270000,167,277,60285000,21124
1,4019,60285000,60285000,167,277,60300000,21127
1,402,6030000,6030000,167,277,6045000,2114
1,4020,60300000,60300000,167,277,60315000,21135
1,4021,60315000,60315000,167,277,60330000,21140
1,4022,60330000,60330000,167,277,60345000,21145
1,4023,60345000,60345000,167,277,60360000,21149
1,4024,60360000,60360000,167,277,60375000,21155
1,4025,60375000,60375000,167,277,60390000,21161
1,4026,60390000,60390000,167,277,60405000,21166
1,4027,60405000,60405000,167,277,60420000,21170
1,4028,60420000,60420000,167,277,60435000,21176
1,4029,60435000,60435000,167,277,60450000,21182
1,403,6045000,6045000,167,277,6060000,2117
1,4030,60450000,60450000,167,277,60465000,21187
1,4031,60465000,60465000,167,277,60480000,21190
1,4032,60480000,60480000,167,277,60495000,21198
1,4033,60495000,60495000,167,277,60510000,21203
1,4034,60510000,60510000,167,277,60525000,21208
1,4035,60525000,60525000,167,277,60540000,21212
1,4036,60540000,60540000,167,277,60555000,21219
1,4037,60555000,60555000,167,277,60570000,21224
1,4038,60570000,60570000,167,277,60585000,21229
1,4039,60585000,60585000,167,277,60600000,21232
1,404,6060000,6060000,167,277,6075000,2123
1,4040,60600000,60600000,167,277,60615000,21240
1,4041,60615000,60615000,167,277,60630000,21246
1,4042,60630000,60630000,167,277,60645000,21250
1,4043,60645000,60645000,167,277,60660000,21253
1,4044,60660000,60660000,167,277,60675000,21260
1,4045,60675000,60675000,167,277,60690000,21266
1,4046,60690000,60690000,167,277,60705000,21272
1,4047,60705000,60705000,167,277,60720000,21275
1,4048,60720000,60720000,167,277,60735000,21281
1,4049,60735000,60735000,167,277,60750000,21286
1,405,6075000,6075000,167,277,6090000,2129
1,4050,60750000,60750000,167,277,60765000,21293
1,4051,60765000,60765000,167,277,60780000,21297
1,4052,60780000,60780000,167,277,60795000,21303
1,4053,60795000,60795000,167,277,60810000,21308
1,4054,60810000,60810000,167,277,60825000,21312
1,4055,60825000,60825000,167,277,60840000,21317
1,4056,60840000,60840000,167,277,60855000,21324
1,4057,60855000,60855000,167,277,60870000,21330
1,4058,60870000,60870000,167,277,60885000,21334
1,4059,60885000,60885000,167,277,60900000,21337
1,406,6090000,6090000,167,277,6105000,2134
1,4060,60900000,60900000,167,277,60915000,21345
1,4061,60915000,60915000,167,277,60930000,21350
1,4062,60930000,60930000,167,277,60945000,21355
1,4063,60945000,60945000,167,277,60960000,21359
1,4064,60960000,60960000,167,277,60975000,21366
1,4065,60975000,60975000,167,277,60990000,21372
1,4066,60990000,60990000,167,277,61005000,21376
1,4067,61005000,61005000,167,277,61020000,21379
1,4068,61020000,61020000,167,277,61035000,21387
1,4069,61035000,61035000,167,277,61050000,21393
1,407,6105000,6105000,167,277,6120000,2137
1,4070,61050000,61050000,167,277,61065000,21398
1,4071,61065000,61065000,167,277,61080000,21401
1,4072,61080000,61080000,167,277,61095000,21407
1,4073,61095000,61095000,167,277,61110000,21412
1,4074,61110000,61110000,167,277,61125000,21419
1,4075,61125000,61125000,167,277,61140000,21423
1,4076,61140000,61140000,167,277,61155000,21429
1,4077,61155000,61155000,167,277,61170000,21434
1,4078,61170000,61170000,167,277,61185000,21439
1,4079,61185000,61185000,167,277,61200000,21442
1,408,6120000,6120000,167,277,6135000,2145
1,4080,61200000,61200000,167,277,61215000,21451
1,4081,61215000,61215000,167,277,61230000,21456
1,4082,61230000,61230000,167,277,61245000,21460
1,4083,61245000,61245000,167,277,61260000,21464
1,4084,61260000,61260000,167,277,61275000,21470
1,4085,61275000,61275000,167,277,61290000,21477
1,4086,61290000,61290000,167,277,61305000,21482
1,4087,61305000,61305000,167,277,61320000,21485
1,4088,61320000,61320000,167,277,61335000,21492
1,4089,61335000,61335000,167,277,61350000,21497
1,409,6135000,6135000,167,277,6150000,2150
1,4090,61350000,61350000,167,277,61365000,21502
1,4091,61365000,61365000,167,277,61380000,21506
1,4092,61380000,61380000,167,277,61395000,21514
1,4093,61395000,61395000,167,277,61410000,21519
1,4094,61410000,61410000,167,277,61425000,21523
1,4095,61425000,61425000,167,277,61440000,21527
1,4096,61440000,61440000,167,277,61455000,21533
1,4097,61455000,61455000,167,277,61470000,21540
1,4098,61470000,61470000,167,277,61485000,21545
1,4099,61485000,61485000,167,277,61500000,21548
1,41,615000,615000,167,277,630000,215
1,410,6150000,6150000,167,277,6165000,2156
1,4100,61500000,61500000,167,277,61515000,21555
1,4101,61515000,61515000,167,277,61530000,21560
1,4102,61530000,61530000,167,277,61545000,21566
1,4103,61545000,61545000,167,277,61560000,21569
1,4104,61560000,61560000,167,277,61575000,21576
1,4105,61575000,61575000,167,277,61590000,21582
1,4106,61590000,61590000,167,277,61605000,21587
1,4107,61605000,61605000,167,277,61620000,21590
1,4108,61620000,61620000,167,277,61635000,21597
1,4109,61635000,61635000,167,277,61650000,21602
1,411,6165000,6165000,167,277,6180000,2159
1,4110,61650000,61650000,167,277,61665000,21608
1,4111,61665000,61665000,167,277,61680000,21612
1,4112,61680000,61680000,167,277,61695000,21618
1,4113,61695000,61695000,167,277,61710000,21623
1,4114,61710000,61710000,167,277,61725000,21628
1,4115,61725000,61725000,167,277,61740000,21632
1,4116,61740000,61740000,167,277,61755000,21640
1,4117,61755000,61755000,167,277,61770000,21645
1,4118,61770000,61770000,167,277,61785000,21649
1,4119,61785000,61785000,167,277,61800000,21653
1,412,6180000,6180000,167,277,6195000,2165
1,4120,61800000,61800000,167,277,61815000,21661
1,4121,61815000,61815000,167,277,61830000,21666
1,4122,61830000,61830000,167,277,61845000,21671
1,4123,61845000,61845000,167,277,61860000,21674
1,4124,61860000,61860000,167,277,61875000,21680
1,4125,61875000,61875000,167,277,61890000,21688
1,4126,61890000,61890000,167,277,61905000,21692
1,4127,61905000,61905000,167,277,61920000,21695
1,4128,61920000,61920000,167,277,61935000,21702
1,4129,61935000,61935000,167,277,61950000,21707
1,413,6195000,6195000,167,277,6210000,2171
1,4130,61950000,61950000,167,277,61965000,21713
1,4131,61965000,61965000,167,277,61980000,21717
1,4132,61980000,61980000,167,277,61995000,21723
1,4133,61995000,61995000,167,277,62010000,21728
1,4134,62010000,62010000,167,277,62025000,21734
1,4135,62025000,62025000,167,277,62040000,21738
1,4136,62040000,62040000,167,277,62055000,21745
1,4137,62055000,62055000,167,277,62070000,21750
1,4138,62070000,62070000,167,277,62085000,21754
1,4139,62085000,62085000,167,277,62100000,21758
1,414,6210000,6210000,167,277,6225000,2176
1,4140,62100000,62100000,167,277,62115000,21766
1,4141,62115000,62115000,167,277,62130000,21771
1,4142,62130000,62130000,167,277,62145000,21776
1,4143,62145000,62145000,167,277,62160000,21779
1,4144,62160000,62160000,167,277,62175000,21786
1,4145,62175000,62175000,167,277,62190000,21792
1,4146,62190000,62190000,167,277,62205000,21797
1,4147,62205000,62205000,167,277,62220000,21800
1,4148,62220000,62220000,167,277,62235000,21808
1,4149,62235000,62235000,167,277,62250000,21813
1,415,6225000,6225000,167,277,6240000,2181
1,4150,62250000,62250000,167,277,62265000,21818
1,4151,62265000,62265000,167,277,62280000,21821
1,4152,62280000,62280000,167,277,62295000,21828
1,4153,62295000,62295000,167,277,62310000,21835
1,4154,62310000,62310000,167,277,62325000,21839
1,4155,62325000,62325000,167,277,62340000,21843
1,4156,62340000,62340000,167,277,62355000,21849
1,4157,62355000,62355000,167,277,62370000,21854
1,4158,62370000,62370000,167,277,62385000,21860
1,4159,62385000,62385000,167,277,62400000,21864
1,416,6240000,6240000,167,277,6255000,2187
1,4160,62400000,62400000,167,277,62415000,21871
1,4161,62415000,62415000,167,277,62430000,21876
1,4162,62430000,62430000,167,277,62445000,21881
1,4163,62445000,62445000,167,277,62460000,21884
1,4164,62460000,62460000,167,277,62475000,21891
1,4165,62475000,62475000,167,277,62490000,21898
1,4166,62490000,62490000,167,277,62505000,21902
1,4167,62505000,62505000,167,277,62520000,21906
1,4168,62520000,62520000,167,277,62535000,21912
1,4169,62535000,62535000,167,277,62550000,21917
1,417,6255000,6255000,167,277,6270000,2192
1,4170,62550000,62550000,167,277,62565000,21924
1,4171,62565000,62565000,167,277,62580000,21927
1,4172,62580000,62580000,167,277,62595000,21934
1,4173,62595000,62595000,167,277,62610000,21939
1,4174,62610000,62610000,167,277,62625000,21943
1,4175,62625000,62625000,167,277,62640000,21947
1,4176,62640000,62640000,167,277,62655000,21956
1,4177,62655000,62655000,167,277,62670000,21961
1,4178,62670000,62670000,167,277,62685000,21965
1,4179,62685000,62685000,167,277,62700000,21968
1,418,6270000,6270000,167,277,6285000,2196
1,4180,62700000,62700000,167,277,62715000,21975
1,4181,62715000,62715000,167,277,62730000,21981
1,4182,62730000,62730000,167,277,62745000,21987
1,4183,62745000,62745000,167,277,62760000,21990
1,4184,62760000,62760000,167,277,62775000,21996
1,4185,62775000,62775000,167,277,62790000,22002
1,4186,62790000,62790000,167,277,62805000,22007
1,4187,62805000,62805000,167,277,62820000,22011
1,4188,62820000,62820000,167,277,62835000,22018
1,4189,62835000,62835000,167,277,62850000,22023
1,419,6285000,6285000,167,277,6300000,2200
1,4190,62850000,62850000,167,277,62865000,22029
1,4191,62865000,62865000,167,277,62880000,22032
1,4192,62880000,62880000,167,277,62895000,22038
1,4193,62895000,62895000,167,277,62910000,22044
1,4194,62910000,62910000,167,277,62925000,22049
1,4195,62925000,62925000,167,277,62940000,22054
1,4196,62940000,62940000,167,277,62955000,22060
1,4197,62955000,62955000,167,277,62970000,22065
1,4198,62970000,62970000,167,277,62985000,22069
1,4199,62985000,62985000,167,277,63000000,22073
1,42,630000,630000,167,277,645000,221
1,420,6300000,6300000,167,277,6315000,2209
1,4200,63000000,63000000,167,277,63015000,22082
1,4201,63015000,63015000,167,277,63030000,22087
1,4202,63030000,63030000,167,277,63045000,22091
1,4203,63045000,63045000,167,277,63060000,22094
1,4204,63060000,63060000,167,277,63075000,22102
1,4205,63075000,63075000,167,277,63090000,22108
1,4206,63090000,63090000,167,277,63105000,22113
1,4207,63105000,63105000,167,277,63120000,22116
1,4208,63120000,63120000,167,277,63135000,22122
1,4209,63135000,63135000,167,277,63150000,22128
1,421,6315000,6315000,167,277,6330000,2214
1,4210,63150000,63150000,167,277,63165000,22134
1,4211,63165000,63165000,167,277,63180000,22137
1,4212,63180000,63180000,167,277,63195000,22144
1,4213,63195000,63195000,167,277,63210000,22149
1,4214,63210000,63210000,167,277,63225000,22154
1,4215,63225000,63225000,167,277,63240000,22158
1,4216,63240000,63240000,167,277,63255000,22165
1,4217,63255000,63255000,167,277,63270000,22170
1,4218,63270000,63270000,167,277,63285000,22176
1,4219,63285000,63285000,167,277,63300000,22179
1,422,6330000,6330000,167,277,6345000,2218
1,4220,63300000,63300000,167,277,63315000,22186
1,4221,63315000,63315000,167,277,63330000,22192
1,4222,63330000,63330000,167,277,63345000,22196
1,4223,63345000,63345000,167,277,63360000,22200
1,4224,63360000,63360000,167,277,63375000,22207
1,4225,63375000,63375000,167,277,63390000,22213
1,4226,63390000,63390000,167,277,63405000,22217
1,4227,63405000,63405000,167,277,63420000,22221
1,4228,63420000,63420000,167,277,63435000,22228
1,4229,63435000,63435000,167,277,63450000,22233
1,423,6345000,6345000,167,277,6360000,2221
1,4230,63450000,63450000,167,277,63465000,22239
1,4231,63465000,63465000,167,277,63480000,22242
1,4232,63480000,63480000,167,277,63495000,22249
1,4233,63495000,63495000,167,277,63510000,22255
1,4234,63510000,63510000,167,277,63525000,22259
1,4235,63525000,63525000,167,277,63540000,22263
1,4236,63540000,63540000,167,277,63555000,22270
1,4237,63555000,63555000,167,277,63570000,22276
1,4238,63570000,63570000,167,277,63585000,22281
1,4239,63585000,63585000,167,277,63600000,22284
1,424,6360000,6360000,167,277,6375000,2228
1,4240,63600000,63600000,167,277,63615000,22291
1,4241,63615000,63615000,167,277,63630000,22296
1,4242,63630000,63630000,167,277,63645000,22302
1,4243,63645000,63645000,167,277,63660000,22305
1,4244,63660000,63660000,167,277,63675000,22312
1,4245,63675000,63675000,167,277,63690000,22318
1,4246,63690000,63690000,167,277,63705000,22323
1,4247,63705000,63705000,167,277,63720000,22326
1,4248,63720000,63720000,167,277,63735000,22333
1,4249,63735000,63735000,167,277,63750000,22338
1,425,6375000,6375000,167,277,6390000,2235
1,4250,63750000,63750000,167,277,63765000,22344
1,4251,63765000,63765000,167,277,63780000,22348
1,4252,63780000,63780000,167,277,63795000,22354
1,4253,63795000,63795000,167,277,63810000,22359
1,4254,63810000,63810000,167,277,63825000,22364
1,4255,63825000,63825000,167,277,63840000,22369
1,4256,63840000,63840000,167,277,63855000,22376
1,4257,63855000,63855000,167,277,63870000,22381
1,4258,63870000,63870000,167,277,63885000,22385
1,4259,63885000,63885000,167,277,63900000,22388
1,426,6390000,6390000,167,277,6405000,2240
1,4260,63900000,63900000,167,277,63915000,22397
1,4261,63915000,63915000,167,277,63930000,22403
1,4262,63930000,63930000,167,277,63945000,22407
1,4263,63945000,63945000,167,277,63960000,22410
1,4264,63960000,63960000,167,277,63975000,22416
1,4265,63975000,63975000,167,277,63990000,22423
1,4266,63990000,63990000,167,277,64005000,22428
1,4267,64005000,64005000,167,277,64020000,22432
1,4268,64020000,64020000,167,277,64035000,22438
1,4269,64035000,64035000,167,277,64050000,22443
1,427,6405000,6405000,167,277,6420000,2243
1,4270,64050000,64050000,167,277,64065000,22449
1,4271,64065000,64065000,167,277,64080000,22452
1,4272,64080000,64080000,167,277,64095000,22460
1,4273,64095000,64095000,167,277,64110000,22465
1,4274,64110000,64110000,167,277,64125000,22470
1,4275,64125000,64125000,167,277,64140000,22474
1,4276,64140000,64140000,167,277,64155000,22480
1,4277,64155000,64155000,167,277,64170000,22485
1,4278,64170000,64170000,167,277,64185000,22491
1,4279,64185000,64185000,167,277,64200000,22495
1,428,6420000,6420000,167,277,6435000,2249
1,4280,64200000,64200000,167,277,64215000,22502
1,4281,64215000,64215000,167,277,64230000,22507
1,4282,64230000,64230000,167,277,64245000,22511
1,4283,64245000,64245000,167,277,64260000,22514
1,4284,64260000,64260000,167,277,64275000,22523
1,4285,64275000,64275000,167,277,64290000,22529
1,4286,64290000,64290000,167,277,64305000,22533
1,4287,64305000,64305000,167,277,64320000,22536
1,4288,64320000,64320000,167,277,64335000,22543
1,4289,64335000,64335000,167,277,64350000,22549
1,429,6435000,6435000,167,277,6450000,2255
1,4290,64350000,64350000,167,277,64365000,22555
1,4291,64365000,64365000,167,277,64380000,22558
1,4292,64380000,64380000,167,277,64395000,22564
1,4293,64395000,64395000,167,277,64410000,22570
1,4294,64410000,64410000,167,277,64425000,22574
1,4295,64425000,64425000,167,277,64440000,22579
1,4296,64440000,64440000,167,277,64455000,22586
1,4297,64455000,64455000,167,277,64470000,22591
1,4298,64470000,64470000,167,277,64485000,22596
1,4299,64485000,64485000,167,277,64500000,22599
1,43,645000,645000,167,277,660000,224
1,430,6450000,6450000,167,277,6465000,2261
1,4300,64500000,64500000,167,277,64515000,22606
1,4301,64515000,64515000,167,277,64530000,22612
1,4302,64530000,64530000,167,277,64545000,22618
1,4303,64545000,64545000,167,277,64560000,22621
1,4304,64560000,64560000,167,277,64575000,22627
1,4305,64575000,64575000,167,277,64590000,22633
1,4306,64590000,64590000,167,277,64605000,22638
1,4307,64605000,64605000,167,277,64620000,22642
1,4308,64620000,64620000,167,277,64635000,22649
1,4309,64635000,64635000,167,277,64650000,22654
1,431,6465000,6465000,167,277,6480000,2264
1,4310,64650000,64650000,167,277,64665000,22659
1,4311,64665000,64665000,167,277,64680000,22662
1,4312,64680000,64680000,167,277,64695000,22670
1,4313,64695000,64695000,167,277,64710000,22675
1,4314,64710000,64710000,167,277,64725000,22680
1,4315,64725000,64725000,167,277,64740000,22684
1,4316,64740000,64740000,167,277,64755000,22691
1,4317,64755000,64755000,167,277,64770000,22696
1,4318,64770000,64770000,167,277,64785000,22701
1,4319,64785000,64785000,167,277,64800000,22704
1,432,6480000,6480000,167,277,6495000,2271
1,4320,64800000,64800000,167,277,64815000,22712
1,4321,64815000,64815000,167,277,64830000,22718
1,4322,64830000,64830000,167,277,64845000,22722
1,4323,64845000,64845000,167,277,64860000,22726
1,4324,64860000,64860000,167,277,64875000,22732
1,4325,64875000,64875000,167,277,64890000,22738
1,4326,64890000,64890000,167,277,64905000,22744
1,4327,64905000,64905000,167,277,64920000,22747
1,4328,64920000,64920000,167,277,64935000,22753
1,4329,64935000,64935000,167,277,64950000,22759
1,433,6495000,6495000,167,277,6510000,2276
1,4330,64950000,64950000,167,277,64965000,22765
1,4331,64965000,64965000,167,277,64980000,22768
1,4332,64980000,64980000,167,277,64995000,22775
1,4333,64995000,64995000,167,277,65010000,22780
1,4334,65010000,65010000,167,277,65025000,22784
1,4335,65025000,65025000,167,277,65040000,22790
1,4336,65040000,65040000,167,277,65055000,22796
1,4337,65055000,65055000,167,277,65070000,22801
1,4338,65070000,65070000,167,277,65085000,22806
1,4339,65085000,65085000,167,277,65100000,22809
1,434,6510000,6510000,167,277,6525000,2281
1,4340,65100000,65100000,167,277,65115000,22818
1,4341,65115000,65115000,167,277,65130000,22823
1,4342,65130000,65130000,167,277,65145000,22827
1,4343,65145000,65145000,167,277,65160000,22830
1,4344,65160000,65160000,167,277,65175000,22838
1,4345,65175000,65175000,167,277,65190000,22844
1,4346,65190000,65190000,167,277,65205000,22849
1,4347,65205000,65205000,167,277,65220000,22852
1,4348,65220000,65220000,167,277,65235000,22858
1,4349,65235000,65235000,167,277,65250000,22864
1,435,6525000,6525000,167,277,6540000,2285
1,4350,65250000,65250000,167,277,65265000,22870
1,4351,65265000,65265000,167,277,65280000,22873
1,4352,65280000,65280000,167,277,65295000,22880
1,4353,65295000,65295000,167,277,65310000,22885
1,4354,65310000,65310000,167,277,65325000,22890
1,4355,65325000,65325000,167,277,65340000,22894
1,4356,65340000,65340000,167,277,65355000,22901
1,4357,65355000,65355000,167,277,65370000,22907
1,4358,65370000,65370000,167,277,65385000,22912
1,4359,65385000,65385000,167,277,65400000,22915
1,436,6540000,6540000,167,277,6555000,2292
1,4360,65400000,65400000,167,277,65415000,22922
1,4361,65415000,65415000,167,277,65430000,22927
1,4362,65430000,65430000,167,277,65445000,22932
1,4363,65445000,65445000,167,277,65460000,22937
1,4364,65460000,65460000,167,277,65475000,22943
1,4365,65475000,65475000,167,277,65490000,22949
1,4366,65490000,65490000,167,277,65505000,22953
1,4367,65505000,65505000,167,277,65520000,22956
1,4368,65520000,65520000,167,277,65535000,22964
1,4369,65535000,65535000,167,277,65550000,22970
1,437,6555000,6555000,167,277,6570000,2297
1,4370,65550000,65550000,167,277,65565000,22975
1,4371,65565000,65565000,167,277,65580000,22978
1,4372,65580000,65580000,167,277,65595000,22985
1,4373,65595000,65595000,167,277,65610000,22990
1,4374,65610000,65610000,167,277,65625000,22996
1,4375,65625000,65625000,167,277,65640000,23000
1,4376,65640000,65640000,167,277,65655000,23006
1,4377,65655000,65655000,167,277,65670000,23012
1,4378,65670000,65670000,167,277,65685000,23016
1,4379,65685000,65685000,167,277,65700000,23019
1,438,6570000,6570000,167,277,6585000,2303
1,4380,65700000,65700000,167,277,65715000,23028
1,4381,65715000,65715000,167,277,65730000,23033
1,4382,65730000,65730000,167,277,65745000,23038
1,4383,65745000,65745000,167,277,65760000,23041
1,4384,65760000,65760000,167,277,65775000,23047
1,4385,65775000,65775000,167,277,65790000,23053
1,4386,65790000,65790000,167,277,65805000,23060
1,4387,65805000,65805000,167,277,65820000,23063
1,4388,65820000,65820000,167,277,65835000,23069
1,4389,65835000,65835000,167,277,65850000,23074
1,439,6585000,6585000,167,277,6600000,2306
1,4390,65850000,65850000,167,277,65865000,23079
1,4391,65865000,65865000,167,277,65880000,23084
1,4392,65880000,65880000,167,277,65895000,23091
1,4393,65895000,65895000,167,277,65910000,23096
1,4394,65910000,65910000,167,277,65925000,23100
1,4395,65925000,65925000,167,277,65940000,23104
1,4396,65940000,65940000,167,277,65955000,23111
1,4397,65955000,65955000,167,277,65970000,23117
1,4398,65970000,65970000,167,277,65985000,23122
1,4399,65985000,65985000,167,277,66000000,23125
1,44,660000,660000,167,277,675000,230
1,440,6600000,6600000,167,277,6615000,2313
1,4400,66000000,66000000,167,277,66015000,23133
1,4401,66015000,66015000,167,277,66030000,23138
1,4402,66030000,66030000,167,277,66045000,23142
1,4403,66045000,66045000,167,277,66060000,23146
1,4404,66060000,66060000,167,277,66075000,23153
1,4405,66075000,66075000,167,277,66090000,23160
1,4406,66090000,66090000,167,277,66105000,23164
1,4407,66105000,66105000,167,277,66120000,23167
1,4408,66120000,66120000,167,277,66135000,23174
1,4409,66135000,66135000,167,277,66150000,23179
1,441,6615000,6615000,167,277,6630000,2318
1,4410,66150000,66150000,167,277,66165000,23186
1,4411,66165000,66165000,167,277,66180000,23189
1,4412,66180000,66180000,167,277,66195000,23195
1,4413,66195000,66195000,167,277,66210000,23200
1,4414,66210000,66210000,167,277,66225000,23206
1,4415,66225000,66225000,167,277,66240000,23210
1,4416,66240000,66240000,167,277,66255000,23217
1,4417,66255000,66255000,167,277,66270000,23222
1,4418,66270000,66270000,167,277,66285000,23226
1,4419,66285000,66285000,167,277,66300000,23230
1,442,6630000,6630000,167,277,6645000,2323
1,4420,66300000,66300000,167,277,66315000,23238
1,4421,66315000,66315000,167,277,66330000,23243
1,4422,66330000,66330000,167,277,66345000,23248
1,4423,66345000,66345000,167,277,66360000,23251
1,4424,66360000,66360000,167,277,66375000,23258
1,4425,66375000,66375000,167,277,66390000,23265
1,4426,66390000,66390000,167,277,66405000,23269
1,4427,66405000,66405000,167,277,66420000,23272
1,4428,66420000,66420000,167,277,66435000,23280
1,4429,66435000,66435000,167,277,66450000,23285
1,443,6645000,6645000,167,277,6660000,2327
1,4430,66450000,66450000,167,277,66465000,23290
1,4431,66465000,66465000,167,277,66480000,23294
1,4432,66480000,66480000,167,277,66495000,23300
1,4433,66495000,66495000,167,277,66510000,23306
1,4434,66510000,66510000,167,277,66525000,23311
1,4435,66525000,66525000,167,277,66540000,23315
1,4436,66540000,66540000,167,277,66555000,23321
1,4437,66555000,66555000,167,277,66570000,23327
1,4438,66570000,66570000,167,277,66585000,23332
1,4439,66585000,66585000,167,277,66600000,23335
1,444,6660000,6660000,167,277,6675000,2334
1,4440,66600000,66600000,167,277,66615000,23343
1,4441,66615000,66615000,167,277,66630000,23348
1,4442,66630000,66630000,167,277,66645000,23354
1,4443,66645000,66645000,167,277,66660000,23357
1,4444,66660000,66660000,167,277,66675000,23363
1,4445,66675000,66675000,167,277,66690000,23369
1,4446,66690000,66690000,167,277,66705000,23374
1,4447,66705000,66705000,167,277,66720000,23378
1,4448,66720000,66720000,167,277,66735000,23385
1,4449,66735000,66735000,167,277,66750000,23390
1,445,6675000,6675000,167,277,6690000,2340
1,4450,66750000,66750000,167,277,66765000,23395
1,4451,66765000,66765000,167,277,66780000,23398
1,4452,66780000,66780000,167,277,66795000,23406
1,4453,66795000,66795000,167,277,66810000,23411
1,4454,66810000,66810000,167,277,66825000,23416
1,4455,66825000,66825000,167,277,66840000,23420
1,4456,66840000,66840000,167,277,66855000,23427
1,4457,66855000,66855000,167,277,66870000,23432
1,4458,66870000,66870000,167,277,66885000,23437
1,4459,66885000,66885000,167,277,66900000,23441
1,446,6690000,6690000,167,277,6705000,2344
1,4460,66900000,66900000,167,277,66915000,23448
1,4461,66915000,66915000,167,277,66930000,23454
1,4462,66930000,66930000,167,277,66945000,23458
1,4463,66945000,66945000,167,277,66960000,23461
1,4464,66960000,66960000,167,277,66975000,23468
1,4465,66975000,66975000,167,277,66990000,23475
1,4466,66990000,66990000,167,277,67005000,23480
1,4467,67005000,67005000,167,277,67020000,23483
1,4468,67020000,67020000,167,277,67035000,23489
1,4469,67035000,67035000,167,277,67050000,23494
1,447,6705000,6705000,167,277,6720000,2348
1,4470,67050000,67050000,167,277,67065000,23501
1,4471,67065000,67065000,167,277,67080000,23505
1,4472,67080000,67080000,167,277,67095000,23511
1,4473,67095000,67095000,167,277,67110000,23516
1,4474,67110000,67110000,167,277,67125000,23520
1,4475,67125000,67125000,167,277,67140000,23525
1,4476,67140000,67140000,167,277,67155000,23533
1,4477,67155000,67155000,167,277,67170000,23538
1,4478,67170000,67170000,167,277,67185000,23542
1,4479,67185000,67185000,167,277,67200000,23545
1,448,6720000,6720000,167,277,6735000,2355
1,4480,67200000,67200000,167,277,67215000,23553
1,4481,67215000,67215000,167,277,67230000,23558
1,4482,67230000,67230000,167,277,67245000,23564
1,4483,67245000,67245000,167,277,67260000,23567
1,4484,67260000,67260000,167,277,67275000,23574
1,4485,67275000,67275000,167,277,67290000,23580
1,4486,67290000,67290000,167,277,67305000,23584
1,4487,67305000,67305000,167,277,67320000,23587
1,4488,67320000,67320000,167,277,67335000,23595
1,4489,67335000,67335000,167,277,67350000,23601
1,449,6735000,6735000,167,277,6750000,2360
1,4490,67350000,67350000,167,277,67365000,23606
1,4491,67365000,67365000,167,277,67380000,23609
1,4492,67380000,67380000,167,277,67395000,23615
1,4493,67395000,67395000,167,277,67410000,23621
1,4494,67410000,67410000,167,277,67425000,23627
1,4495,67425000,67425000,167,277,67440000,23631
1,4496,67440000,67440000,167,277,67455000,23637
1,4497,67455000,67455000,167,277,67470000,23642
1,4498,67470000,67470000,167,277,67485000,23647
1,4499,67485000,67485000,167,277,67500000,23651
1,45,675000,675000,167,277,690000,237
1,450,6750000,6750000,167,277,6765000,2366
1,4500,67500000,67500000,167,277,67515000,23659
1,4501,67515000,67515000,167,277,67530000,23664
1,4502,67530000,67530000,167,277,67545000,23668
1,4503,67545000,67545000,167,277,67560000,23672
1,4504,67560000,67560000,167,277,67575000,23678
1,4505,67575000,67575000,167,277,67590000,23685
1,4506,67590000,67590000,167,277,67605000,23690
1,4507,67605000,67605000,167,277,67620000,23693
1,4508,67620000,67620000,167,277,67635000,23700
1,4509,67635000,67635000,167,277,67650000,23705
1,451,6765000,6765000,167,277,6780000,2369
1,4510,67650000,67650000,167,277,67665000,23711
1,4511,67665000,67665000,167,277,67680000,23714
1,4512,67680000,67680000,167,277,67695000,23722
1,4513,67695000,67695000,167,277,67710000,23727
1,4514,67710000,67710000,167,277,67725000,23731
1,4515,67725000,67725000,167,277,67740000,23735
1,4516,67740000,67740000,167,277,67755000,23742
1,4517,67755000,67755000,167,277,67770000,23748
1,4518,67770000,67770000,167,277,67785000,23753
1,4519,67785000,67785000,167,277,67800000,23756
1,452,6780000,6780000,167,277,6795000,2376
1,4520,67800000,67800000,167,277,67815000,23763
1,4521,67815000,67815000,167,277,67830000,23768
1,4522,67830000,67830000,167,277,67845000,23774
1,4523,67845000,67845000,167,277,67860000,23777
1,4524,67860000,67860000,167,277,67875000,23784
1,4525,67875000,67875000,167,277,67890000,23790
1,4526,67890000,67890000,167,277,67905000,23795
1,4527,67905000,67905000,167,277,67920000,23799
1,4528,67920000,67920000,167,277,67935000,23805
1,4529,67935000,67935000,167,277,67950000,23810
1,453,6795000,6795000,167,277,6810000,2382
1,4530,67950000,67950000,167,277,67965000,23816
1,4531,67965000,67965000,167,277,67980000,23820
1,4532,67980000,67980000,167,277,67995000,23826
1,4533,67995000,67995000,167,277,68010000,23832
1,4534,68010000,68010000,167,277,68025000,23836
1,4535,68025000,68025000,167,277,68040000,23840
1,4536,68040000,68040000,167,277,68055000,23848
1,4537,68055000,68055000,167,277,68070000,23853
1,4538,68070000,68070000,167,277,68085000,23857
1,4539,68085000,68085000,167,277,68100000,23861
1,454,6810000,6810000,167,277,6825000,2386
1,4540,68100000,68100000,167,277,68115000,23869
1,4541,68115000,68115000,167,277,68130000,23874
1,4542,68130000,68130000,167,277,68145000,23879
1,4543,68145000,68145000,167,277,68160000,23882
1,4544,68160000,68160000,167,277,68175000,23889
1,4545,68175000,68175000,167,277,68190000,23896
1,4546,68190000,68190000,167,277,68205000,23900
1,4547,68205000,68205000,167,277,68220000,23903
1,4548,68220000,68220000,167,277,68235000,23910
1,4549,68235000,68235000,167,277,68250000,23915
1,455,6825000,6825000,167,277,6840000,2390
1,4550,68250000,68250000,167,277,68265000,23922
1,4551,68265000,68265000,167,277,68280000,23925
1,4552,68280000,68280000,167,277,68295000,23931
1,4553,68295000,68295000,167,277,68310000,23936
1,4554,68310000,68310000,167,277,68325000,23942
1,4555,68325000,68325000,167,277,68340000,23946
1,4556,68340000,68340000,167,277,68355000,23953
1,4557,68355000,68355000,167,277,68370000,23958
1,4558,68370000,68370000,167,277,68385000,23962
1,4559,68385000,68385000,167,277,68400000,23966
1,456,6840000,6840000,167,277,6855000,2397
1,4560,68400000,68400000,167,277,68415000,23974
1,4561,68415000,68415000,167,277,68430000,23980
1,4562,68430000,68430000,167,277,68445000,23984
1,4563,68445000,68445000,167,277,68460000,23987
1,4564,68460000,68460000,167,277,68475000,23994
1,4565,68475000,68475000,167,277,68490000,24000
1,4566,68490000,68490000,167,277,68505000,24005
1,4567,68505000,68505000,167,277,68520000,24009
1,4568,68520000,68520000,167,277,68535000,24016
1,4569,68535000,68535000,167,277,68550000,24021
1,457,6855000,6855000,167,277,6870000,2403
1,4570,68550000,68550000,167,277,68565000,24026
1,4571,68565000,68565000,167,277,68580000,24029
1,4572,68580000,68580000,167,277,68595000,24036
1,4573,68595000,68595000,167,277,68610000,24043
1,4574,68610000,68610000,167,277,68625000,24047
1,4575,68625000,68625000,167,277,68640000,24051
1,4576,68640000,68640000,167,277,68655000,24057
1,4577,68655000,68655000,167,277,68670000,24062
1,4578,68670000,68670000,167,277,68685000,24069
1,4579,68685000,68685000,167,277,68700000,24072
1,458,6870000,6870000,167,277,6885000,2407
1,4580,68700000,68700000,167,277,68715000,24079
1,4581,68715000,68715000,167,277,68730000,24084
1,4582,68730000,68730000,167,277,68745000,24089
1,4583,68745000,68745000,167,277,68760000,24092
1,4584,68760000,68760000,167,277,68775000,24100
1,4585,68775000,68775000,167,277,68790000,24106
1,4586,68790000,68790000,167,277,68805000,24110
1,4587,68805000,68805000,167,277,68820000,24114
1,4588,68820000,68820000,167,277,68835000,24120
1,4589,68835000,68835000,167,277,68850000,24125
1,459,6885000,6885000,167,277,6900000,2411
1,4590,68850000,68850000,167,277,68865000,24132
1,4591,68865000,68865000,167,277,68880000,24135
1,4592,68880000,68880000,167,277,68895000,24142
1,4593,68895000,68895000,167,277,68910000,24147
1,4594,68910000,68910000,167,277,68925000,24151
1,4595,68925000,68925000,167,277,68940000,24156
1,4596,68940000,68940000,167,277,68955000,24164
1,4597,68955000,68955000,167,277,68970000,24169
1,4598,68970000,68970000,167,277,68985000,24173
1,4599,68985000,68985000,167,277,69000000,24176
1,46,690000,690000,167,277,705000,242
1,460,6900000,6900000,167,277,6915000,2418
1,4600,69000000,69000000,167,277,69015000,24183
1,4601,69015000,69015000,167,277,69030000,24190
1,4602,69030000,69030000,167,277,69045000,24195
1,4603,69045000,69045000,167,277,69060000,24198
1,4604,69060000,69060000,167,277,69075000,24204
1,4605,69075000,69075000,167,277,69090000,24210
1,4606,69090000,69090000,167,277,69105000,24215
1,4607,69105000,69105000,167,277,69120000,24219
1,4608,69120000,69120000,167,277,69135000,24226
1,4609,69135000,69135000,167,277,69150000,24231
1,461,6915000,6915000,167,277,6930000,2423
1,4610,69150000,69150000,167,277,69165000,24237
1,4611,69165000,69165000,167,277,69180000,24240
1,4612,69180000,69180000,167,277,69195000,24247
1,4613,69195000,69195000,167,277,69210000,24252
1,4614,69210000,69210000,167,277,69225000,24257
1,4615,69225000,69225000,167,277,69240000,24262
1,4616,69240000,69240000,167,277,69255000,24268
1,4617,69255000,69255000,167,277,69270000,24273
1,4618,69270000,69270000,167,277,69285000,24278
1,4619,69285000,69285000,167,277,69300000,24281
1,462,6930000,6930000,167,277,6945000,2429
1,4620,69300000,69300000,167,277,69315000,24290
1,4621,69315000,69315000,167,277,69330000,24295
1,4622,69330000,69330000,167,277,69345000,24299
1,4623,69345000,69345000,167,277,69360000,24302
1,4624,69360000,69360000,167,277,69375000,24310
1,4625,69375000,69375000,167,277,69390000,24316
1,4626,69390000,69390000,167,277,69405000,24321
1,4627,69405000,69405000,167,277,69420000,24324
1,4628,69420000,69420000,167,277,69435000,24330
1,4629,69435000,69435000,167,277,69450000,24337
1,463,6945000,6945000,167,277,6960000,2432
1,4630,69450000,69450000,167,277,69465000,24342
1,4631,69465000,69465000,167,277,69480000,24345
1,4632,69480000,69480000,167,277,69495000,24352
1,4633,69495000,69495000,167,277,69510000,24357
1,4634,69510000,69510000,167,277,69525000,24362
1,4635,69525000,69525000,167,277,69540000,24367
1,4636,69540000,69540000,167,277,69555000,24373
1,4637,69555000,69555000,167,277,69570000,24378
1,4638,69570000,69570000,167,277,69585000,24384
1,4639,69585000,69585000,167,277,69600000,24387
1,464,6960000,6960000,167,277,6975000,2439
1,4640,69600000,69600000,167,277,69615000,24394
1,4641,69615000,69615000,167,277,69630000,24400
1,4642,69630000,69630000,167,277,69645000,24404
1,4643,69645000,69645000,167,277,69660000,24408
1,4644,69660000,69660000,167,277,69675000,24415
1,4645,69675000,69675000,167,277,69690000,24421
1,4646,69690000,69690000,167,277,69705000,24426
1,4647,69705000,69705000,167,277,69720000,24429
1,4648,69720000,69720000,167,277,69735000,24436
1,4649,69735000,69735000,167,277,69750000,24441
1,465,6975000,6975000,167,277,6990000,2445
1,4650,69750000,69750000,167,277,69765000,24447
1,4651,69765000,69765000,167,277,69780000,24450
1,4652,69780000,69780000,167,277,69795000,24458
1,4653,69795000,69795000,167,277,69810000,24463
1,4654,69810000,69810000,167,277,69825000,24467
1,4655,69825000,69825000,167,277,69840000,24471
1,4656,69840000,69840000,167,277,69855000,24478
1,4657,69855000,69855000,167,277,69870000,24484
1,4658,69870000,69870000,167,277,69885000,24489
1,4659,69885000,69885000,167,277,69900000,24492
1,466,6990000,6990000,167,277,7005000,2450
1,4660,69900000,69900000,167,277,69915000,24499
1,4661,69915000,69915000,167,277,69930000,24504
1,4662,69930000,69930000,167,277,69945000,24510
1,4663,69945000,69945000,167,277,69960000,24514
1,4664,69960000,69960000,167,277,69975000,24520
1,4665,69975000,69975000,167,277,69990000,24526
1,4666,69990000,69990000,167,277,70005000,24531
1,4667,70005000,70005000,167,277,70020000,24534
1,4668,70020000,70020000,167,277,70035000,24541
1,4669,70035000,70035000,167,277,70050000,24547
1,467,7005000,7005000,167,277,7020000,2453
1,4670,70050000,70050000,167,277,70065000,24552
1,4671,70065000,70065000,167,277,70080000,24556
1,4672,70080000,70080000,167,277,70095000,24562
1,4673,70095000,70095000,167,277,70110000,24567
1,4674,70110000,70110000,167,277,70125000,24572
1,4675,70125000,70125000,167,277,70140000,24577
1,4676,70140000,70140000,167,277,70155000,24584
1,4677,70155000,70155000,167,277,70170000,24589
1,4678,70170000,70170000,167,277,70185000,24593
1,4679,70185000,70185000,167,277,70200000,24596
1,468,7020000,7020000,167,277,7035000,2460
1,4680,70200000,70200000,167,277,70215000,24606
1,4681,70215000,70215000,167,277,70230000,24611
1,4682,70230000,70230000,167,277,70245000,24615
1,4683,70245000,70245000,167,277,70260000,24618
1,4684,70260000,70260000,167,277,70275000,24624
1,4685,70275000,70275000,167,277,70290000,24631
1,4686,70290000,70290000,167,277,70305000,24637
1,4687,70305000,70305000,167,277,70320000,24640
1,4688,70320000,70320000,167,277,70335000,24646
1,4689,70335000,70335000,167,277,70350000,24651
1,469,7035000,7035000,167,277,7050000,2465
1,4690,70350000,70350000,167,277,70365000,24657
1,4691,70365000,70365000,167,277,70380000,24660
1,4692,70380000,70380000,167,277,70395000,24668
1,4693,70395000,70395000,167,277,70410000,24673
1,4694,70410000,70410000,167,277,70425000,24678
1,4695,70425000,70425000,167,277,70440000,24682
1,4696,70440000,70440000,167,277,70455000,24688
1,4697,70455000,70455000,167,277,70470000,24694
1,4698,70470000,70470000,167,277,70485000,24699
1,4699,70485000,70485000,167,277,70500000,24703
1,47,705000,705000,167,277,720000,245
1,470,7050000,7050000,167,277,7065000,2471
1,4700,70500000,70500000,167,277,70515000,24710
1,4701,70515000,70515000,167,277,70530000,24715
1,4702,70530000,70530000,167,277,70545000,24719
1,4703,70545000,70545000,167,277,70560000,24723
1,4704,70560000,70560000,167,277,70575000,24731
1,4705,70575000,70575000,167,277,70590000,24737
1,4706,70590000,70590000,167,277,70605000,24741
1,4707,70605000,70605000,167,277,70620000,24744
1,4708,70620000,70620000,167,277,70635000,24751
1,4709,70635000,70635000,167,277,70650000,24757
1,471,7065000,7065000,167,277,7080000,2475
1,4710,70650000,70650000,167,277,70665000,24763
1,4711,70665000,70665000,167,277,70680000,24766
1,4712,70680000,70680000,167,277,70695000,24772
1,4713,70695000,70695000,167,277,70710000,24778
1,4714,70710000,70710000,167,277,70725000,24783
1,4715,70725000,70725000,167,277,70740000,24787
1,4716,70740000,70740000,167,277,70755000,24794
1,4717,70755000,70755000,167,277,70770000,24799
1,4718,70770000,70770000,167,277,70785000,24804
1,4719,70785000,70785000,167,277,70800000,24807
1,472,7080000,7080000,167,277,7095000,2481
1,4720,70800000,70800000,167,277,70815000,24815
1,4721,70815000,70815000,167,277,70830000,24820
1,4722,70830000,70830000,167,277,70845000,24826
1,4723,70845000,70845000,167,277,70860000,24829
1,4724,70860000,70860000,167,277,70875000,24835
1,4725,70875000,70875000,167,277,70890000,24841
1,4726,70890000,70890000,167,277,70905000,24846
1,4727,70905000,70905000,167,277,70920000,24850
1,4728,70920000,70920000,167,277,70935000,24857
1,4729,70935000,70935000,167,277,70950000,24862
1,473,7095000,7095000,167,277,7110000,2486
1,4730,70950000,70950000,167,277,70965000,24867
1,4731,70965000,70965000,167,277,70980000,24871
1,4732,70980000,70980000,167,277,70995000,24878
1,4733,70995000,70995000,167,277,71010000,24883
1,4734,71010000,71010000,167,277,71025000,24888
1,4735,71025000,71025000,167,277,71040000,24892
1,4736,71040000,71040000,167,277,71055000,24899
1,4737,71055000,71055000,167,277,71070000,24905
1,4738,71070000,71070000,167,277,71085000,24909
1,4739,71085000,71085000,167,277,71100000,24912
1,474,7110000,7110000,167,277,7125000,2491
1,4740,71100000,71100000,167,277,71115000,24920
1,4741,71115000,71115000,167,277,71130000,24926
1,4742,71130000,71130000,167,277,71145000,24930
1,4743,71145000,71145000,167,277,71160000,24934
1,4744,71160000,71160000,167,277,71175000,24940
1,4745,71175000,71175000,167,277,71190000,24946
1,4746,71190000,71190000,167,277,71205000,24952
1,4747,71205000,71205000,167,277,71220000,24955
1,4748,71220000,71220000,167,277,71235000,24962
1,4749,71235000,71235000,167,277,71250000,24967
1,475,7125000,7125000,167,277,7140000,2495
1,4750,71250000,71250000,167,277,71265000,24973
1,4751,71265000,71265000,167,277,71280000,24976
1,4752,71280000,71280000,167,277,71295000,24983
1,4753,71295000,71295000,167,277,71310000,24988
1,4754,71310000,71310000,167,277,71325000,24993
1,4755,71325000,71325000,167,277,71340000,24998
1,4756,71340000,71340000,167,277,71355000,25004
1,4757,71355000,71355000,167,277,71370000,25009
1,4758,71370000,71370000,167,277,71385000,25014
1,4759,71385000,71385000,167,277,71400000,25017
1,476,7140000,7140000,167,277,7155000,2503
1,4760,71400000,71400000,167,277,71415000,25026
1,4761,71415000,71415000,167,277,71430000,25031
1,4762,71430000,71430000,167,277,71445000,25035
1,4763,71445000,71445000,167,277,71460000,25038
1,4764,71460000,71460000,167,277,71475000,25046
1,4765,71475000,71475000,167,277,71490000,25053
1,4766,71490000,71490000,167,277,71505000,25057
1,4767,71505000,71505000,167,277,71520000,25060
1,4768,71520000,71520000,167,277,71535000,25066
1,4769,71535000,71535000,167,277,71550000,25072
1,477,7155000,7155000,167,277,7170000,2508
1,4770,71550000,71550000,167,277,71565000,25078
1,4771,71565000,71565000,167,277,71580000,25082
1,4772,71580000,71580000,167,277,71595000,25088
1,4773,71595000,71595000,167,277,71610000,25093
1,4774,71610000,71610000,167,277,71625000,25098
1,4775,71625000,71625000,167,277,71640000,25102
1,4776,71640000,71640000,167,277,71655000,25109
1,4777,71655000,71655000,167,277,71670000,25115
1,4778,71670000,71670000,167,277,71685000,25120
1,4779,71685000,71685000,167,277,71700000,25123
1,478,7170000,7170000,167,277,7185000,2512
1,4780,71700000,71700000,167,277,71715000,25130
1,4781,71715000,71715000,167,277,71730000,25135
1,4782,71730000,71730000,167,277,71745000,25141
1,4783,71745000,71745000,167,277,71760000,25145
1,4784,71760000,71760000,167,277,71775000,25151
1,4785,71775000,71775000,167,277,71790000,25157
1,4786,71790000,71790000,167,277,71805000,25161
1,4787,71805000,71805000,167,277,71820000,25164
1,4788,71820000,71820000,167,277,71835000,25173
1,4789,71835000,71835000,167,277,71850000,25178
1,479,7185000,7185000,167,277,7200000,2515
1,4790,71850000,71850000,167,277,71865000,25183
1,4791,71865000,71865000,167,277,71880000,25186
1,4792,71880000,71880000,167,277,71895000,25193
1,4793,71895000,71895000,167,277,71910000,25198
1,4794,71910000,71910000,167,277,71925000,25204
1,4795,71925000,71925000,167,277,71940000,25208
1,4796,71940000,71940000,167,277,71955000,25214
1,4797,71955000,71955000,167,277,71970000,25220
1,4798,71970000,71970000,167,277,71985000,25224
1,4799,71985000,71985000,167,277,72000000,25228
1,48,720000,720000,167,277,735000,252
1,480,7200000,7200000,167,277,7215000,2524
1,4800,72000000,72000000,167,277,72015000,25236
1,4801,72015000,72015000,167,277,72030000,25241
1,4802,72030000,72030000,167,277,72045000,25246
1,4803,72045000,72045000,167,277,72060000,25249
1,4804,72060000,72060000,167,277,72075000,25255
1,4805,72075000,72075000,167,277,72090000,25262
1,4806,72090000,72090000,167,277,72105000,25268
1,4807,72105000,72105000,167,277,72120000,25271
1,4808,72120000,72120000,167,277,72135000,25277
1,4809,72135000,72135000,167,277,72150000,25282
1,481,7215000,7215000,167,277,7230000,2530
1,4810,72150000,72150000,167,277,72165000,25287
1,4811,72165000,72165000,167,277,72180000,25292
1,4812,72180000,72180000,167,277,72195000,25299
1,4813,72195000,72195000,167,277,72210000,25304
1,4814,72210000,72210000,167,277,72225000,25308
1,4815,72225000,72225000,167,277,72240000,25312
1,4816,72240000,72240000,167,277,72255000,25320
1,4817,72255000,72255000,167,277,72270000,25325
1,4818,72270000,72270000,167,277,72285000,25330
1,4819,72285000,72285000,167,277,72300000,25333
1,482,7230000,7230000,167,277,7245000,2534
1,4820,72300000,72300000,167,277,72315000,25341
1,4821,72315000,72315000,167,277,72330000,25346
1,4822,72330000,72330000,167,277,72345000,25351
1,4823,72345000,72345000,167,277,72360000,25354
1,4824,72360000,72360000,167,277,72375000,25361
1,4825,72375000,72375000,167,277,72390000,25368
1,4826,72390000,72390000,167,277,72405000,25372
1,4827,72405000,72405000,167,277,72420000,25375
1,4828,72420000,72420000,167,277,72435000,25382
1,4829,72435000,72435000,167,277,72450000,25387
1,483,7245000,7245000,167,277,7260000,2537
1,4830,72450000,72450000,167,277,72465000,25394
1,4831,72465000,72465000,167,277,72480000,25397
1,4832,72480000,72480000,167,277,72495000,25403
1,4833,72495000,72495000,167,277,72510000,25409
1,4834,72510000,72510000,167,277,72525000,25414
1,4835,72525000,72525000,167,277,72540000,25418
1,4836,72540000,72540000,167,277,72555000,25425
1,4837,72555000,72555000,167,277,72570000,25430
1,4838,72570000,72570000,167,277,72585000,25434
1,4839,72585000,72585000,167,277,72600000,25439
1,484,7260000,7260000,167,277,7275000,2543
1,4840,72600000,72600000,167,277,72615000,25446
1,4841,72615000,72615000,167,277,72630000,25451
1,4842,72630000,72630000,167,277,72645000,25456
1,4843,72645000,72645000,167,277,72660000,25459
1,4844,72660000,72660000,167,277,72675000,25466
1,4845,72675000,72675000,167,277,72690000,25473
1,4846,72690000,72690000,167,277,72705000,25477
1,4847,72705000,72705000,167,277,72720000,25480
1,4848,72720000,72720000,167,277,72735000,25488
1,4849,72735000,72735000,167,277,72750000,25493
1,485,7275000,7275000,167,277,7290000,2550
1,4850,72750000,72750000,167,277,72765000,25499
1,4851,72765000,72765000,167,277,72780000,25502
1,4852,72780000,72780000,167,277,72795000,25508
1,4853,72795000,72795000,167,277,72810000,25514
1,4854,72810000,72810000,167,277,72825000,25519
1,4855,72825000,72825000,167,277,72840000,25523
1,4856,72840000,72840000,167,277,72855000,25530
1,4857,72855000,72855000,167,277,72870000,25535
1,4858,72870000,72870000,167,277,72885000,25540
1,4859,72885000,72885000,167,277,72900000,25543
1,486,7290000,7290000,167,277,7305000,2555
1,4860,72900000,72900000,167,277,72915000,25551
1,4861,72915000,72915000,167,277,72930000,25556
1,4862,72930000,72930000,167,277,72945000,25562
1,4863,72945000,72945000,167,277,72960000,25565
1,4864,72960000,72960000,167,277,72975000,25571
1,4865,72975000,72975000,167,277,72990000,25577
1,4866,72990000,72990000,167,277,73005000,25582
1,4867,73005000,73005000,167,277,73020000,25587
1,4868,73020000,73020000,167,277,73035000,25593
1,4869,73035000,73035000,167,277,73050000,25598
1,487,7305000,7305000,167,277,7320000,2559
1,4870,73050000,73050000,167,277,73065000,25603
1,4871,73065000,73065000,167,277,73080000,25606
1,4872,73080000,73080000,167,277,73095000,25614
1,4873,73095000,73095000,167,277,73110000,25620
1,4874,73110000,73110000,167,277,73125000,25624
1,4875,73125000,73125000,167,277,73140000,25628
1,4876,73140000,73140000,167,277,73155000,25635
1,4877,73155000,73155000,167,277,73170000,25640
1,4878,73170000,73170000,167,277,73185000,25645
1,4879,73185000,73185000,167,277,73200000,25649
1,488,7320000,7320000,167,277,7335000,2565
1,4880,73200000,73200000,167,277,73215000,25656
1,4881,73215000,73215000,167,277,73230000,25662
1,4882,73230000,73230000,167,277,73245000,25666
1,4883,73245000,73245000,167,277,73260000,25669
1,4884,73260000,73260000,167,277,73275000,25677
1,4885,73275000,73275000,167,277,73290000,25683
1,4886,73290000,73290000,167,277,73305000,25688
1,4887,73305000,73305000,167,277,73320000,25691
1,4888,73320000,73320000,167,277,73335000,25697
1,4889,73335000,73335000,167,277,73350000,25702
1,489,7335000,7335000,167,277,7350000,2570
1,4890,73350000,73350000,167,277,73365000,25710
1,4891,73365000,73365000,167,277,73380000,25713
1,4892,73380000,73380000,167,277,73395000,25719
1,4893,73395000,73395000,167,277,73410000,25724
1,4894,73410000,73410000,167,277,73425000,25728
1,4895,73425000,73425000,167,277,73440000,25733
1,4896,73440000,73440000,167,277,73455000,25741
1,4897,73455000,73455000,167,277,73470000,25746
1,4898,73470000,73470000,167,277,73485000,25750
1,4899,73485000,73485000,167,277,73500000,25753
1,49,735000,735000,167,277,750000,257
1,490,7350000,7350000,167,277,7365000,2576
1,4900,73500000,73500000,167,277,73515000,25761
1,4901,73515000,73515000,167,277,73530000,25767
1,4902,73530000,73530000,167,277,73545000,25772
1,4903,73545000,73545000,167,277,73560000,25775
1,4904,73560000,73560000,167,277,73575000,25782
1,4905,73575000,73575000,167,277,73590000,25788
1,4906,73590000,73590000,167,277,73605000,25792
1,4907,73605000,73605000,167,277,73620000,25796
1,4908,73620000,73620000,167,277,73635000,25803
1,4909,73635000,73635000,167,277,73650000,25809
1,491,7365000,7365000,167,277,7380000,2579
1,4910,73650000,73650000,167,277,73665000,25814
1,4911,73665000,73665000,167,277,73680000,25817
1,4912,73680000,73680000,167,277,73695000,25823
1,4913,73695000,73695000,167,277,73710000,25829
1,4914,73710000,73710000,167,277,73725000,25835
1,4915,73725000,73725000,167,277,73740000,25839
1,4916,73740000,73740000,167,277,73755000,25845
1,4917,73755000,73755000,167,277,73770000,25850
1,4918,73770000,73770000,167,277,73785000,25856
1,4919,73785000,73785000,167,277,73800000,25859
1,492,7380000,7380000,167,277,7395000,2586
1,4920,73800000,73800000,167,277,73815000,25867
1,4921,73815000,73815000,167,277,73830000,25872
1,4922,73830000,73830000,167,277,73845000,25876
1,4923,73845000,73845000,167,277,73860000,25880
1,4924,73860000,73860000,167,277,73875000,25887
1,4925,73875000,73875000,167,277,73890000,25893
1,4926,73890000,73890000,167,277,73905000,25898
1,4927,73905000,73905000,167,277,73920000,25901
1,4928,73920000,73920000,167,277,73935000,25908
1,4929,73935000,73935000,167,277,73950000,25913
1,493,7395000,7395000,167,277,7410000,2592
1,4930,73950000,73950000,167,277,73965000,25919
1,4931,73965000,73965000,167,277,73980000,25922
1,4932,73980000,73980000,167,277,73995000,25930
1,4933,73995000,73995000,167,277,74010000,25935
1,4934,74010000,74010000,167,277,74025000,25939
1,4935,74025000,74025000,167,277,74040000,25944
1,4936,74040000,74040000,167,277,74055000,25950
1,4937,74055000,74055000,167,277,74070000,25956
1,4938,74070000,74070000,167,277,74085000,25961
1,4939,74085000,74085000,167,277,74100000,25964
1,494,7410000,7410000,167,277,7425000,2597
1,4940,74100000,74100000,167,277,74115000,25971
1,4941,74115000,74115000,167,277,74130000,25977
1,4942,74130000,74130000,167,277,74145000,25982
1,4943,74145000,74145000,167,277,74160000,25985
1,4944,74160000,74160000,167,277,74175000,25992
1,4945,74175000,74175000,167,277,74190000,25998
1,4946,74190000,74190000,167,277,74205000,26003
1,4947,74205000,74205000,167,277,74220000,26007
1,4948,74220000,74220000,167,277,74235000,26013
1,4949,74235000,74235000,167,277,74250000,26018
1,495,7425000,7425000,167,277,7440000,2601
1,4950,74250000,74250000,167,277,74265000,26024
1,4951,74265000,74265000,167,277,74280000,26028
1,4952,74280000,74280000,167,277,74295000,26035
1,4953,74295000,74295000,167,277,74310000,26040
1,4954,74310000,74310000,167,277,74325000,26044
1,4955,74325000,74325000,167,277,74340000,26048
1,4956,74340000,74340000,167,277,74355000,26056
1,4957,74355000,74355000,167,277,74370000,26061
1,4958,74370000,74370000,167,277,74385000,26066
1,4959,74385000,74385000,167,277,74400000,26069
1,496,7440000,7440000,167,277,7455000,2607
1,4960,74400000,74400000,167,277,74415000,26077
1,4961,74415000,74415000,167,277,74430000,26082
1,4962,74430000,74430000,167,277,74445000,26087
1,4963,74445000,74445000,167,277,74460000,26090
1,4964,74460000,74460000,167,277,74475000,26097
1,4965,74475000,74475000,167,277,74490000,26104
1,4966,74490000,74490000,167,277,74505000,26108
1,4967,74505000,74505000,167,277,74520000,26111
1,4968,74520000,74520000,167,277,74535000,26118
1,4969,74535000,74535000,167,277,74550000,26124
1,497,7455000,7455000,167,277,7470000,2612
1,4970,74550000,74550000,167,277,74565000,26130
1,4971,74565000,74565000,167,277,74580000,26133
1,4972,74580000,74580000,167,277,74595000,26139
1,4973,74595000,74595000,167,277,74610000,26144
1,4974,74610000,74610000,167,277,74625000,26150
1,4975,74625000,74625000,167,277,74640000,26155
1,4976,74640000,74640000,167,277,74655000,26161
1,4977,74655000,74655000,167,277,74670000,26166
1,4978,74670000,74670000,167,277,74685000,26170
1,4979,74685000,74685000,167,277,74700000,26174
1,498,7470000,7470000,167,277,7485000,2618
1,4980,74700000,74700000,167,277,74715000,26182
1,4981,74715000,74715000,167,277,74730000,26188
1,4982,74730000,74730000,167,277,74745000,26192
1,4983,74745000,74745000,167,277,74760000,26195
1,4984,74760000,74760000,167,277,74775000,26202
1,4985,74775000,74775000,167,277,74790000,26208
1,4986,74790000,74790000,167,277,74805000,26214
1,4987,74805000,74805000,167,277,74820000,26217
1,4988,74820000,74820000,167,277,74835000,26224
1,4989,74835000,74835000,167,277,74850000,26229
1,499,7485000,7485000,167,277,7500000,2622
1,4990,74850000,74850000,167,277,74865000,26234
1,4991,74865000,74865000,167,277,74880000,26237
1,4992,74880000,74880000,167,277,74895000,26245
1,4993,74895000,74895000,167,277,74910000,26251
1,4994,74910000,74910000,167,277,74925000,26255
1,4995,74925000,74925000,167,277,74940000,26259
1,4996,74940000,74940000,167,277,74955000,26265
1,4997,74955000,74955000,167,277,74970000,26270
1,4998,74970000,74970000,167,277,74985000,26277
1,4999,74985000,74985000,167,277,75000000,26280
1,5,75000,75000,167,277,90000,27
1,50,750000,750000,167,277,765000,262
1,500,7500000,7500000,167,277,7515000,2629
1,5000,75000000,75000000,167,277,75015000,26287
1,5001,75015000,75015000,167,277,75030000,26292
1,5002,75030000,75030000,167,277,75045000,26297
1,5003,75045000,75045000,167,277,75060000,26301
1,5004,75060000,75060000,167,277,75075000,26308
1,5005,75075000,75075000,167,277,75090000,26314
1,5006,75090000,75090000,167,277,75105000,26318
1,5007,75105000,75105000,167,277,75120000,26322
1,5008,75120000,75120000,167,277,75135000,26328
1,5009,75135000,75135000,167,277,75150000,26334
1,501,7515000,7515000,167,277,7530000,2634
1,5010,75150000,75150000,167,277,75165000,26340
1,5011,75165000,75165000,167,277,75180000,26343
1,5012,75180000,75180000,167,277,75195000,26350
1,5013,75195000,75195000,167,277,75210000,26355
1,5014,75210000,75210000,167,277,75225000,26359
1,5015,75225000,75225000,167,277,75240000,26364
1,5016,75240000,75240000,167,277,75255000,26372
1,5017,75255000,75255000,167,277,75270000,26377
1,5018,75270000,75270000,167,277,75285000,26381
1,5019,75285000,75285000,167,277,75300000,26384
1,502,7530000,7530000,167,277,7545000,2638
1,5020,75300000,75300000,167,277,75315000,26392
1,5021,75315000,75315000,167,277,75330000,26398
1,5022,75330000,75330000,167,277,75345000,26403
1,5023,75345000,75345000,167,277,75360000,26406
1,5024,75360000,75360000,167,277,75375000,26412
1,5025,75375000,75375000,167,277,75390000,26418
1,5026,75390000,75390000,167,277,75405000,26424
1,5027,75405000,75405000,167,277,75420000,26427
1,5028,75420000,75420000,167,277,75435000,26434
1,5029,75435000,75435000,167,277,75450000,26439
1,503,7545000,7545000,167,277,7560000,2641
1,5030,75450000,75450000,167,277,75465000,26445
1,5031,75465000,75465000,167,277,75480000,26448
1,5032,75480000,75480000,167,277,75495000,26455
1,5033,75495000,75495000,167,277,75510000,26460
1,5034,75510000,75510000,167,277,75525000,26465
1,5035,75525000,75525000,167,277,75540000,26470
1,5036,75540000,75540000,167,277,75555000,26476
1,5037,75555000,75555000,167,277,75570000,26482
1,5038,75570000,75570000,167,277,75585000,26486
1,5039,75585000,75585000,167,277,75600000,26489
1,504,7560000,7560000,167,277,7575000,2650
1,5040,75600000,75600000,167,277,75615000,26498
1,5041,75615000,75615000,167,277,75630000,26503
1,5042,75630000,75630000,167,277,75645000,26507
1,5043,75645000,75645000,167,277,75660000,26511
1,5044,75660000,75660000,167,277,75675000,26518
1,5045,75675000,75675000,167,277,75690000,26524
1,5046,75690000,75690000,167,277,75705000,26529
1,5047,75705000,75705000,167,277,75720000,26532
1,5048,75720000,75720000,167,277,75735000,26538
1,5049,75735000,75735000,167,277,75750000,26545
1,505,7575000,7575000,167,277,7590000,2656
1,5050,75750000,75750000,167,277,75765000,26550
1,5051,75765000,75765000,167,277,75780000,26553
1,5052,75780000,75780000,167,277,75795000,26560
1,5053,75795000,75795000,167,277,75810000,26565
1,5054,75810000,75810000,167,277,75825000,26571
1,5055,75825000,75825000,167,277,75840000,26575
1,5056,75840000,75840000,167,277,75855000,26581
1,5057,75855000,75855000,167,277,75870000,26586
1,5058,75870000,75870000,167,277,75885000,26592
1,5059,75885000,75885000,167,277,75900000,26595
1,506,7590000,7590000,167,277,7605000,2660
1,5060,75900000,75900000,167,277,75915000,26603
1,5061,75915000,75915000,167,277,75930000,26608
1,5062,75930000,75930000,167,277,75945000,26612
1,5063,75945000,75945000,167,277,75960000,26616
1,5064,75960000,75960000,167,277,75975000,26623
1,5065,75975000,75975000,167,277,75990000,26629
1,5066,75990000,75990000,167,277,76005000,26634
1,5067,76005000,76005000,167,277,76020000,26637
1,5068,76020000,76020000,167,277,76035000,26644
1,5069,76035000,76035000,167,277,76050000,26649
1,507,7605000,7605000,167,277,7620000,2663
1,5070,76050000,76050000,167,277,76065000,26655
1,5071,76065000,76065000,167,277,76080000,26659
1,5072,76080000,76080000,167,277,76095000,26666
1,5073,76095000,76095000,167,277,76110000,26671
1,5074,76110000,76110000,167,277,76125000,26675
1,5075,76125000,76125000,167,277,76140000,26679
1,5076,76140000,76140000,167,277,76155000,26686
1,5077,76155000,76155000,167,277,76170000,26693
1,5078,76170000,76170000,167,277,76185000,26697
1,5079,76185000,76185000,167,277,76200000,26700
1,508,7620000,7620000,167,277,7635000,2670
1,5080,76200000,76200000,167,277,76215000,26707
1,5081,76215000,76215000,167,277,76230000,26712
1,5082,76230000,76230000,167,277,76245000,26718
1,5083,76245000,76245000,167,277,76260000,26722
1,5084,76260000,76260000,167,277,76275000,26728
1,5085,76275000,76275000,167,277,76290000,26734
1,5086,76290000,76290000,167,277,76305000,26739
1,5087,76305000,76305000,167,277,76320000,26742
1,5088,76320000,76320000,167,277,76335000,26750
1,5089,76335000,76335000,167,277,76350000,26755
1,509,7635000,7635000,167,277,7650000,2675
1,5090,76350000,76350000,167,277,76365000,26760
1,5091,76365000,76365000,167,277,76380000,26764
1,5092,76380000,76380000,167,277,76395000,26770
1,5093,76395000,76395000,167,277,76410000,26775
1,5094,76410000,76410000,167,277,76425000,26781
1,5095,76425000,76425000,167,277,76440000,26785
1,5096,76440000,76440000,167,277,76455000,26792
1,5097,76455000,76455000,167,277,76470000,26797
1,5098,76470000,76470000,167,277,76485000,26801
1,5099,76485000,76485000,167,277,76500000,26804
1,51,765000,765000,167,277,780000,267
1,510,7650000,7650000,167,277,7665000,2682
1,5100,76500000,76500000,167,277,76515000,26814
1,5101,76515000,76515000,167,277,76530000,26819
1,5102,76530000,76530000,167,277,76545000,26823
1,5103,76545000,76545000,167,277,76560000,26826
1,5104,76560000,76560000,167,277,76575000,26832
1,5105,76575000,76575000,167,277,76590000,26840
1,5106,76590000,76590000,167,277,76605000,26845
1,5107,76605000,76605000,167,277,76620000,26848
1,5108,76620000,76620000,167,277,76635000,26854
1,5109,76635000,76635000,167,277,76650000,26859
1,511,7665000,7665000,167,277,7680000,2685
1,5110,76650000,76650000,167,277,76665000,26865
1,5111,76665000,76665000,167,277,76680000,26869
1,5112,76680000,76680000,167,277,76695000,26876
1,5113,76695000,76695000,167,277,76710000,26881
1,5114,76710000,76710000,167,277,76725000,26886
1,5115,76725000,76725000,167,277,76740000,26890
1,5116,76740000,76740000,167,277,76755000,26896
1,5117,76755000,76755000,167,277,76770000,26902
1,5118,76770000,76770000,167,277,76785000,26907
1,5119,76785000,76785000,167,277,76800000,26911
1,512,7680000,7680000,167,277,7695000,2691
1,5120,76800000,76800000,167,277,76815000,26918
1,5121,76815000,76815000,167,277,76830000,26923
1,5122,76830000,76830000,167,277,76845000,26928
1,5123,76845000,76845000,167,277,76860000,26931
1,5124,76860000,76860000,167,277,76875000,26939
1,5125,76875000,76875000,167,277,76890000,26945
1,5126,76890000,76890000,167,277,76905000,26949
1,5127,76905000,76905000,167,277,76920000,26952
1,5128,76920000,76920000,167,277,76935000,26960
1,5129,76935000,76935000,167,277,76950000,26965
1,513,7695000,7695000,167,277,7710000,2697
1,5130,76950000,76950000,167,277,76965000,26971
1,5131,76965000,76965000,167,277,76980000,26974
1,5132,76980000,76980000,167,277,76995000,26980
1,5133,76995000,76995000,167,277,77010000,26986
1,5134,77010000,77010000,167,277,77025000,26991
1,5135,77025000,77025000,167,277,77040000,26995
1,5136,77040000,77040000,167,277,77055000,27002
1,5137,77055000,77055000,167,277,77070000,27007
1,5138,77070000,77070000,167,277,77085000,27012
1,5139,77085000,77085000,167,277,77100000,27016
1,514,7710000,7710000,167,277,7725000,2701
1,5140,77100000,77100000,167,277,77115000,27023
1,5141,77115000,77115000,167,277,77130000,27028
1,5142,77130000,77130000,167,277,77145000,27034
1,5143,77145000,77145000,167,277,77160000,27037
1,5144,77160000,77160000,167,277,77175000,27043
1,5145,77175000,77175000,167,277,77190000,27050
1,5146,77190000,77190000,167,277,77205000,27054
1,5147,77205000,77205000,167,277,77220000,27058
1,5148,77220000,77220000,167,277,77235000,27065
1,5149,77235000,77235000,167,277,77250000,27070
1,515,7725000,7725000,167,277,7740000,2706
1,5150,77250000,77250000,167,277,77265000,27075
1,5151,77265000,77265000,167,277,77280000,27079
1,5152,77280000,77280000,167,277,77295000,27086
1,5153,77295000,77295000,167,277,77310000,27091
1,5154,77310000,77310000,167,277,77325000,27096
1,5155,77325000,77325000,167,277,77340000,27100
1,5156,77340000,77340000,167,277,77355000,27108
1,5157,77355000,77355000,167,277,77370000,27113
1,5158,77370000,77370000,167,277,77385000,27117
1,5159,77385000,77385000,167,277,77400000,27120
1,516,7740000,7740000,167,277,7755000,2713
1,5160,77400000,77400000,167,277,77415000,27128
1,5161,77415000,77415000,167,277,77430000,27134
1,5162,77430000,77430000,167,277,77445000,27139
1,5163,77445000,77445000,167,277,77460000,27142
1,5164,77460000,77460000,167,277,77475000,27148
1,5165,77475000,77475000,167,277,77490000,27154
1,5166,77490000,77490000,167,277,77505000,27160
1,5167,77505000,77505000,167,277,77520000,27163
1,5168,77520000,77520000,167,277,77535000,27170
1,5169,77535000,77535000,167,277,77550000,27175
1,517,7755000,7755000,167,277,7770000,2718
1,5170,77550000,77550000,167,277,77565000,27181
1,5171,77565000,77565000,167,277,77580000,27184
1,5172,77580000,77580000,167,277,77595000,27191
1,5173,77595000,77595000,167,277,77610000,27197
1,5174,77610000,77610000,167,277,77625000,27201
1,5175,77625000,77625000,167,277,77640000,27206
1,5176,77640000,77640000,167,277,77655000,27212
1,5177,77655000,77655000,167,277,77670000,27217
1,5178,77670000,77670000,167,277,77685000,27222
1,5179,77685000,77685000,167,277,77700000,27226
1,518,7770000,7770000,167,277,7785000,2723
1,5180,77700000,77700000,167,277,77715000,27234
1,5181,77715000,77715000,167,277,77730000,27239
1,5182,77730000,77730000,167,277,77745000,27243
1,5183,77745000,77745000,167,277,77760000,27246
1,5184,77760000,77760000,167,277,77775000,27254
1,5185,77775000,77775000,167,277,77790000,27261
1,5186,77790000,77790000,167,277,77805000,27265
1,5187,77805000,77805000,167,277,77820000,27268
1,5188,77820000,77820000,167,277,77835000,27274
1,5189,77835000,77835000,167,277,77850000,27280
1,519,7785000,7785000,167,277,7800000,2726
1,5190,77850000,77850000,167,277,77865000,27287
1,5191,77865000,77865000,167,277,77880000,27290
1,5192,77880000,77880000,167,277,77895000,27296
1,5193,77895000,77895000,167,277,77910000,27301
1,5194,77910000,77910000,167,277,77925000,27306
1,5195,77925000,77925000,167,277,77940000,27310
1,5196,77940000,77940000,167,277,77955000,27318
1,5197,77955000,77955000,167,277,77970000,27323
1,5198,77970000,77970000,167,277,77985000,27328
1,5199,77985000,77985000,167,277,78000000,27331
1,52,780000,780000,167,277,795000,273
1,520,7800000,7800000,167,277,7815000,2733
1,5200,78000000,78000000,167,277,78015000,27338
1,5201,78015000,78015000,167,277,78030000,27343
1,5202,78030000,78030000,167,277,78045000,27349
1,5203,78045000,78045000,167,277,78060000,27353
1,5204,78060000,78060000,167,277,78075000,27359
1,5205,78075000,78075000,167,277,78090000,27365
1,5206,78090000,78090000,167,277,78105000,27369
1,5207,78105000,78105000,167,277,78120000,27373
1,5208,78120000,78120000,167,277,78135000,27381
1,5209,78135000,78135000,167,277,78150000,27386
1,521,7815000,7815000,167,277,7830000,2739
1,5210,78150000,78150000,167,277,78165000,27391
1,5211,78165000,78165000,167,277,78180000,27394
1,5212,78180000,78180000,167,277,78195000,27401
1,5213,78195000,78195000,167,277,78210000,27407
1,5214,78210000,78210000,167,277,78225000,27412
1,5215,78225000,78225000,167,277,78240000,27416
1,5216,78240000,78240000,167,277,78255000,27422
1,5217,78255000,78255000,167,277,78270000,27428
1,5218,78270000,78270000,167,277,78285000,27432
1,5219,78285000,78285000,167,277,78300000,27436
1,522,7830000,7830000,167,277,7845000,2745
1,5220,78300000,78300000,167,277,78315000,27444
1,5221,78315000,78315000,167,277,78330000,27449
1,5222,78330000,78330000,167,277,78345000,27454
1,5223,78345000,78345000,167,277,78360000,27457
1,5224,78360000,78360000,167,277,78375000,27464
1,5225,78375000,78375000,167,277,78390000,27470
1,5226,78390000,78390000,167,277,78405000,27476
1,5227,78405000,78405000,167,277,78420000,27479
1,5228,78420000,78420000,167,277,78435000,27485
1,5229,78435000,78435000,167,277,78450000,27490
1,523,7845000,7845000,167,277,7860000,2748
1,5230,78450000,78450000,167,277,78465000,27496
1,5231,78465000,78465000,167,277,78480000,27500
1,5232,78480000,78480000,167,277,78495000,27507
1,5233,78495000,78495000,167,277,78510000,27512
1,5234,78510000,78510000,167,277,78525000,27516
1,5235,78525000,78525000,167,277,78540000,27520
1,5236,78540000,78540000,167,277,78555000,27528
1,5237,78555000,78555000,167,277,78570000,27533
1,5238,78570000,78570000,167,277,78585000,27538
1,5239,78585000,78585000,167,277,78600000,27541
1,524,7860000,7860000,167,277,7875000,2754
1,5240,78600000,78600000,167,277,78615000,27549
1,5241,78615000,78615000,167,277,78630000,27555
1,5242,78630000,78630000,167,277,78645000,27559
1,5243,78645000,78645000,167,277,78660000,27562
1,5244,78660000,78660000,167,277,78675000,27569
1,5245,78675000,78675000,167,277,78690000,27576
1,5246,78690000,78690000,167,277,78705000,27580
1,5247,78705000,78705000,167,277,78720000,27584
1,5248,78720000,78720000,167,277,78735000,27590
1,5249,78735000,78735000,167,277,78750000,27595
1,525,7875000,7875000,167,277,7890000,2760
1,5250,78750000,78750000,167,277,78765000,27602
1,5251,78765000,78765000,167,277,78780000,27605
1,5252,78780000,78780000,167,277,78795000,27611
1,5253,78795000,78795000,167,277,78810000,27617
1,5254,78810000,78810000,167,277,78825000,27622
1,5255,78825000,78825000,167,277,78840000,27626
1,5256,78840000,78840000,167,277,78855000,27633
1,5257,78855000,78855000,167,277,78870000,27638
1,5258,78870000,78870000,167,277,78885000,27643
1,5259,78885000,78885000,167,277,78900000,27647
1,526,7890000,7890000,167,277,7905000,2764
1,5260,78900000,78900000,167,277,78915000,27654
1,5261,78915000,78915000,167,277,78930000,27659
1,5262,78930000,78930000,167,277,78945000,27664
1,5263,78945000,78945000,167,277,78960000,27667
1,5264,78960000,78960000,167,277,78975000,27675
1,5265,78975000,78975000,167,277,78990000,27681
1,5266,78990000,78990000,167,277,79005000,27685
1,5267,79005000,79005000,167,277,79020000,27688
1,5268,79020000,79020000,167,277,79035000,27696
1,5269,79035000,79035000,167,277,79050000,27701
1,527,7905000,7905000,167,277,7920000,2769
1,5270,79050000,79050000,167,277,79065000,27707
1,5271,79065000,79065000,167,277,79080000,27710
1,5272,79080000,79080000,167,277,79095000,27716
1,5273,79095000,79095000,167,277,79110000,27722
1,5274,79110000,79110000,167,277,79125000,27727
1,5275,79125000,79125000,167,277,79140000,27732
1,5276,79140000,79140000,167,277,79155000,27738
1,5277,79155000,79155000,167,277,79170000,27743
1,5278,79170000,79170000,167,277,79185000,27748
1,5279,79185000,79185000,167,277,79200000,27751
1,528,7920000,7920000,167,277,7935000,2776
1,5280,79200000,79200000,167,277,79215000,27759
1,5281,79215000,79215000,167,277,79230000,27765
1,5282,79230000,79230000,167,277,79245000,27770
1,5283,79245000,79245000,167,277,79260000,27773
1,5284,79260000,79260000,167,277,79275000,27779
1,5285,79275000,79275000,167,277,79290000,27785
1,5286,79290000,79290000,167,277,79305000,27790
1,5287,79305000,79305000,167,277,79320000,27795
1,5288,79320000,79320000,167,277,79335000,27801
1,5289,79335000,79335000,167,277,79350000,27806
1,529,7935000,7935000,167,277,7950000,2781
1,5290,79350000,79350000,167,277,79365000,27811
1,5291,79365000,79365000,167,277,79380000,27814
1,5292,79380000,79380000,167,277,79395000,27823
1,5293,79395000,79395000,167,277,79410000,27828
1,5294,79410000,79410000,167,277,79425000,27832
1,5295,79425000,79425000,167,277,79440000,27836
1,5296,79440000,79440000,167,277,79455000,27843
1,5297,79455000,79455000,167,277,79470000,27848
1,5298,79470000,79470000,167,277,79485000,27854
1,5299,79485000,79485000,167,277,79500000,27857
1,53,795000,795000,167,277,810000,278
1,530,7950000,7950000,167,277,7965000,2786
1,5300,79500000,79500000,167,277,79515000,27864
1,5301,79515000,79515000,167,277,79530000,27870
1,5302,79530000,79530000,167,277,79545000,27874
1,5303,79545000,79545000,167,277,79560000,27877
1,5304,79560000,79560000,167,277,79575000,27885
1,5305,79575000,79575000,167,277,79590000,27891
1,5306,79590000,79590000,167,277,79605000,27896
1,5307,79605000,79605000,167,277,79620000,27899
1,5308,79620000,79620000,167,277,79635000,27905
1,5309,79635000,79635000,167,277,79650000,27911
1,531,7965000,7965000,167,277,7980000,2789
1,5310,79650000,79650000,167,277,79665000,27918
1,5311,79665000,79665000,167,277,79680000,27921
1,5312,79680000,79680000,167,277,79695000,27927
1,5313,79695000,79695000,167,277,79710000,27932
1,5314,79710000,79710000,167,277,79725000,27936
1,5315,79725000,79725000,167,277,79740000,27942
1,5316,79740000,79740000,167,277,79755000,27949
1,5317,79755000,79755000,167,277,79770000,27954
1,5318,79770000,79770000,167,277,79785000,27958
1,5319,79785000,79785000,167,277,79800000,27961
1,532,7980000,7980000,167,277,7995000,2797
1,5320,79800000,79800000,167,277,79815000,27969
1,5321,79815000,79815000,167,277,79830000,27975
1,5322,79830000,79830000,167,277,79845000,27980
1,5323,79845000,79845000,167,277,79860000,27983
1,5324,79860000,79860000,167,277,79875000,27990
1,5325,79875000,79875000,167,277,79890000,27996
1,5326,79890000,79890000,167,277,79905000,28001
1,5327,79905000,79905000,167,277,79920000,28004
1,5328,79920000,79920000,167,277,79935000,28011
1,5329,79935000,79935000,167,277,79950000,28017
1,533,7995000,7995000,167,277,8010000,2802
1,5330,79950000,79950000,167,277,79965000,28022
1,5331,79965000,79965000,167,277,79980000,28025
1,5332,79980000,79980000,167,277,79995000,28032
1,5333,79995000,79995000,167,277,80010000,28037
1,5334,80010000,80010000,167,277,80025000,28043
1,5335,80025000,80025000,167,277,80040000,28047
1,5336,80040000,80040000,167,277,80055000,28053
1,5337,80055000,80055000,167,277,80070000,28058
1,5338,80070000,80070000,167,277,80085000,28064
1,5339,80085000,80085000,167,277,80100000,28067
1,534,8010000,8010000,167,277,8025000,2807
1,5340,80100000,80100000,167,277,80115000,28075
1,5341,80115000,80115000,167,277,80130000,28080
1,5342,80130000,80130000,167,277,80145000,28084
1,5343,80145000,80145000,167,277,80160000,28089
1,5344,80160000,80160000,167,277,80175000,28095
1,5345,80175000,80175000,167,277,80190000,28101
1,5346,80190000,80190000,167,277,80205000,28106
1,5347,80205000,80205000,167,277,80220000,28109
1,5348,80220000,80220000,167,277,80235000,28116
1,5349,80235000,80235000,167,277,80250000,28122
1,535,8025000,8025000,167,277,8040000,2811
1,5350,80250000,80250000,167,277,80265000,28127
1,5351,80265000,80265000,167,277,80280000,28130
1,5352,80280000,80280000,167,277,80295000,28138
1,5353,80295000,80295000,167,277,80310000,28143
1,5354,80310000,80310000,167,277,80325000,28147
1,5355,80325000,80325000,167,277,80340000,28152
1,5356,80340000,80340000,167,277,80355000,28158
1,5357,80355000,80355000,167,277,80370000,28164
1,5358,80370000,80370000,167,277,80385000,28169
1,5359,80385000,80385000,167,277,80400000,28172
1,536,8040000,8040000,167,277,8055000,2818
1,5360,80400000,80400000,167,277,80415000,28180
1,5361,80415000,80415000,167,277,80430000,28185
1,5362,80430000,80430000,167,277,80445000,28190
1,5363,80445000,80445000,167,277,80460000,28193
1,5364,80460000,80460000,167,277,80475000,28200
1,5365,80475000,80475000,167,277,80490000,28206
1,5366,80490000,80490000,167,277,80505000,28212
1,5367,80505000,80505000,167,277,80520000,28215
1,5368,80520000,80520000,167,277,80535000,28221
1,5369,80535000,80535000,167,277,80550000,28226
1,537,8055000,8055000,167,277,8070000,2823
1,5370,80550000,80550000,167,277,80565000,28232
1,5371,80565000,80565000,167,277,80580000,28236
1,5372,80580000,80580000,167,277,80595000,28243
1,5373,80595000,80595000,167,277,80610000,28248
1,5374,80610000,80610000,167,277,80625000,28252
1,5375,80625000,80625000,167,277,80640000,28256
1,5376,80640000,80640000,167,277,80655000,28264
1,5377,80655000,80655000,167,277,80670000,28270
1,5378,80670000,80670000,167,277,80685000,28274
1,5379,80685000,80685000,167,277,80700000,28277
1,538,8070000,8070000,167,277,8085000,2828
1,5380,80700000,80700000,167,277,80715000,28285
1,5381,80715000,80715000,167,277,80730000,28290
1,5382,80730000,80730000,167,277,80745000,28295
1,5383,80745000,80745000,167,277,80760000,28299
1,5384,80760000,80760000,167,277,80775000,28305
1,5385,80775000,80775000,167,277,80790000,28312
1,5386,80790000,80790000,167,277,80805000,28316
1,5387,80805000,80805000,167,277,80820000,28319
1,5388,80820000,80820000,167,277,80835000,28326
1,5389,80835000,80835000,167,277,80850000,28332
1,539,8085000,8085000,167,277,8100000,2831
1,5390,80850000,80850000,167,277,80865000,28338
1,5391,80865000,80865000,167,277,80880000,28341
1,5392,80880000,80880000,167,277,80895000,28347
1,5393,80895000,80895000,167,277,80910000,28352
1,5394,80910000,80910000,167,277,80925000,28359
1,5395,80925000,80925000,167,277,80940000,28363
1,5396,80940000,80940000,167,277,80955000,28369
1,5397,80955000,80955000,167,277,80970000,28374
1,5398,80970000,80970000,167,277,80985000,28378
1,5399,80985000,80985000,167,277,81000000,28382
1,54,810000,810000,167,277,825000,283
1,540,8100000,8100000,167,277,8115000,2839
1,5400,81000000,81000000,167,277,81015000,28391
1,5401,81015000,81015000,167,277,81030000,28396
1,5402,81030000,81030000,167,277,81045000,28400
1,5403,81045000,81045000,167,277,81060000,28403
1,5404,81060000,81060000,167,277,81075000,28410
1,5405,81075000,81075000,167,277,81090000,28416
1,5406,81090000,81090000,167,277,81105000,28422
1,5407,81105000,81105000,167,277,81120000,28425
1,5408,81120000,81120000,167,277,81135000,28432
1,5409,81135000,81135000,167,277,81150000,28437
1,541,8115000,8115000,167,277,8130000,2845
1,5410,81150000,81150000,167,277,81165000,28442
1,5411,81165000,81165000,167,277,81180000,28446
1,5412,81180000,81180000,167,277,81195000,28453
1,5413,81195000,81195000,167,277,81210000,28459
1,5414,81210000,81210000,167,277,81225000,28463
1,5415,81225000,81225000,167,277,81240000,28467
1,5416,81240000,81240000,167,277,81255000,28473
1,5417,81255000,81255000,167,277,81270000,28479
1,5418,81270000,81270000,167,277,81285000,28485
1,5419,81285000,81285000,167,277,81300000,28488
1,542,8130000,8130000,167,277,8145000,2849
1,5420,81300000,81300000,167,277,81315000,28495
1,5421,81315000,81315000,167,277,81330000,28500
1,5422,81330000,81330000,167,277,81345000,28505
1,5423,81345000,81345000,167,277,81360000,28509
1,5424,81360000,81360000,167,277,81375000,28516
1,5425,81375000,81375000,167,277,81390000,28522
1,5426,81390000,81390000,167,277,81405000,28526
1,5427,81405000,81405000,167,277,81420000,28530
1,5428,81420000,81420000,167,277,81435000,28537
1,5429,81435000,81435000,167,277,81450000,28542
1,543,8145000,8145000,167,277,8160000,2852
1,5430,81450000,81450000,167,277,81465000,28548
1,5431,81465000,81465000,167,277,81480000,28551
1,5432,81480000,81480000,167,277,81495000,28558
1,5433,81495000,81495000,167,277,81510000,28563
1,5434,81510000,81510000,167,277,81525000,28568
1,5435,81525000,81525000,167,277,81540000,28572
1,5436,81540000,81540000,167,277,81555000,28580
1,5437,81555000,81555000,167,277,81570000,28585
1,5438,81570000,81570000,167,277,81585000,28589
1,5439,81585000,81585000,167,277,81600000,28592
1,544,8160000,8160000,167,277,8175000,2859
1,5440,81600000,81600000,167,277,81615000,28600
1,5441,81615000,81615000,167,277,81630000,28606
1,5442,81630000,81630000,167,277,81645000,28611
1,5443,81645000,81645000,167,277,81660000,28614
1,5444,81660000,81660000,167,277,81675000,28620
1,5445,81675000,81675000,167,277,81690000,28627
1,5446,81690000,81690000,167,277,81705000,28632
1,5447,81705000,81705000,167,277,81720000,28635
1,5448,81720000,81720000,167,277,81735000,28642
1,5449,81735000,81735000,167,277,81750000,28647
1,545,8175000,8175000,167,277,8190000,2865
1,5450,81750000,81750000,167,277,81765000,28653
1,5451,81765000,81765000,167,277,81780000,28657
1,5452,81780000,81780000,167,277,81795000,28663
1,5453,81795000,81795000,167,277,81810000,28668
1,5454,81810000,81810000,167,277,81825000,28673
1,5455,81825000,81825000,167,277,81840000,28678
1,5456,81840000,81840000,167,277,81855000,28684
1,5457,81855000,81855000,167,277,81870000,28690
1,5458,81870000,81870000,167,277,81885000,28694
1,5459,81885000,81885000,167,277,81900000,28697
1,546,8190000,8190000,167,277,8205000,2871
1,5460,81900000,81900000,167,277,81915000,28706
1,5461,81915000,81915000,167,277,81930000,28711
1,5462,81930000,81930000,167,277,81945000,28716
1,5463,81945000,81945000,167,277,81960000,28719
1,5464,81960000,81960000,167,277,81975000,28726
1,5465,81975000,81975000,167,277,81990000,28732
1,5466,81990000,81990000,167,277,82005000,28737
1,5467,82005000,82005000,167,277,82020000,28740
1,5468,82020000,82020000,167,277,82035000,28747
1,5469,82035000,82035000,167,277,82050000,28753
1,547,8205000,8205000,167,277,8220000,2874
1,5470,82050000,82050000,167,277,82065000,28758
1,5471,82065000,82065000,167,277,82080000,28761
1,5472,82080000,82080000,167,277,82095000,28768
1,5473,82095000,82095000,167,277,82110000,28773
1,5474,82110000,82110000,167,277,82125000,28779
1,5475,82125000,82125000,167,277,82140000,28783
1,5476,82140000,82140000,167,277,82155000,28789
1,5477,82155000,82155000,167,277,82170000,28794
1,5478,82170000,82170000,167,277,82185000,28800
1,5479,82185000,82185000,167,277,82200000,28804
1,548,8220000,8220000,167,277,8235000,2880
1,5480,82200000,82200000,167,277,82215000,28811
1,5481,82215000,82215000,167,277,82230000,28816
1,5482,82230000,82230000,167,277,82245000,28820
1,5483,82245000,82245000,167,277,82260000,28824
1,5484,82260000,82260000,167,277,82275000,28831
1,5485,82275000,82275000,167,277,82290000,28838
1,5486,82290000,82290000,167,277,82305000,28842
1,5487,82305000,82305000,167,277,82320000,28845
1,5488,82320000,82320000,167,277,82335000,28852
1,5489,82335000,82335000,167,277,82350000,28857
1,549,8235000,8235000,167,277,8250000,2886
1,5490,82350000,82350000,167,277,82365000,28863
1,5491,82365000,82365000,167,277,82380000,28867
1,5492,82380000,82380000,167,277,82395000,28874
1,5493,82395000,82395000,167,277,82410000,28879
1,5494,82410000,82410000,167,277,82425000,28883
1,5495,82425000,82425000,167,277,82440000,28887
1,5496,82440000,82440000,167,277,82455000,28895
1,5497,82455000,82455000,167,277,82470000,28901
1,5498,82470000,82470000,167,277,82485000,28905
1,5499,82485000,82485000,167,277,82500000,28908
1,55,825000,825000,167,277,840000,287
1,550,8250000,8250000,167,277,8265000,2892
1,5500,82500000,82500000,167,277,82515000,28915
1,5501,82515000,82515000,167,277,82530000,28920
1,5502,82530000,82530000,167,277,82545000,28927
1,5503,82545000,82545000,167,277,82560000,28930
1,5504,82560000,82560000,167,277,82575000,28936
1,5505,82575000,82575000,167,277,82590000,28942
1,5506,82590000,82590000,167,277,82605000,28947
1,5507,82605000,82605000,167,277,82620000,28950
1,5508,82620000,82620000,167,277,82635000,28958
1,5509,82635000,82635000,167,277,82650000,28963
1,551,8265000,8265000,167,277,8280000,2895
1,5510,82650000,82650000,167,277,82665000,28968
1,5511,82665000,82665000,167,277,82680000,28972
1,5512,82680000,82680000,167,277,82695000,28978
1,5513,82695000,82695000,167,277,82710000,28984
1,5514,82710000,82710000,167,277,82725000,28989
1,5515,82725000,82725000,167,277,82740000,28993
1,5516,82740000,82740000,167,277,82755000,29000
1,5517,82755000,82755000,167,277,82770000,29005
1,5518,82770000,82770000,167,277,82785000,29009
1,5519,82785000,82785000,167,277,82800000,29013
1,552,8280000,8280000,167,277,8295000,2902
1,5520,82800000,82800000,167,277,82815000,29022
1,5521,82815000,82815000,167,277,82830000,29027
1,5522,82830000,82830000,167,277,82845000,29031
1,5523,82845000,82845000,167,277,82860000,29034
1,5524,82860000,82860000,167,277,82875000,29040
1,5525,82875000,82875000,167,277,82890000,29048
1,5526,82890000,82890000,167,277,82905000,29053
1,5527,82905000,82905000,167,277,82920000,29056
1,5528,82920000,82920000,167,277,82935000,29062
1,5529,82935000,82935000,167,277,82950000,29067
1,553,8295000,8295000,167,277,8310000,2907
1,5530,82950000,82950000,167,277,82965000,29074
1,5531,82965000,82965000,167,277,82980000,29077
1,5532,82980000,82980000,167,277,82995000,29084
1,5533,82995000,82995000,167,277,83010000,29089
1,5534,83010000,83010000,167,277,83025000,29094
1,5535,83025000,83025000,167,277,83040000,29098
1,5536,83040000,83040000,167,277,83055000,29105
1,5537,83055000,83055000,167,277,83070000,29110
1,5538,83070000,83070000,167,277,83085000,29115
1,5539,83085000,83085000,167,277,83100000,29119
1,554,8310000,8310000,167,277,8325000,2911
1,5540,83100000,83100000,167,277,83115000,29126
1,5541,83115000,83115000,167,277,83130000,29131
1,5542,83130000,83130000,167,277,83145000,29136
1,5543,83145000,83145000,167,277,83160000,29139
1,5544,83160000,83160000,167,277,83175000,29147
1,5545,83175000,83175000,167,277,83190000,29153
1,5546,83190000,83190000,167,277,83205000,29157
1,5547,83205000,83205000,167,277,83220000,29161
1,5548,83220000,83220000,167,277,83235000,29168
1,5549,83235000,83235000,167,277,83250000,29173
1,555,8325000,8325000,167,277,8340000,2917
1,5550,83250000,83250000,167,277,83265000,29179
1,5551,83265000,83265000,167,277,83280000,29182
1,5552,83280000,83280000,167,277,83295000,29188
1,5553,83295000,83295000,167,277,83310000,29195
1,5554,83310000,83310000,167,277,83325000,29199
1,5555,83325000,83325000,167,277,83340000,29203
1,5556,83340000,83340000,167,277,83355000,29210
1,5557,83355000,83355000,167,277,83370000,29215
1,5558,83370000,83370000,167,277,83385000,29220
1,5559,83385000,83385000,167,277,83400000,29224
1,556,8340000,8340000,167,277,8355000,2923
1,5560,83400000,83400000,167,277,83415000,29231
1,5561,83415000,83415000,167,277,83430000,29236
1,5562,83430000,83430000,167,277,83445000,29242
1,5563,83445000,83445000,167,277,83460000,29245
1,5564,83460000,83460000,167,277,83475000,29252
1,5565,83475000,83475000,167,277,83490000,29258
1,5566,83490000,83490000,167,277,83505000,29262
1,5567,83505000,83505000,167,277,83520000,29266
1,5568,83520000,83520000,167,277,83535000,29273
1,5569,83535000,83535000,167,277,83550000,29278
1,557,8355000,8355000,167,277,8370000,2928
1,5570,83550000,83550000,167,277,83565000,29284
1,5571,83565000,83565000,167,277,83580000,29287
1,5572,83580000,83580000,167,277,83595000,29294
1,5573,83595000,83595000,167,277,83610000,29299
1,5574,83610000,83610000,167,277,83625000,29304
1,5575,83625000,83625000,167,277,83640000,29308
1,5576,83640000,83640000,167,277,83655000,29316
1,5577,83655000,83655000,167,277,83670000,29321
1,5578,83670000,83670000,167,277,83685000,29325
1,5579,83685000,83685000,167,277,83700000,29328
1,558,8370000,8370000,167,277,8385000,2933
1,5580,83700000,83700000,167,277,83715000,29336
1,5581,83715000,83715000,167,277,83730000,29343
1,5582,83730000,83730000,167,277,83745000,29347
1,5583,83745000,83745000,167,277,83760000,29350
1,5584,83760000,83760000,167,277,83775000,29356
1,5585,83775000,83775000,167,277,83790000,29362
1,5586,83790000,83790000,167,277,83805000,29368
1,5587,83805000,83805000,167,277,83820000,29372
1,5588,83820000,83820000,167,277,83835000,29378
1,5589,83835000,83835000,167,277,83850000,29383
1,559,8385000,8385000,167,277,8400000,2936
1,5590,83850000,83850000,167,277,83865000,29389
1,5591,83865000,83865000,167,277,83880000,29392
1,5592,83880000,83880000,167,277,83895000,29399
1,5593,83895000,83895000,167,277,83910000,29405
1,5594,83910000,83910000,167,277,83925000,29409
1,5595,83925000,83925000,167,277,83940000,29414
1,5596,83940000,83940000,167,277,83955000,29420
1,5597,83955000,83955000,167,277,83970000,29425
1,5598,83970000,83970000,167,277,83985000,29431
1,5599,83985000,83985000,167,277,84000000,29434
1,56,840000,840000,167,277,855000,295
1,560,8400000,8400000,167,277,8415000,2944
1,5600,84000000,84000000,167,277,84015000,29442
1,5601,84015000,84015000,167,277,84030000,29447
1,5602,84030000,84030000,167,277,84045000,29451
1,5603,84045000,84045000,167,277,84060000,29454
1,5604,84060000,84060000,167,277,84075000,29463
1,5605,84075000,84075000,167,277,84090000,29469
1,5606,84090000,84090000,167,277,84105000,29473
1,5607,84105000,84105000,167,277,84120000,29476
1,5608,84120000,84120000,167,277,84135000,29482
1,5609,84135000,84135000,167,277,84150000,29488
1,561,8415000,8415000,167,277,8430000,2950
1,5610,84150000,84150000,167,277,84165000,29495
1,5611,84165000,84165000,167,277,84180000,29498
1,5612,84180000,84180000,167,277,84195000,29504
1,5613,84195000,84195000,167,277,84210000,29509
1,5614,84210000,84210000,167,277,84225000,29514
1,5615,84225000,84225000,167,277,84240000,29519
1,5616,84240000,84240000,167,277,84255000,29526
1,5617,84255000,84255000,167,277,84270000,29531
1,5618,84270000,84270000,167,277,84285000,29536
1,5619,84285000,84285000,167,277,84300000,29539
1,562,8430000,8430000,167,277,8445000,2954
1,5620,84300000,84300000,167,277,84315000,29546
1,5621,84315000,84315000,167,277,84330000,29552
1,5622,84330000,84330000,167,277,84345000,29557
1,5623,84345000,84345000,167,277,84360000,29561
1,5624,84360000,84360000,167,277,84375000,29567
1,5625,84375000,84375000,167,277,84390000,29573
1,5626,84390000,84390000,167,277,84405000,29577
1,5627,84405000,84405000,167,277,84420000,29581
1,5628,84420000,84420000,167,277,84435000,29589
1,5629,84435000,84435000,167,277,84450000,29594
1,563,8445000,8445000,167,277,8460000,2957
1,5630,84450000,84450000,167,277,84465000,29599
1,5631,84465000,84465000,167,277,84480000,29602
1,5632,84480000,84480000,167,277,84495000,29610
1,5633,84495000,84495000,167,277,84510000,29615
1,5634,84510000,84510000,167,277,84525000,29620
1,5635,84525000,84525000,167,277,84540000,29624
1,5636,84540000,84540000,167,277,84555000,29630
1,5637,84555000,84555000,167,277,84570000,29636
1,5638,84570000,84570000,167,277,84585000,29641
1,5639,84585000,84585000,167,277,84600000,29644
1,564,8460000,8460000,167,277,8475000,2965
1,5640,84600000,84600000,167,277,84615000,29652
1,5641,84615000,84615000,167,277,84630000,29657
1,5642,84630000,84630000,167,277,84645000,29662
1,5643,84645000,84645000,167,277,84660000,29665
1,5644,84660000,84660000,167,277,84675000,29672
1,5645,84675000,84675000,167,277,84690000,29678
1,5646,84690000,84690000,167,277,84705000,29684
1,5647,84705000,84705000,167,277,84720000,29687
1,5648,84720000,84720000,167,277,84735000,29693
1,5649,84735000,84735000,167,277,84750000,29699
1,565,8475000,8475000,167,277,8490000,2971
1,5650,84750000,84750000,167,277,84765000,29704
1,5651,84765000,84765000,167,277,84780000,29708
1,5652,84780000,84780000,167,277,84795000,29715
1,5653,84795000,84795000,167,277,84810000,29720
1,5654,84810000,84810000,167,277,84825000,29724
1,5655,84825000,84825000,167,277,84840000,29729
1,5656,84840000,84840000,167,277,84855000,29736
1,5657,84855000,84855000,167,277,84870000,29741
1,5658,84870000,84870000,167,277,84885000,29746
1,5659,84885000,84885000,167,277,84900000,29749
1,566,8490000,8490000,167,277,8505000,2976
1,5660,84900000,84900000,167,277,84915000,29757
1,5661,84915000,84915000,167,277,84930000,29763
1,5662,84930000,84930000,167,277,84945000,29767
1,5663,84945000,84945000,167,277,84960000,29770
1,5664,84960000,84960000,167,277,84975000,29777
1,5665,84975000,84975000,167,277,84990000,29784
1,5666,84990000,84990000,167,277,85005000,29789
1,5667,85005000,85005000,167,277,85020000,29792
1,5668,85020000,85020000,167,277,85035000,29798
1,5669,85035000,85035000,167,277,85050000,29803
1,567,8505000,8505000,167,277,8520000,2979
1,5670,85050000,85050000,167,277,85065000,29810
1,5671,85065000,85065000,167,277,85080000,29813
1,5672,85080000,85080000,167,277,85095000,29820
1,5673,85095000,85095000,167,277,85110000,29825
1,5674,85110000,85110000,167,277,85125000,29830
1,5675,85125000,85125000,167,277,85140000,29834
1,5676,85140000,85140000,167,277,85155000,29841
1,5677,85155000,85155000,167,277,85170000,29846
1,5678,85170000,85170000,167,277,85185000,29851
1,5679,85185000,85185000,167,277,85200000,29855
1,568,8520000,8520000,167,277,8535000,2985
1,5680,85200000,85200000,167,277,85215000,29862
1,5681,85215000,85215000,167,277,85230000,29867
1,5682,85230000,85230000,167,277,85245000,29872
1,5683,85245000,85245000,167,277,85260000,29876
1,5684,85260000,85260000,167,277,85275000,29883
1,5685,85275000,85275000,167,277,85290000,29889
1,5686,85290000,85290000,167,277,85305000,29893
1,5687,85305000,85305000,167,277,85320000,29896
1,5688,85320000,85320000,167,277,85335000,29904
1,5689,85335000,85335000,167,277,85350000,29910
1,569,8535000,8535000,167,277,8550000,2991
1,5690,85350000,85350000,167,277,85365000,29915
1,5691,85365000,85365000,167,277,85380000,29918
1,5692,85380000,85380000,167,277,85395000,29924
1,5693,85395000,85395000,167,277,85410000,29930
1,5694,85410000,85410000,167,277,85425000,29935
1,5695,85425000,85425000,167,277,85440000,29940
1,5696,85440000,85440000,167,277,85455000,29946
1,5697,85455000,85455000,167,277,85470000,29951
1,5698,85470000,85470000,167,277,85485000,29956
1,5699,85485000,85485000,167,277,85500000,29959
1,57,855000,855000,167,277,870000,300
1,570,8550000,8550000,167,277,8565000,2997
1,5700,85500000,85500000,167,277,85515000,29968
1,5701,85515000,85515000,167,277,85530000,29973
1,5702,85530000,85530000,167,277,85545000,29978
1,5703,85545000,85545000,167,277,85560000,29981
1,5704,85560000,85560000,167,277,85575000,29987
1,5705,85575000,85575000,167,277,85590000,29993
1,5706,85590000,85590000,167,277,85605000,29999
1,5707,85605000,85605000,167,277,85620000,30003
1,5708,85620000,85620000,167,277,85635000,30009
1,5709,85635000,85635000,167,277,85650000,30014
1,571,8565000,8565000,167,277,8580000,3000
1,5710,85650000,85650000,167,277,85665000,30019
1,5711,85665000,85665000,167,277,85680000,30022
1,5712,85680000,85680000,167,277,85695000,30031
1,5713,85695000,85695000,167,277,85710000,30036
1,5714,85710000,85710000,167,277,85725000,30040
1,5715,85725000,85725000,167,277,85740000,30044
1,5716,85740000,85740000,167,277,85755000,30051
1,5717,85755000,85755000,167,277,85770000,30057
1,5718,85770000,85770000,167,277,85785000,30062
1,5719,85785000,85785000,167,277,85800000,30065
1,572,8580000,8580000,167,277,8595000,3007
1,5720,85800000,85800000,167,277,85815000,30072
1,5721,85815000,85815000,167,277,85830000,30078
1,5722,85830000,85830000,167,277,85845000,30082
1,5723,85845000,85845000,167,277,85860000,30086
1,5724,85860000,85860000,167,277,85875000,30093
1,5725,85875000,85875000,167,277,85890000,30099
1,5726,85890000,85890000,167,277,85905000,30104
1,5727,85905000,85905000,167,277,85920000,30107
1,5728,85920000,85920000,167,277,85935000,30113
1,5729,85935000,85935000,167,277,85950000,30119
1,573,8595000,8595000,167,277,8610000,3012
1,5730,85950000,85950000,167,277,85965000,30126
1,5731,85965000,85965000,167,277,85980000,30129
1,5732,85980000,85980000,167,277,85995000,30135
1,5733,85995000,85995000,167,277,86010000,30140
1,5734,86010000,86010000,167,277,86025000,30145
1,5735,86025000,86025000,167,277,86040000,30150
1,5736,86040000,86040000,167,277,86055000,30157
1,5737,86055000,86055000,167,277,86070000,30162
1,5738,86070000,86070000,167,277,86085000,30166
1,5739,86085000,86085000,167,277,86100000,30169
1,574,8610000,8610000,167,277,8625000,3017
1,5740,86100000,86100000,167,277,86115000,30178
1,5741,86115000,86115000,167,277,86130000,30183
1,5742,86130000,86130000,167,277,86145000,30188
1,5743,86145000,86145000,167,277,86160000,30191
1,5744,86160000,86160000,167,277,86175000,30198
1,5745,86175000,86175000,167,277,86190000,30204
1,5746,86190000,86190000,167,277,86205000,30209
1,5747,86205000,86205000,167,277,86220000,30212
1,5748,86220000,86220000,167,277,86235000,30219
1,5749,86235000,86235000,167,277,86250000,30225
1,575,8625000,8625000,167,277,8640000,3021
1,5750,86250000,86250000,167,277,86265000,30230
1,5751,86265000,86265000,167,277,86280000,30234
1,5752,86280000,86280000,167,277,86295000,30240
1,5753,86295000,86295000,167,277,86310000,30245
1,5754,86310000,86310000,167,277,86325000,30251
1,5755,86325000,86325000,167,277,86340000,30255
1,5756,86340000,86340000,167,277,86355000,30261
1,5757,86355000,86355000,167,277,86370000,30267
1,5758,86370000,86370000,167,277,86385000,30272
1,5759,86385000,86385000,167,277,86400000,30275
1,576,8640000,8640000,167,277,8655000,3028
1,5760,86400000,86400000,167,277,86415000,30283
1,5761,86415000,86415000,167,277,86430000,30288
1,5762,86430000,86430000,167,277,86445000,30292
1,5763,86445000,86445000,167,277,86460000,30297
1,5764,86460000,86460000,167,277,86475000,30303
1,5765,86475000,86475000,167,277,86490000,30309
1,5766,86490000,86490000,167,277,86505000,30314
1,5767,86505000,86505000,167,277,86520000,30317
1,5768,86520000,86520000,167,277,86535000,30325
1,5769,86535000,86535000,167,277,86550000,30330
1,577,8655000,8655000,167,277,8670000,3033
1,5770,86550000,86550000,167,277,86565000,30335
1,5771,86565000,86565000,167,277,86580000,30338
1,5772,86580000,86580000,167,277,86595000,30346
1,5773,86595000,86595000,167,277,86610000,30351
1,5774,86610000,86610000,167,277,86625000,30356
1,5775,86625000,86625000,167,277,86640000,30360
1,5776,86640000,86640000,167,277,86655000,30366
1,5777,86655000,86655000,167,277,86670000,30372
1,5778,86670000,86670000,167,277,86685000,30377
1,5779,86685000,86685000,167,277,86700000,30380
1,578,8670000,8670000,167,277,8685000,3039
1,5780,86700000,86700000,167,277,86715000,30388
1,5781,86715000,86715000,167,277,86730000,30393
1,5782,86730000,86730000,167,277,86745000,30398
1,5783,86745000,86745000,167,277,86760000,30401
1,5784,86760000,86760000,167,277,86775000,30408
1,5785,86775000,86775000,167,277,86790000,30415
1,5786,86790000,86790000,167,277,86805000,30420
1,5787,86805000,86805000,167,277,86820000,30423
1,5788,86820000,86820000,167,277,86835000,30429
1,5789,86835000,86835000,167,277,86850000,30434
1,579,8685000,8685000,167,277,8700000,3042
1,5790,86850000,86850000,167,277,86865000,30440
1,5791,86865000,86865000,167,277,86880000,30445
1,5792,86880000,86880000,167,277,86895000,30451
1,5793,86895000,86895000,167,277,86910000,30456
1,5794,86910000,86910000,167,277,86925000,30460
1,5795,86925000,86925000,167,277,86940000,30464
1,5796,86940000,86940000,167,277,86955000,30472
1,5797,86955000,86955000,167,277,86970000,30478
1,5798,86970000,86970000,167,277,86985000,30482
1,5799,86985000,86985000,167,277,87000000,30485
1,58,870000,870000,167,277,885000,304
1,580,8700000,8700000,167,277,8715000,3049
1,5800,87000000,87000000,167,277,87015000,30493
1,5801,87015000,87015000,167,277,87030000,30498
1,5802,87030000,87030000,167,277,87045000,30504
1,5803,87045000,87045000,167,277,87060000,30507
1,5804,87060000,87060000,167,277,87075000,30513
1,5805,87075000,87075000,167,277,87090000,30520
1,5806,87090000,87090000,167,277,87105000,30524
1,5807,87105000,87105000,167,277,87120000,30527
1,5808,87120000,87120000,167,277,87135000,30535
1,5809,87135000,87135000,167,277,87150000,30540
1,581,8715000,8715000,167,277,8730000,3054
1,5810,87150000,87150000,167,277,87165000,30546
1,5811,87165000,87165000,167,277,87180000,30549
1,5812,87180000,87180000,167,277,87195000,30555
1,5813,87195000,87195000,167,277,87210000,30560
1,5814,87210000,87210000,167,277,87225000,30567
1,5815,87225000,87225000,167,277,87240000,30571
1,5816,87240000,87240000,167,277,87255000,30577
1,5817,87255000,87255000,167,277,87270000,30582
1,5818,87270000,87270000,167,277,87285000,30586
1,5819,87285000,87285000,167,277,87300000,30591
1,582,8730000,8730000,167,277,8745000,3059
1,5820,87300000,87300000,167,277,87315000,30599
1,5821,87315000,87315000,167,277,87330000,30604
1,5822,87330000,87330000,167,277,87345000,30608
1,5823,87345000,87345000,167,277,87360000,30611
1,5824,87360000,87360000,167,277,87375000,30618
1,5825,87375000,87375000,167,277,87390000,30625
1,5826,87390000,87390000,167,277,87405000,30630
1,5827,87405000,87405000,167,277,87420000,30633
1,5828,87420000,87420000,167,277,87435000,30640
1,5829,87435000,87435000,167,277,87450000,30645
1,583,8745000,8745000,167,277,8760000,3064
1,5830,87450000,87450000,167,277,87465000,30650
1,5831,87465000,87465000,167,277,87480000,30654
1,5832,87480000,87480000,167,277,87495000,30661
1,5833,87495000,87495000,167,277,87510000,30667
1,5834,87510000,87510000,167,277,87525000,30671
1,5835,87525000,87525000,167,277,87540000,30675
1,5836,87540000,87540000,167,277,87555000,30682
1,5837,87555000,87555000,167,277,87570000,30687
1,5838,87570000,87570000,167,277,87585000,30693
1,5839,87585000,87585000,167,277,87600000,30696
1,584,8760000,8760000,167,277,8775000,3070
1,5840,87600000,87600000,167,277,87615000,30703
1,5841,87615000,87615000,167,277,87630000,30708
1,5842,87630000,87630000,167,277,87645000,30714
1,5843,87645000,87645000,167,277,87660000,30717
1,5844,87660000,87660000,167,277,87675000,30724
1,5845,87675000,87675000,167,277,87690000,30730
1,5846,87690000,87690000,167,277,87705000,30734
1,5847,87705000,87705000,167,277,87720000,30738
1,5848,87720000,87720000,167,277,87735000,30745
1,5849,87735000,87735000,167,277,87750000,30750
1,585,8775000,8775000,167,277,8790000,3076
1,5850,87750000,87750000,167,277,87765000,30756
1,5851,87765000,87765000,167,277,87780000,30759
1,5852,87780000,87780000,167,277,87795000,30766
1,5853,87795000,87795000,167,277,87810000,30772
1,5854,87810000,87810000,167,277,87825000,30776
1,5855,87825000,87825000,167,277,87840000,30780
1,5856,87840000,87840000,167,277,87855000,30788
1,5857,87855000,87855000,167,277,87870000,30793
1,5858,87870000,87870000,167,277,87885000,30797
1,5859,87885000,87885000,167,277,87900000,30801
1,586,8790000,8790000,167,277,8805000,3080
1,5860,87900000,87900000,167,277,87915000,30808
1,5861,87915000,87915000,167,277,87930000,30814
1,5862,87930000,87930000,167,277,87945000,30819
1,5863,87945000,87945000,167,277,87960000,30822
1,5864,87960000,87960000,167,277,87975000,30828
1,5865,87975000,87975000,167,277,87990000,30835
1,5866,87990000,87990000,167,277,88005000,30840
1,5867,88005000,88005000,167,277,88020000,30843
1,5868,88020000,88020000,167,277,88035000,30850
1,5869,88035000,88035000,167,277,88050000,30855
1,587,8805000,8805000,167,277,8820000,3083
1,5870,88050000,88050000,167,277,88065000,30862
1,5871,88065000,88065000,167,277,88080000,30865
1,5872,88080000,88080000,167,277,88095000,30871
1,5873,88095000,88095000,167,277,88110000,30876
1,5874,88110000,88110000,167,277,88125000,30881
1,5875,88125000,88125000,167,277,88140000,30886
1,5876,88140000,88140000,167,277,88155000,30893
1,5877,88155000,88155000,167,277,88170000,30898
1,5878,88170000,88170000,167,277,88185000,30902
1,5879,88185000,88185000,167,277,88200000,30905
1,588,8820000,8820000,167,277,8835000,3091
1,5880,88200000,88200000,167,277,88215000,30914
1,5881,88215000,88215000,167,277,88230000,30919
1,5882,88230000,88230000,167,277,88245000,30924
1,5883,88245000,88245000,167,277,88260000,30927
1,5884,88260000,88260000,167,277,88275000,30934
1,5885,88275000,88275000,167,277,88290000,30940
1,5886,88290000,88290000,167,277,88305000,30945
1,5887,88305000,88305000,167,277,88320000,30949
1,5888,88320000,88320000,167,277,88335000,30955
1,5889,88335000,88335000,167,277,88350000,30961
1,589,8835000,8835000,167,277,8850000,3097
1,5890,88350000,88350000,167,277,88365000,30966
1,5891,88365000,88365000,167,277,88380000,30969
1,5892,88380000,88380000,167,277,88395000,30976
1,5893,88395000,88395000,167,277,88410000,30982
1,5894,88410000,88410000,167,277,88425000,30987
1,5895,88425000,88425000,167,277,88440000,30991
1,5896,88440000,88440000,167,277,88455000,30997
1,5897,88455000,88455000,167,277,88470000,31002
1,5898,88470000,88470000,167,277,88485000,31008
1,5899,88485000,88485000,167,277,88500000,31012
1,59,885000,885000,167,277,900000,307
1,590,8850000,8850000,167,277,8865000,3102
1,5900,88500000,88500000,167,277,88515000,31019
1,5901,88515000,88515000,167,277,88530000,31024
1,5902,88530000,88530000,167,277,88545000,31028
1,5903,88545000,88545000,167,277,88560000,31032
1,5904,88560000,88560000,167,277,88575000,31040
1,5905,88575000,88575000,167,277,88590000,31046
1,5906,88590000,88590000,167,277,88605000,31050
1,5907,88605000,88605000,167,277,88620000,31053
1,5908,88620000,88620000,167,277,88635000,31060
1,5909,88635000,88635000,167,277,88650000,31065
1,591,8865000,8865000,167,277,8880000,3105
1,5910,88650000,88650000,167,277,88665000,31072
1,5911,88665000,88665000,167,277,88680000,31075
1,5912,88680000,88680000,167,277,88695000,31082
1,5913,88695000,88695000,167,277,88710000,31087
1,5914,88710000,88710000,167,277,88725000,31091
1,5915,88725000,88725000,167,277,88740000,31095
1,5916,88740000,88740000,167,277,88755000,31103
1,5917,88755000,88755000,167,277,88770000,31109
1,5918,88770000,88770000,167,277,88785000,31113
1,5919,88785000,88785000,167,277,88800000,31116
1,592,8880000,8880000,167,277,8895000,3112
1,5920,88800000,88800000,167,277,88815000,31123
1,5921,88815000,88815000,167,277,88830000,31129
1,5922,88830000,88830000,167,277,88845000,31135
1,5923,88845000,88845000,167,277,88860000,31138
1,5924,88860000,88860000,167,277,88875000,31144
1,5925,88875000,88875000,167,277,88890000,31150
1,5926,88890000,88890000,167,277,88905000,31155
1,5927,88905000,88905000,167,277,88920000,31159
1,5928,88920000,88920000,167,277,88935000,31166
1,5929,88935000,88935000,167,277,88950000,31171
1,593,8895000,8895000,167,277,8910000,3117
1,5930,88950000,88950000,167,277,88965000,31176
1,5931,88965000,88965000,167,277,88980000,31180
1,5932,88980000,88980000,167,277,88995000,31186
1,5933,88995000,88995000,167,277,89010000,31192
1,5934,89010000,89010000,167,277,89025000,31197
1,5935,89025000,89025000,167,277,89040000,31201
1,5936,89040000,89040000,167,277,89055000,31208
1,5937,89055000,89055000,167,277,89070000,31213
1,5938,89070000,89070000,167,277,89085000,31218
1,5939,89085000,89085000,167,277,89100000,31221
1,594,8910000,8910000,167,277,8925000,3122
1,5940,89100000,89100000,167,277,89115000,31230
1,5941,89115000,89115000,167,277,89130000,31235
1,5942,89130000,89130000,167,277,89145000,31239
1,5943,89145000,89145000,167,277,89160000,31242
1,5944,89160000,89160000,167,277,89175000,31249
1,5945,89175000,89175000,167,277,89190000,31256
1,5946,89190000,89190000,167,277,89205000,31261
1,5947,89205000,89205000,167,277,89220000,31264
1,5948,89220000,89220000,167,277,89235000,31270
1,5949,89235000,89235000,167,277,89250000,31275
1,595,8925000,8925000,167,277,8940000,3127
1,5950,89250000,89250000,167,277,89265000,31282
1,5951,89265000,89265000,167,277,89280000,31285
1,5952,89280000,89280000,167,277,89295000,31292
1,5953,89295000,89295000,167,277,89310000,31297
1,5954,89310000,89310000,167,277,89325000,31302
1,5955,89325000,89325000,167,277,89340000,31307
1,5956,89340000,89340000,167,277,89355000,31313
1,5957,89355000,89355000,167,277,89370000,31318
1,5958,89370000,89370000,167,277,89385000,31323
1,5959,89385000,89385000,167,277,89400000,31327
1,596,8940000,8940000,167,277,8955000,3133
1,5960,89400000,89400000,167,277,89415000,31334
1,5961,89415000,89415000,167,277,89430000,31340
1,5962,89430000,89430000,167,277,89445000,31344
1,5963,89445000,89445000,167,277,89460000,31347
1,5964,89460000,89460000,167,277,89475000,31355
1,5965,89475000,89475000,167,277,89490000,31361
1,5966,89490000,89490000,167,277,89505000,31365
1,5967,89505000,89505000,167,277,89520000,31369
1,5968,89520000,89520000,167,277,89535000,31376
1,5969,89535000,89535000,167,277,89550000,31381
1,597,8955000,8955000,167,277,8970000,3139
1,5970,89550000,89550000,167,277,89565000,31387
1,5971,89565000,89565000,167,277,89580000,31390
1,5972,89580000,89580000,167,277,89595000,31397
1,5973,89595000,89595000,167,277,89610000,31403
1,5974,89610000,89610000,167,277,89625000,31407
1,5975,89625000,89625000,167,277,89640000,31411
1,5976,89640000,89640000,167,277,89655000,31418
1,5977,89655000,89655000,167,277,89670000,31423
1,5978,89670000,89670000,167,277,89685000,31429
1,5979,89685000,89685000,167,277,89700000,31432
1,598,8970000,8970000,167,277,8985000,3143
1,5980,89700000,89700000,167,277,89715000,31439
1,5981,89715000,89715000,167,277,89730000,31444
1,5982,89730000,89730000,167,277,89745000,31450
1,5983,89745000,89745000,167,277,89760000,31453
1,5984,89760000,89760000,167,277,89775000,31460
1,5985,89775000,89775000,167,277,89790000,31466
1,5986,89790000,89790000,167,277,89805000,31470
1,5987,89805000,89805000,167,277,89820000,31474
1,5988,89820000,89820000,167,277,89835000,31481
1,5989,89835000,89835000,167,277,89850000,31487
1,599,8985000,8985000,167,277,9000000,3146
1,5990,89850000,89850000,167,277,89865000,31492
1,5991,89865000,89865000,167,277,89880000,31495
1,5992,89880000,89880000,167,277,89895000,31502
1,5993,89895000,89895000,167,277,89910000,31507
1,5994,89910000,89910000,167,277,89925000,31512
1,5995,89925000,89925000,167,277,89940000,31517
1,5996,89940000,89940000,167,277,89955000,31524
1,5997,89955000,89955000,167,277,89970000,31529
1,5998,89970000,89970000,167,277,89985000,31533
1,5999,89985000,89985000,167,277,90000000,31536
1,6,90000,90000,167,277,105000,32
1,60,900000,900000,167,277,915000,316
1,600,9000000,9000000,167,277,9015000,3155
1,6000,90000000,90000000,167,277,90015000,31544
1,6001,90015000,90015000,167,277,90030000,31551
1,6002,90030000,90030000,167,277,90045000,31555
1,6003,90045000,90045000,167,277,90060000,31558
1,6004,90060000,90060000,167,277,90075000,31564
1,6005,90075000,90075000,167,277,90090000,31570
1,6006,90090000,90090000,167,277,90105000,31577
1,6007,90105000,90105000,167,277,90120000,31580
1,6008,90120000,90120000,167,277,90135000,31586
1,6009,90135000,90135000,167,277,90150000,31591
1,601,9015000,9015000,167,277,9030000,3160
1,6010,90150000,90150000,167,277,90165000,31597
1,6011,90165000,90165000,167,277,90180000,31600
1,6012,90180000,90180000,167,277,90195000,31608
1,6013,90195000,90195000,167,277,90210000,31613
1,6014,90210000,90210000,167,277,90225000,31617
1,6015,90225000,90225000,167,277,90240000,31622
1,6016,90240000,90240000,167,277,90255000,31628
1,6017,90255000,90255000,167,277,90270000,31633
1,6018,90270000,90270000,167,277,90285000,31639
1,6019,90285000,90285000,167,277,90300000,31642
1,602,9030000,9030000,167,277,9045000,3165
1,6020,90300000,90300000,167,277,90315000,31650
1,6021,90315000,90315000,167,277,90330000,31655
1,6022,90330000,90330000,167,277,90345000,31659
1,6023,90345000,90345000,167,277,90360000,31663
1,6024,90360000,90360000,167,277,90375000,31671
1,6025,90375000,90375000,167,277,90390000,31677
1,6026,90390000,90390000,167,277,90405000,31681
1,6027,90405000,90405000,167,277,90420000,31684
1,6028,90420000,90420000,167,277,90435000,31690
1,6029,90435000,90435000,167,277,90450000,31697
1,603,9045000,9045000,167,277,9060000,3168
1,6030,90450000,90450000,167,277,90465000,31703
1,6031,90465000,90465000,167,277,90480000,31706
1,6032,90480000,90480000,167,277,90495000,31712
1,6033,90495000,90495000,167,277,90510000,31717
1,6034,90510000,90510000,167,277,90525000,31722
1,6035,90525000,90525000,167,277,90540000,31727
1,6036,90540000,90540000,167,277,90555000,31734
1,6037,90555000,90555000,167,277,90570000,31739
1,6038,90570000,90570000,167,277,90585000,31744
1,6039,90585000,90585000,167,277,90600000,31747
1,604,9060000,9060000,167,277,9075000,3174
1,6040,90600000,90600000,167,277,90615000,31755
1,6041,90615000,90615000,167,277,90630000,31760
1,6042,90630000,90630000,167,277,90645000,31765
1,6043,90645000,90645000,167,277,90660000,31769
1,6044,90660000,90660000,167,277,90675000,31775
1,6045,90675000,90675000,167,277,90690000,31781
1,6046,90690000,90690000,167,277,90705000,31786
1,6047,90705000,90705000,167,277,90720000,31789
1,6048,90720000,90720000,167,277,90735000,31797
1,6049,90735000,90735000,167,277,90750000,31802
1,605,9075000,9075000,167,277,9090000,3180
1,6050,90750000,90750000,167,277,90765000,31807
1,6051,90765000,90765000,167,277,90780000,31810
1,6052,90780000,90780000,167,277,90795000,31818
1,6053,90795000,90795000,167,277,90810000,31823
1,6054,90810000,90810000,167,277,90825000,31828
1,6055,90825000,90825000,167,277,90840000,31832
1,6056,90840000,90840000,167,277,90855000,31838
1,6057,90855000,90855000,167,277,90870000,31845
1,6058,90870000,90870000,167,277,90885000,31849
1,6059,90885000,90885000,167,277,90900000,31852
1,606,9090000,9090000,167,277,9105000,3187
1,6060,90900000,90900000,167,277,90915000,31860
1,6061,90915000,90915000,167,277,90930000,31865
1,6062,90930000,90930000,167,277,90945000,31870
1,6063,90945000,90945000,167,277,90960000,31874
1,6064,90960000,90960000,167,277,90975000,31880
1,6065,90975000,90975000,167,277,90990000,31886
1,6066,90990000,90990000,167,277,91005000,31892
1,6067,91005000,91005000,167,277,91020000,31895
1,6068,91020000,91020000,167,277,91035000,31901
1,6069,91035000,91035000,167,277,91050000,31907
1,607,9105000,9105000,167,277,9120000,3190
1,6070,91050000,91050000,167,277,91065000,31912
1,6071,91065000,91065000,167,277,91080000,31916
1,6072,91080000,91080000,167,277,91095000,31923
1,6073,91095000,91095000,167,277,91110000,31928
1,6074,91110000,91110000,167,277,91125000,31933
1,6075,91125000,91125000,167,277,91140000,31937
1,6076,91140000,91140000,167,277,91155000,31944
1,6077,91155000,91155000,167,277,91170000,31949
1,6078,91170000,91170000,167,277,91185000,31954
1,6079,91185000,91185000,167,277,91200000,31957
1,608,9120000,9120000,167,277,9135000,3196
1,6080,91200000,91200000,167,277,91215000,31966
1,6081,91215000,91215000,167,277,91230000,31971
1,6082,91230000,91230000,167,277,91245000,31975
1,6083,91245000,91245000,167,277,91260000,31978
1,6084,91260000,91260000,167,277,91275000,31985
1,6085,91275000,91275000,167,277,91290000,31992
1,6086,91290000,91290000,167,277,91305000,31997
1,6087,91305000,91305000,167,277,91320000,32000
1,6088,91320000,91320000,167,277,91335000,32006
1,6089,91335000,91335000,167,277,91350000,32011
1,609,9135000,9135000,167,277,9150000,3201
1,6090,91350000,91350000,167,277,91365000,32018
1,6091,91365000,91365000,167,277,91380000,32022
1,6092,91380000,91380000,167,277,91395000,32028
1,6093,91395000,91395000,167,277,91410000,32033
1,6094,91410000,91410000,167,277,91425000,32038
1,6095,91425000,91425000,167,277,91440000,32042
1,6096,91440000,91440000,167,277,91455000,32049
1,6097,91455000,91455000,167,277,91470000,32055
1,6098,91470000,91470000,167,277,91485000,32059
1,6099,91485000,91485000,167,277,91500000,32063
1,61,915000,915000,167,277,930000,321
1,610,9150000,9150000,167,277,9165000,3206
1,6100,91500000,91500000,167,277,91515000,32070
1,6101,91515000,91515000,167,277,91530000,32075
1,6102,91530000,91530000,167,277,91545000,32080
1,6103,91545000,91545000,167,277,91560000,32084
1,6104,91560000,91560000,167,277,91575000,32091
1,6105,91575000,91575000,167,277,91590000,32097
1,6106,91590000,91590000,167,277,91605000,32101
1,6107,91605000,91605000,167,277,91620000,32104
1,6108,91620000,91620000,167,277,91635000,32113
1,6109,91635000,91635000,167,277,91650000,32118
1,611,9165000,9165000,167,277,9180000,3210
1,6110,91650000,91650000,167,277,91665000,32123
1,6111,91665000,91665000,167,277,91680000,32126
1,6112,91680000,91680000,167,277,91695000,32132
1,6113,91695000,91695000,167,277,91710000,32138
1,6114,91710000,91710000,167,277,91725000,32144
1,6115,91725000,91725000,167,277,91740000,32148
1,6116,91740000,91740000,167,277,91755000,32154
1,6117,91755000,91755000,167,277,91770000,32159
1,6118,91770000,91770000,167,277,91785000,32164
1,6119,91785000,91785000,167,277,91800000,32167
1,612,9180000,9180000,167,277,9195000,3218
1,6120,91800000,91800000,167,277,91815000,32176
1,6121,91815000,91815000,167,277,91830000,32181
1,6122,91830000,91830000,167,277,91845000,32186
1,6123,91845000,91845000,167,277,91860000,32189
1,6124,91860000,91860000,167,277,91875000,32195
1,6125,91875000,91875000,167,277,91890000,32202
1,6126,91890000,91890000,167,277,91905000,32207
1,6127,91905000,91905000,167,277,91920000,32211
1,6128,91920000,91920000,167,277,91935000,32217
1,6129,91935000,91935000,167,277,91950000,32222
1,613,9195000,9195000,167,277,9210000,3223
1,6130,91950000,91950000,167,277,91965000,32227
1,6131,91965000,91965000,167,277,91980000,32231
1,6132,91980000,91980000,167,277,91995000,32239
1,6133,91995000,91995000,167,277,92010000,32244
1,6134,92010000,92010000,167,277,92025000,32248
1,6135,92025000,92025000,167,277,92040000,32252
1,6136,92040000,92040000,167,277,92055000,32259
1,6137,92055000,92055000,167,277,92070000,32265
1,6138,92070000,92070000,167,277,92085000,32270
1,6139,92085000,92085000,167,277,92100000,32273
1,614,9210000,9210000,167,277,9225000,3227
1,6140,92100000,92100000,167,277,92115000,32280
1,6141,92115000,92115000,167,277,92130000,32286
1,6142,92130000,92130000,167,277,92145000,32291
1,6143,92145000,92145000,167,277,92160000,32294
1,6144,92160000,92160000,167,277,92175000,32301
1,6145,92175000,92175000,167,277,92190000,32307
1,6146,92190000,92190000,167,277,92205000,32312
1,6147,92205000,92205000,167,277,92220000,32315
1,6148,92220000,92220000,167,277,92235000,32322
1,6149,92235000,92235000,167,277,92250000,32327
1,615,9225000,9225000,167,277,9240000,3231
1,6150,92250000,92250000,167,277,92265000,32334
1,6151,92265000,92265000,167,277,92280000,32337
1,6152,92280000,92280000,167,277,92295000,32343
1,6153,92295000,92295000,167,277,92310000,32348
1,6154,92310000,92310000,167,277,92325000,32353
1,6155,92325000,92325000,167,277,92340000,32358
1,6156,92340000,92340000,167,277,92355000,32365
1,6157,92355000,92355000,167,277,92370000,32370
1,6158,92370000,92370000,167,277,92385000,32374
1,6159,92385000,92385000,167,277,92400000,32378
1,616,9240000,9240000,167,277,9255000,3238
1,6160,92400000,92400000,167,277,92415000,32386
1,6161,92415000,92415000,167,277,92430000,32391
1,6162,92430000,92430000,167,277,92445000,32396
1,6163,92445000,92445000,167,277,92460000,32399
1,6164,92460000,92460000,167,277,92475000,32406
1,6165,92475000,92475000,167,277,92490000,32413
1,6166,92490000,92490000,167,277,92505000,32417
1,6167,92505000,92505000,167,277,92520000,32420
1,6168,92520000,92520000,167,277,92535000,32427
1,6169,92535000,92535000,167,277,92550000,32433
1,617,9255000,9255000,167,277,9270000,3244
1,6170,92550000,92550000,167,277,92565000,32438
1,6171,92565000,92565000,167,277,92580000,32442
1,6172,92580000,92580000,167,277,92595000,32448
1,6173,92595000,92595000,167,277,92610000,32453
1,6174,92610000,92610000,167,277,92625000,32459
1,6175,92625000,92625000,167,277,92640000,32463
1,6176,92640000,92640000,167,277,92655000,32470
1,6177,92655000,92655000,167,277,92670000,32475
1,6178,92670000,92670000,167,277,92685000,32480
1,6179,92685000,92685000,167,277,92700000,32483
1,618,9270000,9270000,167,277,9285000,3249
1,6180,92700000,92700000,167,277,92715000,32491
1,6181,92715000,92715000,167,277,92730000,32496
1,6182,92730000,92730000,167,277,92745000,32501
1,6183,92745000,92745000,167,277,92760000,32505
1,6184,92760000,92760000,167,277,92775000,32511
1,6185,92775000,92775000,167,277,92790000,32517
1,6186,92790000,92790000,167,277,92805000,32522
1,6187,92805000,92805000,167,277,92820000,32525
1,6188,92820000,92820000,167,277,92835000,32533
1,6189,92835000,92835000,167,277,92850000,32538
1,619,9285000,9285000,167,277,9300000,3252
1,6190,92850000,92850000,167,277,92865000,32543
1,6191,92865000,92865000,167,277,92880000,32546
1,6192,92880000,92880000,167,277,92895000,32554
1,6193,92895000,92895000,167,277,92910000,32560
1,6194,92910000,92910000,167,277,92925000,32564
1,6195,92925000,92925000,167,277,92940000,32568
1,6196,92940000,92940000,167,277,92955000,32574
1,6197,92955000,92955000,167,277,92970000,32580
1,6198,92970000,92970000,167,277,92985000,32585
1,6199,92985000,92985000,167,277,93000000,32589
1,62,930000,930000,167,277,945000,326
1,620,9300000,9300000,167,277,9315000,3260
1,6200,93000000,93000000,167,277,93015000,32596
1,6201,93015000,93015000,167,277,93030000,32601
1,6202,93030000,93030000,167,277,93045000,32606
1,6203,93045000,93045000,167,277,93060000,32609
1,6204,93060000,93060000,167,277,93075000,32616
1,6205,93075000,93075000,167,277,93090000,32623
1,6206,93090000,93090000,167,277,93105000,32628
1,6207,93105000,93105000,167,277,93120000,32631
1,6208,93120000,93120000,167,277,93135000,32637
1,6209,93135000,93135000,167,277,93150000,32642
1,621,9315000,9315000,167,277,9330000,3265
1,6210,93150000,93150000,167,277,93165000,32649
1,6211,93165000,93165000,167,277,93180000,32653
1,6212,93180000,93180000,167,277,93195000,32659
1,6213,93195000,93195000,167,277,93210000,32664
1,6214,93210000,93210000,167,277,93225000,32668
1,6215,93225000,93225000,167,277,93240000,32672
1,6216,93240000,93240000,167,277,93255000,32681
1,6217,93255000,93255000,167,277,93270000,32686
1,6218,93270000,93270000,167,277,93285000,32690
1,6219,93285000,93285000,167,277,93300000,32693
1,622,9330000,9330000,167,277,9345000,3269
1,6220,93300000,93300000,167,277,93315000,32701
1,6221,93315000,93315000,167,277,93330000,32706
1,6222,93330000,93330000,167,277,93345000,32712
1,6223,93345000,93345000,167,277,93360000,32715
1,6224,93360000,93360000,167,277,93375000,32721
1,6225,93375000,93375000,167,277,93390000,32728
1,6226,93390000,93390000,167,277,93405000,32732
1,6227,93405000,93405000,167,277,93420000,32736
1,6228,93420000,93420000,167,277,93435000,32743
1,6229,93435000,93435000,167,277,93450000,32748
1,623,9345000,9345000,167,277,9360000,3273
1,6230,93450000,93450000,167,277,93465000,32754
1,6231,93465000,93465000,167,277,93480000,32757
1,6232,93480000,93480000,167,277,93495000,32763
1,6233,93495000,93495000,167,277,93510000,32769
1,6234,93510000,93510000,167,277,93525000,32775
1,6235,93525000,93525000,167,277,93540000,32779
1,6236,93540000,93540000,167,277,93555000,32785
1,6237,93555000,93555000,167,277,93570000,32790
1,6238,93570000,93570000,167,277,93585000,32794
1,6239,93585000,93585000,167,277,93600000,32799
1,624,9360000,9360000,167,277,9375000,3280
1,6240,93600000,93600000,167,277,93615000,32807
1,6241,93615000,93615000,167,277,93630000,32812
1,6242,93630000,93630000,167,277,93645000,32816
1,6243,93645000,93645000,167,277,93660000,32819
1,6244,93660000,93660000,167,277,93675000,32827
1,6245,93675000,93675000,167,277,93690000,32833
1,6246,93690000,93690000,167,277,93705000,32838
1,6247,93705000,93705000,167,277,93720000,32841
1,6248,93720000,93720000,167,277,93735000,32848
1,6249,93735000,93735000,167,277,93750000,32853
1,625,9375000,9375000,167,277,9390000,3287
1,6250,93750000,93750000,167,277,93765000,32859
1,6251,93765000,93765000,167,277,93780000,32862
1,6252,93780000,93780000,167,277,93795000,32869
1,6253,93795000,93795000,167,277,93810000,32875
1,6254,93810000,93810000,167,277,93825000,32879
1,6255,93825000,93825000,167,277,93840000,32883
1,6256,93840000,93840000,167,277,93855000,32890
1,6257,93855000,93855000,167,277,93870000,32895
1,6258,93870000,93870000,167,277,93885000,32901
1,6259,93885000,93885000,167,277,93900000,32904
1,626,9390000,9390000,167,277,9405000,3291
1,6260,93900000,93900000,167,277,93915000,32911
1,6261,93915000,93915000,167,277,93930000,32917
1,6262,93930000,93930000,167,277,93945000,32922
1,6263,93945000,93945000,167,277,93960000,32925
1,6264,93960000,93960000,167,277,93975000,32932
1,6265,93975000,93975000,167,277,93990000,32938
1,6266,93990000,93990000,167,277,94005000,32942
1,6267,94005000,94005000,167,277,94020000,32947
1,6268,94020000,94020000,167,277,94035000,32953
1,6269,94035000,94035000,167,277,94050000,32958
1,627,9405000,9405000,167,277,9420000,3294
1,6270,94050000,94050000,167,277,94065000,32964
1,6271,94065000,94065000,167,277,94080000,32967
1,6272,94080000,94080000,167,277,94095000,32974
1,6273,94095000,94095000,167,277,94110000,32980
1,6274,94110000,94110000,167,277,94125000,32984
1,6275,94125000,94125000,167,277,94140000,32988
1,6276,94140000,94140000,167,277,94155000,32996
1,6277,94155000,94155000,167,277,94170000,33001
1,6278,94170000,94170000,167,277,94185000,33006
1,6279,94185000,94185000,167,277,94200000,33009
1,628,9420000,9420000,167,277,9435000,3300
1,6280,94200000,94200000,167,277,94215000,33016
1,6281,94215000,94215000,167,277,94230000,33022
1,6282,94230000,94230000,167,277,94245000,33027
1,6283,94245000,94245000,167,277,94260000,33030
1,6284,94260000,94260000,167,277,94275000,33037
1,6285,94275000,94275000,167,277,94290000,33043
1,6286,94290000,94290000,167,277,94305000,33048
1,6287,94305000,94305000,167,277,94320000,33051
1,6288,94320000,94320000,167,277,94335000,33058
1,6289,94335000,94335000,167,277,94350000,33063
1,629,9435000,9435000,167,277,9450000,3306
1,6290,94350000,94350000,167,277,94365000,33070
1,6291,94365000,94365000,167,277,94380000,33073
1,6292,94380000,94380000,167,277,94395000,33079
1,6293,94395000,94395000,167,277,94410000,33084
1,6294,94410000,94410000,167,277,94425000,33089
1,6295,94425000,94425000,167,277,94440000,33095
1,6296,94440000,94440000,167,277,94455000,33101
1,6297,94455000,94455000,167,277,94470000,33106
1,6298,94470000,94470000,167,277,94485000,33110
1,6299,94485000,94485000,167,277,94500000,33113
1,63,945000,945000,167,277,960000,329
1,630,9450000,9450000,167,277,9465000,3313
1,6300,94500000,94500000,167,277,94515000,33122
1,6301,94515000,94515000,167,277,94530000,33128
1,6302,94530000,94530000,167,277,94545000,33132
1,6303,94545000,94545000,167,277,94560000,33135
1,6304,94560000,94560000,167,277,94575000,33142
1,6305,94575000,94575000,167,277,94590000,33148
1,6306,94590000,94590000,167,277,94605000,33153
1,6307,94605000,94605000,167,277,94620000,33157
1,6308,94620000,94620000,167,277,94635000,33163
1,6309,94635000,94635000,167,277,94650000,33169
1,631,9465000,9465000,167,277,9480000,3316
1,6310,94650000,94650000,167,277,94665000,33174
1,6311,94665000,94665000,167,277,94680000,33177
1,6312,94680000,94680000,167,277,94695000,33185
1,6313,94695000,94695000,167,277,94710000,33190
1,6314,94710000,94710000,167,277,94725000,33195
1,6315,94725000,94725000,167,277,94740000,33199
1,6316,94740000,94740000,167,277,94755000,33205
1,6317,94755000,94755000,167,277,94770000,33210
1,6318,94770000,94770000,167,277,94785000,33217
1,6319,94785000,94785000,167,277,94800000,33220
1,632,9480000,9480000,167,277,9495000,3322
1,6320,94800000,94800000,167,277,94815000,33227
1,6321,94815000,94815000,167,277,94830000,33232
1,6322,94830000,94830000,167,277,94845000,33236
1,6323,94845000,94845000,167,277,94860000,33240
1,6324,94860000,94860000,167,277,94875000,33248
1,6325,94875000,94875000,167,277,94890000,33254
1,6326,94890000,94890000,167,277,94905000,33258
1,6327,94905000,94905000,167,277,94920000,33261
1,6328,94920000,94920000,167,277,94935000,33268
1,6329,94935000,94935000,167,277,94950000,33274
1,633,9495000,9495000,167,277,9510000,3327
1,6330,94950000,94950000,167,277,94965000,33280
1,6331,94965000,94965000,167,277,94980000,33283
1,6332,94980000,94980000,167,277,94995000,33290
1,6333,94995000,94995000,167,277,95010000,33295
1,6334,95010000,95010000,167,277,95025000,33299
1,6335,95025000,95025000,167,277,95040000,33304
1,6336,95040000,95040000,167,277,95055000,33311
1,6337,95055000,95055000,167,277,95070000,33317
1,6338,95070000,95070000,167,277,95085000,33321
1,6339,95085000,95085000,167,277,95100000,33324
1,634,9510000,9510000,167,277,9525000,3333
1,6340,95100000,95100000,167,277,95115000,33331
1,6341,95115000,95115000,167,277,95130000,33337
1,6342,95130000,95130000,167,277,95145000,33343
1,6343,95145000,95145000,167,277,95160000,33346
1,6344,95160000,95160000,167,277,95175000,33352
1,6345,95175000,95175000,167,277,95190000,33358
1,6346,95190000,95190000,167,277,95205000,33364
1,6347,95205000,95205000,167,277,95220000,33367
1,6348,95220000,95220000,167,277,95235000,33374
1,6349,95235000,95235000,167,277,95250000,33379
1,635,9525000,9525000,167,277,9540000,3337
1,6350,95250000,95250000,167,277,95265000,33384
1,6351,95265000,95265000,167,277,95280000,33388
1,6352,95280000,95280000,167,277,95295000,33395
1,6353,95295000,95295000,167,277,95310000,33400
1,6354,95310000,95310000,167,277,95325000,33405
1,6355,95325000,95325000,167,277,95340000,33409
1,6356,95340000,95340000,167,277,95355000,33416
1,6357,95355000,95355000,167,277,95370000,33421
1,6358,95370000,95370000,167,277,95385000,33426
1,6359,95385000,95385000,167,277,95400000,33429
1,636,9540000,9540000,167,277,9555000,3344
1,6360,95400000,95400000,167,277,95415000,33438
1,6361,95415000,95415000,167,277,95430000,33443
1,6362,95430000,95430000,167,277,95445000,33447
1,6363,95445000,95445000,167,277,95460000,33451
1,6364,95460000,95460000,167,277,95475000,33457
1,6365,95475000,95475000,167,277,95490000,33464
1,6366,95490000,95490000,167,277,95505000,33469
1,6367,95505000,95505000,167,277,95520000,33472
1,6368,95520000,95520000,167,277,95535000,33478
1,6369,95535000,95535000,167,277,95550000,33484
1,637,9555000,9555000,167,277,9570000,3349
1,6370,95550000,95550000,167,277,95565000,33490
1,6371,95565000,95565000,167,277,95580000,33493
1,6372,95580000,95580000,167,277,95595000,33500
1,6373,95595000,95595000,167,277,95610000,33505
1,6374,95610000,95610000,167,277,95625000,33510
1,6375,95625000,95625000,167,277,95640000,33515
1,6376,95640000,95640000,167,277,95655000,33521
1,6377,95655000,95655000,167,277,95670000,33526
1,6378,95670000,95670000,167,277,95685000,33531
1,6379,95685000,95685000,167,277,95700000,33535
1,638,9570000,9570000,167,277,9585000,3353
1,6380,95700000,95700000,167,277,95715000,33543
1,6381,95715000,95715000,167,277,95730000,33548
1,6382,95730000,95730000,167,277,95745000,33552
1,6383,95745000,95745000,167,277,95760000,33555
1,6384,95760000,95760000,167,277,95775000,33563
1,6385,95775000,95775000,167,277,95790000,33569
1,6386,95790000,95790000,167,277,95805000,33574
1,6387,95805000,95805000,167,277,95820000,33577
1,6388,95820000,95820000,167,277,95835000,33584
1,6389,95835000,95835000,167,277,95850000,33589
1,639,9585000,9585000,167,277,9600000,3357
1,6390,95850000,95850000,167,277,95865000,33595
1,6391,95865000,95865000,167,277,95880000,33598
1,6392,95880000,95880000,167,277,95895000,33605
1,6393,95895000,95895000,167,277,95910000,33611
1,6394,95910000,95910000,167,277,95925000,33615
1,6395,95925000,95925000,167,277,95940000,33619
1,6396,95940000,95940000,167,277,95955000,33626
1,6397,95955000,95955000,167,277,95970000,33632
1,6398,95970000,95970000,167,277,95985000,33637
1,6399,95985000,95985000,167,277,96000000,33640
1,64,960000,960000,167,277,975000,335
1,640,9600000,9600000,167,277,9615000,3365
1,6400,96000000,96000000,167,277,96015000,33647
1,6401,96015000,96015000,167,277,96030000,33652
1,6402,96030000,96030000,167,277,96045000,33658
1,6403,96045000,96045000,167,277,96060000,33662
1,6404,96060000,96060000,167,277,96075000,33668
1,6405,96075000,96075000,167,277,96090000,33674
1,6406,96090000,96090000,167,277,96105000,33678
1,6407,96105000,96105000,167,277,96120000,33682
1,6408,96120000,96120000,167,277,96135000,33689
1,6409,96135000,96135000,167,277,96150000,33695
1,641,9615000,9615000,167,277,9630000,3370
1,6410,96150000,96150000,167,277,96165000,33700
1,6411,96165000,96165000,167,277,96180000,33703
1,6412,96180000,96180000,167,277,96195000,33710
1,6413,96195000,96195000,167,277,96210000,33715
1,6414,96210000,96210000,167,277,96225000,33721
1,6415,96225000,96225000,167,277,96240000,33725
1,6416,96240000,96240000,167,277,96255000,33732
1,6417,96255000,96255000,167,277,96270000,33737
1,6418,96270000,96270000,167,277,96285000,33741
1,6419,96285000,96285000,167,277,96300000,33744
1,642,9630000,9630000,167,277,9645000,3375
1,6420,96300000,96300000,167,277,96315000,33753
1,6421,96315000,96315000,167,277,96330000,33759
1,6422,96330000,96330000,167,277,96345000,33763
1,6423,96345000,96345000,167,277,96360000,33766
1,6424,96360000,96360000,167,277,96375000,33772
1,6425,96375000,96375000,167,277,96390000,33778
1,6426,96390000,96390000,167,277,96405000,33785
1,6427,96405000,96405000,167,277,96420000,33788
1,6428,96420000,96420000,167,277,96435000,33794
1,6429,96435000,96435000,167,277,96450000,33799
1,643,9645000,9645000,167,277,9660000,3378
1,6430,96450000,96450000,167,277,96465000,33805
1,6431,96465000,96465000,167,277,96480000,33809
1,6432,96480000,96480000,167,277,96495000,33816
1,6433,96495000,96495000,167,277,96510000,33821
1,6434,96510000,96510000,167,277,96525000,33825
1,6435,96525000,96525000,167,277,96540000,33830
1,6436,96540000,96540000,167,277,96555000,33836
1,6437,96555000,96555000,167,277,96570000,33842
1,6438,96570000,96570000,167,277,96585000,33847
1,6439,96585000,96585000,167,277,96600000,33850
1,644,9660000,9660000,167,277,9675000,3385
1,6440,96600000,96600000,167,277,96615000,33858
1,6441,96615000,96615000,167,277,96630000,33863
1,6442,96630000,96630000,167,277,96645000,33867
1,6443,96645000,96645000,167,277,96660000,33871
1,6444,96660000,96660000,167,277,96675000,33879
1,6445,96675000,96675000,167,277,96690000,33885
1,6446,96690000,96690000,167,277,96705000,33889
1,6447,96705000,96705000,167,277,96720000,33892
1,6448,96720000,96720000,167,277,96735000,33899
1,6449,96735000,96735000,167,277,96750000,33905
1,645,9675000,9675000,167,277,9690000,3391
1,6450,96750000,96750000,167,277,96765000,33911
1,6451,96765000,96765000,167,277,96780000,33914
1,6452,96780000,96780000,167,277,96795000,33920
1,6453,96795000,96795000,167,277,96810000,33925
1,6454,96810000,96810000,167,277,96825000,33931
1,6455,96825000,96825000,167,277,96840000,33935
1,6456,96840000,96840000,167,277,96855000,33942
1,6457,96855000,96855000,167,277,96870000,33947
1,6458,96870000,96870000,167,277,96885000,33952
1,6459,96885000,96885000,167,277,96900000,33955
1,646,9690000,9690000,167,277,9705000,3396
1,6460,96900000,96900000,167,277,96915000,33963
1,6461,96915000,96915000,167,277,96930000,33968
1,6462,96930000,96930000,167,277,96945000,33973
1,6463,96945000,96945000,167,277,96960000,33977
1,6464,96960000,96960000,167,277,96975000,33983
1,6465,96975000,96975000,167,277,96990000,33990
1,6466,96990000,96990000,167,277,97005000,33994
1,6467,97005000,97005000,167,277,97020000,33997
1,6468,97020000,97020000,167,277,97035000,34005
1,6469,97035000,97035000,167,277,97050000,34010
1,647,9705000,9705000,167,277,9720000,3399
1,6470,97050000,97050000,167,277,97065000,34015
1,6471,97065000,97065000,167,277,97080000,34019
1,6472,97080000,97080000,167,277,97095000,34026
1,6473,97095000,97095000,167,277,97110000,34031
1,6474,97110000,97110000,167,277,97125000,34036
1,6475,97125000,97125000,167,277,97140000,34040
1,6476,97140000,97140000,167,277,97155000,34046
1,6477,97155000,97155000,167,277,97170000,34053
1,6478,97170000,97170000,167,277,97185000,34057
1,6479,97185000,97185000,167,277,97200000,34060
1,648,9720000,9720000,167,277,9735000,3407
1,6480,97200000,97200000,167,277,97215000,34068
1,6481,97215000,97215000,167,277,97230000,34073
1,6482,97230000,97230000,167,277,97245000,34079
1,6483,97245000,97245000,167,277,97260000,34082
1,6484,97260000,97260000,167,277,97275000,34088
1,6485,97275000,97275000,167,277,97290000,34094
1,6486,97290000,97290000,167,277,97305000,34100
1,6487,97305000,97305000,167,277,97320000,34103
1,6488,97320000,97320000,167,277,97335000,34110
1,6489,97335000,97335000,167,277,97350000,34115
1,649,9735000,9735000,167,277,9750000,3412
1,6490,97350000,97350000,167,277,97365000,34120
1,6491,97365000,97365000,167,277,97380000,34124
1,6492,97380000,97380000,167,277,97395000,34131
1,6493,97395000,97395000,167,277,97410000,34136
1,6494,97410000,97410000,167,277,97425000,34141
1,6495,97425000,97425000,167,277,97440000,34145
1,6496,97440000,97440000,167,277,97455000,34152
1,6497,97455000,97455000,167,277,97470000,34157
1,6498,97470000,97470000,167,277,97485000,34162
1,6499,97485000,97485000,167,277,97500000,34166
1,65,975000,975000,167,277,990000,342
1,650,9750000,9750000,167,277,9765000,3417
1,6500,97500000,97500000,167,277,97515000,34174
1,6501,97515000,97515000,167,277,97530000,34179
1,6502,97530000,97530000,167,277,97545000,34183
1,6503,97545000,97545000,167,277,97560000,34186
1,6504,97560000,97560000,167,277,97575000,34193
1,6505,97575000,97575000,167,277,97590000,34201
1,6506,97590000,97590000,167,277,97605000,34205
1,6507,97605000,97605000,167,277,97620000,34208
1,6508,97620000,97620000,167,277,97635000,34214
1,6509,97635000,97635000,167,277,97650000,34219
1,651,9765000,9765000,167,277,9780000,3421
1,6510,97650000,97650000,167,277,97665000,34226
1,6511,97665000,97665000,167,277,97680000,34230
1,6512,97680000,97680000,167,277,97695000,34236
1,6513,97695000,97695000,167,277,97710000,34241
1,6514,97710000,97710000,167,277,97725000,34246
1,6515,97725000,97725000,167,277,97740000,34250
1,6516,97740000,97740000,167,277,97755000,34258
1,6517,97755000,97755000,167,277,97770000,34263
1,6518,97770000,97770000,167,277,97785000,34267
1,6519,97785000,97785000,167,277,97800000,34271
1,652,9780000,9780000,167,277,9795000,3427
1,6520,97800000,97800000,167,277,97815000,34278
1,6521,97815000,97815000,167,277,97830000,34283
1,6522,97830000,97830000,167,277,97845000,34289
1,6523,97845000,97845000,167,277,97860000,34292
1,6524,97860000,97860000,167,277,97875000,34299
1,6525,97875000,97875000,167,277,97890000,34305
1,6526,97890000,97890000,167,277,97905000,34309
1,6527,97905000,97905000,167,277,97920000,34312
1,6528,97920000,97920000,167,277,97935000,34321
1,6529,97935000,97935000,167,277,97950000,34326
1,653,9795000,9795000,167,277,9810000,3433
1,6530,97950000,97950000,167,277,97965000,34331
1,6531,97965000,97965000,167,277,97980000,34334
1,6532,97980000,97980000,167,277,97995000,34340
1,6533,97995000,97995000,167,277,98010000,34347
1,6534,98010000,98010000,167,277,98025000,34352
1,6535,98025000,98025000,167,277,98040000,34356
1,6536,98040000,98040000,167,277,98055000,34362
1,6537,98055000,98055000,167,277,98070000,34367
1,6538,98070000,98070000,167,277,98085000,34372
1,6539,98085000,98085000,167,277,98100000,34376
1,654,9810000,9810000,167,277,9825000,3438
1,6540,98100000,98100000,167,277,98115000,34384
1,6541,98115000,98115000,167,277,98130000,34389
1,6542,98130000,98130000,167,277,98145000,34394
1,6543,98145000,98145000,167,277,98160000,34397
1,6544,98160000,98160000,167,277,98175000,34403
1,6545,98175000,98175000,167,277,98190000,34410
1,6546,98190000,98190000,167,277,98205000,34415
1,6547,98205000,98205000,167,277,98220000,34419
1,6548,98220000,98220000,167,277,98235000,34425
1,6549,98235000,98235000,167,277,98250000,34430
1,655,9825000,9825000,167,277,9840000,3442
1,6550,98250000,98250000,167,277,98265000,34436
1,6551,98265000,98265000,167,277,98280000,34439
1,6552,98280000,98280000,167,277,98295000,34447
1,6553,98295000,98295000,167,277,98310000,34452
1,6554,98310000,98310000,167,277,98325000,34456
1,6555,98325000,98325000,167,277,98340000,34460
1,6556,98340000,98340000,167,277,98355000,34468
1,6557,98355000,98355000,167,277,98370000,34473
1,6558,98370000,98370000,167,277,98385000,34478
1,6559,98385000,98385000,167,277,98400000,34481
1,656,9840000,9840000,167,277,9855000,3448
1,6560,98400000,98400000,167,277,98415000,34488
1,6561,98415000,98415000,167,277,98430000,34494
1,6562,98430000,98430000,167,277,98445000,34499
1,6563,98445000,98445000,167,277,98460000,34502
1,6564,98460000,98460000,167,277,98475000,34509
1,6565,98475000,98475000,167,277,98490000,34515
1,6566,98490000,98490000,167,277,98505000,34520
1,6567,98505000,98505000,167,277,98520000,34524
1,6568,98520000,98520000,167,277,98535000,34530
1,6569,98535000,98535000,167,277,98550000,34535
1,657,9855000,9855000,167,277,9870000,3454
1,6570,98550000,98550000,167,277,98565000,34542
1,6571,98565000,98565000,167,277,98580000,34545
1,6572,98580000,98580000,167,277,98595000,34551
1,6573,98595000,98595000,167,277,98610000,34557
1,6574,98610000,98610000,167,277,98625000,34561
1,6575,98625000,98625000,167,277,98640000,34566
1,6576,98640000,98640000,167,277,98655000,34573
1,6577,98655000,98655000,167,277,98670000,34578
1,6578,98670000,98670000,167,277,98685000,34582
1,6579,98685000,98685000,167,277,98700000,34586
1,658,9870000,9870000,167,277,9885000,3459
1,6580,98700000,98700000,167,277,98715000,34594
1,6581,98715000,98715000,167,277,98730000,34599
1,6582,98730000,98730000,167,277,98745000,34604
1,6583,98745000,98745000,167,277,98760000,34607
1,6584,98760000,98760000,167,277,98775000,34615
1,6585,98775000,98775000,167,277,98790000,34621
1,6586,98790000,98790000,167,277,98805000,34625
1,6587,98805000,98805000,167,277,98820000,34628
1,6588,98820000,98820000,167,277,98835000,34635
1,6589,98835000,98835000,167,277,98850000,34641
1,659,9885000,9885000,167,277,9900000,3462
1,6590,98850000,98850000,167,277,98865000,34647
1,6591,98865000,98865000,167,277,98880000,34650
1,6592,98880000,98880000,167,277,98895000,34656
1,6593,98895000,98895000,167,277,98910000,34661
1,6594,98910000,98910000,167,277,98925000,34667
1,6595,98925000,98925000,167,277,98940000,34671
1,6596,98940000,98940000,167,277,98955000,34678
1,6597,98955000,98955000,167,277,98970000,34683
1,6598,98970000,98970000,167,277,98985000,34688
1,6599,98985000,98985000,167,277,99000000,34691
1,66,990000,990000,167,277,1005000,347
1,660,9900000,9900000,167,277,9915000,3470
1,6600,99000000,99000000,167,277,99015000,34699
1,6601,99015000,99015000,167,277,99030000,34705
1,6602,99030000,99030000,167,277,99045000,34709
1,6603,99045000,99045000,167,277,99060000,34713
1,6604,99060000,99060000,167,277,99075000,34719
1,6605,99075000,99075000,167,277,99090000,34725
1,6606,99090000,99090000,167,277,99105000,34730
1,6607,99105000,99105000,167,277,99120000,34734
1,6608,99120000,99120000,167,277,99135000,34741
1,6609,99135000,99135000,167,277,99150000,34746
1,661,9915000,9915000,167,277,9930000,3475
1,6610,99150000,99150000,167,277,99165000,34751
1,6611,99165000,99165000,167,277,99180000,34754
1,6612,99180000,99180000,167,277,99195000,34762
1,6613,99195000,99195000,167,277,99210000,34768
1,6614,99210000,99210000,167,277,99225000,34772
1,6615,99225000,99225000,167,277,99240000,34776
1,6616,99240000,99240000,167,277,99255000,34782
1,6617,99255000,99255000,167,277,99270000,34788
1,6618,99270000,99270000,167,277,99285000,34794
1,6619,99285000,99285000,167,277,99300000,34797
1,662,9930000,9930000,167,277,9945000,3480
1,6620,99300000,99300000,167,277,99315000,34804
1,6621,99315000,99315000,167,277,99330000,34809
1,6622,99330000,99330000,167,277,99345000,34814
1,6623,99345000,99345000,167,277,99360000,34817
1,6624,99360000,99360000,167,277,99375000,34825
1,6625,99375000,99375000,167,277,99390000,34831
1,6626,99390000,99390000,167,277,99405000,34836
1,6627,99405000,99405000,167,277,99420000,34839
1,6628,99420000,99420000,167,277,99435000,34845
1,6629,99435000,99435000,167,277,99450000,34850
1,663,9945000,9945000,167,277,9960000,3484
1,6630,99450000,99450000,167,277,99465000,34857
1,6631,99465000,99465000,167,277,99480000,34861
1,6632,99480000,99480000,167,277,99495000,34867
1,6633,99495000,99495000,167,277,99510000,34872
1,6634,99510000,99510000,167,277,99525000,34876
1,6635,99525000,99525000,167,277,99540000,34881
1,6636,99540000,99540000,167,277,99555000,34889
1,6637,99555000,99555000,167,277,99570000,34894
1,6638,99570000,99570000,167,277,99585000,34898
1,6639,99585000,99585000,167,277,99600000,34901
1,664,9960000,9960000,167,277,9975000,3490
1,6640,99600000,99600000,167,277,99615000,34909
1,6641,99615000,99615000,167,277,99630000,34915
1,6642,99630000,99630000,167,277,99645000,34920
1,6643,99645000,99645000,167,277,99660000,34923
1,6644,99660000,99660000,167,277,99675000,34929
1,6645,99675000,99675000,167,277,99690000,34936
1,6646,99690000,99690000,167,277,99705000,34940
1,6647,99705000,99705000,167,277,99720000,34944
1,6648,99720000,99720000,167,277,99735000,34951
1,6649,99735000,99735000,167,277,99750000,34956
1,665,9975000,9975000,167,277,9990000,3496
1,6650,99750000,99750000,167,277,99765000,34962
1,6651,99765000,99765000,167,277,99780000,34965
1,6652,99780000,99780000,167,277,99795000,34972
1,6653,99795000,99795000,167,277,99810000,34977
1,6654,99810000,99810000,167,277,99825000,34983
1,6655,99825000,99825000,167,277,99840000,34987
1,6656,99840000,99840000,167,277,99855000,34993
1,6657,99855000,99855000,167,277,99870000,34998
1,6658,99870000,99870000,167,277,99885000,35003
1,6659,99885000,99885000,167,277,99900000,35007
1,666,9990000,9990000,167,277,10005000,3501
1,6660,99900000,99900000,167,277,99915000,35015
1,6661,99915000,99915000,167,277,99930000,35020
1,6662,99930000,99930000,167,277,99945000,35024
1,6663,99945000,99945000,167,277,99960000,35027
1,6664,99960000,99960000,167,277,99975000,35035
1,6665,99975000,99975000,167,277,99990000,35041
1,6666,99990000,99990000,167,277,100005000,35046
1,6667,100005000,100005000,167,277,100020000,35049
1,6668,100020000,100020000,167,277,100035000,35056
1,6669,100035000,100035000,167,277,100050000,35062
1,667,10005000,10005000,167,277,10020000,3505
1,6670,100050000,100050000,167,277,100065000,35067
1,6671,100065000,100065000,167,277,100080000,35070
1,6672,100080000,100080000,167,277,100095000,35077
1,6673,100095000,100095000,167,277,100110000,35083
1,6674,100110000,100110000,167,277,100125000,35087
1,6675,100125000,100125000,167,277,100140000,35092
1,6676,100140000,100140000,167,277,100155000,35098
1,6677,100155000,100155000,167,277,100170000,35103
1,6678,100170000,100170000,167,277,100185000,35109
1,6679,100185000,100185000,167,277,100200000,35112
1,668,10020000,10020000,167,277,10035000,3512
1,6680,100200000,100200000,167,277,100215000,35119
1,6681,100215000,100215000,167,277,100230000,35125
1,6682,100230000,100230000,167,277,100245000,35130
1,6683,100245000,100245000,167,277,100260000,35133
1,6684,100260000,100260000,167,277,100275000,35140
1,6685,100275000,100275000,167,277,100290000,35146
1,6686,100290000,100290000,167,277,100305000,35151
1,6687,100305000,100305000,167,277,100320000,35155
1,6688,100320000,100320000,167,277,100335000,35161
1,6689,100335000,100335000,167,277,100350000,35166
1,669,10035000,10035000,167,277,10050000,3517
1,6690,100350000,100350000,167,277,100365000,35172
1,6691,100365000,100365000,167,277,100380000,35175
1,6692,100380000,100380000,167,277,100395000,35183
1,6693,100395000,100395000,167,277,100410000,35188
1,6694,100410000,100410000,167,277,100425000,35192
1,6695,100425000,100425000,167,277,100440000,35196
1,6696,100440000,100440000,167,277,100455000,35204
1,6697,100455000,100455000,167,277,100470000,35209
1,6698,100470000,100470000,167,277,100485000,35214
1,6699,100485000,100485000,167,277,100500000,35217
1,67,1005000,1005000,167,277,1020000,350
1,670,10050000,10050000,167,277,10065000,3522
1,6700,100500000,100500000,167,277,100515000,35224
1,6701,100515000,100515000,167,277,100530000,35230
1,6702,100530000,100530000,167,277,100545000,35235
1,6703,100545000,100545000,167,277,100560000,35239
1,6704,100560000,100560000,167,277,100575000,35245
1,6705,100575000,100575000,167,277,100590000,35251
1,6706,100590000,100590000,167,277,100605000,35256
1,6707,100605000,100605000,167,277,100620000,35259
1,6708,100620000,100620000,167,277,100635000,35266
1,6709,100635000,100635000,167,277,100650000,35272
1,671,10065000,10065000,167,277,10080000,3525
1,6710,100650000,100650000,167,277,100665000,35278
1,6711,100665000,100665000,167,277,100680000,35281
1,6712,100680000,100680000,167,277,100695000,35287
1,6713,100695000,100695000,167,277,100710000,35292
1,6714,100710000,100710000,167,277,100725000,35297
1,6715,100725000,100725000,167,277,100740000,35303
1,6716,100740000,100740000,167,277,100755000,35309
1,6717,100755000,100755000,167,277,100770000,35314
1,6718,100770000,100770000,167,277,100785000,35318
1,6719,100785000,100785000,167,277,100800000,35321
1,672,10080000,10080000,167,277,10095000,3533
1,6720,100800000,100800000,167,277,100815000,35331
1,6721,100815000,100815000,167,277,100830000,35336
1,6722,100830000,100830000,167,277,100845000,35340
1,6723,100845000,100845000,167,277,100860000,35343
1,6724,100860000,100860000,167,277,100875000,35350
1,6725,100875000,100875000,167,277,100890000,35356
1,6726,100890000,100890000,167,277,100905000,35362
1,6727,100905000,100905000,167,277,100920000,35365
1,6728,100920000,100920000,167,277,100935000,35371
1,6729,100935000,100935000,167,277,100950000,35377
1,673,10095000,10095000,167,277,10110000,3538
1,6730,100950000,100950000,167,277,100965000,35382
1,6731,100965000,100965000,167,277,100980000,35385
1,6732,100980000,100980000,167,277,100995000,35393
1,6733,100995000,100995000,167,277,101010000,35398
1,6734,101010000,101010000,167,277,101025000,35403
1,6735,101025000,101025000,167,277,101040000,35407
1,6736,101040000,101040000,167,277,101055000,35413
1,6737,101055000,101055000,167,277,101070000,35419
1,6738,101070000,101070000,167,277,101085000,35425
1,6739,101085000,101085000,167,277,101100000,35428
1,674,10110000,10110000,167,277,10125000,3543
1,6740,101100000,101100000,167,277,101115000,35435
1,6741,101115000,101115000,167,277,101130000,35440
1,6742,101130000,101130000,167,277,101145000,35444
1,6743,101145000,101145000,167,277,101160000,35449
1,6744,101160000,101160000,167,277,101175000,35456
1,6745,101175000,101175000,167,277,101190000,35462
1,6746,101190000,101190000,167,277,101205000,35466
1,6747,101205000,101205000,167,277,101220000,35469
1,6748,101220000,101220000,167,277,101235000,35476
1,6749,101235000,101235000,167,277,101250000,35482
1,675,10125000,10125000,167,277,10140000,3547
1,6750,101250000,101250000,167,277,101265000,35488
1,6751,101265000,101265000,167,277,101280000,35491
1,6752,101280000,101280000,167,277,101295000,35498
1,6753,101295000,101295000,167,277,101310000,35503
1,6754,101310000,101310000,167,277,101325000,35508
1,6755,101325000,101325000,167,277,101340000,35512
1,6756,101340000,101340000,167,277,101355000,35519
1,6757,101355000,101355000,167,277,101370000,35525
1,6758,101370000,101370000,167,277,101385000,35529
1,6759,101385000,101385000,167,277,101400000,35532
1,676,10140000,10140000,167,277,10155000,3554
1,6760,101400000,101400000,167,277,101415000,35540
1,6761,101415000,101415000,167,277,101430000,35545
1,6762,101430000,101430000,167,277,101445000,35551
1,6763,101445000,101445000,167,277,101460000,35554
1,6764,101460000,101460000,167,277,101475000,35560
1,6765,101475000,101475000,167,277,101490000,35566
1,6766,101490000,101490000,167,277,101505000,35572
1,6767,101505000,101505000,167,277,101520000,35575
1,6768,101520000,101520000,167,277,101535000,35582
1,6769,101535000,101535000,167,277,101550000,35587
1,677,10155000,10155000,167,277,10170000,3559
1,6770,101550000,101550000,167,277,101565000,35592
1,6771,101565000,101565000,167,277,101580000,35597
1,6772,101580000,101580000,167,277,101595000,35603
1,6773,101595000,101595000,167,277,101610000,35608
1,6774,101610000,101610000,167,277,101625000,35613
1,6775,101625000,101625000,167,277,101640000,35617
1,6776,101640000,101640000,167,277,101655000,35624
1,6777,101655000,101655000,167,277,101670000,35630
1,6778,101670000,101670000,167,277,101685000,35634
1,6779,101685000,101685000,167,277,101700000,35637
1,678,10170000,10170000,167,277,10185000,3564
1,6780,101700000,101700000,167,277,101715000,35646
1,6781,101715000,101715000,167,277,101730000,35651
1,6782,101730000,101730000,167,277,101745000,35655
1,6783,101745000,101745000,167,277,101760000,35659
1,6784,101760000,101760000,167,277,101775000,35665
1,6785,101775000,101775000,167,277,101790000,35672
1,6786,101790000,101790000,167,277,101805000,35677
1,6787,101805000,101805000,167,277,101820000,35680
1,6788,101820000,101820000,167,277,101835000,35687
1,6789,101835000,101835000,167,277,101850000,35692
1,679,10185000,10185000,167,277,10200000,3567
1,6790,101850000,101850000,167,277,101865000,35698
1,6791,101865000,101865000,167,277,101880000,35701
1,6792,101880000,101880000,167,277,101895000,35708
1,6793,101895000,101895000,167,277,101910000,35713
1,6794,101910000,101910000,167,277,101925000,35719
1,6795,101925000,101925000,167,277,101940000,35723
1,6796,101940000,101940000,167,277,101955000,35729
1,6797,101955000,101955000,167,277,101970000,35734
1,6798,101970000,101970000,167,277,101985000,35739
1,6799,101985000,101985000,167,277,102000000,35743
1,68,1020000,1020000,167,277,1035000,357
1,680,10200000,10200000,167,277,10215000,3575
1,6800,102000000,102000000,167,277,102015000,35751
1,6801,102015000,102015000,167,277,102030000,35756
1,6802,102030000,102030000,167,277,102045000,35760
1,6803,102045000,102045000,167,277,102060000,35763
1,6804,102060000,102060000,167,277,102075000,35771
1,6805,102075000,102075000,167,277,102090000,35778
1,6806,102090000,102090000,167,277,102105000,35782
1,6807,102105000,102105000,167,277,102120000,35785
1,6808,102120000,102120000,167,277,102135000,35792
1,6809,102135000,102135000,167,277,102150000,35797
1,681,10215000,10215000,167,277,10230000,3581
1,6810,102150000,102150000,167,277,102165000,35803
1,6811,102165000,102165000,167,277,102180000,35807
1,6812,102180000,102180000,167,277,102195000,35813
1,6813,102195000,102195000,167,277,102210000,35819
1,6814,102210000,102210000,167,277,102225000,35823
1,6815,102225000,102225000,167,277,102240000,35827
1,6816,102240000,102240000,167,277,102255000,35834
1,6817,102255000,102255000,167,277,102270000,35840
1,6818,102270000,102270000,167,277,102285000,35845
1,6819,102285000,102285000,167,277,102300000,35848
1,682,10230000,10230000,167,277,10245000,3585
1,6820,102300000,102300000,167,277,102315000,35855
1,6821,102315000,102315000,167,277,102330000,35860
1,6822,102330000,102330000,167,277,102345000,35867
1,6823,102345000,102345000,167,277,102360000,35870
1,6824,102360000,102360000,167,277,102375000,35876
1,6825,102375000,102375000,167,277,102390000,35882
1,6826,102390000,102390000,167,277,102405000,35886
1,6827,102405000,102405000,167,277,102420000,35890
1,6828,102420000,102420000,167,277,102435000,35898
1,6829,102435000,102435000,167,277,102450000,35903
1,683,10245000,10245000,167,277,10260000,3588
1,6830,102450000,102450000,167,277,102465000,35908
1,6831,102465000,102465000,167,277,102480000,35911
1,6832,102480000,102480000,167,277,102495000,35918
1,6833,102495000,102495000,167,277,102510000,35923
1,6834,102510000,102510000,167,277,102525000,35929
1,6835,102525000,102525000,167,277,102540000,35933
1,6836,102540000,102540000,167,277,102555000,35940
1,6837,102555000,102555000,167,277,102570000,35945
1,6838,102570000,102570000,167,277,102585000,35949
1,6839,102585000,102585000,167,277,102600000,35953
1,684,10260000,10260000,167,277,10275000,3595
1,6840,102600000,102600000,167,277,102615000,35961
1,6841,102615000,102615000,167,277,102630000,35967
1,6842,102630000,102630000,167,277,102645000,35971
1,6843,102645000,102645000,167,277,102660000,35974
1,6844,102660000,102660000,167,277,102675000,35980
1,6845,102675000,102675000,167,277,102690000,35987
1,6846,102690000,102690000,167,277,102705000,35993
1,6847,102705000,102705000,167,277,102720000,35996
1,6848,102720000,102720000,167,277,102735000,36002
1,6849,102735000,102735000,167,277,102750000,36007
1,685,10275000,10275000,167,277,10290000,3602
1,6850,102750000,102750000,167,277,102765000,36013
1,6851,102765000,102765000,167,277,102780000,36017
1,6852,102780000,102780000,167,277,102795000,36024
1,6853,102795000,102795000,167,277,102810000,36029
1,6854,102810000,102810000,167,277,102825000,36033
1,6855,102825000,102825000,167,277,102840000,36038
1,6856,102840000,102840000,167,277,102855000,36045
1,6857,102855000,102855000,167,277,102870000,36050
1,6858,102870000,102870000,167,277,102885000,36055
1,6859,102885000,102885000,167,277,102900000,36058
1,686,10290000,10290000,167,277,10305000,3607
1,6860,102900000,102900000,167,277,102915000,36066
1,6861,102915000,102915000,167,277,102930000,36071
1,6862,102930000,102930000,167,277,102945000,36076
1,6863,102945000,102945000,167,277,102960000,36079
1,6864,102960000,102960000,167,277,102975000,36087
1,6865,102975000,102975000,167,277,102990000,36093
1,6866,102990000,102990000,167,277,103005000,36097
1,6867,103005000,103005000,167,277,103020000,36100
1,6868,103020000,103020000,167,277,103035000,36107
1,6869,103035000,103035000,167,277,103050000,36113
1,687,10305000,10305000,167,277,10320000,3610
1,6870,103050000,103050000,167,277,103065000,36119
1,6871,103065000,103065000,167,277,103080000,36122
1,6872,103080000,103080000,167,277,103095000,36128
1,6873,103095000,103095000,167,277,103110000,36134
1,6874,103110000,103110000,167,277,103125000,36139
1,6875,103125000,103125000,167,277,103140000,36143
1,6876,103140000,103140000,167,277,103155000,36150
1,6877,103155000,103155000,167,277,103170000,36155
1,6878,103170000,103170000,167,277,103185000,36160
1,6879,103185000,103185000,167,277,103200000,36164
1,688,10320000,10320000,167,277,10335000,3616
1,6880,103200000,103200000,167,277,103215000,36171
1,6881,103215000,103215000,167,277,103230000,36176
1,6882,103230000,103230000,167,277,103245000,36181
1,6883,103245000,103245000,167,277,103260000,36185
1,6884,103260000,103260000,167,277,103275000,36191
1,6885,103275000,103275000,167,277,103290000,36198
1,6886,103290000,103290000,167,277,103305000,36202
1,6887,103305000,103305000,167,277,103320000,36205
1,6888,103320000,103320000,167,277,103335000,36213
1,6889,103335000,103335000,167,277,103350000,36218
1,689,10335000,10335000,167,277,10350000,3621
1,6890,103350000,103350000,167,277,103365000,36224
1,6891,103365000,103365000,167,277,103380000,36227
1,6892,103380000,103380000,167,277,103395000,36234
1,6893,103395000,103395000,167,277,103410000,36239
1,6894,103410000,103410000,167,277,103425000,36244
1,6895,103425000,103425000,167,277,103440000,36248
1,6896,103440000,103440000,167,277,103455000,36255
1,6897,103455000,103455000,167,277,103470000,36261
1,6898,103470000,103470000,167,277,103485000,36265
1,6899,103485000,103485000,167,277,103500000,36268
1,69,1035000,1035000,167,277,1050000,362
1,690,10350000,10350000,167,277,10365000,3628
1,6900,103500000,103500000,167,277,103515000,36276
1,6901,103515000,103515000,167,277,103530000,36281
1,6902,103530000,103530000,167,277,103545000,36287
1,6903,103545000,103545000,167,277,103560000,36290
1,6904,103560000,103560000,167,277,103575000,36296
1,6905,103575000,103575000,167,277,103590000,36302
1,6906,103590000,103590000,167,277,103605000,36308
1,6907,103605000,103605000,167,277,103620000,36312
1,6908,103620000,103620000,167,277,103635000,36318
1,6909,103635000,103635000,167,277,103650000,36323
1,691,10365000,10365000,167,277,10380000,3632
1,6910,103650000,103650000,167,277,103665000,36328
1,6911,103665000,103665000,167,277,103680000,36332
1,6912,103680000,103680000,167,277,103695000,36339
1,6913,103695000,103695000,167,277,103710000,36345
1,6914,103710000,103710000,167,277,103725000,36349
1,6915,103725000,103725000,167,277,103740000,36353
1,6916,103740000,103740000,167,277,103755000,36360
1,6917,103755000,103755000,167,277,103770000,36365
1,6918,103770000,103770000,167,277,103785000,36370
1,6919,103785000,103785000,167,277,103800000,36374
1,692,10380000,10380000,167,277,10395000,3638
1,6920,103800000,103800000,167,277,103815000,36382
1,6921,103815000,103815000,167,277,103830000,36387
1,6922,103830000,103830000,167,277,103845000,36391
1,6923,103845000,103845000,167,277,103860000,36394
1,6924,103860000,103860000,167,277,103875000,36402
1,6925,103875000,103875000,167,277,103890000,36409
1,6926,103890000,103890000,167,277,103905000,36413
1,6927,103905000,103905000,167,277,103920000,36416
1,6928,103920000,103920000,167,277,103935000,36422
1,6929,103935000,103935000,167,277,103950000,36427
1,693,10395000,10395000,167,277,10410000,3643
1,6930,103950000,103950000,167,277,103965000,36435
1,6931,103965000,103965000,167,277,103980000,36438
1,6932,103980000,103980000,167,277,103995000,36444
1,6933,103995000,103995000,167,277,104010000,36449
1,6934,104010000,104010000,167,277,104025000,36454
1,6935,104025000,104025000,167,277,104040000,36458
1,6936,104040000,104040000,167,277,104055000,36466
1,6937,104055000,104055000,167,277,104070000,36471
1,6938,104070000,104070000,167,277,104085000,36475
1,6939,104085000,104085000,167,277,104100000,36479
1,694,10410000,10410000,167,277,10425000,3647
1,6940,104100000,104100000,167,277,104115000,36486
1,6941,104115000,104115000,167,277,104130000,36492
1,6942,104130000,104130000,167,277,104145000,36497
1,6943,104145000,104145000,167,277,104160000,36500
1,6944,104160000,104160000,167,277,104175000,36507
1,6945,104175000,104175000,167,277,104190000,36513
1,6946,104190000,104190000,167,277,104205000,36517
1,6947,104205000,104205000,167,277,104220000,36521
1,6948,104220000,104220000,167,277,104235000,36529
1,6949,104235000,104235000,167,277,104250000,36534
1,695,10425000,10425000,167,277,10440000,3652
1,6950,104250000,104250000,167,277,104265000,36539
1,6951,104265000,104265000,167,277,104280000,36542
1,6952,104280000,104280000,167,277,104295000,36548
1,6953,104295000,104295000,167,277,104310000,36555
1,6954,104310000,104310000,167,277,104325000,36560
1,6955,104325000,104325000,167,277,104340000,36564
1,6956,104340000,104340000,167,277,104355000,36570
1,6957,104355000,104355000,167,277,104370000,36575
1,6958,104370000,104370000,167,277,104385000,36581
1,6959,104385000,104385000,167,277,104400000,36584
1,696,10440000,10440000,167,277,10455000,3659
1,6960,104400000,104400000,167,277,104415000,36592
1,6961,104415000,104415000,167,277,104430000,36597
1,6962,104430000,104430000,167,277,104445000,36602
1,6963,104445000,104445000,167,277,104460000,36605
1,6964,104460000,104460000,167,277,104475000,36612
1,6965,104475000,104475000,167,277,104490000,36618
1,6966,104490000,104490000,167,277,104505000,36623
1,6967,104505000,104505000,167,277,104520000,36627
1,6968,104520000,104520000,167,277,104535000,36633
1,6969,104535000,104535000,167,277,104550000,36638
1,697,10455000,10455000,167,277,10470000,3665
1,6970,104550000,104550000,167,277,104565000,36644
1,6971,104565000,104565000,167,277,104580000,36647
1,6972,104580000,104580000,167,277,104595000,36655
1,6973,104595000,104595000,167,277,104610000,36660
1,6974,104610000,104610000,167,277,104625000,36664
1,6975,104625000,104625000,167,277,104640000,36669
1,6976,104640000,104640000,167,277,104655000,36676
1,6977,104655000,104655000,167,277,104670000,36681
1,6978,104670000,104670000,167,277,104685000,36686
1,6979,104685000,104685000,167,277,104700000,36689
1,698,10470000,10470000,167,277,10485000,3669
1,6980,104700000,104700000,167,277,104715000,36696
1,6981,104715000,104715000,167,277,104730000,36703
1,6982,104730000,104730000,167,277,104745000,36707
1,6983,104745000,104745000,167,277,104760000,36710
1,6984,104760000,104760000,167,277,104775000,36717
1,6985,104775000,104775000,167,277,104790000,36723
1,6986,104790000,104790000,167,277,104805000,36728
1,6987,104805000,104805000,167,277,104820000,36732
1,6988,104820000,104820000,167,277,104835000,36738
1,6989,104835000,104835000,167,277,104850000,36743
1,699,10485000,10485000,167,277,10500000,3672
1,6990,104850000,104850000,167,277,104865000,36750
1,6991,104865000,104865000,167,277,104880000,36753
1,6992,104880000,104880000,167,277,104895000,36760
1,6993,104895000,104895000,167,277,104910000,36765
1,6994,104910000,104910000,167,277,104925000,36769
1,6995,104925000,104925000,167,277,104940000,36774
1,6996,104940000,104940000,167,277,104955000,36781
1,6997,104955000,104955000,167,277,104970000,36786
1,6998,104970000,104970000,167,277,104985000,36791
1,6999,104985000,104985000,167,277,105000000,36794
1,7,105000,105000,167,277,120000,35
1,70,1050000,1050000,167,277,1065000,368
1,700,10500000,10500000,167,277,10515000,3680
1,7000,105000000,105000000,167,277,105015000,36802
1,7001,105015000,105015000,167,277,105030000,36807
1,7002,105030000,105030000,167,277,105045000,36812
1,7003,105045000,105045000,167,277,105060000,36815
1,7004,105060000,105060000,167,277,105075000,36823
1,7005,105075000,105075000,167,277,105090000,36829
1,7006,105090000,105090000,167,277,105105000,36833
1,7007,105105000,105105000,167,277,105120000,36836
1,7008,105120000,105120000,167,277,105135000,36843
1,7009,105135000,105135000,167,277,105150000,36850
1,701,10515000,10515000,167,277,10530000,3685
1,7010,105150000,105150000,167,277,105165000,36855
1,7011,105165000,105165000,167,277,105180000,36858
1,7012,105180000,105180000,167,277,105195000,36864
1,7013,105195000,105195000,167,277,105210000,36869
1,7014,105210000,105210000,167,277,105225000,36875
1,7015,105225000,105225000,167,277,105240000,36880
1,7016,105240000,105240000,167,277,105255000,36886
1,7017,105255000,105255000,167,277,105270000,36891
1,7018,105270000,105270000,167,277,105285000,36896
1,7019,105285000,105285000,167,277,105300000,36899
1,702,10530000,10530000,167,277,10545000,3691
1,7020,105300000,105300000,167,277,105315000,36907
1,7021,105315000,105315000,167,277,105330000,36913
1,7022,105330000,105330000,167,277,105345000,36917
1,7023,105345000,105345000,167,277,105360000,36921
1,7024,105360000,105360000,167,277,105375000,36927
1,7025,105375000,105375000,167,277,105390000,36933
1,7026,105390000,105390000,167,277,105405000,36939
1,7027,105405000,105405000,167,277,105420000,36942
1,7028,105420000,105420000,167,277,105435000,36949
1,7029,105435000,105435000,167,277,105450000,36954
1,703,10545000,10545000,167,277,10560000,3694
1,7030,105450000,105450000,167,277,105465000,36959
1,7031,105465000,105465000,167,277,105480000,36962
1,7032,105480000,105480000,167,277,105495000,36971
1,7033,105495000,105495000,167,277,105510000,36976
1,7034,105510000,105510000,167,277,105525000,36980
1,7035,105525000,105525000,167,277,105540000,36984
1,7036,105540000,105540000,167,277,105555000,36990
1,7037,105555000,105555000,167,277,105570000,36996
1,7038,105570000,105570000,167,277,105585000,37002
1,7039,105585000,105585000,167,277,105600000,37005
1,704,10560000,10560000,167,277,10575000,3701
1,7040,105600000,105600000,167,277,105615000,37012
1,7041,105615000,105615000,167,277,105630000,37017
1,7042,105630000,105630000,167,277,105645000,37022
1,7043,105645000,105645000,167,277,105660000,37026
1,7044,105660000,105660000,167,277,105675000,37033
1,7045,105675000,105675000,167,277,105690000,37039
1,7046,105690000,105690000,167,277,105705000,37044
1,7047,105705000,105705000,167,277,105720000,37047
1,7048,105720000,105720000,167,277,105735000,37053
1,7049,105735000,105735000,167,277,105750000,37059
1,705,10575000,10575000,167,277,10590000,3707
1,7050,105750000,105750000,167,277,105765000,37065
1,7051,105765000,105765000,167,277,105780000,37069
1,7052,105780000,105780000,167,277,105795000,37075
1,7053,105795000,105795000,167,277,105810000,37080
1,7054,105810000,105810000,167,277,105825000,37084
1,7055,105825000,105825000,167,277,105840000,37089
1,7056,105840000,105840000,167,277,105855000,37097
1,7057,105855000,105855000,167,277,105870000,37102
1,7058,105870000,105870000,167,277,105885000,37106
1,7059,105885000,105885000,167,277,105900000,37109
1,706,10590000,10590000,167,277,10605000,3711
1,7060,105900000,105900000,167,277,105915000,37118
1,7061,105915000,105915000,167,277,105930000,37123
1,7062,105930000,105930000,167,277,105945000,37128
1,7063,105945000,105945000,167,277,105960000,37131
1,7064,105960000,105960000,167,277,105975000,37137
1,7065,105975000,105975000,167,277,105990000,37144
1,7066,105990000,105990000,167,277,106005000,37149
1,7067,106005000,106005000,167,277,106020000,37152
1,7068,106020000,106020000,167,277,106035000,37159
1,7069,106035000,106035000,167,277,106050000,37164
1,707,10605000,10605000,167,277,10620000,3714
1,7070,106050000,106050000,167,277,106065000,37170
1,7071,106065000,106065000,167,277,106080000,37173
1,7072,106080000,106080000,167,277,106095000,37180
1,7073,106095000,106095000,167,277,106110000,37185
1,7074,106110000,106110000,167,277,106125000,37191
1,7075,106125000,106125000,167,277,106140000,37195
1,7076,106140000,106140000,167,277,106155000,37201
1,7077,106155000,106155000,167,277,106170000,37207
1,7078,106170000,106170000,167,277,106185000,37211
1,7079,106185000,106185000,167,277,106200000,37215
1,708,10620000,10620000,167,277,10635000,3722
1,7080,106200000,106200000,167,277,106215000,37223
1,7081,106215000,106215000,167,277,106230000,37228
1,7082,106230000,106230000,167,277,106245000,37232
1,7083,106245000,106245000,167,277,106260000,37236
1,7084,106260000,106260000,167,277,106275000,37243
1,7085,106275000,106275000,167,277,106290000,37249
1,7086,106290000,106290000,167,277,106305000,37254
1,7087,106305000,106305000,167,277,106320000,37257
1,7088,106320000,106320000,167,277,106335000,37264
1,7089,106335000,106335000,167,277,106350000,37270
1,709,10635000,10635000,167,277,10650000,3728
1,7090,106350000,106350000,167,277,106365000,37275
1,7091,106365000,106365000,167,277,106380000,37278
1,7092,106380000,106380000,167,277,106395000,37285
1,7093,106395000,106395000,167,277,106410000,37291
1,7094,106410000,106410000,167,277,106425000,37296
1,7095,106425000,106425000,167,277,106440000,37300
1,7096,106440000,106440000,167,277,106455000,37306
1,7097,106455000,106455000,167,277,106470000,37311
1,7098,106470000,106470000,167,277,106485000,37317
1,7099,106485000,106485000,167,277,106500000,37320
1,71,1065000,1065000,167,277,1080000,371
1,710,10650000,10650000,167,277,10665000,3733
1,7100,106500000,106500000,167,277,106515000,37328
1,7101,106515000,106515000,167,277,106530000,37333
1,7102,106530000,106530000,167,277,106545000,37338
1,7103,106545000,106545000,167,277,106560000,37341
1,7104,106560000,106560000,167,277,106575000,37348
1,7105,106575000,106575000,167,277,106590000,37354
1,7106,106590000,106590000,167,277,106605000,37359
1,7107,106605000,106605000,167,277,106620000,37363
1,7108,106620000,106620000,167,277,106635000,37369
1,7109,106635000,106635000,167,277,106650000,37374
1,711,10665000,10665000,167,277,10680000,3736
1,7110,106650000,106650000,167,277,106665000,37380
1,7111,106665000,106665000,167,277,106680000,37384
1,7112,106680000,106680000,167,277,106695000,37391
1,7113,106695000,106695000,167,277,106710000,37396
1,7114,106710000,106710000,167,277,106725000,37400
1,7115,106725000,106725000,167,277,106740000,37404
1,7116,106740000,106740000,167,277,106755000,37412
1,7117,106755000,106755000,167,277,106770000,37418
1,7118,106770000,106770000,167,277,106785000,37422
1,7119,106785000,106785000,167,277,106800000,37425
1,712,10680000,10680000,167,277,10695000,3742
1,7120,106800000,106800000,167,277,106815000,37432
1,7121,106815000,106815000,167,277,106830000,37438
1,7122,106830000,106830000,167,277,106845000,37443
1,7123,106845000,106845000,167,277,106860000,37447
1,7124,106860000,106860000,167,277,106875000,37453
1,7125,106875000,106875000,167,277,106890000,37459
1,7126,106890000,106890000,167,277,106905000,37464
1,7127,106905000,106905000,167,277,106920000,37467
1,7128,106920000,106920000,167,277,106935000,37475
1,7129,106935000,106935000,167,277,106950000,37480
1,713,10695000,10695000,167,277,10710000,3747
1,7130,106950000,106950000,167,277,106965000,37486
1,7131,106965000,106965000,167,277,106980000,37489
1,7132,106980000,106980000,167,277,106995000,37495
1,7133,106995000,106995000,167,277,107010000,37500
1,7134,107010000,107010000,167,277,107025000,37506
1,7135,107025000,107025000,167,277,107040000,37511
1,7136,107040000,107040000,167,277,107055000,37517
1,7137,107055000,107055000,167,277,107070000,37522
1,7138,107070000,107070000,167,277,107085000,37526
1,7139,107085000,107085000,167,277,107100000,37529
1,714,10710000,10710000,167,277,10725000,3754
1,715,10725000,10725000,167,277,10740000,3758
1,716,10740000,10740000,167,277,10755000,3764
1,717,10755000,10755000,167,277,10770000,3769
1,718,10770000,10770000,167,277,10785000,3774
1,719,10785000,10785000,167,277,10800000,3778
1,72,1080000,1080000,167,277,1095000,378
1,720,10800000,10800000,167,277,10815000,3786
1,721,10815000,10815000,167,277,10830000,3791
1,722,10830000,10830000,167,277,10845000,3795
1,723,10845000,10845000,167,277,10860000,3799
1,724,10860000,10860000,167,277,10875000,3805
1,725,10875000,10875000,167,277,10890000,3812
1,726,10890000,10890000,167,277,10905000,3817
1,727,10905000,10905000,167,277,10920000,3820
1,728,10920000,10920000,167,277,10935000,3827
1,729,10935000,10935000,167,277,10950000,3832
1,73,1095000,1095000,167,277,1110000,384
1,730,10950000,10950000,167,277,10965000,3837
1,731,10965000,10965000,167,277,10980000,3841
1,732,10980000,10980000,167,277,10995000,3849
1,733,10995000,10995000,167,277,11010000,3854
1,734,11010000,11010000,167,277,11025000,3858
1,735,11025000,11025000,167,277,11040000,3862
1,736,11040000,11040000,167,277,11055000,3869
1,737,11055000,11055000,167,277,11070000,3875
1,738,11070000,11070000,167,277,11085000,3880
1,739,11085000,11085000,167,277,11100000,3883
1,74,1110000,1110000,167,277,1125000,389
1,740,11100000,11100000,167,277,11115000,3890
1,741,11115000,11115000,167,277,11130000,3895
1,742,11130000,11130000,167,277,11145000,3901
1,743,11145000,11145000,167,277,11160000,3904
1,744,11160000,11160000,167,277,11175000,3911
1,745,11175000,11175000,167,277,11190000,3917
1,746,11190000,11190000,167,277,11205000,3922
1,747,11205000,11205000,167,277,11220000,3925
1,748,11220000,11220000,167,277,11235000,3932
1,749,11235000,11235000,167,277,11250000,3937
1,75,1125000,1125000,167,277,1140000,393
1,750,11250000,11250000,167,277,11265000,3943
1,751,11265000,11265000,167,277,11280000,3947
1,752,11280000,11280000,167,277,11295000,3953
1,753,11295000,11295000,167,277,11310000,3959
1,754,11310000,11310000,167,277,11325000,3963
1,755,11325000,11325000,167,277,11340000,3967
1,756,11340000,11340000,167,277,11355000,3975
1,757,11355000,11355000,167,277,11370000,3980
1,758,11370000,11370000,167,277,11385000,3984
1,759,11385000,11385000,167,277,11400000,3988
1,76,1140000,1140000,167,277,1155000,399
1,760,11400000,11400000,167,277,11415000,3996
1,761,11415000,11415000,167,277,11430000,4001
1,762,11430000,11430000,167,277,11445000,4006
1,763,11445000,11445000,167,277,11460000,4009
1,764,11460000,11460000,167,277,11475000,4015
1,765,11475000,11475000,167,277,11490000,4023
1,766,11490000,11490000,167,277,11505000,4027
1,767,11505000,11505000,167,277,11520000,4030
1,768,11520000,11520000,167,277,11535000,4037
1,769,11535000,11535000,167,277,11550000,4042
1,77,1155000,1155000,167,277,1170000,404
1,770,11550000,11550000,167,277,11565000,4049
1,771,11565000,11565000,167,277,11580000,4052
1,772,11580000,11580000,167,277,11595000,4058
1,773,11595000,11595000,167,277,11610000,4063
1,774,11610000,11610000,167,277,11625000,4069
1,775,11625000,11625000,167,277,11640000,4073
1,776,11640000,11640000,167,277,11655000,4080
1,777,11655000,11655000,167,277,11670000,4085
1,778,11670000,11670000,167,277,11685000,4089
1,779,11685000,11685000,167,277,11700000,4093
1,78,1170000,1170000,167,277,1185000,409
1,780,11700000,11700000,167,277,11715000,4101
1,781,11715000,11715000,167,277,11730000,4106
1,782,11730000,11730000,167,277,11745000,4111
1,783,11745000,11745000,167,277,11760000,4114
1,784,11760000,11760000,167,277,11775000,4121
1,785,11775000,11775000,167,277,11790000,4127
1,786,11790000,11790000,167,277,11805000,4132
1,787,11805000,11805000,167,277,11820000,4136
1,788,11820000,11820000,167,277,11835000,4143
1,789,11835000,11835000,167,277,11850000,4148
1,79,1185000,1185000,167,277,1200000,414
1,790,11850000,11850000,167,277,11865000,4153
1,791,11865000,11865000,167,277,11880000,4156
1,792,11880000,11880000,167,277,11895000,4163
1,793,11895000,11895000,167,277,11910000,4170
1,794,11910000,11910000,167,277,11925000,4174
1,795,11925000,11925000,167,277,11940000,4178
1,796,11940000,11940000,167,277,11955000,4184
1,797,11955000,11955000,167,277,11970000,4189
1,798,11970000,11970000,167,277,11985000,4195
1,799,11985000,11985000,167,277,12000000,4199
1,8,120000,120000,167,277,135000,41
1,80,1200000,1200000,167,277,1215000,421
1,800,12000000,12000000,167,277,12015000,4206
1,801,12015000,12015000,167,277,12030000,4211
1,802,12030000,12030000,167,277,12045000,4216
1,803,12045000,12045000,167,277,12060000,4219
1,804,12060000,12060000,167,277,12075000,4227
1,805,12075000,12075000,167,277,12090000,4233
1,806,12090000,12090000,167,277,12105000,4237
1,807,12105000,12105000,167,277,12120000,4241
1,808,12120000,12120000,167,277,12135000,4247
1,809,12135000,12135000,167,277,12150000,4252
1,81,1215000,1215000,167,277,1230000,426
1,810,12150000,12150000,167,277,12165000,4259
1,811,12165000,12165000,167,277,12180000,4262
1,812,12180000,12180000,167,277,12195000,4269
1,813,12195000,12195000,167,277,12210000,4274
1,814,12210000,12210000,167,277,12225000,4278
1,815,12225000,12225000,167,277,12240000,4282
1,816,12240000,12240000,167,277,12255000,4291
1,817,12255000,12255000,167,277,12270000,4296
1,818,12270000,12270000,167,277,12285000,4300
1,819,12285000,12285000,167,277,12300000,4303
1,82,1230000,1230000,167,277,1245000,430
1,820,12300000,12300000,167,277,12315000,4310
1,821,12315000,12315000,167,277,12330000,4317
1,822,12330000,12330000,167,277,12345000,4322
1,823,12345000,12345000,167,277,12360000,4325
1,824,12360000,12360000,167,277,12375000,4331
1,825,12375000,12375000,167,277,12390000,4337
1,826,12390000,12390000,167,277,12405000,4342
1,827,12405000,12405000,167,277,12420000,4346
1,828,12420000,12420000,167,277,12435000,4353
1,829,12435000,12435000,167,277,12450000,4358
1,83,1245000,1245000,167,277,1260000,433
1,830,12450000,12450000,167,277,12465000,4364
1,831,12465000,12465000,167,277,12480000,4367
1,832,12480000,12480000,167,277,12495000,4373
1,833,12495000,12495000,167,277,12510000,4379
1,834,12510000,12510000,167,277,12525000,4384
1,835,12525000,12525000,167,277,12540000,4389
1,836,12540000,12540000,167,277,12555000,4395
1,837,12555000,12555000,167,277,12570000,4400
1,838,12570000,12570000,167,277,12585000,4405
1,839,12585000,12585000,167,277,12600000,4408
1,84,1260000,1260000,167,277,1275000,441
1,840,12600000,12600000,167,277,12615000,4417
1,841,12615000,12615000,167,277,12630000,4422
1,842,12630000,12630000,167,277,12645000,4426
1,843,12645000,12645000,167,277,12660000,4429
1,844,12660000,12660000,167,277,12675000,4437
1,845,12675000,12675000,167,277,12690000,4443
1,846,12690000,12690000,167,277,12705000,4448
1,847,12705000,12705000,167,277,12720000,4451
1,848,12720000,12720000,167,277,12735000,4457
1,849,12735000,12735000,167,277,12750000,4463
1,85,1275000,1275000,167,277,1290000,448
1,850,12750000,12750000,167,277,12765000,4469
1,851,12765000,12765000,167,277,12780000,4472
1,852,12780000,12780000,167,277,12795000,4479
1,853,12795000,12795000,167,277,12810000,4484
1,854,12810000,12810000,167,277,12825000,4489
1,855,12825000,12825000,167,277,12840000,4494
1,856,12840000,12840000,167,277,12855000,4500
1,857,12855000,12855000,167,277,12870000,4505
1,858,12870000,12870000,167,277,12885000,4511
1,859,12885000,12885000,167,277,12900000,4514
1,86,1290000,1290000,167,277,1305000,452
1,860,12900000,12900000,167,277,12915000,4521
1,861,12915000,12915000,167,277,12930000,4527
1,862,12930000,12930000,167,277,12945000,4531
1,863,12945000,12945000,167,277,12960000,4535
1,864,12960000,12960000,167,277,12975000,4542
1,865,12975000,12975000,167,277,12990000,4548
1,866,12990000,12990000,167,277,13005000,4552
1,867,13005000,13005000,167,277,13020000,4556
1,868,13020000,13020000,167,277,13035000,4563
1,869,13035000,13035000,167,277,13050000,4568
1,87,1305000,1305000,167,277,1320000,455
1,870,13050000,13050000,167,277,13065000,4574
1,871,13065000,13065000,167,277,13080000,4577
1,872,13080000,13080000,167,277,13095000,4585
1,873,13095000,13095000,167,277,13110000,4590
1,874,13110000,13110000,167,277,13125000,4594
1,875,13125000,13125000,167,277,13140000,4598
1,876,13140000,13140000,167,277,13155000,4605
1,877,13155000,13155000,167,277,13170000,4611
1,878,13170000,13170000,167,277,13185000,4616
1,879,13185000,13185000,167,277,13200000,4619
1,88,1320000,1320000,167,277,1335000,462
1,880,13200000,13200000,167,277,13215000,4626
1,881,13215000,13215000,167,277,13230000,4631
1,882,13230000,13230000,167,277,13245000,4637
1,883,13245000,13245000,167,277,13260000,4640
1,884,13260000,13260000,167,277,13275000,4647
1,885,13275000,13275000,167,277,13290000,4653
1,886,13290000,13290000,167,277,13305000,4658
1,887,13305000,13305000,167,277,13320000,4661
1,888,13320000,13320000,167,277,13335000,4668
1,889,13335000,13335000,167,277,13350000,4674
1,89,1335000,1335000,167,277,1350000,467
1,890,13350000,13350000,167,277,13365000,4679
1,891,13365000,13365000,167,277,13380000,4683
1,892,13380000,13380000,167,277,13395000,4689
1,893,13395000,13395000,167,277,13410000,4694
1,894,13410000,13410000,167,277,13425000,4699
1,895,13425000,13425000,167,277,13440000,4704
1,896,13440000,13440000,167,277,13455000,4711
1,897,13455000,13455000,167,277,13470000,4716
1,898,13470000,13470000,167,277,13485000,4720
1,899,13485000,13485000,167,277,13500000,4723
1,9,135000,135000,167,277,150000,47
1,90,1350000,1350000,167,277,1365000,474
1,900,13500000,13500000,167,277,13515000,4732
1,901,13515000,13515000,167,277,13530000,4738
1,902,13530000,13530000,167,277,13545000,4742
1,903,13545000,13545000,167,277,13560000,4745
1,904,13560000,13560000,167,277,13575000,4751
1,905,13575000,13575000,167,277,13590000,4758
1,906,13590000,13590000,167,277,13605000,4764
1,907,13605000,13605000,167,277,13620000,4767
1,908,13620000,13620000,167,277,13635000,4773
1,909,13635000,13635000,167,277,13650000,4778
1,91,1365000,1365000,167,277,1380000,477
1,910,13650000,13650000,167,277,13665000,4784
1,911,13665000,13665000,167,277,13680000,4787
1,912,13680000,13680000,167,277,13695000,4795
1,913,13695000,13695000,167,277,13710000,4800
1,914,13710000,13710000,167,277,13725000,4805
1,915,13725000,13725000,167,277,13740000,4809
1,916,13740000,13740000,167,277,13755000,4815
1,917,13755000,13755000,167,277,13770000,4820
1,918,13770000,13770000,167,277,13785000,4826
1,919,13785000,13785000,167,277,13800000,4830
1,92,1380000,1380000,167,277,1395000,483
1,920,13800000,13800000,167,277,13815000,4837
1,921,13815000,13815000,167,277,13830000,4842
1,922,13830000,13830000,167,277,13845000,4846
1,923,13845000,13845000,167,277,13860000,4850
1,924,13860000,13860000,167,277,13875000,4858
1,925,13875000,13875000,167,277,13890000,4864
1,926,13890000,13890000,167,277,13905000,4868
1,927,13905000,13905000,167,277,13920000,4871
1,928,13920000,13920000,167,277,13935000,4878
1,929,13935000,13935000,167,277,13950000,4884
1,93,1395000,1395000,167,277,1410000,489
1,930,13950000,13950000,167,277,13965000,4890
1,931,13965000,13965000,167,277,13980000,4893
1,932,13980000,13980000,167,277,13995000,4899
1,933,13995000,13995000,167,277,14010000,4905
1,934,14010000,14010000,167,277,14025000,4909
1,935,14025000,14025000,167,277,14040000,4914
1,936,14040000,14040000,167,277,14055000,4921
1,937,14055000,14055000,167,277,14070000,4926
1,938,14070000,14070000,167,277,14085000,4931
1,939,14085000,14085000,167,277,14100000,4934
1,94,1410000,1410000,167,277,1425000,493
1,940,14100000,14100000,167,277,14115000,4942
1,941,14115000,14115000,167,277,14130000,4947
1,942,14130000,14130000,167,277,14145000,4953
1,943,14145000,14145000,167,277,14160000,4956
1,944,14160000,14160000,167,277,14175000,4962
1,945,14175000,14175000,167,277,14190000,4968
1,946,14190000,14190000,167,277,14205000,4973
1,947,14205000,14205000,167,277,14220000,4977
1,948,14220000,14220000,167,277,14235000,4984
1,949,14235000,14235000,167,277,14250000,4989
1,95,1425000,1425000,167,277,1440000,497
1,950,14250000,14250000,167,277,14265000,4994
1,951,14265000,14265000,167,277,14280000,4997
1,952,14280000,14280000,167,277,14295000,5005
1,953,14295000,14295000,167,277,14310000,5010
1,954,14310000,14310000,167,277,14325000,5015
1,955,14325000,14325000,167,277,14340000,5019
1,956,14340000,14340000,167,277,14355000,5026
1,957,14355000,14355000,167,277,14370000,5032
1,958,14370000,14370000,167,277,14385000,5036
1,959,14385000,14385000,167,277,14400000,5039
1,96,1440000,1440000,167,277,1455000,505
1,960,14400000,14400000,167,277,14415000,5047
1,961,14415000,14415000,167,277,14430000,5053
1,962,14430000,14430000,167,277,14445000,5057
1,963,14445000,14445000,167,277,14460000,5061
1,964,14460000,14460000,167,277,14475000,5067
1,965,14475000,14475000,167,277,14490000,5073
1,966,14490000,14490000,167,277,14505000,5079
1,967,14505000,14505000,167,277,14520000,5082
1,968,14520000,14520000,167,277,14535000,5088
1,969,14535000,14535000,167,277,14550000,5094
1,97,1455000,1455000,167,277,1470000,510
1,970,14550000,14550000,167,277,14565000,5100
1,971,14565000,14565000,167,277,14580000,5103
1,972,14580000,14580000,167,277,14595000,5110
1,973,14595000,14595000,167,277,14610000,5115
1,974,14610000,14610000,167,277,14625000,5120
1,975,14625000,14625000,167,277,14640000,5125
1,976,14640000,14640000,167,277,14655000,5131
1,977,14655000,14655000,167,277,14670000,5136
1,978,14670000,14670000,167,277,14685000,5141
1,979,14685000,14685000,167,277,14700000,5144
1,98,1470000,1470000,167,277,1485000,515
1,980,14700000,14700000,167,277,14715000,5153
1,981,14715000,14715000,167,277,14730000,5158
1,982,14730000,14730000,167,277,14745000,5162
1,983,14745000,14745000,167,277,14760000,5165
1,984,14760000,14760000,167,277,14775000,5173
1,985,14775000,14775000,167,277,14790000,5179
1,986,14790000,14790000,167,277,14805000,5184
1,987,14805000,14805000,167,277,14820000,5187
1,988,14820000,14820000,167,277,14835000,5193
1,989,14835000,14835000,167,277,14850000,5199
1,99,1485000,1485000,167,277,1500000,518
1,990,14850000,14850000,167,277,14865000,5205
1,991,14865000,14865000,167,277,14880000,5209
1,992,14880000,14880000,167,277,14895000,5215
1,993,14895000,14895000,167,277,14910000,5220
1,994,14910000,14910000,167,277,14925000,5225
1,995,14925000,14925000,167,277,14940000,5229
1,996,14940000,14940000,167,277,14955000,5236
1,997,14955000,14955000,167,277,14970000,5242
1,998,14970000,14970000,167,277,14985000,5247
1,999,14985000,14985000,167,277,15000000,5250
2,0,0,0,236,393,20000,3
2,1,20000,20000,236,393,40000,8
2,10,200000,200000,236,393,220000,71
2,100,2000000,2000000,236,393,2020000,701
2,1000,20000000,20000000,236,393,20020000,7010
2,1001,20020000,20020000,236,393,20040000,7018
2,1002,20040000,20040000,236,393,20060000,7025
2,1003,20060000,20060000,236,393,20080000,7032
2,1004,20080000,20080000,236,393,20100000,7039
2,1005,20100000,20100000,236,393,20120000,7047
2,1006,20120000,20120000,236,393,20140000,7052
2,1007,20140000,20140000,236,393,20160000,7059
2,1008,20160000,20160000,236,393,20180000,7069
2,1009,20180000,20180000,236,393,20200000,7074
2,101,2020000,2020000,236,393,2040000,709
2,1010,20200000,20200000,236,393,20220000,7080
2,1011,20220000,20220000,236,393,20240000,7089
2,1012,20240000,20240000,236,393,20260000,7096
2,1013,20260000,20260000,236,393,20280000,7102
2,1014,20280000,20280000,236,393,20300000,7109
2,1015,20300000,20300000,236,393,20320000,7116
2,1016,20320000,20320000,236,393,20340000,7123
2,1017,20340000,20340000,236,393,20360000,7131
2,1018,20360000,20360000,236,393,20380000,7137
2,1019,20380000,20380000,236,393,20400000,7143
2,102,2040000,2040000,236,393,2060000,717
2,1020,20400000,20400000,236,393,20420000,7152
2,1021,20420000,20420000,236,393,20440000,7158
2,1022,20440000,20440000,236,393,20460000,7165
2,1023,20460000,20460000,236,393,20480000,7173
2,1024,20480000,20480000,236,393,20500000,7179
2,1025,20500000,20500000,236,393,20520000,7186
2,1026,20520000,20520000,236,393,20540000,7194
2,1027,20540000,20540000,236,393,20560000,7200
2,1028,20560000,20560000,236,393,20580000,7207
2,1029,20580000,20580000,236,393,20600000,7215
2,103,2060000,2060000,236,393,2080000,723
2,1030,20600000,20600000,236,393,20620000,7221
2,1031,20620000,20620000,236,393,20640000,7228
2,1032,20640000,20640000,236,393,20660000,7237
2,1033,20660000,20660000,236,393,20680000,7242
2,1034,20680000,20680000,236,393,20700000,7248
2,1035,20700000,20700000,236,393,20720000,7257
2,1036,20720000,20720000,236,393,20740000,7263
2,1037,20740000,20740000,236,393,20760000,7270
2,1038,20760000,20760000,236,393,20780000,7278
2,1039,20780000,20780000,236,393,20800000,7285
2,104,2080000,2080000,236,393,2100000,729
2,1040,20800000,20800000,236,393,20820000,7291
2,1041,20820000,20820000,236,393,20840000,7299
2,1042,20840000,20840000,236,393,20860000,7305
2,1043,20860000,20860000,236,393,20880000,7312
2,1044,20880000,20880000,236,393,20900000,7320
2,1045,20900000,20900000,236,393,20920000,7326
2,1046,20920000,20920000,236,393,20940000,7334
2,1047,20940000,20940000,236,393,20960000,7341
2,1048,20960000,20960000,236,393,20980000,7347
2,1049,20980000,20980000,236,393,21000000,7354
2,105,2100000,2100000,236,393,2120000,738
2,1050,21000000,21000000,236,393,21020000,7363
2,1051,21020000,21020000,236,393,21040000,7368
2,1052,21040000,21040000,236,393,21060000,7374
2,1053,21060000,21060000,236,393,21080000,7384
2,1054,21080000,21080000,236,393,21100000,7390
2,1055,21100000,21100000,236,393,21120000,7396
2,1056,21120000,21120000,236,393,21140000,7403
2,1057,21140000,21140000,236,393,21160000,7411
2,1058,21160000,21160000,236,393,21180000,7418
2,1059,21180000,21180000,236,393,21200000,7425
2,106,2120000,2120000,236,393,2140000,744
2,1060,21200000,21200000,236,393,21220000,7431
2,1061,21220000,21220000,236,393,21240000,7438
2,1062,21240000,21240000,236,393,21260000,7447
2,1063,21260000,21260000,236,393,21280000,7452
2,1064,21280000,21280000,236,393,21300000,7459
2,1065,21300000,21300000,236,393,21320000,7467
2,1066,21320000,21320000,236,393,21340000,7474
2,1067,21340000,21340000,236,393,21360000,7481
2,1068,21360000,21360000,236,393,21380000,7489
2,1069,21380000,21380000,236,393,21400000,7494
2,107,2140000,2140000,236,393,2160000,750
2,1070,21400000,21400000,236,393,21420000,7500
2,1071,21420000,21420000,236,393,21440000,7510
2,1072,21440000,21440000,236,393,21460000,7516
2,1073,21460000,21460000,236,393,21480000,7522
2,1074,21480000,21480000,236,393,21500000,7530
2,1075,21500000,21500000,236,393,21520000,7537
2,1076,21520000,21520000,236,393,21540000,7544
2,1077,21540000,21540000,236,393,21560000,7551
2,1078,21560000,21560000,236,393,21580000,7557
2,1079,21580000,21580000,236,393,21600000,7564
2,108,2160000,2160000,236,393,2180000,760
2,1080,21600000,21600000,236,393,21620000,7573
2,1081,21620000,21620000,236,393,21640000,7579
2,1082,21640000,21640000,236,393,21660000,7585
2,1083,21660000,21660000,236,393,21680000,7594
2,1084,21680000,21680000,236,393,21700000,7600
2,1085,21700000,21700000,236,393,21720000,7607
2,1086,21720000,21720000,236,393,21740000,7614
2,1087,21740000,21740000,236,393,21760000,7620
2,1088,21760000,21760000,236,393,21780000,7628
2,1089,21780000,21780000,236,393,21800000,7636
2,109,2180000,2180000,236,393,2200000,765
2,1090,21800000,21800000,236,393,21820000,7641
2,1091,21820000,21820000,236,393,21840000,7648
2,1092,21840000,21840000,236,393,21860000,7657
2,1093,21860000,21860000,236,393,21880000,7663
2,1094,21880000,21880000,236,393,21900000,7669
2,1095,21900000,21900000,236,393,21920000,7678
2,1096,21920000,21920000,236,393,21940000,7684
2,1097,21940000,21940000,236,393,21960000,7690
2,1098,21960000,21960000,236,393,21980000,7699
2,1099,21980000,21980000,236,393,22000000,7705
2,11,220000,220000,236,393,240000,78
2,110,2200000,2200000,236,393,2220000,772
2,1100,22000000,22000000,236,393,22020000,7712
2,1101,22020000,22020000,236,393,22040000,7719
2,1102,22040000,22040000,236,393,22060000,7727
2,1103,22060000,22060000,236,393,22080000,7733
2,1104,22080000,22080000,236,393,22100000,7740
2,1105,22100000,22100000,236,393,22120000,7746
2,1106,22120000,22120000,236,393,22140000,7754
2,1107,22140000,22140000,236,393,22160000,7762
2,1108,22160000,22160000,236,393,22180000,7767
2,1109,22180000,22180000,236,393,22200000,7775
2,111,2220000,2220000,236,393,2240000,779
2,1110,22200000,22200000,236,393,22220000,7783
2,1111,22220000,22220000,236,393,22240000,7789
2,1112,22240000,22240000,236,393,22260000,7795
2,1113,22260000,22260000,236,393,22280000,7805
2,1114,22280000,22280000,236,393,22300000,7810
2,1115,22300000,22300000,236,393,22320000,7816
2,1116,22320000,22320000,236,393,22340000,7825
2,1117,22340000,22340000,236,393,22360000,7832
2,1118,22360000,22360000,236,393,22380000,7838
2,1119,22380000,22380000,236,393,22400000,7845
2,112,2240000,2240000,236,393,2260000,787
2,1120,22400000,22400000,236,393,22420000,7852
2,1121,22420000,22420000,236,393,22440000,7859
2,1122,22440000,22440000,236,393,22460000,7867
2,1123,22460000,22460000,236,393,22480000,7873
2,1124,22480000,22480000,236,393,22500000,7879
2,1125,22500000,22500000,236,393,22520000,7888
2,1126,22520000,22520000,236,393,22540000,7894
2,1127,22540000,22540000,236,393,22560000,7901
2,1128,22560000,22560000,236,393,22580000,7909
2,1129,22580000,22580000,236,393,22600000,7915
2,113,2260000,2260000,236,393,2280000,793
2,1130,22600000,22600000,236,393,22620000,7923
2,1131,22620000,22620000,236,393,22640000,7930
2,1132,22640000,22640000,236,393,22660000,7936
2,1133,22660000,22660000,236,393,22680000,7942
2,1134,22680000,22680000,236,393,22700000,7952
2,1135,22700000,22700000,236,393,22720000,7957
2,1136,22720000,22720000,236,393,22740000,7964
2,1137,22740000,22740000,236,393,22760000,7972
2,1138,22760000,22760000,236,393,22780000,7978
2,1139,22780000,22780000,236,393,22800000,7985
2,114,2280000,2280000,236,393,2300000,801
2,1140,22800000,22800000,236,393,22820000,7993
2,1141,22820000,22820000,236,393,22840000,7999
2,1142,22840000,22840000,236,393,22860000,8005
2,1143,22860000,22860000,236,393,22880000,8015
2,1144,22880000,22880000,236,393,22900000,8021
2,1145,22900000,22900000,236,393,22920000,8027
2,1146,22920000,22920000,236,393,22940000,8034
2,1147,22940000,22940000,236,393,22960000,8042
2,1148,22960000,22960000,236,393,22980000,8049
2,1149,22980000,22980000,236,393,23000000,8056
2,115,2300000,2300000,236,393,2320000,807
2,1150,23000000,23000000,236,393,23020000,8061
2,1151,23020000,23020000,236,393,23040000,8070
2,1152,23040000,23040000,236,393,23060000,8078
2,1153,23060000,23060000,236,393,23080000,8083
2,1154,23080000,23080000,236,393,23100000,8089
2,1155,23100000,23100000,236,393,23120000,8098
2,1156,23120000,23120000,236,393,23140000,8105
2,1157,23140000,23140000,236,393,23160000,8111
2,1158,23160000,23160000,236,393,23180000,8120
2,1159,23180000,23180000,236,393,23200000,8125
2,116,2320000,2320000,236,393,2340000,814
2,1160,23200000,23200000,236,393,23220000,8132
2,1161,23220000,23220000,236,393,23240000,8140
2,1162,23240000,23240000,236,393,23260000,8147
2,1163,23260000,23260000,236,393,23280000,8153
2,1164,23280000,23280000,236,393,23300000,8161
2,1165,23300000,23300000,236,393,23320000,8168
2,1166,23320000,23320000,236,393,23340000,8175
2,1167,23340000,23340000,236,393,23360000,8182
2,1168,23360000,23360000,236,393,23380000,8188
2,1169,23380000,23380000,236,393,23400000,8195
2,117,2340000,2340000,236,393,2360000,822
2,1170,23400000,23400000,236,393,23420000,8204
2,1171,23420000,23420000,236,393,23440000,8209
2,1172,23440000,23440000,236,393,23460000,8216
2,1173,23460000,23460000,236,393,23480000,8225
2,1174,23480000,23480000,236,393,23500000,8231
2,1175,23500000,23500000,236,393,23520000,8237
2,1176,23520000,23520000,236,393,23540000,8245
2,1177,23540000,23540000,236,393,23560000,8252
2,1178,23560000,23560000,236,393,23580000,8258
2,1179,23580000,23580000,236,393,23600000,8267
2,118,2360000,2360000,236,393,2380000,827
2,1180,23600000,23600000,236,393,23620000,8272
2,1181,23620000,23620000,236,393,23640000,8280
2,1182,23640000,23640000,236,393,23660000,8287
2,1183,23660000,23660000,236,393,23680000,8294
2,1184,23680000,23680000,236,393,23700000,8300
2,1185,23700000,23700000,236,393,23720000,8309
2,1186,23720000,23720000,236,393,23740000,8315
2,1187,23740000,23740000,236,393,23760000,8321
2,1188,23760000,23760000,236,393,23780000,8330
2,1189,23780000,23780000,236,393,23800000,8335
2,119,2380000,2380000,236,393,2400000,835
2,1190,23800000,23800000,236,393,23820000,8343
2,1191,23820000,23820000,236,393,23840000,8350
2,1192,23840000,23840000,236,393,23860000,8357
2,1193,23860000,23860000,236,393,23880000,8364
2,1194,23880000,23880000,236,393,23900000,8372
2,1195,23900000,23900000,236,393,23920000,8377
2,1196,23920000,23920000,236,393,23940000,8384
2,1197,23940000,23940000,236,393,23960000,8393
2,1198,23960000,23960000,236,393,23980000,8399
2,1199,23980000,23980000,236,393,24000000,8405
2,12,240000,240000,236,393,260000,86
2,120,2400000,2400000,236,393,2420000,843
2,1200,24000000,24000000,236,393,24020000,8414
2,1201,24020000,24020000,236,393,24040000,8420
2,1202,24040000,24040000,236,393,24060000,8427
2,1203,24060000,24060000,236,393,24080000,8435
2,1204,24080000,24080000,236,393,24100000,8441
2,1205,24100000,24100000,236,393,24120000,8447
2,1206,24120000,24120000,236,393,24140000,8455
2,1207,24140000,24140000,236,393,24160000,8463
2,1208,24160000,24160000,236,393,24180000,8469
2,1209,24180000,24180000,236,393,24200000,8476
2,121,2420000,2420000,236,393,2440000,849
2,1210,24200000,24200000,236,393,24220000,8482
2,1211,24220000,24220000,236,393,24240000,8491
2,1212,24240000,24240000,236,393,24260000,8498
2,1213,24260000,24260000,236,393,24280000,8503
2,1214,24280000,24280000,236,393,24300000,8510
2,1215,24300000,24300000,236,393,24320000,8520
2,1216,24320000,24320000,236,393,24340000,8525
2,1217,24340000,24340000,236,393,24360000,8531
2,1218,24360000,24360000,236,393,24380000,8540
2,1219,24380000,24380000,236,393,24400000,8547
2,122,2440000,2440000,236,393,2460000,856
2,1220,24400000,24400000,236,393,24420000,8553
2,1221,24420000,24420000,236,393,24440000,8561
2,1222,24440000,24440000,236,393,24460000,8567
2,1223,24460000,24460000,236,393,24480000,8573
2,1224,24480000,24480000,236,393,24500000,8582
2,1225,24500000,24500000,236,393,24520000,8588
2,1226,24520000,24520000,236,393,24540000,8595
2,1227,24540000,24540000,236,393,24560000,8602
2,1228,24560000,24560000,236,393,24580000,8610
2,1229,24580000,24580000,236,393,24600000,8616
2,123,2460000,2460000,236,393,2480000,865
2,1230,24600000,24600000,236,393,24620000,8624
2,1231,24620000,24620000,236,393,24640000,8629
2,1232,24640000,24640000,236,393,24660000,8637
2,1233,24660000,24660000,236,393,24680000,8646
2,1234,24680000,24680000,236,393,24700000,8651
2,1235,24700000,24700000,236,393,24720000,8658
2,1236,24720000,24720000,236,393,24740000,8666
2,1237,24740000,24740000,236,393,24760000,8673
2,1238,24760000,24760000,236,393,24780000,8679
2,1239,24780000,24780000,236,393,24800000,8687
2,124,2480000,2480000,236,393,2500000,870
2,1240,24800000,24800000,236,393,24820000,8692
2,1241,24820000,24820000,236,393,24840000,8700
2,1242,24840000,24840000,236,393,24860000,8709
2,1243,24860000,24860000,236,393,24880000,8714
2,1244,24880000,24880000,236,393,24900000,8720
2,1245,24900000,24900000,236,393,24920000,8729
2,1246,24920000,24920000,236,393,24940000,8736
2,1247,24940000,24940000,236,393,24960000,8742
2,1248,24960000,24960000,236,393,24980000,8750
2,1249,24980000,24980000,236,393,25000000,8757
2,125,2500000,2500000,236,393,2520000,876
2,1250,25000000,25000000,236,393,25020000,8763
2,1251,25020000,25020000,236,393,25040000,8771
2,1252,25040000,25040000,236,393,25060000,8777
2,1253,25060000,25060000,236,393,25080000,8785
2,1254,25080000,25080000,236,393,25100000,8792
2,1255,25100000,25100000,236,393,25120000,8798
2,1256,25120000,25120000,236,393,25140000,8806
2,1257,25140000,25140000,236,393,25160000,8813
2,1258,25160000,25160000,236,393,25180000,8819
2,1259,25180000,25180000,236,393,25200000,8825
2,126,2520000,2520000,236,393,2540000,885
2,1260,25200000,25200000,236,393,25220000,8835
2,1261,25220000,25220000,236,393,25240000,8840
2,1262,25240000,25240000,236,393,25260000,8847
2,1263,25260000,25260000,236,393,25280000,8856
2,1264,25280000,25280000,236,393,25300000,8862
2,1265,25300000,25300000,236,393,25320000,8868
2,1266,25320000,25320000,236,393,25340000,8876
2,1267,25340000,25340000,236,393,25360000,8883
2,1268,25360000,25360000,236,393,25380000,8889
2,1269,25380000,25380000,236,393,25400000,8897
2,127,2540000,2540000,236,393,2560000,892
2,1270,25400000,25400000,236,393,25420000,8904
2,1271,25420000,25420000,236,393,25440000,8911
2,1272,25440000,25440000,236,393,25460000,8918
2,1273,25460000,25460000,236,393,25480000,8924
2,1274,25480000,25480000,236,393,25500000,8931
2,1275,25500000,25500000,236,393,25520000,8940
2,1276,25520000,25520000,236,393,25540000,8945
2,1277,25540000,25540000,236,393,25560000,8952
2,1278,25560000,25560000,236,393,25580000,8961
2,1279,25580000,25580000,236,393,25600000,8967
2,128,2560000,2560000,236,393,2580000,898
2,1280,25600000,25600000,236,393,25620000,8973
2,1281,25620000,25620000,236,393,25640000,8981
2,1282,25640000,25640000,236,393,25660000,8988
2,1283,25660000,25660000,236,393,25680000,8995
2,1284,25680000,25680000,236,393,25700000,9003
2,1285,25700000,25700000,236,393,25720000,9008
2,1286,25720000,25720000,236,393,25740000,9015
2,1287,25740000,25740000,236,393,25760000,9024
2,1288,25760000,25760000,236,393,25780000,9030
2,1289,25780000,25780000,236,393,25800000,9036
2,129,2580000,2580000,236,393,2600000,906
2,1290,25800000,25800000,236,393,25820000,9044
2,1291,25820000,25820000,236,393,25840000,9051
2,1292,25840000,25840000,236,393,25860000,9058
2,1293,25860000,25860000,236,393,25880000,9066
2,1294,25880000,25880000,236,393,25900000,9071
2,1295,25900000,25900000,236,393,25920000,9078
2,1296,25920000,25920000,236,393,25940000,9087
2,1297,25940000,25940000,236,393,25960000,9093
2,1298,25960000,25960000,236,393,25980000,9100
2,1299,25980000,25980000,236,393,26000000,9107
2,13,260000,260000,236,393,280000,92
2,130,2600000,2600000,236,393,2620000,912
2,1300,26000000,26000000,236,393,26020000,9114
2,1301,26020000,26020000,236,393,26040000,9121
2,1302,26040000,26040000,236,393,26060000,9129
2,1303,26060000,26060000,236,393,26080000,9134
2,1304,26080000,26080000,236,393,26100000,9141
2,1305,26100000,26100000,236,393,26120000,9151
2,1306,26120000,26120000,236,393,26140000,9156
2,1307,26140000,26140000,236,393,26160000,9162
2,1308,26160000,26160000,236,393,26180000,9170
2,1309,26180000,26180000,236,393,26200000,9178
2,131,2620000,2620000,236,393,2640000,920
2,1310,26200000,26200000,236,393,26220000,9184
2,1311,26220000,26220000,236,393,26240000,9191
2,1312,26240000,26240000,236,393,26260000,9198
2,1313,26260000,26260000,236,393,26280000,9205
2,1314,26280000,26280000,236,393,26300000,9213
2,1315,26300000,26300000,236,393,26320000,9218
2,1316,26320000,26320000,236,393,26340000,9226
2,1317,26340000,26340000,236,393,26360000,9234
2,1318,26360000,26360000,236,393,26380000,9240
2,1319,26380000,26380000,236,393,26400000,9247
2,132,2640000,2640000,236,393,2660000,927
2,1320,26400000,26400000,236,393,26420000,9255
2,1321,26420000,26420000,236,393,26440000,9261
2,1322,26440000,26440000,236,393,26460000,9267
2,1323,26460000,26460000,236,393,26480000,9277
2,1324,26480000,26480000,236,393,26500000,9282
2,1325,26500000,26500000,236,393,26520000,9288
2,1326,26520000,26520000,236,393,26540000,9297
2,1327,26540000,26540000,236,393,26560000,9304
2,1328,26560000,26560000,236,393,26580000,9310
2,1329,26580000,26580000,236,393,26600000,9317
2,133,2660000,2660000,236,393,2680000,933
2,1330,26600000,26600000,236,393,26620000,9324
2,1331,26620000,26620000,236,393,26640000,9331
2,1332,26640000,26640000,236,393,26660000,9339
2,1333,26660000,26660000,236,393,26680000,9345
2,1334,26680000,26680000,236,393,26700000,9352
2,1335,26700000,26700000,236,393,26720000,9360
2,1336,26720000,26720000,236,393,26740000,9366
2,1337,26740000,26740000,236,393,26760000,9373
2,1338,26760000,26760000,236,393,26780000,9382
2,1339,26780000,26780000,236,393,26800000,9387
2,134,2680000,2680000,236,393,2700000,939
2,1340,26800000,26800000,236,393,26820000,9394
2,1341,26820000,26820000,236,393,26840000,9402
2,1342,26840000,26840000,236,393,26860000,9408
2,1343,26860000,26860000,236,393,26880000,9415
2,1344,26880000,26880000,236,393,26900000,9423
2,1345,26900000,26900000,236,393,26920000,9429
2,1346,26920000,26920000,236,393,26940000,9436
2,1347,26940000,26940000,236,393,26960000,9445
2,1348,26960000,26960000,236,393,26980000,9450
2,1349,26980000,26980000,236,393,27000000,9456
2,135,2700000,2700000,236,393,2720000,948
2,1350,27000000,27000000,236,393,27020000,9465
2,1351,27020000,27020000,236,393,27040000,9472
2,1352,27040000,27040000,236,393,27060000,9478
2,1353,27060000,27060000,236,393,27080000,9486
2,1354,27080000,27080000,236,393,27100000,9493
2,1355,27100000,27100000,236,393,27120000,9500
2,1356,27120000,27120000,236,393,27140000,9507
2,1357,27140000,27140000,236,393,27160000,9513
2,1358,27160000,27160000,236,393,27180000,9520
2,1359,27180000,27180000,236,393,27200000,9528
2,136,2720000,2720000,236,393,2740000,955
2,1360,27200000,27200000,236,393,27220000,9534
2,1361,27220000,27220000,236,393,27240000,9542
2,1362,27240000,27240000,236,393,27260000,9549
2,1363,27260000,27260000,236,393,27280000,9555
2,1364,27280000,27280000,236,393,27300000,9562
2,1365,27300000,27300000,236,393,27320000,9571
2,1366,27320000,27320000,236,393,27340000,9576
2,1367,27340000,27340000,236,393,27360000,9582
2,1368,27360000,27360000,236,393,27380000,9593
2,1369,27380000,27380000,236,393,27400000,9598
2,137,2740000,2740000,236,393,2760000,961
2,1370,27400000,27400000,236,393,27420000,9604
2,1371,27420000,27420000,236,393,27440000,9611
2,1372,27440000,27440000,236,393,27460000,9620
2,1373,27460000,27460000,236,393,27480000,9626
2,1374,27480000,27480000,236,393,27500000,9633
2,1375,27500000,27500000,236,393,27520000,9639
2,1376,27520000,27520000,236,393,27540000,9646
2,1377,27540000,27540000,236,393,27560000,9655
2,1378,27560000,27560000,236,393,27580000,9660
2,1379,27580000,27580000,236,393,27600000,9667
2,138,2760000,2760000,236,393,2780000,969
2,1380,27600000,27600000,236,393,27620000,9675
2,1381,27620000,27620000,236,393,27640000,9682
2,1382,27640000,27640000,236,393,27660000,9689
2,1383,27660000,27660000,236,393,27680000,9697
2,1384,27680000,27680000,236,393,27700000,9702
2,1385,27700000,27700000,236,393,27720000,9709
2,1386,27720000,27720000,236,393,27740000,9718
2,1387,27740000,27740000,236,393,27760000,9724
2,1388,27760000,27760000,236,393,27780000,9730
2,1389,27780000,27780000,236,393,27800000,9739
2,139,2780000,2780000,236,393,2800000,975
2,1390,27800000,27800000,236,393,27820000,9745
2,1391,27820000,27820000,236,393,27840000,9752
2,1392,27840000,27840000,236,393,27860000,9759
2,1393,27860000,27860000,236,393,27880000,9765
2,1394,27880000,27880000,236,393,27900000,9772
2,1395,27900000,27900000,236,393,27920000,9781
2,1396,27920000,27920000,236,393,27940000,9787
2,1397,27940000,27940000,236,393,27960000,9793
2,1398,27960000,27960000,236,393,27980000,9802
2,1399,27980000,27980000,236,393,28000000,9808
2,14,280000,280000,236,393,300000,99
2,140,2800000,2800000,236,393,2820000,983
2,1400,28000000,28000000,236,393,28020000,9815
2,1401,28020000,28020000,236,393,28040000,9822
2,1402,28040000,28040000,236,393,28060000,9829
2,1403,28060000,28060000,236,393,28080000,9836
2,1404,28080000,28080000,236,393,28100000,9844
2,1405,28100000,28100000,236,393,28120000,9849
2,1406,28120000,28120000,236,393,28140000,9857
2,1407,28140000,28140000,236,393,28160000,9865
2,1408,28160000,28160000,236,393,28180000,9871
2,1409,28180000,28180000,236,393,28200000,9877
2,141,2820000,2820000,236,393,2840000,990
2,1410,28200000,28200000,236,393,28220000,9886
2,1411,28220000,28220000,236,393,28240000,9892
2,1412,28240000,28240000,236,393,28260000,9898
2,1413,28260000,28260000,236,393,28280000,9907
2,1414,28280000,28280000,236,393,28300000,9913
2,1415,28300000,28300000,236,393,28320000,9920
2,1416,28320000,28320000,236,393,28340000,9927
2,1417,28340000,28340000,236,393,28360000,9935
2,1418,28360000,28360000,236,393,28380000,9941
2,1419,28380000,28380000,236,393,28400000,9949
2,142,2840000,2840000,236,393,2860000,996
2,1420,28400000,28400000,236,393,28420000,9954
2,1421,28420000,28420000,236,393,28440000,9962
2,1422,28440000,28440000,236,393,28460000,9970
2,1423,28460000,28460000,236,393,28480000,9976
2,1424,28480000,28480000,236,393,28500000,9983
2,1425,28500000,28500000,236,393,28520000,9991
2,1426,28520000,28520000,236,393,28540000,9997
2,1427,28540000,28540000,236,393,28560000,10003
2,1428,28560000,28560000,236,393,28580000,10013
2,1429,28580000,28580000,236,393,28600000,10018
2,143,2860000,2860000,236,393,2880000,1003
2,1430,28600000,28600000,236,393,28620000,10024
2,1431,28620000,28620000,236,393,28640000,10033
2,1432,28640000,28640000,236,393,28660000,10040
2,1433,28660000,28660000,236,393,28680000,10046
2,1434,28680000,28680000,236,393,28700000,10053
2,1435,28700000,28700000,236,393,28720000,10060
2,1436,28720000,28720000,236,393,28740000,10068
2,1437,28740000,28740000,236,393,28760000,10075
2,1438,28760000,28760000,236,393,28780000,10081
2,1439,28780000,28780000,236,393,28800000,10087
2,144,2880000,2880000,236,393,2900000,1012
2,1440,28800000,28800000,236,393,28820000,10097
2,1441,28820000,28820000,236,393,28840000,10102
2,1442,28840000,28840000,236,393,28860000,10109
2,1443,28860000,28860000,236,393,28880000,10117
2,1444,28880000,28880000,236,393,28900000,10123
2,1445,28900000,28900000,236,393,28920000,10131
2,1446,28920000,28920000,236,393,28940000,10138
2,1447,28940000,28940000,236,393,28960000,10144
2,1448,28960000,28960000,236,393,28980000,10150
2,1449,28980000,28980000,236,393,29000000,10160
2,145,2900000,2900000,236,393,2920000,1017
2,1450,29000000,29000000,236,393,29020000,10165
2,1451,29020000,29020000,236,393,29040000,10172
2,1452,29040000,29040000,236,393,29060000,10180
2,1453,29060000,29060000,236,393,29080000,10187
2,1454,29080000,29080000,236,393,29100000,10193
2,1455,29100000,29100000,236,393,29120000,10201
2,1456,29120000,29120000,236,393,29140000,10207
2,1457,29140000,29140000,236,393,29160000,10214
2,1458,29160000,29160000,236,393,29180000,10223
2,1459,29180000,29180000,236,393,29200000,10229
2,146,2920000,2920000,236,393,2940000,1024
2,1460,29200000,29200000,236,393,29220000,10235
2,1461,29220000,29220000,236,393,29240000,10242
2,1462,29240000,29240000,236,393,29260000,10250
2,1463,29260000,29260000,236,393,29280000,10257
2,1464,29280000,29280000,236,393,29300000,10264
2,1465,29300000,29300000,236,393,29320000,10269
2,1466,29320000,29320000,236,393,29340000,10278
2,1467,29340000,29340000,236,393,29360000,10286
2,1468,29360000,29360000,236,393,29380000,10291
2,1469,29380000,29380000,236,393,29400000,10297
2,147,2940000,2940000,236,393,2960000,1032
2,1470,29400000,29400000,236,393,29420000,10307
2,1471,29420000,29420000,236,393,29440000,10313
2,1472,29440000,29440000,236,393,29460000,10319
2,1473,29460000,29460000,236,393,29480000,10328
2,1474,29480000,29480000,236,393,29500000,10334
2,1475,29500000,29500000,236,393,29520000,10340
2,1476,29520000,29520000,236,393,29540000,10348
2,1477,29540000,29540000,236,393,29560000,10355
2,1478,29560000,29560000,236,393,29580000,10361
2,1479,29580000,29580000,236,393,29600000,10369
2,148,2960000,2960000,236,393,2980000,1039
2,1480,29600000,29600000,236,393,29620000,10376
2,1481,29620000,29620000,236,393,29640000,10383
2,1482,29640000,29640000,236,393,29660000,10390
2,1483,29660000,29660000,236,393,29680000,10396
2,1484,29680000,29680000,236,393,29700000,10403
2,1485,29700000,29700000,236,393,29720000,10412
2,1486,29720000,29720000,236,393,29740000,10417
2,1487,29740000,29740000,236,393,29760000,10425
2,1488,29760000,29760000,236,393,29780000,10433
2,1489,29780000,29780000,236,393,29800000,10439
2,149,2980000,2980000,236,393,3000000,1045
2,1490,29800000,29800000,236,393,29820000,10445
2,1491,29820000,29820000,236,393,29840000,10454
2,1492,29840000,29840000,236,393,29860000,10460
2,1493,29860000,29860000,236,393,29880000,10466
2,1494,29880000,29880000,236,393,29900000,10475
2,1495,29900000,29900000,236,393,29920000,10480
2,1496,29920000,29920000,236,393,29940000,10488
2,1497,29940000,29940000,236,393,29960000,10495
2,1498,29960000,29960000,236,393,29980000,10502
2,1499,29980000,29980000,236,393,30000000,10508
2,15,300000,300000,236,393,320000,107
2,150,3000000,3000000,236,393,3020000,1054
2,1500,30000000,30000000,236,393,30020000,10517
2,1501,30020000,30020000,236,393,30040000,10523
2,1502,30040000,30040000,236,393,30060000,10529
2,1503,30060000,30060000,236,393,30080000,10538
2,1504,30080000,30080000,236,393,30100000,10544
2,1505,30100000,30100000,236,393,30120000,10551
2,1506,30120000,30120000,236,393,30140000,10558
2,1507,30140000,30140000,236,393,30160000,10565
2,1508,30160000,30160000,236,393,30180000,10573
2,1509,30180000,30180000,236,393,30200000,10580
2,151,3020000,3020000,236,393,3040000,1059
2,1510,30200000,30200000,236,393,30220000,10585
2,1511,30220000,30220000,236,393,30240000,10592
2,1512,30240000,30240000,236,393,30260000,10601
2,1513,30260000,30260000,236,393,30280000,10607
2,1514,30280000,30280000,236,393,30300000,10613
2,1515,30300000,30300000,236,393,30320000,10622
2,1516,30320000,30320000,236,393,30340000,10628
2,1517,30340000,30340000,236,393,30360000,10635
2,1518,30360000,30360000,236,393,30380000,10643
2,1519,30380000,30380000,236,393,30400000,10649
2,152,3040000,3040000,236,393,3060000,1065
2,1520,30400000,30400000,236,393,30420000,10655
2,1521,30420000,30420000,236,393,30440000,10664
2,1522,30440000,30440000,236,393,30460000,10671
2,1523,30460000,30460000,236,393,30480000,10677
2,1524,30480000,30480000,236,393,30500000,10684
2,1525,30500000,30500000,236,393,30520000,10691
2,1526,30520000,30520000,236,393,30540000,10699
2,1527,30540000,30540000,236,393,30560000,10706
2,1528,30560000,30560000,236,393,30580000,10711
2,1529,30580000,30580000,236,393,30600000,10718
2,153,3060000,3060000,236,393,3080000,1075
2,1530,30600000,30600000,236,393,30620000,10728
2,1531,30620000,30620000,236,393,30640000,10733
2,1532,30640000,30640000,236,393,30660000,10739
2,1533,30660000,30660000,236,393,30680000,10748
2,1534,30680000,30680000,236,393,30700000,10755
2,1535,30700000,30700000,236,393,30720000,10761
2,1536,30720000,30720000,236,393,30740000,10769
2,1537,30740000,30740000,236,393,30760000,10775
2,1538,30760000,30760000,236,393,30780000,10782
2,1539,30780000,30780000,236,393,30800000,10790
2,154,3080000,3080000,236,393,3100000,1081
2,1540,30800000,30800000,236,393,30820000,10796
2,1541,30820000,30820000,236,393,30840000,10803
2,1542,30840000,30840000,236,393,30860000,10811
2,1543,30860000,30860000,236,393,30880000,10818
2,1544,30880000,30880000,236,393,30900000,10824
2,1545,30900000,30900000,236,393,30920000,10832
2,1546,30920000,30920000,236,393,30940000,10837
2,1547,30940000,30940000,236,393,30960000,10845
2,1548,30960000,30960000,236,393,30980000,10854
2,1549,30980000,30980000,236,393,31000000,10859
2,155,3100000,3100000,236,393,3120000,1087
2,1550,31000000,31000000,236,393,31020000,10866
2,1551,31020000,31020000,236,393,31040000,10874
2,1552,31040000,31040000,236,393,31060000,10881
2,1553,31060000,31060000,236,393,31080000,10887
2,1554,31080000,31080000,236,393,31100000,10895
2,1555,31100000,31100000,236,393,31120000,10901
2,1556,31120000,31120000,236,393,31140000,10908
2,1557,31140000,31140000,236,393,31160000,10917
2,1558,31160000,31160000,236,393,31180000,10922
2,1559,31180000,31180000,236,393,31200000,10929
2,156,3120000,3120000,236,393,3140000,1094
2,1560,31200000,31200000,236,393,31220000,10937
2,1561,31220000,31220000,236,393,31240000,10944
2,1562,31240000,31240000,236,393,31260000,10950
2,1563,31260000,31260000,236,393,31280000,10958
2,1564,31280000,31280000,236,393,31300000,10965
2,1565,31300000,31300000,236,393,31320000,10971
2,1566,31320000,31320000,236,393,31340000,10979
2,1567,31340000,31340000,236,393,31360000,10985
2,1568,31360000,31360000,236,393,31380000,10993
2,1569,31380000,31380000,236,393,31400000,11000
2,157,3140000,3140000,236,393,3160000,1103
2,1570,31400000,31400000,236,393,31420000,11006
2,1571,31420000,31420000,236,393,31440000,11014
2,1572,31440000,31440000,236,393,31460000,11022
2,1573,31460000,31460000,236,393,31480000,11027
2,1574,31480000,31480000,236,393,31500000,11033
2,1575,31500000,31500000,236,393,31520000,11043
2,1576,31520000,31520000,236,393,31540000,11049
2,1577,31540000,31540000,236,393,31560000,11055
2,1578,31560000,31560000,236,393,31580000,11064
2,1579,31580000,31580000,236,393,31600000,11070
2,158,3160000,3160000,236,393,3180000,1109
2,1580,31600000,31600000,236,393,31620000,11076
2,1581,31620000,31620000,236,393,31640000,11084
2,1582,31640000,31640000,236,393,31660000,11091
2,1583,31660000,31660000,236,393,31680000,11097
2,1584,31680000,31680000,236,393,31700000,11105
2,1585,31700000,31700000,236,393,31720000,11112
2,1586,31720000,31720000,236,393,31740000,11119
2,1587,31740000,31740000,236,393,31760000,11126
2,1588,31760000,31760000,236,393,31780000,11132
2,1589,31780000,31780000,236,393,31800000,11140
2,159,3180000,3180000,236,393,3200000,1116
2,1590,31800000,31800000,236,393,31820000,11148
2,1591,31820000,31820000,236,393,31840000,11153
2,1592,31840000,31840000,236,393,31860000,11160
2,1593,31860000,31860000,236,393,31880000,11170
2,1594,31880000,31880000,236,393,31900000,11175
2,1595,31900000,31900000,236,393,31920000,11181
2,1596,31920000,31920000,236,393,31940000,11189
2,1597,31940000,31940000,236,393,31960000,11196
2,1598,31960000,31960000,236,393,31980000,11203
2,1599,31980000,31980000,236,393,32000000,11211
2,16,320000,320000,236,393,340000,112
2,160,3200000,3200000,236,393,3220000,1121
2,1600,32000000,32000000,236,393,32020000,11216
2,1601,32020000,32020000,236,393,32040000,11223
2,1602,32040000,32040000,236,393,32060000,11232
2,1603,32060000,32060000,236,393,32080000,11238
2,1604,32080000,32080000,236,393,32100000,11244
2,1605,32100000,32100000,236,393,32120000,11252
2,1606,32120000,32120000,236,393,32140000,11260
2,1607,32140000,32140000,236,393,32160000,11266
2,1608,32160000,32160000,236,393,32180000,11274
2,1609,32180000,32180000,236,393,32200000,11279
2,161,3220000,3220000,236,393,3240000,1130
2,1610,32200000,32200000,236,393,32220000,11287
2,1611,32220000,32220000,236,393,32240000,11295
2,1612,32240000,32240000,236,393,32260000,11301
2,1613,32260000,32260000,236,393,32280000,11308
2,1614,32280000,32280000,236,393,32300000,11315
2,1615,32300000,32300000,236,393,32320000,11322
2,1616,32320000,32320000,236,393,32340000,11329
2,1617,32340000,32340000,236,393,32360000,11337
2,1618,32360000,32360000,236,393,32380000,11342
2,1619,32380000,32380000,236,393,32400000,11349
2,162,3240000,3240000,236,393,3260000,1138
2,1620,32400000,32400000,236,393,32420000,11359
2,1621,32420000,32420000,236,393,32440000,11364
2,1622,32440000,32440000,236,393,32460000,11370
2,1623,32460000,32460000,236,393,32480000,11379
2,1624,32480000,32480000,236,393,32500000,11386
2,1625,32500000,32500000,236,393,32520000,11392
2,1626,32520000,32520000,236,393,32540000,11399
2,1627,32540000,32540000,236,393,32560000,11407
2,1628,32560000,32560000,236,393,32580000,11413
2,1629,32580000,32580000,236,393,32600000,11421
2,163,3260000,3260000,236,393,3280000,1143
2,1630,32600000,32600000,236,393,32620000,11426
2,1631,32620000,32620000,236,393,32640000,11434
2,1632,32640000,32640000,236,393,32660000,11442
2,1633,32660000,32660000,236,393,32680000,11448
2,1634,32680000,32680000,236,393,32700000,11455
2,1635,32700000,32700000,236,393,32720000,11463
2,1636,32720000,32720000,236,393,32740000,11469
2,1637,32740000,32740000,236,393,32760000,11475
2,1638,32760000,32760000,236,393,32780000,11485
2,1639,32780000,32780000,236,393,32800000,11490
2,164,3280000,3280000,236,393,3300000,1150
2,1640,32800000,32800000,236,393,32820000,11497
2,1641,32820000,32820000,236,393,32840000,11505
2,1642,32840000,32840000,236,393,32860000,11512
2,1643,32860000,32860000,236,393,32880000,11518
2,1644,32880000,32880000,236,393,32900000,11526
2,1645,32900000,32900000,236,393,32920000,11532
2,1646,32920000,32920000,236,393,32940000,11539
2,1647,32940000,32940000,236,393,32960000,11547
2,1648,32960000,32960000,236,393,32980000,11553
2,1649,32980000,32980000,236,393,33000000,11560
2,165,3300000,3300000,236,393,3320000,1159
2,1650,33000000,33000000,236,393,33020000,11568
2,1651,33020000,33020000,236,393,33040000,11574
2,1652,33040000,33040000,236,393,33060000,11581
2,1653,33060000,33060000,236,393,33080000,11590
2,1654,33080000,33080000,236,393,33100000,11595
2,1655,33100000,33100000,236,393,33120000,11602
2,1656,33120000,33120000,236,393,33140000,11610
2,1657,33140000,33140000,236,393,33160000,11617
2,1658,33160000,33160000,236,393,33180000,11623
2,1659,33180000,33180000,236,393,33200000,11631
2,166,3320000,3320000,236,393,3340000,1165
2,1660,33200000,33200000,236,393,33220000,11637
2,1661,33220000,33220000,236,393,33240000,11645
2,1662,33240000,33240000,236,393,33260000,11653
2,1663,33260000,33260000,236,393,33280000,11658
2,1664,33280000,33280000,236,393,33300000,11664
2,1665,33300000,33300000,236,393,33320000,11673
2,1666,33320000,33320000,236,393,33340000,11680
2,1667,33340000,33340000,236,393,33360000,11686
2,1668,33360000,33360000,236,393,33380000,11694
2,1669,33380000,33380000,236,393,33400000,11701
2,167,3340000,3340000,236,393,3360000,1171
2,1670,33400000,33400000,236,393,33420000,11708
2,1671,33420000,33420000,236,393,33440000,11715
2,1672,33440000,33440000,236,393,33460000,11721
2,1673,33460000,33460000,236,393,33480000,11728
2,1674,33480000,33480000,236,393,33500000,11737
2,1675,33500000,33500000,236,393,33520000,11742
2,1676,33520000,33520000,236,393,33540000,11750
2,1677,33540000,33540000,236,393,33560000,11757
2,1678,33560000,33560000,236,393,33580000,11764
2,1679,33580000,33580000,236,393,33600000,11770
2,168,3360000,3360000,236,393,3380000,1180
2,1680,33600000,33600000,236,393,33620000,11779
2,1681,33620000,33620000,236,393,33640000,11784
2,1682,33640000,33640000,236,393,33660000,11790
2,1683,33660000,33660000,236,393,33680000,11801
2,1684,33680000,33680000,236,393,33700000,11806
2,1685,33700000,33700000,236,393,33720000,11812
2,1686,33720000,33720000,236,393,33740000,11819
2,1687,33740000,33740000,236,393,33760000,11828
2,1688,33760000,33760000,236,393,33780000,11834
2,1689,33780000,33780000,236,393,33800000,11841
2,169,3380000,3380000,236,393,3400000,1185
2,1690,33800000,33800000,236,393,33820000,11847
2,1691,33820000,33820000,236,393,33840000,11855
2,1692,33840000,33840000,236,393,33860000,11863
2,1693,33860000,33860000,236,393,33880000,11868
2,1694,33880000,33880000,236,393,33900000,11875
2,1695,33900000,33900000,236,393,33920000,11884
2,1696,33920000,33920000,236,393,33940000,11890
2,1697,33940000,33940000,236,393,33960000,11897
2,1698,33960000,33960000,236,393,33980000,11905
2,1699,33980000,33980000,236,393,34000000,11910
2,17,340000,340000,236,393,360000,120
2,170,3400000,3400000,236,393,3420000,1192
2,1700,34000000,34000000,236,393,34020000,11917
2,1701,34020000,34020000,236,393,34040000,11926
2,1702,34040000,34040000,236,393,34060000,11932
2,1703,34060000,34060000,236,393,34080000,11938
2,1704,34080000,34080000,236,393,34100000,11947
2,1705,34100000,34100000,236,393,34120000,11953
2,1706,34120000,34120000,236,393,34140000,11960
2,1707,34140000,34140000,236,393,34160000,11967
2,1708,34160000,34160000,236,393,34180000,11974
2,1709,34180000,34180000,236,393,34200000,11980
2,171,3420000,3420000,236,393,3440000,1201
2,1710,34200000,34200000,236,393,34220000,11989
2,1711,34220000,34220000,236,393,34240000,11995
2,1712,34240000,34240000,236,393,34260000,12002
2,1713,34260000,34260000,236,393,34280000,12010
2,1714,34280000,34280000,236,393,34300000,12016
2,1715,34300000,34300000,236,393,34320000,12023
2,1716,34320000,34320000,236,393,34340000,12030
2,1717,34340000,34340000,236,393,34360000,12037
2,1718,34360000,34360000,236,393,34380000,12044
2,1719,34380000,34380000,236,393,34400000,12052
2,172,3440000,3440000,236,393,3460000,1207
2,1720,34400000,34400000,236,393,34420000,12057
2,1721,34420000,34420000,236,393,34440000,12065
2,1722,34440000,34440000,236,393,34460000,12073
2,1723,34460000,34460000,236,393,34480000,12079
2,1724,34480000,34480000,236,393,34500000,12085
2,1725,34500000,34500000,236,393,34520000,12095
2,1726,34520000,34520000,236,393,34540000,12100
2,1727,34540000,34540000,236,393,34560000,12106
2,1728,34560000,34560000,236,393,34580000,12115
2,1729,34580000,34580000,236,393,34600000,12122
2,173,3460000,3460000,236,393,3480000,1213
2,1730,34600000,34600000,236,393,34620000,12128
2,1731,34620000,34620000,236,393,34640000,12135
2,1732,34640000,34640000,236,393,34660000,12143
2,1733,34660000,34660000,236,393,34680000,12149
2,1734,34680000,34680000,236,393,34700000,12157
2,1735,34700000,34700000,236,393,34720000,12162
2,1736,34720000,34720000,236,393,34740000,12170
2,1737,34740000,34740000,236,393,34760000,12178
2,1738,34760000,34760000,236,393,34780000,12184
2,1739,34780000,34780000,236,393,34800000,12191
2,174,3480000,3480000,236,393,3500000,1221
2,1740,34800000,34800000,236,393,34820000,12199
2,1741,34820000,34820000,236,393,34840000,12205
2,1742,34840000,34840000,236,393,34860000,12212
2,1743,34860000,34860000,236,393,34880000,12221
2,1744,34880000,34880000,236,393,34900000,12226
2,1745,34900000,34900000,236,393,34920000,12232
2,1746,34920000,34920000,236,393,34940000,12242
2,1747,34940000,34940000,236,393,34960000,12248
2,1748,34960000,34960000,236,393,34980000,12254
2,1749,34980000,34980000,236,393,35000000,12261
2,175,3500000,3500000,236,393,3520000,1228
2,1750,35000000,35000000,236,393,35020000,12268
2,1751,35020000,35020000,236,393,35040000,12276
2,1752,35040000,35040000,236,393,35060000,12283
2,1753,35060000,35060000,236,393,35080000,12289
2,1754,35080000,35080000,236,393,35100000,12295
2,1755,35100000,35100000,236,393,35120000,12305
2,1756,35120000,35120000,236,393,35140000,12310
2,1757,35140000,35140000,236,393,35160000,12317
2,1758,35160000,35160000,236,393,35180000,12325
2,1759,35180000,35180000,236,393,35200000,12332
2,176,3520000,3520000,236,393,3540000,1235
2,1760,35200000,35200000,236,393,35220000,12339
2,1761,35220000,35220000,236,393,35240000,12346
2,1762,35240000,35240000,236,393,35260000,12352
2,1763,35260000,35260000,236,393,35280000,12359
2,1764,35280000,35280000,236,393,35300000,12368
2,1765,35300000,35300000,236,393,35320000,12373
2,1766,35320000,35320000,236,393,35340000,12380
2,1767,35340000,35340000,236,393,35360000,12388
2,1768,35360000,35360000,236,393,35380000,12395
2,1769,35380000,35380000,236,393,35400000,12401
2,177,3540000,3540000,236,393,3560000,1242
2,1770,35400000,35400000,236,393,35420000,12409
2,1771,35420000,35420000,236,393,35440000,12415
2,1772,35440000,35440000,236,393,35460000,12422
2,1773,35460000,35460000,236,393,35480000,12431
2,1774,35480000,35480000,236,393,35500000,12437
2,1775,35500000,35500000,236,393,35520000,12443
2,1776,35520000,35520000,236,393,35540000,12451
2,1777,35540000,35540000,236,393,35560000,12458
2,1778,35560000,35560000,236,393,35580000,12465
2,1779,35580000,35580000,236,393,35600000,12472
2,178,3560000,3560000,236,393,3580000,1249
2,1780,35600000,35600000,236,393,35620000,12478
2,1781,35620000,35620000,236,393,35640000,12486
2,1782,35640000,35640000,236,393,35660000,12494
2,1783,35660000,35660000,236,393,35680000,12499
2,1784,35680000,35680000,236,393,35700000,12505
2,1785,35700000,35700000,236,393,35720000,12515
2,1786,35720000,35720000,236,393,35740000,12521
2,1787,35740000,35740000,236,393,35760000,12527
2,1788,35760000,35760000,236,393,35780000,12536
2,1789,35780000,35780000,236,393,35800000,12542
2,179,3580000,3580000,236,393,3600000,1255
2,1790,35800000,35800000,236,393,35820000,12548
2,1791,35820000,35820000,236,393,35840000,12556
2,1792,35840000,35840000,236,393,35860000,12563
2,1793,35860000,35860000,236,393,35880000,12570
2,1794,35880000,35880000,236,393,35900000,12577
2,1795,35900000,35900000,236,393,35920000,12584
2,1796,35920000,35920000,236,393,35940000,12591
2,1797,35940000,35940000,236,393,35960000,12599
2,1798,35960000,35960000,236,393,35980000,12604
2,1799,35980000,35980000,236,393,36000000,12611
2,18,360000,360000,236,393,380000,129
2,180,3600000,3600000,236,393,3620000,1264
2,1800,36000000,36000000,236,393,36020000,12620
2,1801,36020000,36020000,236,393,36040000,12625
2,1802,36040000,36040000,236,393,36060000,12633
2,1803,36060000,36060000,236,393,36080000,12641
2,1804,36080000,36080000,236,393,36100000,12647
2,1805,36100000,36100000,236,393,36120000,12653
2,1806,36120000,36120000,236,393,36140000,12662
2,1807,36140000,36140000,236,393,36160000,12668
2,1808,36160000,36160000,236,393,36180000,12674
2,1809,36180000,36180000,236,393,36200000,12683
2,181,3620000,3620000,236,393,3640000,1269
2,1810,36200000,36200000,236,393,36220000,12689
2,1811,36220000,36220000,236,393,36240000,12696
2,1812,36240000,36240000,236,393,36260000,12703
2,1813,36260000,36260000,236,393,36280000,12710
2,1814,36280000,36280000,236,393,36300000,12717
2,1815,36300000,36300000,236,393,36320000,12725
2,1816,36320000,36320000,236,393,36340000,12731
2,1817,36340000,36340000,236,393,36360000,12737
2,1818,36360000,36360000,236,393,36380000,12746
2,1819,36380000,36380000,236,393,36400000,12752
2,182,3640000,3640000,236,393,3660000,1277
2,1820,36400000,36400000,236,393,36420000,12759
2,1821,36420000,36420000,236,393,36440000,12766
2,1822,36440000,36440000,236,393,36460000,12773
2,1823,36460000,36460000,236,393,36480000,12781
2,1824,36480000,36480000,236,393,36500000,12788
2,1825,36500000,36500000,236,393,36520000,12793
2,1826,36520000,36520000,236,393,36540000,12800
2,1827,36540000,36540000,236,393,36560000,12810
2,1828,36560000,36560000,236,393,36580000,12815
2,1829,36580000,36580000,236,393,36600000,12821
2,183,3660000,3660000,236,393,3680000,1285
2,1830,36600000,36600000,236,393,36620000,12830
2,1831,36620000,36620000,236,393,36640000,12837
2,1832,36640000,36640000,236,393,36660000,12843
2,1833,36660000,36660000,236,393,36680000,12851
2,1834,36680000,36680000,236,393,36700000,12857
2,1835,36700000,36700000,236,393,36720000,12863
2,1836,36720000,36720000,236,393,36740000,12872
2,1837,36740000,36740000,236,393,36760000,12879
2,1838,36760000,36760000,236,393,36780000,12885
2,1839,36780000,36780000,236,393,36800000,12892
2,184,3680000,3680000,236,393,3700000,1291
2,1840,36800000,36800000,236,393,36820000,12899
2,1841,36820000,36820000,236,393,36840000,12907
2,1842,36840000,36840000,236,393,36860000,12914
2,1843,36860000,36860000,236,393,36880000,12919
2,1844,36880000,36880000,236,393,36900000,12927
2,1845,36900000,36900000,236,393,36920000,12936
2,1846,36920000,36920000,236,393,36940000,12941
2,1847,36940000,36940000,236,393,36960000,12947
2,1848,36960000,36960000,236,393,36980000,12957
2,1849,36980000,36980000,236,393,37000000,12963
2,185,3700000,3700000,236,393,3720000,1298
2,1850,37000000,37000000,236,393,37020000,12969
2,1851,37020000,37020000,236,393,37040000,12977
2,1852,37040000,37040000,236,393,37060000,12983
2,1853,37060000,37060000,236,393,37080000,12990
2,1854,37080000,37080000,236,393,37100000,12998
2,1855,37100000,37100000,236,393,37120000,13004
2,1856,37120000,37120000,236,393,37140000,13011
2,1857,37140000,37140000,236,393,37160000,13019
2,1858,37160000,37160000,236,393,37180000,13026
2,1859,37180000,37180000,236,393,37200000,13032
2,186,3720000,3720000,236,393,3740000,1305
2,1860,37200000,37200000,236,393,37220000,13040
2,1861,37220000,37220000,236,393,37240000,13046
2,1862,37240000,37240000,236,393,37260000,13053
2,1863,37260000,37260000,236,393,37280000,13062
2,1864,37280000,37280000,236,393,37300000,13067
2,1865,37300000,37300000,236,393,37320000,13075
2,1866,37320000,37320000,236,393,37340000,13082
2,1867,37340000,37340000,236,393,37360000,13089
2,1868,37360000,37360000,236,393,37380000,13095
2,1869,37380000,37380000,236,393,37400000,13103
2,187,3740000,3740000,236,393,3760000,1312
2,1870,37400000,37400000,236,393,37420000,13109
2,1871,37420000,37420000,236,393,37440000,13116
2,1872,37440000,37440000,236,393,37460000,13125
2,1873,37460000,37460000,236,393,37480000,13130
2,1874,37480000,37480000,236,393,37500000,13137
2,1875,37500000,37500000,236,393,37520000,13145
2,1876,37520000,37520000,236,393,37540000,13152
2,1877,37540000,37540000,236,393,37560000,13158
2,1878,37560000,37560000,236,393,37580000,13167
2,1879,37580000,37580000,236,393,37600000,13173
2,188,3760000,3760000,236,393,3780000,1318
2,1880,37600000,37600000,236,393,37620000,13179
2,1881,37620000,37620000,236,393,37640000,13187
2,1882,37640000,37640000,236,393,37660000,13194
2,1883,37660000,37660000,236,393,37680000,13201
2,1884,37680000,37680000,236,393,37700000,13208
2,1885,37700000,37700000,236,393,37720000,13214
2,1886,37720000,37720000,236,393,37740000,13222
2,1887,37740000,37740000,236,393,37760000,13230
2,1888,37760000,37760000,236,393,37780000,13235
2,1889,37780000,37780000,236,393,37800000,13241
2,189,3780000,3780000,236,393,3800000,1327
2,1890,37800000,37800000,236,393,37820000,13251
2,1891,37820000,37820000,236,393,37840000,13257
2,1892,37840000,37840000,236,393,37860000,13263
2,1893,37860000,37860000,236,393,37880000,13272
2,1894,37880000,37880000,236,393,37900000,13278
2,1895,37900000,37900000,236,393,37920000,13285
2,1896,37920000,37920000,236,393,37940000,13292
2,1897,37940000,37940000,236,393,37960000,13299
2,1898,37960000,37960000,236,393,37980000,13305
2,1899,37980000,37980000,236,393,38000000,13314
2,19,380000,380000,236,393,400000,134
2,190,3800000,3800000,236,393,3820000,1332
2,1900,38000000,38000000,236,393,38020000,13320
2,1901,38020000,38020000,236,393,38040000,13327
2,1902,38040000,38040000,236,393,38060000,13334
2,1903,38060000,38060000,236,393,38080000,13340
2,1904,38080000,38080000,236,393,38100000,13348
2,1905,38100000,38100000,236,393,38120000,13356
2,1906,38120000,38120000,236,393,38140000,13361
2,1907,38140000,38140000,236,393,38160000,13368
2,1908,38160000,38160000,236,393,38180000,13378
2,1909,38180000,38180000,236,393,38200000,13383
2,191,3820000,3820000,236,393,3840000,1340
2,1910,38200000,38200000,236,393,38220000,13389
2,1911,38220000,38220000,236,393,38240000,13397
2,1912,38240000,38240000,236,393,38260000,13405
2,1913,38260000,38260000,236,393,38280000,13411
2,1914,38280000,38280000,236,393,38300000,13419
2,1915,38300000,38300000,236,393,38320000,13424
2,1916,38320000,38320000,236,393,38340000,13432
2,1917,38340000,38340000,236,393,38360000,13440
2,1918,38360000,38360000,236,393,38380000,13446
2,1919,38380000,38380000,236,393,38400000,13452
2,192,3840000,3840000,236,393,3860000,1348
2,1920,38400000,38400000,236,393,38420000,13460
2,1921,38420000,38420000,236,393,38440000,13468
2,1922,38440000,38440000,236,393,38460000,13474
2,1923,38460000,38460000,236,393,38480000,13482
2,1924,38480000,38480000,236,393,38500000,13487
2,1925,38500000,38500000,236,393,38520000,13495
2,1926,38520000,38520000,236,393,38540000,13503
2,1927,38540000,38540000,236,393,38560000,13509
2,1928,38560000,38560000,236,393,38580000,13516
2,1929,38580000,38580000,236,393,38600000,13524
2,193,3860000,3860000,236,393,3880000,1354
2,1930,38600000,38600000,236,393,38620000,13530
2,1931,38620000,38620000,236,393,38640000,13537
2,1932,38640000,38640000,236,393,38660000,13545
2,1933,38660000,38660000,236,393,38680000,13551
2,1934,38680000,38680000,236,393,38700000,13557
2,1935,38700000,38700000,236,393,38720000,13567
2,1936,38720000,38720000,236,393,38740000,13572
2,1937,38740000,38740000,236,393,38760000,13578
2,1938,38760000,38760000,236,393,38780000,13587
2,1939,38780000,38780000,236,393,38800000,13594
2,194,3880000,3880000,236,393,3900000,1360
2,1940,38800000,38800000,236,393,38820000,13600
2,1941,38820000,38820000,236,393,38840000,13607
2,1942,38840000,38840000,236,393,38860000,13615
2,1943,38860000,38860000,236,393,38880000,13621
2,1944,38880000,38880000,236,393,38900000,13629
2,1945,38900000,38900000,236,393,38920000,13634
2,1946,38920000,38920000,236,393,38940000,13643
2,1947,38940000,38940000,236,393,38960000,13650
2,1948,38960000,38960000,236,393,38980000,13656
2,1949,38980000,38980000,236,393,39000000,13663
2,195,3900000,3900000,236,393,3920000,1369
2,1950,39000000,39000000,236,393,39020000,13672
2,1951,39020000,39020000,236,393,39040000,13677
2,1952,39040000,39040000,236,393,39060000,13683
2,1953,39060000,39060000,236,393,39080000,13693
2,1954,39080000,39080000,236,393,39100000,13698
2,1955,39100000,39100000,236,393,39120000,13705
2,1956,39120000,39120000,236,393,39140000,13713
2,1957,39140000,39140000,236,393,39160000,13720
2,1958,39160000,39160000,236,393,39180000,13726
2,1959,39180000,39180000,236,393,39200000,13734
2,196,3920000,3920000,236,393,3940000,1375
2,1960,39200000,39200000,236,393,39220000,13740
2,1961,39220000,39220000,236,393,39240000,13747
2,1962,39240000,39240000,236,393,39260000,13755
2,1963,39260000,39260000,236,393,39280000,13762
2,1964,39280000,39280000,236,393,39300000,13768
2,1965,39300000,39300000,236,393,39320000,13776
2,1966,39320000,39320000,236,393,39340000,13782
2,1967,39340000,39340000,236,393,39360000,13790
2,1968,39360000,39360000,236,393,39380000,13798
2,1969,39380000,39380000,236,393,39400000,13803
2,197,3940000,3940000,236,393,3960000,1381
2,1970,39400000,39400000,236,393,39420000,13810
2,1971,39420000,39420000,236,393,39440000,13818
2,1972,39440000,39440000,236,393,39460000,13825
2,1973,39460000,39460000,236,393,39480000,13831
2,1974,39480000,39480000,236,393,39500000,13839
2,1975,39500000,39500000,236,393,39520000,13845
2,1976,39520000,39520000,236,393,39540000,13853
2,1977,39540000,39540000,236,393,39560000,13861
2,1978,39560000,39560000,236,393,39580000,13866
2,1979,39580000,39580000,236,393,39600000,13872
2,198,3960000,3960000,236,393,3980000,1390
2,1980,39600000,39600000,236,393,39620000,13882
2,1981,39620000,39620000,236,393,39640000,13888
2,1982,39640000,39640000,236,393,39660000,13894
2,1983,39660000,39660000,236,393,39680000,13902
2,1984,39680000,39680000,236,393,39700000,13910
2,1985,39700000,39700000,236,393,39720000,13916
2,1986,39720000,39720000,236,393,39740000,13923
2,1987,39740000,39740000,236,393,39760000,13929
2,1988,39760000,39760000,236,393,39780000,13936
2,1989,39780000,39780000,236,393,39800000,13945
2,199,3980000,3980000,236,393,4000000,1397
2,1990,39800000,39800000,236,393,39820000,13950
2,1991,39820000,39820000,236,393,39840000,13958
2,1992,39840000,39840000,236,393,39860000,13965
2,1993,39860000,39860000,236,393,39880000,13972
2,1994,39880000,39880000,236,393,39900000,13978
2,1995,39900000,39900000,236,393,39920000,13987
2,1996,39920000,39920000,236,393,39940000,13992
2,1997,39940000,39940000,236,393,39960000,13999
2,1998,39960000,39960000,236,393,39980000,14009
2,1999,39980000,39980000,236,393,40000000,14014
2,2,40000,40000,236,393,60000,14
2,20,400000,400000,236,393,420000,140
2,200,4000000,4000000,236,393,4020000,1403
2,2000,40000000,40000000,236,393,40020000,14020
2,2001,40020000,40020000,236,393,40040000,14028
2,2002,40040000,40040000,236,393,40060000,14036
2,2003,40060000,40060000,236,393,40080000,14042
2,2004,40080000,40080000,236,393,40100000,14049
2,2005,40100000,40100000,236,393,40120000,14055
2,2006,40120000,40120000,236,393,40140000,14063
2,2007,40140000,40140000,236,393,40160000,14071
2,2008,40160000,40160000,236,393,40180000,14076
2,2009,40180000,40180000,236,393,40200000,14083
2,201,4020000,4020000,236,393,4040000,1410
2,2010,40200000,40200000,236,393,40220000,14092
2,2011,40220000,40220000,236,393,40240000,14098
2,2012,40240000,40240000,236,393,40260000,14105
2,2013,40260000,40260000,236,393,40280000,14113
2,2014,40280000,40280000,236,393,40300000,14119
2,2015,40300000,40300000,236,393,40320000,14125
2,2016,40320000,40320000,236,393,40340000,14134
2,2017,40340000,40340000,236,393,40360000,14140
2,2018,40360000,40360000,236,393,40380000,14147
2,2019,40380000,40380000,236,393,40400000,14155
2,202,4040000,4040000,236,393,4060000,1417
2,2020,40400000,40400000,236,393,40420000,14161
2,2021,40420000,40420000,236,393,40440000,14168
2,2022,40440000,40440000,236,393,40460000,14175
2,2023,40460000,40460000,236,393,40480000,14182
2,2024,40480000,40480000,236,393,40500000,14188
2,2025,40500000,40500000,236,393,40520000,14197
2,2026,40520000,40520000,236,393,40540000,14203
2,2027,40540000,40540000,236,393,40560000,14210
2,2028,40560000,40560000,236,393,40580000,14218
2,2029,40580000,40580000,236,393,40600000,14224
2,203,4060000,4060000,236,393,4080000,1424
2,2030,40600000,40600000,236,393,40620000,14231
2,2031,40620000,40620000,236,393,40640000,14239
2,2032,40640000,40640000,236,393,40660000,14245
2,2033,40660000,40660000,236,393,40680000,14252
2,2034,40680000,40680000,236,393,40700000,14260
2,2035,40700000,40700000,236,393,40720000,14266
2,2036,40720000,40720000,236,393,40740000,14273
2,2037,40740000,40740000,236,393,40760000,14281
2,2038,40760000,40760000,236,393,40780000,14287
2,2039,40780000,40780000,236,393,40800000,14293
2,204,4080000,4080000,236,393,4100000,1432
2,2040,40800000,40800000,236,393,40820000,14303
2,2041,40820000,40820000,236,393,40840000,14308
2,2042,40840000,40840000,236,393,40860000,14314
2,2043,40860000,40860000,236,393,40880000,14323
2,2044,40880000,40880000,236,393,40900000,14330
2,2045,40900000,40900000,236,393,40920000,14336
2,2046,40920000,40920000,236,393,40940000,14343
2,2047,40940000,40940000,236,393,40960000,14351
2,2048,40960000,40960000,236,393,40980000,14358
2,2049,40980000,40980000,236,393,41000000,14365
2,205,4100000,4100000,236,393,4120000,1437
2,2050,41000000,41000000,236,393,41020000,14370
2,2051,41020000,41020000,236,393,41040000,14378
2,2052,41040000,41040000,236,393,41060000,14387
2,2053,41060000,41060000,236,393,41080000,14392
2,2054,41080000,41080000,236,393,41100000,14399
2,2055,41100000,41100000,236,393,41120000,14407
2,2056,41120000,41120000,236,393,41140000,14413
2,2057,41140000,41140000,236,393,41160000,14420
2,2058,41160000,41160000,236,393,41180000,14429
2,2059,41180000,41180000,236,393,41200000,14434
2,206,4120000,4120000,236,393,4140000,1445
2,2060,41200000,41200000,236,393,41220000,14440
2,2061,41220000,41220000,236,393,41240000,14450
2,2062,41240000,41240000,236,393,41260000,14456
2,2063,41260000,41260000,236,393,41280000,14462
2,2064,41280000,41280000,236,393,41300000,14469
2,2065,41300000,41300000,236,393,41320000,14477
2,2066,41320000,41320000,236,393,41340000,14484
2,2067,41340000,41340000,236,393,41360000,14491
2,2068,41360000,41360000,236,393,41380000,14497
2,2069,41380000,41380000,236,393,41400000,14504
2,207,4140000,4140000,236,393,4160000,1453
2,2070,41400000,41400000,236,393,41420000,14513
2,2071,41420000,41420000,236,393,41440000,14518
2,2072,41440000,41440000,236,393,41460000,14525
2,2073,41460000,41460000,236,393,41480000,14533
2,2074,41480000,41480000,236,393,41500000,14540
2,2075,41500000,41500000,236,393,41520000,14547
2,2076,41520000,41520000,236,393,41540000,14554
2,2077,41540000,41540000,236,393,41560000,14560
2,2078,41560000,41560000,236,393,41580000,14567
2,2079,41580000,41580000,236,393,41600000,14576
2,208,4160000,4160000,236,393,4180000,1459
2,2080,41600000,41600000,236,393,41620000,14581
2,2081,41620000,41620000,236,393,41640000,14588
2,2082,41640000,41640000,236,393,41660000,14597
2,2083,41660000,41660000,236,393,41680000,14603
2,2084,41680000,41680000,236,393,41700000,14609
2,2085,41700000,41700000,236,393,41720000,14617
2,2086,41720000,41720000,236,393,41740000,14624
2,2087,41740000,41740000,236,393,41760000,14630
2,2088,41760000,41760000,236,393,41780000,14639
2,2089,41780000,41780000,236,393,41800000,14645
2,209,4180000,4180000,236,393,4200000,1465
2,2090,41800000,41800000,236,393,41820000,14651
2,2091,41820000,41820000,236,393,41840000,14659
2,2092,41840000,41840000,236,393,41860000,14666
2,2093,41860000,41860000,236,393,41880000,14673
2,2094,41880000,41880000,236,393,41900000,14680
2,2095,41900000,41900000,236,393,41920000,14686
2,2096,41920000,41920000,236,393,41940000,14694
2,2097,41940000,41940000,236,393,41960000,14702
2,2098,41960000,41960000,236,393,41980000,14707
2,2099,41980000,41980000,236,393,42000000,14714
2,21,420000,420000,236,393,440000,149
2,210,4200000,4200000,236,393,4220000,1474
2,2100,42000000,42000000,236,393,42020000,14723
2,2101,42020000,42020000,236,393,42040000,14729
2,2102,42040000,42040000,236,393,42060000,14735
2,2103,42060000,42060000,236,393,42080000,14745
2,2104,42080000,42080000,236,393,42100000,14750
2,2105,42100000,42100000,236,393,42120000,14756
2,2106,42120000,42120000,236,393,42140000,14764
2,2107,42140000,42140000,236,393,42160000,14771
2,2108,42160000,42160000,236,393,42180000,14778
2,2109,42180000,42180000,236,393,42200000,14785
2,211,4220000,4220000,236,393,4240000,1480
2,2110,42200000,42200000,236,393,42220000,14792
2,2111,42220000,42220000,236,393,42240000,14799
2,2112,42240000,42240000,236,393,42260000,14807
2,2113,42260000,42260000,236,393,42280000,14812
2,2114,42280000,42280000,236,393,42300000,14819
2,2115,42300000,42300000,236,393,42320000,14828
2,2116,42320000,42320000,236,393,42340000,14834
2,2117,42340000,42340000,236,393,42360000,14841
2,2118,42360000,42360000,236,393,42380000,14849
2,2119,42380000,42380000,236,393,42400000,14855
2,212,4240000,4240000,236,393,4260000,1487
2,2120,42400000,42400000,236,393,42420000,14862
2,2121,42420000,42420000,236,393,42440000,14870
2,2122,42440000,42440000,236,393,42460000,14876
2,2123,42460000,42460000,236,393,42480000,14882
2,2124,42480000,42480000,236,393,42500000,14891
2,2125,42500000,42500000,236,393,42520000,14897
2,2126,42520000,42520000,236,393,42540000,14904
2,2127,42540000,42540000,236,393,42560000,14911
2,2128,42560000,42560000,236,393,42580000,14918
2,2129,42580000,42580000,236,393,42600000,14925
2,213,4260000,4260000,236,393,4280000,1496
2,2130,42600000,42600000,236,393,42620000,14933
2,2131,42620000,42620000,236,393,42640000,14939
2,2132,42640000,42640000,236,393,42660000,14945
2,2133,42660000,42660000,236,393,42680000,14955
2,2134,42680000,42680000,236,393,42700000,14960
2,2135,42700000,42700000,236,393,42720000,14967
2,2136,42720000,42720000,236,393,42740000,14974
2,2137,42740000,42740000,236,393,42760000,14982
2,2138,42760000,42760000,236,393,42780000,14989
2,2139,42780000,42780000,236,393,42800000,14996
2,214,4280000,4280000,236,393,4300000,1501
2,2140,42800000,42800000,236,393,42820000,15001
2,2141,42820000,42820000,236,393,42840000,15008
2,2142,42840000,42840000,236,393,42860000,15018
2,2143,42860000,42860000,236,393,42880000,15023
2,2144,42880000,42880000,236,393,42900000,15029
2,2145,42900000,42900000,236,393,42920000,15038
2,2146,42920000,42920000,236,393,42940000,15045
2,2147,42940000,42940000,236,393,42960000,15051
2,2148,42960000,42960000,236,393,42980000,15059
2,2149,42980000,42980000,236,393,43000000,15065
2,215,4300000,4300000,236,393,4320000,1507
2,2150,43000000,43000000,236,393,43020000,15072
2,2151,43020000,43020000,236,393,43040000,15080
2,2152,43040000,43040000,236,393,43060000,15087
2,2153,43060000,43060000,236,393,43080000,15093
2,2154,43080000,43080000,236,393,43100000,15101
2,2155,43100000,43100000,236,393,43120000,15107
2,2156,43120000,43120000,236,393,43140000,15115
2,2157,43140000,43140000,236,393,43160000,15122
2,2158,43160000,43160000,236,393,43180000,15127
2,2159,43180000,43180000,236,393,43200000,15135
2,216,4320000,4320000,236,393,4340000,1516
2,2160,43200000,43200000,236,393,43220000,15144
2,2161,43220000,43220000,236,393,43240000,15149
2,2162,43240000,43240000,236,393,43260000,15155
2,2163,43260000,43260000,236,393,43280000,15165
2,2164,43280000,43280000,236,393,43300000,15171
2,2165,43300000,43300000,236,393,43320000,15177
2,2166,43320000,43320000,236,393,43340000,15185
2,2167,43340000,43340000,236,393,43360000,15192
2,2168,43360000,43360000,236,393,43380000,15198
2,2169,43380000,43380000,236,393,43400000,15206
2,217,4340000,4340000,236,393,4360000,1523
2,2170,43400000,43400000,236,393,43420000,15212
2,2171,43420000,43420000,236,393,43440000,15220
2,2172,43440000,43440000,236,393,43460000,15227
2,2173,43460000,43460000,236,393,43480000,15234
2,2174,43480000,43480000,236,393,43500000,15240
2,2175,43500000,43500000,236,393,43520000,15248
2,2176,43520000,43520000,236,393,43540000,15254
2,2177,43540000,43540000,236,393,43560000,15261
2,2178,43560000,43560000,236,393,43580000,15270
2,2179,43580000,43580000,236,393,43600000,15275
2,218,4360000,4360000,236,393,4380000,1529
2,2180,43600000,43600000,236,393,43620000,15283
2,2181,43620000,43620000,236,393,43640000,15290
2,2182,43640000,43640000,236,393,43660000,15297
2,2183,43660000,43660000,236,393,43680000,15303
2,2184,43680000,43680000,236,393,43700000,15312
2,2185,43700000,43700000,236,393,43720000,15317
2,2186,43720000,43720000,236,393,43740000,15324
2,2187,43740000,43740000,236,393,43760000,15333
2,2188,43760000,43760000,236,393,43780000,15339
2,2189,43780000,43780000,236,393,43800000,15345
2,219,4380000,4380000,236,393,4400000,1536
2,2190,43800000,43800000,236,393,43820000,15353
2,2191,43820000,43820000,236,393,43840000,15360
2,2192,43840000,43840000,236,393,43860000,15366
2,2193,43860000,43860000,236,393,43880000,15375
2,2194,43880000,43880000,236,393,43900000,15381
2,2195,43900000,43900000,236,393,43920000,15387
2,2196,43920000,43920000,236,393,43940000,15395
2,2197,43940000,43940000,236,393,43960000,15402
2,2198,43960000,43960000,236,393,43980000,15409
2,2199,43980000,43980000,236,393,44000000,15416
2,22,440000,440000,236,393,460000,156
2,220,4400000,4400000,236,393,4420000,1543
2,2200,44000000,44000000,236,393,44020000,15422
2,2201,44020000,44020000,236,393,44040000,15431
2,2202,44040000,44040000,236,393,44060000,15438
2,2203,44060000,44060000,236,393,44080000,15443
2,2204,44080000,44080000,236,393,44100000,15449
2,2205,44100000,44100000,236,393,44120000,15460
2,2206,44120000,44120000,236,393,44140000,15465
2,2207,44140000,44140000,236,393,44160000,15471
2,2208,44160000,44160000,236,393,44180000,15480
2,2209,44180000,44180000,236,393,44200000,15486
2,221,4420000,4420000,236,393,4440000,1551
2,2210,44200000,44200000,236,393,44220000,15493
2,2211,44220000,44220000,236,393,44240000,15500
2,2212,44240000,44240000,236,393,44260000,15507
2,2213,44260000,44260000,236,393,44280000,15513
2,2214,44280000,44280000,236,393,44300000,15522
2,2215,44300000,44300000,236,393,44320000,15528
2,2216,44320000,44320000,236,393,44340000,15535
2,2217,44340000,44340000,236,393,44360000,15542
2,2218,44360000,44360000,236,393,44380000,15549
2,2219,44380000,44380000,236,393,44400000,15556
2,222,4440000,4440000,236,393,4460000,1558
2,2220,44400000,44400000,236,393,44420000,15564
2,2221,44420000,44420000,236,393,44440000,15569
2,2222,44440000,44440000,236,393,44460000,15577
2,2223,44460000,44460000,236,393,44480000,15586
2,2224,44480000,44480000,236,393,44500000,15591
2,2225,44500000,44500000,236,393,44520000,15597
2,2226,44520000,44520000,236,393,44540000,15605
2,2227,44540000,44540000,236,393,44560000,15613
2,2228,44560000,44560000,236,393,44580000,15619
2,2229,44580000,44580000,236,393,44600000,15627
2,223,4460000,4460000,236,393,4480000,1563
2,2230,44600000,44600000,236,393,44620000,15632
2,2231,44620000,44620000,236,393,44640000,15640
2,2232,44640000,44640000,236,393,44660000,15648
2,2233,44660000,44660000,236,393,44680000,15654
2,2234,44680000,44680000,236,393,44700000,15660
2,2235,44700000,44700000,236,393,44720000,15669
2,2236,44720000,44720000,236,393,44740000,15676
2,2237,44740000,44740000,236,393,44760000,15682
2,2238,44760000,44760000,236,393,44780000,15690
2,2239,44780000,44780000,236,393,44800000,15696
2,224,4480000,4480000,236,393,4500000,1570
2,2240,44800000,44800000,236,393,44820000,15703
2,2241,44820000,44820000,236,393,44840000,15711
2,2242,44840000,44840000,236,393,44860000,15717
2,2243,44860000,44860000,236,393,44880000,15724
2,2244,44880000,44880000,236,393,44900000,15732
2,2245,44900000,44900000,236,393,44920000,15738
2,2246,44920000,44920000,236,393,44940000,15745
2,2247,44940000,44940000,236,393,44960000,15753
2,2248,44960000,44960000,236,393,44980000,15759
2,2249,44980000,44980000,236,393,45000000,15765
2,225,4500000,4500000,236,393,4520000,1580
2,2250,45000000,45000000,236,393,45020000,15775
2,2251,45020000,45020000,236,393,45040000,15780
2,2252,45040000,45040000,236,393,45060000,15787
2,2253,45060000,45060000,236,393,45080000,15795
2,2254,45080000,45080000,236,393,45100000,15802
2,2255,45100000,45100000,236,393,45120000,15808
2,2256,45120000,45120000,236,393,45140000,15816
2,2257,45140000,45140000,236,393,45160000,15823
2,2258,45160000,45160000,236,393,45180000,15829
2,2259,45180000,45180000,236,393,45200000,15837
2,226,4520000,4520000,236,393,4540000,1585
2,2260,45200000,45200000,236,393,45220000,15842
2,2261,45220000,45220000,236,393,45240000,15851
2,2262,45240000,45240000,236,393,45260000,15858
2,2263,45260000,45260000,236,393,45280000,15864
2,2264,45280000,45280000,236,393,45300000,15871
2,2265,45300000,45300000,236,393,45320000,15880
2,2266,45320000,45320000,236,393,45340000,15885
2,2267,45340000,45340000,236,393,45360000,15891
2,2268,45360000,45360000,236,393,45380000,15901
2,2269,45380000,45380000,236,393,45400000,15907
2,227,4540000,4540000,236,393,4560000,1592
2,2270,45400000,45400000,236,393,45420000,15913
2,2271,45420000,45420000,236,393,45440000,15921
2,2272,45440000,45440000,236,393,45460000,15928
2,2273,45460000,45460000,236,393,45480000,15935
2,2274,45480000,45480000,236,393,45500000,15942
2,2275,45500000,45500000,236,393,45520000,15948
2,2276,45520000,45520000,236,393,45540000,15955
2,2277,45540000,45540000,236,393,45560000,15963
2,2278,45560000,45560000,236,393,45580000,15970
2,2279,45580000,45580000,236,393,45600000,15976
2,228,4560000,4560000,236,393,4580000,1600
2,2280,45600000,45600000,236,393,45620000,15984
2,2281,45620000,45620000,236,393,45640000,15990
2,2282,45640000,45640000,236,393,45660000,15998
2,2283,45660000,45660000,236,393,45680000,16006
2,2284,45680000,45680000,236,393,45700000,16011
2,2285,45700000,45700000,236,393,45720000,16018
2,2286,45720000,45720000,236,393,45740000,16027
2,2287,45740000,45740000,236,393,45760000,16033
2,2288,45760000,45760000,236,393,45780000,16039
2,2289,45780000,45780000,236,393,45800000,16047
2,229,4580000,4580000,236,393,4600000,1607
2,2290,45800000,45800000,236,393,45820000,16054
2,2291,45820000,45820000,236,393,45840000,16061
2,2292,45840000,45840000,236,393,45860000,16069
2,2293,45860000,45860000,236,393,45880000,16074
2,2294,45880000,45880000,236,393,45900000,16080
2,2295,45900000,45900000,236,393,45920000,16090
2,2296,45920000,45920000,236,393,45940000,16096
2,2297,45940000,45940000,236,393,45960000,16102
2,2298,45960000,45960000,236,393,45980000,16110
2,2299,45980000,45980000,236,393,46000000,16118
2,23,460000,460000,236,393,480000,162
2,230,4600000,4600000,236,393,4620000,1613
2,2300,46000000,46000000,236,393,46020000,16124
2,2301,46020000,46020000,236,393,46040000,16131
2,2302,46040000,46040000,236,393,46060000,16137
2,2303,46060000,46060000,236,393,46080000,16145
2,2304,46080000,46080000,236,393,46100000,16153
2,2305,46100000,46100000,236,393,46120000,16158
2,2306,46120000,46120000,236,393,46140000,16166
2,2307,46140000,46140000,236,393,46160000,16174
2,2308,46160000,46160000,236,393,46180000,16180
2,2309,46180000,46180000,236,393,46200000,16186
2,231,4620000,4620000,236,393,4640000,1621
2,2310,46200000,46200000,236,393,46220000,16195
2,2311,46220000,46220000,236,393,46240000,16200
2,2312,46240000,46240000,236,393,46260000,16207
2,2313,46260000,46260000,236,393,46280000,16217
2,2314,46280000,46280000,236,393,46300000,16222
2,2315,46300000,46300000,236,393,46320000,16228
2,2316,46320000,46320000,236,393,46340000,16236
2,2317,46340000,46340000,236,393,46360000,16244
2,2318,46360000,46360000,236,393,46380000,16250
2,2319,46380000,46380000,236,393,46400000,16257
2,232,4640000,4640000,236,393,4660000,1627
2,2320,46400000,46400000,236,393,46420000,16264
2,2321,46420000,46420000,236,393,46440000,16271
2,2322,46440000,46440000,236,393,46460000,16279
2,2323,46460000,46460000,236,393,46480000,16284
2,2324,46480000,46480000,236,393,46500000,16292
2,2325,46500000,46500000,236,393,46520000,16300
2,2326,46520000,46520000,236,393,46540000,16306
2,2327,46540000,46540000,236,393,46560000,16313
2,2328,46560000,46560000,236,393,46580000,16321
2,2329,46580000,46580000,236,393,46600000,16327
2,233,4660000,4660000,236,393,4680000,1634
2,2330,46600000,46600000,236,393,46620000,16333
2,2331,46620000,46620000,236,393,46640000,16342
2,2332,46640000,46640000,236,393,46660000,16348
2,2333,46660000,46660000,236,393,46680000,16355
2,2334,46680000,46680000,236,393,46700000,16363
2,2335,46700000,46700000,236,393,46720000,16369
2,2336,46720000,46720000,236,393,46740000,16376
2,2337,46740000,46740000,236,393,46760000,16384
2,2338,46760000,46760000,236,393,46780000,16390
2,2339,46780000,46780000,236,393,46800000,16396
2,234,4680000,4680000,236,393,4700000,1643
2,2340,46800000,46800000,236,393,46820000,16405
2,2341,46820000,46820000,236,393,46840000,16412
2,2342,46840000,46840000,236,393,46860000,16418
2,2343,46860000,46860000,236,393,46880000,16426
2,2344,46880000,46880000,236,393,46900000,16432
2,2345,46900000,46900000,236,393,46920000,16439
2,2346,46920000,46920000,236,393,46940000,16447
2,2347,46940000,46940000,236,393,46960000,16453
2,2348,46960000,46960000,236,393,46980000,16460
2,2349,46980000,46980000,236,393,47000000,16468
2,235,4700000,4700000,236,393,4720000,1648
2,2350,47000000,47000000,236,393,47020000,16474
2,2351,47020000,47020000,236,393,47040000,16481
2,2352,47040000,47040000,236,393,47060000,16489
2,2353,47060000,47060000,236,393,47080000,16495
2,2354,47080000,47080000,236,393,47100000,16502
2,2355,47100000,47100000,236,393,47120000,16511
2,2356,47120000,47120000,236,393,47140000,16516
2,2357,47140000,47140000,236,393,47160000,16522
2,2358,47160000,47160000,236,393,47180000,16532
2,2359,47180000,47180000,236,393,47200000,16538
2,236,4720000,4720000,236,393,4740000,1655
2,2360,47200000,47200000,236,393,47220000,16544
2,2361,47220000,47220000,236,393,47240000,16551
2,2362,47240000,47240000,236,393,47260000,16559
2,2363,47260000,47260000,236,393,47280000,16566
2,2364,47280000,47280000,236,393,47300000,16573
2,2365,47300000,47300000,236,393,47320000,16578
2,2366,47320000,47320000,236,393,47340000,16586
2,2367,47340000,47340000,236,393,47360000,16595
2,2368,47360000,47360000,236,393,47380000,16600
2,2369,47380000,47380000,236,393,47400000,16607
2,237,4740000,4740000,236,393,4760000,1662
2,2370,47400000,47400000,236,393,47420000,16615
2,2371,47420000,47420000,236,393,47440000,16622
2,2372,47440000,47440000,236,393,47460000,16628
2,2373,47460000,47460000,236,393,47480000,16637
2,2374,47480000,47480000,236,393,47500000,16642
2,2375,47500000,47500000,236,393,47520000,16649
2,2376,47520000,47520000,236,393,47540000,16658
2,2377,47540000,47540000,236,393,47560000,16664
2,2378,47560000,47560000,236,393,47580000,16670
2,2379,47580000,47580000,236,393,47600000,16677
2,238,4760000,4760000,236,393,4780000,1670
2,2380,47600000,47600000,236,393,47620000,16685
2,2381,47620000,47620000,236,393,47640000,16692
2,2382,47640000,47640000,236,393,47660000,16699
2,2383,47660000,47660000,236,393,47680000,16705
2,2384,47680000,47680000,236,393,47700000,16712
2,2385,47700000,47700000,236,393,47720000,16721
2,2386,47720000,47720000,236,393,47740000,16726
2,2387,47740000,47740000,236,393,47760000,16733
2,2388,47760000,47760000,236,393,47780000,16742
2,2389,47780000,47780000,236,393,47800000,16748
2,239,4780000,4780000,236,393,4800000,1676
2,2390,47800000,47800000,236,393,47820000,16755
2,2391,47820000,47820000,236,393,47840000,16762
2,2392,47840000,47840000,236,393,47860000,16769
2,2393,47860000,47860000,236,393,47880000,16775
2,2394,47880000,47880000,236,393,47900000,16784
2,2395,47900000,47900000,236,393,47920000,16789
2,2396,47920000,47920000,236,393,47940000,16796
2,2397,47940000,47940000,236,393,47960000,16805
2,2398,47960000,47960000,236,393,47980000,16811
2,2399,47980000,47980000,236,393,48000000,16817
2,24,480000,480000,236,393,500000,170
2,240,4800000,4800000,236,393,4820000,1684
2,2400,48000000,48000000,236,393,48020000,16825
2,2401,48020000,48020000,236,393,48040000,16832
2,2402,48040000,48040000,236,393,48060000,16838
2,2403,48060000,48060000,236,393,48080000,16847
2,2404,48080000,48080000,236,393,48100000,16853
2,2405,48100000,48100000,236,393,48120000,16860
2,2406,48120000,48120000,236,393,48140000,16867
2,2407,48140000,48140000,236,393,48160000,16874
2,2408,48160000,48160000,236,393,48180000,16881
2,2409,48180000,48180000,236,393,48200000,16889
2,241,4820000,4820000,236,393,4840000,1690
2,2410,48200000,48200000,236,393,48220000,16894
2,2411,48220000,48220000,236,393,48240000,16902
2,2412,48240000,48240000,236,393,48260000,16910
2,2413,48260000,48260000,236,393,48280000,16915
2,2414,48280000,48280000,236,393,48300000,16922
2,2415,48300000,48300000,236,393,48320000,16931
2,2416,48320000,48320000,236,393,48340000,16937
2,2417,48340000,48340000,236,393,48360000,16943
2,2418,48360000,48360000,236,393,48380000,16953
2,2419,48380000,48380000,236,393,48400000,16958
2,242,4840000,4840000,236,393,4860000,1697
2,2420,48400000,48400000,236,393,48420000,16964
2,2421,48420000,48420000,236,393,48440000,16972
2,2422,48440000,48440000,236,393,48460000,16980
2,2423,48460000,48460000,236,393,48480000,16986
2,2424,48480000,48480000,236,393,48500000,16993
2,2425,48500000,48500000,236,393,48520000,17000
2,2426,48520000,48520000,236,393,48540000,17008
2,2427,48540000,48540000,236,393,48560000,17015
2,2428,48560000,48560000,236,393,48580000,17020
2,2429,48580000,48580000,236,393,48600000,17027
2,243,4860000,4860000,236,393,4880000,1706
2,2430,48600000,48600000,236,393,48620000,17036
2,2431,48620000,48620000,236,393,48640000,17042
2,2432,48640000,48640000,236,393,48660000,17049
2,2433,48660000,48660000,236,393,48680000,17057
2,2434,48680000,48680000,236,393,48700000,17063
2,2435,48700000,48700000,236,393,48720000,17070
2,2436,48720000,48720000,236,393,48740000,17078
2,2437,48740000,48740000,236,393,48760000,17084
2,2438,48760000,48760000,236,393,48780000,17090
2,2439,48780000,48780000,236,393,48800000,17100
2,244,4880000,4880000,236,393,4900000,1711
2,2440,48800000,48800000,236,393,48820000,17105
2,2441,48820000,48820000,236,393,48840000,17112
2,2442,48840000,48840000,236,393,48860000,17119
2,2443,48860000,48860000,236,393,48880000,17127
2,2444,48880000,48880000,236,393,48900000,17133
2,2445,48900000,48900000,236,393,48920000,17141
2,2446,48920000,48920000,236,393,48940000,17147
2,2447,48940000,48940000,236,393,48960000,17153
2,2448,48960000,48960000,236,393,48980000,17163
2,2449,48980000,48980000,236,393,49000000,17168
2,245,4900000,4900000,236,393,4920000,1718
2,2450,49000000,49000000,236,393,49020000,17175
2,2451,49020000,49020000,236,393,49040000,17182
2,2452,49040000,49040000,236,393,49060000,17190
2,2453,49060000,49060000,236,393,49080000,17197
2,2454,49080000,49080000,236,393,49100000,17204
2,2455,49100000,49100000,236,393,49120000,17209
2,2456,49120000,49120000,236,393,49140000,17217
2,2457,49140000,49140000,236,393,49160000,17226
2,2458,49160000,49160000,236,393,49180000,17231
2,2459,49180000,49180000,236,393,49200000,17237
2,246,4920000,4920000,236,393,4940000,1726
2,2460,49200000,49200000,236,393,49220000,17247
2,2461,49220000,49220000,236,393,49240000,17253
2,2462,49240000,49240000,236,393,49260000,17259
2,2463,49260000,49260000,236,393,49280000,17267
2,2464,49280000,49280000,236,393,49300000,17273
2,2465,49300000,49300000,236,393,49320000,17280
2,2466,49320000,49320000,236,393,49340000,17288
2,2467,49340000,49340000,236,393,49360000,17295
2,2468,49360000,49360000,236,393,49380000,17301
2,2469,49380000,49380000,236,393,49400000,17309
2,247,4940000,4940000,236,393,4960000,1733
2,2470,49400000,49400000,236,393,49420000,17315
2,2471,49420000,49420000,236,393,49440000,17323
2,2472,49440000,49440000,236,393,49460000,17330
2,2473,49460000,49460000,236,393,49480000,17336
2,2474,49480000,49480000,236,393,49500000,17343
2,2475,49500000,49500000,236,393,49520000,17352
2,2476,49520000,49520000,236,393,49540000,17357
2,2477,49540000,49540000,236,393,49560000,17364
2,2478,49560000,49560000,236,393,49580000,17373
2,2479,49580000,49580000,236,393,49600000,17379
2,248,4960000,4960000,236,393,4980000,1740
2,2480,49600000,49600000,236,393,49620000,17385
2,2481,49620000,49620000,236,393,49640000,17393
2,2482,49640000,49640000,236,393,49660000,17400
2,2483,49660000,49660000,236,393,49680000,17406
2,2484,49680000,49680000,236,393,49700000,17414
2,2485,49700000,49700000,236,393,49720000,17420
2,2486,49720000,49720000,236,393,49740000,17428
2,2487,49740000,49740000,236,393,49760000,17435
2,2488,49760000,49760000,236,393,49780000,17442
2,2489,49780000,49780000,236,393,49800000,17448
2,249,4980000,4980000,236,393,5000000,1747
2,2490,49800000,49800000,236,393,49820000,17457
2,2491,49820000,49820000,236,393,49840000,17462
2,2492,49840000,49840000,236,393,49860000,17469
2,2493,49860000,49860000,236,393,49880000,17478
2,2494,49880000,49880000,236,393,49900000,17484
2,2495,49900000,49900000,236,393,49920000,17491
2,2496,49920000,49920000,236,393,49940000,17498
2,2497,49940000,49940000,236,393,49960000,17505
2,2498,49960000,49960000,236,393,49980000,17511
2,2499,49980000,49980000,236,393,50000000,17520
2,25,500000,500000,236,393,520000,176
2,250,5000000,5000000,236,393,5020000,1753
2,2500,50000000,50000000,236,393,50020000,17525
2,2501,50020000,50020000,236,393,50040000,17532
2,2502,50040000,50040000,236,393,50060000,17541
2,2503,50060000,50060000,236,393,50080000,17547
2,2504,50080000,50080000,236,393,50100000,17553
2,2505,50100000,50100000,236,393,50120000,17561
2,2506,50120000,50120000,236,393,50140000,17568
2,2507,50140000,50140000,236,393,50160000,17575
2,2508,50160000,50160000,236,393,50180000,17583
2,2509,50180000,50180000,236,393,50200000,17589
2,251,5020000,5020000,236,393,5040000,1760
2,2510,50200000,50200000,236,393,50220000,17595
2,2511,50220000,50220000,236,393,50240000,17604
2,2512,50240000,50240000,236,393,50260000,17610
2,2513,50260000,50260000,236,393,50280000,17617
2,2514,50280000,50280000,236,393,50300000,17624
2,2515,50300000,50300000,236,393,50320000,17630
2,2516,50320000,50320000,236,393,50340000,17639
2,2517,50340000,50340000,236,393,50360000,17646
2,2518,50360000,50360000,236,393,50380000,17651
2,2519,50380000,50380000,236,393,50400000,17657
2,252,5040000,5040000,236,393,5060000,1769
2,2520,50400000,50400000,236,393,50420000,17668
2,2521,50420000,50420000,236,393,50440000,17673
2,2522,50440000,50440000,236,393,50460000,17679
2,2523,50460000,50460000,236,393,50480000,17688
2,2524,50480000,50480000,236,393,50500000,17695
2,2525,50500000,50500000,236,393,50520000,17701
2,2526,50520000,50520000,236,393,50540000,17708
2,2527,50540000,50540000,236,393,50560000,17715
2,2528,50560000,50560000,236,393,50580000,17722
2,2529,50580000,50580000,236,393,50600000,17730
2,253,5060000,5060000,236,393,5080000,1774
2,2530,50600000,50600000,236,393,50620000,17736
2,2531,50620000,50620000,236,393,50640000,17743
2,2532,50640000,50640000,236,393,50660000,17750
2,2533,50660000,50660000,236,393,50680000,17757
2,2534,50680000,50680000,236,393,50700000,17764
2,2535,50700000,50700000,236,393,50720000,17772
2,2536,50720000,50720000,236,393,50740000,17777
2,2537,50740000,50740000,236,393,50760000,17785
2,2538,50760000,50760000,236,393,50780000,17794
2,2539,50780000,50780000,236,393,50800000,17799
2,254,5080000,5080000,236,393,5100000,1780
2,2540,50800000,50800000,236,393,50820000,17805
2,2541,50820000,50820000,236,393,50840000,17814
2,2542,50840000,50840000,236,393,50860000,17821
2,2543,50860000,50860000,236,393,50880000,17827
2,2544,50880000,50880000,236,393,50900000,17835
2,2545,50900000,50900000,236,393,50920000,17841
2,2546,50920000,50920000,236,393,50940000,17848
2,2547,50940000,50940000,236,393,50960000,17856
2,2548,50960000,50960000,236,393,50980000,17862
2,2549,50980000,50980000,236,393,51000000,17868
2,255,5100000,5100000,236,393,5120000,1790
2,2550,51000000,51000000,236,393,51020000,17877
2,2551,51020000,51020000,236,393,51040000,17884
2,2552,51040000,51040000,236,393,51060000,17890
2,2553,51060000,51060000,236,393,51080000,17898
2,2554,51080000,51080000,236,393,51100000,17904
2,2555,51100000,51100000,236,393,51120000,17911
2,2556,51120000,51120000,236,393,51140000,17919
2,2557,51140000,51140000,236,393,51160000,17925
2,2558,51160000,51160000,236,393,51180000,17933
2,2559,51180000,51180000,236,393,51200000,17940
2,256,5120000,5120000,236,393,5140000,1796
2,2560,51200000,51200000,236,393,51220000,17946
2,2561,51220000,51220000,236,393,51240000,17953
2,2562,51240000,51240000,236,393,51260000,17962
2,2563,51260000,51260000,236,393,51280000,17967
2,2564,51280000,51280000,236,393,51300000,17973
2,2565,51300000,51300000,236,393,51320000,17983
2,2566,51320000,51320000,236,393,51340000,17988
2,2567,51340000,51340000,236,393,51360000,17995
2,2568,51360000,51360000,236,393,51380000,18003
2,2569,51380000,51380000,236,393,51400000,18010
2,257,5140000,5140000,236,393,5160000,1802
2,2570,51400000,51400000,236,393,51420000,18016
2,2571,51420000,51420000,236,393,51440000,18024
2,2572,51440000,51440000,236,393,51460000,18031
2,2573,51460000,51460000,236,393,51480000,18037
2,2574,51480000,51480000,236,393,51500000,18045
2,2575,51500000,51500000,236,393,51520000,18051
2,2576,51520000,51520000,236,393,51540000,18059
2,2577,51540000,51540000,236,393,51560000,18066
2,2578,51560000,51560000,236,393,51580000,18072
2,2579,51580000,51580000,236,393,51600000,18080
2,258,5160000,5160000,236,393,5180000,1810
2,2580,51600000,51600000,236,393,51620000,18088
2,2581,51620000,51620000,236,393,51640000,18093
2,2582,51640000,51640000,236,393,51660000,18099
2,2583,51660000,51660000,236,393,51680000,18109
2,2584,51680000,51680000,236,393,51700000,18115
2,2585,51700000,51700000,236,393,51720000,18121
2,2586,51720000,51720000,236,393,51740000,18129
2,2587,51740000,51740000,236,393,51760000,18136
2,2588,51760000,51760000,236,393,51780000,18143
2,2589,51780000,51780000,236,393,51800000,18150
2,259,5180000,5180000,236,393,5200000,1817
2,2590,51800000,51800000,236,393,51820000,18156
2,2591,51820000,51820000,236,393,51840000,18163
2,2592,51840000,51840000,236,393,51860000,18172
2,2593,51860000,51860000,236,393,51880000,18178
2,2594,51880000,51880000,236,393,51900000,18184
2,2595,51900000,51900000,236,393,51920000,18192
2,2596,51920000,51920000,236,393,51940000,18199
2,2597,51940000,51940000,236,393,51960000,18206
2,2598,51960000,51960000,236,393,51980000,18214
2,2599,51980000,51980000,236,393,52000000,18219
2,26,520000,520000,236,393,540000,183
2,260,5200000,5200000,236,393,5220000,1823
2,2600,52000000,52000000,236,393,52020000,18226
2,2601,52020000,52020000,236,393,52040000,18235
2,2602,52040000,52040000,236,393,52060000,18241
2,2603,52060000,52060000,236,393,52080000,18247
2,2604,52080000,52080000,236,393,52100000,18255
2,2605,52100000,52100000,236,393,52120000,18262
2,2606,52120000,52120000,236,393,52140000,18269
2,2607,52140000,52140000,236,393,52160000,18277
2,2608,52160000,52160000,236,393,52180000,18282
2,2609,52180000,52180000,236,393,52200000,18289
2,261,5220000,5220000,236,393,5240000,1831
2,2610,52200000,52200000,236,393,52220000,18298
2,2611,52220000,52220000,236,393,52240000,18304
2,2612,52240000,52240000,236,393,52260000,18310
2,2613,52260000,52260000,236,393,52280000,18319
2,2614,52280000,52280000,236,393,52300000,18326
2,2615,52300000,52300000,236,393,52320000,18332
2,2616,52320000,52320000,236,393,52340000,18339
2,2617,52340000,52340000,236,393,52360000,18345
2,2618,52360000,52360000,236,393,52380000,18353
2,2619,52380000,52380000,236,393,52400000,18361
2,262,5240000,5240000,236,393,5260000,1838
2,2620,52400000,52400000,236,393,52420000,18366
2,2621,52420000,52420000,236,393,52440000,18374
2,2622,52440000,52440000,236,393,52460000,18382
2,2623,52460000,52460000,236,393,52480000,18388
2,2624,52480000,52480000,236,393,52500000,18394
2,2625,52500000,52500000,236,393,52520000,18403
2,2626,52520000,52520000,236,393,52540000,18409
2,2627,52540000,52540000,236,393,52560000,18415
2,2628,52560000,52560000,236,393,52580000,18425
2,2629,52580000,52580000,236,393,52600000,18430
2,263,5260000,5260000,236,393,5280000,1845
2,2630,52600000,52600000,236,393,52620000,18437
2,2631,52620000,52620000,236,393,52640000,18444
2,2632,52640000,52640000,236,393,52660000,18452
2,2633,52660000,52660000,236,393,52680000,18458
2,2634,52680000,52680000,236,393,52700000,18465
2,2635,52700000,52700000,236,393,52720000,18472
2,2636,52720000,52720000,236,393,52740000,18479
2,2637,52740000,52740000,236,393,52760000,18487
2,2638,52760000,52760000,236,393,52780000,18492
2,2639,52780000,52780000,236,393,52800000,18500
2,264,5280000,5280000,236,393,5300000,1852
2,2640,52800000,52800000,236,393,52820000,18508
2,2641,52820000,52820000,236,393,52840000,18514
2,2642,52840000,52840000,236,393,52860000,18521
2,2643,52860000,52860000,236,393,52880000,18530
2,2644,52880000,52880000,236,393,52900000,18535
2,2645,52900000,52900000,236,393,52920000,18541
2,2646,52920000,52920000,236,393,52940000,18550
2,2647,52940000,52940000,236,393,52960000,18557
2,2648,52960000,52960000,236,393,52980000,18563
2,2649,52980000,52980000,236,393,53000000,18571
2,265,5300000,5300000,236,393,5320000,1858
2,2650,53000000,53000000,236,393,53020000,18577
2,2651,53020000,53020000,236,393,53040000,18584
2,2652,53040000,53040000,236,393,53060000,18592
2,2653,53060000,53060000,236,393,53080000,18598
2,2654,53080000,53080000,236,393,53100000,18604
2,2655,53100000,53100000,236,393,53120000,18613
2,2656,53120000,53120000,236,393,53140000,18620
2,2657,53140000,53140000,236,393,53160000,18626
2,2658,53160000,53160000,236,393,53180000,18634
2,2659,53180000,53180000,236,393,53200000,18640
2,266,5320000,5320000,236,393,5340000,1866
2,2660,53200000,53200000,236,393,53220000,18648
2,2661,53220000,53220000,236,393,53240000,18655
2,2662,53240000,53240000,236,393,53260000,18661
2,2663,53260000,53260000,236,393,53280000,18668
2,2664,53280000,53280000,236,393,53300000,18677
2,2665,53300000,53300000,236,393,53320000,18682
2,2666,53320000,53320000,236,393,53340000,18689
2,2667,53340000,53340000,236,393,53360000,18697
2,2668,53360000,53360000,236,393,53380000,18703
2,2669,53380000,53380000,236,393,53400000,18710
2,267,5340000,5340000,236,393,5360000,1874
2,2670,53400000,53400000,236,393,53420000,18719
2,2671,53420000,53420000,236,393,53440000,18724
2,2672,53440000,53440000,236,393,53460000,18730
2,2673,53460000,53460000,236,393,53480000,18740
2,2674,53480000,53480000,236,393,53500000,18746
2,2675,53500000,53500000,236,393,53520000,18752
2,2676,53520000,53520000,236,393,53540000,18759
2,2677,53540000,53540000,236,393,53560000,18768
2,2678,53560000,53560000,236,393,53580000,18774
2,2679,53580000,53580000,236,393,53600000,18781
2,268,5360000,5360000,236,393,5380000,1879
2,2680,53600000,53600000,236,393,53620000,18786
2,2681,53620000,53620000,236,393,53640000,18795
2,2682,53640000,53640000,236,393,53660000,18803
2,2683,53660000,53660000,236,393,53680000,18808
2,2684,53680000,53680000,236,393,53700000,18815
2,2685,53700000,53700000,236,393,53720000,18823
2,2686,53720000,53720000,236,393,53740000,18830
2,2687,53740000,53740000,236,393,53760000,18836
2,2688,53760000,53760000,236,393,53780000,18845
2,2689,53780000,53780000,236,393,53800000,18850
2,269,5380000,5380000,236,393,5400000,1886
2,2690,53800000,53800000,236,393,53820000,18857
2,2691,53820000,53820000,236,393,53840000,18866
2,2692,53840000,53840000,236,393,53860000,18872
2,2693,53860000,53860000,236,393,53880000,18878
2,2694,53880000,53880000,236,393,53900000,18886
2,2695,53900000,53900000,236,393,53920000,18893
2,2696,53920000,53920000,236,393,53940000,18900
2,2697,53940000,53940000,236,393,53960000,18907
2,2698,53960000,53960000,236,393,53980000,18914
2,2699,53980000,53980000,236,393,54000000,18920
2,27,540000,540000,236,393,560000,191
2,270,5400000,5400000,236,393,5420000,1895
2,2700,54000000,54000000,236,393,54020000,18929
2,2701,54020000,54020000,236,393,54040000,18934
2,2702,54040000,54040000,236,393,54060000,18941
2,2703,54060000,54060000,236,393,54080000,18950
2,2704,54080000,54080000,236,393,54100000,18956
2,2705,54100000,54100000,236,393,54120000,18963
2,2706,54120000,54120000,236,393,54140000,18970
2,2707,54140000,54140000,236,393,54160000,18977
2,2708,54160000,54160000,236,393,54180000,18983
2,2709,54180000,54180000,236,393,54200000,18992
2,271,5420000,5420000,236,393,5440000,1900
2,2710,54200000,54200000,236,393,54220000,18997
2,2711,54220000,54220000,236,393,54240000,19005
2,2712,54240000,54240000,236,393,54260000,19013
2,2713,54260000,54260000,236,393,54280000,19019
2,2714,54280000,54280000,236,393,54300000,19025
2,2715,54300000,54300000,236,393,54320000,19034
2,2716,54320000,54320000,236,393,54340000,19040
2,2717,54340000,54340000,236,393,54360000,19046
2,2718,54360000,54360000,236,393,54380000,19055
2,2719,54380000,54380000,236,393,54400000,19061
2,272,5440000,5440000,236,393,5460000,1907
2,2720,54400000,54400000,236,393,54420000,19068
2,2721,54420000,54420000,236,393,54440000,19075
2,2722,54440000,54440000,236,393,54460000,19082
2,2723,54460000,54460000,236,393,54480000,19089
2,2724,54480000,54480000,236,393,54500000,19097
2,2725,54500000,54500000,236,393,54520000,19102
2,2726,54520000,54520000,236,393,54540000,19110
2,2727,54540000,54540000,236,393,54560000,19118
2,2728,54560000,54560000,236,393,54580000,19124
2,2729,54580000,54580000,236,393,54600000,19130
2,273,5460000,5460000,236,393,5480000,1916
2,2730,54600000,54600000,236,393,54620000,19139
2,2731,54620000,54620000,236,393,54640000,19145
2,2732,54640000,54640000,236,393,54660000,19152
2,2733,54660000,54660000,236,393,54680000,19161
2,2734,54680000,54680000,236,393,54700000,19166
2,2735,54700000,54700000,236,393,54720000,19172
2,2736,54720000,54720000,236,393,54740000,19180
2,2737,54740000,54740000,236,393,54760000,19188
2,2738,54760000,54760000,236,393,54780000,19194
2,2739,54780000,54780000,236,393,54800000,19201
2,274,5480000,5480000,236,393,5500000,1922
2,2740,54800000,54800000,236,393,54820000,19208
2,2741,54820000,54820000,236,393,54840000,19216
2,2742,54840000,54840000,236,393,54860000,19223
2,2743,54860000,54860000,236,393,54880000,19228
2,2744,54880000,54880000,236,393,54900000,19235
2,2745,54900000,54900000,236,393,54920000,19245
2,2746,54920000,54920000,236,393,54940000,19250
2,2747,54940000,54940000,236,393,54960000,19257
2,2748,54960000,54960000,236,393,54980000,19265
2,2749,54980000,54980000,236,393,55000000,19272
2,275,5500000,5500000,236,393,5520000,1928
2,2750,55000000,55000000,236,393,55020000,19278
2,2751,55020000,55020000,236,393,55040000,19286
2,2752,55040000,55040000,236,393,55060000,19292
2,2753,55060000,55060000,236,393,55080000,19298
2,2754,55080000,55080000,236,393,55100000,19308
2,2755,55100000,55100000,236,393,55120000,19313
2,2756,55120000,55120000,236,393,55140000,19320
2,2757,55140000,55140000,236,393,55160000,19327
2,2758,55160000,55160000,236,393,55180000,19335
2,2759,55180000,55180000,236,393,55200000,19341
2,276,5520000,5520000,236,393,5540000,1937
2,2760,55200000,55200000,236,393,55220000,19349
2,2761,55220000,55220000,236,393,55240000,19355
2,2762,55240000,55240000,236,393,55260000,19362
2,2763,55260000,55260000,236,393,55280000,19371
2,2764,55280000,55280000,236,393,55300000,19376
2,2765,55300000,55300000,236,393,55320000,19383
2,2766,55320000,55320000,236,393,55340000,19391
2,2767,55340000,55340000,236,393,55360000,19398
2,2768,55360000,55360000,236,393,55380000,19405
2,2769,55380000,55380000,236,393,55400000,19412
2,277,5540000,5540000,236,393,5560000,1943
2,2770,55400000,55400000,236,393,55420000,19417
2,2771,55420000,55420000,236,393,55440000,19425
2,2772,55440000,55440000,236,393,55460000,19434
2,2773,55460000,55460000,236,393,55480000,19439
2,2774,55480000,55480000,236,393,55500000,19445
2,2775,55500000,55500000,236,393,55520000,19455
2,2776,55520000,55520000,236,393,55540000,19461
2,2777,55540000,55540000,236,393,55560000,19467
2,2778,55560000,55560000,236,393,55580000,19475
2,2779,55580000,55580000,236,393,55600000,19482
2,278,5560000,5560000,236,393,5580000,1949
2,2780,55600000,55600000,236,393,55620000,19488
2,2781,55620000,55620000,236,393,55640000,19496
2,2782,55640000,55640000,236,393,55660000,19503
2,2783,55660000,55660000,236,393,55680000,19510
2,2784,55680000,55680000,236,393,55700000,19517
2,2785,55700000,55700000,236,393,55720000,19523
2,2786,55720000,55720000,236,393,55740000,19531
2,2787,55740000,55740000,236,393,55760000,19538
2,2788,55760000,55760000,236,393,55780000,19544
2,2789,55780000,55780000,236,393,55800000,19551
2,279,5580000,5580000,236,393,5600000,1957
2,2790,55800000,55800000,236,393,55820000,19560
2,2791,55820000,55820000,236,393,55840000,19565
2,2792,55840000,55840000,236,393,55860000,19572
2,2793,55860000,55860000,236,393,55880000,19581
2,2794,55880000,55880000,236,393,55900000,19587
2,2795,55900000,55900000,236,393,55920000,19593
2,2796,55920000,55920000,236,393,55940000,19602
2,2797,55940000,55940000,236,393,55960000,19608
2,2798,55960000,55960000,236,393,55980000,19614
2,2799,55980000,55980000,236,393,56000000,19622
2,28,560000,560000,236,393,580000,197
2,280,5600000,5600000,236,393,5620000,1964
2,2800,56000000,56000000,236,393,56020000,19629
2,2801,56020000,56020000,236,393,56040000,19636
2,2802,56040000,56040000,236,393,56060000,19643
2,2803,56060000,56060000,236,393,56080000,19650
2,2804,56080000,56080000,236,393,56100000,19656
2,2805,56100000,56100000,236,393,56120000,19665
2,2806,56120000,56120000,236,393,56140000,19670
2,2807,56140000,56140000,236,393,56160000,19677
2,2808,56160000,56160000,236,393,56180000,19686
2,2809,56180000,56180000,236,393,56200000,19692
2,281,5620000,5620000,236,393,5640000,1971
2,2810,56200000,56200000,236,393,56220000,19699
2,2811,56220000,56220000,236,393,56240000,19706
2,2812,56240000,56240000,236,393,56260000,19713
2,2813,56260000,56260000,236,393,56280000,19720
2,2814,56280000,56280000,236,393,56300000,19728
2,2815,56300000,56300000,236,393,56320000,19733
2,2816,56320000,56320000,236,393,56340000,19740
2,2817,56340000,56340000,236,393,56360000,19750
2,2818,56360000,56360000,236,393,56380000,19755
2,2819,56380000,56380000,236,393,56400000,19761
2,282,5640000,5640000,236,393,5660000,1978
2,2820,56400000,56400000,236,393,56420000,19769
2,2821,56420000,56420000,236,393,56440000,19776
2,2822,56440000,56440000,236,393,56460000,19783
2,2823,56460000,56460000,236,393,56480000,19791
2,2824,56480000,56480000,236,393,56500000,19797
2,2825,56500000,56500000,236,393,56520000,19803
2,2826,56520000,56520000,236,393,56540000,19812
2,2827,56540000,56540000,236,393,56560000,19818
2,2828,56560000,56560000,236,393,56580000,19825
2,2829,56580000,56580000,236,393,56600000,19832
2,283,5660000,5660000,236,393,5680000,1985
2,2830,56600000,56600000,236,393,56620000,19839
2,2831,56620000,56620000,236,393,56640000,19847
2,2832,56640000,56640000,236,393,56660000,19854
2,2833,56660000,56660000,236,393,56680000,19859
2,2834,56680000,56680000,236,393,56700000,19866
2,2835,56700000,56700000,236,393,56720000,19876
2,2836,56720000,56720000,236,393,56740000,19881
2,2837,56740000,56740000,236,393,56760000,19887
2,2838,56760000,56760000,236,393,56780000,19896
2,2839,56780000,56780000,236,393,56800000,19903
2,284,5680000,5680000,236,393,5700000,1992
2,2840,56800000,56800000,236,393,56820000,19909
2,2841,56820000,56820000,236,393,56840000,19916
2,2842,56840000,56840000,236,393,56860000,19923
2,2843,56860000,56860000,236,393,56880000,19930
2,2844,56880000,56880000,236,393,56900000,19938
2,2845,56900000,56900000,236,393,56920000,19944
2,2846,56920000,56920000,236,393,56940000,19951
2,2847,56940000,56940000,236,393,56960000,19959
2,2848,56960000,56960000,236,393,56980000,19965
2,2849,56980000,56980000,236,393,57000000,19972
2,285,5700000,5700000,236,393,5720000,2000
2,2850,57000000,57000000,236,393,57020000,19980
2,2851,57020000,57020000,236,393,57040000,19986
2,2852,57040000,57040000,236,393,57060000,19993
2,2853,57060000,57060000,236,393,57080000,20002
2,2854,57080000,57080000,236,393,57100000,20007
2,2855,57100000,57100000,236,393,57120000,20013
2,2856,57120000,57120000,236,393,57140000,20022
2,2857,57140000,57140000,236,393,57160000,20029
2,2858,57160000,57160000,236,393,57180000,20035
2,2859,57180000,57180000,236,393,57200000,20043
2,286,5720000,5720000,236,393,5740000,2005
2,2860,57200000,57200000,236,393,57220000,20049
2,2861,57220000,57220000,236,393,57240000,20056
2,2862,57240000,57240000,236,393,57260000,20064
2,2863,57260000,57260000,236,393,57280000,20070
2,2864,57280000,57280000,236,393,57300000,20077
2,2865,57300000,57300000,236,393,57320000,20085
2,2866,57320000,57320000,236,393,57340000,20092
2,2867,57340000,57340000,236,393,57360000,20098
2,2868,57360000,57360000,236,393,57380000,20107
2,2869,57380000,57380000,236,393,57400000,20112
2,287,5740000,5740000,236,393,5760000,2012
2,2870,57400000,57400000,236,393,57420000,20119
2,2871,57420000,57420000,236,393,57440000,20127
2,2872,57440000,57440000,236,393,57460000,20133
2,2873,57460000,57460000,236,393,57480000,20141
2,2874,57480000,57480000,236,393,57500000,20148
2,2875,57500000,57500000,236,393,57520000,20154
2,2876,57520000,57520000,236,393,57540000,20161
2,2877,57540000,57540000,236,393,57560000,20170
2,2878,57560000,57560000,236,393,57580000,20175
2,2879,57580000,57580000,236,393,57600000,20181
2,288,5760000,5760000,236,393,5780000,2021
2,2880,57600000,57600000,236,393,57620000,20191
2,2881,57620000,57620000,236,393,57640000,20197
2,2882,57640000,57640000,236,393,57660000,20203
2,2883,57660000,57660000,236,393,57680000,20211
2,2884,57680000,57680000,236,393,57700000,20218
2,2885,57700000,57700000,236,393,57720000,20225
2,2886,57720000,57720000,236,393,57740000,20232
2,2887,57740000,57740000,236,393,57760000,20239
2,2888,57760000,57760000,236,393,57780000,20245
2,2889,57780000,57780000,236,393,57800000,20253
2,289,5780000,5780000,236,393,5800000,2027
2,2890,57800000,57800000,236,393,57820000,20259
2,2891,57820000,57820000,236,393,57840000,20267
2,2892,57840000,57840000,236,393,57860000,20274
2,2893,57860000,57860000,236,393,57880000,20280
2,2894,57880000,57880000,236,393,57900000,20288
2,2895,57900000,57900000,236,393,57920000,20296
2,2896,57920000,57920000,236,393,57940000,20301
2,2897,57940000,57940000,236,393,57960000,20307
2,2898,57960000,57960000,236,393,57980000,20318
2,2899,57980000,57980000,236,393,58000000,20323
2,29,580000,580000,236,393,600000,204
2,290,5800000,5800000,236,393,5820000,2034
2,2900,58000000,58000000,236,393,58020000,20329
2,2901,58020000,58020000,236,393,58040000,20337
2,2902,58040000,58040000,236,393,58060000,20345
2,2903,58060000,58060000,236,393,58080000,20351
2,2904,58080000,58080000,236,393,58100000,20358
2,2905,58100000,58100000,236,393,58120000,20364
2,2906,58120000,58120000,236,393,58140000,20371
2,2907,58140000,58140000,236,393,58160000,20380
2,2908,58160000,58160000,236,393,58180000,20386
2,2909,58180000,58180000,236,393,58200000,20392
2,291,5820000,5820000,236,393,5840000,2041
2,2910,58200000,58200000,236,393,58220000,20400
2,2911,58220000,58220000,236,393,58240000,20407
2,2912,58240000,58240000,236,393,58260000,20414
2,2913,58260000,58260000,236,393,58280000,20422
2,2914,58280000,58280000,236,393,58300000,20427
2,2915,58300000,58300000,236,393,58320000,20435
2,2916,58320000,58320000,236,393,58340000,20443
2,2917,58340000,58340000,236,393,58360000,20449
2,2918,58360000,58360000,236,393,58380000,20455
2,2919,58380000,58380000,236,393,58400000,20464
2,292,5840000,5840000,236,393,5860000,2048
2,2920,58400000,58400000,236,393,58420000,20470
2,2921,58420000,58420000,236,393,58440000,20477
2,2922,58440000,58440000,236,393,58460000,20485
2,2923,58460000,58460000,236,393,58480000,20490
2,2924,58480000,58480000,236,393,58500000,20497
2,2925,58500000,58500000,236,393,58520000,20506
2,2926,58520000,58520000,236,393,58540000,20512
2,2927,58540000,58540000,236,393,58560000,20518
2,2928,58560000,58560000,236,393,58580000,20527
2,2929,58580000,58580000,236,393,58600000,20534
2,293,5860000,5860000,236,393,5880000,2055
2,2930,58600000,58600000,236,393,58620000,20540
2,2931,58620000,58620000,236,393,58640000,20547
2,2932,58640000,58640000,236,393,58660000,20554
2,2933,58660000,58660000,236,393,58680000,20561
2,2934,58680000,58680000,236,393,58700000,20569
2,2935,58700000,58700000,236,393,58720000,20574
2,2936,58720000,58720000,236,393,58740000,20583
2,2937,58740000,58740000,236,393,58760000,20590
2,2938,58760000,58760000,236,393,58780000,20596
2,2939,58780000,58780000,236,393,58800000,20602
2,294,5880000,5880000,236,393,5900000,2063
2,2940,58800000,58800000,236,393,58820000,20611
2,2941,58820000,58820000,236,393,58840000,20617
2,2942,58840000,58840000,236,393,58860000,20623
2,2943,58860000,58860000,236,393,58880000,20633
2,2944,58880000,58880000,236,393,58900000,20638
2,2945,58900000,58900000,236,393,58920000,20645
2,2946,58920000,58920000,236,393,58940000,20652
2,2947,58940000,58940000,236,393,58960000,20660
2,2948,58960000,58960000,236,393,58980000,20666
2,2949,58980000,58980000,236,393,59000000,20674
2,295,5900000,5900000,236,393,5920000,2068
2,2950,59000000,59000000,236,393,59020000,20680
2,2951,59020000,59020000,236,393,59040000,20687
2,2952,59040000,59040000,236,393,59060000,20695
2,2953,59060000,59060000,236,393,59080000,20701
2,2954,59080000,59080000,236,393,59100000,20708
2,2955,59100000,59100000,236,393,59120000,20716
2,2956,59120000,59120000,236,393,59140000,20722
2,2957,59140000,59140000,236,393,59160000,20729
2,2958,59160000,59160000,236,393,59180000,20738
2,2959,59180000,59180000,236,393,59200000,20743
2,296,5920000,5920000,236,393,5940000,2075
2,2960,59200000,59200000,236,393,59220000,20749
2,2961,59220000,59220000,236,393,59240000,20758
2,2962,59240000,59240000,236,393,59260000,20765
2,2963,59260000,59260000,236,393,59280000,20771
2,2964,59280000,59280000,236,393,59300000,20779
2,2965,59300000,59300000,236,393,59320000,20785
2,2966,59320000,59320000,236,393,59340000,20793
2,2967,59340000,59340000,236,393,59360000,20800
2,2968,59360000,59360000,236,393,59380000,20806
2,2969,59380000,59380000,236,393,59400000,20812
2,297,5940000,5940000,236,393,5960000,2085
2,2970,59400000,59400000,236,393,59420000,20822
2,2971,59420000,59420000,236,393,59440000,20828
2,2972,59440000,59440000,236,393,59460000,20834
2,2973,59460000,59460000,236,393,59480000,20842
2,2974,59480000,59480000,236,393,59500000,20848
2,2975,59500000,59500000,236,393,59520000,20856
2,2976,59520000,59520000,236,393,59540000,20863
2,2977,59540000,59540000,236,393,59560000,20869
2,2978,59560000,59560000,236,393,59580000,20876
2,2979,59580000,59580000,236,393,59600000,20885
2,298,5960000,5960000,236,393,5980000,2090
2,2980,59600000,59600000,236,393,59620000,20890
2,2981,59620000,59620000,236,393,59640000,20897
2,2982,59640000,59640000,236,393,59660000,20905
2,2983,59660000,59660000,236,393,59680000,20912
2,2984,59680000,59680000,236,393,59700000,20918
2,2985,59700000,59700000,236,393,59720000,20927
2,2986,59720000,59720000,236,393,59740000,20932
2,2987,59740000,59740000,236,393,59760000,20939
2,2988,59760000,59760000,236,393,59780000,20948
2,2989,59780000,59780000,236,393,59800000,20954
2,299,5980000,5980000,236,393,6000000,2096
2,2990,59800000,59800000,236,393,59820000,20960
2,2991,59820000,59820000,236,393,59840000,20967
2,2992,59840000,59840000,236,393,59860000,20976
2,2993,59860000,59860000,236,393,59880000,20982
2,2994,59880000,59880000,236,393,59900000,20989
2,2995,59900000,59900000,236,393,59920000,20994
2,2996,59920000,59920000,236,393,59940000,21003
2,2997,59940000,59940000,236,393,59960000,21011
2,2998,59960000,59960000,236,393,59980000,21016
2,2999,59980000,59980000,236,393,60000000,21023
2,3,60000,60000,236,393,80000,23
2,30,600000,600000,236,393,620000,212
2,300,6000000,6000000,236,393,6020000,2104
2,3000,60000000,60000000,236,393,60020000,21032
2,3001,60020000,60020000,236,393,60040000,21038
2,3002,60040000,60040000,236,393,60060000,21044
2,3003,60060000,60060000,236,393,60080000,21053
2,3004,60080000,60080000,236,393,60100000,21059
2,3005,60100000,60100000,236,393,60120000,21065
2,3006,60120000,60120000,236,393,60140000,21074
2,3007,60140000,60140000,236,393,60160000,21080
2,3008,60160000,60160000,236,393,60180000,21086
2,3009,60180000,60180000,236,393,60200000,21094
2,301,6020000,6020000,236,393,6040000,2112
2,3010,60200000,60200000,236,393,60220000,21101
2,3011,60220000,60220000,236,393,60240000,21108
2,3012,60240000,60240000,236,393,60260000,21115
2,3013,60260000,60260000,236,393,60280000,21122
2,3014,60280000,60280000,236,393,60300000,21128
2,3015,60300000,60300000,236,393,60320000,21137
2,3016,60320000,60320000,236,393,60340000,21142
2,3017,60340000,60340000,236,393,60360000,21150
2,3018,60360000,60360000,236,393,60380000,21158
2,3019,60380000,60380000,236,393,60400000,21164
2,302,6040000,6040000,236,393,6060000,2118
2,3020,60400000,60400000,236,393,60420000,21171
2,3021,60420000,60420000,236,393,60440000,21179
2,3022,60440000,60440000,236,393,60460000,21185
2,3023,60460000,60460000,236,393,60480000,21191
2,3024,60480000,60480000,236,393,60500000,21200
2,3025,60500000,60500000,236,393,60520000,21205
2,3026,60520000,60520000,236,393,60540000,21213
2,3027,60540000,60540000,236,393,60560000,21221
2,3028,60560000,60560000,236,393,60580000,21227
2,3029,60580000,60580000,236,393,60600000,21233
2,303,6060000,6060000,236,393,6080000,2126
2,3030,60600000,60600000,236,393,60620000,21242
2,3031,60620000,60620000,236,393,60640000,21248
2,3032,60640000,60640000,236,393,60660000,21254
2,3033,60660000,60660000,236,393,60680000,21263
2,3034,60680000,60680000,236,393,60700000,21270
2,3035,60700000,60700000,236,393,60720000,21276
2,3036,60720000,60720000,236,393,60740000,21283
2,3037,60740000,60740000,236,393,60760000,21290
2,3038,60760000,60760000,236,393,60780000,21298
2,3039,60780000,60780000,236,393,60800000,21305
2,304,6080000,6080000,236,393,6100000,2132
2,3040,60800000,60800000,236,393,60820000,21310
2,3041,60820000,60820000,236,393,60840000,21318
2,3042,60840000,60840000,236,393,60860000,21326
2,3043,60860000,60860000,236,393,60880000,21332
2,3044,60880000,60880000,236,393,60900000,21338
2,3045,60900000,60900000,236,393,60920000,21347
2,3046,60920000,60920000,236,393,60940000,21353
2,3047,60940000,60940000,236,393,60960000,21360
2,3048,60960000,60960000,236,393,60980000,21369
2,3049,60980000,60980000,236,393,61000000,21374
2,305,6100000,6100000,236,393,6120000,2138
2,3050,61000000,61000000,236,393,61020000,21380
2,3051,61020000,61020000,236,393,61040000,21389
2,3052,61040000,61040000,236,393,61060000,21396
2,3053,61060000,61060000,236,393,61080000,21402
2,3054,61080000,61080000,236,393,61100000,21409
2,3055,61100000,61100000,236,393,61120000,21417
2,3056,61120000,61120000,236,393,61140000,21424
2,3057,61140000,61140000,236,393,61160000,21431
2,3058,61160000,61160000,236,393,61180000,21436
2,3059,61180000,61180000,236,393,61200000,21443
2,306,6120000,6120000,236,393,6140000,2147
2,3060,61200000,61200000,236,393,61220000,21453
2,3061,61220000,61220000,236,393,61240000,21458
2,3062,61240000,61240000,236,393,61260000,21465
2,3063,61260000,61260000,236,393,61280000,21473
2,3064,61280000,61280000,236,393,61300000,21480
2,3065,61300000,61300000,236,393,61320000,21486
2,3066,61320000,61320000,236,393,61340000,21494
2,3067,61340000,61340000,236,393,61360000,21500
2,3068,61360000,61360000,236,393,61380000,21507
2,3069,61380000,61380000,236,393,61400000,21516
2,307,6140000,6140000,236,393,6160000,2153
2,3070,61400000,61400000,236,393,61420000,21521
2,3071,61420000,61420000,236,393,61440000,21528
2,3072,61440000,61440000,236,393,61460000,21536
2,3073,61460000,61460000,236,393,61480000,21543
2,3074,61480000,61480000,236,393,61500000,21549
2,3075,61500000,61500000,236,393,61520000,21557
2,3076,61520000,61520000,236,393,61540000,21563
2,3077,61540000,61540000,236,393,61560000,21570
2,3078,61560000,61560000,236,393,61580000,21579
2,3079,61580000,61580000,236,393,61600000,21584
2,308,6160000,6160000,236,393,6180000,2160
2,3080,61600000,61600000,236,393,61620000,21591
2,3081,61620000,61620000,236,393,61640000,21599
2,3082,61640000,61640000,236,393,61660000,21606
2,3083,61660000,61660000,236,393,61680000,21613
2,3084,61680000,61680000,236,393,61700000,21620
2,3085,61700000,61700000,236,393,61720000,21626
2,3086,61720000,61720000,236,393,61740000,21633
2,3087,61740000,61740000,236,393,61760000,21642
2,3088,61760000,61760000,236,393,61780000,21647
2,3089,61780000,61780000,236,393,61800000,21654
2,309,6180000,6180000,236,393,6200000,2167
2,3090,61800000,61800000,236,393,61820000,21663
2,3091,61820000,61820000,236,393,61840000,21669
2,3092,61840000,61840000,236,393,61860000,21675
2,3093,61860000,61860000,236,393,61880000,21683
2,3094,61880000,61880000,236,393,61900000,21690
2,3095,61900000,61900000,236,393,61920000,21696
2,3096,61920000,61920000,236,393,61940000,21704
2,3097,61940000,61940000,236,393,61960000,21711
2,3098,61960000,61960000,236,393,61980000,21718
2,3099,61980000,61980000,236,393,62000000,21725
2,31,620000,620000,236,393,640000,219
2,310,6200000,6200000,236,393,6220000,2174
2,3100,62000000,62000000,236,393,62020000,21731
2,3101,62020000,62020000,236,393,62040000,21739
2,3102,62040000,62040000,236,393,62060000,21747
2,3103,62060000,62060000,236,393,62080000,21752
2,3104,62080000,62080000,236,393,62100000,21759
2,3105,62100000,62100000,236,393,62120000,21768
2,3106,62120000,62120000,236,393,62140000,21774
2,3107,62140000,62140000,236,393,62160000,21780
2,3108,62160000,62160000,236,393,62180000,21789
2,3109,62180000,62180000,236,393,62200000,21795
2,311,6220000,6220000,236,393,6240000,2182
2,3110,62200000,62200000,236,393,62220000,21801
2,3111,62220000,62220000,236,393,62240000,21810
2,3112,62240000,62240000,236,393,62260000,21816
2,3113,62260000,62260000,236,393,62280000,21822
2,3114,62280000,62280000,236,393,62300000,21830
2,3115,62300000,62300000,236,393,62320000,21837
2,3116,62320000,62320000,236,393,62340000,21844
2,3117,62340000,62340000,236,393,62360000,21851
2,3118,62360000,62360000,236,393,62380000,21858
2,3119,62380000,62380000,236,393,62400000,21865
2,312,6240000,6240000,236,393,6260000,2189
2,3120,62400000,62400000,236,393,62420000,21873
2,3121,62420000,62420000,236,393,62440000,21878
2,3122,62440000,62440000,236,393,62460000,21885
2,3123,62460000,62460000,236,393,62480000,21895
2,3124,62480000,62480000,236,393,62500000,21900
2,3125,62500000,62500000,236,393,62520000,21907
2,3126,62520000,62520000,236,393,62540000,21914
2,3127,62540000,62540000,236,393,62560000,21921
2,3128,62560000,62560000,236,393,62580000,21928
2,3129,62580000,62580000,236,393,62600000,21936
2,313,6260000,6260000,236,393,6280000,2194
2,3130,62600000,62600000,236,393,62620000,21941
2,3131,62620000,62620000,236,393,62640000,21948
2,3132,62640000,62640000,236,393,62660000,21958
2,3133,62660000,62660000,236,393,62680000,21963
2,3134,62680000,62680000,236,393,62700000,21969
2,3135,62700000,62700000,236,393,62720000,21977
2,3136,62720000,62720000,236,393,62740000,21985
2,3137,62740000,62740000,236,393,62760000,21991
2,3138,62760000,62760000,236,393,62780000,21999
2,3139,62780000,62780000,236,393,62800000,22005
2,314,6280000,6280000,236,393,6300000,2201
2,3140,62800000,62800000,236,393,62820000,22012
2,3141,62820000,62820000,236,393,62840000,22020
2,3142,62840000,62840000,236,393,62860000,22026
2,3143,62860000,62860000,236,393,62880000,22033
2,3144,62880000,62880000,236,393,62900000,22040
2,3145,62900000,62900000,236,393,62920000,22047
2,3146,62920000,62920000,236,393,62940000,22055
2,3147,62940000,62940000,236,393,62960000,22062
2,3148,62960000,62960000,236,393,62980000,22067
2,3149,62980000,62980000,236,393,63000000,22074
2,315,6300000,6300000,236,393,6320000,2211
2,3150,63000000,63000000,236,393,63020000,22084
2,3151,63020000,63020000,236,393,63040000,22089
2,3152,63040000,63040000,236,393,63060000,22095
2,3153,63060000,63060000,236,393,63080000,22105
2,3154,63080000,63080000,236,393,63100000,22111
2,3155,63100000,63100000,236,393,63120000,22117
2,3156,63120000,63120000,236,393,63140000,22124
2,3157,63140000,63140000,236,393,63160000,22132
2,3158,63160000,63160000,236,393,63180000,22138
2,3159,63180000,63180000,236,393,63200000,22146
2,316,6320000,6320000,236,393,6340000,2216
2,3160,63200000,63200000,236,393,63220000,22152
2,3161,63220000,63220000,236,393,63240000,22159
2,3162,63240000,63240000,236,393,63260000,22167
2,3163,63260000,63260000,236,393,63280000,22173
2,3164,63280000,63280000,236,393,63300000,22180
2,3165,63300000,63300000,236,393,63320000,22188
2,3166,63320000,63320000,236,393,63340000,22194
2,3167,63340000,63340000,236,393,63360000,22201
2,3168,63360000,63360000,236,393,63380000,22210
2,3169,63380000,63380000,236,393,63400000,22215
2,317,6340000,6340000,236,393,6360000,2222
2,3170,63400000,63400000,236,393,63420000,22222
2,3171,63420000,63420000,236,393,63440000,22230
2,3172,63440000,63440000,236,393,63460000,22237
2,3173,63460000,63460000,236,393,63480000,22243
2,3174,63480000,63480000,236,393,63500000,22252
2,3175,63500000,63500000,236,393,63520000,22257
2,3176,63520000,63520000,236,393,63540000,22264
2,3177,63540000,63540000,236,393,63560000,22272
2,3178,63560000,63560000,236,393,63580000,22278
2,3179,63580000,63580000,236,393,63600000,22285
2,318,6360000,6360000,236,393,6380000,2232
2,3180,63600000,63600000,236,393,63620000,22293
2,3181,63620000,63620000,236,393,63640000,22300
2,3182,63640000,63640000,236,393,63660000,22306
2,3183,63660000,63660000,236,393,63680000,22315
2,3184,63680000,63680000,236,393,63700000,22320
2,3185,63700000,63700000,236,393,63720000,22327
2,3186,63720000,63720000,236,393,63740000,22335
2,3187,63740000,63740000,236,393,63760000,22342
2,3188,63760000,63760000,236,393,63780000,22349
2,3189,63780000,63780000,236,393,63800000,22356
2,319,6380000,6380000,236,393,6400000,2238
2,3190,63800000,63800000,236,393,63820000,22362
2,3191,63820000,63820000,236,393,63840000,22370
2,3192,63840000,63840000,236,393,63860000,22378
2,3193,63860000,63860000,236,393,63880000,22383
2,3194,63880000,63880000,236,393,63900000,22389
2,3195,63900000,63900000,236,393,63920000,22399
2,3196,63920000,63920000,236,393,63940000,22405
2,3197,63940000,63940000,236,393,63960000,22411
2,3198,63960000,63960000,236,393,63980000,22419
2,3199,63980000,63980000,236,393,64000000,22426
2,32,640000,640000,236,393,660000,225
2,320,6400000,6400000,236,393,6420000,2244
2,3200,64000000,64000000,236,393,64020000,22433
2,3201,64020000,64020000,236,393,64040000,22440
2,3202,64040000,64040000,236,393,64060000,22447
2,3203,64060000,64060000,236,393,64080000,22453
2,3204,64080000,64080000,236,393,64100000,22462
2,3205,64100000,64100000,236,393,64120000,22467
2,3206,64120000,64120000,236,393,64140000,22475
2,3207,64140000,64140000,236,393,64160000,22482
2,3208,64160000,64160000,236,393,64180000,22489
2,3209,64180000,64180000,236,393,64200000,22496
2,321,6420000,6420000,236,393,6440000,2251
2,3210,64200000,64200000,236,393,64220000,22504
2,3211,64220000,64220000,236,393,64240000,22509
2,3212,64240000,64240000,236,393,64260000,22515
2,3213,64260000,64260000,236,393,64280000,22526
2,3214,64280000,64280000,236,393,64300000,22531
2,3215,64300000,64300000,236,393,64320000,22537
2,3216,64320000,64320000,236,393,64340000,22545
2,3217,64340000,64340000,236,393,64360000,22553
2,3218,64360000,64360000,236,393,64380000,22559
2,3219,64380000,64380000,236,393,64400000,22566
2,322,6440000,6440000,236,393,6460000,2258
2,3220,64400000,64400000,236,393,64420000,22572
2,3221,64420000,64420000,236,393,64440000,22580
2,3222,64440000,64440000,236,393,64460000,22588
2,3223,64460000,64460000,236,393,64480000,22594
2,3224,64480000,64480000,236,393,64500000,22600
2,3225,64500000,64500000,236,393,64520000,22609
2,3226,64520000,64520000,236,393,64540000,22615
2,3227,64540000,64540000,236,393,64560000,22622
2,3228,64560000,64560000,236,393,64580000,22630
2,3229,64580000,64580000,236,393,64600000,22635
2,323,6460000,6460000,236,393,6480000,2265
2,3230,64600000,64600000,236,393,64620000,22643
2,3231,64620000,64620000,236,393,64640000,22651
2,3232,64640000,64640000,236,393,64660000,22657
2,3233,64660000,64660000,236,393,64680000,22663
2,3234,64680000,64680000,236,393,64700000,22672
2,3235,64700000,64700000,236,393,64720000,22678
2,3236,64720000,64720000,236,393,64740000,22685
2,3237,64740000,64740000,236,393,64760000,22693
2,3238,64760000,64760000,236,393,64780000,22699
2,3239,64780000,64780000,236,393,64800000,22705
2,324,6480000,6480000,236,393,6500000,2273
2,3240,64800000,64800000,236,393,64820000,22714
2,3241,64820000,64820000,236,393,64840000,22720
2,3242,64840000,64840000,236,393,64860000,22727
2,3243,64860000,64860000,236,393,64880000,22735
2,3244,64880000,64880000,236,393,64900000,22742
2,3245,64900000,64900000,236,393,64920000,22748
2,3246,64920000,64920000,236,393,64940000,22755
2,3247,64940000,64940000,236,393,64960000,22762
2,3248,64960000,64960000,236,393,64980000,22769
2,3249,64980000,64980000,236,393,65000000,22777
2,325,6500000,6500000,236,393,6520000,2279
2,3250,65000000,65000000,236,393,65020000,22782
2,3251,65020000,65020000,236,393,65040000,22791
2,3252,65040000,65040000,236,393,65060000,22798
2,3253,65060000,65060000,236,393,65080000,22804
2,3254,65080000,65080000,236,393,65100000,22810
2,3255,65100000,65100000,236,393,65120000,22820
2,3256,65120000,65120000,236,393,65140000,22825
2,3257,65140000,65140000,236,393,65160000,22831
2,3258,65160000,65160000,236,393,65180000,22841
2,3259,65180000,65180000,236,393,65200000,22847
2,326,6520000,6520000,236,393,6540000,2286
2,3260,65200000,65200000,236,393,65220000,22853
2,3261,65220000,65220000,236,393,65240000,22860
2,3262,65240000,65240000,236,393,65260000,22868
2,3263,65260000,65260000,236,393,65280000,22874
2,3264,65280000,65280000,236,393,65300000,22882
2,3265,65300000,65300000,236,393,65320000,22888
2,3266,65320000,65320000,236,393,65340000,22895
2,3267,65340000,65340000,236,393,65360000,22903
2,3268,65360000,65360000,236,393,65380000,22909
2,3269,65380000,65380000,236,393,65400000,22916
2,327,6540000,6540000,236,393,6560000,2294
2,3270,65400000,65400000,236,393,65420000,22924
2,3271,65420000,65420000,236,393,65440000,22930
2,3272,65440000,65440000,236,393,65460000,22938
2,3273,65460000,65460000,236,393,65480000,22946
2,3274,65480000,65480000,236,393,65500000,22951
2,3275,65500000,65500000,236,393,65520000,22957
2,3276,65520000,65520000,236,393,65540000,22967
2,3277,65540000,65540000,236,393,65560000,22973
2,3278,65560000,65560000,236,393,65580000,22979
2,3279,65580000,65580000,236,393,65600000,22987
2,328,6560000,6560000,236,393,6580000,2300
2,3280,65600000,65600000,236,393,65620000,22993
2,3281,65620000,65620000,236,393,65640000,23001
2,3282,65640000,65640000,236,393,65660000,23008
2,3283,65660000,65660000,236,393,65680000,23014
2,3284,65680000,65680000,236,393,65700000,23020
2,3285,65700000,65700000,236,393,65720000,23030
2,3286,65720000,65720000,236,393,65740000,23036
2,3287,65740000,65740000,236,393,65760000,23042
2,3288,65760000,65760000,236,393,65780000,23050
2,3289,65780000,65780000,236,393,65800000,23057
2,329,6580000,6580000,236,393,6600000,2307
2,3290,65800000,65800000,236,393,65820000,23064
2,3291,65820000,65820000,236,393,65840000,23071
2,3292,65840000,65840000,236,393,65860000,23077
2,3293,65860000,65860000,236,393,65880000,23085
2,3294,65880000,65880000,236,393,65900000,23093
2,3295,65900000,65900000,236,393,65920000,23098
2,3296,65920000,65920000,236,393,65940000,23105
2,3297,65940000,65940000,236,393,65960000,23113
2,3298,65960000,65960000,236,393,65980000,23120
2,3299,65980000,65980000,236,393,66000000,23126
2,33,660000,660000,236,393,680000,233
2,330,6600000,6600000,236,393,6620000,2315
2,3300,66000000,66000000,236,393,66020000,23135
2,3301,66020000,66020000,236,393,66040000,23140
2,3302,66040000,66040000,236,393,66060000,23147
2,3303,66060000,66060000,236,393,66080000,23156
2,3304,66080000,66080000,236,393,66100000,23162
2,3305,66100000,66100000,236,393,66120000,23168
2,3306,66120000,66120000,236,393,66140000,23176
2,3307,66140000,66140000,236,393,66160000,23184
2,3308,66160000,66160000,236,393,66180000,23190
2,3309,66180000,66180000,236,393,66200000,23197
2,331,6620000,6620000,236,393,6640000,2321
2,3310,66200000,66200000,236,393,66220000,23203
2,3311,66220000,66220000,236,393,66240000,23211
2,3312,66240000,66240000,236,393,66260000,23219
2,3313,66260000,66260000,236,393,66280000,23224
2,3314,66280000,66280000,236,393,66300000,23231
2,3315,66300000,66300000,236,393,66320000,23240
2,3316,66320000,66320000,236,393,66340000,23246
2,3317,66340000,66340000,236,393,66360000,23252
2,3318,66360000,66360000,236,393,66380000,23261
2,3319,66380000,66380000,236,393,66400000,23267
2,332,6640000,6640000,236,393,6660000,2328
2,3320,66400000,66400000,236,393,66420000,23273
2,3321,66420000,66420000,236,393,66440000,23282
2,3322,66440000,66440000,236,393,66460000,23288
2,3323,66460000,66460000,236,393,66480000,23295
2,3324,66480000,66480000,236,393,66500000,23302
2,3325,66500000,66500000,236,393,66520000,23309
2,3326,66520000,66520000,236,393,66540000,23316
2,3327,66540000,66540000,236,393,66560000,23324
2,3328,66560000,66560000,236,393,66580000,23330
2,3329,66580000,66580000,236,393,66600000,23336
2,333,6660000,6660000,236,393,6680000,2337
2,3330,66600000,66600000,236,393,66620000,23345
2,3331,66620000,66620000,236,393,66640000,23350
2,3332,66640000,66640000,236,393,66660000,23358
2,3333,66660000,66660000,236,393,66680000,23366
2,3334,66680000,66680000,236,393,66700000,23372
2,3335,66700000,66700000,236,393,66720000,23379
2,3336,66720000,66720000,236,393,66740000,23387
2,3337,66740000,66740000,236,393,66760000,23393
2,3338,66760000,66760000,236,393,66780000,23399
2,3339,66780000,66780000,236,393,66800000,23408
2,334,6680000,6680000,236,393,6700000,2342
2,3340,66800000,66800000,236,393,66820000,23414
2,3341,66820000,66820000,236,393,66840000,23421
2,3342,66840000,66840000,236,393,66860000,23429
2,3343,66860000,66860000,236,393,66880000,23435
2,3344,66880000,66880000,236,393,66900000,23442
2,3345,66900000,66900000,236,393,66920000,23450
2,3346,66920000,66920000,236,393,66940000,23456
2,3347,66940000,66940000,236,393,66960000,23462
2,3348,66960000,66960000,236,393,66980000,23471
2,3349,66980000,66980000,236,393,67000000,23478
2,335,6700000,6700000,236,393,6720000,2349
2,3350,67000000,67000000,236,393,67020000,23484
2,3351,67020000,67020000,236,393,67040000,23491
2,3352,67040000,67040000,236,393,67060000,23498
2,3353,67060000,67060000,236,393,67080000,23506
2,3354,67080000,67080000,236,393,67100000,23513
2,3355,67100000,67100000,236,393,67120000,23518
2,3356,67120000,67120000,236,393,67140000,23526
2,3357,67140000,67140000,236,393,67160000,23535
2,3358,67160000,67160000,236,393,67180000,23540
2,3359,67180000,67180000,236,393,67200000,23546
2,336,6720000,6720000,236,393,6740000,2357
2,3360,67200000,67200000,236,393,67220000,23555
2,3361,67220000,67220000,236,393,67240000,23562
2,3362,67240000,67240000,236,393,67260000,23568
2,3363,67260000,67260000,236,393,67280000,23577
2,3364,67280000,67280000,236,393,67300000,23582
2,3365,67300000,67300000,236,393,67320000,23588
2,3366,67320000,67320000,236,393,67340000,23597
2,3367,67340000,67340000,236,393,67360000,23604
2,3368,67360000,67360000,236,393,67380000,23610
2,3369,67380000,67380000,236,393,67400000,23617
2,337,6740000,6740000,236,393,6760000,2364
2,3370,67400000,67400000,236,393,67420000,23625
2,3371,67420000,67420000,236,393,67440000,23632
2,3372,67440000,67440000,236,393,67460000,23639
2,3373,67460000,67460000,236,393,67480000,23644
2,3374,67480000,67480000,236,393,67500000,23652
2,3375,67500000,67500000,236,393,67520000,23661
2,3376,67520000,67520000,236,393,67540000,23666
2,3377,67540000,67540000,236,393,67560000,23673
2,3378,67560000,67560000,236,393,67580000,23682
2,3379,67580000,67580000,236,393,67600000,23688
2,338,6760000,6760000,236,393,6780000,2370
2,3380,67600000,67600000,236,393,67620000,23694
2,3381,67620000,67620000,236,393,67640000,23702
2,3382,67640000,67640000,236,393,67660000,23708
2,3383,67660000,67660000,236,393,67680000,23715
2,3384,67680000,67680000,236,393,67700000,23724
2,3385,67700000,67700000,236,393,67720000,23729
2,3386,67720000,67720000,236,393,67740000,23736
2,3387,67740000,67740000,236,393,67760000,23744
2,3388,67760000,67760000,236,393,67780000,23751
2,3389,67780000,67780000,236,393,67800000,23757
2,339,6780000,6780000,236,393,6800000,2378
2,3390,67800000,67800000,236,393,67820000,23765
2,3391,67820000,67820000,236,393,67840000,23772
2,3392,67840000,67840000,236,393,67860000,23778
2,3393,67860000,67860000,236,393,67880000,23787
2,3394,67880000,67880000,236,393,67900000,23792
2,3395,67900000,67900000,236,393,67920000,23800
2,3396,67920000,67920000,236,393,67940000,23807
2,3397,67940000,67940000,236,393,67960000,23814
2,3398,67960000,67960000,236,393,67980000,23821
2,3399,67980000,67980000,236,393,68000000,23828
2,34,680000,680000,236,393,700000,239
2,340,6800000,6800000,236,393,6820000,2384
2,3400,68000000,68000000,236,393,68020000,23834
2,3401,68020000,68020000,236,393,68040000,23841
2,3402,68040000,68040000,236,393,68060000,23850
2,3403,68060000,68060000,236,393,68080000,23855
2,3404,68080000,68080000,236,393,68100000,23862
2,3405,68100000,68100000,236,393,68120000,23871
2,3406,68120000,68120000,236,393,68140000,23877
2,3407,68140000,68140000,236,393,68160000,23883
2,3408,68160000,68160000,236,393,68180000,23892
2,3409,68180000,68180000,236,393,68200000,23898
2,341,6820000,6820000,236,393,6840000,2391
2,3410,68200000,68200000,236,393,68220000,23904
2,3411,68220000,68220000,236,393,68240000,23912
2,3412,68240000,68240000,236,393,68260000,23920
2,3413,68260000,68260000,236,393,68280000,23926
2,3414,68280000,68280000,236,393,68300000,23933
2,3415,68300000,68300000,236,393,68320000,23939
2,3416,68320000,68320000,236,393,68340000,23947
2,3417,68340000,68340000,236,393,68360000,23955
2,3418,68360000,68360000,236,393,68380000,23960
2,3419,68380000,68380000,236,393,68400000,23967
2,342,6840000,6840000,236,393,6860000,2399
2,3420,68400000,68400000,236,393,68420000,23976
2,3421,68420000,68420000,236,393,68440000,23982
2,3422,68440000,68440000,236,393,68460000,23988
2,3423,68460000,68460000,236,393,68480000,23997
2,3424,68480000,68480000,236,393,68500000,24003
2,3425,68500000,68500000,236,393,68520000,24010
2,3426,68520000,68520000,236,393,68540000,24018
2,3427,68540000,68540000,236,393,68560000,24024
2,3428,68560000,68560000,236,393,68580000,24030
2,3429,68580000,68580000,236,393,68600000,24039
2,343,6860000,6860000,236,393,6880000,2405
2,3430,68600000,68600000,236,393,68620000,24045
2,3431,68620000,68620000,236,393,68640000,24052
2,3432,68640000,68640000,236,393,68660000,24059
2,3433,68660000,68660000,236,393,68680000,24066
2,3434,68680000,68680000,236,393,68700000,24073
2,3435,68700000,68700000,236,393,68720000,24081
2,3436,68720000,68720000,236,393,68740000,24086
2,3437,68740000,68740000,236,393,68760000,24093
2,3438,68760000,68760000,236,393,68780000,24103
2,3439,68780000,68780000,236,393,68800000,24108
2,344,6880000,6880000,236,393,6900000,2412
2,3440,68800000,68800000,236,393,68820000,24115
2,3441,68820000,68820000,236,393,68840000,24122
2,3442,68840000,68840000,236,393,68860000,24130
2,3443,68860000,68860000,236,393,68880000,24136
2,3444,68880000,68880000,236,393,68900000,24144
2,3445,68900000,68900000,236,393,68920000,24149
2,3446,68920000,68920000,236,393,68940000,24157
2,3447,68940000,68940000,236,393,68960000,24166
2,3448,68960000,68960000,236,393,68980000,24171
2,3449,68980000,68980000,236,393,69000000,24177
2,345,6900000,6900000,236,393,6920000,2420
2,3450,69000000,69000000,236,393,69020000,24185
2,3451,69020000,69020000,236,393,69040000,24193
2,3452,69040000,69040000,236,393,69060000,24199
2,3453,69060000,69060000,236,393,69080000,24207
2,3454,69080000,69080000,236,393,69100000,24213
2,3455,69100000,69100000,236,393,69120000,24220
2,3456,69120000,69120000,236,393,69140000,24228
2,3457,69140000,69140000,236,393,69160000,24234
2,3458,69160000,69160000,236,393,69180000,24241
2,3459,69180000,69180000,236,393,69200000,24249
2,346,6920000,6920000,236,393,6940000,2427
2,3460,69200000,69200000,236,393,69220000,24255
2,3461,69220000,69220000,236,393,69240000,24263
2,3462,69240000,69240000,236,393,69260000,24270
2,3463,69260000,69260000,236,393,69280000,24276
2,3464,69280000,69280000,236,393,69300000,24282
2,3465,69300000,69300000,236,393,69320000,24292
2,3466,69320000,69320000,236,393,69340000,24297
2,3467,69340000,69340000,236,393,69360000,24303
2,3468,69360000,69360000,236,393,69380000,24313
2,3469,69380000,69380000,236,393,69400000,24319
2,347,6940000,6940000,236,393,6960000,2433
2,3470,69400000,69400000,236,393,69420000,24325
2,3471,69420000,69420000,236,393,69440000,24332
2,3472,69440000,69440000,236,393,69460000,24340
2,3473,69460000,69460000,236,393,69480000,24346
2,3474,69480000,69480000,236,393,69500000,24354
2,3475,69500000,69500000,236,393,69520000,24360
2,3476,69520000,69520000,236,393,69540000,24368
2,3477,69540000,69540000,236,393,69560000,24375
2,3478,69560000,69560000,236,393,69580000,24381
2,3479,69580000,69580000,236,393,69600000,24388
2,348,6960000,6960000,236,393,6980000,2442
2,3480,69600000,69600000,236,393,69620000,24397
2,3481,69620000,69620000,236,393,69640000,24402
2,3482,69640000,69640000,236,393,69660000,24409
2,3483,69660000,69660000,236,393,69680000,24418
2,3484,69680000,69680000,236,393,69700000,24423
2,3485,69700000,69700000,236,393,69720000,24430
2,3486,69720000,69720000,236,393,69740000,24438
2,3487,69740000,69740000,236,393,69760000,24445
2,3488,69760000,69760000,236,393,69780000,24451
2,3489,69780000,69780000,236,393,69800000,24460
2,349,6980000,6980000,236,393,7000000,2447
2,3490,69800000,69800000,236,393,69820000,24465
2,3491,69820000,69820000,236,393,69840000,24472
2,3492,69840000,69840000,236,393,69860000,24480
2,3493,69860000,69860000,236,393,69880000,24487
2,3494,69880000,69880000,236,393,69900000,24493
2,3495,69900000,69900000,236,393,69920000,24501
2,3496,69920000,69920000,236,393,69940000,24508
2,3497,69940000,69940000,236,393,69960000,24515
2,3498,69960000,69960000,236,393,69980000,24523
2,3499,69980000,69980000,236,393,70000000,24528
2,35,700000,700000,236,393,720000,246
2,350,7000000,7000000,236,393,7020000,2454
2,3500,70000000,70000000,236,393,70020000,24535
2,3501,70020000,70020000,236,393,70040000,24543
2,3502,70040000,70040000,236,393,70060000,24550
2,3503,70060000,70060000,236,393,70080000,24557
2,3504,70080000,70080000,236,393,70100000,24564
2,3505,70100000,70100000,236,393,70120000,24570
2,3506,70120000,70120000,236,393,70140000,24578
2,3507,70140000,70140000,236,393,70160000,24586
2,3508,70160000,70160000,236,393,70180000,24591
2,3509,70180000,70180000,236,393,70200000,24597
2,351,7020000,7020000,236,393,7040000,2462
2,3510,70200000,70200000,236,393,70220000,24608
2,3511,70220000,70220000,236,393,70240000,24613
2,3512,70240000,70240000,236,393,70260000,24619
2,3513,70260000,70260000,236,393,70280000,24627
2,3514,70280000,70280000,236,393,70300000,24635
2,3515,70300000,70300000,236,393,70320000,24641
2,3516,70320000,70320000,236,393,70340000,24648
2,3517,70340000,70340000,236,393,70360000,24655
2,3518,70360000,70360000,236,393,70380000,24661
2,3519,70380000,70380000,236,393,70400000,24670
2,352,7040000,7040000,236,393,7060000,2469
2,3520,70400000,70400000,236,393,70420000,24675
2,3521,70420000,70420000,236,393,70440000,24683
2,3522,70440000,70440000,236,393,70460000,24690
2,3523,70460000,70460000,236,393,70480000,24697
2,3524,70480000,70480000,236,393,70500000,24704
2,3525,70500000,70500000,236,393,70520000,24712
2,3526,70520000,70520000,236,393,70540000,24717
2,3527,70540000,70540000,236,393,70560000,24724
2,3528,70560000,70560000,236,393,70580000,24734
2,3529,70580000,70580000,236,393,70600000,24739
2,353,7060000,7060000,236,393,7080000,2476
2,3530,70600000,70600000,236,393,70620000,24745
2,3531,70620000,70620000,236,393,70640000,24754
2,3532,70640000,70640000,236,393,70660000,24761
2,3533,70660000,70660000,236,393,70680000,24767
2,3534,70680000,70680000,236,393,70700000,24774
2,3535,70700000,70700000,236,393,70720000,24780
2,3536,70720000,70720000,236,393,70740000,24788
2,3537,70740000,70740000,236,393,70760000,24796
2,3538,70760000,70760000,236,393,70780000,24802
2,3539,70780000,70780000,236,393,70800000,24808
2,354,7080000,7080000,236,393,7100000,2483
2,3540,70800000,70800000,236,393,70820000,24817
2,3541,70820000,70820000,236,393,70840000,24823
2,3542,70840000,70840000,236,393,70860000,24830
2,3543,70860000,70860000,236,393,70880000,24838
2,3544,70880000,70880000,236,393,70900000,24844
2,3545,70900000,70900000,236,393,70920000,24851
2,3546,70920000,70920000,236,393,70940000,24859
2,3547,70940000,70940000,236,393,70960000,24865
2,3548,70960000,70960000,236,393,70980000,24872
2,3549,70980000,70980000,236,393,71000000,24880
2,355,7100000,7100000,236,393,7120000,2489
2,3550,71000000,71000000,236,393,71020000,24886
2,3551,71020000,71020000,236,393,71040000,24893
2,3552,71040000,71040000,236,393,71060000,24901
2,3553,71060000,71060000,236,393,71080000,24907
2,3554,71080000,71080000,236,393,71100000,24913
2,3555,71100000,71100000,236,393,71120000,24922
2,3556,71120000,71120000,236,393,71140000,24928
2,3557,71140000,71140000,236,393,71160000,24935
2,3558,71160000,71160000,236,393,71180000,24943
2,3559,71180000,71180000,236,393,71200000,24950
2,356,7120000,7120000,236,393,7140000,2496
2,3560,71200000,71200000,236,393,71220000,24956
2,3561,71220000,71220000,236,393,71240000,24964
2,3562,71240000,71240000,236,393,71260000,24970
2,3563,71260000,71260000,236,393,71280000,24977
2,3564,71280000,71280000,236,393,71300000,24985
2,3565,71300000,71300000,236,393,71320000,24991
2,3566,71320000,71320000,236,393,71340000,24999
2,3567,71340000,71340000,236,393,71360000,25006
2,3568,71360000,71360000,236,393,71380000,25012
2,3569,71380000,71380000,236,393,71400000,25018
2,357,7140000,7140000,236,393,7160000,2505
2,3570,71400000,71400000,236,393,71420000,25028
2,3571,71420000,71420000,236,393,71440000,25033
2,3572,71440000,71440000,236,393,71460000,25039
2,3573,71460000,71460000,236,393,71480000,25049
2,3574,71480000,71480000,236,393,71500000,25055
2,3575,71500000,71500000,236,393,71520000,25061
2,3576,71520000,71520000,236,393,71540000,25068
2,3577,71540000,71540000,236,393,71560000,25076
2,3578,71560000,71560000,236,393,71580000,25083
2,3579,71580000,71580000,236,393,71600000,25090
2,358,7160000,7160000,236,393,7180000,2510
2,3580,71600000,71600000,236,393,71620000,25096
2,3581,71620000,71620000,236,393,71640000,25103
2,3582,71640000,71640000,236,393,71660000,25112
2,3583,71660000,71660000,236,393,71680000,25117
2,3584,71680000,71680000,236,393,71700000,25124
2,3585,71700000,71700000,236,393,71720000,25132
2,3586,71720000,71720000,236,393,71740000,25138
2,3587,71740000,71740000,236,393,71760000,25146
2,3588,71760000,71760000,236,393,71780000,25154
2,3589,71780000,71780000,236,393,71800000,25159
2,359,7180000,7180000,236,393,7200000,2516
2,3590,71800000,71800000,236,393,71820000,25165
2,3591,71820000,71820000,236,393,71840000,25175
2,3592,71840000,71840000,236,393,71860000,25181
2,3593,71860000,71860000,236,393,71880000,25187
2,3594,71880000,71880000,236,393,71900000,25195
2,3595,71900000,71900000,236,393,71920000,25202
2,3596,71920000,71920000,236,393,71940000,25209
2,3597,71940000,71940000,236,393,71960000,25216
2,3598,71960000,71960000,236,393,71980000,25222
2,3599,71980000,71980000,236,393,72000000,25229
2,36,720000,720000,236,393,740000,254
2,360,7200000,7200000,236,393,7220000,2526
2,3600,72000000,72000000,236,393,72020000,25238
2,3601,72020000,72020000,236,393,72040000,25244
2,3602,72040000,72040000,236,393,72060000,25250
2,3603,72060000,72060000,236,393,72080000,25258
2,3604,72080000,72080000,236,393,72100000,25265
2,3605,72100000,72100000,236,393,72120000,25272
2,3606,72120000,72120000,236,393,72140000,25279
2,3607,72140000,72140000,236,393,72160000,25285
2,3608,72160000,72160000,236,393,72180000,25293
2,3609,72180000,72180000,236,393,72200000,25301
2,361,7220000,7220000,236,393,7240000,2532
2,3610,72200000,72200000,236,393,72220000,25306
2,3611,72220000,72220000,236,393,72240000,25313
2,3612,72240000,72240000,236,393,72260000,25322
2,3613,72260000,72260000,236,393,72280000,25328
2,3614,72280000,72280000,236,393,72300000,25334
2,3615,72300000,72300000,236,393,72320000,25343
2,3616,72320000,72320000,236,393,72340000,25349
2,3617,72340000,72340000,236,393,72360000,25355
2,3618,72360000,72360000,236,393,72380000,25364
2,3619,72380000,72380000,236,393,72400000,25370
2,362,7240000,7240000,236,393,7260000,2538
2,3620,72400000,72400000,236,393,72420000,25376
2,3621,72420000,72420000,236,393,72440000,25384
2,3622,72440000,72440000,236,393,72460000,25392
2,3623,72460000,72460000,236,393,72480000,25398
2,3624,72480000,72480000,236,393,72500000,25405
2,3625,72500000,72500000,236,393,72520000,25411
2,3626,72520000,72520000,236,393,72540000,25419
2,3627,72540000,72540000,236,393,72560000,25427
2,3628,72560000,72560000,236,393,72580000,25432
2,3629,72580000,72580000,236,393,72600000,25440
2,363,7260000,7260000,236,393,7280000,2546
2,3630,72600000,72600000,236,393,72620000,25448
2,3631,72620000,72620000,236,393,72640000,25454
2,3632,72640000,72640000,236,393,72660000,25460
2,3633,72660000,72660000,236,393,72680000,25470
2,3634,72680000,72680000,236,393,72700000,25475
2,3635,72700000,72700000,236,393,72720000,25481
2,3636,72720000,72720000,236,393,72740000,25490
2,3637,72740000,72740000,236,393,72760000,25496
2,3638,72760000,72760000,236,393,72780000,25503
2,3639,72780000,72780000,236,393,72800000,25510
2,364,7280000,7280000,236,393,7300000,2553
2,3640,72800000,72800000,236,393,72820000,25517
2,3641,72820000,72820000,236,393,72840000,25524
2,3642,72840000,72840000,236,393,72860000,25532
2,3643,72860000,72860000,236,393,72880000,25538
2,3644,72880000,72880000,236,393,72900000,25544
2,3645,72900000,72900000,236,393,72920000,25553
2,3646,72920000,72920000,236,393,72940000,25559
2,3647,72940000,72940000,236,393,72960000,25566
2,3648,72960000,72960000,236,393,72980000,25574
2,3649,72980000,72980000,236,393,73000000,25580
2,365,7300000,7300000,236,393,7320000,2560
2,3650,73000000,73000000,236,393,73020000,25588
2,3651,73020000,73020000,236,393,73040000,25595
2,3652,73040000,73040000,236,393,73060000,25601
2,3653,73060000,73060000,236,393,73080000,25607
2,3654,73080000,73080000,236,393,73100000,25616
2,3655,73100000,73100000,236,393,73120000,25622
2,3656,73120000,73120000,236,393,73140000,25629
2,3657,73140000,73140000,236,393,73160000,25637
2,3658,73160000,73160000,236,393,73180000,25643
2,3659,73180000,73180000,236,393,73200000,25650
2,366,7320000,7320000,236,393,7340000,2567
2,3660,73200000,73200000,236,393,73220000,25658
2,3661,73220000,73220000,236,393,73240000,25664
2,3662,73240000,73240000,236,393,73260000,25670
2,3663,73260000,73260000,236,393,73280000,25680
2,3664,73280000,73280000,236,393,73300000,25686
2,3665,73300000,73300000,236,393,73320000,25692
2,3666,73320000,73320000,236,393,73340000,25699
2,3667,73340000,73340000,236,393,73360000,25707
2,3668,73360000,73360000,236,393,73380000,25714
2,3669,73380000,73380000,236,393,73400000,25721
2,367,7340000,7340000,236,393,7360000,2574
2,3670,73400000,73400000,236,393,73420000,25726
2,3671,73420000,73420000,236,393,73440000,25734
2,3672,73440000,73440000,236,393,73460000,25743
2,3673,73460000,73460000,236,393,73480000,25748
2,3674,73480000,73480000,236,393,73500000,25754
2,3675,73500000,73500000,236,393,73520000,25763
2,3676,73520000,73520000,236,393,73540000,25770
2,3677,73540000,73540000,236,393,73560000,25776
2,3678,73560000,73560000,236,393,73580000,25785
2,3679,73580000,73580000,236,393,73600000,25790
2,368,7360000,7360000,236,393,7380000,2580
2,3680,73600000,73600000,236,393,73620000,25797
2,3681,73620000,73620000,236,393,73640000,25805
2,3682,73640000,73640000,236,393,73660000,25812
2,3683,73660000,73660000,236,393,73680000,25818
2,3684,73680000,73680000,236,393,73700000,25826
2,3685,73700000,73700000,236,393,73720000,25833
2,3686,73720000,73720000,236,393,73740000,25840
2,3687,73740000,73740000,236,393,73760000,25847
2,3688,73760000,73760000,236,393,73780000,25852
2,3689,73780000,73780000,236,393,73800000,25860
2,369,7380000,7380000,236,393,7400000,2589
2,3690,73800000,73800000,236,393,73820000,25869
2,3691,73820000,73820000,236,393,73840000,25874
2,3692,73840000,73840000,236,393,73860000,25881
2,3693,73860000,73860000,236,393,73880000,25890
2,3694,73880000,73880000,236,393,73900000,25896
2,3695,73900000,73900000,236,393,73920000,25902
2,3696,73920000,73920000,236,393,73940000,25910
2,3697,73940000,73940000,236,393,73960000,25917
2,3698,73960000,73960000,236,393,73980000,25923
2,3699,73980000,73980000,236,393,74000000,25932
2,37,740000,740000,236,393,760000,260
2,370,7400000,7400000,236,393,7420000,2594
2,3700,74000000,74000000,236,393,74020000,25937
2,3701,74020000,74020000,236,393,74040000,25945
2,3702,74040000,74040000,236,393,74060000,25952
2,3703,74060000,74060000,236,393,74080000,25959
2,3704,74080000,74080000,236,393,74100000,25965
2,3705,74100000,74100000,236,393,74120000,25973
2,3706,74120000,74120000,236,393,74140000,25980
2,3707,74140000,74140000,236,393,74160000,25986
2,3708,74160000,74160000,236,393,74180000,25995
2,3709,74180000,74180000,236,393,74200000,26000
2,371,7420000,7420000,236,393,7440000,2602
2,3710,74200000,74200000,236,393,74220000,26008
2,3711,74220000,74220000,236,393,74240000,26015
2,3712,74240000,74240000,236,393,74260000,26022
2,3713,74260000,74260000,236,393,74280000,26029
2,3714,74280000,74280000,236,393,74300000,26037
2,3715,74300000,74300000,236,393,74320000,26042
2,3716,74320000,74320000,236,393,74340000,26049
2,3717,74340000,74340000,236,393,74360000,26058
2,3718,74360000,74360000,236,393,74380000,26064
2,3719,74380000,74380000,236,393,74400000,26070
2,372,7440000,7440000,236,393,7460000,2609
2,3720,74400000,74400000,236,393,74420000,26079
2,3721,74420000,74420000,236,393,74440000,26085
2,3722,74440000,74440000,236,393,74460000,26091
2,3723,74460000,74460000,236,393,74480000,26100
2,3724,74480000,74480000,236,393,74500000,26106
2,3725,74500000,74500000,236,393,74520000,26112
2,3726,74520000,74520000,236,393,74540000,26120
2,3727,74540000,74540000,236,393,74560000,26128
2,3728,74560000,74560000,236,393,74580000,26134
2,3729,74580000,74580000,236,393,74600000,26141
2,373,7460000,7460000,236,393,7480000,2615
2,3730,74600000,74600000,236,393,74620000,26147
2,3731,74620000,74620000,236,393,74640000,26156
2,3732,74640000,74640000,236,393,74660000,26163
2,3733,74660000,74660000,236,393,74680000,26168
2,3734,74680000,74680000,236,393,74700000,26175
2,3735,74700000,74700000,236,393,74720000,26185
2,3736,74720000,74720000,236,393,74740000,26190
2,3737,74740000,74740000,236,393,74760000,26196
2,3738,74760000,74760000,236,393,74780000,26205
2,3739,74780000,74780000,236,393,74800000,26211
2,374,7480000,7480000,236,393,7500000,2623
2,3740,74800000,74800000,236,393,74820000,26218
2,3741,74820000,74820000,236,393,74840000,26226
2,3742,74840000,74840000,236,393,74860000,26232
2,3743,74860000,74860000,236,393,74880000,26238
2,3744,74880000,74880000,236,393,74900000,26247
2,3745,74900000,74900000,236,393,74920000,26253
2,3746,74920000,74920000,236,393,74940000,26260
2,3747,74940000,74940000,236,393,74960000,26267
2,3748,74960000,74960000,236,393,74980000,26275
2,3749,74980000,74980000,236,393,75000000,26281
2,375,7500000,7500000,236,393,7520000,2631
2,3750,75000000,75000000,236,393,75020000,26289
2,3751,75020000,75020000,236,393,75040000,26294
2,3752,75040000,75040000,236,393,75060000,26302
2,3753,75060000,75060000,236,393,75080000,26311
2,3754,75080000,75080000,236,393,75100000,26316
2,3755,75100000,75100000,236,393,75120000,26323
2,3756,75120000,75120000,236,393,75140000,26330
2,3757,75140000,75140000,236,393,75160000,26338
2,3758,75160000,75160000,236,393,75180000,26344
2,3759,75180000,75180000,236,393,75200000,26352
2,376,7520000,7520000,236,393,7540000,2636
2,3760,75200000,75200000,236,393,75220000,26357
2,3761,75220000,75220000,236,393,75240000,26365
2,3762,75240000,75240000,236,393,75260000,26374
2,3763,75260000,75260000,236,393,75280000,26379
2,3764,75280000,75280000,236,393,75300000,26385
2,3765,75300000,75300000,236,393,75320000,26394
2,3766,75320000,75320000,236,393,75340000,26401
2,3767,75340000,75340000,236,393,75360000,26407
2,3768,75360000,75360000,236,393,75380000,26415
2,3769,75380000,75380000,236,393,75400000,26422
2,377,7540000,7540000,236,393,7560000,2642
2,3770,75400000,75400000,236,393,75420000,26428
2,3771,75420000,75420000,236,393,75440000,26436
2,3772,75440000,75440000,236,393,75460000,26442
2,3773,75460000,75460000,236,393,75480000,26449
2,3774,75480000,75480000,236,393,75500000,26457
2,3775,75500000,75500000,236,393,75520000,26463
2,3776,75520000,75520000,236,393,75540000,26471
2,3777,75540000,75540000,236,393,75560000,26478
2,3778,75560000,75560000,236,393,75580000,26484
2,3779,75580000,75580000,236,393,75600000,26490
2,378,7560000,7560000,236,393,7580000,2653
2,3780,75600000,75600000,236,393,75620000,26500
2,3781,75620000,75620000,236,393,75640000,26505
2,3782,75640000,75640000,236,393,75660000,26512
2,3783,75660000,75660000,236,393,75680000,26521
2,3784,75680000,75680000,236,393,75700000,26527
2,3785,75700000,75700000,236,393,75720000,26533
2,3786,75720000,75720000,236,393,75740000,26541
2,3787,75740000,75740000,236,393,75760000,26548
2,3788,75760000,75760000,236,393,75780000,26554
2,3789,75780000,75780000,236,393,75800000,26562
2,379,7580000,7580000,236,393,7600000,2658
2,3790,75800000,75800000,236,393,75820000,26568
2,3791,75820000,75820000,236,393,75840000,26576
2,3792,75840000,75840000,236,393,75860000,26583
2,3793,75860000,75860000,236,393,75880000,26589
2,3794,75880000,75880000,236,393,75900000,26596
2,3795,75900000,75900000,236,393,75920000,26605
2,3796,75920000,75920000,236,393,75940000,26610
2,3797,75940000,75940000,236,393,75960000,26617
2,3798,75960000,75960000,236,393,75980000,26626
2,3799,75980000,75980000,236,393,76000000,26632
2,38,760000,760000,236,393,780000,268
2,380,7600000,7600000,236,393,7620000,2664
2,3800,76000000,76000000,236,393,76020000,26638
2,3801,76020000,76020000,236,393,76040000,26646
2,3802,76040000,76040000,236,393,76060000,26653
2,3803,76060000,76060000,236,393,76080000,26660
2,3804,76080000,76080000,236,393,76100000,26668
2,3805,76100000,76100000,236,393,76120000,26673
2,3806,76120000,76120000,236,393,76140000,26680
2,3807,76140000,76140000,236,393,76160000,26688
2,3808,76160000,76160000,236,393,76180000,26695
2,3809,76180000,76180000,236,393,76200000,26701
2,381,7620000,7620000,236,393,7640000,2672
2,3810,76200000,76200000,236,393,76220000,26709
2,3811,76220000,76220000,236,393,76240000,26716
2,3812,76240000,76240000,236,393,76260000,26723
2,3813,76260000,76260000,236,393,76280000,26731
2,3814,76280000,76280000,236,393,76300000,26736
2,3815,76300000,76300000,236,393,76320000,26743
2,3816,76320000,76320000,236,393,76340000,26752
2,3817,76340000,76340000,236,393,76360000,26758
2,3818,76360000,76360000,236,393,76380000,26765
2,3819,76380000,76380000,236,393,76400000,26772
2,382,7640000,7640000,236,393,7660000,2680
2,3820,76400000,76400000,236,393,76420000,26779
2,3821,76420000,76420000,236,393,76440000,26786
2,3822,76440000,76440000,236,393,76460000,26794
2,3823,76460000,76460000,236,393,76480000,26799
2,3824,76480000,76480000,236,393,76500000,26805
2,3825,76500000,76500000,236,393,76520000,26816
2,3826,76520000,76520000,236,393,76540000,26821
2,3827,76540000,76540000,236,393,76560000,26827
2,3828,76560000,76560000,236,393,76580000,26835
2,3829,76580000,76580000,236,393,76600000,26843
2,383,7660000,7660000,236,393,7680000,2686
2,3830,76600000,76600000,236,393,76620000,26849
2,3831,76620000,76620000,236,393,76640000,26856
2,3832,76640000,76640000,236,393,76660000,26863
2,3833,76660000,76660000,236,393,76680000,26870
2,3834,76680000,76680000,236,393,76700000,26878
2,3835,76700000,76700000,236,393,76720000,26883
2,3836,76720000,76720000,236,393,76740000,26891
2,3837,76740000,76740000,236,393,76760000,26899
2,3838,76760000,76760000,236,393,76780000,26905
2,3839,76780000,76780000,236,393,76800000,26912
2,384,7680000,7680000,236,393,7700000,2693
2,3840,76800000,76800000,236,393,76820000,26920
2,3841,76820000,76820000,236,393,76840000,26925
2,3842,76840000,76840000,236,393,76860000,26932
2,3843,76860000,76860000,236,393,76880000,26942
2,3844,76880000,76880000,236,393,76900000,26947
2,3845,76900000,76900000,236,393,76920000,26953
2,3846,76920000,76920000,236,393,76940000,26962
2,3847,76940000,76940000,236,393,76960000,26969
2,3848,76960000,76960000,236,393,76980000,26975
2,3849,76980000,76980000,236,393,77000000,26982
2,385,7700000,7700000,236,393,7720000,2699
2,3850,77000000,77000000,236,393,77020000,26989
2,3851,77020000,77020000,236,393,77040000,26996
2,3852,77040000,77040000,236,393,77060000,27004
2,3853,77060000,77060000,236,393,77080000,27010
2,3854,77080000,77080000,236,393,77100000,27017
2,3855,77100000,77100000,236,393,77120000,27025
2,3856,77120000,77120000,236,393,77140000,27031
2,3857,77140000,77140000,236,393,77160000,27038
2,3858,77160000,77160000,236,393,77180000,27046
2,3859,77180000,77180000,236,393,77200000,27052
2,386,7720000,7720000,236,393,7740000,2707
2,3860,77200000,77200000,236,393,77220000,27059
2,3861,77220000,77220000,236,393,77240000,27067
2,3862,77240000,77240000,236,393,77260000,27073
2,3863,77260000,77260000,236,393,77280000,27080
2,3864,77280000,77280000,236,393,77300000,27088
2,3865,77300000,77300000,236,393,77320000,27094
2,3866,77320000,77320000,236,393,77340000,27101
2,3867,77340000,77340000,236,393,77360000,27110
2,3868,77360000,77360000,236,393,77380000,27115
2,3869,77380000,77380000,236,393,77400000,27121
2,387,7740000,7740000,236,393,7760000,2715
2,3870,77400000,77400000,236,393,77420000,27130
2,3871,77420000,77420000,236,393,77440000,27137
2,3872,77440000,77440000,236,393,77460000,27143
2,3873,77460000,77460000,236,393,77480000,27151
2,3874,77480000,77480000,236,393,77500000,27158
2,3875,77500000,77500000,236,393,77520000,27164
2,3876,77520000,77520000,236,393,77540000,27172
2,3877,77540000,77540000,236,393,77560000,27178
2,3878,77560000,77560000,236,393,77580000,27185
2,3879,77580000,77580000,236,393,77600000,27193
2,388,7760000,7760000,236,393,7780000,2721
2,3880,77600000,77600000,236,393,77620000,27199
2,3881,77620000,77620000,236,393,77640000,27207
2,3882,77640000,77640000,236,393,77660000,27214
2,3883,77660000,77660000,236,393,77680000,27220
2,3884,77680000,77680000,236,393,77700000,27227
2,3885,77700000,77700000,236,393,77720000,27236
2,3886,77720000,77720000,236,393,77740000,27241
2,3887,77740000,77740000,236,393,77760000,27247
2,3888,77760000,77760000,236,393,77780000,27258
2,3889,77780000,77780000,236,393,77800000,27263
2,389,7780000,7780000,236,393,7800000,2727
2,3890,77800000,77800000,236,393,77820000,27269
2,3891,77820000,77820000,236,393,77840000,27276
2,3892,77840000,77840000,236,393,77860000,27284
2,3893,77860000,77860000,236,393,77880000,27291
2,3894,77880000,77880000,236,393,77900000,27298
2,3895,77900000,77900000,236,393,77920000,27304
2,3896,77920000,77920000,236,393,77940000,27311
2,3897,77940000,77940000,236,393,77960000,27320
2,3898,77960000,77960000,236,393,77980000,27325
2,3899,77980000,77980000,236,393,78000000,27332
2,39,780000,780000,236,393,800000,275
2,390,7800000,7800000,236,393,7820000,2735
2,3900,78000000,78000000,236,393,78020000,27340
2,3901,78020000,78020000,236,393,78040000,27347
2,3902,78040000,78040000,236,393,78060000,27354
2,3903,78060000,78060000,236,393,78080000,27362
2,3904,78080000,78080000,236,393,78100000,27367
2,3905,78100000,78100000,236,393,78120000,27374
2,3906,78120000,78120000,236,393,78140000,27383
2,3907,78140000,78140000,236,393,78160000,27389
2,3908,78160000,78160000,236,393,78180000,27395
2,3909,78180000,78180000,236,393,78200000,27403
2,391,7820000,7820000,236,393,7840000,2742
2,3910,78200000,78200000,236,393,78220000,27410
2,3911,78220000,78220000,236,393,78240000,27417
2,3912,78240000,78240000,236,393,78260000,27424
2,3913,78260000,78260000,236,393,78280000,27430
2,3914,78280000,78280000,236,393,78300000,27437
2,3915,78300000,78300000,236,393,78320000,27446
2,3916,78320000,78320000,236,393,78340000,27452
2,3917,78340000,78340000,236,393,78360000,27458
2,3918,78360000,78360000,236,393,78380000,27467
2,3919,78380000,78380000,236,393,78400000,27473
2,392,7840000,7840000,236,393,7860000,2749
2,3920,78400000,78400000,236,393,78420000,27480
2,3921,78420000,78420000,236,393,78440000,27487
2,3922,78440000,78440000,236,393,78460000,27494
2,3923,78460000,78460000,236,393,78480000,27501
2,3924,78480000,78480000,236,393,78500000,27509
2,3925,78500000,78500000,236,393,78520000,27514
2,3926,78520000,78520000,236,393,78540000,27521
2,3927,78540000,78540000,236,393,78560000,27530
2,3928,78560000,78560000,236,393,78580000,27536
2,3929,78580000,78580000,236,393,78600000,27542
2,393,7860000,7860000,236,393,7880000,2757
2,3930,78600000,78600000,236,393,78620000,27551
2,3931,78620000,78620000,236,393,78640000,27557
2,3932,78640000,78640000,236,393,78660000,27563
2,3933,78660000,78660000,236,393,78680000,27572
2,3934,78680000,78680000,236,393,78700000,27578
2,3935,78700000,78700000,236,393,78720000,27585
2,3936,78720000,78720000,236,393,78740000,27592
2,3937,78740000,78740000,236,393,78760000,27600
2,3938,78760000,78760000,236,393,78780000,27606
2,3939,78780000,78780000,236,393,78800000,27614
2,394,7880000,7880000,236,393,7900000,2762
2,3940,78800000,78800000,236,393,78820000,27619
2,3941,78820000,78820000,236,393,78840000,27627
2,3942,78840000,78840000,236,393,78860000,27635
2,3943,78860000,78860000,236,393,78880000,27640
2,3944,78880000,78880000,236,393,78900000,27648
2,3945,78900000,78900000,236,393,78920000,27656
2,3946,78920000,78920000,236,393,78940000,27662
2,3947,78940000,78940000,236,393,78960000,27668
2,3948,78960000,78960000,236,393,78980000,27678
2,3949,78980000,78980000,236,393,79000000,27683
2,395,7900000,7900000,236,393,7920000,2770
2,3950,79000000,79000000,236,393,79020000,27689
2,3951,79020000,79020000,236,393,79040000,27698
2,3952,79040000,79040000,236,393,79060000,27705
2,3953,79060000,79060000,236,393,79080000,27711
2,3954,79080000,79080000,236,393,79100000,27718
2,3955,79100000,79100000,236,393,79120000,27725
2,3956,79120000,79120000,236,393,79140000,27733
2,3957,79140000,79140000,236,393,79160000,27740
2,3958,79160000,79160000,236,393,79180000,27746
2,3959,79180000,79180000,236,393,79200000,27752
2,396,7920000,7920000,236,393,7940000,2778
2,3960,79200000,79200000,236,393,79220000,27761
2,3961,79220000,79220000,236,393,79240000,27767
2,3962,79240000,79240000,236,393,79260000,27774
2,3963,79260000,79260000,236,393,79280000,27782
2,3964,79280000,79280000,236,393,79300000,27788
2,3965,79300000,79300000,236,393,79320000,27796
2,3966,79320000,79320000,236,393,79340000,27803
2,3967,79340000,79340000,236,393,79360000,27809
2,3968,79360000,79360000,236,393,79380000,27815
2,3969,79380000,79380000,236,393,79400000,27825
2,397,7940000,7940000,236,393,7960000,2784
2,3970,79400000,79400000,236,393,79420000,27830
2,3971,79420000,79420000,236,393,79440000,27837
2,3972,79440000,79440000,236,393,79460000,27845
2,3973,79460000,79460000,236,393,79480000,27852
2,3974,79480000,79480000,236,393,79500000,27858
2,3975,79500000,79500000,236,393,79520000,27866
2,3976,79520000,79520000,236,393,79540000,27872
2,3977,79540000,79540000,236,393,79560000,27878
2,3978,79560000,79560000,236,393,79580000,27888
2,3979,79580000,79580000,236,393,79600000,27894
2,398,7960000,7960000,236,393,7980000,2790
2,3980,79600000,79600000,236,393,79620000,27900
2,3981,79620000,79620000,236,393,79640000,27907
2,3982,79640000,79640000,236,393,79660000,27915
2,3983,79660000,79660000,236,393,79680000,27922
2,3984,79680000,79680000,236,393,79700000,27929
2,3985,79700000,79700000,236,393,79720000,27934
2,3986,79720000,79720000,236,393,79740000,27943
2,3987,79740000,79740000,236,393,79760000,27951
2,3988,79760000,79760000,236,393,79780000,27956
2,3989,79780000,79780000,236,393,79800000,27962
2,399,7980000,7980000,236,393,8000000,2799
2,3990,79800000,79800000,236,393,79820000,27972
2,3991,79820000,79820000,236,393,79840000,27978
2,3992,79840000,79840000,236,393,79860000,27984
2,3993,79860000,79860000,236,393,79880000,27993
2,3994,79880000,79880000,236,393,79900000,27998
2,3995,79900000,79900000,236,393,79920000,28005
2,3996,79920000,79920000,236,393,79940000,28013
2,3997,79940000,79940000,236,393,79960000,28020
2,3998,79960000,79960000,236,393,79980000,28026
2,3999,79980000,79980000,236,393,80000000,28034
2,4,80000,80000,236,393,100000,30
2,40,800000,800000,236,393,820000,281
2,400,8000000,8000000,236,393,8020000,2805
2,4000,80000000,80000000,236,393,80020000,28041
2,4001,80020000,80020000,236,393,80040000,28048
2,4002,80040000,80040000,236,393,80060000,28055
2,4003,80060000,80060000,236,393,80080000,28061
2,4004,80080000,80080000,236,393,80100000,28068
2,4005,80100000,80100000,236,393,80120000,28077
2,4006,80120000,80120000,236,393,80140000,28082
2,4007,80140000,80140000,236,393,80160000,28090
2,4008,80160000,80160000,236,393,80180000,28098
2,4009,80180000,80180000,236,393,80200000,28104
2,401,8020000,8020000,236,393,8040000,2812
2,4010,80200000,80200000,236,393,80220000,28110
2,4011,80220000,80220000,236,393,80240000,28118
2,4012,80240000,80240000,236,393,80260000,28125
2,4013,80260000,80260000,236,393,80280000,28131
2,4014,80280000,80280000,236,393,80300000,28140
2,4015,80300000,80300000,236,393,80320000,28145
2,4016,80320000,80320000,236,393,80340000,28153
2,4017,80340000,80340000,236,393,80360000,28160
2,4018,80360000,80360000,236,393,80380000,28167
2,4019,80380000,80380000,236,393,80400000,28173
2,402,8040000,8040000,236,393,8060000,2820
2,4020,80400000,80400000,236,393,80420000,28182
2,4021,80420000,80420000,236,393,80440000,28188
2,4022,80440000,80440000,236,393,80460000,28194
2,4023,80460000,80460000,236,393,80480000,28203
2,4024,80480000,80480000,236,393,80500000,28209
2,4025,80500000,80500000,236,393,80520000,28216
2,4026,80520000,80520000,236,393,80540000,28223
2,4027,80540000,80540000,236,393,80560000,28230
2,4028,80560000,80560000,236,393,80580000,28237
2,4029,80580000,80580000,236,393,80600000,28245
2,403,8060000,8060000,236,393,8080000,2826
2,4030,80600000,80600000,236,393,80620000,28250
2,4031,80620000,80620000,236,393,80640000,28257
2,4032,80640000,80640000,236,393,80660000,28266
2,4033,80660000,80660000,236,393,80680000,28272
2,4034,80680000,80680000,236,393,80700000,28278
2,4035,80700000,80700000,236,393,80720000,28287
2,4036,80720000,80720000,236,393,80740000,28293
2,4037,80740000,80740000,236,393,80760000,28300
2,4038,80760000,80760000,236,393,80780000,28308
2,4039,80780000,80780000,236,393,80800000,28314
2,404,8080000,8080000,236,393,8100000,2832
2,4040,80800000,80800000,236,393,80820000,28320
2,4041,80820000,80820000,236,393,80840000,28329
2,4042,80840000,80840000,236,393,80860000,28336
2,4043,80860000,80860000,236,393,80880000,28342
2,4044,80880000,80880000,236,393,80900000,28349
2,4045,80900000,80900000,236,393,80920000,28355
2,4046,80920000,80920000,236,393,80940000,28364
2,4047,80940000,80940000,236,393,80960000,28371
2,4048,80960000,80960000,236,393,80980000,28376
2,4049,80980000,80980000,236,393,81000000,28383
2,405,8100000,8100000,236,393,8120000,2841
2,4050,81000000,81000000,236,393,81020000,28393
2,4051,81020000,81020000,236,393,81040000,28398
2,4052,81040000,81040000,236,393,81060000,28404
2,4053,81060000,81060000,236,393,81080000,28413
2,4054,81080000,81080000,236,393,81100000,28420
2,4055,81100000,81100000,236,393,81120000,28426
2,4056,81120000,81120000,236,393,81140000,28434
2,4057,81140000,81140000,236,393,81160000,28440
2,4058,81160000,81160000,236,393,81180000,28447
2,4059,81180000,81180000,236,393,81200000,28455
2,406,8120000,8120000,236,393,8140000,2847
2,4060,81200000,81200000,236,393,81220000,28461
2,4061,81220000,81220000,236,393,81240000,28468
2,4062,81240000,81240000,236,393,81260000,28475
2,4063,81260000,81260000,236,393,81280000,28483
2,4064,81280000,81280000,236,393,81300000,28489
2,4065,81300000,81300000,236,393,81320000,28497
2,4066,81320000,81320000,236,393,81340000,28502
2,4067,81340000,81340000,236,393,81360000,28510
2,4068,81360000,81360000,236,393,81380000,28519
2,4069,81380000,81380000,236,393,81400000,28524
2,407,8140000,8140000,236,393,8160000,2853
2,4070,81400000,81400000,236,393,81420000,28531
2,4071,81420000,81420000,236,393,81440000,28539
2,4072,81440000,81440000,236,393,81460000,28546
2,4073,81460000,81460000,236,393,81480000,28552
2,4074,81480000,81480000,236,393,81500000,28560
2,4075,81500000,81500000,236,393,81520000,28566
2,4076,81520000,81520000,236,393,81540000,28573
2,4077,81540000,81540000,236,393,81560000,28582
2,4078,81560000,81560000,236,393,81580000,28587
2,4079,81580000,81580000,236,393,81600000,28593
2,408,8160000,8160000,236,393,8180000,2862
2,4080,81600000,81600000,236,393,81620000,28602
2,4081,81620000,81620000,236,393,81640000,28609
2,4082,81640000,81640000,236,393,81660000,28615
2,4083,81660000,81660000,236,393,81680000,28623
2,4084,81680000,81680000,236,393,81700000,28630
2,4085,81700000,81700000,236,393,81720000,28636
2,4086,81720000,81720000,236,393,81740000,28644
2,4087,81740000,81740000,236,393,81760000,28650
2,4088,81760000,81760000,236,393,81780000,28658
2,4089,81780000,81780000,236,393,81800000,28665
2,409,8180000,8180000,236,393,8200000,2869
2,4090,81800000,81800000,236,393,81820000,28671
2,4091,81820000,81820000,236,393,81840000,28679
2,4092,81840000,81840000,236,393,81860000,28687
2,4093,81860000,81860000,236,393,81880000,28692
2,4094,81880000,81880000,236,393,81900000,28698
2,4095,81900000,81900000,236,393,81920000,28708
2,4096,81920000,81920000,236,393,81940000,28713
2,4097,81940000,81940000,236,393,81960000,28720
2,4098,81960000,81960000,236,393,81980000,28729
2,4099,81980000,81980000,236,393,82000000,28735
2,41,820000,820000,236,393,840000,288
2,410,8200000,8200000,236,393,8220000,2875
2,4100,82000000,82000000,236,393,82020000,28741
2,4101,82020000,82020000,236,393,82040000,28749
2,4102,82040000,82040000,236,393,82060000,28756
2,4103,82060000,82060000,236,393,82080000,28762
2,4104,82080000,82080000,236,393,82100000,28770
2,4105,82100000,82100000,236,393,82120000,28777
2,4106,82120000,82120000,236,393,82140000,28784
2,4107,82140000,82140000,236,393,82160000,28791
2,4108,82160000,82160000,236,393,82180000,28797
2,4109,82180000,82180000,236,393,82200000,28805
2,411,8220000,8220000,236,393,8240000,2882
2,4110,82200000,82200000,236,393,82220000,28813
2,4111,82220000,82220000,236,393,82240000,28818
2,4112,82240000,82240000,236,393,82260000,28825
2,4113,82260000,82260000,236,393,82280000,28834
2,4114,82280000,82280000,236,393,82300000,28840
2,4115,82300000,82300000,236,393,82320000,28846
2,4116,82320000,82320000,236,393,82340000,28854
2,4117,82340000,82340000,236,393,82360000,28861
2,4118,82360000,82360000,236,393,82380000,28868
2,4119,82380000,82380000,236,393,82400000,28876
2,412,8240000,8240000,236,393,8260000,2889
2,4120,82400000,82400000,236,393,82420000,28881
2,4121,82420000,82420000,236,393,82440000,28888
2,4122,82440000,82440000,236,393,82460000,28897
2,4123,82460000,82460000,236,393,82480000,28903
2,4124,82480000,82480000,236,393,82500000,28909
2,4125,82500000,82500000,236,393,82520000,28917
2,4126,82520000,82520000,236,393,82540000,28925
2,4127,82540000,82540000,236,393,82560000,28931
2,4128,82560000,82560000,236,393,82580000,28939
2,4129,82580000,82580000,236,393,82600000,28944
2,413,8260000,8260000,236,393,8280000,2896
2,4130,82600000,82600000,236,393,82620000,28951
2,4131,82620000,82620000,236,393,82640000,28960
2,4132,82640000,82640000,236,393,82660000,28966
2,4133,82660000,82660000,236,393,82680000,28973
2,4134,82680000,82680000,236,393,82700000,28980
2,4135,82700000,82700000,236,393,82720000,28987
2,4136,82720000,82720000,236,393,82740000,28994
2,4137,82740000,82740000,236,393,82760000,29002
2,4138,82760000,82760000,236,393,82780000,29007
2,4139,82780000,82780000,236,393,82800000,29014
2,414,8280000,8280000,236,393,8300000,2904
2,4140,82800000,82800000,236,393,82820000,29024
2,4141,82820000,82820000,236,393,82840000,29029
2,4142,82840000,82840000,236,393,82860000,29035
2,4143,82860000,82860000,236,393,82880000,29044
2,4144,82880000,82880000,236,393,82900000,29051
2,4145,82900000,82900000,236,393,82920000,29057
2,4146,82920000,82920000,236,393,82940000,29064
2,4147,82940000,82940000,236,393,82960000,29071
2,4148,82960000,82960000,236,393,82980000,29078
2,4149,82980000,82980000,236,393,83000000,29086
2,415,8300000,8300000,236,393,8320000,2909
2,4150,83000000,83000000,236,393,83020000,29091
2,4151,83020000,83020000,236,393,83040000,29099
2,4152,83040000,83040000,236,393,83060000,29107
2,4153,83060000,83060000,236,393,83080000,29113
2,4154,83080000,83080000,236,393,83100000,29120
2,4155,83100000,83100000,236,393,83120000,29128
2,4156,83120000,83120000,236,393,83140000,29134
2,4157,83140000,83140000,236,393,83160000,29140
2,4158,83160000,83160000,236,393,83180000,29150
2,4159,83180000,83180000,236,393,83200000,29155
2,416,8320000,8320000,236,393,8340000,2918
2,4160,83200000,83200000,236,393,83220000,29162
2,4161,83220000,83220000,236,393,83240000,29170
2,4162,83240000,83240000,236,393,83260000,29177
2,4163,83260000,83260000,236,393,83280000,29183
2,4164,83280000,83280000,236,393,83300000,29190
2,4165,83300000,83300000,236,393,83320000,29197
2,4166,83320000,83320000,236,393,83340000,29204
2,4167,83340000,83340000,236,393,83360000,29212
2,4168,83360000,83360000,236,393,83380000,29218
2,4169,83380000,83380000,236,393,83400000,29225
2,417,8340000,8340000,236,393,8360000,2925
2,4170,83400000,83400000,236,393,83420000,29233
2,4171,83420000,83420000,236,393,83440000,29239
2,4172,83440000,83440000,236,393,83460000,29246
2,4173,83460000,83460000,236,393,83480000,29255
2,4174,83480000,83480000,236,393,83500000,29260
2,4175,83500000,83500000,236,393,83520000,29267
2,4176,83520000,83520000,236,393,83540000,29275
2,4177,83540000,83540000,236,393,83560000,29282
2,4178,83560000,83560000,236,393,83580000,29288
2,4179,83580000,83580000,236,393,83600000,29296
2,418,8360000,8360000,236,393,8380000,2931
2,4180,83600000,83600000,236,393,83620000,29302
2,4181,83620000,83620000,236,393,83640000,29309
2,4182,83640000,83640000,236,393,83660000,29318
2,4183,83660000,83660000,236,393,83680000,29323
2,4184,83680000,83680000,236,393,83700000,29329
2,4185,83700000,83700000,236,393,83720000,29338
2,4186,83720000,83720000,236,393,83740000,29345
2,4187,83740000,83740000,236,393,83760000,29351
2,4188,83760000,83760000,236,393,83780000,29359
2,4189,83780000,83780000,236,393,83800000,29366
2,419,8380000,8380000,236,393,8400000,2937
2,4190,83800000,83800000,236,393,83820000,29373
2,4191,83820000,83820000,236,393,83840000,29380
2,4192,83840000,83840000,236,393,83860000,29386
2,4193,83860000,83860000,236,393,83880000,29393
2,4194,83880000,83880000,236,393,83900000,29402
2,4195,83900000,83900000,236,393,83920000,29407
2,4196,83920000,83920000,236,393,83940000,29415
2,4197,83940000,83940000,236,393,83960000,29422
2,4198,83960000,83960000,236,393,83980000,29428
2,4199,83980000,83980000,236,393,84000000,29435
2,42,840000,840000,236,393,860000,297
2,420,8400000,8400000,236,393,8420000,2947
2,4200,84000000,84000000,236,393,84020000,29444
2,4201,84020000,84020000,236,393,84040000,29449
2,4202,84040000,84040000,236,393,84060000,29455
2,4203,84060000,84060000,236,393,84080000,29466
2,4204,84080000,84080000,236,393,84100000,29471
2,4205,84100000,84100000,236,393,84120000,29477
2,4206,84120000,84120000,236,393,84140000,29484
2,4207,84140000,84140000,236,393,84160000,29493
2,4208,84160000,84160000,236,393,84180000,29499
2,4209,84180000,84180000,236,393,84200000,29506
2,421,8420000,8420000,236,393,8440000,2952
2,4210,84200000,84200000,236,393,84220000,29512
2,4211,84220000,84220000,236,393,84240000,29520
2,4212,84240000,84240000,236,393,84260000,29528
2,4213,84260000,84260000,236,393,84280000,29533
2,4214,84280000,84280000,236,393,84300000,29540
2,4215,84300000,84300000,236,393,84320000,29548
2,4216,84320000,84320000,236,393,84340000,29555
2,4217,84340000,84340000,236,393,84360000,29562
2,4218,84360000,84360000,236,393,84380000,29570
2,4219,84380000,84380000,236,393,84400000,29575
2,422,8440000,8440000,236,393,8460000,2958
2,4220,84400000,84400000,236,393,84420000,29582
2,4221,84420000,84420000,236,393,84440000,29591
2,4222,84440000,84440000,236,393,84460000,29597
2,4223,84460000,84460000,236,393,84480000,29603
2,4224,84480000,84480000,236,393,84500000,29612
2,4225,84500000,84500000,236,393,84520000,29618
2,4226,84520000,84520000,236,393,84540000,29625
2,4227,84540000,84540000,236,393,84560000,29632
2,4228,84560000,84560000,236,393,84580000,29639
2,4229,84580000,84580000,236,393,84600000,29645
2,423,8460000,8460000,236,393,8480000,2968
2,4230,84600000,84600000,236,393,84620000,29654
2,4231,84620000,84620000,236,393,84640000,29660
2,4232,84640000,84640000,236,393,84660000,29666
2,4233,84660000,84660000,236,393,84680000,29675
2,4234,84680000,84680000,236,393,84700000,29681
2,4235,84700000,84700000,236,393,84720000,29688
2,4236,84720000,84720000,236,393,84740000,29695
2,4237,84740000,84740000,236,393,84760000,29702
2,4238,84760000,84760000,236,393,84780000,29709
2,4239,84780000,84780000,236,393,84800000,29717
2,424,8480000,8480000,236,393,8500000,2973
2,4240,84800000,84800000,236,393,84820000,29722
2,4241,84820000,84820000,236,393,84840000,29730
2,4242,84840000,84840000,236,393,84860000,29738
2,4243,84860000,84860000,236,393,84880000,29744
2,4244,84880000,84880000,236,393,84900000,29750
2,4245,84900000,84900000,236,393,84920000,29760
2,4246,84920000,84920000,236,393,84940000,29765
2,4247,84940000,84940000,236,393,84960000,29771
2,4248,84960000,84960000,236,393,84980000,29780
2,4249,84980000,84980000,236,393,85000000,29786
2,425,8500000,8500000,236,393,8520000,2980
2,4250,85000000,85000000,236,393,85020000,29793
2,4251,85020000,85020000,236,393,85040000,29800
2,4252,85040000,85040000,236,393,85060000,29808
2,4253,85060000,85060000,236,393,85080000,29814
2,4254,85080000,85080000,236,393,85100000,29822
2,4255,85100000,85100000,236,393,85120000,29827
2,4256,85120000,85120000,236,393,85140000,29835
2,4257,85140000,85140000,236,393,85160000,29843
2,4258,85160000,85160000,236,393,85180000,29849
2,4259,85180000,85180000,236,393,85200000,29856
2,426,8520000,8520000,236,393,8540000,2987
2,4260,85200000,85200000,236,393,85220000,29864
2,4261,85220000,85220000,236,393,85240000,29870
2,4262,85240000,85240000,236,393,85260000,29877
2,4263,85260000,85260000,236,393,85280000,29886
2,4264,85280000,85280000,236,393,85300000,29891
2,4265,85300000,85300000,236,393,85320000,29897
2,4266,85320000,85320000,236,393,85340000,29906
2,4267,85340000,85340000,236,393,85360000,29913
2,4268,85360000,85360000,236,393,85380000,29919
2,4269,85380000,85380000,236,393,85400000,29926
2,427,8540000,8540000,236,393,8560000,2995
2,4270,85400000,85400000,236,393,85420000,29933
2,4271,85420000,85420000,236,393,85440000,29941
2,4272,85440000,85440000,236,393,85460000,29948
2,4273,85460000,85460000,236,393,85480000,29954
2,4274,85480000,85480000,236,393,85500000,29960
2,4275,85500000,85500000,236,393,85520000,29970
2,4276,85520000,85520000,236,393,85540000,29975
2,4277,85540000,85540000,236,393,85560000,29982
2,4278,85560000,85560000,236,393,85580000,29990
2,4279,85580000,85580000,236,393,85600000,29997
2,428,8560000,8560000,236,393,8580000,3001
2,4280,85600000,85600000,236,393,85620000,30004
2,4281,85620000,85620000,236,393,85640000,30011
2,4282,85640000,85640000,236,393,85660000,30017
2,4283,85660000,85660000,236,393,85680000,30023
2,4284,85680000,85680000,236,393,85700000,30033
2,4285,85700000,85700000,236,393,85720000,30038
2,4286,85720000,85720000,236,393,85740000,30045
2,4287,85740000,85740000,236,393,85760000,30053
2,4288,85760000,85760000,236,393,85780000,30060
2,4289,85780000,85780000,236,393,85800000,30066
2,429,8580000,8580000,236,393,8600000,3009
2,4290,85800000,85800000,236,393,85820000,30074
2,4291,85820000,85820000,236,393,85840000,30080
2,4292,85840000,85840000,236,393,85860000,30087
2,4293,85860000,85860000,236,393,85880000,30096
2,4294,85880000,85880000,236,393,85900000,30102
2,4295,85900000,85900000,236,393,85920000,30108
2,4296,85920000,85920000,236,393,85940000,30116
2,4297,85940000,85940000,236,393,85960000,30123
2,4298,85960000,85960000,236,393,85980000,30130
2,4299,85980000,85980000,236,393,86000000,30137
2,43,860000,860000,236,393,880000,302
2,430,8600000,8600000,236,393,8620000,3015
2,4300,86000000,86000000,236,393,86020000,30142
2,4301,86020000,86020000,236,393,86040000,30151
2,4302,86040000,86040000,236,393,86060000,30159
2,4303,86060000,86060000,236,393,86080000,30164
2,4304,86080000,86080000,236,393,86100000,30170
2,4305,86100000,86100000,236,393,86120000,30180
2,4306,86120000,86120000,236,393,86140000,30186
2,4307,86140000,86140000,236,393,86160000,30192
2,4308,86160000,86160000,236,393,86180000,30201
2,4309,86180000,86180000,236,393,86200000,30207
2,431,8620000,8620000,236,393,8640000,3022
2,4310,86200000,86200000,236,393,86220000,30213
2,4311,86220000,86220000,236,393,86240000,30221
2,4312,86240000,86240000,236,393,86260000,30228
2,4313,86260000,86260000,236,393,86280000,30235
2,4314,86280000,86280000,236,393,86300000,30242
2,4315,86300000,86300000,236,393,86320000,30249
2,4316,86320000,86320000,236,393,86340000,30256
2,4317,86340000,86340000,236,393,86360000,30263
2,4318,86360000,86360000,236,393,86380000,30269
2,4319,86380000,86380000,236,393,86400000,30276
2,432,8640000,8640000,236,393,8660000,3030
2,4320,86400000,86400000,236,393,86420000,30285
2,4321,86420000,86420000,236,393,86440000,30290
2,4322,86440000,86440000,236,393,86460000,30298
2,4323,86460000,86460000,236,393,86480000,30306
2,4324,86480000,86480000,236,393,86500000,30312
2,4325,86500000,86500000,236,393,86520000,30318
2,4326,86520000,86520000,236,393,86540000,30327
2,4327,86540000,86540000,236,393,86560000,30333
2,4328,86560000,86560000,236,393,86580000,30339
2,4329,86580000,86580000,236,393,86600000,30348
2,433,8660000,8660000,236,393,8680000,3036
2,4330,86600000,86600000,236,393,86620000,30354
2,4331,86620000,86620000,236,393,86640000,30361
2,4332,86640000,86640000,236,393,86660000,30368
2,4333,86660000,86660000,236,393,86680000,30375
2,4334,86680000,86680000,236,393,86700000,30381
2,4335,86700000,86700000,236,393,86720000,30390
2,4336,86720000,86720000,236,393,86740000,30396
2,4337,86740000,86740000,236,393,86760000,30402
2,4338,86760000,86760000,236,393,86780000,30411
2,4339,86780000,86780000,236,393,86800000,30417
2,434,8680000,8680000,236,393,8700000,3043
2,4340,86800000,86800000,236,393,86820000,30424
2,4341,86820000,86820000,236,393,86840000,30431
2,4342,86840000,86840000,236,393,86860000,30438
2,4343,86860000,86860000,236,393,86880000,30446
2,4344,86880000,86880000,236,393,86900000,30453
2,4345,86900000,86900000,236,393,86920000,30458
2,4346,86920000,86920000,236,393,86940000,30465
2,4347,86940000,86940000,236,393,86960000,30475
2,4348,86960000,86960000,236,393,86980000,30480
2,4349,86980000,86980000,236,393,87000000,30486
2,435,8700000,8700000,236,393,8720000,3051
2,4350,87000000,87000000,236,393,87020000,30495
2,4351,87020000,87020000,236,393,87040000,30501
2,4352,87040000,87040000,236,393,87060000,30508
2,4353,87060000,87060000,236,393,87080000,30516
2,4354,87080000,87080000,236,393,87100000,30522
2,4355,87100000,87100000,236,393,87120000,30528
2,4356,87120000,87120000,236,393,87140000,30537
2,4357,87140000,87140000,236,393,87160000,30544
2,4358,87160000,87160000,236,393,87180000,30550
2,4359,87180000,87180000,236,393,87200000,30557
2,436,8720000,8720000,236,393,8740000,3057
2,4360,87200000,87200000,236,393,87220000,30564
2,4361,87220000,87220000,236,393,87240000,30572
2,4362,87240000,87240000,236,393,87260000,30579
2,4363,87260000,87260000,236,393,87280000,30584
2,4364,87280000,87280000,236,393,87300000,30592
2,4365,87300000,87300000,236,393,87320000,30601
2,4366,87320000,87320000,236,393,87340000,30606
2,4367,87340000,87340000,236,393,87360000,30612
2,4368,87360000,87360000,236,393,87380000,30621
2,4369,87380000,87380000,236,393,87400000,30628
2,437,8740000,8740000,236,393,8760000,3065
2,4370,87400000,87400000,236,393,87420000,30634
2,4371,87420000,87420000,236,393,87440000,30642
2,4372,87440000,87440000,236,393,87460000,30648
2,4373,87460000,87460000,236,393,87480000,30655
2,4374,87480000,87480000,236,393,87500000,30663
2,4375,87500000,87500000,236,393,87520000,30669
2,4376,87520000,87520000,236,393,87540000,30676
2,4377,87540000,87540000,236,393,87560000,30684
2,4378,87560000,87560000,236,393,87580000,30691
2,4379,87580000,87580000,236,393,87600000,30697
2,438,8760000,8760000,236,393,8780000,3073
2,4380,87600000,87600000,236,393,87620000,30705
2,4381,87620000,87620000,236,393,87640000,30711
2,4382,87640000,87640000,236,393,87660000,30718
2,4383,87660000,87660000,236,393,87680000,30727
2,4384,87680000,87680000,236,393,87700000,30732
2,4385,87700000,87700000,236,393,87720000,30739
2,4386,87720000,87720000,236,393,87740000,30747
2,4387,87740000,87740000,236,393,87760000,30754
2,4388,87760000,87760000,236,393,87780000,30760
2,4389,87780000,87780000,236,393,87800000,30768
2,439,8780000,8780000,236,393,8800000,3078
2,4390,87800000,87800000,236,393,87820000,30774
2,4391,87820000,87820000,236,393,87840000,30781
2,4392,87840000,87840000,236,393,87860000,30790
2,4393,87860000,87860000,236,393,87880000,30795
2,4394,87880000,87880000,236,393,87900000,30802
2,4395,87900000,87900000,236,393,87920000,30810
2,4396,87920000,87920000,236,393,87940000,30817
2,4397,87940000,87940000,236,393,87960000,30823
2,4398,87960000,87960000,236,393,87980000,30832
2,4399,87980000,87980000,236,393,88000000,30838
2,44,880000,880000,236,393,900000,308
2,440,8800000,8800000,236,393,8820000,3084
2,4400,88000000,88000000,236,393,88020000,30844
2,4401,88020000,88020000,236,393,88040000,30852
2,4402,88040000,88040000,236,393,88060000,30858
2,4403,88060000,88060000,236,393,88080000,30866
2,4404,88080000,88080000,236,393,88100000,30873
2,4405,88100000,88100000,236,393,88120000,30879
2,4406,88120000,88120000,236,393,88140000,30887
2,4407,88140000,88140000,236,393,88160000,30895
2,4408,88160000,88160000,236,393,88180000,30900
2,4409,88180000,88180000,236,393,88200000,30906
2,441,8820000,8820000,236,393,8840000,3093
2,4410,88200000,88200000,236,393,88220000,30916
2,4411,88220000,88220000,236,393,88240000,30922
2,4412,88240000,88240000,236,393,88260000,30928
2,4413,88260000,88260000,236,393,88280000,30937
2,4414,88280000,88280000,236,393,88300000,30943
2,4415,88300000,88300000,236,393,88320000,30950
2,4416,88320000,88320000,236,393,88340000,30957
2,4417,88340000,88340000,236,393,88360000,30964
2,4418,88360000,88360000,236,393,88380000,30970
2,4419,88380000,88380000,236,393,88400000,30978
2,442,8840000,8840000,236,393,8860000,3100
2,4420,88400000,88400000,236,393,88420000,30985
2,4421,88420000,88420000,236,393,88440000,30992
2,4422,88440000,88440000,236,393,88460000,30999
2,4423,88460000,88460000,236,393,88480000,31005
2,4424,88480000,88480000,236,393,88500000,31013
2,4425,88500000,88500000,236,393,88520000,31021
2,4426,88520000,88520000,236,393,88540000,31026
2,4427,88540000,88540000,236,393,88560000,31033
2,4428,88560000,88560000,236,393,88580000,31043
2,4429,88580000,88580000,236,393,88600000,31048
2,443,8860000,8860000,236,393,8880000,3106
2,4430,88600000,88600000,236,393,88620000,31054
2,4431,88620000,88620000,236,393,88640000,31062
2,4432,88640000,88640000,236,393,88660000,31070
2,4433,88660000,88660000,236,393,88680000,31076
2,4434,88680000,88680000,236,393,88700000,31084
2,4435,88700000,88700000,236,393,88720000,31089
2,4436,88720000,88720000,236,393,88740000,31096
2,4437,88740000,88740000,236,393,88760000,31105
2,4438,88760000,88760000,236,393,88780000,31111
2,4439,88780000,88780000,236,393,88800000,31117
2,444,8880000,8880000,236,393,8900000,3114
2,4440,88800000,88800000,236,393,88820000,31125
2,4441,88820000,88820000,236,393,88840000,31133
2,4442,88840000,88840000,236,393,88860000,31139
2,4443,88860000,88860000,236,393,88880000,31147
2,4444,88880000,88880000,236,393,88900000,31152
2,4445,88900000,88900000,236,393,88920000,31160
2,4446,88920000,88920000,236,393,88940000,31168
2,4447,88940000,88940000,236,393,88960000,31174
2,4448,88960000,88960000,236,393,88980000,31181
2,4449,88980000,88980000,236,393,89000000,31189
2,445,8900000,8900000,236,393,8920000,3120
2,4450,89000000,89000000,236,393,89020000,31195
2,4451,89020000,89020000,236,393,89040000,31202
2,4452,89040000,89040000,236,393,89060000,31210
2,4453,89060000,89060000,236,393,89080000,31215
2,4454,89080000,89080000,236,393,89100000,31222
2,4455,89100000,89100000,236,393,89120000,31232
2,4456,89120000,89120000,236,393,89140000,31237
2,4457,89140000,89140000,236,393,89160000,31243
2,4458,89160000,89160000,236,393,89180000,31252
2,4459,89180000,89180000,236,393,89200000,31259
2,446,8920000,8920000,236,393,8940000,3128
2,4460,89200000,89200000,236,393,89220000,31265
2,4461,89220000,89220000,236,393,89240000,31272
2,4462,89240000,89240000,236,393,89260000,31280
2,4463,89260000,89260000,236,393,89280000,31286
2,4464,89280000,89280000,236,393,89300000,31294
2,4465,89300000,89300000,236,393,89320000,31299
2,4466,89320000,89320000,236,393,89340000,31308
2,4467,89340000,89340000,236,393,89360000,31315
2,4468,89360000,89360000,236,393,89380000,31321
2,4469,89380000,89380000,236,393,89400000,31328
2,447,8940000,8940000,236,393,8960000,3135
2,4470,89400000,89400000,236,393,89420000,31336
2,4471,89420000,89420000,236,393,89440000,31342
2,4472,89440000,89440000,236,393,89460000,31348
2,4473,89460000,89460000,236,393,89480000,31358
2,4474,89480000,89480000,236,393,89500000,31363
2,4475,89500000,89500000,236,393,89520000,31370
2,4476,89520000,89520000,236,393,89540000,31378
2,4477,89540000,89540000,236,393,89560000,31385
2,4478,89560000,89560000,236,393,89580000,31391
2,4479,89580000,89580000,236,393,89600000,31399
2,448,8960000,8960000,236,393,8980000,3141
2,4480,89600000,89600000,236,393,89620000,31405
2,4481,89620000,89620000,236,393,89640000,31412
2,4482,89640000,89640000,236,393,89660000,31420
2,4483,89660000,89660000,236,393,89680000,31427
2,4484,89680000,89680000,236,393,89700000,31433
2,4485,89700000,89700000,236,393,89720000,31441
2,4486,89720000,89720000,236,393,89740000,31447
2,4487,89740000,89740000,236,393,89760000,31454
2,4488,89760000,89760000,236,393,89780000,31463
2,4489,89780000,89780000,236,393,89800000,31468
2,449,8980000,8980000,236,393,9000000,3147
2,4490,89800000,89800000,236,393,89820000,31475
2,4491,89820000,89820000,236,393,89840000,31483
2,4492,89840000,89840000,236,393,89860000,31490
2,4493,89860000,89860000,236,393,89880000,31496
2,4494,89880000,89880000,236,393,89900000,31504
2,4495,89900000,89900000,236,393,89920000,31510
2,4496,89920000,89920000,236,393,89940000,31518
2,4497,89940000,89940000,236,393,89960000,31526
2,4498,89960000,89960000,236,393,89980000,31531
2,4499,89980000,89980000,236,393,90000000,31537
2,45,900000,900000,236,393,920000,318
2,450,9000000,9000000,236,393,9020000,3157
2,4500,90000000,90000000,236,393,90020000,31547
2,4501,90020000,90020000,236,393,90040000,31553
2,4502,90040000,90040000,236,393,90060000,31559
2,4503,90060000,90060000,236,393,90080000,31567
2,4504,90080000,90080000,236,393,90100000,31574
2,4505,90100000,90100000,236,393,90120000,31581
2,4506,90120000,90120000,236,393,90140000,31588
2,4507,90140000,90140000,236,393,90160000,31594
2,4508,90160000,90160000,236,393,90180000,31601
2,4509,90180000,90180000,236,393,90200000,31610
2,451,9020000,9020000,236,393,9040000,3163
2,4510,90200000,90200000,236,393,90220000,31615
2,4511,90220000,90220000,236,393,90240000,31623
2,4512,90240000,90240000,236,393,90260000,31630
2,4513,90260000,90260000,236,393,90280000,31637
2,4514,90280000,90280000,236,393,90300000,31643
2,4515,90300000,90300000,236,393,90320000,31652
2,4516,90320000,90320000,236,393,90340000,31657
2,4517,90340000,90340000,236,393,90360000,31664
2,4518,90360000,90360000,236,393,90380000,31674
2,4519,90380000,90380000,236,393,90400000,31679
2,452,9040000,9040000,236,393,9060000,3169
2,4520,90400000,90400000,236,393,90420000,31685
2,4521,90420000,90420000,236,393,90440000,31692
2,4522,90440000,90440000,236,393,90460000,31701
2,4523,90460000,90460000,236,393,90480000,31707
2,4524,90480000,90480000,236,393,90500000,31714
2,4525,90500000,90500000,236,393,90520000,31720
2,4526,90520000,90520000,236,393,90540000,31728
2,4527,90540000,90540000,236,393,90560000,31736
2,4528,90560000,90560000,236,393,90580000,31741
2,4529,90580000,90580000,236,393,90600000,31748
2,453,9060000,9060000,236,393,9080000,3177
2,4530,90600000,90600000,236,393,90620000,31757
2,4531,90620000,90620000,236,393,90640000,31763
2,4532,90640000,90640000,236,393,90660000,31770
2,4533,90660000,90660000,236,393,90680000,31778
2,4534,90680000,90680000,236,393,90700000,31784
2,4535,90700000,90700000,236,393,90720000,31790
2,4536,90720000,90720000,236,393,90740000,31799
2,4537,90740000,90740000,236,393,90760000,31805
2,4538,90760000,90760000,236,393,90780000,31811
2,4539,90780000,90780000,236,393,90800000,31820
2,454,9080000,9080000,236,393,9100000,3184
2,4540,90800000,90800000,236,393,90820000,31826
2,4541,90820000,90820000,236,393,90840000,31833
2,4542,90840000,90840000,236,393,90860000,31840
2,4543,90860000,90860000,236,393,90880000,31847
2,4544,90880000,90880000,236,393,90900000,31853
2,4545,90900000,90900000,236,393,90920000,31862
2,4546,90920000,90920000,236,393,90940000,31868
2,4547,90940000,90940000,236,393,90960000,31875
2,4548,90960000,90960000,236,393,90980000,31883
2,4549,90980000,90980000,236,393,91000000,31889
2,455,9100000,9100000,236,393,9120000,3191
2,4550,91000000,91000000,236,393,91020000,31896
2,4551,91020000,91020000,236,393,91040000,31904
2,4552,91040000,91040000,236,393,91060000,31910
2,4553,91060000,91060000,236,393,91080000,31917
2,4554,91080000,91080000,236,393,91100000,31925
2,4555,91100000,91100000,236,393,91120000,31930
2,4556,91120000,91120000,236,393,91140000,31938
2,4557,91140000,91140000,236,393,91160000,31946
2,4558,91160000,91160000,236,393,91180000,31952
2,4559,91180000,91180000,236,393,91200000,31958
2,456,9120000,9120000,236,393,9140000,3198
2,4560,91200000,91200000,236,393,91220000,31968
2,4561,91220000,91220000,236,393,91240000,31973
2,4562,91240000,91240000,236,393,91260000,31979
2,4563,91260000,91260000,236,393,91280000,31988
2,4564,91280000,91280000,236,393,91300000,31995
2,4565,91300000,91300000,236,393,91320000,32001
2,4566,91320000,91320000,236,393,91340000,32008
2,4567,91340000,91340000,236,393,91360000,32016
2,4568,91360000,91360000,236,393,91380000,32023
2,4569,91380000,91380000,236,393,91400000,32030
2,457,9140000,9140000,236,393,9160000,3204
2,4570,91400000,91400000,236,393,91420000,32035
2,4571,91420000,91420000,236,393,91440000,32043
2,4572,91440000,91440000,236,393,91460000,32051
2,4573,91460000,91460000,236,393,91480000,32057
2,4574,91480000,91480000,236,393,91500000,32064
2,4575,91500000,91500000,236,393,91520000,32072
2,4576,91520000,91520000,236,393,91540000,32078
2,4577,91540000,91540000,236,393,91560000,32085
2,4578,91560000,91560000,236,393,91580000,32094
2,4579,91580000,91580000,236,393,91600000,32099
2,458,9160000,9160000,236,393,9180000,3211
2,4580,91600000,91600000,236,393,91620000,32105
2,4581,91620000,91620000,236,393,91640000,32115
2,4582,91640000,91640000,236,393,91660000,32121
2,4583,91660000,91660000,236,393,91680000,32127
2,4584,91680000,91680000,236,393,91700000,32134
2,4585,91700000,91700000,236,393,91720000,32142
2,4586,91720000,91720000,236,393,91740000,32149
2,4587,91740000,91740000,236,393,91760000,32156
2,4588,91760000,91760000,236,393,91780000,32162
2,4589,91780000,91780000,236,393,91800000,32168
2,459,9180000,9180000,236,393,9200000,3220
2,4590,91800000,91800000,236,393,91820000,32178
2,4591,91820000,91820000,236,393,91840000,32183
2,4592,91840000,91840000,236,393,91860000,32190
2,4593,91860000,91860000,236,393,91880000,32198
2,4594,91880000,91880000,236,393,91900000,32205
2,4595,91900000,91900000,236,393,91920000,32212
2,4596,91920000,91920000,236,393,91940000,32219
2,4597,91940000,91940000,236,393,91960000,32225
2,4598,91960000,91960000,236,393,91980000,32232
2,4599,91980000,91980000,236,393,92000000,32241
2,46,920000,920000,236,393,940000,324
2,460,9200000,9200000,236,393,9220000,3225
2,4600,92000000,92000000,236,393,92020000,32246
2,4601,92020000,92020000,236,393,92040000,32253
2,4602,92040000,92040000,236,393,92060000,32262
2,4603,92060000,92060000,236,393,92080000,32268
2,4604,92080000,92080000,236,393,92100000,32274
2,4605,92100000,92100000,236,393,92120000,32282
2,4606,92120000,92120000,236,393,92140000,32288
2,4607,92140000,92140000,236,393,92160000,32295
2,4608,92160000,92160000,236,393,92180000,32304
2,4609,92180000,92180000,236,393,92200000,32310
2,461,9220000,9220000,236,393,9240000,3232
2,4610,92200000,92200000,236,393,92220000,32316
2,4611,92220000,92220000,236,393,92240000,32324
2,4612,92240000,92240000,236,393,92260000,32331
2,4613,92260000,92260000,236,393,92280000,32338
2,4614,92280000,92280000,236,393,92300000,32345
2,4615,92300000,92300000,236,393,92320000,32351
2,4616,92320000,92320000,236,393,92340000,32359
2,4617,92340000,92340000,236,393,92360000,32367
2,4618,92360000,92360000,236,393,92380000,32372
2,4619,92380000,92380000,236,393,92400000,32379
2,462,9240000,9240000,236,393,9260000,3240
2,4620,92400000,92400000,236,393,92420000,32388
2,4621,92420000,92420000,236,393,92440000,32394
2,4622,92440000,92440000,236,393,92460000,32400
2,4623,92460000,92460000,236,393,92480000,32409
2,4624,92480000,92480000,236,393,92500000,32415
2,4625,92500000,92500000,236,393,92520000,32421
2,4626,92520000,92520000,236,393,92540000,32429
2,4627,92540000,92540000,236,393,92560000,32436
2,4628,92560000,92560000,236,393,92580000,32443
2,4629,92580000,92580000,236,393,92600000,32450
2,463,9260000,9260000,236,393,9280000,3247
2,4630,92600000,92600000,236,393,92620000,32457
2,4631,92620000,92620000,236,393,92640000,32464
2,4632,92640000,92640000,236,393,92660000,32472
2,4633,92660000,92660000,236,393,92680000,32477
2,4634,92680000,92680000,236,393,92700000,32484
2,4635,92700000,92700000,236,393,92720000,32493
2,4636,92720000,92720000,236,393,92740000,32499
2,4637,92740000,92740000,236,393,92760000,32506
2,4638,92760000,92760000,236,393,92780000,32514
2,4639,92780000,92780000,236,393,92800000,32520
2,464,9280000,9280000,236,393,9300000,3253
2,4640,92800000,92800000,236,393,92820000,32526
2,4641,92820000,92820000,236,393,92840000,32535
2,4642,92840000,92840000,236,393,92860000,32541
2,4643,92860000,92860000,236,393,92880000,32547
2,4644,92880000,92880000,236,393,92900000,32556
2,4645,92900000,92900000,236,393,92920000,32562
2,4646,92920000,92920000,236,393,92940000,32569
2,4647,92940000,92940000,236,393,92960000,32576
2,4648,92960000,92960000,236,393,92980000,32583
2,4649,92980000,92980000,236,393,93000000,32590
2,465,9300000,9300000,236,393,9320000,3262
2,4650,93000000,93000000,236,393,93020000,32598
2,4651,93020000,93020000,236,393,93040000,32604
2,4652,93040000,93040000,236,393,93060000,32610
2,4653,93060000,93060000,236,393,93080000,32620
2,4654,93080000,93080000,236,393,93100000,32625
2,4655,93100000,93100000,236,393,93120000,32632
2,4656,93120000,93120000,236,393,93140000,32639
2,4657,93140000,93140000,236,393,93160000,32646
2,4658,93160000,93160000,236,393,93180000,32654
2,4659,93180000,93180000,236,393,93200000,32661
2,466,9320000,9320000,236,393,9340000,3267
2,4660,93200000,93200000,236,393,93220000,32666
2,4661,93220000,93220000,236,393,93240000,32673
2,4662,93240000,93240000,236,393,93260000,32683
2,4663,93260000,93260000,236,393,93280000,32688
2,4664,93280000,93280000,236,393,93300000,32694
2,4665,93300000,93300000,236,393,93320000,32703
2,4666,93320000,93320000,236,393,93340000,32710
2,4667,93340000,93340000,236,393,93360000,32716
2,4668,93360000,93360000,236,393,93380000,32724
2,4669,93380000,93380000,236,393,93400000,32730
2,467,9340000,9340000,236,393,9360000,3274
2,4670,93400000,93400000,236,393,93420000,32737
2,4671,93420000,93420000,236,393,93440000,32745
2,4672,93440000,93440000,236,393,93460000,32752
2,4673,93460000,93460000,236,393,93480000,32758
2,4674,93480000,93480000,236,393,93500000,32765
2,4675,93500000,93500000,236,393,93520000,32772
2,4676,93520000,93520000,236,393,93540000,32780
2,4677,93540000,93540000,236,393,93560000,32787
2,4678,93560000,93560000,236,393,93580000,32792
2,4679,93580000,93580000,236,393,93600000,32800
2,468,9360000,9360000,236,393,9380000,3283
2,4680,93600000,93600000,236,393,93620000,32809
2,4681,93620000,93620000,236,393,93640000,32814
2,4682,93640000,93640000,236,393,93660000,32820
2,4683,93660000,93660000,236,393,93680000,32830
2,4684,93680000,93680000,236,393,93700000,32836
2,4685,93700000,93700000,236,393,93720000,32842
2,4686,93720000,93720000,236,393,93740000,32850
2,4687,93740000,93740000,236,393,93760000,32857
2,4688,93760000,93760000,236,393,93780000,32863
2,4689,93780000,93780000,236,393,93800000,32871
2,469,9380000,9380000,236,393,9400000,3289
2,4690,93800000,93800000,236,393,93820000,32877
2,4691,93820000,93820000,236,393,93840000,32884
2,4692,93840000,93840000,236,393,93860000,32892
2,4693,93860000,93860000,236,393,93880000,32899
2,4694,93880000,93880000,236,393,93900000,32905
2,4695,93900000,93900000,236,393,93920000,32913
2,4696,93920000,93920000,236,393,93940000,32919
2,4697,93940000,93940000,236,393,93960000,32926
2,4698,93960000,93960000,236,393,93980000,32935
2,4699,93980000,93980000,236,393,94000000,32940
2,47,940000,940000,236,393,960000,330
2,470,9400000,9400000,236,393,9420000,3295
2,4700,94000000,94000000,236,393,94020000,32948
2,4701,94020000,94020000,236,393,94040000,32955
2,4702,94040000,94040000,236,393,94060000,32962
2,4703,94060000,94060000,236,393,94080000,32968
2,4704,94080000,94080000,236,393,94100000,32977
2,4705,94100000,94100000,236,393,94120000,32982
2,4706,94120000,94120000,236,393,94140000,32989
2,4707,94140000,94140000,236,393,94160000,32998
2,4708,94160000,94160000,236,393,94180000,33003
2,4709,94180000,94180000,236,393,94200000,33010
2,471,9420000,9420000,236,393,9440000,3303
2,4710,94200000,94200000,236,393,94220000,33018
2,4711,94220000,94220000,236,393,94240000,33025
2,4712,94240000,94240000,236,393,94260000,33031
2,4713,94260000,94260000,236,393,94280000,33040
2,4714,94280000,94280000,236,393,94300000,33046
2,4715,94300000,94300000,236,393,94320000,33052
2,4716,94320000,94320000,236,393,94340000,33060
2,4717,94340000,94340000,236,393,94360000,33067
2,4718,94360000,94360000,236,393,94380000,33074
2,4719,94380000,94380000,236,393,94400000,33081
2,472,9440000,9440000,236,393,9460000,3311
2,4720,94400000,94400000,236,393,94420000,33087
2,4721,94420000,94420000,236,393,94440000,33096
2,4722,94440000,94440000,236,393,94460000,33103
2,4723,94460000,94460000,236,393,94480000,33108
2,4724,94480000,94480000,236,393,94500000,33114
2,4725,94500000,94500000,236,393,94520000,33124
2,4726,94520000,94520000,236,393,94540000,33130
2,4727,94540000,94540000,236,393,94560000,33136
2,4728,94560000,94560000,236,393,94580000,33145
2,4729,94580000,94580000,236,393,94600000,33151
2,473,9460000,9460000,236,393,9480000,3317
2,4730,94600000,94600000,236,393,94620000,33158
2,4731,94620000,94620000,236,393,94640000,33165
2,4732,94640000,94640000,236,393,94660000,33172
2,4733,94660000,94660000,236,393,94680000,33178
2,4734,94680000,94680000,236,393,94700000,33187
2,4735,94700000,94700000,236,393,94720000,33193
2,4736,94720000,94720000,236,393,94740000,33200
2,4737,94740000,94740000,236,393,94760000,33207
2,4738,94760000,94760000,236,393,94780000,33214
2,4739,94780000,94780000,236,393,94800000,33221
2,474,9480000,9480000,236,393,9500000,3324
2,4740,94800000,94800000,236,393,94820000,33229
2,4741,94820000,94820000,236,393,94840000,33234
2,4742,94840000,94840000,236,393,94860000,33241
2,4743,94860000,94860000,236,393,94880000,33251
2,4744,94880000,94880000,236,393,94900000,33256
2,4745,94900000,94900000,236,393,94920000,33262
2,4746,94920000,94920000,236,393,94940000,33270
2,4747,94940000,94940000,236,393,94960000,33278
2,4748,94960000,94960000,236,393,94980000,33284
2,4749,94980000,94980000,236,393,95000000,33292
2,475,9500000,9500000,236,393,9520000,3329
2,4750,95000000,95000000,236,393,95020000,33297
2,4751,95020000,95020000,236,393,95040000,33305
2,4752,95040000,95040000,236,393,95060000,33313
2,4753,95060000,95060000,236,393,95080000,33319
2,4754,95080000,95080000,236,393,95100000,33325
2,4755,95100000,95100000,236,393,95120000,33334
2,4756,95120000,95120000,236,393,95140000,33341
2,4757,95140000,95140000,236,393,95160000,33347
2,4758,95160000,95160000,236,393,95180000,33355
2,4759,95180000,95180000,236,393,95200000,33360
2,476,9520000,9520000,236,393,9540000,3338
2,4760,95200000,95200000,236,393,95220000,33368
2,4761,95220000,95220000,236,393,95240000,33376
2,4762,95240000,95240000,236,393,95260000,33382
2,4763,95260000,95260000,236,393,95280000,33389
2,4764,95280000,95280000,236,393,95300000,33397
2,4765,95300000,95300000,236,393,95320000,33403
2,4766,95320000,95320000,236,393,95340000,33410
2,4767,95340000,95340000,236,393,95360000,33418
2,4768,95360000,95360000,236,393,95380000,33424
2,4769,95380000,95380000,236,393,95400000,33430
2,477,9540000,9540000,236,393,9560000,3346
2,4770,95400000,95400000,236,393,95420000,33440
2,4771,95420000,95420000,236,393,95440000,33445
2,4772,95440000,95440000,236,393,95460000,33452
2,4773,95460000,95460000,236,393,95480000,33460
2,4774,95480000,95480000,236,393,95500000,33467
2,4775,95500000,95500000,236,393,95520000,33473
2,4776,95520000,95520000,236,393,95540000,33480
2,4777,95540000,95540000,236,393,95560000,33488
2,4778,95560000,95560000,236,393,95580000,33494
2,4779,95580000,95580000,236,393,95600000,33502
2,478,9560000,9560000,236,393,9580000,3351
2,4780,95600000,95600000,236,393,95620000,33507
2,4781,95620000,95620000,236,393,95640000,33516
2,4782,95640000,95640000,236,393,95660000,33523
2,4783,95660000,95660000,236,393,95680000,33529
2,4784,95680000,95680000,236,393,95700000,33536
2,4785,95700000,95700000,236,393,95720000,33545
2,4786,95720000,95720000,236,393,95740000,33550
2,4787,95740000,95740000,236,393,95760000,33556
2,4788,95760000,95760000,236,393,95780000,33566
2,4789,95780000,95780000,236,393,95800000,33572
2,479,9580000,9580000,236,393,9600000,3358
2,4790,95800000,95800000,236,393,95820000,33578
2,4791,95820000,95820000,236,393,95840000,33586
2,4792,95840000,95840000,236,393,95860000,33593
2,4793,95860000,95860000,236,393,95880000,33599
2,4794,95880000,95880000,236,393,95900000,33607
2,4795,95900000,95900000,236,393,95920000,33613
2,4796,95920000,95920000,236,393,95940000,33620
2,4797,95940000,95940000,236,393,95960000,33628
2,4798,95960000,95960000,236,393,95980000,33635
2,4799,95980000,95980000,236,393,96000000,33641
2,48,960000,960000,236,393,980000,338
2,480,9600000,9600000,236,393,9620000,3367
2,4800,96000000,96000000,236,393,96020000,33649
2,4801,96020000,96020000,236,393,96040000,33655
2,4802,96040000,96040000,236,393,96060000,33663
2,4803,96060000,96060000,236,393,96080000,33671
2,4804,96080000,96080000,236,393,96100000,33676
2,4805,96100000,96100000,236,393,96120000,33683
2,4806,96120000,96120000,236,393,96140000,33692
2,4807,96140000,96140000,236,393,96160000,33698
2,4808,96160000,96160000,236,393,96180000,33704
2,4809,96180000,96180000,236,393,96200000,33712
2,481,9620000,9620000,236,393,9640000,3373
2,4810,96200000,96200000,236,393,96220000,33718
2,4811,96220000,96220000,236,393,96240000,33726
2,4812,96240000,96240000,236,393,96260000,33734
2,4813,96260000,96260000,236,393,96280000,33739
2,4814,96280000,96280000,236,393,96300000,33745
2,4815,96300000,96300000,236,393,96320000,33755
2,4816,96320000,96320000,236,393,96340000,33761
2,4817,96340000,96340000,236,393,96360000,33767
2,4818,96360000,96360000,236,393,96380000,33775
2,4819,96380000,96380000,236,393,96400000,33783
2,482,9640000,9640000,236,393,9660000,3379
2,4820,96400000,96400000,236,393,96420000,33789
2,4821,96420000,96420000,236,393,96440000,33796
2,4822,96440000,96440000,236,393,96460000,33802
2,4823,96460000,96460000,236,393,96480000,33810
2,4824,96480000,96480000,236,393,96500000,33818
2,4825,96500000,96500000,236,393,96520000,33823
2,4826,96520000,96520000,236,393,96540000,33831
2,4827,96540000,96540000,236,393,96560000,33838
2,4828,96560000,96560000,236,393,96580000,33845
2,4829,96580000,96580000,236,393,96600000,33851
2,483,9660000,9660000,236,393,9680000,3388
2,4830,96600000,96600000,236,393,96620000,33860
2,4831,96620000,96620000,236,393,96640000,33865
2,4832,96640000,96640000,236,393,96660000,33872
2,4833,96660000,96660000,236,393,96680000,33882
2,4834,96680000,96680000,236,393,96700000,33887
2,4835,96700000,96700000,236,393,96720000,33893
2,4836,96720000,96720000,236,393,96740000,33901
2,4837,96740000,96740000,236,393,96760000,33909
2,4838,96760000,96760000,236,393,96780000,33915
2,4839,96780000,96780000,236,393,96800000,33922
2,484,9680000,9680000,236,393,9700000,3394
2,4840,96800000,96800000,236,393,96820000,33929
2,4841,96820000,96820000,236,393,96840000,33936
2,4842,96840000,96840000,236,393,96860000,33944
2,4843,96860000,96860000,236,393,96880000,33949
2,4844,96880000,96880000,236,393,96900000,33956
2,4845,96900000,96900000,236,393,96920000,33965
2,4846,96920000,96920000,236,393,96940000,33971
2,4847,96940000,96940000,236,393,96960000,33978
2,4848,96960000,96960000,236,393,96980000,33986
2,4849,96980000,96980000,236,393,97000000,33992
2,485,9700000,9700000,236,393,9720000,3400
2,4850,97000000,97000000,236,393,97020000,33998
2,4851,97020000,97020000,236,393,97040000,34007
2,4852,97040000,97040000,236,393,97060000,34013
2,4853,97060000,97060000,236,393,97080000,34020
2,4854,97080000,97080000,236,393,97100000,34028
2,4855,97100000,97100000,236,393,97120000,34034
2,4856,97120000,97120000,236,393,97140000,34041
2,4857,97140000,97140000,236,393,97160000,34049
2,4858,97160000,97160000,236,393,97180000,34055
2,4859,97180000,97180000,236,393,97200000,34061
2,486,9720000,9720000,236,393,9740000,3409
2,4860,97200000,97200000,236,393,97220000,34070
2,4861,97220000,97220000,236,393,97240000,34076
2,4862,97240000,97240000,236,393,97260000,34083
2,4863,97260000,97260000,236,393,97280000,34091
2,4864,97280000,97280000,236,393,97300000,34097
2,4865,97300000,97300000,236,393,97320000,34104
2,4866,97320000,97320000,236,393,97340000,34112
2,4867,97340000,97340000,236,393,97360000,34118
2,4868,97360000,97360000,236,393,97380000,34125
2,4869,97380000,97380000,236,393,97400000,34133
2,487,9740000,9740000,236,393,9760000,3415
2,4870,97400000,97400000,236,393,97420000,34139
2,4871,97420000,97420000,236,393,97440000,34146
2,4872,97440000,97440000,236,393,97460000,34154
2,4873,97460000,97460000,236,393,97480000,34160
2,4874,97480000,97480000,236,393,97500000,34167
2,4875,97500000,97500000,236,393,97520000,34176
2,4876,97520000,97520000,236,393,97540000,34181
2,4877,97540000,97540000,236,393,97560000,34187
2,4878,97560000,97560000,236,393,97580000,34196
2,4879,97580000,97580000,236,393,97600000,34203
2,488,9760000,9760000,236,393,9780000,3422
2,4880,97600000,97600000,236,393,97620000,34209
2,4881,97620000,97620000,236,393,97640000,34216
2,4882,97640000,97640000,236,393,97660000,34224
2,4883,97660000,97660000,236,393,97680000,34231
2,4884,97680000,97680000,236,393,97700000,34238
2,4885,97700000,97700000,236,393,97720000,34243
2,4886,97720000,97720000,236,393,97740000,34251
2,4887,97740000,97740000,236,393,97760000,34260
2,4888,97760000,97760000,236,393,97780000,34265
2,4889,97780000,97780000,236,393,97800000,34272
2,489,9780000,9780000,236,393,9800000,3429
2,4890,97800000,97800000,236,393,97820000,34280
2,4891,97820000,97820000,236,393,97840000,34287
2,4892,97840000,97840000,236,393,97860000,34293
2,4893,97860000,97860000,236,393,97880000,34302
2,4894,97880000,97880000,236,393,97900000,34307
2,4895,97900000,97900000,236,393,97920000,34313
2,4896,97920000,97920000,236,393,97940000,34323
2,4897,97940000,97940000,236,393,97960000,34329
2,4898,97960000,97960000,236,393,97980000,34335
2,4899,97980000,97980000,236,393,98000000,34342
2,49,980000,980000,236,393,1000000,345
2,490,9800000,9800000,236,393,9820000,3436
2,4900,98000000,98000000,236,393,98020000,34350
2,4901,98020000,98020000,236,393,98040000,34357
2,4902,98040000,98040000,236,393,98060000,34364
2,4903,98060000,98060000,236,393,98080000,34370
2,4904,98080000,98080000,236,393,98100000,34377
2,4905,98100000,98100000,236,393,98120000,34386
2,4906,98120000,98120000,236,393,98140000,34391
2,4907,98140000,98140000,236,393,98160000,34398
2,4908,98160000,98160000,236,393,98180000,34407
2,4909,98180000,98180000,236,393,98200000,34413
2,491,9820000,9820000,236,393,9840000,3443
2,4910,98200000,98200000,236,393,98220000,34420
2,4911,98220000,98220000,236,393,98240000,34427
2,4912,98240000,98240000,236,393,98260000,34433
2,4913,98260000,98260000,236,393,98280000,34440
2,4914,98280000,98280000,236,393,98300000,34449
2,4915,98300000,98300000,236,393,98320000,34454
2,4916,98320000,98320000,236,393,98340000,34461
2,4917,98340000,98340000,236,393,98360000,34470
2,4918,98360000,98360000,236,393,98380000,34476
2,4919,98380000,98380000,236,393,98400000,34482
2,492,9840000,9840000,236,393,9860000,3450
2,4920,98400000,98400000,236,393,98420000,34490
2,4921,98420000,98420000,236,393,98440000,34497
2,4922,98440000,98440000,236,393,98460000,34503
2,4923,98460000,98460000,236,393,98480000,34512
2,4924,98480000,98480000,236,393,98500000,34518
2,4925,98500000,98500000,236,393,98520000,34525
2,4926,98520000,98520000,236,393,98540000,34532
2,4927,98540000,98540000,236,393,98560000,34539
2,4928,98560000,98560000,236,393,98580000,34546
2,4929,98580000,98580000,236,393,98600000,34553
2,493,9860000,9860000,236,393,9880000,3457
2,4930,98600000,98600000,236,393,98620000,34559
2,4931,98620000,98620000,236,393,98640000,34567
2,4932,98640000,98640000,236,393,98660000,34575
2,4933,98660000,98660000,236,393,98680000,34580
2,4934,98680000,98680000,236,393,98700000,34587
2,4935,98700000,98700000,236,393,98720000,34596
2,4936,98720000,98720000,236,393,98740000,34602
2,4937,98740000,98740000,236,393,98760000,34608
2,4938,98760000,98760000,236,393,98780000,34618
2,4939,98780000,98780000,236,393,98800000,34623
2,494,9880000,9880000,236,393,9900000,3463
2,4940,98800000,98800000,236,393,98820000,34629
2,4941,98820000,98820000,236,393,98840000,34637
2,4942,98840000,98840000,236,393,98860000,34645
2,4943,98860000,98860000,236,393,98880000,34651
2,4944,98880000,98880000,236,393,98900000,34658
2,4945,98900000,98900000,236,393,98920000,34665
2,4946,98920000,98920000,236,393,98940000,34672
2,4947,98940000,98940000,236,393,98960000,34680
2,4948,98960000,98960000,236,393,98980000,34685
2,4949,98980000,98980000,236,393,99000000,34692
2,495,9900000,9900000,236,393,9920000,3472
2,4950,99000000,99000000,236,393,99020000,34701
2,4951,99020000,99020000,236,393,99040000,34707
2,4952,99040000,99040000,236,393,99060000,34714
2,4953,99060000,99060000,236,393,99080000,34722
2,4954,99080000,99080000,236,393,99100000,34728
2,4955,99100000,99100000,236,393,99120000,34735
2,4956,99120000,99120000,236,393,99140000,34743
2,4957,99140000,99140000,236,393,99160000,34749
2,4958,99160000,99160000,236,393,99180000,34755
2,4959,99180000,99180000,236,393,99200000,34765
2,496,9920000,9920000,236,393,9940000,3477
2,4960,99200000,99200000,236,393,99220000,34770
2,4961,99220000,99220000,236,393,99240000,34777
2,4962,99240000,99240000,236,393,99260000,34784
2,4963,99260000,99260000,236,393,99280000,34791
2,4964,99280000,99280000,236,393,99300000,34798
2,4965,99300000,99300000,236,393,99320000,34806
2,4966,99320000,99320000,236,393,99340000,34812
2,4967,99340000,99340000,236,393,99360000,34818
2,4968,99360000,99360000,236,393,99380000,34828
2,4969,99380000,99380000,236,393,99400000,34833
2,497,9940000,9940000,236,393,9960000,3485
2,4970,99400000,99400000,236,393,99420000,34840
2,4971,99420000,99420000,236,393,99440000,34847
2,4972,99440000,99440000,236,393,99460000,34855
2,4973,99460000,99460000,236,393,99480000,34862
2,4974,99480000,99480000,236,393,99500000,34869
2,4975,99500000,99500000,236,393,99520000,34874
2,4976,99520000,99520000,236,393,99540000,34882
2,4977,99540000,99540000,236,393,99560000,34891
2,4978,99560000,99560000,236,393,99580000,34896
2,4979,99580000,99580000,236,393,99600000,34902
2,498,9960000,9960000,236,393,9980000,3493
2,4980,99600000,99600000,236,393,99620000,34911
2,4981,99620000,99620000,236,393,99640000,34918
2,4982,99640000,99640000,236,393,99660000,34924
2,4983,99660000,99660000,236,393,99680000,34932
2,4984,99680000,99680000,236,393,99700000,34938
2,4985,99700000,99700000,236,393,99720000,34945
2,4986,99720000,99720000,236,393,99740000,34953
2,4987,99740000,99740000,236,393,99760000,34960
2,4988,99760000,99760000,236,393,99780000,34966
2,4989,99780000,99780000,236,393,99800000,34974
2,499,9980000,9980000,236,393,10000000,3499
2,4990,99800000,99800000,236,393,99820000,34980
2,4991,99820000,99820000,236,393,99840000,34988
2,4992,99840000,99840000,236,393,99860000,34995
2,4993,99860000,99860000,236,393,99880000,35001
2,4994,99880000,99880000,236,393,99900000,35008
2,4995,99900000,99900000,236,393,99920000,35017
2,4996,99920000,99920000,236,393,99940000,35022
2,4997,99940000,99940000,236,393,99960000,35028
2,4998,99960000,99960000,236,393,99980000,35038
2,4999,99980000,99980000,236,393,100000000,35044
2,5,100000,100000,236,393,120000,36
2,50,1000000,1000000,236,393,1020000,351
2,500,10000000,10000000,236,393,10020000,3506
2,5000,100000000,100000000,236,393,100020000,35050
2,5001,100020000,100020000,236,393,100040000,35058
2,5002,100040000,100040000,236,393,100060000,35065
2,5003,100060000,100060000,236,393,100080000,35071
2,5004,100080000,100080000,236,393,100100000,35079
2,5005,100100000,100100000,236,393,100120000,35085
2,5006,100120000,100120000,236,393,100140000,35093
2,5007,100140000,100140000,236,393,100160000,35100
2,5008,100160000,100160000,236,393,100180000,35107
2,5009,100180000,100180000,236,393,100200000,35113
2,501,10020000,10020000,236,393,10040000,3514
2,5010,100200000,100200000,236,393,100220000,35122
2,5011,100220000,100220000,236,393,100240000,35127
2,5012,100240000,100240000,236,393,100260000,35134
2,5013,100260000,100260000,236,393,100280000,35143
2,5014,100280000,100280000,236,393,100300000,35148
2,5015,100300000,100300000,236,393,100320000,35156
2,5016,100320000,100320000,236,393,100340000,35163
2,5017,100340000,100340000,236,393,100360000,35170
2,5018,100360000,100360000,236,393,100380000,35176
2,5019,100380000,100380000,236,393,100400000,35185
2,502,10040000,10040000,236,393,10060000,3520
2,5020,100400000,100400000,236,393,100420000,35190
2,5021,100420000,100420000,236,393,100440000,35197
2,5022,100440000,100440000,236,393,100460000,35206
2,5023,100460000,100460000,236,393,100480000,35212
2,5024,100480000,100480000,236,393,100500000,35218
2,5025,100500000,100500000,236,393,100520000,35226
2,5026,100520000,100520000,236,393,100540000,35233
2,5027,100540000,100540000,236,393,100560000,35240
2,5028,100560000,100560000,236,393,100580000,35248
2,5029,100580000,100580000,236,393,100600000,35254
2,503,10060000,10060000,236,393,10080000,3526
2,5030,100600000,100600000,236,393,100620000,35260
2,5031,100620000,100620000,236,393,100640000,35268
2,5032,100640000,100640000,236,393,100660000,35275
2,5033,100660000,100660000,236,393,100680000,35282
2,5034,100680000,100680000,236,393,100700000,35289
2,5035,100700000,100700000,236,393,100720000,35295
2,5036,100720000,100720000,236,393,100740000,35304
2,5037,100740000,100740000,236,393,100760000,35311
2,5038,100760000,100760000,236,393,100780000,35316
2,5039,100780000,100780000,236,393,100800000,35322
2,504,10080000,10080000,236,393,10100000,3535
2,5040,100800000,100800000,236,393,100820000,35333
2,5041,100820000,100820000,236,393,100840000,35338
2,5042,100840000,100840000,236,393,100860000,35344
2,5043,100860000,100860000,236,393,100880000,35353
2,5044,100880000,100880000,236,393,100900000,35360
2,5045,100900000,100900000,236,393,100920000,35366
2,5046,100920000,100920000,236,393,100940000,35373
2,5047,100940000,100940000,236,393,100960000,35380
2,5048,100960000,100960000,236,393,100980000,35386
2,5049,100980000,100980000,236,393,101000000,35395
2,505,10100000,10100000,236,393,10120000,3541
2,5050,101000000,101000000,236,393,101020000,35401
2,5051,101020000,101020000,236,393,101040000,35408
2,5052,101040000,101040000,236,393,101060000,35415
2,5053,101060000,101060000,236,393,101080000,35422
2,5054,101080000,101080000,236,393,101100000,35429
2,5055,101100000,101100000,236,393,101120000,35437
2,5056,101120000,101120000,236,393,101140000,35442
2,5057,101140000,101140000,236,393,101160000,35450
2,5058,101160000,101160000,236,393,101180000,35459
2,5059,101180000,101180000,236,393,101200000,35464
2,506,10120000,10120000,236,393,10140000,3548
2,5060,101200000,101200000,236,393,101220000,35470
2,5061,101220000,101220000,236,393,101240000,35479
2,5062,101240000,101240000,236,393,101260000,35486
2,5063,101260000,101260000,236,393,101280000,35492
2,5064,101280000,101280000,236,393,101300000,35500
2,5065,101300000,101300000,236,393,101320000,35505
2,5066,101320000,101320000,236,393,101340000,35513
2,5067,101340000,101340000,236,393,101360000,35521
2,5068,101360000,101360000,236,393,101380000,35527
2,5069,101380000,101380000,236,393,101400000,35533
2,507,10140000,10140000,236,393,10160000,3556
2,5070,101400000,101400000,236,393,101420000,35542
2,5071,101420000,101420000,236,393,101440000,35549
2,5072,101440000,101440000,236,393,101460000,35555
2,5073,101460000,101460000,236,393,101480000,35563
2,5074,101480000,101480000,236,393,101500000,35569
2,5075,101500000,101500000,236,393,101520000,35576
2,5076,101520000,101520000,236,393,101540000,35584
2,5077,101540000,101540000,236,393,101560000,35590
2,5078,101560000,101560000,236,393,101580000,35598
2,5079,101580000,101580000,236,393,101600000,35605
2,508,10160000,10160000,236,393,10180000,3562
2,5080,101600000,101600000,236,393,101620000,35611
2,5081,101620000,101620000,236,393,101640000,35618
2,5082,101640000,101640000,236,393,101660000,35626
2,5083,101660000,101660000,236,393,101680000,35632
2,5084,101680000,101680000,236,393,101700000,35638
2,5085,101700000,101700000,236,393,101720000,35648
2,5086,101720000,101720000,236,393,101740000,35653
2,5087,101740000,101740000,236,393,101760000,35660
2,5088,101760000,101760000,236,393,101780000,35668
2,5089,101780000,101780000,236,393,101800000,35675
2,509,10180000,10180000,236,393,10200000,3568
2,5090,101800000,101800000,236,393,101820000,35681
2,5091,101820000,101820000,236,393,101840000,35689
2,5092,101840000,101840000,236,393,101860000,35696
2,5093,101860000,101860000,236,393,101880000,35702
2,5094,101880000,101880000,236,393,101900000,35710
2,5095,101900000,101900000,236,393,101920000,35716
2,5096,101920000,101920000,236,393,101940000,35724
2,5097,101940000,101940000,236,393,101960000,35731
2,5098,101960000,101960000,236,393,101980000,35737
2,5099,101980000,101980000,236,393,102000000,35744
2,51,1020000,1020000,236,393,1040000,359
2,510,10200000,10200000,236,393,10220000,3577
2,5100,102000000,102000000,236,393,102020000,35753
2,5101,102020000,102020000,236,393,102040000,35758
2,5102,102040000,102040000,236,393,102060000,35764
2,5103,102060000,102060000,236,393,102080000,35774
2,5104,102080000,102080000,236,393,102100000,35780
2,5105,102100000,102100000,236,393,102120000,35786
2,5106,102120000,102120000,236,393,102140000,35794
2,5107,102140000,102140000,236,393,102160000,35801
2,5108,102160000,102160000,236,393,102180000,35808
2,5109,102180000,102180000,236,393,102200000,35815
2,511,10220000,10220000,236,393,10240000,3583
2,5110,102200000,102200000,236,393,102220000,35821
2,5111,102220000,102220000,236,393,102240000,35828
2,5112,102240000,102240000,236,393,102260000,35837
2,5113,102260000,102260000,236,393,102280000,35843
2,5114,102280000,102280000,236,393,102300000,35849
2,5115,102300000,102300000,236,393,102320000,35857
2,5116,102320000,102320000,236,393,102340000,35863
2,5117,102340000,102340000,236,393,102360000,35871
2,5118,102360000,102360000,236,393,102380000,35879
2,5119,102380000,102380000,236,393,102400000,35884
2,512,10240000,10240000,236,393,10260000,3589
2,5120,102400000,102400000,236,393,102420000,35891
2,5121,102420000,102420000,236,393,102440000,35900
2,5122,102440000,102440000,236,393,102460000,35906
2,5123,102460000,102460000,236,393,102480000,35912
2,5124,102480000,102480000,236,393,102500000,35920
2,5125,102500000,102500000,236,393,102520000,35927
2,5126,102520000,102520000,236,393,102540000,35934
2,5127,102540000,102540000,236,393,102560000,35942
2,5128,102560000,102560000,236,393,102580000,35947
2,5129,102580000,102580000,236,393,102600000,35954
2,513,10260000,10260000,236,393,10280000,3598
2,5130,102600000,102600000,236,393,102620000,35963
2,5131,102620000,102620000,236,393,102640000,35969
2,5132,102640000,102640000,236,393,102660000,35975
2,5133,102660000,102660000,236,393,102680000,35983
2,5134,102680000,102680000,236,393,102700000,35991
2,5135,102700000,102700000,236,393,102720000,35997
2,5136,102720000,102720000,236,393,102740000,36004
2,5137,102740000,102740000,236,393,102760000,36010
2,5138,102760000,102760000,236,393,102780000,36018
2,5139,102780000,102780000,236,393,102800000,36026
2,514,10280000,10280000,236,393,10300000,3605
2,5140,102800000,102800000,236,393,102820000,36031
2,5141,102820000,102820000,236,393,102840000,36039
2,5142,102840000,102840000,236,393,102860000,36047
2,5143,102860000,102860000,236,393,102880000,36053
2,5144,102880000,102880000,236,393,102900000,36059
2,5145,102900000,102900000,236,393,102920000,36068
2,5146,102920000,102920000,236,393,102940000,36074
2,5147,102940000,102940000,236,393,102960000,36080
2,5148,102960000,102960000,236,393,102980000,36090
2,5149,102980000,102980000,236,393,103000000,36095
2,515,10300000,10300000,236,393,10320000,3611
2,5150,103000000,103000000,236,393,103020000,36101
2,5151,103020000,103020000,236,393,103040000,36109
2,5152,103040000,103040000,236,393,103060000,36117
2,5153,103060000,103060000,236,393,103080000,36123
2,5154,103080000,103080000,236,393,103100000,36130
2,5155,103100000,103100000,236,393,103120000,36137
2,5156,103120000,103120000,236,393,103140000,36144
2,5157,103140000,103140000,236,393,103160000,36152
2,5158,103160000,103160000,236,393,103180000,36157
2,5159,103180000,103180000,236,393,103200000,36165
2,516,10320000,10320000,236,393,10340000,3618
2,5160,103200000,103200000,236,393,103220000,36173
2,5161,103220000,103220000,236,393,103240000,36179
2,5162,103240000,103240000,236,393,103260000,36186
2,5163,103260000,103260000,236,393,103280000,36195
2,5164,103280000,103280000,236,393,103300000,36200
2,5165,103300000,103300000,236,393,103320000,36206
2,5166,103320000,103320000,236,393,103340000,36215
2,5167,103340000,103340000,236,393,103360000,36221
2,5168,103360000,103360000,236,393,103380000,36228
2,5169,103380000,103380000,236,393,103400000,36236
2,517,10340000,10340000,236,393,10360000,3625
2,5170,103400000,103400000,236,393,103420000,36242
2,5171,103420000,103420000,236,393,103440000,36249
2,5172,103440000,103440000,236,393,103460000,36257
2,5173,103460000,103460000,236,393,103480000,36263
2,5174,103480000,103480000,236,393,103500000,36269
2,5175,103500000,103500000,236,393,103520000,36278
2,5176,103520000,103520000,236,393,103540000,36285
2,5177,103540000,103540000,236,393,103560000,36291
2,5178,103560000,103560000,236,393,103580000,36299
2,5179,103580000,103580000,236,393,103600000,36305
2,518,10360000,10360000,236,393,10380000,3633
2,5180,103600000,103600000,236,393,103620000,36313
2,5181,103620000,103620000,236,393,103640000,36320
2,5182,103640000,103640000,236,393,103660000,36326
2,5183,103660000,103660000,236,393,103680000,36333
2,5184,103680000,103680000,236,393,103700000,36341
2,5185,103700000,103700000,236,393,103720000,36347
2,5186,103720000,103720000,236,393,103740000,36354
2,5187,103740000,103740000,236,393,103760000,36362
2,5188,103760000,103760000,236,393,103780000,36368
2,5189,103780000,103780000,236,393,103800000,36375
2,519,10380000,10380000,236,393,10400000,3640
2,5190,103800000,103800000,236,393,103820000,36384
2,5191,103820000,103820000,236,393,103840000,36389
2,5192,103840000,103840000,236,393,103860000,36395
2,5193,103860000,103860000,236,393,103880000,36405
2,5194,103880000,103880000,236,393,103900000,36411
2,5195,103900000,103900000,236,393,103920000,36417
2,5196,103920000,103920000,236,393,103940000,36424
2,5197,103940000,103940000,236,393,103960000,36433
2,5198,103960000,103960000,236,393,103980000,36439
2,5199,103980000,103980000,236,393,104000000,36446
2,52,1040000,1040000,236,393,1060000,366
2,520,10400000,10400000,236,393,10420000,3645
2,5200,104000000,104000000,236,393,104020000,36451
2,5201,104020000,104020000,236,393,104040000,36459
2,5202,104040000,104040000,236,393,104060000,36468
2,5203,104060000,104060000,236,393,104080000,36473
2,5204,104080000,104080000,236,393,104100000,36480
2,5205,104100000,104100000,236,393,104120000,36488
2,5206,104120000,104120000,236,393,104140000,36495
2,5207,104140000,104140000,236,393,104160000,36501
2,5208,104160000,104160000,236,393,104180000,36510
2,5209,104180000,104180000,236,393,104200000,36515
2,521,10420000,10420000,236,393,10440000,3653
2,5210,104200000,104200000,236,393,104220000,36522
2,5211,104220000,104220000,236,393,104240000,36531
2,5212,104240000,104240000,236,393,104260000,36537
2,5213,104260000,104260000,236,393,104280000,36543
2,5214,104280000,104280000,236,393,104300000,36551
2,5215,104300000,104300000,236,393,104320000,36558
2,5216,104320000,104320000,236,393,104340000,36565
2,5217,104340000,104340000,236,393,104360000,36572
2,5218,104360000,104360000,236,393,104380000,36578
2,5219,104380000,104380000,236,393,104400000,36585
2,522,10440000,10440000,236,393,10460000,3662
2,5220,104400000,104400000,236,393,104420000,36594
2,5221,104420000,104420000,236,393,104440000,36599
2,5222,104440000,104440000,236,393,104460000,36606
2,5223,104460000,104460000,236,393,104480000,36615
2,5224,104480000,104480000,236,393,104500000,36621
2,5225,104500000,104500000,236,393,104520000,36628
2,5226,104520000,104520000,236,393,104540000,36635
2,5227,104540000,104540000,236,393,104560000,36642
2,5228,104560000,104560000,236,393,104580000,36648
2,5229,104580000,104580000,236,393,104600000,36657
2,523,10460000,10460000,236,393,10480000,3667
2,5230,104600000,104600000,236,393,104620000,36662
2,5231,104620000,104620000,236,393,104640000,36670
2,5232,104640000,104640000,236,393,104660000,36678
2,5233,104660000,104660000,236,393,104680000,36684
2,5234,104680000,104680000,236,393,104700000,36690
2,5235,104700000,104700000,236,393,104720000,36698
2,5236,104720000,104720000,236,393,104740000,36705
2,5237,104740000,104740000,236,393,104760000,36711
2,5238,104760000,104760000,236,393,104780000,36720
2,5239,104780000,104780000,236,393,104800000,36726
2,524,10480000,10480000,236,393,10500000,3673
2,5240,104800000,104800000,236,393,104820000,36733
2,5241,104820000,104820000,236,393,104840000,36740
2,5242,104840000,104840000,236,393,104860000,36747
2,5243,104860000,104860000,236,393,104880000,36754
2,5244,104880000,104880000,236,393,104900000,36762
2,5245,104900000,104900000,236,393,104920000,36767
2,5246,104920000,104920000,236,393,104940000,36775
2,5247,104940000,104940000,236,393,104960000,36783
2,5248,104960000,104960000,236,393,104980000,36789
2,5249,104980000,104980000,236,393,105000000,36795
2,525,10500000,10500000,236,393,10520000,3682
2,5250,105000000,105000000,236,393,105020000,36804
2,5251,105020000,105020000,236,393,105040000,36810
2,5252,105040000,105040000,236,393,105060000,36816
2,5253,105060000,105060000,236,393,105080000,36826
2,5254,105080000,105080000,236,393,105100000,36831
2,5255,105100000,105100000,236,393,105120000,36837
2,5256,105120000,105120000,236,393,105140000,36845
2,5257,105140000,105140000,236,393,105160000,36853
2,5258,105160000,105160000,236,393,105180000,36859
2,5259,105180000,105180000,236,393,105200000,36866
2,526,10520000,10520000,236,393,10540000,3688
2,5260,105200000,105200000,236,393,105220000,36873
2,5261,105220000,105220000,236,393,105240000,36881
2,5262,105240000,105240000,236,393,105260000,36888
2,5263,105260000,105260000,236,393,105280000,36893
2,5264,105280000,105280000,236,393,105300000,36900
2,5265,105300000,105300000,236,393,105320000,36910
2,5266,105320000,105320000,236,393,105340000,36915
2,5267,105340000,105340000,236,393,105360000,36922
2,5268,105360000,105360000,236,393,105380000,36930
2,5269,105380000,105380000,236,393,105400000,36936
2,527,10540000,10540000,236,393,10560000,3695
2,5270,105400000,105400000,236,393,105420000,36943
2,5271,105420000,105420000,236,393,105440000,36951
2,5272,105440000,105440000,236,393,105460000,36957
2,5273,105460000,105460000,236,393,105480000,36963
2,5274,105480000,105480000,236,393,105500000,36973
2,5275,105500000,105500000,236,393,105520000,36978
2,5276,105520000,105520000,236,393,105540000,36985
2,5277,105540000,105540000,236,393,105560000,36992
2,5278,105560000,105560000,236,393,105580000,37000
2,5279,105580000,105580000,236,393,105600000,37006
2,528,10560000,10560000,236,393,10580000,3704
2,5280,105600000,105600000,236,393,105620000,37014
2,5281,105620000,105620000,236,393,105640000,37020
2,5282,105640000,105640000,236,393,105660000,37027
2,5283,105660000,105660000,236,393,105680000,37036
2,5284,105680000,105680000,236,393,105700000,37041
2,5285,105700000,105700000,236,393,105720000,37048
2,5286,105720000,105720000,236,393,105740000,37055
2,5287,105740000,105740000,236,393,105760000,37063
2,5288,105760000,105760000,236,393,105780000,37070
2,5289,105780000,105780000,236,393,105800000,37077
2,529,10580000,10580000,236,393,10600000,3709
2,5290,105800000,105800000,236,393,105820000,37082
2,5291,105820000,105820000,236,393,105840000,37090
2,5292,105840000,105840000,236,393,105860000,37099
2,5293,105860000,105860000,236,393,105880000,37104
2,5294,105880000,105880000,236,393,105900000,37110
2,5295,105900000,105900000,236,393,105920000,37120
2,5296,105920000,105920000,236,393,105940000,37126
2,5297,105940000,105940000,236,393,105960000,37132
2,5298,105960000,105960000,236,393,105980000,37140
2,5299,105980000,105980000,236,393,106000000,37147
2,53,1060000,1060000,236,393,1080000,372
2,530,10600000,10600000,236,393,10620000,3715
2,5300,106000000,106000000,236,393,106020000,37153
2,5301,106020000,106020000,236,393,106040000,37161
2,5302,106040000,106040000,236,393,106060000,37168
2,5303,106060000,106060000,236,393,106080000,37174
2,5304,106080000,106080000,236,393,106100000,37182
2,5305,106100000,106100000,236,393,106120000,37188
2,5306,106120000,106120000,236,393,106140000,37196
2,5307,106140000,106140000,236,393,106160000,37203
2,5308,106160000,106160000,236,393,106180000,37209
2,5309,106180000,106180000,236,393,106200000,37216
2,531,10620000,10620000,236,393,10640000,3724
2,5310,106200000,106200000,236,393,106220000,37225
2,5311,106220000,106220000,236,393,106240000,37230
2,5312,106240000,106240000,236,393,106260000,37237
2,5313,106260000,106260000,236,393,106280000,37246
2,5314,106280000,106280000,236,393,106300000,37252
2,5315,106300000,106300000,236,393,106320000,37258
2,5316,106320000,106320000,236,393,106340000,37267
2,5317,106340000,106340000,236,393,106360000,37273
2,5318,106360000,106360000,236,393,106380000,37279
2,5319,106380000,106380000,236,393,106400000,37287
2,532,10640000,10640000,236,393,10660000,3731
2,5320,106400000,106400000,236,393,106420000,37293
2,5321,106420000,106420000,236,393,106440000,37301
2,5322,106440000,106440000,236,393,106460000,37308
2,5323,106460000,106460000,236,393,106480000,37315
2,5324,106480000,106480000,236,393,106500000,37321
2,5325,106500000,106500000,236,393,106520000,37330
2,5326,106520000,106520000,236,393,106540000,37335
2,5327,106540000,106540000,236,393,106560000,37342
2,5328,106560000,106560000,236,393,106580000,37351
2,5329,106580000,106580000,236,393,106600000,37357
2,533,10660000,10660000,236,393,10680000,3737
2,5330,106600000,106600000,236,393,106620000,37364
2,5331,106620000,106620000,236,393,106640000,37371
2,5332,106640000,106640000,236,393,106660000,37378
2,5333,106660000,106660000,236,393,106680000,37385
2,5334,106680000,106680000,236,393,106700000,37393
2,5335,106700000,106700000,236,393,106720000,37398
2,5336,106720000,106720000,236,393,106740000,37405
2,5337,106740000,106740000,236,393,106760000,37414
2,5338,106760000,106760000,236,393,106780000,37420
2,5339,106780000,106780000,236,393,106800000,37426
2,534,10680000,10680000,236,393,10700000,3744
2,5340,106800000,106800000,236,393,106820000,37434
2,5341,106820000,106820000,236,393,106840000,37441
2,5342,106840000,106840000,236,393,106860000,37448
2,5343,106860000,106860000,236,393,106880000,37456
2,5344,106880000,106880000,236,393,106900000,37462
2,5345,106900000,106900000,236,393,106920000,37468
2,5346,106920000,106920000,236,393,106940000,37477
2,5347,106940000,106940000,236,393,106960000,37483
2,5348,106960000,106960000,236,393,106980000,37490
2,5349,106980000,106980000,236,393,107000000,37497
2,535,10700000,10700000,236,393,10720000,3752
2,5350,107000000,107000000,236,393,107020000,37504
2,5351,107020000,107020000,236,393,107040000,37512
2,5352,107040000,107040000,236,393,107060000,37519
2,5353,107060000,107060000,236,393,107080000,37524
2,5354,107080000,107080000,236,393,107100000,37530
2,536,10720000,10720000,236,393,10740000,3759
2,537,10740000,10740000,236,393,10760000,3766
2,538,10760000,10760000,236,393,10780000,3771
2,539,10780000,10780000,236,393,10800000,3779
2,54,1080000,1080000,236,393,1100000,380
2,540,10800000,10800000,236,393,10820000,3788
2,541,10820000,10820000,236,393,10840000,3793
2,542,10840000,10840000,236,393,10860000,3800
2,543,10860000,10860000,236,393,10880000,3808
2,544,10880000,10880000,236,393,10900000,3815
2,545,10900000,10900000,236,393,10920000,3821
2,546,10920000,10920000,236,393,10940000,3829
2,547,10940000,10940000,236,393,10960000,3835
2,548,10960000,10960000,236,393,10980000,3842
2,549,10980000,10980000,236,393,11000000,3851
2,55,1100000,1100000,236,393,1120000,386
2,550,11000000,11000000,236,393,11020000,3856
2,551,11020000,11020000,236,393,11040000,3863
2,552,11040000,11040000,236,393,11060000,3871
2,553,11060000,11060000,236,393,11080000,3878
2,554,11080000,11080000,236,393,11100000,3884
2,555,11100000,11100000,236,393,11120000,3892
2,556,11120000,11120000,236,393,11140000,3899
2,557,11140000,11140000,236,393,11160000,3905
2,558,11160000,11160000,236,393,11180000,3914
2,559,11180000,11180000,236,393,11200000,3919
2,56,1120000,1120000,236,393,1140000,394
2,560,11200000,11200000,236,393,11220000,3926
2,561,11220000,11220000,236,393,11240000,3934
2,562,11240000,11240000,236,393,11260000,3941
2,563,11260000,11260000,236,393,11280000,3948
2,564,11280000,11280000,236,393,11300000,3955
2,565,11300000,11300000,236,393,11320000,3961
2,566,11320000,11320000,236,393,11340000,3968
2,567,11340000,11340000,236,393,11360000,3977
2,568,11360000,11360000,236,393,11380000,3982
2,569,11380000,11380000,236,393,11400000,3989
2,57,1140000,1140000,236,393,1160000,401
2,570,11400000,11400000,236,393,11420000,3998
2,571,11420000,11420000,236,393,11440000,4004
2,572,11440000,11440000,236,393,11460000,4010
2,573,11460000,11460000,236,393,11480000,4019
2,574,11480000,11480000,236,393,11500000,4025
2,575,11500000,11500000,236,393,11520000,4031
2,576,11520000,11520000,236,393,11540000,4039
2,577,11540000,11540000,236,393,11560000,4046
2,578,11560000,11560000,236,393,11580000,4053
2,579,11580000,11580000,236,393,11600000,4060
2,58,1160000,1160000,236,393,1180000,407
2,580,11600000,11600000,236,393,11620000,4066
2,581,11620000,11620000,236,393,11640000,4074
2,582,11640000,11640000,236,393,11660000,4082
2,583,11660000,11660000,236,393,11680000,4087
2,584,11680000,11680000,236,393,11700000,4094
2,585,11700000,11700000,236,393,11720000,4103
2,586,11720000,11720000,236,393,11740000,4109
2,587,11740000,11740000,236,393,11760000,4115
2,588,11760000,11760000,236,393,11780000,4124
2,589,11780000,11780000,236,393,11800000,4130
2,59,1180000,1180000,236,393,1200000,415
2,590,11800000,11800000,236,393,11820000,4137
2,591,11820000,11820000,236,393,11840000,4145
2,592,11840000,11840000,236,393,11860000,4151
2,593,11860000,11860000,236,393,11880000,4157
2,594,11880000,11880000,236,393,11900000,4165
2,595,11900000,11900000,236,393,11920000,4172
2,596,11920000,11920000,236,393,11940000,4179
2,597,11940000,11940000,236,393,11960000,4186
2,598,11960000,11960000,236,393,11980000,4193
2,599,11980000,11980000,236,393,12000000,4200
2,6,120000,120000,236,393,140000,43
2,60,1200000,1200000,236,393,1220000,423
2,600,12000000,12000000,236,393,12020000,4208
2,601,12020000,12020000,236,393,12040000,4213
2,602,12040000,12040000,236,393,12060000,4220
2,603,12060000,12060000,236,393,12080000,4230
2,604,12080000,12080000,236,393,12100000,4235
2,605,12100000,12100000,236,393,12120000,4242
2,606,12120000,12120000,236,393,12140000,4249
2,607,12140000,12140000,236,393,12160000,4257
2,608,12160000,12160000,236,393,12180000,4263
2,609,12180000,12180000,236,393,12200000,4271
2,61,1220000,1220000,236,393,1240000,428
2,610,12200000,12200000,236,393,12220000,4276
2,611,12220000,12220000,236,393,12240000,4283
2,612,12240000,12240000,236,393,12260000,4293
2,613,12260000,12260000,236,393,12280000,4298
2,614,12280000,12280000,236,393,12300000,4304
2,615,12300000,12300000,236,393,12320000,4312
2,616,12320000,12320000,236,393,12340000,4320
2,617,12340000,12340000,236,393,12360000,4326
2,618,12360000,12360000,236,393,12380000,4334
2,619,12380000,12380000,236,393,12400000,4340
2,62,1240000,1240000,236,393,1260000,434
2,620,12400000,12400000,236,393,12420000,4347
2,621,12420000,12420000,236,393,12440000,4355
2,622,12440000,12440000,236,393,12460000,4361
2,623,12460000,12460000,236,393,12480000,4368
2,624,12480000,12480000,236,393,12500000,4376
2,625,12500000,12500000,236,393,12520000,4382
2,626,12520000,12520000,236,393,12540000,4390
2,627,12540000,12540000,236,393,12560000,4397
2,628,12560000,12560000,236,393,12580000,4402
2,629,12580000,12580000,236,393,12600000,4409
2,63,1260000,1260000,236,393,1280000,445
2,630,12600000,12600000,236,393,12620000,4419
2,631,12620000,12620000,236,393,12640000,4424
2,632,12640000,12640000,236,393,12660000,4430
2,633,12660000,12660000,236,393,12680000,4440
2,634,12680000,12680000,236,393,12700000,4446
2,635,12700000,12700000,236,393,12720000,4452
2,636,12720000,12720000,236,393,12740000,4459
2,637,12740000,12740000,236,393,12760000,4467
2,638,12760000,12760000,236,393,12780000,4473
2,639,12780000,12780000,236,393,12800000,4481
2,64,1280000,1280000,236,393,1300000,450
2,640,12800000,12800000,236,393,12820000,4487
2,641,12820000,12820000,236,393,12840000,4495
2,642,12840000,12840000,236,393,12860000,4502
2,643,12860000,12860000,236,393,12880000,4508
2,644,12880000,12880000,236,393,12900000,4515
2,645,12900000,12900000,236,393,12920000,4523
2,646,12920000,12920000,236,393,12940000,4529
2,647,12940000,12940000,236,393,12960000,4536
2,648,12960000,12960000,236,393,12980000,4545
2,649,12980000,12980000,236,393,13000000,4550
2,65,1300000,1300000,236,393,1320000,456
2,650,13000000,13000000,236,393,13020000,4557
2,651,13020000,13020000,236,393,13040000,4565
2,652,13040000,13040000,236,393,13060000,4572
2,653,13060000,13060000,236,393,13080000,4578
2,654,13080000,13080000,236,393,13100000,4587
2,655,13100000,13100000,236,393,13120000,4592
2,656,13120000,13120000,236,393,13140000,4599
2,657,13140000,13140000,236,393,13160000,4607
2,658,13160000,13160000,236,393,13180000,4614
2,659,13180000,13180000,236,393,13200000,4620
2,66,1320000,1320000,236,393,1340000,464
2,660,13200000,13200000,236,393,13220000,4628
2,661,13220000,13220000,236,393,13240000,4635
2,662,13240000,13240000,236,393,13260000,4641
2,663,13260000,13260000,236,393,13280000,4650
2,664,13280000,13280000,236,393,13300000,4655
2,665,13300000,13300000,236,393,13320000,4662
2,666,13320000,13320000,236,393,13340000,4670
2,667,13340000,13340000,236,393,13360000,4677
2,668,13360000,13360000,236,393,13380000,4684
2,669,13380000,13380000,236,393,13400000,4691
2,67,1340000,1340000,236,393,1360000,471
2,670,13400000,13400000,236,393,13420000,4697
2,671,13420000,13420000,236,393,13440000,4705
2,672,13440000,13440000,236,393,13460000,4713
2,673,13460000,13460000,236,393,13480000,4718
2,674,13480000,13480000,236,393,13500000,4724
2,675,13500000,13500000,236,393,13520000,4735
2,676,13520000,13520000,236,393,13540000,4740
2,677,13540000,13540000,236,393,13560000,4746
2,678,13560000,13560000,236,393,13580000,4754
2,679,13580000,13580000,236,393,13600000,4761
2,68,1360000,1360000,236,393,1380000,478
2,680,13600000,13600000,236,393,13620000,4768
2,681,13620000,13620000,236,393,13640000,4775
2,682,13640000,13640000,236,393,13660000,4782
2,683,13660000,13660000,236,393,13680000,4788
2,684,13680000,13680000,236,393,13700000,4797
2,685,13700000,13700000,236,393,13720000,4802
2,686,13720000,13720000,236,393,13740000,4810
2,687,13740000,13740000,236,393,13760000,4817
2,688,13760000,13760000,236,393,13780000,4824
2,689,13780000,13780000,236,393,13800000,4831
2,69,1380000,1380000,236,393,1400000,485
2,690,13800000,13800000,236,393,13820000,4839
2,691,13820000,13820000,236,393,13840000,4844
2,692,13840000,13840000,236,393,13860000,4851
2,693,13860000,13860000,236,393,13880000,4861
2,694,13880000,13880000,236,393,13900000,4866
2,695,13900000,13900000,236,393,13920000,4872
2,696,13920000,13920000,236,393,13940000,4880
2,697,13940000,13940000,236,393,13960000,4888
2,698,13960000,13960000,236,393,13980000,4894
2,699,13980000,13980000,236,393,14000000,4901
2,7,140000,140000,236,393,160000,50
2,70,1400000,1400000,236,393,1420000,491
2,700,14000000,14000000,236,393,14020000,4907
2,701,14020000,14020000,236,393,14040000,4915
2,702,14040000,14040000,236,393,14060000,4923
2,703,14060000,14060000,236,393,14080000,4929
2,704,14080000,14080000,236,393,14100000,4935
2,705,14100000,14100000,236,393,14120000,4944
2,706,14120000,14120000,236,393,14140000,4950
2,707,14140000,14140000,236,393,14160000,4957
2,708,14160000,14160000,236,393,14180000,4965
2,709,14180000,14180000,236,393,14200000,4971
2,71,1420000,1420000,236,393,1440000,498
2,710,14200000,14200000,236,393,14220000,4978
2,711,14220000,14220000,236,393,14240000,4986
2,712,14240000,14240000,236,393,14260000,4992
2,713,14260000,14260000,236,393,14280000,4998
2,714,14280000,14280000,236,393,14300000,5007
2,715,14300000,14300000,236,393,14320000,5013
2,716,14320000,14320000,236,393,14340000,5020
2,717,14340000,14340000,236,393,14360000,5028
2,718,14360000,14360000,236,393,14380000,5034
2,719,14380000,14380000,236,393,14400000,5040
2,72,1440000,1440000,236,393,1460000,507
2,720,14400000,14400000,236,393,14420000,5049
2,721,14420000,14420000,236,393,14440000,5055
2,722,14440000,14440000,236,393,14460000,5062
2,723,14460000,14460000,236,393,14480000,5070
2,724,14480000,14480000,236,393,14500000,5077
2,725,14500000,14500000,236,393,14520000,5083
2,726,14520000,14520000,236,393,14540000,5091
2,727,14540000,14540000,236,393,14560000,5097
2,728,14560000,14560000,236,393,14580000,5104
2,729,14580000,14580000,236,393,14600000,5112
2,73,1460000,1460000,236,393,1480000,513
2,730,14600000,14600000,236,393,14620000,5117
2,731,14620000,14620000,236,393,14640000,5126
2,732,14640000,14640000,236,393,14660000,5133
2,733,14660000,14660000,236,393,14680000,5139
2,734,14680000,14680000,236,393,14700000,5145
2,735,14700000,14700000,236,393,14720000,5155
2,736,14720000,14720000,236,393,14740000,5160
2,737,14740000,14740000,236,393,14760000,5166
2,738,14760000,14760000,236,393,14780000,5176
2,739,14780000,14780000,236,393,14800000,5182
2,74,1480000,1480000,236,393,1500000,519
2,740,14800000,14800000,236,393,14820000,5188
2,741,14820000,14820000,236,393,14840000,5195
2,742,14840000,14840000,236,393,14860000,5203
2,743,14860000,14860000,236,393,14880000,5210
2,744,14880000,14880000,236,393,14900000,5217
2,745,14900000,14900000,236,393,14920000,5223
2,746,14920000,14920000,236,393,14940000,5230
2,747,14940000,14940000,236,393,14960000,5238
2,748,14960000,14960000,236,393,14980000,5244
2,749,14980000,14980000,236,393,15000000,5251
2,75,1500000,1500000,236,393,1520000,527
2,750,15000000,15000000,236,393,15020000,5259
2,751,15020000,15020000,236,393,15040000,5265
2,752,15040000,15040000,236,393,15060000,5273
2,753,15060000,15060000,236,393,15080000,5281
2,754,15080000,15080000,236,393,15100000,5286
2,755,15100000,15100000,236,393,15120000,5292
2,756,15120000,15120000,236,393,15140000,5302
2,757,15140000,15140000,236,393,15160000,5308
2,758,15160000,15160000,236,393,15180000,5314
2,759,15180000,15180000,236,393,15200000,5322
2,76,1520000,1520000,236,393,1540000,534
2,760,15200000,15200000,236,393,15220000,5329
2,761,15220000,15220000,236,393,15240000,5336
2,762,15240000,15240000,236,393,15260000,5343
2,763,15260000,15260000,236,393,15280000,5349
2,764,15280000,15280000,236,393,15300000,5355
2,765,15300000,15300000,236,393,15320000,5365
2,766,15320000,15320000,236,393,15340000,5371
2,767,15340000,15340000,236,393,15360000,5377
2,768,15360000,15360000,236,393,15380000,5385
2,769,15380000,15380000,236,393,15400000,5392
2,77,1540000,1540000,236,393,1560000,541
2,770,15400000,15400000,236,393,15420000,5399
2,771,15420000,15420000,236,393,15440000,5406
2,772,15440000,15440000,236,393,15460000,5412
2,773,15460000,15460000,236,393,15480000,5420
2,774,15480000,15480000,236,393,15500000,5428
2,775,15500000,15500000,236,393,15520000,5433
2,776,15520000,15520000,236,393,15540000,5440
2,777,15540000,15540000,236,393,15560000,5449
2,778,15560000,15560000,236,393,15580000,5455
2,779,15580000,15580000,236,393,15600000,5461
2,78,1560000,1560000,236,393,1580000,549
2,780,15600000,15600000,236,393,15620000,5470
2,781,15620000,15620000,236,393,15640000,5475
2,782,15640000,15640000,236,393,15660000,5482
2,783,15660000,15660000,236,393,15680000,5491
2,784,15680000,15680000,236,393,15700000,5497
2,785,15700000,15700000,236,393,15720000,5503
2,786,15720000,15720000,236,393,15740000,5511
2,787,15740000,15740000,236,393,15760000,5519
2,788,15760000,15760000,236,393,15780000,5525
2,789,15780000,15780000,236,393,15800000,5532
2,79,1580000,1580000,236,393,1600000,554
2,790,15800000,15800000,236,393,15820000,5538
2,791,15820000,15820000,236,393,15840000,5546
2,792,15840000,15840000,236,393,15860000,5554
2,793,15860000,15860000,236,393,15880000,5559
2,794,15880000,15880000,236,393,15900000,5567
2,795,15900000,15900000,236,393,15920000,5575
2,796,15920000,15920000,236,393,15940000,5581
2,797,15940000,15940000,236,393,15960000,5587
2,798,15960000,15960000,236,393,15980000,5596
2,799,15980000,15980000,236,393,16000000,5602
2,8,160000,160000,236,393,180000,57
2,80,1600000,1600000,236,393,1620000,562
2,800,16000000,16000000,236,393,16020000,5608
2,801,16020000,16020000,236,393,16040000,5617
2,802,16040000,16040000,236,393,16060000,5623
2,803,16060000,16060000,236,393,16080000,5630
2,804,16080000,16080000,236,393,16100000,5637
2,805,16100000,16100000,236,393,16120000,5644
2,806,16120000,16120000,236,393,16140000,5651
2,807,16140000,16140000,236,393,16160000,5659
2,808,16160000,16160000,236,393,16180000,5665
2,809,16180000,16180000,236,393,16200000,5671
2,81,1620000,1620000,236,393,1640000,570
2,810,16200000,16200000,236,393,16220000,5680
2,811,16220000,16220000,236,393,16240000,5686
2,812,16240000,16240000,236,393,16260000,5693
2,813,16260000,16260000,236,393,16280000,5701
2,814,16280000,16280000,236,393,16300000,5707
2,815,16300000,16300000,236,393,16320000,5714
2,816,16320000,16320000,236,393,16340000,5722
2,817,16340000,16340000,236,393,16360000,5728
2,818,16360000,16360000,236,393,16380000,5734
2,819,16380000,16380000,236,393,16400000,5743
2,82,1640000,1640000,236,393,1660000,576
2,820,16400000,16400000,236,393,16420000,5749
2,821,16420000,16420000,236,393,16440000,5756
2,822,16440000,16440000,236,393,16460000,5764
2,823,16460000,16460000,236,393,16480000,5770
2,824,16480000,16480000,236,393,16500000,5777
2,825,16500000,16500000,236,393,16520000,5785
2,826,16520000,16520000,236,393,16540000,5791
2,827,16540000,16540000,236,393,16560000,5797
2,828,16560000,16560000,236,393,16580000,5807
2,829,16580000,16580000,236,393,16600000,5813
2,83,1660000,1660000,236,393,1680000,582
2,830,16600000,16600000,236,393,16620000,5819
2,831,16620000,16620000,236,393,16640000,5826
2,832,16640000,16640000,236,393,16660000,5833
2,833,16660000,16660000,236,393,16680000,5841
2,834,16680000,16680000,236,393,16700000,5848
2,835,16700000,16700000,236,393,16720000,5853
2,836,16720000,16720000,236,393,16740000,5861
2,837,16740000,16740000,236,393,16760000,5870
2,838,16760000,16760000,236,393,16780000,5875
2,839,16780000,16780000,236,393,16800000,5881
2,84,1680000,1680000,236,393,1700000,590
2,840,16800000,16800000,236,393,16820000,5890
2,841,16820000,16820000,236,393,16840000,5897
2,842,16840000,16840000,236,393,16860000,5903
2,843,16860000,16860000,236,393,16880000,5912
2,844,16880000,16880000,236,393,16900000,5917
2,845,16900000,16900000,236,393,16920000,5924
2,846,16920000,16920000,236,393,16940000,5932
2,847,16940000,16940000,236,393,16960000,5939
2,848,16960000,16960000,236,393,16980000,5945
2,849,16980000,16980000,236,393,17000000,5952
2,85,1700000,1700000,236,393,1720000,597
2,850,17000000,17000000,236,393,17020000,5960
2,851,17020000,17020000,236,393,17040000,5967
2,852,17040000,17040000,236,393,17060000,5974
2,853,17060000,17060000,236,393,17080000,5979
2,854,17080000,17080000,236,393,17100000,5987
2,855,17100000,17100000,236,393,17120000,5996
2,856,17120000,17120000,236,393,17140000,6001
2,857,17140000,17140000,236,393,17160000,6008
2,858,17160000,17160000,236,393,17180000,6017
2,859,17180000,17180000,236,393,17200000,6023
2,86,1720000,1720000,236,393,1740000,604
2,860,17200000,17200000,236,393,17220000,6029
2,861,17220000,17220000,236,393,17240000,6037
2,862,17240000,17240000,236,393,17260000,6044
2,863,17260000,17260000,236,393,17280000,6050
2,864,17280000,17280000,236,393,17300000,6059
2,865,17300000,17300000,236,393,17320000,6064
2,866,17320000,17320000,236,393,17340000,6071
2,867,17340000,17340000,236,393,17360000,6079
2,868,17360000,17360000,236,393,17380000,6086
2,869,17380000,17380000,236,393,17400000,6092
2,87,1740000,1740000,236,393,1760000,612
2,870,17400000,17400000,236,393,17420000,6100
2,871,17420000,17420000,236,393,17440000,6107
2,872,17440000,17440000,236,393,17460000,6113
2,873,17460000,17460000,236,393,17480000,6122
2,874,17480000,17480000,236,393,17500000,6127
2,875,17500000,17500000,236,393,17520000,6135
2,876,17520000,17520000,236,393,17540000,6142
2,877,17540000,17540000,236,393,17560000,6149
2,878,17560000,17560000,236,393,17580000,6156
2,879,17580000,17580000,236,393,17600000,6164
2,88,1760000,1760000,236,393,1780000,617
2,880,17600000,17600000,236,393,17620000,6169
2,881,17620000,17620000,236,393,17640000,6176
2,882,17640000,17640000,236,393,17660000,6185
2,883,17660000,17660000,236,393,17680000,6190
2,884,17680000,17680000,236,393,17700000,6197
2,885,17700000,17700000,236,393,17720000,6206
2,886,17720000,17720000,236,393,17740000,6212
2,887,17740000,17740000,236,393,17760000,6218
2,888,17760000,17760000,236,393,17780000,6227
2,889,17780000,17780000,236,393,17800000,6233
2,89,1780000,1780000,236,393,1800000,624
2,890,17800000,17800000,236,393,17820000,6239
2,891,17820000,17820000,236,393,17840000,6247
2,892,17840000,17840000,236,393,17860000,6255
2,893,17860000,17860000,236,393,17880000,6261
2,894,17880000,17880000,236,393,17900000,6268
2,895,17900000,17900000,236,393,17920000,6274
2,896,17920000,17920000,236,393,17940000,6283
2,897,17940000,17940000,236,393,17960000,6290
2,898,17960000,17960000,236,393,17980000,6295
2,899,17980000,17980000,236,393,18000000,6302
2,9,180000,180000,236,393,200000,65
2,90,1800000,1800000,236,393,1820000,633
2,900,18000000,18000000,236,393,18020000,6311
2,901,18020000,18020000,236,393,18040000,6317
2,902,18040000,18040000,236,393,18060000,6323
2,903,18060000,18060000,236,393,18080000,6332
2,904,18080000,18080000,236,393,18100000,6338
2,905,18100000,18100000,236,393,18120000,6345
2,906,18120000,18120000,236,393,18140000,6353
2,907,18140000,18140000,236,393,18160000,6359
2,908,18160000,18160000,236,393,18180000,6365
2,909,18180000,18180000,236,393,18200000,6374
2,91,1820000,1820000,236,393,1840000,639
2,910,18200000,18200000,236,393,18220000,6380
2,911,18220000,18220000,236,393,18240000,6387
2,912,18240000,18240000,236,393,18260000,6394
2,913,18260000,18260000,236,393,18280000,6402
2,914,18280000,18280000,236,393,18300000,6408
2,915,18300000,18300000,236,393,18320000,6416
2,916,18320000,18320000,236,393,18340000,6421
2,917,18340000,18340000,236,393,18360000,6428
2,918,18360000,18360000,236,393,18380000,6438
2,919,18380000,18380000,236,393,18400000,6443
2,92,1840000,1840000,236,393,1860000,645
2,920,18400000,18400000,236,393,18420000,6450
2,921,18420000,18420000,236,393,18440000,6457
2,922,18440000,18440000,236,393,18460000,6465
2,923,18460000,18460000,236,393,18480000,6471
2,924,18480000,18480000,236,393,18500000,6479
2,925,18500000,18500000,236,393,18520000,6484
2,926,18520000,18520000,236,393,18540000,6492
2,927,18540000,18540000,236,393,18560000,6501
2,928,18560000,18560000,236,393,18580000,6506
2,929,18580000,18580000,236,393,18600000,6512
2,93,1860000,1860000,236,393,1880000,654
2,930,18600000,18600000,236,393,18620000,6521
2,931,18620000,18620000,236,393,18640000,6528
2,932,18640000,18640000,236,393,18660000,6534
2,933,18660000,18660000,236,393,18680000,6542
2,934,18680000,18680000,236,393,18700000,6548
2,935,18700000,18700000,236,393,18720000,6555
2,936,18720000,18720000,236,393,18740000,6563
2,937,18740000,18740000,236,393,18760000,6569
2,938,18760000,18760000,236,393,18780000,6576
2,939,18780000,18780000,236,393,18800000,6584
2,94,1880000,1880000,236,393,1900000,661
2,940,18800000,18800000,236,393,18820000,6590
2,941,18820000,18820000,236,393,18840000,6598
2,942,18840000,18840000,236,393,18860000,6605
2,943,18860000,18860000,236,393,18880000,6611
2,944,18880000,18880000,236,393,18900000,6617
2,945,18900000,18900000,236,393,18920000,6627
2,946,18920000,18920000,236,393,18940000,6632
2,947,18940000,18940000,236,393,18960000,6639
2,948,18960000,18960000,236,393,18980000,6648
2,949,18980000,18980000,236,393,19000000,6654
2,95,1900000,1900000,236,393,1920000,667
2,950,19000000,19000000,236,393,19020000,6660
2,951,19020000,19020000,236,393,19040000,6667
2,952,19040000,19040000,236,393,19060000,6675
2,953,19060000,19060000,236,393,19080000,6681
2,954,19080000,19080000,236,393,19100000,6689
2,955,19100000,19100000,236,393,19120000,6695
2,956,19120000,19120000,236,393,19140000,6703
2,957,19140000,19140000,236,393,19160000,6710
2,958,19160000,19160000,236,393,19180000,6716
2,959,19180000,19180000,236,393,19200000,6723
2,96,1920000,1920000,236,393,1940000,674
2,960,19200000,19200000,236,393,19220000,6732
2,961,19220000,19220000,236,393,19240000,6737
2,962,19240000,19240000,236,393,19260000,6744
2,963,19260000,19260000,236,393,19280000,6753
2,964,19280000,19280000,236,393,19300000,6759
2,965,19300000,19300000,236,393,19320000,6765
2,966,19320000,19320000,236,393,19340000,6773
2,967,19340000,19340000,236,393,19360000,6780
2,968,19360000,19360000,236,393,19380000,6786
2,969,19380000,19380000,236,393,19400000,6795
2,97,1940000,1940000,236,393,1960000,681
2,970,19400000,19400000,236,393,19420000,6800
2,971,19420000,19420000,236,393,19440000,6807
2,972,19440000,19440000,236,393,19460000,6815
2,973,19460000,19460000,236,393,19480000,6822
2,974,19480000,19480000,236,393,19500000,6828
2,975,19500000,19500000,236,393,19520000,6836
2,976,19520000,19520000,236,393,19540000,6843
2,977,19540000,19540000,236,393,19560000,6850
2,978,19560000,19560000,236,393,19580000,6858
2,979,19580000,19580000,236,393,19600000,6863
2,98,1960000,1960000,236,393,1980000,688
2,980,19600000,19600000,236,393,19620000,6870
2,981,19620000,19620000,236,393,19640000,6879
2,982,19640000,19640000,236,393,19660000,6885
2,983,19660000,19660000,236,393,19680000,6892
2,984,19680000,19680000,236,393,19700000,6899
2,985,19700000,19700000,236,393,19720000,6905
2,986,19720000,19720000,236,393,19740000,6913
2,987,19740000,19740000,236,393,19760000,6921
2,988,19760000,19760000,236,393,19780000,6926
2,989,19780000,19780000,236,393,19800000,6932
2,99,1980000,1980000,236,393,2000000,696
2,990,19800000,19800000,236,393,19820000,6943
2,991,19820000,19820000,236,393,19840000,6948
2,992,19840000,19840000,236,393,19860000,6954
2,993,19860000,19860000,236,393,19880000,6962
2,994,19880000,19880000,236,393,19900000,6970
2,995,19900000,19900000,236,393,19920000,6976
2,996,19920000,19920000,236,393,19940000,6983
2,997,19940000,19940000,236,393,19960000,6990
2,998,19960000,19960000,236,393,19980000,6997
2,999,19980000,19980000,236,393,20000000,7005
3,0,0,0,2918,4862,20000,4
3,1,20000,20000,2918,4862,40000,9
3,10,200000,200000,2918,4862,220000,72
3,100,2000000,2000000,2918,4862,2020000,702
3,1000,20000000,20000000,2918,4862,20020000,7011
3,1001,20020000,20020000,2918,4862,20040000,7019
3,1002,20040000,20040000,2918,4862,20060000,7026
3,1003,20060000,20060000,2918,4862,20080000,7033
3,1004,20080000,20080000,2918,4862,20100000,7040
3,1005,20100000,20100000,2918,4862,20120000,7048
3,1006,20120000,20120000,2918,4862,20140000,7053
3,1007,20140000,20140000,2918,4862,20160000,7060
3,1008,20160000,20160000,2918,4862,20180000,7070
3,1009,20180000,20180000,2918,4862,20200000,7075
3,101,2020000,2020000,2918,4862,2040000,710
3,1010,20200000,20200000,2918,4862,20220000,7081
3,1011,20220000,20220000,2918,4862,20240000,7090
3,1012,20240000,20240000,2918,4862,20260000,7097
3,1013,20260000,20260000,2918,4862,20280000,7103
3,1014,20280000,20280000,2918,4862,20300000,7110
3,1015,20300000,20300000,2918,4862,20320000,7117
3,1016,20320000,20320000,2918,4862,20340000,7124
3,1017,20340000,20340000,2918,4862,20360000,7132
3,1018,20360000,20360000,2918,4862,20380000,7138
3,1019,20380000,20380000,2918,4862,20400000,7144
3,102,2040000,2040000,2918,4862,2060000,718
3,1020,20400000,20400000,2918,4862,20420000,7153
3,1021,20420000,20420000,2918,4862,20440000,7159
3,1022,20440000,20440000,2918,4862,20460000,7166
3,1023,20460000,20460000,2918,4862,20480000,7174
3,1024,20480000,20480000,2918,4862,20500000,7180
3,1025,20500000,20500000,2918,4862,20520000,7187
3,1026,20520000,20520000,2918,4862,20540000,7195
3,1027,20540000,20540000,2918,4862,20560000,7201
3,1028,20560000,20560000,2918,4862,20580000,7208
3,1029,20580000,20580000,2918,4862,20600000,7216
3,103,2060000,2060000,2918,4862,2080000,724
3,1030,20600000,20600000,2918,4862,20620000,7222
3,1031,20620000,20620000,2918,4862,20640000,7229
3,1032,20640000,20640000,2918,4862,20660000,7238
3,1033,20660000,20660000,2918,4862,20680000,7243
3,1034,20680000,20680000,2918,4862,20700000,7249
3,1035,20700000,20700000,2918,4862,20720000,7258
3,1036,20720000,20720000,2918,4862,20740000,7264
3,1037,20740000,20740000,2918,4862,20760000,7271
3,1038,20760000,20760000,2918,4862,20780000,7279
3,1039,20780000,20780000,2918,4862,20800000,7286
3,104,2080000,2080000,2918,4862,2100000,730
3,1040,20800000,20800000,2918,4862,20820000,7292
3,1041,20820000,20820000,2918,4862,20840000,7300
3,1042,20840000,20840000,2918,4862,20860000,7306
3,1043,20860000,20860000,2918,4862,20880000,7313
3,1044,20880000,20880000,2918,4862,20900000,7321
3,1045,20900000,20900000,2918,4862,20920000,7327
3,1046,20920000,20920000,2918,4862,20940000,7335
3,1047,20940000,20940000,2918,4862,20960000,7342
3,1048,20960000,20960000,2918,4862,20980000,7348
3,1049,20980000,20980000,2918,4862,21000000,7355
3,105,2100000,2100000,2918,4862,2120000,739
3,1050,21000000,21000000,2918,4862,21020000,7364
3,1051,21020000,21020000,2918,4862,21040000,7369
3,1052,21040000,21040000,2918,4862,21060000,7375
3,1053,21060000,21060000,2918,4862,21080000,7385
3,1054,21080000,21080000,2918,4862,21100000,7391
3,1055,21100000,21100000,2918,4862,21120000,7397
3,1056,21120000,21120000,2918,4862,21140000,7404
3,1057,21140000,21140000,2918,4862,21160000,7412
3,1058,21160000,21160000,2918,4862,21180000,7419
3,1059,21180000,21180000,2918,4862,21200000,7426
3,106,2120000,2120000,2918,4862,2140000,745
3,1060,21200000,21200000,2918,4862,21220000,7432
3,1061,21220000,21220000,2918,4862,21240000,7439
3,1062,21240000,21240000,2918,4862,21260000,7448
3,1063,21260000,21260000,2918,4862,21280000,7453
3,1064,21280000,21280000,2918,4862,21300000,7460
3,1065,21300000,21300000,2918,4862,21320000,7468
3,1066,21320000,21320000,2918,4862,21340000,7475
3,1067,21340000,21340000,2918,4862,21360000,7482
3,1068,21360000,21360000,2918,4862,21380000,7490
3,1069,21380000,21380000,2918,4862,21400000,7495
3,107,2140000,2140000,2918,4862,2160000,751
3,1070,21400000,21400000,2918,4862,21420000,7501
3,1071,21420000,21420000,2918,4862,21440000,7511
3,1072,21440000,21440000,2918,4862,21460000,7517
3,1073,21460000,21460000,2918,4862,21480000,7523
3,1074,21480000,21480000,2918,4862,21500000,7531
3,1075,21500000,21500000,2918,4862,21520000,7538
3,1076,21520000,21520000,2918,4862,21540000,7545
3,1077,21540000,21540000,2918,4862,21560000,7552
3,1078,21560000,21560000,2918,4862,21580000,7558
3,1079,21580000,21580000,2918,4862,21600000,7565
3,108,2160000,2160000,2918,4862,2180000,761
3,1080,21600000,21600000,2918,4862,21620000,7574
3,1081,21620000,21620000,2918,4862,21640000,7580
3,1082,21640000,21640000,2918,4862,21660000,7586
3,1083,21660000,21660000,2918,4862,21680000,7595
3,1084,21680000,21680000,2918,4862,21700000,7601
3,1085,21700000,21700000,2918,4862,21720000,7608
3,1086,21720000,21720000,2918,4862,21740000,7615
3,1087,21740000,21740000,2918,4862,21760000,7621
3,1088,21760000,21760000,2918,4862,21780000,7629
3,1089,21780000,21780000,2918,4862,21800000,7637
3,109,2180000,2180000,2918,4862,2200000,766
3,1090,21800000,21800000,2918,4862,21820000,7642
3,1091,21820000,21820000,2918,4862,21840000,7649
3,1092,21840000,21840000,2918,4862,21860000,7658
3,1093,21860000,21860000,2918,4862,21880000,7664
3,1094,21880000,21880000,2918,4862,21900000,7670
3,1095,21900000,21900000,2918,4862,21920000,7679
3,1096,21920000,21920000,2918,4862,21940000,7685
3,1097,21940000,21940000,2918,4862,21960000,7691
3,1098,21960000,21960000,2918,4862,21980000,7700
3,1099,21980000,21980000,2918,4862,22000000,7706
3,11,220000,220000,2918,4862,240000,79
3,110,2200000,2200000,2918,4862,2220000,773
3,1100,22000000,22000000,2918,4862,22020000,7713
3,1101,22020000,22020000,2918,4862,22040000,7720
3,1102,22040000,22040000,2918,4862,22060000,7728
3,1103,22060000,22060000,2918,4862,22080000,7734
3,1104,22080000,22080000,2918,4862,22100000,7741
3,1105,22100000,22100000,2918,4862,22120000,7747
3,1106,22120000,22120000,2918,4862,22140000,7755
3,1107,22140000,22140000,2918,4862,22160000,7763
3,1108,22160000,22160000,2918,4862,22180000,7768
3,1109,22180000,22180000,2918,4862,22200000,7776
3,111,2220000,2220000,2918,4862,2240000,780
3,1110,22200000,22200000,2918,4862,22220000,7784
3,1111,22220000,22220000,2918,4862,22240000,7790
3,1112,22240000,22240000,2918,4862,22260000,7796
3,1113,22260000,22260000,2918,4862,22280000,7806
3,1114,22280000,22280000,2918,4862,22300000,7811
3,1115,22300000,22300000,2918,4862,22320000,7817
3,1116,22320000,22320000,2918,4862,22340000,7826
3,1117,22340000,22340000,2918,4862,22360000,7833
3,1118,22360000,22360000,2918,4862,22380000,7839
3,1119,22380000,22380000,2918,4862,22400000,7846
3,112,2240000,2240000,2918,4862,2260000,788
3,1120,22400000,22400000,2918,4862,22420000,7853
3,1121,22420000,22420000,2918,4862,22440000,7860
3,1122,22440000,22440000,2918,4862,22460000,7868
3,1123,22460000,22460000,2918,4862,22480000,7874
3,1124,22480000,22480000,2918,4862,22500000,7880
3,1125,22500000,22500000,2918,4862,22520000,7889
3,1126,22520000,22520000,2918,4862,22540000,7895
3,1127,22540000,22540000,2918,4862,22560000,7902
3,1128,22560000,22560000,2918,4862,22580000,7910
3,1129,22580000,22580000,2918,4862,22600000,7916
3,113,2260000,2260000,2918,4862,2280000,794
3,1130,22600000,22600000,2918,4862,22620000,7924
3,1131,22620000,22620000,2918,4862,22640000,7931
3,1132,22640000,22640000,2918,4862,22660000,7937
3,1133,22660000,22660000,2918,4862,22680000,7943
3,1134,22680000,22680000,2918,4862,22700000,7953
3,1135,22700000,22700000,2918,4862,22720000,7958
3,1136,22720000,22720000,2918,4862,22740000,7965
3,1137,22740000,22740000,2918,4862,22760000,7973
3,1138,22760000,22760000,2918,4862,22780000,7979
3,1139,22780000,22780000,2918,4862,22800000,7986
3,114,2280000,2280000,2918,4862,2300000,802
3,1140,22800000,22800000,2918,4862,22820000,7994
3,1141,22820000,22820000,2918,4862,22840000,8000
3,1142,22840000,22840000,2918,4862,22860000,8006
3,1143,22860000,22860000,2918,4862,22880000,8016
3,1144,22880000,22880000,2918,4862,22900000,8022
3,1145,22900000,22900000,2918,4862,22920000,8028
3,1146,22920000,22920000,2918,4862,22940000,8035
3,1147,22940000,22940000,2918,4862,22960000,8043
3,1148,22960000,22960000,2918,4862,22980000,8050
3,1149,22980000,22980000,2918,4862,23000000,8057
3,115,2300000,2300000,2918,4862,2320000,808
3,1150,23000000,23000000,2918,4862,23020000,8062
3,1151,23020000,23020000,2918,4862,23040000,8071
3,1152,23040000,23040000,2918,4862,23060000,8079
3,1153,23060000,23060000,2918,4862,23080000,8084
3,1154,23080000,23080000,2918,4862,23100000,8090
3,1155,23100000,23100000,2918,4862,23120000,8099
3,1156,23120000,23120000,2918,4862,23140000,8106
3,1157,23140000,23140000,2918,4862,23160000,8112
3,1158,23160000,23160000,2918,4862,23180000,8121
3,1159,23180000,23180000,2918,4862,23200000,8126
3,116,2320000,2320000,2918,4862,2340000,815
3,1160,23200000,23200000,2918,4862,23220000,8133
3,1161,23220000,23220000,2918,4862,23240000,8141
3,1162,23240000,23240000,2918,4862,23260000,8148
3,1163,23260000,23260000,2918,4862,23280000,8154
3,1164,23280000,23280000,2918,4862,23300000,8162
3,1165,23300000,23300000,2918,4862,23320000,8169
3,1166,23320000,23320000,2918,4862,23340000,8176
3,1167,23340000,23340000,2918,4862,23360000,8183
3,1168,23360000,23360000,2918,4862,23380000,8189
3,1169,23380000,23380000,2918,4862,23400000,8196
3,117,2340000,2340000,2918,4862,2360000,823
3,1170,23400000,23400000,2918,4862,23420000,8205
3,1171,23420000,23420000,2918,4862,23440000,8210
3,1172,23440000,23440000,2918,4862,23460000,8217
3,1173,23460000,23460000,2918,4862,23480000,8226
3,1174,23480000,23480000,2918,4862,23500000,8232
3,1175,23500000,23500000,2918,4862,23520000,8238
3,1176,23520000,23520000,2918,4862,23540000,8246
3,1177,23540000,23540000,2918,4862,23560000,8253
3,1178,23560000,23560000,2918,4862,23580000,8259
3,1179,23580000,23580000,2918,4862,23600000,8268
3,118,2360000,2360000,2918,4862,2380000,828
3,1180,23600000,23600000,2918,4862,23620000,8273
3,1181,23620000,23620000,2918,4862,23640000,8281
3,1182,23640000,23640000,2918,4862,23660000,8288
3,1183,23660000,23660000,2918,4862,23680000,8295
3,1184,23680000,23680000,2918,4862,23700000,8301
3,1185,23700000,23700000,2918,4862,23720000,8310
3,1186,23720000,23720000,2918,4862,23740000,8316
3,1187,23740000,23740000,2918,4862,23760000,8322
3,1188,23760000,23760000,2918,4862,23780000,8331
3,1189,23780000,23780000,2918,4862,23800000,8336
3,119,2380000,2380000,2918,4862,2400000,836
3,1190,23800000,23800000,2918,4862,23820000,8344
3,1191,23820000,23820000,2918,4862,23840000,8351
3,1192,23840000,23840000,2918,4862,23860000,8358
3,1193,23860000,23860000,2918,4862,23880000,8365
3,1194,23880000,23880000,2918,4862,23900000,8373
3,1195,23900000,23900000,2918,4862,23920000,8378
3,1196,23920000,23920000,2918,4862,23940000,8385
3,1197,23940000,23940000,2918,4862,23960000,8394
3,1198,23960000,23960000,2918,4862,23980000,8400
3,1199,23980000,23980000,2918,4862,24000000,8406
3,12,240000,240000,2918,4862,260000,87
3,120,2400000,2400000,2918,4862,2420000,844
3,1200,24000000,24000000,2918,4862,24020000,8415
3,1201,24020000,24020000,2918,4862,24040000,8421
3,1202,24040000,24040000,2918,4862,24060000,8428
3,1203,24060000,24060000,2918,4862,24080000,8436
3,1204,24080000,24080000,2918,4862,24100000,8442
3,1205,24100000,24100000,2918,4862,24120000,8448
3,1206,24120000,24120000,2918,4862,24140000,8456
3,1207,24140000,24140000,2918,4862,24160000,8464
3,1208,24160000,24160000,2918,4862,24180000,8470
3,1209,24180000,24180000,2918,4862,24200000,8477
3,121,2420000,2420000,2918,4862,2440000,850
3,1210,24200000,24200000,2918,4862,24220000,8483
3,1211,24220000,24220000,2918,4862,24240000,8492
3,1212,24240000,24240000,2918,4862,24260000,8499
3,1213,24260000,24260000,2918,4862,24280000,8504
3,1214,24280000,24280000,2918,4862,24300000,8511
3,1215,24300000,24300000,2918,4862,24320000,8521
3,1216,24320000,24320000,2918,4862,24340000,8526
3,1217,24340000,24340000,2918,4862,24360000,8532
3,1218,24360000,24360000,2918,4862,24380000,8541
3,1219,24380000,24380000,2918,4862,24400000,8548
3,122,2440000,2440000,2918,4862,2460000,857
3,1220,24400000,24400000,2918,4862,24420000,8554
3,1221,24420000,24420000,2918,4862,24440000,8562
3,1222,24440000,24440000,2918,4862,24460000,8568
3,1223,24460000,24460000,2918,4862,24480000,8574
3,1224,24480000,24480000,2918,4862,24500000,8583
3,1225,24500000,24500000,2918,4862,24520000,8589
3,1226,24520000,24520000,2918,4862,24540000,8596
3,1227,24540000,24540000,2918,4862,24560000,8603
3,1228,24560000,24560000,2918,4862,24580000,8611
3,1229,24580000,24580000,2918,4862,24600000,8617
3,123,2460000,2460000,2918,4862,2480000,866
3,1230,24600000,24600000,2918,4862,24620000,8625
3,1231,24620000,24620000,2918,4862,24640000,8630
3,1232,24640000,24640000,2918,4862,24660000,8638
3,1233,24660000,24660000,2918,4862,24680000,8647
3,1234,24680000,24680000,2918,4862,24700000,8652
3,1235,24700000,24700000,2918,4862,24720000,8659
3,1236,24720000,24720000,2918,4862,24740000,8667
3,1237,24740000,24740000,2918,4862,24760000,8674
3,1238,24760000,24760000,2918,4862,24780000,8680
3,1239,24780000,24780000,2918,4862,24800000,8688
3,124,2480000,2480000,2918,4862,2500000,871
3,1240,24800000,24800000,2918,4862,24820000,8693
3,1241,24820000,24820000,2918,4862,24840000,8701
3,1242,24840000,24840000,2918,4862,24860000,8710
3,1243,24860000,24860000,2918,4862,24880000,8715
3,1244,24880000,24880000,2918,4862,24900000,8721
3,1245,24900000,24900000,2918,4862,24920000,8730
3,1246,24920000,24920000,2918,4862,24940000,8737
3,1247,24940000,24940000,2918,4862,24960000,8743
3,1248,24960000,24960000,2918,4862,24980000,8751
3,1249,24980000,24980000,2918,4862,25000000,8758
3,125,2500000,2500000,2918,4862,2520000,877
3,1250,25000000,25000000,2918,4862,25020000,8764
3,1251,25020000,25020000,2918,4862,25040000,8772
3,1252,25040000,25040000,2918,4862,25060000,8778
3,1253,25060000,25060000,2918,4862,25080000,8786
3,1254,25080000,25080000,2918,4862,25100000,8793
3,1255,25100000,25100000,2918,4862,25120000,8799
3,1256,25120000,25120000,2918,4862,25140000,8807
3,1257,25140000,25140000,2918,4862,25160000,8814
3,1258,25160000,25160000,2918,4862,25180000,8820
3,1259,25180000,25180000,2918,4862,25200000,8826
3,126,2520000,2520000,2918,4862,2540000,886
3,1260,25200000,25200000,2918,4862,25220000,8836
3,1261,25220000,25220000,2918,4862,25240000,8841
3,1262,25240000,25240000,2918,4862,25260000,8848
3,1263,25260000,25260000,2918,4862,25280000,8857
3,1264,25280000,25280000,2918,4862,25300000,8863
3,1265,25300000,25300000,2918,4862,25320000,8869
3,1266,25320000,25320000,2918,4862,25340000,8877
3,1267,25340000,25340000,2918,4862,25360000,8884
3,1268,25360000,25360000,2918,4862,25380000,8890
3,1269,25380000,25380000,2918,4862,25400000,8898
3,127,2540000,2540000,2918,4862,2560000,893
3,1270,25400000,25400000,2918,4862,25420000,8905
3,1271,25420000,25420000,2918,4862,25440000,8912
3,1272,25440000,25440000,2918,4862,25460000,8919
3,1273,25460000,25460000,2918,4862,25480000,8925
3,1274,25480000,25480000,2918,4862,25500000,8932
3,1275,25500000,25500000,2918,4862,25520000,8941
3,1276,25520000,25520000,2918,4862,25540000,8946
3,1277,25540000,25540000,2918,4862,25560000,8953
3,1278,25560000,25560000,2918,4862,25580000,8962
3,1279,25580000,25580000,2918,4862,25600000,8968
3,128,2560000,2560000,2918,4862,2580000,899
3,1280,25600000,25600000,2918,4862,25620000,8974
3,1281,25620000,25620000,2918,4862,25640000,8982
3,1282,25640000,25640000,2918,4862,25660000,8989
3,1283,25660000,25660000,2918,4862,25680000,8996
3,1284,25680000,25680000,2918,4862,25700000,9004
3,1285,25700000,25700000,2918,4862,25720000,9009
3,1286,25720000,25720000,2918,4862,25740000,9016
3,1287,25740000,25740000,2918,4862,25760000,9025
3,1288,25760000,25760000,2918,4862,25780000,9031
3,1289,25780000,25780000,2918,4862,25800000,9037
3,129,2580000,2580000,2918,4862,2600000,907
3,1290,25800000,25800000,2918,4862,25820000,9045
3,1291,25820000,25820000,2918,4862,25840000,9052
3,1292,25840000,25840000,2918,4862,25860000,9059
3,1293,25860000,25860000,2918,4862,25880000,9067
3,1294,25880000,25880000,2918,4862,25900000,9072
3,1295,25900000,25900000,2918,4862,25920000,9079
3,1296,25920000,25920000,2918,4862,25940000,9088
3,1297,25940000,25940000,2918,4862,25960000,9094
3,1298,25960000,25960000,2918,4862,25980000,9101
3,1299,25980000,25980000,2918,4862,26000000,9108
3,13,260000,260000,2918,4862,280000,93
3,130,2600000,2600000,2918,4862,2620000,913
3,1300,26000000,26000000,2918,4862,26020000,9115
3,1301,26020000,26020000,2918,4862,26040000,9122
3,1302,26040000,26040000,2918,4862,26060000,9130
3,1303,26060000,26060000,2918,4862,26080000,9135
3,1304,26080000,26080000,2918,4862,26100000,9142
3,1305,26100000,26100000,2918,4862,26120000,9152
3,1306,26120000,26120000,2918,4862,26140000,9157
3,1307,26140000,26140000,2918,4862,26160000,9163
3,1308,26160000,26160000,2918,4862,26180000,9171
3,1309,26180000,26180000,2918,4862,26200000,9179
3,131,2620000,2620000,2918,4862,2640000,921
3,1310,26200000,26200000,2918,4862,26220000,9185
3,1311,26220000,26220000,2918,4862,26240000,9192
3,1312,26240000,26240000,2918,4862,26260000,9199
3,1313,26260000,26260000,2918,4862,26280000,9206
3,1314,26280000,26280000,2918,4862,26300000,9214
3,1315,26300000,26300000,2918,4862,26320000,9219
3,1316,26320000,26320000,2918,4862,26340000,9227
3,1317,26340000,26340000,2918,4862,26360000,9235
3,1318,26360000,26360000,2918,4862,26380000,9241
3,1319,26380000,26380000,2918,4862,26400000,9248
3,132,2640000,2640000,2918,4862,2660000,928
3,1320,26400000,26400000,2918,4862,26420000,9256
3,1321,26420000,26420000,2918,4862,26440000,9262
3,1322,26440000,26440000,2918,4862,26460000,9268
3,1323,26460000,26460000,2918,4862,26480000,9278
3,1324,26480000,26480000,2918,4862,26500000,9283
3,1325,26500000,26500000,2918,4862,26520000,9289
3,1326,26520000,26520000,2918,4862,26540000,9298
3,1327,26540000,26540000,2918,4862,26560000,9305
3,1328,26560000,26560000,2918,4862,26580000,9311
3,1329,26580000,26580000,2918,4862,26600000,9318
3,133,2660000,2660000,2918,4862,2680000,934
3,1330,26600000,26600000,2918,4862,26620000,9325
3,1331,26620000,26620000,2918,4862,26640000,9332
3,1332,26640000,26640000,2918,4862,26660000,9340
3,1333,26660000,26660000,2918,4862,26680000,9346
3,1334,26680000,26680000,2918,4862,26700000,9353
3,1335,26700000,26700000,2918,4862,26720000,9361
3,1336,26720000,26720000,2918,4862,26740000,9367
3,1337,26740000,26740000,2918,4862,26760000,9374
3,1338,26760000,26760000,2918,4862,26780000,9383
3,1339,26780000,26780000,2918,4862,26800000,9388
3,134,2680000,2680000,2918,4862,2700000,940
3,1340,26800000,26800000,2918,4862,26820000,9395
3,1341,26820000,26820000,2918,4862,26840000,9403
3,1342,26840000,26840000,2918,4862,26860000,9409
3,1343,26860000,26860000,2918,4862,26880000,9416
3,1344,26880000,26880000,2918,4862,26900000,9424
3,1345,26900000,26900000,2918,4862,26920000,9430
3,1346,26920000,26920000,2918,4862,26940000,9437
3,1347,26940000,26940000,2918,4862,26960000,9446
3,1348,26960000,26960000,2918,4862,26980000,9451
3,1349,26980000,26980000,2918,4862,27000000,9457
3,135,2700000,2700000,2918,4862,2720000,949
3,1350,27000000,27000000,2918,4862,27020000,9466
3,1351,27020000,27020000,2918,4862,27040000,9473
3,1352,27040000,27040000,2918,4862,27060000,9479
3,1353,27060000,27060000,2918,4862,27080000,9487
3,1354,27080000,27080000,2918,4862,27100000,9494
3,1355,27100000,27100000,2918,4862,27120000,9501
3,1356,27120000,27120000,2918,4862,27140000,9508
3,1357,27140000,27140000,2918,4862,27160000,9514
3,1358,27160000,27160000,2918,4862,27180000,9521
3,1359,27180000,27180000,2918,4862,27200000,9529
3,136,2720000,2720000,2918,4862,2740000,956
3,1360,27200000,27200000,2918,4862,27220000,9535
3,1361,27220000,27220000,2918,4862,27240000,9543
3,1362,27240000,27240000,2918,4862,27260000,9550
3,1363,27260000,27260000,2918,4862,27280000,9556
3,1364,27280000,27280000,2918,4862,27300000,9563
3,1365,27300000,27300000,2918,4862,27320000,9572
3,1366,27320000,27320000,2918,4862,27340000,9577
3,1367,27340000,27340000,2918,4862,27360000,9583
3,1368,27360000,27360000,2918,4862,27380000,9594
3,1369,27380000,27380000,2918,4862,27400000,9599
3,137,2740000,2740000,2918,4862,2760000,962
3,1370,27400000,27400000,2918,4862,27420000,9605
3,1371,27420000,27420000,2918,4862,27440000,9612
3,1372,27440000,27440000,2918,4862,27460000,9621
3,1373,27460000,27460000,2918,4862,27480000,9627
3,1374,27480000,27480000,2918,4862,27500000,9634
3,1375,27500000,27500000,2918,4862,27520000,9640
3,1376,27520000,27520000,2918,4862,27540000,9647
3,1377,27540000,27540000,2918,4862,27560000,9656
3,1378,27560000,27560000,2918,4862,27580000,9661
3,1379,27580000,27580000,2918,4862,27600000,9668
3,138,2760000,2760000,2918,4862,2780000,970
3,1380,27600000,27600000,2918,4862,27620000,9676
3,1381,27620000,27620000,2918,4862,27640000,9683
3,1382,27640000,27640000,2918,4862,27660000,9690
3,1383,27660000,27660000,2918,4862,27680000,9698
3,1384,27680000,27680000,2918,4862,27700000,9703
3,1385,27700000,27700000,2918,4862,27720000,9710
3,1386,27720000,27720000,2918,4862,27740000,9719
3,1387,27740000,27740000,2918,4862,27760000,9725
3,1388,27760000,27760000,2918,4862,27780000,9731
3,1389,27780000,27780000,2918,4862,27800000,9740
3,139,2780000,2780000,2918,4862,2800000,976
3,1390,27800000,27800000,2918,4862,27820000,9746
3,1391,27820000,27820000,2918,4862,27840000,9753
3,1392,27840000,27840000,2918,4862,27860000,9760
3,1393,27860000,27860000,2918,4862,27880000,9766
3,1394,27880000,27880000,2918,4862,27900000,9773
3,1395,27900000,27900000,2918,4862,27920000,9782
3,1396,27920000,27920000,2918,4862,27940000,9788
3,1397,27940000,27940000,2918,4862,27960000,9794
3,1398,27960000,27960000,2918,4862,27980000,9803
3,1399,27980000,27980000,2918,4862,28000000,9809
3,14,280000,280000,2918,4862,300000,100
3,140,2800000,2800000,2918,4862,2820000,984
3,1400,28000000,28000000,2918,4862,28020000,9816
3,1401,28020000,28020000,2918,4862,28040000,9823
3,1402,28040000,28040000,2918,4862,28060000,9830
3,1403,28060000,28060000,2918,4862,28080000,9837
3,1404,28080000,28080000,2918,4862,28100000,9845
3,1405,28100000,28100000,2918,4862,28120000,9850
3,1406,28120000,28120000,2918,4862,28140000,9858
3,1407,28140000,28140000,2918,4862,28160000,9866
3,1408,28160000,28160000,2918,4862,28180000,9872
3,1409,28180000,28180000,2918,4862,28200000,9878
3,141,2820000,2820000,2918,4862,2840000,991
3,1410,28200000,28200000,2918,4862,28220000,9887
3,1411,28220000,28220000,2918,4862,28240000,9893
3,1412,28240000,28240000,2918,4862,28260000,9899
3,1413,28260000,28260000,2918,4862,28280000,9908
3,1414,28280000,28280000,2918,4862,28300000,9914
3,1415,28300000,28300000,2918,4862,28320000,9921
3,1416,28320000,28320000,2918,4862,28340000,9928
3,1417,28340000,28340000,2918,4862,28360000,9936
3,1418,28360000,28360000,2918,4862,28380000,9942
3,1419,28380000,28380000,2918,4862,28400000,9950
3,142,2840000,2840000,2918,4862,2860000,997
3,1420,28400000,28400000,2918,4862,28420000,9955
3,1421,28420000,28420000,2918,4862,28440000,9963
3,1422,28440000,28440000,2918,4862,28460000,9971
3,1423,28460000,28460000,2918,4862,28480000,9977
3,1424,28480000,28480000,2918,4862,28500000,9984
3,1425,28500000,28500000,2918,4862,28520000,9992
3,1426,28520000,28520000,2918,4862,28540000,9998
3,1427,28540000,28540000,2918,4862,28560000,10004
3,1428,28560000,28560000,2918,4862,28580000,10014
3,1429,28580000,28580000,2918,4862,28600000,10019
3,143,2860000,2860000,2918,4862,2880000,1004
3,1430,28600000,28600000,2918,4862,28620000,10025
3,1431,28620000,28620000,2918,4862,28640000,10034
3,1432,28640000,28640000,2918,4862,28660000,10041
3,1433,28660000,28660000,2918,4862,28680000,10047
3,1434,28680000,28680000,2918,4862,28700000,10054
3,1435,28700000,28700000,2918,4862,28720000,10061
3,1436,28720000,28720000,2918,4862,28740000,10069
3,1437,28740000,28740000,2918,4862,28760000,10076
3,1438,28760000,28760000,2918,4862,28780000,10082
3,1439,28780000,28780000,2918,4862,28800000,10088
3,144,2880000,2880000,2918,4862,2900000,1013
3,1440,28800000,28800000,2918,4862,28820000,10098
3,1441,28820000,28820000,2918,4862,28840000,10103
3,1442,28840000,28840000,2918,4862,28860000,10110
3,1443,28860000,28860000,2918,4862,28880000,10118
3,1444,28880000,28880000,2918,4862,28900000,10124
3,1445,28900000,28900000,2918,4862,28920000,10132
3,1446,28920000,28920000,2918,4862,28940000,10139
3,1447,28940000,28940000,2918,4862,28960000,10145
3,1448,28960000,28960000,2918,4862,28980000,10151
3,1449,28980000,28980000,2918,4862,29000000,10161
3,145,2900000,2900000,2918,4862,2920000,1018
3,1450,29000000,29000000,2918,4862,29020000,10166
3,1451,29020000,29020000,2918,4862,29040000,10173
3,1452,29040000,29040000,2918,4862,29060000,10181
3,1453,29060000,29060000,2918,4862,29080000,10188
3,1454,29080000,29080000,2918,4862,29100000,10194
3,1455,29100000,29100000,2918,4862,29120000,10202
3,1456,29120000,29120000,2918,4862,29140000,10208
3,1457,29140000,29140000,2918,4862,29160000,10215
3,1458,29160000,29160000,2918,4862,29180000,10224
3,1459,29180000,29180000,2918,4862,29200000,10230
3,146,2920000,2920000,2918,4862,2940000,1025
3,1460,29200000,29200000,2918,4862,29220000,10236
3,1461,29220000,29220000,2918,4862,29240000,10243
3,1462,29240000,29240000,2918,4862,29260000,10251
3,1463,29260000,29260000,2918,4862,29280000,10258
3,1464,29280000,29280000,2918,4862,29300000,10265
3,1465,29300000,29300000,2918,4862,29320000,10270
3,1466,29320000,29320000,2918,4862,29340000,10279
3,1467,29340000,29340000,2918,4862,29360000,10287
3,1468,29360000,29360000,2918,4862,29380000,10292
3,1469,29380000,29380000,2918,4862,29400000,10298
3,147,2940000,2940000,2918,4862,2960000,1033
3,1470,29400000,29400000,2918,4862,29420000,10308
3,1471,29420000,29420000,2918,4862,29440000,10314
3,1472,29440000,29440000,2918,4862,29460000,10320
3,1473,29460000,29460000,2918,4862,29480000,10329
3,1474,29480000,29480000,2918,4862,29500000,10335
3,1475,29500000,29500000,2918,4862,29520000,10341
3,1476,29520000,29520000,2918,4862,29540000,10349
3,1477,29540000,29540000,2918,4862,29560000,10356
3,1478,29560000,29560000,2918,4862,29580000,10362
3,1479,29580000,29580000,2918,4862,29600000,10370
3,148,2960000,2960000,2918,4862,2980000,1040
3,1480,29600000,29600000,2918,4862,29620000,10377
3,1481,29620000,29620000,2918,4862,29640000,10384
3,1482,29640000,29640000,2918,4862,29660000,10391
3,1483,29660000,29660000,2918,4862,29680000,10397
3,1484,29680000,29680000,2918,4862,29700000,10404
3,1485,29700000,29700000,2918,4862,29720000,10413
3,1486,29720000,29720000,2918,4862,29740000,10418
3,1487,29740000,29740000,2918,4862,29760000,10426
3,1488,29760000,29760000,2918,4862,29780000,10434
3,1489,29780000,29780000,2918,4862,29800000,10440
3,149,2980000,2980000,2918,4862,3000000,1046
3,1490,29800000,29800000,2918,4862,29820000,10446
3,1491,29820000,29820000,2918,4862,29840000,10455
3,1492,29840000,29840000,2918,4862,29860000,10461
3,1493,29860000,29860000,2918,4862,29880000,10467
3,1494,29880000,29880000,2918,4862,29900000,10476
3,1495,29900000,29900000,2918,4862,29920000,10481
3,1496,29920000,29920000,2918,4862,29940000,10489
3,1497,29940000,29940000,2918,4862,29960000,10496
3,1498,29960000,29960000,2918,4862,29980000,10503
3,1499,29980000,29980000,2918,4862,30000000,10509
3,15,300000,300000,2918,4862,320000,108
3,150,3000000,3000000,2918,4862,3020000,1055
3,1500,30000000,30000000,2918,4862,30020000,10518
3,1501,30020000,30020000,2918,4862,30040000,10524
3,1502,30040000,30040000,2918,4862,30060000,10530
3,1503,30060000,30060000,2918,4862,30080000,10539
3,1504,30080000,30080000,2918,4862,30100000,10545
3,1505,30100000,30100000,2918,4862,30120000,10552
3,1506,30120000,30120000,2918,4862,30140000,10559
3,1507,30140000,30140000,2918,4862,30160000,10566
3,1508,30160000,30160000,2918,4862,30180000,10574
3,1509,30180000,30180000,2918,4862,30200000,10581
3,151,3020000,3020000,2918,4862,3040000,1060
3,1510,30200000,30200000,2918,4862,30220000,10586
3,1511,30220000,30220000,2918,4862,30240000,10593
3,1512,30240000,30240000,2918,4862,30260000,10602
3,1513,30260000,30260000,2918,4862,30280000,10608
3,1514,30280000,30280000,2918,4862,30300000,10614
3,1515,30300000,30300000,2918,4862,30320000,10623
3,1516,30320000,30320000,2918,4862,30340000,10629
3,1517,30340000,30340000,2918,4862,30360000,10636
3,1518,30360000,30360000,2918,4862,30380000,10644
3,1519,30380000,30380000,2918,4862,30400000,10650
3,152,3040000,3040000,2918,4862,3060000,1066
3,1520,30400000,30400000,2918,4862,30420000,10656
3,1521,30420000,30420000,2918,4862,30440000,10665
3,1522,30440000,30440000,2918,4862,30460000,10672
3,1523,30460000,30460000,2918,4862,30480000,10678
3,1524,30480000,30480000,2918,4862,30500000,10685
3,1525,30500000,30500000,2918,4862,30520000,10692
3,1526,30520000,30520000,2918,4862,30540000,10700
3,1527,30540000,30540000,2918,4862,30560000,10707
3,1528,30560000,30560000,2918,4862,30580000,10712
3,1529,30580000,30580000,2918,4862,30600000,10719
3,153,3060000,3060000,2918,4862,3080000,1076
3,1530,30600000,30600000,2918,4862,30620000,10729
3,1531,30620000,30620000,2918,4862,30640000,10734
3,1532,30640000,30640000,2918,4862,30660000,10740
3,1533,30660000,30660000,2918,4862,30680000,10749
3,1534,30680000,30680000,2918,4862,30700000,10756
3,1535,30700000,30700000,2918,4862,30720000,10762
3,1536,30720000,30720000,2918,4862,30740000,10770
3,1537,30740000,30740000,2918,4862,30760000,10776
3,1538,30760000,30760000,2918,4862,30780000,10783
3,1539,30780000,30780000,2918,4862,30800000,10791
3,154,3080000,3080000,2918,4862,3100000,1082
3,1540,30800000,30800000,2918,4862,30820000,10797
3,1541,30820000,30820000,2918,4862,30840000,10804
3,1542,30840000,30840000,2918,4862,30860000,10812
3,1543,30860000,30860000,2918,4862,30880000,10819
3,1544,30880000,30880000,2918,4862,30900000,10825
3,1545,30900000,30900000,2918,4862,30920000,10833
3,1546,30920000,30920000,2918,4862,30940000,10838
3,1547,30940000,30940000,2918,4862,30960000,10846
3,1548,30960000,30960000,2918,4862,30980000,10855
3,1549,30980000,30980000,2918,4862,31000000,10860
3,155,3100000,3100000,2918,4862,3120000,1088
3,1550,31000000,31000000,2918,4862,31020000,10867
3,1551,31020000,31020000,2918,4862,31040000,10875
3,1552,31040000,31040000,2918,4862,31060000,10882
3,1553,31060000,31060000,2918,4862,31080000,10888
3,1554,31080000,31080000,2918,4862,31100000,10896
3,1555,31100000,31100000,2918,4862,31120000,10902
3,1556,31120000,31120000,2918,4862,31140000,10909
3,1557,31140000,31140000,2918,4862,31160000,10918
3,1558,31160000,31160000,2918,4862,31180000,10923
3,1559,31180000,31180000,2918,4862,31200000,10930
3,156,3120000,3120000,2918,4862,3140000,1095
3,1560,31200000,31200000,2918,4862,31220000,10938
3,1561,31220000,31220000,2918,4862,31240000,10945
3,1562,31240000,31240000,2918,4862,31260000,10951
3,1563,31260000,31260000,2918,4862,31280000,10959
3,1564,31280000,31280000,2918,4862,31300000,10966
3,1565,31300000,31300000,2918,4862,31320000,10972
3,1566,31320000,31320000,2918,4862,31340000,10980
3,1567,31340000,31340000,2918,4862,31360000,10986
3,1568,31360000,31360000,2918,4862,31380000,10994
3,1569,31380000,31380000,2918,4862,31400000,11001
3,157,3140000,3140000,2918,4862,3160000,1104
3,1570,31400000,31400000,2918,4862,31420000,11007
3,1571,31420000,31420000,2918,4862,31440000,11015
3,1572,31440000,31440000,2918,4862,31460000,11023
3,1573,31460000,31460000,2918,4862,31480000,11028
3,1574,31480000,31480000,2918,4862,31500000,11034
3,1575,31500000,31500000,2918,4862,31520000,11044
3,1576,31520000,31520000,2918,4862,31540000,11050
3,1577,31540000,31540000,2918,4862,31560000,11056
3,1578,31560000,31560000,2918,4862,31580000,11065
3,1579,31580000,31580000,2918,4862,31600000,11071
3,158,3160000,3160000,2918,4862,3180000,1110
3,1580,31600000,31600000,2918,4862,31620000,11077
3,1581,31620000,31620000,2918,4862,31640000,11085
3,1582,31640000,31640000,2918,4862,31660000,11092
3,1583,31660000,31660000,2918,4862,31680000,11098
3,1584,31680000,31680000,2918,4862,31700000,11106
3,1585,31700000,31700000,2918,4862,31720000,11113
3,1586,31720000,31720000,2918,4862,31740000,11120
3,1587,31740000,31740000,2918,4862,31760000,11127
3,1588,31760000,31760000,2918,4862,31780000,11133
3,1589,31780000,31780000,2918,4862,31800000,11141
3,159,3180000,3180000,2918,4862,3200000,1117
3,1590,31800000,31800000,2918,4862,31820000,11149
3,1591,31820000,31820000,2918,4862,31840000,11154
3,1592,31840000,31840000,2918,4862,31860000,11161
3,1593,31860000,31860000,2918,4862,31880000,11171
3,1594,31880000,31880000,2918,4862,31900000,11176
3,1595,31900000,31900000,2918,4862,31920000,11182
3,1596,31920000,31920000,2918,4862,31940000,11190
3,1597,31940000,31940000,2918,4862,31960000,11197
3,1598,31960000,31960000,2918,4862,31980000,11204
3,1599,31980000,31980000,2918,4862,32000000,11212
3,16,320000,320000,2918,4862,340000,113
3,160,3200000,3200000,2918,4862,3220000,1122
3,1600,32000000,32000000,2918,4862,32020000,11217
3,1601,32020000,32020000,2918,4862,32040000,11224
3,1602,32040000,32040000,2918,4862,32060000,11233
3,1603,32060000,32060000,2918,4862,32080000,11239
3,1604,32080000,32080000,2918,4862,32100000,11245
3,1605,32100000,32100000,2918,4862,32120000,11253
3,1606,32120000,32120000,2918,4862,32140000,11261
3,1607,32140000,32140000,2918,4862,32160000,11267
3,1608,32160000,32160000,2918,4862,32180000,11275
3,1609,32180000,32180000,2918,4862,32200000,11280
3,161,3220000,3220000,2918,4862,3240000,1131
3,1610,32200000,32200000,2918,4862,32220000,11288
3,1611,32220000,32220000,2918,4862,32240000,11296
3,1612,32240000,32240000,2918,4862,32260000,11302
3,1613,32260000,32260000,2918,4862,32280000,11309
3,1614,32280000,32280000,2918,4862,32300000,11316
3,1615,32300000,32300000,2918,4862,32320000,11323
3,1616,32320000,32320000,2918,4862,32340000,11330
3,1617,32340000,32340000,2918,4862,32360000,11338
3,1618,32360000,32360000,2918,4862,32380000,11343
3,1619,32380000,32380000,2918,4862,32400000,11350
3,162,3240000,3240000,2918,4862,3260000,1139
3,1620,32400000,32400000,2918,4862,32420000,11360
3,1621,32420000,32420000,2918,4862,32440000,11365
3,1622,32440000,32440000,2918,4862,32460000,11371
3,1623,32460000,32460000,2918,4862,32480000,11380
3,1624,32480000,32480000,2918,4862,32500000,11387
3,1625,32500000,32500000,2918,4862,32520000,11393
3,1626,32520000,32520000,2918,4862,32540000,11400
3,1627,32540000,32540000,2918,4862,32560000,11408
3,1628,32560000,32560000,2918,4862,32580000,11414
3,1629,32580000,32580000,2918,4862,32600000,11422
3,163,3260000,3260000,2918,4862,3280000,1144
3,1630,32600000,32600000,2918,4862,32620000,11427
3,1631,32620000,32620000,2918,4862,32640000,11435
3,1632,32640000,32640000,2918,4862,32660000,11443
3,1633,32660000,32660000,2918,4862,32680000,11449
3,1634,32680000,32680000,2918,4862,32700000,11456
3,1635,32700000,32700000,2918,4862,32720000,11464
3,1636,32720000,32720000,2918,4862,32740000,11470
3,1637,32740000,32740000,2918,4862,32760000,11476
3,1638,32760000,32760000,2918,4862,32780000,11486
3,1639,32780000,32780000,2918,4862,32800000,11491
3,164,3280000,3280000,2918,4862,3300000,1151
3,1640,32800000,32800000,2918,4862,32820000,11498
3,1641,32820000,32820000,2918,4862,32840000,11506
3,1642,32840000,32840000,2918,4862,32860000,11513
3,1643,32860000,32860000,2918,4862,32880000,11519
3,1644,32880000,32880000,2918,4862,32900000,11527
3,1645,32900000,32900000,2918,4862,32920000,11533
3,1646,32920000,32920000,2918,4862,32940000,11540
3,1647,32940000,32940000,2918,4862,32960000,11548
3,1648,32960000,32960000,2918,4862,32980000,11554
3,1649,32980000,32980000,2918,4862,33000000,11561
3,165,3300000,3300000,2918,4862,3320000,1160
3,1650,33000000,33000000,2918,4862,33020000,11569
3,1651,33020000,33020000,2918,4862,33040000,11575
3,1652,33040000,33040000,2918,4862,33060000,11582
3,1653,33060000,33060000,2918,4862,33080000,11591
3,1654,33080000,33080000,2918,4862,33100000,11596
3,1655,33100000,33100000,2918,4862,33120000,11603
3,1656,33120000,33120000,2918,4862,33140000,11611
3,1657,33140000,33140000,2918,4862,33160000,11618
3,1658,33160000,33160000,2918,4862,33180000,11624
3,1659,33180000,33180000,2918,4862,33200000,11632
3,166,3320000,3320000,2918,4862,3340000,1166
3,1660,33200000,33200000,2918,4862,33220000,11638
3,1661,33220000,33220000,2918,4862,33240000,11646
3,1662,33240000,33240000,2918,4862,33260000,11654
3,1663,33260000,33260000,2918,4862,33280000,11659
3,1664,33280000,33280000,2918,4862,33300000,11665
3,1665,33300000,33300000,2918,4862,33320000,11674
3,1666,33320000,33320000,2918,4862,33340000,11681
3,1667,33340000,33340000,2918,4862,33360000,11687
3,1668,33360000,33360000,2918,4862,33380000,11695
3,1669,33380000,33380000,2918,4862,33400000,11702
3,167,3340000,3340000,2918,4862,3360000,1172
3,1670,33400000,33400000,2918,4862,33420000,11709
3,1671,33420000,33420000,2918,4862,33440000,11716
3,1672,33440000,33440000,2918,4862,33460000,11722
3,1673,33460000,33460000,2918,4862,33480000,11729
3,1674,33480000,33480000,2918,4862,33500000,11738
3,1675,33500000,33500000,2918,4862,33520000,11743
3,1676,33520000,33520000,2918,4862,33540000,11751
3,1677,33540000,33540000,2918,4862,33560000,11758
3,1678,33560000,33560000,2918,4862,33580000,11765
3,1679,33580000,33580000,2918,4862,33600000,11771
3,168,3360000,3360000,2918,4862,3380000,1181
3,1680,33600000,33600000,2918,4862,33620000,11780
3,1681,33620000,33620000,2918,4862,33640000,11785
3,1682,33640000,33640000,2918,4862,33660000,11791
3,1683,33660000,33660000,2918,4862,33680000,11802
3,1684,33680000,33680000,2918,4862,33700000,11807
3,1685,33700000,33700000,2918,4862,33720000,11813
3,1686,33720000,33720000,2918,4862,33740000,11820
3,1687,33740000,33740000,2918,4862,33760000,11829
3,1688,33760000,33760000,2918,4862,33780000,11835
3,1689,33780000,33780000,2918,4862,33800000,11842
3,169,3380000,3380000,2918,4862,3400000,1186
3,1690,33800000,33800000,2918,4862,33820000,11848
3,1691,33820000,33820000,2918,4862,33840000,11856
3,1692,33840000,33840000,2918,4862,33860000,11864
3,1693,33860000,33860000,2918,4862,33880000,11869
3,1694,33880000,33880000,2918,4862,33900000,11876
3,1695,33900000,33900000,2918,4862,33920000,11885
3,1696,33920000,33920000,2918,4862,33940000,11891
3,1697,33940000,33940000,2918,4862,33960000,11898
3,1698,33960000,33960000,2918,4862,33980000,11906
3,1699,33980000,33980000,2918,4862,34000000,11911
3,17,340000,340000,2918,4862,360000,121
3,170,3400000,3400000,2918,4862,3420000,1193
3,1700,34000000,34000000,2918,4862,34020000,11918
3,1701,34020000,34020000,2918,4862,34040000,11927
3,1702,34040000,34040000,2918,4862,34060000,11933
3,1703,34060000,34060000,2918,4862,34080000,11939
3,1704,34080000,34080000,2918,4862,34100000,11948
3,1705,34100000,34100000,2918,4862,34120000,11954
3,1706,34120000,34120000,2918,4862,34140000,11961
3,1707,34140000,34140000,2918,4862,34160000,11968
3,1708,34160000,34160000,2918,4862,34180000,11975
3,1709,34180000,34180000,2918,4862,34200000,11981
3,171,3420000,3420000,2918,4862,3440000,1202
3,1710,34200000,34200000,2918,4862,34220000,11990
3,1711,34220000,34220000,2918,4862,34240000,11996
3,1712,34240000,34240000,2918,4862,34260000,12003
3,1713,34260000,34260000,2918,4862,34280000,12011
3,1714,34280000,34280000,2918,4862,34300000,12017
3,1715,34300000,34300000,2918,4862,34320000,12024
3,1716,34320000,34320000,2918,4862,34340000,12031
3,1717,34340000,34340000,2918,4862,34360000,12038
3,1718,34360000,34360000,2918,4862,34380000,12045
3,1719,34380000,34380000,2918,4862,34400000,12053
3,172,3440000,3440000,2918,4862,3460000,1208
3,1720,34400000,34400000,2918,4862,34420000,12058
3,1721,34420000,34420000,2918,4862,34440000,12066
3,1722,34440000,34440000,2918,4862,34460000,12074
3,1723,34460000,34460000,2918,4862,34480000,12080
3,1724,34480000,34480000,2918,4862,34500000,12086
3,1725,34500000,34500000,2918,4862,34520000,12096
3,1726,34520000,34520000,2918,4862,34540000,12101
3,1727,34540000,34540000,2918,4862,34560000,12107
3,1728,34560000,34560000,2918,4862,34580000,12116
3,1729,34580000,34580000,2918,4862,34600000,12123
3,173,3460000,3460000,2918,4862,3480000,1214
3,1730,34600000,34600000,2918,4862,34620000,12129
3,1731,34620000,34620000,2918,4862,34640000,12136
3,1732,34640000,34640000,2918,4862,34660000,12144
3,1733,34660000,34660000,2918,4862,34680000,12150
3,1734,34680000,34680000,2918,4862,34700000,12158
3,1735,34700000,34700000,2918,4862,34720000,12163
3,1736,34720000,34720000,2918,4862,34740000,12171
3,1737,34740000,34740000,2918,4862,34760000,12179
3,1738,34760000,34760000,2918,4862,34780000,12185
3,1739,34780000,34780000,2918,4862,34800000,12192
3,174,3480000,3480000,2918,4862,3500000,1222
3,1740,34800000,34800000,2918,4862,34820000,12200
3,1741,34820000,34820000,2918,4862,34840000,12206
3,1742,34840000,34840000,2918,4862,34860000,12213
3,1743,34860000,34860000,2918,4862,34880000,12222
3,1744,34880000,34880000,2918,4862,34900000,12227
3,1745,34900000,34900000,2918,4862,34920000,12233
3,1746,34920000,34920000,2918,4862,34940000,12243
3,1747,34940000,34940000,2918,4862,34960000,12249
3,1748,34960000,34960000,2918,4862,34980000,12255
3,1749,34980000,34980000,2918,4862,35000000,12262
3,175,3500000,3500000,2918,4862,3520000,1229
3,1750,35000000,35000000,2918,4862,35020000,12269
3,1751,35020000,35020000,2918,4862,35040000,12277
3,1752,35040000,35040000,2918,4862,35060000,12284
3,1753,35060000,35060000,2918,4862,35080000,12290
3,1754,35080000,35080000,2918,4862,35100000,12296
3,1755,35100000,35100000,2918,4862,35120000,12306
3,1756,35120000,35120000,2918,4862,35140000,12311
3,1757,35140000,35140000,2918,4862,35160000,12318
3,1758,35160000,35160000,2918,4862,35180000,12326
3,1759,35180000,35180000,2918,4862,35200000,12333
3,176,3520000,3520000,2918,4862,3540000,1236
3,1760,35200000,35200000,2918,4862,35220000,12340
3,1761,35220000,35220000,2918,4862,35240000,12347
3,1762,35240000,35240000,2918,4862,35260000,12353
3,1763,35260000,35260000,2918,4862,35280000,12360
3,1764,35280000,35280000,2918,4862,35300000,12369
3,1765,35300000,35300000,2918,4862,35320000,12374
3,1766,35320000,35320000,2918,4862,35340000,12381
3,1767,35340000,35340000,2918,4862,35360000,12389
3,1768,35360000,35360000,2918,4862,35380000,12396
3,1769,35380000,35380000,2918,4862,35400000,12402
3,177,3540000,3540000,2918,4862,3560000,1243
3,1770,35400000,35400000,2918,4862,35420000,12410
3,1771,35420000,35420000,2918,4862,35440000,12416
3,1772,35440000,35440000,2918,4862,35460000,12423
3,1773,35460000,35460000,2918,4862,35480000,12432
3,1774,35480000,35480000,2918,4862,35500000,12438
3,1775,35500000,35500000,2918,4862,35520000,12444
3,1776,35520000,35520000,2918,4862,35540000,12452
3,1777,35540000,35540000,2918,4862,35560000,12459
3,1778,35560000,35560000,2918,4862,35580000,12466
3,1779,35580000,35580000,2918,4862,35600000,12473
3,178,3560000,3560000,2918,4862,3580000,1250
3,1780,35600000,35600000,2918,4862,35620000,12479
3,1781,35620000,35620000,2918,4862,35640000,12487
3,1782,35640000,35640000,2918,4862,35660000,12495
3,1783,35660000,35660000,2918,4862,35680000,12500
3,1784,35680000,35680000,2918,4862,35700000,12506
3,1785,35700000,35700000,2918,4862,35720000,12516
3,1786,35720000,35720000,2918,4862,35740000,12522
3,1787,35740000,35740000,2918,4862,35760000,12528
3,1788,35760000,35760000,2918,4862,35780000,12537
3,1789,35780000,35780000,2918,4862,35800000,12543
3,179,3580000,3580000,2918,4862,3600000,1256
3,1790,35800000,35800000,2918,4862,35820000,12549
3,1791,35820000,35820000,2918,4862,35840000,12557
3,1792,35840000,35840000,2918,4862,35860000,12564
3,1793,35860000,35860000,2918,4862,35880000,12571
3,1794,35880000,35880000,2918,4862,35900000,12578
3,1795,35900000,35900000,2918,4862,35920000,12585
3,1796,35920000,35920000,2918,4862,35940000,12592
3,1797,35940000,35940000,2918,4862,35960000,12600
3,1798,35960000,35960000,2918,4862,35980000,12605
3,1799,35980000,35980000,2918,4862,36000000,12612
3,18,360000,360000,2918,4862,380000,130
3,180,3600000,3600000,2918,4862,3620000,1265
3,1800,36000000,36000000,2918,4862,36020000,12621
3,1801,36020000,36020000,2918,4862,36040000,12626
3,1802,36040000,36040000,2918,4862,36060000,12634
3,1803,36060000,36060000,2918,4862,36080000,12642
3,1804,36080000,36080000,2918,4862,36100000,12648
3,1805,36100000,36100000,2918,4862,36120000,12654
3,1806,36120000,36120000,2918,4862,36140000,12663
3,1807,36140000,36140000,2918,4862,36160000,12669
3,1808,36160000,36160000,2918,4862,36180000,12675
3,1809,36180000,36180000,2918,4862,36200000,12684
3,181,3620000,3620000,2918,4862,3640000,1270
3,1810,36200000,36200000,2918,4862,36220000,12690
3,1811,36220000,36220000,2918,4862,36240000,12697
3,1812,36240000,36240000,2918,4862,36260000,12704
3,1813,36260000,36260000,2918,4862,36280000,12711
3,1814,36280000,36280000,2918,4862,36300000,12718
3,1815,36300000,36300000,2918,4862,36320000,12726
3,1816,36320000,36320000,2918,4862,36340000,12732
3,1817,36340000,36340000,2918,4862,36360000,12738
3,1818,36360000,36360000,2918,4862,36380000,12747
3,1819,36380000,36380000,2918,4862,36400000,12753
3,182,3640000,3640000,2918,4862,3660000,1278
3,1820,36400000,36400000,2918,4862,36420000,12760
3,1821,36420000,36420000,2918,4862,36440000,12767
3,1822,36440000,36440000,2918,4862,36460000,12774
3,1823,36460000,36460000,2918,4862,36480000,12782
3,1824,36480000,36480000,2918,4862,36500000,12789
3,1825,36500000,36500000,2918,4862,36520000,12794
3,1826,36520000,36520000,2918,4862,36540000,12801
3,1827,36540000,36540000,2918,4862,36560000,12811
3,1828,36560000,36560000,2918,4862,36580000,12816
3,1829,36580000,36580000,2918,4862,36600000,12822
3,183,3660000,3660000,2918,4862,3680000,1286
3,1830,36600000,36600000,2918,4862,36620000,12831
3,1831,36620000,36620000,2918,4862,36640000,12838
3,1832,36640000,36640000,2918,4862,36660000,12844
3,1833,36660000,36660000,2918,4862,36680000,12852
3,1834,36680000,36680000,2918,4862,36700000,12858
3,1835,36700000,36700000,2918,4862,36720000,12864
3,1836,36720000,36720000,2918,4862,36740000,12873
3,1837,36740000,36740000,2918,4862,36760000,12880
3,1838,36760000,36760000,2918,4862,36780000,12886
3,1839,36780000,36780000,2918,4862,36800000,12893
3,184,3680000,3680000,2918,4862,3700000,1292
3,1840,36800000,36800000,2918,4862,36820000,12900
3,1841,36820000,36820000,2918,4862,36840000,12908
3,1842,36840000,36840000,2918,4862,36860000,12915
3,1843,36860000,36860000,2918,4862,36880000,12920
3,1844,36880000,36880000,2918,4862,36900000,12928
3,1845,36900000,36900000,2918,4862,36920000,12937
3,1846,36920000,36920000,2918,4862,36940000,12942
3,1847,36940000,36940000,2918,4862,36960000,12948
3,1848,36960000,36960000,2918,4862,36980000,12958
3,1849,36980000,36980000,2918,4862,37000000,12964
3,185,3700000,3700000,2918,4862,3720000,1299
3,1850,37000000,37000000,2918,4862,37020000,12970
3,1851,37020000,37020000,2918,4862,37040000,12978
3,1852,37040000,37040000,2918,4862,37060000,12984
3,1853,37060000,37060000,2918,4862,37080000,12991
3,1854,37080000,37080000,2918,4862,37100000,12999
3,1855,37100000,37100000,2918,4862,37120000,13005
3,1856,37120000,37120000,2918,4862,37140000,13012
3,1857,37140000,37140000,2918,4862,37160000,13020
3,1858,37160000,37160000,2918,4862,37180000,13027
3,1859,37180000,37180000,2918,4862,37200000,13033
3,186,3720000,3720000,2918,4862,3740000,1306
3,1860,37200000,37200000,2918,4862,37220000,13041
3,1861,37220000,37220000,2918,4862,37240000,13047
3,1862,37240000,37240000,2918,4862,37260000,13054
3,1863,37260000,37260000,2918,4862,37280000,13063
3,1864,37280000,37280000,2918,4862,37300000,13068
3,1865,37300000,37300000,2918,4862,37320000,13076
3,1866,37320000,37320000,2918,4862,37340000,13083
3,1867,37340000,37340000,2918,4862,37360000,13090
3,1868,37360000,37360000,2918,4862,37380000,13096
3,1869,37380000,37380000,2918,4862,37400000,13104
3,187,3740000,3740000,2918,4862,3760000,1313
3,1870,37400000,37400000,2918,4862,37420000,13110
3,1871,37420000,37420000,2918,4862,37440000,13117
3,1872,37440000,37440000,2918,4862,37460000,13126
3,1873,37460000,37460000,2918,4862,37480000,13131
3,1874,37480000,37480000,2918,4862,37500000,13138
3,1875,37500000,37500000,2918,4862,37520000,13146
3,1876,37520000,37520000,2918,4862,37540000,13153
3,1877,37540000,37540000,2918,4862,37560000,13159
3,1878,37560000,37560000,2918,4862,37580000,13168
3,1879,37580000,37580000,2918,4862,37600000,13174
3,188,3760000,3760000,2918,4862,3780000,1319
3,1880,37600000,37600000,2918,4862,37620000,13180
3,1881,37620000,37620000,2918,4862,37640000,13188
3,1882,37640000,37640000,2918,4862,37660000,13195
3,1883,37660000,37660000,2918,4862,37680000,13202
3,1884,37680000,37680000,2918,4862,37700000,13209
3,1885,37700000,37700000,2918,4862,37720000,13215
3,1886,37720000,37720000,2918,4862,37740000,13223
3,1887,37740000,37740000,2918,4862,37760000,13231
3,1888,37760000,37760000,2918,4862,37780000,13236
3,1889,37780000,37780000,2918,4862,37800000,13242
3,189,3780000,3780000,2918,4862,3800000,1328
3,1890,37800000,37800000,2918,4862,37820000,13252
3,1891,37820000,37820000,2918,4862,37840000,13258
3,1892,37840000,37840000,2918,4862,37860000,13264
3,1893,37860000,37860000,2918,4862,37880000,13273
3,1894,37880000,37880000,2918,4862,37900000,13279
3,1895,37900000,37900000,2918,4862,37920000,13286
3,1896,37920000,37920000,2918,4862,37940000,13293
3,1897,37940000,37940000,2918,4862,37960000,13300
3,1898,37960000,37960000,2918,4862,37980000,13306
3,1899,37980000,37980000,2918,4862,38000000,13315
3,19,380000,380000,2918,4862,400000,135
3,190,3800000,3800000,2918,4862,3820000,1333
3,1900,38000000,38000000,2918,4862,38020000,13321
3,1901,38020000,38020000,2918,4862,38040000,13328
3,1902,38040000,38040000,2918,4862,38060000,13335
3,1903,38060000,38060000,2918,4862,38080000,13341
3,1904,38080000,38080000,2918,4862,38100000,13349
3,1905,38100000,38100000,2918,4862,38120000,13357
3,1906,38120000,38120000,2918,4862,38140000,13362
3,1907,38140000,38140000,2918,4862,38160000,13369
3,1908,38160000,38160000,2918,4862,38180000,13379
3,1909,38180000,38180000,2918,4862,38200000,13384
3,191,3820000,3820000,2918,4862,3840000,1341
3,1910,38200000,38200000,2918,4862,38220000,13390
3,1911,38220000,38220000,2918,4862,38240000,13398
3,1912,38240000,38240000,2918,4862,38260000,13406
3,1913,38260000,38260000,2918,4862,38280000,13412
3,1914,38280000,38280000,2918,4862,38300000,13420
3,1915,38300000,38300000,2918,4862,38320000,13425
3,1916,38320000,38320000,2918,4862,38340000,13433
3,1917,38340000,38340000,2918,4862,38360000,13441
3,1918,38360000,38360000,2918,4862,38380000,13447
3,1919,38380000,38380000,2918,4862,38400000,13453
3,192,3840000,3840000,2918,4862,3860000,1349
3,1920,38400000,38400000,2918,4862,38420000,13461
3,1921,38420000,38420000,2918,4862,38440000,13469
3,1922,38440000,38440000,2918,4862,38460000,13475
3,1923,38460000,38460000,2918,4862,38480000,13483
3,1924,38480000,38480000,2918,4862,38500000,13488
3,1925,38500000,38500000,2918,4862,38520000,13496
3,1926,38520000,38520000,2918,4862,38540000,13504
3,1927,38540000,38540000,2918,4862,38560000,13510
3,1928,38560000,38560000,2918,4862,38580000,13517
3,1929,38580000,38580000,2918,4862,38600000,13525
3,193,3860000,3860000,2918,4862,3880000,1355
3,1930,38600000,38600000,2918,4862,38620000,13531
3,1931,38620000,38620000,2918,4862,38640000,13538
3,1932,38640000,38640000,2918,4862,38660000,13546
3,1933,38660000,38660000,2918,4862,38680000,13552
3,1934,38680000,38680000,2918,4862,38700000,13558
3,1935,38700000,38700000,2918,4862,38720000,13568
3,1936,38720000,38720000,2918,4862,38740000,13573
3,1937,38740000,38740000,2918,4862,38760000,13579
3,1938,38760000,38760000,2918,4862,38780000,13588
3,1939,38780000,38780000,2918,4862,38800000,13595
3,194,3880000,3880000,2918,4862,3900000,1361
3,1940,38800000,38800000,2918,4862,38820000,13601
3,1941,38820000,38820000,2918,4862,38840000,13608
3,1942,38840000,38840000,2918,4862,38860000,13616
3,1943,38860000,38860000,2918,4862,38880000,13622
3,1944,38880000,38880000,2918,4862,38900000,13630
3,1945,38900000,38900000,2918,4862,38920000,13635
3,1946,38920000,38920000,2918,4862,38940000,13644
3,1947,38940000,38940000,2918,4862,38960000,13651
3,1948,38960000,38960000,2918,4862,38980000,13657
3,1949,38980000,38980000,2918,4862,39000000,13664
3,195,3900000,3900000,2918,4862,3920000,1370
3,1950,39000000,39000000,2918,4862,39020000,13673
3,1951,39020000,39020000,2918,4862,39040000,13678
3,1952,39040000,39040000,2918,4862,39060000,13684
3,1953,39060000,39060000,2918,4862,39080000,13694
3,1954,39080000,39080000,2918,4862,39100000,13699
3,1955,39100000,39100000,2918,4862,39120000,13706
3,1956,39120000,39120000,2918,4862,39140000,13714
3,1957,39140000,39140000,2918,4862,39160000,13721
3,1958,39160000,39160000,2918,4862,39180000,13727
3,1959,39180000,39180000,2918,4862,39200000,13735
3,196,3920000,3920000,2918,4862,3940000,1376
3,1960,39200000,39200000,2918,4862,39220000,13741
3,1961,39220000,39220000,2918,4862,39240000,13748
3,1962,39240000,39240000,2918,4862,39260000,13756
3,1963,39260000,39260000,2918,4862,39280000,13763
3,1964,39280000,39280000,2918,4862,39300000,13769
3,1965,39300000,39300000,2918,4862,39320000,13777
3,1966,39320000,39320000,2918,4862,39340000,13783
3,1967,39340000,39340000,2918,4862,39360000,13791
3,1968,39360000,39360000,2918,4862,39380000,13799
3,1969,39380000,39380000,2918,4862,39400000,13804
3,197,3940000,3940000,2918,4862,3960000,1382
3,1970,39400000,39400000,2918,4862,39420000,13811
3,1971,39420000,39420000,2918,4862,39440000,13819
3,1972,39440000,39440000,2918,4862,39460000,13826
3,1973,39460000,39460000,2918,4862,39480000,13832
3,1974,39480000,39480000,2918,4862,39500000,13840
3,1975,39500000,39500000,2918,4862,39520000,13846
3,1976,39520000,39520000,2918,4862,39540000,13854
3,1977,39540000,39540000,2918,4862,39560000,13862
3,1978,39560000,39560000,2918,4862,39580000,13867
3,1979,39580000,39580000,2918,4862,39600000,13873
3,198,3960000,3960000,2918,4862,3980000,1391
3,1980,39600000,39600000,2918,4862,39620000,13883
3,1981,39620000,39620000,2918,4862,39640000,13889
3,1982,39640000,39640000,2918,4862,39660000,13895
3,1983,39660000,39660000,2918,4862,39680000,13903
3,1984,39680000,39680000,2918,4862,39700000,13911
3,1985,39700000,39700000,2918,4862,39720000,13917
3,1986,39720000,39720000,2918,4862,39740000,13924
3,1987,39740000,39740000,2918,4862,39760000,13930
3,1988,39760000,39760000,2918,4862,39780000,13937
3,1989,39780000,39780000,2918,4862,39800000,13946
3,199,3980000,3980000,2918,4862,4000000,1398
3,1990,39800000,39800000,2918,4862,39820000,13951
3,1991,39820000,39820000,2918,4862,39840000,13959
3,1992,39840000,39840000,2918,4862,39860000,13966
3,1993,39860000,39860000,2918,4862,39880000,13973
3,1994,39880000,39880000,2918,4862,39900000,13979
3,1995,39900000,39900000,2918,4862,39920000,13988
3,1996,39920000,39920000,2918,4862,39940000,13993
3,1997,39940000,39940000,2918,4862,39960000,14000
3,1998,39960000,39960000,2918,4862,39980000,14010
3,1999,39980000,39980000,2918,4862,40000000,14015
3,2,40000,40000,2918,4862,60000,15
3,20,400000,400000,2918,4862,420000,141
3,200,4000000,4000000,2918,4862,4020000,1404
3,2000,40000000,40000000,2918,4862,40020000,14021
3,2001,40020000,40020000,2918,4862,40040000,14029
3,2002,40040000,40040000,2918,4862,40060000,14037
3,2003,40060000,40060000,2918,4862,40080000,14043
3,2004,40080000,40080000,2918,4862,40100000,14050
3,2005,40100000,40100000,2918,4862,40120000,14056
3,2006,40120000,40120000,2918,4862,40140000,14064
3,2007,40140000,40140000,2918,4862,40160000,14072
3,2008,40160000,40160000,2918,4862,40180000,14077
3,2009,40180000,40180000,2918,4862,40200000,14084
3,201,4020000,4020000,2918,4862,4040000,1411
3,2010,40200000,40200000,2918,4862,40220000,14093
3,2011,40220000,40220000,2918,4862,40240000,14099
3,2012,40240000,40240000,2918,4862,40260000,14106
3,2013,40260000,40260000,2918,4862,40280000,14114
3,2014,40280000,40280000,2918,4862,40300000,14120
3,2015,40300000,40300000,2918,4862,40320000,14126
3,2016,40320000,40320000,2918,4862,40340000,14135
3,2017,40340000,40340000,2918,4862,40360000,14141
3,2018,40360000,40360000,2918,4862,40380000,14148
3,2019,40380000,40380000,2918,4862,40400000,14156
3,202,4040000,4040000,2918,4862,4060000,1418
3,2020,40400000,40400000,2918,4862,40420000,14162
3,2021,40420000,40420000,2918,4862,40440000,14169
3,2022,40440000,40440000,2918,4862,40460000,14176
3,2023,40460000,40460000,2918,4862,40480000,14183
3,2024,40480000,40480000,2918,4862,40500000,14189
3,2025,40500000,40500000,2918,4862,40520000,14198
3,2026,40520000,40520000,2918,4862,40540000,14204
3,2027,40540000,40540000,2918,4862,40560000,14211
3,2028,40560000,40560000,2918,4862,40580000,14219
3,2029,40580000,40580000,2918,4862,40600000,14225
3,203,4060000,4060000,2918,4862,4080000,1425
3,2030,40600000,40600000,2918,4862,40620000,14232
3,2031,40620000,40620000,2918,4862,40640000,14240
3,2032,40640000,40640000,2918,4862,40660000,14246
3,2033,40660000,40660000,2918,4862,40680000,14253
3,2034,40680000,40680000,2918,4862,40700000,14261
3,2035,40700000,40700000,2918,4862,40720000,14267
3,2036,40720000,40720000,2918,4862,40740000,14274
3,2037,40740000,40740000,2918,4862,40760000,14282
3,2038,40760000,40760000,2918,4862,40780000,14288
3,2039,40780000,40780000,2918,4862,40800000,14294
3,204,4080000,4080000,2918,4862,4100000,1433
3,2040,40800000,40800000,2918,4862,40820000,14304
3,2041,40820000,40820000,2918,4862,40840000,14309
3,2042,40840000,40840000,2918,4862,40860000,14315
3,2043,40860000,40860000,2918,4862,40880000,14324
3,2044,40880000,40880000,2918,4862,40900000,14331
3,2045,40900000,40900000,2918,4862,40920000,14337
3,2046,40920000,40920000,2918,4862,40940000,14344
3,2047,40940000,40940000,2918,4862,40960000,14352
3,2048,40960000,40960000,2918,4862,40980000,14359
3,2049,40980000,40980000,2918,4862,41000000,14366
3,205,4100000,4100000,2918,4862,4120000,1438
3,2050,41000000,41000000,2918,4862,41020000,14371
3,2051,41020000,41020000,2918,4862,41040000,14379
3,2052,41040000,41040000,2918,4862,41060000,14388
3,2053,41060000,41060000,2918,4862,41080000,14393
3,2054,41080000,41080000,2918,4862,41100000,14400
3,2055,41100000,41100000,2918,4862,41120000,14408
3,2056,41120000,41120000,2918,4862,41140000,14414
3,2057,41140000,41140000,2918,4862,41160000,14421
3,2058,41160000,41160000,2918,4862,41180000,14430
3,2059,41180000,41180000,2918,4862,41200000,14435
3,206,4120000,4120000,2918,4862,4140000,1446
3,2060,41200000,41200000,2918,4862,41220000,14441
3,2061,41220000,41220000,2918,4862,41240000,14451
3,2062,41240000,41240000,2918,4862,41260000,14457
3,2063,41260000,41260000,2918,4862,41280000,14463
3,2064,41280000,41280000,2918,4862,41300000,14470
3,2065,41300000,41300000,2918,4862,41320000,14478
3,2066,41320000,41320000,2918,4862,41340000,14485
3,2067,41340000,41340000,2918,4862,41360000,14492
3,2068,41360000,41360000,2918,4862,41380000,14498
3,2069,41380000,41380000,2918,4862,41400000,14505
3,207,4140000,4140000,2918,4862,4160000,1454
3,2070,41400000,41400000,2918,4862,41420000,14514
3,2071,41420000,41420000,2918,4862,41440000,14519
3,2072,41440000,41440000,2918,4862,41460000,14526
3,2073,41460000,41460000,2918,4862,41480000,14534
3,2074,41480000,41480000,2918,4862,41500000,14541
3,2075,41500000,41500000,2918,4862,41520000,14548
3,2076,41520000,41520000,2918,4862,41540000,14555
3,2077,41540000,41540000,2918,4862,41560000,14561
3,2078,41560000,41560000,2918,4862,41580000,14568
3,2079,41580000,41580000,2918,4862,41600000,14577
3,208,4160000,4160000,2918,4862,4180000,1460
3,2080,41600000,41600000,2918,4862,41620000,14582
3,2081,41620000,41620000,2918,4862,41640000,14589
3,2082,41640000,41640000,2918,4862,41660000,14598
3,2083,41660000,41660000,2918,4862,41680000,14604
3,2084,41680000,41680000,2918,4862,41700000,14610
3,2085,41700000,41700000,2918,4862,41720000,14618
3,2086,41720000,41720000,2918,4862,41740000,14625
3,2087,41740000,41740000,2918,4862,41760000,14631
3,2088,41760000,41760000,2918,4862,41780000,14640
3,2089,41780000,41780000,2918,4862,41800000,14646
3,209,4180000,4180000,2918,4862,4200000,1466
3,2090,41800000,41800000,2918,4862,41820000,14652
3,2091,41820000,41820000,2918,4862,41840000,14660
3,2092,41840000,41840000,2918,4862,41860000,14667
3,2093,41860000,41860000,2918,4862,41880000,14674
3,2094,41880000,41880000,2918,4862,41900000,14681
3,2095,41900000,41900000,2918,4862,41920000,14687
3,2096,41920000,41920000,2918,4862,41940000,14695
3,2097,41940000,41940000,2918,4862,41960000,14703
3,2098,41960000,41960000,2918,4862,41980000,14708
3,2099,41980000,41980000,2918,4862,42000000,14715
3,21,420000,420000,2918,4862,440000,150
3,210,4200000,4200000,2918,4862,4220000,1475
3,2100,42000000,42000000,2918,4862,42020000,14724
3,2101,42020000,42020000,2918,4862,42040000,14730
3,2102,42040000,42040000,2918,4862,42060000,14736
3,2103,42060000,42060000,2918,4862,42080000,14746
3,2104,42080000,42080000,2918,4862,42100000,14751
3,2105,42100000,42100000,2918,4862,42120000,14757
3,2106,42120000,42120000,2918,4862,42140000,14765
3,2107,42140000,42140000,2918,4862,42160000,14772
3,2108,42160000,42160000,2918,4862,42180000,14779
3,2109,42180000,42180000,2918,4862,42200000,14786
3,211,4220000,4220000,2918,4862,4240000,1481
3,2110,42200000,42200000,2918,4862,42220000,14793
3,2111,42220000,42220000,2918,4862,42240000,14800
3,2112,42240000,42240000,2918,4862,42260000,14808
3,2113,42260000,42260000,2918,4862,42280000,14813
3,2114,42280000,42280000,2918,4862,42300000,14820
3,2115,42300000,42300000,2918,4862,42320000,14829
3,2116,42320000,42320000,2918,4862,42340000,14835
3,2117,42340000,42340000,2918,4862,42360000,14842
3,2118,42360000,42360000,2918,4862,42380000,14850
3,2119,42380000,42380000,2918,4862,42400000,14856
3,212,4240000,4240000,2918,4862,4260000,1488
3,2120,42400000,42400000,2918,4862,42420000,14863
3,2121,42420000,42420000,2918,4862,42440000,14871
3,2122,42440000,42440000,2918,4862,42460000,14877
3,2123,42460000,42460000,2918,4862,42480000,14883
3,2124,42480000,42480000,2918,4862,42500000,14892
3,2125,42500000,42500000,2918,4862,42520000,14898
3,2126,42520000,42520000,2918,4862,42540000,14905
3,2127,42540000,42540000,2918,4862,42560000,14912
3,2128,42560000,42560000,2918,4862,42580000,14919
3,2129,42580000,42580000,2918,4862,42600000,14926
3,213,4260000,4260000,2918,4862,4280000,1497
3,2130,42600000,42600000,2918,4862,42620000,14934
3,2131,42620000,42620000,2918,4862,42640000,14940
3,2132,42640000,42640000,2918,4862,42660000,14946
3,2133,42660000,42660000,2918,4862,42680000,14956
3,2134,42680000,42680000,2918,4862,42700000,14961
3,2135,42700000,42700000,2918,4862,42720000,14968
3,2136,42720000,42720000,2918,4862,42740000,14975
3,2137,42740000,42740000,2918,4862,42760000,14983
3,2138,42760000,42760000,2918,4862,42780000,14990
3,2139,42780000,42780000,2918,4862,42800000,14997
3,214,4280000,4280000,2918,4862,4300000,1502
3,2140,42800000,42800000,2918,4862,42820000,15002
3,2141,42820000,42820000,2918,4862,42840000,15009
3,2142,42840000,42840000,2918,4862,42860000,15019
3,2143,42860000,42860000,2918,4862,42880000,15024
3,2144,42880000,42880000,2918,4862,42900000,15030
3,2145,42900000,42900000,2918,4862,42920000,15039
3,2146,42920000,42920000,2918,4862,42940000,15046
3,2147,42940000,42940000,2918,4862,42960000,15052
3,2148,42960000,42960000,2918,4862,42980000,15060
3,2149,42980000,42980000,2918,4862,43000000,15066
3,215,4300000,4300000,2918,4862,4320000,1508
3,2150,43000000,43000000,2918,4862,43020000,15073
3,2151,43020000,43020000,2918,4862,43040000,15081
3,2152,43040000,43040000,2918,4862,43060000,15088
3,2153,43060000,43060000,2918,4862,43080000,15094
3,2154,43080000,43080000,2918,4862,43100000,15102
3,2155,43100000,43100000,2918,4862,43120000,15108
3,2156,43120000,43120000,2918,4862,43140000,15116
3,2157,43140000,43140000,2918,4862,43160000,15123
3,2158,43160000,43160000,2918,4862,43180000,15128
3,2159,43180000,43180000,2918,4862,43200000,15136
3,216,4320000,4320000,2918,4862,4340000,1517
3,2160,43200000,43200000,2918,4862,43220000,15145
3,2161,43220000,43220000,2918,4862,43240000,15150
3,2162,43240000,43240000,2918,4862,43260000,15156
3,2163,43260000,43260000,2918,4862,43280000,15166
3,2164,43280000,43280000,2918,4862,43300000,15172
3,2165,43300000,43300000,2918,4862,43320000,15178
3,2166,43320000,43320000,2918,4862,43340000,15186
3,2167,43340000,43340000,2918,4862,43360000,15193
3,2168,43360000,43360000,2918,4862,43380000,15199
3,2169,43380000,43380000,2918,4862,43400000,15207
3,217,4340000,4340000,2918,4862,4360000,1524
3,2170,43400000,43400000,2918,4862,43420000,15213
3,2171,43420000,43420000,2918,4862,43440000,15221
3,2172,43440000,43440000,2918,4862,43460000,15228
3,2173,43460000,43460000,2918,4862,43480000,15235
3,2174,43480000,43480000,2918,4862,43500000,15241
3,2175,43500000,43500000,2918,4862,43520000,15249
3,2176,43520000,43520000,2918,4862,43540000,15255
3,2177,43540000,43540000,2918,4862,43560000,15262
3,2178,43560000,43560000,2918,4862,43580000,15271
3,2179,43580000,43580000,2918,4862,43600000,15276
3,218,4360000,4360000,2918,4862,4380000,1530
3,2180,43600000,43600000,2918,4862,43620000,15284
3,2181,43620000,43620000,2918,4862,43640000,15291
3,2182,43640000,43640000,2918,4862,43660000,15298
3,2183,43660000,43660000,2918,4862,43680000,15304
3,2184,43680000,43680000,2918,4862,43700000,15313
3,2185,43700000,43700000,2918,4862,43720000,15318
3,2186,43720000,43720000,2918,4862,43740000,15325
3,2187,43740000,43740000,2918,4862,43760000,15334
3,2188,43760000,43760000,2918,4862,43780000,15340
3,2189,43780000,43780000,2918,4862,43800000,15346
3,219,4380000,4380000,2918,4862,4400000,1537
3,2190,43800000,43800000,2918,4862,43820000,15354
3,2191,43820000,43820000,2918,4862,43840000,15361
3,2192,43840000,43840000,2918,4862,43860000,15367
3,2193,43860000,43860000,2918,4862,43880000,15376
3,2194,43880000,43880000,2918,4862,43900000,15382
3,2195,43900000,43900000,2918,4862,43920000,15388
3,2196,43920000,43920000,2918,4862,43940000,15396
3,2197,43940000,43940000,2918,4862,43960000,15403
3,2198,43960000,43960000,2918,4862,43980000,15410
3,2199,43980000,43980000,2918,4862,44000000,15417
3,22,440000,440000,2918,4862,460000,157
3,220,4400000,4400000,2918,4862,4420000,1544
3,2200,44000000,44000000,2918,4862,44020000,15423
3,2201,44020000,44020000,2918,4862,44040000,15432
3,2202,44040000,44040000,2918,4862,44060000,15439
3,2203,44060000,44060000,2918,4862,44080000,15444
3,2204,44080000,44080000,2918,4862,44100000,15450
3,2205,44100000,44100000,2918,4862,44120000,15461
3,2206,44120000,44120000,2918,4862,44140000,15466
3,2207,44140000,44140000,2918,4862,44160000,15472
3,2208,44160000,44160000,2918,4862,44180000,15481
3,2209,44180000,44180000,2918,4862,44200000,15487
3,221,4420000,4420000,2918,4862,4440000,1552
3,2210,44200000,44200000,2918,4862,44220000,15494
3,2211,44220000,44220000,2918,4862,44240000,15501
3,2212,44240000,44240000,2918,4862,44260000,15508
3,2213,44260000,44260000,2918,4862,44280000,15514
3,2214,44280000,44280000,2918,4862,44300000,15523
3,2215,44300000,44300000,2918,4862,44320000,15529
3,2216,44320000,44320000,2918,4862,44340000,15536
3,2217,44340000,44340000,2918,4862,44360000,15543
3,2218,44360000,44360000,2918,4862,44380000,15550
3,2219,44380000,44380000,2918,4862,44400000,15557
3,222,4440000,4440000,2918,4862,4460000,1559
3,2220,44400000,44400000,2918,4862,44420000,15565
3,2221,44420000,44420000,2918,4862,44440000,15570
3,2222,44440000,44440000,2918,4862,44460000,15578
3,2223,44460000,44460000,2918,4862,44480000,15587
3,2224,44480000,44480000,2918,4862,44500000,15592
3,2225,44500000,44500000,2918,4862,44520000,15598
3,2226,44520000,44520000,2918,4862,44540000,15606
3,2227,44540000,44540000,2918,4862,44560000,15614
3,2228,44560000,44560000,2918,4862,44580000,15620
3,2229,44580000,44580000,2918,4862,44600000,15628
3,223,4460000,4460000,2918,4862,4480000,1564
3,2230,44600000,44600000,2918,4862,44620000,15633
3,2231,44620000,44620000,2918,4862,44640000,15641
3,2232,44640000,44640000,2918,4862,44660000,15649
3,2233,44660000,44660000,2918,4862,44680000,15655
3,2234,44680000,44680000,2918,4862,44700000,15661
3,2235,44700000,44700000,2918,4862,44720000,15670
3,2236,44720000,44720000,2918,4862,44740000,15677
3,2237,44740000,44740000,2918,4862,44760000,15683
3,2238,44760000,44760000,2918,4862,44780000,15691
3,2239,44780000,44780000,2918,4862,44800000,15697
3,224,4480000,4480000,2918,4862,4500000,1571
3,2240,44800000,44800000,2918,4862,44820000,15704
3,2241,44820000,44820000,2918,4862,44840000,15712
3,2242,44840000,44840000,2918,4862,44860000,15718
3,2243,44860000,44860000,2918,4862,44880000,15725
3,2244,44880000,44880000,2918,4862,44900000,15733
3,2245,44900000,44900000,2918,4862,44920000,15739
3,2246,44920000,44920000,2918,4862,44940000,15746
3,2247,44940000,44940000,2918,4862,44960000,15754
3,2248,44960000,44960000,2918,4862,44980000,15760
3,2249,44980000,44980000,2918,4862,45000000,15766
3,225,4500000,4500000,2918,4862,4520000,1581
3,2250,45000000,45000000,2918,4862,45020000,15776
3,2251,45020000,45020000,2918,4862,45040000,15781
3,2252,45040000,45040000,2918,4862,45060000,15788
3,2253,45060000,45060000,2918,4862,45080000,15796
3,2254,45080000,45080000,2918,4862,45100000,15803
3,2255,45100000,45100000,2918,4862,45120000,15809
3,2256,45120000,45120000,2918,4862,45140000,15817
3,2257,45140000,45140000,2918,4862,45160000,15824
3,2258,45160000,45160000,2918,4862,45180000,15830
3,2259,45180000,45180000,2918,4862,45200000,15838
3,226,4520000,4520000,2918,4862,4540000,1586
3,2260,45200000,45200000,2918,4862,45220000,15843
3,2261,45220000,45220000,2918,4862,45240000,15852
3,2262,45240000,45240000,2918,4862,45260000,15859
3,2263,45260000,45260000,2918,4862,45280000,15865
3,2264,45280000,45280000,2918,4862,45300000,15872
3,2265,45300000,45300000,2918,4862,45320000,15881
3,2266,45320000,45320000,2918,4862,45340000,15886
3,2267,45340000,45340000,2918,4862,45360000,15892
3,2268,45360000,45360000,2918,4862,45380000,15902
3,2269,45380000,45380000,2918,4862,45400000,15908
3,227,4540000,4540000,2918,4862,4560000,1593
3,2270,45400000,45400000,2918,4862,45420000,15914
3,2271,45420000,45420000,2918,4862,45440000,15922
3,2272,45440000,45440000,2918,4862,45460000,15929
3,2273,45460000,45460000,2918,4862,45480000,15936
3,2274,45480000,45480000,2918,4862,45500000,15943
3,2275,45500000,45500000,2918,4862,45520000,15949
3,2276,45520000,45520000,2918,4862,45540000,15956
3,2277,45540000,45540000,2918,4862,45560000,15964
3,2278,45560000,45560000,2918,4862,45580000,15971
3,2279,45580000,45580000,2918,4862,45600000,15977
3,228,4560000,4560000,2918,4862,4580000,1601
3,2280,45600000,45600000,2918,4862,45620000,15985
3,2281,45620000,45620000,2918,4862,45640000,15991
3,2282,45640000,45640000,2918,4862,45660000,15999
3,2283,45660000,45660000,2918,4862,45680000,16007
3,2284,45680000,45680000,2918,4862,45700000,16012
3,2285,45700000,45700000,2918,4862,45720000,16019
3,2286,45720000,45720000,2918,4862,45740000,16028
3,2287,45740000,45740000,2918,4862,45760000,16034
3,2288,45760000,45760000,2918,4862,45780000,16040
3,2289,45780000,45780000,2918,4862,45800000,16048
3,229,4580000,4580000,2918,4862,4600000,1608
3,2290,45800000,45800000,2918,4862,45820000,16055
3,2291,45820000,45820000,2918,4862,45840000,16062
3,2292,45840000,45840000,2918,4862,45860000,16070
3,2293,45860000,45860000,2918,4862,45880000,16075
3,2294,45880000,45880000,2918,4862,45900000,16081
3,2295,45900000,45900000,2918,4862,45920000,16091
3,2296,45920000,45920000,2918,4862,45940000,16097
3,2297,45940000,45940000,2918,4862,45960000,16103
3,2298,45960000,45960000,2918,4862,45980000,16111
3,2299,45980000,45980000,2918,4862,46000000,16119
3,23,460000,460000,2918,4862,480000,163
3,230,4600000,4600000,2918,4862,4620000,1614
3,2300,46000000,46000000,2918,4862,46020000,16125
3,2301,46020000,46020000,2918,4862,46040000,16132
3,2302,46040000,46040000,2918,4862,46060000,16138
3,2303,46060000,46060000,2918,4862,46080000,16146
3,2304,46080000,46080000,2918,4862,46100000,16154
3,2305,46100000,46100000,2918,4862,46120000,16159
3,2306,46120000,46120000,2918,4862,46140000,16167
3,2307,46140000,46140000,2918,4862,46160000,16175
3,2308,46160000,46160000,2918,4862,46180000,16181
3,2309,46180000,46180000,2918,4862,46200000,16187
3,231,4620000,4620000,2918,4862,4640000,1622
3,2310,46200000,46200000,2918,4862,46220000,16196
3,2311,46220000,46220000,2918,4862,46240000,16201
3,2312,46240000,46240000,2918,4862,46260000,16208
3,2313,46260000,46260000,2918,4862,46280000,16218
3,2314,46280000,46280000,2918,4862,46300000,16223
3,2315,46300000,46300000,2918,4862,46320000,16229
3,2316,46320000,46320000,2918,4862,46340000,16237
3,2317,46340000,46340000,2918,4862,46360000,16245
3,2318,46360000,46360000,2918,4862,46380000,16251
3,2319,46380000,46380000,2918,4862,46400000,16258
3,232,4640000,4640000,2918,4862,4660000,1628
3,2320,46400000,46400000,2918,4862,46420000,16265
3,2321,46420000,46420000,2918,4862,46440000,16272
3,2322,46440000,46440000,2918,4862,46460000,16280
3,2323,46460000,46460000,2918,4862,46480000,16285
3,2324,46480000,46480000,2918,4862,46500000,16293
3,2325,46500000,46500000,2918,4862,46520000,16301
3,2326,46520000,46520000,2918,4862,46540000,16307
3,2327,46540000,46540000,2918,4862,46560000,16314
3,2328,46560000,46560000,2918,4862,46580000,16322
3,2329,46580000,46580000,2918,4862,46600000,16328
3,233,4660000,4660000,2918,4862,4680000,1635
3,2330,46600000,46600000,2918,4862,46620000,16334
3,2331,46620000,46620000,2918,4862,46640000,16343
3,2332,46640000,46640000,2918,4862,46660000,16349
3,2333,46660000,46660000,2918,4862,46680000,16356
3,2334,46680000,46680000,2918,4862,46700000,16364
3,2335,46700000,46700000,2918,4862,46720000,16370
3,2336,46720000,46720000,2918,4862,46740000,16377
3,2337,46740000,46740000,2918,4862,46760000,16385
3,2338,46760000,46760000,2918,4862,46780000,16391
3,2339,46780000,46780000,2918,4862,46800000,16397
3,234,4680000,4680000,2918,4862,4700000,1644
3,2340,46800000,46800000,2918,4862,46820000,16406
3,2341,46820000,46820000,2918,4862,46840000,16413
3,2342,46840000,46840000,2918,4862,46860000,16419
3,2343,46860000,46860000,2918,4862,46880000,16427
3,2344,46880000,46880000,2918,4862,46900000,16433
3,2345,46900000,46900000,2918,4862,46920000,16440
3,2346,46920000,46920000,2918,4862,46940000,16448
3,2347,46940000,46940000,2918,4862,46960000,16454
3,2348,46960000,46960000,2918,4862,46980000,16461
3,2349,46980000,46980000,2918,4862,47000000,16469
3,235,4700000,4700000,2918,4862,4720000,1649
3,2350,47000000,47000000,2918,4862,47020000,16475
3,2351,47020000,47020000,2918,4862,47040000,16482
3,2352,47040000,47040000,2918,4862,47060000,16490
3,2353,47060000,47060000,2918,4862,47080000,16496
3,2354,47080000,47080000,2918,4862,47100000,16503
3,2355,47100000,47100000,2918,4862,47120000,16512
3,2356,47120000,47120000,2918,4862,47140000,16517
3,2357,47140000,47140000,2918,4862,47160000,16523
3,2358,47160000,47160000,2918,4862,47180000,16533
3,2359,47180000,47180000,2918,4862,47200000,16539
3,236,4720000,4720000,2918,4862,4740000,1656
3,2360,47200000,47200000,2918,4862,47220000,16545
3,2361,47220000,47220000,2918,4862,47240000,16552
3,2362,47240000,47240000,2918,4862,47260000,16560
3,2363,47260000,47260000,2918,4862,47280000,16567
3,2364,47280000,47280000,2918,4862,47300000,16574
3,2365,47300000,47300000,2918,4862,47320000,16579
3,2366,47320000,47320000,2918,4862,47340000,16587
3,2367,47340000,47340000,2918,4862,47360000,16596
3,2368,47360000,47360000,2918,4862,47380000,16601
3,2369,47380000,47380000,2918,4862,47400000,16608
3,237,4740000,4740000,2918,4862,4760000,1663
3,2370,47400000,47400000,2918,4862,47420000,16616
3,2371,47420000,47420000,2918,4862,47440000,16623
3,2372,47440000,47440000,2918,4862,47460000,16629
3,2373,47460000,47460000,2918,4862,47480000,16638
3,2374,47480000,47480000,2918,4862,47500000,16643
3,2375,47500000,47500000,2918,4862,47520000,16650
3,2376,47520000,47520000,2918,4862,47540000,16659
3,2377,47540000,47540000,2918,4862,47560000,16665
3,2378,47560000,47560000,2918,4862,47580000,16671
3,2379,47580000,47580000,2918,4862,47600000,16678
3,238,4760000,4760000,2918,4862,4780000,1671
3,2380,47600000,47600000,2918,4862,47620000,16686
3,2381,47620000,47620000,2918,4862,47640000,16693
3,2382,47640000,47640000,2918,4862,47660000,16700
3,2383,47660000,47660000,2918,4862,47680000,16706
3,2384,47680000,47680000,2918,4862,47700000,16713
3,2385,47700000,47700000,2918,4862,47720000,16722
3,2386,47720000,47720000,2918,4862,47740000,16727
3,2387,47740000,47740000,2918,4862,47760000,16734
3,2388,47760000,47760000,2918,4862,47780000,16743
3,2389,47780000,47780000,2918,4862,47800000,16749
3,239,4780000,4780000,2918,4862,4800000,1677
3,2390,47800000,47800000,2918,4862,47820000,16756
3,2391,47820000,47820000,2918,4862,47840000,16763
3,2392,47840000,47840000,2918,4862,47860000,16770
3,2393,47860000,47860000,2918,4862,47880000,16776
3,2394,47880000,47880000,2918,4862,47900000,16785
3,2395,47900000,47900000,2918,4862,47920000,16790
3,2396,47920000,47920000,2918,4862,47940000,16797
3,2397,47940000,47940000,2918,4862,47960000,16806
3,2398,47960000,47960000,2918,4862,47980000,16812
3,2399,47980000,47980000,2918,4862,48000000,16818
3,24,480000,480000,2918,4862,500000,171
3,240,4800000,4800000,2918,4862,4820000,1685
3,2400,48000000,48000000,2918,4862,48020000,16826
3,2401,48020000,48020000,2918,4862,48040000,16833
3,2402,48040000,48040000,2918,4862,48060000,16839
3,2403,48060000,48060000,2918,4862,48080000,16848
3,2404,48080000,48080000,2918,4862,48100000,16854
3,2405,48100000,48100000,2918,4862,48120000,16861
3,2406,48120000,48120000,2918,4862,48140000,16868
3,2407,48140000,48140000,2918,4862,48160000,16875
3,2408,48160000,48160000,2918,4862,48180000,16882
3,2409,48180000,48180000,2918,4862,48200000,16890
3,241,4820000,4820000,2918,4862,4840000,1691
3,2410,48200000,48200000,2918,4862,48220000,16895
3,2411,48220000,48220000,2918,4862,48240000,16903
3,2412,48240000,48240000,2918,4862,48260000,16911
3,2413,48260000,48260000,2918,4862,48280000,16916
3,2414,48280000,48280000,2918,4862,48300000,16923
3,2415,48300000,48300000,2918,4862,48320000,16932
3,2416,48320000,48320000,2918,4862,48340000,16938
3,2417,48340000,48340000,2918,4862,48360000,16944
3,2418,48360000,48360000,2918,4862,48380000,16954
3,2419,48380000,48380000,2918,4862,48400000,16959
3,242,4840000,4840000,2918,4862,4860000,1698
3,2420,48400000,48400000,2918,4862,48420000,16965
3,2421,48420000,48420000,2918,4862,48440000,16973
3,2422,48440000,48440000,2918,4862,48460000,16981
3,2423,48460000,48460000,2918,4862,48480000,16987
3,2424,48480000,48480000,2918,4862,48500000,16994
3,2425,48500000,48500000,2918,4862,48520000,17001
3,2426,48520000,48520000,2918,4862,48540000,17009
3,2427,48540000,48540000,2918,4862,48560000,17016
3,2428,48560000,48560000,2918,4862,48580000,17021
3,2429,48580000,48580000,2918,4862,48600000,17028
3,243,4860000,4860000,2918,4862,4880000,1707
3,2430,48600000,48600000,2918,4862,48620000,17037
3,2431,48620000,48620000,2918,4862,48640000,17043
3,2432,48640000,48640000,2918,4862,48660000,17050
3,2433,48660000,48660000,2918,4862,48680000,17058
3,2434,48680000,48680000,2918,4862,48700000,17064
3,2435,48700000,48700000,2918,4862,48720000,17071
3,2436,48720000,48720000,2918,4862,48740000,17079
3,2437,48740000,48740000,2918,4862,48760000,17085
3,2438,48760000,48760000,2918,4862,48780000,17091
3,2439,48780000,48780000,2918,4862,48800000,17101
3,244,4880000,4880000,2918,4862,4900000,1712
3,2440,48800000,48800000,2918,4862,48820000,17106
3,2441,48820000,48820000,2918,4862,48840000,17113
3,2442,48840000,48840000,2918,4862,48860000,17120
3,2443,48860000,48860000,2918,4862,48880000,17128
3,2444,48880000,48880000,2918,4862,48900000,17134
3,2445,48900000,48900000,2918,4862,48920000,17142
3,2446,48920000,48920000,2918,4862,48940000,17148
3,2447,48940000,48940000,2918,4862,48960000,17154
3,2448,48960000,48960000,2918,4862,48980000,17164
3,2449,48980000,48980000,2918,4862,49000000,17169
3,245,4900000,4900000,2918,4862,4920000,1719
3,2450,49000000,49000000,2918,4862,49020000,17176
3,2451,49020000,49020000,2918,4862,49040000,17183
3,2452,49040000,49040000,2918,4862,49060000,17191
3,2453,49060000,49060000,2918,4862,49080000,17198
3,2454,49080000,49080000,2918,4862,49100000,17205
3,2455,49100000,49100000,2918,4862,49120000,17210
3,2456,49120000,49120000,2918,4862,49140000,17218
3,2457,49140000,49140000,2918,4862,49160000,17227
3,2458,49160000,49160000,2918,4862,49180000,17232
3,2459,49180000,49180000,2918,4862,49200000,17238
3,246,4920000,4920000,2918,4862,4940000,1727
3,2460,49200000,49200000,2918,4862,49220000,17248
3,2461,49220000,49220000,2918,4862,49240000,17254
3,2462,49240000,49240000,2918,4862,49260000,17260
3,2463,49260000,49260000,2918,4862,49280000,17268
3,2464,49280000,49280000,2918,4862,49300000,17274
3,2465,49300000,49300000,2918,4862,49320000,17281
3,2466,49320000,49320000,2918,4862,49340000,17289
3,2467,49340000,49340000,2918,4862,49360000,17296
3,2468,49360000,49360000,2918,4862,49380000,17302
3,2469,49380000,49380000,2918,4862,49400000,17310
3,247,4940000,4940000,2918,4862,4960000,1734
3,2470,49400000,49400000,2918,4862,49420000,17316
3,2471,49420000,49420000,2918,4862,49440000,17324
3,2472,49440000,49440000,2918,4862,49460000,17331
3,2473,49460000,49460000,2918,4862,49480000,17337
3,2474,49480000,49480000,2918,4862,49500000,17344
3,2475,49500000,49500000,2918,4862,49520000,17353
3,2476,49520000,49520000,2918,4862,49540000,17358
3,2477,49540000,49540000,2918,4862,49560000,17365
3,2478,49560000,49560000,2918,4862,49580000,17374
3,2479,49580000,49580000,2918,4862,49600000,17380
3,248,4960000,4960000,2918,4862,4980000,1741
3,2480,49600000,49600000,2918,4862,49620000,17386
3,2481,49620000,49620000,2918,4862,49640000,17394
3,2482,49640000,49640000,2918,4862,49660000,17401
3,2483,49660000,49660000,2918,4862,49680000,17407
3,2484,49680000,49680000,2918,4862,49700000,17415
3,2485,49700000,49700000,2918,4862,49720000,17421
3,2486,49720000,49720000,2918,4862,49740000,17429
3,2487,49740000,49740000,2918,4862,49760000,17436
3,2488,49760000,49760000,2918,4862,49780000,17443
3,2489,49780000,49780000,2918,4862,49800000,17449
3,249,4980000,4980000,2918,4862,5000000,1748
3,2490,49800000,49800000,2918,4862,49820000,17458
3,2491,49820000,49820000,2918,4862,49840000,17463
3,2492,49840000,49840000,2918,4862,49860000,17470
3,2493,49860000,49860000,2918,4862,49880000,17479
3,2494,49880000,49880000,2918,4862,49900000,17485
3,2495,49900000,49900000,2918,4862,49920000,17492
3,2496,49920000,49920000,2918,4862,49940000,17499
3,2497,49940000,49940000,2918,4862,49960000,17506
3,2498,49960000,49960000,2918,4862,49980000,17512
3,2499,49980000,49980000,2918,4862,50000000,17521
3,25,500000,500000,2918,4862,520000,177
3,250,5000000,5000000,2918,4862,5020000,1754
3,2500,50000000,50000000,2918,4862,50020000,17526
3,2501,50020000,50020000,2918,4862,50040000,17533
3,2502,50040000,50040000,2918,4862,50060000,17542
3,2503,50060000,50060000,2918,4862,50080000,17548
3,2504,50080000,50080000,2918,4862,50100000,17554
3,2505,50100000,50100000,2918,4862,50120000,17562
3,2506,50120000,50120000,2918,4862,50140000,17569
3,2507,50140000,50140000,2918,4862,50160000,17576
3,2508,50160000,50160000,2918,4862,50180000,17584
3,2509,50180000,50180000,2918,4862,50200000,17590
3,251,5020000,5020000,2918,4862,5040000,1761
3,2510,50200000,50200000,2918,4862,50220000,17596
3,2511,50220000,50220000,2918,4862,50240000,17605
3,2512,50240000,50240000,2918,4862,50260000,17611
3,2513,50260000,50260000,2918,4862,50280000,17618
3,2514,50280000,50280000,2918,4862,50300000,17625
3,2515,50300000,50300000,2918,4862,50320000,17631
3,2516,50320000,50320000,2918,4862,50340000,17640
3,2517,50340000,50340000,2918,4862,50360000,17647
3,2518,50360000,50360000,2918,4862,50380000,17652
3,2519,50380000,50380000,2918,4862,50400000,17658
3,252,5040000,5040000,2918,4862,5060000,1770
3,2520,50400000,50400000,2918,4862,50420000,17669
3,2521,50420000,50420000,2918,4862,50440000,17674
3,2522,50440000,50440000,2918,4862,50460000,17680
3,2523,50460000,50460000,2918,4862,50480000,17689
3,2524,50480000,50480000,2918,4862,50500000,17696
3,2525,50500000,50500000,2918,4862,50520000,17702
3,2526,50520000,50520000,2918,4862,50540000,17709
3,2527,50540000,50540000,2918,4862,50560000,17716
3,2528,50560000,50560000,2918,4862,50580000,17723
3,2529,50580000,50580000,2918,4862,50600000,17731
3,253,5060000,5060000,2918,4862,5080000,1775
3,2530,50600000,50600000,2918,4862,50620000,17737
3,2531,50620000,50620000,2918,4862,50640000,17744
3,2532,50640000,50640000,2918,4862,50660000,17751
3,2533,50660000,50660000,2918,4862,50680000,17758
3,2534,50680000,50680000,2918,4862,50700000,17765
3,2535,50700000,50700000,2918,4862,50720000,17773
3,2536,50720000,50720000,2918,4862,50740000,17778
3,2537,50740000,50740000,2918,4862,50760000,17786
3,2538,50760000,50760000,2918,4862,50780000,17795
3,2539,50780000,50780000,2918,4862,50800000,17800
3,254,5080000,5080000,2918,4862,5100000,1781
3,2540,50800000,50800000,2918,4862,50820000,17806
3,2541,50820000,50820000,2918,4862,50840000,17815
3,2542,50840000,50840000,2918,4862,50860000,17822
3,2543,50860000,50860000,2918,4862,50880000,17828
3,2544,50880000,50880000,2918,4862,50900000,17836
3,2545,50900000,50900000,2918,4862,50920000,17842
3,2546,50920000,50920000,2918,4862,50940000,17849
3,2547,50940000,50940000,2918,4862,50960000,17857
3,2548,50960000,50960000,2918,4862,50980000,17863
3,2549,50980000,50980000,2918,4862,51000000,17869
3,255,5100000,5100000,2918,4862,5120000,1791
3,2550,51000000,51000000,2918,4862,51020000,17878
3,2551,51020000,51020000,2918,4862,51040000,17885
3,2552,51040000,51040000,2918,4862,51060000,17891
3,2553,51060000,51060000,2918,4862,51080000,17899
3,2554,51080000,51080000,2918,4862,51100000,17905
3,2555,51100000,51100000,2918,4862,51120000,17912
3,2556,51120000,51120000,2918,4862,51140000,17920
3,2557,51140000,51140000,2918,4862,51160000,17926
3,2558,51160000,51160000,2918,4862,51180000,17934
3,2559,51180000,51180000,2918,4862,51200000,17941
3,256,5120000,5120000,2918,4862,5140000,1797
3,2560,51200000,51200000,2918,4862,51220000,17947
3,2561,51220000,51220000,2918,4862,51240000,17954
3,2562,51240000,51240000,2918,4862,51260000,17963
3,2563,51260000,51260000,2918,4862,51280000,17968
3,2564,51280000,51280000,2918,4862,51300000,17974
3,2565,51300000,51300000,2918,4862,51320000,17984
3,2566,51320000,51320000,2918,4862,51340000,17989
3,2567,51340000,51340000,2918,4862,51360000,17996
3,2568,51360000,51360000,2918,4862,51380000,18004
3,2569,51380000,51380000,2918,4862,51400000,18011
3,257,5140000,5140000,2918,4862,5160000,1803
3,2570,51400000,51400000,2918,4862,51420000,18017
3,2571,51420000,51420000,2918,4862,51440000,18025
3,2572,51440000,51440000,2918,4862,51460000,18032
3,2573,51460000,51460000,2918,4862,51480000,18038
3,2574,51480000,51480000,2918,4862,51500000,18046
3,2575,51500000,51500000,2918,4862,51520000,18052
3,2576,51520000,51520000,2918,4862,51540000,18060
3,2577,51540000,51540000,2918,4862,51560000,18067
3,2578,51560000,51560000,2918,4862,51580000,18073
3,2579,51580000,51580000,2918,4862,51600000,18081
3,258,5160000,5160000,2918,4862,5180000,1811
3,2580,51600000,51600000,2918,4862,51620000,18089
3,2581,51620000,51620000,2918,4862,51640000,18094
3,2582,51640000,51640000,2918,4862,51660000,18100
3,2583,51660000,51660000,2918,4862,51680000,18110
3,2584,51680000,51680000,2918,4862,51700000,18116
3,2585,51700000,51700000,2918,4862,51720000,18122
3,2586,51720000,51720000,2918,4862,51740000,18130
3,2587,51740000,51740000,2918,4862,51760000,18137
3,2588,51760000,51760000,2918,4862,51780000,18144
3,2589,51780000,51780000,2918,4862,51800000,18151
3,259,5180000,5180000,2918,4862,5200000,1818
3,2590,51800000,51800000,2918,4862,51820000,18157
3,2591,51820000,51820000,2918,4862,51840000,18164
3,2592,51840000,51840000,2918,4862,51860000,18173
3,2593,51860000,51860000,2918,4862,51880000,18179
3,2594,51880000,51880000,2918,4862,51900000,18185
3,2595,51900000,51900000,2918,4862,51920000,18193
3,2596,51920000,51920000,2918,4862,51940000,18200
3,2597,51940000,51940000,2918,4862,51960000,18207
3,2598,51960000,51960000,2918,4862,51980000,18215
3,2599,51980000,51980000,2918,4862,52000000,18220
3,26,520000,520000,2918,4862,540000,184
3,260,5200000,5200000,2918,4862,5220000,1824
3,2600,52000000,52000000,2918,4862,52020000,18227
3,2601,52020000,52020000,2918,4862,52040000,18236
3,2602,52040000,52040000,2918,4862,52060000,18242
3,2603,52060000,52060000,2918,4862,52080000,18248
3,2604,52080000,52080000,2918,4862,52100000,18256
3,2605,52100000,52100000,2918,4862,52120000,18263
3,2606,52120000,52120000,2918,4862,52140000,18270
3,2607,52140000,52140000,2918,4862,52160000,18278
3,2608,52160000,52160000,2918,4862,52180000,18283
3,2609,52180000,52180000,2918,4862,52200000,18290
3,261,5220000,5220000,2918,4862,5240000,1832
3,2610,52200000,52200000,2918,4862,52220000,18299
3,2611,52220000,52220000,2918,4862,52240000,18305
3,2612,52240000,52240000,2918,4862,52260000,18311
3,2613,52260000,52260000,2918,4862,52280000,18320
3,2614,52280000,52280000,2918,4862,52300000,18327
3,2615,52300000,52300000,2918,4862,52320000,18333
3,2616,52320000,52320000,2918,4862,52340000,18340
3,2617,52340000,52340000,2918,4862,52360000,18346
3,2618,52360000,52360000,2918,4862,52380000,18354
3,2619,52380000,52380000,2918,4862,52400000,18362
3,262,5240000,5240000,2918,4862,5260000,1839
3,2620,52400000,52400000,2918,4862,52420000,18367
3,2621,52420000,52420000,2918,4862,52440000,18375
3,2622,52440000,52440000,2918,4862,52460000,18383
3,2623,52460000,52460000,2918,4862,52480000,18389
3,2624,52480000,52480000,2918,4862,52500000,18395
3,2625,52500000,52500000,2918,4862,52520000,18404
3,2626,52520000,52520000,2918,4862,52540000,18410
3,2627,52540000,52540000,2918,4862,52560000,18416
3,2628,52560000,52560000,2918,4862,52580000,18426
3,2629,52580000,52580000,2918,4862,52600000,18431
3,263,5260000,5260000,2918,4862,5280000,1846
3,2630,52600000,52600000,2918,4862,52620000,18438
3,2631,52620000,52620000,2918,4862,52640000,18445
3,2632,52640000,52640000,2918,4862,52660000,18453
3,2633,52660000,52660000,2918,4862,52680000,18459
3,2634,52680000,52680000,2918,4862,52700000,18466
3,2635,52700000,52700000,2918,4862,52720000,18473
3,2636,52720000,52720000,2918,4862,52740000,18480
3,2637,52740000,52740000,2918,4862,52760000,18488
3,2638,52760000,52760000,2918,4862,52780000,18493
3,2639,52780000,52780000,2918,4862,52800000,18501
3,264,5280000,5280000,2918,4862,5300000,1853
3,2640,52800000,52800000,2918,4862,52820000,18509
3,2641,52820000,52820000,2918,4862,52840000,18515
3,2642,52840000,52840000,2918,4862,52860000,18522
3,2643,52860000,52860000,2918,4862,52880000,18531
3,2644,52880000,52880000,2918,4862,52900000,18536
3,2645,52900000,52900000,2918,4862,52920000,18542
3,2646,52920000,52920000,2918,4862,52940000,18551
3,2647,52940000,52940000,2918,4862,52960000,18558
3,2648,52960000,52960000,2918,4862,52980000,18564
3,2649,52980000,52980000,2918,4862,53000000,18572
3,265,5300000,5300000,2918,4862,5320000,1859
3,2650,53000000,53000000,2918,4862,53020000,18578
3,2651,53020000,53020000,2918,4862,53040000,18585
3,2652,53040000,53040000,2918,4862,53060000,18593
3,2653,53060000,53060000,2918,4862,53080000,18599
3,2654,53080000,53080000,2918,4862,53100000,18605
3,2655,53100000,53100000,2918,4862,53120000,18614
3,2656,53120000,53120000,2918,4862,53140000,18621
3,2657,53140000,53140000,2918,4862,53160000,18627
3,2658,53160000,53160000,2918,4862,53180000,18635
3,2659,53180000,53180000,2918,4862,53200000,18641
3,266,5320000,5320000,2918,4862,5340000,1867
3,2660,53200000,53200000,2918,4862,53220000,18649
3,2661,53220000,53220000,2918,4862,53240000,18656
3,2662,53240000,53240000,2918,4862,53260000,18662
3,2663,53260000,53260000,2918,4862,53280000,18669
3,2664,53280000,53280000,2918,4862,53300000,18678
3,2665,53300000,53300000,2918,4862,53320000,18683
3,2666,53320000,53320000,2918,4862,53340000,18690
3,2667,53340000,53340000,2918,4862,53360000,18698
3,2668,53360000,53360000,2918,4862,53380000,18704
3,2669,53380000,53380000,2918,4862,53400000,18711
3,267,5340000,5340000,2918,4862,5360000,1875
3,2670,53400000,53400000,2918,4862,53420000,18720
3,2671,53420000,53420000,2918,4862,53440000,18725
3,2672,53440000,53440000,2918,4862,53460000,18731
3,2673,53460000,53460000,2918,4862,53480000,18741
3,2674,53480000,53480000,2918,4862,53500000,18747
3,2675,53500000,53500000,2918,4862,53520000,18753
3,2676,53520000,53520000,2918,4862,53540000,18760
3,2677,53540000,53540000,2918,4862,53560000,18769
3,2678,53560000,53560000,2918,4862,53580000,18775
3,2679,53580000,53580000,2918,4862,53600000,18782
3,268,5360000,5360000,2918,4862,5380000,1880
3,2680,53600000,53600000,2918,4862,53620000,18787
3,2681,53620000,53620000,2918,4862,53640000,18796
3,2682,53640000,53640000,2918,4862,53660000,18804
3,2683,53660000,53660000,2918,4862,53680000,18809
3,2684,53680000,53680000,2918,4862,53700000,18816
3,2685,53700000,53700000,2918,4862,53720000,18824
3,2686,53720000,53720000,2918,4862,53740000,18831
3,2687,53740000,53740000,2918,4862,53760000,18837
3,2688,53760000,53760000,2918,4862,53780000,18846
3,2689,53780000,53780000,2918,4862,53800000,18851
3,269,5380000,5380000,2918,4862,5400000,1887
3,2690,53800000,53800000,2918,4862,53820000,18858
3,2691,53820000,53820000,2918,4862,53840000,18867
3,2692,53840000,53840000,2918,4862,53860000,18873
3,2693,53860000,53860000,2918,4862,53880000,18879
3,2694,53880000,53880000,2918,4862,53900000,18887
3,2695,53900000,53900000,2918,4862,53920000,18894
3,2696,53920000,53920000,2918,4862,53940000,18901
3,2697,53940000,53940000,2918,4862,53960000,18908
3,2698,53960000,53960000,2918,4862,53980000,18915
3,2699,53980000,53980000,2918,4862,54000000,18921
3,27,540000,540000,2918,4862,560000,192
3,270,5400000,5400000,2918,4862,5420000,1896
3,2700,54000000,54000000,2918,4862,54020000,18930
3,2701,54020000,54020000,2918,4862,54040000,18935
3,2702,54040000,54040000,2918,4862,54060000,18942
3,2703,54060000,54060000,2918,4862,54080000,18951
3,2704,54080000,54080000,2918,4862,54100000,18957
3,2705,54100000,54100000,2918,4862,54120000,18964
3,2706,54120000,54120000,2918,4862,54140000,18971
3,2707,54140000,54140000,2918,4862,54160000,18978
3,2708,54160000,54160000,2918,4862,54180000,18984
3,2709,54180000,54180000,2918,4862,54200000,18993
3,271,5420000,5420000,2918,4862,5440000,1901
3,2710,54200000,54200000,2918,4862,54220000,18998
3,2711,54220000,54220000,2918,4862,54240000,19006
3,2712,54240000,54240000,2918,4862,54260000,19014
3,2713,54260000,54260000,2918,4862,54280000,19020
3,2714,54280000,54280000,2918,4862,54300000,19026
3,2715,54300000,54300000,2918,4862,54320000,19035
3,2716,54320000,54320000,2918,4862,54340000,19041
3,2717,54340000,54340000,2918,4862,54360000,19047
3,2718,54360000,54360000,2918,4862,54380000,19056
3,2719,54380000,54380000,2918,4862,54400000,19062
3,272,5440000,5440000,2918,4862,5460000,1908
3,2720,54400000,54400000,2918,4862,54420000,19069
3,2721,54420000,54420000,2918,4862,54440000,19076
3,2722,54440000,54440000,2918,4862,54460000,19083
3,2723,54460000,54460000,2918,4862,54480000,19090
3,2724,54480000,54480000,2918,4862,54500000,19098
3,2725,54500000,54500000,2918,4862,54520000,19103
3,2726,54520000,54520000,2918,4862,54540000,19111
3,2727,54540000,54540000,2918,4862,54560000,19119
3,2728,54560000,54560000,2918,4862,54580000,19125
3,2729,54580000,54580000,2918,4862,54600000,19131
3,273,5460000,5460000,2918,4862,5480000,1917
3,2730,54600000,54600000,2918,4862,54620000,19140
3,2731,54620000,54620000,2918,4862,54640000,19146
3,2732,54640000,54640000,2918,4862,54660000,19153
3,2733,54660000,54660000,2918,4862,54680000,19162
3,2734,54680000,54680000,2918,4862,54700000,19167
3,2735,54700000,54700000,2918,4862,54720000,19173
3,2736,54720000,54720000,2918,4862,54740000,19181
3,2737,54740000,54740000,2918,4862,54760000,19189
3,2738,54760000,54760000,2918,4862,54780000,19195
3,2739,54780000,54780000,2918,4862,54800000,19202
3,274,5480000,5480000,2918,4862,5500000,1923
3,2740,54800000,54800000,2918,4862,54820000,19209
3,2741,54820000,54820000,2918,4862,54840000,19217
3,2742,54840000,54840000,2918,4862,54860000,19224
3,2743,54860000,54860000,2918,4862,54880000,19229
3,2744,54880000,54880000,2918,4862,54900000,19236
3,2745,54900000,54900000,2918,4862,54920000,19246
3,2746,54920000,54920000,2918,4862,54940000,19251
3,2747,54940000,54940000,2918,4862,54960000,19258
3,2748,54960000,54960000,2918,4862,54980000,19266
3,2749,54980000,54980000,2918,4862,55000000,19273
3,275,5500000,5500000,2918,4862,5520000,1929
3,2750,55000000,55000000,2918,4862,55020000,19279
3,2751,55020000,55020000,2918,4862,55040000,19287
3,2752,55040000,55040000,2918,4862,55060000,19293
3,2753,55060000,55060000,2918,4862,55080000,19299
3,2754,55080000,55080000,2918,4862,55100000,19309
3,2755,55100000,55100000,2918,4862,55120000,19314
3,2756,55120000,55120000,2918,4862,55140000,19321
3,2757,55140000,55140000,2918,4862,55160000,19328
3,2758,55160000,55160000,2918,4862,55180000,19336
3,2759,55180000,55180000,2918,4862,55200000,19342
3,276,5520000,5520000,2918,4862,5540000,1938
3,2760,55200000,55200000,2918,4862,55220000,19350
3,2761,55220000,55220000,2918,4862,55240000,19356
3,2762,55240000,55240000,2918,4862,55260000,19363
3,2763,55260000,55260000,2918,4862,55280000,19372
3,2764,55280000,55280000,2918,4862,55300000,19377
3,2765,55300000,55300000,2918,4862,55320000,19384
3,2766,55320000,55320000,2918,4862,55340000,19392
3,2767,55340000,55340000,2918,4862,55360000,19399
3,2768,55360000,55360000,2918,4862,55380000,19406
3,2769,55380000,55380000,2918,4862,55400000,19413
3,277,5540000,5540000,2918,4862,5560000,1944
3,2770,55400000,55400000,2918,4862,55420000,19418
3,2771,55420000,55420000,2918,4862,55440000,19426
3,2772,55440000,55440000,2918,4862,55460000,19435
3,2773,55460000,55460000,2918,4862,55480000,19440
3,2774,55480000,55480000,2918,4862,55500000,19446
3,2775,55500000,55500000,2918,4862,55520000,19456
3,2776,55520000,55520000,2918,4862,55540000,19462
3,2777,55540000,55540000,2918,4862,55560000,19468
3,2778,55560000,55560000,2918,4862,55580000,19476
3,2779,55580000,55580000,2918,4862,55600000,19483
3,278,5560000,5560000,2918,4862,5580000,1950
3,2780,55600000,55600000,2918,4862,55620000,19489
3,2781,55620000,55620000,2918,4862,55640000,19497
3,2782,55640000,55640000,2918,4862,55660000,19504
3,2783,55660000,55660000,2918,4862,55680000,19511
3,2784,55680000,55680000,2918,4862,55700000,19518
3,2785,55700000,55700000,2918,4862,55720000,19524
3,2786,55720000,55720000,2918,4862,55740000,19532
3,2787,55740000,55740000,2918,4862,55760000,19539
3,2788,55760000,55760000,2918,4862,55780000,19545
3,2789,55780000,55780000,2918,4862,55800000,19552
3,279,5580000,5580000,2918,4862,5600000,1958
3,2790,55800000,55800000,2918,4862,55820000,19561
3,2791,55820000,55820000,2918,4862,55840000,19566
3,2792,55840000,55840000,2918,4862,55860000,19573
3,2793,55860000,55860000,2918,4862,55880000,19582
3,2794,55880000,55880000,2918,4862,55900000,19588
3,2795,55900000,55900000,2918,4862,55920000,19594
3,2796,55920000,55920000,2918,4862,55940000,19603
3,2797,55940000,55940000,2918,4862,55960000,19609
3,2798,55960000,55960000,2918,4862,55980000,19615
3,2799,55980000,55980000,2918,4862,56000000,19623
3,28,560000,560000,2918,4862,580000,198
3,280,5600000,5600000,2918,4862,5620000,1965
3,2800,56000000,56000000,2918,4862,56020000,19630
3,2801,56020000,56020000,2918,4862,56040000,19637
3,2802,56040000,56040000,2918,4862,56060000,19644
3,2803,56060000,56060000,2918,4862,56080000,19651
3,2804,56080000,56080000,2918,4862,56100000,19657
3,2805,56100000,56100000,2918,4862,56120000,19666
3,2806,56120000,56120000,2918,4862,56140000,19671
3,2807,56140000,56140000,2918,4862,56160000,19678
3,2808,56160000,56160000,2918,4862,56180000,19687
3,2809,56180000,56180000,2918,4862,56200000,19693
3,281,5620000,5620000,2918,4862,5640000,1972
3,2810,56200000,56200000,2918,4862,56220000,19700
3,2811,56220000,56220000,2918,4862,56240000,19707
3,2812,56240000,56240000,2918,4862,56260000,19714
3,2813,56260000,56260000,2918,4862,56280000,19721
3,2814,56280000,56280000,2918,4862,56300000,19729
3,2815,56300000,56300000,2918,4862,56320000,19734
3,2816,56320000,56320000,2918,4862,56340000,19741
3,2817,56340000,56340000,2918,4862,56360000,19751
3,2818,56360000,56360000,2918,4862,56380000,19756
3,2819,56380000,56380000,2918,4862,56400000,19762
3,282,5640000,5640000,2918,4862,5660000,1979
3,2820,56400000,56400000,2918,4862,56420000,19770
3,2821,56420000,56420000,2918,4862,56440000,19777
3,2822,56440000,56440000,2918,4862,56460000,19784
3,2823,56460000,56460000,2918,4862,56480000,19792
3,2824,56480000,56480000,2918,4862,56500000,19798
3,2825,56500000,56500000,2918,4862,56520000,19804
3,2826,56520000,56520000,2918,4862,56540000,19813
3,2827,56540000,56540000,2918,4862,56560000,19819
3,2828,56560000,56560000,2918,4862,56580000,19826
3,2829,56580000,56580000,2918,4862,56600000,19833
3,283,5660000,5660000,2918,4862,5680000,1986
3,2830,56600000,56600000,2918,4862,56620000,19840
3,2831,56620000,56620000,2918,4862,56640000,19848
3,2832,56640000,56640000,2918,4862,56660000,19855
3,2833,56660000,56660000,2918,4862,56680000,19860
3,2834,56680000,56680000,2918,4862,56700000,19867
3,2835,56700000,56700000,2918,4862,56720000,19877
3,2836,56720000,56720000,2918,4862,56740000,19882
3,2837,56740000,56740000,2918,4862,56760000,19888
3,2838,56760000,56760000,2918,4862,56780000,19897
3,2839,56780000,56780000,2918,4862,56800000,19904
3,284,5680000,5680000,2918,4862,5700000,1993
3,2840,56800000,56800000,2918,4862,56820000,19910
3,2841,56820000,56820000,2918,4862,56840000,19917
3,2842,56840000,56840000,2918,4862,56860000,19924
3,2843,56860000,56860000,2918,4862,56880000,19931
3,2844,56880000,56880000,2918,4862,56900000,19939
3,2845,56900000,56900000,2918,4862,56920000,19945
3,2846,56920000,56920000,2918,4862,56940000,19952
3,2847,56940000,56940000,2918,4862,56960000,19960
3,2848,56960000,56960000,2918,4862,56980000,19966
3,2849,56980000,56980000,2918,4862,57000000,19973
3,285,5700000,5700000,2918,4862,5720000,2001
3,2850,57000000,57000000,2918,4862,57020000,19981
3,2851,57020000,57020000,2918,4862,57040000,19987
3,2852,57040000,57040000,2918,4862,57060000,19994
3,2853,57060000,57060000,2918,4862,57080000,20003
3,2854,57080000,57080000,2918,4862,57100000,20008
3,2855,57100000,57100000,2918,4862,57120000,20014
3,2856,57120000,57120000,2918,4862,57140000,20023
3,2857,57140000,57140000,2918,4862,57160000,20030
3,2858,57160000,57160000,2918,4862,57180000,20036
3,2859,57180000,57180000,2918,4862,57200000,20044
3,286,5720000,5720000,2918,4862,5740000,2006
3,2860,57200000,57200000,2918,4862,57220000,20050
3,2861,57220000,57220000,2918,4862,57240000,20057
3,2862,57240000,57240000,2918,4862,57260000,20065
3,2863,57260000,57260000,2918,4862,57280000,20071
3,2864,57280000,57280000,2918,4862,57300000,20078
3,2865,57300000,57300000,2918,4862,57320000,20086
3,2866,57320000,57320000,2918,4862,57340000,20093
3,2867,57340000,57340000,2918,4862,57360000,20099
3,2868,57360000,57360000,2918,4862,57380000,20108
3,2869,57380000,57380000,2918,4862,57400000,20113
3,287,5740000,5740000,2918,4862,5760000,2013
3,2870,57400000,57400000,2918,4862,57420000,20120
3,2871,57420000,57420000,2918,4862,57440000,20128
3,2872,57440000,57440000,2918,4862,57460000,20134
3,2873,57460000,57460000,2918,4862,57480000,20142
3,2874,57480000,57480000,2918,4862,57500000,20149
3,2875,57500000,57500000,2918,4862,57520000,20155
3,2876,57520000,57520000,2918,4862,57540000,20162
3,2877,57540000,57540000,2918,4862,57560000,20171
3,2878,57560000,57560000,2918,4862,57580000,20176
3,2879,57580000,57580000,2918,4862,57600000,20182
3,288,5760000,5760000,2918,4862,5780000,2022
3,2880,57600000,57600000,2918,4862,57620000,20192
3,2881,57620000,57620000,2918,4862,57640000,20198
3,2882,57640000,57640000,2918,4862,57660000,20204
3,2883,57660000,57660000,2918,4862,57680000,20212
3,2884,57680000,57680000,2918,4862,57700000,20219
3,2885,57700000,57700000,2918,4862,57720000,20226
3,2886,57720000,57720000,2918,4862,57740000,20233
3,2887,57740000,57740000,2918,4862,57760000,20240
3,2888,57760000,57760000,2918,4862,57780000,20246
3,2889,57780000,57780000,2918,4862,57800000,20254
3,289,5780000,5780000,2918,4862,5800000,2028
3,2890,57800000,57800000,2918,4862,57820000,20260
3,2891,57820000,57820000,2918,4862,57840000,20268
3,2892,57840000,57840000,2918,4862,57860000,20275
3,2893,57860000,57860000,2918,4862,57880000,20281
3,2894,57880000,57880000,2918,4862,57900000,20289
3,2895,57900000,57900000,2918,4862,57920000,20297
3,2896,57920000,57920000,2918,4862,57940000,20302
3,2897,57940000,57940000,2918,4862,57960000,20308
3,2898,57960000,57960000,2918,4862,57980000,20319
3,2899,57980000,57980000,2918,4862,58000000,20324
3,29,580000,580000,2918,4862,600000,205
3,290,5800000,5800000,2918,4862,5820000,2035
3,2900,58000000,58000000,2918,4862,58020000,20330
3,2901,58020000,58020000,2918,4862,58040000,20338
3,2902,58040000,58040000,2918,4862,58060000,20346
3,2903,58060000,58060000,2918,4862,58080000,20352
3,2904,58080000,58080000,2918,4862,58100000,20359
3,2905,58100000,58100000,2918,4862,58120000,20365
3,2906,58120000,58120000,2918,4862,58140000,20372
3,2907,58140000,58140000,2918,4862,58160000,20381
3,2908,58160000,58160000,2918,4862,58180000,20387
3,2909,58180000,58180000,2918,4862,58200000,20393
3,291,5820000,5820000,2918,4862,5840000,2042
3,2910,58200000,58200000,2918,4862,58220000,20401
3,2911,58220000,58220000,2918,4862,58240000,20408
3,2912,58240000,58240000,2918,4862,58260000,20415
3,2913,58260000,58260000,2918,4862,58280000,20423
3,2914,58280000,58280000,2918,4862,58300000,20428
3,2915,58300000,58300000,2918,4862,58320000,20436
3,2916,58320000,58320000,2918,4862,58340000,20444
3,2917,58340000,58340000,2918,4862,58360000,20450
3,2918,58360000,58360000,2918,4862,58380000,20456
3,2919,58380000,58380000,2918,4862,58400000,20465
3,292,5840000,5840000,2918,4862,5860000,2049
3,2920,58400000,58400000,2918,4862,58420000,20471
3,2921,58420000,58420000,2918,4862,58440000,20478
3,2922,58440000,58440000,2918,4862,58460000,20486
3,2923,58460000,58460000,2918,4862,58480000,20491
3,2924,58480000,58480000,2918,4862,58500000,20498
3,2925,58500000,58500000,2918,4862,58520000,20507
3,2926,58520000,58520000,2918,4862,58540000,20513
3,2927,58540000,58540000,2918,4862,58560000,20519
3,2928,58560000,58560000,2918,4862,58580000,20528
3,2929,58580000,58580000,2918,4862,58600000,20535
3,293,5860000,5860000,2918,4862,5880000,2056
3,2930,58600000,58600000,2918,4862,58620000,20541
3,2931,58620000,58620000,2918,4862,58640000,20548
3,2932,58640000,58640000,2918,4862,58660000,20555
3,2933,58660000,58660000,2918,4862,58680000,20562
3,2934,58680000,58680000,2918,4862,58700000,20570
3,2935,58700000,58700000,2918,4862,58720000,20575
3,2936,58720000,58720000,2918,4862,58740000,20584
3,2937,58740000,58740000,2918,4862,58760000,20591
3,2938,58760000,58760000,2918,4862,58780000,20597
3,2939,58780000,58780000,2918,4862,58800000,20603
3,294,5880000,5880000,2918,4862,5900000,2064
3,2940,58800000,58800000,2918,4862,58820000,20612
3,2941,58820000,58820000,2918,4862,58840000,20618
3,2942,58840000,58840000,2918,4862,58860000,20624
3,2943,58860000,58860000,2918,4862,58880000,20634
3,2944,58880000,58880000,2918,4862,58900000,20639
3,2945,58900000,58900000,2918,4862,58920000,20646
3,2946,58920000,58920000,2918,4862,58940000,20653
3,2947,58940000,58940000,2918,4862,58960000,20661
3,2948,58960000,58960000,2918,4862,58980000,20667
3,2949,58980000,58980000,2918,4862,59000000,20675
3,295,5900000,5900000,2918,4862,5920000,2069
3,2950,59000000,59000000,2918,4862,59020000,20681
3,2951,59020000,59020000,2918,4862,59040000,20688
3,2952,59040000,59040000,2918,4862,59060000,20696
3,2953,59060000,59060000,2918,4862,59080000,20702
3,2954,59080000,59080000,2918,4862,59100000,20709
3,2955,59100000,59100000,2918,4862,59120000,20717
3,2956,59120000,59120000,2918,4862,59140000,20723
3,2957,59140000,59140000,2918,4862,59160000,20730
3,2958,59160000,59160000,2918,4862,59180000,20739
3,2959,59180000,59180000,2918,4862,59200000,20744
3,296,5920000,5920000,2918,4862,5940000,2076
3,2960,59200000,59200000,2918,4862,59220000,20750
3,2961,59220000,59220000,2918,4862,59240000,20759
3,2962,59240000,59240000,2918,4862,59260000,20766
3,2963,59260000,59260000,2918,4862,59280000,20772
3,2964,59280000,59280000,2918,4862,59300000,20780
3,2965,59300000,59300000,2918,4862,59320000,20786
3,2966,59320000,59320000,2918,4862,59340000,20794
3,2967,59340000,59340000,2918,4862,59360000,20801
3,2968,59360000,59360000,2918,4862,59380000,20807
3,2969,59380000,59380000,2918,4862,59400000,20813
3,297,5940000,5940000,2918,4862,5960000,2086
3,2970,59400000,59400000,2918,4862,59420000,20823
3,2971,59420000,59420000,2918,4862,59440000,20829
3,2972,59440000,59440000,2918,4862,59460000,20835
3,2973,59460000,59460000,2918,4862,59480000,20843
3,2974,59480000,59480000,2918,4862,59500000,20849
3,2975,59500000,59500000,2918,4862,59520000,20857
3,2976,59520000,59520000,2918,4862,59540000,20864
3,2977,59540000,59540000,2918,4862,59560000,20870
3,2978,59560000,59560000,2918,4862,59580000,20877
3,2979,59580000,59580000,2918,4862,59600000,20886
3,298,5960000,5960000,2918,4862,5980000,2091
3,2980,59600000,59600000,2918,4862,59620000,20891
3,2981,59620000,59620000,2918,4862,59640000,20898
3,2982,59640000,59640000,2918,4862,59660000,20906
3,2983,59660000,59660000,2918,4862,59680000,20913
3,2984,59680000,59680000,2918,4862,59700000,20919
3,2985,59700000,59700000,2918,4862,59720000,20928
3,2986,59720000,59720000,2918,4862,59740000,20933
3,2987,59740000,59740000,2918,4862,59760000,20940
3,2988,59760000,59760000,2918,4862,59780000,20949
3,2989,59780000,59780000,2918,4862,59800000,20955
3,299,5980000,5980000,2918,4862,6000000,2097
3,2990,59800000,59800000,2918,4862,59820000,20961
3,2991,59820000,59820000,2918,4862,59840000,20968
3,2992,59840000,59840000,2918,4862,59860000,20977
3,2993,59860000,59860000,2918,4862,59880000,20983
3,2994,59880000,59880000,2918,4862,59900000,20990
3,2995,59900000,59900000,2918,4862,59920000,20995
3,2996,59920000,59920000,2918,4862,59940000,21004
3,2997,59940000,59940000,2918,4862,59960000,21012
3,2998,59960000,59960000,2918,4862,59980000,21017
3,2999,59980000,59980000,2918,4862,60000000,21024
3,3,60000,60000,2918,4862,80000,24
3,30,600000,600000,2918,4862,620000,213
3,300,6000000,6000000,2918,4862,6020000,2105
3,3000,60000000,60000000,2918,4862,60020000,21033
3,3001,60020000,60020000,2918,4862,60040000,21039
3,3002,60040000,60040000,2918,4862,60060000,21045
3,3003,60060000,60060000,2918,4862,60080000,21054
3,3004,60080000,60080000,2918,4862,60100000,21060
3,3005,60100000,60100000,2918,4862,60120000,21066
3,3006,60120000,60120000,2918,4862,60140000,21075
3,3007,60140000,60140000,2918,4862,60160000,21081
3,3008,60160000,60160000,2918,4862,60180000,21087
3,3009,60180000,60180000,2918,4862,60200000,21095
3,301,6020000,6020000,2918,4862,6040000,2113
3,3010,60200000,60200000,2918,4862,60220000,21102
3,3011,60220000,60220000,2918,4862,60240000,21109
3,3012,60240000,60240000,2918,4862,60260000,21116
3,3013,60260000,60260000,2918,4862,60280000,21123
3,3014,60280000,60280000,2918,4862,60300000,21129
3,3015,60300000,60300000,2918,4862,60320000,21138
3,3016,60320000,60320000,2918,4862,60340000,21143
3,3017,60340000,60340000,2918,4862,60360000,21151
3,3018,60360000,60360000,2918,4862,60380000,21159
3,3019,60380000,60380000,2918,4862,60400000,21165
3,302,6040000,6040000,2918,4862,6060000,2119
3,3020,60400000,60400000,2918,4862,60420000,21172
3,3021,60420000,60420000,2918,4862,60440000,21180
3,3022,60440000,60440000,2918,4862,60460000,21186
3,3023,60460000,60460000,2918,4862,60480000,21192
3,3024,60480000,60480000,2918,4862,60500000,21201
3,3025,60500000,60500000,2918,4862,60520000,21206
3,3026,60520000,60520000,2918,4862,60540000,21214
3,3027,60540000,60540000,2918,4862,60560000,21222
3,3028,60560000,60560000,2918,4862,60580000,21228
3,3029,60580000,60580000,2918,4862,60600000,21234
3,303,6060000,6060000,2918,4862,6080000,2127
3,3030,60600000,60600000,2918,4862,60620000,21243
3,3031,60620000,60620000,2918,4862,60640000,21249
3,3032,60640000,60640000,2918,4862,60660000,21255
3,3033,60660000,60660000,2918,4862,60680000,21264
3,3034,60680000,60680000,2918,4862,60700000,21271
3,3035,60700000,60700000,2918,4862,60720000,21277
3,3036,60720000,60720000,2918,4862,60740000,21284
3,3037,60740000,60740000,2918,4862,60760000,21291
3,3038,60760000,60760000,2918,4862,60780000,21299
3,3039,60780000,60780000,2918,4862,60800000,21306
3,304,6080000,6080000,2918,4862,6100000,2133
3,3040,60800000,60800000,2918,4862,60820000,21311
3,3041,60820000,60820000,2918,4862,60840000,21319
3,3042,60840000,60840000,2918,4862,60860000,21327
3,3043,60860000,60860000,2918,4862,60880000,21333
3,3044,60880000,60880000,2918,4862,60900000,21339
3,3045,60900000,60900000,2918,4862,60920000,21348
3,3046,60920000,60920000,2918,4862,60940000,21354
3,3047,60940000,60940000,2918,4862,60960000,21361
3,3048,60960000,60960000,2918,4862,60980000,21370
3,3049,60980000,60980000,2918,4862,61000000,21375
3,305,6100000,6100000,2918,4862,6120000,2139
3,3050,61000000,61000000,2918,4862,61020000,21381
3,3051,61020000,61020000,2918,4862,61040000,21390
3,3052,61040000,61040000,2918,4862,61060000,21397
3,3053,61060000,61060000,2918,4862,61080000,21403
3,3054,61080000,61080000,2918,4862,61100000,21410
3,3055,61100000,61100000,2918,4862,61120000,21418
3,3056,61120000,61120000,2918,4862,61140000,21425
3,3057,61140000,61140000,2918,4862,61160000,21432
3,3058,61160000,61160000,2918,4862,61180000,21437
3,3059,61180000,61180000,2918,4862,61200000,21444
3,306,6120000,6120000,2918,4862,6140000,2148
3,3060,61200000,61200000,2918,4862,61220000,21454
3,3061,61220000,61220000,2918,4862,61240000,21459
3,3062,61240000,61240000,2918,4862,61260000,21466
3,3063,61260000,61260000,2918,4862,61280000,21474
3,3064,61280000,61280000,2918,4862,61300000,21481
3,3065,61300000,61300000,2918,4862,61320000,21487
3,3066,61320000,61320000,2918,4862,61340000,21495
3,3067,61340000,61340000,2918,4862,61360000,21501
3,3068,61360000,61360000,2918,4862,61380000,21508
3,3069,61380000,61380000,2918,4862,61400000,21517
3,307,6140000,6140000,2918,4862,6160000,2154
3,3070,61400000,61400000,2918,4862,61420000,21522
3,3071,61420000,61420000,2918,4862,61440000,21529
3,3072,61440000,61440000,2918,4862,61460000,21537
3,3073,61460000,61460000,2918,4862,61480000,21544
3,3074,61480000,61480000,2918,4862,61500000,21550
3,3075,61500000,61500000,2918,4862,61520000,21558
3,3076,61520000,61520000,2918,4862,61540000,21564
3,3077,61540000,61540000,2918,4862,61560000,21571
3,3078,61560000,61560000,2918,4862,61580000,21580
3,3079,61580000,61580000,2918,4862,61600000,21585
3,308,6160000,6160000,2918,4862,6180000,2161
3,3080,61600000,61600000,2918,4862,61620000,21592
3,3081,61620000,61620000,2918,4862,61640000,21600
3,3082,61640000,61640000,2918,4862,61660000,21607
3,3083,61660000,61660000,2918,4862,61680000,21614
3,3084,61680000,61680000,2918,4862,61700000,21621
3,3085,61700000,61700000,2918,4862,61720000,21627
3,3086,61720000,61720000,2918,4862,61740000,21634
3,3087,61740000,61740000,2918,4862,61760000,21643
3,3088,61760000,61760000,2918,4862,61780000,21648
3,3089,61780000,61780000,2918,4862,61800000,21655
3,309,6180000,6180000,2918,4862,6200000,2168
3,3090,61800000,61800000,2918,4862,61820000,21664
3,3091,61820000,61820000,2918,4862,61840000,21670
3,3092,61840000,61840000,2918,4862,61860000,21676
3,3093,61860000,61860000,2918,4862,61880000,21684
3,3094,61880000,61880000,2918,4862,61900000,21691
3,3095,61900000,61900000,2918,4862,61920000,21697
3,3096,61920000,61920000,2918,4862,61940000,21705
3,3097,61940000,61940000,2918,4862,61960000,21712
3,3098,61960000,61960000,2918,4862,61980000,21719
3,3099,61980000,61980000,2918,4862,62000000,21726
3,31,620000,620000,2918,4862,640000,220
3,310,6200000,6200000,2918,4862,6220000,2175
3,3100,62000000,62000000,2918,4862,62020000,21732
3,3101,62020000,62020000,2918,4862,62040000,21740
3,3102,62040000,62040000,2918,4862,62060000,21748
3,3103,62060000,62060000,2918,4862,62080000,21753
3,3104,62080000,62080000,2918,4862,62100000,21760
3,3105,62100000,62100000,2918,4862,62120000,21769
3,3106,62120000,62120000,2918,4862,62140000,21775
3,3107,62140000,62140000,2918,4862,62160000,21781
3,3108,62160000,62160000,2918,4862,62180000,21790
3,3109,62180000,62180000,2918,4862,62200000,21796
3,311,6220000,6220000,2918,4862,6240000,2183
3,3110,62200000,62200000,2918,4862,62220000,21802
3,3111,62220000,62220000,2918,4862,62240000,21811
3,3112,62240000,62240000,2918,4862,62260000,21817
3,3113,62260000,62260000,2918,4862,62280000,21823
3,3114,62280000,62280000,2918,4862,62300000,21831
3,3115,62300000,62300000,2918,4862,62320000,21838
3,3116,62320000,62320000,2918,4862,62340000,21845
3,3117,62340000,62340000,2918,4862,62360000,21852
3,3118,62360000,62360000,2918,4862,62380000,21859
3,3119,62380000,62380000,2918,4862,62400000,21866
3,312,6240000,6240000,2918,4862,6260000,2190
3,3120,62400000,62400000,2918,4862,62420000,21874
3,3121,62420000,62420000,2918,4862,62440000,21879
3,3122,62440000,62440000,2918,4862,62460000,21886
3,3123,62460000,62460000,2918,4862,62480000,21896
3,3124,62480000,62480000,2918,4862,62500000,21901
3,3125,62500000,62500000,2918,4862,62520000,21908
3,3126,62520000,62520000,2918,4862,62540000,21915
3,3127,62540000,62540000,2918,4862,62560000,21922
3,3128,62560000,62560000,2918,4862,62580000,21929
3,3129,62580000,62580000,2918,4862,62600000,21937
3,313,6260000,6260000,2918,4862,6280000,2195
3,3130,62600000,62600000,2918,4862,62620000,21942
3,3131,62620000,62620000,2918,4862,62640000,21949
3,3132,62640000,62640000,2918,4862,62660000,21959
3,3133,62660000,62660000,2918,4862,62680000,21964
3,3134,62680000,62680000,2918,4862,62700000,21970
3,3135,62700000,62700000,2918,4862,62720000,21978
3,3136,62720000,62720000,2918,4862,62740000,21986
3,3137,62740000,62740000,2918,4862,62760000,21992
3,3138,62760000,62760000,2918,4862,62780000,22000
3,3139,62780000,62780000,2918,4862,62800000,22006
3,314,6280000,6280000,2918,4862,6300000,2202
3,3140,62800000,62800000,2918,4862,62820000,22013
3,3141,62820000,62820000,2918,4862,62840000,22021
3,3142,62840000,62840000,2918,4862,62860000,22027
3,3143,62860000,62860000,2918,4862,62880000,22034
3,3144,62880000,62880000,2918,4862,62900000,22041
3,3145,62900000,62900000,2918,4862,62920000,22048
3,3146,62920000,62920000,2918,4862,62940000,22056
3,3147,62940000,62940000,2918,4862,62960000,22063
3,3148,62960000,62960000,2918,4862,62980000,22068
3,3149,62980000,62980000,2918,4862,63000000,22075
3,315,6300000,6300000,2918,4862,6320000,2212
3,3150,63000000,63000000,2918,4862,63020000,22085
3,3151,63020000,63020000,2918,4862,63040000,22090
3,3152,63040000,63040000,2918,4862,63060000,22096
3,3153,63060000,63060000,2918,4862,63080000,22106
3,3154,63080000,63080000,2918,4862,63100000,22112
3,3155,63100000,63100000,2918,4862,63120000,22118
3,3156,63120000,63120000,2918,4862,63140000,22125
3,3157,63140000,63140000,2918,4862,63160000,22133
3,3158,63160000,63160000,2918,4862,63180000,22139
3,3159,63180000,63180000,2918,4862,63200000,22147
3,316,6320000,6320000,2918,4862,6340000,2217
3,3160,63200000,63200000,2918,4862,63220000,22153
3,3161,63220000,63220000,2918,4862,63240000,22160
3,3162,63240000,63240000,2918,4862,63260000,22168
3,3163,63260000,63260000,2918,4862,63280000,22174
3,3164,63280000,63280000,2918,4862,63300000,22181
3,3165,63300000,63300000,2918,4862,63320000,22189
3,3166,63320000,63320000,2918,4862,63340000,22195
3,3167,63340000,63340000,2918,4862,63360000,22202
3,3168,63360000,63360000,2918,4862,63380000,22211
3,3169,63380000,63380000,2918,4862,63400000,22216
3,317,6340000,6340000,2918,4862,6360000,2223
3,3170,63400000,63400000,2918,4862,63420000,22223
3,3171,63420000,63420000,2918,4862,63440000,22231
3,3172,63440000,63440000,2918,4862,63460000,22238
3,3173,63460000,63460000,2918,4862,63480000,22244
3,3174,63480000,63480000,2918,4862,63500000,22253
3,3175,63500000,63500000,2918,4862,63520000,22258
3,3176,63520000,63520000,2918,4862,63540000,22265
3,3177,63540000,63540000,2918,4862,63560000,22273
3,3178,63560000,63560000,2918,4862,63580000,22279
3,3179,63580000,63580000,2918,4862,63600000,22286
3,318,6360000,6360000,2918,4862,6380000,2233
3,3180,63600000,63600000,2918,4862,63620000,22294
3,3181,63620000,63620000,2918,4862,63640000,22301
3,3182,63640000,63640000,2918,4862,63660000,22307
3,3183,63660000,63660000,2918,4862,63680000,22316
3,3184,63680000,63680000,2918,4862,63700000,22321
3,3185,63700000,63700000,2918,4862,63720000,22328
3,3186,63720000,63720000,2918,4862,63740000,22336
3,3187,63740000,63740000,2918,4862,63760000,22343
3,3188,63760000,63760000,2918,4862,63780000,22350
3,3189,63780000,63780000,2918,4862,63800000,22357
3,319,6380000,6380000,2918,4862,6400000,2239
3,3190,63800000,63800000,2918,4862,63820000,22363
3,3191,63820000,63820000,2918,4862,63840000,22371
3,3192,63840000,63840000,2918,4862,63860000,22379
3,3193,63860000,63860000,2918,4862,63880000,22384
3,3194,63880000,63880000,2918,4862,63900000,22390
3,3195,63900000,63900000,2918,4862,63920000,22400
3,3196,63920000,63920000,2918,4862,63940000,22406
3,3197,63940000,63940000,2918,4862,63960000,22412
3,3198,63960000,63960000,2918,4862,63980000,22420
3,3199,63980000,63980000,2918,4862,64000000,22427
3,32,640000,640000,2918,4862,660000,226
3,320,6400000,6400000,2918,4862,6420000,2245
3,3200,64000000,64000000,2918,4862,64020000,22434
3,3201,64020000,64020000,2918,4862,64040000,22441
3,3202,64040000,64040000,2918,4862,64060000,22448
3,3203,64060000,64060000,2918,4862,64080000,22454
3,3204,64080000,64080000,2918,4862,64100000,22463
3,3205,64100000,64100000,2918,4862,64120000,22468
3,3206,64120000,64120000,2918,4862,64140000,22476
3,3207,64140000,64140000,2918,4862,64160000,22483
3,3208,64160000,64160000,2918,4862,64180000,22490
3,3209,64180000,64180000,2918,4862,64200000,22497
3,321,6420000,6420000,2918,4862,6440000,2252
3,3210,64200000,64200000,2918,4862,64220000,22505
3,3211,64220000,64220000,2918,4862,64240000,22510
3,3212,64240000,64240000,2918,4862,64260000,22516
3,3213,64260000,64260000,2918,4862,64280000,22527
3,3214,64280000,64280000,2918,4862,64300000,22532
3,3215,64300000,64300000,2918,4862,64320000,22538
3,3216,64320000,64320000,2918,4862,64340000,22546
3,3217,64340000,64340000,2918,4862,64360000,22554
3,3218,64360000,64360000,2918,4862,64380000,22560
3,3219,64380000,64380000,2918,4862,64400000,22567
3,322,6440000,6440000,2918,4862,6460000,2259
3,3220,64400000,64400000,2918,4862,64420000,22573
3,3221,64420000,64420000,2918,4862,64440000,22581
3,3222,64440000,64440000,2918,4862,64460000,22589
3,3223,64460000,64460000,2918,4862,64480000,22595
3,3224,64480000,64480000,2918,4862,64500000,22601
3,3225,64500000,64500000,2918,4862,64520000,22610
3,3226,64520000,64520000,2918,4862,64540000,22616
3,3227,64540000,64540000,2918,4862,64560000,22623
3,3228,64560000,64560000,2918,4862,64580000,22631
3,3229,64580000,64580000,2918,4862,64600000,22636
3,323,6460000,6460000,2918,4862,6480000,2266
3,3230,64600000,64600000,2918,4862,64620000,22644
3,3231,64620000,64620000,2918,4862,64640000,22652
3,3232,64640000,64640000,2918,4862,64660000,22658
3,3233,64660000,64660000,2918,4862,64680000,22664
3,3234,64680000,64680000,2918,4862,64700000,22673
3,3235,64700000,64700000,2918,4862,64720000,22679
3,3236,64720000,64720000,2918,4862,64740000,22686
3,3237,64740000,64740000,2918,4862,64760000,22694
3,3238,64760000,64760000,2918,4862,64780000,22700
3,3239,64780000,64780000,2918,4862,64800000,22706
3,324,6480000,6480000,2918,4862,6500000,2274
3,3240,64800000,64800000,2918,4862,64820000,22715
3,3241,64820000,64820000,2918,4862,64840000,22721
3,3242,64840000,64840000,2918,4862,64860000,22728
3,3243,64860000,64860000,2918,4862,64880000,22736
3,3244,64880000,64880000,2918,4862,64900000,22743
3,3245,64900000,64900000,2918,4862,64920000,22749
3,3246,64920000,64920000,2918,4862,64940000,22756
3,3247,64940000,64940000,2918,4862,64960000,22763
3,3248,64960000,64960000,2918,4862,64980000,22770
3,3249,64980000,64980000,2918,4862,65000000,22778
3,325,6500000,6500000,2918,4862,6520000,2280
3,3250,65000000,65000000,2918,4862,65020000,22783
3,3251,65020000,65020000,2918,4862,65040000,22792
3,3252,65040000,65040000,2918,4862,65060000,22799
3,3253,65060000,65060000,2918,4862,65080000,22805
3,3254,65080000,65080000,2918,4862,65100000,22811
3,3255,65100000,65100000,2918,4862,65120000,22821
3,3256,65120000,65120000,2918,4862,65140000,22826
3,3257,65140000,65140000,2918,4862,65160000,22832
3,3258,65160000,65160000,2918,4862,65180000,22842
3,3259,65180000,65180000,2918,4862,65200000,22848
3,326,6520000,6520000,2918,4862,6540000,2287
3,3260,65200000,65200000,2918,4862,65220000,22854
3,3261,65220000,65220000,2918,4862,65240000,22861
3,3262,65240000,65240000,2918,4862,65260000,22869
3,3263,65260000,65260000,2918,4862,65280000,22875
3,3264,65280000,65280000,2918,4862,65300000,22883
3,3265,65300000,65300000,2918,4862,65320000,22889
3,3266,65320000,65320000,2918,4862,65340000,22896
3,3267,65340000,65340000,2918,4862,65360000,22904
3,3268,65360000,65360000,2918,4862,65380000,22910
3,3269,65380000,65380000,2918,4862,65400000,22917
3,327,6540000,6540000,2918,4862,6560000,2295
3,3270,65400000,65400000,2918,4862,65420000,22925
3,3271,65420000,65420000,2918,4862,65440000,22931
3,3272,65440000,65440000,2918,4862,65460000,22939
3,3273,65460000,65460000,2918,4862,65480000,22947
3,3274,65480000,65480000,2918,4862,65500000,22952
3,3275,65500000,65500000,2918,4862,65520000,22958
3,3276,65520000,65520000,2918,4862,65540000,22968
3,3277,65540000,65540000,2918,4862,65560000,22974
3,3278,65560000,65560000,2918,4862,65580000,22980
3,3279,65580000,65580000,2918,4862,65600000,22988
3,328,6560000,6560000,2918,4862,6580000,2301
3,3280,65600000,65600000,2918,4862,65620000,22994
3,3281,65620000,65620000,2918,4862,65640000,23002
3,3282,65640000,65640000,2918,4862,65660000,23009
3,3283,65660000,65660000,2918,4862,65680000,23015
3,3284,65680000,65680000,2918,4862,65700000,23021
3,3285,65700000,65700000,2918,4862,65720000,23031
3,3286,65720000,65720000,2918,4862,65740000,23037
3,3287,65740000,65740000,2918,4862,65760000,23043
3,3288,65760000,65760000,2918,4862,65780000,23051
3,3289,65780000,65780000,2918,4862,65800000,23058
3,329,6580000,6580000,2918,4862,6600000,2308
3,3290,65800000,65800000,2918,4862,65820000,23065
3,3291,65820000,65820000,2918,4862,65840000,23072
3,3292,65840000,65840000,2918,4862,65860000,23078
3,3293,65860000,65860000,2918,4862,65880000,23086
3,3294,65880000,65880000,2918,4862,65900000,23094
3,3295,65900000,65900000,2918,4862,65920000,23099
3,3296,65920000,65920000,2918,4862,65940000,23106
3,3297,65940000,65940000,2918,4862,65960000,23114
3,3298,65960000,65960000,2918,4862,65980000,23121
3,3299,65980000,65980000,2918,4862,66000000,23127
3,33,660000,660000,2918,4862,680000,234
3,330,6600000,6600000,2918,4862,6620000,2316
3,3300,66000000,66000000,2918,4862,66020000,23136
3,3301,66020000,66020000,2918,4862,66040000,23141
3,3302,66040000,66040000,2918,4862,66060000,23148
3,3303,66060000,66060000,2918,4862,66080000,23157
3,3304,66080000,66080000,2918,4862,66100000,23163
3,3305,66100000,66100000,2918,4862,66120000,23169
3,3306,66120000,66120000,2918,4862,66140000,23177
3,3307,66140000,66140000,2918,4862,66160000,23185
3,3308,66160000,66160000,2918,4862,66180000,23191
3,3309,66180000,66180000,2918,4862,66200000,23198
3,331,6620000,6620000,2918,4862,6640000,2322
3,3310,66200000,66200000,2918,4862,66220000,23204
3,3311,66220000,66220000,2918,4862,66240000,23212
3,3312,66240000,66240000,2918,4862,66260000,23220
3,3313,66260000,66260000,2918,4862,66280000,23225
3,3314,66280000,66280000,2918,4862,66300000,23232
3,3315,66300000,66300000,2918,4862,66320000,23241
3,3316,66320000,66320000,2918,4862,66340000,23247
3,3317,66340000,66340000,2918,4862,66360000,23253
3,3318,66360000,66360000,2918,4862,66380000,23262
3,3319,66380000,66380000,2918,4862,66400000,23268
3,332,6640000,6640000,2918,4862,6660000,2329
3,3320,66400000,66400000,2918,4862,66420000,23274
3,3321,66420000,66420000,2918,4862,66440000,23283
3,3322,66440000,66440000,2918,4862,66460000,23289
3,3323,66460000,66460000,2918,4862,66480000,23296
3,3324,66480000,66480000,2918,4862,66500000,23303
3,3325,66500000,66500000,2918,4862,66520000,23310
3,3326,66520000,66520000,2918,4862,66540000,23317
3,3327,66540000,66540000,2918,4862,66560000,23325
3,3328,66560000,66560000,2918,4862,66580000,23331
3,3329,66580000,66580000,2918,4862,66600000,23337
3,333,6660000,6660000,2918,4862,6680000,2338
3,3330,66600000,66600000,2918,4862,66620000,23346
3,3331,66620000,66620000,2918,4862,66640000,23351
3,3332,66640000,66640000,2918,4862,66660000,23359
3,3333,66660000,66660000,2918,4862,66680000,23367
3,3334,66680000,66680000,2918,4862,66700000,23373
3,3335,66700000,66700000,2918,4862,66720000,23380
3,3336,66720000,66720000,2918,4862,66740000,23388
3,3337,66740000,66740000,2918,4862,66760000,23394
3,3338,66760000,66760000,2918,4862,66780000,23400
3,3339,66780000,66780000,2918,4862,66800000,23409
3,334,6680000,6680000,2918,4862,6700000,2343
3,3340,66800000,66800000,2918,4862,66820000,23415
3,3341,66820000,66820000,2918,4862,66840000,23422
3,3342,66840000,66840000,2918,4862,66860000,23430
3,3343,66860000,66860000,2918,4862,66880000,23436
3,3344,66880000,66880000,2918,4862,66900000,23443
3,3345,66900000,66900000,2918,4862,66920000,23451
3,3346,66920000,66920000,2918,4862,66940000,23457
3,3347,66940000,66940000,2918,4862,66960000,23463
3,3348,66960000,66960000,2918,4862,66980000,23472
3,3349,66980000,66980000,2918,4862,67000000,23479
3,335,6700000,6700000,2918,4862,6720000,2350
3,3350,67000000,67000000,2918,4862,67020000,23485
3,3351,67020000,67020000,2918,4862,67040000,23492
3,3352,67040000,67040000,2918,4862,67060000,23499
3,3353,67060000,67060000,2918,4862,67080000,23507
3,3354,67080000,67080000,2918,4862,67100000,23514
3,3355,67100000,67100000,2918,4862,67120000,23519
3,3356,67120000,67120000,2918,4862,67140000,23527
3,3357,67140000,67140000,2918,4862,67160000,23536
3,3358,67160000,67160000,2918,4862,67180000,23541
3,3359,67180000,67180000,2918,4862,67200000,23547
3,336,6720000,6720000,2918,4862,6740000,2358
3,3360,67200000,67200000,2918,4862,67220000,23556
3,3361,67220000,67220000,2918,4862,67240000,23563
3,3362,67240000,67240000,2918,4862,67260000,23569
3,3363,67260000,67260000,2918,4862,67280000,23578
3,3364,67280000,67280000,2918,4862,67300000,23583
3,3365,67300000,67300000,2918,4862,67320000,23589
3,3366,67320000,67320000,2918,4862,67340000,23598
3,3367,67340000,67340000,2918,4862,67360000,23605
3,3368,67360000,67360000,2918,4862,67380000,23611
3,3369,67380000,67380000,2918,4862,67400000,23618
3,337,6740000,6740000,2918,4862,6760000,2365
3,3370,67400000,67400000,2918,4862,67420000,23626
3,3371,67420000,67420000,2918,4862,67440000,23633
3,3372,67440000,67440000,2918,4862,67460000,23640
3,3373,67460000,67460000,2918,4862,67480000,23645
3,3374,67480000,67480000,2918,4862,67500000,23653
3,3375,67500000,67500000,2918,4862,67520000,23662
3,3376,67520000,67520000,2918,4862,67540000,23667
3,3377,67540000,67540000,2918,4862,67560000,23674
3,3378,67560000,67560000,2918,4862,67580000,23683
3,3379,67580000,67580000,2918,4862,67600000,23689
3,338,6760000,6760000,2918,4862,6780000,2371
3,3380,67600000,67600000,2918,4862,67620000,23695
3,3381,67620000,67620000,2918,4862,67640000,23703
3,3382,67640000,67640000,2918,4862,67660000,23709
3,3383,67660000,67660000,2918,4862,67680000,23716
3,3384,67680000,67680000,2918,4862,67700000,23725
3,3385,67700000,67700000,2918,4862,67720000,23730
3,3386,67720000,67720000,2918,4862,67740000,23737
3,3387,67740000,67740000,2918,4862,67760000,23745
3,3388,67760000,67760000,2918,4862,67780000,23752
3,3389,67780000,67780000,2918,4862,67800000,23758
3,339,6780000,6780000,2918,4862,6800000,2379
3,3390,67800000,67800000,2918,4862,67820000,23766
3,3391,67820000,67820000,2918,4862,67840000,23773
3,3392,67840000,67840000,2918,4862,67860000,23779
3,3393,67860000,67860000,2918,4862,67880000,23788
3,3394,67880000,67880000,2918,4862,67900000,23793
3,3395,67900000,67900000,2918,4862,67920000,23801
3,3396,67920000,67920000,2918,4862,67940000,23808
3,3397,67940000,67940000,2918,4862,67960000,23815
3,3398,67960000,67960000,2918,4862,67980000,23822
3,3399,67980000,67980000,2918,4862,68000000,23829
3,34,680000,680000,2918,4862,700000,240
3,340,6800000,6800000,2918,4862,6820000,2385
3,3400,68000000,68000000,2918,4862,68020000,23835
3,3401,68020000,68020000,2918,4862,68040000,23842
3,3402,68040000,68040000,2918,4862,68060000,23851
3,3403,68060000,68060000,2918,4862,68080000,23856
3,3404,68080000,68080000,2918,4862,68100000,23863
3,3405,68100000,68100000,2918,4862,68120000,23872
3,3406,68120000,68120000,2918,4862,68140000,23878
3,3407,68140000,68140000,2918,4862,68160000,23884
3,3408,68160000,68160000,2918,4862,68180000,23893
3,3409,68180000,68180000,2918,4862,68200000,23899
3,341,6820000,6820000,2918,4862,6840000,2392
3,3410,68200000,68200000,2918,4862,68220000,23905
3,3411,68220000,68220000,2918,4862,68240000,23913
3,3412,68240000,68240000,2918,4862,68260000,23921
3,3413,68260000,68260000,2918,4862,68280000,23927
3,3414,68280000,68280000,2918,4862,68300000,23934
3,3415,68300000,68300000,2918,4862,68320000,23940
3,3416,68320000,68320000,2918,4862,68340000,23948
3,3417,68340000,68340000,2918,4862,68360000,23956
3,3418,68360000,68360000,2918,4862,68380000,23961
3,3419,68380000,68380000,2918,4862,68400000,23968
3,342,6840000,6840000,2918,4862,6860000,2400
3,3420,68400000,68400000,2918,4862,68420000,23977
3,3421,68420000,68420000,2918,4862,68440000,23983
3,3422,68440000,68440000,2918,4862,68460000,23989
3,3423,68460000,68460000,2918,4862,68480000,23998
3,3424,68480000,68480000,2918,4862,68500000,24004
3,3425,68500000,68500000,2918,4862,68520000,24011
3,3426,68520000,68520000,2918,4862,68540000,24019
3,3427,68540000,68540000,2918,4862,68560000,24025
3,3428,68560000,68560000,2918,4862,68580000,24031
3,3429,68580000,68580000,2918,4862,68600000,24040
3,343,6860000,6860000,2918,4862,6880000,2406
3,3430,68600000,68600000,2918,4862,68620000,24046
3,3431,68620000,68620000,2918,4862,68640000,24053
3,3432,68640000,68640000,2918,4862,68660000,24060
3,3433,68660000,68660000,2918,4862,68680000,24067
3,3434,68680000,68680000,2918,4862,68700000,24074
3,3435,68700000,68700000,2918,4862,68720000,24082
3,3436,68720000,68720000,2918,4862,68740000,24087
3,3437,68740000,68740000,2918,4862,68760000,24094
3,3438,68760000,68760000,2918,4862,68780000,24104
3,3439,68780000,68780000,2918,4862,68800000,24109
3,344,6880000,6880000,2918,4862,6900000,2413
3,3440,68800000,68800000,2918,4862,68820000,24116
3,3441,68820000,68820000,2918,4862,68840000,24123
3,3442,68840000,68840000,2918,4862,68860000,24131
3,3443,68860000,68860000,2918,4862,68880000,24137
3,3444,68880000,68880000,2918,4862,68900000,24145
3,3445,68900000,68900000,2918,4862,68920000,24150
3,3446,68920000,68920000,2918,4862,68940000,24158
3,3447,68940000,68940000,2918,4862,68960000,24167
3,3448,68960000,68960000,2918,4862,68980000,24172
3,3449,68980000,68980000,2918,4862,69000000,24178
3,345,6900000,6900000,2918,4862,6920000,2421
3,3450,69000000,69000000,2918,4862,69020000,24186
3,3451,69020000,69020000,2918,4862,69040000,24194
3,3452,69040000,69040000,2918,4862,69060000,24200
3,3453,69060000,69060000,2918,4862,69080000,24208
3,3454,69080000,69080000,2918,4862,69100000,24214
3,3455,69100000,69100000,2918,4862,69120000,24221
3,3456,69120000,69120000,2918,4862,69140000,24229
3,3457,69140000,69140000,2918,4862,69160000,24235
3,3458,69160000,69160000,2918,4862,69180000,24242
3,3459,69180000,69180000,2918,4862,69200000,24250
3,346,6920000,6920000,2918,4862,6940000,2428
3,3460,69200000,69200000,2918,4862,69220000,24256
3,3461,69220000,69220000,2918,4862,69240000,24264
3,3462,69240000,69240000,2918,4862,69260000,24271
3,3463,69260000,69260000,2918,4862,69280000,24277
3,3464,69280000,69280000,2918,4862,69300000,24283
3,3465,69300000,69300000,2918,4862,69320000,24293
3,3466,69320000,69320000,2918,4862,69340000,24298
3,3467,69340000,69340000,2918,4862,69360000,24304
3,3468,69360000,69360000,2918,4862,69380000,24314
3,3469,69380000,69380000,2918,4862,69400000,24320
3,347,6940000,6940000,2918,4862,6960000,2434
3,3470,69400000,69400000,2918,4862,69420000,24326
3,3471,69420000,69420000,2918,4862,69440000,24333
3,3472,69440000,69440000,2918,4862,69460000,24341
3,3473,69460000,69460000,2918,4862,69480000,24347
3,3474,69480000,69480000,2918,4862,69500000,24355
3,3475,69500000,69500000,2918,4862,69520000,24361
3,3476,69520000,69520000,2918,4862,69540000,24369
3,3477,69540000,69540000,2918,4862,69560000,24376
3,3478,69560000,69560000,2918,4862,69580000,24382
3,3479,69580000,69580000,2918,4862,69600000,24389
3,348,6960000,6960000,2918,4862,6980000,2443
3,3480,69600000,69600000,2918,4862,69620000,24398
3,3481,69620000,69620000,2918,4862,69640000,24403
3,3482,69640000,69640000,2918,4862,69660000,24410
3,3483,69660000,69660000,2918,4862,69680000,24419
3,3484,69680000,69680000,2918,4862,69700000,24424
3,3485,69700000,69700000,2918,4862,69720000,24431
3,3486,69720000,69720000,2918,4862,69740000,24439
3,3487,69740000,69740000,2918,4862,69760000,24446
3,3488,69760000,69760000,2918,4862,69780000,24452
3,3489,69780000,69780000,2918,4862,69800000,24461
3,349,6980000,6980000,2918,4862,7000000,2448
3,3490,69800000,69800000,2918,4862,69820000,24466
3,3491,69820000,69820000,2918,4862,69840000,24473
3,3492,69840000,69840000,2918,4862,69860000,24481
3,3493,69860000,69860000,2918,4862,69880000,24488
3,3494,69880000,69880000,2918,4862,69900000,24494
3,3495,69900000,69900000,2918,4862,69920000,24502
3,3496,69920000,69920000,2918,4862,69940000,24509
3,3497,69940000,69940000,2918,4862,69960000,24516
3,3498,69960000,69960000,2918,4862,69980000,24524
3,3499,69980000,69980000,2918,4862,70000000,24529
3,35,700000,700000,2918,4862,720000,247
3,350,7000000,7000000,2918,4862,7020000,2455
3,3500,70000000,70000000,2918,4862,70020000,24536
3,3501,70020000,70020000,2918,4862,70040000,24544
3,3502,70040000,70040000,2918,4862,70060000,24551
3,3503,70060000,70060000,2918,4862,70080000,24558
3,3504,70080000,70080000,2918,4862,70100000,24565
3,3505,70100000,70100000,2918,4862,70120000,24571
3,3506,70120000,70120000,2918,4862,70140000,24579
3,3507,70140000,70140000,2918,4862,70160000,24587
3,3508,70160000,70160000,2918,4862,70180000,24592
3,3509,70180000,70180000,2918,4862,70200000,24598
3,351,7020000,7020000,2918,4862,7040000,2463
3,3510,70200000,70200000,2918,4862,70220000,24609
3,3511,70220000,70220000,2918,4862,70240000,24614
3,3512,70240000,70240000,2918,4862,70260000,24620
3,3513,70260000,70260000,2918,4862,70280000,24628
3,3514,70280000,70280000,2918,4862,70300000,24636
3,3515,70300000,70300000,2918,4862,70320000,24642
3,3516,70320000,70320000,2918,4862,70340000,24649
3,3517,70340000,70340000,2918,4862,70360000,24656
3,3518,70360000,70360000,2918,4862,70380000,24662
3,3519,70380000,70380000,2918,4862,70400000,24671
3,352,7040000,7040000,2918,4862,7060000,2470
3,3520,70400000,70400000,2918,4862,70420000,24676
3,3521,70420000,70420000,2918,4862,70440000,24684
3,3522,70440000,70440000,2918,4862,70460000,24691
3,3523,70460000,70460000,2918,4862,70480000,24698
3,3524,70480000,70480000,2918,4862,70500000,24705
3,3525,70500000,70500000,2918,4862,70520000,24713
3,3526,70520000,70520000,2918,4862,70540000,24718
3,3527,70540000,70540000,2918,4862,70560000,24725
3,3528,70560000,70560000,2918,4862,70580000,24735
3,3529,70580000,70580000,2918,4862,70600000,24740
3,353,7060000,7060000,2918,4862,7080000,2477
3,3530,70600000,70600000,2918,4862,70620000,24746
3,3531,70620000,70620000,2918,4862,70640000,24755
3,3532,70640000,70640000,2918,4862,70660000,24762
3,3533,70660000,70660000,2918,4862,70680000,24768
3,3534,70680000,70680000,2918,4862,70700000,24775
3,3535,70700000,70700000,2918,4862,70720000,24781
3,3536,70720000,70720000,2918,4862,70740000,24789
3,3537,70740000,70740000,2918,4862,70760000,24797
3,3538,70760000,70760000,2918,4862,70780000,24803
3,3539,70780000,70780000,2918,4862,70800000,24809
3,354,7080000,7080000,2918,4862,7100000,2484
3,3540,70800000,70800000,2918,4862,70820000,24818
3,3541,70820000,70820000,2918,4862,70840000,24824
3,3542,70840000,70840000,2918,4862,70860000,24831
3,3543,70860000,70860000,2918,4862,70880000,24839
3,3544,70880000,70880000,2918,4862,70900000,24845
3,3545,70900000,70900000,2918,4862,70920000,24852
3,3546,70920000,70920000,2918,4862,70940000,24860
3,3547,70940000,70940000,2918,4862,70960000,24866
3,3548,70960000,70960000,2918,4862,70980000,24873
3,3549,70980000,70980000,2918,4862,71000000,24881
3,355,7100000,7100000,2918,4862,7120000,2490
3,3550,71000000,71000000,2918,4862,71020000,24887
3,3551,71020000,71020000,2918,4862,71040000,24894
3,3552,71040000,71040000,2918,4862,71060000,24902
3,3553,71060000,71060000,2918,4862,71080000,24908
3,3554,71080000,71080000,2918,4862,71100000,24914
3,3555,71100000,71100000,2918,4862,71120000,24923
3,3556,71120000,71120000,2918,4862,71140000,24929
3,3557,71140000,71140000,2918,4862,71160000,24936
3,3558,71160000,71160000,2918,4862,71180000,24944
3,3559,71180000,71180000,2918,4862,71200000,24951
3,356,7120000,7120000,2918,4862,7140000,2497
3,3560,71200000,71200000,2918,4862,71220000,24957
3,3561,71220000,71220000,2918,4862,71240000,24965
3,3562,71240000,71240000,2918,4862,71260000,24971
3,3563,71260000,71260000,2918,4862,71280000,24978
3,3564,71280000,71280000,2918,4862,71300000,24986
3,3565,71300000,71300000,2918,4862,71320000,24992
3,3566,71320000,71320000,2918,4862,71340000,25000
3,3567,71340000,71340000,2918,4862,71360000,25007
3,3568,71360000,71360000,2918,4862,71380000,25013
3,3569,71380000,71380000,2918,4862,71400000,25019
3,357,7140000,7140000,2918,4862,7160000,2506
3,3570,71400000,71400000,2918,4862,71420000,25029
3,3571,71420000,71420000,2918,4862,71440000,25034
3,3572,71440000,71440000,2918,4862,71460000,25040
3,3573,71460000,71460000,2918,4862,71480000,25050
3,3574,71480000,71480000,2918,4862,71500000,25056
3,3575,71500000,71500000,2918,4862,71520000,25062
3,3576,71520000,71520000,2918,4862,71540000,25069
3,3577,71540000,71540000,2918,4862,71560000,25077
3,3578,71560000,71560000,2918,4862,71580000,25084
3,3579,71580000,71580000,2918,4862,71600000,25091
3,358,7160000,7160000,2918,4862,7180000,2511
3,3580,71600000,71600000,2918,4862,71620000,25097
3,3581,71620000,71620000,2918,4862,71640000,25104
3,3582,71640000,71640000,2918,4862,71660000,25113
3,3583,71660000,71660000,2918,4862,71680000,25118
3,3584,71680000,71680000,2918,4862,71700000,25125
3,3585,71700000,71700000,2918,4862,71720000,25133
3,3586,71720000,71720000,2918,4862,71740000,25139
3,3587,71740000,71740000,2918,4862,71760000,25147
3,3588,71760000,71760000,2918,4862,71780000,25155
3,3589,71780000,71780000,2918,4862,71800000,25160
3,359,7180000,7180000,2918,4862,7200000,2517
3,3590,71800000,71800000,2918,4862,71820000,25166
3,3591,71820000,71820000,2918,4862,71840000,25176
3,3592,71840000,71840000,2918,4862,71860000,25182
3,3593,71860000,71860000,2918,4862,71880000,25188
3,3594,71880000,71880000,2918,4862,71900000,25196
3,3595,71900000,71900000,2918,4862,71920000,25203
3,3596,71920000,71920000,2918,4862,71940000,25210
3,3597,71940000,71940000,2918,4862,71960000,25217
3,3598,71960000,71960000,2918,4862,71980000,25223
3,3599,71980000,71980000,2918,4862,72000000,25230
3,36,720000,720000,2918,4862,740000,255
3,360,7200000,7200000,2918,4862,7220000,2527
3,3600,72000000,72000000,2918,4862,72020000,25239
3,3601,72020000,72020000,2918,4862,72040000,25245
3,3602,72040000,72040000,2918,4862,72060000,25251
3,3603,72060000,72060000,2918,4862,72080000,25259
3,3604,72080000,72080000,2918,4862,72100000,25266
3,3605,72100000,72100000,2918,4862,72120000,25273
3,3606,72120000,72120000,2918,4862,72140000,25280
3,3607,72140000,72140000,2918,4862,72160000,25286
3,3608,72160000,72160000,2918,4862,72180000,25294
3,3609,72180000,72180000,2918,4862,72200000,25302
3,361,7220000,7220000,2918,4862,7240000,2533
3,3610,72200000,72200000,2918,4862,72220000,25307
3,3611,72220000,72220000,2918,4862,72240000,25314
3,3612,72240000,72240000,2918,4862,72260000,25323
3,3613,72260000,72260000,2918,4862,72280000,25329
3,3614,72280000,72280000,2918,4862,72300000,25335
3,3615,72300000,72300000,2918,4862,72320000,25344
3,3616,72320000,72320000,2918,4862,72340000,25350
3,3617,72340000,72340000,2918,4862,72360000,25356
3,3618,72360000,72360000,2918,4862,72380000,25365
3,3619,72380000,72380000,2918,4862,72400000,25371
3,362,7240000,7240000,2918,4862,7260000,2539
3,3620,72400000,72400000,2918,4862,72420000,25377
3,3621,72420000,72420000,2918,4862,72440000,25385
3,3622,72440000,72440000,2918,4862,72460000,25393
3,3623,72460000,72460000,2918,4862,72480000,25399
3,3624,72480000,72480000,2918,4862,72500000,25406
3,3625,72500000,72500000,2918,4862,72520000,25412
3,3626,72520000,72520000,2918,4862,72540000,25420
3,3627,72540000,72540000,2918,4862,72560000,25428
3,3628,72560000,72560000,2918,4862,72580000,25433
3,3629,72580000,72580000,2918,4862,72600000,25441
3,363,7260000,7260000,2918,4862,7280000,2547
3,3630,72600000,72600000,2918,4862,72620000,25449
3,3631,72620000,72620000,2918,4862,72640000,25455
3,3632,72640000,72640000,2918,4862,72660000,25461
3,3633,72660000,72660000,2918,4862,72680000,25471
3,3634,72680000,72680000,2918,4862,72700000,25476
3,3635,72700000,72700000,2918,4862,72720000,25482
3,3636,72720000,72720000,2918,4862,72740000,25491
3,3637,72740000,72740000,2918,4862,72760000,25497
3,3638,72760000,72760000,2918,4862,72780000,25504
3,3639,72780000,72780000,2918,4862,72800000,25511
3,364,7280000,7280000,2918,4862,7300000,2554
3,3640,72800000,72800000,2918,4862,72820000,25518
3,3641,72820000,72820000,2918,4862,72840000,25525
3,3642,72840000,72840000,2918,4862,72860000,25533
3,3643,72860000,72860000,2918,4862,72880000,25539
3,3644,72880000,72880000,2918,4862,72900000,25545
3,3645,72900000,72900000,2918,4862,72920000,25554
3,3646,72920000,72920000,2918,4862,72940000,25560
3,3647,72940000,72940000,2918,4862,72960000,25567
3,3648,72960000,72960000,2918,4862,72980000,25575
3,3649,72980000,72980000,2918,4862,73000000,25581
3,365,7300000,7300000,2918,4862,7320000,2561
3,3650,73000000,73000000,2918,4862,73020000,25589
3,3651,73020000,73020000,2918,4862,73040000,25596
3,3652,73040000,73040000,2918,4862,73060000,25602
3,3653,73060000,73060000,2918,4862,73080000,25608
3,3654,73080000,73080000,2918,4862,73100000,25617
3,3655,73100000,73100000,2918,4862,73120000,25623
3,3656,73120000,73120000,2918,4862,73140000,25630
3,3657,73140000,73140000,2918,4862,73160000,25638
3,3658,73160000,73160000,2918,4862,73180000,25644
3,3659,73180000,73180000,2918,4862,73200000,25651
3,366,7320000,7320000,2918,4862,7340000,2568
3,3660,73200000,73200000,2918,4862,73220000,25659
3,3661,73220000,73220000,2918,4862,73240000,25665
3,3662,73240000,73240000,2918,4862,73260000,25671
3,3663,73260000,73260000,2918,4862,73280000,25681
3,3664,73280000,73280000,2918,4862,73300000,25687
3,3665,73300000,73300000,2918,4862,73320000,25693
3,3666,73320000,73320000,2918,4862,73340000,25700
3,3667,73340000,73340000,2918,4862,73360000,25708
3,3668,73360000,73360000,2918,4862,73380000,25715
3,3669,73380000,73380000,2918,4862,73400000,25722
3,367,7340000,7340000,2918,4862,7360000,2575
3,3670,73400000,73400000,2918,4862,73420000,25727
3,3671,73420000,73420000,2918,4862,73440000,25735
3,3672,73440000,73440000,2918,4862,73460000,25744
3,3673,73460000,73460000,2918,4862,73480000,25749
3,3674,73480000,73480000,2918,4862,73500000,25755
3,3675,73500000,73500000,2918,4862,73520000,25764
3,3676,73520000,73520000,2918,4862,73540000,25771
3,3677,73540000,73540000,2918,4862,73560000,25777
3,3678,73560000,73560000,2918,4862,73580000,25786
3,3679,73580000,73580000,2918,4862,73600000,25791
3,368,7360000,7360000,2918,4862,7380000,2581
3,3680,73600000,73600000,2918,4862,73620000,25798
3,3681,73620000,73620000,2918,4862,73640000,25806
3,3682,73640000,73640000,2918,4862,73660000,25813
3,3683,73660000,73660000,2918,4862,73680000,25819
3,3684,73680000,73680000,2918,4862,73700000,25827
3,3685,73700000,73700000,2918,4862,73720000,25834
3,3686,73720000,73720000,2918,4862,73740000,25841
3,3687,73740000,73740000,2918,4862,73760000,25848
3,3688,73760000,73760000,2918,4862,73780000,25853
3,3689,73780000,73780000,2918,4862,73800000,25861
3,369,7380000,7380000,2918,4862,7400000,2590
3,3690,73800000,73800000,2918,4862,73820000,25870
3,3691,73820000,73820000,2918,4862,73840000,25875
3,3692,73840000,73840000,2918,4862,73860000,25882
3,3693,73860000,73860000,2918,4862,73880000,25891
3,3694,73880000,73880000,2918,4862,73900000,25897
3,3695,73900000,73900000,2918,4862,73920000,25903
3,3696,73920000,73920000,2918,4862,73940000,25911
3,3697,73940000,73940000,2918,4862,73960000,25918
3,3698,73960000,73960000,2918,4862,73980000,25924
3,3699,73980000,73980000,2918,4862,74000000,25933
3,37,740000,740000,2918,4862,760000,261
3,370,7400000,7400000,2918,4862,7420000,2595
3,3700,74000000,74000000,2918,4862,74020000,25938
3,3701,74020000,74020000,2918,4862,74040000,25946
3,3702,74040000,74040000,2918,4862,74060000,25953
3,3703,74060000,74060000,2918,4862,74080000,25960
3,3704,74080000,74080000,2918,4862,74100000,25966
3,3705,74100000,74100000,2918,4862,74120000,25974
3,3706,74120000,74120000,2918,4862,74140000,25981
3,3707,74140000,74140000,2918,4862,74160000,25987
3,3708,74160000,74160000,2918,4862,74180000,25996
3,3709,74180000,74180000,2918,4862,74200000,26001
3,371,7420000,7420000,2918,4862,7440000,2603
3,3710,74200000,74200000,2918,4862,74220000,26009
3,3711,74220000,74220000,2918,4862,74240000,26016
3,3712,74240000,74240000,2918,4862,74260000,26023
3,3713,74260000,74260000,2918,4862,74280000,26030
3,3714,74280000,74280000,2918,4862,74300000,26038
3,3715,74300000,74300000,2918,4862,74320000,26043
3,3716,74320000,74320000,2918,4862,74340000,26050
3,3717,74340000,74340000,2918,4862,74360000,26059
3,3718,74360000,74360000,2918,4862,74380000,26065
3,3719,74380000,74380000,2918,4862,74400000,26071
3,372,7440000,7440000,2918,4862,7460000,2610
3,3720,74400000,74400000,2918,4862,74420000,26080
3,3721,74420000,74420000,2918,4862,74440000,26086
3,3722,74440000,74440000,2918,4862,74460000,26092
3,3723,74460000,74460000,2918,4862,74480000,26101
3,3724,74480000,74480000,2918,4862,74500000,26107
3,3725,74500000,74500000,2918,4862,74520000,26113
3,3726,74520000,74520000,2918,4862,74540000,26121
3,3727,74540000,74540000,2918,4862,74560000,26129
3,3728,74560000,74560000,2918,4862,74580000,26135
3,3729,74580000,74580000,2918,4862,74600000,26142
3,373,7460000,7460000,2918,4862,7480000,2616
3,3730,74600000,74600000,2918,4862,74620000,26148
3,3731,74620000,74620000,2918,4862,74640000,26157
3,3732,74640000,74640000,2918,4862,74660000,26164
3,3733,74660000,74660000,2918,4862,74680000,26169
3,3734,74680000,74680000,2918,4862,74700000,26176
3,3735,74700000,74700000,2918,4862,74720000,26186
3,3736,74720000,74720000,2918,4862,74740000,26191
3,3737,74740000,74740000,2918,4862,74760000,26197
3,3738,74760000,74760000,2918,4862,74780000,26206
3,3739,74780000,74780000,2918,4862,74800000,26212
3,374,7480000,7480000,2918,4862,7500000,2624
3,3740,74800000,74800000,2918,4862,74820000,26219
3,3741,74820000,74820000,2918,4862,74840000,26227
3,3742,74840000,74840000,2918,4862,74860000,26233
3,3743,74860000,74860000,2918,4862,74880000,26239
3,3744,74880000,74880000,2918,4862,74900000,26248
3,3745,74900000,74900000,2918,4862,74920000,26254
3,3746,74920000,74920000,2918,4862,74940000,26261
3,3747,74940000,74940000,2918,4862,74960000,26268
3,3748,74960000,74960000,2918,4862,74980000,26276
3,3749,74980000,74980000,2918,4862,75000000,26282
3,375,7500000,7500000,2918,4862,7520000,2632
3,3750,75000000,75000000,2918,4862,75020000,26290
3,3751,75020000,75020000,2918,4862,75040000,26295
3,3752,75040000,75040000,2918,4862,75060000,26303
3,3753,75060000,75060000,2918,4862,75080000,26312
3,3754,75080000,75080000,2918,4862,75100000,26317
3,3755,75100000,75100000,2918,4862,75120000,26324
3,3756,75120000,75120000,2918,4862,75140000,26331
3,3757,75140000,75140000,2918,4862,75160000,26339
3,3758,75160000,75160000,2918,4862,75180000,26345
3,3759,75180000,75180000,2918,4862,75200000,26353
3,376,7520000,7520000,2918,4862,7540000,2637
3,3760,75200000,75200000,2918,4862,75220000,26358
3,3761,75220000,75220000,2918,4862,75240000,26366
3,3762,75240000,75240000,2918,4862,75260000,26375
3,3763,75260000,75260000,2918,4862,75280000,26380
3,3764,75280000,75280000,2918,4862,75300000,26386
3,3765,75300000,75300000,2918,4862,75320000,26395
3,3766,75320000,75320000,2918,4862,75340000,26402
3,3767,75340000,75340000,2918,4862,75360000,26408
3,3768,75360000,75360000,2918,4862,75380000,26416
3,3769,75380000,75380000,2918,4862,75400000,26423
3,377,7540000,7540000,2918,4862,7560000,2643
3,3770,75400000,75400000,2918,4862,75420000,26429
3,3771,75420000,75420000,2918,4862,75440000,26437
3,3772,75440000,75440000,2918,4862,75460000,26443
3,3773,75460000,75460000,2918,4862,75480000,26450
3,3774,75480000,75480000,2918,4862,75500000,26458
3,3775,75500000,75500000,2918,4862,75520000,26464
3,3776,75520000,75520000,2918,4862,75540000,26472
3,3777,75540000,75540000,2918,4862,75560000,26479
3,3778,75560000,75560000,2918,4862,75580000,26485
3,3779,75580000,75580000,2918,4862,75600000,26491
3,378,7560000,7560000,2918,4862,7580000,2654
3,3780,75600000,75600000,2918,4862,75620000,26501
3,3781,75620000,75620000,2918,4862,75640000,26506
3,3782,75640000,75640000,2918,4862,75660000,26513
3,3783,75660000,75660000,2918,4862,75680000,26522
3,3784,75680000,75680000,2918,4862,75700000,26528
3,3785,75700000,75700000,2918,4862,75720000,26534
3,3786,75720000,75720000,2918,4862,75740000,26542
3,3787,75740000,75740000,2918,4862,75760000,26549
3,3788,75760000,75760000,2918,4862,75780000,26555
3,3789,75780000,75780000,2918,4862,75800000,26563
3,379,7580000,7580000,2918,4862,7600000,2659
3,3790,75800000,75800000,2918,4862,75820000,26569
3,3791,75820000,75820000,2918,4862,75840000,26577
3,3792,75840000,75840000,2918,4862,75860000,26584
3,3793,75860000,75860000,2918,4862,75880000,26590
3,3794,75880000,75880000,2918,4862,75900000,26597
3,3795,75900000,75900000,2918,4862,75920000,26606
3,3796,75920000,75920000,2918,4862,75940000,26611
3,3797,75940000,75940000,2918,4862,75960000,26618
3,3798,75960000,75960000,2918,4862,75980000,26627
3,3799,75980000,75980000,2918,4862,76000000,26633
3,38,760000,760000,2918,4862,780000,269
3,380,7600000,7600000,2918,4862,7620000,2665
3,3800,76000000,76000000,2918,4862,76020000,26639
3,3801,76020000,76020000,2918,4862,76040000,26647
3,3802,76040000,76040000,2918,4862,76060000,26654
3,3803,76060000,76060000,2918,4862,76080000,26661
3,3804,76080000,76080000,2918,4862,76100000,26669
3,3805,76100000,76100000,2918,4862,76120000,26674
3,3806,76120000,76120000,2918,4862,76140000,26681
3,3807,76140000,76140000,2918,4862,76160000,26689
3,3808,76160000,76160000,2918,4862,76180000,26696
3,3809,76180000,76180000,2918,4862,76200000,26702
3,381,7620000,7620000,2918,4862,7640000,2673
3,3810,76200000,76200000,2918,4862,76220000,26710
3,3811,76220000,76220000,2918,4862,76240000,26717
3,3812,76240000,76240000,2918,4862,76260000,26724
3,3813,76260000,76260000,2918,4862,76280000,26732
3,3814,76280000,76280000,2918,4862,76300000,26737
3,3815,76300000,76300000,2918,4862,76320000,26744
3,3816,76320000,76320000,2918,4862,76340000,26753
3,3817,76340000,76340000,2918,4862,76360000,26759
3,3818,76360000,76360000,2918,4862,76380000,26766
3,3819,76380000,76380000,2918,4862,76400000,26773
3,382,7640000,7640000,2918,4862,7660000,2681
3,3820,76400000,76400000,2918,4862,76420000,26780
3,3821,76420000,76420000,2918,4862,76440000,26787
3,3822,76440000,76440000,2918,4862,76460000,26795
3,3823,76460000,76460000,2918,4862,76480000,26800
3,3824,76480000,76480000,2918,4862,76500000,26806
3,3825,76500000,76500000,2918,4862,76520000,26817
3,3826,76520000,76520000,2918,4862,76540000,26822
3,3827,76540000,76540000,2918,4862,76560000,26828
3,3828,76560000,76560000,2918,4862,76580000,26836
3,3829,76580000,76580000,2918,4862,76600000,26844
3,383,7660000,7660000,2918,4862,7680000,2687
3,3830,76600000,76600000,2918,4862,76620000,26850
3,3831,76620000,76620000,2918,4862,76640000,26857
3,3832,76640000,76640000,2918,4862,76660000,26864
3,3833,76660000,76660000,2918,4862,76680000,26871
3,3834,76680000,76680000,2918,4862,76700000,26879
3,3835,76700000,76700000,2918,4862,76720000,26884
3,3836,76720000,76720000,2918,4862,76740000,26892
3,3837,76740000,76740000,2918,4862,76760000,26900
3,3838,76760000,76760000,2918,4862,76780000,26906
3,3839,76780000,76780000,2918,4862,76800000,26913
3,384,7680000,7680000,2918,4862,7700000,2694
3,3840,76800000,76800000,2918,4862,76820000,26921
3,3841,76820000,76820000,2918,4862,76840000,26926
3,3842,76840000,76840000,2918,4862,76860000,26933
3,3843,76860000,76860000,2918,4862,76880000,26943
3,3844,76880000,76880000,2918,4862,76900000,26948
3,3845,76900000,76900000,2918,4862,76920000,26954
3,3846,76920000,76920000,2918,4862,76940000,26963
3,3847,76940000,76940000,2918,4862,76960000,26970
3,3848,76960000,76960000,2918,4862,76980000,26976
3,3849,76980000,76980000,2918,4862,77000000,26983
3,385,7700000,7700000,2918,4862,7720000,2700
3,3850,77000000,77000000,2918,4862,77020000,26990
3,3851,77020000,77020000,2918,4862,77040000,26997
3,3852,77040000,77040000,2918,4862,77060000,27005
3,3853,77060000,77060000,2918,4862,77080000,27011
3,3854,77080000,77080000,2918,4862,77100000,27018
3,3855,77100000,77100000,2918,4862,77120000,27026
3,3856,77120000,77120000,2918,4862,77140000,27032
3,3857,77140000,77140000,2918,4862,77160000,27039
3,3858,77160000,77160000,2918,4862,77180000,27047
3,3859,77180000,77180000,2918,4862,77200000,27053
3,386,7720000,7720000,2918,4862,7740000,2708
3,3860,77200000,77200000,2918,4862,77220000,27060
3,3861,77220000,77220000,2918,4862,77240000,27068
3,3862,77240000,77240000,2918,4862,77260000,27074
3,3863,77260000,77260000,2918,4862,77280000,27081
3,3864,77280000,77280000,2918,4862,77300000,27089
3,3865,77300000,77300000,2918,4862,77320000,27095
3,3866,77320000,77320000,2918,4862,77340000,27102
3,3867,77340000,77340000,2918,4862,77360000,27111
3,3868,77360000,77360000,2918,4862,77380000,27116
3,3869,77380000,77380000,2918,4862,77400000,27122
3,387,7740000,7740000,2918,4862,7760000,2716
3,3870,77400000,77400000,2918,4862,77420000,27131
3,3871,77420000,77420000,2918,4862,77440000,27138
3,3872,77440000,77440000,2918,4862,77460000,27144
3,3873,77460000,77460000,2918,4862,77480000,27152
3,3874,77480000,77480000,2918,4862,77500000,27159
3,3875,77500000,77500000,2918,4862,77520000,27165
3,3876,77520000,77520000,2918,4862,77540000,27173
3,3877,77540000,77540000,2918,4862,77560000,27179
3,3878,77560000,77560000,2918,4862,77580000,27186
3,3879,77580000,77580000,2918,4862,77600000,27194
3,388,7760000,7760000,2918,4862,7780000,2722
3,3880,77600000,77600000,2918,4862,77620000,27200
3,3881,77620000,77620000,2918,4862,77640000,27208
3,3882,77640000,77640000,2918,4862,77660000,27215
3,3883,77660000,77660000,2918,4862,77680000,27221
3,3884,77680000,77680000,2918,4862,77700000,27228
3,3885,77700000,77700000,2918,4862,77720000,27237
3,3886,77720000,77720000,2918,4862,77740000,27242
3,3887,77740000,77740000,2918,4862,77760000,27248
3,3888,77760000,77760000,2918,4862,77780000,27259
3,3889,77780000,77780000,2918,4862,77800000,27264
3,389,7780000,7780000,2918,4862,7800000,2728
3,3890,77800000,77800000,2918,4862,77820000,27270
3,3891,77820000,77820000,2918,4862,77840000,27277
3,3892,77840000,77840000,2918,4862,77860000,27285
3,3893,77860000,77860000,2918,4862,77880000,27292
3,3894,77880000,77880000,2918,4862,77900000,27299
3,3895,77900000,77900000,2918,4862,77920000,27305
3,3896,77920000,77920000,2918,4862,77940000,27312
3,3897,77940000,77940000,2918,4862,77960000,27321
3,3898,77960000,77960000,2918,4862,77980000,27326
3,3899,77980000,77980000,2918,4862,78000000,27333
3,39,780000,780000,2918,4862,800000,276
3,390,7800000,7800000,2918,4862,7820000,2736
3,3900,78000000,78000000,2918,4862,78020000,27341
3,3901,78020000,78020000,2918,4862,78040000,27348
3,3902,78040000,78040000,2918,4862,78060000,27355
3,3903,78060000,78060000,2918,4862,78080000,27363
3,3904,78080000,78080000,2918,4862,78100000,27368
3,3905,78100000,78100000,2918,4862,78120000,27375
3,3906,78120000,78120000,2918,4862,78140000,27384
3,3907,78140000,78140000,2918,4862,78160000,27390
3,3908,78160000,78160000,2918,4862,78180000,27396
3,3909,78180000,78180000,2918,4862,78200000,27404
3,391,7820000,7820000,2918,4862,7840000,2743
3,3910,78200000,78200000,2918,4862,78220000,27411
3,3911,78220000,78220000,2918,4862,78240000,27418
3,3912,78240000,78240000,2918,4862,78260000,27425
3,3913,78260000,78260000,2918,4862,78280000,27431
3,3914,78280000,78280000,2918,4862,78300000,27438
3,3915,78300000,78300000,2918,4862,78320000,27447
3,3916,78320000,78320000,2918,4862,78340000,27453
3,3917,78340000,78340000,2918,4862,78360000,27459
3,3918,78360000,78360000,2918,4862,78380000,27468
3,3919,78380000,78380000,2918,4862,78400000,27474
3,392,7840000,7840000,2918,4862,7860000,2750
3,3920,78400000,78400000,2918,4862,78420000,27481
3,3921,78420000,78420000,2918,4862,78440000,27488
3,3922,78440000,78440000,2918,4862,78460000,27495
3,3923,78460000,78460000,2918,4862,78480000,27502
3,3924,78480000,78480000,2918,4862,78500000,27510
3,3925,78500000,78500000,2918,4862,78520000,27515
3,3926,78520000,78520000,2918,4862,78540000,27522
3,3927,78540000,78540000,2918,4862,78560000,27531
3,3928,78560000,78560000,2918,4862,78580000,27537
3,3929,78580000,78580000,2918,4862,78600000,27543
3,393,7860000,7860000,2918,4862,7880000,2758
3,3930,78600000,78600000,2918,4862,78620000,27552
3,3931,78620000,78620000,2918,4862,78640000,27558
3,3932,78640000,78640000,2918,4862,78660000,27564
3,3933,78660000,78660000,2918,4862,78680000,27573
3,3934,78680000,78680000,2918,4862,78700000,27579
3,3935,78700000,78700000,2918,4862,78720000,27586
3,3936,78720000,78720000,2918,4862,78740000,27593
3,3937,78740000,78740000,2918,4862,78760000,27601
3,3938,78760000,78760000,2918,4862,78780000,27607
3,3939,78780000,78780000,2918,4862,78800000,27615
3,394,7880000,7880000,2918,4862,7900000,2763
3,3940,78800000,78800000,2918,4862,78820000,27620
3,3941,78820000,78820000,2918,4862,78840000,27628
3,3942,78840000,78840000,2918,4862,78860000,27636
3,3943,78860000,78860000,2918,4862,78880000,27641
3,3944,78880000,78880000,2918,4862,78900000,27649
3,3945,78900000,78900000,2918,4862,78920000,27657
3,3946,78920000,78920000,2918,4862,78940000,27663
3,3947,78940000,78940000,2918,4862,78960000,27669
3,3948,78960000,78960000,2918,4862,78980000,27679
3,3949,78980000,78980000,2918,4862,79000000,27684
3,395,7900000,7900000,2918,4862,7920000,2771
3,3950,79000000,79000000,2918,4862,79020000,27690
3,3951,79020000,79020000,2918,4862,79040000,27699
3,3952,79040000,79040000,2918,4862,79060000,27706
3,3953,79060000,79060000,2918,4862,79080000,27712
3,3954,79080000,79080000,2918,4862,79100000,27719
3,3955,79100000,79100000,2918,4862,79120000,27726
3,3956,79120000,79120000,2918,4862,79140000,27734
3,3957,79140000,79140000,2918,4862,79160000,27741
3,3958,79160000,79160000,2918,4862,79180000,27747
3,3959,79180000,79180000,2918,4862,79200000,27753
3,396,7920000,7920000,2918,4862,7940000,2779
3,3960,79200000,79200000,2918,4862,79220000,27762
3,3961,79220000,79220000,2918,4862,79240000,27768
3,3962,79240000,79240000,2918,4862,79260000,27775
3,3963,79260000,79260000,2918,4862,79280000,27783
3,3964,79280000,79280000,2918,4862,79300000,27789
3,3965,79300000,79300000,2918,4862,79320000,27797
3,3966,79320000,79320000,2918,4862,79340000,27804
3,3967,79340000,79340000,2918,4862,79360000,27810
3,3968,79360000,79360000,2918,4862,79380000,27816
3,3969,79380000,79380000,2918,4862,79400000,27826
3,397,7940000,7940000,2918,4862,7960000,2785
3,3970,79400000,79400000,2918,4862,79420000,27831
3,3971,79420000,79420000,2918,4862,79440000,27838
3,3972,79440000,79440000,2918,4862,79460000,27846
3,3973,79460000,79460000,2918,4862,79480000,27853
3,3974,79480000,79480000,2918,4862,79500000,27859
3,3975,79500000,79500000,2918,4862,79520000,27867
3,3976,79520000,79520000,2918,4862,79540000,27873
3,3977,79540000,79540000,2918,4862,79560000,27879
3,3978,79560000,79560000,2918,4862,79580000,27889
3,3979,79580000,79580000,2918,4862,79600000,27895
3,398,7960000,7960000,2918,4862,7980000,2791
3,3980,79600000,79600000,2918,4862,79620000,27901
3,3981,79620000,79620000,2918,4862,79640000,27908
3,3982,79640000,79640000,2918,4862,79660000,27916
3,3983,79660000,79660000,2918,4862,79680000,27923
3,3984,79680000,79680000,2918,4862,79700000,27930
3,3985,79700000,79700000,2918,4862,79720000,27935
3,3986,79720000,79720000,2918,4862,79740000,27944
3,3987,79740000,79740000,2918,4862,79760000,27952
3,3988,79760000,79760000,2918,4862,79780000,27957
3,3989,79780000,79780000,2918,4862,79800000,27963
3,399,7980000,7980000,2918,4862,8000000,2800
3,3990,79800000,79800000,2918,4862,79820000,27973
3,3991,79820000,79820000,2918,4862,79840000,27979
3,3992,79840000,79840000,2918,4862,79860000,27985
3,3993,79860000,79860000,2918,4862,79880000,27994
3,3994,79880000,79880000,2918,4862,79900000,27999
3,3995,79900000,79900000,2918,4862,79920000,28006
3,3996,79920000,79920000,2918,4862,79940000,28014
3,3997,79940000,79940000,2918,4862,79960000,28021
3,3998,79960000,79960000,2918,4862,79980000,28027
3,3999,79980000,79980000,2918,4862,80000000,28035
3,4,80000,80000,2918,4862,100000,31
3,40,800000,800000,2918,4862,820000,282
3,400,8000000,8000000,2918,4862,8020000,2806
3,4000,80000000,80000000,2918,4862,80020000,28042
3,4001,80020000,80020000,2918,4862,80040000,28049
3,4002,80040000,80040000,2918,4862,80060000,28056
3,4003,80060000,80060000,2918,4862,80080000,28062
3,4004,80080000,80080000,2918,4862,80100000,28069
3,4005,80100000,80100000,2918,4862,80120000,28078
3,4006,80120000,80120000,2918,4862,80140000,28083
3,4007,80140000,80140000,2918,4862,80160000,28091
3,4008,80160000,80160000,2918,4862,80180000,28099
3,4009,80180000,80180000,2918,4862,80200000,28105
3,401,8020000,8020000,2918,4862,8040000,2813
3,4010,80200000,80200000,2918,4862,80220000,28111
3,4011,80220000,80220000,2918,4862,80240000,28119
3,4012,80240000,80240000,2918,4862,80260000,28126
3,4013,80260000,80260000,2918,4862,80280000,28132
3,4014,80280000,80280000,2918,4862,80300000,28141
3,4015,80300000,80300000,2918,4862,80320000,28146
3,4016,80320000,80320000,2918,4862,80340000,28154
3,4017,80340000,80340000,2918,4862,80360000,28161
3,4018,80360000,80360000,2918,4862,80380000,28168
3,4019,80380000,80380000,2918,4862,80400000,28174
3,402,8040000,8040000,2918,4862,8060000,2821
3,4020,80400000,80400000,2918,4862,80420000,28183
3,4021,80420000,80420000,2918,4862,80440000,28189
3,4022,80440000,80440000,2918,4862,80460000,28195
3,4023,80460000,80460000,2918,4862,80480000,28204
3,4024,80480000,80480000,2918,4862,80500000,28210
3,4025,80500000,80500000,2918,4862,80520000,28217
3,4026,80520000,80520000,2918,4862,80540000,28224
3,4027,80540000,80540000,2918,4862,80560000,28231
3,4028,80560000,80560000,2918,4862,80580000,28238
3,4029,80580000,80580000,2918,4862,80600000,28246
3,403,8060000,8060000,2918,4862,8080000,2827
3,4030,80600000,80600000,2918,4862,80620000,28251
3,4031,80620000,80620000,2918,4862,80640000,28258
3,4032,80640000,80640000,2918,4862,80660000,28267
3,4033,80660000,80660000,2918,4862,80680000,28273
3,4034,80680000,80680000,2918,4862,80700000,28279
3,4035,80700000,80700000,2918,4862,80720000,28288
3,4036,80720000,80720000,2918,4862,80740000,28294
3,4037,80740000,80740000,2918,4862,80760000,28301
3,4038,80760000,80760000,2918,4862,80780000,28309
3,4039,80780000,80780000,2918,4862,80800000,28315
3,404,8080000,8080000,2918,4862,8100000,2833
3,4040,80800000,80800000,2918,4862,80820000,28321
3,4041,80820000,80820000,2918,4862,80840000,28330
3,4042,80840000,80840000,2918,4862,80860000,28337
3,4043,80860000,80860000,2918,4862,80880000,28343
3,4044,80880000,80880000,2918,4862,80900000,28350
3,4045,80900000,80900000,2918,4862,80920000,28356
3,4046,80920000,80920000,2918,4862,80940000,28365
3,4047,80940000,80940000,2918,4862,80960000,28372
3,4048,80960000,80960000,2918,4862,80980000,28377
3,4049,80980000,80980000,2918,4862,81000000,28384
3,405,8100000,8100000,2918,4862,8120000,2842
3,4050,81000000,81000000,2918,4862,81020000,28394
3,4051,81020000,81020000,2918,4862,81040000,28399
3,4052,81040000,81040000,2918,4862,81060000,28405
3,4053,81060000,81060000,2918,4862,81080000,28414
3,4054,81080000,81080000,2918,4862,81100000,28421
3,4055,81100000,81100000,2918,4862,81120000,28427
3,4056,81120000,81120000,2918,4862,81140000,28435
3,4057,81140000,81140000,2918,4862,81160000,28441
3,4058,81160000,81160000,2918,4862,81180000,28448
3,4059,81180000,81180000,2918,4862,81200000,28456
3,406,8120000,8120000,2918,4862,8140000,2848
3,4060,81200000,81200000,2918,4862,81220000,28462
3,4061,81220000,81220000,2918,4862,81240000,28469
3,4062,81240000,81240000,2918,4862,81260000,28476
3,4063,81260000,81260000,2918,4862,81280000,28484
3,4064,81280000,81280000,2918,4862,81300000,28490
3,4065,81300000,81300000,2918,4862,81320000,28498
3,4066,81320000,81320000,2918,4862,81340000,28503
3,4067,81340000,81340000,2918,4862,81360000,28511
3,4068,81360000,81360000,2918,4862,81380000,28520
3,4069,81380000,81380000,2918,4862,81400000,28525
3,407,8140000,8140000,2918,4862,8160000,2854
3,4070,81400000,81400000,2918,4862,81420000,28532
3,4071,81420000,81420000,2918,4862,81440000,28540
3,4072,81440000,81440000,2918,4862,81460000,28547
3,4073,81460000,81460000,2918,4862,81480000,28553
3,4074,81480000,81480000,2918,4862,81500000,28561
3,4075,81500000,81500000,2918,4862,81520000,28567
3,4076,81520000,81520000,2918,4862,81540000,28574
3,4077,81540000,81540000,2918,4862,81560000,28583
3,4078,81560000,81560000,2918,4862,81580000,28588
3,4079,81580000,81580000,2918,4862,81600000,28594
3,408,8160000,8160000,2918,4862,8180000,2863
3,4080,81600000,81600000,2918,4862,81620000,28603
3,4081,81620000,81620000,2918,4862,81640000,28610
3,4082,81640000,81640000,2918,4862,81660000,28616
3,4083,81660000,81660000,2918,4862,81680000,28624
3,4084,81680000,81680000,2918,4862,81700000,28631
3,4085,81700000,81700000,2918,4862,81720000,28637
3,4086,81720000,81720000,2918,4862,81740000,28645
3,4087,81740000,81740000,2918,4862,81760000,28651
3,4088,81760000,81760000,2918,4862,81780000,28659
3,4089,81780000,81780000,2918,4862,81800000,28666
3,409,8180000,8180000,2918,4862,8200000,2870
3,4090,81800000,81800000,2918,4862,81820000,28672
3,4091,81820000,81820000,2918,4862,81840000,28680
3,4092,81840000,81840000,2918,4862,81860000,28688
3,4093,81860000,81860000,2918,4862,81880000,28693
3,4094,81880000,81880000,2918,4862,81900000,28699
3,4095,81900000,81900000,2918,4862,81920000,28709
3,4096,81920000,81920000,2918,4862,81940000,28714
3,4097,81940000,81940000,2918,4862,81960000,28721
3,4098,81960000,81960000,2918,4862,81980000,28730
3,4099,81980000,81980000,2918,4862,82000000,28736
3,41,820000,820000,2918,4862,840000,289
3,410,8200000,8200000,2918,4862,8220000,2876
3,4100,82000000,82000000,2918,4862,82020000,28742
3,4101,82020000,82020000,2918,4862,82040000,28750
3,4102,82040000,82040000,2918,4862,82060000,28757
3,4103,82060000,82060000,2918,4862,82080000,28763
3,4104,82080000,82080000,2918,4862,82100000,28771
3,4105,82100000,82100000,2918,4862,82120000,28778
3,4106,82120000,82120000,2918,4862,82140000,28785
3,4107,82140000,82140000,2918,4862,82160000,28792
3,4108,82160000,82160000,2918,4862,82180000,28798
3,4109,82180000,82180000,2918,4862,82200000,28806
3,411,8220000,8220000,2918,4862,8240000,2883
3,4110,82200000,82200000,2918,4862,82220000,28814
3,4111,82220000,82220000,2918,4862,82240000,28819
3,4112,82240000,82240000,2918,4862,82260000,28826
3,4113,82260000,82260000,2918,4862,82280000,28835
3,4114,82280000,82280000,2918,4862,82300000,28841
3,4115,82300000,82300000,2918,4862,82320000,28847
3,4116,82320000,82320000,2918,4862,82340000,28855
3,4117,82340000,82340000,2918,4862,82360000,28862
3,4118,82360000,82360000,2918,4862,82380000,28869
3,4119,82380000,82380000,2918,4862,82400000,28877
3,412,8240000,8240000,2918,4862,8260000,2890
3,4120,82400000,82400000,2918,4862,82420000,28882
3,4121,82420000,82420000,2918,4862,82440000,28889
3,4122,82440000,82440000,2918,4862,82460000,28898
3,4123,82460000,82460000,2918,4862,82480000,28904
3,4124,82480000,82480000,2918,4862,82500000,28910
3,4125,82500000,82500000,2918,4862,82520000,28918
3,4126,82520000,82520000,2918,4862,82540000,28926
3,4127,82540000,82540000,2918,4862,82560000,28932
3,4128,82560000,82560000,2918,4862,82580000,28940
3,4129,82580000,82580000,2918,4862,82600000,28945
3,413,8260000,8260000,2918,4862,8280000,2897
3,4130,82600000,82600000,2918,4862,82620000,28952
3,4131,82620000,82620000,2918,4862,82640000,28961
3,4132,82640000,82640000,2918,4862,82660000,28967
3,4133,82660000,82660000,2918,4862,82680000,28974
3,4134,82680000,82680000,2918,4862,82700000,28981
3,4135,82700000,82700000,2918,4862,82720000,28988
3,4136,82720000,82720000,2918,4862,82740000,28995
3,4137,82740000,82740000,2918,4862,82760000,29003
3,4138,82760000,82760000,2918,4862,82780000,29008
3,4139,82780000,82780000,2918,4862,82800000,29015
3,414,8280000,8280000,2918,4862,8300000,2905
3,4140,82800000,82800000,2918,4862,82820000,29025
3,4141,82820000,82820000,2918,4862,82840000,29030
3,4142,82840000,82840000,2918,4862,82860000,29036
3,4143,82860000,82860000,2918,4862,82880000,29045
3,4144,82880000,82880000,2918,4862,82900000,29052
3,4145,82900000,82900000,2918,4862,82920000,29058
3,4146,82920000,82920000,2918,4862,82940000,29065
3,4147,82940000,82940000,2918,4862,82960000,29072
3,4148,82960000,82960000,2918,4862,82980000,29079
3,4149,82980000,82980000,2918,4862,83000000,29087
3,415,8300000,8300000,2918,4862,8320000,2910
3,4150,83000000,83000000,2918,4862,83020000,29092
3,4151,83020000,83020000,2918,4862,83040000,29100
3,4152,83040000,83040000,2918,4862,83060000,29108
3,4153,83060000,83060000,2918,4862,83080000,29114
3,4154,83080000,83080000,2918,4862,83100000,29121
3,4155,83100000,83100000,2918,4862,83120000,29129
3,4156,83120000,83120000,2918,4862,83140000,29135
3,4157,83140000,83140000,2918,4862,83160000,29141
3,4158,83160000,83160000,2918,4862,83180000,29151
3,4159,83180000,83180000,2918,4862,83200000,29156
3,416,8320000,8320000,2918,4862,8340000,2919
3,4160,83200000,83200000,2918,4862,83220000,29163
3,4161,83220000,83220000,2918,4862,83240000,29171
3,4162,83240000,83240000,2918,4862,83260000,29178
3,4163,83260000,83260000,2918,4862,83280000,29184
3,4164,83280000,83280000,2918,4862,83300000,29191
3,4165,83300000,83300000,2918,4862,83320000,29198
3,4166,83320000,83320000,2918,4862,83340000,29205
3,4167,83340000,83340000,2918,4862,83360000,29213
3,4168,83360000,83360000,2918,4862,83380000,29219
3,4169,83380000,83380000,2918,4862,83400000,29226
3,417,8340000,8340000,2918,4862,8360000,2926
3,4170,83400000,83400000,2918,4862,83420000,29234
3,4171,83420000,83420000,2918,4862,83440000,29240
3,4172,83440000,83440000,2918,4862,83460000,29247
3,4173,83460000,83460000,2918,4862,83480000,29256
3,4174,83480000,83480000,2918,4862,83500000,29261
3,4175,83500000,83500000,2918,4862,83520000,29268
3,4176,83520000,83520000,2918,4862,83540000,29276
3,4177,83540000,83540000,2918,4862,83560000,29283
3,4178,83560000,83560000,2918,4862,83580000,29289
3,4179,83580000,83580000,2918,4862,83600000,29297
3,418,8360000,8360000,2918,4862,8380000,2932
3,4180,83600000,83600000,2918,4862,83620000,29303
3,4181,83620000,83620000,2918,4862,83640000,29310
3,4182,83640000,83640000,2918,4862,83660000,29319
3,4183,83660000,83660000,2918,4862,83680000,29324
3,4184,83680000,83680000,2918,4862,83700000,29330
3,4185,83700000,83700000,2918,4862,83720000,29339
3,4186,83720000,83720000,2918,4862,83740000,29346
3,4187,83740000,83740000,2918,4862,83760000,29352
3,4188,83760000,83760000,2918,4862,83780000,29360
3,4189,83780000,83780000,2918,4862,83800000,29367
3,419,8380000,8380000,2918,4862,8400000,2938
3,4190,83800000,83800000,2918,4862,83820000,29374
3,4191,83820000,83820000,2918,4862,83840000,29381
3,4192,83840000,83840000,2918,4862,83860000,29387
3,4193,83860000,83860000,2918,4862,83880000,29394
3,4194,83880000,83880000,2918,4862,83900000,29403
3,4195,83900000,83900000,2918,4862,83920000,29408
3,4196,83920000,83920000,2918,4862,83940000,29416
3,4197,83940000,83940000,2918,4862,83960000,29423
3,4198,83960000,83960000,2918,4862,83980000,29429
3,4199,83980000,83980000,2918,4862,84000000,29436
3,42,840000,840000,2918,4862,860000,298
3,420,8400000,8400000,2918,4862,8420000,2948
3,4200,84000000,84000000,2918,4862,84020000,29445
3,4201,84020000,84020000,2918,4862,84040000,29450
3,4202,84040000,84040000,2918,4862,84060000,29456
3,4203,84060000,84060000,2918,4862,84080000,29467
3,4204,84080000,84080000,2918,4862,84100000,29472
3,4205,84100000,84100000,2918,4862,84120000,29478
3,4206,84120000,84120000,2918,4862,84140000,29485
3,4207,84140000,84140000,2918,4862,84160000,29494
3,4208,84160000,84160000,2918,4862,84180000,29500
3,4209,84180000,84180000,2918,4862,84200000,29507
3,421,8420000,8420000,2918,4862,8440000,2953
3,4210,84200000,84200000,2918,4862,84220000,29513
3,4211,84220000,84220000,2918,4862,84240000,29521
3,4212,84240000,84240000,2918,4862,84260000,29529
3,4213,84260000,84260000,2918,4862,84280000,29534
3,4214,84280000,84280000,2918,4862,84300000,29541
3,4215,84300000,84300000,2918,4862,84320000,29549
3,4216,84320000,84320000,2918,4862,84340000,29556
3,4217,84340000,84340000,2918,4862,84360000,29563
3,4218,84360000,84360000,2918,4862,84380000,29571
3,4219,84380000,84380000,2918,4862,84400000,29576
3,422,8440000,8440000,2918,4862,8460000,2959
3,4220,84400000,84400000,2918,4862,84420000,29583
3,4221,84420000,84420000,2918,4862,84440000,29592
3,4222,84440000,84440000,2918,4862,84460000,29598
3,4223,84460000,84460000,2918,4862,84480000,29604
3,4224,84480000,84480000,2918,4862,84500000,29613
3,4225,84500000,84500000,2918,4862,84520000,29619
3,4226,84520000,84520000,2918,4862,84540000,29626
3,4227,84540000,84540000,2918,4862,84560000,29633
3,4228,84560000,84560000,2918,4862,84580000,29640
3,4229,84580000,84580000,2918,4862,84600000,29646
3,423,8460000,8460000,2918,4862,8480000,2969
3,4230,84600000,84600000,2918,4862,84620000,29655
3,4231,84620000,84620000,2918,4862,84640000,29661
3,4232,84640000,84640000,2918,4862,84660000,29667
3,4233,84660000,84660000,2918,4862,84680000,29676
3,4234,84680000,84680000,2918,4862,84700000,29682
3,4235,84700000,84700000,2918,4862,84720000,29689
3,4236,84720000,84720000,2918,4862,84740000,29696
3,4237,84740000,84740000,2918,4862,84760000,29703
3,4238,84760000,84760000,2918,4862,84780000,29710
3,4239,84780000,84780000,2918,4862,84800000,29718
3,424,8480000,8480000,2918,4862,8500000,2974
3,4240,84800000,84800000,2918,4862,84820000,29723
3,4241,84820000,84820000,2918,4862,84840000,29731
3,4242,84840000,84840000,2918,4862,84860000,29739
3,4243,84860000,84860000,2918,4862,84880000,29745
3,4244,84880000,84880000,2918,4862,84900000,29751
3,4245,84900000,84900000,2918,4862,84920000,29761
3,4246,84920000,84920000,2918,4862,84940000,29766
3,4247,84940000,84940000,2918,4862,84960000,29772
3,4248,84960000,84960000,2918,4862,84980000,29781
3,4249,84980000,84980000,2918,4862,85000000,29787
3,425,8500000,8500000,2918,4862,8520000,2981
3,4250,85000000,85000000,2918,4862,85020000,29794
3,4251,85020000,85020000,2918,4862,85040000,29801
3,4252,85040000,85040000,2918,4862,85060000,29809
3,4253,85060000,85060000,2918,4862,85080000,29815
3,4254,85080000,85080000,2918,4862,85100000,29823
3,4255,85100000,85100000,2918,4862,85120000,29828
3,4256,85120000,85120000,2918,4862,85140000,29836
3,4257,85140000,85140000,2918,4862,85160000,29844
3,4258,85160000,85160000,2918,4862,85180000,29850
3,4259,85180000,85180000,2918,4862,85200000,29857
3,426,8520000,8520000,2918,4862,8540000,2988
3,4260,85200000,85200000,2918,4862,85220000,29865
3,4261,85220000,85220000,2918,4862,85240000,29871
3,4262,85240000,85240000,2918,4862,85260000,29878
3,4263,85260000,85260000,2918,4862,85280000,29887
3,4264,85280000,85280000,2918,4862,85300000,29892
3,4265,85300000,85300000,2918,4862,85320000,29898
3,4266,85320000,85320000,2918,4862,85340000,29907
3,4267,85340000,85340000,2918,4862,85360000,29914
3,4268,85360000,85360000,2918,4862,85380000,29920
3,4269,85380000,85380000,2918,4862,85400000,29927
3,427,8540000,8540000,2918,4862,8560000,2996
3,4270,85400000,85400000,2918,4862,85420000,29934
3,4271,85420000,85420000,2918,4862,85440000,29942
3,4272,85440000,85440000,2918,4862,85460000,29949
3,4273,85460000,85460000,2918,4862,85480000,29955
3,4274,85480000,85480000,2918,4862,85500000,29961
3,4275,85500000,85500000,2918,4862,85520000,29971
3,4276,85520000,85520000,2918,4862,85540000,29976
3,4277,85540000,85540000,2918,4862,85560000,29983
3,4278,85560000,85560000,2918,4862,85580000,29991
3,4279,85580000,85580000,2918,4862,85600000,29998
3,428,8560000,8560000,2918,4862,8580000,3002
3,4280,85600000,85600000,2918,4862,85620000,30005
3,4281,85620000,85620000,2918,4862,85640000,30012
3,4282,85640000,85640000,2918,4862,85660000,30018
3,4283,85660000,85660000,2918,4862,85680000,30024
3,4284,85680000,85680000,2918,4862,85700000,30034
3,4285,85700000,85700000,2918,4862,85720000,30039
3,4286,85720000,85720000,2918,4862,85740000,30046
3,4287,85740000,85740000,2918,4862,85760000,30054
3,4288,85760000,85760000,2918,4862,85780000,30061
3,4289,85780000,85780000,2918,4862,85800000,30067
3,429,8580000,8580000,2918,4862,8600000,3010
3,4290,85800000,85800000,2918,4862,85820000,30075
3,4291,85820000,85820000,2918,4862,85840000,30081
3,4292,85840000,85840000,2918,4862,85860000,30088
3,4293,85860000,85860000,2918,4862,85880000,30097
3,4294,85880000,85880000,2918,4862,85900000,30103
3,4295,85900000,85900000,2918,4862,85920000,30109
3,4296,85920000,85920000,2918,4862,85940000,30117
3,4297,85940000,85940000,2918,4862,85960000,30124
3,4298,85960000,85960000,2918,4862,85980000,30131
3,4299,85980000,85980000,2918,4862,86000000,30138
3,43,860000,860000,2918,4862,880000,303
3,430,8600000,8600000,2918,4862,8620000,3016
3,4300,86000000,86000000,2918,4862,86020000,30143
3,4301,86020000,86020000,2918,4862,86040000,30152
3,4302,86040000,86040000,2918,4862,86060000,30160
3,4303,86060000,86060000,2918,4862,86080000,30165
3,4304,86080000,86080000,2918,4862,86100000,30171
3,4305,86100000,86100000,2918,4862,86120000,30181
3,4306,86120000,86120000,2918,4862,86140000,30187
3,4307,86140000,86140000,2918,4862,86160000,30193
3,4308,86160000,86160000,2918,4862,86180000,30202
3,4309,86180000,86180000,2918,4862,86200000,30208
3,431,8620000,8620000,2918,4862,8640000,3023
3,4310,86200000,86200000,2918,4862,86220000,30214
3,4311,86220000,86220000,2918,4862,86240000,30222
3,4312,86240000,86240000,2918,4862,86260000,30229
3,4313,86260000,86260000,2918,4862,86280000,30236
3,4314,86280000,86280000,2918,4862,86300000,30243
3,4315,86300000,86300000,2918,4862,86320000,30250
3,4316,86320000,86320000,2918,4862,86340000,30257
3,4317,86340000,86340000,2918,4862,86360000,30264
3,4318,86360000,86360000,2918,4862,86380000,30270
3,4319,86380000,86380000,2918,4862,86400000,30277
3,432,8640000,8640000,2918,4862,8660000,3031
3,4320,86400000,86400000,2918,4862,86420000,30286
3,4321,86420000,86420000,2918,4862,86440000,30291
3,4322,86440000,86440000,2918,4862,86460000,30299
3,4323,86460000,86460000,2918,4862,86480000,30307
3,4324,86480000,86480000,2918,4862,86500000,30313
3,4325,86500000,86500000,2918,4862,86520000,30319
3,4326,86520000,86520000,2918,4862,86540000,30328
3,4327,86540000,86540000,2918,4862,86560000,30334
3,4328,86560000,86560000,2918,4862,86580000,30340
3,4329,86580000,86580000,2918,4862,86600000,30349
3,433,8660000,8660000,2918,4862,8680000,3037
3,4330,86600000,86600000,2918,4862,86620000,30355
3,4331,86620000,86620000,2918,4862,86640000,30362
3,4332,86640000,86640000,2918,4862,86660000,30369
3,4333,86660000,86660000,2918,4862,86680000,30376
3,4334,86680000,86680000,2918,4862,86700000,30382
3,4335,86700000,86700000,2918,4862,86720000,30391
3,4336,86720000,86720000,2918,4862,86740000,30397
3,4337,86740000,86740000,2918,4862,86760000,30403
3,4338,86760000,86760000,2918,4862,86780000,30412
3,4339,86780000,86780000,2918,4862,86800000,30418
3,434,8680000,8680000,2918,4862,8700000,3044
3,4340,86800000,86800000,2918,4862,86820000,30425
3,4341,86820000,86820000,2918,4862,86840000,30432
3,4342,86840000,86840000,2918,4862,86860000,30439
3,4343,86860000,86860000,2918,4862,86880000,30447
3,4344,86880000,86880000,2918,4862,86900000,30454
3,4345,86900000,86900000,2918,4862,86920000,30459
3,4346,86920000,86920000,2918,4862,86940000,30466
3,4347,86940000,86940000,2918,4862,86960000,30476
3,4348,86960000,86960000,2918,4862,86980000,30481
3,4349,86980000,86980000,2918,4862,87000000,30487
3,435,8700000,8700000,2918,4862,8720000,3052
3,4350,87000000,87000000,2918,4862,87020000,30496
3,4351,87020000,87020000,2918,4862,87040000,30502
3,4352,87040000,87040000,2918,4862,87060000,30509
3,4353,87060000,87060000,2918,4862,87080000,30517
3,4354,87080000,87080000,2918,4862,87100000,30523
3,4355,87100000,87100000,2918,4862,87120000,30529
3,4356,87120000,87120000,2918,4862,87140000,30538
3,4357,87140000,87140000,2918,4862,87160000,30545
3,4358,87160000,87160000,2918,4862,87180000,30551
3,4359,87180000,87180000,2918,4862,87200000,30558
3,436,8720000,8720000,2918,4862,8740000,3058
3,4360,87200000,87200000,2918,4862,87220000,30565
3,4361,87220000,87220000,2918,4862,87240000,30573
3,4362,87240000,87240000,2918,4862,87260000,30580
3,4363,87260000,87260000,2918,4862,87280000,30585
3,4364,87280000,87280000,2918,4862,87300000,30593
3,4365,87300000,87300000,2918,4862,87320000,30602
3,4366,87320000,87320000,2918,4862,87340000,30607
3,4367,87340000,87340000,2918,4862,87360000,30613
3,4368,87360000,87360000,2918,4862,87380000,30622
3,4369,87380000,87380000,2918,4862,87400000,30629
3,437,8740000,8740000,2918,4862,8760000,3066
3,4370,87400000,87400000,2918,4862,87420000,30635
3,4371,87420000,87420000,2918,4862,87440000,30643
3,4372,87440000,87440000,2918,4862,87460000,30649
3,4373,87460000,87460000,2918,4862,87480000,30656
3,4374,87480000,87480000,2918,4862,87500000,30664
3,4375,87500000,87500000,2918,4862,87520000,30670
3,4376,87520000,87520000,2918,4862,87540000,30677
3,4377,87540000,87540000,2918,4862,87560000,30685
3,4378,87560000,87560000,2918,4862,87580000,30692
3,4379,87580000,87580000,2918,4862,87600000,30698
3,438,8760000,8760000,2918,4862,8780000,3074
3,4380,87600000,87600000,2918,4862,87620000,30706
3,4381,87620000,87620000,2918,4862,87640000,30712
3,4382,87640000,87640000,2918,4862,87660000,30719
3,4383,87660000,87660000,2918,4862,87680000,30728
3,4384,87680000,87680000,2918,4862,87700000,30733
3,4385,87700000,87700000,2918,4862,87720000,30740
3,4386,87720000,87720000,2918,4862,87740000,30748
3,4387,87740000,87740000,2918,4862,87760000,30755
3,4388,87760000,87760000,2918,4862,87780000,30761
3,4389,87780000,87780000,2918,4862,87800000,30769
3,439,8780000,8780000,2918,4862,8800000,3079
3,4390,87800000,87800000,2918,4862,87820000,30775
3,4391,87820000,87820000,2918,4862,87840000,30782
3,4392,87840000,87840000,2918,4862,87860000,30791
3,4393,87860000,87860000,2918,4862,87880000,30796
3,4394,87880000,87880000,2918,4862,87900000,30803
3,4395,87900000,87900000,2918,4862,87920000,30811
3,4396,87920000,87920000,2918,4862,87940000,30818
3,4397,87940000,87940000,2918,4862,87960000,30824
3,4398,87960000,87960000,2918,4862,87980000,30833
3,4399,87980000,87980000,2918,4862,88000000,30839
3,44,880000,880000,2918,4862,900000,309
3,440,8800000,8800000,2918,4862,8820000,3085
3,4400,88000000,88000000,2918,4862,88020000,30845
3,4401,88020000,88020000,2918,4862,88040000,30853
3,4402,88040000,88040000,2918,4862,88060000,30859
3,4403,88060000,88060000,2918,4862,88080000,30867
3,4404,88080000,88080000,2918,4862,88100000,30874
3,4405,88100000,88100000,2918,4862,88120000,30880
3,4406,88120000,88120000,2918,4862,88140000,30888
3,4407,88140000,88140000,2918,4862,88160000,30896
3,4408,88160000,88160000,2918,4862,88180000,30901
3,4409,88180000,88180000,2918,4862,88200000,30907
3,441,8820000,8820000,2918,4862,8840000,3094
3,4410,88200000,88200000,2918,4862,88220000,30917
3,4411,88220000,88220000,2918,4862,88240000,30923
3,4412,88240000,88240000,2918,4862,88260000,30929
3,4413,88260000,88260000,2918,4862,88280000,30938
3,4414,88280000,88280000,2918,4862,88300000,30944
3,4415,88300000,88300000,2918,4862,88320000,30951
3,4416,88320000,88320000,2918,4862,88340000,30958
3,4417,88340000,88340000,2918,4862,88360000,30965
3,4418,88360000,88360000,2918,4862,88380000,30971
3,4419,88380000,88380000,2918,4862,88400000,30979
3,442,8840000,8840000,2918,4862,8860000,3101
3,4420,88400000,88400000,2918,4862,88420000,30986
3,4421,88420000,88420000,2918,4862,88440000,30993
3,4422,88440000,88440000,2918,4862,88460000,31000
3,4423,88460000,88460000,2918,4862,88480000,31006
3,4424,88480000,88480000,2918,4862,88500000,31014
3,4425,88500000,88500000,2918,4862,88520000,31022
3,4426,88520000,88520000,2918,4862,88540000,31027
3,4427,88540000,88540000,2918,4862,88560000,31034
3,4428,88560000,88560000,2918,4862,88580000,31044
3,4429,88580000,88580000,2918,4862,88600000,31049
3,443,8860000,8860000,2918,4862,8880000,3107
3,4430,88600000,88600000,2918,4862,88620000,31055
3,4431,88620000,88620000,2918,4862,88640000,31063
3,4432,88640000,88640000,2918,4862,88660000,31071
3,4433,88660000,88660000,2918,4862,88680000,31077
3,4434,88680000,88680000,2918,4862,88700000,31085
3,4435,88700000,88700000,2918,4862,88720000,31090
3,4436,88720000,88720000,2918,4862,88740000,31097
3,4437,88740000,88740000,2918,4862,88760000,31106
3,4438,88760000,88760000,2918,4862,88780000,31112
3,4439,88780000,88780000,2918,4862,88800000,31118
3,444,8880000,8880000,2918,4862,8900000,3115
3,4440,88800000,88800000,2918,4862,88820000,31126
3,4441,88820000,88820000,2918,4862,88840000,31134
3,4442,88840000,88840000,2918,4862,88860000,31140
3,4443,88860000,88860000,2918,4862,88880000,31148
3,4444,88880000,88880000,2918,4862,88900000,31153
3,4445,88900000,88900000,2918,4862,88920000,31161
3,4446,88920000,88920000,2918,4862,88940000,31169
3,4447,88940000,88940000,2918,4862,88960000,31175
3,4448,88960000,88960000,2918,4862,88980000,31182
3,4449,88980000,88980000,2918,4862,89000000,31190
3,445,8900000,8900000,2918,4862,8920000,3121
3,4450,89000000,89000000,2918,4862,89020000,31196
3,4451,89020000,89020000,2918,4862,89040000,31203
3,4452,89040000,89040000,2918,4862,89060000,31211
3,4453,89060000,89060000,2918,4862,89080000,31216
3,4454,89080000,89080000,2918,4862,89100000,31223
3,4455,89100000,89100000,2918,4862,89120000,31233
3,4456,89120000,89120000,2918,4862,89140000,31238
3,4457,89140000,89140000,2918,4862,89160000,31244
3,4458,89160000,89160000,2918,4862,89180000,31253
3,4459,89180000,89180000,2918,4862,89200000,31260
3,446,8920000,8920000,2918,4862,8940000,3129
3,4460,89200000,89200000,2918,4862,89220000,31266
3,4461,89220000,89220000,2918,4862,89240000,31273
3,4462,89240000,89240000,2918,4862,89260000,31281
3,4463,89260000,89260000,2918,4862,89280000,31287
3,4464,89280000,89280000,2918,4862,89300000,31295
3,4465,89300000,89300000,2918,4862,89320000,31300
3,4466,89320000,89320000,2918,4862,89340000,31309
3,4467,89340000,89340000,2918,4862,89360000,31316
3,4468,89360000,89360000,2918,4862,89380000,31322
3,4469,89380000,89380000,2918,4862,89400000,31329
3,447,8940000,8940000,2918,4862,8960000,3136
3,4470,89400000,89400000,2918,4862,89420000,31337
3,4471,89420000,89420000,2918,4862,89440000,31343
3,4472,89440000,89440000,2918,4862,89460000,31349
3,4473,89460000,89460000,2918,4862,89480000,31359
3,4474,89480000,89480000,2918,4862,89500000,31364
3,4475,89500000,89500000,2918,4862,89520000,31371
3,4476,89520000,89520000,2918,4862,89540000,31379
3,4477,89540000,89540000,2918,4862,89560000,31386
3,4478,89560000,89560000,2918,4862,89580000,31392
3,4479,89580000,89580000,2918,4862,89600000,31400
3,448,8960000,8960000,2918,4862,8980000,3142
3,4480,89600000,89600000,2918,4862,89620000,31406
3,4481,89620000,89620000,2918,4862,89640000,31413
3,4482,89640000,89640000,2918,4862,89660000,31421
3,4483,89660000,89660000,2918,4862,89680000,31428
3,4484,89680000,89680000,2918,4862,89700000,31434
3,4485,89700000,89700000,2918,4862,89720000,31442
3,4486,89720000,89720000,2918,4862,89740000,31448
3,4487,89740000,89740000,2918,4862,89760000,31455
3,4488,89760000,89760000,2918,4862,89780000,31464
3,4489,89780000,89780000,2918,4862,89800000,31469
3,449,8980000,8980000,2918,4862,9000000,3148
3,4490,89800000,89800000,2918,4862,89820000,31476
3,4491,89820000,89820000,2918,4862,89840000,31484
3,4492,89840000,89840000,2918,4862,89860000,31491
3,4493,89860000,89860000,2918,4862,89880000,31497
3,4494,89880000,89880000,2918,4862,89900000,31505
3,4495,89900000,89900000,2918,4862,89920000,31511
3,4496,89920000,89920000,2918,4862,89940000,31519
3,4497,89940000,89940000,2918,4862,89960000,31527
3,4498,89960000,89960000,2918,4862,89980000,31532
3,4499,89980000,89980000,2918,4862,90000000,31538
3,45,900000,900000,2918,4862,920000,319
3,450,9000000,9000000,2918,4862,9020000,3158
3,4500,90000000,90000000,2918,4862,90020000,31548
3,4501,90020000,90020000,2918,4862,90040000,31554
3,4502,90040000,90040000,2918,4862,90060000,31560
3,4503,90060000,90060000,2918,4862,90080000,31568
3,4504,90080000,90080000,2918,4862,90100000,31575
3,4505,90100000,90100000,2918,4862,90120000,31582
3,4506,90120000,90120000,2918,4862,90140000,31589
3,4507,90140000,90140000,2918,4862,90160000,31595
3,4508,90160000,90160000,2918,4862,90180000,31602
3,4509,90180000,90180000,2918,4862,90200000,31611
3,451,9020000,9020000,2918,4862,9040000,3164
3,4510,90200000,90200000,2918,4862,90220000,31616
3,4511,90220000,90220000,2918,4862,90240000,31624
3,4512,90240000,90240000,2918,4862,90260000,31631
3,4513,90260000,90260000,2918,4862,90280000,31638
3,4514,90280000,90280000,2918,4862,90300000,31644
3,4515,90300000,90300000,2918,4862,90320000,31653
3,4516,90320000,90320000,2918,4862,90340000,31658
3,4517,90340000,90340000,2918,4862,90360000,31665
3,4518,90360000,90360000,2918,4862,90380000,31675
3,4519,90380000,90380000,2918,4862,90400000,31680
3,452,9040000,9040000,2918,4862,9060000,3170
3,4520,90400000,90400000,2918,4862,90420000,31686
3,4521,90420000,90420000,2918,4862,90440000,31693
3,4522,90440000,90440000,2918,4862,90460000,31702
3,4523,90460000,90460000,2918,4862,90480000,31708
3,4524,90480000,90480000,2918,4862,90500000,31715
3,4525,90500000,90500000,2918,4862,90520000,31721
3,4526,90520000,90520000,2918,4862,90540000,31729
3,4527,90540000,90540000,2918,4862,90560000,31737
3,4528,90560000,90560000,2918,4862,90580000,31742
3,4529,90580000,90580000,2918,4862,90600000,31749
3,453,9060000,9060000,2918,4862,9080000,3178
3,4530,90600000,90600000,2918,4862,90620000,31758
3,4531,90620000,90620000,2918,4862,90640000,31764
3,4532,90640000,90640000,2918,4862,90660000,31771
3,4533,90660000,90660000,2918,4862,90680000,31779
3,4534,90680000,90680000,2918,4862,90700000,31785
3,4535,90700000,90700000,2918,4862,90720000,31791
3,4536,90720000,90720000,2918,4862,90740000,31800
3,4537,90740000,90740000,2918,4862,90760000,31806
3,4538,90760000,90760000,2918,4862,90780000,31812
3,4539,90780000,90780000,2918,4862,90800000,31821
3,454,9080000,9080000,2918,4862,9100000,3185
3,4540,90800000,90800000,2918,4862,90820000,31827
3,4541,90820000,90820000,2918,4862,90840000,31834
3,4542,90840000,90840000,2918,4862,90860000,31841
3,4543,90860000,90860000,2918,4862,90880000,31848
3,4544,90880000,90880000,2918,4862,90900000,31854
3,4545,90900000,90900000,2918,4862,90920000,31863
3,4546,90920000,90920000,2918,4862,90940000,31869
3,4547,90940000,90940000,2918,4862,90960000,31876
3,4548,90960000,90960000,2918,4862,90980000,31884
3,4549,90980000,90980000,2918,4862,91000000,31890
3,455,9100000,9100000,2918,4862,9120000,3192
3,4550,91000000,91000000,2918,4862,91020000,31897
3,4551,91020000,91020000,2918,4862,91040000,31905
3,4552,91040000,91040000,2918,4862,91060000,31911
3,4553,91060000,91060000,2918,4862,91080000,31918
3,4554,91080000,91080000,2918,4862,91100000,31926
3,4555,91100000,91100000,2918,4862,91120000,31931
3,4556,91120000,91120000,2918,4862,91140000,31939
3,4557,91140000,91140000,2918,4862,91160000,31947
3,4558,91160000,91160000,2918,4862,91180000,31953
3,4559,91180000,91180000,2918,4862,91200000,31959
3,456,9120000,9120000,2918,4862,9140000,3199
3,4560,91200000,91200000,2918,4862,91220000,31969
3,4561,91220000,91220000,2918,4862,91240000,31974
3,4562,91240000,91240000,2918,4862,91260000,31980
3,4563,91260000,91260000,2918,4862,91280000,31989
3,4564,91280000,91280000,2918,4862,91300000,31996
3,4565,91300000,91300000,2918,4862,91320000,32002
3,4566,91320000,91320000,2918,4862,91340000,32009
3,4567,91340000,91340000,2918,4862,91360000,32017
3,4568,91360000,91360000,2918,4862,91380000,32024
3,4569,91380000,91380000,2918,4862,91400000,32031
3,457,9140000,9140000,2918,4862,9160000,3205
3,4570,91400000,91400000,2918,4862,91420000,32036
3,4571,91420000,91420000,2918,4862,91440000,32044
3,4572,91440000,91440000,2918,4862,91460000,32052
3,4573,91460000,91460000,2918,4862,91480000,32058
3,4574,91480000,91480000,2918,4862,91500000,32065
3,4575,91500000,91500000,2918,4862,91520000,32073
3,4576,91520000,91520000,2918,4862,91540000,32079
3,4577,91540000,91540000,2918,4862,91560000,32086
3,4578,91560000,91560000,2918,4862,91580000,32095
3,4579,91580000,91580000,2918,4862,91600000,32100
3,458,9160000,9160000,2918,4862,9180000,3212
3,4580,91600000,91600000,2918,4862,91620000,32106
3,4581,91620000,91620000,2918,4862,91640000,32116
3,4582,91640000,91640000,2918,4862,91660000,32122
3,4583,91660000,91660000,2918,4862,91680000,32128
3,4584,91680000,91680000,2918,4862,91700000,32135
3,4585,91700000,91700000,2918,4862,91720000,32143
3,4586,91720000,91720000,2918,4862,91740000,32150
3,4587,91740000,91740000,2918,4862,91760000,32157
3,4588,91760000,91760000,2918,4862,91780000,32163
3,4589,91780000,91780000,2918,4862,91800000,32169
3,459,9180000,9180000,2918,4862,9200000,3221
3,4590,91800000,91800000,2918,4862,91820000,32179
3,4591,91820000,91820000,2918,4862,91840000,32184
3,4592,91840000,91840000,2918,4862,91860000,32191
3,4593,91860000,91860000,2918,4862,91880000,32199
3,4594,91880000,91880000,2918,4862,91900000,32206
3,4595,91900000,91900000,2918,4862,91920000,32213
3,4596,91920000,91920000,2918,4862,91940000,32220
3,4597,91940000,91940000,2918,4862,91960000,32226
3,4598,91960000,91960000,2918,4862,91980000,32233
3,4599,91980000,91980000,2918,4862,92000000,32242
3,46,920000,920000,2918,4862,940000,325
3,460,9200000,9200000,2918,4862,9220000,3226
3,4600,92000000,92000000,2918,4862,92020000,32247
3,4601,92020000,92020000,2918,4862,92040000,32254
3,4602,92040000,92040000,2918,4862,92060000,32263
3,4603,92060000,92060000,2918,4862,92080000,32269
3,4604,92080000,92080000,2918,4862,92100000,32275
3,4605,92100000,92100000,2918,4862,92120000,32283
3,4606,92120000,92120000,2918,4862,92140000,32289
3,4607,92140000,92140000,2918,4862,92160000,32296
3,4608,92160000,92160000,2918,4862,92180000,32305
3,4609,92180000,92180000,2918,4862,92200000,32311
3,461,9220000,9220000,2918,4862,9240000,3233
3,4610,92200000,92200000,2918,4862,92220000,32317
3,4611,92220000,92220000,2918,4862,92240000,32325
3,4612,92240000,92240000,2918,4862,92260000,32332
3,4613,92260000,92260000,2918,4862,92280000,32339
3,4614,92280000,92280000,2918,4862,92300000,32346
3,4615,92300000,92300000,2918,4862,92320000,32352
3,4616,92320000,92320000,2918,4862,92340000,32360
3,4617,92340000,92340000,2918,4862,92360000,32368
3,4618,92360000,92360000,2918,4862,92380000,32373
3,4619,92380000,92380000,2918,4862,92400000,32380
3,462,9240000,9240000,2918,4862,9260000,3241
3,4620,92400000,92400000,2918,4862,92420000,32389
3,4621,92420000,92420000,2918,4862,92440000,32395
3,4622,92440000,92440000,2918,4862,92460000,32401
3,4623,92460000,92460000,2918,4862,92480000,32410
3,4624,92480000,92480000,2918,4862,92500000,32416
3,4625,92500000,92500000,2918,4862,92520000,32422
3,4626,92520000,92520000,2918,4862,92540000,32430
3,4627,92540000,92540000,2918,4862,92560000,32437
3,4628,92560000,92560000,2918,4862,92580000,32444
3,4629,92580000,92580000,2918,4862,92600000,32451
3,463,9260000,9260000,2918,4862,9280000,3248
3,4630,92600000,92600000,2918,4862,92620000,32458
3,4631,92620000,92620000,2918,4862,92640000,32465
3,4632,92640000,92640000,2918,4862,92660000,32473
3,4633,92660000,92660000,2918,4862,92680000,32478
3,4634,92680000,92680000,2918,4862,92700000,32485
3,4635,92700000,92700000,2918,4862,92720000,32494
3,4636,92720000,92720000,2918,4862,92740000,32500
3,4637,92740000,92740000,2918,4862,92760000,32507
3,4638,92760000,92760000,2918,4862,92780000,32515
3,4639,92780000,92780000,2918,4862,92800000,32521
3,464,9280000,9280000,2918,4862,9300000,3254
3,4640,92800000,92800000,2918,4862,92820000,32527
3,4641,92820000,92820000,2918,4862,92840000,32536
3,4642,92840000,92840000,2918,4862,92860000,32542
3,4643,92860000,92860000,2918,4862,92880000,32548
3,4644,92880000,92880000,2918,4862,92900000,32557
3,4645,92900000,92900000,2918,4862,92920000,32563
3,4646,92920000,92920000,2918,4862,92940000,32570
3,4647,92940000,92940000,2918,4862,92960000,32577
3,4648,92960000,92960000,2918,4862,92980000,32584
3,4649,92980000,92980000,2918,4862,93000000,32591
3,465,9300000,9300000,2918,4862,9320000,3263
3,4650,93000000,93000000,2918,4862,93020000,32599
3,4651,93020000,93020000,2918,4862,93040000,32605
3,4652,93040000,93040000,2918,4862,93060000,32611
3,4653,93060000,93060000,2918,4862,93080000,32621
3,4654,93080000,93080000,2918,4862,93100000,32626
3,4655,93100000,93100000,2918,4862,93120000,32633
3,4656,93120000,93120000,2918,4862,93140000,32640
3,4657,93140000,93140000,2918,4862,93160000,32647
3,4658,93160000,93160000,2918,4862,93180000,32655
3,4659,93180000,93180000,2918,4862,93200000,32662
3,466,9320000,9320000,2918,4862,9340000,3268
3,4660,93200000,93200000,2918,4862,93220000,32667
3,4661,93220000,93220000,2918,4862,93240000,32674
3,4662,93240000,93240000,2918,4862,93260000,32684
3,4663,93260000,93260000,2918,4862,93280000,32689
3,4664,93280000,93280000,2918,4862,93300000,32695
3,4665,93300000,93300000,2918,4862,93320000,32704
3,4666,93320000,93320000,2918,4862,93340000,32711
3,4667,93340000,93340000,2918,4862,93360000,32717
3,4668,93360000,93360000,2918,4862,93380000,32725
3,4669,93380000,93380000,2918,4862,93400000,32731
3,467,9340000,9340000,2918,4862,9360000,3275
3,4670,93400000,93400000,2918,4862,93420000,32738
3,4671,93420000,93420000,2918,4862,93440000,32746
3,4672,93440000,93440000,2918,4862,93460000,32753
3,4673,93460000,93460000,2918,4862,93480000,32759
3,4674,93480000,93480000,2918,4862,93500000,32766
3,4675,93500000,93500000,2918,4862,93520000,32773
3,4676,93520000,93520000,2918,4862,93540000,32781
3,4677,93540000,93540000,2918,4862,93560000,32788
3,4678,93560000,93560000,2918,4862,93580000,32793
3,4679,93580000,93580000,2918,4862,93600000,32801
3,468,9360000,9360000,2918,4862,9380000,3284
3,4680,93600000,93600000,2918,4862,93620000,32810
3,4681,93620000,93620000,2918,4862,93640000,32815
3,4682,93640000,93640000,2918,4862,93660000,32821
3,4683,93660000,93660000,2918,4862,93680000,32831
3,4684,93680000,93680000,2918,4862,93700000,32837
3,4685,93700000,93700000,2918,4862,93720000,32843
3,4686,93720000,93720000,2918,4862,93740000,32851
3,4687,93740000,93740000,2918,4862,93760000,32858
3,4688,93760000,93760000,2918,4862,93780000,32864
3,4689,93780000,93780000,2918,4862,93800000,32872
3,469,9380000,9380000,2918,4862,9400000,3290
3,4690,93800000,93800000,2918,4862,93820000,32878
3,4691,93820000,93820000,2918,4862,93840000,32885
3,4692,93840000,93840000,2918,4862,93860000,32893
3,4693,93860000,93860000,2918,4862,93880000,32900
3,4694,93880000,93880000,2918,4862,93900000,32906
3,4695,93900000,93900000,2918,4862,93920000,32914
3,4696,93920000,93920000,2918,4862,93940000,32920
3,4697,93940000,93940000,2918,4862,93960000,32927
3,4698,93960000,93960000,2918,4862,93980000,32936
3,4699,93980000,93980000,2918,4862,94000000,32941
3,47,940000,940000,2918,4862,960000,331
3,470,9400000,9400000,2918,4862,9420000,3296
3,4700,94000000,94000000,2918,4862,94020000,32949
3,4701,94020000,94020000,2918,4862,94040000,32956
3,4702,94040000,94040000,2918,4862,94060000,32963
3,4703,94060000,94060000,2918,4862,94080000,32969
3,4704,94080000,94080000,2918,4862,94100000,32978
3,4705,94100000,94100000,2918,4862,94120000,32983
3,4706,94120000,94120000,2918,4862,94140000,32990
3,4707,94140000,94140000,2918,4862,94160000,32999
3,4708,94160000,94160000,2918,4862,94180000,33004
3,4709,94180000,94180000,2918,4862,94200000,33011
3,471,9420000,9420000,2918,4862,9440000,3304
3,4710,94200000,94200000,2918,4862,94220000,33019
3,4711,94220000,94220000,2918,4862,94240000,33026
3,4712,94240000,94240000,2918,4862,94260000,33032
3,4713,94260000,94260000,2918,4862,94280000,33041
3,4714,94280000,94280000,2918,4862,94300000,33047
3,4715,94300000,94300000,2918,4862,94320000,33053
3,4716,94320000,94320000,2918,4862,94340000,33061
3,4717,94340000,94340000,2918,4862,94360000,33068
3,4718,94360000,94360000,2918,4862,94380000,33075
3,4719,94380000,94380000,2918,4862,94400000,33082
3,472,9440000,9440000,2918,4862,9460000,3312
3,4720,94400000,94400000,2918,4862,94420000,33088
3,4721,94420000,94420000,2918,4862,94440000,33097
3,4722,94440000,94440000,2918,4862,94460000,33104
3,4723,94460000,94460000,2918,4862,94480000,33109
3,4724,94480000,94480000,2918,4862,94500000,33115
3,4725,94500000,94500000,2918,4862,94520000,33125
3,4726,94520000,94520000,2918,4862,94540000,33131
3,4727,94540000,94540000,2918,4862,94560000,33137
3,4728,94560000,94560000,2918,4862,94580000,33146
3,4729,94580000,94580000,2918,4862,94600000,33152
3,473,9460000,9460000,2918,4862,9480000,3318
3,4730,94600000,94600000,2918,4862,94620000,33159
3,4731,94620000,94620000,2918,4862,94640000,33166
3,4732,94640000,94640000,2918,4862,94660000,33173
3,4733,94660000,94660000,2918,4862,94680000,33179
3,4734,94680000,94680000,2918,4862,94700000,33188
3,4735,94700000,94700000,2918,4862,94720000,33194
3,4736,94720000,94720000,2918,4862,94740000,33201
3,4737,94740000,94740000,2918,4862,94760000,33208
3,4738,94760000,94760000,2918,4862,94780000,33215
3,4739,94780000,94780000,2918,4862,94800000,33222
3,474,9480000,9480000,2918,4862,9500000,3325
3,4740,94800000,94800000,2918,4862,94820000,33230
3,4741,94820000,94820000,2918,4862,94840000,33235
3,4742,94840000,94840000,2918,4862,94860000,33242
3,4743,94860000,94860000,2918,4862,94880000,33252
3,4744,94880000,94880000,2918,4862,94900000,33257
3,4745,94900000,94900000,2918,4862,94920000,33263
3,4746,94920000,94920000,2918,4862,94940000,33271
3,4747,94940000,94940000,2918,4862,94960000,33279
3,4748,94960000,94960000,2918,4862,94980000,33285
3,4749,94980000,94980000,2918,4862,95000000,33293
3,475,9500000,9500000,2918,4862,9520000,3330
3,4750,95000000,95000000,2918,4862,95020000,33298
3,4751,95020000,95020000,2918,4862,95040000,33306
3,4752,95040000,95040000,2918,4862,95060000,33314
3,4753,95060000,95060000,2918,4862,95080000,33320
3,4754,95080000,95080000,2918,4862,95100000,33326
3,4755,95100000,95100000,2918,4862,95120000,33335
3,4756,95120000,95120000,2918,4862,95140000,33342
3,4757,95140000,95140000,2918,4862,95160000,33348
3,4758,95160000,95160000,2918,4862,95180000,33356
3,4759,95180000,95180000,2918,4862,95200000,33361
3,476,9520000,9520000,2918,4862,9540000,3339
3,4760,95200000,95200000,2918,4862,95220000,33369
3,4761,95220000,95220000,2918,4862,95240000,33377
3,4762,95240000,95240000,2918,4862,95260000,33383
3,4763,95260000,95260000,2918,4862,95280000,33390
3,4764,95280000,95280000,2918,4862,95300000,33398
3,4765,95300000,95300000,2918,4862,95320000,33404
3,4766,95320000,95320000,2918,4862,95340000,33411
3,4767,95340000,95340000,2918,4862,95360000,33419
3,4768,95360000,95360000,2918,4862,95380000,33425
3,4769,95380000,95380000,2918,4862,95400000,33431
3,477,9540000,9540000,2918,4862,9560000,3347
3,4770,95400000,95400000,2918,4862,95420000,33441
3,4771,95420000,95420000,2918,4862,95440000,33446
3,4772,95440000,95440000,2918,4862,95460000,33453
3,4773,95460000,95460000,2918,4862,95480000,33461
3,4774,95480000,95480000,2918,4862,95500000,33468
3,4775,95500000,95500000,2918,4862,95520000,33474
3,4776,95520000,95520000,2918,4862,95540000,33481
3,4777,95540000,95540000,2918,4862,95560000,33489
3,4778,95560000,95560000,2918,4862,95580000,33495
3,4779,95580000,95580000,2918,4862,95600000,33503
3,478,9560000,9560000,2918,4862,9580000,3352
3,4780,95600000,95600000,2918,4862,95620000,33508
3,4781,95620000,95620000,2918,4862,95640000,33517
3,4782,95640000,95640000,2918,4862,95660000,33524
3,4783,95660000,95660000,2918,4862,95680000,33530
3,4784,95680000,95680000,2918,4862,95700000,33537
3,4785,95700000,95700000,2918,4862,95720000,33546
3,4786,95720000,95720000,2918,4862,95740000,33551
3,4787,95740000,95740000,2918,4862,95760000,33557
3,4788,95760000,95760000,2918,4862,95780000,33567
3,4789,95780000,95780000,2918,4862,95800000,33573
3,479,9580000,9580000,2918,4862,9600000,3359
3,4790,95800000,95800000,2918,4862,95820000,33579
3,4791,95820000,95820000,2918,4862,95840000,33587
3,4792,95840000,95840000,2918,4862,95860000,33594
3,4793,95860000,95860000,2918,4862,95880000,33600
3,4794,95880000,95880000,2918,4862,95900000,33608
3,4795,95900000,95900000,2918,4862,95920000,33614
3,4796,95920000,95920000,2918,4862,95940000,33621
3,4797,95940000,95940000,2918,4862,95960000,33629
3,4798,95960000,95960000,2918,4862,95980000,33636
3,4799,95980000,95980000,2918,4862,96000000,33642
3,48,960000,960000,2918,4862,980000,339
3,480,9600000,9600000,2918,4862,9620000,3368
3,4800,96000000,96000000,2918,4862,96020000,33650
3,4801,96020000,96020000,2918,4862,96040000,33656
3,4802,96040000,96040000,2918,4862,96060000,33664
3,4803,96060000,96060000,2918,4862,96080000,33672
3,4804,96080000,96080000,2918,4862,96100000,33677
3,4805,96100000,96100000,2918,4862,96120000,33684
3,4806,96120000,96120000,2918,4862,96140000,33693
3,4807,96140000,96140000,2918,4862,96160000,33699
3,4808,96160000,96160000,2918,4862,96180000,33705
3,4809,96180000,96180000,2918,4862,96200000,33713
3,481,9620000,9620000,2918,4862,9640000,3374
3,4810,96200000,96200000,2918,4862,96220000,33719
3,4811,96220000,96220000,2918,4862,96240000,33727
3,4812,96240000,96240000,2918,4862,96260000,33735
3,4813,96260000,96260000,2918,4862,96280000,33740
3,4814,96280000,96280000,2918,4862,96300000,33746
3,4815,96300000,96300000,2918,4862,96320000,33756
3,4816,96320000,96320000,2918,4862,96340000,33762
3,4817,96340000,96340000,2918,4862,96360000,33768
3,4818,96360000,96360000,2918,4862,96380000,33776
3,4819,96380000,96380000,2918,4862,96400000,33784
3,482,9640000,9640000,2918,4862,9660000,3380
3,4820,96400000,96400000,2918,4862,96420000,33790
3,4821,96420000,96420000,2918,4862,96440000,33797
3,4822,96440000,96440000,2918,4862,96460000,33803
3,4823,96460000,96460000,2918,4862,96480000,33811
3,4824,96480000,96480000,2918,4862,96500000,33819
3,4825,96500000,96500000,2918,4862,96520000,33824
3,4826,96520000,96520000,2918,4862,96540000,33832
3,4827,96540000,96540000,2918,4862,96560000,33839
3,4828,96560000,96560000,2918,4862,96580000,33846
3,4829,96580000,96580000,2918,4862,96600000,33852
3,483,9660000,9660000,2918,4862,9680000,3389
3,4830,96600000,96600000,2918,4862,96620000,33861
3,4831,96620000,96620000,2918,4862,96640000,33866
3,4832,96640000,96640000,2918,4862,96660000,33873
3,4833,96660000,96660000,2918,4862,96680000,33883
3,4834,96680000,96680000,2918,4862,96700000,33888
3,4835,96700000,96700000,2918,4862,96720000,33894
3,4836,96720000,96720000,2918,4862,96740000,33902
3,4837,96740000,96740000,2918,4862,96760000,33910
3,4838,96760000,96760000,2918,4862,96780000,33916
3,4839,96780000,96780000,2918,4862,96800000,33923
3,484,9680000,9680000,2918,4862,9700000,3395
3,4840,96800000,96800000,2918,4862,96820000,33930
3,4841,96820000,96820000,2918,4862,96840000,33937
3,4842,96840000,96840000,2918,4862,96860000,33945
3,4843,96860000,96860000,2918,4862,96880000,33950
3,4844,96880000,96880000,2918,4862,96900000,33957
3,4845,96900000,96900000,2918,4862,96920000,33966
3,4846,96920000,96920000,2918,4862,96940000,33972
3,4847,96940000,96940000,2918,4862,96960000,33979
3,4848,96960000,96960000,2918,4862,96980000,33987
3,4849,96980000,96980000,2918,4862,97000000,33993
3,485,9700000,9700000,2918,4862,9720000,3401
3,4850,97000000,97000000,2918,4862,97020000,33999
3,4851,97020000,97020000,2918,4862,97040000,34008
3,4852,97040000,97040000,2918,4862,97060000,34014
3,4853,97060000,97060000,2918,4862,97080000,34021
3,4854,97080000,97080000,2918,4862,97100000,34029
3,4855,97100000,97100000,2918,4862,97120000,34035
3,4856,97120000,97120000,2918,4862,97140000,34042
3,4857,97140000,97140000,2918,4862,97160000,34050
3,4858,97160000,97160000,2918,4862,97180000,34056
3,4859,97180000,97180000,2918,4862,97200000,34062
3,486,9720000,9720000,2918,4862,9740000,3410
3,4860,97200000,97200000,2918,4862,97220000,34071
3,4861,97220000,97220000,2918,4862,97240000,34077
3,4862,97240000,97240000,2918,4862,97260000,34084
3,4863,97260000,97260000,2918,4862,97280000,34092
3,4864,97280000,97280000,2918,4862,97300000,34098
3,4865,97300000,97300000,2918,4862,97320000,34105
3,4866,97320000,97320000,2918,4862,97340000,34113
3,4867,97340000,97340000,2918,4862,97360000,34119
3,4868,97360000,97360000,2918,4862,97380000,34126
3,4869,97380000,97380000,2918,4862,97400000,34134
3,487,9740000,9740000,2918,4862,9760000,3416
3,4870,97400000,97400000,2918,4862,97420000,34140
3,4871,97420000,97420000,2918,4862,97440000,34147
3,4872,97440000,97440000,2918,4862,97460000,34155
3,4873,97460000,97460000,2918,4862,97480000,34161
3,4874,97480000,97480000,2918,4862,97500000,34168
3,4875,97500000,97500000,2918,4862,97520000,34177
3,4876,97520000,97520000,2918,4862,97540000,34182
3,4877,97540000,97540000,2918,4862,97560000,34188
3,4878,97560000,97560000,2918,4862,97580000,34197
3,4879,97580000,97580000,2918,4862,97600000,34204
3,488,9760000,9760000,2918,4862,9780000,3423
3,4880,97600000,97600000,2918,4862,97620000,34210
3,4881,97620000,97620000,2918,4862,97640000,34217
3,4882,97640000,97640000,2918,4862,97660000,34225
3,4883,97660000,97660000,2918,4862,97680000,34232
3,4884,97680000,97680000,2918,4862,97700000,34239
3,4885,97700000,97700000,2918,4862,97720000,34244
3,4886,97720000,97720000,2918,4862,97740000,34252
3,4887,97740000,97740000,2918,4862,97760000,34261
3,4888,97760000,97760000,2918,4862,97780000,34266
3,4889,97780000,97780000,2918,4862,97800000,34273
3,489,9780000,9780000,2918,4862,9800000,3430
3,4890,97800000,97800000,2918,4862,97820000,34281
3,4891,97820000,97820000,2918,4862,97840000,34288
3,4892,97840000,97840000,2918,4862,97860000,34294
3,4893,97860000,97860000,2918,4862,97880000,34303
3,4894,97880000,97880000,2918,4862,97900000,34308
3,4895,97900000,97900000,2918,4862,97920000,34314
3,4896,97920000,97920000,2918,4862,97940000,34324
3,4897,97940000,97940000,2918,4862,97960000,34330
3,4898,97960000,97960000,2918,4862,97980000,34336
3,4899,97980000,97980000,2918,4862,98000000,34343
3,49,980000,980000,2918,4862,1000000,346
3,490,9800000,9800000,2918,4862,9820000,3437
3,4900,98000000,98000000,2918,4862,98020000,34351
3,4901,98020000,98020000,2918,4862,98040000,34358
3,4902,98040000,98040000,2918,4862,98060000,34365
3,4903,98060000,98060000,2918,4862,98080000,34371
3,4904,98080000,98080000,2918,4862,98100000,34378
3,4905,98100000,98100000,2918,4862,98120000,34387
3,4906,98120000,98120000,2918,4862,98140000,34392
3,4907,98140000,98140000,2918,4862,98160000,34399
3,4908,98160000,98160000,2918,4862,98180000,34408
3,4909,98180000,98180000,2918,4862,98200000,34414
3,491,9820000,9820000,2918,4862,9840000,3444
3,4910,98200000,98200000,2918,4862,98220000,34421
3,4911,98220000,98220000,2918,4862,98240000,34428
3,4912,98240000,98240000,2918,4862,98260000,34434
3,4913,98260000,98260000,2918,4862,98280000,34441
3,4914,98280000,98280000,2918,4862,98300000,34450
3,4915,98300000,98300000,2918,4862,98320000,34455
3,4916,98320000,98320000,2918,4862,98340000,34462
3,4917,98340000,98340000,2918,4862,98360000,34471
3,4918,98360000,98360000,2918,4862,98380000,34477
3,4919,98380000,98380000,2918,4862,98400000,34483
3,492,9840000,9840000,2918,4862,9860000,3451
3,4920,98400000,98400000,2918,4862,98420000,34491
3,4921,98420000,98420000,2918,4862,98440000,34498
3,4922,98440000,98440000,2918,4862,98460000,34504
3,4923,98460000,98460000,2918,4862,98480000,34513
3,4924,98480000,98480000,2918,4862,98500000,34519
3,4925,98500000,98500000,2918,4862,98520000,34526
3,4926,98520000,98520000,2918,4862,98540000,34533
3,4927,98540000,98540000,2918,4862,98560000,34540
3,4928,98560000,98560000,2918,4862,98580000,34547
3,4929,98580000,98580000,2918,4862,98600000,34554
3,493,9860000,9860000,2918,4862,9880000,3458
3,4930,98600000,98600000,2918,4862,98620000,34560
3,4931,98620000,98620000,2918,4862,98640000,34568
3,4932,98640000,98640000,2918,4862,98660000,34576
3,4933,98660000,98660000,2918,4862,98680000,34581
3,4934,98680000,98680000,2918,4862,98700000,34588
3,4935,98700000,98700000,2918,4862,98720000,34597
3,4936,98720000,98720000,2918,4862,98740000,34603
3,4937,98740000,98740000,2918,4862,98760000,34609
3,4938,98760000,98760000,2918,4862,98780000,34619
3,4939,98780000,98780000,2918,4862,98800000,34624
3,494,9880000,9880000,2918,4862,9900000,3464
3,4940,98800000,98800000,2918,4862,98820000,34630
3,4941,98820000,98820000,2918,4862,98840000,34638
3,4942,98840000,98840000,2918,4862,98860000,34646
3,4943,98860000,98860000,2918,4862,98880000,34652
3,4944,98880000,98880000,2918,4862,98900000,34659
3,4945,98900000,98900000,2918,4862,98920000,34666
3,4946,98920000,98920000,2918,4862,98940000,34673
3,4947,98940000,98940000,2918,4862,98960000,34681
3,4948,98960000,98960000,2918,4862,98980000,34686
3,4949,98980000,98980000,2918,4862,99000000,34693
3,495,9900000,9900000,2918,4862,9920000,3473
3,4950,99000000,99000000,2918,4862,99020000,34702
3,4951,99020000,99020000,2918,4862,99040000,34708
3,4952,99040000,99040000,2918,4862,99060000,34715
3,4953,99060000,99060000,2918,4862,99080000,34723
3,4954,99080000,99080000,2918,4862,99100000,34729
3,4955,99100000,99100000,2918,4862,99120000,34736
3,4956,99120000,99120000,2918,4862,99140000,34744
3,4957,99140000,99140000,2918,4862,99160000,34750
3,4958,99160000,99160000,2918,4862,99180000,34756
3,4959,99180000,99180000,2918,4862,99200000,34766
3,496,9920000,9920000,2918,4862,9940000,3478
3,4960,99200000,99200000,2918,4862,99220000,34771
3,4961,99220000,99220000,2918,4862,99240000,34778
3,4962,99240000,99240000,2918,4862,99260000,34785
3,4963,99260000,99260000,2918,4862,99280000,34792
3,4964,99280000,99280000,2918,4862,99300000,34799
3,4965,99300000,99300000,2918,4862,99320000,34807
3,4966,99320000,99320000,2918,4862,99340000,34813
3,4967,99340000,99340000,2918,4862,99360000,34819
3,4968,99360000,99360000,2918,4862,99380000,34829
3,4969,99380000,99380000,2918,4862,99400000,34834
3,497,9940000,9940000,2918,4862,9960000,3486
3,4970,99400000,99400000,2918,4862,99420000,34841
3,4971,99420000,99420000,2918,4862,99440000,34848
3,4972,99440000,99440000,2918,4862,99460000,34856
3,4973,99460000,99460000,2918,4862,99480000,34863
3,4974,99480000,99480000,2918,4862,99500000,34870
3,4975,99500000,99500000,2918,4862,99520000,34875
3,4976,99520000,99520000,2918,4862,99540000,34883
3,4977,99540000,99540000,2918,4862,99560000,34892
3,4978,99560000,99560000,2918,4862,99580000,34897
3,4979,99580000,99580000,2918,4862,99600000,34903
3,498,9960000,9960000,2918,4862,9980000,3494
3,4980,99600000,99600000,2918,4862,99620000,34912
3,4981,99620000,99620000,2918,4862,99640000,34919
3,4982,99640000,99640000,2918,4862,99660000,34925
3,4983,99660000,99660000,2918,4862,99680000,34933
3,4984,99680000,99680000,2918,4862,99700000,34939
3,4985,99700000,99700000,2918,4862,99720000,34946
3,4986,99720000,99720000,2918,4862,99740000,34954
3,4987,99740000,99740000,2918,4862,99760000,34961
3,4988,99760000,99760000,2918,4862,99780000,34967
3,4989,99780000,99780000,2918,4862,99800000,34975
3,499,9980000,9980000,2918,4862,10000000,3500
3,4990,99800000,99800000,2918,4862,99820000,34981
3,4991,99820000,99820000,2918,4862,99840000,34989
3,4992,99840000,99840000,2918,4862,99860000,34996
3,4993,99860000,99860000,2918,4862,99880000,35002
3,4994,99880000,99880000,2918,4862,99900000,35009
3,4995,99900000,99900000,2918,4862,99920000,35018
3,4996,99920000,99920000,2918,4862,99940000,35023
3,4997,99940000,99940000,2918,4862,99960000,35029
3,4998,99960000,99960000,2918,4862,99980000,35039
3,4999,99980000,99980000,2918,4862,100000000,35045
3,5,100000,100000,2918,4862,120000,37
3,50,1000000,1000000,2918,4862,1020000,352
3,500,10000000,10000000,2918,4862,10020000,3507
3,5000,100000000,100000000,2918,4862,100020000,35051
3,5001,100020000,100020000,2918,4862,100040000,35059
3,5002,100040000,100040000,2918,4862,100060000,35066
3,5003,100060000,100060000,2918,4862,100080000,35072
3,5004,100080000,100080000,2918,4862,100100000,35080
3,5005,100100000,100100000,2918,4862,100120000,35086
3,5006,100120000,100120000,2918,4862,100140000,35094
3,5007,100140000,100140000,2918,4862,100160000,35101
3,5008,100160000,100160000,2918,4862,100180000,35108
3,5009,100180000,100180000,2918,4862,100200000,35114
3,501,10020000,10020000,2918,4862,10040000,3515
3,5010,100200000,100200000,2918,4862,100220000,35123
3,5011,100220000,100220000,2918,4862,100240000,35128
3,5012,100240000,100240000,2918,4862,100260000,35135
3,5013,100260000,100260000,2918,4862,100280000,35144
3,5014,100280000,100280000,2918,4862,100300000,35149
3,5015,100300000,100300000,2918,4862,100320000,35157
3,5016,100320000,100320000,2918,4862,100340000,35164
3,5017,100340000,100340000,2918,4862,100360000,35171
3,5018,100360000,100360000,2918,4862,100380000,35177
3,5019,100380000,100380000,2918,4862,100400000,35186
3,502,10040000,10040000,2918,4862,10060000,3521
3,5020,100400000,100400000,2918,4862,100420000,35191
3,5021,100420000,100420000,2918,4862,100440000,35198
3,5022,100440000,100440000,2918,4862,100460000,35207
3,5023,100460000,100460000,2918,4862,100480000,35213
3,5024,100480000,100480000,2918,4862,100500000,35219
3,5025,100500000,100500000,2918,4862,100520000,35227
3,5026,100520000,100520000,2918,4862,100540000,35234
3,5027,100540000,100540000,2918,4862,100560000,35241
3,5028,100560000,100560000,2918,4862,100580000,35249
3,5029,100580000,100580000,2918,4862,100600000,35255
3,503,10060000,10060000,2918,4862,10080000,3527
3,5030,100600000,100600000,2918,4862,100620000,35261
3,5031,100620000,100620000,2918,4862,100640000,35269
3,5032,100640000,100640000,2918,4862,100660000,35276
3,5033,100660000,100660000,2918,4862,100680000,35283
3,5034,100680000,100680000,2918,4862,100700000,35290
3,5035,100700000,100700000,2918,4862,100720000,35296
3,5036,100720000,100720000,2918,4862,100740000,35305
3,5037,100740000,100740000,2918,4862,100760000,35312
3,5038,100760000,100760000,2918,4862,100780000,35317
3,5039,100780000,100780000,2918,4862,100800000,35323
3,504,10080000,10080000,2918,4862,10100000,3536
3,5040,100800000,100800000,2918,4862,100820000,35334
3,5041,100820000,100820000,2918,4862,100840000,35339
3,5042,100840000,100840000,2918,4862,100860000,35345
3,5043,100860000,100860000,2918,4862,100880000,35354
3,5044,100880000,100880000,2918,4862,100900000,35361
3,5045,100900000,100900000,2918,4862,100920000,35367
3,5046,100920000,100920000,2918,4862,100940000,35374
3,5047,100940000,100940000,2918,4862,100960000,35381
3,5048,100960000,100960000,2918,4862,100980000,35387
3,5049,100980000,100980000,2918,4862,101000000,35396
3,505,10100000,10100000,2918,4862,10120000,3542
3,5050,101000000,101000000,2918,4862,101020000,35402
3,5051,101020000,101020000,2918,4862,101040000,35409
3,5052,101040000,101040000,2918,4862,101060000,35416
3,5053,101060000,101060000,2918,4862,101080000,35423
3,5054,101080000,101080000,2918,4862,101100000,35430
3,5055,101100000,101100000,2918,4862,101120000,35438
3,5056,101120000,101120000,2918,4862,101140000,35443
3,5057,101140000,101140000,2918,4862,101160000,35451
3,5058,101160000,101160000,2918,4862,101180000,35460
3,5059,101180000,101180000,2918,4862,101200000,35465
3,506,10120000,10120000,2918,4862,10140000,3549
3,5060,101200000,101200000,2918,4862,101220000,35471
3,5061,101220000,101220000,2918,4862,101240000,35480
3,5062,101240000,101240000,2918,4862,101260000,35487
3,5063,101260000,101260000,2918,4862,101280000,35493
3,5064,101280000,101280000,2918,4862,101300000,35501
3,5065,101300000,101300000,2918,4862,101320000,35506
3,5066,101320000,101320000,2918,4862,101340000,35514
3,5067,101340000,101340000,2918,4862,101360000,35522
3,5068,101360000,101360000,2918,4862,101380000,35528
3,5069,101380000,101380000,2918,4862,101400000,35534
3,507,10140000,10140000,2918,4862,10160000,3557
3,5070,101400000,101400000,2918,4862,101420000,35543
3,5071,101420000,101420000,2918,4862,101440000,35550
3,5072,101440000,101440000,2918,4862,101460000,35556
3,5073,101460000,101460000,2918,4862,101480000,35564
3,5074,101480000,101480000,2918,4862,101500000,35570
3,5075,101500000,101500000,2918,4862,101520000,35577
3,5076,101520000,101520000,2918,4862,101540000,35585
3,5077,101540000,101540000,2918,4862,101560000,35591
3,5078,101560000,101560000,2918,4862,101580000,35599
3,5079,101580000,101580000,2918,4862,101600000,35606
3,508,10160000,10160000,2918,4862,10180000,3563
3,5080,101600000,101600000,2918,4862,101620000,35612
3,5081,101620000,101620000,2918,4862,101640000,35619
3,5082,101640000,101640000,2918,4862,101660000,35627
3,5083,101660000,101660000,2918,4862,101680000,35633
3,5084,101680000,101680000,2918,4862,101700000,35639
3,5085,101700000,101700000,2918,4862,101720000,35649
3,5086,101720000,101720000,2918,4862,101740000,35654
3,5087,101740000,101740000,2918,4862,101760000,35661
3,5088,101760000,101760000,2918,4862,101780000,35669
3,5089,101780000,101780000,2918,4862,101800000,35676
3,509,10180000,10180000,2918,4862,10200000,3569
3,5090,101800000,101800000,2918,4862,101820000,35682
3,5091,101820000,101820000,2918,4862,101840000,35690
3,5092,101840000,101840000,2918,4862,101860000,35697
3,5093,101860000,101860000,2918,4862,101880000,35703
3,5094,101880000,101880000,2918,4862,101900000,35711
3,5095,101900000,101900000,2918,4862,101920000,35717
3,5096,101920000,101920000,2918,4862,101940000,35725
3,5097,101940000,101940000,2918,4862,101960000,35732
3,5098,101960000,101960000,2918,4862,101980000,35738
3,5099,101980000,101980000,2918,4862,102000000,35745
3,51,1020000,1020000,2918,4862,1040000,360
3,510,10200000,10200000,2918,4862,10220000,3578
3,5100,102000000,102000000,2918,4862,102020000,35754
3,5101,102020000,102020000,2918,4862,102040000,35759
3,5102,102040000,102040000,2918,4862,102060000,35765
3,5103,102060000,102060000,2918,4862,102080000,35775
3,5104,102080000,102080000,2918,4862,102100000,35781
3,5105,102100000,102100000,2918,4862,102120000,35787
3,5106,102120000,102120000,2918,4862,102140000,35795
3,5107,102140000,102140000,2918,4862,102160000,35802
3,5108,102160000,102160000,2918,4862,102180000,35809
3,5109,102180000,102180000,2918,4862,102200000,35816
3,511,10220000,10220000,2918,4862,10240000,3584
3,5110,102200000,102200000,2918,4862,102220000,35822
3,5111,102220000,102220000,2918,4862,102240000,35829
3,5112,102240000,102240000,2918,4862,102260000,35838
3,5113,102260000,102260000,2918,4862,102280000,35844
3,5114,102280000,102280000,2918,4862,102300000,35850
3,5115,102300000,102300000,2918,4862,102320000,35858
3,5116,102320000,102320000,2918,4862,102340000,35864
3,5117,102340000,102340000,2918,4862,102360000,35872
3,5118,102360000,102360000,2918,4862,102380000,35880
3,5119,102380000,102380000,2918,4862,102400000,35885
3,512,10240000,10240000,2918,4862,10260000,3590
3,5120,102400000,102400000,2918,4862,102420000,35892
3,5121,102420000,102420000,2918,4862,102440000,35901
3,5122,102440000,102440000,2918,4862,102460000,35907
3,5123,102460000,102460000,2918,4862,102480000,35913
3,5124,102480000,102480000,2918,4862,102500000,35921
3,5125,102500000,102500000,2918,4862,102520000,35928
3,5126,102520000,102520000,2918,4862,102540000,35935
3,5127,102540000,102540000,2918,4862,102560000,35943
3,5128,102560000,102560000,2918,4862,102580000,35948
3,5129,102580000,102580000,2918,4862,102600000,35955
3,513,10260000,10260000,2918,4862,10280000,3599
3,5130,102600000,102600000,2918,4862,102620000,35964
3,5131,102620000,102620000,2918,4862,102640000,35970
3,5132,102640000,102640000,2918,4862,102660000,35976
3,5133,102660000,102660000,2918,4862,102680000,35984
3,5134,102680000,102680000,2918,4862,102700000,35992
3,5135,102700000,102700000,2918,4862,102720000,35998
3,5136,102720000,102720000,2918,4862,102740000,36005
3,5137,102740000,102740000,2918,4862,102760000,36011
3,5138,102760000,102760000,2918,4862,102780000,36019
3,5139,102780000,102780000,2918,4862,102800000,36027
3,514,10280000,10280000,2918,4862,10300000,3606
3,5140,102800000,102800000,2918,4862,102820000,36032
3,5141,102820000,102820000,2918,4862,102840000,36040
3,5142,102840000,102840000,2918,4862,102860000,36048
3,5143,102860000,102860000,2918,4862,102880000,36054
3,5144,102880000,102880000,2918,4862,102900000,36060
3,5145,102900000,102900000,2918,4862,102920000,36069
3,5146,102920000,102920000,2918,4862,102940000,36075
3,5147,102940000,102940000,2918,4862,102960000,36081
3,5148,102960000,102960000,2918,4862,102980000,36091
3,5149,102980000,102980000,2918,4862,103000000,36096
3,515,10300000,10300000,2918,4862,10320000,3612
3,5150,103000000,103000000,2918,4862,103020000,36102
3,5151,103020000,103020000,2918,4862,103040000,36110
3,5152,103040000,103040000,2918,4862,103060000,36118
3,5153,103060000,103060000,2918,4862,103080000,36124
3,5154,103080000,103080000,2918,4862,103100000,36131
3,5155,103100000,103100000,2918,4862,103120000,36138
3,5156,103120000,103120000,2918,4862,103140000,36145
3,5157,103140000,103140000,2918,4862,103160000,36153
3,5158,103160000,103160000,2918,4862,103180000,36158
3,5159,103180000,103180000,2918,4862,103200000,36166
3,516,10320000,10320000,2918,4862,10340000,3619
3,5160,103200000,103200000,2918,4862,103220000,36174
3,5161,103220000,103220000,2918,4862,103240000,36180
3,5162,103240000,103240000,2918,4862,103260000,36187
3,5163,103260000,103260000,2918,4862,103280000,36196
3,5164,103280000,103280000,2918,4862,103300000,36201
3,5165,103300000,103300000,2918,4862,103320000,36207
3,5166,103320000,103320000,2918,4862,103340000,36216
3,5167,103340000,103340000,2918,4862,103360000,36222
3,5168,103360000,103360000,2918,4862,103380000,36229
3,5169,103380000,103380000,2918,4862,103400000,36237
3,517,10340000,10340000,2918,4862,10360000,3626
3,5170,103400000,103400000,2918,4862,103420000,36243
3,5171,103420000,103420000,2918,4862,103440000,36250
3,5172,103440000,103440000,2918,4862,103460000,36258
3,5173,103460000,103460000,2918,4862,103480000,36264
3,5174,103480000,103480000,2918,4862,103500000,36270
3,5175,103500000,103500000,2918,4862,103520000,36279
3,5176,103520000,103520000,2918,4862,103540000,36286
3,5177,103540000,103540000,2918,4862,103560000,36292
3,5178,103560000,103560000,2918,4862,103580000,36300
3,5179,103580000,103580000,2918,4862,103600000,36306
3,518,10360000,10360000,2918,4862,10380000,3634
3,5180,103600000,103600000,2918,4862,103620000,36314
3,5181,103620000,103620000,2918,4862,103640000,36321
3,5182,103640000,103640000,2918,4862,103660000,36327
3,5183,103660000,103660000,2918,4862,103680000,36334
3,5184,103680000,103680000,2918,4862,103700000,36342
3,5185,103700000,103700000,2918,4862,103720000,36348
3,5186,103720000,103720000,2918,4862,103740000,36355
3,5187,103740000,103740000,2918,4862,103760000,36363
3,5188,103760000,103760000,2918,4862,103780000,36369
3,5189,103780000,103780000,2918,4862,103800000,36376
3,519,10380000,10380000,2918,4862,10400000,3641
3,5190,103800000,103800000,2918,4862,103820000,36385
3,5191,103820000,103820000,2918,4862,103840000,36390
3,5192,103840000,103840000,2918,4862,103860000,36396
3,5193,103860000,103860000,2918,4862,103880000,36406
3,5194,103880000,103880000,2918,4862,103900000,36412
3,5195,103900000,103900000,2918,4862,103920000,36418
3,5196,103920000,103920000,2918,4862,103940000,36425
3,5197,103940000,103940000,2918,4862,103960000,36434
3,5198,103960000,103960000,2918,4862,103980000,36440
3,5199,103980000,103980000,2918,4862,104000000,36447
3,52,1040000,1040000,2918,4862,1060000,367
3,520,10400000,10400000,2918,4862,10420000,3646
3,5200,104000000,104000000,2918,4862,104020000,36452
3,5201,104020000,104020000,2918,4862,104040000,36460
3,5202,104040000,104040000,2918,4862,104060000,36469
3,5203,104060000,104060000,2918,4862,104080000,36474
3,5204,104080000,104080000,2918,4862,104100000,36481
3,5205,104100000,104100000,2918,4862,104120000,36489
3,5206,104120000,104120000,2918,4862,104140000,36496
3,5207,104140000,104140000,2918,4862,104160000,36502
3,5208,104160000,104160000,2918,4862,104180000,36511
3,5209,104180000,104180000,2918,4862,104200000,36516
3,521,10420000,10420000,2918,4862,10440000,3654
3,5210,104200000,104200000,2918,4862,104220000,36523
3,5211,104220000,104220000,2918,4862,104240000,36532
3,5212,104240000,104240000,2918,4862,104260000,36538
3,5213,104260000,104260000,2918,4862,104280000,36544
3,5214,104280000,104280000,2918,4862,104300000,36552
3,5215,104300000,104300000,2918,4862,104320000,36559
3,5216,104320000,104320000,2918,4862,104340000,36566
3,5217,104340000,104340000,2918,4862,104360000,36573
3,5218,104360000,104360000,2918,4862,104380000,36579
3,5219,104380000,104380000,2918,4862,104400000,36586
3,522,10440000,10440000,2918,4862,10460000,3663
3,5220,104400000,104400000,2918,4862,104420000,36595
3,5221,104420000,104420000,2918,4862,104440000,36600
3,5222,104440000,104440000,2918,4862,104460000,36607
3,5223,104460000,104460000,2918,4862,104480000,36616
3,5224,104480000,104480000,2918,4862,104500000,36622
3,5225,104500000,104500000,2918,4862,104520000,36629
3,5226,104520000,104520000,2918,4862,104540000,36636
3,5227,104540000,104540000,2918,4862,104560000,36643
3,5228,104560000,104560000,2918,4862,104580000,36649
3,5229,104580000,104580000,2918,4862,104600000,36658
3,523,10460000,10460000,2918,4862,10480000,3668
3,5230,104600000,104600000,2918,4862,104620000,36663
3,5231,104620000,104620000,2918,4862,104640000,36671
3,5232,104640000,104640000,2918,4862,104660000,36679
3,5233,104660000,104660000,2918,4862,104680000,36685
3,5234,104680000,104680000,2918,4862,104700000,36691
3,5235,104700000,104700000,2918,4862,104720000,36699
3,5236,104720000,104720000,2918,4862,104740000,36706
3,5237,104740000,104740000,2918,4862,104760000,36712
3,5238,104760000,104760000,2918,4862,104780000,36721
3,5239,104780000,104780000,2918,4862,104800000,36727
3,524,10480000,10480000,2918,4862,10500000,3674
3,5240,104800000,104800000,2918,4862,104820000,36734
3,5241,104820000,104820000,2918,4862,104840000,36741
3,5242,104840000,104840000,2918,4862,104860000,36748
3,5243,104860000,104860000,2918,4862,104880000,36755
3,5244,104880000,104880000,2918,4862,104900000,36763
3,5245,104900000,104900000,2918,4862,104920000,36768
3,5246,104920000,104920000,2918,4862,104940000,36776
3,5247,104940000,104940000,2918,4862,104960000,36784
3,5248,104960000,104960000,2918,4862,104980000,36790
3,5249,104980000,104980000,2918,4862,105000000,36796
3,525,10500000,10500000,2918,4862,10520000,3683
3,5250,105000000,105000000,2918,4862,105020000,36805
3,5251,105020000,105020000,2918,4862,105040000,36811
3,5252,105040000,105040000,2918,4862,105060000,36817
3,5253,105060000,105060000,2918,4862,105080000,36827
3,5254,105080000,105080000,2918,4862,105100000,36832
3,5255,105100000,105100000,2918,4862,105120000,36838
3,5256,105120000,105120000,2918,4862,105140000,36846
3,5257,105140000,105140000,2918,4862,105160000,36854
3,5258,105160000,105160000,2918,4862,105180000,36860
3,5259,105180000,105180000,2918,4862,105200000,36867
3,526,10520000,10520000,2918,4862,10540000,3689
3,5260,105200000,105200000,2918,4862,105220000,36874
3,5261,105220000,105220000,2918,4862,105240000,36882
3,5262,105240000,105240000,2918,4862,105260000,36889
3,5263,105260000,105260000,2918,4862,105280000,36894
3,5264,105280000,105280000,2918,4862,105300000,36901
3,5265,105300000,105300000,2918,4862,105320000,36911
3,5266,105320000,105320000,2918,4862,105340000,36916
3,5267,105340000,105340000,2918,4862,105360000,36923
3,5268,105360000,105360000,2918,4862,105380000,36931
3,5269,105380000,105380000,2918,4862,105400000,36937
3,527,10540000,10540000,2918,4862,10560000,3696
3,5270,105400000,105400000,2918,4862,105420000,36944
3,5271,105420000,105420000,2918,4862,105440000,36952
3,5272,105440000,105440000,2918,4862,105460000,36958
3,5273,105460000,105460000,2918,4862,105480000,36964
3,5274,105480000,105480000,2918,4862,105500000,36974
3,5275,105500000,105500000,2918,4862,105520000,36979
3,5276,105520000,105520000,2918,4862,105540000,36986
3,5277,105540000,105540000,2918,4862,105560000,36993
3,5278,105560000,105560000,2918,4862,105580000,37001
3,5279,105580000,105580000,2918,4862,105600000,37007
3,528,10560000,10560000,2918,4862,10580000,3705
3,5280,105600000,105600000,2918,4862,105620000,37015
3,5281,105620000,105620000,2918,4862,105640000,37021
3,5282,105640000,105640000,2918,4862,105660000,37028
3,5283,105660000,105660000,2918,4862,105680000,37037
3,5284,105680000,105680000,2918,4862,105700000,37042
3,5285,105700000,105700000,2918,4862,105720000,37049
3,5286,105720000,105720000,2918,4862,105740000,37056
3,5287,105740000,105740000,2918,4862,105760000,37064
3,5288,105760000,105760000,2918,4862,105780000,37071
3,5289,105780000,105780000,2918,4862,105800000,37078
3,529,10580000,10580000,2918,4862,10600000,3710
3,5290,105800000,105800000,2918,4862,105820000,37083
3,5291,105820000,105820000,2918,4862,105840000,37091
3,5292,105840000,105840000,2918,4862,105860000,37100
3,5293,105860000,105860000,2918,4862,105880000,37105
3,5294,105880000,105880000,2918,4862,105900000,37111
3,5295,105900000,105900000,2918,4862,105920000,37121
3,5296,105920000,105920000,2918,4862,105940000,37127
3,5297,105940000,105940000,2918,4862,105960000,37133
3,5298,105960000,105960000,2918,4862,105980000,37141
3,5299,105980000,105980000,2918,4862,106000000,37148
3,53,1060000,1060000,2918,4862,1080000,373
3,530,10600000,10600000,2918,4862,10620000,3716
3,5300,106000000,106000000,2918,4862,106020000,37154
3,5301,106020000,106020000,2918,4862,106040000,37162
3,5302,106040000,106040000,2918,4862,106060000,37169
3,5303,106060000,106060000,2918,4862,106080000,37175
3,5304,106080000,106080000,2918,4862,106100000,37183
3,5305,106100000,106100000,2918,4862,106120000,37189
3,5306,106120000,106120000,2918,4862,106140000,37197
3,5307,106140000,106140000,2918,4862,106160000,37204
3,5308,106160000,106160000,2918,4862,106180000,37210
3,5309,106180000,106180000,2918,4862,106200000,37217
3,531,10620000,10620000,2918,4862,10640000,3725
3,5310,106200000,106200000,2918,4862,106220000,37226
3,5311,106220000,106220000,2918,4862,106240000,37231
3,5312,106240000,106240000,2918,4862,106260000,37238
3,5313,106260000,106260000,2918,4862,106280000,37247
3,5314,106280000,106280000,2918,4862,106300000,37253
3,5315,106300000,106300000,2918,4862,106320000,37259
3,5316,106320000,106320000,2918,4862,106340000,37268
3,5317,106340000,106340000,2918,4862,106360000,37274
3,5318,106360000,106360000,2918,4862,106380000,37280
3,5319,106380000,106380000,2918,4862,106400000,37288
3,532,10640000,10640000,2918,4862,10660000,3732
3,5320,106400000,106400000,2918,4862,106420000,37294
3,5321,106420000,106420000,2918,4862,106440000,37302
3,5322,106440000,106440000,2918,4862,106460000,37309
3,5323,106460000,106460000,2918,4862,106480000,37316
3,5324,106480000,106480000,2918,4862,106500000,37322
3,5325,106500000,106500000,2918,4862,106520000,37331
3,5326,106520000,106520000,2918,4862,106540000,37336
3,5327,106540000,106540000,2918,4862,106560000,37343
3,5328,106560000,106560000,2918,4862,106580000,37352
3,5329,106580000,106580000,2918,4862,106600000,37358
3,533,10660000,10660000,2918,4862,10680000,3738
3,5330,106600000,106600000,2918,4862,106620000,37365
3,5331,106620000,106620000,2918,4862,106640000,37372
3,5332,106640000,106640000,2918,4862,106660000,37379
3,5333,106660000,106660000,2918,4862,106680000,37386
3,5334,106680000,106680000,2918,4862,106700000,37394
3,5335,106700000,106700000,2918,4862,106720000,37399
3,5336,106720000,106720000,2918,4862,106740000,37406
3,5337,106740000,106740000,2918,4862,106760000,37415
3,5338,106760000,106760000,2918,4862,106780000,37421
3,5339,106780000,106780000,2918,4862,106800000,37427
3,534,10680000,10680000,2918,4862,10700000,3745
3,5340,106800000,106800000,2918,4862,106820000,37435
3,5341,106820000,106820000,2918,4862,106840000,37442
3,5342,106840000,106840000,2918,4862,106860000,37449
3,5343,106860000,106860000,2918,4862,106880000,37457
3,5344,106880000,106880000,2918,4862,106900000,37463
3,5345,106900000,106900000,2918,4862,106920000,37469
3,5346,106920000,106920000,2918,4862,106940000,37478
3,5347,106940000,106940000,2918,4862,106960000,37484
3,5348,106960000,106960000,2918,4862,106980000,37491
3,5349,106980000,106980000,2918,4862,107000000,37498
3,535,10700000,10700000,2918,4862,10720000,3753
3,5350,107000000,107000000,2918,4862,107020000,37505
3,5351,107020000,107020000,2918,4862,107040000,37513
3,5352,107040000,107040000,2918,4862,107060000,37520
3,5353,107060000,107060000,2918,4862,107080000,37525
3,5354,107080000,107080000,2918,4862,107100000,37531
3,536,10720000,10720000,2918,4862,10740000,3760
3,537,10740000,10740000,2918,4862,10760000,3767
3,538,10760000,10760000,2918,4862,10780000,3772
3,539,10780000,10780000,2918,4862,10800000,3780
3,54,1080000,1080000,2918,4862,1100000,381
3,540,10800000,10800000,2918,4862,10820000,3789
3,541,10820000,10820000,2918,4862,10840000,3794
3,542,10840000,10840000,2918,4862,10860000,3801
3,543,10860000,10860000,2918,4862,10880000,3809
3,544,10880000,10880000,2918,4862,10900000,3816
3,545,10900000,10900000,2918,4862,10920000,3822
3,546,10920000,10920000,2918,4862,10940000,3830
3,547,10940000,10940000,2918,4862,10960000,3836
3,548,10960000,10960000,2918,4862,10980000,3843
3,549,10980000,10980000,2918,4862,11000000,3852
3,55,1100000,1100000,2918,4862,1120000,387
3,550,11000000,11000000,2918,4862,11020000,3857
3,551,11020000,11020000,2918,4862,11040000,3864
3,552,11040000,11040000,2918,4862,11060000,3872
3,553,11060000,11060000,2918,4862,11080000,3879
3,554,11080000,11080000,2918,4862,11100000,3885
3,555,11100000,11100000,2918,4862,11120000,3893
3,556,11120000,11120000,2918,4862,11140000,3900
3,557,11140000,11140000,2918,4862,11160000,3906
3,558,11160000,11160000,2918,4862,11180000,3915
3,559,11180000,11180000,2918,4862,11200000,3920
3,56,1120000,1120000,2918,4862,1140000,395
3,560,11200000,11200000,2918,4862,11220000,3927
3,561,11220000,11220000,2918,4862,11240000,3935
3,562,11240000,11240000,2918,4862,11260000,3942
3,563,11260000,11260000,2918,4862,11280000,3949
3,564,11280000,11280000,2918,4862,11300000,3956
3,565,11300000,11300000,2918,4862,11320000,3962
3,566,11320000,11320000,2918,4862,11340000,3969
3,567,11340000,11340000,2918,4862,11360000,3978
3,568,11360000,11360000,2918,4862,11380000,3983
3,569,11380000,11380000,2918,4862,11400000,3990
3,57,1140000,1140000,2918,4862,1160000,402
3,570,11400000,11400000,2918,4862,11420000,3999
3,571,11420000,11420000,2918,4862,11440000,4005
3,572,11440000,11440000,2918,4862,11460000,4011
3,573,11460000,11460000,2918,4862,11480000,4020
3,574,11480000,11480000,2918,4862,11500000,4026
3,575,11500000,11500000,2918,4862,11520000,4032
3,576,11520000,11520000,2918,4862,11540000,4040
3,577,11540000,11540000,2918,4862,11560000,4047
3,578,11560000,11560000,2918,4862,11580000,4054
3,579,11580000,11580000,2918,4862,11600000,4061
3,58,1160000,1160000,2918,4862,1180000,408
3,580,11600000,11600000,2918,4862,11620000,4067
3,581,11620000,11620000,2918,4862,11640000,4075
3,582,11640000,11640000,2918,4862,11660000,4083
3,583,11660000,11660000,2918,4862,11680000,4088
3,584,11680000,11680000,2918,4862,11700000,4095
3,585,11700000,11700000,2918,4862,11720000,4104
3,586,11720000,11720000,2918,4862,11740000,4110
3,587,11740000,11740000,2918,4862,11760000,4116
3,588,11760000,11760000,2918,4862,11780000,4125
3,589,11780000,11780000,2918,4862,11800000,4131
3,59,1180000,1180000,2918,4862,1200000,416
3,590,11800000,11800000,2918,4862,11820000,4138
3,591,11820000,11820000,2918,4862,11840000,4146
3,592,11840000,11840000,2918,4862,11860000,4152
3,593,11860000,11860000,2918,4862,11880000,4158
3,594,11880000,11880000,2918,4862,11900000,4166
3,595,11900000,11900000,2918,4862,11920000,4173
3,596,11920000,11920000,2918,4862,11940000,4180
3,597,11940000,11940000,2918,4862,11960000,4187
3,598,11960000,11960000,2918,4862,11980000,4194
3,599,11980000,11980000,2918,4862,12000000,4201
3,6,120000,120000,2918,4862,140000,44
3,60,1200000,1200000,2918,4862,1220000,424
3,600,12000000,12000000,2918,4862,12020000,4209
3,601,12020000,12020000,2918,4862,12040000,4214
3,602,12040000,12040000,2918,4862,12060000,4221
3,603,12060000,12060000,2918,4862,12080000,4231
3,604,12080000,12080000,2918,4862,12100000,4236
3,605,12100000,12100000,2918,4862,12120000,4243
3,606,12120000,12120000,2918,4862,12140000,4250
3,607,12140000,12140000,2918,4862,12160000,4258
3,608,12160000,12160000,2918,4862,12180000,4264
3,609,12180000,12180000,2918,4862,12200000,4272
3,61,1220000,1220000,2918,4862,1240000,429
3,610,12200000,12200000,2918,4862,12220000,4277
3,611,12220000,12220000,2918,4862,12240000,4284
3,612,12240000,12240000,2918,4862,12260000,4294
3,613,12260000,12260000,2918,4862,12280000,4299
3,614,12280000,12280000,2918,4862,12300000,4305
3,615,12300000,12300000,2918,4862,12320000,4313
3,616,12320000,12320000,2918,4862,12340000,4321
3,617,12340000,12340000,2918,4862,12360000,4327
3,618,12360000,12360000,2918,4862,12380000,4335
3,619,12380000,12380000,2918,4862,12400000,4341
3,62,1240000,1240000,2918,4862,1260000,435
3,620,12400000,12400000,2918,4862,12420000,4348
3,621,12420000,12420000,2918,4862,12440000,4356
3,622,12440000,12440000,2918,4862,12460000,4362
3,623,12460000,12460000,2918,4862,12480000,4369
3,624,12480000,12480000,2918,4862,12500000,4377
3,625,12500000,12500000,2918,4862,12520000,4383
3,626,12520000,12520000,2918,4862,12540000,4391
3,627,12540000,12540000,2918,4862,12560000,4398
3,628,12560000,12560000,2918,4862,12580000,4403
3,629,12580000,12580000,2918,4862,12600000,4410
3,63,1260000,1260000,2918,4862,1280000,446
3,630,12600000,12600000,2918,4862,12620000,4420
3,631,12620000,12620000,2918,4862,12640000,4425
3,632,12640000,12640000,2918,4862,12660000,4431
3,633,12660000,12660000,2918,4862,12680000,4441
3,634,12680000,12680000,2918,4862,12700000,4447
3,635,12700000,12700000,2918,4862,12720000,4453
3,636,12720000,12720000,2918,4862,12740000,4460
3,637,12740000,12740000,2918,4862,12760000,4468
3,638,12760000,12760000,2918,4862,12780000,4474
3,639,12780000,12780000,2918,4862,12800000,4482
3,64,1280000,1280000,2918,4862,1300000,451
3,640,12800000,12800000,2918,4862,12820000,4488
3,641,12820000,12820000,2918,4862,12840000,4496
3,642,12840000,12840000,2918,4862,12860000,4503
3,643,12860000,12860000,2918,4862,12880000,4509
3,644,12880000,12880000,2918,4862,12900000,4516
3,645,12900000,12900000,2918,4862,12920000,4524
3,646,12920000,12920000,2918,4862,12940000,4530
3,647,12940000,12940000,2918,4862,12960000,4537
3,648,12960000,12960000,2918,4862,12980000,4546
3,649,12980000,12980000,2918,4862,13000000,4551
3,65,1300000,1300000,2918,4862,1320000,457
3,650,13000000,13000000,2918,4862,13020000,4558
3,651,13020000,13020000,2918,4862,13040000,4566
3,652,13040000,13040000,2918,4862,13060000,4573
3,653,13060000,13060000,2918,4862,13080000,4579
3,654,13080000,13080000,2918,4862,13100000,4588
3,655,13100000,13100000,2918,4862,13120000,4593
3,656,13120000,13120000,2918,4862,13140000,4600
3,657,13140000,13140000,2918,4862,13160000,4608
3,658,13160000,13160000,2918,4862,13180000,4615
3,659,13180000,13180000,2918,4862,13200000,4621
3,66,1320000,1320000,2918,4862,1340000,465
3,660,13200000,13200000,2918,4862,13220000,4629
3,661,13220000,13220000,2918,4862,13240000,4636
3,662,13240000,13240000,2918,4862,13260000,4642
3,663,13260000,13260000,2918,4862,13280000,4651
3,664,13280000,13280000,2918,4862,13300000,4656
3,665,13300000,13300000,2918,4862,13320000,4663
3,666,13320000,13320000,2918,4862,13340000,4671
3,667,13340000,13340000,2918,4862,13360000,4678
3,668,13360000,13360000,2918,4862,13380000,4685
3,669,13380000,13380000,2918,4862,13400000,4692
3,67,1340000,1340000,2918,4862,1360000,472
3,670,13400000,13400000,2918,4862,13420000,4698
3,671,13420000,13420000,2918,4862,13440000,4706
3,672,13440000,13440000,2918,4862,13460000,4714
3,673,13460000,13460000,2918,4862,13480000,4719
3,674,13480000,13480000,2918,4862,13500000,4725
3,675,13500000,13500000,2918,4862,13520000,4736
3,676,13520000,13520000,2918,4862,13540000,4741
3,677,13540000,13540000,2918,4862,13560000,4747
3,678,13560000,13560000,2918,4862,13580000,4755
3,679,13580000,13580000,2918,4862,13600000,4762
3,68,1360000,1360000,2918,4862,1380000,479
3,680,13600000,13600000,2918,4862,13620000,4769
3,681,13620000,13620000,2918,4862,13640000,4776
3,682,13640000,13640000,2918,4862,13660000,4783
3,683,13660000,13660000,2918,4862,13680000,4789
3,684,13680000,13680000,2918,4862,13700000,4798
3,685,13700000,13700000,2918,4862,13720000,4803
3,686,13720000,13720000,2918,4862,13740000,4811
3,687,13740000,13740000,2918,4862,13760000,4818
3,688,13760000,13760000,2918,4862,13780000,4825
3,689,13780000,13780000,2918,4862,13800000,4832
3,69,1380000,1380000,2918,4862,1400000,486
3,690,13800000,13800000,2918,4862,13820000,4840
3,691,13820000,13820000,2918,4862,13840000,4845
3,692,13840000,13840000,2918,4862,13860000,4852
3,693,13860000,13860000,2918,4862,13880000,4862
3,694,13880000,13880000,2918,4862,13900000,4867
3,695,13900000,13900000,2918,4862,13920000,4873
3,696,13920000,13920000,2918,4862,13940000,4881
3,697,13940000,13940000,2918,4862,13960000,4889
3,698,13960000,13960000,2918,4862,13980000,4895
3,699,13980000,13980000,2918,4862,14000000,4902
3,7,140000,140000,2918,4862,160000,51
3,70,1400000,1400000,2918,4862,1420000,492
3,700,14000000,14000000,2918,4862,14020000,4908
3,701,14020000,14020000,2918,4862,14040000,4916
3,702,14040000,14040000,2918,4862,14060000,4924
3,703,14060000,14060000,2918,4862,14080000,4930
3,704,14080000,14080000,2918,4862,14100000,4936
3,705,14100000,14100000,2918,4862,14120000,4945
3,706,14120000,14120000,2918,4862,14140000,4951
3,707,14140000,14140000,2918,4862,14160000,4958
3,708,14160000,14160000,2918,4862,14180000,4966
3,709,14180000,14180000,2918,4862,14200000,4972
3,71,1420000,1420000,2918,4862,1440000,499
3,710,14200000,14200000,2918,4862,14220000,4979
3,711,14220000,14220000,2918,4862,14240000,4987
3,712,14240000,14240000,2918,4862,14260000,4993
3,713,14260000,14260000,2918,4862,14280000,4999
3,714,14280000,14280000,2918,4862,14300000,5008
3,715,14300000,14300000,2918,4862,14320000,5014
3,716,14320000,14320000,2918,4862,14340000,5021
3,717,14340000,14340000,2918,4862,14360000,5029
3,718,14360000,14360000,2918,4862,14380000,5035
3,719,14380000,14380000,2918,4862,14400000,5041
3,72,1440000,1440000,2918,4862,1460000,508
3,720,14400000,14400000,2918,4862,14420000,5050
3,721,14420000,14420000,2918,4862,14440000,5056
3,722,14440000,14440000,2918,4862,14460000,5063
3,723,14460000,14460000,2918,4862,14480000,5071
3,724,14480000,14480000,2918,4862,14500000,5078
3,725,14500000,14500000,2918,4862,14520000,5084
3,726,14520000,14520000,2918,4862,14540000,5092
3,727,14540000,14540000,2918,4862,14560000,5098
3,728,14560000,14560000,2918,4862,14580000,5105
3,729,14580000,14580000,2918,4862,14600000,5113
3,73,1460000,1460000,2918,4862,1480000,514
3,730,14600000,14600000,2918,4862,14620000,5118
3,731,14620000,14620000,2918,4862,14640000,5127
3,732,14640000,14640000,2918,4862,14660000,5134
3,733,14660000,14660000,2918,4862,14680000,5140
3,734,14680000,14680000,2918,4862,14700000,5146
3,735,14700000,14700000,2918,4862,14720000,5156
3,736,14720000,14720000,2918,4862,14740000,5161
3,737,14740000,14740000,2918,4862,14760000,5167
3,738,14760000,14760000,2918,4862,14780000,5177
3,739,14780000,14780000,2918,4862,14800000,5183
3,74,1480000,1480000,2918,4862,1500000,520
3,740,14800000,14800000,2918,4862,14820000,5189
3,741,14820000,14820000,2918,4862,14840000,5196
3,742,14840000,14840000,2918,4862,14860000,5204
3,743,14860000,14860000,2918,4862,14880000,5211
3,744,14880000,14880000,2918,4862,14900000,5218
3,745,14900000,14900000,2918,4862,14920000,5224
3,746,14920000,14920000,2918,4862,14940000,5231
3,747,14940000,14940000,2918,4862,14960000,5239
3,748,14960000,14960000,2918,4862,14980000,5245
3,749,14980000,14980000,2918,4862,15000000,5252
3,75,1500000,1500000,2918,4862,1520000,528
3,750,15000000,15000000,2918,4862,15020000,5260
3,751,15020000,15020000,2918,4862,15040000,5266
3,752,15040000,15040000,2918,4862,15060000,5274
3,753,15060000,15060000,2918,4862,15080000,5282
3,754,15080000,15080000,2918,4862,15100000,5287
3,755,15100000,15100000,2918,4862,15120000,5293
3,756,15120000,15120000,2918,4862,15140000,5303
3,757,15140000,15140000,2918,4862,15160000,5309
3,758,15160000,15160000,2918,4862,15180000,5315
3,759,15180000,15180000,2918,4862,15200000,5323
3,76,1520000,1520000,2918,4862,1540000,535
3,760,15200000,15200000,2918,4862,15220000,5330
3,761,15220000,15220000,2918,4862,15240000,5337
3,762,15240000,15240000,2918,4862,15260000,5344
3,763,15260000,15260000,2918,4862,15280000,5350
3,764,15280000,15280000,2918,4862,15300000,5356
3,765,15300000,15300000,2918,4862,15320000,5366
3,766,15320000,15320000,2918,4862,15340000,5372
3,767,15340000,15340000,2918,4862,15360000,5378
3,768,15360000,15360000,2918,4862,15380000,5386
3,769,15380000,15380000,2918,4862,15400000,5393
3,77,1540000,1540000,2918,4862,1560000,542
3,770,15400000,15400000,2918,4862,15420000,5400
3,771,15420000,15420000,2918,4862,15440000,5407
3,772,15440000,15440000,2918,4862,15460000,5413
3,773,15460000,15460000,2918,4862,15480000,5421
3,774,15480000,15480000,2918,4862,15500000,5429
3,775,15500000,15500000,2918,4862,15520000,5434
3,776,15520000,15520000,2918,4862,15540000,5441
3,777,15540000,15540000,2918,4862,15560000,5450
3,778,15560000,15560000,2918,4862,15580000,5456
3,779,15580000,15580000,2918,4862,15600000,5462
3,78,1560000,1560000,2918,4862,1580000,550
3,780,15600000,15600000,2918,4862,15620000,5471
3,781,15620000,15620000,2918,4862,15640000,5476
3,782,15640000,15640000,2918,4862,15660000,5483
3,783,15660000,15660000,2918,4862,15680000,5492
3,784,15680000,15680000,2918,4862,15700000,5498
3,785,15700000,15700000,2918,4862,15720000,5504
3,786,15720000,15720000,2918,4862,15740000,5512
3,787,15740000,15740000,2918,4862,15760000,5520
3,788,15760000,15760000,2918,4862,15780000,5526
3,789,15780000,15780000,2918,4862,15800000,5533
3,79,1580000,1580000,2918,4862,1600000,555
3,790,15800000,15800000,2918,4862,15820000,5539
3,791,15820000,15820000,2918,4862,15840000,5547
3,792,15840000,15840000,2918,4862,15860000,5555
3,793,15860000,15860000,2918,4862,15880000,5560
3,794,15880000,15880000,2918,4862,15900000,5568
3,795,15900000,15900000,2918,4862,15920000,5576
3,796,15920000,15920000,2918,4862,15940000,5582
3,797,15940000,15940000,2918,4862,15960000,5588
3,798,15960000,15960000,2918,4862,15980000,5597
3,799,15980000,15980000,2918,4862,16000000,5603
3,8,160000,160000,2918,4862,180000,58
3,80,1600000,1600000,2918,4862,1620000,563
3,800,16000000,16000000,2918,4862,16020000,5609
3,801,16020000,16020000,2918,4862,16040000,5618
3,802,16040000,16040000,2918,4862,16060000,5624
3,803,16060000,16060000,2918,4862,16080000,5631
3,804,16080000,16080000,2918,4862,16100000,5638
3,805,16100000,16100000,2918,4862,16120000,5645
3,806,16120000,16120000,2918,4862,16140000,5652
3,807,16140000,16140000,2918,4862,16160000,5660
3,808,16160000,16160000,2918,4862,16180000,5666
3,809,16180000,16180000,2918,4862,16200000,5672
3,81,1620000,1620000,2918,4862,1640000,571
3,810,16200000,16200000,2918,4862,16220000,5681
3,811,16220000,16220000,2918,4862,16240000,5687
3,812,16240000,16240000,2918,4862,16260000,5694
3,813,16260000,16260000,2918,4862,16280000,5702
3,814,16280000,16280000,2918,4862,16300000,5708
3,815,16300000,16300000,2918,4862,16320000,5715
3,816,16320000,16320000,2918,4862,16340000,5723
3,817,16340000,16340000,2918,4862,16360000,5729
3,818,16360000,16360000,2918,4862,16380000,5735
3,819,16380000,16380000,2918,4862,16400000,5744
3,82,1640000,1640000,2918,4862,1660000,577
3,820,16400000,16400000,2918,4862,16420000,5750
3,821,16420000,16420000,2918,4862,16440000,5757
3,822,16440000,16440000,2918,4862,16460000,5765
3,823,16460000,16460000,2918,4862,16480000,5771
3,824,16480000,16480000,2918,4862,16500000,5778
3,825,16500000,16500000,2918,4862,16520000,5786
3,826,16520000,16520000,2918,4862,16540000,5792
3,827,16540000,16540000,2918,4862,16560000,5798
3,828,16560000,16560000,2918,4862,16580000,5808
3,829,16580000,16580000,2918,4862,16600000,5814
3,83,1660000,1660000,2918,4862,1680000,583
3,830,16600000,16600000,2918,4862,16620000,5820
3,831,16620000,16620000,2918,4862,16640000,5827
3,832,16640000,16640000,2918,4862,16660000,5834
3,833,16660000,16660000,2918,4862,16680000,5842
3,834,16680000,16680000,2918,4862,16700000,5849
3,835,16700000,16700000,2918,4862,16720000,5854
3,836,16720000,16720000,2918,4862,16740000,5862
3,837,16740000,16740000,2918,4862,16760000,5871
3,838,16760000,16760000,2918,4862,16780000,5876
3,839,16780000,16780000,2918,4862,16800000,5882
3,84,1680000,1680000,2918,4862,1700000,591
3,840,16800000,16800000,2918,4862,16820000,5891
3,841,16820000,16820000,2918,4862,16840000,5898
3,842,16840000,16840000,2918,4862,16860000,5904
3,843,16860000,16860000,2918,4862,16880000,5913
3,844,16880000,16880000,2918,4862,16900000,5918
3,845,16900000,16900000,2918,4862,16920000,5925
3,846,16920000,16920000,2918,4862,16940000,5933
3,847,16940000,16940000,2918,4862,16960000,5940
3,848,16960000,16960000,2918,4862,16980000,5946
3,849,16980000,16980000,2918,4862,17000000,5953
3,85,1700000,1700000,2918,4862,1720000,598
3,850,17000000,17000000,2918,4862,17020000,5961
3,851,17020000,17020000,2918,4862,17040000,5968
3,852,17040000,17040000,2918,4862,17060000,5975
3,853,17060000,17060000,2918,4862,17080000,5980
3,854,17080000,17080000,2918,4862,17100000,5988
3,855,17100000,17100000,2918,4862,17120000,5997
3,856,17120000,17120000,2918,4862,17140000,6002
3,857,17140000,17140000,2918,4862,17160000,6009
3,858,17160000,17160000,2918,4862,17180000,6018
3,859,17180000,17180000,2918,4862,17200000,6024
3,86,1720000,1720000,2918,4862,1740000,605
3,860,17200000,17200000,2918,4862,17220000,6030
3,861,17220000,17220000,2918,4862,17240000,6038
3,862,17240000,17240000,2918,4862,17260000,6045
3,863,17260000,17260000,2918,4862,17280000,6051
3,864,17280000,17280000,2918,4862,17300000,6060
3,865,17300000,17300000,2918,4862,17320000,6065
3,866,17320000,17320000,2918,4862,17340000,6072
3,867,17340000,17340000,2918,4862,17360000,6080
3,868,17360000,17360000,2918,4862,17380000,6087
3,869,17380000,17380000,2918,4862,17400000,6093
3,87,1740000,1740000,2918,4862,1760000,613
3,870,17400000,17400000,2918,4862,17420000,6101
3,871,17420000,17420000,2918,4862,17440000,6108
3,872,17440000,17440000,2918,4862,17460000,6114
3,873,17460000,17460000,2918,4862,17480000,6123
3,874,17480000,17480000,2918,4862,17500000,6128
3,875,17500000,17500000,2918,4862,17520000,6136
3,876,17520000,17520000,2918,4862,17540000,6143
3,877,17540000,17540000,2918,4862,17560000,6150
3,878,17560000,17560000,2918,4862,17580000,6157
3,879,17580000,17580000,2918,4862,17600000,6165
3,88,1760000,1760000,2918,4862,1780000,618
3,880,17600000,17600000,2918,4862,17620000,6170
3,881,17620000,17620000,2918,4862,17640000,6177
3,882,17640000,17640000,2918,4862,17660000,6186
3,883,17660000,17660000,2918,4862,17680000,6191
3,884,17680000,17680000,2918,4862,17700000,6198
3,885,17700000,17700000,2918,4862,17720000,6207
3,886,17720000,17720000,2918,4862,17740000,6213
3,887,17740000,17740000,2918,4862,17760000,6219
3,888,17760000,17760000,2918,4862,17780000,6228
3,889,17780000,17780000,2918,4862,17800000,6234
3,89,1780000,1780000,2918,4862,1800000,625
3,890,17800000,17800000,2918,4862,17820000,6240
3,891,17820000,17820000,2918,4862,17840000,6248
3,892,17840000,17840000,2918,4862,17860000,6256
3,893,17860000,17860000,2918,4862,17880000,6262
3,894,17880000,17880000,2918,4862,17900000,6269
3,895,17900000,17900000,2918,4862,17920000,6275
3,896,17920000,17920000,2918,4862,17940000,6284
3,897,17940000,17940000,2918,4862,17960000,6291
3,898,17960000,17960000,2918,4862,17980000,6296
3,899,17980000,17980000,2918,4862,18000000,6303
3,9,180000,180000,2918,4862,200000,66
3,90,1800000,1800000,2918,4862,1820000,634
3,900,18000000,18000000,2918,4862,18020000,6312
3,901,18020000,18020000,2918,4862,18040000,6318
3,902,18040000,18040000,2918,4862,18060000,6324
3,903,18060000,18060000,2918,4862,18080000,6333
3,904,18080000,18080000,2918,4862,18100000,6339
3,905,18100000,18100000,2918,4862,18120000,6346
3,906,18120000,18120000,2918,4862,18140000,6354
3,907,18140000,18140000,2918,4862,18160000,6360
3,908,18160000,18160000,2918,4862,18180000,6366
3,909,18180000,18180000,2918,4862,18200000,6375
3,91,1820000,1820000,2918,4862,1840000,640
3,910,18200000,18200000,2918,4862,18220000,6381
3,911,18220000,18220000,2918,4862,18240000,6388
3,912,18240000,18240000,2918,4862,18260000,6395
3,913,18260000,18260000,2918,4862,18280000,6403
3,914,18280000,18280000,2918,4862,18300000,6409
3,915,18300000,18300000,2918,4862,18320000,6417
3,916,18320000,18320000,2918,4862,18340000,6422
3,917,18340000,18340000,2918,4862,18360000,6429
3,918,18360000,18360000,2918,4862,18380000,6439
3,919,18380000,18380000,2918,4862,18400000,6444
3,92,1840000,1840000,2918,4862,1860000,646
3,920,18400000,18400000,2918,4862,18420000,6451
3,921,18420000,18420000,2918,4862,18440000,6458
3,922,18440000,18440000,2918,4862,18460000,6466
3,923,18460000,18460000,2918,4862,18480000,6472
3,924,18480000,18480000,2918,4862,18500000,6480
3,925,18500000,18500000,2918,4862,18520000,6485
3,926,18520000,18520000,2918,4862,18540000,6493
3,927,18540000,18540000,2918,4862,18560000,6502
3,928,18560000,18560000,2918,4862,18580000,6507
3,929,18580000,18580000,2918,4862,18600000,6513
3,93,1860000,1860000,2918,4862,1880000,655
3,930,18600000,18600000,2918,4862,18620000,6522
3,931,18620000,18620000,2918,4862,18640000,6529
3,932,18640000,18640000,2918,4862,18660000,6535
3,933,18660000,18660000,2918,4862,18680000,6543
3,934,18680000,18680000,2918,4862,18700000,6549
3,935,18700000,18700000,2918,4862,18720000,6556
3,936,18720000,18720000,2918,4862,18740000,6564
3,937,18740000,18740000,2918,4862,18760000,6570
3,938,18760000,18760000,2918,4862,18780000,6577
3,939,18780000,18780000,2918,4862,18800000,6585
3,94,1880000,1880000,2918,4862,1900000,662
3,940,18800000,18800000,2918,4862,18820000,6591
3,941,18820000,18820000,2918,4862,18840000,6599
3,942,18840000,18840000,2918,4862,18860000,6606
3,943,18860000,18860000,2918,4862,18880000,6612
3,944,18880000,18880000,2918,4862,18900000,6618
3,945,18900000,18900000,2918,4862,18920000,6628
3,946,18920000,18920000,2918,4862,18940000,6633
3,947,18940000,18940000,2918,4862,18960000,6640
3,948,18960000,18960000,2918,4862,18980000,6649
3,949,18980000,18980000,2918,4862,19000000,6655
3,95,1900000,1900000,2918,4862,1920000,668
3,950,19000000,19000000,2918,4862,19020000,6661
3,951,19020000,19020000,2918,4862,19040000,6668
3,952,19040000,19040000,2918,4862,19060000,6676
3,953,19060000,19060000,2918,4862,19080000,6682
3,954,19080000,19080000,2918,4862,19100000,6690
3,955,19100000,19100000,2918,4862,19120000,6696
3,956,19120000,19120000,2918,4862,19140000,6704
3,957,19140000,19140000,2918,4862,19160000,6711
3,958,19160000,19160000,2918,4862,19180000,6717
3,959,19180000,19180000,2918,4862,19200000,6724
3,96,1920000,1920000,2918,4862,1940000,675
3,960,19200000,19200000,2918,4862,19220000,6733
3,961,19220000,19220000,2918,4862,19240000,6738
3,962,19240000,19240000,2918,4862,19260000,6745
3,963,19260000,19260000,2918,4862,19280000,6754
3,964,19280000,19280000,2918,4862,19300000,6760
3,965,19300000,19300000,2918,4862,19320000,6766
3,966,19320000,19320000,2918,4862,19340000,6774
3,967,19340000,19340000,2918,4862,19360000,6781
3,968,19360000,19360000,2918,4862,19380000,6787
3,969,19380000,19380000,2918,4862,19400000,6796
3,97,1940000,1940000,2918,4862,1960000,682
3,970,19400000,19400000,2918,4862,19420000,6801
3,971,19420000,19420000,2918,4862,19440000,6808
3,972,19440000,19440000,2918,4862,19460000,6816
3,973,19460000,19460000,2918,4862,19480000,6823
3,974,19480000,19480000,2918,4862,19500000,6829
3,975,19500000,19500000,2918,4862,19520000,6837
3,976,19520000,19520000,2918,4862,19540000,6844
3,977,19540000,19540000,2918,4862,19560000,6851
3,978,19560000,19560000,2918,4862,19580000,6859
3,979,19580000,19580000,2918,4862,19600000,6864
3,98,1960000,1960000,2918,4862,1980000,689
3,980,19600000,19600000,2918,4862,19620000,6871
3,981,19620000,19620000,2918,4862,19640000,6880
3,982,19640000,19640000,2918,4862,19660000,6886
3,983,19660000,19660000,2918,4862,19680000,6893
3,984,19680000,19680000,2918,4862,19700000,6900
3,985,19700000,19700000,2918,4862,19720000,6906
3,986,19720000,19720000,2918,4862,19740000,6914
3,987,19740000,19740000,2918,4862,19760000,6922
3,988,19760000,19760000,2918,4862,19780000,6927
3,989,19780000,19780000,2918,4862,19800000,6933
3,99,1980000,1980000,2918,4862,2000000,697
3,990,19800000,19800000,2918,4862,19820000,6944
3,991,19820000,19820000,2918,4862,19840000,6949
3,992,19840000,19840000,2918,4862,19860000,6955
3,993,19860000,19860000,2918,4862,19880000,6963
3,994,19880000,19880000,2918,4862,19900000,6971
3,995,19900000,19900000,2918,4862,19920000,6977
3,996,19920000,19920000,2918,4862,19940000,6984
3,997,19940000,19940000,2918,4862,19960000,6991
3,998,19960000,19960000,2918,4862,19980000,6998
3,999,19980000,19980000,2918,4862,20000000,7006
4,0,0,0,1551,2585,60000,16
4,1,60000,60000,1551,2585,120000,38
4,10,600000,600000,1551,2585,660000,227
4,100,6000000,6000000,1551,2585,6060000,2120
4,1000,60000000,60000000,1551,2585,60060000,21046
4,1001,60060000,60060000,1551,2585,60120000,21067
4,1002,60120000,60120000,1551,2585,60180000,21088
4,1003,60180000,60180000,1551,2585,60240000,21110
4,1004,60240000,60240000,1551,2585,60300000,21130
4,1005,60300000,60300000,1551,2585,60360000,21152
4,1006,60360000,60360000,1551,2585,60420000,21173
4,1007,60420000,60420000,1551,2585,60480000,21193
4,1008,60480000,60480000,1551,2585,60540000,21215
4,1009,60540000,60540000,1551,2585,60600000,21235
4,101,6060000,6060000,1551,2585,6120000,2140
4,1010,60600000,60600000,1551,2585,60660000,21256
4,1011,60660000,60660000,1551,2585,60720000,21278
4,1012,60720000,60720000,1551,2585,60780000,21300
4,1013,60780000,60780000,1551,2585,60840000,21320
4,1014,60840000,60840000,1551,2585,60900000,21340
4,1015,60900000,60900000,1551,2585,60960000,21362
4,1016,60960000,60960000,1551,2585,61020000,21382
4,1017,61020000,61020000,1551,2585,61080000,21404
4,1018,61080000,61080000,1551,2585,61140000,21426
4,1019,61140000,61140000,1551,2585,61200000,21445
4,102,6120000,6120000,1551,2585,6180000,2162
4,1020,61200000,61200000,1551,2585,61260000,21467
4,1021,61260000,61260000,1551,2585,61320000,21488
4,1022,61320000,61320000,1551,2585,61380000,21509
4,1023,61380000,61380000,1551,2585,61440000,21530
4,1024,61440000,61440000,1551,2585,61500000,21551
4,1025,61500000,61500000,1551,2585,61560000,21572
4,1026,61560000,61560000,1551,2585,61620000,21593
4,1027,61620000,61620000,1551,2585,61680000,21615
4,1028,61680000,61680000,1551,2585,61740000,21635
4,1029,61740000,61740000,1551,2585,61800000,21656
4,103,6180000,6180000,1551,2585,6240000,2184
4,1030,61800000,61800000,1551,2585,61860000,21677
4,1031,61860000,61860000,1551,2585,61920000,21698
4,1032,61920000,61920000,1551,2585,61980000,21720
4,1033,61980000,61980000,1551,2585,62040000,21741
4,1034,62040000,62040000,1551,2585,62100000,21761
4,1035,62100000,62100000,1551,2585,62160000,21782
4,1036,62160000,62160000,1551,2585,62220000,21803
4,1037,62220000,62220000,1551,2585,62280000,21824
4,1038,62280000,62280000,1551,2585,62340000,21846
4,1039,62340000,62340000,1551,2585,62400000,21867
4,104,6240000,6240000,1551,2585,6300000,2203
4,1040,62400000,62400000,1551,2585,62460000,21887
4,1041,62460000,62460000,1551,2585,62520000,21909
4,1042,62520000,62520000,1551,2585,62580000,21930
4,1043,62580000,62580000,1551,2585,62640000,21950
4,1044,62640000,62640000,1551,2585,62700000,21971
4,1045,62700000,62700000,1551,2585,62760000,21993
4,1046,62760000,62760000,1551,2585,62820000,22014
4,1047,62820000,62820000,1551,2585,62880000,22035
4,1048,62880000,62880000,1551,2585,62940000,22057
4,1049,62940000,62940000,1551,2585,63000000,22076
4,105,6300000,6300000,1551,2585,6360000,2224
4,1050,63000000,63000000,1551,2585,63060000,22097
4,1051,63060000,63060000,1551,2585,63120000,22119
4,1052,63120000,63120000,1551,2585,63180000,22140
4,1053,63180000,63180000,1551,2585,63240000,22161
4,1054,63240000,63240000,1551,2585,63300000,22182
4,1055,63300000,63300000,1551,2585,63360000,22203
4,1056,63360000,63360000,1551,2585,63420000,22224
4,1057,63420000,63420000,1551,2585,63480000,22245
4,1058,63480000,63480000,1551,2585,63540000,22266
4,1059,63540000,63540000,1551,2585,63600000,22287
4,106,6360000,6360000,1551,2585,6420000,2246
4,1060,63600000,63600000,1551,2585,63660000,22308
4,1061,63660000,63660000,1551,2585,63720000,22329
4,1062,63720000,63720000,1551,2585,63780000,22351
4,1063,63780000,63780000,1551,2585,63840000,22372
4,1064,63840000,63840000,1551,2585,63900000,22391
4,1065,63900000,63900000,1551,2585,63960000,22413
4,1066,63960000,63960000,1551,2585,64020000,22435
4,1067,64020000,64020000,1551,2585,64080000,22455
4,1068,64080000,64080000,1551,2585,64140000,22477
4,1069,64140000,64140000,1551,2585,64200000,22498
4,107,6420000,6420000,1551,2585,6480000,2267
4,1070,64200000,64200000,1551,2585,64260000,22517
4,1071,64260000,64260000,1551,2585,64320000,22539
4,1072,64320000,64320000,1551,2585,64380000,22561
4,1073,64380000,64380000,1551,2585,64440000,22582
4,1074,64440000,64440000,1551,2585,64500000,22602
4,1075,64500000,64500000,1551,2585,64560000,22624
4,1076,64560000,64560000,1551,2585,64620000,22645
4,1077,64620000,64620000,1551,2585,64680000,22665
4,1078,64680000,64680000,1551,2585,64740000,22687
4,1079,64740000,64740000,1551,2585,64800000,22707
4,108,6480000,6480000,1551,2585,6540000,2288
4,1080,64800000,64800000,1551,2585,64860000,22729
4,1081,64860000,64860000,1551,2585,64920000,22750
4,1082,64920000,64920000,1551,2585,64980000,22771
4,1083,64980000,64980000,1551,2585,65040000,22793
4,1084,65040000,65040000,1551,2585,65100000,22812
4,1085,65100000,65100000,1551,2585,65160000,22833
4,1086,65160000,65160000,1551,2585,65220000,22855
4,1087,65220000,65220000,1551,2585,65280000,22876
4,1088,65280000,65280000,1551,2585,65340000,22897
4,1089,65340000,65340000,1551,2585,65400000,22918
4,109,6540000,6540000,1551,2585,6600000,2309
4,1090,65400000,65400000,1551,2585,65460000,22940
4,1091,65460000,65460000,1551,2585,65520000,22959
4,1092,65520000,65520000,1551,2585,65580000,22981
4,1093,65580000,65580000,1551,2585,65640000,23003
4,1094,65640000,65640000,1551,2585,65700000,23022
4,1095,65700000,65700000,1551,2585,65760000,23044
4,1096,65760000,65760000,1551,2585,65820000,23066
4,1097,65820000,65820000,1551,2585,65880000,23087
4,1098,65880000,65880000,1551,2585,65940000,23107
4,1099,65940000,65940000,1551,2585,66000000,23128
4,11,660000,660000,1551,2585,720000,248
4,110,6600000,6600000,1551,2585,6660000,2330
4,1100,66000000,66000000,1551,2585,66060000,23149
4,1101,66060000,66060000,1551,2585,66120000,23170
4,1102,66120000,66120000,1551,2585,66180000,23192
4,1103,66180000,66180000,1551,2585,66240000,23213
4,1104,66240000,66240000,1551,2585,66300000,23233
4,1105,66300000,66300000,1551,2585,66360000,23254
4,1106,66360000,66360000,1551,2585,66420000,23275
4,1107,66420000,66420000,1551,2585,66480000,23297
4,1108,66480000,66480000,1551,2585,66540000,23318
4,1109,66540000,66540000,1551,2585,66600000,23338
4,111,6660000,6660000,1551,2585,6720000,2351
4,1110,66600000,66600000,1551,2585,66660000,23360
4,1111,66660000,66660000,1551,2585,66720000,23381
4,1112,66720000,66720000,1551,2585,66780000,23401
4,1113,66780000,66780000,1551,2585,66840000,23423
4,1114,66840000,66840000,1551,2585,66900000,23444
4,1115,66900000,66900000,1551,2585,66960000,23464
4,1116,66960000,66960000,1551,2585,67020000,23486
4,1117,67020000,67020000,1551,2585,67080000,23508
4,1118,67080000,67080000,1551,2585,67140000,23528
4,1119,67140000,67140000,1551,2585,67200000,23548
4,112,6720000,6720000,1551,2585,6780000,2372
4,1120,67200000,67200000,1551,2585,67260000,23570
4,1121,67260000,67260000,1551,2585,67320000,23590
4,1122,67320000,67320000,1551,2585,67380000,23612
4,1123,67380000,67380000,1551,2585,67440000,23634
4,1124,67440000,67440000,1551,2585,67500000,23654
4,1125,67500000,67500000,1551,2585,67560000,23675
4,1126,67560000,67560000,1551,2585,67620000,23696
4,1127,67620000,67620000,1551,2585,67680000,23717
4,1128,67680000,67680000,1551,2585,67740000,23738
4,1129,67740000,67740000,1551,2585,67800000,23759
4,113,6780000,6780000,1551,2585,6840000,2393
4,1130,67800000,67800000,1551,2585,67860000,23780
4,1131,67860000,67860000,1551,2585,67920000,23802
4,1132,67920000,67920000,1551,2585,67980000,23823
4,1133,67980000,67980000,1551,2585,68040000,23843
4,1134,68040000,68040000,1551,2585,68100000,23864
4,1135,68100000,68100000,1551,2585,68160000,23885
4,1136,68160000,68160000,1551,2585,68220000,23906
4,1137,68220000,68220000,1551,2585,68280000,23928
4,1138,68280000,68280000,1551,2585,68340000,23949
4,1139,68340000,68340000,1551,2585,68400000,23969
4,114,6840000,6840000,1551,2585,6900000,2414
4,1140,68400000,68400000,1551,2585,68460000,23990
4,1141,68460000,68460000,1551,2585,68520000,24012
4,1142,68520000,68520000,1551,2585,68580000,24032
4,1143,68580000,68580000,1551,2585,68640000,24054
4,1144,68640000,68640000,1551,2585,68700000,24075
4,1145,68700000,68700000,1551,2585,68760000,24095
4,1146,68760000,68760000,1551,2585,68820000,24117
4,1147,68820000,68820000,1551,2585,68880000,24138
4,1148,68880000,68880000,1551,2585,68940000,24159
4,1149,68940000,68940000,1551,2585,69000000,24179
4,115,6900000,6900000,1551,2585,6960000,2435
4,1150,69000000,69000000,1551,2585,69060000,24201
4,1151,69060000,69060000,1551,2585,69120000,24222
4,1152,69120000,69120000,1551,2585,69180000,24243
4,1153,69180000,69180000,1551,2585,69240000,24265
4,1154,69240000,69240000,1551,2585,69300000,24284
4,1155,69300000,69300000,1551,2585,69360000,24305
4,1156,69360000,69360000,1551,2585,69420000,24327
4,1157,69420000,69420000,1551,2585,69480000,24348
4,1158,69480000,69480000,1551,2585,69540000,24370
4,1159,69540000,69540000,1551,2585,69600000,24390
4,116,6960000,6960000,1551,2585,7020000,2456
4,1160,69600000,69600000,1551,2585,69660000,24411
4,1161,69660000,69660000,1551,2585,69720000,24432
4,1162,69720000,69720000,1551,2585,69780000,24453
4,1163,69780000,69780000,1551,2585,69840000,24474
4,1164,69840000,69840000,1551,2585,69900000,24495
4,1165,69900000,69900000,1551,2585,69960000,24517
4,1166,69960000,69960000,1551,2585,70020000,24537
4,1167,70020000,70020000,1551,2585,70080000,24559
4,1168,70080000,70080000,1551,2585,70140000,24580
4,1169,70140000,70140000,1551,2585,70200000,24599
4,117,7020000,7020000,1551,2585,7080000,2478
4,1170,70200000,70200000,1551,2585,70260000,24621
4,1171,70260000,70260000,1551,2585,70320000,24643
4,1172,70320000,70320000,1551,2585,70380000,24663
4,1173,70380000,70380000,1551,2585,70440000,24685
4,1174,70440000,70440000,1551,2585,70500000,24706
4,1175,70500000,70500000,1551,2585,70560000,24726
4,1176,70560000,70560000,1551,2585,70620000,24747
4,1177,70620000,70620000,1551,2585,70680000,24769
4,1178,70680000,70680000,1551,2585,70740000,24790
4,1179,70740000,70740000,1551,2585,70800000,24810
4,118,7080000,7080000,1551,2585,7140000,2498
4,1180,70800000,70800000,1551,2585,70860000,24832
4,1181,70860000,70860000,1551,2585,70920000,24853
4,1182,70920000,70920000,1551,2585,70980000,24874
4,1183,70980000,70980000,1551,2585,71040000,24895
4,1184,71040000,71040000,1551,2585,71100000,24915
4,1185,71100000,71100000,1551,2585,71160000,24937
4,1186,71160000,71160000,1551,2585,71220000,24958
4,1187,71220000,71220000,1551,2585,71280000,24979
4,1188,71280000,71280000,1551,2585,71340000,25001
4,1189,71340000,71340000,1551,2585,71400000,25020
4,119,7140000,7140000,1551,2585,7200000,2518
4,1190,71400000,71400000,1551,2585,71460000,25041
4,1191,71460000,71460000,1551,2585,71520000,25063
4,1192,71520000,71520000,1551,2585,71580000,25085
4,1193,71580000,71580000,1551,2585,71640000,25105
4,1194,71640000,71640000,1551,2585,71700000,25126
4,1195,71700000,71700000,1551,2585,71760000,25148
4,1196,71760000,71760000,1551,2585,71820000,25167
4,1197,71820000,71820000,1551,2585,71880000,25189
4,1198,71880000,71880000,1551,2585,71940000,25211
4,1199,71940000,71940000,1551,2585,72000000,25231
4,12,720000,720000,1551,2585,780000,270
4,120,7200000,7200000,1551,2585,7260000,2540
4,1200,72000000,72000000,1551,2585,72060000,25252
4,1201,72060000,72060000,1551,2585,72120000,25274
4,1202,72120000,72120000,1551,2585,72180000,25295
4,1203,72180000,72180000,1551,2585,72240000,25315
4,1204,72240000,72240000,1551,2585,72300000,25336
4,1205,72300000,72300000,1551,2585,72360000,25357
4,1206,72360000,72360000,1551,2585,72420000,25378
4,1207,72420000,72420000,1551,2585,72480000,25400
4,1208,72480000,72480000,1551,2585,72540000,25421
4,1209,72540000,72540000,1551,2585,72600000,25442
4,121,7260000,7260000,1551,2585,7320000,2562
4,1210,72600000,72600000,1551,2585,72660000,25462
4,1211,72660000,72660000,1551,2585,72720000,25483
4,1212,72720000,72720000,1551,2585,72780000,25505
4,1213,72780000,72780000,1551,2585,72840000,25526
4,1214,72840000,72840000,1551,2585,72900000,25546
4,1215,72900000,72900000,1551,2585,72960000,25568
4,1216,72960000,72960000,1551,2585,73020000,25590
4,1217,73020000,73020000,1551,2585,73080000,25609
4,1218,73080000,73080000,1551,2585,73140000,25631
4,1219,73140000,73140000,1551,2585,73200000,25652
4,122,7320000,7320000,1551,2585,7380000,2582
4,1220,73200000,73200000,1551,2585,73260000,25672
4,1221,73260000,73260000,1551,2585,73320000,25694
4,1222,73320000,73320000,1551,2585,73380000,25716
4,1223,73380000,73380000,1551,2585,73440000,25736
4,1224,73440000,73440000,1551,2585,73500000,25756
4,1225,73500000,73500000,1551,2585,73560000,25778
4,1226,73560000,73560000,1551,2585,73620000,25799
4,1227,73620000,73620000,1551,2585,73680000,25820
4,1228,73680000,73680000,1551,2585,73740000,25842
4,1229,73740000,73740000,1551,2585,73800000,25862
4,123,7380000,7380000,1551,2585,7440000,2604
4,1230,73800000,73800000,1551,2585,73860000,25883
4,1231,73860000,73860000,1551,2585,73920000,25904
4,1232,73920000,73920000,1551,2585,73980000,25925
4,1233,73980000,73980000,1551,2585,74040000,25947
4,1234,74040000,74040000,1551,2585,74100000,25967
4,1235,74100000,74100000,1551,2585,74160000,25988
4,1236,74160000,74160000,1551,2585,74220000,26010
4,1237,74220000,74220000,1551,2585,74280000,26031
4,1238,74280000,74280000,1551,2585,74340000,26051
4,1239,74340000,74340000,1551,2585,74400000,26072
4,124,7440000,7440000,1551,2585,7500000,2625
4,1240,74400000,74400000,1551,2585,74460000,26093
4,1241,74460000,74460000,1551,2585,74520000,26114
4,1242,74520000,74520000,1551,2585,74580000,26136
4,1243,74580000,74580000,1551,2585,74640000,26158
4,1244,74640000,74640000,1551,2585,74700000,26177
4,1245,74700000,74700000,1551,2585,74760000,26198
4,1246,74760000,74760000,1551,2585,74820000,26220
4,1247,74820000,74820000,1551,2585,74880000,26240
4,1248,74880000,74880000,1551,2585,74940000,26262
4,1249,74940000,74940000,1551,2585,75000000,26283
4,125,7500000,7500000,1551,2585,7560000,2644
4,1250,75000000,75000000,1551,2585,75060000,26304
4,1251,75060000,75060000,1551,2585,75120000,26325
4,1252,75120000,75120000,1551,2585,75180000,26346
4,1253,75180000,75180000,1551,2585,75240000,26367
4,1254,75240000,75240000,1551,2585,75300000,26387
4,1255,75300000,75300000,1551,2585,75360000,26409
4,1256,75360000,75360000,1551,2585,75420000,26430
4,1257,75420000,75420000,1551,2585,75480000,26451
4,1258,75480000,75480000,1551,2585,75540000,26473
4,1259,75540000,75540000,1551,2585,75600000,26492
4,126,7560000,7560000,1551,2585,7620000,2666
4,1260,75600000,75600000,1551,2585,75660000,26514
4,1261,75660000,75660000,1551,2585,75720000,26535
4,1262,75720000,75720000,1551,2585,75780000,26556
4,1263,75780000,75780000,1551,2585,75840000,26578
4,1264,75840000,75840000,1551,2585,75900000,26598
4,1265,75900000,75900000,1551,2585,75960000,26619
4,1266,75960000,75960000,1551,2585,76020000,26640
4,1267,76020000,76020000,1551,2585,76080000,26662
4,1268,76080000,76080000,1551,2585,76140000,26682
4,1269,76140000,76140000,1551,2585,76200000,26703
4,127,7620000,7620000,1551,2585,7680000,2688
4,1270,76200000,76200000,1551,2585,76260000,26725
4,1271,76260000,76260000,1551,2585,76320000,26745
4,1272,76320000,76320000,1551,2585,76380000,26767
4,1273,76380000,76380000,1551,2585,76440000,26788
4,1274,76440000,76440000,1551,2585,76500000,26807
4,1275,76500000,76500000,1551,2585,76560000,26829
4,1276,76560000,76560000,1551,2585,76620000,26851
4,1277,76620000,76620000,1551,2585,76680000,26872
4,1278,76680000,76680000,1551,2585,76740000,26893
4,1279,76740000,76740000,1551,2585,76800000,26914
4,128,7680000,7680000,1551,2585,7740000,2709
4,1280,76800000,76800000,1551,2585,76860000,26934
4,1281,76860000,76860000,1551,2585,76920000,26955
4,1282,76920000,76920000,1551,2585,76980000,26977
4,1283,76980000,76980000,1551,2585,77040000,26998
4,1284,77040000,77040000,1551,2585,77100000,27019
4,1285,77100000,77100000,1551,2585,77160000,27040
4,1286,77160000,77160000,1551,2585,77220000,27061
4,1287,77220000,77220000,1551,2585,77280000,27082
4,1288,77280000,77280000,1551,2585,77340000,27103
4,1289,77340000,77340000,1551,2585,77400000,27123
4,129,7740000,7740000,1551,2585,7800000,2729
4,1290,77400000,77400000,1551,2585,77460000,27145
4,1291,77460000,77460000,1551,2585,77520000,27166
4,1292,77520000,77520000,1551,2585,77580000,27187
4,1293,77580000,77580000,1551,2585,77640000,27209
4,1294,77640000,77640000,1551,2585,77700000,27229
4,1295,77700000,77700000,1551,2585,77760000,27249
4,1296,77760000,77760000,1551,2585,77820000,27271
4,1297,77820000,77820000,1551,2585,77880000,27293
4,1298,77880000,77880000,1551,2585,77940000,27313
4,1299,77940000,77940000,1551,2585,78000000,27334
4,13,780000,780000,1551,2585,840000,290
4,130,7800000,7800000,1551,2585,7860000,2751
4,1300,78000000,78000000,1551,2585,78060000,27356
4,1301,78060000,78060000,1551,2585,78120000,27376
4,1302,78120000,78120000,1551,2585,78180000,27397
4,1303,78180000,78180000,1551,2585,78240000,27419
4,1304,78240000,78240000,1551,2585,78300000,27439
4,1305,78300000,78300000,1551,2585,78360000,27460
4,1306,78360000,78360000,1551,2585,78420000,27482
4,1307,78420000,78420000,1551,2585,78480000,27503
4,1308,78480000,78480000,1551,2585,78540000,27523
4,1309,78540000,78540000,1551,2585,78600000,27544
4,131,7860000,7860000,1551,2585,7920000,2772
4,1310,78600000,78600000,1551,2585,78660000,27565
4,1311,78660000,78660000,1551,2585,78720000,27587
4,1312,78720000,78720000,1551,2585,78780000,27608
4,1313,78780000,78780000,1551,2585,78840000,27629
4,1314,78840000,78840000,1551,2585,78900000,27650
4,1315,78900000,78900000,1551,2585,78960000,27670
4,1316,78960000,78960000,1551,2585,79020000,27691
4,1317,79020000,79020000,1551,2585,79080000,27713
4,1318,79080000,79080000,1551,2585,79140000,27735
4,1319,79140000,79140000,1551,2585,79200000,27754
4,132,7920000,7920000,1551,2585,7980000,2792
4,1320,79200000,79200000,1551,2585,79260000,27776
4,1321,79260000,79260000,1551,2585,79320000,27798
4,1322,79320000,79320000,1551,2585,79380000,27817
4,1323,79380000,79380000,1551,2585,79440000,27839
4,1324,79440000,79440000,1551,2585,79500000,27860
4,1325,79500000,79500000,1551,2585,79560000,27880
4,1326,79560000,79560000,1551,2585,79620000,27902
4,1327,79620000,79620000,1551,2585,79680000,27924
4,1328,79680000,79680000,1551,2585,79740000,27945
4,1329,79740000,79740000,1551,2585,79800000,27964
4,133,7980000,7980000,1551,2585,8040000,2814
4,1330,79800000,79800000,1551,2585,79860000,27986
4,1331,79860000,79860000,1551,2585,79920000,28007
4,1332,79920000,79920000,1551,2585,79980000,28028
4,1333,79980000,79980000,1551,2585,80040000,28050
4,1334,80040000,80040000,1551,2585,80100000,28070
4,1335,80100000,80100000,1551,2585,80160000,28092
4,1336,80160000,80160000,1551,2585,80220000,28112
4,1337,80220000,80220000,1551,2585,80280000,28133
4,1338,80280000,80280000,1551,2585,80340000,28155
4,1339,80340000,80340000,1551,2585,80400000,28175
4,134,8040000,8040000,1551,2585,8100000,2834
4,1340,80400000,80400000,1551,2585,80460000,28196
4,1341,80460000,80460000,1551,2585,80520000,28218
4,1342,80520000,80520000,1551,2585,80580000,28239
4,1343,80580000,80580000,1551,2585,80640000,28259
4,1344,80640000,80640000,1551,2585,80700000,28280
4,1345,80700000,80700000,1551,2585,80760000,28302
4,1346,80760000,80760000,1551,2585,80820000,28322
4,1347,80820000,80820000,1551,2585,80880000,28344
4,1348,80880000,80880000,1551,2585,80940000,28366
4,1349,80940000,80940000,1551,2585,81000000,28385
4,135,8100000,8100000,1551,2585,8160000,2855
4,1350,81000000,81000000,1551,2585,81060000,28406
4,1351,81060000,81060000,1551,2585,81120000,28428
4,1352,81120000,81120000,1551,2585,81180000,28449
4,1353,81180000,81180000,1551,2585,81240000,28470
4,1354,81240000,81240000,1551,2585,81300000,28491
4,1355,81300000,81300000,1551,2585,81360000,28512
4,1356,81360000,81360000,1551,2585,81420000,28533
4,1357,81420000,81420000,1551,2585,81480000,28554
4,1358,81480000,81480000,1551,2585,81540000,28575
4,1359,81540000,81540000,1551,2585,81600000,28595
4,136,8160000,8160000,1551,2585,8220000,2877
4,1360,81600000,81600000,1551,2585,81660000,28617
4,1361,81660000,81660000,1551,2585,81720000,28638
4,1362,81720000,81720000,1551,2585,81780000,28660
4,1363,81780000,81780000,1551,2585,81840000,28681
4,1364,81840000,81840000,1551,2585,81900000,28700
4,1365,81900000,81900000,1551,2585,81960000,28722
4,1366,81960000,81960000,1551,2585,82020000,28743
4,1367,82020000,82020000,1551,2585,82080000,28764
4,1368,82080000,82080000,1551,2585,82140000,28786
4,1369,82140000,82140000,1551,2585,82200000,28807
4,137,8220000,8220000,1551,2585,8280000,2898
4,1370,82200000,82200000,1551,2585,82260000,28827
4,1371,82260000,82260000,1551,2585,82320000,28848
4,1372,82320000,82320000,1551,2585,82380000,28870
4,1373,82380000,82380000,1551,2585,82440000,28890
4,1374,82440000,82440000,1551,2585,82500000,28911
4,1375,82500000,82500000,1551,2585,82560000,28933
4,1376,82560000,82560000,1551,2585,82620000,28953
4,1377,82620000,82620000,1551,2585,82680000,28975
4,1378,82680000,82680000,1551,2585,82740000,28996
4,1379,82740000,82740000,1551,2585,82800000,29016
4,138,8280000,8280000,1551,2585,8340000,2920
4,1380,82800000,82800000,1551,2585,82860000,29037
4,1381,82860000,82860000,1551,2585,82920000,29059
4,1382,82920000,82920000,1551,2585,82980000,29080
4,1383,82980000,82980000,1551,2585,83040000,29101
4,1384,83040000,83040000,1551,2585,83100000,29122
4,1385,83100000,83100000,1551,2585,83160000,29142
4,1386,83160000,83160000,1551,2585,83220000,29164
4,1387,83220000,83220000,1551,2585,83280000,29185
4,1388,83280000,83280000,1551,2585,83340000,29206
4,1389,83340000,83340000,1551,2585,83400000,29227
4,139,8340000,8340000,1551,2585,8400000,2939
4,1390,83400000,83400000,1551,2585,83460000,29248
4,1391,83460000,83460000,1551,2585,83520000,29269
4,1392,83520000,83520000,1551,2585,83580000,29290
4,1393,83580000,83580000,1551,2585,83640000,29311
4,1394,83640000,83640000,1551,2585,83700000,29331
4,1395,83700000,83700000,1551,2585,83760000,29353
4,1396,83760000,83760000,1551,2585,83820000,29375
4,1397,83820000,83820000,1551,2585,83880000,29395
4,1398,83880000,83880000,1551,2585,83940000,29417
4,1399,83940000,83940000,1551,2585,84000000,29437
4,14,840000,840000,1551,2585,900000,310
4,140,8400000,8400000,1551,2585,8460000,2960
4,1400,84000000,84000000,1551,2585,84060000,29457
4,1401,84060000,84060000,1551,2585,84120000,29479
4,1402,84120000,84120000,1551,2585,84180000,29501
4,1403,84180000,84180000,1551,2585,84240000,29522
4,1404,84240000,84240000,1551,2585,84300000,29542
4,1405,84300000,84300000,1551,2585,84360000,29564
4,1406,84360000,84360000,1551,2585,84420000,29584
4,1407,84420000,84420000,1551,2585,84480000,29605
4,1408,84480000,84480000,1551,2585,84540000,29627
4,1409,84540000,84540000,1551,2585,84600000,29647
4,141,8460000,8460000,1551,2585,8520000,2982
4,1410,84600000,84600000,1551,2585,84660000,29668
4,1411,84660000,84660000,1551,2585,84720000,29690
4,1412,84720000,84720000,1551,2585,84780000,29711
4,1413,84780000,84780000,1551,2585,84840000,29732
4,1414,84840000,84840000,1551,2585,84900000,29752
4,1415,84900000,84900000,1551,2585,84960000,29773
4,1416,84960000,84960000,1551,2585,85020000,29795
4,1417,85020000,85020000,1551,2585,85080000,29816
4,1418,85080000,85080000,1551,2585,85140000,29837
4,1419,85140000,85140000,1551,2585,85200000,29858
4,142,8520000,8520000,1551,2585,8580000,3003
4,1420,85200000,85200000,1551,2585,85260000,29879
4,1421,85260000,85260000,1551,2585,85320000,29899
4,1422,85320000,85320000,1551,2585,85380000,29921
4,1423,85380000,85380000,1551,2585,85440000,29943
4,1424,85440000,85440000,1551,2585,85500000,29962
4,1425,85500000,85500000,1551,2585,85560000,29984
4,1426,85560000,85560000,1551,2585,85620000,30006
4,1427,85620000,85620000,1551,2585,85680000,30025
4,1428,85680000,85680000,1551,2585,85740000,30047
4,1429,85740000,85740000,1551,2585,85800000,30068
4,143,8580000,8580000,1551,2585,8640000,3024
4,1430,85800000,85800000,1551,2585,85860000,30089
4,1431,85860000,85860000,1551,2585,85920000,30110
4,1432,85920000,85920000,1551,2585,85980000,30132
4,1433,85980000,85980000,1551,2585,86040000,30153
4,1434,86040000,86040000,1551,2585,86100000,30172
4,1435,86100000,86100000,1551,2585,86160000,30194
4,1436,86160000,86160000,1551,2585,86220000,30215
4,1437,86220000,86220000,1551,2585,86280000,30237
4,1438,86280000,86280000,1551,2585,86340000,30258
4,1439,86340000,86340000,1551,2585,86400000,30278
4,144,8640000,8640000,1551,2585,8700000,3045
4,1440,86400000,86400000,1551,2585,86460000,30300
4,1441,86460000,86460000,1551,2585,86520000,30320
4,1442,86520000,86520000,1551,2585,86580000,30341
4,1443,86580000,86580000,1551,2585,86640000,30363
4,1444,86640000,86640000,1551,2585,86700000,30383
4,1445,86700000,86700000,1551,2585,86760000,30404
4,1446,86760000,86760000,1551,2585,86820000,30426
4,1447,86820000,86820000,1551,2585,86880000,30448
4,1448,86880000,86880000,1551,2585,86940000,30467
4,1449,86940000,86940000,1551,2585,87000000,30488
4,145,8700000,8700000,1551,2585,8760000,3067
4,1450,87000000,87000000,1551,2585,87060000,30510
4,1451,87060000,87060000,1551,2585,87120000,30530
4,1452,87120000,87120000,1551,2585,87180000,30552
4,1453,87180000,87180000,1551,2585,87240000,30574
4,1454,87240000,87240000,1551,2585,87300000,30594
4,1455,87300000,87300000,1551,2585,87360000,30614
4,1456,87360000,87360000,1551,2585,87420000,30636
4,1457,87420000,87420000,1551,2585,87480000,30657
4,1458,87480000,87480000,1551,2585,87540000,30678
4,1459,87540000,87540000,1551,2585,87600000,30699
4,146,8760000,8760000,1551,2585,8820000,3086
4,1460,87600000,87600000,1551,2585,87660000,30720
4,1461,87660000,87660000,1551,2585,87720000,30741
4,1462,87720000,87720000,1551,2585,87780000,30762
4,1463,87780000,87780000,1551,2585,87840000,30783
4,1464,87840000,87840000,1551,2585,87900000,30804
4,1465,87900000,87900000,1551,2585,87960000,30825
4,1466,87960000,87960000,1551,2585,88020000,30846
4,1467,88020000,88020000,1551,2585,88080000,30868
4,1468,88080000,88080000,1551,2585,88140000,30889
4,1469,88140000,88140000,1551,2585,88200000,30908
4,147,8820000,8820000,1551,2585,8880000,3108
4,1470,88200000,88200000,1551,2585,88260000,30930
4,1471,88260000,88260000,1551,2585,88320000,30952
4,1472,88320000,88320000,1551,2585,88380000,30972
4,1473,88380000,88380000,1551,2585,88440000,30994
4,1474,88440000,88440000,1551,2585,88500000,31015
4,1475,88500000,88500000,1551,2585,88560000,31035
4,1476,88560000,88560000,1551,2585,88620000,31056
4,1477,88620000,88620000,1551,2585,88680000,31078
4,1478,88680000,88680000,1551,2585,88740000,31098
4,1479,88740000,88740000,1551,2585,88800000,31119
4,148,8880000,8880000,1551,2585,8940000,3130
4,1480,88800000,88800000,1551,2585,88860000,31141
4,1481,88860000,88860000,1551,2585,88920000,31162
4,1482,88920000,88920000,1551,2585,88980000,31183
4,1483,88980000,88980000,1551,2585,89040000,31204
4,1484,89040000,89040000,1551,2585,89100000,31224
4,1485,89100000,89100000,1551,2585,89160000,31245
4,1486,89160000,89160000,1551,2585,89220000,31267
4,1487,89220000,89220000,1551,2585,89280000,31288
4,1488,89280000,89280000,1551,2585,89340000,31310
4,1489,89340000,89340000,1551,2585,89400000,31330
4,149,8940000,8940000,1551,2585,9000000,3149
4,1490,89400000,89400000,1551,2585,89460000,31350
4,1491,89460000,89460000,1551,2585,89520000,31372
4,1492,89520000,89520000,1551,2585,89580000,31393
4,1493,89580000,89580000,1551,2585,89640000,31414
4,1494,89640000,89640000,1551,2585,89700000,31435
4,1495,89700000,89700000,1551,2585,89760000,31456
4,1496,89760000,89760000,1551,2585,89820000,31477
4,1497,89820000,89820000,1551,2585,89880000,31498
4,1498,89880000,89880000,1551,2585,89940000,31520
4,1499,89940000,89940000,1551,2585,90000000,31539
4,15,900000,900000,1551,2585,960000,332
4,150,9000000,9000000,1551,2585,9060000,3171
4,1500,90000000,90000000,1551,2585,90060000,31561
4,1501,90060000,90060000,1551,2585,90120000,31583
4,1502,90120000,90120000,1551,2585,90180000,31603
4,1503,90180000,90180000,1551,2585,90240000,31625
4,1504,90240000,90240000,1551,2585,90300000,31645
4,1505,90300000,90300000,1551,2585,90360000,31666
4,1506,90360000,90360000,1551,2585,90420000,31687
4,1507,90420000,90420000,1551,2585,90480000,31709
4,1508,90480000,90480000,1551,2585,90540000,31730
4,1509,90540000,90540000,1551,2585,90600000,31750
4,151,9060000,9060000,1551,2585,9120000,3193
4,1510,90600000,90600000,1551,2585,90660000,31772
4,1511,90660000,90660000,1551,2585,90720000,31792
4,1512,90720000,90720000,1551,2585,90780000,31813
4,1513,90780000,90780000,1551,2585,90840000,31835
4,1514,90840000,90840000,1551,2585,90900000,31855
4,1515,90900000,90900000,1551,2585,90960000,31877
4,1516,90960000,90960000,1551,2585,91020000,31898
4,1517,91020000,91020000,1551,2585,91080000,31919
4,1518,91080000,91080000,1551,2585,91140000,31940
4,1519,91140000,91140000,1551,2585,91200000,31960
4,152,9120000,9120000,1551,2585,9180000,3213
4,1520,91200000,91200000,1551,2585,91260000,31981
4,1521,91260000,91260000,1551,2585,91320000,32003
4,1522,91320000,91320000,1551,2585,91380000,32025
4,1523,91380000,91380000,1551,2585,91440000,32045
4,1524,91440000,91440000,1551,2585,91500000,32066
4,1525,91500000,91500000,1551,2585,91560000,32087
4,1526,91560000,91560000,1551,2585,91620000,32107
4,1527,91620000,91620000,1551,2585,91680000,32129
4,1528,91680000,91680000,1551,2585,91740000,32151
4,1529,91740000,91740000,1551,2585,91800000,32170
4,153,9180000,9180000,1551,2585,9240000,3234
4,1530,91800000,91800000,1551,2585,91860000,32192
4,1531,91860000,91860000,1551,2585,91920000,32214
4,1532,91920000,91920000,1551,2585,91980000,32234
4,1533,91980000,91980000,1551,2585,92040000,32255
4,1534,92040000,92040000,1551,2585,92100000,32276
4,1535,92100000,92100000,1551,2585,92160000,32297
4,1536,92160000,92160000,1551,2585,92220000,32318
4,1537,92220000,92220000,1551,2585,92280000,32340
4,1538,92280000,92280000,1551,2585,92340000,32361
4,1539,92340000,92340000,1551,2585,92400000,32381
4,154,9240000,9240000,1551,2585,9300000,3255
4,1540,92400000,92400000,1551,2585,92460000,32402
4,1541,92460000,92460000,1551,2585,92520000,32423
4,1542,92520000,92520000,1551,2585,92580000,32445
4,1543,92580000,92580000,1551,2585,92640000,32466
4,1544,92640000,92640000,1551,2585,92700000,32486
4,1545,92700000,92700000,1551,2585,92760000,32508
4,1546,92760000,92760000,1551,2585,92820000,32528
4,1547,92820000,92820000,1551,2585,92880000,32549
4,1548,92880000,92880000,1551,2585,92940000,32571
4,1549,92940000,92940000,1551,2585,93000000,32592
4,155,9300000,9300000,1551,2585,9360000,3276
4,1550,93000000,93000000,1551,2585,93060000,32612
4,1551,93060000,93060000,1551,2585,93120000,32634
4,1552,93120000,93120000,1551,2585,93180000,32656
4,1553,93180000,93180000,1551,2585,93240000,32675
4,1554,93240000,93240000,1551,2585,93300000,32696
4,1555,93300000,93300000,1551,2585,93360000,32718
4,1556,93360000,93360000,1551,2585,93420000,32739
4,1557,93420000,93420000,1551,2585,93480000,32760
4,1558,93480000,93480000,1551,2585,93540000,32782
4,1559,93540000,93540000,1551,2585,93600000,32802
4,156,9360000,9360000,1551,2585,9420000,3297
4,1560,93600000,93600000,1551,2585,93660000,32822
4,1561,93660000,93660000,1551,2585,93720000,32844
4,1562,93720000,93720000,1551,2585,93780000,32865
4,1563,93780000,93780000,1551,2585,93840000,32886
4,1564,93840000,93840000,1551,2585,93900000,32907
4,1565,93900000,93900000,1551,2585,93960000,32928
4,1566,93960000,93960000,1551,2585,94020000,32950
4,1567,94020000,94020000,1551,2585,94080000,32970
4,1568,94080000,94080000,1551,2585,94140000,32991
4,1569,94140000,94140000,1551,2585,94200000,33012
4,157,9420000,9420000,1551,2585,9480000,3319
4,1570,94200000,94200000,1551,2585,94260000,33033
4,1571,94260000,94260000,1551,2585,94320000,33054
4,1572,94320000,94320000,1551,2585,94380000,33076
4,1573,94380000,94380000,1551,2585,94440000,33098
4,1574,94440000,94440000,1551,2585,94500000,33116
4,1575,94500000,94500000,1551,2585,94560000,33138
4,1576,94560000,94560000,1551,2585,94620000,33160
4,1577,94620000,94620000,1551,2585,94680000,33180
4,1578,94680000,94680000,1551,2585,94740000,33202
4,1579,94740000,94740000,1551,2585,94800000,33223
4,158,9480000,9480000,1551,2585,9540000,3340
4,1580,94800000,94800000,1551,2585,94860000,33243
4,1581,94860000,94860000,1551,2585,94920000,33264
4,1582,94920000,94920000,1551,2585,94980000,33286
4,1583,94980000,94980000,1551,2585,95040000,33307
4,1584,95040000,95040000,1551,2585,95100000,33327
4,1585,95100000,95100000,1551,2585,95160000,33349
4,1586,95160000,95160000,1551,2585,95220000,33370
4,1587,95220000,95220000,1551,2585,95280000,33391
4,1588,95280000,95280000,1551,2585,95340000,33412
4,1589,95340000,95340000,1551,2585,95400000,33432
4,159,9540000,9540000,1551,2585,9600000,3360
4,1590,95400000,95400000,1551,2585,95460000,33454
4,1591,95460000,95460000,1551,2585,95520000,33475
4,1592,95520000,95520000,1551,2585,95580000,33496
4,1593,95580000,95580000,1551,2585,95640000,33518
4,1594,95640000,95640000,1551,2585,95700000,33538
4,1595,95700000,95700000,1551,2585,95760000,33558
4,1596,95760000,95760000,1551,2585,95820000,33580
4,1597,95820000,95820000,1551,2585,95880000,33601
4,1598,95880000,95880000,1551,2585,95940000,33622
4,1599,95940000,95940000,1551,2585,96000000,33643
4,16,960000,960000,1551,2585,1020000,353
4,160,9600000,9600000,1551,2585,9660000,3381
4,1600,96000000,96000000,1551,2585,96060000,33665
4,1601,96060000,96060000,1551,2585,96120000,33685
4,1602,96120000,96120000,1551,2585,96180000,33706
4,1603,96180000,96180000,1551,2585,96240000,33728
4,1604,96240000,96240000,1551,2585,96300000,33747
4,1605,96300000,96300000,1551,2585,96360000,33769
4,1606,96360000,96360000,1551,2585,96420000,33791
4,1607,96420000,96420000,1551,2585,96480000,33812
4,1608,96480000,96480000,1551,2585,96540000,33833
4,1609,96540000,96540000,1551,2585,96600000,33853
4,161,9660000,9660000,1551,2585,9720000,3402
4,1610,96600000,96600000,1551,2585,96660000,33874
4,1611,96660000,96660000,1551,2585,96720000,33895
4,1612,96720000,96720000,1551,2585,96780000,33917
4,1613,96780000,96780000,1551,2585,96840000,33938
4,1614,96840000,96840000,1551,2585,96900000,33958
4,1615,96900000,96900000,1551,2585,96960000,33980
4,1616,96960000,96960000,1551,2585,97020000,34000
4,1617,97020000,97020000,1551,2585,97080000,34022
4,1618,97080000,97080000,1551,2585,97140000,34043
4,1619,97140000,97140000,1551,2585,97200000,34063
4,162,9720000,9720000,1551,2585,9780000,3424
4,1620,97200000,97200000,1551,2585,97260000,34085
4,1621,97260000,97260000,1551,2585,97320000,34106
4,1622,97320000,97320000,1551,2585,97380000,34127
4,1623,97380000,97380000,1551,2585,97440000,34148
4,1624,97440000,97440000,1551,2585,97500000,34169
4,1625,97500000,97500000,1551,2585,97560000,34189
4,1626,97560000,97560000,1551,2585,97620000,34211
4,1627,97620000,97620000,1551,2585,97680000,34233
4,1628,97680000,97680000,1551,2585,97740000,34253
4,1629,97740000,97740000,1551,2585,97800000,34274
4,163,9780000,9780000,1551,2585,9840000,3445
4,1630,97800000,97800000,1551,2585,97860000,34295
4,1631,97860000,97860000,1551,2585,97920000,34315
4,1632,97920000,97920000,1551,2585,97980000,34337
4,1633,97980000,97980000,1551,2585,98040000,34359
4,1634,98040000,98040000,1551,2585,98100000,34379
4,1635,98100000,98100000,1551,2585,98160000,34400
4,1636,98160000,98160000,1551,2585,98220000,34422
4,1637,98220000,98220000,1551,2585,98280000,34442
4,1638,98280000,98280000,1551,2585,98340000,34463
4,1639,98340000,98340000,1551,2585,98400000,34484
4,164,9840000,9840000,1551,2585,9900000,3465
4,1640,98400000,98400000,1551,2585,98460000,34505
4,1641,98460000,98460000,1551,2585,98520000,34527
4,1642,98520000,98520000,1551,2585,98580000,34548
4,1643,98580000,98580000,1551,2585,98640000,34569
4,1644,98640000,98640000,1551,2585,98700000,34589
4,1645,98700000,98700000,1551,2585,98760000,34610
4,1646,98760000,98760000,1551,2585,98820000,34631
4,1647,98820000,98820000,1551,2585,98880000,34653
4,1648,98880000,98880000,1551,2585,98940000,34674
4,1649,98940000,98940000,1551,2585,99000000,34694
4,165,9900000,9900000,1551,2585,9960000,3487
4,1650,99000000,99000000,1551,2585,99060000,34716
4,1651,99060000,99060000,1551,2585,99120000,34737
4,1652,99120000,99120000,1551,2585,99180000,34757
4,1653,99180000,99180000,1551,2585,99240000,34779
4,1654,99240000,99240000,1551,2585,99300000,34800
4,1655,99300000,99300000,1551,2585,99360000,34820
4,1656,99360000,99360000,1551,2585,99420000,34842
4,1657,99420000,99420000,1551,2585,99480000,34864
4,1658,99480000,99480000,1551,2585,99540000,34884
4,1659,99540000,99540000,1551,2585,99600000,34904
4,166,9960000,9960000,1551,2585,10020000,3508
4,1660,99600000,99600000,1551,2585,99660000,34926
4,1661,99660000,99660000,1551,2585,99720000,34947
4,1662,99720000,99720000,1551,2585,99780000,34968
4,1663,99780000,99780000,1551,2585,99840000,34990
4,1664,99840000,99840000,1551,2585,99900000,35010
4,1665,99900000,99900000,1551,2585,99960000,35030
4,1666,99960000,99960000,1551,2585,100020000,35052
4,1667,100020000,100020000,1551,2585,100080000,35073
4,1668,100080000,100080000,1551,2585,100140000,35095
4,1669,100140000,100140000,1551,2585,100200000,35115
4,167,10020000,10020000,1551,2585,10080000,3528
4,1670,100200000,100200000,1551,2585,100260000,35136
4,1671,100260000,100260000,1551,2585,100320000,35158
4,1672,100320000,100320000,1551,2585,100380000,35178
4,1673,100380000,100380000,1551,2585,100440000,35199
4,1674,100440000,100440000,1551,2585,100500000,35220
4,1675,100500000,100500000,1551,2585,100560000,35242
4,1676,100560000,100560000,1551,2585,100620000,35262
4,1677,100620000,100620000,1551,2585,100680000,35284
4,1678,100680000,100680000,1551,2585,100740000,35306
4,1679,100740000,100740000,1551,2585,100800000,35324
4,168,10080000,10080000,1551,2585,10140000,3550
4,1680,100800000,100800000,1551,2585,100860000,35346
4,1681,100860000,100860000,1551,2585,100920000,35368
4,1682,100920000,100920000,1551,2585,100980000,35388
4,1683,100980000,100980000,1551,2585,101040000,35410
4,1684,101040000,101040000,1551,2585,101100000,35431
4,1685,101100000,101100000,1551,2585,101160000,35452
4,1686,101160000,101160000,1551,2585,101220000,35472
4,1687,101220000,101220000,1551,2585,101280000,35494
4,1688,101280000,101280000,1551,2585,101340000,35515
4,1689,101340000,101340000,1551,2585,101400000,35535
4,169,10140000,10140000,1551,2585,10200000,3570
4,1690,101400000,101400000,1551,2585,101460000,35557
4,1691,101460000,101460000,1551,2585,101520000,35578
4,1692,101520000,101520000,1551,2585,101580000,35600
4,1693,101580000,101580000,1551,2585,101640000,35620
4,1694,101640000,101640000,1551,2585,101700000,35640
4,1695,101700000,101700000,1551,2585,101760000,35662
4,1696,101760000,101760000,1551,2585,101820000,35683
4,1697,101820000,101820000,1551,2585,101880000,35704
4,1698,101880000,101880000,1551,2585,101940000,35726
4,1699,101940000,101940000,1551,2585,102000000,35746
4,17,1020000,1020000,1551,2585,1080000,374
4,170,10200000,10200000,1551,2585,10260000,3591
4,1700,102000000,102000000,1551,2585,102060000,35766
4,1701,102060000,102060000,1551,2585,102120000,35788
4,1702,102120000,102120000,1551,2585,102180000,35810
4,1703,102180000,102180000,1551,2585,102240000,35830
4,1704,102240000,102240000,1551,2585,102300000,35851
4,1705,102300000,102300000,1551,2585,102360000,35873
4,1706,102360000,102360000,1551,2585,102420000,35893
4,1707,102420000,102420000,1551,2585,102480000,35914
4,1708,102480000,102480000,1551,2585,102540000,35936
4,1709,102540000,102540000,1551,2585,102600000,35956
4,171,10260000,10260000,1551,2585,10320000,3613
4,1710,102600000,102600000,1551,2585,102660000,35977
4,1711,102660000,102660000,1551,2585,102720000,35999
4,1712,102720000,102720000,1551,2585,102780000,36020
4,1713,102780000,102780000,1551,2585,102840000,36041
4,1714,102840000,102840000,1551,2585,102900000,36061
4,1715,102900000,102900000,1551,2585,102960000,36082
4,1716,102960000,102960000,1551,2585,103020000,36103
4,1717,103020000,103020000,1551,2585,103080000,36125
4,1718,103080000,103080000,1551,2585,103140000,36146
4,1719,103140000,103140000,1551,2585,103200000,36167
4,172,10320000,10320000,1551,2585,10380000,3635
4,1720,103200000,103200000,1551,2585,103260000,36188
4,1721,103260000,103260000,1551,2585,103320000,36208
4,1722,103320000,103320000,1551,2585,103380000,36230
4,1723,103380000,103380000,1551,2585,103440000,36251
4,1724,103440000,103440000,1551,2585,103500000,36271
4,1725,103500000,103500000,1551,2585,103560000,36293
4,1726,103560000,103560000,1551,2585,103620000,36315
4,1727,103620000,103620000,1551,2585,103680000,36335
4,1728,103680000,103680000,1551,2585,103740000,36356
4,1729,103740000,103740000,1551,2585,103800000,36377
4,173,10380000,10380000,1551,2585,10440000,3655
4,1730,103800000,103800000,1551,2585,103860000,36397
4,1731,103860000,103860000,1551,2585,103920000,36419
4,1732,103920000,103920000,1551,2585,103980000,36441
4,1733,103980000,103980000,1551,2585,104040000,36461
4,1734,104040000,104040000,1551,2585,104100000,36482
4,1735,104100000,104100000,1551,2585,104160000,36503
4,1736,104160000,104160000,1551,2585,104220000,36524
4,1737,104220000,104220000,1551,2585,104280000,36545
4,1738,104280000,104280000,1551,2585,104340000,36567
4,1739,104340000,104340000,1551,2585,104400000,36587
4,174,10440000,10440000,1551,2585,10500000,3675
4,1740,104400000,104400000,1551,2585,104460000,36608
4,1741,104460000,104460000,1551,2585,104520000,36630
4,1742,104520000,104520000,1551,2585,104580000,36650
4,1743,104580000,104580000,1551,2585,104640000,36672
4,1744,104640000,104640000,1551,2585,104700000,36692
4,1745,104700000,104700000,1551,2585,104760000,36713
4,1746,104760000,104760000,1551,2585,104820000,36735
4,1747,104820000,104820000,1551,2585,104880000,36756
4,1748,104880000,104880000,1551,2585,104940000,36777
4,1749,104940000,104940000,1551,2585,105000000,36797
4,175,10500000,10500000,1551,2585,10560000,3697
4,1750,105000000,105000000,1551,2585,105060000,36818
4,1751,105060000,105060000,1551,2585,105120000,36839
4,1752,105120000,105120000,1551,2585,105180000,36861
4,1753,105180000,105180000,1551,2585,105240000,36883
4,1754,105240000,105240000,1551,2585,105300000,36902
4,1755,105300000,105300000,1551,2585,105360000,36924
4,1756,105360000,105360000,1551,2585,105420000,36945
4,1757,105420000,105420000,1551,2585,105480000,36965
4,1758,105480000,105480000,1551,2585,105540000,36987
4,1759,105540000,105540000,1551,2585,105600000,37008
4,176,10560000,10560000,1551,2585,10620000,3717
4,1760,105600000,105600000,1551,2585,105660000,37029
4,1761,105660000,105660000,1551,2585,105720000,37050
4,1762,105720000,105720000,1551,2585,105780000,37072
4,1763,105780000,105780000,1551,2585,105840000,37092
4,1764,105840000,105840000,1551,2585,105900000,37112
4,1765,105900000,105900000,1551,2585,105960000,37134
4,1766,105960000,105960000,1551,2585,106020000,37155
4,1767,106020000,106020000,1551,2585,106080000,37176
4,1768,106080000,106080000,1551,2585,106140000,37198
4,1769,106140000,106140000,1551,2585,106200000,37218
4,177,10620000,10620000,1551,2585,10680000,3739
4,1770,106200000,106200000,1551,2585,106260000,37239
4,1771,106260000,106260000,1551,2585,106320000,37260
4,1772,106320000,106320000,1551,2585,106380000,37281
4,1773,106380000,106380000,1551,2585,106440000,37303
4,1774,106440000,106440000,1551,2585,106500000,37323
4,1775,106500000,106500000,1551,2585,106560000,37344
4,1776,106560000,106560000,1551,2585,106620000,37366
4,1777,106620000,106620000,1551,2585,106680000,37387
4,1778,106680000,106680000,1551,2585,106740000,37407
4,1779,106740000,106740000,1551,2585,106800000,37428
4,178,10680000,10680000,1551,2585,10740000,3761
4,1780,106800000,106800000,1551,2585,106860000,37450
4,1781,106860000,106860000,1551,2585,106920000,37470
4,1782,106920000,106920000,1551,2585,106980000,37492
4,1783,106980000,106980000,1551,2585,107040000,37514
4,1784,107040000,107040000,1551,2585,107100000,37532
4,179,10740000,10740000,1551,2585,10800000,3781
4,18,1080000,1080000,1551,2585,1140000,396
4,180,10800000,10800000,1551,2585,10860000,3802
4,181,10860000,10860000,1551,2585,10920000,3823
4,182,10920000,10920000,1551,2585,10980000,3844
4,183,10980000,10980000,1551,2585,11040000,3865
4,184,11040000,11040000,1551,2585,11100000,3886
4,185,11100000,11100000,1551,2585,11160000,3907
4,186,11160000,11160000,1551,2585,11220000,3928
4,187,11220000,11220000,1551,2585,11280000,3950
4,188,11280000,11280000,1551,2585,11340000,3970
4,189,11340000,11340000,1551,2585,11400000,3991
4,19,1140000,1140000,1551,2585,1200000,417
4,190,11400000,11400000,1551,2585,11460000,4012
4,191,11460000,11460000,1551,2585,11520000,4033
4,192,11520000,11520000,1551,2585,11580000,4055
4,193,11580000,11580000,1551,2585,11640000,4076
4,194,11640000,11640000,1551,2585,11700000,4096
4,195,11700000,11700000,1551,2585,11760000,4117
4,196,11760000,11760000,1551,2585,11820000,4139
4,197,11820000,11820000,1551,2585,11880000,4159
4,198,11880000,11880000,1551,2585,11940000,4181
4,199,11940000,11940000,1551,2585,12000000,4202
4,2,120000,120000,1551,2585,180000,59
4,20,1200000,1200000,1551,2585,1260000,436
4,200,12000000,12000000,1551,2585,12060000,4222
4,201,12060000,12060000,1551,2585,12120000,4244
4,202,12120000,12120000,1551,2585,12180000,4265
4,203,12180000,12180000,1551,2585,12240000,4285
4,204,12240000,12240000,1551,2585,12300000,4306
4,205,12300000,12300000,1551,2585,12360000,4328
4,206,12360000,12360000,1551,2585,12420000,4349
4,207,12420000,12420000,1551,2585,12480000,4370
4,208,12480000,12480000,1551,2585,12540000,4392
4,209,12540000,12540000,1551,2585,12600000,4411
4,21,1260000,1260000,1551,2585,1320000,458
4,210,12600000,12600000,1551,2585,12660000,4432
4,211,12660000,12660000,1551,2585,12720000,4454
4,212,12720000,12720000,1551,2585,12780000,4475
4,213,12780000,12780000,1551,2585,12840000,4497
4,214,12840000,12840000,1551,2585,12900000,4517
4,215,12900000,12900000,1551,2585,12960000,4538
4,216,12960000,12960000,1551,2585,13020000,4559
4,217,13020000,13020000,1551,2585,13080000,4580
4,218,13080000,13080000,1551,2585,13140000,4601
4,219,13140000,13140000,1551,2585,13200000,4622
4,22,1320000,1320000,1551,2585,1380000,480
4,220,13200000,13200000,1551,2585,13260000,4643
4,221,13260000,13260000,1551,2585,13320000,4664
4,222,13320000,13320000,1551,2585,13380000,4686
4,223,13380000,13380000,1551,2585,13440000,4707
4,224,13440000,13440000,1551,2585,13500000,4726
4,225,13500000,13500000,1551,2585,13560000,4748
4,226,13560000,13560000,1551,2585,13620000,4770
4,227,13620000,13620000,1551,2585,13680000,4790
4,228,13680000,13680000,1551,2585,13740000,4812
4,229,13740000,13740000,1551,2585,13800000,4833
4,23,1380000,1380000,1551,2585,1440000,500
4,230,13800000,13800000,1551,2585,13860000,4853
4,231,13860000,13860000,1551,2585,13920000,4874
4,232,13920000,13920000,1551,2585,13980000,4896
4,233,13980000,13980000,1551,2585,14040000,4917
4,234,14040000,14040000,1551,2585,14100000,4937
4,235,14100000,14100000,1551,2585,14160000,4959
4,236,14160000,14160000,1551,2585,14220000,4980
4,237,14220000,14220000,1551,2585,14280000,5000
4,238,14280000,14280000,1551,2585,14340000,5022
4,239,14340000,14340000,1551,2585,14400000,5042
4,24,1440000,1440000,1551,2585,1500000,521
4,240,14400000,14400000,1551,2585,14460000,5064
4,241,14460000,14460000,1551,2585,14520000,5085
4,242,14520000,14520000,1551,2585,14580000,5106
4,243,14580000,14580000,1551,2585,14640000,5128
4,244,14640000,14640000,1551,2585,14700000,5147
4,245,14700000,14700000,1551,2585,14760000,5168
4,246,14760000,14760000,1551,2585,14820000,5190
4,247,14820000,14820000,1551,2585,14880000,5212
4,248,14880000,14880000,1551,2585,14940000,5232
4,249,14940000,14940000,1551,2585,15000000,5253
4,25,1500000,1500000,1551,2585,1560000,543
4,250,15000000,15000000,1551,2585,15060000,5275
4,251,15060000,15060000,1551,2585,15120000,5294
4,252,15120000,15120000,1551,2585,15180000,5316
4,253,15180000,15180000,1551,2585,15240000,5338
4,254,15240000,15240000,1551,2585,15300000,5357
4,255,15300000,15300000,1551,2585,15360000,5379
4,256,15360000,15360000,1551,2585,15420000,5401
4,257,15420000,15420000,1551,2585,15480000,5422
4,258,15480000,15480000,1551,2585,15540000,5442
4,259,15540000,15540000,1551,2585,15600000,5463
4,26,1560000,1560000,1551,2585,1620000,564
4,260,15600000,15600000,1551,2585,15660000,5484
4,261,15660000,15660000,1551,2585,15720000,5505
4,262,15720000,15720000,1551,2585,15780000,5527
4,263,15780000,15780000,1551,2585,15840000,5548
4,264,15840000,15840000,1551,2585,15900000,5569
4,265,15900000,15900000,1551,2585,15960000,5589
4,266,15960000,15960000,1551,2585,16020000,5610
4,267,16020000,16020000,1551,2585,16080000,5632
4,268,16080000,16080000,1551,2585,16140000,5653
4,269,16140000,16140000,1551,2585,16200000,5673
4,27,1620000,1620000,1551,2585,1680000,584
4,270,16200000,16200000,1551,2585,16260000,5695
4,271,16260000,16260000,1551,2585,16320000,5716
4,272,16320000,16320000,1551,2585,16380000,5736
4,273,16380000,16380000,1551,2585,16440000,5758
4,274,16440000,16440000,1551,2585,16500000,5779
4,275,16500000,16500000,1551,2585,16560000,5799
4,276,16560000,16560000,1551,2585,16620000,5821
4,277,16620000,16620000,1551,2585,16680000,5843
4,278,16680000,16680000,1551,2585,16740000,5863
4,279,16740000,16740000,1551,2585,16800000,5883
4,28,1680000,1680000,1551,2585,1740000,606
4,280,16800000,16800000,1551,2585,16860000,5905
4,281,16860000,16860000,1551,2585,16920000,5926
4,282,16920000,16920000,1551,2585,16980000,5947
4,283,16980000,16980000,1551,2585,17040000,5969
4,284,17040000,17040000,1551,2585,17100000,5989
4,285,17100000,17100000,1551,2585,17160000,6010
4,286,17160000,17160000,1551,2585,17220000,6031
4,287,17220000,17220000,1551,2585,17280000,6052
4,288,17280000,17280000,1551,2585,17340000,6073
4,289,17340000,17340000,1551,2585,17400000,6094
4,29,1740000,1740000,1551,2585,1800000,626
4,290,17400000,17400000,1551,2585,17460000,6115
4,291,17460000,17460000,1551,2585,17520000,6137
4,292,17520000,17520000,1551,2585,17580000,6158
4,293,17580000,17580000,1551,2585,17640000,6178
4,294,17640000,17640000,1551,2585,17700000,6199
4,295,17700000,17700000,1551,2585,17760000,6220
4,296,17760000,17760000,1551,2585,17820000,6241
4,297,17820000,17820000,1551,2585,17880000,6263
4,298,17880000,17880000,1551,2585,17940000,6285
4,299,17940000,17940000,1551,2585,18000000,6304
4,3,180000,180000,1551,2585,240000,80
4,30,1800000,1800000,1551,2585,1860000,647
4,300,18000000,18000000,1551,2585,18060000,6325
4,301,18060000,18060000,1551,2585,18120000,6347
4,302,18120000,18120000,1551,2585,18180000,6367
4,303,18180000,18180000,1551,2585,18240000,6389
4,304,18240000,18240000,1551,2585,18300000,6410
4,305,18300000,18300000,1551,2585,18360000,6430
4,306,18360000,18360000,1551,2585,18420000,6452
4,307,18420000,18420000,1551,2585,18480000,6473
4,308,18480000,18480000,1551,2585,18540000,6494
4,309,18540000,18540000,1551,2585,18600000,6514
4,31,1860000,1860000,1551,2585,1920000,669
4,310,18600000,18600000,1551,2585,18660000,6536
4,311,18660000,18660000,1551,2585,18720000,6557
4,312,18720000,18720000,1551,2585,18780000,6578
4,313,18780000,18780000,1551,2585,18840000,6600
4,314,18840000,18840000,1551,2585,18900000,6619
4,315,18900000,18900000,1551,2585,18960000,6641
4,316,18960000,18960000,1551,2585,19020000,6662
4,317,19020000,19020000,1551,2585,19080000,6683
4,318,19080000,19080000,1551,2585,19140000,6705
4,319,19140000,19140000,1551,2585,19200000,6725
4,32,1920000,1920000,1551,2585,1980000,690
4,320,19200000,19200000,1551,2585,19260000,6746
4,321,19260000,19260000,1551,2585,19320000,6767
4,322,19320000,19320000,1551,2585,19380000,6788
4,323,19380000,19380000,1551,2585,19440000,6809
4,324,19440000,19440000,1551,2585,19500000,6830
4,325,19500000,19500000,1551,2585,19560000,6852
4,326,19560000,19560000,1551,2585,19620000,6872
4,327,19620000,19620000,1551,2585,19680000,6894
4,328,19680000,19680000,1551,2585,19740000,6915
4,329,19740000,19740000,1551,2585,19800000,6934
4,33,1980000,1980000,1551,2585,2040000,711
4,330,19800000,19800000,1551,2585,19860000,6956
4,331,19860000,19860000,1551,2585,19920000,6978
4,332,19920000,19920000,1551,2585,19980000,6999
4,333,19980000,19980000,1551,2585,20040000,7020
4,334,20040000,20040000,1551,2585,20100000,7041
4,335,20100000,20100000,1551,2585,20160000,7061
4,336,20160000,20160000,1551,2585,20220000,7082
4,337,20220000,20220000,1551,2585,20280000,7104
4,338,20280000,20280000,1551,2585,20340000,7125
4,339,20340000,20340000,1551,2585,20400000,7145
4,34,2040000,2040000,1551,2585,2100000,731
4,340,20400000,20400000,1551,2585,20460000,7167
4,341,20460000,20460000,1551,2585,20520000,7188
4,342,20520000,20520000,1551,2585,20580000,7209
4,343,20580000,20580000,1551,2585,20640000,7230
4,344,20640000,20640000,1551,2585,20700000,7250
4,345,20700000,20700000,1551,2585,20760000,7272
4,346,20760000,20760000,1551,2585,20820000,7293
4,347,20820000,20820000,1551,2585,20880000,7314
4,348,20880000,20880000,1551,2585,20940000,7336
4,349,20940000,20940000,1551,2585,21000000,7356
4,35,2100000,2100000,1551,2585,2160000,752
4,350,21000000,21000000,1551,2585,21060000,7376
4,351,21060000,21060000,1551,2585,21120000,7398
4,352,21120000,21120000,1551,2585,21180000,7420
4,353,21180000,21180000,1551,2585,21240000,7440
4,354,21240000,21240000,1551,2585,21300000,7461
4,355,21300000,21300000,1551,2585,21360000,7483
4,356,21360000,21360000,1551,2585,21420000,7502
4,357,21420000,21420000,1551,2585,21480000,7524
4,358,21480000,21480000,1551,2585,21540000,7546
4,359,21540000,21540000,1551,2585,21600000,7566
4,36,2160000,2160000,1551,2585,2220000,774
4,360,21600000,21600000,1551,2585,21660000,7587
4,361,21660000,21660000,1551,2585,21720000,7609
4,362,21720000,21720000,1551,2585,21780000,7630
4,363,21780000,21780000,1551,2585,21840000,7650
4,364,21840000,21840000,1551,2585,21900000,7671
4,365,21900000,21900000,1551,2585,21960000,7692
4,366,21960000,21960000,1551,2585,22020000,7714
4,367,22020000,22020000,1551,2585,22080000,7735
4,368,22080000,22080000,1551,2585,22140000,7756
4,369,22140000,22140000,1551,2585,22200000,7777
4,37,2220000,2220000,1551,2585,2280000,795
4,370,22200000,22200000,1551,2585,22260000,7797
4,371,22260000,22260000,1551,2585,22320000,7818
4,372,22320000,22320000,1551,2585,22380000,7840
4,373,22380000,22380000,1551,2585,22440000,7861
4,374,22440000,22440000,1551,2585,22500000,7881
4,375,22500000,22500000,1551,2585,22560000,7903
4,376,22560000,22560000,1551,2585,22620000,7925
4,377,22620000,22620000,1551,2585,22680000,7944
4,378,22680000,22680000,1551,2585,22740000,7966
4,379,22740000,22740000,1551,2585,22800000,7987
4,38,2280000,2280000,1551,2585,2340000,816
4,380,22800000,22800000,1551,2585,22860000,8007
4,381,22860000,22860000,1551,2585,22920000,8029
4,382,22920000,22920000,1551,2585,22980000,8051
4,383,22980000,22980000,1551,2585,23040000,8072
4,384,23040000,23040000,1551,2585,23100000,8091
4,385,23100000,23100000,1551,2585,23160000,8113
4,386,23160000,23160000,1551,2585,23220000,8134
4,387,23220000,23220000,1551,2585,23280000,8155
4,388,23280000,23280000,1551,2585,23340000,8177
4,389,23340000,23340000,1551,2585,23400000,8197
4,39,2340000,2340000,1551,2585,2400000,837
4,390,23400000,23400000,1551,2585,23460000,8218
4,391,23460000,23460000,1551,2585,23520000,8239
4,392,23520000,23520000,1551,2585,23580000,8260
4,393,23580000,23580000,1551,2585,23640000,8282
4,394,23640000,23640000,1551,2585,23700000,8302
4,395,23700000,23700000,1551,2585,23760000,8323
4,396,23760000,23760000,1551,2585,23820000,8345
4,397,23820000,23820000,1551,2585,23880000,8366
4,398,23880000,23880000,1551,2585,23940000,8386
4,399,23940000,23940000,1551,2585,24000000,8407
4,4,240000,240000,1551,2585,300000,101
4,40,2400000,2400000,1551,2585,2460000,858
4,400,24000000,24000000,1551,2585,24060000,8429
4,401,24060000,24060000,1551,2585,24120000,8449
4,402,24120000,24120000,1551,2585,24180000,8471
4,403,24180000,24180000,1551,2585,24240000,8493
4,404,24240000,24240000,1551,2585,24300000,8512
4,405,24300000,24300000,1551,2585,24360000,8533
4,406,24360000,24360000,1551,2585,24420000,8555
4,407,24420000,24420000,1551,2585,24480000,8575
4,408,24480000,24480000,1551,2585,24540000,8597
4,409,24540000,24540000,1551,2585,24600000,8618
4,41,2460000,2460000,1551,2585,2520000,878
4,410,24600000,24600000,1551,2585,24660000,8639
4,411,24660000,24660000,1551,2585,24720000,8660
4,412,24720000,24720000,1551,2585,24780000,8681
4,413,24780000,24780000,1551,2585,24840000,8702
4,414,24840000,24840000,1551,2585,24900000,8722
4,415,24900000,24900000,1551,2585,24960000,8744
4,416,24960000,24960000,1551,2585,25020000,8765
4,417,25020000,25020000,1551,2585,25080000,8787
4,418,25080000,25080000,1551,2585,25140000,8808
4,419,25140000,25140000,1551,2585,25200000,8827
4,42,2520000,2520000,1551,2585,2580000,900
4,420,25200000,25200000,1551,2585,25260000,8849
4,421,25260000,25260000,1551,2585,25320000,8870
4,422,25320000,25320000,1551,2585,25380000,8891
4,423,25380000,25380000,1551,2585,25440000,8913
4,424,25440000,25440000,1551,2585,25500000,8933
4,425,25500000,25500000,1551,2585,25560000,8954
4,426,25560000,25560000,1551,2585,25620000,8975
4,427,25620000,25620000,1551,2585,25680000,8997
4,428,25680000,25680000,1551,2585,25740000,9017
4,429,25740000,25740000,1551,2585,25800000,9038
4,43,2580000,2580000,1551,2585,2640000,922
4,430,25800000,25800000,1551,2585,25860000,9060
4,431,25860000,25860000,1551,2585,25920000,9080
4,432,25920000,25920000,1551,2585,25980000,9102
4,433,25980000,25980000,1551,2585,26040000,9123
4,434,26040000,26040000,1551,2585,26100000,9143
4,435,26100000,26100000,1551,2585,26160000,9164
4,436,26160000,26160000,1551,2585,26220000,9186
4,437,26220000,26220000,1551,2585,26280000,9207
4,438,26280000,26280000,1551,2585,26340000,9228
4,439,26340000,26340000,1551,2585,26400000,9249
4,44,2640000,2640000,1551,2585,2700000,941
4,440,26400000,26400000,1551,2585,26460000,9269
4,441,26460000,26460000,1551,2585,26520000,9290
4,442,26520000,26520000,1551,2585,26580000,9312
4,443,26580000,26580000,1551,2585,26640000,9333
4,444,26640000,26640000,1551,2585,26700000,9354
4,445,26700000,26700000,1551,2585,26760000,9375
4,446,26760000,26760000,1551,2585,26820000,9396
4,447,26820000,26820000,1551,2585,26880000,9417
4,448,26880000,26880000,1551,2585,26940000,9438
4,449,26940000,26940000,1551,2585,27000000,9458
4,45,2700000,2700000,1551,2585,2760000,963
4,450,27000000,27000000,1551,2585,27060000,9480
4,451,27060000,27060000,1551,2585,27120000,9502
4,452,27120000,27120000,1551,2585,27180000,9522
4,453,27180000,27180000,1551,2585,27240000,9544
4,454,27240000,27240000,1551,2585,27300000,9564
4,455,27300000,27300000,1551,2585,27360000,9584
4,456,27360000,27360000,1551,2585,27420000,9606
4,457,27420000,27420000,1551,2585,27480000,9628
4,458,27480000,27480000,1551,2585,27540000,9648
4,459,27540000,27540000,1551,2585,27600000,9669
4,46,2760000,2760000,1551,2585,2820000,985
4,460,27600000,27600000,1551,2585,27660000,9691
4,461,27660000,27660000,1551,2585,27720000,9711
4,462,27720000,27720000,1551,2585,27780000,9732
4,463,27780000,27780000,1551,2585,27840000,9754
4,464,27840000,27840000,1551,2585,27900000,9774
4,465,27900000,27900000,1551,2585,27960000,9795
4,466,27960000,27960000,1551,2585,28020000,9817
4,467,28020000,28020000,1551,2585,28080000,9838
4,468,28080000,28080000,1551,2585,28140000,9859
4,469,28140000,28140000,1551,2585,28200000,9879
4,47,2820000,2820000,1551,2585,2880000,1005
4,470,28200000,28200000,1551,2585,28260000,9900
4,471,28260000,28260000,1551,2585,28320000,9922
4,472,28320000,28320000,1551,2585,28380000,9943
4,473,28380000,28380000,1551,2585,28440000,9964
4,474,28440000,28440000,1551,2585,28500000,9985
4,475,28500000,28500000,1551,2585,28560000,10005
4,476,28560000,28560000,1551,2585,28620000,10026
4,477,28620000,28620000,1551,2585,28680000,10048
4,478,28680000,28680000,1551,2585,28740000,10070
4,479,28740000,28740000,1551,2585,28800000,10089
4,48,2880000,2880000,1551,2585,2940000,1026
4,480,28800000,28800000,1551,2585,28860000,10111
4,481,28860000,28860000,1551,2585,28920000,10133
4,482,28920000,28920000,1551,2585,28980000,10152
4,483,28980000,28980000,1551,2585,29040000,10174
4,484,29040000,29040000,1551,2585,29100000,10195
4,485,29100000,29100000,1551,2585,29160000,10216
4,486,29160000,29160000,1551,2585,29220000,10237
4,487,29220000,29220000,1551,2585,29280000,10259
4,488,29280000,29280000,1551,2585,29340000,10280
4,489,29340000,29340000,1551,2585,29400000,10299
4,49,2940000,2940000,1551,2585,3000000,1047
4,490,29400000,29400000,1551,2585,29460000,10321
4,491,29460000,29460000,1551,2585,29520000,10342
4,492,29520000,29520000,1551,2585,29580000,10363
4,493,29580000,29580000,1551,2585,29640000,10385
4,494,29640000,29640000,1551,2585,29700000,10405
4,495,29700000,29700000,1551,2585,29760000,10427
4,496,29760000,29760000,1551,2585,29820000,10447
4,497,29820000,29820000,1551,2585,29880000,10468
4,498,29880000,29880000,1551,2585,29940000,10490
4,499,29940000,29940000,1551,2585,30000000,10510
4,5,300000,300000,1551,2585,360000,122
4,50,3000000,3000000,1551,2585,3060000,1067
4,500,30000000,30000000,1551,2585,30060000,10531
4,501,30060000,30060000,1551,2585,30120000,10553
4,502,30120000,30120000,1551,2585,30180000,10575
4,503,30180000,30180000,1551,2585,30240000,10594
4,504,30240000,30240000,1551,2585,30300000,10615
4,505,30300000,30300000,1551,2585,30360000,10637
4,506,30360000,30360000,1551,2585,30420000,10657
4,507,30420000,30420000,1551,2585,30480000,10679
4,508,30480000,30480000,1551,2585,30540000,10701
4,509,30540000,30540000,1551,2585,30600000,10720
4,51,3060000,3060000,1551,2585,3120000,1089
4,510,30600000,30600000,1551,2585,30660000,10741
4,511,30660000,30660000,1551,2585,30720000,10763
4,512,30720000,30720000,1551,2585,30780000,10784
4,513,30780000,30780000,1551,2585,30840000,10805
4,514,30840000,30840000,1551,2585,30900000,10826
4,515,30900000,30900000,1551,2585,30960000,10847
4,516,30960000,30960000,1551,2585,31020000,10868
4,517,31020000,31020000,1551,2585,31080000,10889
4,518,31080000,31080000,1551,2585,31140000,10910
4,519,31140000,31140000,1551,2585,31200000,10931
4,52,3120000,3120000,1551,2585,3180000,1111
4,520,31200000,31200000,1551,2585,31260000,10952
4,521,31260000,31260000,1551,2585,31320000,10973
4,522,31320000,31320000,1551,2585,31380000,10995
4,523,31380000,31380000,1551,2585,31440000,11016
4,524,31440000,31440000,1551,2585,31500000,11035
4,525,31500000,31500000,1551,2585,31560000,11057
4,526,31560000,31560000,1551,2585,31620000,11078
4,527,31620000,31620000,1551,2585,31680000,11099
4,528,31680000,31680000,1551,2585,31740000,11121
4,529,31740000,31740000,1551,2585,31800000,11142
4,53,3180000,3180000,1551,2585,3240000,1132
4,530,31800000,31800000,1551,2585,31860000,11162
4,531,31860000,31860000,1551,2585,31920000,11183
4,532,31920000,31920000,1551,2585,31980000,11205
4,533,31980000,31980000,1551,2585,32040000,11225
4,534,32040000,32040000,1551,2585,32100000,11246
4,535,32100000,32100000,1551,2585,32160000,11268
4,536,32160000,32160000,1551,2585,32220000,11289
4,537,32220000,32220000,1551,2585,32280000,11310
4,538,32280000,32280000,1551,2585,32340000,11331
4,539,32340000,32340000,1551,2585,32400000,11351
4,54,3240000,3240000,1551,2585,3300000,1152
4,540,32400000,32400000,1551,2585,32460000,11372
4,541,32460000,32460000,1551,2585,32520000,11394
4,542,32520000,32520000,1551,2585,32580000,11415
4,543,32580000,32580000,1551,2585,32640000,11436
4,544,32640000,32640000,1551,2585,32700000,11457
4,545,32700000,32700000,1551,2585,32760000,11477
4,546,32760000,32760000,1551,2585,32820000,11499
4,547,32820000,32820000,1551,2585,32880000,11520
4,548,32880000,32880000,1551,2585,32940000,11541
4,549,32940000,32940000,1551,2585,33000000,11562
4,55,3300000,3300000,1551,2585,3360000,1173
4,550,33000000,33000000,1551,2585,33060000,11583
4,551,33060000,33060000,1551,2585,33120000,11604
4,552,33120000,33120000,1551,2585,33180000,11625
4,553,33180000,33180000,1551,2585,33240000,11647
4,554,33240000,33240000,1551,2585,33300000,11666
4,555,33300000,33300000,1551,2585,33360000,11688
4,556,33360000,33360000,1551,2585,33420000,11710
4,557,33420000,33420000,1551,2585,33480000,11730
4,558,33480000,33480000,1551,2585,33540000,11752
4,559,33540000,33540000,1551,2585,33600000,11772
4,56,3360000,3360000,1551,2585,3420000,1194
4,560,33600000,33600000,1551,2585,33660000,11792
4,561,33660000,33660000,1551,2585,33720000,11814
4,562,33720000,33720000,1551,2585,33780000,11836
4,563,33780000,33780000,1551,2585,33840000,11857
4,564,33840000,33840000,1551,2585,33900000,11877
4,565,33900000,33900000,1551,2585,33960000,11899
4,566,33960000,33960000,1551,2585,34020000,11919
4,567,34020000,34020000,1551,2585,34080000,11940
4,568,34080000,34080000,1551,2585,34140000,11962
4,569,34140000,34140000,1551,2585,34200000,11982
4,57,3420000,3420000,1551,2585,3480000,1215
4,570,34200000,34200000,1551,2585,34260000,12004
4,571,34260000,34260000,1551,2585,34320000,12025
4,572,34320000,34320000,1551,2585,34380000,12046
4,573,34380000,34380000,1551,2585,34440000,12067
4,574,34440000,34440000,1551,2585,34500000,12087
4,575,34500000,34500000,1551,2585,34560000,12108
4,576,34560000,34560000,1551,2585,34620000,12130
4,577,34620000,34620000,1551,2585,34680000,12151
4,578,34680000,34680000,1551,2585,34740000,12172
4,579,34740000,34740000,1551,2585,34800000,12193
4,58,3480000,3480000,1551,2585,3540000,1237
4,580,34800000,34800000,1551,2585,34860000,12214
4,581,34860000,34860000,1551,2585,34920000,12234
4,582,34920000,34920000,1551,2585,34980000,12256
4,583,34980000,34980000,1551,2585,35040000,12278
4,584,35040000,35040000,1551,2585,35100000,12297
4,585,35100000,35100000,1551,2585,35160000,12319
4,586,35160000,35160000,1551,2585,35220000,12341
4,587,35220000,35220000,1551,2585,35280000,12361
4,588,35280000,35280000,1551,2585,35340000,12382
4,589,35340000,35340000,1551,2585,35400000,12403
4,59,3540000,3540000,1551,2585,3600000,1257
4,590,35400000,35400000,1551,2585,35460000,12424
4,591,35460000,35460000,1551,2585,35520000,12445
4,592,35520000,35520000,1551,2585,35580000,12467
4,593,35580000,35580000,1551,2585,35640000,12488
4,594,35640000,35640000,1551,2585,35700000,12507
4,595,35700000,35700000,1551,2585,35760000,12529
4,596,35760000,35760000,1551,2585,35820000,12550
4,597,35820000,35820000,1551,2585,35880000,12572
4,598,35880000,35880000,1551,2585,35940000,12593
4,599,35940000,35940000,1551,2585,36000000,12613
4,6,360000,360000,1551,2585,420000,142
4,60,3600000,3600000,1551,2585,3660000,1279
4,600,36000000,36000000,1551,2585,36060000,12635
4,601,36060000,36060000,1551,2585,36120000,12655
4,602,36120000,36120000,1551,2585,36180000,12676
4,603,36180000,36180000,1551,2585,36240000,12698
4,604,36240000,36240000,1551,2585,36300000,12719
4,605,36300000,36300000,1551,2585,36360000,12739
4,606,36360000,36360000,1551,2585,36420000,12761
4,607,36420000,36420000,1551,2585,36480000,12783
4,608,36480000,36480000,1551,2585,36540000,12802
4,609,36540000,36540000,1551,2585,36600000,12823
4,61,3660000,3660000,1551,2585,3720000,1300
4,610,36600000,36600000,1551,2585,36660000,12845
4,611,36660000,36660000,1551,2585,36720000,12865
4,612,36720000,36720000,1551,2585,36780000,12887
4,613,36780000,36780000,1551,2585,36840000,12909
4,614,36840000,36840000,1551,2585,36900000,12929
4,615,36900000,36900000,1551,2585,36960000,12949
4,616,36960000,36960000,1551,2585,37020000,12971
4,617,37020000,37020000,1551,2585,37080000,12992
4,618,37080000,37080000,1551,2585,37140000,13013
4,619,37140000,37140000,1551,2585,37200000,13034
4,62,3720000,3720000,1551,2585,3780000,1320
4,620,37200000,37200000,1551,2585,37260000,13055
4,621,37260000,37260000,1551,2585,37320000,13077
4,622,37320000,37320000,1551,2585,37380000,13097
4,623,37380000,37380000,1551,2585,37440000,13118
4,624,37440000,37440000,1551,2585,37500000,13139
4,625,37500000,37500000,1551,2585,37560000,13160
4,626,37560000,37560000,1551,2585,37620000,13181
4,627,37620000,37620000,1551,2585,37680000,13203
4,628,37680000,37680000,1551,2585,37740000,13224
4,629,37740000,37740000,1551,2585,37800000,13243
4,63,3780000,3780000,1551,2585,3840000,1342
4,630,37800000,37800000,1551,2585,37860000,13265
4,631,37860000,37860000,1551,2585,37920000,13287
4,632,37920000,37920000,1551,2585,37980000,13307
4,633,37980000,37980000,1551,2585,38040000,13329
4,634,38040000,38040000,1551,2585,38100000,13350
4,635,38100000,38100000,1551,2585,38160000,13370
4,636,38160000,38160000,1551,2585,38220000,13391
4,637,38220000,38220000,1551,2585,38280000,13413
4,638,38280000,38280000,1551,2585,38340000,13434
4,639,38340000,38340000,1551,2585,38400000,13454
4,64,3840000,3840000,1551,2585,3900000,1362
4,640,38400000,38400000,1551,2585,38460000,13476
4,641,38460000,38460000,1551,2585,38520000,13497
4,642,38520000,38520000,1551,2585,38580000,13518
4,643,38580000,38580000,1551,2585,38640000,13539
4,644,38640000,38640000,1551,2585,38700000,13559
4,645,38700000,38700000,1551,2585,38760000,13580
4,646,38760000,38760000,1551,2585,38820000,13602
4,647,38820000,38820000,1551,2585,38880000,13623
4,648,38880000,38880000,1551,2585,38940000,13645
4,649,38940000,38940000,1551,2585,39000000,13665
4,65,3900000,3900000,1551,2585,3960000,1383
4,650,39000000,39000000,1551,2585,39060000,13685
4,651,39060000,39060000,1551,2585,39120000,13707
4,652,39120000,39120000,1551,2585,39180000,13728
4,653,39180000,39180000,1551,2585,39240000,13749
4,654,39240000,39240000,1551,2585,39300000,13770
4,655,39300000,39300000,1551,2585,39360000,13792
4,656,39360000,39360000,1551,2585,39420000,13812
4,657,39420000,39420000,1551,2585,39480000,13833
4,658,39480000,39480000,1551,2585,39540000,13855
4,659,39540000,39540000,1551,2585,39600000,13874
4,66,3960000,3960000,1551,2585,4020000,1405
4,660,39600000,39600000,1551,2585,39660000,13896
4,661,39660000,39660000,1551,2585,39720000,13918
4,662,39720000,39720000,1551,2585,39780000,13938
4,663,39780000,39780000,1551,2585,39840000,13960
4,664,39840000,39840000,1551,2585,39900000,13980
4,665,39900000,39900000,1551,2585,39960000,14001
4,666,39960000,39960000,1551,2585,40020000,14022
4,667,40020000,40020000,1551,2585,40080000,14044
4,668,40080000,40080000,1551,2585,40140000,14065
4,669,40140000,40140000,1551,2585,40200000,14085
4,67,4020000,4020000,1551,2585,4080000,1426
4,670,40200000,40200000,1551,2585,40260000,14107
4,671,40260000,40260000,1551,2585,40320000,14127
4,672,40320000,40320000,1551,2585,40380000,14149
4,673,40380000,40380000,1551,2585,40440000,14170
4,674,40440000,40440000,1551,2585,40500000,14190
4,675,40500000,40500000,1551,2585,40560000,14212
4,676,40560000,40560000,1551,2585,40620000,14233
4,677,40620000,40620000,1551,2585,40680000,14254
4,678,40680000,40680000,1551,2585,40740000,14275
4,679,40740000,40740000,1551,2585,40800000,14295
4,68,4080000,4080000,1551,2585,4140000,1447
4,680,40800000,40800000,1551,2585,40860000,14316
4,681,40860000,40860000,1551,2585,40920000,14338
4,682,40920000,40920000,1551,2585,40980000,14360
4,683,40980000,40980000,1551,2585,41040000,14380
4,684,41040000,41040000,1551,2585,41100000,14401
4,685,41100000,41100000,1551,2585,41160000,14422
4,686,41160000,41160000,1551,2585,41220000,14442
4,687,41220000,41220000,1551,2585,41280000,14464
4,688,41280000,41280000,1551,2585,41340000,14486
4,689,41340000,41340000,1551,2585,41400000,14506
4,69,4140000,4140000,1551,2585,4200000,1467
4,690,41400000,41400000,1551,2585,41460000,14527
4,691,41460000,41460000,1551,2585,41520000,14549
4,692,41520000,41520000,1551,2585,41580000,14569
4,693,41580000,41580000,1551,2585,41640000,14590
4,694,41640000,41640000,1551,2585,41700000,14611
4,695,41700000,41700000,1551,2585,41760000,14632
4,696,41760000,41760000,1551,2585,41820000,14653
4,697,41820000,41820000,1551,2585,41880000,14675
4,698,41880000,41880000,1551,2585,41940000,14696
4,699,41940000,41940000,1551,2585,42000000,14716
4,7,420000,420000,1551,2585,480000,164
4,70,4200000,4200000,1551,2585,4260000,1489
4,700,42000000,42000000,1551,2585,42060000,14737
4,701,42060000,42060000,1551,2585,42120000,14758
4,702,42120000,42120000,1551,2585,42180000,14780
4,703,42180000,42180000,1551,2585,42240000,14801
4,704,42240000,42240000,1551,2585,42300000,14821
4,705,42300000,42300000,1551,2585,42360000,14843
4,706,42360000,42360000,1551,2585,42420000,14864
4,707,42420000,42420000,1551,2585,42480000,14884
4,708,42480000,42480000,1551,2585,42540000,14906
4,709,42540000,42540000,1551,2585,42600000,14927
4,71,4260000,4260000,1551,2585,4320000,1509
4,710,42600000,42600000,1551,2585,42660000,14947
4,711,42660000,42660000,1551,2585,42720000,14969
4,712,42720000,42720000,1551,2585,42780000,14991
4,713,42780000,42780000,1551,2585,42840000,15010
4,714,42840000,42840000,1551,2585,42900000,15031
4,715,42900000,42900000,1551,2585,42960000,15053
4,716,42960000,42960000,1551,2585,43020000,15074
4,717,43020000,43020000,1551,2585,43080000,15095
4,718,43080000,43080000,1551,2585,43140000,15117
4,719,43140000,43140000,1551,2585,43200000,15137
4,72,4320000,4320000,1551,2585,4380000,1531
4,720,43200000,43200000,1551,2585,43260000,15157
4,721,43260000,43260000,1551,2585,43320000,15179
4,722,43320000,43320000,1551,2585,43380000,15200
4,723,43380000,43380000,1551,2585,43440000,15222
4,724,43440000,43440000,1551,2585,43500000,15242
4,725,43500000,43500000,1551,2585,43560000,15263
4,726,43560000,43560000,1551,2585,43620000,15285
4,727,43620000,43620000,1551,2585,43680000,15305
4,728,43680000,43680000,1551,2585,43740000,15326
4,729,43740000,43740000,1551,2585,43800000,15347
4,73,4380000,4380000,1551,2585,4440000,1553
4,730,43800000,43800000,1551,2585,43860000,15368
4,731,43860000,43860000,1551,2585,43920000,15389
4,732,43920000,43920000,1551,2585,43980000,15411
4,733,43980000,43980000,1551,2585,44040000,15433
4,734,44040000,44040000,1551,2585,44100000,15451
4,735,44100000,44100000,1551,2585,44160000,15473
4,736,44160000,44160000,1551,2585,44220000,15495
4,737,44220000,44220000,1551,2585,44280000,15515
4,738,44280000,44280000,1551,2585,44340000,15537
4,739,44340000,44340000,1551,2585,44400000,15558
4,74,4440000,4440000,1551,2585,4500000,1572
4,740,44400000,44400000,1551,2585,44460000,15579
4,741,44460000,44460000,1551,2585,44520000,15599
4,742,44520000,44520000,1551,2585,44580000,15621
4,743,44580000,44580000,1551,2585,44640000,15642
4,744,44640000,44640000,1551,2585,44700000,15662
4,745,44700000,44700000,1551,2585,44760000,15684
4,746,44760000,44760000,1551,2585,44820000,15705
4,747,44820000,44820000,1551,2585,44880000,15726
4,748,44880000,44880000,1551,2585,44940000,15747
4,749,44940000,44940000,1551,2585,45000000,15767
4,75,4500000,4500000,1551,2585,4560000,1594
4,750,45000000,45000000,1551,2585,45060000,15789
4,751,45060000,45060000,1551,2585,45120000,15810
4,752,45120000,45120000,1551,2585,45180000,15831
4,753,45180000,45180000,1551,2585,45240000,15853
4,754,45240000,45240000,1551,2585,45300000,15873
4,755,45300000,45300000,1551,2585,45360000,15893
4,756,45360000,45360000,1551,2585,45420000,15915
4,757,45420000,45420000,1551,2585,45480000,15937
4,758,45480000,45480000,1551,2585,45540000,15957
4,759,45540000,45540000,1551,2585,45600000,15978
4,76,4560000,4560000,1551,2585,4620000,1615
4,760,45600000,45600000,1551,2585,45660000,16000
4,761,45660000,45660000,1551,2585,45720000,16020
4,762,45720000,45720000,1551,2585,45780000,16041
4,763,45780000,45780000,1551,2585,45840000,16063
4,764,45840000,45840000,1551,2585,45900000,16082
4,765,45900000,45900000,1551,2585,45960000,16104
4,766,45960000,45960000,1551,2585,46020000,16126
4,767,46020000,46020000,1551,2585,46080000,16147
4,768,46080000,46080000,1551,2585,46140000,16168
4,769,46140000,46140000,1551,2585,46200000,16188
4,77,4620000,4620000,1551,2585,4680000,1636
4,770,46200000,46200000,1551,2585,46260000,16209
4,771,46260000,46260000,1551,2585,46320000,16230
4,772,46320000,46320000,1551,2585,46380000,16252
4,773,46380000,46380000,1551,2585,46440000,16273
4,774,46440000,46440000,1551,2585,46500000,16294
4,775,46500000,46500000,1551,2585,46560000,16315
4,776,46560000,46560000,1551,2585,46620000,16335
4,777,46620000,46620000,1551,2585,46680000,16357
4,778,46680000,46680000,1551,2585,46740000,16378
4,779,46740000,46740000,1551,2585,46800000,16398
4,78,4680000,4680000,1551,2585,4740000,1657
4,780,46800000,46800000,1551,2585,46860000,16420
4,781,46860000,46860000,1551,2585,46920000,16441
4,782,46920000,46920000,1551,2585,46980000,16462
4,783,46980000,46980000,1551,2585,47040000,16483
4,784,47040000,47040000,1551,2585,47100000,16504
4,785,47100000,47100000,1551,2585,47160000,16524
4,786,47160000,47160000,1551,2585,47220000,16546
4,787,47220000,47220000,1551,2585,47280000,16568
4,788,47280000,47280000,1551,2585,47340000,16588
4,789,47340000,47340000,1551,2585,47400000,16609
4,79,4740000,4740000,1551,2585,4800000,1678
4,790,47400000,47400000,1551,2585,47460000,16630
4,791,47460000,47460000,1551,2585,47520000,16651
4,792,47520000,47520000,1551,2585,47580000,16672
4,793,47580000,47580000,1551,2585,47640000,16694
4,794,47640000,47640000,1551,2585,47700000,16714
4,795,47700000,47700000,1551,2585,47760000,16735
4,796,47760000,47760000,1551,2585,47820000,16757
4,797,47820000,47820000,1551,2585,47880000,16777
4,798,47880000,47880000,1551,2585,47940000,16798
4,799,47940000,47940000,1551,2585,48000000,16819
4,8,480000,480000,1551,2585,540000,185
4,80,4800000,4800000,1551,2585,4860000,1699
4,800,48000000,48000000,1551,2585,48060000,16840
4,801,48060000,48060000,1551,2585,48120000,16862
4,802,48120000,48120000,1551,2585,48180000,16883
4,803,48180000,48180000,1551,2585,48240000,16904
4,804,48240000,48240000,1551,2585,48300000,16924
4,805,48300000,48300000,1551,2585,48360000,16945
4,806,48360000,48360000,1551,2585,48420000,16966
4,807,48420000,48420000,1551,2585,48480000,16988
4,808,48480000,48480000,1551,2585,48540000,17010
4,809,48540000,48540000,1551,2585,48600000,17029
4,81,4860000,4860000,1551,2585,4920000,1720
4,810,48600000,48600000,1551,2585,48660000,17051
4,811,48660000,48660000,1551,2585,48720000,17072
4,812,48720000,48720000,1551,2585,48780000,17092
4,813,48780000,48780000,1551,2585,48840000,17114
4,814,48840000,48840000,1551,2585,48900000,17135
4,815,48900000,48900000,1551,2585,48960000,17155
4,816,48960000,48960000,1551,2585,49020000,17177
4,817,49020000,49020000,1551,2585,49080000,17199
4,818,49080000,49080000,1551,2585,49140000,17219
4,819,49140000,49140000,1551,2585,49200000,17239
4,82,4920000,4920000,1551,2585,4980000,1742
4,820,49200000,49200000,1551,2585,49260000,17261
4,821,49260000,49260000,1551,2585,49320000,17282
4,822,49320000,49320000,1551,2585,49380000,17303
4,823,49380000,49380000,1551,2585,49440000,17325
4,824,49440000,49440000,1551,2585,49500000,17345
4,825,49500000,49500000,1551,2585,49560000,17366
4,826,49560000,49560000,1551,2585,49620000,17387
4,827,49620000,49620000,1551,2585,49680000,17408
4,828,49680000,49680000,1551,2585,49740000,17430
4,829,49740000,49740000,1551,2585,49800000,17450
4,83,4980000,4980000,1551,2585,5040000,1762
4,830,49800000,49800000,1551,2585,49860000,17471
4,831,49860000,49860000,1551,2585,49920000,17493
4,832,49920000,49920000,1551,2585,49980000,17513
4,833,49980000,49980000,1551,2585,50040000,17534
4,834,50040000,50040000,1551,2585,50100000,17555
4,835,50100000,50100000,1551,2585,50160000,17577
4,836,50160000,50160000,1551,2585,50220000,17597
4,837,50220000,50220000,1551,2585,50280000,17619
4,838,50280000,50280000,1551,2585,50340000,17641
4,839,50340000,50340000,1551,2585,50400000,17659
4,84,5040000,5040000,1551,2585,5100000,1782
4,840,50400000,50400000,1551,2585,50460000,17681
4,841,50460000,50460000,1551,2585,50520000,17703
4,842,50520000,50520000,1551,2585,50580000,17724
4,843,50580000,50580000,1551,2585,50640000,17745
4,844,50640000,50640000,1551,2585,50700000,17766
4,845,50700000,50700000,1551,2585,50760000,17787
4,846,50760000,50760000,1551,2585,50820000,17807
4,847,50820000,50820000,1551,2585,50880000,17829
4,848,50880000,50880000,1551,2585,50940000,17850
4,849,50940000,50940000,1551,2585,51000000,17870
4,85,5100000,5100000,1551,2585,5160000,1804
4,850,51000000,51000000,1551,2585,51060000,17892
4,851,51060000,51060000,1551,2585,51120000,17913
4,852,51120000,51120000,1551,2585,51180000,17935
4,853,51180000,51180000,1551,2585,51240000,17955
4,854,51240000,51240000,1551,2585,51300000,17975
4,855,51300000,51300000,1551,2585,51360000,17997
4,856,51360000,51360000,1551,2585,51420000,18018
4,857,51420000,51420000,1551,2585,51480000,18039
4,858,51480000,51480000,1551,2585,51540000,18061
4,859,51540000,51540000,1551,2585,51600000,18082
4,86,5160000,5160000,1551,2585,5220000,1825
4,860,51600000,51600000,1551,2585,51660000,18101
4,861,51660000,51660000,1551,2585,51720000,18123
4,862,51720000,51720000,1551,2585,51780000,18145
4,863,51780000,51780000,1551,2585,51840000,18165
4,864,51840000,51840000,1551,2585,51900000,18186
4,865,51900000,51900000,1551,2585,51960000,18208
4,866,51960000,51960000,1551,2585,52020000,18228
4,867,52020000,52020000,1551,2585,52080000,18249
4,868,52080000,52080000,1551,2585,52140000,18271
4,869,52140000,52140000,1551,2585,52200000,18291
4,87,5220000,5220000,1551,2585,5280000,1847
4,870,52200000,52200000,1551,2585,52260000,18312
4,871,52260000,52260000,1551,2585,52320000,18334
4,872,52320000,52320000,1551,2585,52380000,18355
4,873,52380000,52380000,1551,2585,52440000,18376
4,874,52440000,52440000,1551,2585,52500000,18396
4,875,52500000,52500000,1551,2585,52560000,18417
4,876,52560000,52560000,1551,2585,52620000,18439
4,877,52620000,52620000,1551,2585,52680000,18460
4,878,52680000,52680000,1551,2585,52740000,18481
4,879,52740000,52740000,1551,2585,52800000,18502
4,88,5280000,5280000,1551,2585,5340000,1868
4,880,52800000,52800000,1551,2585,52860000,18523
4,881,52860000,52860000,1551,2585,52920000,18543
4,882,52920000,52920000,1551,2585,52980000,18565
4,883,52980000,52980000,1551,2585,53040000,18586
4,884,53040000,53040000,1551,2585,53100000,18606
4,885,53100000,53100000,1551,2585,53160000,18628
4,886,53160000,53160000,1551,2585,53220000,18650
4,887,53220000,53220000,1551,2585,53280000,18670
4,888,53280000,53280000,1551,2585,53340000,18691
4,889,53340000,53340000,1551,2585,53400000,18712
4,89,5340000,5340000,1551,2585,5400000,1888
4,890,53400000,53400000,1551,2585,53460000,18732
4,891,53460000,53460000,1551,2585,53520000,18754
4,892,53520000,53520000,1551,2585,53580000,18776
4,893,53580000,53580000,1551,2585,53640000,18797
4,894,53640000,53640000,1551,2585,53700000,18817
4,895,53700000,53700000,1551,2585,53760000,18838
4,896,53760000,53760000,1551,2585,53820000,18859
4,897,53820000,53820000,1551,2585,53880000,18880
4,898,53880000,53880000,1551,2585,53940000,18902
4,899,53940000,53940000,1551,2585,54000000,18922
4,9,540000,540000,1551,2585,600000,206
4,90,5400000,5400000,1551,2585,5460000,1909
4,900,54000000,54000000,1551,2585,54060000,18943
4,901,54060000,54060000,1551,2585,54120000,18965
4,902,54120000,54120000,1551,2585,54180000,18985
4,903,54180000,54180000,1551,2585,54240000,19007
4,904,54240000,54240000,1551,2585,54300000,19027
4,905,54300000,54300000,1551,2585,54360000,19048
4,906,54360000,54360000,1551,2585,54420000,19070
4,907,54420000,54420000,1551,2585,54480000,19091
4,908,54480000,54480000,1551,2585,54540000,19112
4,909,54540000,54540000,1551,2585,54600000,19132
4,91,5460000,5460000,1551,2585,5520000,1930
4,910,54600000,54600000,1551,2585,54660000,19154
4,911,54660000,54660000,1551,2585,54720000,19174
4,912,54720000,54720000,1551,2585,54780000,19196
4,913,54780000,54780000,1551,2585,54840000,19218
4,914,54840000,54840000,1551,2585,54900000,19237
4,915,54900000,54900000,1551,2585,54960000,19259
4,916,54960000,54960000,1551,2585,55020000,19280
4,917,55020000,55020000,1551,2585,55080000,19300
4,918,55080000,55080000,1551,2585,55140000,19322
4,919,55140000,55140000,1551,2585,55200000,19343
4,92,5520000,5520000,1551,2585,5580000,1951
4,920,55200000,55200000,1551,2585,55260000,19364
4,921,55260000,55260000,1551,2585,55320000,19385
4,922,55320000,55320000,1551,2585,55380000,19407
4,923,55380000,55380000,1551,2585,55440000,19427
4,924,55440000,55440000,1551,2585,55500000,19447
4,925,55500000,55500000,1551,2585,55560000,19469
4,926,55560000,55560000,1551,2585,55620000,19490
4,927,55620000,55620000,1551,2585,55680000,19512
4,928,55680000,55680000,1551,2585,55740000,19533
4,929,55740000,55740000,1551,2585,55800000,19553
4,93,5580000,5580000,1551,2585,5640000,1973
4,930,55800000,55800000,1551,2585,55860000,19574
4,931,55860000,55860000,1551,2585,55920000,19595
4,932,55920000,55920000,1551,2585,55980000,19616
4,933,55980000,55980000,1551,2585,56040000,19638
4,934,56040000,56040000,1551,2585,56100000,19658
4,935,56100000,56100000,1551,2585,56160000,19679
4,936,56160000,56160000,1551,2585,56220000,19701
4,937,56220000,56220000,1551,2585,56280000,19722
4,938,56280000,56280000,1551,2585,56340000,19742
4,939,56340000,56340000,1551,2585,56400000,19763
4,94,5640000,5640000,1551,2585,5700000,1994
4,940,56400000,56400000,1551,2585,56460000,19785
4,941,56460000,56460000,1551,2585,56520000,19805
4,942,56520000,56520000,1551,2585,56580000,19827
4,943,56580000,56580000,1551,2585,56640000,19849
4,944,56640000,56640000,1551,2585,56700000,19868
4,945,56700000,56700000,1551,2585,56760000,19889
4,946,56760000,56760000,1551,2585,56820000,19911
4,947,56820000,56820000,1551,2585,56880000,19932
4,948,56880000,56880000,1551,2585,56940000,19953
4,949,56940000,56940000,1551,2585,57000000,19974
4,95,5700000,5700000,1551,2585,5760000,2014
4,950,57000000,57000000,1551,2585,57060000,19995
4,951,57060000,57060000,1551,2585,57120000,20015
4,952,57120000,57120000,1551,2585,57180000,20037
4,953,57180000,57180000,1551,2585,57240000,20058
4,954,57240000,57240000,1551,2585,57300000,20079
4,955,57300000,57300000,1551,2585,57360000,20100
4,956,57360000,57360000,1551,2585,57420000,20121
4,957,57420000,57420000,1551,2585,57480000,20143
4,958,57480000,57480000,1551,2585,57540000,20163
4,959,57540000,57540000,1551,2585,57600000,20183
4,96,5760000,5760000,1551,2585,5820000,2036
4,960,57600000,57600000,1551,2585,57660000,20205
4,961,57660000,57660000,1551,2585,57720000,20227
4,962,57720000,57720000,1551,2585,57780000,20247
4,963,57780000,57780000,1551,2585,57840000,20269
4,964,57840000,57840000,1551,2585,57900000,20290
4,965,57900000,57900000,1551,2585,57960000,20309
4,966,57960000,57960000,1551,2585,58020000,20331
4,967,58020000,58020000,1551,2585,58080000,20353
4,968,58080000,58080000,1551,2585,58140000,20373
4,969,58140000,58140000,1551,2585,58200000,20394
4,97,5820000,5820000,1551,2585,5880000,2057
4,970,58200000,58200000,1551,2585,58260000,20416
4,971,58260000,58260000,1551,2585,58320000,20437
4,972,58320000,58320000,1551,2585,58380000,20457
4,973,58380000,58380000,1551,2585,58440000,20479
4,974,58440000,58440000,1551,2585,58500000,20499
4,975,58500000,58500000,1551,2585,58560000,20520
4,976,58560000,58560000,1551,2585,58620000,20542
4,977,58620000,58620000,1551,2585,58680000,20563
4,978,58680000,58680000,1551,2585,58740000,20585
4,979,58740000,58740000,1551,2585,58800000,20604
4,98,5880000,5880000,1551,2585,5940000,2077
4,980,58800000,58800000,1551,2585,58860000,20625
4,981,58860000,58860000,1551,2585,58920000,20647
4,982,58920000,58920000,1551,2585,58980000,20668
4,983,58980000,58980000,1551,2585,59040000,20689
4,984,59040000,59040000,1551,2585,59100000,20710
4,985,59100000,59100000,1551,2585,59160000,20731
4,986,59160000,59160000,1551,2585,59220000,20751
4,987,59220000,59220000,1551,2585,59280000,20773
4,988,59280000,59280000,1551,2585,59340000,20795
4,989,59340000,59340000,1551,2585,59400000,20814
4,99,5940000,5940000,1551,2585,6000000,2098
4,990,59400000,59400000,1551,2585,59460000,20836
4,991,59460000,59460000,1551,2585,59520000,20858
4,992,59520000,59520000,1551,2585,59580000,20878
4,993,59580000,59580000,1551,2585,59640000,20899
4,994,59640000,59640000,1551,2585,59700000,20920
4,995,59700000,59700000,1551,2585,59760000,20941
4,996,59760000,59760000,1551,2585,59820000,20962
4,997,59820000,59820000,1551,2585,59880000,20984
4,998,59880000,59880000,1551,2585,59940000,21005
4,999,59940000,59940000,1551,2585,60000000,21025
5,0,0,0,3511,5851,60000,17
5,1,60000,60000,3511,5851,120000,39
5,10,600000,600000,3511,5851,660000,228
5,100,6000000,6000000,3511,5851,6060000,2121
5,1000,60000000,60000000,3511,5851,60060000,21047
5,1001,60060000,60060000,3511,5851,60120000,21068
5,1002,60120000,60120000,3511,5851,60180000,21089
5,1003,60180000,60180000,3511,5851,60240000,21111
5,1004,60240000,60240000,3511,5851,60300000,21131
5,1005,60300000,60300000,3511,5851,60360000,21153
5,1006,60360000,60360000,3511,5851,60420000,21174
5,1007,60420000,60420000,3511,5851,60480000,21194
5,1008,60480000,60480000,3511,5851,60540000,21216
5,1009,60540000,60540000,3511,5851,60600000,21236
5,101,6060000,6060000,3511,5851,6120000,2141
5,1010,60600000,60600000,3511,5851,60660000,21257
5,1011,60660000,60660000,3511,5851,60720000,21279
5,1012,60720000,60720000,3511,5851,60780000,21301
5,1013,60780000,60780000,3511,5851,60840000,21321
5,1014,60840000,60840000,3511,5851,60900000,21341
5,1015,60900000,60900000,3511,5851,60960000,21363
5,1016,60960000,60960000,3511,5851,61020000,21383
5,1017,61020000,61020000,3511,5851,61080000,21405
5,1018,61080000,61080000,3511,5851,61140000,21427
5,1019,61140000,61140000,3511,5851,61200000,21446
5,102,6120000,6120000,3511,5851,6180000,2163
5,1020,61200000,61200000,3511,5851,61260000,21468
5,1021,61260000,61260000,3511,5851,61320000,21489
5,1022,61320000,61320000,3511,5851,61380000,21510
5,1023,61380000,61380000,3511,5851,61440000,21531
5,1024,61440000,61440000,3511,5851,61500000,21552
5,1025,61500000,61500000,3511,5851,61560000,21573
5,1026,61560000,61560000,3511,5851,61620000,21594
5,1027,61620000,61620000,3511,5851,61680000,21616
5,1028,61680000,61680000,3511,5851,61740000,21636
5,1029,61740000,61740000,3511,5851,61800000,21657
5,103,6180000,6180000,3511,5851,6240000,2185
5,1030,61800000,61800000,3511,5851,61860000,21678
5,1031,61860000,61860000,3511,5851,61920000,21699
5,1032,61920000,61920000,3511,5851,61980000,21721
5,1033,61980000,61980000,3511,5851,62040000,21742
5,1034,62040000,62040000,3511,5851,62100000,21762
5,1035,62100000,62100000,3511,5851,62160000,21783
5,1036,62160000,62160000,3511,5851,62220000,21804
5,1037,62220000,62220000,3511,5851,62280000,21825
5,1038,62280000,62280000,3511,5851,62340000,21847
5,1039,62340000,62340000,3511,5851,62400000,21868
5,104,6240000,6240000,3511,5851,6300000,2204
5,1040,62400000,62400000,3511,5851,62460000,21888
5,1041,62460000,62460000,3511,5851,62520000,21910
5,1042,62520000,62520000,3511,5851,62580000,21931
5,1043,62580000,62580000,3511,5851,62640000,21951
5,1044,62640000,62640000,3511,5851,62700000,21972
5,1045,62700000,62700000,3511,5851,62760000,21994
5,1046,62760000,62760000,3511,5851,62820000,22015
5,1047,62820000,62820000,3511,5851,62880000,22036
5,1048,62880000,62880000,3511,5851,62940000,22058
5,1049,62940000,62940000,3511,5851,63000000,22077
5,105,6300000,6300000,3511,5851,6360000,2225
5,1050,63000000,63000000,3511,5851,63060000,22098
5,1051,63060000,63060000,3511,5851,63120000,22120
5,1052,63120000,63120000,3511,5851,63180000,22141
5,1053,63180000,63180000,3511,5851,63240000,22162
5,1054,63240000,63240000,3511,5851,63300000,22183
5,1055,63300000,63300000,3511,5851,63360000,22204
5,1056,63360000,63360000,3511,5851,63420000,22225
5,1057,63420000,63420000,3511,5851,63480000,22246
5,1058,63480000,63480000,3511,5851,63540000,22267
5,1059,63540000,63540000,3511,5851,63600000,22288
5,106,6360000,6360000,3511,5851,6420000,2247
5,1060,63600000,63600000,3511,5851,63660000,22309
5,1061,63660000,63660000,3511,5851,63720000,22330
5,1062,63720000,63720000,3511,5851,63780000,22352
5,1063,63780000,63780000,3511,5851,63840000,22373
5,1064,63840000,63840000,3511,5851,63900000,22392
5,1065,63900000,63900000,3511,5851,63960000,22414
5,1066,63960000,63960000,3511,5851,64020000,22436
5,1067,64020000,64020000,3511,5851,64080000,22456
5,1068,64080000,64080000,3511,5851,64140000,22478
5,1069,64140000,64140000,3511,5851,64200000,22499
5,107,6420000,6420000,3511,5851,6480000,2268
5,1070,64200000,64200000,3511,5851,64260000,22518
5,1071,64260000,64260000,3511,5851,64320000,22540
5,1072,64320000,64320000,3511,5851,64380000,22562
5,1073,64380000,64380000,3511,5851,64440000,22583
5,1074,64440000,64440000,3511,5851,64500000,22603
5,1075,64500000,64500000,3511,5851,64560000,22625
5,1076,64560000,64560000,3511,5851,64620000,22646
5,1077,64620000,64620000,3511,5851,64680000,22666
5,1078,64680000,64680000,3511,5851,64740000,22688
5,1079,64740000,64740000,3511,5851,64800000,22708
5,108,6480000,6480000,3511,5851,6540000,2289
5,1080,64800000,64800000,3511,5851,64860000,22730
5,1081,64860000,64860000,3511,5851,64920000,22751
5,1082,64920000,64920000,3511,5851,64980000,22772
5,1083,64980000,64980000,3511,5851,65040000,22794
5,1084,65040000,65040000,3511,5851,65100000,22813
5,1085,65100000,65100000,3511,5851,65160000,22834
5,1086,65160000,65160000,3511,5851,65220000,22856
5,1087,65220000,65220000,3511,5851,65280000,22877
5,1088,65280000,65280000,3511,5851,65340000,22898
5,1089,65340000,65340000,3511,5851,65400000,22919
5,109,6540000,6540000,3511,5851,6600000,2310
5,1090,65400000,65400000,3511,5851,65460000,22941
5,1091,65460000,65460000,3511,5851,65520000,22960
5,1092,65520000,65520000,3511,5851,65580000,22982
5,1093,65580000,65580000,3511,5851,65640000,23004
5,1094,65640000,65640000,3511,5851,65700000,23023
5,1095,65700000,65700000,3511,5851,65760000,23045
5,1096,65760000,65760000,3511,5851,65820000,23067
5,1097,65820000,65820000,3511,5851,65880000,23088
5,1098,65880000,65880000,3511,5851,65940000,23108
5,1099,65940000,65940000,3511,5851,66000000,23129
5,11,660000,660000,3511,5851,720000,249
5,110,6600000,6600000,3511,5851,6660000,2331
5,1100,66000000,66000000,3511,5851,66060000,23150
5,1101,66060000,66060000,3511,5851,66120000,23171
5,1102,66120000,66120000,3511,5851,66180000,23193
5,1103,66180000,66180000,3511,5851,66240000,23214
5,1104,66240000,66240000,3511,5851,66300000,23234
5,1105,66300000,66300000,3511,5851,66360000,23255
5,1106,66360000,66360000,3511,5851,66420000,23276
5,1107,66420000,66420000,3511,5851,66480000,23298
5,1108,66480000,66480000,3511,5851,66540000,23319
5,1109,66540000,66540000,3511,5851,66600000,23339
5,111,6660000,6660000,3511,5851,6720000,2352
5,1110,66600000,66600000,3511,5851,66660000,23361
5,1111,66660000,66660000,3511,5851,66720000,23382
5,1112,66720000,66720000,3511,5851,66780000,23402
5,1113,66780000,66780000,3511,5851,66840000,23424
5,1114,66840000,66840000,3511,5851,66900000,23445
5,1115,66900000,66900000,3511,5851,66960000,23465
5,1116,66960000,66960000,3511,5851,67020000,23487
5,1117,67020000,67020000,3511,5851,67080000,23509
5,1118,67080000,67080000,3511,5851,67140000,23529
5,1119,67140000,67140000,3511,5851,67200000,23549
5,112,6720000,6720000,3511,5851,6780000,2373
5,1120,67200000,67200000,3511,5851,67260000,23571
5,1121,67260000,67260000,3511,5851,67320000,23591
5,1122,67320000,67320000,3511,5851,67380000,23613
5,1123,67380000,67380000,3511,5851,67440000,23635
5,1124,67440000,67440000,3511,5851,67500000,23655
5,1125,67500000,67500000,3511,5851,67560000,23676
5,1126,67560000,67560000,3511,5851,67620000,23697
5,1127,67620000,67620000,3511,5851,67680000,23718
5,1128,67680000,67680000,3511,5851,67740000,23739
5,1129,67740000,67740000,3511,5851,67800000,23760
5,113,6780000,6780000,3511,5851,6840000,2394
5,1130,67800000,67800000,3511,5851,67860000,23781
5,1131,67860000,67860000,3511,5851,67920000,23803
5,1132,67920000,67920000,3511,5851,67980000,23824
5,1133,67980000,67980000,3511,5851,68040000,23844
5,1134,68040000,68040000,3511,5851,68100000,23865
5,1135,68100000,68100000,3511,5851,68160000,23886
5,1136,68160000,68160000,3511,5851,68220000,23907
5,1137,68220000,68220000,3511,5851,68280000,23929
5,1138,68280000,68280000,3511,5851,68340000,23950
5,1139,68340000,68340000,3511,5851,68400000,23970
5,114,6840000,6840000,3511,5851,6900000,2415
5,1140,68400000,68400000,3511,5851,68460000,23991
5,1141,68460000,68460000,3511,5851,68520000,24013
5,1142,68520000,68520000,3511,5851,68580000,24033
5,1143,68580000,68580000,3511,5851,68640000,24055
5,1144,68640000,68640000,3511,5851,68700000,24076
5,1145,68700000,68700000,3511,5851,68760000,24096
5,1146,68760000,68760000,3511,5851,68820000,24118
5,1147,68820000,68820000,3511,5851,68880000,24139
5,1148,68880000,68880000,3511,5851,68940000,24160
5,1149,68940000,68940000,3511,5851,69000000,24180
5,115,6900000,6900000,3511,5851,6960000,2436
5,1150,69000000,69000000,3511,5851,69060000,24202
5,1151,69060000,69060000,3511,5851,69120000,24223
5,1152,69120000,69120000,3511,5851,69180000,24244
5,1153,69180000,69180000,3511,5851,69240000,24266
5,1154,69240000,69240000,3511,5851,69300000,24285
5,1155,69300000,69300000,3511,5851,69360000,24306
5,1156,69360000,69360000,3511,5851,69420000,24328
5,1157,69420000,69420000,3511,5851,69480000,24349
5,1158,69480000,69480000,3511,5851,69540000,24371
5,1159,69540000,69540000,3511,5851,69600000,24391
5,116,6960000,6960000,3511,5851,7020000,2457
5,1160,69600000,69600000,3511,5851,69660000,24412
5,1161,69660000,69660000,3511,5851,69720000,24433
5,1162,69720000,69720000,3511,5851,69780000,24454
5,1163,69780000,69780000,3511,5851,69840000,24475
5,1164,69840000,69840000,3511,5851,69900000,24496
5,1165,69900000,69900000,3511,5851,69960000,24518
5,1166,69960000,69960000,3511,5851,70020000,24538
5,1167,70020000,70020000,3511,5851,70080000,24560
5,1168,70080000,70080000,3511,5851,70140000,24581
5,1169,70140000,70140000,3511,5851,70200000,24600
5,117,7020000,7020000,3511,5851,7080000,2479
5,1170,70200000,70200000,3511,5851,70260000,24622
5,1171,70260000,70260000,3511,5851,70320000,24644
5,1172,70320000,70320000,3511,5851,70380000,24664
5,1173,70380000,70380000,3511,5851,70440000,24686
5,1174,70440000,70440000,3511,5851,70500000,24707
5,1175,70500000,70500000,3511,5851,70560000,24727
5,1176,70560000,70560000,3511,5851,70620000,24748
5,1177,70620000,70620000,3511,5851,70680000,24770
5,1178,70680000,70680000,3511,5851,70740000,24791
5,1179,70740000,70740000,3511,5851,70800000,24811
5,118,7080000,7080000,3511,5851,7140000,2499
5,1180,70800000,70800000,3511,5851,70860000,24833
5,1181,70860000,70860000,3511,5851,70920000,24854
5,1182,70920000,70920000,3511,5851,70980000,24875
5,1183,70980000,70980000,3511,5851,71040000,24896
5,1184,71040000,71040000,3511,5851,71100000,24916
5,1185,71100000,71100000,3511,5851,71160000,24938
5,1186,71160000,71160000,3511,5851,71220000,24959
5,1187,71220000,71220000,3511,5851,71280000,24980
5,1188,71280000,71280000,3511,5851,71340000,25002
5,1189,71340000,71340000,3511,5851,71400000,25021
5,119,7140000,7140000,3511,5851,7200000,2519
5,1190,71400000,71400000,3511,5851,71460000,25042
5,1191,71460000,71460000,3511,5851,71520000,25064
5,1192,71520000,71520000,3511,5851,71580000,25086
5,1193,71580000,71580000,3511,5851,71640000,25106
5,1194,71640000,71640000,3511,5851,71700000,25127
5,1195,71700000,71700000,3511,5851,71760000,25149
5,1196,71760000,71760000,3511,5851,71820000,25168
5,1197,71820000,71820000,3511,5851,71880000,25190
5,1198,71880000,71880000,3511,5851,71940000,25212
5,1199,71940000,71940000,3511,5851,72000000,25232
5,12,720000,720000,3511,5851,780000,271
5,120,7200000,7200000,3511,5851,7260000,2541
5,1200,72000000,72000000,3511,5851,72060000,25253
5,1201,72060000,72060000,3511,5851,72120000,25275
5,1202,72120000,72120000,3511,5851,72180000,25296
5,1203,72180000,72180000,3511,5851,72240000,25316
5,1204,72240000,72240000,3511,5851,72300000,25337
5,1205,72300000,72300000,3511,5851,72360000,25358
5,1206,72360000,72360000,3511,5851,72420000,25379
5,1207,72420000,72420000,3511,5851,72480000,25401
5,1208,72480000,72480000,3511,5851,72540000,25422
5,1209,72540000,72540000,3511,5851,72600000,25443
5,121,7260000,7260000,3511,5851,7320000,2563
5,1210,72600000,72600000,3511,5851,72660000,25463
5,1211,72660000,72660000,3511,5851,72720000,25484
5,1212,72720000,72720000,3511,5851,72780000,25506
5,1213,72780000,72780000,3511,5851,72840000,25527
5,1214,72840000,72840000,3511,5851,72900000,25547
5,1215,72900000,72900000,3511,5851,72960000,25569
5,1216,72960000,72960000,3511,5851,73020000,25591
5,1217,73020000,73020000,3511,5851,73080000,25610
5,1218,73080000,73080000,3511,5851,73140000,25632
5,1219,73140000,73140000,3511,5851,73200000,25653
5,122,7320000,7320000,3511,5851,7380000,2583
5,1220,73200000,73200000,3511,5851,73260000,25673
5,1221,73260000,73260000,3511,5851,73320000,25695
5,1222,73320000,73320000,3511,5851,73380000,25717
5,1223,73380000,73380000,3511,5851,73440000,25737
5,1224,73440000,73440000,3511,5851,73500000,25757
5,1225,73500000,73500000,3511,5851,73560000,25779
5,1226,73560000,73560000,3511,5851,73620000,25800
5,1227,73620000,73620000,3511,5851,73680000,25821
5,1228,73680000,73680000,3511,5851,73740000,25843
5,1229,73740000,73740000,3511,5851,73800000,25863
5,123,7380000,7380000,3511,5851,7440000,2605
5,1230,73800000,73800000,3511,5851,73860000,25884
5,1231,73860000,73860000,3511,5851,73920000,25905
5,1232,73920000,73920000,3511,5851,73980000,25926
5,1233,73980000,73980000,3511,5851,74040000,25948
5,1234,74040000,74040000,3511,5851,74100000,25968
5,1235,74100000,74100000,3511,5851,74160000,25989
5,1236,74160000,74160000,3511,5851,74220000,26011
5,1237,74220000,74220000,3511,5851,74280000,26032
5,1238,74280000,74280000,3511,5851,74340000,26052
5,1239,74340000,74340000,3511,5851,74400000,26073
5,124,7440000,7440000,3511,5851,7500000,2626
5,1240,74400000,74400000,3511,5851,74460000,26094
5,1241,74460000,74460000,3511,5851,74520000,26115
5,1242,74520000,74520000,3511,5851,74580000,26137
5,1243,74580000,74580000,3511,5851,74640000,26159
5,1244,74640000,74640000,3511,5851,74700000,26178
5,1245,74700000,74700000,3511,5851,74760000,26199
5,1246,74760000,74760000,3511,5851,74820000,26221
5,1247,74820000,74820000,3511,5851,74880000,26241
5,1248,74880000,74880000,3511,5851,74940000,26263
5,1249,74940000,74940000,3511,5851,75000000,26284
5,125,7500000,7500000,3511,5851,7560000,2645
5,1250,75000000,75000000,3511,5851,75060000,26305
5,1251,75060000,75060000,3511,5851,75120000,26326
5,1252,75120000,75120000,3511,5851,75180000,26347
5,1253,75180000,75180000,3511,5851,75240000,26368
5,1254,75240000,75240000,3511,5851,75300000,26388
5,1255,75300000,75300000,3511,5851,75360000,26410
5,1256,75360000,75360000,3511,5851,75420000,26431
5,1257,75420000,75420000,3511,5851,75480000,26452
5,1258,75480000,75480000,3511,5851,75540000,26474
5,1259,75540000,75540000,3511,5851,75600000,26493
5,126,7560000,7560000,3511,5851,7620000,2667
5,1260,75600000,75600000,3511,5851,75660000,26515
5,1261,75660000,75660000,3511,5851,75720000,26536
5,1262,75720000,75720000,3511,5851,75780000,26557
5,1263,75780000,75780000,3511,5851,75840000,26579
5,1264,75840000,75840000,3511,5851,75900000,26599
5,1265,75900000,75900000,3511,5851,75960000,26620
5,1266,75960000,75960000,3511,5851,76020000,26641
5,1267,76020000,76020000,3511,5851,76080000,26663
5,1268,76080000,76080000,3511,5851,76140000,26683
5,1269,76140000,76140000,3511,5851,76200000,26704
5,127,7620000,7620000,3511,5851,7680000,2689
5,1270,76200000,76200000,3511,5851,76260000,26726
5,1271,76260000,76260000,3511,5851,76320000,26746
5,1272,76320000,76320000,3511,5851,76380000,26768
5,1273,76380000,76380000,3511,5851,76440000,26789
5,1274,76440000,76440000,3511,5851,76500000,26808
5,1275,76500000,76500000,3511,5851,76560000,26830
5,1276,76560000,76560000,3511,5851,76620000,26852
5,1277,76620000,76620000,3511,5851,76680000,26873
5,1278,76680000,76680000,3511,5851,76740000,26894
5,1279,76740000,76740000,3511,5851,76800000,26915
5,128,7680000,7680000,3511,5851,7740000,2710
5,1280,76800000,76800000,3511,5851,76860000,26935
5,1281,76860000,76860000,3511,5851,76920000,26956
5,1282,76920000,76920000,3511,5851,76980000,26978
5,1283,76980000,76980000,3511,5851,77040000,26999
5,1284,77040000,77040000,3511,5851,77100000,27020
5,1285,77100000,77100000,3511,5851,77160000,27041
5,1286,77160000,77160000,3511,5851,77220000,27062
5,1287,77220000,77220000,3511,5851,77280000,27083
5,1288,77280000,77280000,3511,5851,77340000,27104
5,1289,77340000,77340000,3511,5851,77400000,27124
5,129,7740000,7740000,3511,5851,7800000,2730
5,1290,77400000,77400000,3511,5851,77460000,27146
5,1291,77460000,77460000,3511,5851,77520000,27167
5,1292,77520000,77520000,3511,5851,77580000,27188
5,1293,77580000,77580000,3511,5851,77640000,27210
5,1294,77640000,77640000,3511,5851,77700000,27230
5,1295,77700000,77700000,3511,5851,77760000,27250
5,1296,77760000,77760000,3511,5851,77820000,27272
5,1297,77820000,77820000,3511,5851,77880000,27294
5,1298,77880000,77880000,3511,5851,77940000,27314
5,1299,77940000,77940000,3511,5851,78000000,27335
5,13,780000,780000,3511,5851,840000,291
5,130,7800000,7800000,3511,5851,7860000,2752
5,1300,78000000,78000000,3511,5851,78060000,27357
5,1301,78060000,78060000,3511,5851,78120000,27377
5,1302,78120000,78120000,3511,5851,78180000,27398
5,1303,78180000,78180000,3511,5851,78240000,27420
5,1304,78240000,78240000,3511,5851,78300000,27440
5,1305,78300000,78300000,3511,5851,78360000,27461
5,1306,78360000,78360000,3511,5851,78420000,27483
5,1307,78420000,78420000,3511,5851,78480000,27504
5,1308,78480000,78480000,3511,5851,78540000,27524
5,1309,78540000,78540000,3511,5851,78600000,27545
5,131,7860000,7860000,3511,5851,7920000,2773
5,1310,78600000,78600000,3511,5851,78660000,27566
5,1311,78660000,78660000,3511,5851,78720000,27588
5,1312,78720000,78720000,3511,5851,78780000,27609
5,1313,78780000,78780000,3511,5851,78840000,27630
5,1314,78840000,78840000,3511,5851,78900000,27651
5,1315,78900000,78900000,3511,5851,78960000,27671
5,1316,78960000,78960000,3511,5851,79020000,27692
5,1317,79020000,79020000,3511,5851,79080000,27714
5,1318,79080000,79080000,3511,5851,79140000,27736
5,1319,79140000,79140000,3511,5851,79200000,27755
5,132,7920000,7920000,3511,5851,7980000,2793
5,1320,79200000,79200000,3511,5851,79260000,27777
5,1321,79260000,79260000,3511,5851,79320000,27799
5,1322,79320000,79320000,3511,5851,79380000,27818
5,1323,79380000,79380000,3511,5851,79440000,27840
5,1324,79440000,79440000,3511,5851,79500000,27861
5,1325,79500000,79500000,3511,5851,79560000,27881
5,1326,79560000,79560000,3511,5851,79620000,27903
5,1327,79620000,79620000,3511,5851,79680000,27925
5,1328,79680000,79680000,3511,5851,79740000,27946
5,1329,79740000,79740000,3511,5851,79800000,27965
5,133,7980000,7980000,3511,5851,8040000,2815
5,1330,79800000,79800000,3511,5851,79860000,27987
5,1331,79860000,79860000,3511,5851,79920000,28008
5,1332,79920000,79920000,3511,5851,79980000,28029
5,1333,79980000,79980000,3511,5851,80040000,28051
5,1334,80040000,80040000,3511,5851,80100000,28071
5,1335,80100000,80100000,3511,5851,80160000,28093
5,1336,80160000,80160000,3511,5851,80220000,28113
5,1337,80220000,80220000,3511,5851,80280000,28134
5,1338,80280000,80280000,3511,5851,80340000,28156
5,1339,80340000,80340000,3511,5851,80400000,28176
5,134,8040000,8040000,3511,5851,8100000,2835
5,1340,80400000,80400000,3511,5851,80460000,28197
5,1341,80460000,80460000,3511,5851,80520000,28219
5,1342,80520000,80520000,3511,5851,80580000,28240
5,1343,80580000,80580000,3511,5851,80640000,28260
5,1344,80640000,80640000,3511,5851,80700000,28281
5,1345,80700000,80700000,3511,5851,80760000,28303
5,1346,80760000,80760000,3511,5851,80820000,28323
5,1347,80820000,80820000,3511,5851,80880000,28345
5,1348,80880000,80880000,3511,5851,80940000,28367
5,1349,80940000,80940000,3511,5851,81000000,28386
5,135,8100000,8100000,3511,5851,8160000,2856
5,1350,81000000,81000000,3511,5851,81060000,28407
5,1351,81060000,81060000,3511,5851,81120000,28429
5,1352,81120000,81120000,3511,5851,81180000,28450
5,1353,81180000,81180000,3511,5851,81240000,28471
5,1354,81240000,81240000,3511,5851,81300000,28492
5,1355,81300000,81300000,3511,5851,81360000,28513
5,1356,81360000,81360000,3511,5851,81420000,28534
5,1357,81420000,81420000,3511,5851,81480000,28555
5,1358,81480000,81480000,3511,5851,81540000,28576
5,1359,81540000,81540000,3511,5851,81600000,28596
5,136,8160000,8160000,3511,5851,8220000,2878
5,1360,81600000,81600000,3511,5851,81660000,28618
5,1361,81660000,81660000,3511,5851,81720000,28639
5,1362,81720000,81720000,3511,5851,81780000,28661
5,1363,81780000,81780000,3511,5851,81840000,28682
5,1364,81840000,81840000,3511,5851,81900000,28701
5,1365,81900000,81900000,3511,5851,81960000,28723
5,1366,81960000,81960000,3511,5851,82020000,28744
5,1367,82020000,82020000,3511,5851,82080000,28765
5,1368,82080000,82080000,3511,5851,82140000,28787
5,1369,82140000,82140000,3511,5851,82200000,28808
5,137,8220000,8220000,3511,5851,8280000,2899
5,1370,82200000,82200000,3511,5851,82260000,28828
5,1371,82260000,82260000,3511,5851,82320000,28849
5,1372,82320000,82320000,3511,5851,82380000,28871
5,1373,82380000,82380000,3511,5851,82440000,28891
5,1374,82440000,82440000,3511,5851,82500000,28912
5,1375,82500000,82500000,3511,5851,82560000,28934
5,1376,82560000,82560000,3511,5851,82620000,28954
5,1377,82620000,82620000,3511,5851,82680000,28976
5,1378,82680000,82680000,3511,5851,82740000,28997
5,1379,82740000,82740000,3511,5851,82800000,29017
5,138,8280000,8280000,3511,5851,8340000,2921
5,1380,82800000,82800000,3511,5851,82860000,29038
5,1381,82860000,82860000,3511,5851,82920000,29060
5,1382,82920000,82920000,3511,5851,82980000,29081
5,1383,82980000,82980000,3511,5851,83040000,29102
5,1384,83040000,83040000,3511,5851,83100000,29123
5,1385,83100000,83100000,3511,5851,83160000,29143
5,1386,83160000,83160000,3511,5851,83220000,29165
5,1387,83220000,83220000,3511,5851,83280000,29186
5,1388,83280000,83280000,3511,5851,83340000,29207
5,1389,83340000,83340000,3511,5851,83400000,29228
5,139,8340000,8340000,3511,5851,8400000,2940
5,1390,83400000,83400000,3511,5851,83460000,29249
5,1391,83460000,83460000,3511,5851,83520000,29270
5,1392,83520000,83520000,3511,5851,83580000,29291
5,1393,83580000,83580000,3511,5851,83640000,29312
5,1394,83640000,83640000,3511,5851,83700000,29332
5,1395,83700000,83700000,3511,5851,83760000,29354
5,1396,83760000,83760000,3511,5851,83820000,29376
5,1397,83820000,83820000,3511,5851,83880000,29396
5,1398,83880000,83880000,3511,5851,83940000,29418
5,1399,83940000,83940000,3511,5851,84000000,29438
5,14,840000,840000,3511,5851,900000,311
5,140,8400000,8400000,3511,5851,8460000,2961
5,1400,84000000,84000000,3511,5851,84060000,29458
5,1401,84060000,84060000,3511,5851,84120000,29480
5,1402,84120000,84120000,3511,5851,84180000,29502
5,1403,84180000,84180000,3511,5851,84240000,29523
5,1404,84240000,84240000,3511,5851,84300000,29543
5,1405,84300000,84300000,3511,5851,84360000,29565
5,1406,84360000,84360000,3511,5851,84420000,29585
5,1407,84420000,84420000,3511,5851,84480000,29606
5,1408,84480000,84480000,3511,5851,84540000,29628
5,1409,84540000,84540000,3511,5851,84600000,29648
5,141,8460000,8460000,3511,5851,8520000,2983
5,1410,84600000,84600000,3511,5851,84660000,29669
5,1411,84660000,84660000,3511,5851,84720000,29691
5,1412,84720000,84720000,3511,5851,84780000,29712
5,1413,84780000,84780000,3511,5851,84840000,29733
5,1414,84840000,84840000,3511,5851,84900000,29753
5,1415,84900000,84900000,3511,5851,84960000,29774
5,1416,84960000,84960000,3511,5851,85020000,29796
5,1417,85020000,85020000,3511,5851,85080000,29817
5,1418,85080000,85080000,3511,5851,85140000,29838
5,1419,85140000,85140000,3511,5851,85200000,29859
5,142,8520000,8520000,3511,5851,8580000,3004
5,1420,85200000,85200000,3511,5851,85260000,29880
5,1421,85260000,85260000,3511,5851,85320000,29900
5,1422,85320000,85320000,3511,5851,85380000,29922
5,1423,85380000,85380000,3511,5851,85440000,29944
5,1424,85440000,85440000,3511,5851,85500000,29963
5,1425,85500000,85500000,3511,5851,85560000,29985
5,1426,85560000,85560000,3511,5851,85620000,30007
5,1427,85620000,85620000,3511,5851,85680000,30026
5,1428,85680000,85680000,3511,5851,85740000,30048
5,1429,85740000,85740000,3511,5851,85800000,30069
5,143,8580000,8580000,3511,5851,8640000,3025
5,1430,85800000,85800000,3511,5851,85860000,30090
5,1431,85860000,85860000,3511,5851,85920000,30111
5,1432,85920000,85920000,3511,5851,85980000,30133
5,1433,85980000,85980000,3511,5851,86040000,30154
5,1434,86040000,86040000,3511,5851,86100000,30173
5,1435,86100000,86100000,3511,5851,86160000,30195
5,1436,86160000,86160000,3511,5851,86220000,30216
5,1437,86220000,86220000,3511,5851,86280000,30238
5,1438,86280000,86280000,3511,5851,86340000,30259
5,1439,86340000,86340000,3511,5851,86400000,30279
5,144,8640000,8640000,3511,5851,8700000,3046
5,1440,86400000,86400000,3511,5851,86460000,30301
5,1441,86460000,86460000,3511,5851,86520000,30321
5,1442,86520000,86520000,3511,5851,86580000,30342
5,1443,86580000,86580000,3511,5851,86640000,30364
5,1444,86640000,86640000,3511,5851,86700000,30384
5,1445,86700000,86700000,3511,5851,86760000,30405
5,1446,86760000,86760000,3511,5851,86820000,30427
5,1447,86820000,86820000,3511,5851,86880000,30449
5,1448,86880000,86880000,3511,5851,86940000,30468
5,1449,86940000,86940000,3511,5851,87000000,30489
5,145,8700000,8700000,3511,5851,8760000,3068
5,1450,87000000,87000000,3511,5851,87060000,30511
5,1451,87060000,87060000,3511,5851,87120000,30531
5,1452,87120000,87120000,3511,5851,87180000,30553
5,1453,87180000,87180000,3511,5851,87240000,30575
5,1454,87240000,87240000,3511,5851,87300000,30595
5,1455,87300000,87300000,3511,5851,87360000,30615
5,1456,87360000,87360000,3511,5851,87420000,30637
5,1457,87420000,87420000,3511,5851,87480000,30658
5,1458,87480000,87480000,3511,5851,87540000,30679
5,1459,87540000,87540000,3511,5851,87600000,30700
5,146,8760000,8760000,3511,5851,8820000,3087
5,1460,87600000,87600000,3511,5851,87660000,30721
5,1461,87660000,87660000,3511,5851,87720000,30742
5,1462,87720000,87720000,3511,5851,87780000,30763
5,1463,87780000,87780000,3511,5851,87840000,30784
5,1464,87840000,87840000,3511,5851,87900000,30805
5,1465,87900000,87900000,3511,5851,87960000,30826
5,1466,87960000,87960000,3511,5851,88020000,30847
5,1467,88020000,88020000,3511,5851,88080000,30869
5,1468,88080000,88080000,3511,5851,88140000,30890
5,1469,88140000,88140000,3511,5851,88200000,30909
5,147,8820000,8820000,3511,5851,8880000,3109
5,1470,88200000,88200000,3511,5851,88260000,30931
5,1471,88260000,88260000,3511,5851,88320000,30953
5,1472,88320000,88320000,3511,5851,88380000,30973
5,1473,88380000,88380000,3511,5851,88440000,30995
5,1474,88440000,88440000,3511,5851,88500000,31016
5,1475,88500000,88500000,3511,5851,88560000,31036
5,1476,88560000,88560000,3511,5851,88620000,31057
5,1477,88620000,88620000,3511,5851,88680000,31079
5,1478,88680000,88680000,3511,5851,88740000,31099
5,1479,88740000,88740000,3511,5851,88800000,31120
5,148,8880000,8880000,3511,5851,8940000,3131
5,1480,88800000,88800000,3511,5851,88860000,31142
5,1481,88860000,88860000,3511,5851,88920000,31163
5,1482,88920000,88920000,3511,5851,88980000,31184
5,1483,88980000,88980000,3511,5851,89040000,31205
5,1484,89040000,89040000,3511,5851,89100000,31225
5,1485,89100000,89100000,3511,5851,89160000,31246
5,1486,89160000,89160000,3511,5851,89220000,31268
5,1487,89220000,89220000,3511,5851,89280000,31289
5,1488,89280000,89280000,3511,5851,89340000,31311
5,1489,89340000,89340000,3511,5851,89400000,31331
5,149,8940000,8940000,3511,5851,9000000,3150
5,1490,89400000,89400000,3511,5851,89460000,31351
5,1491,89460000,89460000,3511,5851,89520000,31373
5,1492,89520000,89520000,3511,5851,89580000,31394
5,1493,89580000,89580000,3511,5851,89640000,31415
5,1494,89640000,89640000,3511,5851,89700000,31436
5,1495,89700000,89700000,3511,5851,89760000,31457
5,1496,89760000,89760000,3511,5851,89820000,31478
5,1497,89820000,89820000,3511,5851,89880000,31499
5,1498,89880000,89880000,3511,5851,89940000,31521
5,1499,89940000,89940000,3511,5851,90000000,31540
5,15,900000,900000,3511,5851,960000,333
5,150,9000000,9000000,3511,5851,9060000,3172
5,1500,90000000,90000000,3511,5851,90060000,31562
5,1501,90060000,90060000,3511,5851,90120000,31584
5,1502,90120000,90120000,3511,5851,90180000,31604
5,1503,90180000,90180000,3511,5851,90240000,31626
5,1504,90240000,90240000,3511,5851,90300000,31646
5,1505,90300000,90300000,3511,5851,90360000,31667
5,1506,90360000,90360000,3511,5851,90420000,31688
5,1507,90420000,90420000,3511,5851,90480000,31710
5,1508,90480000,90480000,3511,5851,90540000,31731
5,1509,90540000,90540000,3511,5851,90600000,31751
5,151,9060000,9060000,3511,5851,9120000,3194
5,1510,90600000,90600000,3511,5851,90660000,31773
5,1511,90660000,90660000,3511,5851,90720000,31793
5,1512,90720000,90720000,3511,5851,90780000,31814
5,1513,90780000,90780000,3511,5851,90840000,31836
5,1514,90840000,90840000,3511,5851,90900000,31856
5,1515,90900000,90900000,3511,5851,90960000,31878
5,1516,90960000,90960000,3511,5851,91020000,31899
5,1517,91020000,91020000,3511,5851,91080000,31920
5,1518,91080000,91080000,3511,5851,91140000,31941
5,1519,91140000,91140000,3511,5851,91200000,31961
5,152,9120000,9120000,3511,5851,9180000,3214
5,1520,91200000,91200000,3511,5851,91260000,31982
5,1521,91260000,91260000,3511,5851,91320000,32004
5,1522,91320000,91320000,3511,5851,91380000,32026
5,1523,91380000,91380000,3511,5851,91440000,32046
5,1524,91440000,91440000,3511,5851,91500000,32067
5,1525,91500000,91500000,3511,5851,91560000,32088
5,1526,91560000,91560000,3511,5851,91620000,32108
5,1527,91620000,91620000,3511,5851,91680000,32130
5,1528,91680000,91680000,3511,5851,91740000,32152
5,1529,91740000,91740000,3511,5851,91800000,32171
5,153,9180000,9180000,3511,5851,9240000,3235
5,1530,91800000,91800000,3511,5851,91860000,32193
5,1531,91860000,91860000,3511,5851,91920000,32215
5,1532,91920000,91920000,3511,5851,91980000,32235
5,1533,91980000,91980000,3511,5851,92040000,32256
5,1534,92040000,92040000,3511,5851,92100000,32277
5,1535,92100000,92100000,3511,5851,92160000,32298
5,1536,92160000,92160000,3511,5851,92220000,32319
5,1537,92220000,92220000,3511,5851,92280000,32341
5,1538,92280000,92280000,3511,5851,92340000,32362
5,1539,92340000,92340000,3511,5851,92400000,32382
5,154,9240000,9240000,3511,5851,9300000,3256
5,1540,92400000,92400000,3511,5851,92460000,32403
5,1541,92460000,92460000,3511,5851,92520000,32424
5,1542,92520000,92520000,3511,5851,92580000,32446
5,1543,92580000,92580000,3511,5851,92640000,32467
5,1544,92640000,92640000,3511,5851,92700000,32487
5,1545,92700000,92700000,3511,5851,92760000,32509
5,1546,92760000,92760000,3511,5851,92820000,32529
5,1547,92820000,92820000,3511,5851,92880000,32550
5,1548,92880000,92880000,3511,5851,92940000,32572
5,1549,92940000,92940000,3511,5851,93000000,32593
5,155,9300000,9300000,3511,5851,9360000,3277
5,1550,93000000,93000000,3511,5851,93060000,32613
5,1551,93060000,93060000,3511,5851,93120000,32635
5,1552,93120000,93120000,3511,5851,93180000,32657
5,1553,93180000,93180000,3511,5851,93240000,32676
5,1554,93240000,93240000,3511,5851,93300000,32697
5,1555,93300000,93300000,3511,5851,93360000,32719
5,1556,93360000,93360000,3511,5851,93420000,32740
5,1557,93420000,93420000,3511,5851,93480000,32761
5,1558,93480000,93480000,3511,5851,93540000,32783
5,1559,93540000,93540000,3511,5851,93600000,32803
5,156,9360000,9360000,3511,5851,9420000,3298
5,1560,93600000,93600000,3511,5851,93660000,32823
5,1561,93660000,93660000,3511,5851,93720000,32845
5,1562,93720000,93720000,3511,5851,93780000,32866
5,1563,93780000,93780000,3511,5851,93840000,32887
5,1564,93840000,93840000,3511,5851,93900000,32908
5,1565,93900000,93900000,3511,5851,93960000,32929
5,1566,93960000,93960000,3511,5851,94020000,32951
5,1567,94020000,94020000,3511,5851,94080000,32971
5,1568,94080000,94080000,3511,5851,94140000,32992
5,1569,94140000,94140000,3511,5851,94200000,33013
5,157,9420000,9420000,3511,5851,9480000,3320
5,1570,94200000,94200000,3511,5851,94260000,33034
5,1571,94260000,94260000,3511,5851,94320000,33055
5,1572,94320000,94320000,3511,5851,94380000,33077
5,1573,94380000,94380000,3511,5851,94440000,33099
5,1574,94440000,94440000,3511,5851,94500000,33117
5,1575,94500000,94500000,3511,5851,94560000,33139
5,1576,94560000,94560000,3511,5851,94620000,33161
5,1577,94620000,94620000,3511,5851,94680000,33181
5,1578,94680000,94680000,3511,5851,94740000,33203
5,1579,94740000,94740000,3511,5851,94800000,33224
5,158,9480000,9480000,3511,5851,9540000,3341
5,1580,94800000,94800000,3511,5851,94860000,33244
5,1581,94860000,94860000,3511,5851,94920000,33265
5,1582,94920000,94920000,3511,5851,94980000,33287
5,1583,94980000,94980000,3511,5851,95040000,33308
5,1584,95040000,95040000,3511,5851,95100000,33328
5,1585,95100000,95100000,3511,5851,95160000,33350
5,1586,95160000,95160000,3511,5851,95220000,33371
5,1587,95220000,95220000,3511,5851,95280000,33392
5,1588,95280000,95280000,3511,5851,95340000,33413
5,1589,95340000,95340000,3511,5851,95400000,33433
5,159,9540000,9540000,3511,5851,9600000,3361
5,1590,95400000,95400000,3511,5851,95460000,33455
5,1591,95460000,95460000,3511,5851,95520000,33476
5,1592,95520000,95520000,3511,5851,95580000,33497
5,1593,95580000,95580000,3511,5851,95640000,33519
5,1594,95640000,95640000,3511,5851,95700000,33539
5,1595,95700000,95700000,3511,5851,95760000,33559
5,1596,95760000,95760000,3511,5851,95820000,33581
5,1597,95820000,95820000,3511,5851,95880000,33602
5,1598,95880000,95880000,3511,5851,95940000,33623
5,1599,95940000,95940000,3511,5851,96000000,33644
5,16,960000,960000,3511,5851,1020000,354
5,160,9600000,9600000,3511,5851,9660000,3382
5,1600,96000000,96000000,3511,5851,96060000,33666
5,1601,96060000,96060000,3511,5851,96120000,33686
5,1602,96120000,96120000,3511,5851,96180000,33707
5,1603,96180000,96180000,3511,5851,96240000,33729
5,1604,96240000,96240000,3511,5851,96300000,33748
5,1605,96300000,96300000,3511,5851,96360000,33770
5,1606,96360000,96360000,3511,5851,96420000,33792
5,1607,96420000,96420000,3511,5851,96480000,33813
5,1608,96480000,96480000,3511,5851,96540000,33834
5,1609,96540000,96540000,3511,5851,96600000,33854
5,161,9660000,9660000,3511,5851,9720000,3403
5,1610,96600000,96600000,3511,5851,96660000,33875
5,1611,96660000,96660000,3511,5851,96720000,33896
5,1612,96720000,96720000,3511,5851,96780000,33918
5,1613,96780000,96780000,3511,5851,96840000,33939
5,1614,96840000,96840000,3511,5851,96900000,33959
5,1615,96900000,96900000,3511,5851,96960000,33981
5,1616,96960000,96960000,3511,5851,97020000,34001
5,1617,97020000,97020000,3511,5851,97080000,34023
5,1618,97080000,97080000,3511,5851,97140000,34044
5,1619,97140000,97140000,3511,5851,97200000,34064
5,162,9720000,9720000,3511,5851,9780000,3425
5,1620,97200000,97200000,3511,5851,97260000,34086
5,1621,97260000,97260000,3511,5851,97320000,34107
5,1622,97320000,97320000,3511,5851,97380000,34128
5,1623,97380000,97380000,3511,5851,97440000,34149
5,1624,97440000,97440000,3511,5851,97500000,34170
5,1625,97500000,97500000,3511,5851,97560000,34190
5,1626,97560000,97560000,3511,5851,97620000,34212
5,1627,97620000,97620000,3511,5851,97680000,34234
5,1628,97680000,97680000,3511,5851,97740000,34254
5,1629,97740000,97740000,3511,5851,97800000,34275
5,163,9780000,9780000,3511,5851,9840000,3446
5,1630,97800000,97800000,3511,5851,97860000,34296
5,1631,97860000,97860000,3511,5851,97920000,34316
5,1632,97920000,97920000,3511,5851,97980000,34338
5,1633,97980000,97980000,3511,5851,98040000,34360
5,1634,98040000,98040000,3511,5851,98100000,34380
5,1635,98100000,98100000,3511,5851,98160000,34401
5,1636,98160000,98160000,3511,5851,98220000,34423
5,1637,98220000,98220000,3511,5851,98280000,34443
5,1638,98280000,98280000,3511,5851,98340000,34464
5,1639,98340000,98340000,3511,5851,98400000,34485
5,164,9840000,9840000,3511,5851,9900000,3466
5,1640,98400000,98400000,3511,5851,98460000,34506
5,1641,98460000,98460000,3511,5851,98520000,34528
5,1642,98520000,98520000,3511,5851,98580000,34549
5,1643,98580000,98580000,3511,5851,98640000,34570
5,1644,98640000,98640000,3511,5851,98700000,34590
5,1645,98700000,98700000,3511,5851,98760000,34611
5,1646,98760000,98760000,3511,5851,98820000,34632
5,1647,98820000,98820000,3511,5851,98880000,34654
5,1648,98880000,98880000,3511,5851,98940000,34675
5,1649,98940000,98940000,3511,5851,99000000,34695
5,165,9900000,9900000,3511,5851,9960000,3488
5,1650,99000000,99000000,3511,5851,99060000,34717
5,1651,99060000,99060000,3511,5851,99120000,34738
5,1652,99120000,99120000,3511,5851,99180000,34758
5,1653,99180000,99180000,3511,5851,99240000,34780
5,1654,99240000,99240000,3511,5851,99300000,34801
5,1655,99300000,99300000,3511,5851,99360000,34821
5,1656,99360000,99360000,3511,5851,99420000,34843
5,1657,99420000,99420000,3511,5851,99480000,34865
5,1658,99480000,99480000,3511,5851,99540000,34885
5,1659,99540000,99540000,3511,5851,99600000,34905
5,166,9960000,9960000,3511,5851,10020000,3509
5,1660,99600000,99600000,3511,5851,99660000,34927
5,1661,99660000,99660000,3511,5851,99720000,34948
5,1662,99720000,99720000,3511,5851,99780000,34969
5,1663,99780000,99780000,3511,5851,99840000,34991
5,1664,99840000,99840000,3511,5851,99900000,35011
5,1665,99900000,99900000,3511,5851,99960000,35031
5,1666,99960000,99960000,3511,5851,100020000,35053
5,1667,100020000,100020000,3511,5851,100080000,35074
5,1668,100080000,100080000,3511,5851,100140000,35096
5,1669,100140000,100140000,3511,5851,100200000,35116
5,167,10020000,10020000,3511,5851,10080000,3529
5,1670,100200000,100200000,3511,5851,100260000,35137
5,1671,100260000,100260000,3511,5851,100320000,35159
5,1672,100320000,100320000,3511,5851,100380000,35179
5,1673,100380000,100380000,3511,5851,100440000,35200
5,1674,100440000,100440000,3511,5851,100500000,35221
5,1675,100500000,100500000,3511,5851,100560000,35243
5,1676,100560000,100560000,3511,5851,100620000,35263
5,1677,100620000,100620000,3511,5851,100680000,35285
5,1678,100680000,100680000,3511,5851,100740000,35307
5,1679,100740000,100740000,3511,5851,100800000,35325
5,168,10080000,10080000,3511,5851,10140000,3551
5,1680,100800000,100800000,3511,5851,100860000,35347
5,1681,100860000,100860000,3511,5851,100920000,35369
5,1682,100920000,100920000,3511,5851,100980000,35389
5,1683,100980000,100980000,3511,5851,101040000,35411
5,1684,101040000,101040000,3511,5851,101100000,35432
5,1685,101100000,101100000,3511,5851,101160000,35453
5,1686,101160000,101160000,3511,5851,101220000,35473
5,1687,101220000,101220000,3511,5851,101280000,35495
5,1688,101280000,101280000,3511,5851,101340000,35516
5,1689,101340000,101340000,3511,5851,101400000,35536
5,169,10140000,10140000,3511,5851,10200000,3571
5,1690,101400000,101400000,3511,5851,101460000,35558
5,1691,101460000,101460000,3511,5851,101520000,35579
5,1692,101520000,101520000,3511,5851,101580000,35601
5,1693,101580000,101580000,3511,5851,101640000,35621
5,1694,101640000,101640000,3511,5851,101700000,35641
5,1695,101700000,101700000,3511,5851,101760000,35663
5,1696,101760000,101760000,3511,5851,101820000,35684
5,1697,101820000,101820000,3511,5851,101880000,35705
5,1698,101880000,101880000,3511,5851,101940000,35727
5,1699,101940000,101940000,3511,5851,102000000,35747
5,17,1020000,1020000,3511,5851,1080000,375
5,170,10200000,10200000,3511,5851,10260000,3592
5,1700,102000000,102000000,3511,5851,102060000,35767
5,1701,102060000,102060000,3511,5851,102120000,35789
5,1702,102120000,102120000,3511,5851,102180000,35811
5,1703,102180000,102180000,3511,5851,102240000,35831
5,1704,102240000,102240000,3511,5851,102300000,35852
5,1705,102300000,102300000,3511,5851,102360000,35874
5,1706,102360000,102360000,3511,5851,102420000,35894
5,1707,102420000,102420000,3511,5851,102480000,35915
5,1708,102480000,102480000,3511,5851,102540000,35937
5,1709,102540000,102540000,3511,5851,102600000,35957
5,171,10260000,10260000,3511,5851,10320000,3614
5,1710,102600000,102600000,3511,5851,102660000,35978
5,1711,102660000,102660000,3511,5851,102720000,36000
5,1712,102720000,102720000,3511,5851,102780000,36021
5,1713,102780000,102780000,3511,5851,102840000,36042
5,1714,102840000,102840000,3511,5851,102900000,36062
5,1715,102900000,102900000,3511,5851,102960000,36083
5,1716,102960000,102960000,3511,5851,103020000,36104
5,1717,103020000,103020000,3511,5851,103080000,36126
5,1718,103080000,103080000,3511,5851,103140000,36147
5,1719,103140000,103140000,3511,5851,103200000,36168
5,172,10320000,10320000,3511,5851,10380000,3636
5,1720,103200000,103200000,3511,5851,103260000,36189
5,1721,103260000,103260000,3511,5851,103320000,36209
5,1722,103320000,103320000,3511,5851,103380000,36231
5,1723,103380000,103380000,3511,5851,103440000,36252
5,1724,103440000,103440000,3511,5851,103500000,36272
5,1725,103500000,103500000,3511,5851,103560000,36294
5,1726,103560000,103560000,3511,5851,103620000,36316
5,1727,103620000,103620000,3511,5851,103680000,36336
5,1728,103680000,103680000,3511,5851,103740000,36357
5,1729,103740000,103740000,3511,5851,103800000,36378
5,173,10380000,10380000,3511,5851,10440000,3656
5,1730,103800000,103800000,3511,5851,103860000,36398
5,1731,103860000,103860000,3511,5851,103920000,36420
5,1732,103920000,103920000,3511,5851,103980000,36442
5,1733,103980000,103980000,3511,5851,104040000,36462
5,1734,104040000,104040000,3511,5851,104100000,36483
5,1735,104100000,104100000,3511,5851,104160000,36504
5,1736,104160000,104160000,3511,5851,104220000,36525
5,1737,104220000,104220000,3511,5851,104280000,36546
5,1738,104280000,104280000,3511,5851,104340000,36568
5,1739,104340000,104340000,3511,5851,104400000,36588
5,174,10440000,10440000,3511,5851,10500000,3676
5,1740,104400000,104400000,3511,5851,104460000,36609
5,1741,104460000,104460000,3511,5851,104520000,36631
5,1742,104520000,104520000,3511,5851,104580000,36651
5,1743,104580000,104580000,3511,5851,104640000,36673
5,1744,104640000,104640000,3511,5851,104700000,36693
5,1745,104700000,104700000,3511,5851,104760000,36714
5,1746,104760000,104760000,3511,5851,104820000,36736
5,1747,104820000,104820000,3511,5851,104880000,36757
5,1748,104880000,104880000,3511,5851,104940000,36778
5,1749,104940000,104940000,3511,5851,105000000,36798
5,175,10500000,10500000,3511,5851,10560000,3698
5,1750,105000000,105000000,3511,5851,105060000,36819
5,1751,105060000,105060000,3511,5851,105120000,36840
5,1752,105120000,105120000,3511,5851,105180000,36862
5,1753,105180000,105180000,3511,5851,105240000,36884
5,1754,105240000,105240000,3511,5851,105300000,36903
5,1755,105300000,105300000,3511,5851,105360000,36925
5,1756,105360000,105360000,3511,5851,105420000,36946
5,1757,105420000,105420000,3511,5851,105480000,36966
5,1758,105480000,105480000,3511,5851,105540000,36988
5,1759,105540000,105540000,3511,5851,105600000,37009
5,176,10560000,10560000,3511,5851,10620000,3718
5,1760,105600000,105600000,3511,5851,105660000,37030
5,1761,105660000,105660000,3511,5851,105720000,37051
5,1762,105720000,105720000,3511,5851,105780000,37073
5,1763,105780000,105780000,3511,5851,105840000,37093
5,1764,105840000,105840000,3511,5851,105900000,37113
5,1765,105900000,105900000,3511,5851,105960000,37135
5,1766,105960000,105960000,3511,5851,106020000,37156
5,1767,106020000,106020000,3511,5851,106080000,37177
5,1768,106080000,106080000,3511,5851,106140000,37199
5,1769,106140000,106140000,3511,5851,106200000,37219
5,177,10620000,10620000,3511,5851,10680000,3740
5,1770,106200000,106200000,3511,5851,106260000,37240
5,1771,106260000,106260000,3511,5851,106320000,37261
5,1772,106320000,106320000,3511,5851,106380000,37282
5,1773,106380000,106380000,3511,5851,106440000,37304
5,1774,106440000,106440000,3511,5851,106500000,37324
5,1775,106500000,106500000,3511,5851,106560000,37345
5,1776,106560000,106560000,3511,5851,106620000,37367
5,1777,106620000,106620000,3511,5851,106680000,37388
5,1778,106680000,106680000,3511,5851,106740000,37408
5,1779,106740000,106740000,3511,5851,106800000,37429
5,178,10680000,10680000,3511,5851,10740000,3762
5,1780,106800000,106800000,3511,5851,106860000,37451
5,1781,106860000,106860000,3511,5851,106920000,37471
5,1782,106920000,106920000,3511,5851,106980000,37493
5,1783,106980000,106980000,3511,5851,107040000,37515
5,1784,107040000,107040000,3511,5851,107100000,37533
5,179,10740000,10740000,3511,5851,10800000,3782
5,18,1080000,1080000,3511,5851,1140000,397
5,180,10800000,10800000,3511,5851,10860000,3803
5,181,10860000,10860000,3511,5851,10920000,3824
5,182,10920000,10920000,3511,5851,10980000,3845
5,183,10980000,10980000,3511,5851,11040000,3866
5,184,11040000,11040000,3511,5851,11100000,3887
5,185,11100000,11100000,3511,5851,11160000,3908
5,186,11160000,11160000,3511,5851,11220000,3929
5,187,11220000,11220000,3511,5851,11280000,3951
5,188,11280000,11280000,3511,5851,11340000,3971
5,189,11340000,11340000,3511,5851,11400000,3992
5,19,1140000,1140000,3511,5851,1200000,418
5,190,11400000,11400000,3511,5851,11460000,4013
5,191,11460000,11460000,3511,5851,11520000,4034
5,192,11520000,11520000,3511,5851,11580000,4056
5,193,11580000,11580000,3511,5851,11640000,4077
5,194,11640000,11640000,3511,5851,11700000,4097
5,195,11700000,11700000,3511,5851,11760000,4118
5,196,11760000,11760000,3511,5851,11820000,4140
5,197,11820000,11820000,3511,5851,11880000,4160
5,198,11880000,11880000,3511,5851,11940000,4182
5,199,11940000,11940000,3511,5851,12000000,4203
5,2,120000,120000,3511,5851,180000,60
5,20,1200000,1200000,3511,5851,1260000,437
5,200,12000000,12000000,3511,5851,12060000,4223
5,201,12060000,12060000,3511,5851,12120000,4245
5,202,12120000,12120000,3511,5851,12180000,4266
5,203,12180000,12180000,3511,5851,12240000,4286
5,204,12240000,12240000,3511,5851,12300000,4307
5,205,12300000,12300000,3511,5851,12360000,4329
5,206,12360000,12360000,3511,5851,12420000,4350
5,207,12420000,12420000,3511,5851,12480000,4371
5,208,12480000,12480000,3511,5851,12540000,4393
5,209,12540000,12540000,3511,5851,12600000,4412
5,21,1260000,1260000,3511,5851,1320000,459
5,210,12600000,12600000,3511,5851,12660000,4433
5,211,12660000,12660000,3511,5851,12720000,4455
5,212,12720000,12720000,3511,5851,12780000,4476
5,213,12780000,12780000,3511,5851,12840000,4498
5,214,12840000,12840000,3511,5851,12900000,4518
5,215,12900000,12900000,3511,5851,12960000,4539
5,216,12960000,12960000,3511,5851,13020000,4560
5,217,13020000,13020000,3511,5851,13080000,4581
5,218,13080000,13080000,3511,5851,13140000,4602
5,219,13140000,13140000,3511,5851,13200000,4623
5,22,1320000,1320000,3511,5851,1380000,481
5,220,13200000,13200000,3511,5851,13260000,4644
5,221,13260000,13260000,3511,5851,13320000,4665
5,222,13320000,13320000,3511,5851,13380000,4687
5,223,13380000,13380000,3511,5851,13440000,4708
5,224,13440000,13440000,3511,5851,13500000,4727
5,225,13500000,13500000,3511,5851,13560000,4749
5,226,13560000,13560000,3511,5851,13620000,4771
5,227,13620000,13620000,3511,5851,13680000,4791
5,228,13680000,13680000,3511,5851,13740000,4813
5,229,13740000,13740000,3511,5851,13800000,4834
5,23,1380000,1380000,3511,5851,1440000,501
5,230,13800000,13800000,3511,5851,13860000,4854
5,231,13860000,13860000,3511,5851,13920000,4875
5,232,13920000,13920000,3511,5851,13980000,4897
5,233,13980000,13980000,3511,5851,14040000,4918
5,234,14040000,14040000,3511,5851,14100000,4938
5,235,14100000,14100000,3511,5851,14160000,4960
5,236,14160000,14160000,3511,5851,14220000,4981
5,237,14220000,14220000,3511,5851,14280000,5001
5,238,14280000,14280000,3511,5851,14340000,5023
5,239,14340000,14340000,3511,5851,14400000,5043
5,24,1440000,1440000,3511,5851,1500000,522
5,240,14400000,14400000,3511,5851,14460000,5065
5,241,14460000,14460000,3511,5851,14520000,5086
5,242,14520000,14520000,3511,5851,14580000,5107
5,243,14580000,14580000,3511,5851,14640000,5129
5,244,14640000,14640000,3511,5851,14700000,5148
5,245,14700000,14700000,3511,5851,14760000,5169
5,246,14760000,14760000,3511,5851,14820000,5191
5,247,14820000,14820000,3511,5851,14880000,5213
5,248,14880000,14880000,3511,5851,14940000,5233
5,249,14940000,14940000,3511,5851,15000000,5254
5,25,1500000,1500000,3511,5851,1560000,544
5,250,15000000,15000000,3511,5851,15060000,5276
5,251,15060000,15060000,3511,5851,15120000,5295
5,252,15120000,15120000,3511,5851,15180000,5317
5,253,15180000,15180000,3511,5851,15240000,5339
5,254,15240000,15240000,3511,5851,15300000,5358
5,255,15300000,15300000,3511,5851,15360000,5380
5,256,15360000,15360000,3511,5851,15420000,5402
5,257,15420000,15420000,3511,5851,15480000,5423
5,258,15480000,15480000,3511,5851,15540000,5443
5,259,15540000,15540000,3511,5851,15600000,5464
5,26,1560000,1560000,3511,5851,1620000,565
5,260,15600000,15600000,3511,5851,15660000,5485
5,261,15660000,15660000,3511,5851,15720000,5506
5,262,15720000,15720000,3511,5851,15780000,5528
5,263,15780000,15780000,3511,5851,15840000,5549
5,264,15840000,15840000,3511,5851,15900000,5570
5,265,15900000,15900000,3511,5851,15960000,5590
5,266,15960000,15960000,3511,5851,16020000,5611
5,267,16020000,16020000,3511,5851,16080000,5633
5,268,16080000,16080000,3511,5851,16140000,5654
5,269,16140000,16140000,3511,5851,16200000,5674
5,27,1620000,1620000,3511,5851,1680000,585
5,270,16200000,16200000,3511,5851,16260000,5696
5,271,16260000,16260000,3511,5851,16320000,5717
5,272,16320000,16320000,3511,5851,16380000,5737
5,273,16380000,16380000,3511,5851,16440000,5759
5,274,16440000,16440000,3511,5851,16500000,5780
5,275,16500000,16500000,3511,5851,16560000,5800
5,276,16560000,16560000,3511,5851,16620000,5822
5,277,16620000,16620000,3511,5851,16680000,5844
5,278,16680000,16680000,3511,5851,16740000,5864
5,279,16740000,16740000,3511,5851,16800000,5884
5,28,1680000,1680000,3511,5851,1740000,607
5,280,16800000,16800000,3511,5851,16860000,5906
5,281,16860000,16860000,3511,5851,16920000,5927
5,282,16920000,16920000,3511,5851,16980000,5948
5,283,16980000,16980000,3511,5851,17040000,5970
5,284,17040000,17040000,3511,5851,17100000,5990
5,285,17100000,17100000,3511,5851,17160000,6011
5,286,17160000,17160000,3511,5851,17220000,6032
5,287,17220000,17220000,3511,5851,17280000,6053
5,288,17280000,17280000,3511,5851,17340000,6074
5,289,17340000,17340000,3511,5851,17400000,6095
5,29,1740000,1740000,3511,5851,1800000,627
5,290,17400000,17400000,3511,5851,17460000,6116
5,291,17460000,17460000,3511,5851,17520000,6138
5,292,17520000,17520000,3511,5851,17580000,6159
5,293,17580000,17580000,3511,5851,17640000,6179
5,294,17640000,17640000,3511,5851,17700000,6200
5,295,17700000,17700000,3511,5851,17760000,6221
5,296,17760000,17760000,3511,5851,17820000,6242
5,297,17820000,17820000,3511,5851,17880000,6264
5,298,17880000,17880000,3511,5851,17940000,6286
5,299,17940000,17940000,3511,5851,18000000,6305
5,3,180000,180000,3511,5851,240000,81
5,30,1800000,1800000,3511,5851,1860000,648
5,300,18000000,18000000,3511,5851,18060000,6326
5,301,18060000,18060000,3511,5851,18120000,6348
5,302,18120000,18120000,3511,5851,18180000,6368
5,303,18180000,18180000,3511,5851,18240000,6390
5,304,18240000,18240000,3511,5851,18300000,6411
5,305,18300000,18300000,3511,5851,18360000,6431
5,306,18360000,18360000,3511,5851,18420000,6453
5,307,18420000,18420000,3511,5851,18480000,6474
5,308,18480000,18480000,3511,5851,18540000,6495
5,309,18540000,18540000,3511,5851,18600000,6515
5,31,1860000,1860000,3511,5851,1920000,670
5,310,18600000,18600000,3511,5851,18660000,6537
5,311,18660000,18660000,3511,5851,18720000,6558
5,312,18720000,18720000,3511,5851,18780000,6579
5,313,18780000,18780000,3511,5851,18840000,6601
5,314,18840000,18840000,3511,5851,18900000,6620
5,315,18900000,18900000,3511,5851,18960000,6642
5,316,18960000,18960000,3511,5851,19020000,6663
5,317,19020000,19020000,3511,5851,19080000,6684
5,318,19080000,19080000,3511,5851,19140000,6706
5,319,19140000,19140000,3511,5851,19200000,6726
5,32,1920000,1920000,3511,5851,1980000,691
5,320,19200000,19200000,3511,5851,19260000,6747
5,321,19260000,19260000,3511,5851,19320000,6768
5,322,19320000,19320000,3511,5851,19380000,6789
5,323,19380000,19380000,3511,5851,19440000,6810
5,324,19440000,19440000,3511,5851,19500000,6831
5,325,19500000,19500000,3511,5851,19560000,6853
5,326,19560000,19560000,3511,5851,19620000,6873
5,327,19620000,19620000,3511,5851,19680000,6895
5,328,19680000,19680000,3511,5851,19740000,6916
5,329,19740000,19740000,3511,5851,19800000,6935
5,33,1980000,1980000,3511,5851,2040000,712
5,330,19800000,19800000,3511,5851,19860000,6957
5,331,19860000,19860000,3511,5851,19920000,6979
5,332,19920000,19920000,3511,5851,19980000,7000
5,333,19980000,19980000,3511,5851,20040000,7021
5,334,20040000,20040000,3511,5851,20100000,7042
5,335,20100000,20100000,3511,5851,20160000,7062
5,336,20160000,20160000,3511,5851,20220000,7083
5,337,20220000,20220000,3511,5851,20280000,7105
5,338,20280000,20280000,3511,5851,20340000,7126
5,339,20340000,20340000,3511,5851,20400000,7146
5,34,2040000,2040000,3511,5851,2100000,732
5,340,20400000,20400000,3511,5851,20460000,7168
5,341,20460000,20460000,3511,5851,20520000,7189
5,342,20520000,20520000,3511,5851,20580000,7210
5,343,20580000,20580000,3511,5851,20640000,7231
5,344,20640000,20640000,3511,5851,20700000,7251
5,345,20700000,20700000,3511,5851,20760000,7273
5,346,20760000,20760000,3511,5851,20820000,7294
5,347,20820000,20820000,3511,5851,20880000,7315
5,348,20880000,20880000,3511,5851,20940000,7337
5,349,20940000,20940000,3511,5851,21000000,7357
5,35,2100000,2100000,3511,5851,2160000,753
5,350,21000000,21000000,3511,5851,21060000,7377
5,351,21060000,21060000,3511,5851,21120000,7399
5,352,21120000,21120000,3511,5851,21180000,7421
5,353,21180000,21180000,3511,5851,21240000,7441
5,354,21240000,21240000,3511,5851,21300000,7462
5,355,21300000,21300000,3511,5851,21360000,7484
5,356,21360000,21360000,3511,5851,21420000,7503
5,357,21420000,21420000,3511,5851,21480000,7525
5,358,21480000,21480000,3511,5851,21540000,7547
5,359,21540000,21540000,3511,5851,21600000,7567
5,36,2160000,2160000,3511,5851,2220000,775
5,360,21600000,21600000,3511,5851,21660000,7588
5,361,21660000,21660000,3511,5851,21720000,7610
5,362,21720000,21720000,3511,5851,21780000,7631
5,363,21780000,21780000,3511,5851,21840000,7651
5,364,21840000,21840000,3511,5851,21900000,7672
5,365,21900000,21900000,3511,5851,21960000,7693
5,366,21960000,21960000,3511,5851,22020000,7715
5,367,22020000,22020000,3511,5851,22080000,7736
5,368,22080000,22080000,3511,5851,22140000,7757
5,369,22140000,22140000,3511,5851,22200000,7778
5,37,2220000,2220000,3511,5851,2280000,796
5,370,22200000,22200000,3511,5851,22260000,7798
5,371,22260000,22260000,3511,5851,22320000,7819
5,372,22320000,22320000,3511,5851,22380000,7841
5,373,22380000,22380000,3511,5851,22440000,7862
5,374,22440000,22440000,3511,5851,22500000,7882
5,375,22500000,22500000,3511,5851,22560000,7904
5,376,22560000,22560000,3511,5851,22620000,7926
5,377,22620000,22620000,3511,5851,22680000,7945
5,378,22680000,22680000,3511,5851,22740000,7967
5,379,22740000,22740000,3511,5851,22800000,7988
5,38,2280000,2280000,3511,5851,2340000,817
5,380,22800000,22800000,3511,5851,22860000,8008
5,381,22860000,22860000,3511,5851,22920000,8030
5,382,22920000,22920000,3511,5851,22980000,8052
5,383,22980000,22980000,3511,5851,23040000,8073
5,384,23040000,23040000,3511,5851,23100000,8092
5,385,23100000,23100000,3511,5851,23160000,8114
5,386,23160000,23160000,3511,5851,23220000,8135
5,387,23220000,23220000,3511,5851,23280000,8156
5,388,23280000,23280000,3511,5851,23340000,8178
5,389,23340000,23340000,3511,5851,23400000,8198
5,39,2340000,2340000,3511,5851,2400000,838
5,390,23400000,23400000,3511,5851,23460000,8219
5,391,23460000,23460000,3511,5851,23520000,8240
5,392,23520000,23520000,3511,5851,23580000,8261
5,393,23580000,23580000,3511,5851,23640000,8283
5,394,23640000,23640000,3511,5851,23700000,8303
5,395,23700000,23700000,3511,5851,23760000,8324
5,396,23760000,23760000,3511,5851,23820000,8346
5,397,23820000,23820000,3511,5851,23880000,8367
5,398,23880000,23880000,3511,5851,23940000,8387
5,399,23940000,23940000,3511,5851,24000000,8408
5,4,240000,240000,3511,5851,300000,102
5,40,2400000,2400000,3511,5851,2460000,859
5,400,24000000,24000000,3511,5851,24060000,8430
5,401,24060000,24060000,3511,5851,24120000,8450
5,402,24120000,24120000,3511,5851,24180000,8472
5,403,24180000,24180000,3511,5851,24240000,8494
5,404,24240000,24240000,3511,5851,24300000,8513
5,405,24300000,24300000,3511,5851,24360000,8534
5,406,24360000,24360000,3511,5851,24420000,8556
5,407,24420000,24420000,3511,5851,24480000,8576
5,408,24480000,24480000,3511,5851,24540000,8598
5,409,24540000,24540000,3511,5851,24600000,8619
5,41,2460000,2460000,3511,5851,2520000,879
5,410,24600000,24600000,3511,5851,24660000,8640
5,411,24660000,24660000,3511,5851,24720000,8661
5,412,24720000,24720000,3511,5851,24780000,8682
5,413,24780000,24780000,3511,5851,24840000,8703
5,414,24840000,24840000,3511,5851,24900000,8723
5,415,24900000,24900000,3511,5851,24960000,8745
5,416,24960000,24960000,3511,5851,25020000,8766
5,417,25020000,25020000,3511,5851,25080000,8788
5,418,25080000,25080000,3511,5851,25140000,8809
5,419,25140000,25140000,3511,5851,25200000,8828
5,42,2520000,2520000,3511,5851,2580000,901
5,420,25200000,25200000,3511,5851,25260000,8850
5,421,25260000,25260000,3511,5851,25320000,8871
5,422,25320000,25320000,3511,5851,25380000,8892
5,423,25380000,25380000,3511,5851,25440000,8914
5,424,25440000,25440000,3511,5851,25500000,8934
5,425,25500000,25500000,3511,5851,25560000,8955
5,426,25560000,25560000,3511,5851,25620000,8976
5,427,25620000,25620000,3511,5851,25680000,8998
5,428,25680000,25680000,3511,5851,25740000,9018
5,429,25740000,25740000,3511,5851,25800000,9039
5,43,2580000,2580000,3511,5851,2640000,923
5,430,25800000,25800000,3511,5851,25860000,9061
5,431,25860000,25860000,3511,5851,25920000,9081
5,432,25920000,25920000,3511,5851,25980000,9103
5,433,25980000,25980000,3511,5851,26040000,9124
5,434,26040000,26040000,3511,5851,26100000,9144
5,435,26100000,26100000,3511,5851,26160000,9165
5,436,26160000,26160000,3511,5851,26220000,9187
5,437,26220000,26220000,3511,5851,26280000,9208
5,438,26280000,26280000,3511,5851,26340000,9229
5,439,26340000,26340000,3511,5851,26400000,9250
5,44,2640000,2640000,3511,5851,2700000,942
5,440,26400000,26400000,3511,5851,26460000,9270
5,441,26460000,26460000,3511,5851,26520000,9291
5,442,26520000,26520000,3511,5851,26580000,9313
5,443,26580000,26580000,3511,5851,26640000,9334
5,444,26640000,26640000,3511,5851,26700000,9355
5,445,26700000,26700000,3511,5851,26760000,9376
5,446,26760000,26760000,3511,5851,26820000,9397
5,447,26820000,26820000,3511,5851,26880000,9418
5,448,26880000,26880000,3511,5851,26940000,9439
5,449,26940000,26940000,3511,5851,27000000,9459
5,45,2700000,2700000,3511,5851,2760000,964
5,450,27000000,27000000,3511,5851,27060000,9481
5,451,27060000,27060000,3511,5851,27120000,9503
5,452,27120000,27120000,3511,5851,27180000,9523
5,453,27180000,27180000,3511,5851,27240000,9545
5,454,27240000,27240000,3511,5851,27300000,9565
5,455,27300000,27300000,3511,5851,27360000,9585
5,456,27360000,27360000,3511,5851,27420000,9607
5,457,27420000,27420000,3511,5851,27480000,9629
5,458,27480000,27480000,3511,5851,27540000,9649
5,459,27540000,27540000,3511,5851,27600000,9670
5,46,2760000,2760000,3511,5851,2820000,986
5,460,27600000,27600000,3511,5851,27660000,9692
5,461,27660000,27660000,3511,5851,27720000,9712
5,462,27720000,27720000,3511,5851,27780000,9733
5,463,27780000,27780000,3511,5851,27840000,9755
5,464,27840000,27840000,3511,5851,27900000,9775
5,465,27900000,27900000,3511,5851,27960000,9796
5,466,27960000,27960000,3511,5851,28020000,9818
5,467,28020000,28020000,3511,5851,28080000,9839
5,468,28080000,28080000,3511,5851,28140000,9860
5,469,28140000,28140000,3511,5851,28200000,9880
5,47,2820000,2820000,3511,5851,2880000,1006
5,470,28200000,28200000,3511,5851,28260000,9901
5,471,28260000,28260000,3511,5851,28320000,9923
5,472,28320000,28320000,3511,5851,28380000,9944
5,473,28380000,28380000,3511,5851,28440000,9965
5,474,28440000,28440000,3511,5851,28500000,9986
5,475,28500000,28500000,3511,5851,28560000,10006
5,476,28560000,28560000,3511,5851,28620000,10027
5,477,28620000,28620000,3511,5851,28680000,10049
5,478,28680000,28680000,3511,5851,28740000,10071
5,479,28740000,28740000,3511,5851,28800000,10090
5,48,2880000,2880000,3511,5851,2940000,1027
5,480,28800000,28800000,3511,5851,28860000,10112
5,481,28860000,28860000,3511,5851,28920000,10134
5,482,28920000,28920000,3511,5851,28980000,10153
5,483,28980000,28980000,3511,5851,29040000,10175
5,484,29040000,29040000,3511,5851,29100000,10196
5,485,29100000,29100000,3511,5851,29160000,10217
5,486,29160000,29160000,3511,5851,29220000,10238
5,487,29220000,29220000,3511,5851,29280000,10260
5,488,29280000,29280000,3511,5851,29340000,10281
5,489,29340000,29340000,3511,5851,29400000,10300
5,49,2940000,2940000,3511,5851,3000000,1048
5,490,29400000,29400000,3511,5851,29460000,10322
5,491,29460000,29460000,3511,5851,29520000,10343
5,492,29520000,29520000,3511,5851,29580000,10364
5,493,29580000,29580000,3511,5851,29640000,10386
5,494,29640000,29640000,3511,5851,29700000,10406
5,495,29700000,29700000,3511,5851,29760000,10428
5,496,29760000,29760000,3511,5851,29820000,10448
5,497,29820000,29820000,3511,5851,29880000,10469
5,498,29880000,29880000,3511,5851,29940000,10491
5,499,29940000,29940000,3511,5851,30000000,10511
5,5,300000,300000,3511,5851,360000,123
5,50,3000000,3000000,3511,5851,3060000,1068
5,500,30000000,30000000,3511,5851,30060000,10532
5,501,30060000,30060000,3511,5851,30120000,10554
5,502,30120000,30120000,3511,5851,30180000,10576
5,503,30180000,30180000,3511,5851,30240000,10595
5,504,30240000,30240000,3511,5851,30300000,10616
5,505,30300000,30300000,3511,5851,30360000,10638
5,506,30360000,30360000,3511,5851,30420000,10658
5,507,30420000,30420000,3511,5851,30480000,10680
5,508,30480000,30480000,3511,5851,30540000,10702
5,509,30540000,30540000,3511,5851,30600000,10721
5,51,3060000,3060000,3511,5851,3120000,1090
5,510,30600000,30600000,3511,5851,30660000,10742
5,511,30660000,30660000,3511,5851,30720000,10764
5,512,30720000,30720000,3511,5851,30780000,10785
5,513,30780000,30780000,3511,5851,30840000,10806
5,514,30840000,30840000,3511,5851,30900000,10827
5,515,30900000,30900000,3511,5851,30960000,10848
5,516,30960000,30960000,3511,5851,31020000,10869
5,517,31020000,31020000,3511,5851,31080000,10890
5,518,31080000,31080000,3511,5851,31140000,10911
5,519,31140000,31140000,3511,5851,31200000,10932
5,52,3120000,3120000,3511,5851,3180000,1112
5,520,31200000,31200000,3511,5851,31260000,10953
5,521,31260000,31260000,3511,5851,31320000,10974
5,522,31320000,31320000,3511,5851,31380000,10996
5,523,31380000,31380000,3511,5851,31440000,11017
5,524,31440000,31440000,3511,5851,31500000,11036
5,525,31500000,31500000,3511,5851,31560000,11058
5,526,31560000,31560000,3511,5851,31620000,11079
5,527,31620000,31620000,3511,5851,31680000,11100
5,528,31680000,31680000,3511,5851,31740000,11122
5,529,31740000,31740000,3511,5851,31800000,11143
5,53,3180000,3180000,3511,5851,3240000,1133
5,530,31800000,31800000,3511,5851,31860000,11163
5,531,31860000,31860000,3511,5851,31920000,11184
5,532,31920000,31920000,3511,5851,31980000,11206
5,533,31980000,31980000,3511,5851,32040000,11226
5,534,32040000,32040000,3511,5851,32100000,11247
5,535,32100000,32100000,3511,5851,32160000,11269
5,536,32160000,32160000,3511,5851,32220000,11290
5,537,32220000,32220000,3511,5851,32280000,11311
5,538,32280000,32280000,3511,5851,32340000,11332
5,539,32340000,32340000,3511,5851,32400000,11352
5,54,3240000,3240000,3511,5851,3300000,1153
5,540,32400000,32400000,3511,5851,32460000,11373
5,541,32460000,32460000,3511,5851,32520000,11395
5,542,32520000,32520000,3511,5851,32580000,11416
5,543,32580000,32580000,3511,5851,32640000,11437
5,544,32640000,32640000,3511,5851,32700000,11458
5,545,32700000,32700000,3511,5851,32760000,11478
5,546,32760000,32760000,3511,5851,32820000,11500
5,547,32820000,32820000,3511,5851,32880000,11521
5,548,32880000,32880000,3511,5851,32940000,11542
5,549,32940000,32940000,3511,5851,33000000,11563
5,55,3300000,3300000,3511,5851,3360000,1174
5,550,33000000,33000000,3511,5851,33060000,11584
5,551,33060000,33060000,3511,5851,33120000,11605
5,552,33120000,33120000,3511,5851,33180000,11626
5,553,33180000,33180000,3511,5851,33240000,11648
5,554,33240000,33240000,3511,5851,33300000,11667
5,555,33300000,33300000,3511,5851,33360000,11689
5,556,33360000,33360000,3511,5851,33420000,11711
5,557,33420000,33420000,3511,5851,33480000,11731
5,558,33480000,33480000,3511,5851,33540000,11753
5,559,33540000,33540000,3511,5851,33600000,11773
5,56,3360000,3360000,3511,5851,3420000,1195
5,560,33600000,33600000,3511,5851,33660000,11793
5,561,33660000,33660000,3511,5851,33720000,11815
5,562,33720000,33720000,3511,5851,33780000,11837
5,563,33780000,33780000,3511,5851,33840000,11858
5,564,33840000,33840000,3511,5851,33900000,11878
5,565,33900000,33900000,3511,5851,33960000,11900
5,566,33960000,33960000,3511,5851,34020000,11920
5,567,34020000,34020000,3511,5851,34080000,11941
5,568,34080000,34080000,3511,5851,34140000,11963
5,569,34140000,34140000,3511,5851,34200000,11983
5,57,3420000,3420000,3511,5851,3480000,1216
5,570,34200000,34200000,3511,5851,34260000,12005
5,571,34260000,34260000,3511,5851,34320000,12026
5,572,34320000,34320000,3511,5851,34380000,12047
5,573,34380000,34380000,3511,5851,34440000,12068
5,574,34440000,34440000,3511,5851,34500000,12088
5,575,34500000,34500000,3511,5851,34560000,12109
5,576,34560000,34560000,3511,5851,34620000,12131
5,577,34620000,34620000,3511,5851,34680000,12152
5,578,34680000,34680000,3511,5851,34740000,12173
5,579,34740000,34740000,3511,5851,34800000,12194
5,58,3480000,3480000,3511,5851,3540000,1238
5,580,34800000,34800000,3511,5851,34860000,12215
5,581,34860000,34860000,3511,5851,34920000,12235
5,582,34920000,34920000,3511,5851,34980000,12257
5,583,34980000,34980000,3511,5851,35040000,12279
5,584,35040000,35040000,3511,5851,35100000,12298
5,585,35100000,35100000,3511,5851,35160000,12320
5,586,35160000,35160000,3511,5851,35220000,12342
5,587,35220000,35220000,3511,5851,35280000,12362
5,588,35280000,35280000,3511,5851,35340000,12383
5,589,35340000,35340000,3511,5851,35400000,12404
5,59,3540000,3540000,3511,5851,3600000,1258
5,590,35400000,35400000,3511,5851,35460000,12425
5,591,35460000,35460000,3511,5851,35520000,12446
5,592,35520000,35520000,3511,5851,35580000,12468
5,593,35580000,35580000,3511,5851,35640000,12489
5,594,35640000,35640000,3511,5851,35700000,12508
5,595,35700000,35700000,3511,5851,35760000,12530
5,596,35760000,35760000,3511,5851,35820000,12551
5,597,35820000,35820000,3511,5851,35880000,12573
5,598,35880000,35880000,3511,5851,35940000,12594
5,599,35940000,35940000,3511,5851,36000000,12614
5,6,360000,360000,3511,5851,420000,143
5,60,3600000,3600000,3511,5851,3660000,1280
5,600,36000000,36000000,3511,5851,36060000,12636
5,601,36060000,36060000,3511,5851,36120000,12656
5,602,36120000,36120000,3511,5851,36180000,12677
5,603,36180000,36180000,3511,5851,36240000,12699
5,604,36240000,36240000,3511,5851,36300000,12720
5,605,36300000,36300000,3511,5851,36360000,12740
5,606,36360000,36360000,3511,5851,36420000,12762
5,607,36420000,36420000,3511,5851,36480000,12784
5,608,36480000,36480000,3511,5851,36540000,12803
5,609,36540000,36540000,3511,5851,36600000,12824
5,61,3660000,3660000,3511,5851,3720000,1301
5,610,36600000,36600000,3511,5851,36660000,12846
5,611,36660000,36660000,3511,5851,36720000,12866
5,612,36720000,36720000,3511,5851,36780000,12888
5,613,36780000,36780000,3511,5851,36840000,12910
5,614,36840000,36840000,3511,5851,36900000,12930
5,615,36900000,36900000,3511,5851,36960000,12950
5,616,36960000,36960000,3511,5851,37020000,12972
5,617,37020000,37020000,3511,5851,37080000,12993
5,618,37080000,37080000,3511,5851,37140000,13014
5,619,37140000,37140000,3511,5851,37200000,13035
5,62,3720000,3720000,3511,5851,3780000,1321
5,620,37200000,37200000,3511,5851,37260000,13056
5,621,37260000,37260000,3511,5851,37320000,13078
5,622,37320000,37320000,3511,5851,37380000,13098
5,623,37380000,37380000,3511,5851,37440000,13119
5,624,37440000,37440000,3511,5851,37500000,13140
5,625,37500000,37500000,3511,5851,37560000,13161
5,626,37560000,37560000,3511,5851,37620000,13182
5,627,37620000,37620000,3511,5851,37680000,13204
5,628,37680000,37680000,3511,5851,37740000,13225
5,629,37740000,37740000,3511,5851,37800000,13244
5,63,3780000,3780000,3511,5851,3840000,1343
5,630,37800000,37800000,3511,5851,37860000,13266
5,631,37860000,37860000,3511,5851,37920000,13288
5,632,37920000,37920000,3511,5851,37980000,13308
5,633,37980000,37980000,3511,5851,38040000,13330
5,634,38040000,38040000,3511,5851,38100000,13351
5,635,38100000,38100000,3511,5851,38160000,13371
5,636,38160000,38160000,3511,5851,38220000,13392
5,637,38220000,38220000,3511,5851,38280000,13414
5,638,38280000,38280000,3511,5851,38340000,13435
5,639,38340000,38340000,3511,5851,38400000,13455
5,64,3840000,3840000,3511,5851,3900000,1363
5,640,38400000,38400000,3511,5851,38460000,13477
5,641,38460000,38460000,3511,5851,38520000,13498
5,642,38520000,38520000,3511,5851,38580000,13519
5,643,38580000,38580000,3511,5851,38640000,13540
5,644,38640000,38640000,3511,5851,38700000,13560
5,645,38700000,38700000,3511,5851,38760000,13581
5,646,38760000,38760000,3511,5851,38820000,13603
5,647,38820000,38820000,3511,5851,38880000,13624
5,648,38880000,38880000,3511,5851,38940000,13646
5,649,38940000,38940000,3511,5851,39000000,13666
5,65,3900000,3900000,3511,5851,3960000,1384
5,650,39000000,39000000,3511,5851,39060000,13686
5,651,39060000,39060000,3511,5851,39120000,13708
5,652,39120000,39120000,3511,5851,39180000,13729
5,653,39180000,39180000,3511,5851,39240000,13750
5,654,39240000,39240000,3511,5851,39300000,13771
5,655,39300000,39300000,3511,5851,39360000,13793
5,656,39360000,39360000,3511,5851,39420000,13813
5,657,39420000,39420000,3511,5851,39480000,13834
5,658,39480000,39480000,3511,5851,39540000,13856
5,659,39540000,39540000,3511,5851,39600000,13875
5,66,3960000,3960000,3511,5851,4020000,1406
5,660,39600000,39600000,3511,5851,39660000,13897
5,661,39660000,39660000,3511,5851,39720000,13919
5,662,39720000,39720000,3511,5851,39780000,13939
5,663,39780000,39780000,3511,5851,39840000,13961
5,664,39840000,39840000,3511,5851,39900000,13981
5,665,39900000,39900000,3511,5851,39960000,14002
5,666,39960000,39960000,3511,5851,40020000,14023
5,667,40020000,40020000,3511,5851,40080000,14045
5,668,40080000,40080000,3511,5851,40140000,14066
5,669,40140000,40140000,3511,5851,40200000,14086
5,67,4020000,4020000,3511,5851,4080000,1427
5,670,40200000,40200000,3511,5851,40260000,14108
5,671,40260000,40260000,3511,5851,40320000,14128
5,672,40320000,40320000,3511,5851,40380000,14150
5,673,40380000,40380000,3511,5851,40440000,14171
5,674,40440000,40440000,3511,5851,40500000,14191
5,675,40500000,40500000,3511,5851,40560000,14213
5,676,40560000,40560000,3511,5851,40620000,14234
5,677,40620000,40620000,3511,5851,40680000,14255
5,678,40680000,40680000,3511,5851,40740000,14276
5,679,40740000,40740000,3511,5851,40800000,14296
5,68,4080000,4080000,3511,5851,4140000,1448
5,680,40800000,40800000,3511,5851,40860000,14317
5,681,40860000,40860000,3511,5851,40920000,14339
5,682,40920000,40920000,3511,5851,40980000,14361
5,683,40980000,40980000,3511,5851,41040000,14381
5,684,41040000,41040000,3511,5851,41100000,14402
5,685,41100000,41100000,3511,5851,41160000,14423
5,686,41160000,41160000,3511,5851,41220000,14443
5,687,41220000,41220000,3511,5851,41280000,14465
5,688,41280000,41280000,3511,5851,41340000,14487
5,689,41340000,41340000,3511,5851,41400000,14507
5,69,4140000,4140000,3511,5851,4200000,1468
5,690,41400000,41400000,3511,5851,41460000,14528
5,691,41460000,41460000,3511,5851,41520000,14550
5,692,41520000,41520000,3511,5851,41580000,14570
5,693,41580000,41580000,3511,5851,41640000,14591
5,694,41640000,41640000,3511,5851,41700000,14612
5,695,41700000,41700000,3511,5851,41760000,14633
5,696,41760000,41760000,3511,5851,41820000,14654
5,697,41820000,41820000,3511,5851,41880000,14676
5,698,41880000,41880000,3511,5851,41940000,14697
5,699,41940000,41940000,3511,5851,42000000,14717
5,7,420000,420000,3511,5851,480000,165
5,70,4200000,4200000,3511,5851,4260000,1490
5,700,42000000,42000000,3511,5851,42060000,14738
5,701,42060000,42060000,3511,5851,42120000,14759
5,702,42120000,42120000,3511,5851,42180000,14781
5,703,42180000,42180000,3511,5851,42240000,14802
5,704,42240000,42240000,3511,5851,42300000,14822
5,705,42300000,42300000,3511,5851,42360000,14844
5,706,42360000,42360000,3511,5851,42420000,14865
5,707,42420000,42420000,3511,5851,42480000,14885
5,708,42480000,42480000,3511,5851,42540000,14907
5,709,42540000,42540000,3511,5851,42600000,14928
5,71,4260000,4260000,3511,5851,4320000,1510
5,710,42600000,42600000,3511,5851,42660000,14948
5,711,42660000,42660000,3511,5851,42720000,14970
5,712,42720000,42720000,3511,5851,42780000,14992
5,713,42780000,42780000,3511,5851,42840000,15011
5,714,42840000,42840000,3511,5851,42900000,15032
5,715,42900000,42900000,3511,5851,42960000,15054
5,716,42960000,42960000,3511,5851,43020000,15075
5,717,43020000,43020000,3511,5851,43080000,15096
5,718,43080000,43080000,3511,5851,43140000,15118
5,719,43140000,43140000,3511,5851,43200000,15138
5,72,4320000,4320000,3511,5851,4380000,1532
5,720,43200000,43200000,3511,5851,43260000,15158
5,721,43260000,43260000,3511,5851,43320000,15180
5,722,43320000,43320000,3511,5851,43380000,15201
5,723,43380000,43380000,3511,5851,43440000,15223
5,724,43440000,43440000,3511,5851,43500000,15243
5,725,43500000,43500000,3511,5851,43560000,15264
5,726,43560000,43560000,3511,5851,43620000,15286
5,727,43620000,43620000,3511,5851,43680000,15306
5,728,43680000,43680000,3511,5851,43740000,15327
5,729,43740000,43740000,3511,5851,43800000,15348
5,73,4380000,4380000,3511,5851,4440000,1554
5,730,43800000,43800000,3511,5851,43860000,15369
5,731,43860000,43860000,3511,5851,43920000,15390
5,732,43920000,43920000,3511,5851,43980000,15412
5,733,43980000,43980000,3511,5851,44040000,15434
5,734,44040000,44040000,3511,5851,44100000,15452
5,735,44100000,44100000,3511,5851,44160000,15474
5,736,44160000,44160000,3511,5851,44220000,15496
5,737,44220000,44220000,3511,5851,44280000,15516
5,738,44280000,44280000,3511,5851,44340000,15538
5,739,44340000,44340000,3511,5851,44400000,15559
5,74,4440000,4440000,3511,5851,4500000,1573
5,740,44400000,44400000,3511,5851,44460000,15580
5,741,44460000,44460000,3511,5851,44520000,15600
5,742,44520000,44520000,3511,5851,44580000,15622
5,743,44580000,44580000,3511,5851,44640000,15643
5,744,44640000,44640000,3511,5851,44700000,15663
5,745,44700000,44700000,3511,5851,44760000,15685
5,746,44760000,44760000,3511,5851,44820000,15706
5,747,44820000,44820000,3511,5851,44880000,15727
5,748,44880000,44880000,3511,5851,44940000,15748
5,749,44940000,44940000,3511,5851,45000000,15768
5,75,4500000,4500000,3511,5851,4560000,1595
5,750,45000000,45000000,3511,5851,45060000,15790
5,751,45060000,45060000,3511,5851,45120000,15811
5,752,45120000,45120000,3511,5851,45180000,15832
5,753,45180000,45180000,3511,5851,45240000,15854
5,754,45240000,45240000,3511,5851,45300000,15874
5,755,45300000,45300000,3511,5851,45360000,15894
5,756,45360000,45360000,3511,5851,45420000,15916
5,757,45420000,45420000,3511,5851,45480000,15938
5,758,45480000,45480000,3511,5851,45540000,15958
5,759,45540000,45540000,3511,5851,45600000,15979
5,76,4560000,4560000,3511,5851,4620000,1616
5,760,45600000,45600000,3511,5851,45660000,16001
5,761,45660000,45660000,3511,5851,45720000,16021
5,762,45720000,45720000,3511,5851,45780000,16042
5,763,45780000,45780000,3511,5851,45840000,16064
5,764,45840000,45840000,3511,5851,45900000,16083
5,765,45900000,45900000,3511,5851,45960000,16105
5,766,45960000,45960000,3511,5851,46020000,16127
5,767,46020000,46020000,3511,5851,46080000,16148
5,768,46080000,46080000,3511,5851,46140000,16169
5,769,46140000,46140000,3511,5851,46200000,16189
5,77,4620000,4620000,3511,5851,4680000,1637
5,770,46200000,46200000,3511,5851,46260000,16210
5,771,46260000,46260000,3511,5851,46320000,16231
5,772,46320000,46320000,3511,5851,46380000,16253
5,773,46380000,46380000,3511,5851,46440000,16274
5,774,46440000,46440000,3511,5851,46500000,16295
5,775,46500000,46500000,3511,5851,46560000,16316
5,776,46560000,46560000,3511,5851,46620000,16336
5,777,46620000,46620000,3511,5851,46680000,16358
5,778,46680000,46680000,3511,5851,46740000,16379
5,779,46740000,46740000,3511,5851,46800000,16399
5,78,4680000,4680000,3511,5851,4740000,1658
5,780,46800000,46800000,3511,5851,46860000,16421
5,781,46860000,46860000,3511,5851,46920000,16442
5,782,46920000,46920000,3511,5851,46980000,16463
5,783,46980000,46980000,3511,5851,47040000,16484
5,784,47040000,47040000,3511,5851,47100000,16505
5,785,47100000,47100000,3511,5851,47160000,16525
5,786,47160000,47160000,3511,5851,47220000,16547
5,787,47220000,47220000,3511,5851,47280000,16569
5,788,47280000,47280000,3511,5851,47340000,16589
5,789,47340000,47340000,3511,5851,47400000,16610
5,79,4740000,4740000,3511,5851,4800000,1679
5,790,47400000,47400000,3511,5851,47460000,16631
5,791,47460000,47460000,3511,5851,47520000,16652
5,792,47520000,47520000,3511,5851,47580000,16673
5,793,47580000,47580000,3511,5851,47640000,16695
5,794,47640000,47640000,3511,5851,47700000,16715
5,795,47700000,47700000,3511,5851,47760000,16736
5,796,47760000,47760000,3511,5851,47820000,16758
5,797,47820000,47820000,3511,5851,47880000,16778
5,798,47880000,47880000,3511,5851,47940000,16799
5,799,47940000,47940000,3511,5851,48000000,16820
5,8,480000,480000,3511,5851,540000,186
5,80,4800000,4800000,3511,5851,4860000,1700
5,800,48000000,48000000,3511,5851,48060000,16841
5,801,48060000,48060000,3511,5851,48120000,16863
5,802,48120000,48120000,3511,5851,48180000,16884
5,803,48180000,48180000,3511,5851,48240000,16905
5,804,48240000,48240000,3511,5851,48300000,16925
5,805,48300000,48300000,3511,5851,48360000,16946
5,806,48360000,48360000,3511,5851,48420000,16967
5,807,48420000,48420000,3511,5851,48480000,16989
5,808,48480000,48480000,3511,5851,48540000,17011
5,809,48540000,48540000,3511,5851,48600000,17030
5,81,4860000,4860000,3511,5851,4920000,1721
5,810,48600000,48600000,3511,5851,48660000,17052
5,811,48660000,48660000,3511,5851,48720000,17073
5,812,48720000,48720000,3511,5851,48780000,17093
5,813,48780000,48780000,3511,5851,48840000,17115
5,814,48840000,48840000,3511,5851,48900000,17136
5,815,48900000,48900000,3511,5851,48960000,17156
5,816,48960000,48960000,3511,5851,49020000,17178
5,817,49020000,49020000,3511,5851,49080000,17200
5,818,49080000,49080000,3511,5851,49140000,17220
5,819,49140000,49140000,3511,5851,49200000,17240
5,82,4920000,4920000,3511,5851,4980000,1743
5,820,49200000,49200000,3511,5851,49260000,17262
5,821,49260000,49260000,3511,5851,49320000,17283
5,822,49320000,49320000,3511,5851,49380000,17304
5,823,49380000,49380000,3511,5851,49440000,17326
5,824,49440000,49440000,3511,5851,49500000,17346
5,825,49500000,49500000,3511,5851,49560000,17367
5,826,49560000,49560000,3511,5851,49620000,17388
5,827,49620000,49620000,3511,5851,49680000,17409
5,828,49680000,49680000,3511,5851,49740000,17431
5,829,49740000,49740000,3511,5851,49800000,17451
5,83,4980000,4980000,3511,5851,5040000,1763
5,830,49800000,49800000,3511,5851,49860000,17472
5,831,49860000,49860000,3511,5851,49920000,17494
5,832,49920000,49920000,3511,5851,49980000,17514
5,833,49980000,49980000,3511,5851,50040000,17535
5,834,50040000,50040000,3511,5851,50100000,17556
5,835,50100000,50100000,3511,5851,50160000,17578
5,836,50160000,50160000,3511,5851,50220000,17598
5,837,50220000,50220000,3511,5851,50280000,17620
5,838,50280000,50280000,3511,5851,50340000,17642
5,839,50340000,50340000,3511,5851,50400000,17660
5,84,5040000,5040000,3511,5851,5100000,1783
5,840,50400000,50400000,3511,5851,50460000,17682
5,841,50460000,50460000,3511,5851,50520000,17704
5,842,50520000,50520000,3511,5851,50580000,17725
5,843,50580000,50580000,3511,5851,50640000,17746
5,844,50640000,50640000,3511,5851,50700000,17767
5,845,50700000,50700000,3511,5851,50760000,17788
5,846,50760000,50760000,3511,5851,50820000,17808
5,847,50820000,50820000,3511,5851,50880000,17830
5,848,50880000,50880000,3511,5851,50940000,17851
5,849,50940000,50940000,3511,5851,51000000,17871
5,85,5100000,5100000,3511,5851,5160000,1805
5,850,51000000,51000000,3511,5851,51060000,17893
5,851,51060000,51060000,3511,5851,51120000,17914
5,852,51120000,51120000,3511,5851,51180000,17936
5,853,51180000,51180000,3511,5851,51240000,17956
5,854,51240000,51240000,3511,5851,51300000,17976
5,855,51300000,51300000,3511,5851,51360000,17998
5,856,51360000,51360000,3511,5851,51420000,18019
5,857,51420000,51420000,3511,5851,51480000,18040
5,858,51480000,51480000,3511,5851,51540000,18062
5,859,51540000,51540000,3511,5851,51600000,18083
5,86,5160000,5160000,3511,5851,5220000,1826
5,860,51600000,51600000,3511,5851,51660000,18102
5,861,51660000,51660000,3511,5851,51720000,18124
5,862,51720000,51720000,3511,5851,51780000,18146
5,863,51780000,51780000,3511,5851,51840000,18166
5,864,51840000,51840000,3511,5851,51900000,18187
5,865,51900000,51900000,3511,5851,51960000,18209
5,866,51960000,51960000,3511,5851,52020000,18229
5,867,52020000,52020000,3511,5851,52080000,18250
5,868,52080000,52080000,3511,5851,52140000,18272
5,869,52140000,52140000,3511,5851,52200000,18292
5,87,5220000,5220000,3511,5851,5280000,1848
5,870,52200000,52200000,3511,5851,52260000,18313
5,871,52260000,52260000,3511,5851,52320000,18335
5,872,52320000,52320000,3511,5851,52380000,18356
5,873,52380000,52380000,3511,5851,52440000,18377
5,874,52440000,52440000,3511,5851,52500000,18397
5,875,52500000,52500000,3511,5851,52560000,18418
5,876,52560000,52560000,3511,5851,52620000,18440
5,877,52620000,52620000,3511,5851,52680000,18461
5,878,52680000,52680000,3511,5851,52740000,18482
5,879,52740000,52740000,3511,5851,52800000,18503
5,88,5280000,5280000,3511,5851,5340000,1869
5,880,52800000,52800000,3511,5851,52860000,18524
5,881,52860000,52860000,3511,5851,52920000,18544
5,882,52920000,52920000,3511,5851,52980000,18566
5,883,52980000,52980000,3511,5851,53040000,18587
5,884,53040000,53040000,3511,5851,53100000,18607
5,885,53100000,53100000,3511,5851,53160000,18629
5,886,53160000,53160000,3511,5851,53220000,18651
5,887,53220000,53220000,3511,5851,53280000,18671
5,888,53280000,53280000,3511,5851,53340000,18692
5,889,53340000,53340000,3511,5851,53400000,18713
5,89,5340000,5340000,3511,5851,5400000,1889
5,890,53400000,53400000,3511,5851,53460000,18733
5,891,53460000,53460000,3511,5851,53520000,18755
5,892,53520000,53520000,3511,5851,53580000,18777
5,893,53580000,53580000,3511,5851,53640000,18798
5,894,53640000,53640000,3511,5851,53700000,18818
5,895,53700000,53700000,3511,5851,53760000,18839
5,896,53760000,53760000,3511,5851,53820000,18860
5,897,53820000,53820000,3511,5851,53880000,18881
5,898,53880000,53880000,3511,5851,53940000,18903
5,899,53940000,53940000,3511,5851,54000000,18923
5,9,540000,540000,3511,5851,600000,207
5,90,5400000,5400000,3511,5851,5460000,1910
5,900,54000000,54000000,3511,5851,54060000,18944
5,901,54060000,54060000,3511,5851,54120000,18966
5,902,54120000,54120000,3511,5851,54180000,18986
5,903,54180000,54180000,3511,5851,54240000,19008
5,904,54240000,54240000,3511,5851,54300000,19028
5,905,54300000,54300000,3511,5851,54360000,19049
5,906,54360000,54360000,3511,5851,54420000,19071
5,907,54420000,54420000,3511,5851,54480000,19092
5,908,54480000,54480000,3511,5851,54540000,19113
5,909,54540000,54540000,3511,5851,54600000,19133
5,91,5460000,5460000,3511,5851,5520000,1931
5,910,54600000,54600000,3511,5851,54660000,19155
5,911,54660000,54660000,3511,5851,54720000,19175
5,912,54720000,54720000,3511,5851,54780000,19197
5,913,54780000,54780000,3511,5851,54840000,19219
5,914,54840000,54840000,3511,5851,54900000,19238
5,915,54900000,54900000,3511,5851,54960000,19260
5,916,54960000,54960000,3511,5851,55020000,19281
5,917,55020000,55020000,3511,5851,55080000,19301
5,918,55080000,55080000,3511,5851,55140000,19323
5,919,55140000,55140000,3511,5851,55200000,19344
5,92,5520000,5520000,3511,5851,5580000,1952
5,920,55200000,55200000,3511,5851,55260000,19365
5,921,55260000,55260000,3511,5851,55320000,19386
5,922,55320000,55320000,3511,5851,55380000,19408
5,923,55380000,55380000,3511,5851,55440000,19428
5,924,55440000,55440000,3511,5851,55500000,19448
5,925,55500000,55500000,3511,5851,55560000,19470
5,926,55560000,55560000,3511,5851,55620000,19491
5,927,55620000,55620000,3511,5851,55680000,19513
5,928,55680000,55680000,3511,5851,55740000,19534
5,929,55740000,55740000,3511,5851,55800000,19554
5,93,5580000,5580000,3511,5851,5640000,1974
5,930,55800000,55800000,3511,5851,55860000,19575
5,931,55860000,55860000,3511,5851,55920000,19596
5,932,55920000,55920000,3511,5851,55980000,19617
5,933,55980000,55980000,3511,5851,56040000,19639
5,934,56040000,56040000,3511,5851,56100000,19659
5,935,56100000,56100000,3511,5851,56160000,19680
5,936,56160000,56160000,3511,5851,56220000,19702
5,937,56220000,56220000,3511,5851,56280000,19723
5,938,56280000,56280000,3511,5851,56340000,19743
5,939,56340000,56340000,3511,5851,56400000,19764
5,94,5640000,5640000,3511,5851,5700000,1995
5,940,56400000,56400000,3511,5851,56460000,19786
5,941,56460000,56460000,3511,5851,56520000,19806
5,942,56520000,56520000,3511,5851,56580000,19828
5,943,56580000,56580000,3511,5851,56640000,19850
5,944,56640000,56640000,3511,5851,56700000,19869
5,945,56700000,56700000,3511,5851,56760000,19890
5,946,56760000,56760000,3511,5851,56820000,19912
5,947,56820000,56820000,3511,5851,56880000,19933
5,948,56880000,56880000,3511,5851,56940000,19954
5,949,56940000,56940000,3511,5851,57000000,19975
5,95,5700000,5700000,3511,5851,5760000,2015
5,950,57000000,57000000,3511,5851,57060000,19996
5,951,57060000,57060000,3511,5851,57120000,20016
5,952,57120000,57120000,3511,5851,57180000,20038
5,953,57180000,57180000,3511,5851,57240000,20059
5,954,57240000,57240000,3511,5851,57300000,20080
5,955,57300000,57300000,3511,5851,57360000,20101
5,956,57360000,57360000,3511,5851,57420000,20122
5,957,57420000,57420000,3511,5851,57480000,20144
5,958,57480000,57480000,3511,5851,57540000,20164
5,959,57540000,57540000,3511,5851,57600000,20184
5,96,5760000,5760000,3511,5851,5820000,2037
5,960,57600000,57600000,3511,5851,57660000,20206
5,961,57660000,57660000,3511,5851,57720000,20228
5,962,57720000,57720000,3511,5851,57780000,20248
5,963,57780000,57780000,3511,5851,57840000,20270
5,964,57840000,57840000,3511,5851,57900000,20291
5,965,57900000,57900000,3511,5851,57960000,20310
5,966,57960000,57960000,3511,5851,58020000,20332
5,967,58020000,58020000,3511,5851,58080000,20354
5,968,58080000,58080000,3511,5851,58140000,20374
5,969,58140000,58140000,3511,5851,58200000,20395
5,97,5820000,5820000,3511,5851,5880000,2058
5,970,58200000,58200000,3511,5851,58260000,20417
5,971,58260000,58260000,3511,5851,58320000,20438
5,972,58320000,58320000,3511,5851,58380000,20458
5,973,58380000,58380000,3511,5851,58440000,20480
5,974,58440000,58440000,3511,5851,58500000,20500
5,975,58500000,58500000,3511,5851,58560000,20521
5,976,58560000,58560000,3511,5851,58620000,20543
5,977,58620000,58620000,3511,5851,58680000,20564
5,978,58680000,58680000,3511,5851,58740000,20586
5,979,58740000,58740000,3511,5851,58800000,20605
5,98,5880000,5880000,3511,5851,5940000,2078
5,980,58800000,58800000,3511,5851,58860000,20626
5,981,58860000,58860000,3511,5851,58920000,20648
5,982,58920000,58920000,3511,5851,58980000,20669
5,983,58980000,58980000,3511,5851,59040000,20690
5,984,59040000,59040000,3511,5851,59100000,20711
5,985,59100000,59100000,3511,5851,59160000,20732
5,986,59160000,59160000,3511,5851,59220000,20752
5,987,59220000,59220000,3511,5851,59280000,20774
5,988,59280000,59280000,3511,5851,59340000,20796
5,989,59340000,59340000,3511,5851,59400000,20815
5,99,5940000,5940000,3511,5851,6000000,2099
5,990,59400000,59400000,3511,5851,59460000,20837
5,991,59460000,59460000,3511,5851,59520000,20859
5,992,59520000,59520000,3511,5851,59580000,20879
5,993,59580000,59580000,3511,5851,59640000,20900
5,994,59640000,59640000,3511,5851,59700000,20921
5,995,59700000,59700000,3511,5851,59760000,20942
5,996,59760000,59760000,3511,5851,59820000,20963
5,997,59820000,59820000,3511,5851,59880000,20985
5,998,59880000,59880000,3511,5851,59940000,21006
5,999,59940000,59940000,3511,5851,60000000,21026
6,0,0,0,1405,2341,70000,19
6,1,70000,70000,1405,2341,140000,45
6,10,700000,700000,1405,2341,770000,265
6,100,7000000,7000000,1405,2341,7070000,2473
6,1000,70000000,70000000,1405,2341,70070000,24554
6,1001,70070000,70070000,1405,2341,70140000,24582
6,1002,70140000,70140000,1405,2341,70210000,24604
6,1003,70210000,70210000,1405,2341,70280000,24629
6,1004,70280000,70280000,1405,2341,70350000,24652
6,1005,70350000,70350000,1405,2341,70420000,24677
6,1006,70420000,70420000,1405,2341,70490000,24701
6,1007,70490000,70490000,1405,2341,70560000,24728
6,1008,70560000,70560000,1405,2341,70630000,24750
6,1009,70630000,70630000,1405,2341,70700000,24776
6,101,7070000,7070000,1405,2341,7140000,2500
6,1010,70700000,70700000,1405,2341,70770000,24800
6,1011,70770000,70770000,1405,2341,70840000,24825
6,1012,70840000,70840000,1405,2341,70910000,24848
6,1013,70910000,70910000,1405,2341,70980000,24876
6,1014,70980000,70980000,1405,2341,71050000,24898
6,1015,71050000,71050000,1405,2341,71120000,24924
6,1016,71120000,71120000,1405,2341,71190000,24947
6,1017,71190000,71190000,1405,2341,71260000,24972
6,1018,71260000,71260000,1405,2341,71330000,24996
6,1019,71330000,71330000,1405,2341,71400000,25022
6,102,7140000,7140000,1405,2341,7210000,2523
6,1020,71400000,71400000,1405,2341,71470000,25045
6,1021,71470000,71470000,1405,2341,71540000,25070
6,1022,71540000,71540000,1405,2341,71610000,25094
6,1023,71610000,71610000,1405,2341,71680000,25119
6,1024,71680000,71680000,1405,2341,71750000,25143
6,1025,71750000,71750000,1405,2341,71820000,25169
6,1026,71820000,71820000,1405,2341,71890000,25192
6,1027,71890000,71890000,1405,2341,71960000,25218
6,1028,71960000,71960000,1405,2341,72030000,25242
6,1029,72030000,72030000,1405,2341,72100000,25267
6,103,7210000,7210000,1405,2341,7280000,2548
6,1030,72100000,72100000,1405,2341,72170000,25290
6,1031,72170000,72170000,1405,2341,72240000,25317
6,1032,72240000,72240000,1405,2341,72310000,25340
6,1033,72310000,72310000,1405,2341,72380000,25366
6,1034,72380000,72380000,1405,2341,72450000,25388
6,1035,72450000,72450000,1405,2341,72520000,25413
6,1036,72520000,72520000,1405,2341,72590000,25436
6,1037,72590000,72590000,1405,2341,72660000,25464
6,1038,72660000,72660000,1405,2341,72730000,25487
6,1039,72730000,72730000,1405,2341,72800000,25512
6,104,7280000,7280000,1405,2341,7350000,2571
6,1040,72800000,72800000,1405,2341,72870000,25536
6,1041,72870000,72870000,1405,2341,72940000,25561
6,1042,72940000,72940000,1405,2341,73010000,25584
6,1043,73010000,73010000,1405,2341,73080000,25611
6,1044,73080000,73080000,1405,2341,73150000,25634
6,1045,73150000,73150000,1405,2341,73220000,25660
6,1046,73220000,73220000,1405,2341,73290000,25684
6,1047,73290000,73290000,1405,2341,73360000,25709
6,1048,73360000,73360000,1405,2341,73430000,25731
6,1049,73430000,73430000,1405,2341,73500000,25758
6,105,7350000,7350000,1405,2341,7420000,2596
6,1050,73500000,73500000,1405,2341,73570000,25781
6,1051,73570000,73570000,1405,2341,73640000,25807
6,1052,73640000,73640000,1405,2341,73710000,25830
6,1053,73710000,73710000,1405,2341,73780000,25854
6,1054,73780000,73780000,1405,2341,73850000,25878
6,1055,73850000,73850000,1405,2341,73920000,25906
6,1056,73920000,73920000,1405,2341,73990000,25929
6,1057,73990000,73990000,1405,2341,74060000,25954
6,1058,74060000,74060000,1405,2341,74130000,25978
6,1059,74130000,74130000,1405,2341,74200000,26002
6,106,7420000,7420000,1405,2341,7490000,2620
6,1060,74200000,74200000,1405,2341,74270000,26026
6,1061,74270000,74270000,1405,2341,74340000,26053
6,1062,74340000,74340000,1405,2341,74410000,26076
6,1063,74410000,74410000,1405,2341,74480000,26102
6,1064,74480000,74480000,1405,2341,74550000,26125
6,1065,74550000,74550000,1405,2341,74620000,26149
6,1066,74620000,74620000,1405,2341,74690000,26172
6,1067,74690000,74690000,1405,2341,74760000,26200
6,1068,74760000,74760000,1405,2341,74830000,26223
6,1069,74830000,74830000,1405,2341,74900000,26249
6,107,7490000,7490000,1405,2341,7560000,2646
6,1070,74900000,74900000,1405,2341,74970000,26271
6,1071,74970000,74970000,1405,2341,75040000,26296
6,1072,75040000,75040000,1405,2341,75110000,26320
6,1073,75110000,75110000,1405,2341,75180000,26348
6,1074,75180000,75180000,1405,2341,75250000,26371
6,1075,75250000,75250000,1405,2341,75320000,26396
6,1076,75320000,75320000,1405,2341,75390000,26419
6,1077,75390000,75390000,1405,2341,75460000,26444
6,1078,75460000,75460000,1405,2341,75530000,26468
6,1079,75530000,75530000,1405,2341,75600000,26494
6,108,7560000,7560000,1405,2341,7630000,2669
6,1080,75600000,75600000,1405,2341,75670000,26517
6,1081,75670000,75670000,1405,2341,75740000,26543
6,1082,75740000,75740000,1405,2341,75810000,26566
6,1083,75810000,75810000,1405,2341,75880000,26591
6,1084,75880000,75880000,1405,2341,75950000,26614
6,1085,75950000,75950000,1405,2341,76020000,26642
6,1086,76020000,76020000,1405,2341,76090000,26665
6,1087,76090000,76090000,1405,2341,76160000,26690
6,1088,76160000,76160000,1405,2341,76230000,26713
6,1089,76230000,76230000,1405,2341,76300000,26738
6,109,7630000,7630000,1405,2341,7700000,2695
6,1090,76300000,76300000,1405,2341,76370000,26762
6,1091,76370000,76370000,1405,2341,76440000,26790
6,1092,76440000,76440000,1405,2341,76510000,26813
6,1093,76510000,76510000,1405,2341,76580000,26837
6,1094,76580000,76580000,1405,2341,76650000,26860
6,1095,76650000,76650000,1405,2341,76720000,26885
6,1096,76720000,76720000,1405,2341,76790000,26909
6,1097,76790000,76790000,1405,2341,76860000,26936
6,1098,76860000,76860000,1405,2341,76930000,26959
6,1099,76930000,76930000,1405,2341,77000000,26984
6,11,770000,770000,1405,2341,840000,292
6,110,7700000,7700000,1405,2341,7770000,2719
6,1100,77000000,77000000,1405,2341,77070000,27008
6,1101,77070000,77070000,1405,2341,77140000,27033
6,1102,77140000,77140000,1405,2341,77210000,27056
6,1103,77210000,77210000,1405,2341,77280000,27084
6,1104,77280000,77280000,1405,2341,77350000,27106
6,1105,77350000,77350000,1405,2341,77420000,27132
6,1106,77420000,77420000,1405,2341,77490000,27155
6,1107,77490000,77490000,1405,2341,77560000,27180
6,1108,77560000,77560000,1405,2341,77630000,27204
6,1109,77630000,77630000,1405,2341,77700000,27231
6,111,7770000,7770000,1405,2341,7840000,2744
6,1110,77700000,77700000,1405,2341,77770000,27253
6,1111,77770000,77770000,1405,2341,77840000,27278
6,1112,77840000,77840000,1405,2341,77910000,27302
6,1113,77910000,77910000,1405,2341,77980000,27327
6,1114,77980000,77980000,1405,2341,78050000,27351
6,1115,78050000,78050000,1405,2341,78120000,27378
6,1116,78120000,78120000,1405,2341,78190000,27400
6,1117,78190000,78190000,1405,2341,78260000,27426
6,1118,78260000,78260000,1405,2341,78330000,27450
6,1119,78330000,78330000,1405,2341,78400000,27475
6,112,7840000,7840000,1405,2341,7910000,2767
6,1120,78400000,78400000,1405,2341,78470000,27498
6,1121,78470000,78470000,1405,2341,78540000,27525
6,1122,78540000,78540000,1405,2341,78610000,27548
6,1123,78610000,78610000,1405,2341,78680000,27574
6,1124,78680000,78680000,1405,2341,78750000,27596
6,1125,78750000,78750000,1405,2341,78820000,27621
6,1126,78820000,78820000,1405,2341,78890000,27645
6,1127,78890000,78890000,1405,2341,78960000,27672
6,1128,78960000,78960000,1405,2341,79030000,27695
6,1129,79030000,79030000,1405,2341,79100000,27720
6,113,7910000,7910000,1405,2341,7980000,2794
6,1130,79100000,79100000,1405,2341,79170000,27744
6,1131,79170000,79170000,1405,2341,79240000,27769
6,1132,79240000,79240000,1405,2341,79310000,27793
6,1133,79310000,79310000,1405,2341,79380000,27819
6,1134,79380000,79380000,1405,2341,79450000,27842
6,1135,79450000,79450000,1405,2341,79520000,27868
6,1136,79520000,79520000,1405,2341,79590000,27892
6,1137,79590000,79590000,1405,2341,79660000,27917
6,1138,79660000,79660000,1405,2341,79730000,27939
6,1139,79730000,79730000,1405,2341,79800000,27966
6,114,7980000,7980000,1405,2341,8050000,2817
6,1140,79800000,79800000,1405,2341,79870000,27989
6,1141,79870000,79870000,1405,2341,79940000,28015
6,1142,79940000,79940000,1405,2341,80010000,28038
6,1143,80010000,80010000,1405,2341,80080000,28063
6,1144,80080000,80080000,1405,2341,80150000,28086
6,1145,80150000,80150000,1405,2341,80220000,28114
6,1146,80220000,80220000,1405,2341,80290000,28137
6,1147,80290000,80290000,1405,2341,80360000,28162
6,1148,80360000,80360000,1405,2341,80430000,28186
6,1149,80430000,80430000,1405,2341,80500000,28211
6,115,8050000,8050000,1405,2341,8120000,2843
6,1150,80500000,80500000,1405,2341,80570000,28234
6,1151,80570000,80570000,1405,2341,80640000,28261
6,1152,80640000,80640000,1405,2341,80710000,28284
6,1153,80710000,80710000,1405,2341,80780000,28310
6,1154,80780000,80780000,1405,2341,80850000,28333
6,1155,80850000,80850000,1405,2341,80920000,28357
6,1156,80920000,80920000,1405,2341,80990000,28380
6,1157,80990000,80990000,1405,2341,81060000,28408
6,1158,81060000,81060000,1405,2341,81130000,28431
6,1159,81130000,81130000,1405,2341,81200000,28457
6,116,8120000,8120000,1405,2341,8190000,2866
6,1160,81200000,81200000,1405,2341,81270000,28480
6,1161,81270000,81270000,1405,2341,81340000,28504
6,1162,81340000,81340000,1405,2341,81410000,28528
6,1163,81410000,81410000,1405,2341,81480000,28556
6,1164,81480000,81480000,1405,2341,81550000,28579
6,1165,81550000,81550000,1405,2341,81620000,28604
6,1166,81620000,81620000,1405,2341,81690000,28628
6,1167,81690000,81690000,1405,2341,81760000,28652
6,1168,81760000,81760000,1405,2341,81830000,28676
6,1169,81830000,81830000,1405,2341,81900000,28702
6,117,8190000,8190000,1405,2341,8260000,2891
6,1170,81900000,81900000,1405,2341,81970000,28725
6,1171,81970000,81970000,1405,2341,82040000,28751
6,1172,82040000,82040000,1405,2341,82110000,28774
6,1173,82110000,82110000,1405,2341,82180000,28799
6,1174,82180000,82180000,1405,2341,82250000,28822
6,1175,82250000,82250000,1405,2341,82320000,28850
6,1176,82320000,82320000,1405,2341,82390000,28873
6,1177,82390000,82390000,1405,2341,82460000,28899
6,1178,82460000,82460000,1405,2341,82530000,28921
6,1179,82530000,82530000,1405,2341,82600000,28946
6,118,8260000,8260000,1405,2341,8330000,2914
6,1180,82600000,82600000,1405,2341,82670000,28970
6,1181,82670000,82670000,1405,2341,82740000,28998
6,1182,82740000,82740000,1405,2341,82810000,29021
6,1183,82810000,82810000,1405,2341,82880000,29046
6,1184,82880000,82880000,1405,2341,82950000,29068
6,1185,82950000,82950000,1405,2341,83020000,29093
6,1186,83020000,83020000,1405,2341,83090000,29117
6,1187,83090000,83090000,1405,2341,83160000,29144
6,1188,83160000,83160000,1405,2341,83230000,29167
6,1189,83230000,83230000,1405,2341,83300000,29192
6,119,8330000,8330000,1405,2341,8400000,2941
6,1190,83300000,83300000,1405,2341,83370000,29216
6,1191,83370000,83370000,1405,2341,83440000,29241
6,1192,83440000,83440000,1405,2341,83510000,29264
6,1193,83510000,83510000,1405,2341,83580000,29292
6,1194,83580000,83580000,1405,2341,83650000,29315
6,1195,83650000,83650000,1405,2341,83720000,29340
6,1196,83720000,83720000,1405,2341,83790000,29363
6,1197,83790000,83790000,1405,2341,83860000,29388
6,1198,83860000,83860000,1405,2341,83930000,29412
6,1199,83930000,83930000,1405,2341,84000000,29439
6,12,840000,840000,1405,2341,910000,315
6,120,8400000,8400000,1405,2341,8470000,2964
6,1200,84000000,84000000,1405,2341,84070000,29462
6,1201,84070000,84070000,1405,2341,84140000,29486
6,1202,84140000,84140000,1405,2341,84210000,29510
6,1203,84210000,84210000,1405,2341,84280000,29535
6,1204,84280000,84280000,1405,2341,84350000,29559
6,1205,84350000,84350000,1405,2341,84420000,29586
6,1206,84420000,84420000,1405,2341,84490000,29608
6,1207,84490000,84490000,1405,2341,84560000,29634
6,1208,84560000,84560000,1405,2341,84630000,29658
6,1209,84630000,84630000,1405,2341,84700000,29683
6,121,8470000,8470000,1405,2341,8540000,2989
6,1210,84700000,84700000,1405,2341,84770000,29706
6,1211,84770000,84770000,1405,2341,84840000,29734
6,1212,84840000,84840000,1405,2341,84910000,29756
6,1213,84910000,84910000,1405,2341,84980000,29782
6,1214,84980000,84980000,1405,2341,85050000,29804
6,1215,85050000,85050000,1405,2341,85120000,29829
6,1216,85120000,85120000,1405,2341,85190000,29853
6,1217,85190000,85190000,1405,2341,85260000,29881
6,1218,85260000,85260000,1405,2341,85330000,29903
6,1219,85330000,85330000,1405,2341,85400000,29928
6,122,8540000,8540000,1405,2341,8610000,3013
6,1220,85400000,85400000,1405,2341,85470000,29952
6,1221,85470000,85470000,1405,2341,85540000,29977
6,1222,85540000,85540000,1405,2341,85610000,30001
6,1223,85610000,85610000,1405,2341,85680000,30027
6,1224,85680000,85680000,1405,2341,85750000,30050
6,1225,85750000,85750000,1405,2341,85820000,30076
6,1226,85820000,85820000,1405,2341,85890000,30100
6,1227,85890000,85890000,1405,2341,85960000,30125
6,1228,85960000,85960000,1405,2341,86030000,30148
6,1229,86030000,86030000,1405,2341,86100000,30174
6,123,8610000,8610000,1405,2341,8680000,3038
6,1230,86100000,86100000,1405,2341,86170000,30197
6,1231,86170000,86170000,1405,2341,86240000,30223
6,1232,86240000,86240000,1405,2341,86310000,30246
6,1233,86310000,86310000,1405,2341,86380000,30271
6,1234,86380000,86380000,1405,2341,86450000,30295
6,1235,86450000,86450000,1405,2341,86520000,30322
6,1236,86520000,86520000,1405,2341,86590000,30345
6,1237,86590000,86590000,1405,2341,86660000,30370
6,1238,86660000,86660000,1405,2341,86730000,30394
6,1239,86730000,86730000,1405,2341,86800000,30419
6,124,8680000,8680000,1405,2341,8750000,3061
6,1240,86800000,86800000,1405,2341,86870000,30442
6,1241,86870000,86870000,1405,2341,86940000,30469
6,1242,86940000,86940000,1405,2341,87010000,30492
6,1243,87010000,87010000,1405,2341,87080000,30518
6,1244,87080000,87080000,1405,2341,87150000,30541
6,1245,87150000,87150000,1405,2341,87220000,30566
6,1246,87220000,87220000,1405,2341,87290000,30588
6,1247,87290000,87290000,1405,2341,87360000,30616
6,1248,87360000,87360000,1405,2341,87430000,30639
6,1249,87430000,87430000,1405,2341,87500000,30665
6,125,8750000,8750000,1405,2341,8820000,3088
6,1250,87500000,87500000,1405,2341,87570000,30688
6,1251,87570000,87570000,1405,2341,87640000,30713
6,1252,87640000,87640000,1405,2341,87710000,30736
6,1253,87710000,87710000,1405,2341,87780000,30764
6,1254,87780000,87780000,1405,2341,87850000,30787
6,1255,87850000,87850000,1405,2341,87920000,30812
6,1256,87920000,87920000,1405,2341,87990000,30836
6,1257,87990000,87990000,1405,2341,88060000,30860
6,1258,88060000,88060000,1405,2341,88130000,30884
6,1259,88130000,88130000,1405,2341,88200000,30910
6,126,8820000,8820000,1405,2341,8890000,3111
6,1260,88200000,88200000,1405,2341,88270000,30933
6,1261,88270000,88270000,1405,2341,88340000,30959
6,1262,88340000,88340000,1405,2341,88410000,30983
6,1263,88410000,88410000,1405,2341,88480000,31007
6,1264,88480000,88480000,1405,2341,88550000,31030
6,1265,88550000,88550000,1405,2341,88620000,31058
6,1266,88620000,88620000,1405,2341,88690000,31081
6,1267,88690000,88690000,1405,2341,88760000,31107
6,1268,88760000,88760000,1405,2341,88830000,31130
6,1269,88830000,88830000,1405,2341,88900000,31154
6,127,8890000,8890000,1405,2341,8960000,3137
6,1270,88900000,88900000,1405,2341,88970000,31178
6,1271,88970000,88970000,1405,2341,89040000,31206
6,1272,89040000,89040000,1405,2341,89110000,31229
6,1273,89110000,89110000,1405,2341,89180000,31254
6,1274,89180000,89180000,1405,2341,89250000,31276
6,1275,89250000,89250000,1405,2341,89320000,31301
6,1276,89320000,89320000,1405,2341,89390000,31325
6,1277,89390000,89390000,1405,2341,89460000,31352
6,1278,89460000,89460000,1405,2341,89530000,31375
6,1279,89530000,89530000,1405,2341,89600000,31401
6,128,8960000,8960000,1405,2341,9030000,3161
6,1280,89600000,89600000,1405,2341,89670000,31424
6,1281,89670000,89670000,1405,2341,89740000,31449
6,1282,89740000,89740000,1405,2341,89810000,31472
6,1283,89810000,89810000,1405,2341,89880000,31500
6,1284,89880000,89880000,1405,2341,89950000,31523
6,1285,89950000,89950000,1405,2341,90020000,31549
6,1286,90020000,90020000,1405,2341,90090000,31571
6,1287,90090000,90090000,1405,2341,90160000,31596
6,1288,90160000,90160000,1405,2341,90230000,31620
6,1289,90230000,90230000,1405,2341,90300000,31647
6,129,9030000,9030000,1405,2341,9100000,3186
6,1290,90300000,90300000,1405,2341,90370000,31670
6,1291,90370000,90370000,1405,2341,90440000,31694
6,1292,90440000,90440000,1405,2341,90510000,31718
6,1293,90510000,90510000,1405,2341,90580000,31743
6,1294,90580000,90580000,1405,2341,90650000,31767
6,1295,90650000,90650000,1405,2341,90720000,31794
6,1296,90720000,90720000,1405,2341,90790000,31817
6,1297,90790000,90790000,1405,2341,90860000,31842
6,1298,90860000,90860000,1405,2341,90930000,31866
6,1299,90930000,90930000,1405,2341,91000000,31891
6,13,910000,910000,1405,2341,980000,340
6,130,9100000,9100000,1405,2341,9170000,3208
6,1300,91000000,91000000,1405,2341,91070000,31914
6,1301,91070000,91070000,1405,2341,91140000,31942
6,1302,91140000,91140000,1405,2341,91210000,31965
6,1303,91210000,91210000,1405,2341,91280000,31990
6,1304,91280000,91280000,1405,2341,91350000,32012
6,1305,91350000,91350000,1405,2341,91420000,32037
6,1306,91420000,91420000,1405,2341,91490000,32061
6,1307,91490000,91490000,1405,2341,91560000,32089
6,1308,91560000,91560000,1405,2341,91630000,32111
6,1309,91630000,91630000,1405,2341,91700000,32136
6,131,9170000,9170000,1405,2341,9240000,3236
6,1310,91700000,91700000,1405,2341,91770000,32160
6,1311,91770000,91770000,1405,2341,91840000,32185
6,1312,91840000,91840000,1405,2341,91910000,32209
6,1313,91910000,91910000,1405,2341,91980000,32236
6,1314,91980000,91980000,1405,2341,92050000,32258
6,1315,92050000,92050000,1405,2341,92120000,32284
6,1316,92120000,92120000,1405,2341,92190000,32308
6,1317,92190000,92190000,1405,2341,92260000,32333
6,1318,92260000,92260000,1405,2341,92330000,32356
6,1319,92330000,92330000,1405,2341,92400000,32383
6,132,9240000,9240000,1405,2341,9310000,3259
6,1320,92400000,92400000,1405,2341,92470000,32405
6,1321,92470000,92470000,1405,2341,92540000,32431
6,1322,92540000,92540000,1405,2341,92610000,32454
6,1323,92610000,92610000,1405,2341,92680000,32479
6,1324,92680000,92680000,1405,2341,92750000,32503
6,1325,92750000,92750000,1405,2341,92820000,32530
6,1326,92820000,92820000,1405,2341,92890000,32553
6,1327,92890000,92890000,1405,2341,92960000,32578
6,1328,92960000,92960000,1405,2341,93030000,32602
6,1329,93030000,93030000,1405,2341,93100000,32627
6,133,9310000,9310000,1405,2341,9380000,3285
6,1330,93100000,93100000,1405,2341,93170000,32651
6,1331,93170000,93170000,1405,2341,93240000,32677
6,1332,93240000,93240000,1405,2341,93310000,32700
6,1333,93310000,93310000,1405,2341,93380000,32726
6,1334,93380000,93380000,1405,2341,93450000,32749
6,1335,93450000,93450000,1405,2341,93520000,32774
6,1336,93520000,93520000,1405,2341,93590000,32797
6,1337,93590000,93590000,1405,2341,93660000,32824
6,1338,93660000,93660000,1405,2341,93730000,32847
6,1339,93730000,93730000,1405,2341,93800000,32873
6,134,9380000,9380000,1405,2341,9450000,3307
6,1340,93800000,93800000,1405,2341,93870000,32896
6,1341,93870000,93870000,1405,2341,93940000,32921
6,1342,93940000,93940000,1405,2341,94010000,32944
6,1343,94010000,94010000,1405,2341,94080000,32972
6,1344,94080000,94080000,1405,2341,94150000,32995
6,1345,94150000,94150000,1405,2341,94220000,33020
6,1346,94220000,94220000,1405,2341,94290000,33044
6,1347,94290000,94290000,1405,2341,94360000,33069
6,1348,94360000,94360000,1405,2341,94430000,33092
6,1349,94430000,94430000,1405,2341,94500000,33118
6,135,9450000,9450000,1405,2341,9520000,3331
6,1350,94500000,94500000,1405,2341,94570000,33141
6,1351,94570000,94570000,1405,2341,94640000,33167
6,1352,94640000,94640000,1405,2341,94710000,33191
6,1353,94710000,94710000,1405,2341,94780000,33216
6,1354,94780000,94780000,1405,2341,94850000,33238
6,1355,94850000,94850000,1405,2341,94920000,33266
6,1356,94920000,94920000,1405,2341,94990000,33289
6,1357,94990000,94990000,1405,2341,95060000,33315
6,1358,95060000,95060000,1405,2341,95130000,33338
6,1359,95130000,95130000,1405,2341,95200000,33362
6,136,9520000,9520000,1405,2341,9590000,3355
6,1360,95200000,95200000,1405,2341,95270000,33386
6,1361,95270000,95270000,1405,2341,95340000,33414
6,1362,95340000,95340000,1405,2341,95410000,33437
6,1363,95410000,95410000,1405,2341,95480000,33462
6,1364,95480000,95480000,1405,2341,95550000,33485
6,1365,95550000,95550000,1405,2341,95620000,33509
6,1366,95620000,95620000,1405,2341,95690000,33533
6,1367,95690000,95690000,1405,2341,95760000,33560
6,1368,95760000,95760000,1405,2341,95830000,33583
6,1369,95830000,95830000,1405,2341,95900000,33609
6,137,9590000,9590000,1405,2341,9660000,3383
6,1370,95900000,95900000,1405,2341,95970000,33633
6,1371,95970000,95970000,1405,2341,96040000,33657
6,1372,96040000,96040000,1405,2341,96110000,33680
6,1373,96110000,96110000,1405,2341,96180000,33708
6,1374,96180000,96180000,1405,2341,96250000,33731
6,1375,96250000,96250000,1405,2341,96320000,33757
6,1376,96320000,96320000,1405,2341,96390000,33779
6,1377,96390000,96390000,1405,2341,96460000,33804
6,1378,96460000,96460000,1405,2341,96530000,33828
6,1379,96530000,96530000,1405,2341,96600000,33855
6,138,9660000,9660000,1405,2341,9730000,3406
6,1380,96600000,96600000,1405,2341,96670000,33878
6,1381,96670000,96670000,1405,2341,96740000,33903
6,1382,96740000,96740000,1405,2341,96810000,33926
6,1383,96810000,96810000,1405,2341,96880000,33951
6,1384,96880000,96880000,1405,2341,96950000,33975
6,1385,96950000,96950000,1405,2341,97020000,34002
6,1386,97020000,97020000,1405,2341,97090000,34025
6,1387,97090000,97090000,1405,2341,97160000,34051
6,1388,97160000,97160000,1405,2341,97230000,34074
6,1389,97230000,97230000,1405,2341,97300000,34099
6,139,9730000,9730000,1405,2341,9800000,3431
6,1390,97300000,97300000,1405,2341,97370000,34122
6,1391,97370000,97370000,1405,2341,97440000,34150
6,1392,97440000,97440000,1405,2341,97510000,34173
6,1393,97510000,97510000,1405,2341,97580000,34198
6,1394,97580000,97580000,1405,2341,97650000,34220
6,1395,97650000,97650000,1405,2341,97720000,34245
6,1396,97720000,97720000,1405,2341,97790000,34269
6,1397,97790000,97790000,1405,2341,97860000,34297
6,1398,97860000,97860000,1405,2341,97930000,34320
6,1399,97930000,97930000,1405,2341,98000000,34344
6,14,980000,980000,1405,2341,1050000,363
6,140,9800000,9800000,1405,2341,9870000,3455
6,1400,98000000,98000000,1405,2341,98070000,34368
6,1401,98070000,98070000,1405,2341,98140000,34393
6,1402,98140000,98140000,1405,2341,98210000,34417
6,1403,98210000,98210000,1405,2341,98280000,34444
6,1404,98280000,98280000,1405,2341,98350000,34467
6,1405,98350000,98350000,1405,2341,98420000,34492
6,1406,98420000,98420000,1405,2341,98490000,34516
6,1407,98490000,98490000,1405,2341,98560000,34541
6,1408,98560000,98560000,1405,2341,98630000,34564
6,1409,98630000,98630000,1405,2341,98700000,34591
6,141,9870000,9870000,1405,2341,9940000,3479
6,1410,98700000,98700000,1405,2341,98770000,34613
6,1411,98770000,98770000,1405,2341,98840000,34639
6,1412,98840000,98840000,1405,2341,98910000,34662
6,1413,98910000,98910000,1405,2341,98980000,34687
6,1414,98980000,98980000,1405,2341,99050000,34711
6,1415,99050000,99050000,1405,2341,99120000,34739
6,1416,99120000,99120000,1405,2341,99190000,34761
6,1417,99190000,99190000,1405,2341,99260000,34786
6,1418,99260000,99260000,1405,2341,99330000,34810
6,1419,99330000,99330000,1405,2341,99400000,34835
6,142,9940000,9940000,1405,2341,10010000,3503
6,1420,99400000,99400000,1405,2341,99470000,34859
6,1421,99470000,99470000,1405,2341,99540000,34886
6,1422,99540000,99540000,1405,2341,99610000,34908
6,1423,99610000,99610000,1405,2341,99680000,34934
6,1424,99680000,99680000,1405,2341,99750000,34957
6,1425,99750000,99750000,1405,2341,99820000,34982
6,1426,99820000,99820000,1405,2341,99890000,35005
6,1427,99890000,99890000,1405,2341,99960000,35032
6,1428,99960000,99960000,1405,2341,100030000,35055
6,1429,100030000,100030000,1405,2341,100100000,35081
6,143,10010000,10010000,1405,2341,10080000,3530
6,1430,100100000,100100000,1405,2341,100170000,35104
6,1431,100170000,100170000,1405,2341,100240000,35129
6,1432,100240000,100240000,1405,2341,100310000,35153
6,1433,100310000,100310000,1405,2341,100380000,35180
6,1434,100380000,100380000,1405,2341,100450000,35203
6,1435,100450000,100450000,1405,2341,100520000,35228
6,1436,100520000,100520000,1405,2341,100590000,35252
6,1437,100590000,100590000,1405,2341,100660000,35277
6,1438,100660000,100660000,1405,2341,100730000,35301
6,1439,100730000,100730000,1405,2341,100800000,35326
6,144,10080000,10080000,1405,2341,10150000,3553
6,1440,100800000,100800000,1405,2341,100870000,35349
6,1441,100870000,100870000,1405,2341,100940000,35375
6,1442,100940000,100940000,1405,2341,101010000,35399
6,1443,101010000,101010000,1405,2341,101080000,35424
6,1444,101080000,101080000,1405,2341,101150000,35446
6,1445,101150000,101150000,1405,2341,101220000,35474
6,1446,101220000,101220000,1405,2341,101290000,35497
6,1447,101290000,101290000,1405,2341,101360000,35523
6,1448,101360000,101360000,1405,2341,101430000,35546
6,1449,101430000,101430000,1405,2341,101500000,35571
6,145,10150000,10150000,1405,2341,10220000,3579
6,1450,101500000,101500000,1405,2341,101570000,35594
6,1451,101570000,101570000,1405,2341,101640000,35622
6,1452,101640000,101640000,1405,2341,101710000,35645
6,1453,101710000,101710000,1405,2341,101780000,35670
6,1454,101780000,101780000,1405,2341,101850000,35693
6,1455,101850000,101850000,1405,2341,101920000,35718
6,1456,101920000,101920000,1405,2341,101990000,35741
6,1457,101990000,101990000,1405,2341,102060000,35768
6,1458,102060000,102060000,1405,2341,102130000,35791
6,1459,102130000,102130000,1405,2341,102200000,35817
6,146,10220000,10220000,1405,2341,10290000,3603
6,1460,102200000,102200000,1405,2341,102270000,35841
6,1461,102270000,102270000,1405,2341,102340000,35865
6,1462,102340000,102340000,1405,2341,102410000,35888
6,1463,102410000,102410000,1405,2341,102480000,35916
6,1464,102480000,102480000,1405,2341,102550000,35939
6,1465,102550000,102550000,1405,2341,102620000,35965
6,1466,102620000,102620000,1405,2341,102690000,35988
6,1467,102690000,102690000,1405,2341,102760000,36012
6,1468,102760000,102760000,1405,2341,102830000,36036
6,1469,102830000,102830000,1405,2341,102900000,36063
6,147,10290000,10290000,1405,2341,10360000,3627
6,1470,102900000,102900000,1405,2341,102970000,36086
6,1471,102970000,102970000,1405,2341,103040000,36111
6,1472,103040000,103040000,1405,2341,103110000,36135
6,1473,103110000,103110000,1405,2341,103180000,36159
6,1474,103180000,103180000,1405,2341,103250000,36183
6,1475,103250000,103250000,1405,2341,103320000,36210
6,1476,103320000,103320000,1405,2341,103390000,36233
6,1477,103390000,103390000,1405,2341,103460000,36259
6,1478,103460000,103460000,1405,2341,103530000,36282
6,1479,103530000,103530000,1405,2341,103600000,36307
6,148,10360000,10360000,1405,2341,10430000,3650
6,1480,103600000,103600000,1405,2341,103670000,36330
6,1481,103670000,103670000,1405,2341,103740000,36358
6,1482,103740000,103740000,1405,2341,103810000,36381
6,1483,103810000,103810000,1405,2341,103880000,36407
6,1484,103880000,103880000,1405,2341,103950000,36428
6,1485,103950000,103950000,1405,2341,104020000,36453
6,1486,104020000,104020000,1405,2341,104090000,36477
6,1487,104090000,104090000,1405,2341,104160000,36505
6,1488,104160000,104160000,1405,2341,104230000,36528
6,1489,104230000,104230000,1405,2341,104300000,36553
6,149,10430000,10430000,1405,2341,10500000,3677
6,1490,104300000,104300000,1405,2341,104370000,36576
6,1491,104370000,104370000,1405,2341,104440000,36601
6,1492,104440000,104440000,1405,2341,104510000,36625
6,1493,104510000,104510000,1405,2341,104580000,36652
6,1494,104580000,104580000,1405,2341,104650000,36675
6,1495,104650000,104650000,1405,2341,104720000,36700
6,1496,104720000,104720000,1405,2341,104790000,36724
6,1497,104790000,104790000,1405,2341,104860000,36749
6,1498,104860000,104860000,1405,2341,104930000,36772
6,1499,104930000,104930000,1405,2341,105000000,36799
6,15,1050000,1050000,1405,2341,1120000,388
6,150,10500000,10500000,1405,2341,10570000,3700
6,1500,105000000,105000000,1405,2341,105070000,36822
6,1501,105070000,105070000,1405,2341,105140000,36847
6,1502,105140000,105140000,1405,2341,105210000,36870
6,1503,105210000,105210000,1405,2341,105280000,36895
6,1504,105280000,105280000,1405,2341,105350000,36919
6,1505,105350000,105350000,1405,2341,105420000,36947
6,1506,105420000,105420000,1405,2341,105490000,36970
6,1507,105490000,105490000,1405,2341,105560000,36994
6,1508,105560000,105560000,1405,2341,105630000,37018
6,1509,105630000,105630000,1405,2341,105700000,37043
6,151,10570000,10570000,1405,2341,10640000,3726
6,1510,105700000,105700000,1405,2341,105770000,37067
6,1511,105770000,105770000,1405,2341,105840000,37094
6,1512,105840000,105840000,1405,2341,105910000,37116
6,1513,105910000,105910000,1405,2341,105980000,37142
6,1514,105980000,105980000,1405,2341,106050000,37165
6,1515,106050000,106050000,1405,2341,106120000,37190
6,1516,106120000,106120000,1405,2341,106190000,37213
6,1517,106190000,106190000,1405,2341,106260000,37241
6,1518,106260000,106260000,1405,2341,106330000,37263
6,1519,106330000,106330000,1405,2341,106400000,37289
6,152,10640000,10640000,1405,2341,10710000,3748
6,1520,106400000,106400000,1405,2341,106470000,37312
6,1521,106470000,106470000,1405,2341,106540000,37337
6,1522,106540000,106540000,1405,2341,106610000,37361
6,1523,106610000,106610000,1405,2341,106680000,37389
6,1524,106680000,106680000,1405,2341,106750000,37411
6,1525,106750000,106750000,1405,2341,106820000,37436
6,1526,106820000,106820000,1405,2341,106890000,37460
6,1527,106890000,106890000,1405,2341,106960000,37485
6,1528,106960000,106960000,1405,2341,107030000,37509
6,1529,107030000,107030000,1405,2341,107100000,37534
6,153,10710000,10710000,1405,2341,10780000,3773
6,154,10780000,10780000,1405,2341,10850000,3797
6,155,10850000,10850000,1405,2341,10920000,3825
6,156,10920000,10920000,1405,2341,10990000,3848
6,157,10990000,10990000,1405,2341,11060000,3873
6,158,11060000,11060000,1405,2341,11130000,3896
6,159,11130000,11130000,1405,2341,11200000,3921
6,16,1120000,1120000,1405,2341,1190000,411
6,160,11200000,11200000,1405,2341,11270000,3945
6,161,11270000,11270000,1405,2341,11340000,3972
6,162,11340000,11340000,1405,2341,11410000,3995
6,163,11410000,11410000,1405,2341,11480000,4021
6,164,11480000,11480000,1405,2341,11550000,4043
6,165,11550000,11550000,1405,2341,11620000,4068
6,166,11620000,11620000,1405,2341,11690000,4091
6,167,11690000,11690000,1405,2341,11760000,4119
6,168,11760000,11760000,1405,2341,11830000,4142
6,169,11830000,11830000,1405,2341,11900000,4167
6,17,1190000,1190000,1405,2341,1260000,438
6,170,11900000,11900000,1405,2341,11970000,4190
6,171,11970000,11970000,1405,2341,12040000,4215
6,172,12040000,12040000,1405,2341,12110000,4239
6,173,12110000,12110000,1405,2341,12180000,4267
6,174,12180000,12180000,1405,2341,12250000,4290
6,175,12250000,12250000,1405,2341,12320000,4314
6,176,12320000,12320000,1405,2341,12390000,4338
6,177,12390000,12390000,1405,2341,12460000,4363
6,178,12460000,12460000,1405,2341,12530000,4387
6,179,12530000,12530000,1405,2341,12600000,4413
6,18,1260000,1260000,1405,2341,1330000,461
6,180,12600000,12600000,1405,2341,12670000,4436
6,181,12670000,12670000,1405,2341,12740000,4461
6,182,12740000,12740000,1405,2341,12810000,4485
6,183,12810000,12810000,1405,2341,12880000,4510
6,184,12880000,12880000,1405,2341,12950000,4533
6,185,12950000,12950000,1405,2341,13020000,4561
6,186,13020000,13020000,1405,2341,13090000,4583
6,187,13090000,13090000,1405,2341,13160000,4609
6,188,13160000,13160000,1405,2341,13230000,4632
6,189,13230000,13230000,1405,2341,13300000,4657
6,19,1330000,1330000,1405,2341,1400000,487
6,190,13300000,13300000,1405,2341,13370000,4681
6,191,13370000,13370000,1405,2341,13440000,4709
6,192,13440000,13440000,1405,2341,13510000,4731
6,193,13510000,13510000,1405,2341,13580000,4756
6,194,13580000,13580000,1405,2341,13650000,4779
6,195,13650000,13650000,1405,2341,13720000,4804
6,196,13720000,13720000,1405,2341,13790000,4828
6,197,13790000,13790000,1405,2341,13860000,4855
6,198,13860000,13860000,1405,2341,13930000,4877
6,199,13930000,13930000,1405,2341,14000000,4903
6,2,140000,140000,1405,2341,210000,69
6,20,1400000,1400000,1405,2341,1470000,511
6,200,14000000,14000000,1405,2341,14070000,4927
6,201,14070000,14070000,1405,2341,14140000,4952
6,202,14140000,14140000,1405,2341,14210000,4975
6,203,14210000,14210000,1405,2341,14280000,5002
6,204,14280000,14280000,1405,2341,14350000,5025
6,205,14350000,14350000,1405,2341,14420000,5051
6,206,14420000,14420000,1405,2341,14490000,5074
6,207,14490000,14490000,1405,2341,14560000,5099
6,208,14560000,14560000,1405,2341,14630000,5123
6,209,14630000,14630000,1405,2341,14700000,5149
6,21,1470000,1470000,1405,2341,1540000,536
6,210,14700000,14700000,1405,2341,14770000,5172
6,211,14770000,14770000,1405,2341,14840000,5197
6,212,14840000,14840000,1405,2341,14910000,5221
6,213,14910000,14910000,1405,2341,14980000,5246
6,214,14980000,14980000,1405,2341,15050000,5270
6,215,15050000,15050000,1405,2341,15120000,5296
6,216,15120000,15120000,1405,2341,15190000,5319
6,217,15190000,15190000,1405,2341,15260000,5345
6,218,15260000,15260000,1405,2341,15330000,5369
6,219,15330000,15330000,1405,2341,15400000,5394
6,22,1540000,1540000,1405,2341,1610000,558
6,220,15400000,15400000,1405,2341,15470000,5416
6,221,15470000,15470000,1405,2341,15540000,5444
6,222,15540000,15540000,1405,2341,15610000,5467
6,223,15610000,15610000,1405,2341,15680000,5493
6,224,15680000,15680000,1405,2341,15750000,5515
6,225,15750000,15750000,1405,2341,15820000,5540
6,226,15820000,15820000,1405,2341,15890000,5563
6,227,15890000,15890000,1405,2341,15960000,5591
6,228,15960000,15960000,1405,2341,16030000,5614
6,229,16030000,16030000,1405,2341,16100000,5639
6,23,1610000,1610000,1405,2341,1680000,586
6,230,16100000,16100000,1405,2341,16170000,5663
6,231,16170000,16170000,1405,2341,16240000,5688
6,232,16240000,16240000,1405,2341,16310000,5711
6,233,16310000,16310000,1405,2341,16380000,5738
6,234,16380000,16380000,1405,2341,16450000,5761
6,235,16450000,16450000,1405,2341,16520000,5787
6,236,16520000,16520000,1405,2341,16590000,5811
6,237,16590000,16590000,1405,2341,16660000,5835
6,238,16660000,16660000,1405,2341,16730000,5858
6,239,16730000,16730000,1405,2341,16800000,5885
6,24,1680000,1680000,1405,2341,1750000,609
6,240,16800000,16800000,1405,2341,16870000,5908
6,241,16870000,16870000,1405,2341,16940000,5934
6,242,16940000,16940000,1405,2341,17010000,5957
6,243,17010000,17010000,1405,2341,17080000,5981
6,244,17080000,17080000,1405,2341,17150000,6005
6,245,17150000,17150000,1405,2341,17220000,6033
6,246,17220000,17220000,1405,2341,17290000,6056
6,247,17290000,17290000,1405,2341,17360000,6081
6,248,17360000,17360000,1405,2341,17430000,6105
6,249,17430000,17430000,1405,2341,17500000,6129
6,25,1750000,1750000,1405,2341,1820000,635
6,250,17500000,17500000,1405,2341,17570000,6153
6,251,17570000,17570000,1405,2341,17640000,6180
6,252,17640000,17640000,1405,2341,17710000,6203
6,253,17710000,17710000,1405,2341,17780000,6229
6,254,17780000,17780000,1405,2341,17850000,6251
6,255,17850000,17850000,1405,2341,17920000,6276
6,256,17920000,17920000,1405,2341,17990000,6299
6,257,17990000,17990000,1405,2341,18060000,6327
6,258,18060000,18060000,1405,2341,18130000,6350
6,259,18130000,18130000,1405,2341,18200000,6376
6,26,1820000,1820000,1405,2341,1890000,658
6,260,18200000,18200000,1405,2341,18270000,6398
6,261,18270000,18270000,1405,2341,18340000,6423
6,262,18340000,18340000,1405,2341,18410000,6447
6,263,18410000,18410000,1405,2341,18480000,6475
6,264,18480000,18480000,1405,2341,18550000,6498
6,265,18550000,18550000,1405,2341,18620000,6523
6,266,18620000,18620000,1405,2341,18690000,6546
6,267,18690000,18690000,1405,2341,18760000,6571
6,268,18760000,18760000,1405,2341,18830000,6595
6,269,18830000,18830000,1405,2341,18900000,6621
6,27,1890000,1890000,1405,2341,1960000,683
6,270,18900000,18900000,1405,2341,18970000,6644
6,271,18970000,18970000,1405,2341,19040000,6669
6,272,19040000,19040000,1405,2341,19110000,6693
6,273,19110000,19110000,1405,2341,19180000,6718
6,274,19180000,19180000,1405,2341,19250000,6741
6,275,19250000,19250000,1405,2341,19320000,6769
6,276,19320000,19320000,1405,2341,19390000,6792
6,277,19390000,19390000,1405,2341,19460000,6817
6,278,19460000,19460000,1405,2341,19530000,6840
6,279,19530000,19530000,1405,2341,19600000,6865
6,28,1960000,1960000,1405,2341,2030000,706
6,280,19600000,19600000,1405,2341,19670000,6889
6,281,19670000,19670000,1405,2341,19740000,6917
6,282,19740000,19740000,1405,2341,19810000,6940
6,283,19810000,19810000,1405,2341,19880000,6964
6,284,19880000,19880000,1405,2341,19950000,6987
6,285,19950000,19950000,1405,2341,20020000,7012
6,286,20020000,20020000,1405,2341,20090000,7036
6,287,20090000,20090000,1405,2341,20160000,7063
6,288,20160000,20160000,1405,2341,20230000,7085
6,289,20230000,20230000,1405,2341,20300000,7111
6,29,2030000,2030000,1405,2341,2100000,733
6,290,20300000,20300000,1405,2341,20370000,7135
6,291,20370000,20370000,1405,2341,20440000,7160
6,292,20440000,20440000,1405,2341,20510000,7183
6,293,20510000,20510000,1405,2341,20580000,7211
6,294,20580000,20580000,1405,2341,20650000,7233
6,295,20650000,20650000,1405,2341,20720000,7259
6,296,20720000,20720000,1405,2341,20790000,7282
6,297,20790000,20790000,1405,2341,20860000,7307
6,298,20860000,20860000,1405,2341,20930000,7331
6,299,20930000,20930000,1405,2341,21000000,7358
6,3,210000,210000,1405,2341,280000,94
6,30,2100000,2100000,1405,2341,2170000,756
6,300,21000000,21000000,1405,2341,21070000,7380
6,301,21070000,21070000,1405,2341,21140000,7405
6,302,21140000,21140000,1405,2341,21210000,7429
6,303,21210000,21210000,1405,2341,21280000,7454
6,304,21280000,21280000,1405,2341,21350000,7478
6,305,21350000,21350000,1405,2341,21420000,7504
6,306,21420000,21420000,1405,2341,21490000,7527
6,307,21490000,21490000,1405,2341,21560000,7553
6,308,21560000,21560000,1405,2341,21630000,7577
6,309,21630000,21630000,1405,2341,21700000,7602
6,31,2170000,2170000,1405,2341,2240000,781
6,310,21700000,21700000,1405,2341,21770000,7625
6,311,21770000,21770000,1405,2341,21840000,7652
6,312,21840000,21840000,1405,2341,21910000,7675
6,313,21910000,21910000,1405,2341,21980000,7701
6,314,21980000,21980000,1405,2341,22050000,7723
6,315,22050000,22050000,1405,2341,22120000,7748
6,316,22120000,22120000,1405,2341,22190000,7772
6,317,22190000,22190000,1405,2341,22260000,7799
6,318,22260000,22260000,1405,2341,22330000,7822
6,319,22330000,22330000,1405,2341,22400000,7847
6,32,2240000,2240000,1405,2341,2310000,805
6,320,22400000,22400000,1405,2341,22470000,7871
6,321,22470000,22470000,1405,2341,22540000,7896
6,322,22540000,22540000,1405,2341,22610000,7919
6,323,22610000,22610000,1405,2341,22680000,7946
6,324,22680000,22680000,1405,2341,22750000,7969
6,325,22750000,22750000,1405,2341,22820000,7995
6,326,22820000,22820000,1405,2341,22890000,8019
6,327,22890000,22890000,1405,2341,22960000,8044
6,328,22960000,22960000,1405,2341,23030000,8066
6,329,23030000,23030000,1405,2341,23100000,8093
6,33,2310000,2310000,1405,2341,2380000,829
6,330,23100000,23100000,1405,2341,23170000,8116
6,331,23170000,23170000,1405,2341,23240000,8142
6,332,23240000,23240000,1405,2341,23310000,8165
6,333,23310000,23310000,1405,2341,23380000,8190
6,334,23380000,23380000,1405,2341,23450000,8213
6,335,23450000,23450000,1405,2341,23520000,8241
6,336,23520000,23520000,1405,2341,23590000,8264
6,337,23590000,23590000,1405,2341,23660000,8289
6,338,23660000,23660000,1405,2341,23730000,8313
6,339,23730000,23730000,1405,2341,23800000,8337
6,34,2380000,2380000,1405,2341,2450000,853
6,340,23800000,23800000,1405,2341,23870000,8361
6,341,23870000,23870000,1405,2341,23940000,8388
6,342,23940000,23940000,1405,2341,24010000,8411
6,343,24010000,24010000,1405,2341,24080000,8437
6,344,24080000,24080000,1405,2341,24150000,8460
6,345,24150000,24150000,1405,2341,24220000,8484
6,346,24220000,24220000,1405,2341,24290000,8507
6,347,24290000,24290000,1405,2341,24360000,8535
6,348,24360000,24360000,1405,2341,24430000,8558
6,349,24430000,24430000,1405,2341,24500000,8584
6,35,2450000,2450000,1405,2341,2520000,880
6,350,24500000,24500000,1405,2341,24570000,8607
6,351,24570000,24570000,1405,2341,24640000,8631
6,352,24640000,24640000,1405,2341,24710000,8655
6,353,24710000,24710000,1405,2341,24780000,8683
6,354,24780000,24780000,1405,2341,24850000,8706
6,355,24850000,24850000,1405,2341,24920000,8731
6,356,24920000,24920000,1405,2341,24990000,8754
6,357,24990000,24990000,1405,2341,25060000,8779
6,358,25060000,25060000,1405,2341,25130000,8803
6,359,25130000,25130000,1405,2341,25200000,8829
6,36,2520000,2520000,1405,2341,2590000,903
6,360,25200000,25200000,1405,2341,25270000,8852
6,361,25270000,25270000,1405,2341,25340000,8878
6,362,25340000,25340000,1405,2341,25410000,8901
6,363,25410000,25410000,1405,2341,25480000,8926
6,364,25480000,25480000,1405,2341,25550000,8949
6,365,25550000,25550000,1405,2341,25620000,8977
6,366,25620000,25620000,1405,2341,25690000,9000
6,367,25690000,25690000,1405,2341,25760000,9026
6,368,25760000,25760000,1405,2341,25830000,9048
6,369,25830000,25830000,1405,2341,25900000,9073
6,37,2590000,2590000,1405,2341,2660000,929
6,370,25900000,25900000,1405,2341,25970000,9097
6,371,25970000,25970000,1405,2341,26040000,9125
6,372,26040000,26040000,1405,2341,26110000,9148
6,373,26110000,26110000,1405,2341,26180000,9172
6,374,26180000,26180000,1405,2341,26250000,9195
6,375,26250000,26250000,1405,2341,26320000,9220
6,376,26320000,26320000,1405,2341,26390000,9244
6,377,26390000,26390000,1405,2341,26460000,9271
6,378,26460000,26460000,1405,2341,26530000,9294
6,379,26530000,26530000,1405,2341,26600000,9319
6,38,2660000,2660000,1405,2341,2730000,953
6,380,26600000,26600000,1405,2341,26670000,9343
6,381,26670000,26670000,1405,2341,26740000,9368
6,382,26740000,26740000,1405,2341,26810000,9391
6,383,26810000,26810000,1405,2341,26880000,9419
6,384,26880000,26880000,1405,2341,26950000,9442
6,385,26950000,26950000,1405,2341,27020000,9467
6,386,27020000,27020000,1405,2341,27090000,9490
6,387,27090000,27090000,1405,2341,27160000,9515
6,388,27160000,27160000,1405,2341,27230000,9539
6,389,27230000,27230000,1405,2341,27300000,9566
6,39,2730000,2730000,1405,2341,2800000,977
6,390,27300000,27300000,1405,2341,27370000,9588
6,391,27370000,27370000,1405,2341,27440000,9613
6,392,27440000,27440000,1405,2341,27510000,9637
6,393,27510000,27510000,1405,2341,27580000,9662
6,394,27580000,27580000,1405,2341,27650000,9686
6,395,27650000,27650000,1405,2341,27720000,9713
6,396,27720000,27720000,1405,2341,27790000,9735
6,397,27790000,27790000,1405,2341,27860000,9761
6,398,27860000,27860000,1405,2341,27930000,9785
6,399,27930000,27930000,1405,2341,28000000,9810
6,4,280000,280000,1405,2341,350000,117
6,40,2800000,2800000,1405,2341,2870000,1000
6,400,28000000,28000000,1405,2341,28070000,9833
6,401,28070000,28070000,1405,2341,28140000,9861
6,402,28140000,28140000,1405,2341,28210000,9883
6,403,28210000,28210000,1405,2341,28280000,9909
6,404,28280000,28280000,1405,2341,28350000,9931
6,405,28350000,28350000,1405,2341,28420000,9956
6,406,28420000,28420000,1405,2341,28490000,9980
6,407,28490000,28490000,1405,2341,28560000,10007
6,408,28560000,28560000,1405,2341,28630000,10030
6,409,28630000,28630000,1405,2341,28700000,10055
6,41,2870000,2870000,1405,2341,2940000,1028
6,410,28700000,28700000,1405,2341,28770000,10079
6,411,28770000,28770000,1405,2341,28840000,10104
6,412,28840000,28840000,1405,2341,28910000,10128
6,413,28910000,28910000,1405,2341,28980000,10154
6,414,28980000,28980000,1405,2341,29050000,10177
6,415,29050000,29050000,1405,2341,29120000,10203
6,416,29120000,29120000,1405,2341,29190000,10227
6,417,29190000,29190000,1405,2341,29260000,10252
6,418,29260000,29260000,1405,2341,29330000,10275
6,419,29330000,29330000,1405,2341,29400000,10301
6,42,2940000,2940000,1405,2341,3010000,1051
6,420,29400000,29400000,1405,2341,29470000,10324
6,421,29470000,29470000,1405,2341,29540000,10350
6,422,29540000,29540000,1405,2341,29610000,10373
6,423,29610000,29610000,1405,2341,29680000,10398
6,424,29680000,29680000,1405,2341,29750000,10421
6,425,29750000,29750000,1405,2341,29820000,10449
6,426,29820000,29820000,1405,2341,29890000,10472
6,427,29890000,29890000,1405,2341,29960000,10497
6,428,29960000,29960000,1405,2341,30030000,10521
6,429,30030000,30030000,1405,2341,30100000,10546
6,43,3010000,3010000,1405,2341,3080000,1077
6,430,30100000,30100000,1405,2341,30170000,10569
6,431,30170000,30170000,1405,2341,30240000,10596
6,432,30240000,30240000,1405,2341,30310000,10619
6,433,30310000,30310000,1405,2341,30380000,10645
6,434,30380000,30380000,1405,2341,30450000,10668
6,435,30450000,30450000,1405,2341,30520000,10693
6,436,30520000,30520000,1405,2341,30590000,10715
6,437,30590000,30590000,1405,2341,30660000,10743
6,438,30660000,30660000,1405,2341,30730000,10766
6,439,30730000,30730000,1405,2341,30800000,10792
6,44,3080000,3080000,1405,2341,3150000,1099
6,440,30800000,30800000,1405,2341,30870000,10815
6,441,30870000,30870000,1405,2341,30940000,10839
6,442,30940000,30940000,1405,2341,31010000,10863
6,443,31010000,31010000,1405,2341,31080000,10891
6,444,31080000,31080000,1405,2341,31150000,10914
6,445,31150000,31150000,1405,2341,31220000,10939
6,446,31220000,31220000,1405,2341,31290000,10963
6,447,31290000,31290000,1405,2341,31360000,10987
6,448,31360000,31360000,1405,2341,31430000,11011
6,449,31430000,31430000,1405,2341,31500000,11037
6,45,3150000,3150000,1405,2341,3220000,1123
6,450,31500000,31500000,1405,2341,31570000,11060
6,451,31570000,31570000,1405,2341,31640000,11086
6,452,31640000,31640000,1405,2341,31710000,11110
6,453,31710000,31710000,1405,2341,31780000,11134
6,454,31780000,31780000,1405,2341,31850000,11157
6,455,31850000,31850000,1405,2341,31920000,11185
6,456,31920000,31920000,1405,2341,31990000,11208
6,457,31990000,31990000,1405,2341,32060000,11234
6,458,32060000,32060000,1405,2341,32130000,11256
6,459,32130000,32130000,1405,2341,32200000,11281
6,46,3220000,3220000,1405,2341,3290000,1147
6,460,32200000,32200000,1405,2341,32270000,11305
6,461,32270000,32270000,1405,2341,32340000,11333
6,462,32340000,32340000,1405,2341,32410000,11356
6,463,32410000,32410000,1405,2341,32480000,11381
6,464,32480000,32480000,1405,2341,32550000,11403
6,465,32550000,32550000,1405,2341,32620000,11428
6,466,32620000,32620000,1405,2341,32690000,11452
6,467,32690000,32690000,1405,2341,32760000,11479
6,468,32760000,32760000,1405,2341,32830000,11502
6,469,32830000,32830000,1405,2341,32900000,11528
6,47,3290000,3290000,1405,2341,3360000,1175
6,470,32900000,32900000,1405,2341,32970000,11551
6,471,32970000,32970000,1405,2341,33040000,11576
6,472,33040000,33040000,1405,2341,33110000,11599
6,473,33110000,33110000,1405,2341,33180000,11627
6,474,33180000,33180000,1405,2341,33250000,11650
6,475,33250000,33250000,1405,2341,33320000,11675
6,476,33320000,33320000,1405,2341,33390000,11698
6,477,33390000,33390000,1405,2341,33460000,11723
6,478,33460000,33460000,1405,2341,33530000,11747
6,479,33530000,33530000,1405,2341,33600000,11774
6,48,3360000,3360000,1405,2341,3430000,1198
6,480,33600000,33600000,1405,2341,33670000,11797
6,481,33670000,33670000,1405,2341,33740000,11821
6,482,33740000,33740000,1405,2341,33810000,11845
6,483,33810000,33810000,1405,2341,33880000,11870
6,484,33880000,33880000,1405,2341,33950000,11894
6,485,33950000,33950000,1405,2341,34020000,11921
6,486,34020000,34020000,1405,2341,34090000,11944
6,487,34090000,34090000,1405,2341,34160000,11969
6,488,34160000,34160000,1405,2341,34230000,11993
6,489,34230000,34230000,1405,2341,34300000,12018
6,49,3430000,3430000,1405,2341,3500000,1223
6,490,34300000,34300000,1405,2341,34370000,12041
6,491,34370000,34370000,1405,2341,34440000,12069
6,492,34440000,34440000,1405,2341,34510000,12091
6,493,34510000,34510000,1405,2341,34580000,12117
6,494,34580000,34580000,1405,2341,34650000,12139
6,495,34650000,34650000,1405,2341,34720000,12164
6,496,34720000,34720000,1405,2341,34790000,12188
6,497,34790000,34790000,1405,2341,34860000,12216
6,498,34860000,34860000,1405,2341,34930000,12238
6,499,34930000,34930000,1405,2341,35000000,12263
6,5,350000,350000,1405,2341,420000,144
6,50,3500000,3500000,1405,2341,3570000,1246
6,500,35000000,35000000,1405,2341,35070000,12287
6,501,35070000,35070000,1405,2341,35140000,12312
6,502,35140000,35140000,1405,2341,35210000,12336
6,503,35210000,35210000,1405,2341,35280000,12363
6,504,35280000,35280000,1405,2341,35350000,12385
6,505,35350000,35350000,1405,2341,35420000,12411
6,506,35420000,35420000,1405,2341,35490000,12435
6,507,35490000,35490000,1405,2341,35560000,12460
6,508,35560000,35560000,1405,2341,35630000,12483
6,509,35630000,35630000,1405,2341,35700000,12509
6,51,3570000,3570000,1405,2341,3640000,1271
6,510,35700000,35700000,1405,2341,35770000,12532
6,511,35770000,35770000,1405,2341,35840000,12558
6,512,35840000,35840000,1405,2341,35910000,12581
6,513,35910000,35910000,1405,2341,35980000,12606
6,514,35980000,35980000,1405,2341,36050000,12630
6,515,36050000,36050000,1405,2341,36120000,12657
6,516,36120000,36120000,1405,2341,36190000,12680
6,517,36190000,36190000,1405,2341,36260000,12705
6,518,36260000,36260000,1405,2341,36330000,12729
6,519,36330000,36330000,1405,2341,36400000,12754
6,52,3640000,3640000,1405,2341,3710000,1295
6,520,36400000,36400000,1405,2341,36470000,12778
6,521,36470000,36470000,1405,2341,36540000,12804
6,522,36540000,36540000,1405,2341,36610000,12827
6,523,36610000,36610000,1405,2341,36680000,12853
6,524,36680000,36680000,1405,2341,36750000,12876
6,525,36750000,36750000,1405,2341,36820000,12901
6,526,36820000,36820000,1405,2341,36890000,12923
6,527,36890000,36890000,1405,2341,36960000,12951
6,528,36960000,36960000,1405,2341,37030000,12974
6,529,37030000,37030000,1405,2341,37100000,13000
6,53,3710000,3710000,1405,2341,3780000,1322
6,530,37100000,37100000,1405,2341,37170000,13023
6,531,37170000,37170000,1405,2341,37240000,13048
6,532,37240000,37240000,1405,2341,37310000,13071
6,533,37310000,37310000,1405,2341,37380000,13099
6,534,37380000,37380000,1405,2341,37450000,13122
6,535,37450000,37450000,1405,2341,37520000,13147
6,536,37520000,37520000,1405,2341,37590000,13171
6,537,37590000,37590000,1405,2341,37660000,13196
6,538,37660000,37660000,1405,2341,37730000,13219
6,539,37730000,37730000,1405,2341,37800000,13245
6,54,3780000,3780000,1405,2341,3850000,1345
6,540,37800000,37800000,1405,2341,37870000,13268
6,541,37870000,37870000,1405,2341,37940000,13294
6,542,37940000,37940000,1405,2341,38010000,13318
6,543,38010000,38010000,1405,2341,38080000,13342
6,544,38080000,38080000,1405,2341,38150000,13365
6,545,38150000,38150000,1405,2341,38220000,13393
6,546,38220000,38220000,1405,2341,38290000,13416
6,547,38290000,38290000,1405,2341,38360000,13442
6,548,38360000,38360000,1405,2341,38430000,13465
6,549,38430000,38430000,1405,2341,38500000,13489
6,55,3850000,3850000,1405,2341,3920000,1371
6,550,38500000,38500000,1405,2341,38570000,13513
6,551,38570000,38570000,1405,2341,38640000,13541
6,552,38640000,38640000,1405,2341,38710000,13564
6,553,38710000,38710000,1405,2341,38780000,13589
6,554,38780000,38780000,1405,2341,38850000,13612
6,555,38850000,38850000,1405,2341,38920000,13636
6,556,38920000,38920000,1405,2341,38990000,13660
6,557,38990000,38990000,1405,2341,39060000,13687
6,558,39060000,39060000,1405,2341,39130000,13710
6,559,39130000,39130000,1405,2341,39200000,13736
6,56,3920000,3920000,1405,2341,3990000,1394
6,560,39200000,39200000,1405,2341,39270000,13759
6,561,39270000,39270000,1405,2341,39340000,13784
6,562,39340000,39340000,1405,2341,39410000,13807
6,563,39410000,39410000,1405,2341,39480000,13835
6,564,39480000,39480000,1405,2341,39550000,13858
6,565,39550000,39550000,1405,2341,39620000,13884
6,566,39620000,39620000,1405,2341,39690000,13906
6,567,39690000,39690000,1405,2341,39760000,13931
6,568,39760000,39760000,1405,2341,39830000,13955
6,569,39830000,39830000,1405,2341,39900000,13982
6,57,3990000,3990000,1405,2341,4060000,1419
6,570,39900000,39900000,1405,2341,39970000,14005
6,571,39970000,39970000,1405,2341,40040000,14030
6,572,40040000,40040000,1405,2341,40110000,14053
6,573,40110000,40110000,1405,2341,40180000,14078
6,574,40180000,40180000,1405,2341,40250000,14102
6,575,40250000,40250000,1405,2341,40320000,14129
6,576,40320000,40320000,1405,2341,40390000,14152
6,577,40390000,40390000,1405,2341,40460000,14177
6,578,40460000,40460000,1405,2341,40530000,14201
6,579,40530000,40530000,1405,2341,40600000,14226
6,58,4060000,4060000,1405,2341,4130000,1442
6,580,40600000,40600000,1405,2341,40670000,14249
6,581,40670000,40670000,1405,2341,40740000,14277
6,582,40740000,40740000,1405,2341,40810000,14300
6,583,40810000,40810000,1405,2341,40880000,14325
6,584,40880000,40880000,1405,2341,40950000,14347
6,585,40950000,40950000,1405,2341,41020000,14372
6,586,41020000,41020000,1405,2341,41090000,14396
6,587,41090000,41090000,1405,2341,41160000,14424
6,588,41160000,41160000,1405,2341,41230000,14447
6,589,41230000,41230000,1405,2341,41300000,14471
6,59,4130000,4130000,1405,2341,4200000,1469
6,590,41300000,41300000,1405,2341,41370000,14495
6,591,41370000,41370000,1405,2341,41440000,14520
6,592,41440000,41440000,1405,2341,41510000,14544
6,593,41510000,41510000,1405,2341,41580000,14571
6,594,41580000,41580000,1405,2341,41650000,14593
6,595,41650000,41650000,1405,2341,41720000,14619
6,596,41720000,41720000,1405,2341,41790000,14643
6,597,41790000,41790000,1405,2341,41860000,14668
6,598,41860000,41860000,1405,2341,41930000,14691
6,599,41930000,41930000,1405,2341,42000000,14718
6,6,420000,420000,1405,2341,490000,167
6,60,4200000,4200000,1405,2341,4270000,1492
6,600,42000000,42000000,1405,2341,42070000,14740
6,601,42070000,42070000,1405,2341,42140000,14766
6,602,42140000,42140000,1405,2341,42210000,14789
6,603,42210000,42210000,1405,2341,42280000,14814
6,604,42280000,42280000,1405,2341,42350000,14838
6,605,42350000,42350000,1405,2341,42420000,14866
6,606,42420000,42420000,1405,2341,42490000,14888
6,607,42490000,42490000,1405,2341,42560000,14913
6,608,42560000,42560000,1405,2341,42630000,14937
6,609,42630000,42630000,1405,2341,42700000,14962
6,61,4270000,4270000,1405,2341,4340000,1518
6,610,42700000,42700000,1405,2341,42770000,14986
6,611,42770000,42770000,1405,2341,42840000,15012
6,612,42840000,42840000,1405,2341,42910000,15035
6,613,42910000,42910000,1405,2341,42980000,15061
6,614,42980000,42980000,1405,2341,43050000,15084
6,615,43050000,43050000,1405,2341,43120000,15109
6,616,43120000,43120000,1405,2341,43190000,15132
6,617,43190000,43190000,1405,2341,43260000,15159
6,618,43260000,43260000,1405,2341,43330000,15182
6,619,43330000,43330000,1405,2341,43400000,15208
6,62,4340000,4340000,1405,2341,4410000,1540
6,620,43400000,43400000,1405,2341,43470000,15231
6,621,43470000,43470000,1405,2341,43540000,15256
6,622,43540000,43540000,1405,2341,43610000,15280
6,623,43610000,43610000,1405,2341,43680000,15307
6,624,43680000,43680000,1405,2341,43750000,15330
6,625,43750000,43750000,1405,2341,43820000,15355
6,626,43820000,43820000,1405,2341,43890000,15379
6,627,43890000,43890000,1405,2341,43960000,15404
6,628,43960000,43960000,1405,2341,44030000,15427
6,629,44030000,44030000,1405,2341,44100000,15453
6,63,4410000,4410000,1405,2341,4480000,1565
6,630,44100000,44100000,1405,2341,44170000,15476
6,631,44170000,44170000,1405,2341,44240000,15502
6,632,44240000,44240000,1405,2341,44310000,15526
6,633,44310000,44310000,1405,2341,44380000,15551
6,634,44380000,44380000,1405,2341,44450000,15573
6,635,44450000,44450000,1405,2341,44520000,15601
6,636,44520000,44520000,1405,2341,44590000,15624
6,637,44590000,44590000,1405,2341,44660000,15650
6,638,44660000,44660000,1405,2341,44730000,15673
6,639,44730000,44730000,1405,2341,44800000,15698
6,64,4480000,4480000,1405,2341,4550000,1589
6,640,44800000,44800000,1405,2341,44870000,15721
6,641,44870000,44870000,1405,2341,44940000,15749
6,642,44940000,44940000,1405,2341,45010000,15772
6,643,45010000,45010000,1405,2341,45080000,15797
6,644,45080000,45080000,1405,2341,45150000,15820
6,645,45150000,45150000,1405,2341,45220000,15844
6,646,45220000,45220000,1405,2341,45290000,15868
6,647,45290000,45290000,1405,2341,45360000,15895
6,648,45360000,45360000,1405,2341,45430000,15918
6,649,45430000,45430000,1405,2341,45500000,15944
6,65,4550000,4550000,1405,2341,4620000,1617
6,650,45500000,45500000,1405,2341,45570000,15968
6,651,45570000,45570000,1405,2341,45640000,15992
6,652,45640000,45640000,1405,2341,45710000,16015
6,653,45710000,45710000,1405,2341,45780000,16043
6,654,45780000,45780000,1405,2341,45850000,16066
6,655,45850000,45850000,1405,2341,45920000,16092
6,656,45920000,45920000,1405,2341,45990000,16115
6,657,45990000,45990000,1405,2341,46060000,16139
6,658,46060000,46060000,1405,2341,46130000,16163
6,659,46130000,46130000,1405,2341,46200000,16190
6,66,4620000,4620000,1405,2341,4690000,1640
6,660,46200000,46200000,1405,2341,46270000,16213
6,661,46270000,46270000,1405,2341,46340000,16238
6,662,46340000,46340000,1405,2341,46410000,16261
6,663,46410000,46410000,1405,2341,46480000,16286
6,664,46480000,46480000,1405,2341,46550000,16310
6,665,46550000,46550000,1405,2341,46620000,16337
6,666,46620000,46620000,1405,2341,46690000,16360
6,667,46690000,46690000,1405,2341,46760000,16386
6,668,46760000,46760000,1405,2341,46830000,16409
6,669,46830000,46830000,1405,2341,46900000,16434
6,67,4690000,4690000,1405,2341,4760000,1664
6,670,46900000,46900000,1405,2341,46970000,16457
6,671,46970000,46970000,1405,2341,47040000,16485
6,672,47040000,47040000,1405,2341,47110000,16508
6,673,47110000,47110000,1405,2341,47180000,16534
6,674,47180000,47180000,1405,2341,47250000,16555
6,675,47250000,47250000,1405,2341,47320000,16580
6,676,47320000,47320000,1405,2341,47390000,16604
6,677,47390000,47390000,1405,2341,47460000,16632
6,678,47460000,47460000,1405,2341,47530000,16655
6,679,47530000,47530000,1405,2341,47600000,16679
6,68,4760000,4760000,1405,2341,4830000,1688
6,680,47600000,47600000,1405,2341,47670000,16703
6,681,47670000,47670000,1405,2341,47740000,16728
6,682,47740000,47740000,1405,2341,47810000,16752
6,683,47810000,47810000,1405,2341,47880000,16779
6,684,47880000,47880000,1405,2341,47950000,16802
6,685,47950000,47950000,1405,2341,48020000,16827
6,686,48020000,48020000,1405,2341,48090000,16851
6,687,48090000,48090000,1405,2341,48160000,16876
6,688,48160000,48160000,1405,2341,48230000,16899
6,689,48230000,48230000,1405,2341,48300000,16926
6,69,4830000,4830000,1405,2341,4900000,1713
6,690,48300000,48300000,1405,2341,48370000,16949
6,691,48370000,48370000,1405,2341,48440000,16974
6,692,48440000,48440000,1405,2341,48510000,16997
6,693,48510000,48510000,1405,2341,48580000,17022
6,694,48580000,48580000,1405,2341,48650000,17046
6,695,48650000,48650000,1405,2341,48720000,17074
6,696,48720000,48720000,1405,2341,48790000,17096
6,697,48790000,48790000,1405,2341,48860000,17121
6,698,48860000,48860000,1405,2341,48930000,17145
6,699,48930000,48930000,1405,2341,49000000,17170
6,7,490000,490000,1405,2341,560000,193
6,70,4900000,4900000,1405,2341,4970000,1737
6,700,49000000,49000000,1405,2341,49070000,17194
6,701,49070000,49070000,1405,2341,49140000,17221
6,702,49140000,49140000,1405,2341,49210000,17243
6,703,49210000,49210000,1405,2341,49280000,17269
6,704,49280000,49280000,1405,2341,49350000,17292
6,705,49350000,49350000,1405,2341,49420000,17317
6,706,49420000,49420000,1405,2341,49490000,17340
6,707,49490000,49490000,1405,2341,49560000,17368
6,708,49560000,49560000,1405,2341,49630000,17390
6,709,49630000,49630000,1405,2341,49700000,17416
6,71,4970000,4970000,1405,2341,5040000,1764
6,710,49700000,49700000,1405,2341,49770000,17439
6,711,49770000,49770000,1405,2341,49840000,17464
6,712,49840000,49840000,1405,2341,49910000,17488
6,713,49910000,49910000,1405,2341,49980000,17515
6,714,49980000,49980000,1405,2341,50050000,17538
6,715,50050000,50050000,1405,2341,50120000,17563
6,716,50120000,50120000,1405,2341,50190000,17587
6,717,50190000,50190000,1405,2341,50260000,17612
6,718,50260000,50260000,1405,2341,50330000,17636
6,719,50330000,50330000,1405,2341,50400000,17661
6,72,5040000,5040000,1405,2341,5110000,1787
6,720,50400000,50400000,1405,2341,50470000,17684
6,721,50470000,50470000,1405,2341,50540000,17710
6,722,50540000,50540000,1405,2341,50610000,17734
6,723,50610000,50610000,1405,2341,50680000,17759
6,724,50680000,50680000,1405,2341,50750000,17782
6,725,50750000,50750000,1405,2341,50820000,17809
6,726,50820000,50820000,1405,2341,50890000,17832
6,727,50890000,50890000,1405,2341,50960000,17858
6,728,50960000,50960000,1405,2341,51030000,17881
6,729,51030000,51030000,1405,2341,51100000,17906
6,73,5110000,5110000,1405,2341,5180000,1812
6,730,51100000,51100000,1405,2341,51170000,17929
6,731,51170000,51170000,1405,2341,51240000,17957
6,732,51240000,51240000,1405,2341,51310000,17980
6,733,51310000,51310000,1405,2341,51380000,18005
6,734,51380000,51380000,1405,2341,51450000,18028
6,735,51450000,51450000,1405,2341,51520000,18053
6,736,51520000,51520000,1405,2341,51590000,18076
6,737,51590000,51590000,1405,2341,51660000,18103
6,738,51660000,51660000,1405,2341,51730000,18126
6,739,51730000,51730000,1405,2341,51800000,18152
6,74,5180000,5180000,1405,2341,5250000,1835
6,740,51800000,51800000,1405,2341,51870000,18176
6,741,51870000,51870000,1405,2341,51940000,18201
6,742,51940000,51940000,1405,2341,52010000,18223
6,743,52010000,52010000,1405,2341,52080000,18251
6,744,52080000,52080000,1405,2341,52150000,18274
6,745,52150000,52150000,1405,2341,52220000,18300
6,746,52220000,52220000,1405,2341,52290000,18323
6,747,52290000,52290000,1405,2341,52360000,18347
6,748,52360000,52360000,1405,2341,52430000,18371
6,749,52430000,52430000,1405,2341,52500000,18398
6,75,5250000,5250000,1405,2341,5320000,1860
6,750,52500000,52500000,1405,2341,52570000,18421
6,751,52570000,52570000,1405,2341,52640000,18446
6,752,52640000,52640000,1405,2341,52710000,18470
6,753,52710000,52710000,1405,2341,52780000,18494
6,754,52780000,52780000,1405,2341,52850000,18518
6,755,52850000,52850000,1405,2341,52920000,18545
6,756,52920000,52920000,1405,2341,52990000,18568
6,757,52990000,52990000,1405,2341,53060000,18594
6,758,53060000,53060000,1405,2341,53130000,18618
6,759,53130000,53130000,1405,2341,53200000,18642
6,76,5320000,5320000,1405,2341,5390000,1883
6,760,53200000,53200000,1405,2341,53270000,18665
6,761,53270000,53270000,1405,2341,53340000,18693
6,762,53340000,53340000,1405,2341,53410000,18716
6,763,53410000,53410000,1405,2341,53480000,18742
6,764,53480000,53480000,1405,2341,53550000,18763
6,765,53550000,53550000,1405,2341,53620000,18788
6,766,53620000,53620000,1405,2341,53690000,18812
6,767,53690000,53690000,1405,2341,53760000,18840
6,768,53760000,53760000,1405,2341,53830000,18863
6,769,53830000,53830000,1405,2341,53900000,18888
6,77,5390000,5390000,1405,2341,5460000,1911
6,770,53900000,53900000,1405,2341,53970000,18911
6,771,53970000,53970000,1405,2341,54040000,18936
6,772,54040000,54040000,1405,2341,54110000,18960
6,773,54110000,54110000,1405,2341,54180000,18987
6,774,54180000,54180000,1405,2341,54250000,19010
6,775,54250000,54250000,1405,2341,54320000,19036
6,776,54320000,54320000,1405,2341,54390000,19059
6,777,54390000,54390000,1405,2341,54460000,19084
6,778,54460000,54460000,1405,2341,54530000,19107
6,779,54530000,54530000,1405,2341,54600000,19134
6,78,5460000,5460000,1405,2341,5530000,1934
6,780,54600000,54600000,1405,2341,54670000,19157
6,781,54670000,54670000,1405,2341,54740000,19182
6,782,54740000,54740000,1405,2341,54810000,19205
6,783,54810000,54810000,1405,2341,54880000,19230
6,784,54880000,54880000,1405,2341,54950000,19254
6,785,54950000,54950000,1405,2341,55020000,19282
6,786,55020000,55020000,1405,2341,55090000,19305
6,787,55090000,55090000,1405,2341,55160000,19329
6,788,55160000,55160000,1405,2341,55230000,19353
6,789,55230000,55230000,1405,2341,55300000,19378
6,79,5530000,5530000,1405,2341,5600000,1959
6,790,55300000,55300000,1405,2341,55370000,19402
6,791,55370000,55370000,1405,2341,55440000,19429
6,792,55440000,55440000,1405,2341,55510000,19452
6,793,55510000,55510000,1405,2341,55580000,19477
6,794,55580000,55580000,1405,2341,55650000,19500
6,795,55650000,55650000,1405,2341,55720000,19525
6,796,55720000,55720000,1405,2341,55790000,19548
6,797,55790000,55790000,1405,2341,55860000,19576
6,798,55860000,55860000,1405,2341,55930000,19598
6,799,55930000,55930000,1405,2341,56000000,19624
6,8,560000,560000,1405,2341,630000,216
6,80,5600000,5600000,1405,2341,5670000,1982
6,800,56000000,56000000,1405,2341,56070000,19647
6,801,56070000,56070000,1405,2341,56140000,19672
6,802,56140000,56140000,1405,2341,56210000,19696
6,803,56210000,56210000,1405,2341,56280000,19724
6,804,56280000,56280000,1405,2341,56350000,19746
6,805,56350000,56350000,1405,2341,56420000,19771
6,806,56420000,56420000,1405,2341,56490000,19795
6,807,56490000,56490000,1405,2341,56560000,19820
6,808,56560000,56560000,1405,2341,56630000,19844
6,809,56630000,56630000,1405,2341,56700000,19870
6,81,5670000,5670000,1405,2341,5740000,2007
6,810,56700000,56700000,1405,2341,56770000,19892
6,811,56770000,56770000,1405,2341,56840000,19918
6,812,56840000,56840000,1405,2341,56910000,19942
6,813,56910000,56910000,1405,2341,56980000,19967
6,814,56980000,56980000,1405,2341,57050000,19990
6,815,57050000,57050000,1405,2341,57120000,20017
6,816,57120000,57120000,1405,2341,57190000,20040
6,817,57190000,57190000,1405,2341,57260000,20066
6,818,57260000,57260000,1405,2341,57330000,20089
6,819,57330000,57330000,1405,2341,57400000,20114
6,82,5740000,5740000,1405,2341,5810000,2031
6,820,57400000,57400000,1405,2341,57470000,20138
6,821,57470000,57470000,1405,2341,57540000,20165
6,822,57540000,57540000,1405,2341,57610000,20188
6,823,57610000,57610000,1405,2341,57680000,20213
6,824,57680000,57680000,1405,2341,57750000,20236
6,825,57750000,57750000,1405,2341,57820000,20261
6,826,57820000,57820000,1405,2341,57890000,20285
6,827,57890000,57890000,1405,2341,57960000,20311
6,828,57960000,57960000,1405,2341,58030000,20334
6,829,58030000,58030000,1405,2341,58100000,20360
6,83,5810000,5810000,1405,2341,5880000,2059
6,830,58100000,58100000,1405,2341,58170000,20384
6,831,58170000,58170000,1405,2341,58240000,20409
6,832,58240000,58240000,1405,2341,58310000,20431
6,833,58310000,58310000,1405,2341,58380000,20459
6,834,58380000,58380000,1405,2341,58450000,20482
6,835,58450000,58450000,1405,2341,58520000,20508
6,836,58520000,58520000,1405,2341,58590000,20531
6,837,58590000,58590000,1405,2341,58660000,20556
6,838,58660000,58660000,1405,2341,58730000,20579
6,839,58730000,58730000,1405,2341,58800000,20606
6,84,5880000,5880000,1405,2341,5950000,2081
6,840,58800000,58800000,1405,2341,58870000,20629
6,841,58870000,58870000,1405,2341,58940000,20654
6,842,58940000,58940000,1405,2341,59010000,20678
6,843,59010000,59010000,1405,2341,59080000,20703
6,844,59080000,59080000,1405,2341,59150000,20726
6,845,59150000,59150000,1405,2341,59220000,20753
6,846,59220000,59220000,1405,2341,59290000,20776
6,847,59290000,59290000,1405,2341,59360000,20802
6,848,59360000,59360000,1405,2341,59430000,20826
6,849,59430000,59430000,1405,2341,59500000,20850
6,85,5950000,5950000,1405,2341,6020000,2106
6,850,59500000,59500000,1405,2341,59570000,20873
6,851,59570000,59570000,1405,2341,59640000,20901
6,852,59640000,59640000,1405,2341,59710000,20924
6,853,59710000,59710000,1405,2341,59780000,20950
6,854,59780000,59780000,1405,2341,59850000,20972
6,855,59850000,59850000,1405,2341,59920000,20996
6,856,59920000,59920000,1405,2341,59990000,21020
6,857,59990000,59990000,1405,2341,60060000,21048
6,858,60060000,60060000,1405,2341,60130000,21071
6,859,60130000,60130000,1405,2341,60200000,21096
6,86,6020000,6020000,1405,2341,6090000,2130
6,860,60200000,60200000,1405,2341,60270000,21120
6,861,60270000,60270000,1405,2341,60340000,21144
6,862,60340000,60340000,1405,2341,60410000,21168
6,863,60410000,60410000,1405,2341,60480000,21195
6,864,60480000,60480000,1405,2341,60550000,21218
6,865,60550000,60550000,1405,2341,60620000,21244
6,866,60620000,60620000,1405,2341,60690000,21267
6,867,60690000,60690000,1405,2341,60760000,21292
6,868,60760000,60760000,1405,2341,60830000,21315
6,869,60830000,60830000,1405,2341,60900000,21342
6,87,6090000,6090000,1405,2341,6160000,2155
6,870,60900000,60900000,1405,2341,60970000,21365
6,871,60970000,60970000,1405,2341,61040000,21391
6,872,61040000,61040000,1405,2341,61110000,21413
6,873,61110000,61110000,1405,2341,61180000,21438
6,874,61180000,61180000,1405,2341,61250000,21462
6,875,61250000,61250000,1405,2341,61320000,21490
6,876,61320000,61320000,1405,2341,61390000,21513
6,877,61390000,61390000,1405,2341,61460000,21538
6,878,61460000,61460000,1405,2341,61530000,21561
6,879,61530000,61530000,1405,2341,61600000,21586
6,88,6160000,6160000,1405,2341,6230000,2179
6,880,61600000,61600000,1405,2341,61670000,21610
6,881,61670000,61670000,1405,2341,61740000,21637
6,882,61740000,61740000,1405,2341,61810000,21660
6,883,61810000,61810000,1405,2341,61880000,21685
6,884,61880000,61880000,1405,2341,61950000,21708
6,885,61950000,61950000,1405,2341,62020000,21733
6,886,62020000,62020000,1405,2341,62090000,21756
6,887,62090000,62090000,1405,2341,62160000,21784
6,888,62160000,62160000,1405,2341,62230000,21807
6,889,62230000,62230000,1405,2341,62300000,21832
6,89,6230000,6230000,1405,2341,6300000,2205
6,890,62300000,62300000,1405,2341,62370000,21855
6,891,62370000,62370000,1405,2341,62440000,21880
6,892,62440000,62440000,1405,2341,62510000,21904
6,893,62510000,62510000,1405,2341,62580000,21932
6,894,62580000,62580000,1405,2341,62650000,21955
6,895,62650000,62650000,1405,2341,62720000,21979
6,896,62720000,62720000,1405,2341,62790000,22003
6,897,62790000,62790000,1405,2341,62860000,22028
6,898,62860000,62860000,1405,2341,62930000,22052
6,899,62930000,62930000,1405,2341,63000000,22078
6,9,630000,630000,1405,2341,700000,241
6,90,6300000,6300000,1405,2341,6370000,2227
6,900,63000000,63000000,1405,2341,63070000,22100
6,901,63070000,63070000,1405,2341,63140000,22126
6,902,63140000,63140000,1405,2341,63210000,22150
6,903,63210000,63210000,1405,2341,63280000,22175
6,904,63280000,63280000,1405,2341,63350000,22198
6,905,63350000,63350000,1405,2341,63420000,22226
6,906,63420000,63420000,1405,2341,63490000,22248
6,907,63490000,63490000,1405,2341,63560000,22274
6,908,63560000,63560000,1405,2341,63630000,22297
6,909,63630000,63630000,1405,2341,63700000,22322
6,91,6370000,6370000,1405,2341,6440000,2253
6,910,63700000,63700000,1405,2341,63770000,22346
6,911,63770000,63770000,1405,2341,63840000,22374
6,912,63840000,63840000,1405,2341,63910000,22396
6,913,63910000,63910000,1405,2341,63980000,22421
6,914,63980000,63980000,1405,2341,64050000,22444
6,915,64050000,64050000,1405,2341,64120000,22469
6,916,64120000,64120000,1405,2341,64190000,22493
6,917,64190000,64190000,1405,2341,64260000,22519
6,918,64260000,64260000,1405,2341,64330000,22542
6,919,64330000,64330000,1405,2341,64400000,22568
6,92,6440000,6440000,1405,2341,6510000,2277
6,920,64400000,64400000,1405,2341,64470000,22592
6,921,64470000,64470000,1405,2341,64540000,22617
6,922,64540000,64540000,1405,2341,64610000,22640
6,923,64610000,64610000,1405,2341,64680000,22667
6,924,64680000,64680000,1405,2341,64750000,22690
6,925,64750000,64750000,1405,2341,64820000,22716
6,926,64820000,64820000,1405,2341,64890000,22739
6,927,64890000,64890000,1405,2341,64960000,22764
6,928,64960000,64960000,1405,2341,65030000,22788
6,929,65030000,65030000,1405,2341,65100000,22814
6,93,6510000,6510000,1405,2341,6580000,2302
6,930,65100000,65100000,1405,2341,65170000,22837
6,931,65170000,65170000,1405,2341,65240000,22862
6,932,65240000,65240000,1405,2341,65310000,22886
6,933,65310000,65310000,1405,2341,65380000,22911
6,934,65380000,65380000,1405,2341,65450000,22934
6,935,65450000,65450000,1405,2341,65520000,22961
6,936,65520000,65520000,1405,2341,65590000,22984
6,937,65590000,65590000,1405,2341,65660000,23010
6,938,65660000,65660000,1405,2341,65730000,23034
6,939,65730000,65730000,1405,2341,65800000,23059
6,94,6580000,6580000,1405,2341,6650000,2325
6,940,65800000,65800000,1405,2341,65870000,23081
6,941,65870000,65870000,1405,2341,65940000,23109
6,942,65940000,65940000,1405,2341,66010000,23132
6,943,66010000,66010000,1405,2341,66080000,23158
6,944,66080000,66080000,1405,2341,66150000,23180
6,945,66150000,66150000,1405,2341,66220000,23205
6,946,66220000,66220000,1405,2341,66290000,23228
6,947,66290000,66290000,1405,2341,66360000,23256
6,948,66360000,66360000,1405,2341,66430000,23279
6,949,66430000,66430000,1405,2341,66500000,23304
6,95,6650000,6650000,1405,2341,6720000,2353
6,950,66500000,66500000,1405,2341,66570000,23328
6,951,66570000,66570000,1405,2341,66640000,23352
6,952,66640000,66640000,1405,2341,66710000,23376
6,953,66710000,66710000,1405,2341,66780000,23403
6,954,66780000,66780000,1405,2341,66850000,23426
6,955,66850000,66850000,1405,2341,66920000,23452
6,956,66920000,66920000,1405,2341,66990000,23476
6,957,66990000,66990000,1405,2341,67060000,23500
6,958,67060000,67060000,1405,2341,67130000,23523
6,959,67130000,67130000,1405,2341,67200000,23550
6,96,6720000,6720000,1405,2341,6790000,2375
6,960,67200000,67200000,1405,2341,67270000,23573
6,961,67270000,67270000,1405,2341,67340000,23599
6,962,67340000,67340000,1405,2341,67410000,23622
6,963,67410000,67410000,1405,2341,67480000,23646
6,964,67480000,67480000,1405,2341,67550000,23670
6,965,67550000,67550000,1405,2341,67620000,23698
6,966,67620000,67620000,1405,2341,67690000,23721
6,967,67690000,67690000,1405,2341,67760000,23746
6,968,67760000,67760000,1405,2341,67830000,23769
6,969,67830000,67830000,1405,2341,67900000,23794
6,97,6790000,6790000,1405,2341,6860000,2401
6,970,67900000,67900000,1405,2341,67970000,23818
6,971,67970000,67970000,1405,2341,68040000,23845
6,972,68040000,68040000,1405,2341,68110000,23868
6,973,68110000,68110000,1405,2341,68180000,23894
6,974,68180000,68180000,1405,2341,68250000,23916
6,975,68250000,68250000,1405,2341,68320000,23941
6,976,68320000,68320000,1405,2341,68390000,23964
6,977,68390000,68390000,1405,2341,68460000,23992
6,978,68460000,68460000,1405,2341,68530000,24015
6,979,68530000,68530000,1405,2341,68600000,24041
6,98,6860000,6860000,1405,2341,6930000,2424
6,980,68600000,68600000,1405,2341,68670000,24063
6,981,68670000,68670000,1405,2341,68740000,24088
6,982,68740000,68740000,1405,2341,68810000,24112
6,983,68810000,68810000,1405,2341,68880000,24140
6,984,68880000,68880000,1405,2341,68950000,24163
6,985,68950000,68950000,1405,2341,69020000,24187
6,986,69020000,69020000,1405,2341,69090000,24211
6,987,69090000,69090000,1405,2341,69160000,24236
6,988,69160000,69160000,1405,2341,69230000,24260
6,989,69230000,69230000,1405,2341,69300000,24286
6,99,6930000,6930000,1405,2341,7000000,2449
6,990,69300000,69300000,1405,2341,69370000,24309
6,991,69370000,69370000,1405,2341,69440000,24334
6,992,69440000,69440000,1405,2341,69510000,24358
6,993,69510000,69510000,1405,2341,69580000,24383
6,994,69580000,69580000,1405,2341,69650000,24406
6,995,69650000,69650000,1405,2341,69720000,24434
6,996,69720000,69720000,1405,2341,69790000,24457
6,997,69790000,69790000,1405,2341,69860000,24482
6,998,69860000,69860000,1405,2341,69930000,24505
6,999,69930000,69930000,1405,2341,70000000,24530
7,0,0,0,3333,5554,75000,21
7,1,75000,75000,3333,5554,150000,48
7,10,750000,750000,3333,5554,825000,284
7,100,7500000,7500000,3333,5554,7575000,2651
7,1000,75000000,75000000,3333,5554,75075000,26309
7,1001,75075000,75075000,3333,5554,75150000,26335
7,1002,75150000,75150000,3333,5554,75225000,26360
7,1003,75225000,75225000,3333,5554,75300000,26389
7,1004,75300000,75300000,3333,5554,75375000,26413
7,1005,75375000,75375000,3333,5554,75450000,26440
7,1006,75450000,75450000,3333,5554,75525000,26466
7,1007,75525000,75525000,3333,5554,75600000,26495
7,1008,75600000,75600000,3333,5554,75675000,26519
7,1009,75675000,75675000,3333,5554,75750000,26546
7,101,7575000,7575000,3333,5554,7650000,2676
7,1010,75750000,75750000,3333,5554,75825000,26572
7,1011,75825000,75825000,3333,5554,75900000,26600
7,1012,75900000,75900000,3333,5554,75975000,26624
7,1013,75975000,75975000,3333,5554,76050000,26650
7,1014,76050000,76050000,3333,5554,76125000,26676
7,1015,76125000,76125000,3333,5554,76200000,26705
7,1016,76200000,76200000,3333,5554,76275000,26729
7,1017,76275000,76275000,3333,5554,76350000,26756
7,1018,76350000,76350000,3333,5554,76425000,26782
7,1019,76425000,76425000,3333,5554,76500000,26809
7,102,7650000,7650000,3333,5554,7725000,2702
7,1020,76500000,76500000,3333,5554,76575000,26833
7,1021,76575000,76575000,3333,5554,76650000,26861
7,1022,76650000,76650000,3333,5554,76725000,26887
7,1023,76725000,76725000,3333,5554,76800000,26916
7,1024,76800000,76800000,3333,5554,76875000,26940
7,1025,76875000,76875000,3333,5554,76950000,26966
7,1026,76950000,76950000,3333,5554,77025000,26992
7,1027,77025000,77025000,3333,5554,77100000,27021
7,1028,77100000,77100000,3333,5554,77175000,27044
7,1029,77175000,77175000,3333,5554,77250000,27071
7,103,7725000,7725000,3333,5554,7800000,2731
7,1030,77250000,77250000,3333,5554,77325000,27097
7,1031,77325000,77325000,3333,5554,77400000,27125
7,1032,77400000,77400000,3333,5554,77475000,27149
7,1033,77475000,77475000,3333,5554,77550000,27176
7,1034,77550000,77550000,3333,5554,77625000,27202
7,1035,77625000,77625000,3333,5554,77700000,27232
7,1036,77700000,77700000,3333,5554,77775000,27255
7,1037,77775000,77775000,3333,5554,77850000,27281
7,1038,77850000,77850000,3333,5554,77925000,27307
7,1039,77925000,77925000,3333,5554,78000000,27336
7,104,7800000,7800000,3333,5554,7875000,2755
7,1040,78000000,78000000,3333,5554,78075000,27360
7,1041,78075000,78075000,3333,5554,78150000,27387
7,1042,78150000,78150000,3333,5554,78225000,27413
7,1043,78225000,78225000,3333,5554,78300000,27441
7,1044,78300000,78300000,3333,5554,78375000,27465
7,1045,78375000,78375000,3333,5554,78450000,27491
7,1046,78450000,78450000,3333,5554,78525000,27517
7,1047,78525000,78525000,3333,5554,78600000,27546
7,1048,78600000,78600000,3333,5554,78675000,27570
7,1049,78675000,78675000,3333,5554,78750000,27597
7,105,7875000,7875000,3333,5554,7950000,2782
7,1050,78750000,78750000,3333,5554,78825000,27623
7,1051,78825000,78825000,3333,5554,78900000,27652
7,1052,78900000,78900000,3333,5554,78975000,27676
7,1053,78975000,78975000,3333,5554,79050000,27702
7,1054,79050000,79050000,3333,5554,79125000,27728
7,1055,79125000,79125000,3333,5554,79200000,27756
7,1056,79200000,79200000,3333,5554,79275000,27780
7,1057,79275000,79275000,3333,5554,79350000,27807
7,1058,79350000,79350000,3333,5554,79425000,27833
7,1059,79425000,79425000,3333,5554,79500000,27862
7,106,7950000,7950000,3333,5554,8025000,2808
7,1060,79500000,79500000,3333,5554,79575000,27886
7,1061,79575000,79575000,3333,5554,79650000,27912
7,1062,79650000,79650000,3333,5554,79725000,27937
7,1063,79725000,79725000,3333,5554,79800000,27967
7,1064,79800000,79800000,3333,5554,79875000,27991
7,1065,79875000,79875000,3333,5554,79950000,28018
7,1066,79950000,79950000,3333,5554,80025000,28044
7,1067,80025000,80025000,3333,5554,80100000,28072
7,1068,80100000,80100000,3333,5554,80175000,28096
7,1069,80175000,80175000,3333,5554,80250000,28123
7,107,8025000,8025000,3333,5554,8100000,2836
7,1070,80250000,80250000,3333,5554,80325000,28148
7,1071,80325000,80325000,3333,5554,80400000,28177
7,1072,80400000,80400000,3333,5554,80475000,28201
7,1073,80475000,80475000,3333,5554,80550000,28227
7,1074,80550000,80550000,3333,5554,80625000,28253
7,1075,80625000,80625000,3333,5554,80700000,28282
7,1076,80700000,80700000,3333,5554,80775000,28306
7,1077,80775000,80775000,3333,5554,80850000,28334
7,1078,80850000,80850000,3333,5554,80925000,28360
7,1079,80925000,80925000,3333,5554,81000000,28387
7,108,8100000,8100000,3333,5554,8175000,2860
7,1080,81000000,81000000,3333,5554,81075000,28411
7,1081,81075000,81075000,3333,5554,81150000,28438
7,1082,81150000,81150000,3333,5554,81225000,28464
7,1083,81225000,81225000,3333,5554,81300000,28493
7,1084,81300000,81300000,3333,5554,81375000,28517
7,1085,81375000,81375000,3333,5554,81450000,28543
7,1086,81450000,81450000,3333,5554,81525000,28569
7,1087,81525000,81525000,3333,5554,81600000,28597
7,1088,81600000,81600000,3333,5554,81675000,28621
7,1089,81675000,81675000,3333,5554,81750000,28648
7,109,8175000,8175000,3333,5554,8250000,2887
7,1090,81750000,81750000,3333,5554,81825000,28674
7,1091,81825000,81825000,3333,5554,81900000,28703
7,1092,81900000,81900000,3333,5554,81975000,28727
7,1093,81975000,81975000,3333,5554,82050000,28754
7,1094,82050000,82050000,3333,5554,82125000,28780
7,1095,82125000,82125000,3333,5554,82200000,28809
7,1096,82200000,82200000,3333,5554,82275000,28832
7,1097,82275000,82275000,3333,5554,82350000,28858
7,1098,82350000,82350000,3333,5554,82425000,28884
7,1099,82425000,82425000,3333,5554,82500000,28913
7,11,825000,825000,3333,5554,900000,312
7,110,8250000,8250000,3333,5554,8325000,2912
7,1100,82500000,82500000,3333,5554,82575000,28937
7,1101,82575000,82575000,3333,5554,82650000,28964
7,1102,82650000,82650000,3333,5554,82725000,28990
7,1103,82725000,82725000,3333,5554,82800000,29018
7,1104,82800000,82800000,3333,5554,82875000,29041
7,1105,82875000,82875000,3333,5554,82950000,29069
7,1106,82950000,82950000,3333,5554,83025000,29095
7,1107,83025000,83025000,3333,5554,83100000,29124
7,1108,83100000,83100000,3333,5554,83175000,29148
7,1109,83175000,83175000,3333,5554,83250000,29174
7,111,8325000,8325000,3333,5554,8400000,2942
7,1110,83250000,83250000,3333,5554,83325000,29200
7,1111,83325000,83325000,3333,5554,83400000,29229
7,1112,83400000,83400000,3333,5554,83475000,29253
7,1113,83475000,83475000,3333,5554,83550000,29279
7,1114,83550000,83550000,3333,5554,83625000,29305
7,1115,83625000,83625000,3333,5554,83700000,29333
7,1116,83700000,83700000,3333,5554,83775000,29357
7,1117,83775000,83775000,3333,5554,83850000,29384
7,1118,83850000,83850000,3333,5554,83925000,29410
7,1119,83925000,83925000,3333,5554,84000000,29440
7,112,8400000,8400000,3333,5554,8475000,2966
7,1120,84000000,84000000,3333,5554,84075000,29464
7,1121,84075000,84075000,3333,5554,84150000,29489
7,1122,84150000,84150000,3333,5554,84225000,29515
7,1123,84225000,84225000,3333,5554,84300000,29544
7,1124,84300000,84300000,3333,5554,84375000,29568
7,1125,84375000,84375000,3333,5554,84450000,29595
7,1126,84450000,84450000,3333,5554,84525000,29621
7,1127,84525000,84525000,3333,5554,84600000,29649
7,1128,84600000,84600000,3333,5554,84675000,29673
7,1129,84675000,84675000,3333,5554,84750000,29700
7,113,8475000,8475000,3333,5554,8550000,2992
7,1130,84750000,84750000,3333,5554,84825000,29725
7,1131,84825000,84825000,3333,5554,84900000,29754
7,1132,84900000,84900000,3333,5554,84975000,29778
7,1133,84975000,84975000,3333,5554,85050000,29805
7,1134,85050000,85050000,3333,5554,85125000,29831
7,1135,85125000,85125000,3333,5554,85200000,29860
7,1136,85200000,85200000,3333,5554,85275000,29884
7,1137,85275000,85275000,3333,5554,85350000,29911
7,1138,85350000,85350000,3333,5554,85425000,29936
7,1139,85425000,85425000,3333,5554,85500000,29964
7,114,8550000,8550000,3333,5554,8625000,3018
7,1140,85500000,85500000,3333,5554,85575000,29988
7,1141,85575000,85575000,3333,5554,85650000,30015
7,1142,85650000,85650000,3333,5554,85725000,30041
7,1143,85725000,85725000,3333,5554,85800000,30070
7,1144,85800000,85800000,3333,5554,85875000,30094
7,1145,85875000,85875000,3333,5554,85950000,30120
7,1146,85950000,85950000,3333,5554,86025000,30146
7,1147,86025000,86025000,3333,5554,86100000,30175
7,1148,86100000,86100000,3333,5554,86175000,30199
7,1149,86175000,86175000,3333,5554,86250000,30226
7,115,8625000,8625000,3333,5554,8700000,3047
7,1150,86250000,86250000,3333,5554,86325000,30252
7,1151,86325000,86325000,3333,5554,86400000,30280
7,1152,86400000,86400000,3333,5554,86475000,30304
7,1153,86475000,86475000,3333,5554,86550000,30331
7,1154,86550000,86550000,3333,5554,86625000,30357
7,1155,86625000,86625000,3333,5554,86700000,30385
7,1156,86700000,86700000,3333,5554,86775000,30409
7,1157,86775000,86775000,3333,5554,86850000,30435
7,1158,86850000,86850000,3333,5554,86925000,30461
7,1159,86925000,86925000,3333,5554,87000000,30490
7,116,8700000,8700000,3333,5554,8775000,3071
7,1160,87000000,87000000,3333,5554,87075000,30514
7,1161,87075000,87075000,3333,5554,87150000,30542
7,1162,87150000,87150000,3333,5554,87225000,30568
7,1163,87225000,87225000,3333,5554,87300000,30596
7,1164,87300000,87300000,3333,5554,87375000,30619
7,1165,87375000,87375000,3333,5554,87450000,30646
7,1166,87450000,87450000,3333,5554,87525000,30672
7,1167,87525000,87525000,3333,5554,87600000,30701
7,1168,87600000,87600000,3333,5554,87675000,30725
7,1169,87675000,87675000,3333,5554,87750000,30751
7,117,8775000,8775000,3333,5554,8850000,3098
7,1170,87750000,87750000,3333,5554,87825000,30777
7,1171,87825000,87825000,3333,5554,87900000,30806
7,1172,87900000,87900000,3333,5554,87975000,30829
7,1173,87975000,87975000,3333,5554,88050000,30856
7,1174,88050000,88050000,3333,5554,88125000,30882
7,1175,88125000,88125000,3333,5554,88200000,30911
7,1176,88200000,88200000,3333,5554,88275000,30935
7,1177,88275000,88275000,3333,5554,88350000,30962
7,1178,88350000,88350000,3333,5554,88425000,30988
7,1179,88425000,88425000,3333,5554,88500000,31017
7,118,8850000,8850000,3333,5554,8925000,3123
7,1180,88500000,88500000,3333,5554,88575000,31041
7,1181,88575000,88575000,3333,5554,88650000,31066
7,1182,88650000,88650000,3333,5554,88725000,31092
7,1183,88725000,88725000,3333,5554,88800000,31121
7,1184,88800000,88800000,3333,5554,88875000,31145
7,1185,88875000,88875000,3333,5554,88950000,31172
7,1186,88950000,88950000,3333,5554,89025000,31198
7,1187,89025000,89025000,3333,5554,89100000,31226
7,1188,89100000,89100000,3333,5554,89175000,31250
7,1189,89175000,89175000,3333,5554,89250000,31277
7,119,8925000,8925000,3333,5554,9000000,3151
7,1190,89250000,89250000,3333,5554,89325000,31303
7,1191,89325000,89325000,3333,5554,89400000,31332
7,1192,89400000,89400000,3333,5554,89475000,31356
7,1193,89475000,89475000,3333,5554,89550000,31382
7,1194,89550000,89550000,3333,5554,89625000,31408
7,1195,89625000,89625000,3333,5554,89700000,31437
7,1196,89700000,89700000,3333,5554,89775000,31461
7,1197,89775000,89775000,3333,5554,89850000,31488
7,1198,89850000,89850000,3333,5554,89925000,31513
7,1199,89925000,89925000,3333,5554,90000000,31541
7,12,900000,900000,3333,5554,975000,336
7,120,9000000,9000000,3333,5554,9075000,3175
7,1200,90000000,90000000,3333,5554,90075000,31565
7,1201,90075000,90075000,3333,5554,90150000,31592
7,1202,90150000,90150000,3333,5554,90225000,31618
7,1203,90225000,90225000,3333,5554,90300000,31648
7,1204,90300000,90300000,3333,5554,90375000,31672
7,1205,90375000,90375000,3333,5554,90450000,31698
7,1206,90450000,90450000,3333,5554,90525000,31723
7,1207,90525000,90525000,3333,5554,90600000,31752
7,1208,90600000,90600000,3333,5554,90675000,31776
7,1209,90675000,90675000,3333,5554,90750000,31803
7,121,9075000,9075000,3333,5554,9150000,3202
7,1210,90750000,90750000,3333,5554,90825000,31829
7,1211,90825000,90825000,3333,5554,90900000,31857
7,1212,90900000,90900000,3333,5554,90975000,31881
7,1213,90975000,90975000,3333,5554,91050000,31908
7,1214,91050000,91050000,3333,5554,91125000,31934
7,1215,91125000,91125000,3333,5554,91200000,31962
7,1216,91200000,91200000,3333,5554,91275000,31986
7,1217,91275000,91275000,3333,5554,91350000,32013
7,1218,91350000,91350000,3333,5554,91425000,32039
7,1219,91425000,91425000,3333,5554,91500000,32068
7,122,9150000,9150000,3333,5554,9225000,3228
7,1220,91500000,91500000,3333,5554,91575000,32092
7,1221,91575000,91575000,3333,5554,91650000,32119
7,1222,91650000,91650000,3333,5554,91725000,32145
7,1223,91725000,91725000,3333,5554,91800000,32172
7,1224,91800000,91800000,3333,5554,91875000,32196
7,1225,91875000,91875000,3333,5554,91950000,32223
7,1226,91950000,91950000,3333,5554,92025000,32249
7,1227,92025000,92025000,3333,5554,92100000,32278
7,1228,92100000,92100000,3333,5554,92175000,32302
7,1229,92175000,92175000,3333,5554,92250000,32328
7,123,9225000,9225000,3333,5554,9300000,3257
7,1230,92250000,92250000,3333,5554,92325000,32354
7,1231,92325000,92325000,3333,5554,92400000,32384
7,1232,92400000,92400000,3333,5554,92475000,32407
7,1233,92475000,92475000,3333,5554,92550000,32434
7,1234,92550000,92550000,3333,5554,92625000,32460
7,1235,92625000,92625000,3333,5554,92700000,32488
7,1236,92700000,92700000,3333,5554,92775000,32512
7,1237,92775000,92775000,3333,5554,92850000,32539
7,1238,92850000,92850000,3333,5554,92925000,32565
7,1239,92925000,92925000,3333,5554,93000000,32594
7,124,9300000,9300000,3333,5554,9375000,3281
7,1240,93000000,93000000,3333,5554,93075000,32617
7,1241,93075000,93075000,3333,5554,93150000,32643
7,1242,93150000,93150000,3333,5554,93225000,32669
7,1243,93225000,93225000,3333,5554,93300000,32698
7,1244,93300000,93300000,3333,5554,93375000,32722
7,1245,93375000,93375000,3333,5554,93450000,32750
7,1246,93450000,93450000,3333,5554,93525000,32776
7,1247,93525000,93525000,3333,5554,93600000,32804
7,1248,93600000,93600000,3333,5554,93675000,32828
7,1249,93675000,93675000,3333,5554,93750000,32854
7,125,9375000,9375000,3333,5554,9450000,3308
7,1250,93750000,93750000,3333,5554,93825000,32880
7,1251,93825000,93825000,3333,5554,93900000,32909
7,1252,93900000,93900000,3333,5554,93975000,32933
7,1253,93975000,93975000,3333,5554,94050000,32959
7,1254,94050000,94050000,3333,5554,94125000,32985
7,1255,94125000,94125000,3333,5554,94200000,33014
7,1256,94200000,94200000,3333,5554,94275000,33038
7,1257,94275000,94275000,3333,5554,94350000,33064
7,1258,94350000,94350000,3333,5554,94425000,33090
7,1259,94425000,94425000,3333,5554,94500000,33119
7,126,9450000,9450000,3333,5554,9525000,3334
7,1260,94500000,94500000,3333,5554,94575000,33143
7,1261,94575000,94575000,3333,5554,94650000,33170
7,1262,94650000,94650000,3333,5554,94725000,33196
7,1263,94725000,94725000,3333,5554,94800000,33225
7,1264,94800000,94800000,3333,5554,94875000,33249
7,1265,94875000,94875000,3333,5554,94950000,33275
7,1266,94950000,94950000,3333,5554,95025000,33300
7,1267,95025000,95025000,3333,5554,95100000,33329
7,1268,95100000,95100000,3333,5554,95175000,33353
7,1269,95175000,95175000,3333,5554,95250000,33380
7,127,9525000,9525000,3333,5554,9600000,3362
7,1270,95250000,95250000,3333,5554,95325000,33406
7,1271,95325000,95325000,3333,5554,95400000,33434
7,1272,95400000,95400000,3333,5554,95475000,33458
7,1273,95475000,95475000,3333,5554,95550000,33486
7,1274,95550000,95550000,3333,5554,95625000,33511
7,1275,95625000,95625000,3333,5554,95700000,33540
7,1276,95700000,95700000,3333,5554,95775000,33564
7,1277,95775000,95775000,3333,5554,95850000,33590
7,1278,95850000,95850000,3333,5554,95925000,33616
7,1279,95925000,95925000,3333,5554,96000000,33645
7,128,9600000,9600000,3333,5554,9675000,3386
7,1280,96000000,96000000,3333,5554,96075000,33669
7,1281,96075000,96075000,3333,5554,96150000,33696
7,1282,96150000,96150000,3333,5554,96225000,33722
7,1283,96225000,96225000,3333,5554,96300000,33749
7,1284,96300000,96300000,3333,5554,96375000,33773
7,1285,96375000,96375000,3333,5554,96450000,33800
7,1286,96450000,96450000,3333,5554,96525000,33826
7,1287,96525000,96525000,3333,5554,96600000,33856
7,1288,96600000,96600000,3333,5554,96675000,33880
7,1289,96675000,96675000,3333,5554,96750000,33906
7,129,9675000,9675000,3333,5554,9750000,3413
7,1290,96750000,96750000,3333,5554,96825000,33932
7,1291,96825000,96825000,3333,5554,96900000,33960
7,1292,96900000,96900000,3333,5554,96975000,33984
7,1293,96975000,96975000,3333,5554,97050000,34011
7,1294,97050000,97050000,3333,5554,97125000,34037
7,1295,97125000,97125000,3333,5554,97200000,34065
7,1296,97200000,97200000,3333,5554,97275000,34089
7,1297,97275000,97275000,3333,5554,97350000,34116
7,1298,97350000,97350000,3333,5554,97425000,34142
7,1299,97425000,97425000,3333,5554,97500000,34171
7,13,975000,975000,3333,5554,1050000,364
7,130,9750000,9750000,3333,5554,9825000,3439
7,1300,97500000,97500000,3333,5554,97575000,34194
7,1301,97575000,97575000,3333,5554,97650000,34221
7,1302,97650000,97650000,3333,5554,97725000,34247
7,1303,97725000,97725000,3333,5554,97800000,34276
7,1304,97800000,97800000,3333,5554,97875000,34300
7,1305,97875000,97875000,3333,5554,97950000,34327
7,1306,97950000,97950000,3333,5554,98025000,34353
7,1307,98025000,98025000,3333,5554,98100000,34381
7,1308,98100000,98100000,3333,5554,98175000,34404
7,1309,98175000,98175000,3333,5554,98250000,34431
7,131,9825000,9825000,3333,5554,9900000,3467
7,1310,98250000,98250000,3333,5554,98325000,34457
7,1311,98325000,98325000,3333,5554,98400000,34486
7,1312,98400000,98400000,3333,5554,98475000,34510
7,1313,98475000,98475000,3333,5554,98550000,34536
7,1314,98550000,98550000,3333,5554,98625000,34562
7,1315,98625000,98625000,3333,5554,98700000,34592
7,1316,98700000,98700000,3333,5554,98775000,34616
7,1317,98775000,98775000,3333,5554,98850000,34642
7,1318,98850000,98850000,3333,5554,98925000,34668
7,1319,98925000,98925000,3333,5554,99000000,34696
7,132,9900000,9900000,3333,5554,9975000,3491
7,1320,99000000,99000000,3333,5554,99075000,34720
7,1321,99075000,99075000,3333,5554,99150000,34747
7,1322,99150000,99150000,3333,5554,99225000,34773
7,1323,99225000,99225000,3333,5554,99300000,34802
7,1324,99300000,99300000,3333,5554,99375000,34826
7,1325,99375000,99375000,3333,5554,99450000,34851
7,1326,99450000,99450000,3333,5554,99525000,34877
7,1327,99525000,99525000,3333,5554,99600000,34906
7,1328,99600000,99600000,3333,5554,99675000,34930
7,1329,99675000,99675000,3333,5554,99750000,34958
7,133,9975000,9975000,3333,5554,10050000,3518
7,1330,99750000,99750000,3333,5554,99825000,34984
7,1331,99825000,99825000,3333,5554,99900000,35012
7,1332,99900000,99900000,3333,5554,99975000,35036
7,1333,99975000,99975000,3333,5554,100050000,35063
7,1334,100050000,100050000,3333,5554,100125000,35088
7,1335,100125000,100125000,3333,5554,100200000,35117
7,1336,100200000,100200000,3333,5554,100275000,35141
7,1337,100275000,100275000,3333,5554,100350000,35167
7,1338,100350000,100350000,3333,5554,100425000,35193
7,1339,100425000,100425000,3333,5554,100500000,35222
7,134,10050000,10050000,3333,5554,10125000,3544
7,1340,100500000,100500000,3333,5554,100575000,35246
7,1341,100575000,100575000,3333,5554,100650000,35273
7,1342,100650000,100650000,3333,5554,100725000,35298
7,1343,100725000,100725000,3333,5554,100800000,35327
7,1344,100800000,100800000,3333,5554,100875000,35351
7,1345,100875000,100875000,3333,5554,100950000,35378
7,1346,100950000,100950000,3333,5554,101025000,35404
7,1347,101025000,101025000,3333,5554,101100000,35433
7,1348,101100000,101100000,3333,5554,101175000,35457
7,1349,101175000,101175000,3333,5554,101250000,35483
7,135,10125000,10125000,3333,5554,10200000,3572
7,1350,101250000,101250000,3333,5554,101325000,35509
7,1351,101325000,101325000,3333,5554,101400000,35537
7,1352,101400000,101400000,3333,5554,101475000,35561
7,1353,101475000,101475000,3333,5554,101550000,35588
7,1354,101550000,101550000,3333,5554,101625000,35614
7,1355,101625000,101625000,3333,5554,101700000,35642
7,1356,101700000,101700000,3333,5554,101775000,35666
7,1357,101775000,101775000,3333,5554,101850000,35694
7,1358,101850000,101850000,3333,5554,101925000,35720
7,1359,101925000,101925000,3333,5554,102000000,35748
7,136,10200000,10200000,3333,5554,10275000,3596
7,1360,102000000,102000000,3333,5554,102075000,35772
7,1361,102075000,102075000,3333,5554,102150000,35798
7,1362,102150000,102150000,3333,5554,102225000,35824
7,1363,102225000,102225000,3333,5554,102300000,35853
7,1364,102300000,102300000,3333,5554,102375000,35877
7,1365,102375000,102375000,3333,5554,102450000,35904
7,1366,102450000,102450000,3333,5554,102525000,35930
7,1367,102525000,102525000,3333,5554,102600000,35958
7,1368,102600000,102600000,3333,5554,102675000,35981
7,1369,102675000,102675000,3333,5554,102750000,36008
7,137,10275000,10275000,3333,5554,10350000,3622
7,1370,102750000,102750000,3333,5554,102825000,36034
7,1371,102825000,102825000,3333,5554,102900000,36064
7,1372,102900000,102900000,3333,5554,102975000,36088
7,1373,102975000,102975000,3333,5554,103050000,36114
7,1374,103050000,103050000,3333,5554,103125000,36140
7,1375,103125000,103125000,3333,5554,103200000,36169
7,1376,103200000,103200000,3333,5554,103275000,36192
7,1377,103275000,103275000,3333,5554,103350000,36219
7,1378,103350000,103350000,3333,5554,103425000,36245
7,1379,103425000,103425000,3333,5554,103500000,36273
7,138,10350000,10350000,3333,5554,10425000,3648
7,1380,103500000,103500000,3333,5554,103575000,36297
7,1381,103575000,103575000,3333,5554,103650000,36324
7,1382,103650000,103650000,3333,5554,103725000,36350
7,1383,103725000,103725000,3333,5554,103800000,36379
7,1384,103800000,103800000,3333,5554,103875000,36403
7,1385,103875000,103875000,3333,5554,103950000,36429
7,1386,103950000,103950000,3333,5554,104025000,36455
7,1387,104025000,104025000,3333,5554,104100000,36484
7,1388,104100000,104100000,3333,5554,104175000,36508
7,1389,104175000,104175000,3333,5554,104250000,36535
7,139,10425000,10425000,3333,5554,10500000,3678
7,1390,104250000,104250000,3333,5554,104325000,36561
7,1391,104325000,104325000,3333,5554,104400000,36589
7,1392,104400000,104400000,3333,5554,104475000,36613
7,1393,104475000,104475000,3333,5554,104550000,36639
7,1394,104550000,104550000,3333,5554,104625000,36665
7,1395,104625000,104625000,3333,5554,104700000,36694
7,1396,104700000,104700000,3333,5554,104775000,36718
7,1397,104775000,104775000,3333,5554,104850000,36744
7,1398,104850000,104850000,3333,5554,104925000,36770
7,1399,104925000,104925000,3333,5554,105000000,36800
7,14,1050000,1050000,3333,5554,1125000,390
7,140,10500000,10500000,3333,5554,10575000,3702
7,1400,105000000,105000000,3333,5554,105075000,36824
7,1401,105075000,105075000,3333,5554,105150000,36851
7,1402,105150000,105150000,3333,5554,105225000,36876
7,1403,105225000,105225000,3333,5554,105300000,36904
7,1404,105300000,105300000,3333,5554,105375000,36928
7,1405,105375000,105375000,3333,5554,105450000,36955
7,1406,105450000,105450000,3333,5554,105525000,36981
7,1407,105525000,105525000,3333,5554,105600000,37010
7,1408,105600000,105600000,3333,5554,105675000,37034
7,1409,105675000,105675000,3333,5554,105750000,37060
7,141,10575000,10575000,3333,5554,10650000,3729
7,1410,105750000,105750000,3333,5554,105825000,37085
7,1411,105825000,105825000,3333,5554,105900000,37114
7,1412,105900000,105900000,3333,5554,105975000,37138
7,1413,105975000,105975000,3333,5554,106050000,37166
7,1414,106050000,106050000,3333,5554,106125000,37192
7,1415,106125000,106125000,3333,5554,106200000,37220
7,1416,106200000,106200000,3333,5554,106275000,37244
7,1417,106275000,106275000,3333,5554,106350000,37271
7,1418,106350000,106350000,3333,5554,106425000,37297
7,1419,106425000,106425000,3333,5554,106500000,37325
7,142,10650000,10650000,3333,5554,10725000,3755
7,1420,106500000,106500000,3333,5554,106575000,37349
7,1421,106575000,106575000,3333,5554,106650000,37375
7,1422,106650000,106650000,3333,5554,106725000,37401
7,1423,106725000,106725000,3333,5554,106800000,37430
7,1424,106800000,106800000,3333,5554,106875000,37454
7,1425,106875000,106875000,3333,5554,106950000,37481
7,1426,106950000,106950000,3333,5554,107025000,37507
7,1427,107025000,107025000,3333,5554,107100000,37535
7,143,10725000,10725000,3333,5554,10800000,3783
7,144,10800000,10800000,3333,5554,10875000,3806
7,145,10875000,10875000,3333,5554,10950000,3833
7,146,10950000,10950000,3333,5554,11025000,3859
7,147,11025000,11025000,3333,5554,11100000,3888
7,148,11100000,11100000,3333,5554,11175000,3912
7,149,11175000,11175000,3333,5554,11250000,3938
7,15,1125000,1125000,3333,5554,1200000,419
7,150,11250000,11250000,3333,5554,11325000,3964
7,151,11325000,11325000,3333,5554,11400000,3993
7,152,11400000,11400000,3333,5554,11475000,4016
7,153,11475000,11475000,3333,5554,11550000,4044
7,154,11550000,11550000,3333,5554,11625000,4070
7,155,11625000,11625000,3333,5554,11700000,4098
7,156,11700000,11700000,3333,5554,11775000,4122
7,157,11775000,11775000,3333,5554,11850000,4149
7,158,11850000,11850000,3333,5554,11925000,4175
7,159,11925000,11925000,3333,5554,12000000,4204
7,16,1200000,1200000,3333,5554,1275000,442
7,160,12000000,12000000,3333,5554,12075000,4228
7,161,12075000,12075000,3333,5554,12150000,4253
7,162,12150000,12150000,3333,5554,12225000,4279
7,163,12225000,12225000,3333,5554,12300000,4308
7,164,12300000,12300000,3333,5554,12375000,4332
7,165,12375000,12375000,3333,5554,12450000,4359
7,166,12450000,12450000,3333,5554,12525000,4385
7,167,12525000,12525000,3333,5554,12600000,4414
7,168,12600000,12600000,3333,5554,12675000,4438
7,169,12675000,12675000,3333,5554,12750000,4464
7,17,1275000,1275000,3333,5554,1350000,468
7,170,12750000,12750000,3333,5554,12825000,4490
7,171,12825000,12825000,3333,5554,12900000,4519
7,172,12900000,12900000,3333,5554,12975000,4543
7,173,12975000,12975000,3333,5554,13050000,4569
7,174,13050000,13050000,3333,5554,13125000,4595
7,175,13125000,13125000,3333,5554,13200000,4624
7,176,13200000,13200000,3333,5554,13275000,4648
7,177,13275000,13275000,3333,5554,13350000,4675
7,178,13350000,13350000,3333,5554,13425000,4700
7,179,13425000,13425000,3333,5554,13500000,4728
7,18,1350000,1350000,3333,5554,1425000,494
7,180,13500000,13500000,3333,5554,13575000,4752
7,181,13575000,13575000,3333,5554,13650000,4780
7,182,13650000,13650000,3333,5554,13725000,4806
7,183,13725000,13725000,3333,5554,13800000,4835
7,184,13800000,13800000,3333,5554,13875000,4859
7,185,13875000,13875000,3333,5554,13950000,4885
7,186,13950000,13950000,3333,5554,14025000,4910
7,187,14025000,14025000,3333,5554,14100000,4939
7,188,14100000,14100000,3333,5554,14175000,4963
7,189,14175000,14175000,3333,5554,14250000,4990
7,19,1425000,1425000,3333,5554,1500000,523
7,190,14250000,14250000,3333,5554,14325000,5016
7,191,14325000,14325000,3333,5554,14400000,5044
7,192,14400000,14400000,3333,5554,14475000,5068
7,193,14475000,14475000,3333,5554,14550000,5095
7,194,14550000,14550000,3333,5554,14625000,5121
7,195,14625000,14625000,3333,5554,14700000,5150
7,196,14700000,14700000,3333,5554,14775000,5174
7,197,14775000,14775000,3333,5554,14850000,5200
7,198,14850000,14850000,3333,5554,14925000,5226
7,199,14925000,14925000,3333,5554,15000000,5255
7,2,150000,150000,3333,5554,225000,74
7,20,1500000,1500000,3333,5554,1575000,547
7,200,15000000,15000000,3333,5554,15075000,5279
7,201,15075000,15075000,3333,5554,15150000,5306
7,202,15150000,15150000,3333,5554,15225000,5332
7,203,15225000,15225000,3333,5554,15300000,5359
7,204,15300000,15300000,3333,5554,15375000,5383
7,205,15375000,15375000,3333,5554,15450000,5410
7,206,15450000,15450000,3333,5554,15525000,5436
7,207,15525000,15525000,3333,5554,15600000,5465
7,208,15600000,15600000,3333,5554,15675000,5489
7,209,15675000,15675000,3333,5554,15750000,5516
7,21,1575000,1575000,3333,5554,1650000,574
7,210,15750000,15750000,3333,5554,15825000,5542
7,211,15825000,15825000,3333,5554,15900000,5571
7,212,15900000,15900000,3333,5554,15975000,5594
7,213,15975000,15975000,3333,5554,16050000,5621
7,214,16050000,16050000,3333,5554,16125000,5647
7,215,16125000,16125000,3333,5554,16200000,5675
7,216,16200000,16200000,3333,5554,16275000,5699
7,217,16275000,16275000,3333,5554,16350000,5726
7,218,16350000,16350000,3333,5554,16425000,5752
7,219,16425000,16425000,3333,5554,16500000,5781
7,22,1650000,1650000,3333,5554,1725000,600
7,220,16500000,16500000,3333,5554,16575000,5804
7,221,16575000,16575000,3333,5554,16650000,5830
7,222,16650000,16650000,3333,5554,16725000,5856
7,223,16725000,16725000,3333,5554,16800000,5886
7,224,16800000,16800000,3333,5554,16875000,5910
7,225,16875000,16875000,3333,5554,16950000,5937
7,226,16950000,16950000,3333,5554,17025000,5963
7,227,17025000,17025000,3333,5554,17100000,5991
7,228,17100000,17100000,3333,5554,17175000,6015
7,229,17175000,17175000,3333,5554,17250000,6041
7,23,1725000,1725000,3333,5554,1800000,628
7,230,17250000,17250000,3333,5554,17325000,6067
7,231,17325000,17325000,3333,5554,17400000,6096
7,232,17400000,17400000,3333,5554,17475000,6120
7,233,17475000,17475000,3333,5554,17550000,6146
7,234,17550000,17550000,3333,5554,17625000,6172
7,235,17625000,17625000,3333,5554,17700000,6201
7,236,17700000,17700000,3333,5554,17775000,6225
7,237,17775000,17775000,3333,5554,17850000,6252
7,238,17850000,17850000,3333,5554,17925000,6278
7,239,17925000,17925000,3333,5554,18000000,6306
7,24,1800000,1800000,3333,5554,1875000,652
7,240,18000000,18000000,3333,5554,18075000,6330
7,241,18075000,18075000,3333,5554,18150000,6357
7,242,18150000,18150000,3333,5554,18225000,6383
7,243,18225000,18225000,3333,5554,18300000,6412
7,244,18300000,18300000,3333,5554,18375000,6436
7,245,18375000,18375000,3333,5554,18450000,6462
7,246,18450000,18450000,3333,5554,18525000,6487
7,247,18525000,18525000,3333,5554,18600000,6516
7,248,18600000,18600000,3333,5554,18675000,6540
7,249,18675000,18675000,3333,5554,18750000,6567
7,25,1875000,1875000,3333,5554,1950000,678
7,250,18750000,18750000,3333,5554,18825000,6593
7,251,18825000,18825000,3333,5554,18900000,6622
7,252,18900000,18900000,3333,5554,18975000,6646
7,253,18975000,18975000,3333,5554,19050000,6673
7,254,19050000,19050000,3333,5554,19125000,6698
7,255,19125000,19125000,3333,5554,19200000,6727
7,256,19200000,19200000,3333,5554,19275000,6751
7,257,19275000,19275000,3333,5554,19350000,6777
7,258,19350000,19350000,3333,5554,19425000,6803
7,259,19425000,19425000,3333,5554,19500000,6832
7,26,1950000,1950000,3333,5554,2025000,704
7,260,19500000,19500000,3333,5554,19575000,6856
7,261,19575000,19575000,3333,5554,19650000,6883
7,262,19650000,19650000,3333,5554,19725000,6909
7,263,19725000,19725000,3333,5554,19800000,6936
7,264,19800000,19800000,3333,5554,19875000,6960
7,265,19875000,19875000,3333,5554,19950000,6988
7,266,19950000,19950000,3333,5554,20025000,7014
7,267,20025000,20025000,3333,5554,20100000,7043
7,268,20100000,20100000,3333,5554,20175000,7067
7,269,20175000,20175000,3333,5554,20250000,7093
7,27,2025000,2025000,3333,5554,2100000,734
7,270,20250000,20250000,3333,5554,20325000,7119
7,271,20325000,20325000,3333,5554,20400000,7147
7,272,20400000,20400000,3333,5554,20475000,7171
7,273,20475000,20475000,3333,5554,20550000,7198
7,274,20550000,20550000,3333,5554,20625000,7224
7,275,20625000,20625000,3333,5554,20700000,7252
7,276,20700000,20700000,3333,5554,20775000,7276
7,277,20775000,20775000,3333,5554,20850000,7303
7,278,20850000,20850000,3333,5554,20925000,7329
7,279,20925000,20925000,3333,5554,21000000,7359
7,28,2100000,2100000,3333,5554,2175000,758
7,280,21000000,21000000,3333,5554,21075000,7382
7,281,21075000,21075000,3333,5554,21150000,7408
7,282,21150000,21150000,3333,5554,21225000,7434
7,283,21225000,21225000,3333,5554,21300000,7463
7,284,21300000,21300000,3333,5554,21375000,7487
7,285,21375000,21375000,3333,5554,21450000,7514
7,286,21450000,21450000,3333,5554,21525000,7540
7,287,21525000,21525000,3333,5554,21600000,7568
7,288,21600000,21600000,3333,5554,21675000,7591
7,289,21675000,21675000,3333,5554,21750000,7618
7,29,2175000,2175000,3333,5554,2250000,784
7,290,21750000,21750000,3333,5554,21825000,7644
7,291,21825000,21825000,3333,5554,21900000,7673
7,292,21900000,21900000,3333,5554,21975000,7697
7,293,21975000,21975000,3333,5554,22050000,7724
7,294,22050000,22050000,3333,5554,22125000,7750
7,295,22125000,22125000,3333,5554,22200000,7779
7,296,22200000,22200000,3333,5554,22275000,7803
7,297,22275000,22275000,3333,5554,22350000,7829
7,298,22350000,22350000,3333,5554,22425000,7855
7,299,22425000,22425000,3333,5554,22500000,7883
7,3,225000,225000,3333,5554,300000,103
7,30,2250000,2250000,3333,5554,2325000,810
7,300,22500000,22500000,3333,5554,22575000,7907
7,301,22575000,22575000,3333,5554,22650000,7934
7,302,22650000,22650000,3333,5554,22725000,7960
7,303,22725000,22725000,3333,5554,22800000,7989
7,304,22800000,22800000,3333,5554,22875000,8013
7,305,22875000,22875000,3333,5554,22950000,8038
7,306,22950000,22950000,3333,5554,23025000,8064
7,307,23025000,23025000,3333,5554,23100000,8094
7,308,23100000,23100000,3333,5554,23175000,8118
7,309,23175000,23175000,3333,5554,23250000,8145
7,31,2325000,2325000,3333,5554,2400000,839
7,310,23250000,23250000,3333,5554,23325000,8171
7,311,23325000,23325000,3333,5554,23400000,8199
7,312,23400000,23400000,3333,5554,23475000,8223
7,313,23475000,23475000,3333,5554,23550000,8250
7,314,23550000,23550000,3333,5554,23625000,8275
7,315,23625000,23625000,3333,5554,23700000,8304
7,316,23700000,23700000,3333,5554,23775000,8328
7,317,23775000,23775000,3333,5554,23850000,8354
7,318,23850000,23850000,3333,5554,23925000,8380
7,319,23925000,23925000,3333,5554,24000000,8409
7,32,2400000,2400000,3333,5554,2475000,863
7,320,24000000,24000000,3333,5554,24075000,8433
7,321,24075000,24075000,3333,5554,24150000,8461
7,322,24150000,24150000,3333,5554,24225000,8486
7,323,24225000,24225000,3333,5554,24300000,8514
7,324,24300000,24300000,3333,5554,24375000,8538
7,325,24375000,24375000,3333,5554,24450000,8565
7,326,24450000,24450000,3333,5554,24525000,8591
7,327,24525000,24525000,3333,5554,24600000,8620
7,328,24600000,24600000,3333,5554,24675000,8644
7,329,24675000,24675000,3333,5554,24750000,8670
7,33,2475000,2475000,3333,5554,2550000,889
7,330,24750000,24750000,3333,5554,24825000,8696
7,331,24825000,24825000,3333,5554,24900000,8724
7,332,24900000,24900000,3333,5554,24975000,8748
7,333,24975000,24975000,3333,5554,25050000,8775
7,334,25050000,25050000,3333,5554,25125000,8801
7,335,25125000,25125000,3333,5554,25200000,8830
7,336,25200000,25200000,3333,5554,25275000,8854
7,337,25275000,25275000,3333,5554,25350000,8881
7,338,25350000,25350000,3333,5554,25425000,8907
7,339,25425000,25425000,3333,5554,25500000,8935
7,34,2550000,2550000,3333,5554,2625000,915
7,340,25500000,25500000,3333,5554,25575000,8959
7,341,25575000,25575000,3333,5554,25650000,8985
7,342,25650000,25650000,3333,5554,25725000,9011
7,343,25725000,25725000,3333,5554,25800000,9040
7,344,25800000,25800000,3333,5554,25875000,9064
7,345,25875000,25875000,3333,5554,25950000,9091
7,346,25950000,25950000,3333,5554,26025000,9117
7,347,26025000,26025000,3333,5554,26100000,9145
7,348,26100000,26100000,3333,5554,26175000,9168
7,349,26175000,26175000,3333,5554,26250000,9196
7,35,2625000,2625000,3333,5554,2700000,943
7,350,26250000,26250000,3333,5554,26325000,9222
7,351,26325000,26325000,3333,5554,26400000,9251
7,352,26400000,26400000,3333,5554,26475000,9275
7,353,26475000,26475000,3333,5554,26550000,9301
7,354,26550000,26550000,3333,5554,26625000,9327
7,355,26625000,26625000,3333,5554,26700000,9356
7,356,26700000,26700000,3333,5554,26775000,9379
7,357,26775000,26775000,3333,5554,26850000,9406
7,358,26850000,26850000,3333,5554,26925000,9432
7,359,26925000,26925000,3333,5554,27000000,9460
7,36,2700000,2700000,3333,5554,2775000,967
7,360,27000000,27000000,3333,5554,27075000,9484
7,361,27075000,27075000,3333,5554,27150000,9511
7,362,27150000,27150000,3333,5554,27225000,9537
7,363,27225000,27225000,3333,5554,27300000,9567
7,364,27300000,27300000,3333,5554,27375000,9591
7,365,27375000,27375000,3333,5554,27450000,9616
7,366,27450000,27450000,3333,5554,27525000,9642
7,367,27525000,27525000,3333,5554,27600000,9671
7,368,27600000,27600000,3333,5554,27675000,9695
7,369,27675000,27675000,3333,5554,27750000,9722
7,37,2775000,2775000,3333,5554,2850000,994
7,370,27750000,27750000,3333,5554,27825000,9748
7,371,27825000,27825000,3333,5554,27900000,9776
7,372,27900000,27900000,3333,5554,27975000,9800
7,373,27975000,27975000,3333,5554,28050000,9826
7,374,28050000,28050000,3333,5554,28125000,9852
7,375,28125000,28125000,3333,5554,28200000,9881
7,376,28200000,28200000,3333,5554,28275000,9905
7,377,28275000,28275000,3333,5554,28350000,9932
7,378,28350000,28350000,3333,5554,28425000,9958
7,379,28425000,28425000,3333,5554,28500000,9987
7,38,2850000,2850000,3333,5554,2925000,1020
7,380,28500000,28500000,3333,5554,28575000,10011
7,381,28575000,28575000,3333,5554,28650000,10038
7,382,28650000,28650000,3333,5554,28725000,10063
7,383,28725000,28725000,3333,5554,28800000,10091
7,384,28800000,28800000,3333,5554,28875000,10115
7,385,28875000,28875000,3333,5554,28950000,10142
7,386,28950000,28950000,3333,5554,29025000,10168
7,387,29025000,29025000,3333,5554,29100000,10197
7,388,29100000,29100000,3333,5554,29175000,10221
7,389,29175000,29175000,3333,5554,29250000,10247
7,39,2925000,2925000,3333,5554,3000000,1049
7,390,29250000,29250000,3333,5554,29325000,10272
7,391,29325000,29325000,3333,5554,29400000,10302
7,392,29400000,29400000,3333,5554,29475000,10326
7,393,29475000,29475000,3333,5554,29550000,10353
7,394,29550000,29550000,3333,5554,29625000,10379
7,395,29625000,29625000,3333,5554,29700000,10407
7,396,29700000,29700000,3333,5554,29775000,10431
7,397,29775000,29775000,3333,5554,29850000,10458
7,398,29850000,29850000,3333,5554,29925000,10484
7,399,29925000,29925000,3333,5554,30000000,10512
7,4,300000,300000,3333,5554,375000,127
7,40,3000000,3000000,3333,5554,3075000,1073
7,400,30000000,30000000,3333,5554,30075000,10536
7,401,30075000,30075000,3333,5554,30150000,10562
7,402,30150000,30150000,3333,5554,30225000,10588
7,403,30225000,30225000,3333,5554,30300000,10617
7,404,30300000,30300000,3333,5554,30375000,10641
7,405,30375000,30375000,3333,5554,30450000,10669
7,406,30450000,30450000,3333,5554,30525000,10695
7,407,30525000,30525000,3333,5554,30600000,10722
7,408,30600000,30600000,3333,5554,30675000,10746
7,409,30675000,30675000,3333,5554,30750000,10773
7,41,3075000,3075000,3333,5554,3150000,1100
7,410,30750000,30750000,3333,5554,30825000,10799
7,411,30825000,30825000,3333,5554,30900000,10828
7,412,30900000,30900000,3333,5554,30975000,10852
7,413,30975000,30975000,3333,5554,31050000,10878
7,414,31050000,31050000,3333,5554,31125000,10904
7,415,31125000,31125000,3333,5554,31200000,10933
7,416,31200000,31200000,3333,5554,31275000,10956
7,417,31275000,31275000,3333,5554,31350000,10983
7,418,31350000,31350000,3333,5554,31425000,11009
7,419,31425000,31425000,3333,5554,31500000,11038
7,42,3150000,3150000,3333,5554,3225000,1125
7,420,31500000,31500000,3333,5554,31575000,11062
7,421,31575000,31575000,3333,5554,31650000,11089
7,422,31650000,31650000,3333,5554,31725000,11115
7,423,31725000,31725000,3333,5554,31800000,11144
7,424,31800000,31800000,3333,5554,31875000,11167
7,425,31875000,31875000,3333,5554,31950000,11193
7,426,31950000,31950000,3333,5554,32025000,11219
7,427,32025000,32025000,3333,5554,32100000,11248
7,428,32100000,32100000,3333,5554,32175000,11272
7,429,32175000,32175000,3333,5554,32250000,11299
7,43,3225000,3225000,3333,5554,3300000,1154
7,430,32250000,32250000,3333,5554,32325000,11325
7,431,32325000,32325000,3333,5554,32400000,11353
7,432,32400000,32400000,3333,5554,32475000,11377
7,433,32475000,32475000,3333,5554,32550000,11404
7,434,32550000,32550000,3333,5554,32625000,11430
7,435,32625000,32625000,3333,5554,32700000,11459
7,436,32700000,32700000,3333,5554,32775000,11483
7,437,32775000,32775000,3333,5554,32850000,11509
7,438,32850000,32850000,3333,5554,32925000,11535
7,439,32925000,32925000,3333,5554,33000000,11564
7,44,3300000,3300000,3333,5554,3375000,1178
7,440,33000000,33000000,3333,5554,33075000,11588
7,441,33075000,33075000,3333,5554,33150000,11614
7,442,33150000,33150000,3333,5554,33225000,11640
7,443,33225000,33225000,3333,5554,33300000,11668
7,444,33300000,33300000,3333,5554,33375000,11692
7,445,33375000,33375000,3333,5554,33450000,11719
7,446,33450000,33450000,3333,5554,33525000,11745
7,447,33525000,33525000,3333,5554,33600000,11775
7,448,33600000,33600000,3333,5554,33675000,11799
7,449,33675000,33675000,3333,5554,33750000,11825
7,45,3375000,3375000,3333,5554,3450000,1205
7,450,33750000,33750000,3333,5554,33825000,11850
7,451,33825000,33825000,3333,5554,33900000,11879
7,452,33900000,33900000,3333,5554,33975000,11903
7,453,33975000,33975000,3333,5554,34050000,11930
7,454,34050000,34050000,3333,5554,34125000,11956
7,455,34125000,34125000,3333,5554,34200000,11984
7,456,34200000,34200000,3333,5554,34275000,12008
7,457,34275000,34275000,3333,5554,34350000,12035
7,458,34350000,34350000,3333,5554,34425000,12060
7,459,34425000,34425000,3333,5554,34500000,12089
7,46,3450000,3450000,3333,5554,3525000,1231
7,460,34500000,34500000,3333,5554,34575000,12113
7,461,34575000,34575000,3333,5554,34650000,12140
7,462,34650000,34650000,3333,5554,34725000,12166
7,463,34725000,34725000,3333,5554,34800000,12195
7,464,34800000,34800000,3333,5554,34875000,12219
7,465,34875000,34875000,3333,5554,34950000,12246
7,466,34950000,34950000,3333,5554,35025000,12272
7,467,35025000,35025000,3333,5554,35100000,12299
7,468,35100000,35100000,3333,5554,35175000,12323
7,469,35175000,35175000,3333,5554,35250000,12350
7,47,3525000,3525000,3333,5554,3600000,1259
7,470,35250000,35250000,3333,5554,35325000,12376
7,471,35325000,35325000,3333,5554,35400000,12405
7,472,35400000,35400000,3333,5554,35475000,12429
7,473,35475000,35475000,3333,5554,35550000,12455
7,474,35550000,35550000,3333,5554,35625000,12481
7,475,35625000,35625000,3333,5554,35700000,12510
7,476,35700000,35700000,3333,5554,35775000,12534
7,477,35775000,35775000,3333,5554,35850000,12561
7,478,35850000,35850000,3333,5554,35925000,12587
7,479,35925000,35925000,3333,5554,36000000,12615
7,48,3600000,3600000,3333,5554,3675000,1283
7,480,36000000,36000000,3333,5554,36075000,12639
7,481,36075000,36075000,3333,5554,36150000,12666
7,482,36150000,36150000,3333,5554,36225000,12692
7,483,36225000,36225000,3333,5554,36300000,12721
7,484,36300000,36300000,3333,5554,36375000,12744
7,485,36375000,36375000,3333,5554,36450000,12770
7,486,36450000,36450000,3333,5554,36525000,12796
7,487,36525000,36525000,3333,5554,36600000,12825
7,488,36600000,36600000,3333,5554,36675000,12849
7,489,36675000,36675000,3333,5554,36750000,12877
7,49,3675000,3675000,3333,5554,3750000,1310
7,490,36750000,36750000,3333,5554,36825000,12903
7,491,36825000,36825000,3333,5554,36900000,12931
7,492,36900000,36900000,3333,5554,36975000,12954
7,493,36975000,36975000,3333,5554,37050000,12981
7,494,37050000,37050000,3333,5554,37125000,13007
7,495,37125000,37125000,3333,5554,37200000,13036
7,496,37200000,37200000,3333,5554,37275000,13060
7,497,37275000,37275000,3333,5554,37350000,13086
7,498,37350000,37350000,3333,5554,37425000,13112
7,499,37425000,37425000,3333,5554,37500000,13141
7,5,375000,375000,3333,5554,450000,153
7,50,3750000,3750000,3333,5554,3825000,1335
7,500,37500000,37500000,3333,5554,37575000,13165
7,501,37575000,37575000,3333,5554,37650000,13191
7,502,37650000,37650000,3333,5554,37725000,13217
7,503,37725000,37725000,3333,5554,37800000,13246
7,504,37800000,37800000,3333,5554,37875000,13270
7,505,37875000,37875000,3333,5554,37950000,13297
7,506,37950000,37950000,3333,5554,38025000,13323
7,507,38025000,38025000,3333,5554,38100000,13352
7,508,38100000,38100000,3333,5554,38175000,13376
7,509,38175000,38175000,3333,5554,38250000,13401
7,51,3825000,3825000,3333,5554,3900000,1364
7,510,38250000,38250000,3333,5554,38325000,13427
7,511,38325000,38325000,3333,5554,38400000,13456
7,512,38400000,38400000,3333,5554,38475000,13480
7,513,38475000,38475000,3333,5554,38550000,13507
7,514,38550000,38550000,3333,5554,38625000,13533
7,515,38625000,38625000,3333,5554,38700000,13561
7,516,38700000,38700000,3333,5554,38775000,13585
7,517,38775000,38775000,3333,5554,38850000,13613
7,518,38850000,38850000,3333,5554,38925000,13638
7,519,38925000,38925000,3333,5554,39000000,13667
7,52,3900000,3900000,3333,5554,3975000,1388
7,520,39000000,39000000,3333,5554,39075000,13691
7,521,39075000,39075000,3333,5554,39150000,13717
7,522,39150000,39150000,3333,5554,39225000,13743
7,523,39225000,39225000,3333,5554,39300000,13772
7,524,39300000,39300000,3333,5554,39375000,13796
7,525,39375000,39375000,3333,5554,39450000,13823
7,526,39450000,39450000,3333,5554,39525000,13848
7,527,39525000,39525000,3333,5554,39600000,13876
7,528,39600000,39600000,3333,5554,39675000,13900
7,529,39675000,39675000,3333,5554,39750000,13927
7,53,3975000,3975000,3333,5554,4050000,1414
7,530,39750000,39750000,3333,5554,39825000,13953
7,531,39825000,39825000,3333,5554,39900000,13983
7,532,39900000,39900000,3333,5554,39975000,14007
7,533,39975000,39975000,3333,5554,40050000,14033
7,534,40050000,40050000,3333,5554,40125000,14059
7,535,40125000,40125000,3333,5554,40200000,14087
7,536,40200000,40200000,3333,5554,40275000,14111
7,537,40275000,40275000,3333,5554,40350000,14138
7,538,40350000,40350000,3333,5554,40425000,14164
7,539,40425000,40425000,3333,5554,40500000,14192
7,54,4050000,4050000,3333,5554,4125000,1440
7,540,40500000,40500000,3333,5554,40575000,14216
7,541,40575000,40575000,3333,5554,40650000,14243
7,542,40650000,40650000,3333,5554,40725000,14269
7,543,40725000,40725000,3333,5554,40800000,14297
7,544,40800000,40800000,3333,5554,40875000,14321
7,545,40875000,40875000,3333,5554,40950000,14348
7,546,40950000,40950000,3333,5554,41025000,14374
7,547,41025000,41025000,3333,5554,41100000,14403
7,548,41100000,41100000,3333,5554,41175000,14427
7,549,41175000,41175000,3333,5554,41250000,14454
7,55,4125000,4125000,3333,5554,4200000,1470
7,550,41250000,41250000,3333,5554,41325000,14480
7,551,41325000,41325000,3333,5554,41400000,14508
7,552,41400000,41400000,3333,5554,41475000,14531
7,553,41475000,41475000,3333,5554,41550000,14558
7,554,41550000,41550000,3333,5554,41625000,14584
7,555,41625000,41625000,3333,5554,41700000,14613
7,556,41700000,41700000,3333,5554,41775000,14637
7,557,41775000,41775000,3333,5554,41850000,14663
7,558,41850000,41850000,3333,5554,41925000,14689
7,559,41925000,41925000,3333,5554,42000000,14719
7,56,4200000,4200000,3333,5554,4275000,1494
7,560,42000000,42000000,3333,5554,42075000,14742
7,561,42075000,42075000,3333,5554,42150000,14769
7,562,42150000,42150000,3333,5554,42225000,14795
7,563,42225000,42225000,3333,5554,42300000,14823
7,564,42300000,42300000,3333,5554,42375000,14847
7,565,42375000,42375000,3333,5554,42450000,14874
7,566,42450000,42450000,3333,5554,42525000,14900
7,567,42525000,42525000,3333,5554,42600000,14929
7,568,42600000,42600000,3333,5554,42675000,14953
7,569,42675000,42675000,3333,5554,42750000,14978
7,57,4275000,4275000,3333,5554,4350000,1521
7,570,42750000,42750000,3333,5554,42825000,15004
7,571,42825000,42825000,3333,5554,42900000,15033
7,572,42900000,42900000,3333,5554,42975000,15057
7,573,42975000,42975000,3333,5554,43050000,15085
7,574,43050000,43050000,3333,5554,43125000,15111
7,575,43125000,43125000,3333,5554,43200000,15139
7,576,43200000,43200000,3333,5554,43275000,15163
7,577,43275000,43275000,3333,5554,43350000,15189
7,578,43350000,43350000,3333,5554,43425000,15215
7,579,43425000,43425000,3333,5554,43500000,15244
7,58,4350000,4350000,3333,5554,4425000,1547
7,580,43500000,43500000,3333,5554,43575000,15268
7,581,43575000,43575000,3333,5554,43650000,15294
7,582,43650000,43650000,3333,5554,43725000,15320
7,583,43725000,43725000,3333,5554,43800000,15349
7,584,43800000,43800000,3333,5554,43875000,15373
7,585,43875000,43875000,3333,5554,43950000,15400
7,586,43950000,43950000,3333,5554,44025000,15425
7,587,44025000,44025000,3333,5554,44100000,15454
7,588,44100000,44100000,3333,5554,44175000,15478
7,589,44175000,44175000,3333,5554,44250000,15505
7,59,4425000,4425000,3333,5554,4500000,1574
7,590,44250000,44250000,3333,5554,44325000,15531
7,591,44325000,44325000,3333,5554,44400000,15560
7,592,44400000,44400000,3333,5554,44475000,15584
7,593,44475000,44475000,3333,5554,44550000,15610
7,594,44550000,44550000,3333,5554,44625000,15635
7,595,44625000,44625000,3333,5554,44700000,15664
7,596,44700000,44700000,3333,5554,44775000,15688
7,597,44775000,44775000,3333,5554,44850000,15715
7,598,44850000,44850000,3333,5554,44925000,15741
7,599,44925000,44925000,3333,5554,45000000,15769
7,6,450000,450000,3333,5554,525000,179
7,60,4500000,4500000,3333,5554,4575000,1598
7,600,45000000,45000000,3333,5554,45075000,15793
7,601,45075000,45075000,3333,5554,45150000,15821
7,602,45150000,45150000,3333,5554,45225000,15847
7,603,45225000,45225000,3333,5554,45300000,15875
7,604,45300000,45300000,3333,5554,45375000,15899
7,605,45375000,45375000,3333,5554,45450000,15925
7,606,45450000,45450000,3333,5554,45525000,15951
7,607,45525000,45525000,3333,5554,45600000,15980
7,608,45600000,45600000,3333,5554,45675000,16004
7,609,45675000,45675000,3333,5554,45750000,16031
7,61,4575000,4575000,3333,5554,4650000,1625
7,610,45750000,45750000,3333,5554,45825000,16057
7,611,45825000,45825000,3333,5554,45900000,16084
7,612,45900000,45900000,3333,5554,45975000,16108
7,613,45975000,45975000,3333,5554,46050000,16135
7,614,46050000,46050000,3333,5554,46125000,16161
7,615,46125000,46125000,3333,5554,46200000,16191
7,616,46200000,46200000,3333,5554,46275000,16215
7,617,46275000,46275000,3333,5554,46350000,16241
7,618,46350000,46350000,3333,5554,46425000,16267
7,619,46425000,46425000,3333,5554,46500000,16296
7,62,4650000,4650000,3333,5554,4725000,1651
7,620,46500000,46500000,3333,5554,46575000,16319
7,621,46575000,46575000,3333,5554,46650000,16346
7,622,46650000,46650000,3333,5554,46725000,16372
7,623,46725000,46725000,3333,5554,46800000,16400
7,624,46800000,46800000,3333,5554,46875000,16424
7,625,46875000,46875000,3333,5554,46950000,16451
7,626,46950000,46950000,3333,5554,47025000,16477
7,627,47025000,47025000,3333,5554,47100000,16506
7,628,47100000,47100000,3333,5554,47175000,16529
7,629,47175000,47175000,3333,5554,47250000,16556
7,63,4725000,4725000,3333,5554,4800000,1680
7,630,47250000,47250000,3333,5554,47325000,16582
7,631,47325000,47325000,3333,5554,47400000,16611
7,632,47400000,47400000,3333,5554,47475000,16635
7,633,47475000,47475000,3333,5554,47550000,16662
7,634,47550000,47550000,3333,5554,47625000,16688
7,635,47625000,47625000,3333,5554,47700000,16716
7,636,47700000,47700000,3333,5554,47775000,16740
7,637,47775000,47775000,3333,5554,47850000,16766
7,638,47850000,47850000,3333,5554,47925000,16792
7,639,47925000,47925000,3333,5554,48000000,16821
7,64,4800000,4800000,3333,5554,4875000,1704
7,640,48000000,48000000,3333,5554,48075000,16845
7,641,48075000,48075000,3333,5554,48150000,16871
7,642,48150000,48150000,3333,5554,48225000,16897
7,643,48225000,48225000,3333,5554,48300000,16927
7,644,48300000,48300000,3333,5554,48375000,16951
7,645,48375000,48375000,3333,5554,48450000,16977
7,646,48450000,48450000,3333,5554,48525000,17003
7,647,48525000,48525000,3333,5554,48600000,17031
7,648,48600000,48600000,3333,5554,48675000,17055
7,649,48675000,48675000,3333,5554,48750000,17082
7,65,4875000,4875000,3333,5554,4950000,1730
7,650,48750000,48750000,3333,5554,48825000,17108
7,651,48825000,48825000,3333,5554,48900000,17137
7,652,48900000,48900000,3333,5554,48975000,17161
7,653,48975000,48975000,3333,5554,49050000,17187
7,654,49050000,49050000,3333,5554,49125000,17212
7,655,49125000,49125000,3333,5554,49200000,17241
7,656,49200000,49200000,3333,5554,49275000,17265
7,657,49275000,49275000,3333,5554,49350000,17293
7,658,49350000,49350000,3333,5554,49425000,17319
7,659,49425000,49425000,3333,5554,49500000,17347
7,66,4950000,4950000,3333,5554,5025000,1756
7,660,49500000,49500000,3333,5554,49575000,17371
7,661,49575000,49575000,3333,5554,49650000,17398
7,662,49650000,49650000,3333,5554,49725000,17423
7,663,49725000,49725000,3333,5554,49800000,17452
7,664,49800000,49800000,3333,5554,49875000,17476
7,665,49875000,49875000,3333,5554,49950000,17502
7,666,49950000,49950000,3333,5554,50025000,17528
7,667,50025000,50025000,3333,5554,50100000,17557
7,668,50100000,50100000,3333,5554,50175000,17581
7,669,50175000,50175000,3333,5554,50250000,17608
7,67,5025000,5025000,3333,5554,5100000,1784
7,670,50250000,50250000,3333,5554,50325000,17634
7,671,50325000,50325000,3333,5554,50400000,17662
7,672,50400000,50400000,3333,5554,50475000,17686
7,673,50475000,50475000,3333,5554,50550000,17713
7,674,50550000,50550000,3333,5554,50625000,17739
7,675,50625000,50625000,3333,5554,50700000,17768
7,676,50700000,50700000,3333,5554,50775000,17792
7,677,50775000,50775000,3333,5554,50850000,17818
7,678,50850000,50850000,3333,5554,50925000,17844
7,679,50925000,50925000,3333,5554,51000000,17872
7,68,5100000,5100000,3333,5554,5175000,1808
7,680,51000000,51000000,3333,5554,51075000,17896
7,681,51075000,51075000,3333,5554,51150000,17923
7,682,51150000,51150000,3333,5554,51225000,17949
7,683,51225000,51225000,3333,5554,51300000,17977
7,684,51300000,51300000,3333,5554,51375000,18001
7,685,51375000,51375000,3333,5554,51450000,18029
7,686,51450000,51450000,3333,5554,51525000,18055
7,687,51525000,51525000,3333,5554,51600000,18084
7,688,51600000,51600000,3333,5554,51675000,18107
7,689,51675000,51675000,3333,5554,51750000,18133
7,69,5175000,5175000,3333,5554,5250000,1836
7,690,51750000,51750000,3333,5554,51825000,18159
7,691,51825000,51825000,3333,5554,51900000,18188
7,692,51900000,51900000,3333,5554,51975000,18212
7,693,51975000,51975000,3333,5554,52050000,18239
7,694,52050000,52050000,3333,5554,52125000,18265
7,695,52125000,52125000,3333,5554,52200000,18293
7,696,52200000,52200000,3333,5554,52275000,18316
7,697,52275000,52275000,3333,5554,52350000,18343
7,698,52350000,52350000,3333,5554,52425000,18369
7,699,52425000,52425000,3333,5554,52500000,18399
7,7,525000,525000,3333,5554,600000,208
7,70,5250000,5250000,3333,5554,5325000,1862
7,700,52500000,52500000,3333,5554,52575000,18423
7,701,52575000,52575000,3333,5554,52650000,18449
7,702,52650000,52650000,3333,5554,52725000,18475
7,703,52725000,52725000,3333,5554,52800000,18504
7,704,52800000,52800000,3333,5554,52875000,18528
7,705,52875000,52875000,3333,5554,52950000,18554
7,706,52950000,52950000,3333,5554,53025000,18580
7,707,53025000,53025000,3333,5554,53100000,18608
7,708,53100000,53100000,3333,5554,53175000,18632
7,709,53175000,53175000,3333,5554,53250000,18659
7,71,5325000,5325000,3333,5554,5400000,1890
7,710,53250000,53250000,3333,5554,53325000,18685
7,711,53325000,53325000,3333,5554,53400000,18714
7,712,53400000,53400000,3333,5554,53475000,18738
7,713,53475000,53475000,3333,5554,53550000,18764
7,714,53550000,53550000,3333,5554,53625000,18790
7,715,53625000,53625000,3333,5554,53700000,18819
7,716,53700000,53700000,3333,5554,53775000,18843
7,717,53775000,53775000,3333,5554,53850000,18870
7,718,53850000,53850000,3333,5554,53925000,18896
7,719,53925000,53925000,3333,5554,54000000,18924
7,72,5400000,5400000,3333,5554,5475000,1914
7,720,54000000,54000000,3333,5554,54075000,18948
7,721,54075000,54075000,3333,5554,54150000,18975
7,722,54150000,54150000,3333,5554,54225000,19000
7,723,54225000,54225000,3333,5554,54300000,19029
7,724,54300000,54300000,3333,5554,54375000,19053
7,725,54375000,54375000,3333,5554,54450000,19079
7,726,54450000,54450000,3333,5554,54525000,19105
7,727,54525000,54525000,3333,5554,54600000,19135
7,728,54600000,54600000,3333,5554,54675000,19159
7,729,54675000,54675000,3333,5554,54750000,19186
7,73,5475000,5475000,3333,5554,5550000,1941
7,730,54750000,54750000,3333,5554,54825000,19211
7,731,54825000,54825000,3333,5554,54900000,19239
7,732,54900000,54900000,3333,5554,54975000,19263
7,733,54975000,54975000,3333,5554,55050000,19290
7,734,55050000,55050000,3333,5554,55125000,19316
7,735,55125000,55125000,3333,5554,55200000,19345
7,736,55200000,55200000,3333,5554,55275000,19369
7,737,55275000,55275000,3333,5554,55350000,19395
7,738,55350000,55350000,3333,5554,55425000,19421
7,739,55425000,55425000,3333,5554,55500000,19449
7,74,5550000,5550000,3333,5554,5625000,1967
7,740,55500000,55500000,3333,5554,55575000,19473
7,741,55575000,55575000,3333,5554,55650000,19501
7,742,55650000,55650000,3333,5554,55725000,19527
7,743,55725000,55725000,3333,5554,55800000,19555
7,744,55800000,55800000,3333,5554,55875000,19579
7,745,55875000,55875000,3333,5554,55950000,19606
7,746,55950000,55950000,3333,5554,56025000,19632
7,747,56025000,56025000,3333,5554,56100000,19660
7,748,56100000,56100000,3333,5554,56175000,19684
7,749,56175000,56175000,3333,5554,56250000,19710
7,75,5625000,5625000,3333,5554,5700000,1996
7,750,56250000,56250000,3333,5554,56325000,19736
7,751,56325000,56325000,3333,5554,56400000,19765
7,752,56400000,56400000,3333,5554,56475000,19789
7,753,56475000,56475000,3333,5554,56550000,19816
7,754,56550000,56550000,3333,5554,56625000,19842
7,755,56625000,56625000,3333,5554,56700000,19871
7,756,56700000,56700000,3333,5554,56775000,19894
7,757,56775000,56775000,3333,5554,56850000,19921
7,758,56850000,56850000,3333,5554,56925000,19947
7,759,56925000,56925000,3333,5554,57000000,19976
7,76,5700000,5700000,3333,5554,5775000,2019
7,760,57000000,57000000,3333,5554,57075000,20000
7,761,57075000,57075000,3333,5554,57150000,20026
7,762,57150000,57150000,3333,5554,57225000,20052
7,763,57225000,57225000,3333,5554,57300000,20081
7,764,57300000,57300000,3333,5554,57375000,20104
7,765,57375000,57375000,3333,5554,57450000,20131
7,766,57450000,57450000,3333,5554,57525000,20157
7,767,57525000,57525000,3333,5554,57600000,20185
7,768,57600000,57600000,3333,5554,57675000,20209
7,769,57675000,57675000,3333,5554,57750000,20237
7,77,5775000,5775000,3333,5554,5850000,2045
7,770,57750000,57750000,3333,5554,57825000,20263
7,771,57825000,57825000,3333,5554,57900000,20292
7,772,57900000,57900000,3333,5554,57975000,20316
7,773,57975000,57975000,3333,5554,58050000,20341
7,774,58050000,58050000,3333,5554,58125000,20367
7,775,58125000,58125000,3333,5554,58200000,20396
7,776,58200000,58200000,3333,5554,58275000,20420
7,777,58275000,58275000,3333,5554,58350000,20447
7,778,58350000,58350000,3333,5554,58425000,20473
7,779,58425000,58425000,3333,5554,58500000,20501
7,78,5850000,5850000,3333,5554,5925000,2071
7,780,58500000,58500000,3333,5554,58575000,20525
7,781,58575000,58575000,3333,5554,58650000,20551
7,782,58650000,58650000,3333,5554,58725000,20577
7,783,58725000,58725000,3333,5554,58800000,20607
7,784,58800000,58800000,3333,5554,58875000,20631
7,785,58875000,58875000,3333,5554,58950000,20657
7,786,58950000,58950000,3333,5554,59025000,20683
7,787,59025000,59025000,3333,5554,59100000,20712
7,788,59100000,59100000,3333,5554,59175000,20736
7,789,59175000,59175000,3333,5554,59250000,20763
7,79,5925000,5925000,3333,5554,6000000,2100
7,790,59250000,59250000,3333,5554,59325000,20788
7,791,59325000,59325000,3333,5554,59400000,20816
7,792,59400000,59400000,3333,5554,59475000,20840
7,793,59475000,59475000,3333,5554,59550000,20867
7,794,59550000,59550000,3333,5554,59625000,20893
7,795,59625000,59625000,3333,5554,59700000,20922
7,796,59700000,59700000,3333,5554,59775000,20946
7,797,59775000,59775000,3333,5554,59850000,20973
7,798,59850000,59850000,3333,5554,59925000,20998
7,799,59925000,59925000,3333,5554,60000000,21027
7,8,600000,600000,3333,5554,675000,231
7,80,6000000,6000000,3333,5554,6075000,2124
7,800,60000000,60000000,3333,5554,60075000,21051
7,801,60075000,60075000,3333,5554,60150000,21078
7,802,60150000,60150000,3333,5554,60225000,21104
7,803,60225000,60225000,3333,5554,60300000,21132
7,804,60300000,60300000,3333,5554,60375000,21156
7,805,60375000,60375000,3333,5554,60450000,21183
7,806,60450000,60450000,3333,5554,60525000,21209
7,807,60525000,60525000,3333,5554,60600000,21237
7,808,60600000,60600000,3333,5554,60675000,21261
7,809,60675000,60675000,3333,5554,60750000,21287
7,81,6075000,6075000,3333,5554,6150000,2151
7,810,60750000,60750000,3333,5554,60825000,21313
7,811,60825000,60825000,3333,5554,60900000,21343
7,812,60900000,60900000,3333,5554,60975000,21367
7,813,60975000,60975000,3333,5554,61050000,21394
7,814,61050000,61050000,3333,5554,61125000,21420
7,815,61125000,61125000,3333,5554,61200000,21447
7,816,61200000,61200000,3333,5554,61275000,21471
7,817,61275000,61275000,3333,5554,61350000,21498
7,818,61350000,61350000,3333,5554,61425000,21524
7,819,61425000,61425000,3333,5554,61500000,21553
7,82,6150000,6150000,3333,5554,6225000,2177
7,820,61500000,61500000,3333,5554,61575000,21577
7,821,61575000,61575000,3333,5554,61650000,21603
7,822,61650000,61650000,3333,5554,61725000,21629
7,823,61725000,61725000,3333,5554,61800000,21658
7,824,61800000,61800000,3333,5554,61875000,21681
7,825,61875000,61875000,3333,5554,61950000,21709
7,826,61950000,61950000,3333,5554,62025000,21735
7,827,62025000,62025000,3333,5554,62100000,21763
7,828,62100000,62100000,3333,5554,62175000,21787
7,829,62175000,62175000,3333,5554,62250000,21814
7,83,6225000,6225000,3333,5554,6300000,2206
7,830,62250000,62250000,3333,5554,62325000,21840
7,831,62325000,62325000,3333,5554,62400000,21869
7,832,62400000,62400000,3333,5554,62475000,21892
7,833,62475000,62475000,3333,5554,62550000,21918
7,834,62550000,62550000,3333,5554,62625000,21944
7,835,62625000,62625000,3333,5554,62700000,21973
7,836,62700000,62700000,3333,5554,62775000,21997
7,837,62775000,62775000,3333,5554,62850000,22024
7,838,62850000,62850000,3333,5554,62925000,22050
7,839,62925000,62925000,3333,5554,63000000,22079
7,84,6300000,6300000,3333,5554,6375000,2229
7,840,63000000,63000000,3333,5554,63075000,22103
7,841,63075000,63075000,3333,5554,63150000,22129
7,842,63150000,63150000,3333,5554,63225000,22155
7,843,63225000,63225000,3333,5554,63300000,22184
7,844,63300000,63300000,3333,5554,63375000,22208
7,845,63375000,63375000,3333,5554,63450000,22234
7,846,63450000,63450000,3333,5554,63525000,22260
7,847,63525000,63525000,3333,5554,63600000,22289
7,848,63600000,63600000,3333,5554,63675000,22313
7,849,63675000,63675000,3333,5554,63750000,22339
7,85,6375000,6375000,3333,5554,6450000,2256
7,850,63750000,63750000,3333,5554,63825000,22365
7,851,63825000,63825000,3333,5554,63900000,22393
7,852,63900000,63900000,3333,5554,63975000,22417
7,853,63975000,63975000,3333,5554,64050000,22445
7,854,64050000,64050000,3333,5554,64125000,22471
7,855,64125000,64125000,3333,5554,64200000,22500
7,856,64200000,64200000,3333,5554,64275000,22524
7,857,64275000,64275000,3333,5554,64350000,22550
7,858,64350000,64350000,3333,5554,64425000,22575
7,859,64425000,64425000,3333,5554,64500000,22604
7,86,6450000,6450000,3333,5554,6525000,2282
7,860,64500000,64500000,3333,5554,64575000,22628
7,861,64575000,64575000,3333,5554,64650000,22655
7,862,64650000,64650000,3333,5554,64725000,22681
7,863,64725000,64725000,3333,5554,64800000,22709
7,864,64800000,64800000,3333,5554,64875000,22733
7,865,64875000,64875000,3333,5554,64950000,22760
7,866,64950000,64950000,3333,5554,65025000,22785
7,867,65025000,65025000,3333,5554,65100000,22815
7,868,65100000,65100000,3333,5554,65175000,22839
7,869,65175000,65175000,3333,5554,65250000,22865
7,87,6525000,6525000,3333,5554,6600000,2311
7,870,65250000,65250000,3333,5554,65325000,22891
7,871,65325000,65325000,3333,5554,65400000,22920
7,872,65400000,65400000,3333,5554,65475000,22944
7,873,65475000,65475000,3333,5554,65550000,22971
7,874,65550000,65550000,3333,5554,65625000,22997
7,875,65625000,65625000,3333,5554,65700000,23024
7,876,65700000,65700000,3333,5554,65775000,23048
7,877,65775000,65775000,3333,5554,65850000,23075
7,878,65850000,65850000,3333,5554,65925000,23101
7,879,65925000,65925000,3333,5554,66000000,23130
7,88,6600000,6600000,3333,5554,6675000,2335
7,880,66000000,66000000,3333,5554,66075000,23154
7,881,66075000,66075000,3333,5554,66150000,23181
7,882,66150000,66150000,3333,5554,66225000,23207
7,883,66225000,66225000,3333,5554,66300000,23235
7,884,66300000,66300000,3333,5554,66375000,23259
7,885,66375000,66375000,3333,5554,66450000,23286
7,886,66450000,66450000,3333,5554,66525000,23312
7,887,66525000,66525000,3333,5554,66600000,23340
7,888,66600000,66600000,3333,5554,66675000,23364
7,889,66675000,66675000,3333,5554,66750000,23391
7,89,6675000,6675000,3333,5554,6750000,2361
7,890,66750000,66750000,3333,5554,66825000,23417
7,891,66825000,66825000,3333,5554,66900000,23446
7,892,66900000,66900000,3333,5554,66975000,23469
7,893,66975000,66975000,3333,5554,67050000,23495
7,894,67050000,67050000,3333,5554,67125000,23521
7,895,67125000,67125000,3333,5554,67200000,23551
7,896,67200000,67200000,3333,5554,67275000,23575
7,897,67275000,67275000,3333,5554,67350000,23602
7,898,67350000,67350000,3333,5554,67425000,23628
7,899,67425000,67425000,3333,5554,67500000,23656
7,9,675000,675000,3333,5554,750000,258
7,90,6750000,6750000,3333,5554,6825000,2387
7,900,67500000,67500000,3333,5554,67575000,23679
7,901,67575000,67575000,3333,5554,67650000,23706
7,902,67650000,67650000,3333,5554,67725000,23732
7,903,67725000,67725000,3333,5554,67800000,23761
7,904,67800000,67800000,3333,5554,67875000,23785
7,905,67875000,67875000,3333,5554,67950000,23811
7,906,67950000,67950000,3333,5554,68025000,23837
7,907,68025000,68025000,3333,5554,68100000,23866
7,908,68100000,68100000,3333,5554,68175000,23890
7,909,68175000,68175000,3333,5554,68250000,23917
7,91,6825000,6825000,3333,5554,6900000,2416
7,910,68250000,68250000,3333,5554,68325000,23943
7,911,68325000,68325000,3333,5554,68400000,23971
7,912,68400000,68400000,3333,5554,68475000,23995
7,913,68475000,68475000,3333,5554,68550000,24022
7,914,68550000,68550000,3333,5554,68625000,24048
7,915,68625000,68625000,3333,5554,68700000,24077
7,916,68700000,68700000,3333,5554,68775000,24101
7,917,68775000,68775000,3333,5554,68850000,24126
7,918,68850000,68850000,3333,5554,68925000,24152
7,919,68925000,68925000,3333,5554,69000000,24181
7,92,6900000,6900000,3333,5554,6975000,2440
7,920,69000000,69000000,3333,5554,69075000,24205
7,921,69075000,69075000,3333,5554,69150000,24232
7,922,69150000,69150000,3333,5554,69225000,24258
7,923,69225000,69225000,3333,5554,69300000,24287
7,924,69300000,69300000,3333,5554,69375000,24311
7,925,69375000,69375000,3333,5554,69450000,24338
7,926,69450000,69450000,3333,5554,69525000,24363
7,927,69525000,69525000,3333,5554,69600000,24392
7,928,69600000,69600000,3333,5554,69675000,24416
7,929,69675000,69675000,3333,5554,69750000,24442
7,93,6975000,6975000,3333,5554,7050000,2466
7,930,69750000,69750000,3333,5554,69825000,24468
7,931,69825000,69825000,3333,5554,69900000,24497
7,932,69900000,69900000,3333,5554,69975000,24521
7,933,69975000,69975000,3333,5554,70050000,24548
7,934,70050000,70050000,3333,5554,70125000,24573
7,935,70125000,70125000,3333,5554,70200000,24601
7,936,70200000,70200000,3333,5554,70275000,24625
7,937,70275000,70275000,3333,5554,70350000,24653
7,938,70350000,70350000,3333,5554,70425000,24679
7,939,70425000,70425000,3333,5554,70500000,24708
7,94,7050000,7050000,3333,5554,7125000,2492
7,940,70500000,70500000,3333,5554,70575000,24732
7,941,70575000,70575000,3333,5554,70650000,24758
7,942,70650000,70650000,3333,5554,70725000,24784
7,943,70725000,70725000,3333,5554,70800000,24812
7,944,70800000,70800000,3333,5554,70875000,24836
7,945,70875000,70875000,3333,5554,70950000,24863
7,946,70950000,70950000,3333,5554,71025000,24889
7,947,71025000,71025000,3333,5554,71100000,24917
7,948,71100000,71100000,3333,5554,71175000,24941
7,949,71175000,71175000,3333,5554,71250000,24968
7,95,7125000,7125000,3333,5554,7200000,2520
7,950,71250000,71250000,3333,5554,71325000,24994
7,951,71325000,71325000,3333,5554,71400000,25023
7,952,71400000,71400000,3333,5554,71475000,25047
7,953,71475000,71475000,3333,5554,71550000,25073
7,954,71550000,71550000,3333,5554,71625000,25099
7,955,71625000,71625000,3333,5554,71700000,25128
7,956,71700000,71700000,3333,5554,71775000,25152
7,957,71775000,71775000,3333,5554,71850000,25179
7,958,71850000,71850000,3333,5554,71925000,25205
7,959,71925000,71925000,3333,5554,72000000,25233
7,96,7200000,7200000,3333,5554,7275000,2544
7,960,72000000,72000000,3333,5554,72075000,25256
7,961,72075000,72075000,3333,5554,72150000,25283
7,962,72150000,72150000,3333,5554,72225000,25309
7,963,72225000,72225000,3333,5554,72300000,25338
7,964,72300000,72300000,3333,5554,72375000,25362
7,965,72375000,72375000,3333,5554,72450000,25389
7,966,72450000,72450000,3333,5554,72525000,25415
7,967,72525000,72525000,3333,5554,72600000,25444
7,968,72600000,72600000,3333,5554,72675000,25467
7,969,72675000,72675000,3333,5554,72750000,25494
7,97,7275000,7275000,3333,5554,7350000,2572
7,970,72750000,72750000,3333,5554,72825000,25520
7,971,72825000,72825000,3333,5554,72900000,25548
7,972,72900000,72900000,3333,5554,72975000,25572
7,973,72975000,72975000,3333,5554,73050000,25599
7,974,73050000,73050000,3333,5554,73125000,25625
7,975,73125000,73125000,3333,5554,73200000,25654
7,976,73200000,73200000,3333,5554,73275000,25678
7,977,73275000,73275000,3333,5554,73350000,25703
7,978,73350000,73350000,3333,5554,73425000,25729
7,979,73425000,73425000,3333,5554,73500000,25759
7,98,7350000,7350000,3333,5554,7425000,2598
7,980,73500000,73500000,3333,5554,73575000,25783
7,981,73575000,73575000,3333,5554,73650000,25810
7,982,73650000,73650000,3333,5554,73725000,25836
7,983,73725000,73725000,3333,5554,73800000,25864
7,984,73800000,73800000,3333,5554,73875000,25888
7,985,73875000,73875000,3333,5554,73950000,25914
7,986,73950000,73950000,3333,5554,74025000,25940
7,987,74025000,74025000,3333,5554,74100000,25969
7,988,74100000,74100000,3333,5554,74175000,25993
7,989,74175000,74175000,3333,5554,74250000,26019
7,99,7425000,7425000,3333,5554,7500000,2627
7,990,74250000,74250000,3333,5554,74325000,26045
7,991,74325000,74325000,3333,5554,74400000,26074
7,992,74400000,74400000,3333,5554,74475000,26098
7,993,74475000,74475000,3333,5554,74550000,26126
7,994,74550000,74550000,3333,5554,74625000,26151
7,995,74625000,74625000,3333,5554,74700000,26179
7,996,74700000,74700000,3333,5554,74775000,26203
7,997,74775000,74775000,3333,5554,74850000,26230
7,998,74850000,74850000,3333,5554,74925000,26256
7,999,74925000,74925000,3333,5554,75000000,26285
8,0,0,0,1155,1925,85000,25
8,1,85000,85000,1155,1925,170000,54
8,10,850000,850000,1155,1925,935000,322
8,100,8500000,8500000,1155,1925,8585000,3005
8,1000,85000000,85000000,1155,1925,85085000,29818
8,1001,85085000,85085000,1155,1925,85170000,29847
8,1002,85170000,85170000,1155,1925,85255000,29874
8,1003,85255000,85255000,1155,1925,85340000,29908
8,1004,85340000,85340000,1155,1925,85425000,29937
8,1005,85425000,85425000,1155,1925,85510000,29967
8,1006,85510000,85510000,1155,1925,85595000,29995
8,1007,85595000,85595000,1155,1925,85680000,30028
8,1008,85680000,85680000,1155,1925,85765000,30055
8,1009,85765000,85765000,1155,1925,85850000,30084
8,101,8585000,8585000,1155,1925,8670000,3034
8,1010,85850000,85850000,1155,1925,85935000,30114
8,1011,85935000,85935000,1155,1925,86020000,30144
8,1012,86020000,86020000,1155,1925,86105000,30176
8,1013,86105000,86105000,1155,1925,86190000,30205
8,1014,86190000,86190000,1155,1925,86275000,30232
8,1015,86275000,86275000,1155,1925,86360000,30265
8,1016,86360000,86360000,1155,1925,86445000,30293
8,1017,86445000,86445000,1155,1925,86530000,30324
8,1018,86530000,86530000,1155,1925,86615000,30352
8,1019,86615000,86615000,1155,1925,86700000,30386
8,102,8670000,8670000,1155,1925,8755000,3062
8,1020,86700000,86700000,1155,1925,86785000,30413
8,1021,86785000,86785000,1155,1925,86870000,30443
8,1022,86870000,86870000,1155,1925,86955000,30473
8,1023,86955000,86955000,1155,1925,87040000,30503
8,1024,87040000,87040000,1155,1925,87125000,30533
8,1025,87125000,87125000,1155,1925,87210000,30561
8,1026,87210000,87210000,1155,1925,87295000,30589
8,1027,87295000,87295000,1155,1925,87380000,30623
8,1028,87380000,87380000,1155,1925,87465000,30651
8,1029,87465000,87465000,1155,1925,87550000,30681
8,103,8755000,8755000,1155,1925,8840000,3095
8,1030,87550000,87550000,1155,1925,87635000,30709
8,1031,87635000,87635000,1155,1925,87720000,30743
8,1032,87720000,87720000,1155,1925,87805000,30770
8,1033,87805000,87805000,1155,1925,87890000,30799
8,1034,87890000,87890000,1155,1925,87975000,30830
8,1035,87975000,87975000,1155,1925,88060000,30861
8,1036,88060000,88060000,1155,1925,88145000,30891
8,1037,88145000,88145000,1155,1925,88230000,30920
8,1038,88230000,88230000,1155,1925,88315000,30947
8,1039,88315000,88315000,1155,1925,88400000,30980
8,104,8840000,8840000,1155,1925,8925000,3124
8,1040,88400000,88400000,1155,1925,88485000,31009
8,1041,88485000,88485000,1155,1925,88570000,31039
8,1042,88570000,88570000,1155,1925,88655000,31068
8,1043,88655000,88655000,1155,1925,88740000,31100
8,1044,88740000,88740000,1155,1925,88825000,31127
8,1045,88825000,88825000,1155,1925,88910000,31157
8,1046,88910000,88910000,1155,1925,88995000,31187
8,1047,88995000,88995000,1155,1925,89080000,31217
8,1048,89080000,89080000,1155,1925,89165000,31247
8,1049,89165000,89165000,1155,1925,89250000,31278
8,105,8925000,8925000,1155,1925,9010000,3154
8,1050,89250000,89250000,1155,1925,89335000,31305
8,1051,89335000,89335000,1155,1925,89420000,31338
8,1052,89420000,89420000,1155,1925,89505000,31366
8,1053,89505000,89505000,1155,1925,89590000,31396
8,1054,89590000,89590000,1155,1925,89675000,31425
8,1055,89675000,89675000,1155,1925,89760000,31458
8,1056,89760000,89760000,1155,1925,89845000,31485
8,1057,89845000,89845000,1155,1925,89930000,31515
8,1058,89930000,89930000,1155,1925,90015000,31545
8,1059,90015000,90015000,1155,1925,90100000,31576
8,106,9010000,9010000,1155,1925,9095000,3182
8,1060,90100000,90100000,1155,1925,90185000,31606
8,1061,90185000,90185000,1155,1925,90270000,31634
8,1062,90270000,90270000,1155,1925,90355000,31661
8,1063,90355000,90355000,1155,1925,90440000,31695
8,1064,90440000,90440000,1155,1925,90525000,31724
8,1065,90525000,90525000,1155,1925,90610000,31754
8,1066,90610000,90610000,1155,1925,90695000,31782
8,1067,90695000,90695000,1155,1925,90780000,31815
8,1068,90780000,90780000,1155,1925,90865000,31843
8,1069,90865000,90865000,1155,1925,90950000,31872
8,107,9095000,9095000,1155,1925,9180000,3215
8,1070,90950000,90950000,1155,1925,91035000,31902
8,1071,91035000,91035000,1155,1925,91120000,31932
8,1072,91120000,91120000,1155,1925,91205000,31963
8,1073,91205000,91205000,1155,1925,91290000,31993
8,1074,91290000,91290000,1155,1925,91375000,32020
8,1075,91375000,91375000,1155,1925,91460000,32053
8,1076,91460000,91460000,1155,1925,91545000,32081
8,1077,91545000,91545000,1155,1925,91630000,32112
8,1078,91630000,91630000,1155,1925,91715000,32140
8,1079,91715000,91715000,1155,1925,91800000,32173
8,108,9180000,9180000,1155,1925,9265000,3242
8,1080,91800000,91800000,1155,1925,91885000,32200
8,1081,91885000,91885000,1155,1925,91970000,32229
8,1082,91970000,91970000,1155,1925,92055000,32260
8,1083,92055000,92055000,1155,1925,92140000,32290
8,1084,92140000,92140000,1155,1925,92225000,32320
8,1085,92225000,92225000,1155,1925,92310000,32349
8,1086,92310000,92310000,1155,1925,92395000,32376
8,1087,92395000,92395000,1155,1925,92480000,32411
8,1088,92480000,92480000,1155,1925,92565000,32439
8,1089,92565000,92565000,1155,1925,92650000,32469
8,109,9265000,9265000,1155,1925,9350000,3271
8,1090,92650000,92650000,1155,1925,92735000,32497
8,1091,92735000,92735000,1155,1925,92820000,32531
8,1092,92820000,92820000,1155,1925,92905000,32558
8,1093,92905000,92905000,1155,1925,92990000,32587
8,1094,92990000,92990000,1155,1925,93075000,32618
8,1095,93075000,93075000,1155,1925,93160000,32648
8,1096,93160000,93160000,1155,1925,93245000,32679
8,1097,93245000,93245000,1155,1925,93330000,32707
8,1098,93330000,93330000,1155,1925,93415000,32734
8,1099,93415000,93415000,1155,1925,93500000,32767
8,11,935000,935000,1155,1925,1020000,355
8,110,9350000,9350000,1155,1925,9435000,3301
8,1100,93500000,93500000,1155,1925,93585000,32795
8,1101,93585000,93585000,1155,1925,93670000,32826
8,1102,93670000,93670000,1155,1925,93755000,32855
8,1103,93755000,93755000,1155,1925,93840000,32888
8,1104,93840000,93840000,1155,1925,93925000,32915
8,1105,93925000,93925000,1155,1925,94010000,32945
8,1106,94010000,94010000,1155,1925,94095000,32975
8,1107,94095000,94095000,1155,1925,94180000,33005
8,1108,94180000,94180000,1155,1925,94265000,33035
8,1109,94265000,94265000,1155,1925,94350000,33065
8,111,9435000,9435000,1155,1925,9520000,3332
8,1110,94350000,94350000,1155,1925,94435000,33093
8,1111,94435000,94435000,1155,1925,94520000,33126
8,1112,94520000,94520000,1155,1925,94605000,33154
8,1113,94605000,94605000,1155,1925,94690000,33184
8,1114,94690000,94690000,1155,1925,94775000,33212
8,1115,94775000,94775000,1155,1925,94860000,33245
8,1116,94860000,94860000,1155,1925,94945000,33272
8,1117,94945000,94945000,1155,1925,95030000,33302
8,1118,95030000,95030000,1155,1925,95115000,33332
8,1119,95115000,95115000,1155,1925,95200000,33363
8,112,9520000,9520000,1155,1925,9605000,3363
8,1120,95200000,95200000,1155,1925,95285000,33393
8,1121,95285000,95285000,1155,1925,95370000,33422
8,1122,95370000,95370000,1155,1925,95455000,33449
8,1123,95455000,95455000,1155,1925,95540000,33482
8,1124,95540000,95540000,1155,1925,95625000,33512
8,1125,95625000,95625000,1155,1925,95710000,33542
8,1126,95710000,95710000,1155,1925,95795000,33570
8,1127,95795000,95795000,1155,1925,95880000,33603
8,1128,95880000,95880000,1155,1925,95965000,33630
8,1129,95965000,95965000,1155,1925,96050000,33660
8,113,9605000,9605000,1155,1925,9690000,3392
8,1130,96050000,96050000,1155,1925,96135000,33690
8,1131,96135000,96135000,1155,1925,96220000,33720
8,1132,96220000,96220000,1155,1925,96305000,33751
8,1133,96305000,96305000,1155,1925,96390000,33780
8,1134,96390000,96390000,1155,1925,96475000,33807
8,1135,96475000,96475000,1155,1925,96560000,33840
8,1136,96560000,96560000,1155,1925,96645000,33868
8,1137,96645000,96645000,1155,1925,96730000,33898
8,1138,96730000,96730000,1155,1925,96815000,33927
8,1139,96815000,96815000,1155,1925,96900000,33961
8,114,9690000,9690000,1155,1925,9775000,3419
8,1140,96900000,96900000,1155,1925,96985000,33988
8,1141,96985000,96985000,1155,1925,97070000,34017
8,1142,97070000,97070000,1155,1925,97155000,34047
8,1143,97155000,97155000,1155,1925,97240000,34078
8,1144,97240000,97240000,1155,1925,97325000,34108
8,1145,97325000,97325000,1155,1925,97410000,34137
8,1146,97410000,97410000,1155,1925,97495000,34164
8,1147,97495000,97495000,1155,1925,97580000,34199
8,1148,97580000,97580000,1155,1925,97665000,34227
8,1149,97665000,97665000,1155,1925,97750000,34257
8,115,9775000,9775000,1155,1925,9860000,3452
8,1150,97750000,97750000,1155,1925,97835000,34285
8,1151,97835000,97835000,1155,1925,97920000,34317
8,1152,97920000,97920000,1155,1925,98005000,34345
8,1153,98005000,98005000,1155,1925,98090000,34374
8,1154,98090000,98090000,1155,1925,98175000,34405
8,1155,98175000,98175000,1155,1925,98260000,34435
8,1156,98260000,98260000,1155,1925,98345000,34465
8,1157,98345000,98345000,1155,1925,98430000,34495
8,1158,98430000,98430000,1155,1925,98515000,34522
8,1159,98515000,98515000,1155,1925,98600000,34555
8,116,9860000,9860000,1155,1925,9945000,3481
8,1160,98600000,98600000,1155,1925,98685000,34583
8,1161,98685000,98685000,1155,1925,98770000,34614
8,1162,98770000,98770000,1155,1925,98855000,34643
8,1163,98855000,98855000,1155,1925,98940000,34676
8,1164,98940000,98940000,1155,1925,99025000,34703
8,1165,99025000,99025000,1155,1925,99110000,34732
8,1166,99110000,99110000,1155,1925,99195000,34763
8,1167,99195000,99195000,1155,1925,99280000,34793
8,1168,99280000,99280000,1155,1925,99365000,34823
8,1169,99365000,99365000,1155,1925,99450000,34852
8,117,9945000,9945000,1155,1925,10030000,3511
8,1170,99450000,99450000,1155,1925,99535000,34879
8,1171,99535000,99535000,1155,1925,99620000,34913
8,1172,99620000,99620000,1155,1925,99705000,34941
8,1173,99705000,99705000,1155,1925,99790000,34971
8,1174,99790000,99790000,1155,1925,99875000,34999
8,1175,99875000,99875000,1155,1925,99960000,35033
8,1176,99960000,99960000,1155,1925,100045000,35060
8,1177,100045000,100045000,1155,1925,100130000,35090
8,1178,100130000,100130000,1155,1925,100215000,35120
8,1179,100215000,100215000,1155,1925,100300000,35150
8,118,10030000,10030000,1155,1925,10115000,3539
8,1180,100300000,100300000,1155,1925,100385000,35181
8,1181,100385000,100385000,1155,1925,100470000,35210
8,1182,100470000,100470000,1155,1925,100555000,35237
8,1183,100555000,100555000,1155,1925,100640000,35270
8,1184,100640000,100640000,1155,1925,100725000,35299
8,1185,100725000,100725000,1155,1925,100810000,35330
8,1186,100810000,100810000,1155,1925,100895000,35358
8,1187,100895000,100895000,1155,1925,100980000,35390
8,1188,100980000,100980000,1155,1925,101065000,35417
8,1189,101065000,101065000,1155,1925,101150000,35447
8,119,10115000,10115000,1155,1925,10200000,3573
8,1190,101150000,101150000,1155,1925,101235000,35477
8,1191,101235000,101235000,1155,1925,101320000,35507
8,1192,101320000,101320000,1155,1925,101405000,35538
8,1193,101405000,101405000,1155,1925,101490000,35567
8,1194,101490000,101490000,1155,1925,101575000,35595
8,1195,101575000,101575000,1155,1925,101660000,35628
8,1196,101660000,101660000,1155,1925,101745000,35656
8,1197,101745000,101745000,1155,1925,101830000,35686
8,1198,101830000,101830000,1155,1925,101915000,35714
8,1199,101915000,101915000,1155,1925,102000000,35749
8,12,1020000,1020000,1155,1925,1105000,382
8,120,10200000,10200000,1155,1925,10285000,3600
8,1200,102000000,102000000,1155,1925,102085000,35776
8,1201,102085000,102085000,1155,1925,102170000,35805
8,1202,102170000,102170000,1155,1925,102255000,35835
8,1203,102255000,102255000,1155,1925,102340000,35866
8,1204,102340000,102340000,1155,1925,102425000,35896
8,1205,102425000,102425000,1155,1925,102510000,35924
8,1206,102510000,102510000,1155,1925,102595000,35951
8,1207,102595000,102595000,1155,1925,102680000,35985
8,1208,102680000,102680000,1155,1925,102765000,36014
8,1209,102765000,102765000,1155,1925,102850000,36044
8,121,10285000,10285000,1155,1925,10370000,3630
8,1210,102850000,102850000,1155,1925,102935000,36072
8,1211,102935000,102935000,1155,1925,103020000,36105
8,1212,103020000,103020000,1155,1925,103105000,36132
8,1213,103105000,103105000,1155,1925,103190000,36162
8,1214,103190000,103190000,1155,1925,103275000,36193
8,1215,103275000,103275000,1155,1925,103360000,36223
8,1216,103360000,103360000,1155,1925,103445000,36253
8,1217,103445000,103445000,1155,1925,103530000,36283
8,1218,103530000,103530000,1155,1925,103615000,36310
8,1219,103615000,103615000,1155,1925,103700000,36343
8,122,10370000,10370000,1155,1925,10455000,3660
8,1220,103700000,103700000,1155,1925,103785000,36371
8,1221,103785000,103785000,1155,1925,103870000,36401
8,1222,103870000,103870000,1155,1925,103955000,36431
8,1223,103955000,103955000,1155,1925,104040000,36463
8,1224,104040000,104040000,1155,1925,104125000,36490
8,1225,104125000,104125000,1155,1925,104210000,36519
8,1226,104210000,104210000,1155,1925,104295000,36549
8,1227,104295000,104295000,1155,1925,104380000,36580
8,1228,104380000,104380000,1155,1925,104465000,36610
8,1229,104465000,104465000,1155,1925,104550000,36640
8,123,10455000,10455000,1155,1925,10540000,3690
8,1230,104550000,104550000,1155,1925,104635000,36667
8,1231,104635000,104635000,1155,1925,104720000,36701
8,1232,104720000,104720000,1155,1925,104805000,36729
8,1233,104805000,104805000,1155,1925,104890000,36759
8,1234,104890000,104890000,1155,1925,104975000,36787
8,1235,104975000,104975000,1155,1925,105060000,36820
8,1236,105060000,105060000,1155,1925,105145000,36848
8,1237,105145000,105145000,1155,1925,105230000,36878
8,1238,105230000,105230000,1155,1925,105315000,36908
8,1239,105315000,105315000,1155,1925,105400000,36938
8,124,10540000,10540000,1155,1925,10625000,3720
8,1240,105400000,105400000,1155,1925,105485000,36968
8,1241,105485000,105485000,1155,1925,105570000,36997
8,1242,105570000,105570000,1155,1925,105655000,37024
8,1243,105655000,105655000,1155,1925,105740000,37057
8,1244,105740000,105740000,1155,1925,105825000,37086
8,1245,105825000,105825000,1155,1925,105910000,37117
8,1246,105910000,105910000,1155,1925,105995000,37145
8,1247,105995000,105995000,1155,1925,106080000,37178
8,1248,106080000,106080000,1155,1925,106165000,37205
8,1249,106165000,106165000,1155,1925,106250000,37234
8,125,10625000,10625000,1155,1925,10710000,3749
8,1250,106250000,106250000,1155,1925,106335000,37265
8,1251,106335000,106335000,1155,1925,106420000,37295
8,1252,106420000,106420000,1155,1925,106505000,37326
8,1253,106505000,106505000,1155,1925,106590000,37355
8,1254,106590000,106590000,1155,1925,106675000,37382
8,1255,106675000,106675000,1155,1925,106760000,37416
8,1256,106760000,106760000,1155,1925,106845000,37444
8,1257,106845000,106845000,1155,1925,106930000,37474
8,1258,106930000,106930000,1155,1925,107015000,37502
8,1259,107015000,107015000,1155,1925,107100000,37536
8,126,10710000,10710000,1155,1925,10795000,3776
8,127,10795000,10795000,1155,1925,10880000,3810
8,128,10880000,10880000,1155,1925,10965000,3838
8,129,10965000,10965000,1155,1925,11050000,3868
8,13,1105000,1105000,1155,1925,1190000,412
8,130,11050000,11050000,1155,1925,11135000,3897
8,131,11135000,11135000,1155,1925,11220000,3930
8,132,11220000,11220000,1155,1925,11305000,3957
8,133,11305000,11305000,1155,1925,11390000,3986
8,134,11390000,11390000,1155,1925,11475000,4017
8,135,11475000,11475000,1155,1925,11560000,4048
8,136,11560000,11560000,1155,1925,11645000,4078
8,137,11645000,11645000,1155,1925,11730000,4107
8,138,11730000,11730000,1155,1925,11815000,4134
8,139,11815000,11815000,1155,1925,11900000,4168
8,14,1190000,1190000,1155,1925,1275000,443
8,140,11900000,11900000,1155,1925,11985000,4196
8,141,11985000,11985000,1155,1925,12070000,4226
8,142,12070000,12070000,1155,1925,12155000,4255
8,143,12155000,12155000,1155,1925,12240000,4287
8,144,12240000,12240000,1155,1925,12325000,4315
8,145,12325000,12325000,1155,1925,12410000,4344
8,146,12410000,12410000,1155,1925,12495000,4374
8,147,12495000,12495000,1155,1925,12580000,4404
8,148,12580000,12580000,1155,1925,12665000,4434
8,149,12665000,12665000,1155,1925,12750000,4465
8,15,1275000,1275000,1155,1925,1360000,473
8,150,12750000,12750000,1155,1925,12835000,4492
8,151,12835000,12835000,1155,1925,12920000,4525
8,152,12920000,12920000,1155,1925,13005000,4553
8,153,13005000,13005000,1155,1925,13090000,4584
8,154,13090000,13090000,1155,1925,13175000,4612
8,155,13175000,13175000,1155,1925,13260000,4645
8,156,13260000,13260000,1155,1925,13345000,4672
8,157,13345000,13345000,1155,1925,13430000,4702
8,158,13430000,13430000,1155,1925,13515000,4733
8,159,13515000,13515000,1155,1925,13600000,4763
8,16,1360000,1360000,1155,1925,1445000,503
8,160,13600000,13600000,1155,1925,13685000,4793
8,161,13685000,13685000,1155,1925,13770000,4821
8,162,13770000,13770000,1155,1925,13855000,4848
8,163,13855000,13855000,1155,1925,13940000,4882
8,164,13940000,13940000,1155,1925,14025000,4911
8,165,14025000,14025000,1155,1925,14110000,4941
8,166,14110000,14110000,1155,1925,14195000,4969
8,167,14195000,14195000,1155,1925,14280000,5003
8,168,14280000,14280000,1155,1925,14365000,5030
8,169,14365000,14365000,1155,1925,14450000,5059
8,17,1445000,1445000,1155,1925,1530000,531
8,170,14450000,14450000,1155,1925,14535000,5089
8,171,14535000,14535000,1155,1925,14620000,5119
8,172,14620000,14620000,1155,1925,14705000,5151
8,173,14705000,14705000,1155,1925,14790000,5180
8,174,14790000,14790000,1155,1925,14875000,5207
8,175,14875000,14875000,1155,1925,14960000,5240
8,176,14960000,14960000,1155,1925,15045000,5268
8,177,15045000,15045000,1155,1925,15130000,5299
8,178,15130000,15130000,1155,1925,15215000,5327
8,179,15215000,15215000,1155,1925,15300000,5360
8,18,1530000,1530000,1155,1925,1615000,559
8,180,15300000,15300000,1155,1925,15385000,5387
8,181,15385000,15385000,1155,1925,15470000,5417
8,182,15470000,15470000,1155,1925,15555000,5447
8,183,15555000,15555000,1155,1925,15640000,5477
8,184,15640000,15640000,1155,1925,15725000,5507
8,185,15725000,15725000,1155,1925,15810000,5536
8,186,15810000,15810000,1155,1925,15895000,5564
8,187,15895000,15895000,1155,1925,15980000,5598
8,188,15980000,15980000,1155,1925,16065000,5626
8,189,16065000,16065000,1155,1925,16150000,5656
8,19,1615000,1615000,1155,1925,1700000,592
8,190,16150000,16150000,1155,1925,16235000,5684
8,191,16235000,16235000,1155,1925,16320000,5718
8,192,16320000,16320000,1155,1925,16405000,5745
8,193,16405000,16405000,1155,1925,16490000,5774
8,194,16490000,16490000,1155,1925,16575000,5805
8,195,16575000,16575000,1155,1925,16660000,5836
8,196,16660000,16660000,1155,1925,16745000,5866
8,197,16745000,16745000,1155,1925,16830000,5894
8,198,16830000,16830000,1155,1925,16915000,5921
8,199,16915000,16915000,1155,1925,17000000,5954
8,2,170000,170000,1155,1925,255000,84
8,20,1700000,1700000,1155,1925,1785000,620
8,200,17000000,17000000,1155,1925,17085000,5983
8,201,17085000,17085000,1155,1925,17170000,6013
8,202,17170000,17170000,1155,1925,17255000,6042
8,203,17255000,17255000,1155,1925,17340000,6075
8,204,17340000,17340000,1155,1925,17425000,6102
8,205,17425000,17425000,1155,1925,17510000,6132
8,206,17510000,17510000,1155,1925,17595000,6162
8,207,17595000,17595000,1155,1925,17680000,6192
8,208,17680000,17680000,1155,1925,17765000,6222
8,209,17765000,17765000,1155,1925,17850000,6253
8,21,1785000,1785000,1155,1925,1870000,650
8,210,17850000,17850000,1155,1925,17935000,6280
8,211,17935000,17935000,1155,1925,18020000,6313
8,212,18020000,18020000,1155,1925,18105000,6341
8,213,18105000,18105000,1155,1925,18190000,6371
8,214,18190000,18190000,1155,1925,18275000,6400
8,215,18275000,18275000,1155,1925,18360000,6432
8,216,18360000,18360000,1155,1925,18445000,6459
8,217,18445000,18445000,1155,1925,18530000,6489
8,218,18530000,18530000,1155,1925,18615000,6519
8,219,18615000,18615000,1155,1925,18700000,6550
8,22,1870000,1870000,1155,1925,1955000,679
8,220,18700000,18700000,1155,1925,18785000,6580
8,221,18785000,18785000,1155,1925,18870000,6609
8,222,18870000,18870000,1155,1925,18955000,6636
8,223,18955000,18955000,1155,1925,19040000,6670
8,224,19040000,19040000,1155,1925,19125000,6699
8,225,19125000,19125000,1155,1925,19210000,6729
8,226,19210000,19210000,1155,1925,19295000,6757
8,227,19295000,19295000,1155,1925,19380000,6790
8,228,19380000,19380000,1155,1925,19465000,6818
8,229,19465000,19465000,1155,1925,19550000,6847
8,23,1955000,1955000,1155,1925,2040000,713
8,230,19550000,19550000,1155,1925,19635000,6877
8,231,19635000,19635000,1155,1925,19720000,6907
8,232,19720000,19720000,1155,1925,19805000,6938
8,233,19805000,19805000,1155,1925,19890000,6967
8,234,19890000,19890000,1155,1925,19975000,6994
8,235,19975000,19975000,1155,1925,20060000,7027
8,236,20060000,20060000,1155,1925,20145000,7055
8,237,20145000,20145000,1155,1925,20230000,7086
8,238,20230000,20230000,1155,1925,20315000,7114
8,239,20315000,20315000,1155,1925,20400000,7148
8,24,2040000,2040000,1155,1925,2125000,740
8,240,20400000,20400000,1155,1925,20485000,7175
8,241,20485000,20485000,1155,1925,20570000,7204
8,242,20570000,20570000,1155,1925,20655000,7235
8,243,20655000,20655000,1155,1925,20740000,7265
8,244,20740000,20740000,1155,1925,20825000,7295
8,245,20825000,20825000,1155,1925,20910000,7324
8,246,20910000,20910000,1155,1925,20995000,7351
8,247,20995000,20995000,1155,1925,21080000,7386
8,248,21080000,21080000,1155,1925,21165000,7414
8,249,21165000,21165000,1155,1925,21250000,7444
8,25,2125000,2125000,1155,1925,2210000,769
8,250,21250000,21250000,1155,1925,21335000,7472
8,251,21335000,21335000,1155,1925,21420000,7505
8,252,21420000,21420000,1155,1925,21505000,7532
8,253,21505000,21505000,1155,1925,21590000,7561
8,254,21590000,21590000,1155,1925,21675000,7592
8,255,21675000,21675000,1155,1925,21760000,7622
8,256,21760000,21760000,1155,1925,21845000,7653
8,257,21845000,21845000,1155,1925,21930000,7682
8,258,21930000,21930000,1155,1925,22015000,7709
8,259,22015000,22015000,1155,1925,22100000,7742
8,26,2210000,2210000,1155,1925,2295000,799
8,260,22100000,22100000,1155,1925,22185000,7770
8,261,22185000,22185000,1155,1925,22270000,7801
8,262,22270000,22270000,1155,1925,22355000,7830
8,263,22355000,22355000,1155,1925,22440000,7863
8,264,22440000,22440000,1155,1925,22525000,7890
8,265,22525000,22525000,1155,1925,22610000,7920
8,266,22610000,22610000,1155,1925,22695000,7950
8,267,22695000,22695000,1155,1925,22780000,7980
8,268,22780000,22780000,1155,1925,22865000,8010
8,269,22865000,22865000,1155,1925,22950000,8039
8,27,2295000,2295000,1155,1925,2380000,830
8,270,22950000,22950000,1155,1925,23035000,8067
8,271,23035000,23035000,1155,1925,23120000,8100
8,272,23120000,23120000,1155,1925,23205000,8128
8,273,23205000,23205000,1155,1925,23290000,8158
8,274,23290000,23290000,1155,1925,23375000,8186
8,275,23375000,23375000,1155,1925,23460000,8220
8,276,23460000,23460000,1155,1925,23545000,8247
8,277,23545000,23545000,1155,1925,23630000,8277
8,278,23630000,23630000,1155,1925,23715000,8307
8,279,23715000,23715000,1155,1925,23800000,8338
8,28,2380000,2380000,1155,1925,2465000,860
8,280,23800000,23800000,1155,1925,23885000,8368
8,281,23885000,23885000,1155,1925,23970000,8397
8,282,23970000,23970000,1155,1925,24055000,8424
8,283,24055000,24055000,1155,1925,24140000,8457
8,284,24140000,24140000,1155,1925,24225000,8487
8,285,24225000,24225000,1155,1925,24310000,8517
8,286,24310000,24310000,1155,1925,24395000,8545
8,287,24395000,24395000,1155,1925,24480000,8577
8,288,24480000,24480000,1155,1925,24565000,8604
8,289,24565000,24565000,1155,1925,24650000,8634
8,29,2465000,2465000,1155,1925,2550000,890
8,290,24650000,24650000,1155,1925,24735000,8664
8,291,24735000,24735000,1155,1925,24820000,8694
8,292,24820000,24820000,1155,1925,24905000,8725
8,293,24905000,24905000,1155,1925,24990000,8755
8,294,24990000,24990000,1155,1925,25075000,8782
8,295,25075000,25075000,1155,1925,25160000,8815
8,296,25160000,25160000,1155,1925,25245000,8843
8,297,25245000,25245000,1155,1925,25330000,8873
8,298,25330000,25330000,1155,1925,25415000,8902
8,299,25415000,25415000,1155,1925,25500000,8936
8,3,255000,255000,1155,1925,340000,114
8,30,2550000,2550000,1155,1925,2635000,917
8,300,25500000,25500000,1155,1925,25585000,8963
8,301,25585000,25585000,1155,1925,25670000,8992
8,302,25670000,25670000,1155,1925,25755000,9022
8,303,25755000,25755000,1155,1925,25840000,9053
8,304,25840000,25840000,1155,1925,25925000,9083
8,305,25925000,25925000,1155,1925,26010000,9111
8,306,26010000,26010000,1155,1925,26095000,9138
8,307,26095000,26095000,1155,1925,26180000,9173
8,308,26180000,26180000,1155,1925,26265000,9201
8,309,26265000,26265000,1155,1925,26350000,9231
8,31,2635000,2635000,1155,1925,2720000,950
8,310,26350000,26350000,1155,1925,26435000,9259
8,311,26435000,26435000,1155,1925,26520000,9292
8,312,26520000,26520000,1155,1925,26605000,9320
8,313,26605000,26605000,1155,1925,26690000,9349
8,314,26690000,26690000,1155,1925,26775000,9380
8,315,26775000,26775000,1155,1925,26860000,9410
8,316,26860000,26860000,1155,1925,26945000,9440
8,317,26945000,26945000,1155,1925,27030000,9470
8,318,27030000,27030000,1155,1925,27115000,9497
8,319,27115000,27115000,1155,1925,27200000,9530
8,32,2720000,2720000,1155,1925,2805000,979
8,320,27200000,27200000,1155,1925,27285000,9558
8,321,27285000,27285000,1155,1925,27370000,9589
8,322,27370000,27370000,1155,1925,27455000,9618
8,323,27455000,27455000,1155,1925,27540000,9650
8,324,27540000,27540000,1155,1925,27625000,9677
8,325,27625000,27625000,1155,1925,27710000,9706
8,326,27710000,27710000,1155,1925,27795000,9737
8,327,27795000,27795000,1155,1925,27880000,9767
8,328,27880000,27880000,1155,1925,27965000,9797
8,329,27965000,27965000,1155,1925,28050000,9827
8,33,2805000,2805000,1155,1925,2890000,1009
8,330,28050000,28050000,1155,1925,28135000,9854
8,331,28135000,28135000,1155,1925,28220000,9888
8,332,28220000,28220000,1155,1925,28305000,9916
8,333,28305000,28305000,1155,1925,28390000,9946
8,334,28390000,28390000,1155,1925,28475000,9974
8,335,28475000,28475000,1155,1925,28560000,10008
8,336,28560000,28560000,1155,1925,28645000,10035
8,337,28645000,28645000,1155,1925,28730000,10065
8,338,28730000,28730000,1155,1925,28815000,10095
8,339,28815000,28815000,1155,1925,28900000,10125
8,34,2890000,2890000,1155,1925,2975000,1037
8,340,28900000,28900000,1155,1925,28985000,10156
8,341,28985000,28985000,1155,1925,29070000,10184
8,342,29070000,29070000,1155,1925,29155000,10211
8,343,29155000,29155000,1155,1925,29240000,10244
8,344,29240000,29240000,1155,1925,29325000,10273
8,345,29325000,29325000,1155,1925,29410000,10304
8,346,29410000,29410000,1155,1925,29495000,10332
8,347,29495000,29495000,1155,1925,29580000,10365
8,348,29580000,29580000,1155,1925,29665000,10392
8,349,29665000,29665000,1155,1925,29750000,10422
8,35,2975000,2975000,1155,1925,3060000,1069
8,350,29750000,29750000,1155,1925,29835000,10452
8,351,29835000,29835000,1155,1925,29920000,10482
8,352,29920000,29920000,1155,1925,30005000,10513
8,353,30005000,30005000,1155,1925,30090000,10542
8,354,30090000,30090000,1155,1925,30175000,10570
8,355,30175000,30175000,1155,1925,30260000,10603
8,356,30260000,30260000,1155,1925,30345000,10631
8,357,30345000,30345000,1155,1925,30430000,10661
8,358,30430000,30430000,1155,1925,30515000,10689
8,359,30515000,30515000,1155,1925,30600000,10723
8,36,3060000,3060000,1155,1925,3145000,1096
8,360,30600000,30600000,1155,1925,30685000,10750
8,361,30685000,30685000,1155,1925,30770000,10779
8,362,30770000,30770000,1155,1925,30855000,10809
8,363,30855000,30855000,1155,1925,30940000,10840
8,364,30940000,30940000,1155,1925,31025000,10870
8,365,31025000,31025000,1155,1925,31110000,10899
8,366,31110000,31110000,1155,1925,31195000,10926
8,367,31195000,31195000,1155,1925,31280000,10960
8,368,31280000,31280000,1155,1925,31365000,10989
8,369,31365000,31365000,1155,1925,31450000,11019
8,37,3145000,3145000,1155,1925,3230000,1127
8,370,31450000,31450000,1155,1925,31535000,11047
8,371,31535000,31535000,1155,1925,31620000,11080
8,372,31620000,31620000,1155,1925,31705000,11107
8,373,31705000,31705000,1155,1925,31790000,11137
8,374,31790000,31790000,1155,1925,31875000,11168
8,375,31875000,31875000,1155,1925,31960000,11198
8,376,31960000,31960000,1155,1925,32045000,11228
8,377,32045000,32045000,1155,1925,32130000,11257
8,378,32130000,32130000,1155,1925,32215000,11284
8,379,32215000,32215000,1155,1925,32300000,11317
8,38,3230000,3230000,1155,1925,3315000,1157
8,380,32300000,32300000,1155,1925,32385000,11345
8,381,32385000,32385000,1155,1925,32470000,11375
8,382,32470000,32470000,1155,1925,32555000,11405
8,383,32555000,32555000,1155,1925,32640000,11438
8,384,32640000,32640000,1155,1925,32725000,11465
8,385,32725000,32725000,1155,1925,32810000,11494
8,386,32810000,32810000,1155,1925,32895000,11524
8,387,32895000,32895000,1155,1925,32980000,11555
8,388,32980000,32980000,1155,1925,33065000,11585
8,389,33065000,33065000,1155,1925,33150000,11615
8,39,3315000,3315000,1155,1925,3400000,1187
8,390,33150000,33150000,1155,1925,33235000,11642
8,391,33235000,33235000,1155,1925,33320000,11676
8,392,33320000,33320000,1155,1925,33405000,11704
8,393,33405000,33405000,1155,1925,33490000,11734
8,394,33490000,33490000,1155,1925,33575000,11762
8,395,33575000,33575000,1155,1925,33660000,11794
8,396,33660000,33660000,1155,1925,33745000,11822
8,397,33745000,33745000,1155,1925,33830000,11852
8,398,33830000,33830000,1155,1925,33915000,11882
8,399,33915000,33915000,1155,1925,34000000,11912
8,4,340000,340000,1155,1925,425000,145
8,40,3400000,3400000,1155,1925,3485000,1217
8,400,34000000,34000000,1155,1925,34085000,11942
8,401,34085000,34085000,1155,1925,34170000,11972
8,402,34170000,34170000,1155,1925,34255000,11999
8,403,34255000,34255000,1155,1925,34340000,12032
8,404,34340000,34340000,1155,1925,34425000,12061
8,405,34425000,34425000,1155,1925,34510000,12092
8,406,34510000,34510000,1155,1925,34595000,12120
8,407,34595000,34595000,1155,1925,34680000,12153
8,408,34680000,34680000,1155,1925,34765000,12180
8,409,34765000,34765000,1155,1925,34850000,12209
8,41,3485000,3485000,1155,1925,3570000,1247
8,410,34850000,34850000,1155,1925,34935000,12240
8,411,34935000,34935000,1155,1925,35020000,12270
8,412,35020000,35020000,1155,1925,35105000,12301
8,413,35105000,35105000,1155,1925,35190000,12329
8,414,35190000,35190000,1155,1925,35275000,12356
8,415,35275000,35275000,1155,1925,35360000,12390
8,416,35360000,35360000,1155,1925,35445000,12418
8,417,35445000,35445000,1155,1925,35530000,12448
8,418,35530000,35530000,1155,1925,35615000,12476
8,419,35615000,35615000,1155,1925,35700000,12511
8,42,3570000,3570000,1155,1925,3655000,1274
8,420,35700000,35700000,1155,1925,35785000,12538
8,421,35785000,35785000,1155,1925,35870000,12567
8,422,35870000,35870000,1155,1925,35955000,12597
8,423,35955000,35955000,1155,1925,36040000,12627
8,424,36040000,36040000,1155,1925,36125000,12658
8,425,36125000,36125000,1155,1925,36210000,12687
8,426,36210000,36210000,1155,1925,36295000,12714
8,427,36295000,36295000,1155,1925,36380000,12748
8,428,36380000,36380000,1155,1925,36465000,12776
8,429,36465000,36465000,1155,1925,36550000,12807
8,43,3655000,3655000,1155,1925,3740000,1307
8,430,36550000,36550000,1155,1925,36635000,12835
8,431,36635000,36635000,1155,1925,36720000,12867
8,432,36720000,36720000,1155,1925,36805000,12894
8,433,36805000,36805000,1155,1925,36890000,12924
8,434,36890000,36890000,1155,1925,36975000,12955
8,435,36975000,36975000,1155,1925,37060000,12985
8,436,37060000,37060000,1155,1925,37145000,13015
8,437,37145000,37145000,1155,1925,37230000,13044
8,438,37230000,37230000,1155,1925,37315000,13072
8,439,37315000,37315000,1155,1925,37400000,13105
8,44,3740000,3740000,1155,1925,3825000,1336
8,440,37400000,37400000,1155,1925,37485000,13133
8,441,37485000,37485000,1155,1925,37570000,13163
8,442,37570000,37570000,1155,1925,37655000,13192
8,443,37655000,37655000,1155,1925,37740000,13226
8,444,37740000,37740000,1155,1925,37825000,13253
8,445,37825000,37825000,1155,1925,37910000,13282
8,446,37910000,37910000,1155,1925,37995000,13312
8,447,37995000,37995000,1155,1925,38080000,13343
8,448,38080000,38080000,1155,1925,38165000,13373
8,449,38165000,38165000,1155,1925,38250000,13402
8,45,3825000,3825000,1155,1925,3910000,1366
8,450,38250000,38250000,1155,1925,38335000,13429
8,451,38335000,38335000,1155,1925,38420000,13462
8,452,38420000,38420000,1155,1925,38505000,13491
8,453,38505000,38505000,1155,1925,38590000,13521
8,454,38590000,38590000,1155,1925,38675000,13549
8,455,38675000,38675000,1155,1925,38760000,13582
8,456,38760000,38760000,1155,1925,38845000,13609
8,457,38845000,38845000,1155,1925,38930000,13640
8,458,38930000,38930000,1155,1925,39015000,13670
8,459,39015000,39015000,1155,1925,39100000,13700
8,46,3910000,3910000,1155,1925,3995000,1395
8,460,39100000,39100000,1155,1925,39185000,13730
8,461,39185000,39185000,1155,1925,39270000,13760
8,462,39270000,39270000,1155,1925,39355000,13787
8,463,39355000,39355000,1155,1925,39440000,13820
8,464,39440000,39440000,1155,1925,39525000,13849
8,465,39525000,39525000,1155,1925,39610000,13879
8,466,39610000,39610000,1155,1925,39695000,13908
8,467,39695000,39695000,1155,1925,39780000,13940
8,468,39780000,39780000,1155,1925,39865000,13967
8,469,39865000,39865000,1155,1925,39950000,13996
8,47,3995000,3995000,1155,1925,4080000,1428
8,470,39950000,39950000,1155,1925,40035000,14026
8,471,40035000,40035000,1155,1925,40120000,14057
8,472,40120000,40120000,1155,1925,40205000,14088
8,473,40205000,40205000,1155,1925,40290000,14117
8,474,40290000,40290000,1155,1925,40375000,14144
8,475,40375000,40375000,1155,1925,40460000,14178
8,476,40460000,40460000,1155,1925,40545000,14206
8,477,40545000,40545000,1155,1925,40630000,14236
8,478,40630000,40630000,1155,1925,40715000,14264
8,479,40715000,40715000,1155,1925,40800000,14298
8,48,4080000,4080000,1155,1925,4165000,1455
8,480,40800000,40800000,1155,1925,40885000,14326
8,481,40885000,40885000,1155,1925,40970000,14355
8,482,40970000,40970000,1155,1925,41055000,14385
8,483,41055000,41055000,1155,1925,41140000,14415
8,484,41140000,41140000,1155,1925,41225000,14445
8,485,41225000,41225000,1155,1925,41310000,14474
8,486,41310000,41310000,1155,1925,41395000,14501
8,487,41395000,41395000,1155,1925,41480000,14535
8,488,41480000,41480000,1155,1925,41565000,14563
8,489,41565000,41565000,1155,1925,41650000,14594
8,49,4165000,4165000,1155,1925,4250000,1484
8,490,41650000,41650000,1155,1925,41735000,14622
8,491,41735000,41735000,1155,1925,41820000,14655
8,492,41820000,41820000,1155,1925,41905000,14682
8,493,41905000,41905000,1155,1925,41990000,14711
8,494,41990000,41990000,1155,1925,42075000,14743
8,495,42075000,42075000,1155,1925,42160000,14773
8,496,42160000,42160000,1155,1925,42245000,14803
8,497,42245000,42245000,1155,1925,42330000,14832
8,498,42330000,42330000,1155,1925,42415000,14859
8,499,42415000,42415000,1155,1925,42500000,14893
8,5,425000,425000,1155,1925,510000,174
8,50,4250000,4250000,1155,1925,4335000,1514
8,500,42500000,42500000,1155,1925,42585000,14921
8,501,42585000,42585000,1155,1925,42670000,14951
8,502,42670000,42670000,1155,1925,42755000,14980
8,503,42755000,42755000,1155,1925,42840000,15013
8,504,42840000,42840000,1155,1925,42925000,15040
8,505,42925000,42925000,1155,1925,43010000,15069
8,506,43010000,43010000,1155,1925,43095000,15099
8,507,43095000,43095000,1155,1925,43180000,15129
8,508,43180000,43180000,1155,1925,43265000,15160
8,509,43265000,43265000,1155,1925,43350000,15190
8,51,4335000,4335000,1155,1925,4420000,1545
8,510,43350000,43350000,1155,1925,43435000,15217
8,511,43435000,43435000,1155,1925,43520000,15250
8,512,43520000,43520000,1155,1925,43605000,15278
8,513,43605000,43605000,1155,1925,43690000,15309
8,514,43690000,43690000,1155,1925,43775000,15337
8,515,43775000,43775000,1155,1925,43860000,15370
8,516,43860000,43860000,1155,1925,43945000,15397
8,517,43945000,43945000,1155,1925,44030000,15428
8,518,44030000,44030000,1155,1925,44115000,15458
8,519,44115000,44115000,1155,1925,44200000,15488
8,52,4420000,4420000,1155,1925,4505000,1576
8,520,44200000,44200000,1155,1925,44285000,15518
8,521,44285000,44285000,1155,1925,44370000,15546
8,522,44370000,44370000,1155,1925,44455000,15574
8,523,44455000,44455000,1155,1925,44540000,15607
8,524,44540000,44540000,1155,1925,44625000,15636
8,525,44625000,44625000,1155,1925,44710000,15666
8,526,44710000,44710000,1155,1925,44795000,15694
8,527,44795000,44795000,1155,1925,44880000,15728
8,528,44880000,44880000,1155,1925,44965000,15755
8,529,44965000,44965000,1155,1925,45050000,15784
8,53,4505000,4505000,1155,1925,4590000,1604
8,530,45050000,45050000,1155,1925,45135000,15814
8,531,45135000,45135000,1155,1925,45220000,15845
8,532,45220000,45220000,1155,1925,45305000,15876
8,533,45305000,45305000,1155,1925,45390000,15905
8,534,45390000,45390000,1155,1925,45475000,15932
8,535,45475000,45475000,1155,1925,45560000,15965
8,536,45560000,45560000,1155,1925,45645000,15994
8,537,45645000,45645000,1155,1925,45730000,16024
8,538,45730000,45730000,1155,1925,45815000,16052
8,539,45815000,45815000,1155,1925,45900000,16085
8,54,4590000,4590000,1155,1925,4675000,1631
8,540,45900000,45900000,1155,1925,45985000,16112
8,541,45985000,45985000,1155,1925,46070000,16142
8,542,46070000,46070000,1155,1925,46155000,16172
8,543,46155000,46155000,1155,1925,46240000,16202
8,544,46240000,46240000,1155,1925,46325000,16232
8,545,46325000,46325000,1155,1925,46410000,16262
8,546,46410000,46410000,1155,1925,46495000,16289
8,547,46495000,46495000,1155,1925,46580000,16323
8,548,46580000,46580000,1155,1925,46665000,16351
8,549,46665000,46665000,1155,1925,46750000,16381
8,55,4675000,4675000,1155,1925,4760000,1665
8,550,46750000,46750000,1155,1925,46835000,16410
8,551,46835000,46835000,1155,1925,46920000,16443
8,552,46920000,46920000,1155,1925,47005000,16470
8,553,47005000,47005000,1155,1925,47090000,16499
8,554,47090000,47090000,1155,1925,47175000,16530
8,555,47175000,47175000,1155,1925,47260000,16561
8,556,47260000,47260000,1155,1925,47345000,16591
8,557,47345000,47345000,1155,1925,47430000,16619
8,558,47430000,47430000,1155,1925,47515000,16646
8,559,47515000,47515000,1155,1925,47600000,16680
8,56,4760000,4760000,1155,1925,4845000,1693
8,560,47600000,47600000,1155,1925,47685000,16708
8,561,47685000,47685000,1155,1925,47770000,16738
8,562,47770000,47770000,1155,1925,47855000,16767
8,563,47855000,47855000,1155,1925,47940000,16800
8,564,47940000,47940000,1155,1925,48025000,16828
8,565,48025000,48025000,1155,1925,48110000,16857
8,566,48110000,48110000,1155,1925,48195000,16887
8,567,48195000,48195000,1155,1925,48280000,16917
8,568,48280000,48280000,1155,1925,48365000,16947
8,569,48365000,48365000,1155,1925,48450000,16978
8,57,4845000,4845000,1155,1925,4930000,1723
8,570,48450000,48450000,1155,1925,48535000,17005
8,571,48535000,48535000,1155,1925,48620000,17038
8,572,48620000,48620000,1155,1925,48705000,17066
8,573,48705000,48705000,1155,1925,48790000,17097
8,574,48790000,48790000,1155,1925,48875000,17125
8,575,48875000,48875000,1155,1925,48960000,17157
8,576,48960000,48960000,1155,1925,49045000,17184
8,577,49045000,49045000,1155,1925,49130000,17214
8,578,49130000,49130000,1155,1925,49215000,17245
8,579,49215000,49215000,1155,1925,49300000,17275
8,58,4930000,4930000,1155,1925,5015000,1751
8,580,49300000,49300000,1155,1925,49385000,17305
8,581,49385000,49385000,1155,1925,49470000,17334
8,582,49470000,49470000,1155,1925,49555000,17361
8,583,49555000,49555000,1155,1925,49640000,17395
8,584,49640000,49640000,1155,1925,49725000,17424
8,585,49725000,49725000,1155,1925,49810000,17454
8,586,49810000,49810000,1155,1925,49895000,17482
8,587,49895000,49895000,1155,1925,49980000,17516
8,588,49980000,49980000,1155,1925,50065000,17543
8,589,50065000,50065000,1155,1925,50150000,17572
8,59,5015000,5015000,1155,1925,5100000,1785
8,590,50150000,50150000,1155,1925,50235000,17602
8,591,50235000,50235000,1155,1925,50320000,17632
8,592,50320000,50320000,1155,1925,50405000,17664
8,593,50405000,50405000,1155,1925,50490000,17692
8,594,50490000,50490000,1155,1925,50575000,17719
8,595,50575000,50575000,1155,1925,50660000,17752
8,596,50660000,50660000,1155,1925,50745000,17780
8,597,50745000,50745000,1155,1925,50830000,17811
8,598,50830000,50830000,1155,1925,50915000,17839
8,599,50915000,50915000,1155,1925,51000000,17873
8,6,510000,510000,1155,1925,595000,201
8,60,5100000,5100000,1155,1925,5185000,1813
8,600,51000000,51000000,1155,1925,51085000,17900
8,601,51085000,51085000,1155,1925,51170000,17930
8,602,51170000,51170000,1155,1925,51255000,17960
8,603,51255000,51255000,1155,1925,51340000,17990
8,604,51340000,51340000,1155,1925,51425000,18020
8,605,51425000,51425000,1155,1925,51510000,18049
8,606,51510000,51510000,1155,1925,51595000,18077
8,607,51595000,51595000,1155,1925,51680000,18111
8,608,51680000,51680000,1155,1925,51765000,18139
8,609,51765000,51765000,1155,1925,51850000,18169
8,61,5185000,5185000,1155,1925,5270000,1842
8,610,51850000,51850000,1155,1925,51935000,18197
8,611,51935000,51935000,1155,1925,52020000,18230
8,612,52020000,52020000,1155,1925,52105000,18257
8,613,52105000,52105000,1155,1925,52190000,18286
8,614,52190000,52190000,1155,1925,52275000,18317
8,615,52275000,52275000,1155,1925,52360000,18348
8,616,52360000,52360000,1155,1925,52445000,18378
8,617,52445000,52445000,1155,1925,52530000,18407
8,618,52530000,52530000,1155,1925,52615000,18434
8,619,52615000,52615000,1155,1925,52700000,18467
8,62,5270000,5270000,1155,1925,5355000,1872
8,620,52700000,52700000,1155,1925,52785000,18496
8,621,52785000,52785000,1155,1925,52870000,18526
8,622,52870000,52870000,1155,1925,52955000,18555
8,623,52955000,52955000,1155,1925,53040000,18588
8,624,53040000,53040000,1155,1925,53125000,18615
8,625,53125000,53125000,1155,1925,53210000,18645
8,626,53210000,53210000,1155,1925,53295000,18675
8,627,53295000,53295000,1155,1925,53380000,18705
8,628,53380000,53380000,1155,1925,53465000,18735
8,629,53465000,53465000,1155,1925,53550000,18765
8,63,5355000,5355000,1155,1925,5440000,1902
8,630,53550000,53550000,1155,1925,53635000,18792
8,631,53635000,53635000,1155,1925,53720000,18825
8,632,53720000,53720000,1155,1925,53805000,18853
8,633,53805000,53805000,1155,1925,53890000,18883
8,634,53890000,53890000,1155,1925,53975000,18912
8,635,53975000,53975000,1155,1925,54060000,18945
8,636,54060000,54060000,1155,1925,54145000,18972
8,637,54145000,54145000,1155,1925,54230000,19002
8,638,54230000,54230000,1155,1925,54315000,19032
8,639,54315000,54315000,1155,1925,54400000,19063
8,64,5440000,5440000,1155,1925,5525000,1932
8,640,54400000,54400000,1155,1925,54485000,19093
8,641,54485000,54485000,1155,1925,54570000,19122
8,642,54570000,54570000,1155,1925,54655000,19149
8,643,54655000,54655000,1155,1925,54740000,19183
8,644,54740000,54740000,1155,1925,54825000,19212
8,645,54825000,54825000,1155,1925,54910000,19242
8,646,54910000,54910000,1155,1925,54995000,19270
8,647,54995000,54995000,1155,1925,55080000,19302
8,648,55080000,55080000,1155,1925,55165000,19330
8,649,55165000,55165000,1155,1925,55250000,19359
8,65,5525000,5525000,1155,1925,5610000,1962
8,650,55250000,55250000,1155,1925,55335000,19389
8,651,55335000,55335000,1155,1925,55420000,19419
8,652,55420000,55420000,1155,1925,55505000,19450
8,653,55505000,55505000,1155,1925,55590000,19480
8,654,55590000,55590000,1155,1925,55675000,19507
8,655,55675000,55675000,1155,1925,55760000,19540
8,656,55760000,55760000,1155,1925,55845000,19568
8,657,55845000,55845000,1155,1925,55930000,19599
8,658,55930000,55930000,1155,1925,56015000,19627
8,659,56015000,56015000,1155,1925,56100000,19661
8,66,5610000,5610000,1155,1925,5695000,1989
8,660,56100000,56100000,1155,1925,56185000,19688
8,661,56185000,56185000,1155,1925,56270000,19717
8,662,56270000,56270000,1155,1925,56355000,19748
8,663,56355000,56355000,1155,1925,56440000,19778
8,664,56440000,56440000,1155,1925,56525000,19808
8,665,56525000,56525000,1155,1925,56610000,19836
8,666,56610000,56610000,1155,1925,56695000,19863
8,667,56695000,56695000,1155,1925,56780000,19898
8,668,56780000,56780000,1155,1925,56865000,19926
8,669,56865000,56865000,1155,1925,56950000,19956
8,67,5695000,5695000,1155,1925,5780000,2023
8,670,56950000,56950000,1155,1925,57035000,19984
8,671,57035000,57035000,1155,1925,57120000,20018
8,672,57120000,57120000,1155,1925,57205000,20045
8,673,57205000,57205000,1155,1925,57290000,20074
8,674,57290000,57290000,1155,1925,57375000,20105
8,675,57375000,57375000,1155,1925,57460000,20135
8,676,57460000,57460000,1155,1925,57545000,20166
8,677,57545000,57545000,1155,1925,57630000,20195
8,678,57630000,57630000,1155,1925,57715000,20222
8,679,57715000,57715000,1155,1925,57800000,20255
8,68,5780000,5780000,1155,1925,5865000,2051
8,680,57800000,57800000,1155,1925,57885000,20283
8,681,57885000,57885000,1155,1925,57970000,20314
8,682,57970000,57970000,1155,1925,58055000,20343
8,683,58055000,58055000,1155,1925,58140000,20375
8,684,58140000,58140000,1155,1925,58225000,20402
8,685,58225000,58225000,1155,1925,58310000,20432
8,686,58310000,58310000,1155,1925,58395000,20462
8,687,58395000,58395000,1155,1925,58480000,20492
8,688,58480000,58480000,1155,1925,58565000,20522
8,689,58565000,58565000,1155,1925,58650000,20552
8,69,5865000,5865000,1155,1925,5950000,2082
8,690,58650000,58650000,1155,1925,58735000,20580
8,691,58735000,58735000,1155,1925,58820000,20613
8,692,58820000,58820000,1155,1925,58905000,20641
8,693,58905000,58905000,1155,1925,58990000,20671
8,694,58990000,58990000,1155,1925,59075000,20699
8,695,59075000,59075000,1155,1925,59160000,20733
8,696,59160000,59160000,1155,1925,59245000,20760
8,697,59245000,59245000,1155,1925,59330000,20790
8,698,59330000,59330000,1155,1925,59415000,20820
8,699,59415000,59415000,1155,1925,59500000,20851
8,7,595000,595000,1155,1925,680000,235
8,70,5950000,5950000,1155,1925,6035000,2110
8,700,59500000,59500000,1155,1925,59585000,20881
8,701,59585000,59585000,1155,1925,59670000,20909
8,702,59670000,59670000,1155,1925,59755000,20936
8,703,59755000,59755000,1155,1925,59840000,20969
8,704,59840000,59840000,1155,1925,59925000,20999
8,705,59925000,59925000,1155,1925,60010000,21029
8,706,60010000,60010000,1155,1925,60095000,21057
8,707,60095000,60095000,1155,1925,60180000,21090
8,708,60180000,60180000,1155,1925,60265000,21117
8,709,60265000,60265000,1155,1925,60350000,21147
8,71,6035000,6035000,1155,1925,6120000,2142
8,710,60350000,60350000,1155,1925,60435000,21177
8,711,60435000,60435000,1155,1925,60520000,21207
8,712,60520000,60520000,1155,1925,60605000,21238
8,713,60605000,60605000,1155,1925,60690000,21268
8,714,60690000,60690000,1155,1925,60775000,21295
8,715,60775000,60775000,1155,1925,60860000,21328
8,716,60860000,60860000,1155,1925,60945000,21356
8,717,60945000,60945000,1155,1925,61030000,21386
8,718,61030000,61030000,1155,1925,61115000,21415
8,719,61115000,61115000,1155,1925,61200000,21448
8,72,6120000,6120000,1155,1925,6205000,2169
8,720,61200000,61200000,1155,1925,61285000,21475
8,721,61285000,61285000,1155,1925,61370000,21504
8,722,61370000,61370000,1155,1925,61455000,21534
8,723,61455000,61455000,1155,1925,61540000,21565
8,724,61540000,61540000,1155,1925,61625000,21595
8,725,61625000,61625000,1155,1925,61710000,21624
8,726,61710000,61710000,1155,1925,61795000,21651
8,727,61795000,61795000,1155,1925,61880000,21686
8,728,61880000,61880000,1155,1925,61965000,21714
8,729,61965000,61965000,1155,1925,62050000,21744
8,73,6205000,6205000,1155,1925,6290000,2198
8,730,62050000,62050000,1155,1925,62135000,21772
8,731,62135000,62135000,1155,1925,62220000,21805
8,732,62220000,62220000,1155,1925,62305000,21833
8,733,62305000,62305000,1155,1925,62390000,21862
8,734,62390000,62390000,1155,1925,62475000,21893
8,735,62475000,62475000,1155,1925,62560000,21923
8,736,62560000,62560000,1155,1925,62645000,21953
8,737,62645000,62645000,1155,1925,62730000,21982
8,738,62730000,62730000,1155,1925,62815000,22009
8,739,62815000,62815000,1155,1925,62900000,22042
8,74,6290000,6290000,1155,1925,6375000,2230
8,740,62900000,62900000,1155,1925,62985000,22070
8,741,62985000,62985000,1155,1925,63070000,22101
8,742,63070000,63070000,1155,1925,63155000,22130
8,743,63155000,63155000,1155,1925,63240000,22163
8,744,63240000,63240000,1155,1925,63325000,22190
8,745,63325000,63325000,1155,1925,63410000,22219
8,746,63410000,63410000,1155,1925,63495000,22250
8,747,63495000,63495000,1155,1925,63580000,22280
8,748,63580000,63580000,1155,1925,63665000,22310
8,749,63665000,63665000,1155,1925,63750000,22340
8,75,6375000,6375000,1155,1925,6460000,2260
8,750,63750000,63750000,1155,1925,63835000,22367
8,751,63835000,63835000,1155,1925,63920000,22401
8,752,63920000,63920000,1155,1925,64005000,22429
8,753,64005000,64005000,1155,1925,64090000,22459
8,754,64090000,64090000,1155,1925,64175000,22487
8,755,64175000,64175000,1155,1925,64260000,22520
8,756,64260000,64260000,1155,1925,64345000,22547
8,757,64345000,64345000,1155,1925,64430000,22577
8,758,64430000,64430000,1155,1925,64515000,22607
8,759,64515000,64515000,1155,1925,64600000,22637
8,76,6460000,6460000,1155,1925,6545000,2290
8,760,64600000,64600000,1155,1925,64685000,22668
8,761,64685000,64685000,1155,1925,64770000,22697
8,762,64770000,64770000,1155,1925,64855000,22724
8,763,64855000,64855000,1155,1925,64940000,22757
8,764,64940000,64940000,1155,1925,65025000,22786
8,765,65025000,65025000,1155,1925,65110000,22817
8,766,65110000,65110000,1155,1925,65195000,22845
8,767,65195000,65195000,1155,1925,65280000,22878
8,768,65280000,65280000,1155,1925,65365000,22905
8,769,65365000,65365000,1155,1925,65450000,22935
8,77,6545000,6545000,1155,1925,6630000,2319
8,770,65450000,65450000,1155,1925,65535000,22965
8,771,65535000,65535000,1155,1925,65620000,22995
8,772,65620000,65620000,1155,1925,65705000,23026
8,773,65705000,65705000,1155,1925,65790000,23054
8,774,65790000,65790000,1155,1925,65875000,23082
8,775,65875000,65875000,1155,1925,65960000,23115
8,776,65960000,65960000,1155,1925,66045000,23143
8,777,66045000,66045000,1155,1925,66130000,23173
8,778,66130000,66130000,1155,1925,66215000,23201
8,779,66215000,66215000,1155,1925,66300000,23236
8,78,6630000,6630000,1155,1925,6715000,2346
8,780,66300000,66300000,1155,1925,66385000,23263
8,781,66385000,66385000,1155,1925,66470000,23292
8,782,66470000,66470000,1155,1925,66555000,23322
8,783,66555000,66555000,1155,1925,66640000,23353
8,784,66640000,66640000,1155,1925,66725000,23383
8,785,66725000,66725000,1155,1925,66810000,23412
8,786,66810000,66810000,1155,1925,66895000,23439
8,787,66895000,66895000,1155,1925,66980000,23473
8,788,66980000,66980000,1155,1925,67065000,23502
8,789,67065000,67065000,1155,1925,67150000,23532
8,79,6715000,6715000,1155,1925,6800000,2380
8,790,67150000,67150000,1155,1925,67235000,23560
8,791,67235000,67235000,1155,1925,67320000,23592
8,792,67320000,67320000,1155,1925,67405000,23619
8,793,67405000,67405000,1155,1925,67490000,23649
8,794,67490000,67490000,1155,1925,67575000,23680
8,795,67575000,67575000,1155,1925,67660000,23710
8,796,67660000,67660000,1155,1925,67745000,23740
8,797,67745000,67745000,1155,1925,67830000,23770
8,798,67830000,67830000,1155,1925,67915000,23797
8,799,67915000,67915000,1155,1925,68000000,23830
8,8,680000,680000,1155,1925,765000,263
8,80,6800000,6800000,1155,1925,6885000,2408
8,800,68000000,68000000,1155,1925,68085000,23858
8,801,68085000,68085000,1155,1925,68170000,23888
8,802,68170000,68170000,1155,1925,68255000,23918
8,803,68255000,68255000,1155,1925,68340000,23951
8,804,68340000,68340000,1155,1925,68425000,23978
8,805,68425000,68425000,1155,1925,68510000,24007
8,806,68510000,68510000,1155,1925,68595000,24037
8,807,68595000,68595000,1155,1925,68680000,24068
8,808,68680000,68680000,1155,1925,68765000,24098
8,809,68765000,68765000,1155,1925,68850000,24127
8,81,6885000,6885000,1155,1925,6970000,2438
8,810,68850000,68850000,1155,1925,68935000,24154
8,811,68935000,68935000,1155,1925,69020000,24188
8,812,69020000,69020000,1155,1925,69105000,24216
8,813,69105000,69105000,1155,1925,69190000,24246
8,814,69190000,69190000,1155,1925,69275000,24274
8,815,69275000,69275000,1155,1925,69360000,24307
8,816,69360000,69360000,1155,1925,69445000,24335
8,817,69445000,69445000,1155,1925,69530000,24365
8,818,69530000,69530000,1155,1925,69615000,24395
8,819,69615000,69615000,1155,1925,69700000,24425
8,82,6970000,6970000,1155,1925,7055000,2467
8,820,69700000,69700000,1155,1925,69785000,24455
8,821,69785000,69785000,1155,1925,69870000,24485
8,822,69870000,69870000,1155,1925,69955000,24512
8,823,69955000,69955000,1155,1925,70040000,24545
8,824,70040000,70040000,1155,1925,70125000,24574
8,825,70125000,70125000,1155,1925,70210000,24605
8,826,70210000,70210000,1155,1925,70295000,24633
8,827,70295000,70295000,1155,1925,70380000,24665
8,828,70380000,70380000,1155,1925,70465000,24692
8,829,70465000,70465000,1155,1925,70550000,24721
8,83,7055000,7055000,1155,1925,7140000,2501
8,830,70550000,70550000,1155,1925,70635000,24752
8,831,70635000,70635000,1155,1925,70720000,24782
8,832,70720000,70720000,1155,1925,70805000,24813
8,833,70805000,70805000,1155,1925,70890000,24842
8,834,70890000,70890000,1155,1925,70975000,24869
8,835,70975000,70975000,1155,1925,71060000,24903
8,836,71060000,71060000,1155,1925,71145000,24931
8,837,71145000,71145000,1155,1925,71230000,24961
8,838,71230000,71230000,1155,1925,71315000,24989
8,839,71315000,71315000,1155,1925,71400000,25024
8,84,7140000,7140000,1155,1925,7225000,2528
8,840,71400000,71400000,1155,1925,71485000,25051
8,841,71485000,71485000,1155,1925,71570000,25080
8,842,71570000,71570000,1155,1925,71655000,25110
8,843,71655000,71655000,1155,1925,71740000,25140
8,844,71740000,71740000,1155,1925,71825000,25171
8,845,71825000,71825000,1155,1925,71910000,25199
8,846,71910000,71910000,1155,1925,71995000,25226
8,847,71995000,71995000,1155,1925,72080000,25260
8,848,72080000,72080000,1155,1925,72165000,25288
8,849,72165000,72165000,1155,1925,72250000,25319
8,85,7225000,7225000,1155,1925,7310000,2557
8,850,72250000,72250000,1155,1925,72335000,25347
8,851,72335000,72335000,1155,1925,72420000,25380
8,852,72420000,72420000,1155,1925,72505000,25407
8,853,72505000,72505000,1155,1925,72590000,25437
8,854,72590000,72590000,1155,1925,72675000,25468
8,855,72675000,72675000,1155,1925,72760000,25498
8,856,72760000,72760000,1155,1925,72845000,25528
8,857,72845000,72845000,1155,1925,72930000,25557
8,858,72930000,72930000,1155,1925,73015000,25585
8,859,73015000,73015000,1155,1925,73100000,25618
8,86,7310000,7310000,1155,1925,7395000,2587
8,860,73100000,73100000,1155,1925,73185000,25646
8,861,73185000,73185000,1155,1925,73270000,25676
8,862,73270000,73270000,1155,1925,73355000,25705
8,863,73355000,73355000,1155,1925,73440000,25738
8,864,73440000,73440000,1155,1925,73525000,25765
8,865,73525000,73525000,1155,1925,73610000,25794
8,866,73610000,73610000,1155,1925,73695000,25824
8,867,73695000,73695000,1155,1925,73780000,25855
8,868,73780000,73780000,1155,1925,73865000,25885
8,869,73865000,73865000,1155,1925,73950000,25915
8,87,7395000,7395000,1155,1925,7480000,2617
8,870,73950000,73950000,1155,1925,74035000,25942
8,871,74035000,74035000,1155,1925,74120000,25975
8,872,74120000,74120000,1155,1925,74205000,26004
8,873,74205000,74205000,1155,1925,74290000,26034
8,874,74290000,74290000,1155,1925,74375000,26062
8,875,74375000,74375000,1155,1925,74460000,26095
8,876,74460000,74460000,1155,1925,74545000,26122
8,877,74545000,74545000,1155,1925,74630000,26153
8,878,74630000,74630000,1155,1925,74715000,26183
8,879,74715000,74715000,1155,1925,74800000,26213
8,88,7480000,7480000,1155,1925,7565000,2648
8,880,74800000,74800000,1155,1925,74885000,26243
8,881,74885000,74885000,1155,1925,74970000,26272
8,882,74970000,74970000,1155,1925,75055000,26299
8,883,75055000,75055000,1155,1925,75140000,26332
8,884,75140000,75140000,1155,1925,75225000,26361
8,885,75225000,75225000,1155,1925,75310000,26391
8,886,75310000,75310000,1155,1925,75395000,26420
8,887,75395000,75395000,1155,1925,75480000,26453
8,888,75480000,75480000,1155,1925,75565000,26480
8,889,75565000,75565000,1155,1925,75650000,26509
8,89,7565000,7565000,1155,1925,7650000,2677
8,890,75650000,75650000,1155,1925,75735000,26539
8,891,75735000,75735000,1155,1925,75820000,26570
8,892,75820000,75820000,1155,1925,75905000,26601
8,893,75905000,75905000,1155,1925,75990000,26630
8,894,75990000,75990000,1155,1925,76075000,26657
8,895,76075000,76075000,1155,1925,76160000,26691
8,896,76160000,76160000,1155,1925,76245000,26719
8,897,76245000,76245000,1155,1925,76330000,26749
8,898,76330000,76330000,1155,1925,76415000,26777
8,899,76415000,76415000,1155,1925,76500000,26810
8,9,765000,765000,1155,1925,850000,294
8,90,7650000,7650000,1155,1925,7735000,2704
8,900,76500000,76500000,1155,1925,76585000,26838
8,901,76585000,76585000,1155,1925,76670000,26867
8,902,76670000,76670000,1155,1925,76755000,26897
8,903,76755000,76755000,1155,1925,76840000,26927
8,904,76840000,76840000,1155,1925,76925000,26957
8,905,76925000,76925000,1155,1925,77010000,26987
8,906,77010000,77010000,1155,1925,77095000,27014
8,907,77095000,77095000,1155,1925,77180000,27048
8,908,77180000,77180000,1155,1925,77265000,27076
8,909,77265000,77265000,1155,1925,77350000,27107
8,91,7735000,7735000,1155,1925,7820000,2737
8,910,77350000,77350000,1155,1925,77435000,27135
8,911,77435000,77435000,1155,1925,77520000,27168
8,912,77520000,77520000,1155,1925,77605000,27195
8,913,77605000,77605000,1155,1925,77690000,27224
8,914,77690000,77690000,1155,1925,77775000,27256
8,915,77775000,77775000,1155,1925,77860000,27286
8,916,77860000,77860000,1155,1925,77945000,27316
8,917,77945000,77945000,1155,1925,78030000,27344
8,918,78030000,78030000,1155,1925,78115000,27371
8,919,78115000,78115000,1155,1925,78200000,27405
8,92,7820000,7820000,1155,1925,7905000,2765
8,920,78200000,78200000,1155,1925,78285000,27433
8,921,78285000,78285000,1155,1925,78370000,27463
8,922,78370000,78370000,1155,1925,78455000,27492
8,923,78455000,78455000,1155,1925,78540000,27526
8,924,78540000,78540000,1155,1925,78625000,27553
8,925,78625000,78625000,1155,1925,78710000,27582
8,926,78710000,78710000,1155,1925,78795000,27612
8,927,78795000,78795000,1155,1925,78880000,27642
8,928,78880000,78880000,1155,1925,78965000,27673
8,929,78965000,78965000,1155,1925,79050000,27703
8,93,7905000,7905000,1155,1925,7990000,2796
8,930,79050000,79050000,1155,1925,79135000,27730
8,931,79135000,79135000,1155,1925,79220000,27763
8,932,79220000,79220000,1155,1925,79305000,27791
8,933,79305000,79305000,1155,1925,79390000,27822
8,934,79390000,79390000,1155,1925,79475000,27850
8,935,79475000,79475000,1155,1925,79560000,27882
8,936,79560000,79560000,1155,1925,79645000,27909
8,937,79645000,79645000,1155,1925,79730000,27940
8,938,79730000,79730000,1155,1925,79815000,27970
8,939,79815000,79815000,1155,1925,79900000,28000
8,94,7990000,7990000,1155,1925,8075000,2824
8,940,79900000,79900000,1155,1925,79985000,28030
8,941,79985000,79985000,1155,1925,80070000,28059
8,942,80070000,80070000,1155,1925,80155000,28087
8,943,80155000,80155000,1155,1925,80240000,28120
8,944,80240000,80240000,1155,1925,80325000,28149
8,945,80325000,80325000,1155,1925,80410000,28179
8,946,80410000,80410000,1155,1925,80495000,28207
8,947,80495000,80495000,1155,1925,80580000,28241
8,948,80580000,80580000,1155,1925,80665000,28268
8,949,80665000,80665000,1155,1925,80750000,28297
8,95,8075000,8075000,1155,1925,8160000,2857
8,950,80750000,80750000,1155,1925,80835000,28327
8,951,80835000,80835000,1155,1925,80920000,28358
8,952,80920000,80920000,1155,1925,81005000,28389
8,953,81005000,81005000,1155,1925,81090000,28417
8,954,81090000,81090000,1155,1925,81175000,28444
8,955,81175000,81175000,1155,1925,81260000,28477
8,956,81260000,81260000,1155,1925,81345000,28506
8,957,81345000,81345000,1155,1925,81430000,28536
8,958,81430000,81430000,1155,1925,81515000,28564
8,959,81515000,81515000,1155,1925,81600000,28598
8,96,8160000,8160000,1155,1925,8245000,2884
8,960,81600000,81600000,1155,1925,81685000,28625
8,961,81685000,81685000,1155,1925,81770000,28655
8,962,81770000,81770000,1155,1925,81855000,28685
8,963,81855000,81855000,1155,1925,81940000,28715
8,964,81940000,81940000,1155,1925,82025000,28745
8,965,82025000,82025000,1155,1925,82110000,28775
8,966,82110000,82110000,1155,1925,82195000,28802
8,967,82195000,82195000,1155,1925,82280000,28836
8,968,82280000,82280000,1155,1925,82365000,28864
8,969,82365000,82365000,1155,1925,82450000,28894
8,97,8245000,8245000,1155,1925,8330000,2915
8,970,82450000,82450000,1155,1925,82535000,28923
8,971,82535000,82535000,1155,1925,82620000,28955
8,972,82620000,82620000,1155,1925,82705000,28982
8,973,82705000,82705000,1155,1925,82790000,29011
8,974,82790000,82790000,1155,1925,82875000,29042
8,975,82875000,82875000,1155,1925,82960000,29073
8,976,82960000,82960000,1155,1925,83045000,29103
8,977,83045000,83045000,1155,1925,83130000,29132
8,978,83130000,83130000,1155,1925,83215000,29159
8,979,83215000,83215000,1155,1925,83300000,29193
8,98,8330000,8330000,1155,1925,8415000,2945
8,980,83300000,83300000,1155,1925,83385000,29221
8,981,83385000,83385000,1155,1925,83470000,29251
8,982,83470000,83470000,1155,1925,83555000,29280
8,983,83555000,83555000,1155,1925,83640000,29313
8,984,83640000,83640000,1155,1925,83725000,29341
8,985,83725000,83725000,1155,1925,83810000,29370
8,986,83810000,83810000,1155,1925,83895000,29400
8,987,83895000,83895000,1155,1925,83980000,29430
8,988,83980000,83980000,1155,1925,84065000,29460
8,989,84065000,84065000,1155,1925,84150000,29490
8,99,8415000,8415000,1155,1925,8500000,2975
8,990,84150000,84150000,1155,1925,84235000,29517
8,991,84235000,84235000,1155,1925,84320000,29550
8,992,84320000,84320000,1155,1925,84405000,29578
8,993,84405000,84405000,1155,1925,84490000,29609
8,994,84490000,84490000,1155,1925,84575000,29637
8,995,84575000,84575000,1155,1925,84660000,29670
8,996,84660000,84660000,1155,1925,84745000,29697
8,997,84745000,84745000,1155,1925,84830000,29727
8,998,84830000,84830000,1155,1925,84915000,29758
8,999,84915000,84915000,1155,1925,85000000,29788
9,0,0,0,12568,20946,90000,28
9,1,90000,90000,12568,20946,180000,61
9,10,900000,900000,12568,20946,990000,343
9,100,9000000,9000000,12568,20946,9090000,3181
9,1000,90000000,90000000,12568,20946,90090000,31572
9,1001,90090000,90090000,12568,20946,90180000,31605
9,1002,90180000,90180000,12568,20946,90270000,31635
9,1003,90270000,90270000,12568,20946,90360000,31668
9,1004,90360000,90360000,12568,20946,90450000,31699
9,1005,90450000,90450000,12568,20946,90540000,31732
9,1006,90540000,90540000,12568,20946,90630000,31761
9,1007,90630000,90630000,12568,20946,90720000,31795
9,1008,90720000,90720000,12568,20946,90810000,31824
9,1009,90810000,90810000,12568,20946,90900000,31858
9,101,9090000,9090000,12568,20946,9180000,3216
9,1010,90900000,90900000,12568,20946,90990000,31887
9,1011,90990000,90990000,12568,20946,91080000,31921
9,1012,91080000,91080000,12568,20946,91170000,31950
9,1013,91170000,91170000,12568,20946,91260000,31983
9,1014,91260000,91260000,12568,20946,91350000,32014
9,1015,91350000,91350000,12568,20946,91440000,32047
9,1016,91440000,91440000,12568,20946,91530000,32076
9,1017,91530000,91530000,12568,20946,91620000,32109
9,1018,91620000,91620000,12568,20946,91710000,32139
9,1019,91710000,91710000,12568,20946,91800000,32174
9,102,9180000,9180000,12568,20946,9270000,3245
9,1020,91800000,91800000,12568,20946,91890000,32203
9,1021,91890000,91890000,12568,20946,91980000,32237
9,1022,91980000,91980000,12568,20946,92070000,32266
9,1023,92070000,92070000,12568,20946,92160000,32299
9,1024,92160000,92160000,12568,20946,92250000,32329
9,1025,92250000,92250000,12568,20946,92340000,32363
9,1026,92340000,92340000,12568,20946,92430000,32392
9,1027,92430000,92430000,12568,20946,92520000,32425
9,1028,92520000,92520000,12568,20946,92610000,32455
9,1029,92610000,92610000,12568,20946,92700000,32489
9,103,9270000,9270000,12568,20946,9360000,3278
9,1030,92700000,92700000,12568,20946,92790000,32518
9,1031,92790000,92790000,12568,20946,92880000,32551
9,1032,92880000,92880000,12568,20946,92970000,32581
9,1033,92970000,92970000,12568,20946,93060000,32614
9,1034,93060000,93060000,12568,20946,93150000,32644
9,1035,93150000,93150000,12568,20946,93240000,32678
9,1036,93240000,93240000,12568,20946,93330000,32708
9,1037,93330000,93330000,12568,20946,93420000,32741
9,1038,93420000,93420000,12568,20946,93510000,32770
9,1039,93510000,93510000,12568,20946,93600000,32805
9,104,9360000,9360000,12568,20946,9450000,3309
9,1040,93600000,93600000,12568,20946,93690000,32834
9,1041,93690000,93690000,12568,20946,93780000,32867
9,1042,93780000,93780000,12568,20946,93870000,32897
9,1043,93870000,93870000,12568,20946,93960000,32930
9,1044,93960000,93960000,12568,20946,94050000,32960
9,1045,94050000,94050000,12568,20946,94140000,32993
9,1046,94140000,94140000,12568,20946,94230000,33023
9,1047,94230000,94230000,12568,20946,94320000,33056
9,1048,94320000,94320000,12568,20946,94410000,33085
9,1049,94410000,94410000,12568,20946,94500000,33120
9,105,9450000,9450000,12568,20946,9540000,3342
9,1050,94500000,94500000,12568,20946,94590000,33149
9,1051,94590000,94590000,12568,20946,94680000,33182
9,1052,94680000,94680000,12568,20946,94770000,33211
9,1053,94770000,94770000,12568,20946,94860000,33246
9,1054,94860000,94860000,12568,20946,94950000,33276
9,1055,94950000,94950000,12568,20946,95040000,33309
9,1056,95040000,95040000,12568,20946,95130000,33339
9,1057,95130000,95130000,12568,20946,95220000,33372
9,1058,95220000,95220000,12568,20946,95310000,33401
9,1059,95310000,95310000,12568,20946,95400000,33435
9,106,9540000,9540000,12568,20946,9630000,3371
9,1060,95400000,95400000,12568,20946,95490000,33465
9,1061,95490000,95490000,12568,20946,95580000,33498
9,1062,95580000,95580000,12568,20946,95670000,33527
9,1063,95670000,95670000,12568,20946,95760000,33561
9,1064,95760000,95760000,12568,20946,95850000,33591
9,1065,95850000,95850000,12568,20946,95940000,33624
9,1066,95940000,95940000,12568,20946,96030000,33653
9,1067,96030000,96030000,12568,20946,96120000,33687
9,1068,96120000,96120000,12568,20946,96210000,33716
9,1069,96210000,96210000,12568,20946,96300000,33750
9,107,9630000,9630000,12568,20946,9720000,3404
9,1070,96300000,96300000,12568,20946,96390000,33781
9,1071,96390000,96390000,12568,20946,96480000,33814
9,1072,96480000,96480000,12568,20946,96570000,33843
9,1073,96570000,96570000,12568,20946,96660000,33876
9,1074,96660000,96660000,12568,20946,96750000,33907
9,1075,96750000,96750000,12568,20946,96840000,33940
9,1076,96840000,96840000,12568,20946,96930000,33969
9,1077,96930000,96930000,12568,20946,97020000,34003
9,1078,97020000,97020000,12568,20946,97110000,34032
9,1079,97110000,97110000,12568,20946,97200000,34066
9,108,9720000,9720000,12568,20946,9810000,3434
9,1080,97200000,97200000,12568,20946,97290000,34095
9,1081,97290000,97290000,12568,20946,97380000,34129
9,1082,97380000,97380000,12568,20946,97470000,34158
9,1083,97470000,97470000,12568,20946,97560000,34191
9,1084,97560000,97560000,12568,20946,97650000,34222
9,1085,97650000,97650000,12568,20946,97740000,34255
9,1086,97740000,97740000,12568,20946,97830000,34284
9,1087,97830000,97830000,12568,20946,97920000,34318
9,1088,97920000,97920000,12568,20946,98010000,34348
9,1089,98010000,98010000,12568,20946,98100000,34382
9,109,9810000,9810000,12568,20946,9900000,3468
9,1090,98100000,98100000,12568,20946,98190000,34411
9,1091,98190000,98190000,12568,20946,98280000,34445
9,1092,98280000,98280000,12568,20946,98370000,34474
9,1093,98370000,98370000,12568,20946,98460000,34507
9,1094,98460000,98460000,12568,20946,98550000,34537
9,1095,98550000,98550000,12568,20946,98640000,34571
9,1096,98640000,98640000,12568,20946,98730000,34600
9,1097,98730000,98730000,12568,20946,98820000,34633
9,1098,98820000,98820000,12568,20946,98910000,34663
9,1099,98910000,98910000,12568,20946,99000000,34697
9,11,990000,990000,12568,20946,1080000,376
9,110,9900000,9900000,12568,20946,9990000,3497
9,1100,99000000,99000000,12568,20946,99090000,34726
9,1101,99090000,99090000,12568,20946,99180000,34759
9,1102,99180000,99180000,12568,20946,99270000,34789
9,1103,99270000,99270000,12568,20946,99360000,34822
9,1104,99360000,99360000,12568,20946,99450000,34853
9,1105,99450000,99450000,12568,20946,99540000,34887
9,1106,99540000,99540000,12568,20946,99630000,34916
9,1107,99630000,99630000,12568,20946,99720000,34949
9,1108,99720000,99720000,12568,20946,99810000,34978
9,1109,99810000,99810000,12568,20946,99900000,35013
9,111,9990000,9990000,12568,20946,10080000,3531
9,1110,99900000,99900000,12568,20946,99990000,35042
9,1111,99990000,99990000,12568,20946,100080000,35075
9,1112,100080000,100080000,12568,20946,100170000,35105
9,1113,100170000,100170000,12568,20946,100260000,35138
9,1114,100260000,100260000,12568,20946,100350000,35168
9,1115,100350000,100350000,12568,20946,100440000,35201
9,1116,100440000,100440000,12568,20946,100530000,35231
9,1117,100530000,100530000,12568,20946,100620000,35264
9,1118,100620000,100620000,12568,20946,100710000,35293
9,1119,100710000,100710000,12568,20946,100800000,35328
9,112,10080000,10080000,12568,20946,10170000,3560
9,1120,100800000,100800000,12568,20946,100890000,35357
9,1121,100890000,100890000,12568,20946,100980000,35391
9,1122,100980000,100980000,12568,20946,101070000,35420
9,1123,101070000,101070000,12568,20946,101160000,35454
9,1124,101160000,101160000,12568,20946,101250000,35484
9,1125,101250000,101250000,12568,20946,101340000,35517
9,1126,101340000,101340000,12568,20946,101430000,35547
9,1127,101430000,101430000,12568,20946,101520000,35580
9,1128,101520000,101520000,12568,20946,101610000,35609
9,1129,101610000,101610000,12568,20946,101700000,35643
9,113,10170000,10170000,12568,20946,10260000,3593
9,1130,101700000,101700000,12568,20946,101790000,35673
9,1131,101790000,101790000,12568,20946,101880000,35706
9,1132,101880000,101880000,12568,20946,101970000,35735
9,1133,101970000,101970000,12568,20946,102060000,35769
9,1134,102060000,102060000,12568,20946,102150000,35799
9,1135,102150000,102150000,12568,20946,102240000,35832
9,1136,102240000,102240000,12568,20946,102330000,35861
9,1137,102330000,102330000,12568,20946,102420000,35895
9,1138,102420000,102420000,12568,20946,102510000,35925
9,1139,102510000,102510000,12568,20946,102600000,35959
9,114,10260000,10260000,12568,20946,10350000,3623
9,1140,102600000,102600000,12568,20946,102690000,35989
9,1141,102690000,102690000,12568,20946,102780000,36022
9,1142,102780000,102780000,12568,20946,102870000,36051
9,1143,102870000,102870000,12568,20946,102960000,36084
9,1144,102960000,102960000,12568,20946,103050000,36115
9,1145,103050000,103050000,12568,20946,103140000,36148
9,1146,103140000,103140000,12568,20946,103230000,36177
9,1147,103230000,103230000,12568,20946,103320000,36211
9,1148,103320000,103320000,12568,20946,103410000,36240
9,1149,103410000,103410000,12568,20946,103500000,36274
9,115,10350000,10350000,12568,20946,10440000,3657
9,1150,103500000,103500000,12568,20946,103590000,36303
9,1151,103590000,103590000,12568,20946,103680000,36337
9,1152,103680000,103680000,12568,20946,103770000,36366
9,1153,103770000,103770000,12568,20946,103860000,36399
9,1154,103860000,103860000,12568,20946,103950000,36430
9,1155,103950000,103950000,12568,20946,104040000,36464
9,1156,104040000,104040000,12568,20946,104130000,36493
9,1157,104130000,104130000,12568,20946,104220000,36526
9,1158,104220000,104220000,12568,20946,104310000,36556
9,1159,104310000,104310000,12568,20946,104400000,36590
9,116,10440000,10440000,12568,20946,10530000,3686
9,1160,104400000,104400000,12568,20946,104490000,36619
9,1161,104490000,104490000,12568,20946,104580000,36653
9,1162,104580000,104580000,12568,20946,104670000,36682
9,1163,104670000,104670000,12568,20946,104760000,36715
9,1164,104760000,104760000,12568,20946,104850000,36745
9,1165,104850000,104850000,12568,20946,104940000,36779
9,1166,104940000,104940000,12568,20946,105030000,36808
9,1167,105030000,105030000,12568,20946,105120000,36841
9,1168,105120000,105120000,12568,20946,105210000,36871
9,1169,105210000,105210000,12568,20946,105300000,36905
9,117,10530000,10530000,12568,20946,10620000,3719
9,1170,105300000,105300000,12568,20946,105390000,36934
9,1171,105390000,105390000,12568,20946,105480000,36967
9,1172,105480000,105480000,12568,20946,105570000,36998
9,1173,105570000,105570000,12568,20946,105660000,37031
9,1174,105660000,105660000,12568,20946,105750000,37061
9,1175,105750000,105750000,12568,20946,105840000,37095
9,1176,105840000,105840000,12568,20946,105930000,37124
9,1177,105930000,105930000,12568,20946,106020000,37157
9,1178,106020000,106020000,12568,20946,106110000,37186
9,1179,106110000,106110000,12568,20946,106200000,37221
9,118,10620000,10620000,12568,20946,10710000,3750
9,1180,106200000,106200000,12568,20946,106290000,37250
9,1181,106290000,106290000,12568,20946,106380000,37283
9,1182,106380000,106380000,12568,20946,106470000,37313
9,1183,106470000,106470000,12568,20946,106560000,37346
9,1184,106560000,106560000,12568,20946,106650000,37376
9,1185,106650000,106650000,12568,20946,106740000,37409
9,1186,106740000,106740000,12568,20946,106830000,37439
9,1187,106830000,106830000,12568,20946,106920000,37472
9,1188,106920000,106920000,12568,20946,107010000,37501
9,1189,107010000,107010000,12568,20946,107100000,37537
9,119,10710000,10710000,12568,20946,10800000,3784
9,12,1080000,1080000,12568,20946,1170000,405
9,120,10800000,10800000,12568,20946,10890000,3813
9,121,10890000,10890000,12568,20946,10980000,3846
9,122,10980000,10980000,12568,20946,11070000,3876
9,123,11070000,11070000,12568,20946,11160000,3909
9,124,11160000,11160000,12568,20946,11250000,3939
9,125,11250000,11250000,12568,20946,11340000,3973
9,126,11340000,11340000,12568,20946,11430000,4002
9,127,11430000,11430000,12568,20946,11520000,4035
9,128,11520000,11520000,12568,20946,11610000,4064
9,129,11610000,11610000,12568,20946,11700000,4099
9,13,1170000,1170000,12568,20946,1260000,439
9,130,11700000,11700000,12568,20946,11790000,4128
9,131,11790000,11790000,12568,20946,11880000,4161
9,132,11880000,11880000,12568,20946,11970000,4191
9,133,11970000,11970000,12568,20946,12060000,4224
9,134,12060000,12060000,12568,20946,12150000,4254
9,135,12150000,12150000,12568,20946,12240000,4288
9,136,12240000,12240000,12568,20946,12330000,4318
9,137,12330000,12330000,12568,20946,12420000,4351
9,138,12420000,12420000,12568,20946,12510000,4380
9,139,12510000,12510000,12568,20946,12600000,4415
9,14,1260000,1260000,12568,20946,1350000,469
9,140,12600000,12600000,12568,20946,12690000,4444
9,141,12690000,12690000,12568,20946,12780000,4477
9,142,12780000,12780000,12568,20946,12870000,4506
9,143,12870000,12870000,12568,20946,12960000,4540
9,144,12960000,12960000,12568,20946,13050000,4570
9,145,13050000,13050000,12568,20946,13140000,4603
9,146,13140000,13140000,12568,20946,13230000,4633
9,147,13230000,13230000,12568,20946,13320000,4666
9,148,13320000,13320000,12568,20946,13410000,4695
9,149,13410000,13410000,12568,20946,13500000,4729
9,15,1350000,1350000,12568,20946,1440000,502
9,150,13500000,13500000,12568,20946,13590000,4759
9,151,13590000,13590000,12568,20946,13680000,4792
9,152,13680000,13680000,12568,20946,13770000,4822
9,153,13770000,13770000,12568,20946,13860000,4856
9,154,13860000,13860000,12568,20946,13950000,4886
9,155,13950000,13950000,12568,20946,14040000,4919
9,156,14040000,14040000,12568,20946,14130000,4948
9,157,14130000,14130000,12568,20946,14220000,4982
9,158,14220000,14220000,12568,20946,14310000,5011
9,159,14310000,14310000,12568,20946,14400000,5045
9,16,1440000,1440000,12568,20946,1530000,532
9,160,14400000,14400000,12568,20946,14490000,5075
9,161,14490000,14490000,12568,20946,14580000,5108
9,162,14580000,14580000,12568,20946,14670000,5137
9,163,14670000,14670000,12568,20946,14760000,5170
9,164,14760000,14760000,12568,20946,14850000,5201
9,165,14850000,14850000,12568,20946,14940000,5234
9,166,14940000,14940000,12568,20946,15030000,5263
9,167,15030000,15030000,12568,20946,15120000,5297
9,168,15120000,15120000,12568,20946,15210000,5326
9,169,15210000,15210000,12568,20946,15300000,5361
9,17,1530000,1530000,12568,20946,1620000,566
9,170,15300000,15300000,12568,20946,15390000,5390
9,171,15390000,15390000,12568,20946,15480000,5424
9,172,15480000,15480000,12568,20946,15570000,5453
9,173,15570000,15570000,12568,20946,15660000,5486
9,174,15660000,15660000,12568,20946,15750000,5517
9,175,15750000,15750000,12568,20946,15840000,5550
9,176,15840000,15840000,12568,20946,15930000,5579
9,177,15930000,15930000,12568,20946,16020000,5612
9,178,16020000,16020000,12568,20946,16110000,5642
9,179,16110000,16110000,12568,20946,16200000,5676
9,18,1620000,1620000,12568,20946,1710000,595
9,180,16200000,16200000,12568,20946,16290000,5705
9,181,16290000,16290000,12568,20946,16380000,5739
9,182,16380000,16380000,12568,20946,16470000,5768
9,183,16470000,16470000,12568,20946,16560000,5801
9,184,16560000,16560000,12568,20946,16650000,5831
9,185,16650000,16650000,12568,20946,16740000,5865
9,186,16740000,16740000,12568,20946,16830000,5895
9,187,16830000,16830000,12568,20946,16920000,5928
9,188,16920000,16920000,12568,20946,17010000,5958
9,189,17010000,17010000,12568,20946,17100000,5992
9,19,1710000,1710000,12568,20946,1800000,629
9,190,17100000,17100000,12568,20946,17190000,6021
9,191,17190000,17190000,12568,20946,17280000,6054
9,192,17280000,17280000,12568,20946,17370000,6084
9,193,17370000,17370000,12568,20946,17460000,6117
9,194,17460000,17460000,12568,20946,17550000,6147
9,195,17550000,17550000,12568,20946,17640000,6181
9,196,17640000,17640000,12568,20946,17730000,6210
9,197,17730000,17730000,12568,20946,17820000,6243
9,198,17820000,17820000,12568,20946,17910000,6272
9,199,17910000,17910000,12568,20946,18000000,6307
9,2,180000,180000,12568,20946,270000,90
9,20,1800000,1800000,12568,20946,1890000,659
9,200,18000000,18000000,12568,20946,18090000,6336
9,201,18090000,18090000,12568,20946,18180000,6369
9,202,18180000,18180000,12568,20946,18270000,6399
9,203,18270000,18270000,12568,20946,18360000,6433
9,204,18360000,18360000,12568,20946,18450000,6463
9,205,18450000,18450000,12568,20946,18540000,6496
9,206,18540000,18540000,12568,20946,18630000,6526
9,207,18630000,18630000,12568,20946,18720000,6559
9,208,18720000,18720000,12568,20946,18810000,6588
9,209,18810000,18810000,12568,20946,18900000,6623
9,21,1890000,1890000,12568,20946,1980000,692
9,210,18900000,18900000,12568,20946,18990000,6652
9,211,18990000,18990000,12568,20946,19080000,6685
9,212,19080000,19080000,12568,20946,19170000,6714
9,213,19170000,19170000,12568,20946,19260000,6748
9,214,19260000,19260000,12568,20946,19350000,6778
9,215,19350000,19350000,12568,20946,19440000,6811
9,216,19440000,19440000,12568,20946,19530000,6841
9,217,19530000,19530000,12568,20946,19620000,6874
9,218,19620000,19620000,12568,20946,19710000,6903
9,219,19710000,19710000,12568,20946,19800000,6937
9,22,1980000,1980000,12568,20946,2070000,721
9,220,19800000,19800000,12568,20946,19890000,6968
9,221,19890000,19890000,12568,20946,19980000,7001
9,222,19980000,19980000,12568,20946,20070000,7030
9,223,20070000,20070000,12568,20946,20160000,7064
9,224,20160000,20160000,12568,20946,20250000,7094
9,225,20250000,20250000,12568,20946,20340000,7127
9,226,20340000,20340000,12568,20946,20430000,7156
9,227,20430000,20430000,12568,20946,20520000,7190
9,228,20520000,20520000,12568,20946,20610000,7219
9,229,20610000,20610000,12568,20946,20700000,7253
9,23,2070000,2070000,12568,20946,2160000,754
9,230,20700000,20700000,12568,20946,20790000,7283
9,231,20790000,20790000,12568,20946,20880000,7316
9,232,20880000,20880000,12568,20946,20970000,7345
9,233,20970000,20970000,12568,20946,21060000,7378
9,234,21060000,21060000,12568,20946,21150000,7409
9,235,21150000,21150000,12568,20946,21240000,7442
9,236,21240000,21240000,12568,20946,21330000,7471
9,237,21330000,21330000,12568,20946,21420000,7506
9,238,21420000,21420000,12568,20946,21510000,7535
9,239,21510000,21510000,12568,20946,21600000,7569
9,24,2160000,2160000,12568,20946,2250000,785
9,240,21600000,21600000,12568,20946,21690000,7598
9,241,21690000,21690000,12568,20946,21780000,7632
9,242,21780000,21780000,12568,20946,21870000,7661
9,243,21870000,21870000,12568,20946,21960000,7694
9,244,21960000,21960000,12568,20946,22050000,7725
9,245,22050000,22050000,12568,20946,22140000,7758
9,246,22140000,22140000,12568,20946,22230000,7787
9,247,22230000,22230000,12568,20946,22320000,7820
9,248,22320000,22320000,12568,20946,22410000,7850
9,249,22410000,22410000,12568,20946,22500000,7884
9,25,2250000,2250000,12568,20946,2340000,818
9,250,22500000,22500000,12568,20946,22590000,7913
9,251,22590000,22590000,12568,20946,22680000,7947
9,252,22680000,22680000,12568,20946,22770000,7976
9,253,22770000,22770000,12568,20946,22860000,8009
9,254,22860000,22860000,12568,20946,22950000,8040
9,255,22950000,22950000,12568,20946,23040000,8074
9,256,23040000,23040000,12568,20946,23130000,8103
9,257,23130000,23130000,12568,20946,23220000,8136
9,258,23220000,23220000,12568,20946,23310000,8166
9,259,23310000,23310000,12568,20946,23400000,8200
9,26,2340000,2340000,12568,20946,2430000,847
9,260,23400000,23400000,12568,20946,23490000,8229
9,261,23490000,23490000,12568,20946,23580000,8262
9,262,23580000,23580000,12568,20946,23670000,8292
9,263,23670000,23670000,12568,20946,23760000,8325
9,264,23760000,23760000,12568,20946,23850000,8355
9,265,23850000,23850000,12568,20946,23940000,8389
9,266,23940000,23940000,12568,20946,24030000,8418
9,267,24030000,24030000,12568,20946,24120000,8451
9,268,24120000,24120000,12568,20946,24210000,8480
9,269,24210000,24210000,12568,20946,24300000,8515
9,27,2430000,2430000,12568,20946,2520000,881
9,270,24300000,24300000,12568,20946,24390000,8544
9,271,24390000,24390000,12568,20946,24480000,8578
9,272,24480000,24480000,12568,20946,24570000,8608
9,273,24570000,24570000,12568,20946,24660000,8641
9,274,24660000,24660000,12568,20946,24750000,8671
9,275,24750000,24750000,12568,20946,24840000,8704
9,276,24840000,24840000,12568,20946,24930000,8734
9,277,24930000,24930000,12568,20946,25020000,8767
9,278,25020000,25020000,12568,20946,25110000,8796
9,279,25110000,25110000,12568,20946,25200000,8831
9,28,2520000,2520000,12568,20946,2610000,910
9,280,25200000,25200000,12568,20946,25290000,8860
9,281,25290000,25290000,12568,20946,25380000,8893
9,282,25380000,25380000,12568,20946,25470000,8922
9,283,25470000,25470000,12568,20946,25560000,8956
9,284,25560000,25560000,12568,20946,25650000,8986
9,285,25650000,25650000,12568,20946,25740000,9019
9,286,25740000,25740000,12568,20946,25830000,9049
9,287,25830000,25830000,12568,20946,25920000,9082
9,288,25920000,25920000,12568,20946,26010000,9112
9,289,26010000,26010000,12568,20946,26100000,9146
9,29,2610000,2610000,12568,20946,2700000,944
9,290,26100000,26100000,12568,20946,26190000,9176
9,291,26190000,26190000,12568,20946,26280000,9209
9,292,26280000,26280000,12568,20946,26370000,9238
9,293,26370000,26370000,12568,20946,26460000,9272
9,294,26460000,26460000,12568,20946,26550000,9302
9,295,26550000,26550000,12568,20946,26640000,9335
9,296,26640000,26640000,12568,20946,26730000,9364
9,297,26730000,26730000,12568,20946,26820000,9398
9,298,26820000,26820000,12568,20946,26910000,9427
9,299,26910000,26910000,12568,20946,27000000,9461
9,3,270000,270000,12568,20946,360000,124
9,30,2700000,2700000,12568,20946,2790000,973
9,300,27000000,27000000,12568,20946,27090000,9491
9,301,27090000,27090000,12568,20946,27180000,9524
9,302,27180000,27180000,12568,20946,27270000,9553
9,303,27270000,27270000,12568,20946,27360000,9586
9,304,27360000,27360000,12568,20946,27450000,9617
9,305,27450000,27450000,12568,20946,27540000,9651
9,306,27540000,27540000,12568,20946,27630000,9680
9,307,27630000,27630000,12568,20946,27720000,9714
9,308,27720000,27720000,12568,20946,27810000,9743
9,309,27810000,27810000,12568,20946,27900000,9777
9,31,2790000,2790000,12568,20946,2880000,1007
9,310,27900000,27900000,12568,20946,27990000,9806
9,311,27990000,27990000,12568,20946,28080000,9840
9,312,28080000,28080000,12568,20946,28170000,9869
9,313,28170000,28170000,12568,20946,28260000,9902
9,314,28260000,28260000,12568,20946,28350000,9933
9,315,28350000,28350000,12568,20946,28440000,9966
9,316,28440000,28440000,12568,20946,28530000,9995
9,317,28530000,28530000,12568,20946,28620000,10028
9,318,28620000,28620000,12568,20946,28710000,10058
9,319,28710000,28710000,12568,20946,28800000,10092
9,32,2880000,2880000,12568,20946,2970000,1036
9,320,28800000,28800000,12568,20946,28890000,10121
9,321,28890000,28890000,12568,20946,28980000,10155
9,322,28980000,28980000,12568,20946,29070000,10185
9,323,29070000,29070000,12568,20946,29160000,10218
9,324,29160000,29160000,12568,20946,29250000,10248
9,325,29250000,29250000,12568,20946,29340000,10282
9,326,29340000,29340000,12568,20946,29430000,10311
9,327,29430000,29430000,12568,20946,29520000,10344
9,328,29520000,29520000,12568,20946,29610000,10374
9,329,29610000,29610000,12568,20946,29700000,10408
9,33,2970000,2970000,12568,20946,3060000,1070
9,330,29700000,29700000,12568,20946,29790000,10437
9,331,29790000,29790000,12568,20946,29880000,10470
9,332,29880000,29880000,12568,20946,29970000,10500
9,333,29970000,29970000,12568,20946,30060000,10533
9,334,30060000,30060000,12568,20946,30150000,10563
9,335,30150000,30150000,12568,20946,30240000,10597
9,336,30240000,30240000,12568,20946,30330000,10626
9,337,30330000,30330000,12568,20946,30420000,10659
9,338,30420000,30420000,12568,20946,30510000,10688
9,339,30510000,30510000,12568,20946,30600000,10724
9,34,3060000,3060000,12568,20946,3150000,1101
9,340,30600000,30600000,12568,20946,30690000,10753
9,341,30690000,30690000,12568,20946,30780000,10786
9,342,30780000,30780000,12568,20946,30870000,10816
9,343,30870000,30870000,12568,20946,30960000,10849
9,344,30960000,30960000,12568,20946,31050000,10879
9,345,31050000,31050000,12568,20946,31140000,10912
9,346,31140000,31140000,12568,20946,31230000,10942
9,347,31230000,31230000,12568,20946,31320000,10975
9,348,31320000,31320000,12568,20946,31410000,11004
9,349,31410000,31410000,12568,20946,31500000,11039
9,35,3150000,3150000,12568,20946,3240000,1134
9,350,31500000,31500000,12568,20946,31590000,11068
9,351,31590000,31590000,12568,20946,31680000,11101
9,352,31680000,31680000,12568,20946,31770000,11130
9,353,31770000,31770000,12568,20946,31860000,11164
9,354,31860000,31860000,12568,20946,31950000,11194
9,355,31950000,31950000,12568,20946,32040000,11227
9,356,32040000,32040000,12568,20946,32130000,11258
9,357,32130000,32130000,12568,20946,32220000,11291
9,358,32220000,32220000,12568,20946,32310000,11320
9,359,32310000,32310000,12568,20946,32400000,11354
9,36,3240000,3240000,12568,20946,3330000,1163
9,360,32400000,32400000,12568,20946,32490000,11384
9,361,32490000,32490000,12568,20946,32580000,11417
9,362,32580000,32580000,12568,20946,32670000,11446
9,363,32670000,32670000,12568,20946,32760000,11480
9,364,32760000,32760000,12568,20946,32850000,11510
9,365,32850000,32850000,12568,20946,32940000,11543
9,366,32940000,32940000,12568,20946,33030000,11572
9,367,33030000,33030000,12568,20946,33120000,11606
9,368,33120000,33120000,12568,20946,33210000,11635
9,369,33210000,33210000,12568,20946,33300000,11669
9,37,3330000,3330000,12568,20946,3420000,1196
9,370,33300000,33300000,12568,20946,33390000,11699
9,371,33390000,33390000,12568,20946,33480000,11732
9,372,33480000,33480000,12568,20946,33570000,11761
9,373,33570000,33570000,12568,20946,33660000,11795
9,374,33660000,33660000,12568,20946,33750000,11826
9,375,33750000,33750000,12568,20946,33840000,11859
9,376,33840000,33840000,12568,20946,33930000,11888
9,377,33930000,33930000,12568,20946,34020000,11922
9,378,34020000,34020000,12568,20946,34110000,11951
9,379,34110000,34110000,12568,20946,34200000,11985
9,38,3420000,3420000,12568,20946,3510000,1226
9,380,34200000,34200000,12568,20946,34290000,12014
9,381,34290000,34290000,12568,20946,34380000,12048
9,382,34380000,34380000,12568,20946,34470000,12077
9,383,34470000,34470000,12568,20946,34560000,12110
9,384,34560000,34560000,12568,20946,34650000,12141
9,385,34650000,34650000,12568,20946,34740000,12174
9,386,34740000,34740000,12568,20946,34830000,12203
9,387,34830000,34830000,12568,20946,34920000,12236
9,388,34920000,34920000,12568,20946,35010000,12266
9,389,35010000,35010000,12568,20946,35100000,12300
9,39,3510000,3510000,12568,20946,3600000,1260
9,390,35100000,35100000,12568,20946,35190000,12330
9,391,35190000,35190000,12568,20946,35280000,12364
9,392,35280000,35280000,12568,20946,35370000,12393
9,393,35370000,35370000,12568,20946,35460000,12426
9,394,35460000,35460000,12568,20946,35550000,12456
9,395,35550000,35550000,12568,20946,35640000,12490
9,396,35640000,35640000,12568,20946,35730000,12519
9,397,35730000,35730000,12568,20946,35820000,12552
9,398,35820000,35820000,12568,20946,35910000,12582
9,399,35910000,35910000,12568,20946,36000000,12616
9,4,360000,360000,12568,20946,450000,154
9,40,3600000,3600000,12568,20946,3690000,1289
9,400,36000000,36000000,12568,20946,36090000,12645
9,401,36090000,36090000,12568,20946,36180000,12678
9,402,36180000,36180000,12568,20946,36270000,12708
9,403,36270000,36270000,12568,20946,36360000,12741
9,404,36360000,36360000,12568,20946,36450000,12771
9,405,36450000,36450000,12568,20946,36540000,12805
9,406,36540000,36540000,12568,20946,36630000,12834
9,407,36630000,36630000,12568,20946,36720000,12868
9,408,36720000,36720000,12568,20946,36810000,12897
9,409,36810000,36810000,12568,20946,36900000,12932
9,41,3690000,3690000,12568,20946,3780000,1323
9,410,36900000,36900000,12568,20946,36990000,12961
9,411,36990000,36990000,12568,20946,37080000,12994
9,412,37080000,37080000,12568,20946,37170000,13024
9,413,37170000,37170000,12568,20946,37260000,13057
9,414,37260000,37260000,12568,20946,37350000,13087
9,415,37350000,37350000,12568,20946,37440000,13120
9,416,37440000,37440000,12568,20946,37530000,13150
9,417,37530000,37530000,12568,20946,37620000,13183
9,418,37620000,37620000,12568,20946,37710000,13212
9,419,37710000,37710000,12568,20946,37800000,13247
9,42,3780000,3780000,12568,20946,3870000,1352
9,420,37800000,37800000,12568,20946,37890000,13276
9,421,37890000,37890000,12568,20946,37980000,13309
9,422,37980000,37980000,12568,20946,38070000,13338
9,423,38070000,38070000,12568,20946,38160000,13372
9,424,38160000,38160000,12568,20946,38250000,13403
9,425,38250000,38250000,12568,20946,38340000,13436
9,426,38340000,38340000,12568,20946,38430000,13466
9,427,38430000,38430000,12568,20946,38520000,13499
9,428,38520000,38520000,12568,20946,38610000,13528
9,429,38610000,38610000,12568,20946,38700000,13562
9,43,3870000,3870000,12568,20946,3960000,1385
9,430,38700000,38700000,12568,20946,38790000,13592
9,431,38790000,38790000,12568,20946,38880000,13625
9,432,38880000,38880000,12568,20946,38970000,13654
9,433,38970000,38970000,12568,20946,39060000,13688
9,434,39060000,39060000,12568,20946,39150000,13718
9,435,39150000,39150000,12568,20946,39240000,13751
9,436,39240000,39240000,12568,20946,39330000,13780
9,437,39330000,39330000,12568,20946,39420000,13814
9,438,39420000,39420000,12568,20946,39510000,13843
9,439,39510000,39510000,12568,20946,39600000,13877
9,44,3960000,3960000,12568,20946,4050000,1415
9,440,39600000,39600000,12568,20946,39690000,13907
9,441,39690000,39690000,12568,20946,39780000,13941
9,442,39780000,39780000,12568,20946,39870000,13970
9,443,39870000,39870000,12568,20946,39960000,14003
9,444,39960000,39960000,12568,20946,40050000,14034
9,445,40050000,40050000,12568,20946,40140000,14067
9,446,40140000,40140000,12568,20946,40230000,14096
9,447,40230000,40230000,12568,20946,40320000,14130
9,448,40320000,40320000,12568,20946,40410000,14159
9,449,40410000,40410000,12568,20946,40500000,14193
9,45,4050000,4050000,12568,20946,4140000,1449
9,450,40500000,40500000,12568,20946,40590000,14222
9,451,40590000,40590000,12568,20946,40680000,14256
9,452,40680000,40680000,12568,20946,40770000,14285
9,453,40770000,40770000,12568,20946,40860000,14318
9,454,40860000,40860000,12568,20946,40950000,14349
9,455,40950000,40950000,12568,20946,41040000,14382
9,456,41040000,41040000,12568,20946,41130000,14411
9,457,41130000,41130000,12568,20946,41220000,14444
9,458,41220000,41220000,12568,20946,41310000,14475
9,459,41310000,41310000,12568,20946,41400000,14509
9,46,4140000,4140000,12568,20946,4230000,1478
9,460,41400000,41400000,12568,20946,41490000,14538
9,461,41490000,41490000,12568,20946,41580000,14572
9,462,41580000,41580000,12568,20946,41670000,14601
9,463,41670000,41670000,12568,20946,41760000,14634
9,464,41760000,41760000,12568,20946,41850000,14664
9,465,41850000,41850000,12568,20946,41940000,14698
9,466,41940000,41940000,12568,20946,42030000,14727
9,467,42030000,42030000,12568,20946,42120000,14760
9,468,42120000,42120000,12568,20946,42210000,14790
9,469,42210000,42210000,12568,20946,42300000,14824
9,47,4230000,4230000,12568,20946,4320000,1511
9,470,42300000,42300000,12568,20946,42390000,14853
9,471,42390000,42390000,12568,20946,42480000,14886
9,472,42480000,42480000,12568,20946,42570000,14916
9,473,42570000,42570000,12568,20946,42660000,14949
9,474,42660000,42660000,12568,20946,42750000,14979
9,475,42750000,42750000,12568,20946,42840000,15014
9,476,42840000,42840000,12568,20946,42930000,15043
9,477,42930000,42930000,12568,20946,43020000,15076
9,478,43020000,43020000,12568,20946,43110000,15105
9,479,43110000,43110000,12568,20946,43200000,15140
9,48,4320000,4320000,12568,20946,4410000,1541
9,480,43200000,43200000,12568,20946,43290000,15169
9,481,43290000,43290000,12568,20946,43380000,15202
9,482,43380000,43380000,12568,20946,43470000,15232
9,483,43470000,43470000,12568,20946,43560000,15265
9,484,43560000,43560000,12568,20946,43650000,15295
9,485,43650000,43650000,12568,20946,43740000,15328
9,486,43740000,43740000,12568,20946,43830000,15358
9,487,43830000,43830000,12568,20946,43920000,15391
9,488,43920000,43920000,12568,20946,44010000,15420
9,489,44010000,44010000,12568,20946,44100000,15455
9,49,4410000,4410000,12568,20946,4500000,1575
9,490,44100000,44100000,12568,20946,44190000,15484
9,491,44190000,44190000,12568,20946,44280000,15517
9,492,44280000,44280000,12568,20946,44370000,15547
9,493,44370000,44370000,12568,20946,44460000,15581
9,494,44460000,44460000,12568,20946,44550000,15611
9,495,44550000,44550000,12568,20946,44640000,15644
9,496,44640000,44640000,12568,20946,44730000,15674
9,497,44730000,44730000,12568,20946,44820000,15707
9,498,44820000,44820000,12568,20946,44910000,15736
9,499,44910000,44910000,12568,20946,45000000,15770
9,5,450000,450000,12568,20946,540000,187
9,50,4500000,4500000,12568,20946,4590000,1605
9,500,45000000,45000000,12568,20946,45090000,15800
9,501,45090000,45090000,12568,20946,45180000,15833
9,502,45180000,45180000,12568,20946,45270000,15862
9,503,45270000,45270000,12568,20946,45360000,15896
9,504,45360000,45360000,12568,20946,45450000,15926
9,505,45450000,45450000,12568,20946,45540000,15959
9,506,45540000,45540000,12568,20946,45630000,15988
9,507,45630000,45630000,12568,20946,45720000,16022
9,508,45720000,45720000,12568,20946,45810000,16051
9,509,45810000,45810000,12568,20946,45900000,16086
9,51,4590000,4590000,12568,20946,4680000,1638
9,510,45900000,45900000,12568,20946,45990000,16116
9,511,45990000,45990000,12568,20946,46080000,16149
9,512,46080000,46080000,12568,20946,46170000,16178
9,513,46170000,46170000,12568,20946,46260000,16211
9,514,46260000,46260000,12568,20946,46350000,16242
9,515,46350000,46350000,12568,20946,46440000,16275
9,516,46440000,46440000,12568,20946,46530000,16304
9,517,46530000,46530000,12568,20946,46620000,16338
9,518,46620000,46620000,12568,20946,46710000,16367
9,519,46710000,46710000,12568,20946,46800000,16401
9,52,4680000,4680000,12568,20946,4770000,1668
9,520,46800000,46800000,12568,20946,46890000,16430
9,521,46890000,46890000,12568,20946,46980000,16464
9,522,46980000,46980000,12568,20946,47070000,16493
9,523,47070000,47070000,12568,20946,47160000,16526
9,524,47160000,47160000,12568,20946,47250000,16557
9,525,47250000,47250000,12568,20946,47340000,16590
9,526,47340000,47340000,12568,20946,47430000,16620
9,527,47430000,47430000,12568,20946,47520000,16653
9,528,47520000,47520000,12568,20946,47610000,16683
9,529,47610000,47610000,12568,20946,47700000,16717
9,53,4770000,4770000,12568,20946,4860000,1701
9,530,47700000,47700000,12568,20946,47790000,16746
9,531,47790000,47790000,12568,20946,47880000,16780
9,532,47880000,47880000,12568,20946,47970000,16809
9,533,47970000,47970000,12568,20946,48060000,16842
9,534,48060000,48060000,12568,20946,48150000,16872
9,535,48150000,48150000,12568,20946,48240000,16906
9,536,48240000,48240000,12568,20946,48330000,16935
9,537,48330000,48330000,12568,20946,48420000,16968
9,538,48420000,48420000,12568,20946,48510000,16998
9,539,48510000,48510000,12568,20946,48600000,17032
9,54,4860000,4860000,12568,20946,4950000,1731
9,540,48600000,48600000,12568,20946,48690000,17061
9,541,48690000,48690000,12568,20946,48780000,17094
9,542,48780000,48780000,12568,20946,48870000,17124
9,543,48870000,48870000,12568,20946,48960000,17158
9,544,48960000,48960000,12568,20946,49050000,17188
9,545,49050000,49050000,12568,20946,49140000,17222
9,546,49140000,49140000,12568,20946,49230000,17251
9,547,49230000,49230000,12568,20946,49320000,17284
9,548,49320000,49320000,12568,20946,49410000,17313
9,549,49410000,49410000,12568,20946,49500000,17348
9,55,4950000,4950000,12568,20946,5040000,1765
9,550,49500000,49500000,12568,20946,49590000,17377
9,551,49590000,49590000,12568,20946,49680000,17410
9,552,49680000,49680000,12568,20946,49770000,17440
9,553,49770000,49770000,12568,20946,49860000,17473
9,554,49860000,49860000,12568,20946,49950000,17503
9,555,49950000,49950000,12568,20946,50040000,17536
9,556,50040000,50040000,12568,20946,50130000,17566
9,557,50130000,50130000,12568,20946,50220000,17599
9,558,50220000,50220000,12568,20946,50310000,17628
9,559,50310000,50310000,12568,20946,50400000,17663
9,56,5040000,5040000,12568,20946,5130000,1794
9,560,50400000,50400000,12568,20946,50490000,17693
9,561,50490000,50490000,12568,20946,50580000,17726
9,562,50580000,50580000,12568,20946,50670000,17755
9,563,50670000,50670000,12568,20946,50760000,17789
9,564,50760000,50760000,12568,20946,50850000,17819
9,565,50850000,50850000,12568,20946,50940000,17852
9,566,50940000,50940000,12568,20946,51030000,17882
9,567,51030000,51030000,12568,20946,51120000,17915
9,568,51120000,51120000,12568,20946,51210000,17944
9,569,51210000,51210000,12568,20946,51300000,17978
9,57,5130000,5130000,12568,20946,5220000,1827
9,570,51300000,51300000,12568,20946,51390000,18008
9,571,51390000,51390000,12568,20946,51480000,18041
9,572,51480000,51480000,12568,20946,51570000,18070
9,573,51570000,51570000,12568,20946,51660000,18104
9,574,51660000,51660000,12568,20946,51750000,18134
9,575,51750000,51750000,12568,20946,51840000,18167
9,576,51840000,51840000,12568,20946,51930000,18196
9,577,51930000,51930000,12568,20946,52020000,18231
9,578,52020000,52020000,12568,20946,52110000,18260
9,579,52110000,52110000,12568,20946,52200000,18294
9,58,5220000,5220000,12568,20946,5310000,1856
9,580,52200000,52200000,12568,20946,52290000,18324
9,581,52290000,52290000,12568,20946,52380000,18357
9,582,52380000,52380000,12568,20946,52470000,18386
9,583,52470000,52470000,12568,20946,52560000,18419
9,584,52560000,52560000,12568,20946,52650000,18450
9,585,52650000,52650000,12568,20946,52740000,18483
9,586,52740000,52740000,12568,20946,52830000,18512
9,587,52830000,52830000,12568,20946,52920000,18546
9,588,52920000,52920000,12568,20946,53010000,18575
9,589,53010000,53010000,12568,20946,53100000,18609
9,59,5310000,5310000,12568,20946,5400000,1891
9,590,53100000,53100000,12568,20946,53190000,18638
9,591,53190000,53190000,12568,20946,53280000,18672
9,592,53280000,53280000,12568,20946,53370000,18701
9,593,53370000,53370000,12568,20946,53460000,18734
9,594,53460000,53460000,12568,20946,53550000,18766
9,595,53550000,53550000,12568,20946,53640000,18799
9,596,53640000,53640000,12568,20946,53730000,18828
9,597,53730000,53730000,12568,20946,53820000,18861
9,598,53820000,53820000,12568,20946,53910000,18891
9,599,53910000,53910000,12568,20946,54000000,18925
9,6,540000,540000,12568,20946,630000,217
9,60,5400000,5400000,12568,20946,5490000,1920
9,600,54000000,54000000,12568,20946,54090000,18954
9,601,54090000,54090000,12568,20946,54180000,18988
9,602,54180000,54180000,12568,20946,54270000,19017
9,603,54270000,54270000,12568,20946,54360000,19050
9,604,54360000,54360000,12568,20946,54450000,19080
9,605,54450000,54450000,12568,20946,54540000,19114
9,606,54540000,54540000,12568,20946,54630000,19143
9,607,54630000,54630000,12568,20946,54720000,19176
9,608,54720000,54720000,12568,20946,54810000,19206
9,609,54810000,54810000,12568,20946,54900000,19240
9,61,5490000,5490000,12568,20946,5580000,1953
9,610,54900000,54900000,12568,20946,54990000,19269
9,611,54990000,54990000,12568,20946,55080000,19303
9,612,55080000,55080000,12568,20946,55170000,19333
9,613,55170000,55170000,12568,20946,55260000,19366
9,614,55260000,55260000,12568,20946,55350000,19396
9,615,55350000,55350000,12568,20946,55440000,19430
9,616,55440000,55440000,12568,20946,55530000,19459
9,617,55530000,55530000,12568,20946,55620000,19492
9,618,55620000,55620000,12568,20946,55710000,19521
9,619,55710000,55710000,12568,20946,55800000,19556
9,62,5580000,5580000,12568,20946,5670000,1983
9,620,55800000,55800000,12568,20946,55890000,19585
9,621,55890000,55890000,12568,20946,55980000,19618
9,622,55980000,55980000,12568,20946,56070000,19648
9,623,56070000,56070000,12568,20946,56160000,19681
9,624,56160000,56160000,12568,20946,56250000,19711
9,625,56250000,56250000,12568,20946,56340000,19744
9,626,56340000,56340000,12568,20946,56430000,19774
9,627,56430000,56430000,12568,20946,56520000,19807
9,628,56520000,56520000,12568,20946,56610000,19837
9,629,56610000,56610000,12568,20946,56700000,19872
9,63,5670000,5670000,12568,20946,5760000,2016
9,630,56700000,56700000,12568,20946,56790000,19901
9,631,56790000,56790000,12568,20946,56880000,19934
9,632,56880000,56880000,12568,20946,56970000,19963
9,633,56970000,56970000,12568,20946,57060000,19997
9,634,57060000,57060000,12568,20946,57150000,20027
9,635,57150000,57150000,12568,20946,57240000,20060
9,636,57240000,57240000,12568,20946,57330000,20090
9,637,57330000,57330000,12568,20946,57420000,20123
9,638,57420000,57420000,12568,20946,57510000,20152
9,639,57510000,57510000,12568,20946,57600000,20186
9,64,5760000,5760000,12568,20946,5850000,2046
9,640,57600000,57600000,12568,20946,57690000,20216
9,641,57690000,57690000,12568,20946,57780000,20249
9,642,57780000,57780000,12568,20946,57870000,20278
9,643,57870000,57870000,12568,20946,57960000,20312
9,644,57960000,57960000,12568,20946,58050000,20342
9,645,58050000,58050000,12568,20946,58140000,20376
9,646,58140000,58140000,12568,20946,58230000,20405
9,647,58230000,58230000,12568,20946,58320000,20439
9,648,58320000,58320000,12568,20946,58410000,20468
9,649,58410000,58410000,12568,20946,58500000,20502
9,65,5850000,5850000,12568,20946,5940000,2079
9,650,58500000,58500000,12568,20946,58590000,20532
9,651,58590000,58590000,12568,20946,58680000,20565
9,652,58680000,58680000,12568,20946,58770000,20594
9,653,58770000,58770000,12568,20946,58860000,20627
9,654,58860000,58860000,12568,20946,58950000,20658
9,655,58950000,58950000,12568,20946,59040000,20691
9,656,59040000,59040000,12568,20946,59130000,20720
9,657,59130000,59130000,12568,20946,59220000,20754
9,658,59220000,59220000,12568,20946,59310000,20783
9,659,59310000,59310000,12568,20946,59400000,20817
9,66,5940000,5940000,12568,20946,6030000,2109
9,660,59400000,59400000,12568,20946,59490000,20846
9,661,59490000,59490000,12568,20946,59580000,20880
9,662,59580000,59580000,12568,20946,59670000,20910
9,663,59670000,59670000,12568,20946,59760000,20943
9,664,59760000,59760000,12568,20946,59850000,20974
9,665,59850000,59850000,12568,20946,59940000,21007
9,666,59940000,59940000,12568,20946,60030000,21036
9,667,60030000,60030000,12568,20946,60120000,21069
9,668,60120000,60120000,12568,20946,60210000,21099
9,669,60210000,60210000,12568,20946,60300000,21133
9,67,6030000,6030000,12568,20946,6120000,2143
9,670,60300000,60300000,12568,20946,60390000,21162
9,671,60390000,60390000,12568,20946,60480000,21196
9,672,60480000,60480000,12568,20946,60570000,21225
9,673,60570000,60570000,12568,20946,60660000,21258
9,674,60660000,60660000,12568,20946,60750000,21288
9,675,60750000,60750000,12568,20946,60840000,21322
9,676,60840000,60840000,12568,20946,60930000,21351
9,677,60930000,60930000,12568,20946,61020000,21384
9,678,61020000,61020000,12568,20946,61110000,21414
9,679,61110000,61110000,12568,20946,61200000,21449
9,68,6120000,6120000,12568,20946,6210000,2172
9,680,61200000,61200000,12568,20946,61290000,21478
9,681,61290000,61290000,12568,20946,61380000,21511
9,682,61380000,61380000,12568,20946,61470000,21541
9,683,61470000,61470000,12568,20946,61560000,21574
9,684,61560000,61560000,12568,20946,61650000,21604
9,685,61650000,61650000,12568,20946,61740000,21638
9,686,61740000,61740000,12568,20946,61830000,21667
9,687,61830000,61830000,12568,20946,61920000,21700
9,688,61920000,61920000,12568,20946,62010000,21729
9,689,62010000,62010000,12568,20946,62100000,21764
9,69,6210000,6210000,12568,20946,6300000,2207
9,690,62100000,62100000,12568,20946,62190000,21793
9,691,62190000,62190000,12568,20946,62280000,21826
9,692,62280000,62280000,12568,20946,62370000,21856
9,693,62370000,62370000,12568,20946,62460000,21889
9,694,62460000,62460000,12568,20946,62550000,21919
9,695,62550000,62550000,12568,20946,62640000,21952
9,696,62640000,62640000,12568,20946,62730000,21983
9,697,62730000,62730000,12568,20946,62820000,22016
9,698,62820000,62820000,12568,20946,62910000,22045
9,699,62910000,62910000,12568,20946,63000000,22080
9,7,630000,630000,12568,20946,720000,250
9,70,6300000,6300000,12568,20946,6390000,2236
9,700,63000000,63000000,12568,20946,63090000,22109
9,701,63090000,63090000,12568,20946,63180000,22142
9,702,63180000,63180000,12568,20946,63270000,22171
9,703,63270000,63270000,12568,20946,63360000,22205
9,704,63360000,63360000,12568,20946,63450000,22235
9,705,63450000,63450000,12568,20946,63540000,22268
9,706,63540000,63540000,12568,20946,63630000,22298
9,707,63630000,63630000,12568,20946,63720000,22331
9,708,63720000,63720000,12568,20946,63810000,22360
9,709,63810000,63810000,12568,20946,63900000,22394
9,71,6390000,6390000,12568,20946,6480000,2269
9,710,63900000,63900000,12568,20946,63990000,22424
9,711,63990000,63990000,12568,20946,64080000,22457
9,712,64080000,64080000,12568,20946,64170000,22486
9,713,64170000,64170000,12568,20946,64260000,22521
9,714,64260000,64260000,12568,20946,64350000,22551
9,715,64350000,64350000,12568,20946,64440000,22584
9,716,64440000,64440000,12568,20946,64530000,22613
9,717,64530000,64530000,12568,20946,64620000,22647
9,718,64620000,64620000,12568,20946,64710000,22676
9,719,64710000,64710000,12568,20946,64800000,22710
9,72,6480000,6480000,12568,20946,6570000,2298
9,720,64800000,64800000,12568,20946,64890000,22740
9,721,64890000,64890000,12568,20946,64980000,22773
9,722,64980000,64980000,12568,20946,65070000,22802
9,723,65070000,65070000,12568,20946,65160000,22835
9,724,65160000,65160000,12568,20946,65250000,22866
9,725,65250000,65250000,12568,20946,65340000,22899
9,726,65340000,65340000,12568,20946,65430000,22928
9,727,65430000,65430000,12568,20946,65520000,22962
9,728,65520000,65520000,12568,20946,65610000,22991
9,729,65610000,65610000,12568,20946,65700000,23025
9,73,6570000,6570000,12568,20946,6660000,2332
9,730,65700000,65700000,12568,20946,65790000,23055
9,731,65790000,65790000,12568,20946,65880000,23089
9,732,65880000,65880000,12568,20946,65970000,23118
9,733,65970000,65970000,12568,20946,66060000,23151
9,734,66060000,66060000,12568,20946,66150000,23182
9,735,66150000,66150000,12568,20946,66240000,23215
9,736,66240000,66240000,12568,20946,66330000,23244
9,737,66330000,66330000,12568,20946,66420000,23277
9,738,66420000,66420000,12568,20946,66510000,23307
9,739,66510000,66510000,12568,20946,66600000,23341
9,74,6660000,6660000,12568,20946,6750000,2362
9,740,66600000,66600000,12568,20946,66690000,23370
9,741,66690000,66690000,12568,20946,66780000,23404
9,742,66780000,66780000,12568,20946,66870000,23433
9,743,66870000,66870000,12568,20946,66960000,23466
9,744,66960000,66960000,12568,20946,67050000,23496
9,745,67050000,67050000,12568,20946,67140000,23530
9,746,67140000,67140000,12568,20946,67230000,23559
9,747,67230000,67230000,12568,20946,67320000,23593
9,748,67320000,67320000,12568,20946,67410000,23623
9,749,67410000,67410000,12568,20946,67500000,23657
9,75,6750000,6750000,12568,20946,6840000,2395
9,750,67500000,67500000,12568,20946,67590000,23686
9,751,67590000,67590000,12568,20946,67680000,23719
9,752,67680000,67680000,12568,20946,67770000,23749
9,753,67770000,67770000,12568,20946,67860000,23782
9,754,67860000,67860000,12568,20946,67950000,23812
9,755,67950000,67950000,12568,20946,68040000,23846
9,756,68040000,68040000,12568,20946,68130000,23875
9,757,68130000,68130000,12568,20946,68220000,23908
9,758,68220000,68220000,12568,20946,68310000,23937
9,759,68310000,68310000,12568,20946,68400000,23972
9,76,6840000,6840000,12568,20946,6930000,2425
9,760,68400000,68400000,12568,20946,68490000,24001
9,761,68490000,68490000,12568,20946,68580000,24034
9,762,68580000,68580000,12568,20946,68670000,24064
9,763,68670000,68670000,12568,20946,68760000,24097
9,764,68760000,68760000,12568,20946,68850000,24128
9,765,68850000,68850000,12568,20946,68940000,24161
9,766,68940000,68940000,12568,20946,69030000,24191
9,767,69030000,69030000,12568,20946,69120000,24224
9,768,69120000,69120000,12568,20946,69210000,24253
9,769,69210000,69210000,12568,20946,69300000,24288
9,77,6930000,6930000,12568,20946,7020000,2458
9,770,69300000,69300000,12568,20946,69390000,24317
9,771,69390000,69390000,12568,20946,69480000,24350
9,772,69480000,69480000,12568,20946,69570000,24379
9,773,69570000,69570000,12568,20946,69660000,24413
9,774,69660000,69660000,12568,20946,69750000,24443
9,775,69750000,69750000,12568,20946,69840000,24476
9,776,69840000,69840000,12568,20946,69930000,24506
9,777,69930000,69930000,12568,20946,70020000,24539
9,778,70020000,70020000,12568,20946,70110000,24568
9,779,70110000,70110000,12568,20946,70200000,24602
9,78,7020000,7020000,12568,20946,7110000,2487
9,780,70200000,70200000,12568,20946,70290000,24632
9,781,70290000,70290000,12568,20946,70380000,24666
9,782,70380000,70380000,12568,20946,70470000,24695
9,783,70470000,70470000,12568,20946,70560000,24729
9,784,70560000,70560000,12568,20946,70650000,24759
9,785,70650000,70650000,12568,20946,70740000,24792
9,786,70740000,70740000,12568,20946,70830000,24821
9,787,70830000,70830000,12568,20946,70920000,24855
9,788,70920000,70920000,12568,20946,71010000,24884
9,789,71010000,71010000,12568,20946,71100000,24918
9,79,7110000,7110000,12568,20946,7200000,2521
9,790,71100000,71100000,12568,20946,71190000,24948
9,791,71190000,71190000,12568,20946,71280000,24981
9,792,71280000,71280000,12568,20946,71370000,25010
9,793,71370000,71370000,12568,20946,71460000,25043
9,794,71460000,71460000,12568,20946,71550000,25074
9,795,71550000,71550000,12568,20946,71640000,25107
9,796,71640000,71640000,12568,20946,71730000,25136
9,797,71730000,71730000,12568,20946,71820000,25170
9,798,71820000,71820000,12568,20946,71910000,25200
9,799,71910000,71910000,12568,20946,72000000,25234
9,8,720000,720000,12568,20946,810000,279
9,80,7200000,7200000,12568,20946,7290000,2551
9,800,72000000,72000000,12568,20946,72090000,25263
9,801,72090000,72090000,12568,20946,72180000,25297
9,802,72180000,72180000,12568,20946,72270000,25326
9,803,72270000,72270000,12568,20946,72360000,25359
9,804,72360000,72360000,12568,20946,72450000,25390
9,805,72450000,72450000,12568,20946,72540000,25423
9,806,72540000,72540000,12568,20946,72630000,25452
9,807,72630000,72630000,12568,20946,72720000,25485
9,808,72720000,72720000,12568,20946,72810000,25515
9,809,72810000,72810000,12568,20946,72900000,25549
9,81,7290000,7290000,12568,20946,7380000,2584
9,810,72900000,72900000,12568,20946,72990000,25578
9,811,72990000,72990000,12568,20946,73080000,25612
9,812,73080000,73080000,12568,20946,73170000,25641
9,813,73170000,73170000,12568,20946,73260000,25674
9,814,73260000,73260000,12568,20946,73350000,25704
9,815,73350000,73350000,12568,20946,73440000,25739
9,816,73440000,73440000,12568,20946,73530000,25768
9,817,73530000,73530000,12568,20946,73620000,25801
9,818,73620000,73620000,12568,20946,73710000,25831
9,819,73710000,73710000,12568,20946,73800000,25865
9,82,7380000,7380000,12568,20946,7470000,2613
9,820,73800000,73800000,12568,20946,73890000,25894
9,821,73890000,73890000,12568,20946,73980000,25927
9,822,73980000,73980000,12568,20946,74070000,25957
9,823,74070000,74070000,12568,20946,74160000,25990
9,824,74160000,74160000,12568,20946,74250000,26020
9,825,74250000,74250000,12568,20946,74340000,26054
9,826,74340000,74340000,12568,20946,74430000,26083
9,827,74430000,74430000,12568,20946,74520000,26116
9,828,74520000,74520000,12568,20946,74610000,26145
9,829,74610000,74610000,12568,20946,74700000,26180
9,83,7470000,7470000,12568,20946,7560000,2647
9,830,74700000,74700000,12568,20946,74790000,26209
9,831,74790000,74790000,12568,20946,74880000,26242
9,832,74880000,74880000,12568,20946,74970000,26273
9,833,74970000,74970000,12568,20946,75060000,26306
9,834,75060000,75060000,12568,20946,75150000,26336
9,835,75150000,75150000,12568,20946,75240000,26369
9,836,75240000,75240000,12568,20946,75330000,26399
9,837,75330000,75330000,12568,20946,75420000,26432
9,838,75420000,75420000,12568,20946,75510000,26461
9,839,75510000,75510000,12568,20946,75600000,26496
9,84,7560000,7560000,12568,20946,7650000,2678
9,840,75600000,75600000,12568,20946,75690000,26525
9,841,75690000,75690000,12568,20946,75780000,26558
9,842,75780000,75780000,12568,20946,75870000,26587
9,843,75870000,75870000,12568,20946,75960000,26621
9,844,75960000,75960000,12568,20946,76050000,26651
9,845,76050000,76050000,12568,20946,76140000,26684
9,846,76140000,76140000,12568,20946,76230000,26714
9,847,76230000,76230000,12568,20946,76320000,26747
9,848,76320000,76320000,12568,20946,76410000,26776
9,849,76410000,76410000,12568,20946,76500000,26811
9,85,7650000,7650000,12568,20946,7740000,2711
9,850,76500000,76500000,12568,20946,76590000,26841
9,851,76590000,76590000,12568,20946,76680000,26874
9,852,76680000,76680000,12568,20946,76770000,26903
9,853,76770000,76770000,12568,20946,76860000,26937
9,854,76860000,76860000,12568,20946,76950000,26967
9,855,76950000,76950000,12568,20946,77040000,27000
9,856,77040000,77040000,12568,20946,77130000,27029
9,857,77130000,77130000,12568,20946,77220000,27063
9,858,77220000,77220000,12568,20946,77310000,27092
9,859,77310000,77310000,12568,20946,77400000,27126
9,86,7740000,7740000,12568,20946,7830000,2740
9,860,77400000,77400000,12568,20946,77490000,27156
9,861,77490000,77490000,12568,20946,77580000,27189
9,862,77580000,77580000,12568,20946,77670000,27218
9,863,77670000,77670000,12568,20946,77760000,27251
9,864,77760000,77760000,12568,20946,77850000,27282
9,865,77850000,77850000,12568,20946,77940000,27315
9,866,77940000,77940000,12568,20946,78030000,27345
9,867,78030000,78030000,12568,20946,78120000,27379
9,868,78120000,78120000,12568,20946,78210000,27408
9,869,78210000,78210000,12568,20946,78300000,27442
9,87,7830000,7830000,12568,20946,7920000,2774
9,870,78300000,78300000,12568,20946,78390000,27471
9,871,78390000,78390000,12568,20946,78480000,27505
9,872,78480000,78480000,12568,20946,78570000,27534
9,873,78570000,78570000,12568,20946,78660000,27567
9,874,78660000,78660000,12568,20946,78750000,27598
9,875,78750000,78750000,12568,20946,78840000,27631
9,876,78840000,78840000,12568,20946,78930000,27660
9,877,78930000,78930000,12568,20946,79020000,27693
9,878,79020000,79020000,12568,20946,79110000,27723
9,879,79110000,79110000,12568,20946,79200000,27757
9,88,7920000,7920000,12568,20946,8010000,2803
9,880,79200000,79200000,12568,20946,79290000,27786
9,881,79290000,79290000,12568,20946,79380000,27820
9,882,79380000,79380000,12568,20946,79470000,27849
9,883,79470000,79470000,12568,20946,79560000,27883
9,884,79560000,79560000,12568,20946,79650000,27913
9,885,79650000,79650000,12568,20946,79740000,27947
9,886,79740000,79740000,12568,20946,79830000,27976
9,887,79830000,79830000,12568,20946,79920000,28009
9,888,79920000,79920000,12568,20946,80010000,28039
9,889,80010000,80010000,12568,20946,80100000,28073
9,89,8010000,8010000,12568,20946,8100000,2837
9,890,80100000,80100000,12568,20946,80190000,28102
9,891,80190000,80190000,12568,20946,80280000,28135
9,892,80280000,80280000,12568,20946,80370000,28165
9,893,80370000,80370000,12568,20946,80460000,28198
9,894,80460000,80460000,12568,20946,80550000,28228
9,895,80550000,80550000,12568,20946,80640000,28262
9,896,80640000,80640000,12568,20946,80730000,28291
9,897,80730000,80730000,12568,20946,80820000,28324
9,898,80820000,80820000,12568,20946,80910000,28353
9,899,80910000,80910000,12568,20946,81000000,28388
9,9,810000,810000,12568,20946,900000,313
9,90,8100000,8100000,12568,20946,8190000,2867
9,900,81000000,81000000,12568,20946,81090000,28418
9,901,81090000,81090000,12568,20946,81180000,28451
9,902,81180000,81180000,12568,20946,81270000,28481
9,903,81270000,81270000,12568,20946,81360000,28514
9,904,81360000,81360000,12568,20946,81450000,28544
9,905,81450000,81450000,12568,20946,81540000,28577
9,906,81540000,81540000,12568,20946,81630000,28607
9,907,81630000,81630000,12568,20946,81720000,28640
9,908,81720000,81720000,12568,20946,81810000,28669
9,909,81810000,81810000,12568,20946,81900000,28704
9,91,8190000,8190000,12568,20946,8280000,2900
9,910,81900000,81900000,12568,20946,81990000,28733
9,911,81990000,81990000,12568,20946,82080000,28766
9,912,82080000,82080000,12568,20946,82170000,28795
9,913,82170000,82170000,12568,20946,82260000,28829
9,914,82260000,82260000,12568,20946,82350000,28859
9,915,82350000,82350000,12568,20946,82440000,28892
9,916,82440000,82440000,12568,20946,82530000,28922
9,917,82530000,82530000,12568,20946,82620000,28956
9,918,82620000,82620000,12568,20946,82710000,28985
9,919,82710000,82710000,12568,20946,82800000,29019
9,92,8280000,8280000,12568,20946,8370000,2929
9,920,82800000,82800000,12568,20946,82890000,29049
9,921,82890000,82890000,12568,20946,82980000,29082
9,922,82980000,82980000,12568,20946,83070000,29111
9,923,83070000,83070000,12568,20946,83160000,29145
9,924,83160000,83160000,12568,20946,83250000,29175
9,925,83250000,83250000,12568,20946,83340000,29208
9,926,83340000,83340000,12568,20946,83430000,29237
9,927,83430000,83430000,12568,20946,83520000,29271
9,928,83520000,83520000,12568,20946,83610000,29300
9,929,83610000,83610000,12568,20946,83700000,29334
9,93,8370000,8370000,12568,20946,8460000,2962
9,930,83700000,83700000,12568,20946,83790000,29364
9,931,83790000,83790000,12568,20946,83880000,29397
9,932,83880000,83880000,12568,20946,83970000,29426
9,933,83970000,83970000,12568,20946,84060000,29459
9,934,84060000,84060000,12568,20946,84150000,29491
9,935,84150000,84150000,12568,20946,84240000,29524
9,936,84240000,84240000,12568,20946,84330000,29553
9,937,84330000,84330000,12568,20946,84420000,29587
9,938,84420000,84420000,12568,20946,84510000,29616
9,939,84510000,84510000,12568,20946,84600000,29650
9,94,8460000,8460000,12568,20946,8550000,2993
9,940,84600000,84600000,12568,20946,84690000,29679
9,941,84690000,84690000,12568,20946,84780000,29713
9,942,84780000,84780000,12568,20946,84870000,29742
9,943,84870000,84870000,12568,20946,84960000,29775
9,944,84960000,84960000,12568,20946,85050000,29806
9,945,85050000,85050000,12568,20946,85140000,29839
9,946,85140000,85140000,12568,20946,85230000,29868
9,947,85230000,85230000,12568,20946,85320000,29901
9,948,85320000,85320000,12568,20946,85410000,29931
9,949,85410000,85410000,12568,20946,85500000,29965
9,95,8550000,8550000,12568,20946,8640000,3026
9,950,85500000,85500000,12568,20946,85590000,29994
9,951,85590000,85590000,12568,20946,85680000,30029
9,952,85680000,85680000,12568,20946,85770000,30058
9,953,85770000,85770000,12568,20946,85860000,30091
9,954,85860000,85860000,12568,20946,85950000,30121
9,955,85950000,85950000,12568,20946,86040000,30155
9,956,86040000,86040000,12568,20946,86130000,30184
9,957,86130000,86130000,12568,20946,86220000,30217
9,958,86220000,86220000,12568,20946,86310000,30247
9,959,86310000,86310000,12568,20946,86400000,30281
9,96,8640000,8640000,12568,20946,8730000,3055
9,960,86400000,86400000,12568,20946,86490000,30310
9,961,86490000,86490000,12568,20946,86580000,30343
9,962,86580000,86580000,12568,20946,86670000,30373
9,963,86670000,86670000,12568,20946,86760000,30406
9,964,86760000,86760000,12568,20946,86850000,30436
9,965,86850000,86850000,12568,20946,86940000,30470
9,966,86940000,86940000,12568,20946,87030000,30499
9,967,87030000,87030000,12568,20946,87120000,30532
9,968,87120000,87120000,12568,20946,87210000,30562
9,969,87210000,87210000,12568,20946,87300000,30597
9,97,8730000,8730000,12568,20946,8820000,3089
9,970,87300000,87300000,12568,20946,87390000,30626
9,971,87390000,87390000,12568,20946,87480000,30659
9,972,87480000,87480000,12568,20946,87570000,30689
9,973,87570000,87570000,12568,20946,87660000,30722
9,974,87660000,87660000,12568,20946,87750000,30752
9,975,87750000,87750000,12568,20946,87840000,30785
9,976,87840000,87840000,12568,20946,87930000,30815
9,977,87930000,87930000,12568,20946,88020000,30848
9,978,88020000,88020000,12568,20946,88110000,30877
9,979,88110000,88110000,12568,20946,88200000,30912
9,98,8820000,8820000,12568,20946,8910000,3118
9,980,88200000,88200000,12568,20946,88290000,30941
9,981,88290000,88290000,12568,20946,88380000,30974
9,982,88380000,88380000,12568,20946,88470000,31003
9,983,88470000,88470000,12568,20946,88560000,31037
9,984,88560000,88560000,12568,20946,88650000,31067
9,985,88650000,88650000,12568,20946,88740000,31101
9,986,88740000,88740000,12568,20946,88830000,31131
9,987,88830000,88830000,12568,20946,88920000,31164
9,988,88920000,88920000,12568,20946,89010000,31193
9,989,89010000,89010000,12568,20946,89100000,31227
9,99,8910000,8910000,12568,20946,9000000,3152
9,990,89100000,89100000,12568,20946,89190000,31257
9,991,89190000,89190000,12568,20946,89280000,31290
9,992,89280000,89280000,12568,20946,89370000,31319
9,993,89370000,89370000,12568,20946,89460000,31353
9,994,89460000,89460000,12568,20946,89550000,31383
9,995,89550000,89550000,12568,20946,89640000,31416
9,996,89640000,89640000,12568,20946,89730000,31445
9,997,89730000,89730000,12568,20946,89820000,31479
9,998,89820000,89820000,12568,20946,89910000,31508
9,999,89910000,89910000,12568,20946,90000000,31542
