Task ID,Job ID,Arrival min,Arrival max,Cost min,Cost max,Deadline,Priority
0,0,0,500,1203,2004,10000,0
0,1,10000,10500,1203,2004,20000,5
0,10,100000,100500,1203,2004,110000,55
0,11,110000,110500,1203,2004,120000,57
0,12,120000,120500,1203,2004,130000,66
0,13,130000,130500,1203,2004,140000,71
0,14,140000,140500,1203,2004,150000,74
0,15,150000,150500,1203,2004,160000,82
0,16,160000,160500,1203,2004,170000,88
0,17,170000,170500,1203,2004,180000,91
0,18,180000,180500,1203,2004,190000,99
0,19,190000,190500,1203,2004,200000,104
0,2,20000,20500,1203,2004,30000,9
0,20,200000,200500,1203,2004,210000,108
0,21,210000,210500,1203,2004,220000,114
0,22,220000,220500,1203,2004,230000,122
0,23,230000,230500,1203,2004,240000,124
0,24,240000,240500,1203,2004,250000,132
0,25,250000,250500,1203,2004,260000,138
0,26,260000,260500,1203,2004,270000,141
0,27,270000,270500,1203,2004,280000,148
0,28,280000,280500,1203,2004,290000,154
0,29,290000,290500,1203,2004,300000,156
0,3,30000,30500,1203,2004,40000,15
0,4,40000,40500,1203,2004,50000,21
0,5,50000,50500,1203,2004,60000,24
0,6,60000,60500,1203,2004,70000,32
0,7,70000,70500,1203,2004,80000,39
0,8,80000,80500,1203,2004,90000,42
0,9,90000,90500,1203,2004,100000,48
1,0,0,500,2165,3607,10000,1
1,1,10000,10500,2165,3607,20000,6
1,10,100000,100500,2165,3607,110000,56
1,11,110000,110500,2165,3607,120000,58
1,12,120000,120500,2165,3607,130000,67
1,13,130000,130500,2165,3607,140000,72
1,14,140000,140500,2165,3607,150000,75
1,15,150000,150500,2165,3607,160000,83
1,16,160000,160500,2165,3607,170000,89
1,17,170000,170500,2165,3607,180000,92
1,18,180000,180500,2165,3607,190000,100
1,19,190000,190500,2165,3607,200000,105
1,2,20000,20500,2165,3607,30000,10
1,20,200000,200500,2165,3607,210000,109
1,21,210000,210500,2165,3607,220000,115
1,22,220000,220500,2165,3607,230000,123
1,23,230000,230500,2165,3607,240000,125
1,24,240000,240500,2165,3607,250000,133
1,25,250000,250500,2165,3607,260000,139
1,26,260000,260500,2165,3607,270000,142
1,27,270000,270500,2165,3607,280000,149
1,28,280000,280500,2165,3607,290000,155
1,29,290000,290500,2165,3607,300000,157
1,3,30000,30500,2165,3607,40000,16
1,4,40000,40500,2165,3607,50000,22
1,5,50000,50500,2165,3607,60000,25
1,6,60000,60500,2165,3607,70000,33
1,7,70000,70500,2165,3607,80000,40
1,8,80000,80500,2165,3607,90000,43
1,9,90000,90500,2165,3607,100000,49
2,0,0,750,1107,1845,15000,2
2,1,15000,15750,1107,1845,30000,11
2,10,150000,150750,1107,1845,165000,85
2,11,165000,165750,1107,1845,180000,93
2,12,180000,180750,1107,1845,195000,101
2,13,195000,195750,1107,1845,210000,110
2,14,210000,210750,1107,1845,225000,117
2,15,225000,225750,1107,1845,240000,126
2,16,240000,240750,1107,1845,255000,135
2,17,255000,255750,1107,1845,270000,143
2,18,270000,270750,1107,1845,285000,151
2,19,285000,285750,1107,1845,300000,158
2,2,30000,30750,1107,1845,45000,18
2,3,45000,45750,1107,1845,60000,26
2,4,60000,60750,1107,1845,75000,34
2,5,75000,75750,1107,1845,90000,44
2,6,90000,90750,1107,1845,105000,52
2,7,105000,105750,1107,1845,120000,59
2,8,120000,120750,1107,1845,135000,68
2,9,135000,135750,1107,1845,150000,76
3,0,0,750,1617,2694,15000,3
3,1,15000,15750,1617,2694,30000,12
3,10,150000,150750,1617,2694,165000,86
3,11,165000,165750,1617,2694,180000,94
3,12,180000,180750,1617,2694,195000,102
3,13,195000,195750,1617,2694,210000,111
3,14,210000,210750,1617,2694,225000,118
3,15,225000,225750,1617,2694,240000,127
3,16,240000,240750,1617,2694,255000,136
3,17,255000,255750,1617,2694,270000,144
3,18,270000,270750,1617,2694,285000,152
3,19,285000,285750,1617,2694,300000,159
3,2,30000,30750,1617,2694,45000,19
3,3,45000,45750,1617,2694,60000,27
3,4,60000,60750,1617,2694,75000,35
3,5,75000,75750,1617,2694,90000,45
3,6,90000,90750,1617,2694,105000,53
3,7,105000,105750,1617,2694,120000,60
3,8,120000,120750,1617,2694,135000,69
3,9,135000,135750,1617,2694,150000,77
4,0,0,750,920,1532,15000,4
4,1,15000,15750,920,1532,30000,13
4,10,150000,150750,920,1532,165000,87
4,11,165000,165750,920,1532,180000,95
4,12,180000,180750,920,1532,195000,103
4,13,195000,195750,920,1532,210000,112
4,14,210000,210750,920,1532,225000,119
4,15,225000,225750,920,1532,240000,128
4,16,240000,240750,920,1532,255000,137
4,17,255000,255750,920,1532,270000,145
4,18,270000,270750,920,1532,285000,153
4,19,285000,285750,920,1532,300000,160
4,2,30000,30750,920,1532,45000,20
4,3,45000,45750,920,1532,60000,28
4,4,60000,60750,920,1532,75000,36
4,5,75000,75750,920,1532,90000,46
4,6,90000,90750,920,1532,105000,54
4,7,105000,105750,920,1532,120000,61
4,8,120000,120750,920,1532,135000,70
4,9,135000,135750,920,1532,150000,78
5,0,0,1000,1826,3042,20000,7
5,1,20000,21000,1826,3042,40000,17
5,10,200000,201000,1826,3042,220000,116
5,11,220000,221000,1826,3042,240000,129
5,12,240000,241000,1826,3042,260000,140
5,13,260000,261000,1826,3042,280000,150
5,14,280000,281000,1826,3042,300000,161
5,2,40000,41000,1826,3042,60000,29
5,3,60000,61000,1826,3042,80000,41
5,4,80000,81000,1826,3042,100000,50
5,5,100000,101000,1826,3042,120000,62
5,6,120000,121000,1826,3042,140000,73
5,7,140000,141000,1826,3042,160000,84
5,8,160000,161000,1826,3042,180000,96
5,9,180000,181000,1826,3042,200000,106
6,0,0,1250,899,1497,25000,8
6,1,25000,26250,899,1497,50000,23
6,10,250000,251250,899,1497,275000,147
6,11,275000,276250,899,1497,300000,162
6,2,50000,51250,899,1497,75000,37
6,3,75000,76250,899,1497,100000,51
6,4,100000,101250,899,1497,125000,65
6,5,125000,126250,899,1497,150000,79
6,6,150000,151250,899,1497,175000,90
6,7,175000,176250,899,1497,200000,107
6,8,200000,201250,899,1497,225000,120
6,9,225000,226250,899,1497,250000,134
7,0,0,1500,4407,7345,30000,14
7,1,30000,31500,4407,7345,60000,30
7,2,60000,61500,4407,7345,90000,47
7,3,90000,91500,4407,7345,120000,63
7,4,120000,121500,4407,7345,150000,80
7,5,150000,151500,4407,7345,180000,97
7,6,180000,181500,4407,7345,210000,113
7,7,210000,211500,4407,7345,240000,130
7,8,240000,241500,4407,7345,270000,146
7,9,270000,271500,4407,7345,300000,163
8,0,0,3000,3048,5080,60000,31
8,1,60000,63000,3048,5080,120000,64
8,2,120000,123000,3048,5080,180000,98
8,3,180000,183000,3048,5080,240000,131
8,4,240000,243000,3048,5080,300000,164
9,0,0,3750,4175,6958,75000,38
9,1,75000,78750,4175,6958,150000,81
9,2,150000,153750,4175,6958,225000,121
9,3,225000,228750,4175,6958,300000,165
