Task ID,Job ID,Arrival min,Arrival max,Cost min,Cost max,Deadline,Priority
0,0,0,750,195,324,15000,0
0,1,15000,15750,195,324,30000,4
0,10,150000,150750,195,324,165000,60
0,11,165000,165750,195,324,180000,63
0,12,180000,180750,195,324,195000,71
0,13,195000,195750,195,324,210000,77
0,14,210000,210750,195,324,225000,82
0,15,225000,225750,195,324,240000,88
0,16,240000,240750,195,324,255000,95
0,17,255000,255750,195,324,270000,99
0,18,270000,270750,195,324,285000,109
0,19,285000,285750,195,324,300000,112
0,2,30000,30750,195,324,45000,11
0,20,300000,300750,195,324,315000,117
0,21,315000,315750,195,324,330000,126
0,22,330000,330750,195,324,345000,131
0,23,345000,345750,195,324,360000,134
0,3,45000,45750,195,324,60000,17
0,4,60000,60750,195,324,75000,22
0,5,75000,75750,195,324,90000,28
0,6,90000,90750,195,324,105000,36
0,7,105000,105750,195,324,120000,39
0,8,120000,120750,195,324,135000,46
0,9,135000,135750,195,324,150000,53
1,0,0,750,5580,9300,15000,1
1,1,15000,15750,5580,9300,30000,5
1,10,150000,150750,5580,9300,165000,61
1,11,165000,165750,5580,9300,180000,64
1,12,180000,180750,5580,9300,195000,72
1,13,195000,195750,5580,9300,210000,78
1,14,210000,210750,5580,9300,225000,83
1,15,225000,225750,5580,9300,240000,89
1,16,240000,240750,5580,9300,255000,96
1,17,255000,255750,5580,9300,270000,100
1,18,270000,270750,5580,9300,285000,110
1,19,285000,285750,5580,9300,300000,113
1,2,30000,30750,5580,9300,45000,12
1,20,300000,300750,5580,9300,315000,118
1,21,315000,315750,5580,9300,330000,127
1,22,330000,330750,5580,9300,345000,132
1,23,345000,345750,5580,9300,360000,135
1,3,45000,45750,5580,9300,60000,18
1,4,60000,60750,5580,9300,75000,23
1,5,75000,75750,5580,9300,90000,29
1,6,90000,90750,5580,9300,105000,37
1,7,105000,105750,5580,9300,120000,40
1,8,120000,120750,5580,9300,135000,47
1,9,135000,135750,5580,9300,150000,54
2,0,0,750,4916,8193,15000,2
2,1,15000,15750,4916,8193,30000,6
2,10,150000,150750,4916,8193,165000,62
2,11,165000,165750,4916,8193,180000,65
2,12,180000,180750,4916,8193,195000,73
2,13,195000,195750,4916,8193,210000,79
2,14,210000,210750,4916,8193,225000,84
2,15,225000,225750,4916,8193,240000,90
2,16,240000,240750,4916,8193,255000,97
2,17,255000,255750,4916,8193,270000,101
2,18,270000,270750,4916,8193,285000,111
2,19,285000,285750,4916,8193,300000,114
2,2,30000,30750,4916,8193,45000,13
2,20,300000,300750,4916,8193,315000,119
2,21,315000,315750,4916,8193,330000,128
2,22,330000,330750,4916,8193,345000,133
2,23,345000,345750,4916,8193,360000,136
2,3,45000,45750,4916,8193,60000,19
2,4,60000,60750,4916,8193,75000,24
2,5,75000,75750,4916,8193,90000,30
2,6,90000,90750,4916,8193,105000,38
2,7,105000,105750,4916,8193,120000,41
2,8,120000,120750,4916,8193,135000,48
2,9,135000,135750,4916,8193,150000,55
3,0,0,1000,2664,4440,20000,3
3,1,20000,21000,2664,4440,40000,8
3,10,200000,201000,2664,4440,220000,81
3,11,220000,221000,2664,4440,240000,91
3,12,240000,241000,2664,4440,260000,98
3,13,260000,261000,2664,4440,280000,106
3,14,280000,281000,2664,4440,300000,115
3,15,300000,301000,2664,4440,320000,123
3,16,320000,321000,2664,4440,340000,130
3,17,340000,341000,2664,4440,360000,137
3,2,40000,41000,2664,4440,60000,20
3,3,60000,61000,2664,4440,80000,25
3,4,80000,81000,2664,4440,100000,35
3,5,100000,101000,2664,4440,120000,42
3,6,120000,121000,2664,4440,140000,52
3,7,140000,141000,2664,4440,160000,57
3,8,160000,161000,2664,4440,180000,66
3,9,180000,181000,2664,4440,200000,74
4,0,0,1500,12852,21419,30000,7
4,1,30000,31500,12852,21419,60000,21
4,10,300000,301500,12852,21419,330000,129
4,11,330000,331500,12852,21419,360000,138
4,2,60000,61500,12852,21419,90000,31
4,3,90000,91500,12852,21419,120000,43
4,4,120000,121500,12852,21419,150000,56
4,5,150000,151500,12852,21419,180000,67
4,6,180000,181500,12852,21419,210000,80
4,7,210000,211500,12852,21419,240000,92
4,8,240000,241500,12852,21419,270000,102
4,9,270000,271500,12852,21419,300000,116
5,0,0,2000,16391,27318,40000,9
5,1,40000,42000,16391,27318,80000,26
5,2,80000,82000,16391,27318,120000,44
5,3,120000,122000,16391,27318,160000,58
5,4,160000,162000,16391,27318,200000,75
5,5,200000,202000,16391,27318,240000,93
5,6,240000,242000,16391,27318,280000,107
5,7,280000,282000,16391,27318,320000,124
5,8,320000,322000,16391,27318,360000,139
6,0,0,2000,9823,16371,40000,10
6,1,40000,42000,9823,16371,80000,27
6,2,80000,82000,9823,16371,120000,45
6,3,120000,122000,9823,16371,160000,59
6,4,160000,162000,9823,16371,200000,76
6,5,200000,202000,9823,16371,240000,94
6,6,240000,242000,9823,16371,280000,108
6,7,280000,282000,9823,16371,320000,125
6,8,320000,322000,9823,16371,360000,140
7,0,0,2250,5568,9280,45000,14
7,1,45000,47250,5568,9280,90000,32
7,2,90000,92250,5568,9280,135000,49
7,3,135000,137250,5568,9280,180000,68
7,4,180000,182250,5568,9280,225000,85
7,5,225000,227250,5568,9280,270000,103
7,6,270000,272250,5568,9280,315000,120
7,7,315000,317250,5568,9280,360000,141
8,0,0,2250,6154,10256,45000,15
8,1,45000,47250,6154,10256,90000,33
8,2,90000,92250,6154,10256,135000,50
8,3,135000,137250,6154,10256,180000,69
8,4,180000,182250,6154,10256,225000,86
8,5,225000,227250,6154,10256,270000,104
8,6,270000,272250,6154,10256,315000,121
8,7,315000,317250,6154,10256,360000,142
9,0,0,2250,9446,15743,45000,16
9,1,45000,47250,9446,15743,90000,34
9,2,90000,92250,9446,15743,135000,51
9,3,135000,137250,9446,15743,180000,70
9,4,180000,182250,9446,15743,225000,87
9,5,225000,227250,9446,15743,270000,105
9,6,270000,272250,9446,15743,315000,122
9,7,315000,317250,9446,15743,360000,143
