Task ID,Job ID,Arrival min,Arrival max,Cost min,Cost max,Deadline,Priority
0,0,0,0,132,219,10000,0
0,1,10000,10000,132,219,20000,2
0,10,100000,100000,132,219,110000,36
0,100,1000000,1000000,132,219,1010000,371
0,1000,10000000,10000000,132,219,10010000,3726
0,1001,10010000,10010000,132,219,10020000,3730
0,1002,10020000,10020000,132,219,10030000,3734
0,1003,10030000,10030000,132,219,10040000,3736
0,1004,10040000,10040000,132,219,10050000,3740
0,1005,10050000,10050000,132,219,10060000,3745
0,1006,10060000,10060000,132,219,10070000,3748
0,1007,10070000,10070000,132,219,10080000,3750
0,1008,10080000,10080000,132,219,10090000,3757
0,1009,10090000,10090000,132,219,10100000,3759
0,101,1010000,1010000,132,219,1020000,374
0,1010,10100000,10100000,132,219,10110000,3762
0,1011,10110000,10110000,132,219,10120000,3767
0,1012,10120000,10120000,132,219,10130000,3772
0,1013,10130000,10130000,132,219,10140000,3773
0,1014,10140000,10140000,132,219,10150000,3776
0,1015,10150000,10150000,132,219,10160000,3782
0,1016,10160000,10160000,132,219,10170000,3785
0,1017,10170000,10170000,132,219,10180000,3790
0,1018,10180000,10180000,132,219,10190000,3794
0,1019,10190000,10190000,132,219,10200000,3795
0,102,1020000,1020000,132,219,1030000,378
0,1020,10200000,10200000,132,219,10210000,3801
0,1021,10210000,10210000,132,219,10220000,3803
0,1022,10220000,10220000,132,219,10230000,3807
0,1023,10230000,10230000,132,219,10240000,3811
0,1024,10240000,10240000,132,219,10250000,3815
0,1025,10250000,10250000,132,219,10260000,3820
0,1026,10260000,10260000,132,219,10270000,3823
0,1027,10270000,10270000,132,219,10280000,3826
0,1028,10280000,10280000,132,219,10290000,3829
0,1029,10290000,10290000,132,219,10300000,3834
0,103,1030000,1030000,132,219,1040000,380
0,1030,10300000,10300000,132,219,10310000,3838
0,1031,10310000,10310000,132,219,10320000,3839
0,1032,10320000,10320000,132,219,10330000,3847
0,1033,10330000,10330000,132,219,10340000,3849
0,1034,10340000,10340000,132,219,10350000,3851
0,1035,10350000,10350000,132,219,10360000,3856
0,1036,10360000,10360000,132,219,10370000,3861
0,1037,10370000,10370000,132,219,10380000,3863
0,1038,10380000,10380000,132,219,10390000,3866
0,1039,10390000,10390000,132,219,10400000,3871
0,104,1040000,1040000,132,219,1050000,384
0,1040,10400000,10400000,132,219,10410000,3876
0,1041,10410000,10410000,132,219,10420000,3879
0,1042,10420000,10420000,132,219,10430000,3882
0,1043,10430000,10430000,132,219,10440000,3885
0,1044,10440000,10440000,132,219,10450000,3889
0,1045,10450000,10450000,132,219,10460000,3894
0,1046,10460000,10460000,132,219,10470000,3897
0,1047,10470000,10470000,132,219,10480000,3901
0,1048,10480000,10480000,132,219,10490000,3905
0,1049,10490000,10490000,132,219,10500000,3906
0,105,1050000,1050000,132,219,1060000,391
0,1050,10500000,10500000,132,219,10510000,3914
0,1051,10510000,10510000,132,219,10520000,3916
0,1052,10520000,10520000,132,219,10530000,3919
0,1053,10530000,10530000,132,219,10540000,3924
0,1054,10540000,10540000,132,219,10550000,3926
0,1055,10550000,10550000,132,219,10560000,3929
0,1056,10560000,10560000,132,219,10570000,3935
0,1057,10570000,10570000,132,219,10580000,3940
0,1058,10580000,10580000,132,219,10590000,3941
0,1059,10590000,10590000,132,219,10600000,3944
0,106,1060000,1060000,132,219,1070000,393
0,1060,10600000,10600000,132,219,10610000,3951
0,1061,10610000,10610000,132,219,10620000,3953
0,1062,10620000,10620000,132,219,10630000,3957
0,1063,10630000,10630000,132,219,10640000,3959
0,1064,10640000,10640000,132,219,10650000,3964
0,1065,10650000,10650000,132,219,10660000,3969
0,1066,10660000,10660000,132,219,10670000,3971
0,1067,10670000,10670000,132,219,10680000,3976
0,1068,10680000,10680000,132,219,10690000,3980
0,1069,10690000,10690000,132,219,10700000,3982
0,107,1070000,1070000,132,219,1080000,395
0,1070,10700000,10700000,132,219,10710000,3985
0,1071,10710000,10710000,132,219,10720000,3990
0,1072,10720000,10720000,132,219,10730000,3996
0,1073,10730000,10730000,132,219,10740000,3997
0,1074,10740000,10740000,132,219,10750000,4002
0,1075,10750000,10750000,132,219,10760000,4006
0,1076,10760000,10760000,132,219,10770000,4008
0,1077,10770000,10770000,132,219,10780000,4012
0,1078,10780000,10780000,132,219,10790000,4017
0,1079,10790000,10790000,132,219,10800000,4018
0,108,1080000,1080000,132,219,1090000,401
0,1080,10800000,10800000,132,219,10810000,4025
0,1081,10810000,10810000,132,219,10820000,4029
0,1082,10820000,10820000,132,219,10830000,4031
0,1083,10830000,10830000,132,219,10840000,4035
0,1084,10840000,10840000,132,219,10850000,4038
0,1085,10850000,10850000,132,219,10860000,4043
0,1086,10860000,10860000,132,219,10870000,4046
0,1087,10870000,10870000,132,219,10880000,4049
0,1088,10880000,10880000,132,219,10890000,4054
0,1089,10890000,10890000,132,219,10900000,4058
0,109,1090000,1090000,132,219,1100000,403
0,1090,10900000,10900000,132,219,10910000,4062
0,1091,10910000,10910000,132,219,10920000,4063
0,1092,10920000,10920000,132,219,10930000,4070
0,1093,10930000,10930000,132,219,10940000,4072
0,1094,10940000,10940000,132,219,10950000,4074
0,1095,10950000,10950000,132,219,10960000,4081
0,1096,10960000,10960000,132,219,10970000,4085
0,1097,10970000,10970000,132,219,10980000,4087
0,1098,10980000,10980000,132,219,10990000,4090
0,1099,10990000,10990000,132,219,11000000,4094
0,11,110000,110000,132,219,120000,38
0,110,1100000,1100000,132,219,1110000,407
0,1100,11000000,11000000,132,219,11010000,4099
0,1101,11010000,11010000,132,219,11020000,4102
0,1102,11020000,11020000,132,219,11030000,4107
0,1103,11030000,11030000,132,219,11040000,4108
0,1104,11040000,11040000,132,219,11050000,4113
0,1105,11050000,11050000,132,219,11060000,4118
0,1106,11060000,11060000,132,219,11070000,4121
0,1107,11070000,11070000,132,219,11080000,4125
0,1108,11080000,11080000,132,219,11090000,4128
0,1109,11090000,11090000,132,219,11100000,4131
0,111,1110000,1110000,132,219,1120000,410
0,1110,11100000,11100000,132,219,11110000,4136
0,1111,11110000,11110000,132,219,11120000,4139
0,1112,11120000,11120000,132,219,11130000,4143
0,1113,11130000,11130000,132,219,11140000,4148
0,1114,11140000,11140000,132,219,11150000,4150
0,1115,11150000,11150000,132,219,11160000,4153
0,1116,11160000,11160000,132,219,11170000,4160
0,1117,11170000,11170000,132,219,11180000,4163
0,1118,11180000,11180000,132,219,11190000,4164
0,1119,11190000,11190000,132,219,11200000,4167
0,112,1120000,1120000,132,219,1130000,417
0,1120,11200000,11200000,132,219,11210000,4175
0,1121,11210000,11210000,132,219,11220000,4176
0,1122,11220000,11220000,132,219,11230000,4181
0,1123,11230000,11230000,132,219,11240000,4185
0,1124,11240000,11240000,132,219,11250000,4187
0,1125,11250000,11250000,132,219,11260000,4192
0,1126,11260000,11260000,132,219,11270000,4194
0,1127,11270000,11270000,132,219,11280000,4199
0,1128,11280000,11280000,132,219,11290000,4204
0,1129,11290000,11290000,132,219,11300000,4206
0,113,1130000,1130000,132,219,1140000,418
0,1130,11300000,11300000,132,219,11310000,4211
0,1131,11310000,11310000,132,219,11320000,4214
0,1132,11320000,11320000,132,219,11330000,4218
0,1133,11330000,11330000,132,219,11340000,4220
0,1134,11340000,11340000,132,219,11350000,4225
0,1135,11350000,11350000,132,219,11360000,4229
0,1136,11360000,11360000,132,219,11370000,4232
0,1137,11370000,11370000,132,219,11380000,4238
0,1138,11380000,11380000,132,219,11390000,4241
0,1139,11390000,11390000,132,219,11400000,4242
0,114,1140000,1140000,132,219,1150000,421
0,1140,11400000,11400000,132,219,11410000,4248
0,1141,11410000,11410000,132,219,11420000,4252
0,1142,11420000,11420000,132,219,11430000,4254
0,1143,11430000,11430000,132,219,11440000,4257
0,1144,11440000,11440000,132,219,11450000,4264
0,1145,11450000,11450000,132,219,11460000,4267
0,1146,11460000,11460000,132,219,11470000,4270
0,1147,11470000,11470000,132,219,11480000,4273
0,1148,11480000,11480000,132,219,11490000,4277
0,1149,11490000,11490000,132,219,11500000,4281
0,115,1150000,1150000,132,219,1160000,428
0,1150,11500000,11500000,132,219,11510000,4285
0,1151,11510000,11510000,132,219,11520000,4288
0,1152,11520000,11520000,132,219,11530000,4294
0,1153,11530000,11530000,132,219,11540000,4296
0,1154,11540000,11540000,132,219,11550000,4297
0,1155,11550000,11550000,132,219,11560000,4305
0,1156,11560000,11560000,132,219,11570000,4308
0,1157,11570000,11570000,132,219,11580000,4310
0,1158,11580000,11580000,132,219,11590000,4315
0,1159,11590000,11590000,132,219,11600000,4317
0,116,1160000,1160000,132,219,1170000,430
0,1160,11600000,11600000,132,219,11610000,4323
0,1161,11610000,11610000,132,219,11620000,4326
0,1162,11620000,11620000,132,219,11630000,4331
0,1163,11630000,11630000,132,219,11640000,4332
0,1164,11640000,11640000,132,219,11650000,4336
0,1165,11650000,11650000,132,219,11660000,4342
0,1166,11660000,11660000,132,219,11670000,4344
0,1167,11670000,11670000,132,219,11680000,4348
0,1168,11680000,11680000,132,219,11690000,4352
0,1169,11690000,11690000,132,219,11700000,4355
0,117,1170000,1170000,132,219,1180000,434
0,1170,11700000,11700000,132,219,11710000,4360
0,1171,11710000,11710000,132,219,11720000,4363
0,1172,11720000,11720000,132,219,11730000,4368
0,1173,11730000,11730000,132,219,11740000,4371
0,1174,11740000,11740000,132,219,11750000,4373
0,1175,11750000,11750000,132,219,11760000,4376
0,1176,11760000,11760000,132,219,11770000,4383
0,1177,11770000,11770000,132,219,11780000,4387
0,1178,11780000,11780000,132,219,11790000,4388
0,1179,11790000,11790000,132,219,11800000,4393
0,118,1180000,1180000,132,219,1190000,436
0,1180,11800000,11800000,132,219,11810000,4398
0,1181,11810000,11810000,132,219,11820000,4399
0,1182,11820000,11820000,132,219,11830000,4404
0,1183,11830000,11830000,132,219,11840000,4408
0,1184,11840000,11840000,132,219,11850000,4411
0,1185,11850000,11850000,132,219,11860000,4416
0,1186,11860000,11860000,132,219,11870000,4420
0,1187,11870000,11870000,132,219,11880000,4422
0,1188,11880000,11880000,132,219,11890000,4427
0,1189,11890000,11890000,132,219,11900000,4429
0,119,1190000,1190000,132,219,1200000,439
0,1190,11900000,11900000,132,219,11910000,4434
0,1191,11910000,11910000,132,219,11920000,4437
0,1192,11920000,11920000,132,219,11930000,4442
0,1193,11930000,11930000,132,219,11940000,4446
0,1194,11940000,11940000,132,219,11950000,4449
0,1195,11950000,11950000,132,219,11960000,4453
0,1196,11960000,11960000,132,219,11970000,4455
0,1197,11970000,11970000,132,219,11980000,4461
0,1198,11980000,11980000,132,219,11990000,4463
0,1199,11990000,11990000,132,219,12000000,4465
0,12,120000,120000,132,219,130000,43
0,120,1200000,1200000,132,219,1210000,446
0,1200,12000000,12000000,132,219,12010000,4474
0,1201,12010000,12010000,132,219,12020000,4476
0,1202,12020000,12020000,132,219,12030000,4478
0,1203,12030000,12030000,132,219,12040000,4481
0,1204,12040000,12040000,132,219,12050000,4487
0,1205,12050000,12050000,132,219,12060000,4490
0,1206,12060000,12060000,132,219,12070000,4493
0,1207,12070000,12070000,132,219,12080000,4498
0,1208,12080000,12080000,132,219,12090000,4501
0,1209,12090000,12090000,132,219,12100000,4504
0,121,1210000,1210000,132,219,1220000,449
0,1210,12100000,12100000,132,219,12110000,4509
0,1211,12110000,12110000,132,219,12120000,4512
0,1212,12120000,12120000,132,219,12130000,4517
0,1213,12130000,12130000,132,219,12140000,4519
0,1214,12140000,12140000,132,219,12150000,4522
0,1215,12150000,12150000,132,219,12160000,4528
0,1216,12160000,12160000,132,219,12170000,4532
0,1217,12170000,12170000,132,219,12180000,4534
0,1218,12180000,12180000,132,219,12190000,4539
0,1219,12190000,12190000,132,219,12200000,4541
0,122,1220000,1220000,132,219,1230000,453
0,1220,12200000,12200000,132,219,12210000,4545
0,1221,12210000,12210000,132,219,12220000,4551
0,1222,12220000,12220000,132,219,12230000,4554
0,1223,12230000,12230000,132,219,12240000,4555
0,1224,12240000,12240000,132,219,12250000,4560
0,1225,12250000,12250000,132,219,12260000,4566
0,1226,12260000,12260000,132,219,12270000,4568
0,1227,12270000,12270000,132,219,12280000,4572
0,1228,12280000,12280000,132,219,12290000,4577
0,1229,12290000,12290000,132,219,12300000,4578
0,123,1230000,1230000,132,219,1240000,456
0,1230,12300000,12300000,132,219,12310000,4583
0,1231,12310000,12310000,132,219,12320000,4585
0,1232,12320000,12320000,132,219,12330000,4592
0,1233,12330000,12330000,132,219,12340000,4595
0,1234,12340000,12340000,132,219,12350000,4597
0,1235,12350000,12350000,132,219,12360000,4602
0,1236,12360000,12360000,132,219,12370000,4606
0,1237,12370000,12370000,132,219,12380000,4610
0,1238,12380000,12380000,132,219,12390000,4611
0,1239,12390000,12390000,132,219,12400000,4616
0,124,1240000,1240000,132,219,1250000,459
0,1240,12400000,12400000,132,219,12410000,4622
0,1241,12410000,12410000,132,219,12420000,4623
0,1242,12420000,12420000,132,219,12430000,4629
0,1243,12430000,12430000,132,219,12440000,4632
0,1244,12440000,12440000,132,219,12450000,4634
0,1245,12450000,12450000,132,219,12460000,4639
0,1246,12460000,12460000,132,219,12470000,4643
0,1247,12470000,12470000,132,219,12480000,4645
0,1248,12480000,12480000,132,219,12490000,4651
0,1249,12490000,12490000,132,219,12500000,4655
0,125,1250000,1250000,132,219,1260000,462
0,1250,12500000,12500000,132,219,12510000,4658
0,1251,12510000,12510000,132,219,12520000,4661
0,1252,12520000,12520000,132,219,12530000,4665
0,1253,12530000,12530000,132,219,12540000,4668
0,1254,12540000,12540000,132,219,12550000,4672
0,1255,12550000,12550000,132,219,12560000,4676
0,1256,12560000,12560000,132,219,12570000,4681
0,1257,12570000,12570000,132,219,12580000,4685
0,1258,12580000,12580000,132,219,12590000,4687
0,1259,12590000,12590000,132,219,12600000,4689
0,126,1260000,1260000,132,219,1270000,468
0,1260,12600000,12600000,132,219,12610000,4697
0,1261,12610000,12610000,132,219,12620000,4699
0,1262,12620000,12620000,132,219,12630000,4701
0,1263,12630000,12630000,132,219,12640000,4706
0,1264,12640000,12640000,132,219,12650000,4710
0,1265,12650000,12650000,132,219,12660000,4714
0,1266,12660000,12660000,132,219,12670000,4717
0,1267,12670000,12670000,132,219,12680000,4722
0,1268,12680000,12680000,132,219,12690000,4724
0,1269,12690000,12690000,132,219,12700000,4727
0,127,1270000,1270000,132,219,1280000,471
0,1270,12700000,12700000,132,219,12710000,4734
0,1271,12710000,12710000,132,219,12720000,4735
0,1272,12720000,12720000,132,219,12730000,4741
0,1273,12730000,12730000,132,219,12740000,4743
0,1274,12740000,12740000,132,219,12750000,4746
0,1275,12750000,12750000,132,219,12760000,4751
0,1276,12760000,12760000,132,219,12770000,4755
0,1277,12770000,12770000,132,219,12780000,4759
0,1278,12780000,12780000,132,219,12790000,4762
0,1279,12790000,12790000,132,219,12800000,4764
0,128,1280000,1280000,132,219,1290000,474
0,1280,12800000,12800000,132,219,12810000,4769
0,1281,12810000,12810000,132,219,12820000,4775
0,1282,12820000,12820000,132,219,12830000,4778
0,1283,12830000,12830000,132,219,12840000,4779
0,1284,12840000,12840000,132,219,12850000,4785
0,1285,12850000,12850000,132,219,12860000,4789
0,1286,12860000,12860000,132,219,12870000,4790
0,1287,12870000,12870000,132,219,12880000,4795
0,1288,12880000,12880000,132,219,12890000,4801
0,1289,12890000,12890000,132,219,12900000,4802
0,129,1290000,1290000,132,219,1300000,479
0,1290,12900000,12900000,132,219,12910000,4807
0,1291,12910000,12910000,132,219,12920000,4811
0,1292,12920000,12920000,132,219,12930000,4815
0,1293,12930000,12930000,132,219,12940000,4818
0,1294,12940000,12940000,132,219,12950000,4820
0,1295,12950000,12950000,132,219,12960000,4825
0,1296,12960000,12960000,132,219,12970000,4830
0,1297,12970000,12970000,132,219,12980000,4833
0,1298,12980000,12980000,132,219,12990000,4837
0,1299,12990000,12990000,132,219,13000000,4840
0,13,130000,130000,132,219,140000,45
0,130,1300000,1300000,132,219,1310000,483
0,1300,13000000,13000000,132,219,13010000,4845
0,1301,13010000,13010000,132,219,13020000,4846
0,1302,13020000,13020000,132,219,13030000,4852
0,1303,13030000,13030000,132,219,13040000,4855
0,1304,13040000,13040000,132,219,13050000,4858
0,1305,13050000,13050000,132,219,13060000,4865
0,1306,13060000,13060000,132,219,13070000,4867
0,1307,13070000,13070000,132,219,13080000,4869
0,1308,13080000,13080000,132,219,13090000,4873
0,1309,13090000,13090000,132,219,13100000,4878
0,131,1310000,1310000,132,219,1320000,484
0,1310,13100000,13100000,132,219,13110000,4881
0,1311,13110000,13110000,132,219,13120000,4884
0,1312,13120000,13120000,132,219,13130000,4891
0,1313,13130000,13130000,132,219,13140000,4892
0,1314,13140000,13140000,132,219,13150000,4896
0,1315,13150000,13150000,132,219,13160000,4900
0,1316,13160000,13160000,132,219,13170000,4904
0,1317,13170000,13170000,132,219,13180000,4908
0,1318,13180000,13180000,132,219,13190000,4910
0,1319,13190000,13190000,132,219,13200000,4913
0,132,1320000,1320000,132,219,1330000,490
0,1320,13200000,13200000,132,219,13210000,4921
0,1321,13210000,13210000,132,219,13220000,4923
0,1322,13220000,13220000,132,219,13230000,4925
0,1323,13230000,13230000,132,219,13240000,4930
0,1324,13240000,13240000,132,219,13250000,4933
0,1325,13250000,13250000,132,219,13260000,4937
0,1326,13260000,13260000,132,219,13270000,4942
0,1327,13270000,13270000,132,219,13280000,4945
0,1328,13280000,13280000,132,219,13290000,4948
0,1329,13290000,13290000,132,219,13300000,4951
0,133,1330000,1330000,132,219,1340000,494
0,1330,13300000,13300000,132,219,13310000,4957
0,1331,13310000,13310000,132,219,13320000,4959
0,1332,13320000,13320000,132,219,13330000,4964
0,1333,13330000,13330000,132,219,13340000,4968
0,1334,13340000,13340000,132,219,13350000,4969
0,1335,13350000,13350000,132,219,13360000,4974
0,1336,13360000,13360000,132,219,13370000,4979
0,1337,13370000,13370000,132,219,13380000,4983
0,1338,13380000,13380000,132,219,13390000,4986
0,1339,13390000,13390000,132,219,13400000,4988
0,134,1340000,1340000,132,219,1350000,495
0,1340,13400000,13400000,132,219,13410000,4994
0,1341,13410000,13410000,132,219,13420000,4997
0,1342,13420000,13420000,132,219,13430000,5001
0,1343,13430000,13430000,132,219,13440000,5002
0,1344,13440000,13440000,132,219,13450000,5009
0,1345,13450000,13450000,132,219,13460000,5013
0,1346,13460000,13460000,132,219,13470000,5014
0,1347,13470000,13470000,132,219,13480000,5021
0,1348,13480000,13480000,132,219,13490000,5024
0,1349,13490000,13490000,132,219,13500000,5025
0,135,1350000,1350000,132,219,1360000,500
0,1350,13500000,13500000,132,219,13510000,5030
0,1351,13510000,13510000,132,219,13520000,5034
0,1352,13520000,13520000,132,219,13530000,5038
0,1353,13530000,13530000,132,219,13540000,5042
0,1354,13540000,13540000,132,219,13550000,5046
0,1355,13550000,13550000,132,219,13560000,5049
0,1356,13560000,13560000,132,219,13570000,5053
0,1357,13570000,13570000,132,219,13580000,5056
0,1358,13580000,13580000,132,219,13590000,5060
0,1359,13590000,13590000,132,219,13600000,5063
0,136,1360000,1360000,132,219,1370000,506
0,1360,13600000,13600000,132,219,13610000,5069
0,1361,13610000,13610000,132,219,13620000,5072
0,1362,13620000,13620000,132,219,13630000,5076
0,1363,13630000,13630000,132,219,13640000,5078
0,1364,13640000,13640000,132,219,13650000,5081
0,1365,13650000,13650000,132,219,13660000,5088
0,1366,13660000,13660000,132,219,13670000,5090
0,1367,13670000,13670000,132,219,13680000,5092
0,1368,13680000,13680000,132,219,13690000,5099
0,1369,13690000,13690000,132,219,13700000,5102
0,137,1370000,1370000,132,219,1380000,509
0,1370,13700000,13700000,132,219,13710000,5105
0,1371,13710000,13710000,132,219,13720000,5108
0,1372,13720000,13720000,132,219,13730000,5114
0,1373,13730000,13730000,132,219,13740000,5115
0,1374,13740000,13740000,132,219,13750000,5118
0,1375,13750000,13750000,132,219,13760000,5125
0,1376,13760000,13760000,132,219,13770000,5128
0,1377,13770000,13770000,132,219,13780000,5132
0,1378,13780000,13780000,132,219,13790000,5134
0,1379,13790000,13790000,132,219,13800000,5137
0,138,1380000,1380000,132,219,1390000,512
0,1380,13800000,13800000,132,219,13810000,5144
0,1381,13810000,13810000,132,219,13820000,5146
0,1382,13820000,13820000,132,219,13830000,5150
0,1383,13830000,13830000,132,219,13840000,5153
0,1384,13840000,13840000,132,219,13850000,5157
0,1385,13850000,13850000,132,219,13860000,5160
0,1386,13860000,13860000,132,219,13870000,5166
0,1387,13870000,13870000,132,219,13880000,5169
0,1388,13880000,13880000,132,219,13890000,5171
0,1389,13890000,13890000,132,219,13900000,5176
0,139,1390000,1390000,132,219,1400000,514
0,1390,13900000,13900000,132,219,13910000,5180
0,1391,13910000,13910000,132,219,13920000,5182
0,1392,13920000,13920000,132,219,13930000,5188
0,1393,13930000,13930000,132,219,13940000,5192
0,1394,13940000,13940000,132,219,13950000,5193
0,1395,13950000,13950000,132,219,13960000,5198
0,1396,13960000,13960000,132,219,13970000,5203
0,1397,13970000,13970000,132,219,13980000,5206
0,1398,13980000,13980000,132,219,13990000,5209
0,1399,13990000,13990000,132,219,14000000,5211
0,14,140000,140000,132,219,150000,48
0,140,1400000,1400000,132,219,1410000,520
0,1400,14000000,14000000,132,219,14010000,5218
0,1401,14010000,14010000,132,219,14020000,5221
0,1402,14020000,14020000,132,219,14030000,5225
0,1403,14030000,14030000,132,219,14040000,5228
0,1404,14040000,14040000,132,219,14050000,5232
0,1405,14050000,14050000,132,219,14060000,5236
0,1406,14060000,14060000,132,219,14070000,5237
0,1407,14070000,14070000,132,219,14080000,5243
0,1408,14080000,14080000,132,219,14090000,5248
0,1409,14090000,14090000,132,219,14100000,5249
0,141,1410000,1410000,132,219,1420000,523
0,1410,14100000,14100000,132,219,14110000,5256
0,1411,14110000,14110000,132,219,14120000,5258
0,1412,14120000,14120000,132,219,14130000,5261
0,1413,14130000,14130000,132,219,14140000,5265
0,1414,14140000,14140000,132,219,14150000,5269
0,1415,14150000,14150000,132,219,14160000,5272
0,1416,14160000,14160000,132,219,14170000,5277
0,1417,14170000,14170000,132,219,14180000,5282
0,1418,14180000,14180000,132,219,14190000,5283
0,1419,14190000,14190000,132,219,14200000,5287
0,142,1420000,1420000,132,219,1430000,526
0,1420,14200000,14200000,132,219,14210000,5292
0,1421,14210000,14210000,132,219,14220000,5295
0,1422,14220000,14220000,132,219,14230000,5299
0,1423,14230000,14230000,132,219,14240000,5301
0,1424,14240000,14240000,132,219,14250000,5307
0,1425,14250000,14250000,132,219,14260000,5312
0,1426,14260000,14260000,132,219,14270000,5314
0,1427,14270000,14270000,132,219,14280000,5316
0,1428,14280000,14280000,132,219,14290000,5322
0,1429,14290000,14290000,132,219,14300000,5324
0,143,1430000,1430000,132,219,1440000,530
0,1430,14300000,14300000,132,219,14310000,5328
0,1431,14310000,14310000,132,219,14320000,5333
0,1432,14320000,14320000,132,219,14330000,5338
0,1433,14330000,14330000,132,219,14340000,5339
0,1434,14340000,14340000,132,219,14350000,5342
0,1435,14350000,14350000,132,219,14360000,5349
0,1436,14360000,14360000,132,219,14370000,5351
0,1437,14370000,14370000,132,219,14380000,5355
0,1438,14380000,14380000,132,219,14390000,5359
0,1439,14390000,14390000,132,219,14400000,5360
0,144,1440000,1440000,132,219,1450000,535
0,1440,14400000,14400000,132,219,14410000,5367
0,1441,14410000,14410000,132,219,14420000,5370
0,1442,14420000,14420000,132,219,14430000,5374
0,1443,14430000,14430000,132,219,14440000,5377
0,1444,14440000,14440000,132,219,14450000,5380
0,1445,14450000,14450000,132,219,14460000,5385
0,1446,14460000,14460000,132,219,14470000,5389
0,1447,14470000,14470000,132,219,14480000,5392
0,1448,14480000,14480000,132,219,14490000,5395
0,1449,14490000,14490000,132,219,14500000,5400
0,145,1450000,1450000,132,219,1460000,539
0,1450,14500000,14500000,132,219,14510000,5404
0,1451,14510000,14510000,132,219,14520000,5405
0,1452,14520000,14520000,132,219,14530000,5413
0,1453,14530000,14530000,132,219,14540000,5415
0,1454,14540000,14540000,132,219,14550000,5416
0,1455,14550000,14550000,132,219,14560000,5421
0,1456,14560000,14560000,132,219,14570000,5427
0,1457,14570000,14570000,132,219,14580000,5430
0,1458,14580000,14580000,132,219,14590000,5433
0,1459,14590000,14590000,132,219,14600000,5437
0,146,1460000,1460000,132,219,1470000,540
0,1460,14600000,14600000,132,219,14610000,5441
0,1461,14610000,14610000,132,219,14620000,5444
0,1462,14620000,14620000,132,219,14630000,5447
0,1463,14630000,14630000,132,219,14640000,5451
0,1464,14640000,14640000,132,219,14650000,5456
0,1465,14650000,14650000,132,219,14660000,5460
0,1466,14660000,14660000,132,219,14670000,5463
0,1467,14670000,14670000,132,219,14680000,5467
0,1468,14680000,14680000,132,219,14690000,5471
0,1469,14690000,14690000,132,219,14700000,5472
0,147,1470000,1470000,132,219,1480000,546
0,1470,14700000,14700000,132,219,14710000,5479
0,1471,14710000,14710000,132,219,14720000,5481
0,1472,14720000,14720000,132,219,14730000,5485
0,1473,14730000,14730000,132,219,14740000,5490
0,1474,14740000,14740000,132,219,14750000,5493
0,1475,14750000,14750000,132,219,14760000,5496
0,1476,14760000,14760000,132,219,14770000,5500
0,1477,14770000,14770000,132,219,14780000,5505
0,1478,14780000,14780000,132,219,14790000,5506
0,1479,14790000,14790000,132,219,14800000,5510
0,148,1480000,1480000,132,219,1490000,550
0,1480,14800000,14800000,132,219,14810000,5518
0,1481,14810000,14810000,132,219,14820000,5519
0,1482,14820000,14820000,132,219,14830000,5523
0,1483,14830000,14830000,132,219,14840000,5525
0,1484,14840000,14840000,132,219,14850000,5529
0,1485,14850000,14850000,132,219,14860000,5535
0,1486,14860000,14860000,132,219,14870000,5537
0,1487,14870000,14870000,132,219,14880000,5541
0,1488,14880000,14880000,132,219,14890000,5546
0,1489,14890000,14890000,132,219,14900000,5548
0,149,1490000,1490000,132,219,1500000,551
0,1490,14900000,14900000,132,219,14910000,5552
0,1491,14910000,14910000,132,219,14920000,5557
0,1492,14920000,14920000,132,219,14930000,5561
0,1493,14930000,14930000,132,219,14940000,5562
0,1494,14940000,14940000,132,219,14950000,5567
0,1495,14950000,14950000,132,219,14960000,5571
0,1496,14960000,14960000,132,219,14970000,5575
0,1497,14970000,14970000,132,219,14980000,5579
0,1498,14980000,14980000,132,219,14990000,5583
0,1499,14990000,14990000,132,219,15000000,5584
0,15,150000,150000,132,219,160000,53
0,150,1500000,1500000,132,219,1510000,558
0,1500,15000000,15000000,132,219,15010000,5590
0,1501,15010000,15010000,132,219,15020000,5595
0,1502,15020000,15020000,132,219,15030000,5597
0,1503,15030000,15030000,132,219,15040000,5600
0,1504,15040000,15040000,132,219,15050000,5604
0,1505,15050000,15050000,132,219,15060000,5609
0,1506,15060000,15060000,132,219,15070000,5612
0,1507,15070000,15070000,132,219,15080000,5616
0,1508,15080000,15080000,132,219,15090000,5620
0,1509,15090000,15090000,132,219,15100000,5623
0,151,1510000,1510000,132,219,1520000,560
0,1510,15100000,15100000,132,219,15110000,5627
0,1511,15110000,15110000,132,219,15120000,5628
0,1512,15120000,15120000,132,219,15130000,5637
0,1513,15130000,15130000,132,219,15140000,5639
0,1514,15140000,15140000,132,219,15150000,5640
0,1515,15150000,15150000,132,219,15160000,5647
0,1516,15160000,15160000,132,219,15170000,5650
0,1517,15170000,15170000,132,219,15180000,5652
0,1518,15180000,15180000,132,219,15190000,5656
0,1519,15190000,15190000,132,219,15200000,5660
0,152,1520000,1520000,132,219,1530000,564
0,1520,15200000,15200000,132,219,15210000,5665
0,1521,15210000,15210000,132,219,15220000,5668
0,1522,15220000,15220000,132,219,15230000,5673
0,1523,15230000,15230000,132,219,15240000,5675
0,1524,15240000,15240000,132,219,15250000,5679
0,1525,15250000,15250000,132,219,15260000,5683
0,1526,15260000,15260000,132,219,15270000,5686
0,1527,15270000,15270000,132,219,15280000,5690
0,1528,15280000,15280000,132,219,15290000,5694
0,1529,15290000,15290000,132,219,15300000,5698
0,153,1530000,1530000,132,219,1540000,567
0,1530,15300000,15300000,132,219,15310000,5703
0,1531,15310000,15310000,132,219,15320000,5705
0,1532,15320000,15320000,132,219,15330000,5708
0,1533,15330000,15330000,132,219,15340000,5713
0,1534,15340000,15340000,132,219,15350000,5716
0,1535,15350000,15350000,132,219,15360000,5719
0,1536,15360000,15360000,132,219,15370000,5726
0,1537,15370000,15370000,132,219,15380000,5729
0,1538,15380000,15380000,132,219,15390000,5730
0,1539,15390000,15390000,132,219,15400000,5733
0,154,1540000,1540000,132,219,1550000,572
0,1540,15400000,15400000,132,219,15410000,5741
0,1541,15410000,15410000,132,219,15420000,5742
0,1542,15420000,15420000,132,219,15430000,5746
0,1543,15430000,15430000,132,219,15440000,5750
0,1544,15440000,15440000,132,219,15450000,5753
0,1545,15450000,15450000,132,219,15460000,5759
0,1546,15460000,15460000,132,219,15470000,5761
0,1547,15470000,15470000,132,219,15480000,5765
0,1548,15480000,15480000,132,219,15490000,5769
0,1549,15490000,15490000,132,219,15500000,5771
0,155,1550000,1550000,132,219,1560000,575
0,1550,15500000,15500000,132,219,15510000,5776
0,1551,15510000,15510000,132,219,15520000,5780
0,1552,15520000,15520000,132,219,15530000,5785
0,1553,15530000,15530000,132,219,15540000,5786
0,1554,15540000,15540000,132,219,15550000,5791
0,1555,15550000,15550000,132,219,15560000,5795
0,1556,15560000,15560000,132,219,15570000,5798
0,1557,15570000,15570000,132,219,15580000,5804
0,1558,15580000,15580000,132,219,15590000,5806
0,1559,15590000,15590000,132,219,15600000,5807
0,156,1560000,1560000,132,219,1570000,579
0,1560,15600000,15600000,132,219,15610000,5814
0,1561,15610000,15610000,132,219,15620000,5818
0,1562,15620000,15620000,132,219,15630000,5821
0,1563,15630000,15630000,132,219,15640000,5824
0,1564,15640000,15640000,132,219,15650000,5829
0,1565,15650000,15650000,132,219,15660000,5832
0,1566,15660000,15660000,132,219,15670000,5835
0,1567,15670000,15670000,132,219,15680000,5839
0,1568,15680000,15680000,132,219,15690000,5844
0,1569,15690000,15690000,132,219,15700000,5847
0,157,1570000,1570000,132,219,1580000,584
0,1570,15700000,15700000,132,219,15710000,5851
0,1571,15710000,15710000,132,219,15720000,5854
0,1572,15720000,15720000,132,219,15730000,5859
0,1573,15730000,15730000,132,219,15740000,5862
0,1574,15740000,15740000,132,219,15750000,5863
0,1575,15750000,15750000,132,219,15760000,5870
0,1576,15760000,15760000,132,219,15770000,5874
0,1577,15770000,15770000,132,219,15780000,5876
0,1578,15780000,15780000,132,219,15790000,5882
0,1579,15790000,15790000,132,219,15800000,5884
0,158,1580000,1580000,132,219,1590000,585
0,1580,15800000,15800000,132,219,15810000,5888
0,1581,15810000,15810000,132,219,15820000,5891
0,1582,15820000,15820000,132,219,15830000,5896
0,1583,15830000,15830000,132,219,15840000,5897
0,1584,15840000,15840000,132,219,15850000,5903
0,1585,15850000,15850000,132,219,15860000,5909
0,1586,15860000,15860000,132,219,15870000,5910
0,1587,15870000,15870000,132,219,15880000,5914
0,1588,15880000,15880000,132,219,15890000,5917
0,1589,15890000,15890000,132,219,15900000,5921
0,159,1590000,1590000,132,219,1600000,589
0,1590,15900000,15900000,132,219,15910000,5926
0,1591,15910000,15910000,132,219,15920000,5928
0,1592,15920000,15920000,132,219,15930000,5934
0,1593,15930000,15930000,132,219,15940000,5937
0,1594,15940000,15940000,132,219,15950000,5939
0,1595,15950000,15950000,132,219,15960000,5943
0,1596,15960000,15960000,132,219,15970000,5949
0,1597,15970000,15970000,132,219,15980000,5952
0,1598,15980000,15980000,132,219,15990000,5953
0,1599,15990000,15990000,132,219,16000000,5958
0,16,160000,160000,132,219,170000,58
0,160,1600000,1600000,132,219,1610000,595
0,1600,16000000,16000000,132,219,16010000,5965
0,1601,16010000,16010000,132,219,16020000,5966
0,1602,16020000,16020000,132,219,16030000,5970
0,1603,16030000,16030000,132,219,16040000,5974
0,1604,16040000,16040000,132,219,16050000,5976
0,1605,16050000,16050000,132,219,16060000,5981
0,1606,16060000,16060000,132,219,16070000,5986
0,1607,16070000,16070000,132,219,16080000,5988
0,1608,16080000,16080000,132,219,16090000,5993
0,1609,16090000,16090000,132,219,16100000,5995
0,161,1610000,1610000,132,219,1620000,598
0,1610,16100000,16100000,132,219,16110000,6000
0,1611,16110000,16110000,132,219,16120000,6004
0,1612,16120000,16120000,132,219,16130000,6008
0,1613,16130000,16130000,132,219,16140000,6011
0,1614,16140000,16140000,132,219,16150000,6014
0,1615,16150000,16150000,132,219,16160000,6018
0,1616,16160000,16160000,132,219,16170000,6021
0,1617,16170000,16170000,132,219,16180000,6028
0,1618,16180000,16180000,132,219,16190000,6030
0,1619,16190000,16190000,132,219,16200000,6031
0,162,1620000,1620000,132,219,1630000,602
0,1620,16200000,16200000,132,219,16210000,6039
0,1621,16210000,16210000,132,219,16220000,6041
0,1622,16220000,16220000,132,219,16230000,6044
0,1623,16230000,16230000,132,219,16240000,6047
0,1624,16240000,16240000,132,219,16250000,6053
0,1625,16250000,16250000,132,219,16260000,6056
0,1626,16260000,16260000,132,219,16270000,6059
0,1627,16270000,16270000,132,219,16280000,6064
0,1628,16280000,16280000,132,219,16290000,6067
0,1629,16290000,16290000,132,219,16300000,6070
0,163,1630000,1630000,132,219,1640000,604
0,1630,16300000,16300000,132,219,16310000,6074
0,1631,16310000,16310000,132,219,16320000,6077
0,1632,16320000,16320000,132,219,16330000,6083
0,1633,16330000,16330000,132,219,16340000,6086
0,1634,16340000,16340000,132,219,16350000,6089
0,1635,16350000,16350000,132,219,16360000,6094
0,1636,16360000,16360000,132,219,16370000,6097
0,1637,16370000,16370000,132,219,16380000,6099
0,1638,16380000,16380000,132,219,16390000,6104
0,1639,16390000,16390000,132,219,16400000,6107
0,164,1640000,1640000,132,219,1650000,608
0,1640,16400000,16400000,132,219,16410000,6112
0,1641,16410000,16410000,132,219,16420000,6117
0,1642,16420000,16420000,132,219,16430000,6120
0,1643,16430000,16430000,132,219,16440000,6121
0,1644,16440000,16440000,132,219,16450000,6126
0,1645,16450000,16450000,132,219,16460000,6132
0,1646,16460000,16460000,132,219,16470000,6133
0,1647,16470000,16470000,132,219,16480000,6137
0,1648,16480000,16480000,132,219,16490000,6143
0,1649,16490000,16490000,132,219,16500000,6144
0,165,1650000,1650000,132,219,1660000,614
0,1650,16500000,16500000,132,219,16510000,6150
0,1651,16510000,16510000,132,219,16520000,6152
0,1652,16520000,16520000,132,219,16530000,6157
0,1653,16530000,16530000,132,219,16540000,6160
0,1654,16540000,16540000,132,219,16550000,6162
0,1655,16550000,16550000,132,219,16560000,6168
0,1656,16560000,16560000,132,219,16570000,6173
0,1657,16570000,16570000,132,219,16580000,6176
0,1658,16580000,16580000,132,219,16590000,6177
0,1659,16590000,16590000,132,219,16600000,6182
0,166,1660000,1660000,132,219,1670000,616
0,1660,16600000,16600000,132,219,16610000,6187
0,1661,16610000,16610000,132,219,16620000,6189
0,1662,16620000,16620000,132,219,16630000,6195
0,1663,16630000,16630000,132,219,16640000,6197
0,1664,16640000,16640000,132,219,16650000,6200
0,1665,16650000,16650000,132,219,16660000,6205
0,1666,16660000,16660000,132,219,16670000,6210
0,1667,16670000,16670000,132,219,16680000,6212
0,1668,16680000,16680000,132,219,16690000,6216
0,1669,16690000,16690000,132,219,16700000,6220
0,167,1670000,1670000,132,219,1680000,618
0,1670,16700000,16700000,132,219,16710000,6223
0,1671,16710000,16710000,132,219,16720000,6226
0,1672,16720000,16720000,132,219,16730000,6232
0,1673,16730000,16730000,132,219,16740000,6235
0,1674,16740000,16740000,132,219,16750000,6238
0,1675,16750000,16750000,132,219,16760000,6242
0,1676,16760000,16760000,132,219,16770000,6246
0,1677,16770000,16770000,132,219,16780000,6251
0,1678,16780000,16780000,132,219,16790000,6253
0,1679,16790000,16790000,132,219,16800000,6254
0,168,1680000,1680000,132,219,1690000,625
0,1680,16800000,16800000,132,219,16810000,6263
0,1681,16810000,16810000,132,219,16820000,6265
0,1682,16820000,16820000,132,219,16830000,6267
0,1683,16830000,16830000,132,219,16840000,6273
0,1684,16840000,16840000,132,219,16850000,6276
0,1685,16850000,16850000,132,219,16860000,6279
0,1686,16860000,16860000,132,219,16870000,6282
0,1687,16870000,16870000,132,219,16880000,6287
0,1688,16880000,16880000,132,219,16890000,6291
0,1689,16890000,16890000,132,219,16900000,6294
0,169,1690000,1690000,132,219,1700000,627
0,1690,16900000,16900000,132,219,16910000,6300
0,1691,16910000,16910000,132,219,16920000,6301
0,1692,16920000,16920000,132,219,16930000,6306
0,1693,16930000,16930000,132,219,16940000,6308
0,1694,16940000,16940000,132,219,16950000,6312
0,1695,16950000,16950000,132,219,16960000,6317
0,1696,16960000,16960000,132,219,16970000,6321
0,1697,16970000,16970000,132,219,16980000,6325
0,1698,16980000,16980000,132,219,16990000,6328
0,1699,16990000,16990000,132,219,17000000,6331
0,17,170000,170000,132,219,180000,62
0,170,1700000,1700000,132,219,1710000,631
0,1700,17000000,17000000,132,219,17010000,6335
0,1701,17010000,17010000,132,219,17020000,6340
0,1702,17020000,17020000,132,219,17030000,6343
0,1703,17030000,17030000,132,219,17040000,6344
0,1704,17040000,17040000,132,219,17050000,6351
0,1705,17050000,17050000,132,219,17060000,6356
0,1706,17060000,17060000,132,219,17070000,6357
0,1707,17070000,17070000,132,219,17080000,6361
0,1708,17080000,17080000,132,219,17090000,6366
0,1709,17090000,17090000,132,219,17100000,6367
0,171,1710000,1710000,132,219,1720000,636
0,1710,17100000,17100000,132,219,17110000,6373
0,1711,17110000,17110000,132,219,17120000,6377
0,1712,17120000,17120000,132,219,17130000,6381
0,1713,17130000,17130000,132,219,17140000,6384
0,1714,17140000,17140000,132,219,17150000,6386
0,1715,17150000,17150000,132,219,17160000,6391
0,1716,17160000,17160000,132,219,17170000,6396
0,1717,17170000,17170000,132,219,17180000,6399
0,1718,17180000,17180000,132,219,17190000,6402
0,1719,17190000,17190000,132,219,17200000,6405
0,172,1720000,1720000,132,219,1730000,640
0,1720,17200000,17200000,132,219,17210000,6411
0,1721,17210000,17210000,132,219,17220000,6413
0,1722,17220000,17220000,132,219,17230000,6419
0,1723,17230000,17230000,132,219,17240000,6421
0,1724,17240000,17240000,132,219,17250000,6423
0,1725,17250000,17250000,132,219,17260000,6430
0,1726,17260000,17260000,132,219,17270000,6432
0,1727,17270000,17270000,132,219,17280000,6435
0,1728,17280000,17280000,132,219,17290000,6440
0,1729,17290000,17290000,132,219,17300000,6444
0,173,1730000,1730000,132,219,1740000,641
0,1730,17300000,17300000,132,219,17310000,6447
0,1731,17310000,17310000,132,219,17320000,6450
0,1732,17320000,17320000,132,219,17330000,6457
0,1733,17330000,17330000,132,219,17340000,6458
0,1734,17340000,17340000,132,219,17350000,6461
0,1735,17350000,17350000,132,219,17360000,6465
0,1736,17360000,17360000,132,219,17370000,6470
0,1737,17370000,17370000,132,219,17380000,6474
0,1738,17380000,17380000,132,219,17390000,6477
0,1739,17390000,17390000,132,219,17400000,6480
0,174,1740000,1740000,132,219,1750000,644
0,1740,17400000,17400000,132,219,17410000,6486
0,1741,17410000,17410000,132,219,17420000,6488
0,1742,17420000,17420000,132,219,17430000,6490
0,1743,17430000,17430000,132,219,17440000,6496
0,1744,17440000,17440000,132,219,17450000,6500
0,1745,17450000,17450000,132,219,17460000,6503
0,1746,17460000,17460000,132,219,17470000,6508
0,1747,17470000,17470000,132,219,17480000,6511
0,1748,17480000,17480000,132,219,17490000,6513
0,1749,17490000,17490000,132,219,17500000,6517
0,175,1750000,1750000,132,219,1760000,650
0,1750,17500000,17500000,132,219,17510000,6523
0,1751,17510000,17510000,132,219,17520000,6524
0,1752,17520000,17520000,132,219,17530000,6530
0,1753,17530000,17530000,132,219,17540000,6534
0,1754,17540000,17540000,132,219,17550000,6536
0,1755,17550000,17550000,132,219,17560000,6541
0,1756,17560000,17560000,132,219,17570000,6544
0,1757,17570000,17570000,132,219,17580000,6548
0,1758,17580000,17580000,132,219,17590000,6551
0,1759,17590000,17590000,132,219,17600000,6553
0,176,1760000,1760000,132,219,1770000,654
0,1760,17600000,17600000,132,219,17610000,6561
0,1761,17610000,17610000,132,219,17620000,6564
0,1762,17620000,17620000,132,219,17630000,6567
0,1763,17630000,17630000,132,219,17640000,6568
0,1764,17640000,17640000,132,219,17650000,6574
0,1765,17650000,17650000,132,219,17660000,6579
0,1766,17660000,17660000,132,219,17670000,6580
0,1767,17670000,17670000,132,219,17680000,6586
0,1768,17680000,17680000,132,219,17690000,6590
0,1769,17690000,17690000,132,219,17700000,6591
0,177,1770000,1770000,132,219,1780000,658
0,1770,17700000,17700000,132,219,17710000,6596
0,1771,17710000,17710000,132,219,17720000,6601
0,1772,17720000,17720000,132,219,17730000,6604
0,1773,17730000,17730000,132,219,17740000,6607
0,1774,17740000,17740000,132,219,17750000,6611
0,1775,17750000,17750000,132,219,17760000,6614
0,1776,17760000,17760000,132,219,17770000,6620
0,1777,17770000,17770000,132,219,17780000,6623
0,1778,17780000,17780000,132,219,17790000,6626
0,1779,17790000,17790000,132,219,17800000,6629
0,178,1780000,1780000,132,219,1790000,662
0,1780,17800000,17800000,132,219,17810000,6634
0,1781,17810000,17810000,132,219,17820000,6637
0,1782,17820000,17820000,132,219,17830000,6642
0,1783,17830000,17830000,132,219,17840000,6644
0,1784,17840000,17840000,132,219,17850000,6647
0,1785,17850000,17850000,132,219,17860000,6654
0,1786,17860000,17860000,132,219,17870000,6656
0,1787,17870000,17870000,132,219,17880000,6659
0,1788,17880000,17880000,132,219,17890000,6665
0,1789,17890000,17890000,132,219,17900000,6667
0,179,1790000,1790000,132,219,1800000,663
0,1790,17900000,17900000,132,219,17910000,6670
0,1791,17910000,17910000,132,219,17920000,6673
0,1792,17920000,17920000,132,219,17930000,6680
0,1793,17930000,17930000,132,219,17940000,6682
0,1794,17940000,17940000,132,219,17950000,6685
0,1795,17950000,17950000,132,219,17960000,6691
0,1796,17960000,17960000,132,219,17970000,6693
0,1797,17970000,17970000,132,219,17980000,6697
0,1798,17980000,17980000,132,219,17990000,6700
0,1799,17990000,17990000,132,219,18000000,6703
0,18,180000,180000,132,219,190000,65
0,180,1800000,1800000,132,219,1810000,669
0,1800,18000000,18000000,132,219,18010000,6710
0,1801,18010000,18010000,132,219,18020000,6712
0,1802,18020000,18020000,132,219,18030000,6716
0,1803,18030000,18030000,132,219,18040000,6719
0,1804,18040000,18040000,132,219,18050000,6723
0,1805,18050000,18050000,132,219,18060000,6726
0,1806,18060000,18060000,132,219,18070000,6731
0,1807,18070000,18070000,132,219,18080000,6734
0,1808,18080000,18080000,132,219,18090000,6737
0,1809,18090000,18090000,132,219,18100000,6743
0,181,1810000,1810000,132,219,1820000,672
0,1810,18100000,18100000,132,219,18110000,6747
0,1811,18110000,18110000,132,219,18120000,6748
0,1812,18120000,18120000,132,219,18130000,6753
0,1813,18130000,18130000,132,219,18140000,6757
0,1814,18140000,18140000,132,219,18150000,6758
0,1815,18150000,18150000,132,219,18160000,6764
0,1816,18160000,18160000,132,219,18170000,6770
0,1817,18170000,18170000,132,219,18180000,6772
0,1818,18180000,18180000,132,219,18190000,6775
0,1819,18190000,18190000,132,219,18200000,6777
0,182,1820000,1820000,132,219,1830000,676
0,1820,18200000,18200000,132,219,18210000,6784
0,1821,18210000,18210000,132,219,18220000,6787
0,1822,18220000,18220000,132,219,18230000,6790
0,1823,18230000,18230000,132,219,18240000,6793
0,1824,18240000,18240000,132,219,18250000,6798
0,1825,18250000,18250000,132,219,18260000,6802
0,1826,18260000,18260000,132,219,18270000,6804
0,1827,18270000,18270000,132,219,18280000,6810
0,1828,18280000,18280000,132,219,18290000,6813
0,1829,18290000,18290000,132,219,18300000,6814
0,183,1830000,1830000,132,219,1840000,679
0,1830,18300000,18300000,132,219,18310000,6821
0,1831,18310000,18310000,132,219,18320000,6824
0,1832,18320000,18320000,132,219,18330000,6828
0,1833,18330000,18330000,132,219,18340000,6831
0,1834,18340000,18340000,132,219,18350000,6835
0,1835,18350000,18350000,132,219,18360000,6838
0,1836,18360000,18360000,132,219,18370000,6842
0,1837,18370000,18370000,132,219,18380000,6848
0,1838,18380000,18380000,132,219,18390000,6849
0,1839,18390000,18390000,132,219,18400000,6852
0,184,1840000,1840000,132,219,1850000,683
0,1840,18400000,18400000,132,219,18410000,6858
0,1841,18410000,18410000,132,219,18420000,6861
0,1842,18420000,18420000,132,219,18430000,6866
0,1843,18430000,18430000,132,219,18440000,6868
0,1844,18440000,18440000,132,219,18450000,6872
0,1845,18450000,18450000,132,219,18460000,6877
0,1846,18460000,18460000,132,219,18470000,6879
0,1847,18470000,18470000,132,219,18480000,6881
0,1848,18480000,18480000,132,219,18490000,6889
0,1849,18490000,18490000,132,219,18500000,6891
0,185,1850000,1850000,132,219,1860000,688
0,1850,18500000,18500000,132,219,18510000,6894
0,1851,18510000,18510000,132,219,18520000,6899
0,1852,18520000,18520000,132,219,18530000,6903
0,1853,18530000,18530000,132,219,18540000,6905
0,1854,18540000,18540000,132,219,18550000,6908
0,1855,18550000,18550000,132,219,18560000,6914
0,1856,18560000,18560000,132,219,18570000,6917
0,1857,18570000,18570000,132,219,18580000,6921
0,1858,18580000,18580000,132,219,18590000,6925
0,1859,18590000,18590000,132,219,18600000,6927
0,186,1860000,1860000,132,219,1870000,691
0,1860,18600000,18600000,132,219,18610000,6933
0,1861,18610000,18610000,132,219,18620000,6935
0,1862,18620000,18620000,132,219,18630000,6939
0,1863,18630000,18630000,132,219,18640000,6942
0,1864,18640000,18640000,132,219,18650000,6947
0,1865,18650000,18650000,132,219,18660000,6952
0,1866,18660000,18660000,132,219,18670000,6955
0,1867,18670000,18670000,132,219,18680000,6958
0,1868,18680000,18680000,132,219,18690000,6960
0,1869,18690000,18690000,132,219,18700000,6965
0,187,1870000,1870000,132,219,1880000,695
0,1870,18700000,18700000,132,219,18710000,6970
0,1871,18710000,18710000,132,219,18720000,6971
0,1872,18720000,18720000,132,219,18730000,6979
0,1873,18730000,18730000,132,219,18740000,6981
0,1874,18740000,18740000,132,219,18750000,6982
0,1875,18750000,18750000,132,219,18760000,6988
0,1876,18760000,18760000,132,219,18770000,6993
0,1877,18770000,18770000,132,219,18780000,6995
0,1878,18780000,18780000,132,219,18790000,6998
0,1879,18790000,18790000,132,219,18800000,7002
0,188,1880000,1880000,132,219,1890000,697
0,1880,18800000,18800000,132,219,18810000,7007
0,1881,18810000,18810000,132,219,18820000,7011
0,1882,18820000,18820000,132,219,18830000,7014
0,1883,18830000,18830000,132,219,18840000,7017
0,1884,18840000,18840000,132,219,18850000,7021
0,1885,18850000,18850000,132,219,18860000,7025
0,1886,18860000,18860000,132,219,18870000,7029
0,1887,18870000,18870000,132,219,18880000,7033
0,1888,18880000,18880000,132,219,18890000,7037
0,1889,18890000,18890000,132,219,18900000,7038
0,189,1890000,1890000,132,219,1900000,702
0,1890,18900000,18900000,132,219,18910000,7045
0,1891,18910000,18910000,132,219,18920000,7047
0,1892,18920000,18920000,132,219,18930000,7051
0,1893,18930000,18930000,132,219,18940000,7056
0,1894,18940000,18940000,132,219,18950000,7058
0,1895,18950000,18950000,132,219,18960000,7061
0,1896,18960000,18960000,132,219,18970000,7066
0,1897,18970000,18970000,132,219,18980000,7072
0,1898,18980000,18980000,132,219,18990000,7073
0,1899,18990000,18990000,132,219,19000000,7076
0,19,190000,190000,132,219,200000,67
0,190,1900000,1900000,132,219,1910000,706
0,1900,19000000,19000000,132,219,19010000,7083
0,1901,19010000,19010000,132,219,19020000,7084
0,1902,19020000,19020000,132,219,19030000,7088
0,1903,19030000,19030000,132,219,19040000,7091
0,1904,19040000,19040000,132,219,19050000,7096
0,1905,19050000,19050000,132,219,19060000,7101
0,1906,19060000,19060000,132,219,19070000,7103
0,1907,19070000,19070000,132,219,19080000,7107
0,1908,19080000,19080000,132,219,19090000,7112
0,1909,19090000,19090000,132,219,19100000,7114
0,191,1910000,1910000,132,219,1920000,707
0,1910,19100000,19100000,132,219,19110000,7117
0,1911,19110000,19110000,132,219,19120000,7122
0,1912,19120000,19120000,132,219,19130000,7127
0,1913,19130000,19130000,132,219,19140000,7128
0,1914,19140000,19140000,132,219,19150000,7134
0,1915,19150000,19150000,132,219,19160000,7138
0,1916,19160000,19160000,132,219,19170000,7140
0,1917,19170000,19170000,132,219,19180000,7144
0,1918,19180000,19180000,132,219,19190000,7148
0,1919,19190000,19190000,132,219,19200000,7150
0,192,1920000,1920000,132,219,1930000,716
0,1920,19200000,19200000,132,219,19210000,7157
0,1921,19210000,19210000,132,219,19220000,7161
0,1922,19220000,19220000,132,219,19230000,7163
0,1923,19230000,19230000,132,219,19240000,7166
0,1924,19240000,19240000,132,219,19250000,7169
0,1925,19250000,19250000,132,219,19260000,7175
0,1926,19260000,19260000,132,219,19270000,7178
0,1927,19270000,19270000,132,219,19280000,7181
0,1928,19280000,19280000,132,219,19290000,7186
0,1929,19290000,19290000,132,219,19300000,7189
0,193,1930000,1930000,132,219,1940000,718
0,1930,19300000,19300000,132,219,19310000,7194
0,1931,19310000,19310000,132,219,19320000,7195
0,1932,19320000,19320000,132,219,19330000,7202
0,1933,19330000,19330000,132,219,19340000,7204
0,1934,19340000,19340000,132,219,19350000,7205
0,1935,19350000,19350000,132,219,19360000,7212
0,1936,19360000,19360000,132,219,19370000,7217
0,1937,19370000,19370000,132,219,19380000,7219
0,1938,19380000,19380000,132,219,19390000,7222
0,1939,19390000,19390000,132,219,19400000,7226
0,194,1940000,1940000,132,219,1950000,719
0,1940,19400000,19400000,132,219,19410000,7230
0,1941,19410000,19410000,132,219,19420000,7234
0,1942,19420000,19420000,132,219,19430000,7239
0,1943,19430000,19430000,132,219,19440000,7240
0,1944,19440000,19440000,132,219,19450000,7245
0,1945,19450000,19450000,132,219,19460000,7249
0,1946,19460000,19460000,132,219,19470000,7252
0,1947,19470000,19470000,132,219,19480000,7257
0,1948,19480000,19480000,132,219,19490000,7260
0,1949,19490000,19490000,132,219,19500000,7263
0,195,1950000,1950000,132,219,1960000,724
0,1950,19500000,19500000,132,219,19510000,7268
0,1951,19510000,19510000,132,219,19520000,7270
0,1952,19520000,19520000,132,219,19530000,7275
0,1953,19530000,19530000,132,219,19540000,7280
0,1954,19540000,19540000,132,219,19550000,7282
0,1955,19550000,19550000,132,219,19560000,7285
0,1956,19560000,19560000,132,219,19570000,7291
0,1957,19570000,19570000,132,219,19580000,7294
0,1958,19580000,19580000,132,219,19590000,7296
0,1959,19590000,19590000,132,219,19600000,7299
0,196,1960000,1960000,132,219,1970000,729
0,1960,19600000,19600000,132,219,19610000,7307
0,1961,19610000,19610000,132,219,19620000,7308
0,1962,19620000,19620000,132,219,19630000,7312
0,1963,19630000,19630000,132,219,19640000,7317
0,1964,19640000,19640000,132,219,19650000,7319
0,1965,19650000,19650000,132,219,19660000,7324
0,1966,19660000,19660000,132,219,19670000,7326
0,1967,19670000,19670000,132,219,19680000,7330
0,1968,19680000,19680000,132,219,19690000,7335
0,1969,19690000,19690000,132,219,19700000,7338
0,197,1970000,1970000,132,219,1980000,731
0,1970,19700000,19700000,132,219,19710000,7343
0,1971,19710000,19710000,132,219,19720000,7346
0,1972,19720000,19720000,132,219,19730000,7350
0,1973,19730000,19730000,132,219,19740000,7351
0,1974,19740000,19740000,132,219,19750000,7357
0,1975,19750000,19750000,132,219,19760000,7361
0,1976,19760000,19760000,132,219,19770000,7364
0,1977,19770000,19770000,132,219,19780000,7370
0,1978,19780000,19780000,132,219,19790000,7372
0,1979,19790000,19790000,132,219,19800000,7373
0,198,1980000,1980000,132,219,1990000,735
0,1980,19800000,19800000,132,219,19810000,7380
0,1981,19810000,19810000,132,219,19820000,7384
0,1982,19820000,19820000,132,219,19830000,7386
0,1983,19830000,19830000,132,219,19840000,7389
0,1984,19840000,19840000,132,219,19850000,7395
0,1985,19850000,19850000,132,219,19860000,7399
0,1986,19860000,19860000,132,219,19870000,7402
0,1987,19870000,19870000,132,219,19880000,7405
0,1988,19880000,19880000,132,219,19890000,7409
0,1989,19890000,19890000,132,219,19900000,7412
0,199,1990000,1990000,132,219,2000000,739
0,1990,19900000,19900000,132,219,19910000,7416
0,1991,19910000,19910000,132,219,19920000,7420
0,1992,19920000,19920000,132,219,19930000,7426
0,1993,19930000,19930000,132,219,19940000,7428
0,1994,19940000,19940000,132,219,19950000,7429
0,1995,19950000,19950000,132,219,19960000,7436
0,1996,19960000,19960000,132,219,19970000,7440
0,1997,19970000,19970000,132,219,19980000,7442
0,1998,19980000,19980000,132,219,19990000,7447
0,1999,19990000,19990000,132,219,20000000,7449
0,2,20000,20000,132,219,30000,4
0,20,200000,200000,132,219,210000,71
0,200,2000000,2000000,132,219,2010000,744
0,2000,20000000,20000000,132,219,20010000,7454
0,2001,20010000,20010000,132,219,20020000,7457
0,2002,20020000,20020000,132,219,20030000,7463
0,2003,20030000,20030000,132,219,20040000,7464
0,2004,20040000,20040000,132,219,20050000,7468
0,2005,20050000,20050000,132,219,20060000,7474
0,2006,20060000,20060000,132,219,20070000,7475
0,2007,20070000,20070000,132,219,20080000,7480
0,2008,20080000,20080000,132,219,20090000,7484
0,2009,20090000,20090000,132,219,20100000,7487
0,201,2010000,2010000,132,219,2020000,747
0,2010,20100000,20100000,132,219,20110000,7492
0,2011,20110000,20110000,132,219,20120000,7494
0,2012,20120000,20120000,132,219,20130000,7499
0,2013,20130000,20130000,132,219,20140000,7503
0,2014,20140000,20140000,132,219,20150000,7505
0,2015,20150000,20150000,132,219,20160000,7508
0,2016,20160000,20160000,132,219,20170000,7515
0,2017,20170000,20170000,132,219,20180000,7518
0,2018,20180000,20180000,132,219,20190000,7520
0,2019,20190000,20190000,132,219,20200000,7525
0,202,2020000,2020000,132,219,2030000,750
0,2020,20200000,20200000,132,219,20210000,7530
0,2021,20210000,20210000,132,219,20220000,7531
0,2022,20220000,20220000,132,219,20230000,7535
0,2023,20230000,20230000,132,219,20240000,7539
0,2024,20240000,20240000,132,219,20250000,7543
0,2025,20250000,20250000,132,219,20260000,7548
0,2026,20260000,20260000,132,219,20270000,7552
0,2027,20270000,20270000,132,219,20280000,7554
0,2028,20280000,20280000,132,219,20290000,7558
0,2029,20290000,20290000,132,219,20300000,7561
0,203,2030000,2030000,132,219,2040000,754
0,2030,20300000,20300000,132,219,20310000,7566
0,2031,20310000,20310000,132,219,20320000,7569
0,2032,20320000,20320000,132,219,20330000,7574
0,2033,20330000,20330000,132,219,20340000,7577
0,2034,20340000,20340000,132,219,20350000,7580
0,2035,20350000,20350000,132,219,20360000,7585
0,2036,20360000,20360000,132,219,20370000,7587
0,2037,20370000,20370000,132,219,20380000,7593
0,2038,20380000,20380000,132,219,20390000,7595
0,2039,20390000,20390000,132,219,20400000,7596
0,204,2040000,2040000,132,219,2050000,758
0,2040,20400000,20400000,132,219,20410000,7606
0,2041,20410000,20410000,132,219,20420000,7608
0,2042,20420000,20420000,132,219,20430000,7610
0,2043,20430000,20430000,132,219,20440000,7613
0,2044,20440000,20440000,132,219,20450000,7618
0,2045,20450000,20450000,132,219,20460000,7621
0,2046,20460000,20460000,132,219,20470000,7625
0,2047,20470000,20470000,132,219,20480000,7630
0,2048,20480000,20480000,132,219,20490000,7633
0,2049,20490000,20490000,132,219,20500000,7636
0,205,2050000,2050000,132,219,2060000,762
0,2050,20500000,20500000,132,219,20510000,7640
0,2051,20510000,20510000,132,219,20520000,7644
0,2052,20520000,20520000,132,219,20530000,7649
0,2053,20530000,20530000,132,219,20540000,7651
0,2054,20540000,20540000,132,219,20550000,7654
0,2055,20550000,20550000,132,219,20560000,7659
0,2056,20560000,20560000,132,219,20570000,7663
0,2057,20570000,20570000,132,219,20580000,7666
0,2058,20580000,20580000,132,219,20590000,7671
0,2059,20590000,20590000,132,219,20600000,7673
0,206,2060000,2060000,132,219,2070000,765
0,2060,20600000,20600000,132,219,20610000,7677
0,2061,20610000,20610000,132,219,20620000,7682
0,2062,20620000,20620000,132,219,20630000,7686
0,2063,20630000,20630000,132,219,20640000,7687
0,2064,20640000,20640000,132,219,20650000,7692
0,2065,20650000,20650000,132,219,20660000,7698
0,2066,20660000,20660000,132,219,20670000,7699
0,2067,20670000,20670000,132,219,20680000,7703
0,2068,20680000,20680000,132,219,20690000,7709
0,2069,20690000,20690000,132,219,20700000,7710
0,207,2070000,2070000,132,219,2080000,769
0,2070,20700000,20700000,132,219,20710000,7715
0,2071,20710000,20710000,132,219,20720000,7717
0,2072,20720000,20720000,132,219,20730000,7723
0,2073,20730000,20730000,132,219,20740000,7727
0,2074,20740000,20740000,132,219,20750000,7729
0,2075,20750000,20750000,132,219,20760000,7734
0,2076,20760000,20760000,132,219,20770000,7738
0,2077,20770000,20770000,132,219,20780000,7741
0,2078,20780000,20780000,132,219,20790000,7742
0,2079,20790000,20790000,132,219,20800000,7748
0,208,2080000,2080000,132,219,2090000,773
0,2080,20800000,20800000,132,219,20810000,7754
0,2081,20810000,20810000,132,219,20820000,7755
0,2082,20820000,20820000,132,219,20830000,7761
0,2083,20830000,20830000,132,219,20840000,7763
0,2084,20840000,20840000,132,219,20850000,7766
0,2085,20850000,20850000,132,219,20860000,7771
0,2086,20860000,20860000,132,219,20870000,7775
0,2087,20870000,20870000,132,219,20880000,7777
0,2088,20880000,20880000,132,219,20890000,7782
0,2089,20890000,20890000,132,219,20900000,7786
0,209,2090000,2090000,132,219,2100000,775
0,2090,20900000,20900000,132,219,20910000,7790
0,2091,20910000,20910000,132,219,20920000,7793
0,2092,20920000,20920000,132,219,20930000,7797
0,2093,20930000,20930000,132,219,20940000,7800
0,2094,20940000,20940000,132,219,20950000,7803
0,2095,20950000,20950000,132,219,20960000,7808
0,2096,20960000,20960000,132,219,20970000,7813
0,2097,20970000,20970000,132,219,20980000,7817
0,2098,20980000,20980000,132,219,20990000,7819
0,2099,20990000,20990000,132,219,21000000,7820
0,21,210000,210000,132,219,220000,76
0,210,2100000,2100000,132,219,2110000,782
0,2100,21000000,21000000,132,219,21010000,7828
0,2101,21010000,21010000,132,219,21020000,7831
0,2102,21020000,21020000,132,219,21030000,7833
0,2103,21030000,21030000,132,219,21040000,7838
0,2104,21040000,21040000,132,219,21050000,7842
0,2105,21050000,21050000,132,219,21060000,7845
0,2106,21060000,21060000,132,219,21070000,7849
0,2107,21070000,21070000,132,219,21080000,7854
0,2108,21080000,21080000,132,219,21090000,7856
0,2109,21090000,21090000,132,219,21100000,7859
0,211,2110000,2110000,132,219,2120000,784
0,2110,21100000,21100000,132,219,21110000,7865
0,2111,21110000,21110000,132,219,21120000,7866
0,2112,21120000,21120000,132,219,21130000,7873
0,2113,21130000,21130000,132,219,21140000,7875
0,2114,21140000,21140000,132,219,21150000,7878
0,2115,21150000,21150000,132,219,21160000,7883
0,2116,21160000,21160000,132,219,21170000,7886
0,2117,21170000,21170000,132,219,21180000,7891
0,2118,21180000,21180000,132,219,21190000,7894
0,2119,21190000,21190000,132,219,21200000,7896
0,212,2120000,2120000,132,219,2130000,787
0,2120,21200000,21200000,132,219,21210000,7901
0,2121,21210000,21210000,132,219,21220000,7906
0,2122,21220000,21220000,132,219,21230000,7909
0,2123,21230000,21230000,132,219,21240000,7911
0,2124,21240000,21240000,132,219,21250000,7917
0,2125,21250000,21250000,132,219,21260000,7921
0,2126,21260000,21260000,132,219,21270000,7922
0,2127,21270000,21270000,132,219,21280000,7926
0,2128,21280000,21280000,132,219,21290000,7933
0,2129,21290000,21290000,132,219,21300000,7934
0,213,2130000,2130000,132,219,2140000,792
0,2130,21300000,21300000,132,219,21310000,7939
0,2131,21310000,21310000,132,219,21320000,7943
0,2132,21320000,21320000,132,219,21330000,7946
0,2133,21330000,21330000,132,219,21340000,7949
0,2134,21340000,21340000,132,219,21350000,7952
0,2135,21350000,21350000,132,219,21360000,7957
0,2136,21360000,21360000,132,219,21370000,7962
0,2137,21370000,21370000,132,219,21380000,7965
0,2138,21380000,21380000,132,219,21390000,7968
0,2139,21390000,21390000,132,219,21400000,7972
0,214,2140000,2140000,132,219,2150000,795
0,2140,21400000,21400000,132,219,21410000,7977
0,2141,21410000,21410000,132,219,21420000,7978
0,2142,21420000,21420000,132,219,21430000,7984
0,2143,21430000,21430000,132,219,21440000,7986
0,2144,21440000,21440000,132,219,21450000,7989
0,2145,21450000,21450000,132,219,21460000,7997
0,2146,21460000,21460000,132,219,21470000,7999
0,2147,21470000,21470000,132,219,21480000,8001
0,2148,21480000,21480000,132,219,21490000,8005
0,2149,21490000,21490000,132,219,21500000,8009
0,215,2150000,2150000,132,219,2160000,798
0,2150,21500000,21500000,132,219,21510000,8013
0,2151,21510000,21510000,132,219,21520000,8016
0,2152,21520000,21520000,132,219,21530000,8023
0,2153,21530000,21530000,132,219,21540000,8024
0,2154,21540000,21540000,132,219,21550000,8027
0,2155,21550000,21550000,132,219,21560000,8031
0,2156,21560000,21560000,132,219,21570000,8036
0,2157,21570000,21570000,132,219,21580000,8040
0,2158,21580000,21580000,132,219,21590000,8042
0,2159,21590000,21590000,132,219,21600000,8045
0,216,2160000,2160000,132,219,2170000,803
0,2160,21600000,21600000,132,219,21610000,8052
0,2161,21610000,21610000,132,219,21620000,8055
0,2162,21620000,21620000,132,219,21630000,8057
0,2163,21630000,21630000,132,219,21640000,8062
0,2164,21640000,21640000,132,219,21650000,8065
0,2165,21650000,21650000,132,219,21660000,8068
0,2166,21660000,21660000,132,219,21670000,8073
0,2167,21670000,21670000,132,219,21680000,8077
0,2168,21680000,21680000,132,219,21690000,8080
0,2169,21690000,21690000,132,219,21700000,8083
0,217,2170000,2170000,132,219,2180000,808
0,2170,21700000,21700000,132,219,21710000,8089
0,2171,21710000,21710000,132,219,21720000,8090
0,2172,21720000,21720000,132,219,21730000,8096
0,2173,21730000,21730000,132,219,21740000,8100
0,2174,21740000,21740000,132,219,21750000,8101
0,2175,21750000,21750000,132,219,21760000,8106
0,2176,21760000,21760000,132,219,21770000,8110
0,2177,21770000,21770000,132,219,21780000,8114
0,2178,21780000,21780000,132,219,21790000,8118
0,2179,21790000,21790000,132,219,21800000,8120
0,218,2180000,2180000,132,219,2190000,809
0,2180,21800000,21800000,132,219,21810000,8126
0,2181,21810000,21810000,132,219,21820000,8129
0,2182,21820000,21820000,132,219,21830000,8132
0,2183,21830000,21830000,132,219,21840000,8134
0,2184,21840000,21840000,132,219,21850000,8141
0,2185,21850000,21850000,132,219,21860000,8145
0,2186,21860000,21860000,132,219,21870000,8146
0,2187,21870000,21870000,132,219,21880000,8152
0,2188,21880000,21880000,132,219,21890000,8155
0,2189,21890000,21890000,132,219,21900000,8157
0,219,2190000,2190000,132,219,2200000,812
0,2190,21900000,21900000,132,219,21910000,8162
0,2191,21910000,21910000,132,219,21920000,8166
0,2192,21920000,21920000,132,219,21930000,8170
0,2193,21930000,21930000,132,219,21940000,8173
0,2194,21940000,21940000,132,219,21950000,8178
0,2195,21950000,21950000,132,219,21960000,8181
0,2196,21960000,21960000,132,219,21970000,8185
0,2197,21970000,21970000,132,219,21980000,8188
0,2198,21980000,21980000,132,219,21990000,8191
0,2199,21990000,21990000,132,219,22000000,8194
0,22,220000,220000,132,219,230000,80
0,220,2200000,2200000,132,219,2210000,820
0,2200,22000000,22000000,132,219,22010000,8201
0,2201,22010000,22010000,132,219,22020000,8204
0,2202,22020000,22020000,132,219,22030000,8208
0,2203,22030000,22030000,132,219,22040000,8210
0,2204,22040000,22040000,132,219,22050000,8212
0,2205,22050000,22050000,132,219,22060000,8220
0,2206,22060000,22060000,132,219,22070000,8222
0,2207,22070000,22070000,132,219,22080000,8224
0,2208,22080000,22080000,132,219,22090000,8231
0,2209,22090000,22090000,132,219,22100000,8233
0,221,2210000,2210000,132,219,2220000,821
0,2210,22100000,22100000,132,219,22110000,8236
0,2211,22110000,22110000,132,219,22120000,8240
0,2212,22120000,22120000,132,219,22130000,8246
0,2213,22130000,22130000,132,219,22140000,8247
0,2214,22140000,22140000,132,219,22150000,8250
0,2215,22150000,22150000,132,219,22160000,8256
0,2216,22160000,22160000,132,219,22170000,8260
0,2217,22170000,22170000,132,219,22180000,8264
0,2218,22180000,22180000,132,219,22190000,8266
0,2219,22190000,22190000,132,219,22200000,8269
0,222,2220000,2220000,132,219,2230000,825
0,2220,22200000,22200000,132,219,22210000,8275
0,2221,22210000,22210000,132,219,22220000,8277
0,2222,22220000,22220000,132,219,22230000,8282
0,2223,22230000,22230000,132,219,22240000,8285
0,2224,22240000,22240000,132,219,22250000,8289
0,2225,22250000,22250000,132,219,22260000,8292
0,2226,22260000,22260000,132,219,22270000,8297
0,2227,22270000,22270000,132,219,22280000,8301
0,2228,22280000,22280000,132,219,22290000,8303
0,2229,22290000,22290000,132,219,22300000,8308
0,223,2230000,2230000,132,219,2240000,827
0,2230,22300000,22300000,132,219,22310000,8312
0,2231,22310000,22310000,132,219,22320000,8313
0,2232,22320000,22320000,132,219,22330000,8319
0,2233,22330000,22330000,132,219,22340000,8324
0,2234,22340000,22340000,132,219,22350000,8325
0,2235,22350000,22350000,132,219,22360000,8330
0,2236,22360000,22360000,132,219,22370000,8335
0,2237,22370000,22370000,132,219,22380000,8337
0,2238,22380000,22380000,132,219,22390000,8341
0,2239,22390000,22390000,132,219,22400000,8343
0,224,2240000,2240000,132,219,2250000,832
0,2240,22400000,22400000,132,219,22410000,8350
0,2241,22410000,22410000,132,219,22420000,8353
0,2242,22420000,22420000,132,219,22430000,8356
0,2243,22430000,22430000,132,219,22440000,8359
0,2244,22440000,22440000,132,219,22450000,8364
0,2245,22450000,22450000,132,219,22460000,8368
0,2246,22460000,22460000,132,219,22470000,8369
0,2247,22470000,22470000,132,219,22480000,8375
0,2248,22480000,22480000,132,219,22490000,8379
0,2249,22490000,22490000,132,219,22500000,8381
0,225,2250000,2250000,132,219,2260000,838
0,2250,22500000,22500000,132,219,22510000,8388
0,2251,22510000,22510000,132,219,22520000,8390
0,2252,22520000,22520000,132,219,22530000,8393
0,2253,22530000,22530000,132,219,22540000,8396
0,2254,22540000,22540000,132,219,22550000,8400
0,2255,22550000,22550000,132,219,22560000,8404
0,2256,22560000,22560000,132,219,22570000,8409
0,2257,22570000,22570000,132,219,22580000,8414
0,2258,22580000,22580000,132,219,22590000,8415
0,2259,22590000,22590000,132,219,22600000,8418
0,226,2260000,2260000,132,219,2270000,840
0,2260,22600000,22600000,132,219,22610000,8424
0,2261,22610000,22610000,132,219,22620000,8427
0,2262,22620000,22620000,132,219,22630000,8431
0,2263,22630000,22630000,132,219,22640000,8433
0,2264,22640000,22640000,132,219,22650000,8438
0,2265,22650000,22650000,132,219,22660000,8443
0,2266,22660000,22660000,132,219,22670000,8446
0,2267,22670000,22670000,132,219,22680000,8448
0,2268,22680000,22680000,132,219,22690000,8454
0,2269,22690000,22690000,132,219,22700000,8456
0,227,2270000,2270000,132,219,2280000,844
0,2270,22700000,22700000,132,219,22710000,8459
0,2271,22710000,22710000,132,219,22720000,8465
0,2272,22720000,22720000,132,219,22730000,8470
0,2273,22730000,22730000,132,219,22740000,8471
0,2274,22740000,22740000,132,219,22750000,8474
0,2275,22750000,22750000,132,219,22760000,8480
0,2276,22760000,22760000,132,219,22770000,8482
0,2277,22770000,22770000,132,219,22780000,8487
0,2278,22780000,22780000,132,219,22790000,8491
0,2279,22790000,22790000,132,219,22800000,8492
0,228,2280000,2280000,132,219,2290000,848
0,2280,22800000,22800000,132,219,22810000,8499
0,2281,22810000,22810000,132,219,22820000,8501
0,2282,22820000,22820000,132,219,22830000,8506
0,2283,22830000,22830000,132,219,22840000,8509
0,2284,22840000,22840000,132,219,22850000,8512
0,2285,22850000,22850000,132,219,22860000,8517
0,2286,22860000,22860000,132,219,22870000,8520
0,2287,22870000,22870000,132,219,22880000,8523
0,2288,22880000,22880000,132,219,22890000,8527
0,2289,22890000,22890000,132,219,22900000,8532
0,229,2290000,2290000,132,219,2300000,850
0,2290,22900000,22900000,132,219,22910000,8536
0,2291,22910000,22910000,132,219,22920000,8537
0,2292,22920000,22920000,132,219,22930000,8544
0,2293,22930000,22930000,132,219,22940000,8547
0,2294,22940000,22940000,132,219,22950000,8548
0,2295,22950000,22950000,132,219,22960000,8553
0,2296,22960000,22960000,132,219,22970000,8559
0,2297,22970000,22970000,132,219,22980000,8561
0,2298,22980000,22980000,132,219,22990000,8564
0,2299,22990000,22990000,132,219,23000000,8569
0,23,230000,230000,132,219,240000,81
0,230,2300000,2300000,132,219,2310000,853
0,2300,23000000,23000000,132,219,23010000,8573
0,2301,23010000,23010000,132,219,23020000,8576
0,2302,23020000,23020000,132,219,23030000,8579
0,2303,23030000,23030000,132,219,23040000,8582
0,2304,23040000,23040000,132,219,23050000,8588
0,2305,23050000,23050000,132,219,23060000,8592
0,2306,23060000,23060000,132,219,23070000,8595
0,2307,23070000,23070000,132,219,23080000,8599
0,2308,23080000,23080000,132,219,23090000,8602
0,2309,23090000,23090000,132,219,23100000,8603
0,231,2310000,2310000,132,219,2320000,859
0,2310,23100000,23100000,132,219,23110000,8611
0,2311,23110000,23110000,132,219,23120000,8613
0,2312,23120000,23120000,132,219,23130000,8617
0,2313,23130000,23130000,132,219,23140000,8622
0,2314,23140000,23140000,132,219,23150000,8624
0,2315,23150000,23150000,132,219,23160000,8628
0,2316,23160000,23160000,132,219,23170000,8632
0,2317,23170000,23170000,132,219,23180000,8637
0,2318,23180000,23180000,132,219,23190000,8638
0,2319,23190000,23190000,132,219,23200000,8641
0,232,2320000,2320000,132,219,2330000,864
0,2320,23200000,23200000,132,219,23210000,8649
0,2321,23210000,23210000,132,219,23220000,8651
0,2322,23220000,23220000,132,219,23230000,8655
0,2323,23230000,23230000,132,219,23240000,8657
0,2324,23240000,23240000,132,219,23250000,8661
0,2325,23250000,23250000,132,219,23260000,8666
0,2326,23260000,23260000,132,219,23270000,8669
0,2327,23270000,23270000,132,219,23280000,8673
0,2328,23280000,23280000,132,219,23290000,8678
0,2329,23290000,23290000,132,219,23300000,8680
0,233,2330000,2330000,132,219,2340000,865
0,2330,23300000,23300000,132,219,23310000,8683
0,2331,23310000,23310000,132,219,23320000,8688
0,2332,23320000,23320000,132,219,23330000,8693
0,2333,23330000,23330000,132,219,23340000,8694
0,2334,23340000,23340000,132,219,23350000,8699
0,2335,23350000,23350000,132,219,23360000,8703
0,2336,23360000,23360000,132,219,23370000,8706
0,2337,23370000,23370000,132,219,23380000,8711
0,2338,23380000,23380000,132,219,23390000,8715
0,2339,23390000,23390000,132,219,23400000,8716
0,234,2340000,2340000,132,219,2350000,870
0,2340,23400000,23400000,132,219,23410000,8722
0,2341,23410000,23410000,132,219,23420000,8726
0,2342,23420000,23420000,132,219,23430000,8728
0,2343,23430000,23430000,132,219,23440000,8732
0,2344,23440000,23440000,132,219,23450000,8736
0,2345,23450000,23450000,132,219,23460000,8741
0,2346,23460000,23460000,132,219,23470000,8744
0,2347,23470000,23470000,132,219,23480000,8747
0,2348,23480000,23480000,132,219,23490000,8752
0,2349,23490000,23490000,132,219,23500000,8755
0,235,2350000,2350000,132,219,2360000,874
0,2350,23500000,23500000,132,219,23510000,8759
0,2351,23510000,23510000,132,219,23520000,8760
0,2352,23520000,23520000,132,219,23530000,8768
0,2353,23530000,23530000,132,219,23540000,8770
0,2354,23540000,23540000,132,219,23550000,8772
0,2355,23550000,23550000,132,219,23560000,8779
0,2356,23560000,23560000,132,219,23570000,8782
0,2357,23570000,23570000,132,219,23580000,8784
0,2358,23580000,23580000,132,219,23590000,8787
0,2359,23590000,23590000,132,219,23600000,8792
0,236,2360000,2360000,132,219,2370000,877
0,2360,23600000,23600000,132,219,23610000,8797
0,2361,23610000,23610000,132,219,23620000,8800
0,2362,23620000,23620000,132,219,23630000,8805
0,2363,23630000,23630000,132,219,23640000,8806
0,2364,23640000,23640000,132,219,23650000,8810
0,2365,23650000,23650000,132,219,23660000,8815
0,2366,23660000,23660000,132,219,23670000,8818
0,2367,23670000,23670000,132,219,23680000,8822
0,2368,23680000,23680000,132,219,23690000,8826
0,2369,23690000,23690000,132,219,23700000,8829
0,237,2370000,2370000,132,219,2380000,881
0,2370,23700000,23700000,132,219,23710000,8835
0,2371,23710000,23710000,132,219,23720000,8837
0,2372,23720000,23720000,132,219,23730000,8840
0,2373,23730000,23730000,132,219,23740000,8845
0,2374,23740000,23740000,132,219,23750000,8847
0,2375,23750000,23750000,132,219,23760000,8850
0,2376,23760000,23760000,132,219,23770000,8858
0,2377,23770000,23770000,132,219,23780000,8861
0,2378,23780000,23780000,132,219,23790000,8862
0,2379,23790000,23790000,132,219,23800000,8865
0,238,2380000,2380000,132,219,2390000,885
0,2380,23800000,23800000,132,219,23810000,8872
0,2381,23810000,23810000,132,219,23820000,8874
0,2382,23820000,23820000,132,219,23830000,8878
0,2383,23830000,23830000,132,219,23840000,8882
0,2384,23840000,23840000,132,219,23850000,8885
0,2385,23850000,23850000,132,219,23860000,8890
0,2386,23860000,23860000,132,219,23870000,8892
0,2387,23870000,23870000,132,219,23880000,8897
0,2388,23880000,23880000,132,219,23890000,8901
0,2389,23890000,23890000,132,219,23900000,8903
0,239,2390000,2390000,132,219,2400000,886
0,2390,23900000,23900000,132,219,23910000,8908
0,2391,23910000,23910000,132,219,23920000,8911
0,2392,23920000,23920000,132,219,23930000,8917
0,2393,23930000,23930000,132,219,23940000,8918
0,2394,23940000,23940000,132,219,23950000,8923
0,2395,23950000,23950000,132,219,23960000,8927
0,2396,23960000,23960000,132,219,23970000,8929
0,2397,23970000,23970000,132,219,23980000,8935
0,2398,23980000,23980000,132,219,23990000,8938
0,2399,23990000,23990000,132,219,24000000,8939
0,24,240000,240000,132,219,250000,88
0,240,2400000,2400000,132,219,2410000,893
0,2400,24000000,24000000,132,219,24010000,8946
0,2401,24010000,24010000,132,219,24020000,8950
0,2402,24020000,24020000,132,219,24030000,8952
0,2403,24030000,24030000,132,219,24040000,8956
0,2404,24040000,24040000,132,219,24050000,8961
0,2405,24050000,24050000,132,219,24060000,8964
0,2406,24060000,24060000,132,219,24070000,8967
0,2407,24070000,24070000,132,219,24080000,8970
0,2408,24080000,24080000,132,219,24090000,8975
0,2409,24090000,24090000,132,219,24100000,8979
0,241,2410000,2410000,132,219,2420000,897
0,2410,24100000,24100000,132,219,24110000,8983
0,2411,24110000,24110000,132,219,24120000,8986
0,2412,24120000,24120000,132,219,24130000,8991
0,2413,24130000,24130000,132,219,24140000,8993
0,2414,24140000,24140000,132,219,24150000,8995
0,2415,24150000,24150000,132,219,24160000,9002
0,2416,24160000,24160000,132,219,24170000,9006
0,2417,24170000,24170000,132,219,24180000,9008
0,2418,24180000,24180000,132,219,24190000,9013
0,2419,24190000,24190000,132,219,24200000,9015
0,242,2420000,2420000,132,219,2430000,900
0,2420,24200000,24200000,132,219,24210000,9020
0,2421,24210000,24210000,132,219,24220000,9023
0,2422,24220000,24220000,132,219,24230000,9028
0,2423,24230000,24230000,132,219,24240000,9029
0,2424,24240000,24240000,132,219,24250000,9034
0,2425,24250000,24250000,132,219,24260000,9041
0,2426,24260000,24260000,132,219,24270000,9042
0,2427,24270000,24270000,132,219,24280000,9046
0,2428,24280000,24280000,132,219,24290000,9049
0,2429,24290000,24290000,132,219,24300000,9052
0,243,2430000,2430000,132,219,2440000,903
0,2430,24300000,24300000,132,219,24310000,9057
0,2431,24310000,24310000,132,219,24320000,9060
0,2432,24320000,24320000,132,219,24330000,9066
0,2433,24330000,24330000,132,219,24340000,9069
0,2434,24340000,24340000,132,219,24350000,9071
0,2435,24350000,24350000,132,219,24360000,9074
0,2436,24360000,24360000,132,219,24370000,9081
0,2437,24370000,24370000,132,219,24380000,9084
0,2438,24380000,24380000,132,219,24390000,9085
0,2439,24390000,24390000,132,219,24400000,9090
0,244,2440000,2440000,132,219,2450000,906
0,2440,24400000,24400000,132,219,24410000,9096
0,2441,24410000,24410000,132,219,24420000,9097
0,2442,24420000,24420000,132,219,24430000,9102
0,2443,24430000,24430000,132,219,24440000,9106
0,2444,24440000,24440000,132,219,24450000,9108
0,2445,24450000,24450000,132,219,24460000,9113
0,2446,24460000,24460000,132,219,24470000,9117
0,2447,24470000,24470000,132,219,24480000,9120
0,2448,24480000,24480000,132,219,24490000,9125
0,2449,24490000,24490000,132,219,24500000,9127
0,245,2450000,2450000,132,219,2460000,911
0,2450,24500000,24500000,132,219,24510000,9132
0,2451,24510000,24510000,132,219,24520000,9135
0,2452,24520000,24520000,132,219,24530000,9139
0,2453,24530000,24530000,132,219,24540000,9143
0,2454,24540000,24540000,132,219,24550000,9146
0,2455,24550000,24550000,132,219,24560000,9150
0,2456,24560000,24560000,132,219,24570000,9153
0,2457,24570000,24570000,132,219,24580000,9159
0,2458,24580000,24580000,132,219,24590000,9162
0,2459,24590000,24590000,132,219,24600000,9163
0,246,2460000,2460000,132,219,2470000,914
0,2460,24600000,24600000,132,219,24610000,9171
0,2461,24610000,24610000,132,219,24620000,9173
0,2462,24620000,24620000,132,219,24630000,9175
0,2463,24630000,24630000,132,219,24640000,9178
0,2464,24640000,24640000,132,219,24650000,9185
0,2465,24650000,24650000,132,219,24660000,9188
0,2466,24660000,24660000,132,219,24670000,9191
0,2467,24670000,24670000,132,219,24680000,9196
0,2468,24680000,24680000,132,219,24690000,9198
0,2469,24690000,24690000,132,219,24700000,9202
0,247,2470000,2470000,132,219,2480000,918
0,2470,24700000,24700000,132,219,24710000,9206
0,2471,24710000,24710000,132,219,24720000,9209
0,2472,24720000,24720000,132,219,24730000,9215
0,2473,24730000,24730000,132,219,24740000,9217
0,2474,24740000,24740000,132,219,24750000,9220
0,2475,24750000,24750000,132,219,24760000,9226
0,2476,24760000,24760000,132,219,24770000,9229
0,2477,24770000,24770000,132,219,24780000,9231
0,2478,24780000,24780000,132,219,24790000,9236
0,2479,24790000,24790000,132,219,24800000,9238
0,248,2480000,2480000,132,219,2490000,923
0,2480,24800000,24800000,132,219,24810000,9244
0,2481,24810000,24810000,132,219,24820000,9249
0,2482,24820000,24820000,132,219,24830000,9252
0,2483,24830000,24830000,132,219,24840000,9253
0,2484,24840000,24840000,132,219,24850000,9257
0,2485,24850000,24850000,132,219,24860000,9263
0,2486,24860000,24860000,132,219,24870000,9265
0,2487,24870000,24870000,132,219,24880000,9269
0,2488,24880000,24880000,132,219,24890000,9275
0,2489,24890000,24890000,132,219,24900000,9276
0,249,2490000,2490000,132,219,2500000,926
0,2490,24900000,24900000,132,219,24910000,9281
0,2491,24910000,24910000,132,219,24920000,9284
0,2492,24920000,24920000,132,219,24930000,9289
0,2493,24930000,24930000,132,219,24940000,9292
0,2494,24940000,24940000,132,219,24950000,9294
0,2495,24950000,24950000,132,219,24960000,9299
0,2496,24960000,24960000,132,219,24970000,9304
0,2497,24970000,24970000,132,219,24980000,9308
0,2498,24980000,24980000,132,219,24990000,9309
0,2499,24990000,24990000,132,219,25000000,9314
0,25,250000,250000,132,219,260000,92
0,250,2500000,2500000,132,219,2510000,930
0,2500,25000000,25000000,132,219,25010000,9319
0,2501,25010000,25010000,132,219,25020000,9320
0,2502,25020000,25020000,132,219,25030000,9327
0,2503,25030000,25030000,132,219,25040000,9329
0,2504,25040000,25040000,132,219,25050000,9332
0,2505,25050000,25050000,132,219,25060000,9337
0,2506,25060000,25060000,132,219,25070000,9341
0,2507,25070000,25070000,132,219,25080000,9343
0,2508,25080000,25080000,132,219,25090000,9348
0,2509,25090000,25090000,132,219,25100000,9352
0,251,2510000,2510000,132,219,2520000,931
0,2510,25100000,25100000,132,219,25110000,9355
0,2511,25110000,25110000,132,219,25120000,9358
0,2512,25120000,25120000,132,219,25130000,9363
0,2513,25130000,25130000,132,219,25140000,9367
0,2514,25140000,25140000,132,219,25150000,9370
0,2515,25150000,25150000,132,219,25160000,9374
0,2516,25160000,25160000,132,219,25170000,9378
0,2517,25170000,25170000,132,219,25180000,9382
0,2518,25180000,25180000,132,219,25190000,9384
0,2519,25190000,25190000,132,219,25200000,9386
0,252,2520000,2520000,132,219,2530000,938
0,2520,25200000,25200000,132,219,25210000,9395
0,2521,25210000,25210000,132,219,25220000,9397
0,2522,25220000,25220000,132,219,25230000,9399
0,2523,25230000,25230000,132,219,25240000,9404
0,2524,25240000,25240000,132,219,25250000,9408
0,2525,25250000,25250000,132,219,25260000,9411
0,2526,25260000,25260000,132,219,25270000,9414
0,2527,25270000,25270000,132,219,25280000,9419
0,2528,25280000,25280000,132,219,25290000,9422
0,2529,25290000,25290000,132,219,25300000,9425
0,253,2530000,2530000,132,219,2540000,941
0,2530,25300000,25300000,132,219,25310000,9432
0,2531,25310000,25310000,132,219,25320000,9433
0,2532,25320000,25320000,132,219,25330000,9438
0,2533,25330000,25330000,132,219,25340000,9440
0,2534,25340000,25340000,132,219,25350000,9443
0,2535,25350000,25350000,132,219,25360000,9449
0,2536,25360000,25360000,132,219,25370000,9453
0,2537,25370000,25370000,132,219,25380000,9457
0,2538,25380000,25380000,132,219,25390000,9460
0,2539,25390000,25390000,132,219,25400000,9462
0,254,2540000,2540000,132,219,2550000,942
0,2540,25400000,25400000,132,219,25410000,9466
0,2541,25410000,25410000,132,219,25420000,9472
0,2542,25420000,25420000,132,219,25430000,9475
0,2543,25430000,25430000,132,219,25440000,9476
0,2544,25440000,25440000,132,219,25450000,9483
0,2545,25450000,25450000,132,219,25460000,9487
0,2546,25460000,25460000,132,219,25470000,9489
0,2547,25470000,25470000,132,219,25480000,9493
0,2548,25480000,25480000,132,219,25490000,9498
0,2549,25490000,25490000,132,219,25500000,9499
0,255,2550000,2550000,132,219,2560000,949
0,2550,25500000,25500000,132,219,25510000,9504
0,2551,25510000,25510000,132,219,25520000,9508
0,2552,25520000,25520000,132,219,25530000,9513
0,2553,25530000,25530000,132,219,25540000,9516
0,2554,25540000,25540000,132,219,25550000,9518
0,2555,25550000,25550000,132,219,25560000,9523
0,2556,25560000,25560000,132,219,25570000,9527
0,2557,25570000,25570000,132,219,25580000,9531
0,2558,25580000,25580000,132,219,25590000,9534
0,2559,25590000,25590000,132,219,25600000,9537
0,256,2560000,2560000,132,219,2570000,953
0,2560,25600000,25600000,132,219,25610000,9543
0,2561,25610000,25610000,132,219,25620000,9544
0,2562,25620000,25620000,132,219,25630000,9550
0,2563,25630000,25630000,132,219,25640000,9553
0,2564,25640000,25640000,132,219,25650000,9555
0,2565,25650000,25650000,132,219,25660000,9562
0,2566,25660000,25660000,132,219,25670000,9564
0,2567,25670000,25670000,132,219,25680000,9566
0,2568,25680000,25680000,132,219,25690000,9572
0,2569,25690000,25690000,132,219,25700000,9576
0,257,2570000,2570000,132,219,2580000,955
0,2570,25700000,25700000,132,219,25710000,9579
0,2571,25710000,25710000,132,219,25720000,9582
0,2572,25720000,25720000,132,219,25730000,9588
0,2573,25730000,25730000,132,219,25740000,9589
0,2574,25740000,25740000,132,219,25750000,9593
0,2575,25750000,25750000,132,219,25760000,9597
0,2576,25760000,25760000,132,219,25770000,9602
0,2577,25770000,25770000,132,219,25780000,9606
0,2578,25780000,25780000,132,219,25790000,9608
0,2579,25790000,25790000,132,219,25800000,9612
0,258,2580000,2580000,132,219,2590000,959
0,2580,25800000,25800000,132,219,25810000,9618
0,2581,25810000,25810000,132,219,25820000,9620
0,2582,25820000,25820000,132,219,25830000,9622
0,2583,25830000,25830000,132,219,25840000,9627
0,2584,25840000,25840000,132,219,25850000,9631
0,2585,25850000,25850000,132,219,25860000,9635
0,2586,25860000,25860000,132,219,25870000,9640
0,2587,25870000,25870000,132,219,25880000,9643
0,2588,25880000,25880000,132,219,25890000,9645
0,2589,25890000,25890000,132,219,25900000,9648
0,259,2590000,2590000,132,219,2600000,963
0,2590,25900000,25900000,132,219,25910000,9655
0,2591,25910000,25910000,132,219,25920000,9656
0,2592,25920000,25920000,132,219,25930000,9662
0,2593,25930000,25930000,132,219,25940000,9666
0,2594,25940000,25940000,132,219,25950000,9667
0,2595,25950000,25950000,132,219,25960000,9672
0,2596,25960000,25960000,132,219,25970000,9676
0,2597,25970000,25970000,132,219,25980000,9680
0,2598,25980000,25980000,132,219,25990000,9683
0,2599,25990000,25990000,132,219,26000000,9685
0,26,260000,260000,132,219,270000,93
0,260,2600000,2600000,132,219,2610000,967
0,2600,26000000,26000000,132,219,26010000,9692
0,2601,26010000,26010000,132,219,26020000,9696
0,2602,26020000,26020000,132,219,26030000,9699
0,2603,26030000,26030000,132,219,26040000,9700
0,2604,26040000,26040000,132,219,26050000,9706
0,2605,26050000,26050000,132,219,26060000,9710
0,2606,26060000,26060000,132,219,26070000,9711
0,2607,26070000,26070000,132,219,26080000,9718
0,2608,26080000,26080000,132,219,26090000,9722
0,2609,26090000,26090000,132,219,26100000,9723
0,261,2610000,2610000,132,219,2620000,970
0,2610,26100000,26100000,132,219,26110000,9728
0,2611,26110000,26110000,132,219,26120000,9732
0,2612,26120000,26120000,132,219,26130000,9736
0,2613,26130000,26130000,132,219,26140000,9739
0,2614,26140000,26140000,132,219,26150000,9743
0,2615,26150000,26150000,132,219,26160000,9746
0,2616,26160000,26160000,132,219,26170000,9751
0,2617,26170000,26170000,132,219,26180000,9754
0,2618,26180000,26180000,132,219,26190000,9758
0,2619,26190000,26190000,132,219,26200000,9761
0,262,2620000,2620000,132,219,2630000,975
0,2620,26200000,26200000,132,219,26210000,9766
0,2621,26210000,26210000,132,219,26220000,9769
0,2622,26220000,26220000,132,219,26230000,9773
0,2623,26230000,26230000,132,219,26240000,9776
0,2624,26240000,26240000,132,219,26250000,9779
0,2625,26250000,26250000,132,219,26260000,9786
0,2626,26260000,26260000,132,219,26270000,9788
0,2627,26270000,26270000,132,219,26280000,9790
0,2628,26280000,26280000,132,219,26290000,9796
0,2629,26290000,26290000,132,219,26300000,9799
0,263,2630000,2630000,132,219,2640000,976
0,2630,26300000,26300000,132,219,26310000,9802
0,2631,26310000,26310000,132,219,26320000,9805
0,2632,26320000,26320000,132,219,26330000,9812
0,2633,26330000,26330000,132,219,26340000,9813
0,2634,26340000,26340000,132,219,26350000,9817
0,2635,26350000,26350000,132,219,26360000,9823
0,2636,26360000,26360000,132,219,26370000,9825
0,2637,26370000,26370000,132,219,26380000,9829
0,2638,26380000,26380000,132,219,26390000,9831
0,2639,26390000,26390000,132,219,26400000,9834
0,264,2640000,2640000,132,219,2650000,982
0,2640,26400000,26400000,132,219,26410000,9842
0,2641,26410000,26410000,132,219,26420000,9844
0,2642,26420000,26420000,132,219,26430000,9848
0,2643,26430000,26430000,132,219,26440000,9851
0,2644,26440000,26440000,132,219,26450000,9854
0,2645,26450000,26450000,132,219,26460000,9858
0,2646,26460000,26460000,132,219,26470000,9863
0,2647,26470000,26470000,132,219,26480000,9866
0,2648,26480000,26480000,132,219,26490000,9869
0,2649,26490000,26490000,132,219,26500000,9874
0,265,2650000,2650000,132,219,2660000,986
0,2650,26500000,26500000,132,219,26510000,9878
0,2651,26510000,26510000,132,219,26520000,9880
0,2652,26520000,26520000,132,219,26530000,9885
0,2653,26530000,26530000,132,219,26540000,9889
0,2654,26540000,26540000,132,219,26550000,9890
0,2655,26550000,26550000,132,219,26560000,9895
0,2656,26560000,26560000,132,219,26570000,9902
0,2657,26570000,26570000,132,219,26580000,9904
0,2658,26580000,26580000,132,219,26590000,9907
0,2659,26590000,26590000,132,219,26600000,9909
0,266,2660000,2660000,132,219,2670000,989
0,2660,26600000,26600000,132,219,26610000,9915
0,2661,26610000,26610000,132,219,26620000,9918
0,2662,26620000,26620000,132,219,26630000,9922
0,2663,26630000,26630000,132,219,26640000,9925
0,2664,26640000,26640000,132,219,26650000,9930
0,2665,26650000,26650000,132,219,26660000,9934
0,2666,26660000,26660000,132,219,26670000,9935
0,2667,26670000,26670000,132,219,26680000,9942
0,2668,26680000,26680000,132,219,26690000,9945
0,2669,26690000,26690000,132,219,26700000,9946
0,267,2670000,2670000,132,219,2680000,993
0,2670,26700000,26700000,132,219,26710000,9953
0,2671,26710000,26710000,132,219,26720000,9955
0,2672,26720000,26720000,132,219,26730000,9959
0,2673,26730000,26730000,132,219,26740000,9963
0,2674,26740000,26740000,132,219,26750000,9967
0,2675,26750000,26750000,132,219,26760000,9970
0,2676,26760000,26760000,132,219,26770000,9974
0,2677,26770000,26770000,132,219,26780000,9979
0,2678,26780000,26780000,132,219,26790000,9981
0,2679,26790000,26790000,132,219,26800000,9984
0,268,2680000,2680000,132,219,2690000,996
0,2680,26800000,26800000,132,219,26810000,9990
0,2681,26810000,26810000,132,219,26820000,9993
0,2682,26820000,26820000,132,219,26830000,9997
0,2683,26830000,26830000,132,219,26840000,9999
0,2684,26840000,26840000,132,219,26850000,10004
0,2685,26850000,26850000,132,219,26860000,10009
0,2686,26860000,26860000,132,219,26870000,10011
0,2687,26870000,26870000,132,219,26880000,10013
0,2688,26880000,26880000,132,219,26890000,10020
0,2689,26890000,26890000,132,219,26900000,10023
0,269,2690000,2690000,132,219,2700000,1000
0,2690,26900000,26900000,132,219,26910000,10026
0,2691,26910000,26910000,132,219,26920000,10031
0,2692,26920000,26920000,132,219,26930000,10035
0,2693,26930000,26930000,132,219,26940000,10036
0,2694,26940000,26940000,132,219,26950000,10039
0,2695,26950000,26950000,132,219,26960000,10046
0,2696,26960000,26960000,132,219,26970000,10049
0,2697,26970000,26970000,132,219,26980000,10053
0,2698,26980000,26980000,132,219,26990000,10057
0,2699,26990000,26990000,132,219,27000000,10058
0,27,270000,270000,132,219,280000,98
0,270,2700000,2700000,132,219,2710000,1005
0,2700,27000000,27000000,132,219,27010000,10065
0,2701,27010000,27010000,132,219,27020000,10067
0,2702,27020000,27020000,132,219,27030000,10071
0,2703,27030000,27030000,132,219,27040000,10074
0,2704,27040000,27040000,132,219,27050000,10078
0,2705,27050000,27050000,132,219,27060000,10083
0,2706,27060000,27060000,132,219,27070000,10087
0,2707,27070000,27070000,132,219,27080000,10090
0,2708,27080000,27080000,132,219,27090000,10092
0,2709,27090000,27090000,132,219,27100000,10097
0,271,2710000,2710000,132,219,2720000,1007
0,2710,27100000,27100000,132,219,27110000,10101
0,2711,27110000,27110000,132,219,27120000,10103
0,2712,27120000,27120000,132,219,27130000,10111
0,2713,27130000,27130000,132,219,27140000,10113
0,2714,27140000,27140000,132,219,27150000,10114
0,2715,27150000,27150000,132,219,27160000,10119
0,2716,27160000,27160000,132,219,27170000,10124
0,2717,27170000,27170000,132,219,27180000,10127
0,2718,27180000,27180000,132,219,27190000,10130
0,2719,27190000,27190000,132,219,27200000,10134
0,272,2720000,2720000,132,219,2730000,1011
0,2720,27200000,27200000,132,219,27210000,10139
0,2721,27210000,27210000,132,219,27220000,10142
0,2722,27220000,27220000,132,219,27230000,10146
0,2723,27230000,27230000,132,219,27240000,10149
0,2724,27240000,27240000,132,219,27250000,10153
0,2725,27250000,27250000,132,219,27260000,10157
0,2726,27260000,27260000,132,219,27270000,10160
0,2727,27270000,27270000,132,219,27280000,10164
0,2728,27280000,27280000,132,219,27290000,10169
0,2729,27290000,27290000,132,219,27300000,10170
0,273,2730000,2730000,132,219,2740000,1016
0,2730,27300000,27300000,132,219,27310000,10177
0,2731,27310000,27310000,132,219,27320000,10179
0,2732,27320000,27320000,132,219,27330000,10182
0,2733,27330000,27330000,132,219,27340000,10188
0,2734,27340000,27340000,132,219,27350000,10190
0,2735,27350000,27350000,132,219,27360000,10193
0,2736,27360000,27360000,132,219,27370000,10198
0,2737,27370000,27370000,132,219,27380000,10203
0,2738,27380000,27380000,132,219,27390000,10204
0,2739,27390000,27390000,132,219,27400000,10208
0,274,2740000,2740000,132,219,2750000,1018
0,2740,27400000,27400000,132,219,27410000,10215
0,2741,27410000,27410000,132,219,27420000,10216
0,2742,27420000,27420000,132,219,27430000,10220
0,2743,27430000,27430000,132,219,27440000,10222
0,2744,27440000,27440000,132,219,27450000,10228
0,2745,27450000,27450000,132,219,27460000,10233
0,2746,27460000,27460000,132,219,27470000,10235
0,2747,27470000,27470000,132,219,27480000,10239
0,2748,27480000,27480000,132,219,27490000,10243
0,2749,27490000,27490000,132,219,27500000,10245
0,275,2750000,2750000,132,219,2760000,1022
0,2750,27500000,27500000,132,219,27510000,10249
0,2751,27510000,27510000,132,219,27520000,10254
0,2752,27520000,27520000,132,219,27530000,10259
0,2753,27530000,27530000,132,219,27540000,10260
0,2754,27540000,27540000,132,219,27550000,10265
0,2755,27550000,27550000,132,219,27560000,10270
0,2756,27560000,27560000,132,219,27570000,10272
0,2757,27570000,27570000,132,219,27580000,10276
0,2758,27580000,27580000,132,219,27590000,10280
0,2759,27590000,27590000,132,219,27600000,10281
0,276,2760000,2760000,132,219,2770000,1028
0,2760,27600000,27600000,132,219,27610000,10288
0,2761,27610000,27610000,132,219,27620000,10293
0,2762,27620000,27620000,132,219,27630000,10295
0,2763,27630000,27630000,132,219,27640000,10298
0,2764,27640000,27640000,132,219,27650000,10301
0,2765,27650000,27650000,132,219,27660000,10306
0,2766,27660000,27660000,132,219,27670000,10310
0,2767,27670000,27670000,132,219,27680000,10313
0,2768,27680000,27680000,132,219,27690000,10318
0,2769,27690000,27690000,132,219,27700000,10321
0,277,2770000,2770000,132,219,2780000,1031
0,2770,27700000,27700000,132,219,27710000,10325
0,2771,27710000,27710000,132,219,27720000,10326
0,2772,27720000,27720000,132,219,27730000,10334
0,2773,27730000,27730000,132,219,27740000,10336
0,2774,27740000,27740000,132,219,27750000,10337
0,2775,27750000,27750000,132,219,27760000,10344
0,2776,27760000,27760000,132,219,27770000,10348
0,2777,27770000,27770000,132,219,27780000,10351
0,2778,27780000,27780000,132,219,27790000,10354
0,2779,27790000,27790000,132,219,27800000,10358
0,278,2780000,2780000,132,219,2790000,1032
0,2780,27800000,27800000,132,219,27810000,10362
0,2781,27810000,27810000,132,219,27820000,10365
0,2782,27820000,27820000,132,219,27830000,10370
0,2783,27830000,27830000,132,219,27840000,10372
0,2784,27840000,27840000,132,219,27850000,10377
0,2785,27850000,27850000,132,219,27860000,10381
0,2786,27860000,27860000,132,219,27870000,10384
0,2787,27870000,27870000,132,219,27880000,10388
0,2788,27880000,27880000,132,219,27890000,10392
0,2789,27890000,27890000,132,219,27900000,10395
0,279,2790000,2790000,132,219,2800000,1035
0,2790,27900000,27900000,132,219,27910000,10400
0,2791,27910000,27910000,132,219,27920000,10402
0,2792,27920000,27920000,132,219,27930000,10406
0,2793,27930000,27930000,132,219,27940000,10411
0,2794,27940000,27940000,132,219,27950000,10414
0,2795,27950000,27950000,132,219,27960000,10417
0,2796,27960000,27960000,132,219,27970000,10423
0,2797,27970000,27970000,132,219,27980000,10426
0,2798,27980000,27980000,132,219,27990000,10427
0,2799,27990000,27990000,132,219,28000000,10431
0,28,280000,280000,132,219,290000,103
0,280,2800000,2800000,132,219,2810000,1044
0,2800,28000000,28000000,132,219,28010000,10439
0,2801,28010000,28010000,132,219,28020000,10440
0,2802,28020000,28020000,132,219,28030000,10444
0,2803,28030000,28030000,132,219,28040000,10448
0,2804,28040000,28040000,132,219,28050000,10450
0,2805,28050000,28050000,132,219,28060000,10456
0,2806,28060000,28060000,132,219,28070000,10458
0,2807,28070000,28070000,132,219,28080000,10462
0,2808,28080000,28080000,132,219,28090000,10467
0,2809,28090000,28090000,132,219,28100000,10469
0,281,2810000,2810000,132,219,2820000,1045
0,2810,28100000,28100000,132,219,28110000,10475
0,2811,28110000,28110000,132,219,28120000,10478
0,2812,28120000,28120000,132,219,28130000,10482
0,2813,28130000,28130000,132,219,28140000,10483
0,2814,28140000,28140000,132,219,28150000,10488
0,2815,28150000,28150000,132,219,28160000,10492
0,2816,28160000,28160000,132,219,28170000,10496
0,2817,28170000,28170000,132,219,28180000,10502
0,2818,28180000,28180000,132,219,28190000,10504
0,2819,28190000,28190000,132,219,28200000,10505
0,282,2820000,2820000,132,219,2830000,1049
0,2820,28200000,28200000,132,219,28210000,10511
0,2821,28210000,28210000,132,219,28220000,10516
0,2822,28220000,28220000,132,219,28230000,10518
0,2823,28230000,28230000,132,219,28240000,10521
0,2824,28240000,28240000,132,219,28250000,10527
0,2825,28250000,28250000,132,219,28260000,10530
0,2826,28260000,28260000,132,219,28270000,10533
0,2827,28270000,28270000,132,219,28280000,10537
0,2828,28280000,28280000,132,219,28290000,10541
0,2829,28290000,28290000,132,219,28300000,10544
0,283,2830000,2830000,132,219,2840000,1053
0,2830,28300000,28300000,132,219,28310000,10548
0,2831,28310000,28310000,132,219,28320000,10551
0,2832,28320000,28320000,132,219,28330000,10558
0,2833,28330000,28330000,132,219,28340000,10560
0,2834,28340000,28340000,132,219,28350000,10561
0,2835,28350000,28350000,132,219,28360000,10568
0,2836,28360000,28360000,132,219,28370000,10571
0,2837,28370000,28370000,132,219,28380000,10573
0,2838,28380000,28380000,132,219,28390000,10579
0,2839,28390000,28390000,132,219,28400000,10581
0,284,2840000,2840000,132,219,2850000,1055
0,2840,28400000,28400000,132,219,28410000,10586
0,2841,28410000,28410000,132,219,28420000,10589
0,2842,28420000,28420000,132,219,28430000,10594
0,2843,28430000,28430000,132,219,28440000,10596
0,2844,28440000,28440000,132,219,28450000,10600
0,2845,28450000,28450000,132,219,28460000,10606
0,2846,28460000,28460000,132,219,28470000,10607
0,2847,28470000,28470000,132,219,28480000,10611
0,2848,28480000,28480000,132,219,28490000,10615
0,2849,28490000,28490000,132,219,28500000,10619
0,285,2850000,2850000,132,219,2860000,1060
0,2850,28500000,28500000,132,219,28510000,10624
0,2851,28510000,28510000,132,219,28520000,10626
0,2852,28520000,28520000,132,219,28530000,10631
0,2853,28530000,28530000,132,219,28540000,10634
0,2854,28540000,28540000,132,219,28550000,10637
0,2855,28550000,28550000,132,219,28560000,10640
0,2856,28560000,28560000,132,219,28570000,10647
0,2857,28570000,28570000,132,219,28580000,10650
0,2858,28580000,28580000,132,219,28590000,10651
0,2859,28590000,28590000,132,219,28600000,10656
0,286,2860000,2860000,132,219,2870000,1063
0,2860,28600000,28600000,132,219,28610000,10662
0,2861,28610000,28610000,132,219,28620000,10663
0,2862,28620000,28620000,132,219,28630000,10667
0,2863,28630000,28630000,132,219,28640000,10671
0,2864,28640000,28640000,132,219,28650000,10674
0,2865,28650000,28650000,132,219,28660000,10680
0,2866,28660000,28660000,132,219,28670000,10684
0,2867,28670000,28670000,132,219,28680000,10686
0,2868,28680000,28680000,132,219,28690000,10690
0,2869,28690000,28690000,132,219,28700000,10692
0,287,2870000,2870000,132,219,2880000,1067
0,2870,28700000,28700000,132,219,28710000,10697
0,2871,28710000,28710000,132,219,28720000,10701
0,2872,28720000,28720000,132,219,28730000,10706
0,2873,28730000,28730000,132,219,28740000,10709
0,2874,28740000,28740000,132,219,28750000,10712
0,2875,28750000,28750000,132,219,28760000,10716
0,2876,28760000,28760000,132,219,28770000,10719
0,2877,28770000,28770000,132,219,28780000,10725
0,2878,28780000,28780000,132,219,28790000,10727
0,2879,28790000,28790000,132,219,28800000,10728
0,288,2880000,2880000,132,219,2890000,1072
0,2880,28800000,28800000,132,219,28810000,10737
0,2881,28810000,28810000,132,219,28820000,10739
0,2882,28820000,28820000,132,219,28830000,10742
0,2883,28830000,28830000,132,219,28840000,10745
0,2884,28840000,28840000,132,219,28850000,10750
0,2885,28850000,28850000,132,219,28860000,10753
0,2886,28860000,28860000,132,219,28870000,10756
0,2887,28870000,28870000,132,219,28880000,10762
0,2888,28880000,28880000,132,219,28890000,10765
0,2889,28890000,28890000,132,219,28900000,10768
0,289,2890000,2890000,132,219,2900000,1074
0,2890,28900000,28900000,132,219,28910000,10772
0,2891,28910000,28910000,132,219,28920000,10775
0,2892,28920000,28920000,132,219,28930000,10780
0,2893,28930000,28930000,132,219,28940000,10783
0,2894,28940000,28940000,132,219,28950000,10786
0,2895,28950000,28950000,132,219,28960000,10791
0,2896,28960000,28960000,132,219,28970000,10795
0,2897,28970000,28970000,132,219,28980000,10797
0,2898,28980000,28980000,132,219,28990000,10803
0,2899,28990000,28990000,132,219,29000000,10805
0,29,290000,290000,132,219,300000,104
0,290,2900000,2900000,132,219,2910000,1079
0,2900,29000000,29000000,132,219,29010000,10809
0,2901,29010000,29010000,132,219,29020000,10814
0,2902,29020000,29020000,132,219,29030000,10817
0,2903,29030000,29030000,132,219,29040000,10818
0,2904,29040000,29040000,132,219,29050000,10824
0,2905,29050000,29050000,132,219,29060000,10830
0,2906,29060000,29060000,132,219,29070000,10831
0,2907,29070000,29070000,132,219,29080000,10835
0,2908,29080000,29080000,132,219,29090000,10840
0,2909,29090000,29090000,132,219,29100000,10842
0,291,2910000,2910000,132,219,2920000,1083
0,2910,29100000,29100000,132,219,29110000,10847
0,2911,29110000,29110000,132,219,29120000,10849
0,2912,29120000,29120000,132,219,29130000,10855
0,2913,29130000,29130000,132,219,29140000,10858
0,2914,29140000,29140000,132,219,29150000,10860
0,2915,29150000,29150000,132,219,29160000,10866
0,2916,29160000,29160000,132,219,29170000,10870
0,2917,29170000,29170000,132,219,29180000,10873
0,2918,29180000,29180000,132,219,29190000,10874
0,2919,29190000,29190000,132,219,29200000,10879
0,292,2920000,2920000,132,219,2930000,1087
0,2920,29200000,29200000,132,219,29210000,10886
0,2921,29210000,29210000,132,219,29220000,10887
0,2922,29220000,29220000,132,219,29230000,10893
0,2923,29230000,29230000,132,219,29240000,10895
0,2924,29240000,29240000,132,219,29250000,10897
0,2925,29250000,29250000,132,219,29260000,10902
0,2926,29260000,29260000,132,219,29270000,10907
0,2927,29270000,29270000,132,219,29280000,10909
0,2928,29280000,29280000,132,219,29290000,10914
0,2929,29290000,29290000,132,219,29300000,10918
0,293,2930000,2930000,132,219,2940000,1088
0,2930,29300000,29300000,132,219,29310000,10921
0,2931,29310000,29310000,132,219,29320000,10925
0,2932,29320000,29320000,132,219,29330000,10929
0,2933,29330000,29330000,132,219,29340000,10932
0,2934,29340000,29340000,132,219,29350000,10935
0,2935,29350000,29350000,132,219,29360000,10939
0,2936,29360000,29360000,132,219,29370000,10944
0,2937,29370000,29370000,132,219,29380000,10949
0,2938,29380000,29380000,132,219,29390000,10951
0,2939,29390000,29390000,132,219,29400000,10952
0,294,2940000,2940000,132,219,2950000,1093
0,2940,29400000,29400000,132,219,29410000,10960
0,2941,29410000,29410000,132,219,29420000,10962
0,2942,29420000,29420000,132,219,29430000,10965
0,2943,29430000,29430000,132,219,29440000,10970
0,2944,29440000,29440000,132,219,29450000,10974
0,2945,29450000,29450000,132,219,29460000,10977
0,2946,29460000,29460000,132,219,29470000,10980
0,2947,29470000,29470000,132,219,29480000,10985
0,2948,29480000,29480000,132,219,29490000,10988
0,2949,29490000,29490000,132,219,29500000,10991
0,295,2950000,2950000,132,219,2960000,1097
0,2950,29500000,29500000,132,219,29510000,10997
0,2951,29510000,29510000,132,219,29520000,10998
0,2952,29520000,29520000,132,219,29530000,11004
0,2953,29530000,29530000,132,219,29540000,11007
0,2954,29540000,29540000,132,219,29550000,11010
0,2955,29550000,29550000,132,219,29560000,11015
0,2956,29560000,29560000,132,219,29570000,11018
0,2957,29570000,29570000,132,219,29580000,11022
0,2958,29580000,29580000,132,219,29590000,11025
0,2959,29590000,29590000,132,219,29600000,11028
0,296,2960000,2960000,132,219,2970000,1100
0,2960,29600000,29600000,132,219,29610000,11033
0,2961,29610000,29610000,132,219,29620000,11038
0,2962,29620000,29620000,132,219,29630000,11041
0,2963,29630000,29630000,132,219,29640000,11042
0,2964,29640000,29640000,132,219,29650000,11049
0,2965,29650000,29650000,132,219,29660000,11053
0,2966,29660000,29660000,132,219,29670000,11054
0,2967,29670000,29670000,132,219,29680000,11058
0,2968,29680000,29680000,132,219,29690000,11064
0,2969,29690000,29690000,132,219,29700000,11065
0,297,2970000,2970000,132,219,2980000,1107
0,2970,29700000,29700000,132,219,29710000,11071
0,2971,29710000,29710000,132,219,29720000,11075
0,2972,29720000,29720000,132,219,29730000,11078
0,2973,29730000,29730000,132,219,29740000,11081
0,2974,29740000,29740000,132,219,29750000,11083
0,2975,29750000,29750000,132,219,29760000,11089
0,2976,29760000,29760000,132,219,29770000,11094
0,2977,29770000,29770000,132,219,29780000,11097
0,2978,29780000,29780000,132,219,29790000,11100
0,2979,29790000,29790000,132,219,29800000,11103
0,298,2980000,2980000,132,219,2990000,1109
0,2980,29800000,29800000,132,219,29810000,11108
0,2981,29810000,29810000,132,219,29820000,11110
0,2982,29820000,29820000,132,219,29830000,11116
0,2983,29830000,29830000,132,219,29840000,11118
0,2984,29840000,29840000,132,219,29850000,11121
0,2985,29850000,29850000,132,219,29860000,11128
0,2986,29860000,29860000,132,219,29870000,11131
0,2987,29870000,29870000,132,219,29880000,11133
0,2988,29880000,29880000,132,219,29890000,11137
0,2989,29890000,29890000,132,219,29900000,11141
0,299,2990000,2990000,132,219,3000000,1110
0,2990,29900000,29900000,132,219,29910000,11144
0,2991,29910000,29910000,132,219,29920000,11147
0,2992,29920000,29920000,132,219,29930000,11155
0,2993,29930000,29930000,132,219,29940000,11156
0,2994,29940000,29940000,132,219,29950000,11159
0,2995,29950000,29950000,132,219,29960000,11163
0,2996,29960000,29960000,132,219,29970000,11167
0,2997,29970000,29970000,132,219,29980000,11172
0,2998,29980000,29980000,132,219,29990000,11174
0,2999,29990000,29990000,132,219,30000000,11177
0,3,30000,30000,132,219,40000,9
0,30,300000,300000,132,219,310000,109
0,300,3000000,3000000,132,219,3010000,1116
0,3000,30000000,30000000,132,219,30010000,11184
0,3001,30010000,30010000,132,219,30020000,11186
0,3002,30020000,30020000,132,219,30030000,11188
0,3003,30030000,30030000,132,219,30040000,11194
0,3004,30040000,30040000,132,219,30050000,11197
0,3005,30050000,30050000,132,219,30060000,11200
0,3006,30060000,30060000,132,219,30070000,11205
0,3007,30070000,30070000,132,219,30080000,11208
0,3008,30080000,30080000,132,219,30090000,11212
0,3009,30090000,30090000,132,219,30100000,11215
0,301,3010000,3010000,132,219,3020000,1120
0,3010,30100000,30100000,132,219,30110000,11221
0,3011,30110000,30110000,132,219,30120000,11222
0,3012,30120000,30120000,132,219,30130000,11227
0,3013,30130000,30130000,132,219,30140000,11231
0,3014,30140000,30140000,132,219,30150000,11233
0,3015,30150000,30150000,132,219,30160000,11238
0,3016,30160000,30160000,132,219,30170000,11242
0,3017,30170000,30170000,132,219,30180000,11246
0,3018,30180000,30180000,132,219,30190000,11249
0,3019,30190000,30190000,132,219,30200000,11252
0,302,3020000,3020000,132,219,3030000,1123
0,3020,30200000,30200000,132,219,30210000,11258
0,3021,30210000,30210000,132,219,30220000,11261
0,3022,30220000,30220000,132,219,30230000,11264
0,3023,30230000,30230000,132,219,30240000,11265
0,3024,30240000,30240000,132,219,30250000,11272
0,3025,30250000,30250000,132,219,30260000,11277
0,3026,30260000,30260000,132,219,30270000,11278
0,3027,30270000,30270000,132,219,30280000,11284
0,3028,30280000,30280000,132,219,30290000,11287
0,3029,30290000,30290000,132,219,30300000,11288
0,303,3030000,3030000,132,219,3040000,1126
0,3030,30300000,30300000,132,219,30310000,11294
0,3031,30310000,30310000,132,219,30320000,11298
0,3032,30320000,30320000,132,219,30330000,11302
0,3033,30330000,30330000,132,219,30340000,11305
0,3034,30340000,30340000,132,219,30350000,11309
0,3035,30350000,30350000,132,219,30360000,11312
0,3036,30360000,30360000,132,219,30370000,11317
0,3037,30370000,30370000,132,219,30380000,11320
0,3038,30380000,30380000,132,219,30390000,11323
0,3039,30390000,30390000,132,219,30400000,11326
0,304,3040000,3040000,132,219,3050000,1132
0,3040,30400000,30400000,132,219,30410000,11332
0,3041,30410000,30410000,132,219,30420000,11336
0,3042,30420000,30420000,132,219,30430000,11340
0,3043,30430000,30430000,132,219,30440000,11342
0,3044,30440000,30440000,132,219,30450000,11344
0,3045,30450000,30450000,132,219,30460000,11351
0,3046,30460000,30460000,132,219,30470000,11353
0,3047,30470000,30470000,132,219,30480000,11356
0,3048,30480000,30480000,132,219,30490000,11363
0,3049,30490000,30490000,132,219,30500000,11365
0,305,3050000,3050000,132,219,3060000,1135
0,3050,30500000,30500000,132,219,30510000,11368
0,3051,30510000,30510000,132,219,30520000,11371
0,3052,30520000,30520000,132,219,30530000,11378
0,3053,30530000,30530000,132,219,30540000,11379
0,3054,30540000,30540000,132,219,30550000,11382
0,3055,30550000,30550000,132,219,30560000,11388
0,3056,30560000,30560000,132,219,30570000,11391
0,3057,30570000,30570000,132,219,30580000,11395
0,3058,30580000,30580000,132,219,30590000,11398
0,3059,30590000,30590000,132,219,30600000,11401
0,306,3060000,3060000,132,219,3070000,1138
0,3060,30600000,30600000,132,219,30610000,11407
0,3061,30610000,30610000,132,219,30620000,11409
0,3062,30620000,30620000,132,219,30630000,11413
0,3063,30630000,30630000,132,219,30640000,11417
0,3064,30640000,30640000,132,219,30650000,11421
0,3065,30650000,30650000,132,219,30660000,11424
0,3066,30660000,30660000,132,219,30670000,11429
0,3067,30670000,30670000,132,219,30680000,11432
0,3068,30680000,30680000,132,219,30690000,11434
0,3069,30690000,30690000,132,219,30700000,11440
0,307,3070000,3070000,132,219,3080000,1141
0,3070,30700000,30700000,132,219,30710000,11444
0,3071,30710000,30710000,132,219,30720000,11445
0,3072,30720000,30720000,132,219,30730000,11451
0,3073,30730000,30730000,132,219,30740000,11455
0,3074,30740000,30740000,132,219,30750000,11457
0,3075,30750000,30750000,132,219,30760000,11462
0,3076,30760000,30760000,132,219,30770000,11467
0,3077,30770000,30770000,132,219,30780000,11469
0,3078,30780000,30780000,132,219,30790000,11472
0,3079,30790000,30790000,132,219,30800000,11474
0,308,3080000,3080000,132,219,3090000,1146
0,3080,30800000,30800000,132,219,30810000,11482
0,3081,30810000,30810000,132,219,30820000,11485
0,3082,30820000,30820000,132,219,30830000,11488
0,3083,30830000,30830000,132,219,30840000,11491
0,3084,30840000,30840000,132,219,30850000,11495
0,3085,30850000,30850000,132,219,30860000,11500
0,3086,30860000,30860000,132,219,30870000,11501
0,3087,30870000,30870000,132,219,30880000,11507
0,3088,30880000,30880000,132,219,30890000,11511
0,3089,30890000,30890000,132,219,30900000,11512
0,309,3090000,3090000,132,219,3100000,1149
0,3090,30900000,30900000,132,219,30910000,11519
0,3091,30910000,30910000,132,219,30920000,11522
0,3092,30920000,30920000,132,219,30930000,11525
0,3093,30930000,30930000,132,219,30940000,11528
0,3094,30940000,30940000,132,219,30950000,11532
0,3095,30950000,30950000,132,219,30960000,11535
0,3096,30960000,30960000,132,219,30970000,11541
0,3097,30970000,30970000,132,219,30980000,11546
0,3098,30980000,30980000,132,219,30990000,11547
0,3099,30990000,30990000,132,219,31000000,11550
0,31,310000,310000,132,219,320000,113
0,310,3100000,3100000,132,219,3110000,1153
0,3100,31000000,31000000,132,219,31010000,11555
0,3101,31010000,31010000,132,219,31020000,11558
0,3102,31020000,31020000,132,219,31030000,11563
0,3103,31030000,31030000,132,219,31040000,11565
0,3104,31040000,31040000,132,219,31050000,11570
0,3105,31050000,31050000,132,219,31060000,11575
0,3106,31060000,31060000,132,219,31070000,11577
0,3107,31070000,31070000,132,219,31080000,11580
0,3108,31080000,31080000,132,219,31090000,11586
0,3109,31090000,31090000,132,219,31100000,11588
0,311,3110000,3110000,132,219,3120000,1156
0,3110,31100000,31100000,132,219,31110000,11591
0,3111,31110000,31110000,132,219,31120000,11596
0,3112,31120000,31120000,132,219,31130000,11601
0,3113,31130000,31130000,132,219,31140000,11603
0,3114,31140000,31140000,132,219,31150000,11606
0,3115,31150000,31150000,132,219,31160000,11612
0,3116,31160000,31160000,132,219,31170000,11614
0,3117,31170000,31170000,132,219,31180000,11618
0,3118,31180000,31180000,132,219,31190000,11623
0,3119,31190000,31190000,132,219,31200000,11624
0,312,3120000,3120000,132,219,3130000,1162
0,3120,31200000,31200000,132,219,31210000,11631
0,3121,31210000,31210000,132,219,31220000,11633
0,3122,31220000,31220000,132,219,31230000,11637
0,3123,31230000,31230000,132,219,31240000,11640
0,3124,31240000,31240000,132,219,31250000,11644
0,3125,31250000,31250000,132,219,31260000,11649
0,3126,31260000,31260000,132,219,31270000,11652
0,3127,31270000,31270000,132,219,31280000,11655
0,3128,31280000,31280000,132,219,31290000,11658
0,3129,31290000,31290000,132,219,31300000,11664
0,313,3130000,3130000,132,219,3140000,1165
0,3130,31300000,31300000,132,219,31310000,11668
0,3131,31310000,31310000,132,219,31320000,11669
0,3132,31320000,31320000,132,219,31330000,11676
0,3133,31330000,31330000,132,219,31340000,11678
0,3134,31340000,31340000,132,219,31350000,11679
0,3135,31350000,31350000,132,219,31360000,11685
0,3136,31360000,31360000,132,219,31370000,11691
0,3137,31370000,31370000,132,219,31380000,11693
0,3138,31380000,31380000,132,219,31390000,11696
0,3139,31390000,31390000,132,219,31400000,11700
0,314,3140000,3140000,132,219,3150000,1166
0,3140,31400000,31400000,132,219,31410000,11705
0,3141,31410000,31410000,132,219,31420000,11708
0,3142,31420000,31420000,132,219,31430000,11711
0,3143,31430000,31430000,132,219,31440000,11714
0,3144,31440000,31440000,132,219,31450000,11719
0,3145,31450000,31450000,132,219,31460000,11723
0,3146,31460000,31460000,132,219,31470000,11727
0,3147,31470000,31470000,132,219,31480000,11731
0,3148,31480000,31480000,132,219,31490000,11734
0,3149,31490000,31490000,132,219,31500000,11735
0,315,3150000,3150000,132,219,3160000,1173
0,3150,31500000,31500000,132,219,31510000,11742
0,3151,31510000,31510000,132,219,31520000,11745
0,3152,31520000,31520000,132,219,31530000,11749
0,3153,31530000,31530000,132,219,31540000,11754
0,3154,31540000,31540000,132,219,31550000,11756
0,3155,31550000,31550000,132,219,31560000,11759
0,3156,31560000,31560000,132,219,31570000,11763
0,3157,31570000,31570000,132,219,31580000,11769
0,3158,31580000,31580000,132,219,31590000,11770
0,3159,31590000,31590000,132,219,31600000,11773
0,316,3160000,3160000,132,219,3170000,1176
0,3160,31600000,31600000,132,219,31610000,11781
0,3161,31610000,31610000,132,219,31620000,11782
0,3162,31620000,31620000,132,219,31630000,11787
0,3163,31630000,31630000,132,219,31640000,11789
0,3164,31640000,31640000,132,219,31650000,11793
0,3165,31650000,31650000,132,219,31660000,11798
0,3166,31660000,31660000,132,219,31670000,11800
0,3167,31670000,31670000,132,219,31680000,11804
0,3168,31680000,31680000,132,219,31690000,11810
0,3169,31690000,31690000,132,219,31700000,11812
0,317,3170000,3170000,132,219,3180000,1178
0,3170,31700000,31700000,132,219,31710000,11815
0,3171,31710000,31710000,132,219,31720000,11820
0,3172,31720000,31720000,132,219,31730000,11824
0,3173,31730000,31730000,132,219,31740000,11826
0,3174,31740000,31740000,132,219,31750000,11831
0,3175,31750000,31750000,132,219,31760000,11835
0,3176,31760000,31760000,132,219,31770000,11838
0,3177,31770000,31770000,132,219,31780000,11842
0,3178,31780000,31780000,132,219,31790000,11846
0,3179,31790000,31790000,132,219,31800000,11848
0,318,3180000,3180000,132,219,3190000,1183
0,3180,31800000,31800000,132,219,31810000,11854
0,3181,31810000,31810000,132,219,31820000,11858
0,3182,31820000,31820000,132,219,31830000,11860
0,3183,31830000,31830000,132,219,31840000,11863
0,3184,31840000,31840000,132,219,31850000,11868
0,3185,31850000,31850000,132,219,31860000,11873
0,3186,31860000,31860000,132,219,31870000,11876
0,3187,31870000,31870000,132,219,31880000,11879
0,3188,31880000,31880000,132,219,31890000,11883
0,3189,31890000,31890000,132,219,31900000,11886
0,319,3190000,3190000,132,219,3200000,1186
0,3190,31900000,31900000,132,219,31910000,11891
0,3191,31910000,31910000,132,219,31920000,11892
0,3192,31920000,31920000,132,219,31930000,11900
0,3193,31930000,31930000,132,219,31940000,11902
0,3194,31940000,31940000,132,219,31950000,11903
0,3195,31950000,31950000,132,219,31960000,11911
0,3196,31960000,31960000,132,219,31970000,11914
0,3197,31970000,31970000,132,219,31980000,11916
0,3198,31980000,31980000,132,219,31990000,11919
0,3199,31990000,31990000,132,219,32000000,11923
0,32,320000,320000,132,219,330000,117
0,320,3200000,3200000,132,219,3210000,1191
0,3200,32000000,32000000,132,219,32010000,11928
0,3201,32010000,32010000,132,219,32020000,11932
0,3202,32020000,32020000,132,219,32030000,11937
0,3203,32030000,32030000,132,219,32040000,11938
0,3204,32040000,32040000,132,219,32050000,11942
0,3205,32050000,32050000,132,219,32060000,11946
0,3206,32060000,32060000,132,219,32070000,11950
0,3207,32070000,32070000,132,219,32080000,11954
0,3208,32080000,32080000,132,219,32090000,11958
0,3209,32090000,32090000,132,219,32100000,11961
0,321,3210000,3210000,132,219,3220000,1194
0,3210,32100000,32100000,132,219,32110000,11966
0,3211,32110000,32110000,132,219,32120000,11968
0,3212,32120000,32120000,132,219,32130000,11972
0,3213,32130000,32130000,132,219,32140000,11977
0,3214,32140000,32140000,132,219,32150000,11979
0,3215,32150000,32150000,132,219,32160000,11982
0,3216,32160000,32160000,132,219,32170000,11989
0,3217,32170000,32170000,132,219,32180000,11993
0,3218,32180000,32180000,132,219,32190000,11994
0,3219,32190000,32190000,132,219,32200000,11997
0,322,3220000,3220000,132,219,3230000,1199
0,3220,32200000,32200000,132,219,32210000,12004
0,3221,32210000,32210000,132,219,32220000,12005
0,3222,32220000,32220000,132,219,32230000,12009
0,3223,32230000,32230000,132,219,32240000,12014
0,3224,32240000,32240000,132,219,32250000,12017
0,3225,32250000,32250000,132,219,32260000,12022
0,3226,32260000,32260000,132,219,32270000,12024
0,3227,32270000,32270000,132,219,32280000,12028
0,3228,32280000,32280000,132,219,32290000,12033
0,3229,32290000,32290000,132,219,32300000,12035
0,323,3230000,3230000,132,219,3240000,1200
0,3230,32300000,32300000,132,219,32310000,12040
0,3231,32310000,32310000,132,219,32320000,12043
0,3232,32320000,32320000,132,219,32330000,12048
0,3233,32330000,32330000,132,219,32340000,12049
0,3234,32340000,32340000,132,219,32350000,12055
0,3235,32350000,32350000,132,219,32360000,12059
0,3236,32360000,32360000,132,219,32370000,12061
0,3237,32370000,32370000,132,219,32380000,12067
0,3238,32380000,32380000,132,219,32390000,12069
0,3239,32390000,32390000,132,219,32400000,12071
0,324,3240000,3240000,132,219,3250000,1205
0,3240,32400000,32400000,132,219,32410000,12078
0,3241,32410000,32410000,132,219,32420000,12082
0,3242,32420000,32420000,132,219,32430000,12084
0,3243,32430000,32430000,132,219,32440000,12087
0,3244,32440000,32440000,132,219,32450000,12092
0,3245,32450000,32450000,132,219,32460000,12096
0,3246,32460000,32460000,132,219,32470000,12099
0,3247,32470000,32470000,132,219,32480000,12102
0,3248,32480000,32480000,132,219,32490000,12107
0,3249,32490000,32490000,132,219,32500000,12110
0,325,3250000,3250000,132,219,3260000,1211
0,3250,32500000,32500000,132,219,32510000,12115
0,3251,32510000,32510000,132,219,32520000,12118
0,3252,32520000,32520000,132,219,32530000,12123
0,3253,32530000,32530000,132,219,32540000,12125
0,3254,32540000,32540000,132,219,32550000,12126
0,3255,32550000,32550000,132,219,32560000,12133
0,3256,32560000,32560000,132,219,32570000,12138
0,3257,32570000,32570000,132,219,32580000,12140
0,3258,32580000,32580000,132,219,32590000,12145
0,3259,32590000,32590000,132,219,32600000,12147
0,326,3260000,3260000,132,219,3270000,1212
0,3260,32600000,32600000,132,219,32610000,12151
0,3261,32610000,32610000,132,219,32620000,12155
0,3262,32620000,32620000,132,219,32630000,12160
0,3263,32630000,32630000,132,219,32640000,12161
0,3264,32640000,32640000,132,219,32650000,12166
0,3265,32650000,32650000,132,219,32660000,12172
0,3266,32660000,32660000,132,219,32670000,12173
0,3267,32670000,32670000,132,219,32680000,12178
0,3268,32680000,32680000,132,219,32690000,12181
0,3269,32690000,32690000,132,219,32700000,12184
0,327,3270000,3270000,132,219,3280000,1216
0,3270,32700000,32700000,132,219,32710000,12189
0,3271,32710000,32710000,132,219,32720000,12191
0,3272,32720000,32720000,132,219,32730000,12198
0,3273,32730000,32730000,132,219,32740000,12201
0,3274,32740000,32740000,132,219,32750000,12203
0,3275,32750000,32750000,132,219,32760000,12206
0,3276,32760000,32760000,132,219,32770000,12212
0,3277,32770000,32770000,132,219,32780000,12215
0,3278,32780000,32780000,132,219,32790000,12217
0,3279,32790000,32790000,132,219,32800000,12222
0,328,3280000,3280000,132,219,3290000,1220
0,3280,32800000,32800000,132,219,32810000,12228
0,3281,32810000,32810000,132,219,32820000,12229
0,3282,32820000,32820000,132,219,32830000,12233
0,3283,32830000,32830000,132,219,32840000,12238
0,3284,32840000,32840000,132,219,32850000,12240
0,3285,32850000,32850000,132,219,32860000,12245
0,3286,32860000,32860000,132,219,32870000,12249
0,3287,32870000,32870000,132,219,32880000,12251
0,3288,32880000,32880000,132,219,32890000,12256
0,3289,32890000,32890000,132,219,32900000,12259
0,329,3290000,3290000,132,219,3300000,1223
0,3290,32900000,32900000,132,219,32910000,12264
0,3291,32910000,32910000,132,219,32920000,12267
0,3292,32920000,32920000,132,219,32930000,12271
0,3293,32930000,32930000,132,219,32940000,12274
0,3294,32940000,32940000,132,219,32950000,12278
0,3295,32950000,32950000,132,219,32960000,12282
0,3296,32960000,32960000,132,219,32970000,12285
0,3297,32970000,32970000,132,219,32980000,12291
0,3298,32980000,32980000,132,219,32990000,12293
0,3299,32990000,32990000,132,219,33000000,12294
0,33,330000,330000,132,219,340000,121
0,330,3300000,3300000,132,219,3310000,1229
0,3300,33000000,33000000,132,219,33010000,12303
0,3301,33010000,33010000,132,219,33020000,12305
0,3302,33020000,33020000,132,219,33030000,12307
0,3303,33030000,33030000,132,219,33040000,12310
0,3304,33040000,33040000,132,219,33050000,12316
0,3305,33050000,33050000,132,219,33060000,12320
0,3306,33060000,33060000,132,219,33070000,12323
0,3307,33070000,33070000,132,219,33080000,12328
0,3308,33080000,33080000,132,219,33090000,12330
0,3309,33090000,33090000,132,219,33100000,12333
0,331,3310000,3310000,132,219,3320000,1231
0,3310,33100000,33100000,132,219,33110000,12337
0,3311,33110000,33110000,132,219,33120000,12341
0,3312,33120000,33120000,132,219,33130000,12347
0,3313,33130000,33130000,132,219,33140000,12349
0,3314,33140000,33140000,132,219,33150000,12352
0,3315,33150000,33150000,132,219,33160000,12357
0,3316,33160000,33160000,132,219,33170000,12361
0,3317,33170000,33170000,132,219,33180000,12363
0,3318,33180000,33180000,132,219,33190000,12368
0,3319,33190000,33190000,132,219,33200000,12370
0,332,3320000,3320000,132,219,3330000,1236
0,3320,33200000,33200000,132,219,33210000,12375
0,3321,33210000,33210000,132,219,33220000,12380
0,3322,33220000,33220000,132,219,33230000,12384
0,3323,33230000,33230000,132,219,33240000,12385
0,3324,33240000,33240000,132,219,33250000,12389
0,3325,33250000,33250000,132,219,33260000,12395
0,3326,33260000,33260000,132,219,33270000,12396
0,3327,33270000,33270000,132,219,33280000,12401
0,3328,33280000,33280000,132,219,33290000,12407
0,3329,33290000,33290000,132,219,33300000,12408
0,333,3330000,3330000,132,219,3340000,1239
0,3330,33300000,33300000,132,219,33310000,12413
0,3331,33310000,33310000,132,219,33320000,12415
0,3332,33320000,33320000,132,219,33330000,12420
0,3333,33330000,33330000,132,219,33340000,12424
0,3334,33340000,33340000,132,219,33350000,12426
0,3335,33350000,33350000,132,219,33360000,12431
0,3336,33360000,33360000,132,219,33370000,12436
0,3337,33370000,33370000,132,219,33380000,12439
0,3338,33380000,33380000,132,219,33390000,12441
0,3339,33390000,33390000,132,219,33400000,12446
0,334,3340000,3340000,132,219,3350000,1241
0,3340,33400000,33400000,132,219,33410000,12451
0,3341,33410000,33410000,132,219,33420000,12452
0,3342,33420000,33420000,132,219,33430000,12458
0,3343,33430000,33430000,132,219,33440000,12460
0,3344,33440000,33440000,132,219,33450000,12464
0,3345,33450000,33450000,132,219,33460000,12469
0,3346,33460000,33460000,132,219,33470000,12473
0,3347,33470000,33470000,132,219,33480000,12475
0,3348,33480000,33480000,132,219,33490000,12479
0,3349,33490000,33490000,132,219,33500000,12484
0,335,3350000,3350000,132,219,3360000,1245
0,3350,33500000,33500000,132,219,33510000,12487
0,3351,33510000,33510000,132,219,33520000,12490
0,3352,33520000,33520000,132,219,33530000,12495
0,3353,33530000,33530000,132,219,33540000,12498
0,3354,33540000,33540000,132,219,33550000,12501
0,3355,33550000,33550000,132,219,33560000,12506
0,3356,33560000,33560000,132,219,33570000,12510
0,3357,33570000,33570000,132,219,33580000,12514
0,3358,33580000,33580000,132,219,33590000,12516
0,3359,33590000,33590000,132,219,33600000,12517
0,336,3360000,3360000,132,219,3370000,1252
0,3360,33600000,33600000,132,219,33610000,12527
0,3361,33610000,33610000,132,219,33620000,12529
0,3362,33620000,33620000,132,219,33630000,12531
0,3363,33630000,33630000,132,219,33640000,12536
0,3364,33640000,33640000,132,219,33650000,12539
0,3365,33650000,33650000,132,219,33660000,12542
0,3366,33660000,33660000,132,219,33670000,12546
0,3367,33670000,33670000,132,219,33680000,12551
0,3368,33680000,33680000,132,219,33690000,12554
0,3369,33690000,33690000,132,219,33700000,12557
0,337,3370000,3370000,132,219,3380000,1255
0,3370,33700000,33700000,132,219,33710000,12563
0,3371,33710000,33710000,132,219,33720000,12565
0,3372,33720000,33720000,132,219,33730000,12570
0,3373,33730000,33730000,132,219,33740000,12572
0,3374,33740000,33740000,132,219,33750000,12575
0,3375,33750000,33750000,132,219,33760000,12580
0,3376,33760000,33760000,132,219,33770000,12584
0,3377,33770000,33770000,132,219,33780000,12589
0,3378,33780000,33780000,132,219,33790000,12592
0,3379,33790000,33790000,132,219,33800000,12594
0,338,3380000,3380000,132,219,3390000,1256
0,3380,33800000,33800000,132,219,33810000,12598
0,3381,33810000,33810000,132,219,33820000,12603
0,3382,33820000,33820000,132,219,33830000,12607
0,3383,33830000,33830000,132,219,33840000,12608
0,3384,33840000,33840000,132,219,33850000,12615
0,3385,33850000,33850000,132,219,33860000,12619
0,3386,33860000,33860000,132,219,33870000,12620
0,3387,33870000,33870000,132,219,33880000,12624
0,3388,33880000,33880000,132,219,33890000,12630
0,3389,33890000,33890000,132,219,33900000,12631
0,339,3390000,3390000,132,219,3400000,1261
0,3390,33900000,33900000,132,219,33910000,12636
0,3391,33910000,33910000,132,219,33920000,12640
0,3392,33920000,33920000,132,219,33930000,12644
0,3393,33930000,33930000,132,219,33940000,12648
0,3394,33940000,33940000,132,219,33950000,12650
0,3395,33950000,33950000,132,219,33960000,12655
0,3396,33960000,33960000,132,219,33970000,12659
0,3397,33970000,33970000,132,219,33980000,12662
0,3398,33980000,33980000,132,219,33990000,12665
0,3399,33990000,33990000,132,219,34000000,12669
0,34,340000,340000,132,219,350000,123
0,340,3400000,3400000,132,219,3410000,1266
0,3400,34000000,34000000,132,219,34010000,12675
0,3401,34010000,34010000,132,219,34020000,12676
0,3402,34020000,34020000,132,219,34030000,12682
0,3403,34030000,34030000,132,219,34040000,12684
0,3404,34040000,34040000,132,219,34050000,12687
0,3405,34050000,34050000,132,219,34060000,12694
0,3406,34060000,34060000,132,219,34070000,12696
0,3407,34070000,34070000,132,219,34080000,12698
0,3408,34080000,34080000,132,219,34090000,12703
0,3409,34090000,34090000,132,219,34100000,12707
0,341,3410000,3410000,132,219,3420000,1268
0,3410,34100000,34100000,132,219,34110000,12711
0,3411,34110000,34110000,132,219,34120000,12714
0,3412,34120000,34120000,132,219,34130000,12720
0,3413,34130000,34130000,132,219,34140000,12721
0,3414,34140000,34140000,132,219,34150000,12724
0,3415,34150000,34150000,132,219,34160000,12729
0,3416,34160000,34160000,132,219,34170000,12734
0,3417,34170000,34170000,132,219,34180000,12738
0,3418,34180000,34180000,132,219,34190000,12740
0,3419,34190000,34190000,132,219,34200000,12743
0,342,3420000,3420000,132,219,3430000,1272
0,3420,34200000,34200000,132,219,34210000,12749
0,3421,34210000,34210000,132,219,34220000,12752
0,3422,34220000,34220000,132,219,34230000,12754
0,3423,34230000,34230000,132,219,34240000,12759
0,3424,34240000,34240000,132,219,34250000,12763
0,3425,34250000,34250000,132,219,34260000,12766
0,3426,34260000,34260000,132,219,34270000,12772
0,3427,34270000,34270000,132,219,34280000,12775
0,3428,34280000,34280000,132,219,34290000,12777
0,3429,34290000,34290000,132,219,34300000,12780
0,343,3430000,3430000,132,219,3440000,1276
0,3430,34300000,34300000,132,219,34310000,12786
0,3431,34310000,34310000,132,219,34320000,12787
0,3432,34320000,34320000,132,219,34330000,12794
0,3433,34330000,34330000,132,219,34340000,12798
0,3434,34340000,34340000,132,219,34350000,12799
0,3435,34350000,34350000,132,219,34360000,12804
0,3436,34360000,34360000,132,219,34370000,12807
0,3437,34370000,34370000,132,219,34380000,12812
0,3438,34380000,34380000,132,219,34390000,12815
0,3439,34390000,34390000,132,219,34400000,12817
0,344,3440000,3440000,132,219,3450000,1279
0,3440,34400000,34400000,132,219,34410000,12824
0,3441,34410000,34410000,132,219,34420000,12827
0,3442,34420000,34420000,132,219,34430000,12830
0,3443,34430000,34430000,132,219,34440000,12832
0,3444,34440000,34440000,132,219,34450000,12838
0,3445,34450000,34450000,132,219,34460000,12842
0,3446,34460000,34460000,132,219,34470000,12843
0,3447,34470000,34470000,132,219,34480000,12849
0,3448,34480000,34480000,132,219,34490000,12854
0,3449,34490000,34490000,132,219,34500000,12855
0,345,3450000,3450000,132,219,3460000,1284
0,3450,34500000,34500000,132,219,34510000,12860
0,3451,34510000,34510000,132,219,34520000,12864
0,3452,34520000,34520000,132,219,34530000,12867
0,3453,34530000,34530000,132,219,34540000,12870
0,3454,34540000,34540000,132,219,34550000,12875
0,3455,34550000,34550000,132,219,34560000,12878
0,3456,34560000,34560000,132,219,34570000,12883
0,3457,34570000,34570000,132,219,34580000,12886
0,3458,34580000,34580000,132,219,34590000,12889
0,3459,34590000,34590000,132,219,34600000,12893
0,346,3460000,3460000,132,219,3470000,1289
0,3460,34600000,34600000,132,219,34610000,12898
0,3461,34610000,34610000,132,219,34620000,12901
0,3462,34620000,34620000,132,219,34630000,12905
0,3463,34630000,34630000,132,219,34640000,12907
0,3464,34640000,34640000,132,219,34650000,12910
0,3465,34650000,34650000,132,219,34660000,12918
0,3466,34660000,34660000,132,219,34670000,12920
0,3467,34670000,34670000,132,219,34680000,12922
0,3468,34680000,34680000,132,219,34690000,12928
0,3469,34690000,34690000,132,219,34700000,12930
0,347,3470000,3470000,132,219,3480000,1291
0,3470,34700000,34700000,132,219,34710000,12934
0,3471,34710000,34710000,132,219,34720000,12937
0,3472,34720000,34720000,132,219,34730000,12944
0,3473,34730000,34730000,132,219,34740000,12945
0,3474,34740000,34740000,132,219,34750000,12948
0,3475,34750000,34750000,132,219,34760000,12954
0,3476,34760000,34760000,132,219,34770000,12957
0,3477,34770000,34770000,132,219,34780000,12961
0,3478,34780000,34780000,132,219,34790000,12963
0,3479,34790000,34790000,132,219,34800000,12966
0,348,3480000,3480000,132,219,3490000,1295
0,3480,34800000,34800000,132,219,34810000,12973
0,3481,34810000,34810000,132,219,34820000,12976
0,3482,34820000,34820000,132,219,34830000,12980
0,3483,34830000,34830000,132,219,34840000,12983
0,3484,34840000,34840000,132,219,34850000,12986
0,3485,34850000,34850000,132,219,34860000,12989
0,3486,34860000,34860000,132,219,34870000,12994
0,3487,34870000,34870000,132,219,34880000,12998
0,3488,34880000,34880000,132,219,34890000,13001
0,3489,34890000,34890000,132,219,34900000,13006
0,349,3490000,3490000,132,219,3500000,1297
0,3490,34900000,34900000,132,219,34910000,13010
0,3491,34910000,34910000,132,219,34920000,13011
0,3492,34920000,34920000,132,219,34930000,13017
0,3493,34930000,34930000,132,219,34940000,13021
0,3494,34940000,34940000,132,219,34950000,13022
0,3495,34950000,34950000,132,219,34960000,13027
0,3496,34960000,34960000,132,219,34970000,13033
0,3497,34970000,34970000,132,219,34980000,13035
0,3498,34980000,34980000,132,219,34990000,13039
0,3499,34990000,34990000,132,219,35000000,13041
0,35,350000,350000,132,219,360000,128
0,350,3500000,3500000,132,219,3510000,1302
0,3500,35000000,35000000,132,219,35010000,13047
0,3501,35010000,35010000,132,219,35020000,13050
0,3502,35020000,35020000,132,219,35030000,13053
0,3503,35030000,35030000,132,219,35040000,13057
0,3504,35040000,35040000,132,219,35050000,13062
0,3505,35050000,35050000,132,219,35060000,13066
0,3506,35060000,35060000,132,219,35070000,13067
0,3507,35070000,35070000,132,219,35080000,13073
0,3508,35080000,35080000,132,219,35090000,13076
0,3509,35090000,35090000,132,219,35100000,13078
0,351,3510000,3510000,132,219,3520000,1305
0,3510,35100000,35100000,132,219,35110000,13085
0,3511,35110000,35110000,132,219,35120000,13087
0,3512,35120000,35120000,132,219,35130000,13091
0,3513,35130000,35130000,132,219,35140000,13094
0,3514,35140000,35140000,132,219,35150000,13099
0,3515,35150000,35150000,132,219,35160000,13102
0,3516,35160000,35160000,132,219,35170000,13106
0,3517,35170000,35170000,132,219,35180000,13111
0,3518,35180000,35180000,132,219,35190000,13112
0,3519,35190000,35190000,132,219,35200000,13115
0,352,3520000,3520000,132,219,3530000,1311
0,3520,35200000,35200000,132,219,35210000,13122
0,3521,35210000,35210000,132,219,35220000,13125
0,3522,35220000,35220000,132,219,35230000,13129
0,3523,35230000,35230000,132,219,35240000,13131
0,3524,35240000,35240000,132,219,35250000,13135
0,3525,35250000,35250000,132,219,35260000,13141
0,3526,35260000,35260000,132,219,35270000,13143
0,3527,35270000,35270000,132,219,35280000,13145
0,3528,35280000,35280000,132,219,35290000,13152
0,3529,35290000,35290000,132,219,35300000,13154
0,353,3530000,3530000,132,219,3540000,1314
0,3530,35300000,35300000,132,219,35310000,13157
0,3531,35310000,35310000,132,219,35320000,13163
0,3532,35320000,35320000,132,219,35330000,13167
0,3533,35330000,35330000,132,219,35340000,13168
0,3534,35340000,35340000,132,219,35350000,13171
0,3535,35350000,35350000,132,219,35360000,13177
0,3536,35360000,35360000,132,219,35370000,13181
0,3537,35370000,35370000,132,219,35380000,13185
0,3538,35380000,35380000,132,219,35390000,13189
0,3539,35390000,35390000,132,219,35400000,13190
0,354,3540000,3540000,132,219,3550000,1317
0,3540,35400000,35400000,132,219,35410000,13196
0,3541,35410000,35410000,132,219,35420000,13198
0,3542,35420000,35420000,132,219,35430000,13203
0,3543,35430000,35430000,132,219,35440000,13206
0,3544,35440000,35440000,132,219,35450000,13210
0,3545,35450000,35450000,132,219,35460000,13215
0,3546,35460000,35460000,132,219,35470000,13218
0,3547,35470000,35470000,132,219,35480000,13222
0,3548,35480000,35480000,132,219,35490000,13224
0,3549,35490000,35490000,132,219,35500000,13229
0,355,3550000,3550000,132,219,3560000,1321
0,3550,35500000,35500000,132,219,35510000,13233
0,3551,35510000,35510000,132,219,35520000,13234
0,3552,35520000,35520000,132,219,35530000,13242
0,3553,35530000,35530000,132,219,35540000,13245
0,3554,35540000,35540000,132,219,35550000,13246
0,3555,35550000,35550000,132,219,35560000,13251
0,3556,35560000,35560000,132,219,35570000,13256
0,3557,35570000,35570000,132,219,35580000,13258
0,3558,35580000,35580000,132,219,35590000,13262
0,3559,35590000,35590000,132,219,35600000,13266
0,356,3560000,3560000,132,219,3570000,1323
0,3560,35600000,35600000,132,219,35610000,13271
0,3561,35610000,35610000,132,219,35620000,13274
0,3562,35620000,35620000,132,219,35630000,13277
0,3563,35630000,35630000,132,219,35640000,13280
0,3564,35640000,35640000,132,219,35650000,13285
0,3565,35650000,35650000,132,219,35660000,13289
0,3566,35660000,35660000,132,219,35670000,13292
0,3567,35670000,35670000,132,219,35680000,13296
0,3568,35680000,35680000,132,219,35690000,13300
0,3569,35690000,35690000,132,219,35700000,13302
0,357,3570000,3570000,132,219,3580000,1330
0,3570,35700000,35700000,132,219,35710000,13309
0,3571,35710000,35710000,132,219,35720000,13311
0,3572,35720000,35720000,132,219,35730000,13314
0,3573,35730000,35730000,132,219,35740000,13319
0,3574,35740000,35740000,132,219,35750000,13321
0,3575,35750000,35750000,132,219,35760000,13325
0,3576,35760000,35760000,132,219,35770000,13330
0,3577,35770000,35770000,132,219,35780000,13335
0,3578,35780000,35780000,132,219,35790000,13336
0,3579,35790000,35790000,132,219,35800000,13339
0,358,3580000,3580000,132,219,3590000,1332
0,3580,35800000,35800000,132,219,35810000,13347
0,3581,35810000,35810000,132,219,35820000,13348
0,3582,35820000,35820000,132,219,35830000,13352
0,3583,35830000,35830000,132,219,35840000,13354
0,3584,35840000,35840000,132,219,35850000,13359
0,3585,35850000,35850000,132,219,35860000,13364
0,3586,35860000,35860000,132,219,35870000,13367
0,3587,35870000,35870000,132,219,35880000,13371
0,3588,35880000,35880000,132,219,35890000,13375
0,3589,35890000,35890000,132,219,35900000,13377
0,359,3590000,3590000,132,219,3600000,1333
0,3590,35900000,35900000,132,219,35910000,13380
0,3591,35910000,35910000,132,219,35920000,13386
0,3592,35920000,35920000,132,219,35930000,13391
0,3593,35930000,35930000,132,219,35940000,13392
0,3594,35940000,35940000,132,219,35950000,13397
0,3595,35950000,35950000,132,219,35960000,13401
0,3596,35960000,35960000,132,219,35970000,13403
0,3597,35970000,35970000,132,219,35980000,13408
0,3598,35980000,35980000,132,219,35990000,13412
0,3599,35990000,35990000,132,219,36000000,13413
0,36,360000,360000,132,219,370000,132
0,360,3600000,3600000,132,219,3610000,1342
0,3600,36000000,36000000,132,219,36010000,13420
0,3601,36010000,36010000,132,219,36020000,13424
0,3602,36020000,36020000,132,219,36030000,13427
0,3603,36030000,36030000,132,219,36040000,13430
0,3604,36040000,36040000,132,219,36050000,13433
0,3605,36050000,36050000,132,219,36060000,13438
0,3606,36060000,36060000,132,219,36070000,13441
0,3607,36070000,36070000,132,219,36080000,13444
0,3608,36080000,36080000,132,219,36090000,13450
0,3609,36090000,36090000,132,219,36100000,13453
0,361,3610000,3610000,132,219,3620000,1344
0,3610,36100000,36100000,132,219,36110000,13457
0,3611,36110000,36110000,132,219,36120000,13458
0,3612,36120000,36120000,132,219,36130000,13465
0,3613,36130000,36130000,132,219,36140000,13468
0,3614,36140000,36140000,132,219,36150000,13469
0,3615,36150000,36150000,132,219,36160000,13476
0,3616,36160000,36160000,132,219,36170000,13480
0,3617,36170000,36170000,132,219,36180000,13482
0,3618,36180000,36180000,132,219,36190000,13485
0,3619,36190000,36190000,132,219,36200000,13490
0,362,3620000,3620000,132,219,3630000,1346
0,3620,36200000,36200000,132,219,36210000,13494
0,3621,36210000,36210000,132,219,36220000,13497
0,3622,36220000,36220000,132,219,36230000,13502
0,3623,36230000,36230000,132,219,36240000,13503
0,3624,36240000,36240000,132,219,36250000,13509
0,3625,36250000,36250000,132,219,36260000,13513
0,3626,36260000,36260000,132,219,36270000,13516
0,3627,36270000,36270000,132,219,36280000,13520
0,3628,36280000,36280000,132,219,36290000,13523
0,3629,36290000,36290000,132,219,36300000,13526
0,363,3630000,3630000,132,219,3640000,1350
0,3630,36300000,36300000,132,219,36310000,13532
0,3631,36310000,36310000,132,219,36320000,13534
0,3632,36320000,36320000,132,219,36330000,13538
0,3633,36330000,36330000,132,219,36340000,13543
0,3634,36340000,36340000,132,219,36350000,13545
0,3635,36350000,36350000,132,219,36360000,13549
0,3636,36360000,36360000,132,219,36370000,13555
0,3637,36370000,36370000,132,219,36380000,13558
0,3638,36380000,36380000,132,219,36390000,13559
0,3639,36390000,36390000,132,219,36400000,13562
0,364,3640000,3640000,132,219,3650000,1355
0,3640,36400000,36400000,132,219,36410000,13570
0,3641,36410000,36410000,132,219,36420000,13572
0,3642,36420000,36420000,132,219,36430000,13576
0,3643,36430000,36430000,132,219,36440000,13580
0,3644,36440000,36440000,132,219,36450000,13582
0,3645,36450000,36450000,132,219,36460000,13587
0,3646,36460000,36460000,132,219,36470000,13590
0,3647,36470000,36470000,132,219,36480000,13594
0,3648,36480000,36480000,132,219,36490000,13599
0,3649,36490000,36490000,132,219,36500000,13601
0,365,3650000,3650000,132,219,3660000,1358
0,3650,36500000,36500000,132,219,36510000,13606
0,3651,36510000,36510000,132,219,36520000,13609
0,3652,36520000,36520000,132,219,36530000,13614
0,3653,36530000,36530000,132,219,36540000,13615
0,3654,36540000,36540000,132,219,36550000,13620
0,3655,36550000,36550000,132,219,36560000,13624
0,3656,36560000,36560000,132,219,36570000,13627
0,3657,36570000,36570000,132,219,36580000,13634
0,3658,36580000,36580000,132,219,36590000,13636
0,3659,36590000,36590000,132,219,36600000,13637
0,366,3660000,3660000,132,219,3670000,1361
0,3660,36600000,36600000,132,219,36610000,13643
0,3661,36610000,36610000,132,219,36620000,13647
0,3662,36620000,36620000,132,219,36630000,13649
0,3663,36630000,36630000,132,219,36640000,13653
0,3664,36640000,36640000,132,219,36650000,13659
0,3665,36650000,36650000,132,219,36660000,13662
0,3666,36660000,36660000,132,219,36670000,13665
0,3667,36670000,36670000,132,219,36680000,13668
0,3668,36680000,36680000,132,219,36690000,13673
0,3669,36690000,36690000,132,219,36700000,13676
0,367,3670000,3670000,132,219,3680000,1366
0,3670,36700000,36700000,132,219,36710000,13680
0,3671,36710000,36710000,132,219,36720000,13683
0,3672,36720000,36720000,132,219,36730000,13689
0,3673,36730000,36730000,132,219,36740000,13691
0,3674,36740000,36740000,132,219,36750000,13693
0,3675,36750000,36750000,132,219,36760000,13700
0,3676,36760000,36760000,132,219,36770000,13703
0,3677,36770000,36770000,132,219,36780000,13705
0,3678,36780000,36780000,132,219,36790000,13710
0,3679,36790000,36790000,132,219,36800000,13713
0,368,3680000,3680000,132,219,3690000,1370
0,3680,36800000,36800000,132,219,36810000,13718
0,3681,36810000,36810000,132,219,36820000,13721
0,3682,36820000,36820000,132,219,36830000,13726
0,3683,36830000,36830000,132,219,36840000,13727
0,3684,36840000,36840000,132,219,36850000,13731
0,3685,36850000,36850000,132,219,36860000,13738
0,3686,36860000,36860000,132,219,36870000,13739
0,3687,36870000,36870000,132,219,36880000,13743
0,3688,36880000,36880000,132,219,36890000,13747
0,3689,36890000,36890000,132,219,36900000,13750
0,369,3690000,3690000,132,219,3700000,1373
0,3690,36900000,36900000,132,219,36910000,13756
0,3691,36910000,36910000,132,219,36920000,13758
0,3692,36920000,36920000,132,219,36930000,13763
0,3693,36930000,36930000,132,219,36940000,13766
0,3694,36940000,36940000,132,219,36950000,13768
0,3695,36950000,36950000,132,219,36960000,13771
0,3696,36960000,36960000,132,219,36970000,13779
0,3697,36970000,36970000,132,219,36980000,13782
0,3698,36980000,36980000,132,219,36990000,13783
0,3699,36990000,36990000,132,219,37000000,13788
0,37,370000,370000,132,219,380000,135
0,370,3700000,3700000,132,219,3710000,1377
0,3700,37000000,37000000,132,219,37010000,13793
0,3701,37010000,37010000,132,219,37020000,13795
0,3702,37020000,37020000,132,219,37030000,13799
0,3703,37030000,37030000,132,219,37040000,13803
0,3704,37040000,37040000,132,219,37050000,13806
0,3705,37050000,37050000,132,219,37060000,13811
0,3706,37060000,37060000,132,219,37070000,13815
0,3707,37070000,37070000,132,219,37080000,13818
0,3708,37080000,37080000,132,219,37090000,13822
0,3709,37090000,37090000,132,219,37100000,13824
0,371,3710000,3710000,132,219,3720000,1380
0,3710,37100000,37100000,132,219,37110000,13829
0,3711,37110000,37110000,132,219,37120000,13832
0,3712,37120000,37120000,132,219,37130000,13838
0,3713,37130000,37130000,132,219,37140000,13841
0,3714,37140000,37140000,132,219,37150000,13844
0,3715,37150000,37150000,132,219,37160000,13848
0,3716,37160000,37160000,132,219,37170000,13850
0,3717,37170000,37170000,132,219,37180000,13856
0,3718,37180000,37180000,132,219,37190000,13859
0,3719,37190000,37190000,132,219,37200000,13860
0,372,3720000,3720000,132,219,3730000,1385
0,3720,37200000,37200000,132,219,37210000,13869
0,3721,37210000,37210000,132,219,37220000,13871
0,3722,37220000,37220000,132,219,37230000,13873
0,3723,37230000,37230000,132,219,37240000,13877
0,3724,37240000,37240000,132,219,37250000,13882
0,3725,37250000,37250000,132,219,37260000,13885
0,3726,37260000,37260000,132,219,37270000,13888
0,3727,37270000,37270000,132,219,37280000,13893
0,3728,37280000,37280000,132,219,37290000,13896
0,3729,37290000,37290000,132,219,37300000,13900
0,373,3730000,3730000,132,219,3740000,1387
0,3730,37300000,37300000,132,219,37310000,13904
0,3731,37310000,37310000,132,219,37320000,13907
0,3732,37320000,37320000,132,219,37330000,13912
0,3733,37330000,37330000,132,219,37340000,13914
0,3734,37340000,37340000,132,219,37350000,13918
0,3735,37350000,37350000,132,219,37360000,13923
0,3736,37360000,37360000,132,219,37370000,13927
0,3737,37370000,37370000,132,219,37380000,13929
0,3738,37380000,37380000,132,219,37390000,13934
0,3739,37390000,37390000,132,219,37400000,13936
0,374,3740000,3740000,132,219,3750000,1391
0,3740,37400000,37400000,132,219,37410000,13941
0,3741,37410000,37410000,132,219,37420000,13946
0,3742,37420000,37420000,132,219,37430000,13949
0,3743,37430000,37430000,132,219,37440000,13950
0,3744,37440000,37440000,132,219,37450000,13955
0,3745,37450000,37450000,132,219,37460000,13962
0,3746,37460000,37460000,132,219,37470000,13963
0,3747,37470000,37470000,132,219,37480000,13967
0,3748,37480000,37480000,132,219,37490000,13972
0,3749,37490000,37490000,132,219,37500000,13973
0,375,3750000,3750000,132,219,3760000,1396
0,3750,37500000,37500000,132,219,37510000,13978
0,3751,37510000,37510000,132,219,37520000,13981
0,3752,37520000,37520000,132,219,37530000,13987
0,3753,37530000,37530000,132,219,37540000,13990
0,3754,37540000,37540000,132,219,37550000,13992
0,3755,37550000,37550000,132,219,37560000,13997
0,3756,37560000,37560000,132,219,37570000,14002
0,3757,37570000,37570000,132,219,37580000,14005
0,3758,37580000,37580000,132,219,37590000,14006
0,3759,37590000,37590000,132,219,37600000,14011
0,376,3760000,3760000,132,219,3770000,1400
0,3760,37600000,37600000,132,219,37610000,14017
0,3761,37610000,37610000,132,219,37620000,14018
0,3762,37620000,37620000,132,219,37630000,14025
0,3763,37630000,37630000,132,219,37640000,14027
0,3764,37640000,37640000,132,219,37650000,14029
0,3765,37650000,37650000,132,219,37660000,14034
0,3766,37660000,37660000,132,219,37670000,14038
0,3767,37670000,37670000,132,219,37680000,14041
0,3768,37680000,37680000,132,219,37690000,14046
0,3769,37690000,37690000,132,219,37700000,14050
0,377,3770000,3770000,132,219,3780000,1402
0,3770,37700000,37700000,132,219,37710000,14053
0,3771,37710000,37710000,132,219,37720000,14056
0,3772,37720000,37720000,132,219,37730000,14060
0,3773,37730000,37730000,132,219,37740000,14064
0,3774,37740000,37740000,132,219,37750000,14067
0,3775,37750000,37750000,132,219,37760000,14071
0,3776,37760000,37760000,132,219,37770000,14076
0,3777,37770000,37770000,132,219,37780000,14080
0,3778,37780000,37780000,132,219,37790000,14083
0,3779,37790000,37790000,132,219,37800000,14084
0,378,3780000,3780000,132,219,3790000,1407
0,3780,37800000,37800000,132,219,37810000,14092
0,3781,37810000,37810000,132,219,37820000,14094
0,3782,37820000,37820000,132,219,37830000,14096
0,3783,37830000,37830000,132,219,37840000,14101
0,3784,37840000,37840000,132,219,37850000,14106
0,3785,37850000,37850000,132,219,37860000,14109
0,3786,37860000,37860000,132,219,37870000,14112
0,3787,37870000,37870000,132,219,37880000,14117
0,3788,37880000,37880000,132,219,37890000,14119
0,3789,37890000,37890000,132,219,37900000,14123
0,379,3790000,3790000,132,219,3800000,1410
0,3790,37900000,37900000,132,219,37910000,14129
0,3791,37910000,37910000,132,219,37920000,14130
0,3792,37920000,37920000,132,219,37930000,14136
0,3793,37930000,37930000,132,219,37940000,14138
0,3794,37940000,37940000,132,219,37950000,14141
0,3795,37950000,37950000,132,219,37960000,14147
0,3796,37960000,37960000,132,219,37970000,14150
0,3797,37970000,37970000,132,219,37980000,14154
0,3798,37980000,37980000,132,219,37990000,14157
0,3799,37990000,37990000,132,219,38000000,14159
0,38,380000,380000,132,219,390000,139
0,380,3800000,3800000,132,219,3810000,1414
0,3800,38000000,38000000,132,219,38010000,14165
0,3801,38010000,38010000,132,219,38020000,14170
0,3802,38020000,38020000,132,219,38030000,14173
0,3803,38030000,38030000,132,219,38040000,14174
0,3804,38040000,38040000,132,219,38050000,14180
0,3805,38050000,38050000,132,219,38060000,14184
0,3806,38060000,38060000,132,219,38070000,14186
0,3807,38070000,38070000,132,219,38080000,14190
0,3808,38080000,38080000,132,219,38090000,14196
0,3809,38090000,38090000,132,219,38100000,14197
0,381,3810000,3810000,132,219,3820000,1419
0,3810,38100000,38100000,132,219,38110000,14202
0,3811,38110000,38110000,132,219,38120000,14207
0,3812,38120000,38120000,132,219,38130000,14210
0,3813,38130000,38130000,132,219,38140000,14213
0,3814,38140000,38140000,132,219,38150000,14215
0,3815,38150000,38150000,132,219,38160000,14220
0,3816,38160000,38160000,132,219,38170000,14225
0,3817,38170000,38170000,132,219,38180000,14229
0,3818,38180000,38180000,132,219,38190000,14232
0,3819,38190000,38190000,132,219,38200000,14235
0,382,3820000,3820000,132,219,3830000,1422
0,3820,38200000,38200000,132,219,38210000,14240
0,3821,38210000,38210000,132,219,38220000,14241
0,3822,38220000,38220000,132,219,38230000,14248
0,3823,38230000,38230000,132,219,38240000,14250
0,3824,38240000,38240000,132,219,38250000,14253
0,3825,38250000,38250000,132,219,38260000,14260
0,3826,38260000,38260000,132,219,38270000,14262
0,3827,38270000,38270000,132,219,38280000,14264
0,3828,38280000,38280000,132,219,38290000,14269
0,3829,38290000,38290000,132,219,38300000,14273
0,383,3830000,3830000,132,219,3840000,1423
0,3830,38300000,38300000,132,219,38310000,14276
0,3831,38310000,38310000,132,219,38320000,14279
0,3832,38320000,38320000,132,219,38330000,14286
0,3833,38330000,38330000,132,219,38340000,14288
0,3834,38340000,38340000,132,219,38350000,14291
0,3835,38350000,38350000,132,219,38360000,14295
0,3836,38360000,38360000,132,219,38370000,14299
0,3837,38370000,38370000,132,219,38380000,14303
0,3838,38380000,38380000,132,219,38390000,14305
0,3839,38390000,38390000,132,219,38400000,14309
0,384,3840000,3840000,132,219,3850000,1428
0,3840,38400000,38400000,132,219,38410000,14316
0,3841,38410000,38410000,132,219,38420000,14318
0,3842,38420000,38420000,132,219,38430000,14320
0,3843,38430000,38430000,132,219,38440000,14325
0,3844,38440000,38440000,132,219,38450000,14329
0,3845,38450000,38450000,132,219,38460000,14332
0,3846,38460000,38460000,132,219,38470000,14337
0,3847,38470000,38470000,132,219,38480000,14340
0,3848,38480000,38480000,132,219,38490000,14343
0,3849,38490000,38490000,132,219,38500000,14346
0,385,3850000,3850000,132,219,3860000,1435
0,3850,38500000,38500000,132,219,38510000,14353
0,3851,38510000,38510000,132,219,38520000,14354
0,3852,38520000,38520000,132,219,38530000,14359
0,3853,38530000,38530000,132,219,38540000,14363
0,3854,38540000,38540000,132,219,38550000,14364
0,3855,38550000,38550000,132,219,38560000,14370
0,3856,38560000,38560000,132,219,38570000,14374
0,3857,38570000,38570000,132,219,38580000,14378
0,3858,38580000,38580000,132,219,38590000,14381
0,3859,38590000,38590000,132,219,38600000,14383
0,386,3860000,3860000,132,219,3870000,1436
0,3860,38600000,38600000,132,219,38610000,14389
0,3861,38610000,38610000,132,219,38620000,14393
0,3862,38620000,38620000,132,219,38630000,14396
0,3863,38630000,38630000,132,219,38640000,14397
0,3864,38640000,38640000,132,219,38650000,14404
0,3865,38650000,38650000,132,219,38660000,14408
0,3866,38660000,38660000,132,219,38670000,14410
0,3867,38670000,38670000,132,219,38680000,14416
0,3868,38680000,38680000,132,219,38690000,14419
0,3869,38690000,38690000,132,219,38700000,14420
0,387,3870000,3870000,132,219,3880000,1440
0,3870,38700000,38700000,132,219,38710000,14425
0,3871,38710000,38710000,132,219,38720000,14429
0,3872,38720000,38720000,132,219,38730000,14434
0,3873,38730000,38730000,132,219,38740000,14437
0,3874,38740000,38740000,132,219,38750000,14441
0,3875,38750000,38750000,132,219,38760000,14444
0,3876,38760000,38760000,132,219,38770000,14448
0,3877,38770000,38770000,132,219,38780000,14452
0,3878,38780000,38780000,132,219,38790000,14455
0,3879,38790000,38790000,132,219,38800000,14458
0,388,3880000,3880000,132,219,3890000,1445
0,3880,38800000,38800000,132,219,38810000,14464
0,3881,38810000,38810000,132,219,38820000,14467
0,3882,38820000,38820000,132,219,38830000,14471
0,3883,38830000,38830000,132,219,38840000,14474
0,3884,38840000,38840000,132,219,38850000,14476
0,3885,38850000,38850000,132,219,38860000,14483
0,3886,38860000,38860000,132,219,38870000,14485
0,3887,38870000,38870000,132,219,38880000,14487
0,3888,38880000,38880000,132,219,38890000,14495
0,3889,38890000,38890000,132,219,38900000,14497
0,389,3890000,3890000,132,219,3900000,1446
0,3890,38900000,38900000,132,219,38910000,14500
0,3891,38910000,38910000,132,219,38920000,14503
0,3892,38920000,38920000,132,219,38930000,14509
0,3893,38930000,38930000,132,219,38940000,14510
0,3894,38940000,38940000,132,219,38950000,14514
0,3895,38950000,38950000,132,219,38960000,14520
0,3896,38960000,38960000,132,219,38970000,14523
0,3897,38970000,38970000,132,219,38980000,14527
0,3898,38980000,38980000,132,219,38990000,14529
0,3899,38990000,38990000,132,219,39000000,14533
0,39,390000,390000,132,219,400000,142
0,390,3900000,3900000,132,219,3910000,1452
0,3900,39000000,39000000,132,219,39010000,14539
0,3901,39010000,39010000,132,219,39020000,14541
0,3902,39020000,39020000,132,219,39030000,14545
0,3903,39030000,39030000,132,219,39040000,14548
0,3904,39040000,39040000,132,219,39050000,14552
0,3905,39050000,39050000,132,219,39060000,14556
0,3906,39060000,39060000,132,219,39070000,14561
0,3907,39070000,39070000,132,219,39080000,14564
0,3908,39080000,39080000,132,219,39090000,14566
0,3909,39090000,39090000,132,219,39100000,14571
0,391,3910000,3910000,132,219,3920000,1454
0,3910,39100000,39100000,132,219,39110000,14576
0,3911,39110000,39110000,132,219,39120000,14577
0,3912,39120000,39120000,132,219,39130000,14583
0,3913,39130000,39130000,132,219,39140000,14587
0,3914,39140000,39140000,132,219,39150000,14588
0,3915,39150000,39150000,132,219,39160000,14593
0,3916,39160000,39160000,132,219,39170000,14599
0,3917,39170000,39170000,132,219,39180000,14601
0,3918,39180000,39180000,132,219,39190000,14604
0,3919,39190000,39190000,132,219,39200000,14606
0,392,3920000,3920000,132,219,3930000,1460
0,3920,39200000,39200000,132,219,39210000,14613
0,3921,39210000,39210000,132,219,39220000,14617
0,3922,39220000,39220000,132,219,39230000,14620
0,3923,39230000,39230000,132,219,39240000,14623
0,3924,39240000,39240000,132,219,39250000,14627
0,3925,39250000,39250000,132,219,39260000,14631
0,3926,39260000,39260000,132,219,39270000,14632
0,3927,39270000,39270000,132,219,39280000,14639
0,3928,39280000,39280000,132,219,39290000,14643
0,3929,39290000,39290000,132,219,39300000,14644
0,393,3930000,3930000,132,219,3940000,1463
0,3930,39300000,39300000,132,219,39310000,14651
0,3931,39310000,39310000,132,219,39320000,14653
0,3932,39320000,39320000,132,219,39330000,14657
0,3933,39330000,39330000,132,219,39340000,14660
0,3934,39340000,39340000,132,219,39350000,14664
0,3935,39350000,39350000,132,219,39360000,14667
0,3936,39360000,39360000,132,219,39370000,14672
0,3937,39370000,39370000,132,219,39380000,14677
0,3938,39380000,39380000,132,219,39390000,14679
0,3939,39390000,39390000,132,219,39400000,14682
0,394,3940000,3940000,132,219,3950000,1465
0,3940,39400000,39400000,132,219,39410000,14687
0,3941,39410000,39410000,132,219,39420000,14690
0,3942,39420000,39420000,132,219,39430000,14694
0,3943,39430000,39430000,132,219,39440000,14697
0,3944,39440000,39440000,132,219,39450000,14702
0,3945,39450000,39450000,132,219,39460000,14707
0,3946,39460000,39460000,132,219,39470000,14709
0,3947,39470000,39470000,132,219,39480000,14711
0,3948,39480000,39480000,132,219,39490000,14717
0,3949,39490000,39490000,132,219,39500000,14720
0,395,3950000,3950000,132,219,3960000,1470
0,3950,39500000,39500000,132,219,39510000,14723
0,3951,39510000,39510000,132,219,39520000,14728
0,3952,39520000,39520000,132,219,39530000,14733
0,3953,39530000,39530000,132,219,39540000,14734
0,3954,39540000,39540000,132,219,39550000,14738
0,3955,39550000,39550000,132,219,39560000,14744
0,3956,39560000,39560000,132,219,39570000,14746
0,3957,39570000,39570000,132,219,39580000,14750
0,3958,39580000,39580000,132,219,39590000,14754
0,3959,39590000,39590000,132,219,39600000,14755
0,396,3960000,3960000,132,219,3970000,1475
0,3960,39600000,39600000,132,219,39610000,14763
0,3961,39610000,39610000,132,219,39620000,14765
0,3962,39620000,39620000,132,219,39630000,14769
0,3963,39630000,39630000,132,219,39640000,14772
0,3964,39640000,39640000,132,219,39650000,14775
0,3965,39650000,39650000,132,219,39660000,14781
0,3966,39660000,39660000,132,219,39670000,14784
0,3967,39670000,39670000,132,219,39680000,14787
0,3968,39680000,39680000,132,219,39690000,14790
0,3969,39690000,39690000,132,219,39700000,14795
0,397,3970000,3970000,132,219,3980000,1478
0,3970,39700000,39700000,132,219,39710000,14799
0,3971,39710000,39710000,132,219,39720000,14801
0,3972,39720000,39720000,132,219,39730000,14808
0,3973,39730000,39730000,132,219,39740000,14810
0,3974,39740000,39740000,132,219,39750000,14811
0,3975,39750000,39750000,132,219,39760000,14816
0,3976,39760000,39760000,132,219,39770000,14823
0,3977,39770000,39770000,132,219,39780000,14825
0,3978,39780000,39780000,132,219,39790000,14828
0,3979,39790000,39790000,132,219,39800000,14832
0,398,3980000,3980000,132,219,3990000,1479
0,3980,39800000,39800000,132,219,39810000,14836
0,3981,39810000,39810000,132,219,39820000,14839
0,3982,39820000,39820000,132,219,39830000,14843
0,3983,39830000,39830000,132,219,39840000,14846
0,3984,39840000,39840000,132,219,39850000,14851
0,3985,39850000,39850000,132,219,39860000,14855
0,3986,39860000,39860000,132,219,39870000,14858
0,3987,39870000,39870000,132,219,39880000,14863
0,3988,39880000,39880000,132,219,39890000,14866
0,3989,39890000,39890000,132,219,39900000,14867
0,399,3990000,3990000,132,219,4000000,1484
0,3990,39900000,39900000,132,219,39910000,14874
0,3991,39910000,39910000,132,219,39920000,14876
0,3992,39920000,39920000,132,219,39930000,14880
0,3993,39930000,39930000,132,219,39940000,14886
0,3994,39940000,39940000,132,219,39950000,14888
0,3995,39950000,39950000,132,219,39960000,14891
0,3996,39960000,39960000,132,219,39970000,14895
0,3997,39970000,39970000,132,219,39980000,14900
0,3998,39980000,39980000,132,219,39990000,14902
0,3999,39990000,39990000,132,219,40000000,14905
0,4,40000,40000,132,219,50000,12
0,40,400000,400000,132,219,410000,148
0,400,4000000,4000000,132,219,4010000,1490
0,4000,40000000,40000000,132,219,40010000,14913
0,4001,40010000,40010000,132,219,40020000,14914
0,4002,40020000,40020000,132,219,40030000,14918
0,4003,40030000,40030000,132,219,40040000,14920
0,4004,40040000,40040000,132,219,40050000,14925
0,4005,40050000,40050000,132,219,40060000,14930
0,4006,40060000,40060000,132,219,40070000,14932
0,4007,40070000,40070000,132,219,40080000,14936
0,4008,40080000,40080000,132,219,40090000,14941
0,4009,40090000,40090000,132,219,40100000,14944
0,401,4010000,4010000,132,219,4020000,1492
0,4010,40100000,40100000,132,219,40110000,14947
0,4011,40110000,40110000,132,219,40120000,14952
0,4012,40120000,40120000,132,219,40130000,14956
0,4013,40130000,40130000,132,219,40140000,14957
0,4014,40140000,40140000,132,219,40150000,14962
0,4015,40150000,40150000,132,219,40160000,14967
0,4016,40160000,40160000,132,219,40170000,14970
0,4017,40170000,40170000,132,219,40180000,14974
0,4018,40180000,40180000,132,219,40190000,14978
0,4019,40190000,40190000,132,219,40200000,14979
0,402,4020000,4020000,132,219,4030000,1498
0,4020,40200000,40200000,132,219,40210000,14986
0,4021,40210000,40210000,132,219,40220000,14990
0,4022,40220000,40220000,132,219,40230000,14992
0,4023,40230000,40230000,132,219,40240000,14995
0,4024,40240000,40240000,132,219,40250000,14999
0,4025,40250000,40250000,132,219,40260000,15004
0,4026,40260000,40260000,132,219,40270000,15008
0,4027,40270000,40270000,132,219,40280000,15011
0,4028,40280000,40280000,132,219,40290000,15015
0,4029,40290000,40290000,132,219,40300000,15018
0,403,4030000,4030000,132,219,4040000,1500
0,4030,40300000,40300000,132,219,40310000,15022
0,4031,40310000,40310000,132,219,40320000,15024
0,4032,40320000,40320000,132,219,40330000,15032
0,4033,40330000,40330000,132,219,40340000,15034
0,4034,40340000,40340000,132,219,40350000,15035
0,4035,40350000,40350000,132,219,40360000,15042
0,4036,40360000,40360000,132,219,40370000,15045
0,4037,40370000,40370000,132,219,40380000,15048
0,4038,40380000,40380000,132,219,40390000,15051
0,4039,40390000,40390000,132,219,40400000,15055
0,404,4040000,4040000,132,219,4050000,1502
0,4040,40400000,40400000,132,219,40410000,15060
0,4041,40410000,40410000,132,219,40420000,15063
0,4042,40420000,40420000,132,219,40430000,15069
0,4043,40430000,40430000,132,219,40440000,15070
0,4044,40440000,40440000,132,219,40450000,15074
0,4045,40450000,40450000,132,219,40460000,15078
0,4046,40460000,40460000,132,219,40470000,15081
0,4047,40470000,40470000,132,219,40480000,15085
0,4048,40480000,40480000,132,219,40490000,15090
0,4049,40490000,40490000,132,219,40500000,15093
0,405,4050000,4050000,132,219,4060000,1507
0,4050,40500000,40500000,132,219,40510000,15098
0,4051,40510000,40510000,132,219,40520000,15100
0,4052,40520000,40520000,132,219,40530000,15103
0,4053,40530000,40530000,132,219,40540000,15109
0,4054,40540000,40540000,132,219,40550000,15111
0,4055,40550000,40550000,132,219,40560000,15114
0,4056,40560000,40560000,132,219,40570000,15121
0,4057,40570000,40570000,132,219,40580000,15124
0,4058,40580000,40580000,132,219,40590000,15125
0,4059,40590000,40590000,132,219,40600000,15129
0,406,4060000,4060000,132,219,4070000,1511
0,4060,40600000,40600000,132,219,40610000,15136
0,4061,40610000,40610000,132,219,40620000,15137
0,4062,40620000,40620000,132,219,40630000,15141
0,4063,40630000,40630000,132,219,40640000,15145
0,4064,40640000,40640000,132,219,40650000,15149
0,4065,40650000,40650000,132,219,40660000,15154
0,4066,40660000,40660000,132,219,40670000,15156
0,4067,40670000,40670000,132,219,40680000,15160
0,4068,40680000,40680000,132,219,40690000,15164
0,4069,40690000,40690000,132,219,40700000,15166
0,407,4070000,4070000,132,219,4080000,1514
0,4070,40700000,40700000,132,219,40710000,15172
0,4071,40710000,40710000,132,219,40720000,15175
0,4072,40720000,40720000,132,219,40730000,15180
0,4073,40730000,40730000,132,219,40740000,15181
0,4074,40740000,40740000,132,219,40750000,15186
0,4075,40750000,40750000,132,219,40760000,15191
0,4076,40760000,40760000,132,219,40770000,15193
0,4077,40770000,40770000,132,219,40780000,15199
0,4078,40780000,40780000,132,219,40790000,15201
0,4079,40790000,40790000,132,219,40800000,15202
0,408,4080000,4080000,132,219,4090000,1519
0,4080,40800000,40800000,132,219,40810000,15209
0,4081,40810000,40810000,132,219,40820000,15214
0,4082,40820000,40820000,132,219,40830000,15216
0,4083,40830000,40830000,132,219,40840000,15219
0,4084,40840000,40840000,132,219,40850000,15224
0,4085,40850000,40850000,132,219,40860000,15227
0,4086,40860000,40860000,132,219,40870000,15231
0,4087,40870000,40870000,132,219,40880000,15234
0,4088,40880000,40880000,132,219,40890000,15239
0,4089,40890000,40890000,132,219,40900000,15242
0,409,4090000,4090000,132,219,4100000,1523
0,4090,40900000,40900000,132,219,40910000,15246
0,4091,40910000,40910000,132,219,40920000,15249
0,4092,40920000,40920000,132,219,40930000,15255
0,4093,40930000,40930000,132,219,40940000,15257
0,4094,40940000,40940000,132,219,40950000,15258
0,4095,40950000,40950000,132,219,40960000,15265
0,4096,40960000,40960000,132,219,40970000,15269
0,4097,40970000,40970000,132,219,40980000,15272
0,4098,40980000,40980000,132,219,40990000,15277
0,4099,40990000,40990000,132,219,41000000,15279
0,41,410000,410000,132,219,420000,149
0,410,4100000,4100000,132,219,4110000,1526
0,4100,41000000,41000000,132,219,41010000,15283
0,4101,41010000,41010000,132,219,41020000,15286
0,4102,41020000,41020000,132,219,41030000,15291
0,4103,41030000,41030000,132,219,41040000,15293
0,4104,41040000,41040000,132,219,41050000,15298
0,4105,41050000,41050000,132,219,41060000,15304
0,4106,41060000,41060000,132,219,41070000,15305
0,4107,41070000,41070000,132,219,41080000,15309
0,4108,41080000,41080000,132,219,41090000,15313
0,4109,41090000,41090000,132,219,41100000,15316
0,411,4110000,4110000,132,219,4120000,1529
0,4110,41100000,41100000,132,219,41110000,15321
0,4111,41110000,41110000,132,219,41120000,15323
0,4112,41120000,41120000,132,219,41130000,15329
0,4113,41130000,41130000,132,219,41140000,15332
0,4114,41140000,41140000,132,219,41150000,15335
0,4115,41150000,41150000,132,219,41160000,15338
0,4116,41160000,41160000,132,219,41170000,15344
0,4117,41170000,41170000,132,219,41180000,15347
0,4118,41180000,41180000,132,219,41190000,15348
0,4119,41190000,41190000,132,219,41200000,15354
0,412,4120000,4120000,132,219,4130000,1534
0,4120,41200000,41200000,132,219,41210000,15360
0,4121,41210000,41210000,132,219,41220000,15361
0,4122,41220000,41220000,132,219,41230000,15365
0,4123,41230000,41230000,132,219,41240000,15369
0,4124,41240000,41240000,132,219,41250000,15371
0,4125,41250000,41250000,132,219,41260000,15377
0,4126,41260000,41260000,132,219,41270000,15381
0,4127,41270000,41270000,132,219,41280000,15383
0,4128,41280000,41280000,132,219,41290000,15388
0,4129,41290000,41290000,132,219,41300000,15390
0,413,4130000,4130000,132,219,4140000,1537
0,4130,41300000,41300000,132,219,41310000,15396
0,4131,41310000,41310000,132,219,41320000,15399
0,4132,41320000,41320000,132,219,41330000,15403
0,4133,41330000,41330000,132,219,41340000,15406
0,4134,41340000,41340000,132,219,41350000,15409
0,4135,41350000,41350000,132,219,41360000,15413
0,4136,41360000,41360000,132,219,41370000,15417
0,4137,41370000,41370000,132,219,41380000,15423
0,4138,41380000,41380000,132,219,41390000,15425
0,4139,41390000,41390000,132,219,41400000,15426
0,414,4140000,4140000,132,219,4150000,1540
0,4140,41400000,41400000,132,219,41410000,15434
0,4141,41410000,41410000,132,219,41420000,15437
0,4142,41420000,41420000,132,219,41430000,15439
0,4143,41430000,41430000,132,219,41440000,15442
0,4144,41440000,41440000,132,219,41450000,15448
0,4145,41450000,41450000,132,219,41460000,15451
0,4146,41460000,41460000,132,219,41470000,15454
0,4147,41470000,41470000,132,219,41480000,15460
0,4148,41480000,41480000,132,219,41490000,15462
0,4149,41490000,41490000,132,219,41500000,15465
0,415,4150000,4150000,132,219,4160000,1544
0,4150,41500000,41500000,132,219,41510000,15469
0,4151,41510000,41510000,132,219,41520000,15472
0,4152,41520000,41520000,132,219,41530000,15479
0,4153,41530000,41530000,132,219,41540000,15481
0,4154,41540000,41540000,132,219,41550000,15484
0,4155,41550000,41550000,132,219,41560000,15489
0,4156,41560000,41560000,132,219,41570000,15492
0,4157,41570000,41570000,132,219,41580000,15494
0,4158,41580000,41580000,132,219,41590000,15500
0,4159,41590000,41590000,132,219,41600000,15502
0,416,4160000,4160000,132,219,4170000,1549
0,4160,41600000,41600000,132,219,41610000,15507
0,4161,41610000,41610000,132,219,41620000,15512
0,4162,41620000,41620000,132,219,41630000,15515
0,4163,41630000,41630000,132,219,41640000,15517
0,4164,41640000,41640000,132,219,41650000,15521
0,4165,41650000,41650000,132,219,41660000,15527
0,4166,41660000,41660000,132,219,41670000,15528
0,4167,41670000,41670000,132,219,41680000,15532
0,4168,41680000,41680000,132,219,41690000,15538
0,4169,41690000,41690000,132,219,41700000,15540
0,417,4170000,4170000,132,219,4180000,1553
0,4170,41700000,41700000,132,219,41710000,15545
0,4171,41710000,41710000,132,219,41720000,15547
0,4172,41720000,41720000,132,219,41730000,15552
0,4173,41730000,41730000,132,219,41740000,15555
0,4174,41740000,41740000,132,219,41750000,15558
0,4175,41750000,41750000,132,219,41760000,15563
0,4176,41760000,41760000,132,219,41770000,15568
0,4177,41770000,41770000,132,219,41780000,15571
0,4178,41780000,41780000,132,219,41790000,15572
0,4179,41790000,41790000,132,219,41800000,15577
0,418,4180000,4180000,132,219,4190000,1556
0,4180,41800000,41800000,132,219,41810000,15583
0,4181,41810000,41810000,132,219,41820000,15584
0,4182,41820000,41820000,132,219,41830000,15590
0,4183,41830000,41830000,132,219,41840000,15592
0,4184,41840000,41840000,132,219,41850000,15595
0,4185,41850000,41850000,132,219,41860000,15601
0,4186,41860000,41860000,132,219,41870000,15605
0,4187,41870000,41870000,132,219,41880000,15607
0,4188,41880000,41880000,132,219,41890000,15611
0,4189,41890000,41890000,132,219,41900000,15615
0,419,4190000,4190000,132,219,4200000,1557
0,4190,41900000,41900000,132,219,41910000,15618
0,4191,41910000,41910000,132,219,41920000,15622
0,4192,41920000,41920000,132,219,41930000,15627
0,4193,41930000,41930000,132,219,41940000,15630
0,4194,41940000,41940000,132,219,41950000,15633
0,4195,41950000,41950000,132,219,41960000,15637
0,4196,41960000,41960000,132,219,41970000,15642
0,4197,41970000,41970000,132,219,41980000,15646
0,4198,41980000,41980000,132,219,41990000,15648
0,4199,41990000,41990000,132,219,42000000,15649
0,42,420000,420000,132,219,430000,155
0,420,4200000,4200000,132,219,4210000,1565
0,4200,42000000,42000000,132,219,42010000,15658
0,4201,42010000,42010000,132,219,42020000,15660
0,4202,42020000,42020000,132,219,42030000,15663
0,4203,42030000,42030000,132,219,42040000,15668
0,4204,42040000,42040000,132,219,42050000,15671
0,4205,42050000,42050000,132,219,42060000,15674
0,4206,42060000,42060000,132,219,42070000,15677
0,4207,42070000,42070000,132,219,42080000,15683
0,4208,42080000,42080000,132,219,42090000,15686
0,4209,42090000,42090000,132,219,42100000,15689
0,421,4210000,4210000,132,219,4220000,1567
0,4210,42100000,42100000,132,219,42110000,15695
0,4211,42110000,42110000,132,219,42120000,15696
0,4212,42120000,42120000,132,219,42130000,15701
0,4213,42130000,42130000,132,219,42140000,15704
0,4214,42140000,42140000,132,219,42150000,15707
0,4215,42150000,42150000,132,219,42160000,15712
0,4216,42160000,42160000,132,219,42170000,15716
0,4217,42170000,42170000,132,219,42180000,15720
0,4218,42180000,42180000,132,219,42190000,15724
0,4219,42190000,42190000,132,219,42200000,15726
0,422,4220000,4220000,132,219,4230000,1569
0,4220,42200000,42200000,132,219,42210000,15730
0,4221,42210000,42210000,132,219,42220000,15735
0,4222,42220000,42220000,132,219,42230000,15738
0,4223,42230000,42230000,132,219,42240000,15739
0,4224,42240000,42240000,132,219,42250000,15747
0,4225,42250000,42250000,132,219,42260000,15751
0,4226,42260000,42260000,132,219,42270000,15752
0,4227,42270000,42270000,132,219,42280000,15756
0,4228,42280000,42280000,132,219,42290000,15761
0,4229,42290000,42290000,132,219,42300000,15763
0,423,4230000,4230000,132,219,4240000,1575
0,4230,42300000,42300000,132,219,42310000,15768
0,4231,42310000,42310000,132,219,42320000,15772
0,4232,42320000,42320000,132,219,42330000,15776
0,4233,42330000,42330000,132,219,42340000,15779
0,4234,42340000,42340000,132,219,42350000,15781
0,4235,42350000,42350000,132,219,42360000,15787
0,4236,42360000,42360000,132,219,42370000,15791
0,4237,42370000,42370000,132,219,42380000,15794
0,4238,42380000,42380000,132,219,42390000,15797
0,4239,42390000,42390000,132,219,42400000,15800
0,424,4240000,4240000,132,219,4250000,1579
0,4240,42400000,42400000,132,219,42410000,15807
0,4241,42410000,42410000,132,219,42420000,15808
0,4242,42420000,42420000,132,219,42430000,15814
0,4243,42430000,42430000,132,219,42440000,15816
0,4244,42440000,42440000,132,219,42450000,15818
0,4245,42450000,42450000,132,219,42460000,15825
0,4246,42460000,42460000,132,219,42470000,15828
0,4247,42470000,42470000,132,219,42480000,15830
0,4248,42480000,42480000,132,219,42490000,15835
0,4249,42490000,42490000,132,219,42500000,15839
0,425,4250000,4250000,132,219,4260000,1582
0,4250,42500000,42500000,132,219,42510000,15842
0,4251,42510000,42510000,132,219,42520000,15846
0,4252,42520000,42520000,132,219,42530000,15852
0,4253,42530000,42530000,132,219,42540000,15853
0,4254,42540000,42540000,132,219,42550000,15856
0,4255,42550000,42550000,132,219,42560000,15860
0,4256,42560000,42560000,132,219,42570000,15865
0,4257,42570000,42570000,132,219,42580000,15870
0,4258,42580000,42580000,132,219,42590000,15872
0,4259,42590000,42590000,132,219,42600000,15875
0,426,4260000,4260000,132,219,4270000,1585
0,4260,42600000,42600000,132,219,42610000,15881
0,4261,42610000,42610000,132,219,42620000,15883
0,4262,42620000,42620000,132,219,42630000,15886
0,4263,42630000,42630000,132,219,42640000,15891
0,4264,42640000,42640000,132,219,42650000,15895
0,4265,42650000,42650000,132,219,42660000,15898
0,4266,42660000,42660000,132,219,42670000,15903
0,4267,42670000,42670000,132,219,42680000,15906
0,4268,42680000,42680000,132,219,42690000,15909
0,4269,42690000,42690000,132,219,42700000,15912
0,427,4270000,4270000,132,219,4280000,1590
0,4270,42700000,42700000,132,219,42710000,15918
0,4271,42710000,42710000,132,219,42720000,15919
0,4272,42720000,42720000,132,219,42730000,15925
0,4273,42730000,42730000,132,219,42740000,15930
0,4274,42740000,42740000,132,219,42750000,15931
0,4275,42750000,42750000,132,219,42760000,15936
0,4276,42760000,42760000,132,219,42770000,15939
0,4277,42770000,42770000,132,219,42780000,15943
0,4278,42780000,42780000,132,219,42790000,15946
0,4279,42790000,42790000,132,219,42800000,15949
0,428,4280000,4280000,132,219,4290000,1592
0,4280,42800000,42800000,132,219,42810000,15956
0,4281,42810000,42810000,132,219,42820000,15959
0,4282,42820000,42820000,132,219,42830000,15962
0,4283,42830000,42830000,132,219,42840000,15963
0,4284,42840000,42840000,132,219,42850000,15970
0,4285,42850000,42850000,132,219,42860000,15974
0,4286,42860000,42860000,132,219,42870000,15975
0,4287,42870000,42870000,132,219,42880000,15981
0,4288,42880000,42880000,132,219,42890000,15985
0,4289,42890000,42890000,132,219,42900000,15986
0,429,4290000,4290000,132,219,4300000,1596
0,4290,42900000,42900000,132,219,42910000,15992
0,4291,42910000,42910000,132,219,42920000,15996
0,4292,42920000,42920000,132,219,42930000,15999
0,4293,42930000,42930000,132,219,42940000,16002
0,4294,42940000,42940000,132,219,42950000,16006
0,4295,42950000,42950000,132,219,42960000,16010
0,4296,42960000,42960000,132,219,42970000,16015
0,4297,42970000,42970000,132,219,42980000,16018
0,4298,42980000,42980000,132,219,42990000,16021
0,4299,42990000,42990000,132,219,43000000,16024
0,43,430000,430000,132,219,440000,157
0,430,4300000,4300000,132,219,4310000,1602
0,4300,43000000,43000000,132,219,43010000,16029
0,4301,43010000,43010000,132,219,43020000,16033
0,4302,43020000,43020000,132,219,43030000,16037
0,4303,43030000,43030000,132,219,43040000,16039
0,4304,43040000,43040000,132,219,43050000,16042
0,4305,43050000,43050000,132,219,43060000,16049
0,4306,43060000,43060000,132,219,43070000,16052
0,4307,43070000,43070000,132,219,43080000,16054
0,4308,43080000,43080000,132,219,43090000,16060
0,4309,43090000,43090000,132,219,43100000,16062
0,431,4310000,4310000,132,219,4320000,1603
0,4310,43100000,43100000,132,219,43110000,16065
0,4311,43110000,43110000,132,219,43120000,16068
0,4312,43120000,43120000,132,219,43130000,16076
0,4313,43130000,43130000,132,219,43140000,16077
0,4314,43140000,43140000,132,219,43150000,16080
0,4315,43150000,43150000,132,219,43160000,16086
0,4316,43160000,43160000,132,219,43170000,16088
0,4317,43170000,43170000,132,219,43180000,16093
0,4318,43180000,43180000,132,219,43190000,16095
0,4319,43190000,43190000,132,219,43200000,16098
0,432,4320000,4320000,132,219,4330000,1609
0,4320,43200000,43200000,132,219,43210000,16105
0,4321,43210000,43210000,132,219,43220000,16107
0,4322,43220000,43220000,132,219,43230000,16111
0,4323,43230000,43230000,132,219,43240000,16115
0,4324,43240000,43240000,132,219,43250000,16118
0,4325,43250000,43250000,132,219,43260000,16121
0,4326,43260000,43260000,132,219,43270000,16126
0,4327,43270000,43270000,132,219,43280000,16129
0,4328,43280000,43280000,132,219,43290000,16133
0,4329,43290000,43290000,132,219,43300000,16138
0,433,4330000,4330000,132,219,4340000,1611
0,4330,43300000,43300000,132,219,43310000,16142
0,4331,43310000,43310000,132,219,43320000,16143
0,4332,43320000,43320000,132,219,43330000,16148
0,4333,43330000,43330000,132,219,43340000,16152
0,4334,43340000,43340000,132,219,43350000,16154
0,4335,43350000,43350000,132,219,43360000,16159
0,4336,43360000,43360000,132,219,43370000,16165
0,4337,43370000,43370000,132,219,43380000,16167
0,4338,43380000,43380000,132,219,43390000,16170
0,4339,43390000,43390000,132,219,43400000,16173
0,434,4340000,4340000,132,219,4350000,1615
0,4340,43400000,43400000,132,219,43410000,16179
0,4341,43410000,43410000,132,219,43420000,16182
0,4342,43420000,43420000,132,219,43430000,16185
0,4343,43430000,43430000,132,219,43440000,16188
0,4344,43440000,43440000,132,219,43450000,16193
0,4345,43450000,43450000,132,219,43460000,16198
0,4346,43460000,43460000,132,219,43470000,16199
0,4347,43470000,43470000,132,219,43480000,16205
0,4348,43480000,43480000,132,219,43490000,16208
0,4349,43490000,43490000,132,219,43500000,16209
0,435,4350000,4350000,132,219,4360000,1620
0,4350,43500000,43500000,132,219,43510000,16217
0,4351,43510000,43510000,132,219,43520000,16219
0,4352,43520000,43520000,132,219,43530000,16223
0,4353,43530000,43530000,132,219,43540000,16226
0,4354,43540000,43540000,132,219,43550000,16230
0,4355,43550000,43550000,132,219,43560000,16233
0,4356,43560000,43560000,132,219,43570000,16238
0,4357,43570000,43570000,132,219,43580000,16243
0,4358,43580000,43580000,132,219,43590000,16244
0,4359,43590000,43590000,132,219,43600000,16247
0,436,4360000,4360000,132,219,4370000,1623
0,4360,43600000,43600000,132,219,43610000,16253
0,4361,43610000,43610000,132,219,43620000,16257
0,4362,43620000,43620000,132,219,43630000,16261
0,4363,43630000,43630000,132,219,43640000,16263
0,4364,43640000,43640000,132,219,43650000,16267
0,4365,43650000,43650000,132,219,43660000,16272
0,4366,43660000,43660000,132,219,43670000,16274
0,4367,43670000,43670000,132,219,43680000,16277
0,4368,43680000,43680000,132,219,43690000,16284
0,4369,43690000,43690000,132,219,43700000,16286
0,437,4370000,4370000,132,219,4380000,1627
0,4370,43700000,43700000,132,219,43710000,16289
0,4371,43710000,43710000,132,219,43720000,16294
0,4372,43720000,43720000,132,219,43730000,16299
0,4373,43730000,43730000,132,219,43740000,16300
0,4374,43740000,43740000,132,219,43750000,16303
0,4375,43750000,43750000,132,219,43760000,16309
0,4376,43760000,43760000,132,219,43770000,16312
0,4377,43770000,43770000,132,219,43780000,16316
0,4378,43780000,43780000,132,219,43790000,16321
0,4379,43790000,43790000,132,219,43800000,16322
0,438,4380000,4380000,132,219,4390000,1630
0,4380,43800000,43800000,132,219,43810000,16328
0,4381,43810000,43810000,132,219,43820000,16330
0,4382,43820000,43820000,132,219,43830000,16334
0,4383,43830000,43830000,132,219,43840000,16338
0,4384,43840000,43840000,132,219,43850000,16342
0,4385,43850000,43850000,132,219,43860000,16347
0,4386,43860000,43860000,132,219,43870000,16350
0,4387,43870000,43870000,132,219,43880000,16353
0,4388,43880000,43880000,132,219,43890000,16355
0,4389,43890000,43890000,132,219,43900000,16361
0,439,4390000,4390000,132,219,4400000,1632
0,4390,43900000,43900000,132,219,43910000,16365
0,4391,43910000,43910000,132,219,43920000,16366
0,4392,43920000,43920000,132,219,43930000,16374
0,4393,43930000,43930000,132,219,43940000,16376
0,4394,43940000,43940000,132,219,43950000,16378
0,4395,43950000,43950000,132,219,43960000,16383
0,4396,43960000,43960000,132,219,43970000,16388
0,4397,43970000,43970000,132,219,43980000,16390
0,4398,43980000,43980000,132,219,43990000,16393
0,4399,43990000,43990000,132,219,44000000,16397
0,44,440000,440000,132,219,450000,160
0,440,4400000,4400000,132,219,4410000,1638
0,4400,44000000,44000000,132,219,44010000,16403
0,4401,44010000,44010000,132,219,44020000,16406
0,4402,44020000,44020000,132,219,44030000,16409
0,4403,44030000,44030000,132,219,44040000,16412
0,4404,44040000,44040000,132,219,44050000,16416
0,4405,44050000,44050000,132,219,44060000,16421
0,4406,44060000,44060000,132,219,44070000,16424
0,4407,44070000,44070000,132,219,44080000,16428
0,4408,44080000,44080000,132,219,44090000,16432
0,4409,44090000,44090000,132,219,44100000,16433
0,441,4410000,4410000,132,219,4420000,1643
0,4410,44100000,44100000,132,219,44110000,16440
0,4411,44110000,44110000,132,219,44120000,16443
0,4412,44120000,44120000,132,219,44130000,16446
0,4413,44130000,44130000,132,219,44140000,16451
0,4414,44140000,44140000,132,219,44150000,16453
0,4415,44150000,44150000,132,219,44160000,16456
0,4416,44160000,44160000,132,219,44170000,16462
0,4417,44170000,44170000,132,219,44180000,16467
0,4418,44180000,44180000,132,219,44190000,16468
0,4419,44190000,44190000,132,219,44200000,16471
0,442,4420000,4420000,132,219,4430000,1646
0,4420,44200000,44200000,132,219,44210000,16478
0,4421,44210000,44210000,132,219,44220000,16479
0,4422,44220000,44220000,132,219,44230000,16484
0,4423,44230000,44230000,132,219,44240000,16486
0,4424,44240000,44240000,132,219,44250000,16491
0,4425,44250000,44250000,132,219,44260000,16496
0,4426,44260000,44260000,132,219,44270000,16498
0,4427,44270000,44270000,132,219,44280000,16503
0,4428,44280000,44280000,132,219,44290000,16507
0,4429,44290000,44290000,132,219,44300000,16509
0,443,4430000,4430000,132,219,4440000,1647
0,4430,44300000,44300000,132,219,44310000,16512
0,4431,44310000,44310000,132,219,44320000,16517
0,4432,44320000,44320000,132,219,44330000,16522
0,4433,44330000,44330000,132,219,44340000,16524
0,4434,44340000,44340000,132,219,44350000,16529
0,4435,44350000,44350000,132,219,44360000,16533
0,4436,44360000,44360000,132,219,44370000,16535
0,4437,44370000,44370000,132,219,44380000,16539
0,4438,44380000,44380000,132,219,44390000,16544
0,4439,44390000,44390000,132,219,44400000,16545
0,444,4440000,4440000,132,219,4450000,1653
0,4440,44400000,44400000,132,219,44410000,16552
0,4441,44410000,44410000,132,219,44420000,16556
0,4442,44420000,44420000,132,219,44430000,16558
0,4443,44430000,44430000,132,219,44440000,16561
0,4444,44440000,44440000,132,219,44450000,16565
0,4445,44450000,44450000,132,219,44460000,16570
0,4446,44460000,44460000,132,219,44470000,16573
0,4447,44470000,44470000,132,219,44480000,16576
0,4448,44480000,44480000,132,219,44490000,16581
0,4449,44490000,44490000,132,219,44500000,16585
0,445,4450000,4450000,132,219,4460000,1658
0,4450,44500000,44500000,132,219,44510000,16589
0,4451,44510000,44510000,132,219,44520000,16590
0,4452,44520000,44520000,132,219,44530000,16597
0,4453,44530000,44530000,132,219,44540000,16599
0,4454,44540000,44540000,132,219,44550000,16600
0,4455,44550000,44550000,132,219,44560000,16608
0,4456,44560000,44560000,132,219,44570000,16612
0,4457,44570000,44570000,132,219,44580000,16614
0,4458,44580000,44580000,132,219,44590000,16617
0,4459,44590000,44590000,132,219,44600000,16621
0,446,4460000,4460000,132,219,4470000,1659
0,4460,44600000,44600000,132,219,44610000,16626
0,4461,44610000,44610000,132,219,44620000,16629
0,4462,44620000,44620000,132,219,44630000,16634
0,4463,44630000,44630000,132,219,44640000,16635
0,4464,44640000,44640000,132,219,44650000,16640
0,4465,44650000,44650000,132,219,44660000,16644
0,4466,44660000,44660000,132,219,44670000,16648
0,4467,44670000,44670000,132,219,44680000,16652
0,4468,44680000,44680000,132,219,44690000,16655
0,4469,44690000,44690000,132,219,44700000,16658
0,447,4470000,4470000,132,219,4480000,1663
0,4470,44700000,44700000,132,219,44710000,16663
0,4471,44710000,44710000,132,219,44720000,16666
0,4472,44720000,44720000,132,219,44730000,16670
0,4473,44730000,44730000,132,219,44740000,16675
0,4474,44740000,44740000,132,219,44750000,16677
0,4475,44750000,44750000,132,219,44760000,16680
0,4476,44760000,44760000,132,219,44770000,16686
0,4477,44770000,44770000,132,219,44780000,16690
0,4478,44780000,44780000,132,219,44790000,16691
0,4479,44790000,44790000,132,219,44800000,16694
0,448,4480000,4480000,132,219,4490000,1669
0,4480,44800000,44800000,132,219,44810000,16702
0,4481,44810000,44810000,132,219,44820000,16703
0,4482,44820000,44820000,132,219,44830000,16708
0,4483,44830000,44830000,132,219,44840000,16712
0,4484,44840000,44840000,132,219,44850000,16714
0,4485,44850000,44850000,132,219,44860000,16719
0,4486,44860000,44860000,132,219,44870000,16721
0,4487,44870000,44870000,132,219,44880000,16725
0,4488,44880000,44880000,132,219,44890000,16731
0,4489,44890000,44890000,132,219,44900000,16733
0,449,4490000,4490000,132,219,4500000,1670
0,4490,44900000,44900000,132,219,44910000,16738
0,4491,44910000,44910000,132,219,44920000,16741
0,4492,44920000,44920000,132,219,44930000,16745
0,4493,44930000,44930000,132,219,44940000,16747
0,4494,44940000,44940000,132,219,44950000,16752
0,4495,44950000,44950000,132,219,44960000,16756
0,4496,44960000,44960000,132,219,44970000,16759
0,4497,44970000,44970000,132,219,44980000,16765
0,4498,44980000,44980000,132,219,44990000,16767
0,4499,44990000,44990000,132,219,45000000,16769
0,45,450000,450000,132,219,460000,167
0,450,4500000,4500000,132,219,4510000,1675
0,4500,45000000,45000000,132,219,45010000,16775
0,4501,45010000,45010000,132,219,45020000,16779
0,4502,45020000,45020000,132,219,45030000,16781
0,4503,45030000,45030000,132,219,45040000,16784
0,4504,45040000,45040000,132,219,45050000,16791
0,4505,45050000,45050000,132,219,45060000,16794
0,4506,45060000,45060000,132,219,45070000,16797
0,4507,45070000,45070000,132,219,45080000,16800
0,4508,45080000,45080000,132,219,45090000,16804
0,4509,45090000,45090000,132,219,45100000,16807
0,451,4510000,4510000,132,219,4520000,1680
0,4510,45100000,45100000,132,219,45110000,16812
0,4511,45110000,45110000,132,219,45120000,16815
0,4512,45120000,45120000,132,219,45130000,16821
0,4513,45130000,45130000,132,219,45140000,16823
0,4514,45140000,45140000,132,219,45150000,16824
0,4515,45150000,45150000,132,219,45160000,16832
0,4516,45160000,45160000,132,219,45170000,16835
0,4517,45170000,45170000,132,219,45180000,16837
0,4518,45180000,45180000,132,219,45190000,16842
0,4519,45190000,45190000,132,219,45200000,16844
0,452,4520000,4520000,132,219,4530000,1683
0,4520,45200000,45200000,132,219,45210000,16849
0,4521,45210000,45210000,132,219,45220000,16853
0,4522,45220000,45220000,132,219,45230000,16858
0,4523,45230000,45230000,132,219,45240000,16859
0,4524,45240000,45240000,132,219,45250000,16863
0,4525,45250000,45250000,132,219,45260000,16869
0,4526,45260000,45260000,132,219,45270000,16871
0,4527,45270000,45270000,132,219,45280000,16875
0,4528,45280000,45280000,132,219,45290000,16879
0,4529,45290000,45290000,132,219,45300000,16882
0,453,4530000,4530000,132,219,4540000,1686
0,4530,45300000,45300000,132,219,45310000,16887
0,4531,45310000,45310000,132,219,45320000,16889
0,4532,45320000,45320000,132,219,45330000,16895
0,4533,45330000,45330000,132,219,45340000,16898
0,4534,45340000,45340000,132,219,45350000,16900
0,4535,45350000,45350000,132,219,45360000,16903
0,4536,45360000,45360000,132,219,45370000,16910
0,4537,45370000,45370000,132,219,45380000,16914
0,4538,45380000,45380000,132,219,45390000,16915
0,4539,45390000,45390000,132,219,45400000,16920
0,454,4540000,4540000,132,219,4550000,1688
0,4540,45400000,45400000,132,219,45410000,16925
0,4541,45410000,45410000,132,219,45420000,16926
0,4542,45420000,45420000,132,219,45430000,16930
0,4543,45430000,45430000,132,219,45440000,16935
0,4544,45440000,45440000,132,219,45450000,16938
0,4545,45450000,45450000,132,219,45460000,16943
0,4546,45460000,45460000,132,219,45470000,16947
0,4547,45470000,45470000,132,219,45480000,16949
0,4548,45480000,45480000,132,219,45490000,16954
0,4549,45490000,45490000,132,219,45500000,16956
0,455,4550000,4550000,132,219,4560000,1693
0,4550,45500000,45500000,132,219,45510000,16961
0,4551,45510000,45510000,132,219,45520000,16964
0,4552,45520000,45520000,132,219,45530000,16969
0,4553,45530000,45530000,132,219,45540000,16972
0,4554,45540000,45540000,132,219,45550000,16976
0,4555,45550000,45550000,132,219,45560000,16980
0,4556,45560000,45560000,132,219,45570000,16982
0,4557,45570000,45570000,132,219,45580000,16988
0,4558,45580000,45580000,132,219,45590000,16990
0,4559,45590000,45590000,132,219,45600000,16992
0,456,4560000,4560000,132,219,4570000,1699
0,4560,45600000,45600000,132,219,45610000,17001
0,4561,45610000,45610000,132,219,45620000,17003
0,4562,45620000,45620000,132,219,45630000,17005
0,4563,45630000,45630000,132,219,45640000,17008
0,4564,45640000,45640000,132,219,45650000,17013
0,4565,45650000,45650000,132,219,45660000,17017
0,4566,45660000,45660000,132,219,45670000,17020
0,4567,45670000,45670000,132,219,45680000,17025
0,4568,45680000,45680000,132,219,45690000,17028
0,4569,45690000,45690000,132,219,45700000,17031
0,457,4570000,4570000,132,219,4580000,1702
0,4570,45700000,45700000,132,219,45710000,17036
0,4571,45710000,45710000,132,219,45720000,17039
0,4572,45720000,45720000,132,219,45730000,17044
0,4573,45730000,45730000,132,219,45740000,17046
0,4574,45740000,45740000,132,219,45750000,17049
0,4575,45750000,45750000,132,219,45760000,17054
0,4576,45760000,45760000,132,219,45770000,17059
0,4577,45770000,45770000,132,219,45780000,17061
0,4578,45780000,45780000,132,219,45790000,17066
0,4579,45790000,45790000,132,219,45800000,17068
0,458,4580000,4580000,132,219,4590000,1705
0,4580,45800000,45800000,132,219,45810000,17072
0,4581,45810000,45810000,132,219,45820000,17078
0,4582,45820000,45820000,132,219,45830000,17081
0,4583,45830000,45830000,132,219,45840000,17082
0,4584,45840000,45840000,132,219,45850000,17087
0,4585,45850000,45850000,132,219,45860000,17093
0,4586,45860000,45860000,132,219,45870000,17094
0,4587,45870000,45870000,132,219,45880000,17099
0,4588,45880000,45880000,132,219,45890000,17104
0,4589,45890000,45890000,132,219,45900000,17105
0,459,4590000,4590000,132,219,4600000,1708
0,4590,45900000,45900000,132,219,45910000,17110
0,4591,45910000,45910000,132,219,45920000,17112
0,4592,45920000,45920000,132,219,45930000,17119
0,4593,45930000,45930000,132,219,45940000,17122
0,4594,45940000,45940000,132,219,45950000,17124
0,4595,45950000,45950000,132,219,45960000,17129
0,4596,45960000,45960000,132,219,45970000,17133
0,4597,45970000,45970000,132,219,45980000,17136
0,4598,45980000,45980000,132,219,45990000,17138
0,4599,45990000,45990000,132,219,46000000,17143
0,46,460000,460000,132,219,470000,169
0,460,4600000,4600000,132,219,4610000,1713
0,4600,46000000,46000000,132,219,46010000,17149
0,4601,46010000,46010000,132,219,46020000,17150
0,4602,46020000,46020000,132,219,46030000,17156
0,4603,46030000,46030000,132,219,46040000,17159
0,4604,46040000,46040000,132,219,46050000,17161
0,4605,46050000,46050000,132,219,46060000,17166
0,4606,46060000,46060000,132,219,46070000,17170
0,4607,46070000,46070000,132,219,46080000,17172
0,4608,46080000,46080000,132,219,46090000,17177
0,4609,46090000,46090000,132,219,46100000,17182
0,461,4610000,4610000,132,219,4620000,1714
0,4610,46100000,46100000,132,219,46110000,17185
0,4611,46110000,46110000,132,219,46120000,17188
0,4612,46120000,46120000,132,219,46130000,17192
0,4613,46130000,46130000,132,219,46140000,17195
0,4614,46140000,46140000,132,219,46150000,17199
0,4615,46150000,46150000,132,219,46160000,17203
0,4616,46160000,46160000,132,219,46170000,17208
0,4617,46170000,46170000,132,219,46180000,17212
0,4618,46180000,46180000,132,219,46190000,17214
0,4619,46190000,46190000,132,219,46200000,17215
0,462,4620000,4620000,132,219,4630000,1721
0,4620,46200000,46200000,132,219,46210000,17224
0,4621,46210000,46210000,132,219,46220000,17226
0,4622,46220000,46220000,132,219,46230000,17228
0,4623,46230000,46230000,132,219,46240000,17233
0,4624,46240000,46240000,132,219,46250000,17237
0,4625,46250000,46250000,132,219,46260000,17241
0,4626,46260000,46260000,132,219,46270000,17244
0,4627,46270000,46270000,132,219,46280000,17249
0,4628,46280000,46280000,132,219,46290000,17251
0,4629,46290000,46290000,132,219,46300000,17254
0,463,4630000,4630000,132,219,4640000,1723
0,4630,46300000,46300000,132,219,46310000,17260
0,4631,46310000,46310000,132,219,46320000,17262
0,4632,46320000,46320000,132,219,46330000,17268
0,4633,46330000,46330000,132,219,46340000,17270
0,4634,46340000,46340000,132,219,46350000,17273
0,4635,46350000,46350000,132,219,46360000,17278
0,4636,46360000,46360000,132,219,46370000,17282
0,4637,46370000,46370000,132,219,46380000,17286
0,4638,46380000,46380000,132,219,46390000,17289
0,4639,46390000,46390000,132,219,46400000,17291
0,464,4640000,4640000,132,219,4650000,1726
0,4640,46400000,46400000,132,219,46410000,17296
0,4641,46410000,46410000,132,219,46420000,17301
0,4642,46420000,46420000,132,219,46430000,17305
0,4643,46430000,46430000,132,219,46440000,17306
0,4644,46440000,46440000,132,219,46450000,17312
0,4645,46450000,46450000,132,219,46460000,17316
0,4646,46460000,46460000,132,219,46470000,17317
0,4647,46470000,46470000,132,219,46480000,17322
0,4648,46480000,46480000,132,219,46490000,17328
0,4649,46490000,46490000,132,219,46500000,17329
0,465,4650000,4650000,132,219,4660000,1733
0,4650,46500000,46500000,132,219,46510000,17334
0,4651,46510000,46510000,132,219,46520000,17338
0,4652,46520000,46520000,132,219,46530000,17341
0,4653,46530000,46530000,132,219,46540000,17345
0,4654,46540000,46540000,132,219,46550000,17347
0,4655,46550000,46550000,132,219,46560000,17352
0,4656,46560000,46560000,132,219,46570000,17357
0,4657,46570000,46570000,132,219,46580000,17360
0,4658,46580000,46580000,132,219,46590000,17364
0,4659,46590000,46590000,132,219,46600000,17367
0,466,4660000,4660000,132,219,4670000,1735
0,4660,46600000,46600000,132,219,46610000,17372
0,4661,46610000,46610000,132,219,46620000,17373
0,4662,46620000,46620000,132,219,46630000,17379
0,4663,46630000,46630000,132,219,46640000,17381
0,4664,46640000,46640000,132,219,46650000,17385
0,4665,46650000,46650000,132,219,46660000,17392
0,4666,46660000,46660000,132,219,46670000,17394
0,4667,46670000,46670000,132,219,46680000,17396
0,4668,46680000,46680000,132,219,46690000,17400
0,4669,46690000,46690000,132,219,46700000,17405
0,467,4670000,4670000,132,219,4680000,1738
0,4670,46700000,46700000,132,219,46710000,17408
0,4671,46710000,46710000,132,219,46720000,17411
0,4672,46720000,46720000,132,219,46730000,17418
0,4673,46730000,46730000,132,219,46740000,17419
0,4674,46740000,46740000,132,219,46750000,17422
0,4675,46750000,46750000,132,219,46760000,17427
0,4676,46760000,46760000,132,219,46770000,17431
0,4677,46770000,46770000,132,219,46780000,17435
0,4678,46780000,46780000,132,219,46790000,17437
0,4679,46790000,46790000,132,219,46800000,17440
0,468,4680000,4680000,132,219,4690000,1742
0,4680,46800000,46800000,132,219,46810000,17448
0,4681,46810000,46810000,132,219,46820000,17450
0,4682,46820000,46820000,132,219,46830000,17452
0,4683,46830000,46830000,132,219,46840000,17457
0,4684,46840000,46840000,132,219,46850000,17460
0,4685,46850000,46850000,132,219,46860000,17463
0,4686,46860000,46860000,132,219,46870000,17469
0,4687,46870000,46870000,132,219,46880000,17472
0,4688,46880000,46880000,132,219,46890000,17475
0,4689,46890000,46890000,132,219,46900000,17478
0,469,4690000,4690000,132,219,4700000,1746
0,4690,46900000,46900000,132,219,46910000,17484
0,4691,46910000,46910000,132,219,46920000,17486
0,4692,46920000,46920000,132,219,46930000,17491
0,4693,46930000,46930000,132,219,46940000,17495
0,4694,46940000,46940000,132,219,46950000,17496
0,4695,46950000,46950000,132,219,46960000,17501
0,4696,46960000,46960000,132,219,46970000,17505
0,4697,46970000,46970000,132,219,46980000,17510
0,4698,46980000,46980000,132,219,46990000,17513
0,4699,46990000,46990000,132,219,47000000,17515
0,47,470000,470000,132,219,480000,171
0,470,4700000,4700000,132,219,4710000,1749
0,4700,47000000,47000000,132,219,47010000,17521
0,4701,47010000,47010000,132,219,47020000,17524
0,4702,47020000,47020000,132,219,47030000,17528
0,4703,47030000,47030000,132,219,47040000,17529
0,4704,47040000,47040000,132,219,47050000,17536
0,4705,47050000,47050000,132,219,47060000,17540
0,4706,47060000,47060000,132,219,47070000,17541
0,4707,47070000,47070000,132,219,47080000,17547
0,4708,47080000,47080000,132,219,47090000,17551
0,4709,47090000,47090000,132,219,47100000,17552
0,471,4710000,4710000,132,219,4720000,1752
0,4710,47100000,47100000,132,219,47110000,17557
0,4711,47110000,47110000,132,219,47120000,17561
0,4712,47120000,47120000,132,219,47130000,17565
0,4713,47130000,47130000,132,219,47140000,17569
0,4714,47140000,47140000,132,219,47150000,17573
0,4715,47150000,47150000,132,219,47160000,17576
0,4716,47160000,47160000,132,219,47170000,17580
0,4717,47170000,47170000,132,219,47180000,17583
0,4718,47180000,47180000,132,219,47190000,17586
0,4719,47190000,47190000,132,219,47200000,17590
0,472,4720000,4720000,132,219,4730000,1759
0,4720,47200000,47200000,132,219,47210000,17596
0,4721,47210000,47210000,132,219,47220000,17599
0,4722,47220000,47220000,132,219,47230000,17603
0,4723,47230000,47230000,132,219,47240000,17605
0,4724,47240000,47240000,132,219,47250000,17608
0,4725,47250000,47250000,132,219,47260000,17615
0,4726,47260000,47260000,132,219,47270000,17617
0,4727,47270000,47270000,132,219,47280000,17619
0,4728,47280000,47280000,132,219,47290000,17626
0,4729,47290000,47290000,132,219,47300000,17628
0,473,4730000,4730000,132,219,4740000,1761
0,4730,47300000,47300000,132,219,47310000,17632
0,4731,47310000,47310000,132,219,47320000,17635
0,4732,47320000,47320000,132,219,47330000,17641
0,4733,47330000,47330000,132,219,47340000,17642
0,4734,47340000,47340000,132,219,47350000,17645
0,4735,47350000,47350000,132,219,47360000,17652
0,4736,47360000,47360000,132,219,47370000,17655
0,4737,47370000,47370000,132,219,47380000,17659
0,4738,47380000,47380000,132,219,47390000,17661
0,4739,47390000,47390000,132,219,47400000,17664
0,474,4740000,4740000,132,219,4750000,1764
0,4740,47400000,47400000,132,219,47410000,17670
0,4741,47410000,47410000,132,219,47420000,17673
0,4742,47420000,47420000,132,219,47430000,17677
0,4743,47430000,47430000,132,219,47440000,17680
0,4744,47440000,47440000,132,219,47450000,17684
0,4745,47450000,47450000,132,219,47460000,17687
0,4746,47460000,47460000,132,219,47470000,17693
0,4747,47470000,47470000,132,219,47480000,17696
0,4748,47480000,47480000,132,219,47490000,17698
0,4749,47490000,47490000,132,219,47500000,17703
0,475,4750000,4750000,132,219,4760000,1768
0,4750,47500000,47500000,132,219,47510000,17707
0,4751,47510000,47510000,132,219,47520000,17708
0,4752,47520000,47520000,132,219,47530000,17715
0,4753,47530000,47530000,132,219,47540000,17719
0,4754,47540000,47540000,132,219,47550000,17720
0,4755,47550000,47550000,132,219,47560000,17725
0,4756,47560000,47560000,132,219,47570000,17730
0,4757,47570000,47570000,132,219,47580000,17733
0,4758,47580000,47580000,132,219,47590000,17736
0,4759,47590000,47590000,132,219,47600000,17738
0,476,4760000,4760000,132,219,4770000,1772
0,4760,47600000,47600000,132,219,47610000,17745
0,4761,47610000,47610000,132,219,47620000,17748
0,4762,47620000,47620000,132,219,47630000,17751
0,4763,47630000,47630000,132,219,47640000,17755
0,4764,47640000,47640000,132,219,47650000,17759
0,4765,47650000,47650000,132,219,47660000,17763
0,4766,47660000,47660000,132,219,47670000,17764
0,4767,47670000,47670000,132,219,47680000,17770
0,4768,47680000,47680000,132,219,47690000,17775
0,4769,47690000,47690000,132,219,47700000,17776
0,477,4770000,4770000,132,219,4780000,1776
0,4770,47700000,47700000,132,219,47710000,17783
0,4771,47710000,47710000,132,219,47720000,17785
0,4772,47720000,47720000,132,219,47730000,17788
0,4773,47730000,47730000,132,219,47740000,17791
0,4774,47740000,47740000,132,219,47750000,17796
0,4775,47750000,47750000,132,219,47760000,17799
0,4776,47760000,47760000,132,219,47770000,17804
0,4777,47770000,47770000,132,219,47780000,17809
0,4778,47780000,47780000,132,219,47790000,17810
0,4779,47790000,47790000,132,219,47800000,17814
0,478,4780000,4780000,132,219,4790000,1779
0,4780,47800000,47800000,132,219,47810000,17819
0,4781,47810000,47810000,132,219,47820000,17822
0,4782,47820000,47820000,132,219,47830000,17826
0,4783,47830000,47830000,132,219,47840000,17828
0,4784,47840000,47840000,132,219,47850000,17833
0,4785,47850000,47850000,132,219,47860000,17839
0,4786,47860000,47860000,132,219,47870000,17841
0,4787,47870000,47870000,132,219,47880000,17843
0,4788,47880000,47880000,132,219,47890000,17849
0,4789,47890000,47890000,132,219,47900000,17851
0,479,4790000,4790000,132,219,4800000,1782
0,4790,47900000,47900000,132,219,47910000,17855
0,4791,47910000,47910000,132,219,47920000,17860
0,4792,47920000,47920000,132,219,47930000,17865
0,4793,47930000,47930000,132,219,47940000,17866
0,4794,47940000,47940000,132,219,47950000,17869
0,4795,47950000,47950000,132,219,47960000,17875
0,4796,47960000,47960000,132,219,47970000,17878
0,4797,47970000,47970000,132,219,47980000,17882
0,4798,47980000,47980000,132,219,47990000,17886
0,4799,47990000,47990000,132,219,48000000,17887
0,48,480000,480000,132,219,490000,176
0,480,4800000,4800000,132,219,4810000,1789
0,4800,48000000,48000000,132,219,48010000,17894
0,4801,48010000,48010000,132,219,48020000,17897
0,4802,48020000,48020000,132,219,48030000,17901
0,4803,48030000,48030000,132,219,48040000,17904
0,4804,48040000,48040000,132,219,48050000,17907
0,4805,48050000,48050000,132,219,48060000,17912
0,4806,48060000,48060000,132,219,48070000,17915
0,4807,48070000,48070000,132,219,48080000,17919
0,4808,48080000,48080000,132,219,48090000,17922
0,4809,48090000,48090000,132,219,48100000,17927
0,481,4810000,4810000,132,219,4820000,1791
0,4810,48100000,48100000,132,219,48110000,17931
0,4811,48110000,48110000,132,219,48120000,17932
0,4812,48120000,48120000,132,219,48130000,17940
0,4813,48130000,48130000,132,219,48140000,17942
0,4814,48140000,48140000,132,219,48150000,17943
0,4815,48150000,48150000,132,219,48160000,17948
0,4816,48160000,48160000,132,219,48170000,17954
0,4817,48170000,48170000,132,219,48180000,17956
0,4818,48180000,48180000,132,219,48190000,17960
0,4819,48190000,48190000,132,219,48200000,17964
0,482,4820000,4820000,132,219,4830000,1793
0,4820,48200000,48200000,132,219,48210000,17968
0,4821,48210000,48210000,132,219,48220000,17971
0,4822,48220000,48220000,132,219,48230000,17974
0,4823,48230000,48230000,132,219,48240000,17978
0,4824,48240000,48240000,132,219,48250000,17983
0,4825,48250000,48250000,132,219,48260000,17987
0,4826,48260000,48260000,132,219,48270000,17990
0,4827,48270000,48270000,132,219,48280000,17994
0,4828,48280000,48280000,132,219,48290000,17997
0,4829,48290000,48290000,132,219,48300000,17999
0,483,4830000,4830000,132,219,4840000,1798
0,4830,48300000,48300000,132,219,48310000,18006
0,4831,48310000,48310000,132,219,48320000,18008
0,4832,48320000,48320000,132,219,48330000,18012
0,4833,48330000,48330000,132,219,48340000,18017
0,4834,48340000,48340000,132,219,48350000,18020
0,4835,48350000,48350000,132,219,48360000,18023
0,4836,48360000,48360000,132,219,48370000,18027
0,4837,48370000,48370000,132,219,48380000,18032
0,4838,48380000,48380000,132,219,48390000,18033
0,4839,48390000,48390000,132,219,48400000,18036
0,484,4840000,4840000,132,219,4850000,1802
0,4840,48400000,48400000,132,219,48410000,18045
0,4841,48410000,48410000,132,219,48420000,18046
0,4842,48420000,48420000,132,219,48430000,18050
0,4843,48430000,48430000,132,219,48440000,18052
0,4844,48440000,48440000,132,219,48450000,18056
0,4845,48450000,48450000,132,219,48460000,18062
0,4846,48460000,48460000,132,219,48470000,18064
0,4847,48470000,48470000,132,219,48480000,18068
0,4848,48480000,48480000,132,219,48490000,18073
0,4849,48490000,48490000,132,219,48500000,18075
0,485,4850000,4850000,132,219,4860000,1805
0,4850,48500000,48500000,132,219,48510000,18078
0,4851,48510000,48510000,132,219,48520000,18084
0,4852,48520000,48520000,132,219,48530000,18088
0,4853,48530000,48530000,132,219,48540000,18089
0,4854,48540000,48540000,132,219,48550000,18094
0,4855,48550000,48550000,132,219,48560000,18098
0,4856,48560000,48560000,132,219,48570000,18102
0,4857,48570000,48570000,132,219,48580000,18106
0,4858,48580000,48580000,132,219,48590000,18110
0,4859,48590000,48590000,132,219,48600000,18111
0,486,4860000,4860000,132,219,4870000,1810
0,4860,48600000,48600000,132,219,48610000,18117
0,4861,48610000,48610000,132,219,48620000,18121
0,4862,48620000,48620000,132,219,48630000,18124
0,4863,48630000,48630000,132,219,48640000,18127
0,4864,48640000,48640000,132,219,48650000,18131
0,4865,48650000,48650000,132,219,48660000,18136
0,4866,48660000,48660000,132,219,48670000,18139
0,4867,48670000,48670000,132,219,48680000,18143
0,4868,48680000,48680000,132,219,48690000,18147
0,4869,48690000,48690000,132,219,48700000,18150
0,487,4870000,4870000,132,219,4880000,1813
0,4870,48700000,48700000,132,219,48710000,18154
0,4871,48710000,48710000,132,219,48720000,18155
0,4872,48720000,48720000,132,219,48730000,18163
0,4873,48730000,48730000,132,219,48740000,18166
0,4874,48740000,48740000,132,219,48750000,18167
0,4875,48750000,48750000,132,219,48760000,18174
0,4876,48760000,48760000,132,219,48770000,18177
0,4877,48770000,48770000,132,219,48780000,18179
0,4878,48780000,48780000,132,219,48790000,18183
0,4879,48790000,48790000,132,219,48800000,18187
0,488,4880000,4880000,132,219,4890000,1816
0,4880,48800000,48800000,132,219,48810000,18192
0,4881,48810000,48810000,132,219,48820000,18195
0,4882,48820000,48820000,132,219,48830000,18200
0,4883,48830000,48830000,132,219,48840000,18201
0,4884,48840000,48840000,132,219,48850000,18206
0,4885,48850000,48850000,132,219,48860000,18210
0,4886,48860000,48860000,132,219,48870000,18213
0,4887,48870000,48870000,132,219,48880000,18217
0,4888,48880000,48880000,132,219,48890000,18221
0,4889,48890000,48890000,132,219,48900000,18225
0,489,4890000,4890000,132,219,4900000,1820
0,4890,48900000,48900000,132,219,48910000,18230
0,4891,48910000,48910000,132,219,48920000,18232
0,4892,48920000,48920000,132,219,48930000,18235
0,4893,48930000,48930000,132,219,48940000,18240
0,4894,48940000,48940000,132,219,48950000,18242
0,4895,48950000,48950000,132,219,48960000,18246
0,4896,48960000,48960000,132,219,48970000,18253
0,4897,48970000,48970000,132,219,48980000,18256
0,4898,48980000,48980000,132,219,48990000,18257
0,4899,48990000,48990000,132,219,49000000,18260
0,49,490000,490000,132,219,500000,181
0,490,4900000,4900000,132,219,4910000,1826
0,4900,49000000,49000000,132,219,49010000,18268
0,4901,49010000,49010000,132,219,49020000,18269
0,4902,49020000,49020000,132,219,49030000,18273
0,4903,49030000,49030000,132,219,49040000,18277
0,4904,49040000,49040000,132,219,49050000,18280
0,4905,49050000,49050000,132,219,49060000,18285
0,4906,49060000,49060000,132,219,49070000,18288
0,4907,49070000,49070000,132,219,49080000,18292
0,4908,49080000,49080000,132,219,49090000,18296
0,4909,49090000,49090000,132,219,49100000,18298
0,491,4910000,4910000,132,219,4920000,1827
0,4910,49100000,49100000,132,219,49110000,18303
0,4911,49110000,49110000,132,219,49120000,18307
0,4912,49120000,49120000,132,219,49130000,18312
0,4913,49130000,49130000,132,219,49140000,18313
0,4914,49140000,49140000,132,219,49150000,18318
0,4915,49150000,49150000,132,219,49160000,18322
0,4916,49160000,49160000,132,219,49170000,18324
0,4917,49170000,49170000,132,219,49180000,18331
0,4918,49180000,49180000,132,219,49190000,18333
0,4919,49190000,49190000,132,219,49200000,18334
0,492,4920000,4920000,132,219,4930000,1832
0,4920,49200000,49200000,132,219,49210000,18341
0,4921,49210000,49210000,132,219,49220000,18345
0,4922,49220000,49220000,132,219,49230000,18348
0,4923,49230000,49230000,132,219,49240000,18351
0,4924,49240000,49240000,132,219,49250000,18356
0,4925,49250000,49250000,132,219,49260000,18359
0,4926,49260000,49260000,132,219,49270000,18362
0,4927,49270000,49270000,132,219,49280000,18365
0,4928,49280000,49280000,132,219,49290000,18371
0,4929,49290000,49290000,132,219,49300000,18374
0,493,4930000,4930000,132,219,4940000,1836
0,4930,49300000,49300000,132,219,49310000,18378
0,4931,49310000,49310000,132,219,49320000,18381
0,4932,49320000,49320000,132,219,49330000,18386
0,4933,49330000,49330000,132,219,49340000,18389
0,4934,49340000,49340000,132,219,49350000,18390
0,4935,49350000,49350000,132,219,49360000,18397
0,4936,49360000,49360000,132,219,49370000,18401
0,4937,49370000,49370000,132,219,49380000,18403
0,4938,49380000,49380000,132,219,49390000,18408
0,4939,49390000,49390000,132,219,49400000,18411
0,494,4940000,4940000,132,219,4950000,1837
0,4940,49400000,49400000,132,219,49410000,18415
0,4941,49410000,49410000,132,219,49420000,18418
0,4942,49420000,49420000,132,219,49430000,18423
0,4943,49430000,49430000,132,219,49440000,18424
0,4944,49440000,49440000,132,219,49450000,18430
0,4945,49450000,49450000,132,219,49460000,18436
0,4946,49460000,49460000,132,219,49470000,18437
0,4947,49470000,49470000,132,219,49480000,18441
0,4948,49480000,49480000,132,219,49490000,18444
0,4949,49490000,49490000,132,219,49500000,18447
0,495,4950000,4950000,132,219,4960000,1843
0,4950,49500000,49500000,132,219,49510000,18453
0,4951,49510000,49510000,132,219,49520000,18455
0,4952,49520000,49520000,132,219,49530000,18461
0,4953,49530000,49530000,132,219,49540000,18464
0,4954,49540000,49540000,132,219,49550000,18466
0,4955,49550000,49550000,132,219,49560000,18470
0,4956,49560000,49560000,132,219,49570000,18476
0,4957,49570000,49570000,132,219,49580000,18479
0,4958,49580000,49580000,132,219,49590000,18480
0,4959,49590000,49590000,132,219,49600000,18485
0,496,4960000,4960000,132,219,4970000,1847
0,4960,49600000,49600000,132,219,49610000,18491
0,4961,49610000,49610000,132,219,49620000,18493
0,4962,49620000,49620000,132,219,49630000,18497
0,4963,49630000,49630000,132,219,49640000,18501
0,4964,49640000,49640000,132,219,49650000,18503
0,4965,49650000,49650000,132,219,49660000,18508
0,4966,49660000,49660000,132,219,49670000,18513
0,4967,49670000,49670000,132,219,49680000,18515
0,4968,49680000,49680000,132,219,49690000,18520
0,4969,49690000,49690000,132,219,49700000,18522
0,497,4970000,4970000,132,219,4980000,1851
0,4970,49700000,49700000,132,219,49710000,18527
0,4971,49710000,49710000,132,219,49720000,18530
0,4972,49720000,49720000,132,219,49730000,18535
0,4973,49730000,49730000,132,219,49740000,18538
0,4974,49740000,49740000,132,219,49750000,18541
0,4975,49750000,49750000,132,219,49760000,18545
0,4976,49760000,49760000,132,219,49770000,18548
0,4977,49770000,49770000,132,219,49780000,18555
0,4978,49780000,49780000,132,219,49790000,18557
0,4979,49790000,49790000,132,219,49800000,18558
0,498,4980000,4980000,132,219,4990000,1854
0,4980,49800000,49800000,132,219,49810000,18566
0,4981,49810000,49810000,132,219,49820000,18568
0,4982,49820000,49820000,132,219,49830000,18570
0,4983,49830000,49830000,132,219,49840000,18574
0,4984,49840000,49840000,132,219,49850000,18580
0,4985,49850000,49850000,132,219,49860000,18583
0,4986,49860000,49860000,132,219,49870000,18586
0,4987,49870000,49870000,132,219,49880000,18591
0,4988,49880000,49880000,132,219,49890000,18594
0,4989,49890000,49890000,132,219,49900000,18597
0,499,4990000,4990000,132,219,5000000,1856
0,4990,49900000,49900000,132,219,49910000,18601
0,4991,49910000,49910000,132,219,49920000,18604
0,4992,49920000,49920000,132,219,49930000,18610
0,4993,49930000,49930000,132,219,49940000,18612
0,4994,49940000,49940000,132,219,49950000,18616
0,4995,49950000,49950000,132,219,49960000,18621
0,4996,49960000,49960000,132,219,49970000,18624
0,4997,49970000,49970000,132,219,49980000,18626
0,4998,49980000,49980000,132,219,49990000,18631
0,4999,49990000,49990000,132,219,50000000,18634
0,5,50000,50000,132,219,60000,16
0,50,500000,500000,132,219,510000,184
0,500,5000000,5000000,132,219,5010000,1863
0,5000,50000000,50000000,132,219,50010000,18639
0,5001,50010000,50010000,132,219,50020000,18644
0,5002,50020000,50020000,132,219,50030000,18647
0,5003,50030000,50030000,132,219,50040000,18648
0,5004,50040000,50040000,132,219,50050000,18652
0,5005,50050000,50050000,132,219,50060000,18659
0,5006,50060000,50060000,132,219,50070000,18660
0,5007,50070000,50070000,132,219,50080000,18664
0,5008,50080000,50080000,132,219,50090000,18670
0,5009,50090000,50090000,132,219,50100000,18671
0,501,5010000,5010000,132,219,5020000,1866
0,5010,50100000,50100000,132,219,50110000,18677
0,5011,50110000,50110000,132,219,50120000,18679
0,5012,50120000,50120000,132,219,50130000,18684
0,5013,50130000,50130000,132,219,50140000,18687
0,5014,50140000,50140000,132,219,50150000,18689
0,5015,50150000,50150000,132,219,50160000,18694
0,5016,50160000,50160000,132,219,50170000,18700
0,5017,50170000,50170000,132,219,50180000,18703
0,5018,50180000,50180000,132,219,50190000,18704
0,5019,50190000,50190000,132,219,50200000,18709
0,502,5020000,5020000,132,219,5030000,1869
0,5020,50200000,50200000,132,219,50210000,18714
0,5021,50210000,50210000,132,219,50220000,18716
0,5022,50220000,50220000,132,219,50230000,18722
0,5023,50230000,50230000,132,219,50240000,18724
0,5024,50240000,50240000,132,219,50250000,18727
0,5025,50250000,50250000,132,219,50260000,18732
0,5026,50260000,50260000,132,219,50270000,18736
0,5027,50270000,50270000,132,219,50280000,18739
0,5028,50280000,50280000,132,219,50290000,18743
0,5029,50290000,50290000,132,219,50300000,18747
0,503,5030000,5030000,132,219,5040000,1870
0,5030,50300000,50300000,132,219,50310000,18750
0,5031,50310000,50310000,132,219,50320000,18753
0,5032,50320000,50320000,132,219,50330000,18759
0,5033,50330000,50330000,132,219,50340000,18762
0,5034,50340000,50340000,132,219,50350000,18765
0,5035,50350000,50350000,132,219,50360000,18769
0,5036,50360000,50360000,132,219,50370000,18773
0,5037,50370000,50370000,132,219,50380000,18777
0,5038,50380000,50380000,132,219,50390000,18780
0,5039,50390000,50390000,132,219,50400000,18781
0,504,5040000,5040000,132,219,5050000,1877
0,5040,50400000,50400000,132,219,50410000,18790
0,5041,50410000,50410000,132,219,50420000,18792
0,5042,50420000,50420000,132,219,50430000,18794
0,5043,50430000,50430000,132,219,50440000,18800
0,5044,50440000,50440000,132,219,50450000,18803
0,5045,50450000,50450000,132,219,50460000,18806
0,5046,50460000,50460000,132,219,50470000,18809
0,5047,50470000,50470000,132,219,50480000,18814
0,5048,50480000,50480000,132,219,50490000,18817
0,5049,50490000,50490000,132,219,50500000,18821
0,505,5050000,5050000,132,219,5060000,1881
0,5050,50500000,50500000,132,219,50510000,18827
0,5051,50510000,50510000,132,219,50520000,18828
0,5052,50520000,50520000,132,219,50530000,18833
0,5053,50530000,50530000,132,219,50540000,18835
0,5054,50540000,50540000,132,219,50550000,18839
0,5055,50550000,50550000,132,219,50560000,18844
0,5056,50560000,50560000,132,219,50570000,18848
0,5057,50570000,50570000,132,219,50580000,18852
0,5058,50580000,50580000,132,219,50590000,18855
0,5059,50590000,50590000,132,219,50600000,18857
0,506,5060000,5060000,132,219,5070000,1883
0,5060,50600000,50600000,132,219,50610000,18862
0,5061,50610000,50610000,132,219,50620000,18867
0,5062,50620000,50620000,132,219,50630000,18870
0,5063,50630000,50630000,132,219,50640000,18871
0,5064,50640000,50640000,132,219,50650000,18878
0,5065,50650000,50650000,132,219,50660000,18883
0,5066,50660000,50660000,132,219,50670000,18884
0,5067,50670000,50670000,132,219,50680000,18888
0,5068,50680000,50680000,132,219,50690000,18893
0,5069,50690000,50690000,132,219,50700000,18894
0,507,5070000,5070000,132,219,5080000,1889
0,5070,50700000,50700000,132,219,50710000,18899
0,5071,50710000,50710000,132,219,50720000,18904
0,5072,50720000,50720000,132,219,50730000,18908
0,5073,50730000,50730000,132,219,50740000,18911
0,5074,50740000,50740000,132,219,50750000,18913
0,5075,50750000,50750000,132,219,50760000,18918
0,5076,50760000,50760000,132,219,50770000,18923
0,5077,50770000,50770000,132,219,50780000,18926
0,5078,50780000,50780000,132,219,50790000,18929
0,5079,50790000,50790000,132,219,50800000,18932
0,508,5080000,5080000,132,219,5090000,1892
0,5080,50800000,50800000,132,219,50810000,18938
0,5081,50810000,50810000,132,219,50820000,18939
0,5082,50820000,50820000,132,219,50830000,18946
0,5083,50830000,50830000,132,219,50840000,18948
0,5084,50840000,50840000,132,219,50850000,18950
0,5085,50850000,50850000,132,219,50860000,18957
0,5086,50860000,50860000,132,219,50870000,18959
0,5087,50870000,50870000,132,219,50880000,18962
0,5088,50880000,50880000,132,219,50890000,18967
0,5089,50890000,50890000,132,219,50900000,18971
0,509,5090000,5090000,132,219,5100000,1893
0,5090,50900000,50900000,132,219,50910000,18974
0,5091,50910000,50910000,132,219,50920000,18977
0,5092,50920000,50920000,132,219,50930000,18983
0,5093,50930000,50930000,132,219,50940000,18985
0,5094,50940000,50940000,132,219,50950000,18988
0,5095,50950000,50950000,132,219,50960000,18992
0,5096,50960000,50960000,132,219,50970000,18997
0,5097,50970000,50970000,132,219,50980000,19001
0,5098,50980000,50980000,132,219,50990000,19004
0,5099,50990000,50990000,132,219,51000000,19007
0,51,510000,510000,132,219,520000,187
0,510,5100000,5100000,132,219,5110000,1898
0,5100,51000000,51000000,132,219,51010000,19013
0,5101,51010000,51010000,132,219,51020000,19015
0,5102,51020000,51020000,132,219,51030000,19017
0,5103,51030000,51030000,132,219,51040000,19022
0,5104,51040000,51040000,132,219,51050000,19027
0,5105,51050000,51050000,132,219,51060000,19030
0,5106,51060000,51060000,132,219,51070000,19035
0,5107,51070000,51070000,132,219,51080000,19038
0,5108,51080000,51080000,132,219,51090000,19040
0,5109,51090000,51090000,132,219,51100000,19044
0,511,5110000,5110000,132,219,5120000,1903
0,5110,51100000,51100000,132,219,51110000,19050
0,5111,51110000,51110000,132,219,51120000,19051
0,5112,51120000,51120000,132,219,51130000,19057
0,5113,51130000,51130000,132,219,51140000,19061
0,5114,51140000,51140000,132,219,51150000,19062
0,5115,51150000,51150000,132,219,51160000,19068
0,5116,51160000,51160000,132,219,51170000,19071
0,5117,51170000,51170000,132,219,51180000,19075
0,5118,51180000,51180000,132,219,51190000,19078
0,5119,51190000,51190000,132,219,51200000,19080
0,512,5120000,5120000,132,219,5130000,1907
0,5120,51200000,51200000,132,219,51210000,19088
0,5121,51210000,51210000,132,219,51220000,19091
0,5122,51220000,51220000,132,219,51230000,19094
0,5123,51230000,51230000,132,219,51240000,19095
0,5124,51240000,51240000,132,219,51250000,19101
0,5125,51250000,51250000,132,219,51260000,19105
0,5126,51260000,51260000,132,219,51270000,19107
0,5127,51270000,51270000,132,219,51280000,19113
0,5128,51280000,51280000,132,219,51290000,19117
0,5129,51290000,51290000,132,219,51300000,19118
0,513,5130000,5130000,132,219,5140000,1910
0,5130,51300000,51300000,132,219,51310000,19123
0,5131,51310000,51310000,132,219,51320000,19128
0,5132,51320000,51320000,132,219,51330000,19131
0,5133,51330000,51330000,132,219,51340000,19134
0,5134,51340000,51340000,132,219,51350000,19138
0,5135,51350000,51350000,132,219,51360000,19141
0,5136,51360000,51360000,132,219,51370000,19146
0,5137,51370000,51370000,132,219,51380000,19150
0,5138,51380000,51380000,132,219,51390000,19153
0,5139,51390000,51390000,132,219,51400000,19156
0,514,5140000,5140000,132,219,5150000,1914
0,5140,51400000,51400000,132,219,51410000,19161
0,5141,51410000,51410000,132,219,51420000,19164
0,5142,51420000,51420000,132,219,51430000,19169
0,5143,51430000,51430000,132,219,51440000,19171
0,5144,51440000,51440000,132,219,51450000,19174
0,5145,51450000,51450000,132,219,51460000,19181
0,5146,51460000,51460000,132,219,51470000,19183
0,5147,51470000,51470000,132,219,51480000,19185
0,5148,51480000,51480000,132,219,51490000,19192
0,5149,51490000,51490000,132,219,51500000,19194
0,515,5150000,5150000,132,219,5160000,1917
0,5150,51500000,51500000,132,219,51510000,19197
0,5151,51510000,51510000,132,219,51520000,19200
0,5152,51520000,51520000,132,219,51530000,19207
0,5153,51530000,51530000,132,219,51540000,19209
0,5154,51540000,51540000,132,219,51550000,19212
0,5155,51550000,51550000,132,219,51560000,19218
0,5156,51560000,51560000,132,219,51570000,19220
0,5157,51570000,51570000,132,219,51580000,19224
0,5158,51580000,51580000,132,219,51590000,19226
0,5159,51590000,51590000,132,219,51600000,19230
0,516,5160000,5160000,132,219,5170000,1921
0,5160,51600000,51600000,132,219,51610000,19237
0,5161,51610000,51610000,132,219,51620000,19239
0,5162,51620000,51620000,132,219,51630000,19243
0,5163,51630000,51630000,132,219,51640000,19246
0,5164,51640000,51640000,132,219,51650000,19250
0,5165,51650000,51650000,132,219,51660000,19253
0,5166,51660000,51660000,132,219,51670000,19258
0,5167,51670000,51670000,132,219,51680000,19261
0,5168,51680000,51680000,132,219,51690000,19264
0,5169,51690000,51690000,132,219,51700000,19269
0,517,5170000,5170000,132,219,5180000,1925
0,5170,51700000,51700000,132,219,51710000,19274
0,5171,51710000,51710000,132,219,51720000,19275
0,5172,51720000,51720000,132,219,51730000,19280
0,5173,51730000,51730000,132,219,51740000,19284
0,5174,51740000,51740000,132,219,51750000,19285
0,5175,51750000,51750000,132,219,51760000,19291
0,5176,51760000,51760000,132,219,51770000,19297
0,5177,51770000,51770000,132,219,51780000,19299
0,5178,51780000,51780000,132,219,51790000,19302
0,5179,51790000,51790000,132,219,51800000,19304
0,518,5180000,5180000,132,219,5190000,1928
0,5180,51800000,51800000,132,219,51810000,19310
0,5181,51810000,51810000,132,219,51820000,19314
0,5182,51820000,51820000,132,219,51830000,19317
0,5183,51830000,51830000,132,219,51840000,19320
0,5184,51840000,51840000,132,219,51850000,19325
0,5185,51850000,51850000,132,219,51860000,19329
0,5186,51860000,51860000,132,219,51870000,19331
0,5187,51870000,51870000,132,219,51880000,19337
0,5188,51880000,51880000,132,219,51890000,19340
0,5189,51890000,51890000,132,219,51900000,19341
0,519,5190000,5190000,132,219,5200000,1931
0,5190,51900000,51900000,132,219,51910000,19348
0,5191,51910000,51910000,132,219,51920000,19350
0,5192,51920000,51920000,132,219,51930000,19355
0,5193,51930000,51930000,132,219,51940000,19358
0,5194,51940000,51940000,132,219,51950000,19362
0,5195,51950000,51950000,132,219,51960000,19365
0,5196,51960000,51960000,132,219,51970000,19369
0,5197,51970000,51970000,132,219,51980000,19375
0,5198,51980000,51980000,132,219,51990000,19376
0,5199,51990000,51990000,132,219,52000000,19379
0,52,520000,520000,132,219,530000,193
0,520,5200000,5200000,132,219,5210000,1937
0,5200,52000000,52000000,132,219,52010000,19385
0,5201,52010000,52010000,132,219,52020000,19388
0,5202,52020000,52020000,132,219,52030000,19392
0,5203,52030000,52030000,132,219,52040000,19395
0,5204,52040000,52040000,132,219,52050000,19399
0,5205,52050000,52050000,132,219,52060000,19404
0,5206,52060000,52060000,132,219,52070000,19406
0,5207,52070000,52070000,132,219,52080000,19408
0,5208,52080000,52080000,132,219,52090000,19416
0,5209,52090000,52090000,132,219,52100000,19418
0,521,5210000,5210000,132,219,5220000,1940
0,5210,52100000,52100000,132,219,52110000,19421
0,5211,52110000,52110000,132,219,52120000,19426
0,5212,52120000,52120000,132,219,52130000,19430
0,5213,52130000,52130000,132,219,52140000,19431
0,5214,52140000,52140000,132,219,52150000,19435
0,5215,52150000,52150000,132,219,52160000,19441
0,5216,52160000,52160000,132,219,52170000,19444
0,5217,52170000,52170000,132,219,52180000,19448
0,5218,52180000,52180000,132,219,52190000,19452
0,5219,52190000,52190000,132,219,52200000,19454
0,522,5220000,5220000,132,219,5230000,1945
0,5220,52200000,52200000,132,219,52210000,19460
0,5221,52210000,52210000,132,219,52220000,19462
0,5222,52220000,52220000,132,219,52230000,19466
0,5223,52230000,52230000,132,219,52240000,19469
0,5224,52240000,52240000,132,219,52250000,19473
0,5225,52250000,52250000,132,219,52260000,19479
0,5226,52260000,52260000,132,219,52270000,19482
0,5227,52270000,52270000,132,219,52280000,19485
0,5228,52280000,52280000,132,219,52290000,19487
0,5229,52290000,52290000,132,219,52300000,19492
0,523,5230000,5230000,132,219,5240000,1947
0,5230,52300000,52300000,132,219,52310000,19497
0,5231,52310000,52310000,132,219,52320000,19498
0,5232,52320000,52320000,132,219,52330000,19506
0,5233,52330000,52330000,132,219,52340000,19508
0,5234,52340000,52340000,132,219,52350000,19509
0,5235,52350000,52350000,132,219,52360000,19514
0,5236,52360000,52360000,132,219,52370000,19520
0,5237,52370000,52370000,132,219,52380000,19522
0,5238,52380000,52380000,132,219,52390000,19525
0,5239,52390000,52390000,132,219,52400000,19529
0,524,5240000,5240000,132,219,5250000,1949
0,5240,52400000,52400000,132,219,52410000,19534
0,5241,52410000,52410000,132,219,52420000,19538
0,5242,52420000,52420000,132,219,52430000,19541
0,5243,52430000,52430000,132,219,52440000,19544
0,5244,52440000,52440000,132,219,52450000,19548
0,5245,52450000,52450000,132,219,52460000,19552
0,5246,52460000,52460000,132,219,52470000,19555
0,5247,52470000,52470000,132,219,52480000,19560
0,5248,52480000,52480000,132,219,52490000,19564
0,5249,52490000,52490000,132,219,52500000,19565
0,525,5250000,5250000,132,219,5260000,1956
0,5250,52500000,52500000,132,219,52510000,19572
0,5251,52510000,52510000,132,219,52520000,19574
0,5252,52520000,52520000,132,219,52530000,19578
0,5253,52530000,52530000,132,219,52540000,19583
0,5254,52540000,52540000,132,219,52550000,19585
0,5255,52550000,52550000,132,219,52560000,19588
0,5256,52560000,52560000,132,219,52570000,19593
0,5257,52570000,52570000,132,219,52580000,19598
0,5258,52580000,52580000,132,219,52590000,19600
0,5259,52590000,52590000,132,219,52600000,19603
0,526,5260000,5260000,132,219,5270000,1958
0,5260,52600000,52600000,132,219,52610000,19610
0,5261,52610000,52610000,132,219,52620000,19611
0,5262,52620000,52620000,132,219,52630000,19615
0,5263,52630000,52630000,132,219,52640000,19618
0,5264,52640000,52640000,132,219,52650000,19623
0,5265,52650000,52650000,132,219,52660000,19628
0,5266,52660000,52660000,132,219,52670000,19630
0,5267,52670000,52670000,132,219,52680000,19634
0,5268,52680000,52680000,132,219,52690000,19638
0,5269,52690000,52690000,132,219,52700000,19641
0,527,5270000,5270000,132,219,5280000,1960
0,5270,52700000,52700000,132,219,52710000,19644
0,5271,52710000,52710000,132,219,52720000,19649
0,5272,52720000,52720000,132,219,52730000,19654
0,5273,52730000,52730000,132,219,52740000,19655
0,5274,52740000,52740000,132,219,52750000,19661
0,5275,52750000,52750000,132,219,52760000,19665
0,5276,52760000,52760000,132,219,52770000,19667
0,5277,52770000,52770000,132,219,52780000,19671
0,5278,52780000,52780000,132,219,52790000,19675
0,5279,52790000,52790000,132,219,52800000,19676
0,528,5280000,5280000,132,219,5290000,1968
0,5280,52800000,52800000,132,219,52810000,19684
0,5281,52810000,52810000,132,219,52820000,19688
0,5282,52820000,52820000,132,219,52830000,19690
0,5283,52830000,52830000,132,219,52840000,19693
0,5284,52840000,52840000,132,219,52850000,19696
0,5285,52850000,52850000,132,219,52860000,19702
0,5286,52860000,52860000,132,219,52870000,19705
0,5287,52870000,52870000,132,219,52880000,19708
0,5288,52880000,52880000,132,219,52890000,19713
0,5289,52890000,52890000,132,219,52900000,19716
0,529,5290000,5290000,132,219,5300000,1970
0,5290,52900000,52900000,132,219,52910000,19720
0,5291,52910000,52910000,132,219,52920000,19722
0,5292,52920000,52920000,132,219,52930000,19729
0,5293,52930000,52930000,132,219,52940000,19731
0,5294,52940000,52940000,132,219,52950000,19732
0,5295,52950000,52950000,132,219,52960000,19739
0,5296,52960000,52960000,132,219,52970000,19744
0,5297,52970000,52970000,132,219,52980000,19746
0,5298,52980000,52980000,132,219,52990000,19749
0,5299,52990000,52990000,132,219,53000000,19753
0,53,530000,530000,132,219,540000,194
0,530,5300000,5300000,132,219,5310000,1973
0,5300,53000000,53000000,132,219,53010000,19757
0,5301,53010000,53010000,132,219,53020000,19760
0,5302,53020000,53020000,132,219,53030000,19766
0,5303,53030000,53030000,132,219,53040000,19767
0,5304,53040000,53040000,132,219,53050000,19772
0,5305,53050000,53050000,132,219,53060000,19776
0,5306,53060000,53060000,132,219,53070000,19779
0,5307,53070000,53070000,132,219,53080000,19784
0,5308,53080000,53080000,132,219,53090000,19787
0,5309,53090000,53090000,132,219,53100000,19790
0,531,5310000,5310000,132,219,5320000,1976
0,5310,53100000,53100000,132,219,53110000,19795
0,5311,53110000,53110000,132,219,53120000,19797
0,5312,53120000,53120000,132,219,53130000,19801
0,5313,53130000,53130000,132,219,53140000,19807
0,5314,53140000,53140000,132,219,53150000,19809
0,5315,53150000,53150000,132,219,53160000,19812
0,5316,53160000,53160000,132,219,53170000,19818
0,5317,53170000,53170000,132,219,53180000,19821
0,5318,53180000,53180000,132,219,53190000,19823
0,5319,53190000,53190000,132,219,53200000,19826
0,532,5320000,5320000,132,219,5330000,1982
0,5320,53200000,53200000,132,219,53210000,19834
0,5321,53210000,53210000,132,219,53220000,19835
0,5322,53220000,53220000,132,219,53230000,19839
0,5323,53230000,53230000,132,219,53240000,19843
0,5324,53240000,53240000,132,219,53250000,19846
0,5325,53250000,53250000,132,219,53260000,19851
0,5326,53260000,53260000,132,219,53270000,19853
0,5327,53270000,53270000,132,219,53280000,19857
0,5328,53280000,53280000,132,219,53290000,19862
0,5329,53290000,53290000,132,219,53300000,19865
0,533,5330000,5330000,132,219,5340000,1984
0,5330,53300000,53300000,132,219,53310000,19870
0,5331,53310000,53310000,132,219,53320000,19873
0,5332,53320000,53320000,132,219,53330000,19877
0,5333,53330000,53330000,132,219,53340000,19878
0,5334,53340000,53340000,132,219,53350000,19883
0,5335,53350000,53350000,132,219,53360000,19888
0,5336,53360000,53360000,132,219,53370000,19891
0,5337,53370000,53370000,132,219,53380000,19897
0,5338,53380000,53380000,132,219,53390000,19899
0,5339,53390000,53390000,132,219,53400000,19900
0,534,5340000,5340000,132,219,5350000,1987
0,5340,53400000,53400000,132,219,53410000,19907
0,5341,53410000,53410000,132,219,53420000,19911
0,5342,53420000,53420000,132,219,53430000,19913
0,5343,53430000,53430000,132,219,53440000,19916
0,5344,53440000,53440000,132,219,53450000,19922
0,5345,53450000,53450000,132,219,53460000,19925
0,5346,53460000,53460000,132,219,53470000,19929
0,5347,53470000,53470000,132,219,53480000,19932
0,5348,53480000,53480000,132,219,53490000,19936
0,5349,53490000,53490000,132,219,53500000,19939
0,535,5350000,5350000,132,219,5360000,1993
0,5350,53500000,53500000,132,219,53510000,19943
0,5351,53510000,53510000,132,219,53520000,19947
0,5352,53520000,53520000,132,219,53530000,19953
0,5353,53530000,53530000,132,219,53540000,19955
0,5354,53540000,53540000,132,219,53550000,19956
0,5355,53550000,53550000,132,219,53560000,19963
0,5356,53560000,53560000,132,219,53570000,19966
0,5357,53570000,53570000,132,219,53580000,19969
0,5358,53580000,53580000,132,219,53590000,19974
0,5359,53590000,53590000,132,219,53600000,19976
0,536,5360000,5360000,132,219,5370000,1996
0,5360,53600000,53600000,132,219,53610000,19981
0,5361,53610000,53610000,132,219,53620000,19984
0,5362,53620000,53620000,132,219,53630000,19990
0,5363,53630000,53630000,132,219,53640000,19991
0,5364,53640000,53640000,132,219,53650000,19995
0,5365,53650000,53650000,132,219,53660000,20001
0,5366,53660000,53660000,132,219,53670000,20002
0,5367,53670000,53670000,132,219,53680000,20006
0,5368,53680000,53680000,132,219,53690000,20011
0,5369,53690000,53690000,132,219,53700000,20014
0,537,5370000,5370000,132,219,5380000,2000
0,5370,53700000,53700000,132,219,53710000,20019
0,5371,53710000,53710000,132,219,53720000,20021
0,5372,53720000,53720000,132,219,53730000,20026
0,5373,53730000,53730000,132,219,53740000,20030
0,5374,53740000,53740000,132,219,53750000,20032
0,5375,53750000,53750000,132,219,53760000,20035
0,5376,53760000,53760000,132,219,53770000,20042
0,5377,53770000,53770000,132,219,53780000,20045
0,5378,53780000,53780000,132,219,53790000,20046
0,5379,53790000,53790000,132,219,53800000,20052
0,538,5380000,5380000,132,219,5390000,2002
0,5380,53800000,53800000,132,219,53810000,20057
0,5381,53810000,53810000,132,219,53820000,20058
0,5382,53820000,53820000,132,219,53830000,20062
0,5383,53830000,53830000,132,219,53840000,20066
0,5384,53840000,53840000,132,219,53850000,20070
0,5385,53850000,53850000,132,219,53860000,20075
0,5386,53860000,53860000,132,219,53870000,20079
0,5387,53870000,53870000,132,219,53880000,20081
0,5388,53880000,53880000,132,219,53890000,20085
0,5389,53890000,53890000,132,219,53900000,20087
0,539,5390000,5390000,132,219,5400000,2006
0,5390,53900000,53900000,132,219,53910000,20093
0,5391,53910000,53910000,132,219,53920000,20096
0,5392,53920000,53920000,132,219,53930000,20101
0,5393,53930000,53930000,132,219,53940000,20104
0,5394,53940000,53940000,132,219,53950000,20107
0,5395,53950000,53950000,132,219,53960000,20112
0,5396,53960000,53960000,132,219,53970000,20114
0,5397,53970000,53970000,132,219,53980000,20120
0,5398,53980000,53980000,132,219,53990000,20122
0,5399,53990000,53990000,132,219,54000000,20123
0,54,540000,540000,132,219,550000,197
0,540,5400000,5400000,132,219,5410000,2012
0,5400,54000000,54000000,132,219,54010000,20132
0,5401,54010000,54010000,132,219,54020000,20135
0,5402,54020000,54020000,132,219,54030000,20137
0,5403,54030000,54030000,132,219,54040000,20140
0,5404,54040000,54040000,132,219,54050000,20145
0,5405,54050000,54050000,132,219,54060000,20148
0,5406,54060000,54060000,132,219,54070000,20152
0,5407,54070000,54070000,132,219,54080000,20157
0,5408,54080000,54080000,132,219,54090000,20160
0,5409,54090000,54090000,132,219,54100000,20163
0,541,5410000,5410000,132,219,5420000,2014
0,5410,54100000,54100000,132,219,54110000,20167
0,5411,54110000,54110000,132,219,54120000,20170
0,5412,54120000,54120000,132,219,54130000,20176
0,5413,54130000,54130000,132,219,54140000,20178
0,5414,54140000,54140000,132,219,54150000,20181
0,5415,54150000,54150000,132,219,54160000,20186
0,5416,54160000,54160000,132,219,54170000,20190
0,5417,54170000,54170000,132,219,54180000,20193
0,5418,54180000,54180000,132,219,54190000,20198
0,5419,54190000,54190000,132,219,54200000,20200
0,542,5420000,5420000,132,219,5430000,2018
0,5420,54200000,54200000,132,219,54210000,20204
0,5421,54210000,54210000,132,219,54220000,20209
0,5422,54220000,54220000,132,219,54230000,20212
0,5423,54230000,54230000,132,219,54240000,20214
0,5424,54240000,54240000,132,219,54250000,20219
0,5425,54250000,54250000,132,219,54260000,20225
0,5426,54260000,54260000,132,219,54270000,20226
0,5427,54270000,54270000,132,219,54280000,20230
0,5428,54280000,54280000,132,219,54290000,20236
0,5429,54290000,54290000,132,219,54300000,20237
0,543,5430000,5430000,132,219,5440000,2021
0,5430,54300000,54300000,132,219,54310000,20242
0,5431,54310000,54310000,132,219,54320000,20244
0,5432,54320000,54320000,132,219,54330000,20250
0,5433,54330000,54330000,132,219,54340000,20253
0,5434,54340000,54340000,132,219,54350000,20256
0,5435,54350000,54350000,132,219,54360000,20261
0,5436,54360000,54360000,132,219,54370000,20265
0,5437,54370000,54370000,132,219,54380000,20268
0,5438,54380000,54380000,132,219,54390000,20269
0,5439,54390000,54390000,132,219,54400000,20275
0,544,5440000,5440000,132,219,5450000,2026
0,5440,54400000,54400000,132,219,54410000,20281
0,5441,54410000,54410000,132,219,54420000,20282
0,5442,54420000,54420000,132,219,54430000,20288
0,5443,54430000,54430000,132,219,54440000,20290
0,5444,54440000,54440000,132,219,54450000,20292
0,5445,54450000,54450000,132,219,54460000,20298
0,5446,54460000,54460000,132,219,54470000,20302
0,5447,54470000,54470000,132,219,54480000,20304
0,5448,54480000,54480000,132,219,54490000,20309
0,5449,54490000,54490000,132,219,54500000,20313
0,545,5450000,5450000,132,219,5460000,2029
0,5450,54500000,54500000,132,219,54510000,20317
0,5451,54510000,54510000,132,219,54520000,20320
0,5452,54520000,54520000,132,219,54530000,20324
0,5453,54530000,54530000,132,219,54540000,20327
0,5454,54540000,54540000,132,219,54550000,20330
0,5455,54550000,54550000,132,219,54560000,20334
0,5456,54560000,54560000,132,219,54570000,20340
0,5457,54570000,54570000,132,219,54580000,20344
0,5458,54580000,54580000,132,219,54590000,20346
0,5459,54590000,54590000,132,219,54600000,20347
0,546,5460000,5460000,132,219,5470000,2034
0,5460,54600000,54600000,132,219,54610000,20355
0,5461,54610000,54610000,132,219,54620000,20358
0,5462,54620000,54620000,132,219,54630000,20360
0,5463,54630000,54630000,132,219,54640000,20365
0,5464,54640000,54640000,132,219,54650000,20369
0,5465,54650000,54650000,132,219,54660000,20372
0,5466,54660000,54660000,132,219,54670000,20375
0,5467,54670000,54670000,132,219,54680000,20381
0,5468,54680000,54680000,132,219,54690000,20383
0,5469,54690000,54690000,132,219,54700000,20386
0,547,5470000,5470000,132,219,5480000,2037
0,5470,54700000,54700000,132,219,54710000,20392
0,5471,54710000,54710000,132,219,54720000,20393
0,5472,54720000,54720000,132,219,54730000,20400
0,5473,54730000,54730000,132,219,54740000,20402
0,5474,54740000,54740000,132,219,54750000,20405
0,5475,54750000,54750000,132,219,54760000,20410
0,5476,54760000,54760000,132,219,54770000,20413
0,5477,54770000,54770000,132,219,54780000,20417
0,5478,54780000,54780000,132,219,54790000,20421
0,5479,54790000,54790000,132,219,54800000,20423
0,548,5480000,5480000,132,219,5490000,2039
0,5480,54800000,54800000,132,219,54810000,20428
0,5481,54810000,54810000,132,219,54820000,20433
0,5482,54820000,54820000,132,219,54830000,20436
0,5483,54830000,54830000,132,219,54840000,20438
0,5484,54840000,54840000,132,219,54850000,20444
0,5485,54850000,54850000,132,219,54860000,20448
0,5486,54860000,54860000,132,219,54870000,20449
0,5487,54870000,54870000,132,219,54880000,20453
0,5488,54880000,54880000,132,219,54890000,20459
0,5489,54890000,54890000,132,219,54900000,20461
0,549,5490000,5490000,132,219,5500000,2044
0,5490,54900000,54900000,132,219,54910000,20466
0,5491,54910000,54910000,132,219,54920000,20470
0,5492,54920000,54920000,132,219,54930000,20473
0,5493,54930000,54930000,132,219,54940000,20476
0,5494,54940000,54940000,132,219,54950000,20479
0,5495,54950000,54950000,132,219,54960000,20484
0,5496,54960000,54960000,132,219,54970000,20489
0,5497,54970000,54970000,132,219,54980000,20492
0,5498,54980000,54980000,132,219,54990000,20495
0,5499,54990000,54990000,132,219,55000000,20498
0,55,550000,550000,132,219,560000,202
0,550,5500000,5500000,132,219,5510000,2049
0,5500,55000000,55000000,132,219,55010000,20504
0,5501,55010000,55010000,132,219,55020000,20505
0,5502,55020000,55020000,132,219,55030000,20511
0,5503,55030000,55030000,132,219,55040000,20513
0,5504,55040000,55040000,132,219,55050000,20516
0,5505,55050000,55050000,132,219,55060000,20524
0,5506,55060000,55060000,132,219,55070000,20526
0,5507,55070000,55070000,132,219,55080000,20528
0,5508,55080000,55080000,132,219,55090000,20532
0,5509,55090000,55090000,132,219,55100000,20536
0,551,5510000,5510000,132,219,5520000,2050
0,5510,55100000,55100000,132,219,55110000,20539
0,5511,55110000,55110000,132,219,55120000,20543
0,5512,55120000,55120000,132,219,55130000,20550
0,5513,55130000,55130000,132,219,55140000,20551
0,5514,55140000,55140000,132,219,55150000,20554
0,5515,55150000,55150000,132,219,55160000,20558
0,5516,55160000,55160000,132,219,55170000,20563
0,5517,55170000,55170000,132,219,55180000,20567
0,5518,55180000,55180000,132,219,55190000,20569
0,5519,55190000,55190000,132,219,55200000,20572
0,552,5520000,5520000,132,219,5530000,2056
0,5520,55200000,55200000,132,219,55210000,20579
0,5521,55210000,55210000,132,219,55220000,20581
0,5522,55220000,55220000,132,219,55230000,20584
0,5523,55230000,55230000,132,219,55240000,20589
0,5524,55240000,55240000,132,219,55250000,20592
0,5525,55250000,55250000,132,219,55260000,20595
0,5526,55260000,55260000,132,219,55270000,20600
0,5527,55270000,55270000,132,219,55280000,20604
0,5528,55280000,55280000,132,219,55290000,20607
0,5529,55290000,55290000,132,219,55300000,20610
0,553,5530000,5530000,132,219,5540000,2060
0,5530,55300000,55300000,132,219,55310000,20616
0,5531,55310000,55310000,132,219,55320000,20617
0,5532,55320000,55320000,132,219,55330000,20622
0,5533,55330000,55330000,132,219,55340000,20627
0,5534,55340000,55340000,132,219,55350000,20628
0,5535,55350000,55350000,132,219,55360000,20633
0,5536,55360000,55360000,132,219,55370000,20637
0,5537,55370000,55370000,132,219,55380000,20641
0,5538,55380000,55380000,132,219,55390000,20645
0,5539,55390000,55390000,132,219,55400000,20647
0,554,5540000,5540000,132,219,5550000,2061
0,5540,55400000,55400000,132,219,55410000,20653
0,5541,55410000,55410000,132,219,55420000,20656
0,5542,55420000,55420000,132,219,55430000,20659
0,5543,55430000,55430000,132,219,55440000,20660
0,5544,55440000,55440000,132,219,55450000,20668
0,5545,55450000,55450000,132,219,55460000,20672
0,5546,55460000,55460000,132,219,55470000,20673
0,5547,55470000,55470000,132,219,55480000,20679
0,5548,55480000,55480000,132,219,55490000,20682
0,5549,55490000,55490000,132,219,55500000,20684
0,555,5550000,5550000,132,219,5560000,2067
0,5550,55500000,55500000,132,219,55510000,20689
0,5551,55510000,55510000,132,219,55520000,20693
0,5552,55520000,55520000,132,219,55530000,20697
0,5553,55530000,55530000,132,219,55540000,20700
0,5554,55540000,55540000,132,219,55550000,20704
0,5555,55550000,55550000,132,219,55560000,20708
0,5556,55560000,55560000,132,219,55570000,20712
0,5557,55570000,55570000,132,219,55580000,20715
0,5558,55580000,55580000,132,219,55590000,20718
0,5559,55590000,55590000,132,219,55600000,20721
0,556,5560000,5560000,132,219,5570000,2072
0,5560,55600000,55600000,132,219,55610000,20728
0,5561,55610000,55610000,132,219,55620000,20731
0,5562,55620000,55620000,132,219,55630000,20735
0,5563,55630000,55630000,132,219,55640000,20737
0,5564,55640000,55640000,132,219,55650000,20739
0,5565,55650000,55650000,132,219,55660000,20746
0,5566,55660000,55660000,132,219,55670000,20749
0,5567,55670000,55670000,132,219,55680000,20751
0,5568,55680000,55680000,132,219,55690000,20758
0,5569,55690000,55690000,132,219,55700000,20760
0,557,5570000,5570000,132,219,5580000,2074
0,5570,55700000,55700000,132,219,55710000,20763
0,5571,55710000,55710000,132,219,55720000,20767
0,5572,55720000,55720000,132,219,55730000,20773
0,5573,55730000,55730000,132,219,55740000,20774
0,5574,55740000,55740000,132,219,55750000,20777
0,5575,55750000,55750000,132,219,55760000,20783
0,5576,55760000,55760000,132,219,55770000,20786
0,5577,55770000,55770000,132,219,55780000,20791
0,5578,55780000,55780000,132,219,55790000,20793
0,5579,55790000,55790000,132,219,55800000,20796
0,558,5580000,5580000,132,219,5590000,2077
0,5580,55800000,55800000,132,219,55810000,20802
0,5581,55810000,55810000,132,219,55820000,20804
0,5582,55820000,55820000,132,219,55830000,20809
0,5583,55830000,55830000,132,219,55840000,20812
0,5584,55840000,55840000,132,219,55850000,20816
0,5585,55850000,55850000,132,219,55860000,20819
0,5586,55860000,55860000,132,219,55870000,20824
0,5587,55870000,55870000,132,219,55880000,20827
0,5588,55880000,55880000,132,219,55890000,20830
0,5589,55890000,55890000,132,219,55900000,20835
0,559,5590000,5590000,132,219,5600000,2079
0,5590,55900000,55900000,132,219,55910000,20839
0,5591,55910000,55910000,132,219,55920000,20840
0,5592,55920000,55920000,132,219,55930000,20846
0,5593,55930000,55930000,132,219,55940000,20851
0,5594,55940000,55940000,132,219,55950000,20852
0,5595,55950000,55950000,132,219,55960000,20857
0,5596,55960000,55960000,132,219,55970000,20862
0,5597,55970000,55970000,132,219,55980000,20864
0,5598,55980000,55980000,132,219,55990000,20867
0,5599,55990000,55990000,132,219,56000000,20870
0,56,560000,560000,132,219,570000,207
0,560,5600000,5600000,132,219,5610000,2086
0,5600,56000000,56000000,132,219,56010000,20877
0,5601,56010000,56010000,132,219,56020000,20880
0,5602,56020000,56020000,132,219,56030000,20883
0,5603,56030000,56030000,132,219,56040000,20886
0,5604,56040000,56040000,132,219,56050000,20891
0,5605,56050000,56050000,132,219,56060000,20895
0,5606,56060000,56060000,132,219,56070000,20896
0,5607,56070000,56070000,132,219,56080000,20902
0,5608,56080000,56080000,132,219,56090000,20906
0,5609,56090000,56090000,132,219,56100000,20907
0,561,5610000,5610000,132,219,5620000,2090
0,5610,56100000,56100000,132,219,56110000,20915
0,5611,56110000,56110000,132,219,56120000,20917
0,5612,56120000,56120000,132,219,56130000,20920
0,5613,56130000,56130000,132,219,56140000,20923
0,5614,56140000,56140000,132,219,56150000,20927
0,5615,56150000,56150000,132,219,56160000,20931
0,5616,56160000,56160000,132,219,56170000,20936
0,5617,56170000,56170000,132,219,56180000,20941
0,5618,56180000,56180000,132,219,56190000,20942
0,5619,56190000,56190000,132,219,56200000,20945
0,562,5620000,5620000,132,219,5630000,2093
0,5620,56200000,56200000,132,219,56210000,20950
0,5621,56210000,56210000,132,219,56220000,20954
0,5622,56220000,56220000,132,219,56230000,20958
0,5623,56230000,56230000,132,219,56240000,20960
0,5624,56240000,56240000,132,219,56250000,20965
0,5625,56250000,56250000,132,219,56260000,20970
0,5626,56260000,56260000,132,219,56270000,20973
0,5627,56270000,56270000,132,219,56280000,20975
0,5628,56280000,56280000,132,219,56290000,20981
0,5629,56290000,56290000,132,219,56300000,20983
0,563,5630000,5630000,132,219,5640000,2096
0,5630,56300000,56300000,132,219,56310000,20986
0,5631,56310000,56310000,132,219,56320000,20991
0,5632,56320000,56320000,132,219,56330000,20997
0,5633,56330000,56330000,132,219,56340000,20998
0,5634,56340000,56340000,132,219,56350000,21001
0,5635,56350000,56350000,132,219,56360000,21007
0,5636,56360000,56360000,132,219,56370000,21009
0,5637,56370000,56370000,132,219,56380000,21014
0,5638,56380000,56380000,132,219,56390000,21018
0,5639,56390000,56390000,132,219,56400000,21019
0,564,5640000,5640000,132,219,5650000,2100
0,5640,56400000,56400000,132,219,56410000,21026
0,5641,56410000,56410000,132,219,56420000,21028
0,5642,56420000,56420000,132,219,56430000,21032
0,5643,56430000,56430000,132,219,56440000,21036
0,5644,56440000,56440000,132,219,56450000,21039
0,5645,56450000,56450000,132,219,56460000,21044
0,5646,56460000,56460000,132,219,56470000,21047
0,5647,56470000,56470000,132,219,56480000,21050
0,5648,56480000,56480000,132,219,56490000,21054
0,5649,56490000,56490000,132,219,56500000,21059
0,565,5650000,5650000,132,219,5660000,2104
0,5650,56500000,56500000,132,219,56510000,21063
0,5651,56510000,56510000,132,219,56520000,21064
0,5652,56520000,56520000,132,219,56530000,21071
0,5653,56530000,56530000,132,219,56540000,21073
0,5654,56540000,56540000,132,219,56550000,21075
0,5655,56550000,56550000,132,219,56560000,21080
0,5656,56560000,56560000,132,219,56570000,21086
0,5657,56570000,56570000,132,219,56580000,21088
0,5658,56580000,56580000,132,219,56590000,21091
0,5659,56590000,56590000,132,219,56600000,21096
0,566,5660000,5660000,132,219,5670000,2106
0,5660,56600000,56600000,132,219,56610000,21100
0,5661,56610000,56610000,132,219,56620000,21103
0,5662,56620000,56620000,132,219,56630000,21106
0,5663,56630000,56630000,132,219,56640000,21109
0,5664,56640000,56640000,132,219,56650000,21114
0,5665,56650000,56650000,132,219,56660000,21119
0,5666,56660000,56660000,132,219,56670000,21122
0,5667,56670000,56670000,132,219,56680000,21126
0,5668,56680000,56680000,132,219,56690000,21129
0,5669,56690000,56690000,132,219,56700000,21130
0,567,5670000,5670000,132,219,5680000,2112
0,5670,56700000,56700000,132,219,56710000,21138
0,5671,56710000,56710000,132,219,56720000,21140
0,5672,56720000,56720000,132,219,56730000,21144
0,5673,56730000,56730000,132,219,56740000,21149
0,5674,56740000,56740000,132,219,56750000,21151
0,5675,56750000,56750000,132,219,56760000,21154
0,5676,56760000,56760000,132,219,56770000,21159
0,5677,56770000,56770000,132,219,56780000,21164
0,5678,56780000,56780000,132,219,56790000,21165
0,5679,56790000,56790000,132,219,56800000,21168
0,568,5680000,5680000,132,219,5690000,2116
0,5680,56800000,56800000,132,219,56810000,21176
0,5681,56810000,56810000,132,219,56820000,21178
0,5682,56820000,56820000,132,219,56830000,21182
0,5683,56830000,56830000,132,219,56840000,21184
0,5684,56840000,56840000,132,219,56850000,21188
0,5685,56850000,56850000,132,219,56860000,21193
0,5686,56860000,56860000,132,219,56870000,21195
0,5687,56870000,56870000,132,219,56880000,21200
0,5688,56880000,56880000,132,219,56890000,21205
0,5689,56890000,56890000,132,219,56900000,21207
0,569,5690000,5690000,132,219,5700000,2117
0,5690,56900000,56900000,132,219,56910000,21210
0,5691,56910000,56910000,132,219,56920000,21215
0,5692,56920000,56920000,132,219,56930000,21220
0,5693,56930000,56930000,132,219,56940000,21221
0,5694,56940000,56940000,132,219,56950000,21226
0,5695,56950000,56950000,132,219,56960000,21230
0,5696,56960000,56960000,132,219,56970000,21233
0,5697,56970000,56970000,132,219,56980000,21237
0,5698,56980000,56980000,132,219,56990000,21242
0,5699,56990000,56990000,132,219,57000000,21243
0,57,570000,570000,132,219,580000,211
0,570,5700000,5700000,132,219,5710000,2124
0,5700,57000000,57000000,132,219,57010000,21249
0,5701,57010000,57010000,132,219,57020000,21253
0,5702,57020000,57020000,132,219,57030000,21255
0,5703,57030000,57030000,132,219,57040000,21259
0,5704,57040000,57040000,132,219,57050000,21263
0,5705,57050000,57050000,132,219,57060000,21268
0,5706,57060000,57060000,132,219,57070000,21271
0,5707,57070000,57070000,132,219,57080000,21274
0,5708,57080000,57080000,132,219,57090000,21278
0,5709,57090000,57090000,132,219,57100000,21282
0,571,5710000,5710000,132,219,5720000,2126
0,5710,57100000,57100000,132,219,57110000,21286
0,5711,57110000,57110000,132,219,57120000,21287
0,5712,57120000,57120000,132,219,57130000,21295
0,5713,57130000,57130000,132,219,57140000,21297
0,5714,57140000,57140000,132,219,57150000,21299
0,5715,57150000,57150000,132,219,57160000,21306
0,5716,57160000,57160000,132,219,57170000,21309
0,5717,57170000,57170000,132,219,57180000,21311
0,5718,57180000,57180000,132,219,57190000,21314
0,5719,57190000,57190000,132,219,57200000,21318
0,572,5720000,5720000,132,219,5730000,2130
0,5720,57200000,57200000,132,219,57210000,21324
0,5721,57210000,57210000,132,219,57220000,21327
0,5722,57220000,57220000,132,219,57230000,21332
0,5723,57230000,57230000,132,219,57240000,21333
0,5724,57240000,57240000,132,219,57250000,21337
0,5725,57250000,57250000,132,219,57260000,21342
0,5726,57260000,57260000,132,219,57270000,21345
0,5727,57270000,57270000,132,219,57280000,21349
0,5728,57280000,57280000,132,219,57290000,21353
0,5729,57290000,57290000,132,219,57300000,21356
0,573,5730000,5730000,132,219,5740000,2133
0,5730,57300000,57300000,132,219,57310000,21361
0,5731,57310000,57310000,132,219,57320000,21364
0,5732,57320000,57320000,132,219,57330000,21367
0,5733,57330000,57330000,132,219,57340000,21372
0,5734,57340000,57340000,132,219,57350000,21374
0,5735,57350000,57350000,132,219,57360000,21377
0,5736,57360000,57360000,132,219,57370000,21385
0,5737,57370000,57370000,132,219,57380000,21388
0,5738,57380000,57380000,132,219,57390000,21389
0,5739,57390000,57390000,132,219,57400000,21392
0,574,5740000,5740000,132,219,5750000,2137
0,5740,57400000,57400000,132,219,57410000,21399
0,5741,57410000,57410000,132,219,57420000,21400
0,5742,57420000,57420000,132,219,57430000,21405
0,5743,57430000,57430000,132,219,57440000,21409
0,5744,57440000,57440000,132,219,57450000,21412
0,5745,57450000,57450000,132,219,57460000,21417
0,5746,57460000,57460000,132,219,57470000,21419
0,5747,57470000,57470000,132,219,57480000,21424
0,5748,57480000,57480000,132,219,57490000,21428
0,5749,57490000,57490000,132,219,57500000,21430
0,575,5750000,5750000,132,219,5760000,2140
0,5750,57500000,57500000,132,219,57510000,21435
0,5751,57510000,57510000,132,219,57520000,21438
0,5752,57520000,57520000,132,219,57530000,21443
0,5753,57530000,57530000,132,219,57540000,21445
0,5754,57540000,57540000,132,219,57550000,21450
0,5755,57550000,57550000,132,219,57560000,21454
0,5756,57560000,57560000,132,219,57570000,21456
0,5757,57570000,57570000,132,219,57580000,21462
0,5758,57580000,57580000,132,219,57590000,21465
0,5759,57590000,57590000,132,219,57600000,21466
0,576,5760000,5760000,132,219,5770000,2145
0,5760,57600000,57600000,132,219,57610000,21473
0,5761,57610000,57610000,132,219,57620000,21477
0,5762,57620000,57620000,132,219,57630000,21479
0,5763,57630000,57630000,132,219,57640000,21482
0,5764,57640000,57640000,132,219,57650000,21488
0,5765,57650000,57650000,132,219,57660000,21491
0,5766,57660000,57660000,132,219,57670000,21494
0,5767,57670000,57670000,132,219,57680000,21497
0,5768,57680000,57680000,132,219,57690000,21502
0,5769,57690000,57690000,132,219,57700000,21506
0,577,5770000,5770000,132,219,5780000,2151
0,5770,57700000,57700000,132,219,57710000,21510
0,5771,57710000,57710000,132,219,57720000,21513
0,5772,57720000,57720000,132,219,57730000,21518
0,5773,57730000,57730000,132,219,57740000,21520
0,5774,57740000,57740000,132,219,57750000,21521
0,5775,57750000,57750000,132,219,57760000,21529
0,5776,57760000,57760000,132,219,57770000,21533
0,5777,57770000,57770000,132,219,57780000,21535
0,5778,57780000,57780000,132,219,57790000,21540
0,5779,57790000,57790000,132,219,57800000,21542
0,578,5780000,5780000,132,219,5790000,2152
0,5780,57800000,57800000,132,219,57810000,21547
0,5781,57810000,57810000,132,219,57820000,21550
0,5782,57820000,57820000,132,219,57830000,21555
0,5783,57830000,57830000,132,219,57840000,21556
0,5784,57840000,57840000,132,219,57850000,21561
0,5785,57850000,57850000,132,219,57860000,21567
0,5786,57860000,57860000,132,219,57870000,21569
0,5787,57870000,57870000,132,219,57880000,21573
0,5788,57880000,57880000,132,219,57890000,21576
0,5789,57890000,57890000,132,219,57900000,21579
0,579,5790000,5790000,132,219,5800000,2155
0,5790,57900000,57900000,132,219,57910000,21584
0,5791,57910000,57910000,132,219,57920000,21587
0,5792,57920000,57920000,132,219,57930000,21593
0,5793,57930000,57930000,132,219,57940000,21596
0,5794,57940000,57940000,132,219,57950000,21598
0,5795,57950000,57950000,132,219,57960000,21601
0,5796,57960000,57960000,132,219,57970000,21607
0,5797,57970000,57970000,132,219,57980000,21611
0,5798,57980000,57980000,132,219,57990000,21612
0,5799,57990000,57990000,132,219,58000000,21617
0,58,580000,580000,132,219,590000,213
0,580,5800000,5800000,132,219,5810000,2160
0,5800,58000000,58000000,132,219,58010000,21623
0,5801,58010000,58010000,132,219,58020000,21624
0,5802,58020000,58020000,132,219,58030000,21629
0,5803,58030000,58030000,132,219,58040000,21633
0,5804,58040000,58040000,132,219,58050000,21635
0,5805,58050000,58050000,132,219,58060000,21640
0,5806,58060000,58060000,132,219,58070000,21644
0,5807,58070000,58070000,132,219,58080000,21646
0,5808,58080000,58080000,132,219,58090000,21652
0,5809,58090000,58090000,132,219,58100000,21654
0,581,5810000,5810000,132,219,5820000,2163
0,5810,58100000,58100000,132,219,58110000,21659
0,5811,58110000,58110000,132,219,58120000,21662
0,5812,58120000,58120000,132,219,58130000,21666
0,5813,58130000,58130000,132,219,58140000,21670
0,5814,58140000,58140000,132,219,58150000,21673
0,5815,58150000,58150000,132,219,58160000,21677
0,5816,58160000,58160000,132,219,58170000,21680
0,5817,58170000,58170000,132,219,58180000,21686
0,5818,58180000,58180000,132,219,58190000,21688
0,5819,58190000,58190000,132,219,58200000,21690
0,582,5820000,5820000,132,219,5830000,2167
0,5820,58200000,58200000,132,219,58210000,21698
0,5821,58210000,58210000,132,219,58220000,21700
0,5822,58220000,58220000,132,219,58230000,21702
0,5823,58230000,58230000,132,219,58240000,21705
0,5824,58240000,58240000,132,219,58250000,21712
0,5825,58250000,58250000,132,219,58260000,21715
0,5826,58260000,58260000,132,219,58270000,21718
0,5827,58270000,58270000,132,219,58280000,21723
0,5828,58280000,58280000,132,219,58290000,21725
0,5829,58290000,58290000,132,219,58300000,21728
0,583,5830000,5830000,132,219,5840000,2170
0,5830,58300000,58300000,132,219,58310000,21733
0,5831,58310000,58310000,132,219,58320000,21736
0,5832,58320000,58320000,132,219,58330000,21742
0,5833,58330000,58330000,132,219,58340000,21744
0,5834,58340000,58340000,132,219,58350000,21747
0,5835,58350000,58350000,132,219,58360000,21753
0,5836,58360000,58360000,132,219,58370000,21756
0,5837,58370000,58370000,132,219,58380000,21758
0,5838,58380000,58380000,132,219,58390000,21763
0,5839,58390000,58390000,132,219,58400000,21765
0,584,5840000,5840000,132,219,5850000,2175
0,5840,58400000,58400000,132,219,58410000,21770
0,5841,58410000,58410000,132,219,58420000,21776
0,5842,58420000,58420000,132,219,58430000,21779
0,5843,58430000,58430000,132,219,58440000,21780
0,5844,58440000,58440000,132,219,58450000,21784
0,5845,58450000,58450000,132,219,58460000,21790
0,5846,58460000,58460000,132,219,58470000,21792
0,5847,58470000,58470000,132,219,58480000,21796
0,5848,58480000,58480000,132,219,58490000,21802
0,5849,58490000,58490000,132,219,58500000,21803
0,585,5850000,5850000,132,219,5860000,2180
0,5850,58500000,58500000,132,219,58510000,21808
0,5851,58510000,58510000,132,219,58520000,21810
0,5852,58520000,58520000,132,219,58530000,21816
0,5853,58530000,58530000,132,219,58540000,21819
0,5854,58540000,58540000,132,219,58550000,21821
0,5855,58550000,58550000,132,219,58560000,21826
0,5856,58560000,58560000,132,219,58570000,21831
0,5857,58570000,58570000,132,219,58580000,21835
0,5858,58580000,58580000,132,219,58590000,21836
0,5859,58590000,58590000,132,219,58600000,21841
0,586,5860000,5860000,132,219,5870000,2182
0,5860,58600000,58600000,132,219,58610000,21846
0,5861,58610000,58610000,132,219,58620000,21847
0,5862,58620000,58620000,132,219,58630000,21853
0,5863,58630000,58630000,132,219,58640000,21856
0,5864,58640000,58640000,132,219,58650000,21859
0,5865,58650000,58650000,132,219,58660000,21864
0,5866,58660000,58660000,132,219,58670000,21868
0,5867,58670000,58670000,132,219,58680000,21870
0,5868,58680000,58680000,132,219,58690000,21875
0,5869,58690000,58690000,132,219,58700000,21879
0,587,5870000,5870000,132,219,5880000,2184
0,5870,58700000,58700000,132,219,58710000,21882
0,5871,58710000,58710000,132,219,58720000,21885
0,5872,58720000,58720000,132,219,58730000,21890
0,5873,58730000,58730000,132,219,58740000,21893
0,5874,58740000,58740000,132,219,58750000,21897
0,5875,58750000,58750000,132,219,58760000,21901
0,5876,58760000,58760000,132,219,58770000,21905
0,5877,58770000,58770000,132,219,58780000,21909
0,5878,58780000,58780000,132,219,58790000,21911
0,5879,58790000,58790000,132,219,58800000,21913
0,588,5880000,5880000,132,219,5890000,2191
0,5880,58800000,58800000,132,219,58810000,21922
0,5881,58810000,58810000,132,219,58820000,21924
0,5882,58820000,58820000,132,219,58830000,21926
0,5883,58830000,58830000,132,219,58840000,21931
0,5884,58840000,58840000,132,219,58850000,21934
0,5885,58850000,58850000,132,219,58860000,21938
0,5886,58860000,58860000,132,219,58870000,21941
0,5887,58870000,58870000,132,219,58880000,21946
0,5888,58880000,58880000,132,219,58890000,21949
0,5889,58890000,58890000,132,219,58900000,21952
0,589,5890000,5890000,132,219,5900000,2193
0,5890,58900000,58900000,132,219,58910000,21959
0,5891,58910000,58910000,132,219,58920000,21960
0,5892,58920000,58920000,132,219,58930000,21965
0,5893,58930000,58930000,132,219,58940000,21967
0,5894,58940000,58940000,132,219,58950000,21970
0,5895,58950000,58950000,132,219,58960000,21975
0,5896,58960000,58960000,132,219,58970000,21980
0,5897,58970000,58970000,132,219,58980000,21984
0,5898,58980000,58980000,132,219,58990000,21987
0,5899,58990000,58990000,132,219,59000000,21989
0,59,590000,590000,132,219,600000,216
0,590,5900000,5900000,132,219,5910000,2196
0,5900,59000000,59000000,132,219,59010000,21993
0,5901,59010000,59010000,132,219,59020000,21999
0,5902,59020000,59020000,132,219,59030000,22002
0,5903,59030000,59030000,132,219,59040000,22003
0,5904,59040000,59040000,132,219,59050000,22010
0,5905,59050000,59050000,132,219,59060000,22014
0,5906,59060000,59060000,132,219,59070000,22015
0,5907,59070000,59070000,132,219,59080000,22020
0,5908,59080000,59080000,132,219,59090000,22025
0,5909,59090000,59090000,132,219,59100000,22026
0,591,5910000,5910000,132,219,5920000,2201
0,5910,59100000,59100000,132,219,59110000,22031
0,5911,59110000,59110000,132,219,59120000,22035
0,5912,59120000,59120000,132,219,59130000,22040
0,5913,59130000,59130000,132,219,59140000,22043
0,5914,59140000,59140000,132,219,59150000,22045
0,5915,59150000,59150000,132,219,59160000,22050
0,5916,59160000,59160000,132,219,59170000,22054
0,5917,59170000,59170000,132,219,59180000,22057
0,5918,59180000,59180000,132,219,59190000,22061
0,5919,59190000,59190000,132,219,59200000,22064
0,592,5920000,5920000,132,219,5930000,2206
0,5920,59200000,59200000,132,219,59210000,22070
0,5921,59210000,59210000,132,219,59220000,22071
0,5922,59220000,59220000,132,219,59230000,22077
0,5923,59230000,59230000,132,219,59240000,22080
0,5924,59240000,59240000,132,219,59250000,22082
0,5925,59250000,59250000,132,219,59260000,22089
0,5926,59260000,59260000,132,219,59270000,22091
0,5927,59270000,59270000,132,219,59280000,22093
0,5928,59280000,59280000,132,219,59290000,22098
0,5929,59290000,59290000,132,219,59300000,22103
0,593,5930000,5930000,132,219,5940000,2207
0,5930,59300000,59300000,132,219,59310000,22106
0,5931,59310000,59310000,132,219,59320000,22109
0,5932,59320000,59320000,132,219,59330000,22115
0,5933,59330000,59330000,132,219,59340000,22116
0,5934,59340000,59340000,132,219,59350000,22120
0,5935,59350000,59350000,132,219,59360000,22124
0,5936,59360000,59360000,132,219,59370000,22129
0,5937,59370000,59370000,132,219,59380000,22133
0,5938,59380000,59380000,132,219,59390000,22135
0,5939,59390000,59390000,132,219,59400000,22138
0,594,5940000,5940000,132,219,5950000,2211
0,5940,59400000,59400000,132,219,59410000,22145
0,5941,59410000,59410000,132,219,59420000,22147
0,5942,59420000,59420000,132,219,59430000,22149
0,5943,59430000,59430000,132,219,59440000,22154
0,5944,59440000,59440000,132,219,59450000,22158
0,5945,59450000,59450000,132,219,59460000,22162
0,5946,59460000,59460000,132,219,59470000,22167
0,5947,59470000,59470000,132,219,59480000,22170
0,5948,59480000,59480000,132,219,59490000,22172
0,5949,59490000,59490000,132,219,59500000,22175
0,595,5950000,5950000,132,219,5960000,2217
0,5950,59500000,59500000,132,219,59510000,22181
0,5951,59510000,59510000,132,219,59520000,22183
0,5952,59520000,59520000,132,219,59530000,22189
0,5953,59530000,59530000,132,219,59540000,22193
0,5954,59540000,59540000,132,219,59550000,22194
0,5955,59550000,59550000,132,219,59560000,22199
0,5956,59560000,59560000,132,219,59570000,22203
0,5957,59570000,59570000,132,219,59580000,22207
0,5958,59580000,59580000,132,219,59590000,22210
0,5959,59590000,59590000,132,219,59600000,22212
0,596,5960000,5960000,132,219,5970000,2219
0,5960,59600000,59600000,132,219,59610000,22219
0,5961,59610000,59610000,132,219,59620000,22222
0,5962,59620000,59620000,132,219,59630000,22226
0,5963,59630000,59630000,132,219,59640000,22227
0,5964,59640000,59640000,132,219,59650000,22233
0,5965,59650000,59650000,132,219,59660000,22237
0,5966,59660000,59660000,132,219,59670000,22238
0,5967,59670000,59670000,132,219,59680000,22245
0,5968,59680000,59680000,132,219,59690000,22249
0,5969,59690000,59690000,132,219,59700000,22250
0,597,5970000,5970000,132,219,5980000,2223
0,5970,59700000,59700000,132,219,59710000,22255
0,5971,59710000,59710000,132,219,59720000,22259
0,5972,59720000,59720000,132,219,59730000,22262
0,5973,59730000,59730000,132,219,59740000,22266
0,5974,59740000,59740000,132,219,59750000,22270
0,5975,59750000,59750000,132,219,59760000,22273
0,5976,59760000,59760000,132,219,59770000,22278
0,5977,59770000,59770000,132,219,59780000,22281
0,5978,59780000,59780000,132,219,59790000,22285
0,5979,59790000,59790000,132,219,59800000,22288
0,598,5980000,5980000,132,219,5990000,2227
0,5980,59800000,59800000,132,219,59810000,22293
0,5981,59810000,59810000,132,219,59820000,22296
0,5982,59820000,59820000,132,219,59830000,22300
0,5983,59830000,59830000,132,219,59840000,22302
0,5984,59840000,59840000,132,219,59850000,22306
0,5985,59850000,59850000,132,219,59860000,22313
0,5986,59860000,59860000,132,219,59870000,22315
0,5987,59870000,59870000,132,219,59880000,22317
0,5988,59880000,59880000,132,219,59890000,22323
0,5989,59890000,59890000,132,219,59900000,22326
0,599,5990000,5990000,132,219,6000000,2229
0,5990,59900000,59900000,132,219,59910000,22329
0,5991,59910000,59910000,132,219,59920000,22332
0,5992,59920000,59920000,132,219,59930000,22339
0,5993,59930000,59930000,132,219,59940000,22340
0,5994,59940000,59940000,132,219,59950000,22343
0,5995,59950000,59950000,132,219,59960000,22350
0,5996,59960000,59960000,132,219,59970000,22352
0,5997,59970000,59970000,132,219,59980000,22356
0,5998,59980000,59980000,132,219,59990000,22358
0,5999,59990000,59990000,132,219,60000000,22361
0,6,60000,60000,132,219,70000,19
0,60,600000,600000,132,219,610000,223
0,600,6000000,6000000,132,219,6010000,2236
0,6000,60000000,60000000,132,219,60010000,22369
0,6001,60010000,60010000,132,219,60020000,22371
0,6002,60020000,60020000,132,219,60030000,22375
0,6003,60030000,60030000,132,219,60040000,22378
0,6004,60040000,60040000,132,219,60050000,22381
0,6005,60050000,60050000,132,219,60060000,22384
0,6006,60060000,60060000,132,219,60070000,22390
0,6007,60070000,60070000,132,219,60080000,22393
0,6008,60080000,60080000,132,219,60090000,22396
0,6009,60090000,60090000,132,219,60100000,22401
0,601,6010000,6010000,132,219,6020000,2238
0,6010,60100000,60100000,132,219,60110000,22405
0,6011,60110000,60110000,132,219,60120000,22407
0,6012,60120000,60120000,132,219,60130000,22412
0,6013,60130000,60130000,132,219,60140000,22416
0,6014,60140000,60140000,132,219,60150000,22417
0,6015,60150000,60150000,132,219,60160000,22422
0,6016,60160000,60160000,132,219,60170000,22428
0,6017,60170000,60170000,132,219,60180000,22431
0,6018,60180000,60180000,132,219,60190000,22434
0,6019,60190000,60190000,132,219,60200000,22436
0,602,6020000,6020000,132,219,6030000,2242
0,6020,60200000,60200000,132,219,60210000,22442
0,6021,60210000,60210000,132,219,60220000,22445
0,6022,60220000,60220000,132,219,60230000,22449
0,6023,60230000,60230000,132,219,60240000,22452
0,6024,60240000,60240000,132,219,60250000,22457
0,6025,60250000,60250000,132,219,60260000,22461
0,6026,60260000,60260000,132,219,60270000,22462
0,6027,60270000,60270000,132,219,60280000,22468
0,6028,60280000,60280000,132,219,60290000,22472
0,6029,60290000,60290000,132,219,60300000,22473
0,603,6030000,6030000,132,219,6040000,2245
0,6030,60300000,60300000,132,219,60310000,22480
0,6031,60310000,60310000,132,219,60320000,22482
0,6032,60320000,60320000,132,219,60330000,22486
0,6033,60330000,60330000,132,219,60340000,22490
0,6034,60340000,60340000,132,219,60350000,22494
0,6035,60350000,60350000,132,219,60360000,22497
0,6036,60360000,60360000,132,219,60370000,22501
0,6037,60370000,60370000,132,219,60380000,22506
0,6038,60380000,60380000,132,219,60390000,22507
0,6039,60390000,60390000,132,219,60400000,22511
0,604,6040000,6040000,132,219,6050000,2248
0,6040,60400000,60400000,132,219,60410000,22517
0,6041,60410000,60410000,132,219,60420000,22520
0,6042,60420000,60420000,132,219,60430000,22524
0,6043,60430000,60430000,132,219,60440000,22526
0,6044,60440000,60440000,132,219,60450000,22531
0,6045,60450000,60450000,132,219,60460000,22536
0,6046,60460000,60460000,132,219,60470000,22538
0,6047,60470000,60470000,132,219,60480000,22540
0,6048,60480000,60480000,132,219,60490000,22547
0,6049,60490000,60490000,132,219,60500000,22549
0,605,6050000,6050000,132,219,6060000,2254
0,6050,60500000,60500000,132,219,60510000,22553
0,6051,60510000,60510000,132,219,60520000,22558
0,6052,60520000,60520000,132,219,60530000,22562
0,6053,60530000,60530000,132,219,60540000,22563
0,6054,60540000,60540000,132,219,60550000,22566
0,6055,60550000,60550000,132,219,60560000,22573
0,6056,60560000,60560000,132,219,60570000,22576
0,6057,60570000,60570000,132,219,60580000,22580
0,6058,60580000,60580000,132,219,60590000,22584
0,6059,60590000,60590000,132,219,60600000,22585
0,606,6060000,6060000,132,219,6070000,2257
0,6060,60600000,60600000,132,219,60610000,22591
0,6061,60610000,60610000,132,219,60620000,22594
0,6062,60620000,60620000,132,219,60630000,22598
0,6063,60630000,60630000,132,219,60640000,22601
0,6064,60640000,60640000,132,219,60650000,22605
0,6065,60650000,60650000,132,219,60660000,22610
0,6066,60660000,60660000,132,219,60670000,22614
0,6067,60670000,60670000,132,219,60680000,22617
0,6068,60680000,60680000,132,219,60690000,22619
0,6069,60690000,60690000,132,219,60700000,22624
0,607,6070000,6070000,132,219,6080000,2260
0,6070,60700000,60700000,132,219,60710000,22628
0,6071,60710000,60710000,132,219,60720000,22629
0,6072,60720000,60720000,132,219,60730000,22638
0,6073,60730000,60730000,132,219,60740000,22640
0,6074,60740000,60740000,132,219,60750000,22641
0,6075,60750000,60750000,132,219,60760000,22646
0,6076,60760000,60760000,132,219,60770000,22651
0,6077,60770000,60770000,132,219,60780000,22654
0,6078,60780000,60780000,132,219,60790000,22657
0,6079,60790000,60790000,132,219,60800000,22661
0,608,6080000,6080000,132,219,6090000,2263
0,6080,60800000,60800000,132,219,60810000,22666
0,6081,60810000,60810000,132,219,60820000,22669
0,6082,60820000,60820000,132,219,60830000,22672
0,6083,60830000,60830000,132,219,60840000,22676
0,6084,60840000,60840000,132,219,60850000,22680
0,6085,60850000,60850000,132,219,60860000,22684
0,6086,60860000,60860000,132,219,60870000,22687
0,6087,60870000,60870000,132,219,60880000,22691
0,6088,60880000,60880000,132,219,60890000,22696
0,6089,60890000,60890000,132,219,60900000,22697
0,609,6090000,6090000,132,219,6100000,2268
0,6090,60900000,60900000,132,219,60910000,22704
0,6091,60910000,60910000,132,219,60920000,22706
0,6092,60920000,60920000,132,219,60930000,22709
0,6093,60930000,60930000,132,219,60940000,22714
0,6094,60940000,60940000,132,219,60950000,22717
0,6095,60950000,60950000,132,219,60960000,22720
0,6096,60960000,60960000,132,219,60970000,22725
0,6097,60970000,60970000,132,219,60980000,22730
0,6098,60980000,60980000,132,219,60990000,22731
0,6099,60990000,60990000,132,219,61000000,22735
0,61,610000,610000,132,219,620000,225
0,610,6100000,6100000,132,219,6110000,2273
0,6100,61000000,61000000,132,219,61010000,22742
0,6101,61010000,61010000,132,219,61020000,22743
0,6102,61020000,61020000,132,219,61030000,22747
0,6103,61030000,61030000,132,219,61040000,22749
0,6104,61040000,61040000,132,219,61050000,22754
0,6105,61050000,61050000,132,219,61060000,22760
0,6106,61060000,61060000,132,219,61070000,22762
0,6107,61070000,61070000,132,219,61080000,22766
0,6108,61080000,61080000,132,219,61090000,22770
0,6109,61090000,61090000,132,219,61100000,22772
0,611,6110000,6110000,132,219,6120000,2274
0,6110,61100000,61100000,132,219,61110000,22776
0,6111,61110000,61110000,132,219,61120000,22781
0,6112,61120000,61120000,132,219,61130000,22786
0,6113,61130000,61130000,132,219,61140000,22787
0,6114,61140000,61140000,132,219,61150000,22792
0,6115,61150000,61150000,132,219,61160000,22796
0,6116,61160000,61160000,132,219,61170000,22799
0,6117,61170000,61170000,132,219,61180000,22803
0,6118,61180000,61180000,132,219,61190000,22807
0,6119,61190000,61190000,132,219,61200000,22808
0,612,6120000,6120000,132,219,6130000,2281
0,6120,61200000,61200000,132,219,61210000,22815
0,6121,61210000,61210000,132,219,61220000,22820
0,6122,61220000,61220000,132,219,61230000,22822
0,6123,61230000,61230000,132,219,61240000,22825
0,6124,61240000,61240000,132,219,61250000,22828
0,6125,61250000,61250000,132,219,61260000,22833
0,6126,61260000,61260000,132,219,61270000,22836
0,6127,61270000,61270000,132,219,61280000,22840
0,6128,61280000,61280000,132,219,61290000,22845
0,6129,61290000,61290000,132,219,61300000,22848
0,613,6130000,6130000,132,219,6140000,2283
0,6130,61300000,61300000,132,219,61310000,22852
0,6131,61310000,61310000,132,219,61320000,22853
0,6132,61320000,61320000,132,219,61330000,22861
0,6133,61330000,61330000,132,219,61340000,22863
0,6134,61340000,61340000,132,219,61350000,22864
0,6135,61350000,61350000,132,219,61360000,22871
0,6136,61360000,61360000,132,219,61370000,22875
0,6137,61370000,61370000,132,219,61380000,22877
0,6138,61380000,61380000,132,219,61390000,22881
0,6139,61390000,61390000,132,219,61400000,22885
0,614,6140000,6140000,132,219,6150000,2284
0,6140,61400000,61400000,132,219,61410000,22889
0,6141,61410000,61410000,132,219,61420000,22892
0,6142,61420000,61420000,132,219,61430000,22897
0,6143,61430000,61430000,132,219,61440000,22899
0,6144,61440000,61440000,132,219,61450000,22904
0,6145,61450000,61450000,132,219,61460000,22908
0,6146,61460000,61460000,132,219,61470000,22911
0,6147,61470000,61470000,132,219,61480000,22915
0,6148,61480000,61480000,132,219,61490000,22918
0,6149,61490000,61490000,132,219,61500000,22922
0,615,6150000,6150000,132,219,6160000,2289
0,6150,61500000,61500000,132,219,61510000,22927
0,6151,61510000,61510000,132,219,61520000,22929
0,6152,61520000,61520000,132,219,61530000,22933
0,6153,61530000,61530000,132,219,61540000,22938
0,6154,61540000,61540000,132,219,61550000,22941
0,6155,61550000,61550000,132,219,61560000,22944
0,6156,61560000,61560000,132,219,61570000,22950
0,6157,61570000,61570000,132,219,61580000,22953
0,6158,61580000,61580000,132,219,61590000,22954
0,6159,61590000,61590000,132,219,61600000,22957
0,616,6160000,6160000,132,219,6170000,2296
0,6160,61600000,61600000,132,219,61610000,22966
0,6161,61610000,61610000,132,219,61620000,22967
0,6162,61620000,61620000,132,219,61630000,22971
0,6163,61630000,61630000,132,219,61640000,22975
0,6164,61640000,61640000,132,219,61650000,22977
0,6165,61650000,61650000,132,219,61660000,22983
0,6166,61660000,61660000,132,219,61670000,22985
0,6167,61670000,61670000,132,219,61680000,22989
0,6168,61680000,61680000,132,219,61690000,22994
0,6169,61690000,61690000,132,219,61700000,22996
0,617,6170000,6170000,132,219,6180000,2298
0,6170,61700000,61700000,132,219,61710000,23001
0,6171,61710000,61710000,132,219,61720000,23005
0,6172,61720000,61720000,132,219,61730000,23009
0,6173,61730000,61730000,132,219,61740000,23010
0,6174,61740000,61740000,132,219,61750000,23015
0,6175,61750000,61750000,132,219,61760000,23019
0,6176,61760000,61760000,132,219,61770000,23023
0,6177,61770000,61770000,132,219,61780000,23029
0,6178,61780000,61780000,132,219,61790000,23031
0,6179,61790000,61790000,132,219,61800000,23032
0,618,6180000,6180000,132,219,6190000,2301
0,6180,61800000,61800000,132,219,61810000,23038
0,6181,61810000,61810000,132,219,61820000,23042
0,6182,61820000,61820000,132,219,61830000,23045
0,6183,61830000,61830000,132,219,61840000,23048
0,6184,61840000,61840000,132,219,61850000,23054
0,6185,61850000,61850000,132,219,61860000,23057
0,6186,61860000,61860000,132,219,61870000,23060
0,6187,61870000,61870000,132,219,61880000,23064
0,6188,61880000,61880000,132,219,61890000,23068
0,6189,61890000,61890000,132,219,61900000,23071
0,619,6190000,6190000,132,219,6200000,2305
0,6190,61900000,61900000,132,219,61910000,23075
0,6191,61910000,61910000,132,219,61920000,23078
0,6192,61920000,61920000,132,219,61930000,23084
0,6193,61930000,61930000,132,219,61940000,23087
0,6194,61940000,61940000,132,219,61950000,23088
0,6195,61950000,61950000,132,219,61960000,23095
0,6196,61960000,61960000,132,219,61970000,23098
0,6197,61970000,61970000,132,219,61980000,23100
0,6198,61980000,61980000,132,219,61990000,23106
0,6199,61990000,61990000,132,219,62000000,23108
0,62,620000,620000,132,219,630000,227
0,620,6200000,6200000,132,219,6210000,2309
0,6200,62000000,62000000,132,219,62010000,23113
0,6201,62010000,62010000,132,219,62020000,23116
0,6202,62020000,62020000,132,219,62030000,23121
0,6203,62030000,62030000,132,219,62040000,23122
0,6204,62040000,62040000,132,219,62050000,23127
0,6205,62050000,62050000,132,219,62060000,23133
0,6206,62060000,62060000,132,219,62070000,23134
0,6207,62070000,62070000,132,219,62080000,23138
0,6208,62080000,62080000,132,219,62090000,23142
0,6209,62090000,62090000,132,219,62100000,23146
0,621,6210000,6210000,132,219,6220000,2313
0,6210,62100000,62100000,132,219,62110000,23151
0,6211,62110000,62110000,132,219,62120000,23153
0,6212,62120000,62120000,132,219,62130000,23158
0,6213,62130000,62130000,132,219,62140000,23161
0,6214,62140000,62140000,132,219,62150000,23163
0,6215,62150000,62150000,132,219,62160000,23167
0,6216,62160000,62160000,132,219,62170000,23174
0,6217,62170000,62170000,132,219,62180000,23177
0,6218,62180000,62180000,132,219,62190000,23178
0,6219,62190000,62190000,132,219,62200000,23183
0,622,6220000,6220000,132,219,6230000,2316
0,6220,62200000,62200000,132,219,62210000,23189
0,6221,62210000,62210000,132,219,62220000,23190
0,6222,62220000,62220000,132,219,62230000,23194
0,6223,62230000,62230000,132,219,62240000,23198
0,6224,62240000,62240000,132,219,62250000,23201
0,6225,62250000,62250000,132,219,62260000,23206
0,6226,62260000,62260000,132,219,62270000,23211
0,6227,62270000,62270000,132,219,62280000,23213
0,6228,62280000,62280000,132,219,62290000,23217
0,6229,62290000,62290000,132,219,62300000,23219
0,623,6230000,6230000,132,219,6240000,2319
0,6230,62300000,62300000,132,219,62310000,23224
0,6231,62310000,62310000,132,219,62320000,23228
0,6232,62320000,62320000,132,219,62330000,23233
0,6233,62330000,62330000,132,219,62340000,23236
0,6234,62340000,62340000,132,219,62350000,23239
0,6235,62350000,62350000,132,219,62360000,23243
0,6236,62360000,62360000,132,219,62370000,23245
0,6237,62370000,62370000,132,219,62380000,23252
0,6238,62380000,62380000,132,219,62390000,23254
0,6239,62390000,62390000,132,219,62400000,23255
0,624,6240000,6240000,132,219,6250000,2324
0,6240,62400000,62400000,132,219,62410000,23264
0,6241,62410000,62410000,132,219,62420000,23266
0,6242,62420000,62420000,132,219,62430000,23269
0,6243,62430000,62430000,132,219,62440000,23272
0,6244,62440000,62440000,132,219,62450000,23277
0,6245,62450000,62450000,132,219,62460000,23280
0,6246,62460000,62460000,132,219,62470000,23283
0,6247,62470000,62470000,132,219,62480000,23288
0,6248,62480000,62480000,132,219,62490000,23292
0,6249,62490000,62490000,132,219,62500000,23295
0,625,6250000,6250000,132,219,6260000,2328
0,6250,62500000,62500000,132,219,62510000,23299
0,6251,62510000,62510000,132,219,62520000,23302
0,6252,62520000,62520000,132,219,62530000,23307
0,6253,62530000,62530000,132,219,62540000,23310
0,6254,62540000,62540000,132,219,62550000,23313
0,6255,62550000,62550000,132,219,62560000,23318
0,6256,62560000,62560000,132,219,62570000,23322
0,6257,62570000,62570000,132,219,62580000,23324
0,6258,62580000,62580000,132,219,62590000,23329
0,6259,62590000,62590000,132,219,62600000,23332
0,626,6260000,6260000,132,219,6270000,2331
0,6260,62600000,62600000,132,219,62610000,23336
0,6261,62610000,62610000,132,219,62620000,23341
0,6262,62620000,62620000,132,219,62630000,23344
0,6263,62630000,62630000,132,219,62640000,23345
0,6264,62640000,62640000,132,219,62650000,23351
0,6265,62650000,62650000,132,219,62660000,23357
0,6266,62660000,62660000,132,219,62670000,23358
0,6267,62670000,62670000,132,219,62680000,23362
0,6268,62680000,62680000,132,219,62690000,23367
0,6269,62690000,62690000,132,219,62700000,23368
0,627,6270000,6270000,132,219,6280000,2336
0,6270,62700000,62700000,132,219,62710000,23374
0,6271,62710000,62710000,132,219,62720000,23376
0,6272,62720000,62720000,132,219,62730000,23382
0,6273,62730000,62730000,132,219,62740000,23385
0,6274,62740000,62740000,132,219,62750000,23387
0,6275,62750000,62750000,132,219,62760000,23393
0,6276,62760000,62760000,132,219,62770000,23397
0,6277,62770000,62770000,132,219,62780000,23400
0,6278,62780000,62780000,132,219,62790000,23401
0,6279,62790000,62790000,132,219,62800000,23406
0,628,6280000,6280000,132,219,6290000,2339
0,6280,62800000,62800000,132,219,62810000,23412
0,6281,62810000,62810000,132,219,62820000,23414
0,6282,62820000,62820000,132,219,62830000,23420
0,6283,62830000,62830000,132,219,62840000,23422
0,6284,62840000,62840000,132,219,62850000,23424
0,6285,62850000,62850000,132,219,62860000,23429
0,6286,62860000,62860000,132,219,62870000,23434
0,6287,62870000,62870000,132,219,62880000,23436
0,6288,62880000,62880000,132,219,62890000,23441
0,6289,62890000,62890000,132,219,62900000,23445
0,629,6290000,6290000,132,219,6300000,2340
0,6290,62900000,62900000,132,219,62910000,23448
0,6291,62910000,62910000,132,219,62920000,23451
0,6292,62920000,62920000,132,219,62930000,23456
0,6293,62930000,62930000,132,219,62940000,23459
0,6294,62940000,62940000,132,219,62950000,23462
0,6295,62950000,62950000,132,219,62960000,23466
0,6296,62960000,62960000,132,219,62970000,23471
0,6297,62970000,62970000,132,219,62980000,23476
0,6298,62980000,62980000,132,219,62990000,23478
0,6299,62990000,62990000,132,219,63000000,23479
0,63,630000,630000,132,219,640000,232
0,630,6300000,6300000,132,219,6310000,2347
0,6300,63000000,63000000,132,219,63010000,23487
0,6301,63010000,63010000,132,219,63020000,23489
0,6302,63020000,63020000,132,219,63030000,23491
0,6303,63030000,63030000,132,219,63040000,23497
0,6304,63040000,63040000,132,219,63050000,23501
0,6305,63050000,63050000,132,219,63060000,23504
0,6306,63060000,63060000,132,219,63070000,23507
0,6307,63070000,63070000,132,219,63080000,23512
0,6308,63080000,63080000,132,219,63090000,23515
0,6309,63090000,63090000,132,219,63100000,23518
0,631,6310000,6310000,132,219,6320000,2349
0,6310,63100000,63100000,132,219,63110000,23524
0,6311,63110000,63110000,132,219,63120000,23525
0,6312,63120000,63120000,132,219,63130000,23531
0,6313,63130000,63130000,132,219,63140000,23533
0,6314,63140000,63140000,132,219,63150000,23537
0,6315,63150000,63150000,132,219,63160000,23542
0,6316,63160000,63160000,132,219,63170000,23545
0,6317,63170000,63170000,132,219,63180000,23549
0,6318,63180000,63180000,132,219,63190000,23552
0,6319,63190000,63190000,132,219,63200000,23555
0,632,6320000,6320000,132,219,6330000,2354
0,6320,63200000,63200000,132,219,63210000,23560
0,6321,63210000,63210000,132,219,63220000,23565
0,6322,63220000,63220000,132,219,63230000,23568
0,6323,63230000,63230000,132,219,63240000,23569
0,6324,63240000,63240000,132,219,63250000,23575
0,6325,63250000,63250000,132,219,63260000,23580
0,6326,63260000,63260000,132,219,63270000,23581
0,6327,63270000,63270000,132,219,63280000,23585
0,6328,63280000,63280000,132,219,63290000,23591
0,6329,63290000,63290000,132,219,63300000,23592
0,633,6330000,6330000,132,219,6340000,2359
0,6330,63300000,63300000,132,219,63310000,23598
0,6331,63310000,63310000,132,219,63320000,23602
0,6332,63320000,63320000,132,219,63330000,23605
0,6333,63330000,63330000,132,219,63340000,23608
0,6334,63340000,63340000,132,219,63350000,23610
0,6335,63350000,63350000,132,219,63360000,23615
0,6336,63360000,63360000,132,219,63370000,23621
0,6337,63370000,63370000,132,219,63380000,23624
0,6338,63380000,63380000,132,219,63390000,23627
0,6339,63390000,63390000,132,219,63400000,23630
0,634,6340000,6340000,132,219,6350000,2361
0,6340,63400000,63400000,132,219,63410000,23635
0,6341,63410000,63410000,132,219,63420000,23637
0,6342,63420000,63420000,132,219,63430000,23643
0,6343,63430000,63430000,132,219,63440000,23645
0,6344,63440000,63440000,132,219,63450000,23648
0,6345,63450000,63450000,132,219,63460000,23655
0,6346,63460000,63460000,132,219,63470000,23657
0,6347,63470000,63470000,132,219,63480000,23660
0,6348,63480000,63480000,132,219,63490000,23664
0,6349,63490000,63490000,132,219,63500000,23668
0,635,6350000,6350000,132,219,6360000,2364
0,6350,63500000,63500000,132,219,63510000,23671
0,6351,63510000,63510000,132,219,63520000,23674
0,6352,63520000,63520000,132,219,63530000,23682
0,6353,63530000,63530000,132,219,63540000,23683
0,6354,63540000,63540000,132,219,63550000,23686
0,6355,63550000,63550000,132,219,63560000,23690
0,6356,63560000,63560000,132,219,63570000,23694
0,6357,63570000,63570000,132,219,63580000,23698
0,6358,63580000,63580000,132,219,63590000,23701
0,6359,63590000,63590000,132,219,63600000,23704
0,636,6360000,6360000,132,219,6370000,2368
0,6360,63600000,63600000,132,219,63610000,23711
0,6361,63610000,63610000,132,219,63620000,23713
0,6362,63620000,63620000,132,219,63630000,23715
0,6363,63630000,63630000,132,219,63640000,23721
0,6364,63640000,63640000,132,219,63650000,23724
0,6365,63650000,63650000,132,219,63660000,23727
0,6366,63660000,63660000,132,219,63670000,23732
0,6367,63670000,63670000,132,219,63680000,23735
0,6368,63680000,63680000,132,219,63690000,23738
0,6369,63690000,63690000,132,219,63700000,23742
0,637,6370000,6370000,132,219,6380000,2373
0,6370,63700000,63700000,132,219,63710000,23748
0,6371,63710000,63710000,132,219,63720000,23749
0,6372,63720000,63720000,132,219,63730000,23754
0,6373,63730000,63730000,132,219,63740000,23758
0,6374,63740000,63740000,132,219,63750000,23760
0,6375,63750000,63750000,132,219,63760000,23765
0,6376,63760000,63760000,132,219,63770000,23769
0,6377,63770000,63770000,132,219,63780000,23773
0,6378,63780000,63780000,132,219,63790000,23776
0,6379,63790000,63790000,132,219,63800000,23778
0,638,6380000,6380000,132,219,6390000,2375
0,6380,63800000,63800000,132,219,63810000,23785
0,6381,63810000,63810000,132,219,63820000,23788
0,6382,63820000,63820000,132,219,63830000,23791
0,6383,63830000,63830000,132,219,63840000,23792
0,6384,63840000,63840000,132,219,63850000,23799
0,6385,63850000,63850000,132,219,63860000,23804
0,6386,63860000,63860000,132,219,63870000,23805
0,6387,63870000,63870000,132,219,63880000,23811
0,6388,63880000,63880000,132,219,63890000,23814
0,6389,63890000,63890000,132,219,63900000,23815
0,639,6390000,6390000,132,219,6400000,2378
0,6390,63900000,63900000,132,219,63910000,23820
0,6391,63910000,63910000,132,219,63920000,23825
0,6392,63920000,63920000,132,219,63930000,23829
0,6393,63930000,63930000,132,219,63940000,23832
0,6394,63940000,63940000,132,219,63950000,23836
0,6395,63950000,63950000,132,219,63960000,23839
0,6396,63960000,63960000,132,219,63970000,23844
0,6397,63970000,63970000,132,219,63980000,23847
0,6398,63980000,63980000,132,219,63990000,23850
0,6399,63990000,63990000,132,219,64000000,23853
0,64,640000,640000,132,219,650000,236
0,640,6400000,6400000,132,219,6410000,2386
0,6400,64000000,64000000,132,219,64010000,23859
0,6401,64010000,64010000,132,219,64020000,23862
0,6402,64020000,64020000,132,219,64030000,23867
0,6403,64030000,64030000,132,219,64040000,23869
0,6404,64040000,64040000,132,219,64050000,23871
0,6405,64050000,64050000,132,219,64060000,23878
0,6406,64060000,64060000,132,219,64070000,23880
0,6407,64070000,64070000,132,219,64080000,23883
0,6408,64080000,64080000,132,219,64090000,23890
0,6409,64090000,64090000,132,219,64100000,23892
0,641,6410000,6410000,132,219,6420000,2387
0,6410,64100000,64100000,132,219,64110000,23895
0,6411,64110000,64110000,132,219,64120000,23898
0,6412,64120000,64120000,132,219,64130000,23904
0,6413,64130000,64130000,132,219,64140000,23906
0,6414,64140000,64140000,132,219,64150000,23909
0,6415,64150000,64150000,132,219,64160000,23915
0,6416,64160000,64160000,132,219,64170000,23918
0,6417,64170000,64170000,132,219,64180000,23922
0,6418,64180000,64180000,132,219,64190000,23925
0,6419,64190000,64190000,132,219,64200000,23928
0,642,6420000,6420000,132,219,6430000,2391
0,6420,64200000,64200000,132,219,64210000,23934
0,6421,64210000,64210000,132,219,64220000,23936
0,6422,64220000,64220000,132,219,64230000,23940
0,6423,64230000,64230000,132,219,64240000,23943
0,6424,64240000,64240000,132,219,64250000,23948
0,6425,64250000,64250000,132,219,64260000,23951
0,6426,64260000,64260000,132,219,64270000,23956
0,6427,64270000,64270000,132,219,64280000,23959
0,6428,64280000,64280000,132,219,64290000,23961
0,6429,64290000,64290000,132,219,64300000,23967
0,643,6430000,6430000,132,219,6440000,2394
0,6430,64300000,64300000,132,219,64310000,23971
0,6431,64310000,64310000,132,219,64320000,23972
0,6432,64320000,64320000,132,219,64330000,23978
0,6433,64330000,64330000,132,219,64340000,23982
0,6434,64340000,64340000,132,219,64350000,23983
0,6435,64350000,64350000,132,219,64360000,23989
0,6436,64360000,64360000,132,219,64370000,23994
0,6437,64370000,64370000,132,219,64380000,23996
0,6438,64380000,64380000,132,219,64390000,23999
0,6439,64390000,64390000,132,219,64400000,24001
0,644,6440000,6440000,132,219,6450000,2398
0,6440,64400000,64400000,132,219,64410000,24009
0,6441,64410000,64410000,132,219,64420000,24012
0,6442,64420000,64420000,132,219,64430000,24015
0,6443,64430000,64430000,132,219,64440000,24018
0,6444,64440000,64440000,132,219,64450000,24022
0,6445,64450000,64450000,132,219,64460000,24026
0,6446,64460000,64460000,132,219,64470000,24028
0,6447,64470000,64470000,132,219,64480000,24034
0,6448,64480000,64480000,132,219,64490000,24038
0,6449,64490000,64490000,132,219,64500000,24039
0,645,6450000,6450000,132,219,6460000,2403
0,6450,64500000,64500000,132,219,64510000,24046
0,6451,64510000,64510000,132,219,64520000,24049
0,6452,64520000,64520000,132,219,64530000,24052
0,6453,64530000,64530000,132,219,64540000,24055
0,6454,64540000,64540000,132,219,64550000,24059
0,6455,64550000,64550000,132,219,64560000,24062
0,6456,64560000,64560000,132,219,64570000,24067
0,6457,64570000,64570000,132,219,64580000,24073
0,6458,64580000,64580000,132,219,64590000,24074
0,6459,64590000,64590000,132,219,64600000,24077
0,646,6460000,6460000,132,219,6470000,2405
0,6460,64600000,64600000,132,219,64610000,24082
0,6461,64610000,64610000,132,219,64620000,24085
0,6462,64620000,64620000,132,219,64630000,24090
0,6463,64630000,64630000,132,219,64640000,24092
0,6464,64640000,64640000,132,219,64650000,24097
0,6465,64650000,64650000,132,219,64660000,24102
0,6466,64660000,64660000,132,219,64670000,24104
0,6467,64670000,64670000,132,219,64680000,24106
0,6468,64680000,64680000,132,219,64690000,24113
0,6469,64690000,64690000,132,219,64700000,24115
0,647,6470000,6470000,132,219,6480000,2409
0,6470,64700000,64700000,132,219,64710000,24118
0,6471,64710000,64710000,132,219,64720000,24123
0,6472,64720000,64720000,132,219,64730000,24128
0,6473,64730000,64730000,132,219,64740000,24130
0,6474,64740000,64740000,132,219,64750000,24133
0,6475,64750000,64750000,132,219,64760000,24139
0,6476,64760000,64760000,132,219,64770000,24141
0,6477,64770000,64770000,132,219,64780000,24145
0,6478,64780000,64780000,132,219,64790000,24149
0,6479,64790000,64790000,132,219,64800000,24151
0,648,6480000,6480000,132,219,6490000,2414
0,6480,64800000,64800000,132,219,64810000,24158
0,6481,64810000,64810000,132,219,64820000,24160
0,6482,64820000,64820000,132,219,64830000,24164
0,6483,64830000,64830000,132,219,64840000,24167
0,6484,64840000,64840000,132,219,64850000,24171
0,6485,64850000,64850000,132,219,64860000,24176
0,6486,64860000,64860000,132,219,64870000,24179
0,6487,64870000,64870000,132,219,64880000,24182
0,6488,64880000,64880000,132,219,64890000,24185
0,6489,64890000,64890000,132,219,64900000,24190
0,649,6490000,6490000,132,219,6500000,2417
0,6490,64900000,64900000,132,219,64910000,24195
0,6491,64910000,64910000,132,219,64920000,24196
0,6492,64920000,64920000,132,219,64930000,24203
0,6493,64930000,64930000,132,219,64940000,24205
0,6494,64940000,64940000,132,219,64950000,24206
0,6495,64950000,64950000,132,219,64960000,24212
0,6496,64960000,64960000,132,219,64970000,24218
0,6497,64970000,64970000,132,219,64980000,24220
0,6498,64980000,64980000,132,219,64990000,24223
0,6499,64990000,64990000,132,219,65000000,24227
0,65,650000,650000,132,219,660000,239
0,650,6500000,6500000,132,219,6510000,2420
0,6500,65000000,65000000,132,219,65010000,24231
0,6501,65010000,65010000,132,219,65020000,24235
0,6502,65020000,65020000,132,219,65030000,24238
0,6503,65030000,65030000,132,219,65040000,24241
0,6504,65040000,65040000,132,219,65050000,24246
0,6505,65050000,65050000,132,219,65060000,24250
0,6506,65060000,65060000,132,219,65070000,24254
0,6507,65070000,65070000,132,219,65080000,24258
0,6508,65080000,65080000,132,219,65090000,24261
0,6509,65090000,65090000,132,219,65100000,24262
0,651,6510000,6510000,132,219,6520000,2425
0,6510,65100000,65100000,132,219,65110000,24269
0,6511,65110000,65110000,132,219,65120000,24271
0,6512,65120000,65120000,132,219,65130000,24276
0,6513,65130000,65130000,132,219,65140000,24281
0,6514,65140000,65140000,132,219,65150000,24283
0,6515,65150000,65150000,132,219,65160000,24286
0,6516,65160000,65160000,132,219,65170000,24290
0,6517,65170000,65170000,132,219,65180000,24296
0,6518,65180000,65180000,132,219,65190000,24297
0,6519,65190000,65190000,132,219,65200000,24300
0,652,6520000,6520000,132,219,6530000,2429
0,6520,65200000,65200000,132,219,65210000,24308
0,6521,65210000,65210000,132,219,65220000,24309
0,6522,65220000,65220000,132,219,65230000,24313
0,6523,65230000,65230000,132,219,65240000,24316
0,6524,65240000,65240000,132,219,65250000,24320
0,6525,65250000,65250000,132,219,65260000,24325
0,6526,65260000,65260000,132,219,65270000,24327
0,6527,65270000,65270000,132,219,65280000,24331
0,6528,65280000,65280000,132,219,65290000,24337
0,6529,65290000,65290000,132,219,65300000,24339
0,653,6530000,6530000,132,219,6540000,2430
0,6530,65300000,65300000,132,219,65310000,24342
0,6531,65310000,65310000,132,219,65320000,24347
0,6532,65320000,65320000,132,219,65330000,24351
0,6533,65330000,65330000,132,219,65340000,24352
0,6534,65340000,65340000,132,219,65350000,24358
0,6535,65350000,65350000,132,219,65360000,24362
0,6536,65360000,65360000,132,219,65370000,24365
0,6537,65370000,65370000,132,219,65380000,24369
0,6538,65380000,65380000,132,219,65390000,24373
0,6539,65390000,65390000,132,219,65400000,24375
0,654,6540000,6540000,132,219,6550000,2436
0,6540,65400000,65400000,132,219,65410000,24381
0,6541,65410000,65410000,132,219,65420000,24385
0,6542,65420000,65420000,132,219,65430000,24387
0,6543,65430000,65430000,132,219,65440000,24390
0,6544,65440000,65440000,132,219,65450000,24394
0,6545,65450000,65450000,132,219,65460000,24400
0,6546,65460000,65460000,132,219,65470000,24403
0,6547,65470000,65470000,132,219,65480000,24406
0,6548,65480000,65480000,132,219,65490000,24410
0,6549,65490000,65490000,132,219,65500000,24413
0,655,6550000,6550000,132,219,6560000,2440
0,6550,65500000,65500000,132,219,65510000,24418
0,6551,65510000,65510000,132,219,65520000,24419
0,6552,65520000,65520000,132,219,65530000,24427
0,6553,65530000,65530000,132,219,65540000,24429
0,6554,65540000,65540000,132,219,65550000,24430
0,6555,65550000,65550000,132,219,65560000,24437
0,6556,65560000,65560000,132,219,65570000,24441
0,6557,65570000,65570000,132,219,65580000,24443
0,6558,65580000,65580000,132,219,65590000,24446
0,6559,65590000,65590000,132,219,65600000,24450
0,656,6560000,6560000,132,219,6570000,2443
0,6560,65600000,65600000,132,219,65610000,24455
0,6561,65610000,65610000,132,219,65620000,24459
0,6562,65620000,65620000,132,219,65630000,24464
0,6563,65630000,65630000,132,219,65640000,24465
0,6564,65640000,65640000,132,219,65650000,24469
0,6565,65650000,65650000,132,219,65660000,24473
0,6566,65660000,65660000,132,219,65670000,24476
0,6567,65670000,65670000,132,219,65680000,24481
0,6568,65680000,65680000,132,219,65690000,24485
0,6569,65690000,65690000,132,219,65700000,24488
0,657,6570000,6570000,132,219,6580000,2447
0,6570,65700000,65700000,132,219,65710000,24493
0,6571,65710000,65710000,132,219,65720000,24495
0,6572,65720000,65720000,132,219,65730000,24499
0,6573,65730000,65730000,132,219,65740000,24504
0,6574,65740000,65740000,132,219,65750000,24506
0,6575,65750000,65750000,132,219,65760000,24509
0,6576,65760000,65760000,132,219,65770000,24516
0,6577,65770000,65770000,132,219,65780000,24519
0,6578,65780000,65780000,132,219,65790000,24521
0,6579,65790000,65790000,132,219,65800000,24524
0,658,6580000,6580000,132,219,6590000,2451
0,6580,65800000,65800000,132,219,65810000,24531
0,6581,65810000,65810000,132,219,65820000,24532
0,6582,65820000,65820000,132,219,65830000,24536
0,6583,65830000,65830000,132,219,65840000,24541
0,6584,65840000,65840000,132,219,65850000,24544
0,6585,65850000,65850000,132,219,65860000,24549
0,6586,65860000,65860000,132,219,65870000,24551
0,6587,65870000,65870000,132,219,65880000,24555
0,6588,65880000,65880000,132,219,65890000,24559
0,6589,65890000,65890000,132,219,65900000,24562
0,659,6590000,6590000,132,219,6600000,2452
0,6590,65900000,65900000,132,219,65910000,24567
0,6591,65910000,65910000,132,219,65920000,24570
0,6592,65920000,65920000,132,219,65930000,24575
0,6593,65930000,65930000,132,219,65940000,24576
0,6594,65940000,65940000,132,219,65950000,24582
0,6595,65950000,65950000,132,219,65960000,24586
0,6596,65960000,65960000,132,219,65970000,24588
0,6597,65970000,65970000,132,219,65980000,24594
0,6598,65980000,65980000,132,219,65990000,24596
0,6599,65990000,65990000,132,219,66000000,24597
0,66,660000,660000,132,219,670000,245
0,660,6600000,6600000,132,219,6610000,2459
0,6600,66000000,66000000,132,219,66010000,24605
0,6601,66010000,66010000,132,219,66020000,24609
0,6602,66020000,66020000,132,219,66030000,24611
0,6603,66030000,66030000,132,219,66040000,24614
0,6604,66040000,66040000,132,219,66050000,24619
0,6605,66050000,66050000,132,219,66060000,24623
0,6606,66060000,66060000,132,219,66070000,24626
0,6607,66070000,66070000,132,219,66080000,24629
0,6608,66080000,66080000,132,219,66090000,24634
0,6609,66090000,66090000,132,219,66100000,24637
0,661,6610000,6610000,132,219,6620000,2463
0,6610,66100000,66100000,132,219,66110000,24641
0,6611,66110000,66110000,132,219,66120000,24645
0,6612,66120000,66120000,132,219,66130000,24650
0,6613,66130000,66130000,132,219,66140000,24652
0,6614,66140000,66140000,132,219,66150000,24653
0,6615,66150000,66150000,132,219,66160000,24660
0,6616,66160000,66160000,132,219,66170000,24665
0,6617,66170000,66170000,132,219,66180000,24667
0,6618,66180000,66180000,132,219,66190000,24672
0,6619,66190000,66190000,132,219,66200000,24674
0,662,6620000,6620000,132,219,6630000,2465
0,6620,66200000,66200000,132,219,66210000,24678
0,6621,66210000,66210000,132,219,66220000,24681
0,6622,66220000,66220000,132,219,66230000,24687
0,6623,66230000,66230000,132,219,66240000,24688
0,6624,66240000,66240000,132,219,66250000,24693
0,6625,66250000,66250000,132,219,66260000,24699
0,6626,66260000,66260000,132,219,66270000,24700
0,6627,66270000,66270000,132,219,66280000,24705
0,6628,66280000,66280000,132,219,66290000,24708
0,6629,66290000,66290000,132,219,66300000,24711
0,663,6630000,6630000,132,219,6640000,2468
0,6630,66300000,66300000,132,219,66310000,24716
0,6631,66310000,66310000,132,219,66320000,24718
0,6632,66320000,66320000,132,219,66330000,24724
0,6633,66330000,66330000,132,219,66340000,24728
0,6634,66340000,66340000,132,219,66350000,24730
0,6635,66350000,66350000,132,219,66360000,24733
0,6636,66360000,66360000,132,219,66370000,24739
0,6637,66370000,66370000,132,219,66380000,24742
0,6638,66380000,66380000,132,219,66390000,24744
0,6639,66390000,66390000,132,219,66400000,24749
0,664,6640000,6640000,132,219,6650000,2472
0,6640,66400000,66400000,132,219,66410000,24755
0,6641,66410000,66410000,132,219,66420000,24756
0,6642,66420000,66420000,132,219,66430000,24760
0,6643,66430000,66430000,132,219,66440000,24764
0,6644,66440000,66440000,132,219,66450000,24767
0,6645,66450000,66450000,132,219,66460000,24772
0,6646,66460000,66460000,132,219,66470000,24776
0,6647,66470000,66470000,132,219,66480000,24778
0,6648,66480000,66480000,132,219,66490000,24783
0,6649,66490000,66490000,132,219,66500000,24786
0,665,6650000,6650000,132,219,6660000,2478
0,6650,66500000,66500000,132,219,66510000,24791
0,6651,66510000,66510000,132,219,66520000,24794
0,6652,66520000,66520000,132,219,66530000,24798
0,6653,66530000,66530000,132,219,66540000,24801
0,6654,66540000,66540000,132,219,66550000,24804
0,6655,66550000,66550000,132,219,66560000,24809
0,6656,66560000,66560000,132,219,66570000,24812
0,6657,66570000,66570000,132,219,66580000,24818
0,6658,66580000,66580000,132,219,66590000,24820
0,6659,66590000,66590000,132,219,66600000,24821
0,666,6660000,6660000,132,219,6670000,2481
0,6660,66600000,66600000,132,219,66610000,24830
0,6661,66610000,66610000,132,219,66620000,24832
0,6662,66620000,66620000,132,219,66630000,24834
0,6663,66630000,66630000,132,219,66640000,24837
0,6664,66640000,66640000,132,219,66650000,24843
0,6665,66650000,66650000,132,219,66660000,24846
0,6666,66660000,66660000,132,219,66670000,24850
0,6667,66670000,66670000,132,219,66680000,24855
0,6668,66680000,66680000,132,219,66690000,24857
0,6669,66690000,66690000,132,219,66700000,24860
0,667,6670000,6670000,132,219,6680000,2484
0,6670,66700000,66700000,132,219,66710000,24864
0,6671,66710000,66710000,132,219,66720000,24868
0,6672,66720000,66720000,132,219,66730000,24874
0,6673,66730000,66730000,132,219,66740000,24876
0,6674,66740000,66740000,132,219,66750000,24879
0,6675,66750000,66750000,132,219,66760000,24884
0,6676,66760000,66760000,132,219,66770000,24887
0,6677,66770000,66770000,132,219,66780000,24890
0,6678,66780000,66780000,132,219,66790000,24895
0,6679,66790000,66790000,132,219,66800000,24897
0,668,6680000,6680000,132,219,6690000,2488
0,6680,66800000,66800000,132,219,66810000,24902
0,6681,66810000,66810000,132,219,66820000,24907
0,6682,66820000,66820000,132,219,66830000,24911
0,6683,66830000,66830000,132,219,66840000,24912
0,6684,66840000,66840000,132,219,66850000,24916
0,6685,66850000,66850000,132,219,66860000,24922
0,6686,66860000,66860000,132,219,66870000,24923
0,6687,66870000,66870000,132,219,66880000,24927
0,6688,66880000,66880000,132,219,66890000,24934
0,6689,66890000,66890000,132,219,66900000,24935
0,669,6690000,6690000,132,219,6700000,2491
0,6690,66900000,66900000,132,219,66910000,24940
0,6691,66910000,66910000,132,219,66920000,24942
0,6692,66920000,66920000,132,219,66930000,24947
0,6693,66930000,66930000,132,219,66940000,24951
0,6694,66940000,66940000,132,219,66950000,24953
0,6695,66950000,66950000,132,219,66960000,24958
0,6696,66960000,66960000,132,219,66970000,24963
0,6697,66970000,66970000,132,219,66980000,24966
0,6698,66980000,66980000,132,219,66990000,24967
0,6699,66990000,66990000,132,219,67000000,24973
0,67,670000,670000,132,219,680000,248
0,670,6700000,6700000,132,219,6710000,2495
0,6700,67000000,67000000,132,219,67010000,24978
0,6701,67010000,67010000,132,219,67020000,24979
0,6702,67020000,67020000,132,219,67030000,24985
0,6703,67030000,67030000,132,219,67040000,24987
0,6704,67040000,67040000,132,219,67050000,24991
0,6705,67050000,67050000,132,219,67060000,24996
0,6706,67060000,67060000,132,219,67070000,25000
0,6707,67070000,67070000,132,219,67080000,25002
0,6708,67080000,67080000,132,219,67090000,25006
0,6709,67090000,67090000,132,219,67100000,25010
0,671,6710000,6710000,132,219,6720000,2497
0,6710,67100000,67100000,132,219,67110000,25014
0,6711,67110000,67110000,132,219,67120000,25017
0,6712,67120000,67120000,132,219,67130000,25022
0,6713,67130000,67130000,132,219,67140000,25025
0,6714,67140000,67140000,132,219,67150000,25028
0,6715,67150000,67150000,132,219,67160000,25033
0,6716,67160000,67160000,132,219,67170000,25037
0,6717,67170000,67170000,132,219,67180000,25041
0,6718,67180000,67180000,132,219,67190000,25043
0,6719,67190000,67190000,132,219,67200000,25044
0,672,6720000,6720000,132,219,6730000,2505
0,6720,67200000,67200000,132,219,67210000,25053
0,6721,67210000,67210000,132,219,67220000,25056
0,6722,67220000,67220000,132,219,67230000,25058
0,6723,67230000,67230000,132,219,67240000,25063
0,6724,67240000,67240000,132,219,67250000,25066
0,6725,67250000,67250000,132,219,67260000,25069
0,6726,67260000,67260000,132,219,67270000,25073
0,6727,67270000,67270000,132,219,67280000,25078
0,6728,67280000,67280000,132,219,67290000,25081
0,6729,67290000,67290000,132,219,67300000,25084
0,673,6730000,6730000,132,219,6740000,2507
0,6730,67300000,67300000,132,219,67310000,25090
0,6731,67310000,67310000,132,219,67320000,25091
0,6732,67320000,67320000,132,219,67330000,25097
0,6733,67330000,67330000,132,219,67340000,25099
0,6734,67340000,67340000,132,219,67350000,25102
0,6735,67350000,67350000,132,219,67360000,25107
0,6736,67360000,67360000,132,219,67370000,25111
0,6737,67370000,67370000,132,219,67380000,25116
0,6738,67380000,67380000,132,219,67390000,25119
0,6739,67390000,67390000,132,219,67400000,25121
0,674,6740000,6740000,132,219,6750000,2508
0,6740,67400000,67400000,132,219,67410000,25125
0,6741,67410000,67410000,132,219,67420000,25130
0,6742,67420000,67420000,132,219,67430000,25133
0,6743,67430000,67430000,132,219,67440000,25135
0,6744,67440000,67440000,132,219,67450000,25142
0,6745,67450000,67450000,132,219,67460000,25146
0,6746,67460000,67460000,132,219,67470000,25147
0,6747,67470000,67470000,132,219,67480000,25151
0,6748,67480000,67480000,132,219,67490000,25157
0,6749,67490000,67490000,132,219,67500000,25158
0,675,6750000,6750000,132,219,6760000,2515
0,6750,67500000,67500000,132,219,67510000,25163
0,6751,67510000,67510000,132,219,67520000,25167
0,6752,67520000,67520000,132,219,67530000,25171
0,6753,67530000,67530000,132,219,67540000,25174
0,6754,67540000,67540000,132,219,67550000,25177
0,6755,67550000,67550000,132,219,67560000,25182
0,6756,67560000,67560000,132,219,67570000,25186
0,6757,67570000,67570000,132,219,67580000,25189
0,6758,67580000,67580000,132,219,67590000,25192
0,6759,67590000,67590000,132,219,67600000,25196
0,676,6760000,6760000,132,219,6770000,2519
0,6760,67600000,67600000,132,219,67610000,25202
0,6761,67610000,67610000,132,219,67620000,25203
0,6762,67620000,67620000,132,219,67630000,25209
0,6763,67630000,67630000,132,219,67640000,25211
0,6764,67640000,67640000,132,219,67650000,25213
0,6765,67650000,67650000,132,219,67660000,25221
0,6766,67660000,67660000,132,219,67670000,25223
0,6767,67670000,67670000,132,219,67680000,25225
0,6768,67680000,67680000,132,219,67690000,25230
0,6769,67690000,67690000,132,219,67700000,25234
0,677,6770000,6770000,132,219,6780000,2521
0,6770,67700000,67700000,132,219,67710000,25238
0,6771,67710000,67710000,132,219,67720000,25241
0,6772,67720000,67720000,132,219,67730000,25247
0,6773,67730000,67730000,132,219,67740000,25248
0,6774,67740000,67740000,132,219,67750000,25251
0,6775,67750000,67750000,132,219,67760000,25255
0,6776,67760000,67760000,132,219,67770000,25261
0,6777,67770000,67770000,132,219,67780000,25265
0,6778,67780000,67780000,132,219,67790000,25267
0,6779,67790000,67790000,132,219,67800000,25270
0,678,6780000,6780000,132,219,6790000,2524
0,6780,67800000,67800000,132,219,67810000,25276
0,6781,67810000,67810000,132,219,67820000,25279
0,6782,67820000,67820000,132,219,67830000,25281
0,6783,67830000,67830000,132,219,67840000,25286
0,6784,67840000,67840000,132,219,67850000,25290
0,6785,67850000,67850000,132,219,67860000,25293
0,6786,67860000,67860000,132,219,67870000,25298
0,6787,67870000,67870000,132,219,67880000,25302
0,6788,67880000,67880000,132,219,67890000,25304
0,6789,67890000,67890000,132,219,67900000,25307
0,679,6790000,6790000,132,219,6800000,2528
0,6790,67900000,67900000,132,219,67910000,25313
0,6791,67910000,67910000,132,219,67920000,25314
0,6792,67920000,67920000,132,219,67930000,25321
0,6793,67930000,67930000,132,219,67940000,25325
0,6794,67940000,67940000,132,219,67950000,25326
0,6795,67950000,67950000,132,219,67960000,25331
0,6796,67960000,67960000,132,219,67970000,25334
0,6797,67970000,67970000,132,219,67980000,25338
0,6798,67980000,67980000,132,219,67990000,25342
0,6799,67990000,67990000,132,219,68000000,25344
0,68,680000,680000,132,219,690000,250
0,680,6800000,6800000,132,219,6810000,2533
0,6800,68000000,68000000,132,219,68010000,25351
0,6801,68010000,68010000,132,219,68020000,25354
0,6802,68020000,68020000,132,219,68030000,25357
0,6803,68030000,68030000,132,219,68040000,25359
0,6804,68040000,68040000,132,219,68050000,25365
0,6805,68050000,68050000,132,219,68060000,25369
0,6806,68060000,68060000,132,219,68070000,25370
0,6807,68070000,68070000,132,219,68080000,25376
0,6808,68080000,68080000,132,219,68090000,25380
0,6809,68090000,68090000,132,219,68100000,25382
0,681,6810000,6810000,132,219,6820000,2536
0,6810,68100000,68100000,132,219,68110000,25387
0,6811,68110000,68110000,132,219,68120000,25391
0,6812,68120000,68120000,132,219,68130000,25394
0,6813,68130000,68130000,132,219,68140000,25397
0,6814,68140000,68140000,132,219,68150000,25402
0,6815,68150000,68150000,132,219,68160000,25405
0,6816,68160000,68160000,132,219,68170000,25410
0,6817,68170000,68170000,132,219,68180000,25413
0,6818,68180000,68180000,132,219,68190000,25416
0,6819,68190000,68190000,132,219,68200000,25419
0,682,6820000,6820000,132,219,6830000,2542
0,6820,68200000,68200000,132,219,68210000,25425
0,6821,68210000,68210000,132,219,68220000,25428
0,6822,68220000,68220000,132,219,68230000,25432
0,6823,68230000,68230000,132,219,68240000,25434
0,6824,68240000,68240000,132,219,68250000,25437
0,6825,68250000,68250000,132,219,68260000,25445
0,6826,68260000,68260000,132,219,68270000,25447
0,6827,68270000,68270000,132,219,68280000,25449
0,6828,68280000,68280000,132,219,68290000,25455
0,6829,68290000,68290000,132,219,68300000,25457
0,683,6830000,6830000,132,219,6840000,2543
0,6830,68300000,68300000,132,219,68310000,25460
0,6831,68310000,68310000,132,219,68320000,25464
0,6832,68320000,68320000,132,219,68330000,25471
0,6833,68330000,68330000,132,219,68340000,25472
0,6834,68340000,68340000,132,219,68350000,25475
0,6835,68350000,68350000,132,219,68360000,25481
0,6836,68360000,68360000,132,219,68370000,25484
0,6837,68370000,68370000,132,219,68380000,25488
0,6838,68380000,68380000,132,219,68390000,25490
0,6839,68390000,68390000,132,219,68400000,25493
0,684,6840000,6840000,132,219,6850000,2547
0,6840,68400000,68400000,132,219,68410000,25500
0,6841,68410000,68410000,132,219,68420000,25502
0,6842,68420000,68420000,132,219,68430000,25507
0,6843,68430000,68430000,132,219,68440000,25510
0,6844,68440000,68440000,132,219,68450000,25513
0,6845,68450000,68450000,132,219,68460000,25516
0,6846,68460000,68460000,132,219,68470000,25521
0,6847,68470000,68470000,132,219,68480000,25525
0,6848,68480000,68480000,132,219,68490000,25528
0,6849,68490000,68490000,132,219,68500000,25533
0,685,6850000,6850000,132,219,6860000,2551
0,6850,68500000,68500000,132,219,68510000,25537
0,6851,68510000,68510000,132,219,68520000,25538
0,6852,68520000,68520000,132,219,68530000,25543
0,6853,68530000,68530000,132,219,68540000,25548
0,6854,68540000,68540000,132,219,68550000,25549
0,6855,68550000,68550000,132,219,68560000,25554
0,6856,68560000,68560000,132,219,68570000,25560
0,6857,68570000,68570000,132,219,68580000,25562
0,6858,68580000,68580000,132,219,68590000,25566
0,6859,68590000,68590000,132,219,68600000,25568
0,686,6860000,6860000,132,219,6870000,2554
0,6860,68600000,68600000,132,219,68610000,25574
0,6861,68610000,68610000,132,219,68620000,25577
0,6862,68620000,68620000,132,219,68630000,25580
0,6863,68630000,68630000,132,219,68640000,25583
0,6864,68640000,68640000,132,219,68650000,25589
0,6865,68650000,68650000,132,219,68660000,25593
0,6866,68660000,68660000,132,219,68670000,25594
0,6867,68670000,68670000,132,219,68680000,25600
0,6868,68680000,68680000,132,219,68690000,25603
0,6869,68690000,68690000,132,219,68700000,25605
0,687,6870000,6870000,132,219,6880000,2559
0,6870,68700000,68700000,132,219,68710000,25612
0,6871,68710000,68710000,132,219,68720000,25614
0,6872,68720000,68720000,132,219,68730000,25618
0,6873,68730000,68730000,132,219,68740000,25621
0,6874,68740000,68740000,132,219,68750000,25625
0,6875,68750000,68750000,132,219,68760000,25629
0,6876,68760000,68760000,132,219,68770000,25633
0,6877,68770000,68770000,132,219,68780000,25638
0,6878,68780000,68780000,132,219,68790000,25639
0,6879,68790000,68790000,132,219,68800000,25642
0,688,6880000,6880000,132,219,6890000,2563
0,6880,68800000,68800000,132,219,68810000,25649
0,6881,68810000,68810000,132,219,68820000,25652
0,6882,68820000,68820000,132,219,68830000,25656
0,6883,68830000,68830000,132,219,68840000,25658
0,6884,68840000,68840000,132,219,68850000,25662
0,6885,68850000,68850000,132,219,68860000,25667
0,6886,68860000,68860000,132,219,68870000,25670
0,6887,68870000,68870000,132,219,68880000,25672
0,6888,68880000,68880000,132,219,68890000,25679
0,6889,68890000,68890000,132,219,68900000,25681
0,689,6890000,6890000,132,219,6900000,2566
0,6890,68900000,68900000,132,219,68910000,25684
0,6891,68910000,68910000,132,219,68920000,25690
0,6892,68920000,68920000,132,219,68930000,25694
0,6893,68930000,68930000,132,219,68940000,25695
0,6894,68940000,68940000,132,219,68950000,25698
0,6895,68950000,68950000,132,219,68960000,25704
0,6896,68960000,68960000,132,219,68970000,25707
0,6897,68970000,68970000,132,219,68980000,25712
0,6898,68980000,68980000,132,219,68990000,25716
0,6899,68990000,68990000,132,219,69000000,25717
0,69,690000,690000,132,219,700000,253
0,690,6900000,6900000,132,219,6910000,2571
0,6900,69000000,69000000,132,219,69010000,25723
0,6901,69010000,69010000,132,219,69020000,25725
0,6902,69020000,69020000,132,219,69030000,25730
0,6903,69030000,69030000,132,219,69040000,25733
0,6904,69040000,69040000,132,219,69050000,25737
0,6905,69050000,69050000,132,219,69060000,25742
0,6906,69060000,69060000,132,219,69070000,25745
0,6907,69070000,69070000,132,219,69080000,25748
0,6908,69080000,69080000,132,219,69090000,25751
0,6909,69090000,69090000,132,219,69100000,25756
0,691,6910000,6910000,132,219,6920000,2573
0,6910,69100000,69100000,132,219,69110000,25760
0,6911,69110000,69110000,132,219,69120000,25761
0,6912,69120000,69120000,132,219,69130000,25769
0,6913,69130000,69130000,132,219,69140000,25772
0,6914,69140000,69140000,132,219,69150000,25773
0,6915,69150000,69150000,132,219,69160000,25778
0,6916,69160000,69160000,132,219,69170000,25783
0,6917,69170000,69170000,132,219,69180000,25785
0,6918,69180000,69180000,132,219,69190000,25788
0,6919,69190000,69190000,132,219,69200000,25793
0,692,6920000,6920000,132,219,6930000,2576
0,6920,69200000,69200000,132,219,69210000,25798
0,6921,69210000,69210000,132,219,69220000,25801
0,6922,69220000,69220000,132,219,69230000,25804
0,6923,69230000,69230000,132,219,69240000,25807
0,6924,69240000,69240000,132,219,69250000,25812
0,6925,69250000,69250000,132,219,69260000,25816
0,6926,69260000,69260000,132,219,69270000,25819
0,6927,69270000,69270000,132,219,69280000,25823
0,6928,69280000,69280000,132,219,69290000,25827
0,6929,69290000,69290000,132,219,69300000,25828
0,693,6930000,6930000,132,219,6940000,2582
0,6930,69300000,69300000,132,219,69310000,25836
0,6931,69310000,69310000,132,219,69320000,25838
0,6932,69320000,69320000,132,219,69330000,25841
0,6933,69330000,69330000,132,219,69340000,25846
0,6934,69340000,69340000,132,219,69350000,25848
0,6935,69350000,69350000,132,219,69360000,25852
0,6936,69360000,69360000,132,219,69370000,25857
0,6937,69370000,69370000,132,219,69380000,25862
0,6938,69380000,69380000,132,219,69390000,25863
0,6939,69390000,69390000,132,219,69400000,25866
0,694,6940000,6940000,132,219,6950000,2584
0,6940,69400000,69400000,132,219,69410000,25873
0,6941,69410000,69410000,132,219,69420000,25875
0,6942,69420000,69420000,132,219,69430000,25879
0,6943,69430000,69430000,132,219,69440000,25881
0,6944,69440000,69440000,132,219,69450000,25886
0,6945,69450000,69450000,132,219,69460000,25891
0,6946,69460000,69460000,132,219,69470000,25894
0,6947,69470000,69470000,132,219,69480000,25898
0,6948,69480000,69480000,132,219,69490000,25902
0,6949,69490000,69490000,132,219,69500000,25904
0,695,6950000,6950000,132,219,6960000,2587
0,6950,69500000,69500000,132,219,69510000,25907
0,6951,69510000,69510000,132,219,69520000,25912
0,6952,69520000,69520000,132,219,69530000,25918
0,6953,69530000,69530000,132,219,69540000,25919
0,6954,69540000,69540000,132,219,69550000,25924
0,6955,69550000,69550000,132,219,69560000,25928
0,6956,69560000,69560000,132,219,69570000,25930
0,6957,69570000,69570000,132,219,69580000,25935
0,6958,69580000,69580000,132,219,69590000,25939
0,6959,69590000,69590000,132,219,69600000,25940
0,696,6960000,6960000,132,219,6970000,2594
0,6960,69600000,69600000,132,219,69610000,25947
0,6961,69610000,69610000,132,219,69620000,25951
0,6962,69620000,69620000,132,219,69630000,25953
0,6963,69630000,69630000,132,219,69640000,25957
0,6964,69640000,69640000,132,219,69650000,25960
0,6965,69650000,69650000,132,219,69660000,25965
0,6966,69660000,69660000,132,219,69670000,25968
0,6967,69670000,69670000,132,219,69680000,25971
0,6968,69680000,69680000,132,219,69690000,25977
0,6969,69690000,69690000,132,219,69700000,25980
0,697,6970000,6970000,132,219,6980000,2597
0,6970,69700000,69700000,132,219,69710000,25984
0,6971,69710000,69710000,132,219,69720000,25985
0,6972,69720000,69720000,132,219,69730000,25992
0,6973,69730000,69730000,132,219,69740000,25994
0,6974,69740000,69740000,132,219,69750000,25996
0,6975,69750000,69750000,132,219,69760000,26003
0,6976,69760000,69760000,132,219,69770000,26007
0,6977,69770000,69770000,132,219,69780000,26009
0,6978,69780000,69780000,132,219,69790000,26012
0,6979,69790000,69790000,132,219,69800000,26017
0,698,6980000,6980000,132,219,6990000,2599
0,6980,69800000,69800000,132,219,69810000,26021
0,6981,69810000,69810000,132,219,69820000,26024
0,6982,69820000,69820000,132,219,69830000,26029
0,6983,69830000,69830000,132,219,69840000,26030
0,6984,69840000,69840000,132,219,69850000,26035
0,6985,69850000,69850000,132,219,69860000,26040
0,6986,69860000,69860000,132,219,69870000,26043
0,6987,69870000,69870000,132,219,69880000,26047
0,6988,69880000,69880000,132,219,69890000,26050
0,6989,69890000,69890000,132,219,69900000,26053
0,699,6990000,6990000,132,219,7000000,2602
0,6990,69900000,69900000,132,219,69910000,26059
0,6991,69910000,69910000,132,219,69920000,26061
0,6992,69920000,69920000,132,219,69930000,26065
0,6993,69930000,69930000,132,219,69940000,26070
0,6994,69940000,69940000,132,219,69950000,26072
0,6995,69950000,69950000,132,219,69960000,26075
0,6996,69960000,69960000,132,219,69970000,26082
0,6997,69970000,69970000,132,219,69980000,26085
0,6998,69980000,69980000,132,219,69990000,26086
0,6999,69990000,69990000,132,219,70000000,26089
0,7,70000,70000,132,219,80000,24
0,70,700000,700000,132,219,710000,259
0,700,7000000,7000000,132,219,7010000,2609
0,7000,70000000,70000000,132,219,70010000,26097
0,7001,70010000,70010000,132,219,70020000,26099
0,7002,70020000,70020000,132,219,70030000,26103
0,7003,70030000,70030000,132,219,70040000,26107
0,7004,70040000,70040000,132,219,70050000,26109
0,7005,70050000,70050000,132,219,70060000,26114
0,7006,70060000,70060000,132,219,70070000,26116
0,7007,70070000,70070000,132,219,70080000,26121
0,7008,70080000,70080000,132,219,70090000,26126
0,7009,70090000,70090000,132,219,70100000,26128
0,701,7010000,7010000,132,219,7020000,2610
0,7010,70100000,70100000,132,219,70110000,26133
0,7011,70110000,70110000,132,219,70120000,26136
0,7012,70120000,70120000,132,219,70130000,26141
0,7013,70130000,70130000,132,219,70140000,26142
0,7014,70140000,70140000,132,219,70150000,26147
0,7015,70150000,70150000,132,219,70160000,26151
0,7016,70160000,70160000,132,219,70170000,26154
0,7017,70170000,70170000,132,219,70180000,26160
0,7018,70180000,70180000,132,219,70190000,26163
0,7019,70190000,70190000,132,219,70200000,26164
0,702,7020000,7020000,132,219,7030000,2614
0,7020,70200000,70200000,132,219,70210000,26170
0,7021,70210000,70210000,132,219,70220000,26174
0,7022,70220000,70220000,132,219,70230000,26176
0,7023,70230000,70230000,132,219,70240000,26180
0,7024,70240000,70240000,132,219,70250000,26186
0,7025,70250000,70250000,132,219,70260000,26189
0,7026,70260000,70260000,132,219,70270000,26192
0,7027,70270000,70270000,132,219,70280000,26195
0,7028,70280000,70280000,132,219,70290000,26199
0,7029,70290000,70290000,132,219,70300000,26203
0,703,7030000,7030000,132,219,7040000,2618
0,7030,70300000,70300000,132,219,70310000,26207
0,7031,70310000,70310000,132,219,70320000,26210
0,7032,70320000,70320000,132,219,70330000,26216
0,7033,70330000,70330000,132,219,70340000,26218
0,7034,70340000,70340000,132,219,70350000,26220
0,7035,70350000,70350000,132,219,70360000,26227
0,7036,70360000,70360000,132,219,70370000,26230
0,7037,70370000,70370000,132,219,70380000,26232
0,7038,70380000,70380000,132,219,70390000,26237
0,7039,70390000,70390000,132,219,70400000,26239
0,704,7040000,7040000,132,219,7050000,2622
0,7040,70400000,70400000,132,219,70410000,26245
0,7041,70410000,70410000,132,219,70420000,26248
0,7042,70420000,70420000,132,219,70430000,26253
0,7043,70430000,70430000,132,219,70440000,26254
0,7044,70440000,70440000,132,219,70450000,26258
0,7045,70450000,70450000,132,219,70460000,26265
0,7046,70460000,70460000,132,219,70470000,26266
0,7047,70470000,70470000,132,219,70480000,26270
0,7048,70480000,70480000,132,219,70490000,26274
0,7049,70490000,70490000,132,219,70500000,26277
0,705,7050000,7050000,132,219,7060000,2627
0,7050,70500000,70500000,132,219,70510000,26282
0,7051,70510000,70510000,132,219,70520000,26285
0,7052,70520000,70520000,132,219,70530000,26290
0,7053,70530000,70530000,132,219,70540000,26293
0,7054,70540000,70540000,132,219,70550000,26295
0,7055,70550000,70550000,132,219,70560000,26298
0,7056,70560000,70560000,132,219,70570000,26306
0,7057,70570000,70570000,132,219,70580000,26309
0,7058,70580000,70580000,132,219,70590000,26310
0,7059,70590000,70590000,132,219,70600000,26315
0,706,7060000,7060000,132,219,7070000,2629
0,7060,70600000,70600000,132,219,70610000,26320
0,7061,70610000,70610000,132,219,70620000,26321
0,7062,70620000,70620000,132,219,70630000,26326
0,7063,70630000,70630000,132,219,70640000,26330
0,7064,70640000,70640000,132,219,70650000,26333
0,7065,70650000,70650000,132,219,70660000,26338
0,7066,70660000,70660000,132,219,70670000,26342
0,7067,70670000,70670000,132,219,70680000,26345
0,7068,70680000,70680000,132,219,70690000,26349
0,7069,70690000,70690000,132,219,70700000,26351
0,707,7070000,7070000,132,219,7080000,2633
0,7070,70700000,70700000,132,219,70710000,26356
0,7071,70710000,70710000,132,219,70720000,26359
0,7072,70720000,70720000,132,219,70730000,26364
0,7073,70730000,70730000,132,219,70740000,26368
0,7074,70740000,70740000,132,219,70750000,26371
0,7075,70750000,70750000,132,219,70760000,26375
0,7076,70760000,70760000,132,219,70770000,26377
0,7077,70770000,70770000,132,219,70780000,26383
0,7078,70780000,70780000,132,219,70790000,26386
0,7079,70790000,70790000,132,219,70800000,26387
0,708,7080000,7080000,132,219,7090000,2637
0,7080,70800000,70800000,132,219,70810000,26396
0,7081,70810000,70810000,132,219,70820000,26398
0,7082,70820000,70820000,132,219,70830000,26400
0,7083,70830000,70830000,132,219,70840000,26403
0,7084,70840000,70840000,132,219,70850000,26409
0,7085,70850000,70850000,132,219,70860000,26412
0,7086,70860000,70860000,132,219,70870000,26415
0,7087,70870000,70870000,132,219,70880000,26420
0,7088,70880000,70880000,132,219,70890000,26423
0,7089,70890000,70890000,132,219,70900000,26427
0,709,7090000,7090000,132,219,7100000,2640
0,7090,70900000,70900000,132,219,70910000,26431
0,7091,70910000,70910000,132,219,70920000,26434
0,7092,70920000,70920000,132,219,70930000,26439
0,7093,70930000,70930000,132,219,70940000,26441
0,7094,70940000,70940000,132,219,70950000,26444
0,7095,70950000,70950000,132,219,70960000,26450
0,7096,70960000,70960000,132,219,70970000,26454
0,7097,70970000,70970000,132,219,70980000,26456
0,7098,70980000,70980000,132,219,70990000,26461
0,7099,70990000,70990000,132,219,71000000,26463
0,71,710000,710000,132,219,720000,261
0,710,7100000,7100000,132,219,7110000,2645
0,7100,71000000,71000000,132,219,71010000,26468
0,7101,71010000,71010000,132,219,71020000,26473
0,7102,71020000,71020000,132,219,71030000,26476
0,7103,71030000,71030000,132,219,71040000,26477
0,7104,71040000,71040000,132,219,71050000,26482
0,7105,71050000,71050000,132,219,71060000,26488
0,7106,71060000,71060000,132,219,71070000,26490
0,7107,71070000,71070000,132,219,71080000,26494
0,7108,71080000,71080000,132,219,71090000,26499
0,7109,71090000,71090000,132,219,71100000,26500
0,711,7110000,7110000,132,219,7120000,2648
0,7110,71100000,71100000,132,219,71110000,26505
0,7111,71110000,71110000,132,219,71120000,26508
0,7112,71120000,71120000,132,219,71130000,26514
0,7113,71130000,71130000,132,219,71140000,26517
0,7114,71140000,71140000,132,219,71150000,26519
0,7115,71150000,71150000,132,219,71160000,26524
0,7116,71160000,71160000,132,219,71170000,26528
0,7117,71170000,71170000,132,219,71180000,26532
0,7118,71180000,71180000,132,219,71190000,26533
0,7119,71190000,71190000,132,219,71200000,26538
0,712,7120000,7120000,132,219,7130000,2653
0,7120,71200000,71200000,132,219,71210000,26544
0,7121,71210000,71210000,132,219,71220000,26545
0,7122,71220000,71220000,132,219,71230000,26552
0,7123,71230000,71230000,132,219,71240000,26554
0,7124,71240000,71240000,132,219,71250000,26556
0,7125,71250000,71250000,132,219,71260000,26561
0,7126,71260000,71260000,132,219,71270000,26565
0,7127,71270000,71270000,132,219,71280000,26567
0,7128,71280000,71280000,132,219,71290000,26573
0,7129,71290000,71290000,132,219,71300000,26577
0,713,7130000,7130000,132,219,7140000,2654
0,7130,71300000,71300000,132,219,71310000,26580
0,7131,71310000,71310000,132,219,71320000,26583
0,7132,71320000,71320000,132,219,71330000,26587
0,7133,71330000,71330000,132,219,71340000,26591
0,7134,71340000,71340000,132,219,71350000,26594
0,7135,71350000,71350000,132,219,71360000,26598
0,7136,71360000,71360000,132,219,71370000,26603
0,7137,71370000,71370000,132,219,71380000,26607
0,7138,71380000,71380000,132,219,71390000,26609
0,7139,71390000,71390000,132,219,71400000,26611
0,714,7140000,7140000,132,219,7150000,2659
0,7140,71400000,71400000,132,219,71410000,26619
0,7141,71410000,71410000,132,219,71420000,26621
0,7142,71420000,71420000,132,219,71430000,26623
0,7143,71430000,71430000,132,219,71440000,26628
0,7144,71440000,71440000,132,219,71450000,26633
0,7145,71450000,71450000,132,219,71460000,26636
0,7146,71460000,71460000,132,219,71470000,26639
0,7147,71470000,71470000,132,219,71480000,26644
0,7148,71480000,71480000,132,219,71490000,26646
0,7149,71490000,71490000,132,219,71500000,26649
0,715,7150000,7150000,132,219,7160000,2664
0,7150,71500000,71500000,132,219,71510000,26656
0,7151,71510000,71510000,132,219,71520000,26657
0,7152,71520000,71520000,132,219,71530000,26663
0,7153,71530000,71530000,132,219,71540000,26665
0,7154,71540000,71540000,132,219,71550000,26668
0,7155,71550000,71550000,132,219,71560000,26674
0,7156,71560000,71560000,132,219,71570000,26677
0,7157,71570000,71570000,132,219,71580000,26681
0,7158,71580000,71580000,132,219,71590000,26684
0,7159,71590000,71590000,132,219,71600000,26686
0,716,7160000,7160000,132,219,7170000,2666
0,7160,71600000,71600000,132,219,71610000,26691
0,7161,71610000,71610000,132,219,71620000,26697
0,7162,71620000,71620000,132,219,71630000,26700
0,7163,71630000,71630000,132,219,71640000,26701
0,7164,71640000,71640000,132,219,71650000,26707
0,7165,71650000,71650000,132,219,71660000,26711
0,7166,71660000,71660000,132,219,71670000,26713
0,7167,71670000,71670000,132,219,71680000,26717
0,7168,71680000,71680000,132,219,71690000,26723
0,7169,71690000,71690000,132,219,71700000,26724
0,717,7170000,7170000,132,219,7180000,2672
0,7170,71700000,71700000,132,219,71710000,26729
0,7171,71710000,71710000,132,219,71720000,26733
0,7172,71720000,71720000,132,219,71730000,26737
0,7173,71730000,71730000,132,219,71740000,26740
0,7174,71740000,71740000,132,219,71750000,26742
0,7175,71750000,71750000,132,219,71760000,26747
0,7176,71760000,71760000,132,219,71770000,26752
0,7177,71770000,71770000,132,219,71780000,26756
0,7178,71780000,71780000,132,219,71790000,26759
0,7179,71790000,71790000,132,219,71800000,26762
0,718,7180000,7180000,132,219,7190000,2674
0,7180,71800000,71800000,132,219,71810000,26767
0,7181,71810000,71810000,132,219,71820000,26768
0,7182,71820000,71820000,132,219,71830000,26774
0,7183,71830000,71830000,132,219,71840000,26777
0,7184,71840000,71840000,132,219,71850000,26780
0,7185,71850000,71850000,132,219,71860000,26787
0,7186,71860000,71860000,132,219,71870000,26789
0,7187,71870000,71870000,132,219,71880000,26791
0,7188,71880000,71880000,132,219,71890000,26796
0,7189,71890000,71890000,132,219,71900000,26800
0,719,7190000,7190000,132,219,7200000,2675
0,7190,71900000,71900000,132,219,71910000,26803
0,7191,71910000,71910000,132,219,71920000,26806
0,7192,71920000,71920000,132,219,71930000,26813
0,7193,71930000,71930000,132,219,71940000,26814
0,7194,71940000,71940000,132,219,71950000,26818
0,7195,71950000,71950000,132,219,71960000,26822
0,7196,71960000,71960000,132,219,71970000,26826
0,7197,71970000,71970000,132,219,71980000,26830
0,7198,71980000,71980000,132,219,71990000,26832
0,7199,71990000,71990000,132,219,72000000,26836
0,72,720000,720000,132,219,730000,267
0,720,7200000,7200000,132,219,7210000,2683
0,7200,72000000,72000000,132,219,72010000,26843
0,7201,72010000,72010000,132,219,72020000,26845
0,7202,72020000,72020000,132,219,72030000,26847
0,7203,72030000,72030000,132,219,72040000,26852
0,7204,72040000,72040000,132,219,72050000,26855
0,7205,72050000,72050000,132,219,72060000,26859
0,7206,72060000,72060000,132,219,72070000,26864
0,7207,72070000,72070000,132,219,72080000,26867
0,7208,72080000,72080000,132,219,72090000,26870
0,7209,72090000,72090000,132,219,72100000,26873
0,721,7210000,7210000,132,219,7220000,2687
0,7210,72100000,72100000,132,219,72110000,26880
0,7211,72110000,72110000,132,219,72120000,26881
0,7212,72120000,72120000,132,219,72130000,26886
0,7213,72130000,72130000,132,219,72140000,26890
0,7214,72140000,72140000,132,219,72150000,26891
0,7215,72150000,72150000,132,219,72160000,26896
0,7216,72160000,72160000,132,219,72170000,26901
0,7217,72170000,72170000,132,219,72180000,26905
0,7218,72180000,72180000,132,219,72190000,26908
0,7219,72190000,72190000,132,219,72200000,26910
0,722,7220000,7220000,132,219,7230000,2689
0,7220,72200000,72200000,132,219,72210000,26916
0,7221,72210000,72210000,132,219,72220000,26920
0,7222,72220000,72220000,132,219,72230000,26923
0,7223,72230000,72230000,132,219,72240000,26924
0,7224,72240000,72240000,132,219,72250000,26931
0,7225,72250000,72250000,132,219,72260000,26935
0,7226,72260000,72260000,132,219,72270000,26936
0,7227,72270000,72270000,132,219,72280000,26943
0,7228,72280000,72280000,132,219,72290000,26946
0,7229,72290000,72290000,132,219,72300000,26947
0,723,7230000,7230000,132,219,7240000,2692
0,7230,72300000,72300000,132,219,72310000,26952
0,7231,72310000,72310000,132,219,72320000,26956
0,7232,72320000,72320000,132,219,72330000,26961
0,7233,72330000,72330000,132,219,72340000,26964
0,7234,72340000,72340000,132,219,72350000,26968
0,7235,72350000,72350000,132,219,72360000,26971
0,7236,72360000,72360000,132,219,72370000,26975
0,7237,72370000,72370000,132,219,72380000,26978
0,7238,72380000,72380000,132,219,72390000,26982
0,7239,72390000,72390000,132,219,72400000,26985
0,724,7240000,7240000,132,219,7250000,2697
0,7240,72400000,72400000,132,219,72410000,26991
0,7241,72410000,72410000,132,219,72420000,26994
0,7242,72420000,72420000,132,219,72430000,26998
0,7243,72430000,72430000,132,219,72440000,27001
0,7244,72440000,72440000,132,219,72450000,27003
0,7245,72450000,72450000,132,219,72460000,27010
0,7246,72460000,72460000,132,219,72470000,27012
0,7247,72470000,72470000,132,219,72480000,27014
0,7248,72480000,72480000,132,219,72490000,27021
0,7249,72490000,72490000,132,219,72500000,27024
0,725,7250000,7250000,132,219,7260000,2700
0,7250,72500000,72500000,132,219,72510000,27027
0,7251,72510000,72510000,132,219,72520000,27030
0,7252,72520000,72520000,132,219,72530000,27036
0,7253,72530000,72530000,132,219,72540000,27037
0,7254,72540000,72540000,132,219,72550000,27041
0,7255,72550000,72550000,132,219,72560000,27047
0,7256,72560000,72560000,132,219,72570000,27050
0,7257,72570000,72570000,132,219,72580000,27054
0,7258,72580000,72580000,132,219,72590000,27056
0,7259,72590000,72590000,132,219,72600000,27059
0,726,7260000,7260000,132,219,7270000,2704
0,7260,72600000,72600000,132,219,72610000,27066
0,7261,72610000,72610000,132,219,72620000,27068
0,7262,72620000,72620000,132,219,72630000,27072
0,7263,72630000,72630000,132,219,72640000,27075
0,7264,72640000,72640000,132,219,72650000,27079
0,7265,72650000,72650000,132,219,72660000,27083
0,7266,72660000,72660000,132,219,72670000,27088
0,7267,72670000,72670000,132,219,72680000,27091
0,7268,72680000,72680000,132,219,72690000,27093
0,7269,72690000,72690000,132,219,72700000,27098
0,727,7270000,7270000,132,219,7280000,2707
0,7270,72700000,72700000,132,219,72710000,27102
0,7271,72710000,72710000,132,219,72720000,27104
0,7272,72720000,72720000,132,219,72730000,27110
0,7273,72730000,72730000,132,219,72740000,27114
0,7274,72740000,72740000,132,219,72750000,27115
0,7275,72750000,72750000,132,219,72760000,27120
0,7276,72760000,72760000,132,219,72770000,27126
0,7277,72770000,72770000,132,219,72780000,27128
0,7278,72780000,72780000,132,219,72790000,27131
0,7279,72790000,72790000,132,219,72800000,27133
0,728,7280000,7280000,132,219,7290000,2712
0,7280,72800000,72800000,132,219,72810000,27140
0,7281,72810000,72810000,132,219,72820000,27143
0,7282,72820000,72820000,132,219,72830000,27147
0,7283,72830000,72830000,132,219,72840000,27150
0,7284,72840000,72840000,132,219,72850000,27154
0,7285,72850000,72850000,132,219,72860000,27158
0,7286,72860000,72860000,132,219,72870000,27159
0,7287,72870000,72870000,132,219,72880000,27166
0,7288,72880000,72880000,132,219,72890000,27170
0,7289,72890000,72890000,132,219,72900000,27171
0,729,7290000,7290000,132,219,7300000,2715
0,7290,72900000,72900000,132,219,72910000,27178
0,7291,72910000,72910000,132,219,72920000,27180
0,7292,72920000,72920000,132,219,72930000,27183
0,7293,72930000,72930000,132,219,72940000,27187
0,7294,72940000,72940000,132,219,72950000,27191
0,7295,72950000,72950000,132,219,72960000,27194
0,7296,72960000,72960000,132,219,72970000,27199
0,7297,72970000,72970000,132,219,72980000,27204
0,7298,72980000,72980000,132,219,72990000,27206
0,7299,72990000,72990000,132,219,73000000,27209
0,73,730000,730000,132,219,740000,271
0,730,7300000,7300000,132,219,7310000,2719
0,7300,73000000,73000000,132,219,73010000,27214
0,7301,73010000,73010000,132,219,73020000,27217
0,7302,73020000,73020000,132,219,73030000,27221
0,7303,73030000,73030000,132,219,73040000,27223
0,7304,73040000,73040000,132,219,73050000,27229
0,7305,73050000,73050000,132,219,73060000,27234
0,7306,73060000,73060000,132,219,73070000,27236
0,7307,73070000,73070000,132,219,73080000,27238
0,7308,73080000,73080000,132,219,73090000,27244
0,7309,73090000,73090000,132,219,73100000,27247
0,731,7310000,7310000,132,219,7320000,2723
0,7310,73100000,73100000,132,219,73110000,27250
0,7311,73110000,73110000,132,219,73120000,27255
0,7312,73120000,73120000,132,219,73130000,27260
0,7313,73130000,73130000,132,219,73140000,27261
0,7314,73140000,73140000,132,219,73150000,27264
0,7315,73150000,73150000,132,219,73160000,27271
0,7316,73160000,73160000,132,219,73170000,27273
0,7317,73170000,73170000,132,219,73180000,27277
0,7318,73180000,73180000,132,219,73190000,27281
0,7319,73190000,73190000,132,219,73200000,27282
0,732,7320000,7320000,132,219,7330000,2728
0,7320,73200000,73200000,132,219,73210000,27290
0,7321,73210000,73210000,132,219,73220000,27292
0,7322,73220000,73220000,132,219,73230000,27296
0,7323,73230000,73230000,132,219,73240000,27299
0,7324,73240000,73240000,132,219,73250000,27302
0,7325,73250000,73250000,132,219,73260000,27307
0,7326,73260000,73260000,132,219,73270000,27311
0,7327,73270000,73270000,132,219,73280000,27314
0,7328,73280000,73280000,132,219,73290000,27317
0,7329,73290000,73290000,132,219,73300000,27322
0,733,7330000,7330000,132,219,7340000,2730
0,7330,73300000,73300000,132,219,73310000,27326
0,7331,73310000,73310000,132,219,73320000,27328
0,7332,73320000,73320000,132,219,73330000,27335
0,7333,73330000,73330000,132,219,73340000,27337
0,7334,73340000,73340000,132,219,73350000,27338
0,7335,73350000,73350000,132,219,73360000,27343
0,7336,73360000,73360000,132,219,73370000,27349
0,7337,73370000,73370000,132,219,73380000,27352
0,7338,73380000,73380000,132,219,73390000,27355
0,7339,73390000,73390000,132,219,73400000,27359
0,734,7340000,7340000,132,219,7350000,2731
0,7340,73400000,73400000,132,219,73410000,27363
0,7341,73410000,73410000,132,219,73420000,27366
0,7342,73420000,73420000,132,219,73430000,27370
0,7343,73430000,73430000,132,219,73440000,27373
0,7344,73440000,73440000,132,219,73450000,27378
0,7345,73450000,73450000,132,219,73460000,27382
0,7346,73460000,73460000,132,219,73470000,27385
0,7347,73470000,73470000,132,219,73480000,27389
0,7348,73480000,73480000,132,219,73490000,27393
0,7349,73490000,73490000,132,219,73500000,27394
0,735,7350000,7350000,132,219,7360000,2738
0,7350,73500000,73500000,132,219,73510000,27401
0,7351,73510000,73510000,132,219,73520000,27403
0,7352,73520000,73520000,132,219,73530000,27407
0,7353,73530000,73530000,132,219,73540000,27413
0,7354,73540000,73540000,132,219,73550000,27415
0,7355,73550000,73550000,132,219,73560000,27418
0,7356,73560000,73560000,132,219,73570000,27422
0,7357,73570000,73570000,132,219,73580000,27427
0,7358,73580000,73580000,132,219,73590000,27428
0,7359,73590000,73590000,132,219,73600000,27432
0,736,7360000,7360000,132,219,7370000,2742
0,7360,73600000,73600000,132,219,73610000,27440
0,7361,73610000,73610000,132,219,73620000,27441
0,7362,73620000,73620000,132,219,73630000,27445
0,7363,73630000,73630000,132,219,73640000,27447
0,7364,73640000,73640000,132,219,73650000,27452
0,7365,73650000,73650000,132,219,73660000,27457
0,7366,73660000,73660000,132,219,73670000,27459
0,7367,73670000,73670000,132,219,73680000,27463
0,7368,73680000,73680000,132,219,73690000,27468
0,7369,73690000,73690000,132,219,73700000,27470
0,737,7370000,7370000,132,219,7380000,2745
0,7370,73700000,73700000,132,219,73710000,27474
0,7371,73710000,73710000,132,219,73720000,27479
0,7372,73720000,73720000,132,219,73730000,27483
0,7373,73730000,73730000,132,219,73740000,27484
0,7374,73740000,73740000,132,219,73750000,27489
0,7375,73750000,73750000,132,219,73760000,27494
0,7376,73760000,73760000,132,219,73770000,27497
0,7377,73770000,73770000,132,219,73780000,27501
0,7378,73780000,73780000,132,219,73790000,27505
0,7379,73790000,73790000,132,219,73800000,27506
0,738,7380000,7380000,132,219,7390000,2750
0,7380,73800000,73800000,132,219,73810000,27512
0,7381,73810000,73810000,132,219,73820000,27517
0,7382,73820000,73820000,132,219,73830000,27519
0,7383,73830000,73830000,132,219,73840000,27522
0,7384,73840000,73840000,132,219,73850000,27526
0,7385,73850000,73850000,132,219,73860000,27531
0,7386,73860000,73860000,132,219,73870000,27535
0,7387,73870000,73870000,132,219,73880000,27538
0,7388,73880000,73880000,132,219,73890000,27542
0,7389,73890000,73890000,132,219,73900000,27545
0,739,7390000,7390000,132,219,7400000,2752
0,7390,73900000,73900000,132,219,73910000,27549
0,7391,73910000,73910000,132,219,73920000,27550
0,7392,73920000,73920000,132,219,73930000,27559
0,7393,73930000,73930000,132,219,73940000,27561
0,7394,73940000,73940000,132,219,73950000,27562
0,7395,73950000,73950000,132,219,73960000,27569
0,7396,73960000,73960000,132,219,73970000,27572
0,7397,73970000,73970000,132,219,73980000,27575
0,7398,73980000,73980000,132,219,73990000,27578
0,7399,73990000,73990000,132,219,74000000,27582
0,74,740000,740000,132,219,750000,272
0,740,7400000,7400000,132,219,7410000,2756
0,7400,74000000,74000000,132,219,74010000,27587
0,7401,74010000,74010000,132,219,74020000,27590
0,7402,74020000,74020000,132,219,74030000,27595
0,7403,74030000,74030000,132,219,74040000,27597
0,7404,74040000,74040000,132,219,74050000,27601
0,7405,74050000,74050000,132,219,74060000,27605
0,7406,74060000,74060000,132,219,74070000,27608
0,7407,74070000,74070000,132,219,74080000,27612
0,7408,74080000,74080000,132,219,74090000,27617
0,7409,74090000,74090000,132,219,74100000,27620
0,741,7410000,7410000,132,219,7420000,2759
0,7410,74100000,74100000,132,219,74110000,27625
0,7411,74110000,74110000,132,219,74120000,27627
0,7412,74120000,74120000,132,219,74130000,27630
0,7413,74130000,74130000,132,219,74140000,27635
0,7414,74140000,74140000,132,219,74150000,27638
0,7415,74150000,74150000,132,219,74160000,27641
0,7416,74160000,74160000,132,219,74170000,27648
0,7417,74170000,74170000,132,219,74180000,27651
0,7418,74180000,74180000,132,219,74190000,27652
0,7419,74190000,74190000,132,219,74200000,27656
0,742,7420000,7420000,132,219,7430000,2765
0,7420,74200000,74200000,132,219,74210000,27663
0,7421,74210000,74210000,132,219,74220000,27664
0,7422,74220000,74220000,132,219,74230000,27668
0,7423,74230000,74230000,132,219,74240000,27672
0,7424,74240000,74240000,132,219,74250000,27675
0,7425,74250000,74250000,132,219,74260000,27681
0,7426,74260000,74260000,132,219,74270000,27683
0,7427,74270000,74270000,132,219,74280000,27687
0,7428,74280000,74280000,132,219,74290000,27691
0,7429,74290000,74290000,132,219,74300000,27693
0,743,7430000,7430000,132,219,7440000,2766
0,7430,74300000,74300000,132,219,74310000,27699
0,7431,74310000,74310000,132,219,74320000,27702
0,7432,74320000,74320000,132,219,74330000,27707
0,7433,74330000,74330000,132,219,74340000,27708
0,7434,74340000,74340000,132,219,74350000,27713
0,7435,74350000,74350000,132,219,74360000,27717
0,7436,74360000,74360000,132,219,74370000,27720
0,7437,74370000,74370000,132,219,74380000,27726
0,7438,74380000,74380000,132,219,74390000,27728
0,7439,74390000,74390000,132,219,74400000,27729
0,744,7440000,7440000,132,219,7450000,2771
0,7440,74400000,74400000,132,219,74410000,27736
0,7441,74410000,74410000,132,219,74420000,27741
0,7442,74420000,74420000,132,219,74430000,27743
0,7443,74430000,74430000,132,219,74440000,27746
0,7444,74440000,74440000,132,219,74450000,27751
0,7445,74450000,74450000,132,219,74460000,27754
0,7446,74460000,74460000,132,219,74470000,27757
0,7447,74470000,74470000,132,219,74480000,27761
0,7448,74480000,74480000,132,219,74490000,27766
0,7449,74490000,74490000,132,219,74500000,27769
0,745,7450000,7450000,132,219,7460000,2777
0,7450,74500000,74500000,132,219,74510000,27773
0,7451,74510000,74510000,132,219,74520000,27776
0,7452,74520000,74520000,132,219,74530000,27782
0,7453,74530000,74530000,132,219,74540000,27784
0,7454,74540000,74540000,132,219,74550000,27785
0,7455,74550000,74550000,132,219,74560000,27792
0,7456,74560000,74560000,132,219,74570000,27796
0,7457,74570000,74570000,132,219,74580000,27798
0,7458,74580000,74580000,132,219,74590000,27804
0,7459,74590000,74590000,132,219,74600000,27806
0,746,7460000,7460000,132,219,7470000,2778
0,7460,74600000,74600000,132,219,74610000,27810
0,7461,74610000,74610000,132,219,74620000,27813
0,7462,74620000,74620000,132,219,74630000,27818
0,7463,74630000,74630000,132,219,74640000,27820
0,7464,74640000,74640000,132,219,74650000,27825
0,7465,74650000,74650000,132,219,74660000,27831
0,7466,74660000,74660000,132,219,74670000,27832
0,7467,74670000,74670000,132,219,74680000,27836
0,7468,74680000,74680000,132,219,74690000,27839
0,7469,74690000,74690000,132,219,74700000,27843
0,747,7470000,7470000,132,219,7480000,2782
0,7470,74700000,74700000,132,219,74710000,27848
0,7471,74710000,74710000,132,219,74720000,27850
0,7472,74720000,74720000,132,219,74730000,27856
0,7473,74730000,74730000,132,219,74740000,27859
0,7474,74740000,74740000,132,219,74750000,27862
0,7475,74750000,74750000,132,219,74760000,27865
0,7476,74760000,74760000,132,219,74770000,27871
0,7477,74770000,74770000,132,219,74780000,27874
0,7478,74780000,74780000,132,219,74790000,27875
0,7479,74790000,74790000,132,219,74800000,27880
0,748,7480000,7480000,132,219,7490000,2786
0,7480,74800000,74800000,132,219,74810000,27887
0,7481,74810000,74810000,132,219,74820000,27888
0,7482,74820000,74820000,132,219,74830000,27892
0,7483,74830000,74830000,132,219,74840000,27896
0,7484,74840000,74840000,132,219,74850000,27898
0,7485,74850000,74850000,132,219,74860000,27904
0,7486,74860000,74860000,132,219,74870000,27908
0,7487,74870000,74870000,132,219,74880000,27910
0,7488,74880000,74880000,132,219,74890000,27915
0,7489,74890000,74890000,132,219,74900000,27917
0,749,7490000,7490000,132,219,7500000,2789
0,7490,74900000,74900000,132,219,74910000,27922
0,7491,74910000,74910000,132,219,74920000,27926
0,7492,74920000,74920000,132,219,74930000,27930
0,7493,74930000,74930000,132,219,74940000,27933
0,7494,74940000,74940000,132,219,74950000,27936
0,7495,74950000,74950000,132,219,74960000,27940
0,7496,74960000,74960000,132,219,74970000,27944
0,7497,74970000,74970000,132,219,74980000,27950
0,7498,74980000,74980000,132,219,74990000,27952
0,7499,74990000,74990000,132,219,75000000,27953
0,75,750000,750000,132,219,760000,277
0,750,7500000,7500000,132,219,7510000,2794
0,7500,75000000,75000000,132,219,75010000,27961
0,7501,75010000,75010000,132,219,75020000,27963
0,7502,75020000,75020000,132,219,75030000,27966
0,7503,75030000,75030000,132,219,75040000,27969
0,7504,75040000,75040000,132,219,75050000,27975
0,7505,75050000,75050000,132,219,75060000,27978
0,7506,75060000,75060000,132,219,75070000,27981
0,7507,75070000,75070000,132,219,75080000,27987
0,7508,75080000,75080000,132,219,75090000,27989
0,7509,75090000,75090000,132,219,75100000,27992
0,751,7510000,7510000,132,219,7520000,2796
0,7510,75100000,75100000,132,219,75110000,27996
0,7511,75110000,75110000,132,219,75120000,27999
0,7512,75120000,75120000,132,219,75130000,28005
0,7513,75130000,75130000,132,219,75140000,28008
0,7514,75140000,75140000,132,219,75150000,28011
0,7515,75150000,75150000,132,219,75160000,28016
0,7516,75160000,75160000,132,219,75170000,28019
0,7517,75170000,75170000,132,219,75180000,28021
0,7518,75180000,75180000,132,219,75190000,28027
0,7519,75190000,75190000,132,219,75200000,28029
0,752,7520000,7520000,132,219,7530000,2802
0,7520,75200000,75200000,132,219,75210000,28034
0,7521,75210000,75210000,132,219,75220000,28039
0,7522,75220000,75220000,132,219,75230000,28042
0,7523,75230000,75230000,132,219,75240000,28043
0,7524,75240000,75240000,132,219,75250000,28048
0,7525,75250000,75250000,132,219,75260000,28054
0,7526,75260000,75260000,132,219,75270000,28055
0,7527,75270000,75270000,132,219,75280000,28059
0,7528,75280000,75280000,132,219,75290000,28065
0,7529,75290000,75290000,132,219,75300000,28067
0,753,7530000,7530000,132,219,7540000,2806
0,7530,75300000,75300000,132,219,75310000,28072
0,7531,75310000,75310000,132,219,75320000,28074
0,7532,75320000,75320000,132,219,75330000,28079
0,7533,75330000,75330000,132,219,75340000,28082
0,7534,75340000,75340000,132,219,75350000,28084
0,7535,75350000,75350000,132,219,75360000,28090
0,7536,75360000,75360000,132,219,75370000,28095
0,7537,75370000,75370000,132,219,75380000,28098
0,7538,75380000,75380000,132,219,75390000,28099
0,7539,75390000,75390000,132,219,75400000,28104
0,754,7540000,7540000,132,219,7550000,2808
0,7540,75400000,75400000,132,219,75410000,28110
0,7541,75410000,75410000,132,219,75420000,28111
0,7542,75420000,75420000,132,219,75430000,28117
0,7543,75430000,75430000,132,219,75440000,28119
0,7544,75440000,75440000,132,219,75450000,28122
0,7545,75450000,75450000,132,219,75460000,28127
0,7546,75460000,75460000,132,219,75470000,28132
0,7547,75470000,75470000,132,219,75480000,28134
0,7548,75480000,75480000,132,219,75490000,28138
0,7549,75490000,75490000,132,219,75500000,28142
0,755,7550000,7550000,132,219,7560000,2811
0,7550,75500000,75500000,132,219,75510000,28145
0,7551,75510000,75510000,132,219,75520000,28149
0,7552,75520000,75520000,132,219,75530000,28154
0,7553,75530000,75530000,132,219,75540000,28157
0,7554,75540000,75540000,132,219,75550000,28160
0,7555,75550000,75550000,132,219,75560000,28164
0,7556,75560000,75560000,132,219,75570000,28168
0,7557,75570000,75570000,132,219,75580000,28173
0,7558,75580000,75580000,132,219,75590000,28175
0,7559,75590000,75590000,132,219,75600000,28176
0,756,7560000,7560000,132,219,7570000,2817
0,7560,75600000,75600000,132,219,75610000,28185
0,7561,75610000,75610000,132,219,75620000,28187
0,7562,75620000,75620000,132,219,75630000,28190
0,7563,75630000,75630000,132,219,75640000,28195
0,7564,75640000,75640000,132,219,75650000,28198
0,7565,75650000,75650000,132,219,75660000,28201
0,7566,75660000,75660000,132,219,75670000,28204
0,7567,75670000,75670000,132,219,75680000,28209
0,7568,75680000,75680000,132,219,75690000,28213
0,7569,75690000,75690000,132,219,75700000,28216
0,757,7570000,7570000,132,219,7580000,2820
0,7570,75700000,75700000,132,219,75710000,28222
0,7571,75710000,75710000,132,219,75720000,28223
0,7572,75720000,75720000,132,219,75730000,28228
0,7573,75730000,75730000,132,219,75740000,28231
0,7574,75740000,75740000,132,219,75750000,28234
0,7575,75750000,75750000,132,219,75760000,28239
0,7576,75760000,75760000,132,219,75770000,28243
0,7577,75770000,75770000,132,219,75780000,28247
0,7578,75780000,75780000,132,219,75790000,28250
0,7579,75790000,75790000,132,219,75800000,28253
0,758,7580000,7580000,132,219,7590000,2821
0,7580,75800000,75800000,132,219,75810000,28257
0,7581,75810000,75810000,132,219,75820000,28262
0,7582,75820000,75820000,132,219,75830000,28265
0,7583,75830000,75830000,132,219,75840000,28266
0,7584,75840000,75840000,132,219,75850000,28274
0,7585,75850000,75850000,132,219,75860000,28278
0,7586,75860000,75860000,132,219,75870000,28279
0,7587,75870000,75870000,132,219,75880000,28283
0,7588,75880000,75880000,132,219,75890000,28288
0,7589,75890000,75890000,132,219,75900000,28289
0,759,7590000,7590000,132,219,7600000,2827
0,7590,75900000,75900000,132,219,75910000,28295
0,7591,75910000,75910000,132,219,75920000,28299
0,7592,75920000,75920000,132,219,75930000,28303
0,7593,75930000,75930000,132,219,75940000,28306
0,7594,75940000,75940000,132,219,75950000,28308
0,7595,75950000,75950000,132,219,75960000,28314
0,7596,75960000,75960000,132,219,75970000,28318
0,7597,75970000,75970000,132,219,75980000,28321
0,7598,75980000,75980000,132,219,75990000,28324
0,7599,75990000,75990000,132,219,76000000,28327
0,76,760000,760000,132,219,770000,280
0,760,7600000,7600000,132,219,7610000,2833
0,7600,76000000,76000000,132,219,76010000,28333
0,7601,76010000,76010000,132,219,76020000,28335
0,7602,76020000,76020000,132,219,76030000,28341
0,7603,76030000,76030000,132,219,76040000,28343
0,7604,76040000,76040000,132,219,76050000,28345
0,7605,76050000,76050000,132,219,76060000,28352
0,7606,76060000,76060000,132,219,76070000,28355
0,7607,76070000,76070000,132,219,76080000,28357
0,7608,76080000,76080000,132,219,76090000,28362
0,7609,76090000,76090000,132,219,76100000,28366
0,761,7610000,7610000,132,219,7620000,2834
0,7610,76100000,76100000,132,219,76110000,28369
0,7611,76110000,76110000,132,219,76120000,28372
0,7612,76120000,76120000,132,219,76130000,28379
0,7613,76130000,76130000,132,219,76140000,28380
0,7614,76140000,76140000,132,219,76150000,28383
0,7615,76150000,76150000,132,219,76160000,28387
0,7616,76160000,76160000,132,219,76170000,28392
0,7617,76170000,76170000,132,219,76180000,28397
0,7618,76180000,76180000,132,219,76190000,28399
0,7619,76190000,76190000,132,219,76200000,28402
0,762,7620000,7620000,132,219,7630000,2838
0,7620,76200000,76200000,132,219,76210000,28408
0,7621,76210000,76210000,132,219,76220000,28410
0,7622,76220000,76220000,132,219,76230000,28412
0,7623,76230000,76230000,132,219,76240000,28418
0,7624,76240000,76240000,132,219,76250000,28422
0,7625,76250000,76250000,132,219,76260000,28425
0,7626,76260000,76260000,132,219,76270000,28430
0,7627,76270000,76270000,132,219,76280000,28433
0,7628,76280000,76280000,132,219,76290000,28436
0,7629,76290000,76290000,132,219,76300000,28439
0,763,7630000,7630000,132,219,7640000,2842
0,7630,76300000,76300000,132,219,76310000,28445
0,7631,76310000,76310000,132,219,76320000,28446
0,7632,76320000,76320000,132,219,76330000,28452
0,7633,76330000,76330000,132,219,76340000,28456
0,7634,76340000,76340000,132,219,76350000,28458
0,7635,76350000,76350000,132,219,76360000,28463
0,7636,76360000,76360000,132,219,76370000,28466
0,7637,76370000,76370000,132,219,76380000,28470
0,7638,76380000,76380000,132,219,76390000,28473
0,7639,76390000,76390000,132,219,76400000,28476
0,764,7640000,7640000,132,219,7650000,2845
0,7640,76400000,76400000,132,219,76410000,28483
0,7641,76410000,76410000,132,219,76420000,28486
0,7642,76420000,76420000,132,219,76430000,28489
0,7643,76430000,76430000,132,219,76440000,28490
0,7644,76440000,76440000,132,219,76450000,28496
0,7645,76450000,76450000,132,219,76460000,28501
0,7646,76460000,76460000,132,219,76470000,28502
0,7647,76470000,76470000,132,219,76480000,28508
0,7648,76480000,76480000,132,219,76490000,28512
0,7649,76490000,76490000,132,219,76500000,28513
0,765,7650000,7650000,132,219,7660000,2850
0,7650,76500000,76500000,132,219,76510000,28519
0,7651,76510000,76510000,132,219,76520000,28523
0,7652,76520000,76520000,132,219,76530000,28526
0,7653,76530000,76530000,132,219,76540000,28529
0,7654,76540000,76540000,132,219,76550000,28533
0,7655,76550000,76550000,132,219,76560000,28536
0,7656,76560000,76560000,132,219,76570000,28542
0,7657,76570000,76570000,132,219,76580000,28545
0,7658,76580000,76580000,132,219,76590000,28548
0,7659,76590000,76590000,132,219,76600000,28551
0,766,7660000,7660000,132,219,7670000,2854
0,7660,76600000,76600000,132,219,76610000,28556
0,7661,76610000,76610000,132,219,76620000,28560
0,7662,76620000,76620000,132,219,76630000,28564
0,7663,76630000,76630000,132,219,76640000,28566
0,7664,76640000,76640000,132,219,76650000,28569
0,7665,76650000,76650000,132,219,76660000,28576
0,7666,76660000,76660000,132,219,76670000,28578
0,7667,76670000,76670000,132,219,76680000,28581
0,7668,76680000,76680000,132,219,76690000,28587
0,7669,76690000,76690000,132,219,76700000,28589
0,767,7670000,7670000,132,219,7680000,2856
0,7670,76700000,76700000,132,219,76710000,28592
0,7671,76710000,76710000,132,219,76720000,28595
0,7672,76720000,76720000,132,219,76730000,28603
0,7673,76730000,76730000,132,219,76740000,28604
0,7674,76740000,76740000,132,219,76750000,28607
0,7675,76750000,76750000,132,219,76760000,28613
0,7676,76760000,76760000,132,219,76770000,28615
0,7677,76770000,76770000,132,219,76780000,28619
0,7678,76780000,76780000,132,219,76790000,28622
0,7679,76790000,76790000,132,219,76800000,28625
0,768,7680000,7680000,132,219,7690000,2861
0,7680,76800000,76800000,132,219,76810000,28632
0,7681,76810000,76810000,132,219,76820000,28634
0,7682,76820000,76820000,132,219,76830000,28638
0,7683,76830000,76830000,132,219,76840000,28642
0,7684,76840000,76840000,132,219,76850000,28645
0,7685,76850000,76850000,132,219,76860000,28648
0,7686,76860000,76860000,132,219,76870000,28653
0,7687,76870000,76870000,132,219,76880000,28656
0,7688,76880000,76880000,132,219,76890000,28659
0,7689,76890000,76890000,132,219,76900000,28665
0,769,7690000,7690000,132,219,7700000,2863
0,7690,76900000,76900000,132,219,76910000,28669
0,7691,76910000,76910000,132,219,76920000,28670
0,7692,76920000,76920000,132,219,76930000,28675
0,7693,76930000,76930000,132,219,76940000,28679
0,7694,76940000,76940000,132,219,76950000,28681
0,7695,76950000,76950000,132,219,76960000,28686
0,7696,76960000,76960000,132,219,76970000,28692
0,7697,76970000,76970000,132,219,76980000,28694
0,7698,76980000,76980000,132,219,76990000,28697
0,7699,76990000,76990000,132,219,77000000,28699
0,77,770000,770000,132,219,780000,285
0,770,7700000,7700000,132,219,7710000,2869
0,7700,77000000,77000000,132,219,77010000,28706
0,7701,77010000,77010000,132,219,77020000,28709
0,7702,77020000,77020000,132,219,77030000,28712
0,7703,77030000,77030000,132,219,77040000,28715
0,7704,77040000,77040000,132,219,77050000,28720
0,7705,77050000,77050000,132,219,77060000,28725
0,7706,77060000,77060000,132,219,77070000,28726
0,7707,77070000,77070000,132,219,77080000,28732
0,7708,77080000,77080000,132,219,77090000,28735
0,7709,77090000,77090000,132,219,77100000,28736
0,771,7710000,7710000,132,219,7720000,2872
0,7710,77100000,77100000,132,219,77110000,28743
0,7711,77110000,77110000,132,219,77120000,28746
0,7712,77120000,77120000,132,219,77130000,28750
0,7713,77130000,77130000,132,219,77140000,28753
0,7714,77140000,77140000,132,219,77150000,28757
0,7715,77150000,77150000,132,219,77160000,28760
0,7716,77160000,77160000,132,219,77170000,28765
0,7717,77170000,77170000,132,219,77180000,28770
0,7718,77180000,77180000,132,219,77190000,28771
0,7719,77190000,77190000,132,219,77200000,28774
0,772,7720000,7720000,132,219,7730000,2876
0,7720,77200000,77200000,132,219,77210000,28780
0,7721,77210000,77210000,132,219,77220000,28783
0,7722,77220000,77220000,132,219,77230000,28788
0,7723,77230000,77230000,132,219,77240000,28790
0,7724,77240000,77240000,132,219,77250000,28794
0,7725,77250000,77250000,132,219,77260000,28799
0,7726,77260000,77260000,132,219,77270000,28801
0,7727,77270000,77270000,132,219,77280000,28804
0,7728,77280000,77280000,132,219,77290000,28811
0,7729,77290000,77290000,132,219,77300000,28813
0,773,7730000,7730000,132,219,7740000,2879
0,7730,77300000,77300000,132,219,77310000,28816
0,7731,77310000,77310000,132,219,77320000,28821
0,7732,77320000,77320000,132,219,77330000,28825
0,7733,77330000,77330000,132,219,77340000,28827
0,7734,77340000,77340000,132,219,77350000,28830
0,7735,77350000,77350000,132,219,77360000,28836
0,7736,77360000,77360000,132,219,77370000,28839
0,7737,77370000,77370000,132,219,77380000,28843
0,7738,77380000,77380000,132,219,77390000,28848
0,7739,77390000,77390000,132,219,77400000,28849
0,774,7740000,7740000,132,219,7750000,2882
0,7740,77400000,77400000,132,219,77410000,28855
0,7741,77410000,77410000,132,219,77420000,28857
0,7742,77420000,77420000,132,219,77430000,28861
0,7743,77430000,77430000,132,219,77440000,28864
0,7744,77440000,77440000,132,219,77450000,28869
0,7745,77450000,77450000,132,219,77460000,28874
0,7746,77460000,77460000,132,219,77470000,28877
0,7747,77470000,77470000,132,219,77480000,28880
0,7748,77480000,77480000,132,219,77490000,28882
0,7749,77490000,77490000,132,219,77500000,28888
0,775,7750000,7750000,132,219,7760000,2887
0,7750,77500000,77500000,132,219,77510000,28892
0,7751,77510000,77510000,132,219,77520000,28893
0,7752,77520000,77520000,132,219,77530000,28901
0,7753,77530000,77530000,132,219,77540000,28903
0,7754,77540000,77540000,132,219,77550000,28904
0,7755,77550000,77550000,132,219,77560000,28910
0,7756,77560000,77560000,132,219,77570000,28915
0,7757,77570000,77570000,132,219,77580000,28917
0,7758,77580000,77580000,132,219,77590000,28920
0,7759,77590000,77590000,132,219,77600000,28924
0,776,7760000,7760000,132,219,7770000,2890
0,7760,77600000,77600000,132,219,77610000,28930
0,7761,77610000,77610000,132,219,77620000,28933
0,7762,77620000,77620000,132,219,77630000,28936
0,7763,77630000,77630000,132,219,77640000,28939
0,7764,77640000,77640000,132,219,77650000,28943
0,7765,77650000,77650000,132,219,77660000,28947
0,7766,77660000,77660000,132,219,77670000,28951
0,7767,77670000,77670000,132,219,77680000,28955
0,7768,77680000,77680000,132,219,77690000,28959
0,7769,77690000,77690000,132,219,77700000,28960
0,777,7770000,7770000,132,219,7780000,2896
0,7770,77700000,77700000,132,219,77710000,28967
0,7771,77710000,77710000,132,219,77720000,28970
0,7772,77720000,77720000,132,219,77730000,28973
0,7773,77730000,77730000,132,219,77740000,28978
0,7774,77740000,77740000,132,219,77750000,28980
0,7775,77750000,77750000,132,219,77760000,28983
0,7776,77760000,77760000,132,219,77770000,28988
0,7777,77770000,77770000,132,219,77780000,28994
0,7778,77780000,77780000,132,219,77790000,28995
0,7779,77790000,77790000,132,219,77800000,28998
0,778,7780000,7780000,132,219,7790000,2898
0,7780,77800000,77800000,132,219,77810000,29005
0,7781,77810000,77810000,132,219,77820000,29006
0,7782,77820000,77820000,132,219,77830000,29011
0,7783,77830000,77830000,132,219,77840000,29013
0,7784,77840000,77840000,132,219,77850000,29018
0,7785,77850000,77850000,132,219,77860000,29023
0,7786,77860000,77860000,132,219,77870000,29025
0,7787,77870000,77870000,132,219,77880000,29029
0,7788,77880000,77880000,132,219,77890000,29034
0,7789,77890000,77890000,132,219,77900000,29036
0,779,7790000,7790000,132,219,7800000,2899
0,7790,77900000,77900000,132,219,77910000,29039
0,7791,77910000,77910000,132,219,77920000,29044
0,7792,77920000,77920000,132,219,77930000,29049
0,7793,77930000,77930000,132,219,77940000,29051
0,7794,77940000,77940000,132,219,77950000,29056
0,7795,77950000,77950000,132,219,77960000,29060
0,7796,77960000,77960000,132,219,77970000,29062
0,7797,77970000,77970000,132,219,77980000,29066
0,7798,77980000,77980000,132,219,77990000,29070
0,7799,77990000,77990000,132,219,78000000,29072
0,78,780000,780000,132,219,790000,288
0,780,7800000,7800000,132,219,7810000,2907
0,7800,78000000,78000000,132,219,78010000,29079
0,7801,78010000,78010000,132,219,78020000,29083
0,7802,78020000,78020000,132,219,78030000,29085
0,7803,78030000,78030000,132,219,78040000,29088
0,7804,78040000,78040000,132,219,78050000,29092
0,7805,78050000,78050000,132,219,78060000,29097
0,7806,78060000,78060000,132,219,78070000,29100
0,7807,78070000,78070000,132,219,78080000,29103
0,7808,78080000,78080000,132,219,78090000,29108
0,7809,78090000,78090000,132,219,78100000,29111
0,781,7810000,7810000,132,219,7820000,2910
0,7810,78100000,78100000,132,219,78110000,29116
0,7811,78110000,78110000,132,219,78120000,29117
0,7812,78120000,78120000,132,219,78130000,29124
0,7813,78130000,78130000,132,219,78140000,29126
0,7814,78140000,78140000,132,219,78150000,29127
0,7815,78150000,78150000,132,219,78160000,29135
0,7816,78160000,78160000,132,219,78170000,29139
0,7817,78170000,78170000,132,219,78180000,29141
0,7818,78180000,78180000,132,219,78190000,29144
0,7819,78190000,78190000,132,219,78200000,29148
0,782,7820000,7820000,132,219,7830000,2912
0,7820,78200000,78200000,132,219,78210000,29152
0,7821,78210000,78210000,132,219,78220000,29156
0,7822,78220000,78220000,132,219,78230000,29161
0,7823,78230000,78230000,132,219,78240000,29162
0,7824,78240000,78240000,132,219,78250000,29167
0,7825,78250000,78250000,132,219,78260000,29171
0,7826,78260000,78260000,132,219,78270000,29175
0,7827,78270000,78270000,132,219,78280000,29179
0,7828,78280000,78280000,132,219,78290000,29182
0,7829,78290000,78290000,132,219,78300000,29185
0,783,7830000,7830000,132,219,7840000,2915
0,7830,78300000,78300000,132,219,78310000,29190
0,7831,78310000,78310000,132,219,78320000,29192
0,7832,78320000,78320000,132,219,78330000,29197
0,7833,78330000,78330000,132,219,78340000,29202
0,7834,78340000,78340000,132,219,78350000,29204
0,7835,78350000,78350000,132,219,78360000,29207
0,7836,78360000,78360000,132,219,78370000,29213
0,7837,78370000,78370000,132,219,78380000,29217
0,7838,78380000,78380000,132,219,78390000,29218
0,7839,78390000,78390000,132,219,78400000,29221
0,784,7840000,7840000,132,219,7850000,2921
0,7840,78400000,78400000,132,219,78410000,29229
0,7841,78410000,78410000,132,219,78420000,29230
0,7842,78420000,78420000,132,219,78430000,29234
0,7843,78430000,78430000,132,219,78440000,29239
0,7844,78440000,78440000,132,219,78450000,29241
0,7845,78450000,78450000,132,219,78460000,29246
0,7846,78460000,78460000,132,219,78470000,29248
0,7847,78470000,78470000,132,219,78480000,29252
0,7848,78480000,78480000,132,219,78490000,29258
0,7849,78490000,78490000,132,219,78500000,29260
0,785,7850000,7850000,132,219,7860000,2924
0,7850,78500000,78500000,132,219,78510000,29265
0,7851,78510000,78510000,132,219,78520000,29268
0,7852,78520000,78520000,132,219,78530000,29272
0,7853,78530000,78530000,132,219,78540000,29273
0,7854,78540000,78540000,132,219,78550000,29279
0,7855,78550000,78550000,132,219,78560000,29283
0,7856,78560000,78560000,132,219,78570000,29286
0,7857,78570000,78570000,132,219,78580000,29292
0,7858,78580000,78580000,132,219,78590000,29294
0,7859,78590000,78590000,132,219,78600000,29296
0,786,7860000,7860000,132,219,7870000,2928
0,7860,78600000,78600000,132,219,78610000,29302
0,7861,78610000,78610000,132,219,78620000,29306
0,7862,78620000,78620000,132,219,78630000,29308
0,7863,78630000,78630000,132,219,78640000,29311
0,7864,78640000,78640000,132,219,78650000,29317
0,7865,78650000,78650000,132,219,78660000,29321
0,7866,78660000,78660000,132,219,78670000,29324
0,7867,78670000,78670000,132,219,78680000,29327
0,7868,78680000,78680000,132,219,78690000,29331
0,7869,78690000,78690000,132,219,78700000,29334
0,787,7870000,7870000,132,219,7880000,2933
0,7870,78700000,78700000,132,219,78710000,29339
0,7871,78710000,78710000,132,219,78720000,29342
0,7872,78720000,78720000,132,219,78730000,29348
0,7873,78730000,78730000,132,219,78740000,29350
0,7874,78740000,78740000,132,219,78750000,29351
0,7875,78750000,78750000,132,219,78760000,29358
0,7876,78760000,78760000,132,219,78770000,29362
0,7877,78770000,78770000,132,219,78780000,29364
0,7878,78780000,78780000,132,219,78790000,29369
0,7879,78790000,78790000,132,219,78800000,29371
0,788,7880000,7880000,132,219,7890000,2935
0,7880,78800000,78800000,132,219,78810000,29376
0,7881,78810000,78810000,132,219,78820000,29380
0,7882,78820000,78820000,132,219,78830000,29385
0,7883,78830000,78830000,132,219,78840000,29386
0,7884,78840000,78840000,132,219,78850000,29390
0,7885,78850000,78850000,132,219,78860000,29396
0,7886,78860000,78860000,132,219,78870000,29397
0,7887,78870000,78870000,132,219,78880000,29402
0,7888,78880000,78880000,132,219,78890000,29406
0,7889,78890000,78890000,132,219,78900000,29409
0,789,7890000,7890000,132,219,7900000,2938
0,7890,78900000,78900000,132,219,78910000,29414
0,7891,78910000,78910000,132,219,78920000,29416
0,7892,78920000,78920000,132,219,78930000,29422
0,7893,78930000,78930000,132,219,78940000,29425
0,7894,78940000,78940000,132,219,78950000,29427
0,7895,78950000,78950000,132,219,78960000,29430
0,7896,78960000,78960000,132,219,78970000,29437
0,7897,78970000,78970000,132,219,78980000,29440
0,7898,78980000,78980000,132,219,78990000,29442
0,7899,78990000,78990000,132,219,79000000,29447
0,79,790000,790000,132,219,800000,290
0,790,7900000,7900000,132,219,7910000,2942
0,7900,79000000,79000000,132,219,79010000,29452
0,7901,79010000,79010000,132,219,79020000,29453
0,7902,79020000,79020000,132,219,79030000,29457
0,7903,79030000,79030000,132,219,79040000,29462
0,7904,79040000,79040000,132,219,79050000,29465
0,7905,79050000,79050000,132,219,79060000,29470
0,7906,79060000,79060000,132,219,79070000,29474
0,7907,79070000,79070000,132,219,79080000,29476
0,7908,79080000,79080000,132,219,79090000,29480
0,7909,79090000,79090000,132,219,79100000,29483
0,791,7910000,7910000,132,219,7920000,2945
0,7910,79100000,79100000,132,219,79110000,29488
0,7911,79110000,79110000,132,219,79120000,29491
0,7912,79120000,79120000,132,219,79130000,29496
0,7913,79130000,79130000,132,219,79140000,29499
0,7914,79140000,79140000,132,219,79150000,29503
0,7915,79150000,79150000,132,219,79160000,29507
0,7916,79160000,79160000,132,219,79170000,29509
0,7917,79170000,79170000,132,219,79180000,29515
0,7918,79180000,79180000,132,219,79190000,29517
0,7919,79190000,79190000,132,219,79200000,29518
0,792,7920000,7920000,132,219,7930000,2952
0,7920,79200000,79200000,132,219,79210000,29528
0,7921,79210000,79210000,132,219,79220000,29530
0,7922,79220000,79220000,132,219,79230000,29532
0,7923,79230000,79230000,132,219,79240000,29535
0,7924,79240000,79240000,132,219,79250000,29540
0,7925,79250000,79250000,132,219,79260000,29544
0,7926,79260000,79260000,132,219,79270000,29547
0,7927,79270000,79270000,132,219,79280000,29552
0,7928,79280000,79280000,132,219,79290000,29555
0,7929,79290000,79290000,132,219,79300000,29558
0,793,7930000,7930000,132,219,7940000,2954
0,7930,79300000,79300000,132,219,79310000,29562
0,7931,79310000,79310000,132,219,79320000,29566
0,7932,79320000,79320000,132,219,79330000,29571
0,7933,79330000,79330000,132,219,79340000,29573
0,7934,79340000,79340000,132,219,79350000,29576
0,7935,79350000,79350000,132,219,79360000,29581
0,7936,79360000,79360000,132,219,79370000,29586
0,7937,79370000,79370000,132,219,79380000,29588
0,7938,79380000,79380000,132,219,79390000,29593
0,7939,79390000,79390000,132,219,79400000,29595
0,794,7940000,7940000,132,219,7950000,2957
0,7940,79400000,79400000,132,219,79410000,29599
0,7941,79410000,79410000,132,219,79420000,29604
0,7942,79420000,79420000,132,219,79430000,29608
0,7943,79430000,79430000,132,219,79440000,29609
0,7944,79440000,79440000,132,219,79450000,29614
0,7945,79450000,79450000,132,219,79460000,29620
0,7946,79460000,79460000,132,219,79470000,29621
0,7947,79470000,79470000,132,219,79480000,29626
0,7948,79480000,79480000,132,219,79490000,29631
0,7949,79490000,79490000,132,219,79500000,29632
0,795,7950000,7950000,132,219,7960000,2962
0,7950,79500000,79500000,132,219,79510000,29637
0,7951,79510000,79510000,132,219,79520000,29639
0,7952,79520000,79520000,132,219,79530000,29645
0,7953,79530000,79530000,132,219,79540000,29649
0,7954,79540000,79540000,132,219,79550000,29651
0,7955,79550000,79550000,132,219,79560000,29656
0,7956,79560000,79560000,132,219,79570000,29660
0,7957,79570000,79570000,132,219,79580000,29663
0,7958,79580000,79580000,132,219,79590000,29665
0,7959,79590000,79590000,132,219,79600000,29670
0,796,7960000,7960000,132,219,7970000,2965
0,7960,79600000,79600000,132,219,79610000,29676
0,7961,79610000,79610000,132,219,79620000,29677
0,7962,79620000,79620000,132,219,79630000,29683
0,7963,79630000,79630000,132,219,79640000,29685
0,7964,79640000,79640000,132,219,79650000,29688
0,7965,79650000,79650000,132,219,79660000,29693
0,7966,79660000,79660000,132,219,79670000,29697
0,7967,79670000,79670000,132,219,79680000,29699
0,7968,79680000,79680000,132,219,79690000,29704
0,7969,79690000,79690000,132,219,79700000,29709
0,797,7970000,7970000,132,219,7980000,2968
0,7970,79700000,79700000,132,219,79710000,29712
0,7971,79710000,79710000,132,219,79720000,29715
0,7972,79720000,79720000,132,219,79730000,29719
0,7973,79730000,79730000,132,219,79740000,29722
0,7974,79740000,79740000,132,219,79750000,29725
0,7975,79750000,79750000,132,219,79760000,29730
0,7976,79760000,79760000,132,219,79770000,29735
0,7977,79770000,79770000,132,219,79780000,29739
0,7978,79780000,79780000,132,219,79790000,29741
0,7979,79790000,79790000,132,219,79800000,29742
0,798,7980000,7980000,132,219,7990000,2973
0,7980,79800000,79800000,132,219,79810000,29751
0,7981,79810000,79810000,132,219,79820000,29753
0,7982,79820000,79820000,132,219,79830000,29755
0,7983,79830000,79830000,132,219,79840000,29760
0,7984,79840000,79840000,132,219,79850000,29764
0,7985,79850000,79850000,132,219,79860000,29767
0,7986,79860000,79860000,132,219,79870000,29771
0,7987,79870000,79870000,132,219,79880000,29776
0,7988,79880000,79880000,132,219,79890000,29778
0,7989,79890000,79890000,132,219,79900000,29781
0,799,7990000,7990000,132,219,8000000,2975
0,7990,79900000,79900000,132,219,79910000,29787
0,7991,79910000,79910000,132,219,79920000,29789
0,7992,79920000,79920000,132,219,79930000,29795
0,7993,79930000,79930000,132,219,79940000,29797
0,7994,79940000,79940000,132,219,79950000,29800
0,7995,79950000,79950000,132,219,79960000,29805
0,7996,79960000,79960000,132,219,79970000,29808
0,7997,79970000,79970000,132,219,79980000,29813
0,7998,79980000,79980000,132,219,79990000,29816
0,7999,79990000,79990000,132,219,80000000,29818
0,8,80000,80000,132,219,90000,27
0,80,800000,800000,132,219,810000,297
0,800,8000000,8000000,132,219,8010000,2980
0,8000,80000000,80000000,132,219,80010000,29823
0,8001,80010000,80010000,132,219,80020000,29828
0,8002,80020000,80020000,132,219,80030000,29832
0,8003,80030000,80030000,132,219,80040000,29833
0,8004,80040000,80040000,132,219,80050000,29839
0,8005,80050000,80050000,132,219,80060000,29843
0,8006,80060000,80060000,132,219,80070000,29844
0,8007,80070000,80070000,132,219,80080000,29848
0,8008,80080000,80080000,132,219,80090000,29855
0,8009,80090000,80090000,132,219,80100000,29856
0,801,8010000,8010000,132,219,8020000,2985
0,8010,80100000,80100000,132,219,80110000,29861
0,8011,80110000,80110000,132,219,80120000,29865
0,8012,80120000,80120000,132,219,80130000,29868
0,8013,80130000,80130000,132,219,80140000,29872
0,8014,80140000,80140000,132,219,80150000,29874
0,8015,80150000,80150000,132,219,80160000,29879
0,8016,80160000,80160000,132,219,80170000,29884
0,8017,80170000,80170000,132,219,80180000,29887
0,8018,80180000,80180000,132,219,80190000,29890
0,8019,80190000,80190000,132,219,80200000,29894
0,802,8020000,8020000,132,219,8030000,2988
0,8020,80200000,80200000,132,219,80210000,29899
0,8021,80210000,80210000,132,219,80220000,29900
0,8022,80220000,80220000,132,219,80230000,29906
0,8023,80230000,80230000,132,219,80240000,29908
0,8024,80240000,80240000,132,219,80250000,29912
0,8025,80250000,80250000,132,219,80260000,29919
0,8026,80260000,80260000,132,219,80270000,29921
0,8027,80270000,80270000,132,219,80280000,29923
0,8028,80280000,80280000,132,219,80290000,29927
0,8029,80290000,80290000,132,219,80300000,29931
0,803,8030000,8030000,132,219,8040000,2990
0,8030,80300000,80300000,132,219,80310000,29935
0,8031,80310000,80310000,132,219,80320000,29938
0,8032,80320000,80320000,132,219,80330000,29945
0,8033,80330000,80330000,132,219,80340000,29946
0,8034,80340000,80340000,132,219,80350000,29949
0,8035,80350000,80350000,132,219,80360000,29954
0,8036,80360000,80360000,132,219,80370000,29958
0,8037,80370000,80370000,132,219,80380000,29962
0,8038,80380000,80380000,132,219,80390000,29964
0,8039,80390000,80390000,132,219,80400000,29967
0,804,8040000,8040000,132,219,8050000,2994
0,8040,80400000,80400000,132,219,80410000,29974
0,8041,80410000,80410000,132,219,80420000,29977
0,8042,80420000,80420000,132,219,80430000,29979
0,8043,80430000,80430000,132,219,80440000,29984
0,8044,80440000,80440000,132,219,80450000,29987
0,8045,80450000,80450000,132,219,80460000,29990
0,8046,80460000,80460000,132,219,80470000,29996
0,8047,80470000,80470000,132,219,80480000,29999
0,8048,80480000,80480000,132,219,80490000,30002
0,8049,80490000,80490000,132,219,80500000,30005
0,805,8050000,8050000,132,219,8060000,3000
0,8050,80500000,80500000,132,219,80510000,30011
0,8051,80510000,80510000,132,219,80520000,30012
0,8052,80520000,80520000,132,219,80530000,30018
0,8053,80530000,80530000,132,219,80540000,30022
0,8054,80540000,80540000,132,219,80550000,30023
0,8055,80550000,80550000,132,219,80560000,30028
0,8056,80560000,80560000,132,219,80570000,30032
0,8057,80570000,80570000,132,219,80580000,30037
0,8058,80580000,80580000,132,219,80590000,30040
0,8059,80590000,80590000,132,219,80600000,30042
0,806,8060000,8060000,132,219,8070000,3001
0,8060,80600000,80600000,132,219,80610000,30048
0,8061,80610000,80610000,132,219,80620000,30051
0,8062,80620000,80620000,132,219,80630000,30054
0,8063,80630000,80630000,132,219,80640000,30056
0,8064,80640000,80640000,132,219,80650000,30063
0,8065,80650000,80650000,132,219,80660000,30067
0,8066,80660000,80660000,132,219,80670000,30068
0,8067,80670000,80670000,132,219,80680000,30074
0,8068,80680000,80680000,132,219,80690000,30078
0,8069,80690000,80690000,132,219,80700000,30079
0,807,8070000,8070000,132,219,8080000,3005
0,8070,80700000,80700000,132,219,80710000,30084
0,8071,80710000,80710000,132,219,80720000,30088
0,8072,80720000,80720000,132,219,80730000,30092
0,8073,80730000,80730000,132,219,80740000,30095
0,8074,80740000,80740000,132,219,80750000,30100
0,8075,80750000,80750000,132,219,80760000,30103
0,8076,80760000,80760000,132,219,80770000,30107
0,8077,80770000,80770000,132,219,80780000,30110
0,8078,80780000,80780000,132,219,80790000,30113
0,8079,80790000,80790000,132,219,80800000,30117
0,808,8080000,8080000,132,219,8090000,3012
0,8080,80800000,80800000,132,219,80810000,30123
0,8081,80810000,80810000,132,219,80820000,30126
0,8082,80820000,80820000,132,219,80830000,30130
0,8083,80830000,80830000,132,219,80840000,30132
0,8084,80840000,80840000,132,219,80850000,30134
0,8085,80850000,80850000,132,219,80860000,30142
0,8086,80860000,80860000,132,219,80870000,30144
0,8087,80870000,80870000,132,219,80880000,30146
0,8088,80880000,80880000,132,219,80890000,30153
0,8089,80890000,80890000,132,219,80900000,30155
0,809,8090000,8090000,132,219,8100000,3013
0,8090,80900000,80900000,132,219,80910000,30159
0,8091,80910000,80910000,132,219,80920000,30162
0,8092,80920000,80920000,132,219,80930000,30168
0,8093,80930000,80930000,132,219,80940000,30169
0,8094,80940000,80940000,132,219,80950000,30172
0,8095,80950000,80950000,132,219,80960000,30178
0,8096,80960000,80960000,132,219,80970000,30182
0,8097,80970000,80970000,132,219,80980000,30186
0,8098,80980000,80980000,132,219,80990000,30188
0,8099,80990000,80990000,132,219,81000000,30191
0,81,810000,810000,132,219,820000,300
0,810,8100000,8100000,132,219,8110000,3018
0,8100,81000000,81000000,132,219,81010000,30197
0,8101,81010000,81010000,132,219,81020000,30200
0,8102,81020000,81020000,132,219,81030000,30204
0,8103,81030000,81030000,132,219,81040000,30207
0,8104,81040000,81040000,132,219,81050000,30211
0,8105,81050000,81050000,132,219,81060000,30214
0,8106,81060000,81060000,132,219,81070000,30219
0,8107,81070000,81070000,132,219,81080000,30223
0,8108,81080000,81080000,132,219,81090000,30225
0,8109,81090000,81090000,132,219,81100000,30230
0,811,8110000,8110000,132,219,8120000,3020
0,8110,81100000,81100000,132,219,81110000,30234
0,8111,81110000,81110000,132,219,81120000,30235
0,8112,81120000,81120000,132,219,81130000,30242
0,8113,81130000,81130000,132,219,81140000,30246
0,8114,81140000,81140000,132,219,81150000,30247
0,8115,81150000,81150000,132,219,81160000,30252
0,8116,81160000,81160000,132,219,81170000,30257
0,8117,81170000,81170000,132,219,81180000,30259
0,8118,81180000,81180000,132,219,81190000,30263
0,8119,81190000,81190000,132,219,81200000,30265
0,812,8120000,8120000,132,219,8130000,3025
0,8120,81200000,81200000,132,219,81210000,30272
0,8121,81210000,81210000,132,219,81220000,30275
0,8122,81220000,81220000,132,219,81230000,30278
0,8123,81230000,81230000,132,219,81240000,30282
0,8124,81240000,81240000,132,219,81250000,30286
0,8125,81250000,81250000,132,219,81260000,30290
0,8126,81260000,81260000,132,219,81270000,30291
0,8127,81270000,81270000,132,219,81280000,30297
0,8128,81280000,81280000,132,219,81290000,30301
0,8129,81290000,81290000,132,219,81300000,30303
0,813,8130000,8130000,132,219,8140000,3028
0,8130,81300000,81300000,132,219,81310000,30310
0,8131,81310000,81310000,132,219,81320000,30312
0,8132,81320000,81320000,132,219,81330000,30315
0,8133,81330000,81330000,132,219,81340000,30318
0,8134,81340000,81340000,132,219,81350000,30323
0,8135,81350000,81350000,132,219,81360000,30326
0,8136,81360000,81360000,132,219,81370000,30331
0,8137,81370000,81370000,132,219,81380000,30336
0,8138,81380000,81380000,132,219,81390000,30337
0,8139,81390000,81390000,132,219,81400000,30340
0,814,8140000,8140000,132,219,8150000,3031
0,8140,81400000,81400000,132,219,81410000,30346
0,8141,81410000,81410000,132,219,81420000,30349
0,8142,81420000,81420000,132,219,81430000,30353
0,8143,81430000,81430000,132,219,81440000,30355
0,8144,81440000,81440000,132,219,81450000,30360
0,8145,81450000,81450000,132,219,81460000,30366
0,8146,81460000,81460000,132,219,81470000,30368
0,8147,81470000,81470000,132,219,81480000,30370
0,8148,81480000,81480000,132,219,81490000,30376
0,8149,81490000,81490000,132,219,81500000,30378
0,815,8150000,8150000,132,219,8160000,3036
0,8150,81500000,81500000,132,219,81510000,30381
0,8151,81510000,81510000,132,219,81520000,30387
0,8152,81520000,81520000,132,219,81530000,30392
0,8153,81530000,81530000,132,219,81540000,30393
0,8154,81540000,81540000,132,219,81550000,30396
0,8155,81550000,81550000,132,219,81560000,30402
0,8156,81560000,81560000,132,219,81570000,30405
0,8157,81570000,81570000,132,219,81580000,30409
0,8158,81580000,81580000,132,219,81590000,30413
0,8159,81590000,81590000,132,219,81600000,30414
0,816,8160000,8160000,132,219,8170000,3041
0,8160,81600000,81600000,132,219,81610000,30421
0,8161,81610000,81610000,132,219,81620000,30423
0,8162,81620000,81620000,132,219,81630000,30428
0,8163,81630000,81630000,132,219,81640000,30431
0,8164,81640000,81640000,132,219,81650000,30434
0,8165,81650000,81650000,132,219,81660000,30439
0,8166,81660000,81660000,132,219,81670000,30442
0,8167,81670000,81670000,132,219,81680000,30446
0,8168,81680000,81680000,132,219,81690000,30449
0,8169,81690000,81690000,132,219,81700000,30454
0,817,8170000,8170000,132,219,8180000,3044
0,8170,81700000,81700000,132,219,81710000,30458
0,8171,81710000,81710000,132,219,81720000,30459
0,8172,81720000,81720000,132,219,81730000,30466
0,8173,81730000,81730000,132,219,81740000,30469
0,8174,81740000,81740000,132,219,81750000,30470
0,8175,81750000,81750000,132,219,81760000,30475
0,8176,81760000,81760000,132,219,81770000,30481
0,8177,81770000,81770000,132,219,81780000,30483
0,8178,81780000,81780000,132,219,81790000,30487
0,8179,81790000,81790000,132,219,81800000,30491
0,818,8180000,8180000,132,219,8190000,3045
0,8180,81800000,81800000,132,219,81810000,30495
0,8181,81810000,81810000,132,219,81820000,30498
0,8182,81820000,81820000,132,219,81830000,30501
0,8183,81830000,81830000,132,219,81840000,30504
0,8184,81840000,81840000,132,219,81850000,30510
0,8185,81850000,81850000,132,219,81860000,30514
0,8186,81860000,81860000,132,219,81870000,30517
0,8187,81870000,81870000,132,219,81880000,30521
0,8188,81880000,81880000,132,219,81890000,30524
0,8189,81890000,81890000,132,219,81900000,30526
0,819,8190000,8190000,132,219,8200000,3051
0,8190,81900000,81900000,132,219,81910000,30533
0,8191,81910000,81910000,132,219,81920000,30535
0,8192,81920000,81920000,132,219,81930000,30539
0,8193,81930000,81930000,132,219,81940000,30544
0,8194,81940000,81940000,132,219,81950000,30546
0,8195,81950000,81950000,132,219,81960000,30550
0,8196,81960000,81960000,132,219,81970000,30554
0,8197,81970000,81970000,132,219,81980000,30559
0,8198,81980000,81980000,132,219,81990000,30560
0,8199,81990000,81990000,132,219,82000000,30563
0,82,820000,820000,132,219,830000,304
0,820,8200000,8200000,132,219,8210000,3056
0,8200,82000000,82000000,132,219,82010000,30572
0,8201,82010000,82010000,132,219,82020000,30573
0,8202,82020000,82020000,132,219,82030000,30577
0,8203,82030000,82030000,132,219,82040000,30579
0,8204,82040000,82040000,132,219,82050000,30583
0,8205,82050000,82050000,132,219,82060000,30588
0,8206,82060000,82060000,132,219,82070000,30591
0,8207,82070000,82070000,132,219,82080000,30595
0,8208,82080000,82080000,132,219,82090000,30600
0,8209,82090000,82090000,132,219,82100000,30602
0,821,8210000,8210000,132,219,8220000,3057
0,8210,82100000,82100000,132,219,82110000,30605
0,8211,82110000,82110000,132,219,82120000,30611
0,8212,82120000,82120000,132,219,82130000,30615
0,8213,82130000,82130000,132,219,82140000,30616
0,8214,82140000,82140000,132,219,82150000,30621
0,8215,82150000,82150000,132,219,82160000,30625
0,8216,82160000,82160000,132,219,82170000,30628
0,8217,82170000,82170000,132,219,82180000,30633
0,8218,82180000,82180000,132,219,82190000,30637
0,8219,82190000,82190000,132,219,82200000,30638
0,822,8220000,8220000,132,219,8230000,3063
0,8220,82200000,82200000,132,219,82210000,30644
0,8221,82210000,82210000,132,219,82220000,30648
0,8222,82220000,82220000,132,219,82230000,30651
0,8223,82230000,82230000,132,219,82240000,30654
0,8224,82240000,82240000,132,219,82250000,30658
0,8225,82250000,82250000,132,219,82260000,30663
0,8226,82260000,82260000,132,219,82270000,30666
0,8227,82270000,82270000,132,219,82280000,30669
0,8228,82280000,82280000,132,219,82290000,30674
0,8229,82290000,82290000,132,219,82300000,30677
0,823,8230000,8230000,132,219,8240000,3065
0,8230,82300000,82300000,132,219,82310000,30681
0,8231,82310000,82310000,132,219,82320000,30682
0,8232,82320000,82320000,132,219,82330000,30690
0,8233,82330000,82330000,132,219,82340000,30693
0,8234,82340000,82340000,132,219,82350000,30694
0,8235,82350000,82350000,132,219,82360000,30701
0,8236,82360000,82360000,132,219,82370000,30704
0,8237,82370000,82370000,132,219,82380000,30706
0,8238,82380000,82380000,132,219,82390000,30709
0,8239,82390000,82390000,132,219,82400000,30714
0,824,8240000,8240000,132,219,8250000,3068
0,8240,82400000,82400000,132,219,82410000,30719
0,8241,82410000,82410000,132,219,82420000,30722
0,8242,82420000,82420000,132,219,82430000,30727
0,8243,82430000,82430000,132,219,82440000,30728
0,8244,82440000,82440000,132,219,82450000,30733
0,8245,82450000,82450000,132,219,82460000,30737
0,8246,82460000,82460000,132,219,82470000,30740
0,8247,82470000,82470000,132,219,82480000,30744
0,8248,82480000,82480000,132,219,82490000,30748
0,8249,82490000,82490000,132,219,82500000,30751
0,825,8250000,8250000,132,219,8260000,3074
0,8250,82500000,82500000,132,219,82510000,30757
0,8251,82510000,82510000,132,219,82520000,30759
0,8252,82520000,82520000,132,219,82530000,30762
0,8253,82530000,82530000,132,219,82540000,30767
0,8254,82540000,82540000,132,219,82550000,30769
0,8255,82550000,82550000,132,219,82560000,30773
0,8256,82560000,82560000,132,219,82570000,30780
0,8257,82570000,82570000,132,219,82580000,30783
0,8258,82580000,82580000,132,219,82590000,30784
0,8259,82590000,82590000,132,219,82600000,30787
0,826,8260000,8260000,132,219,8270000,3078
0,8260,82600000,82600000,132,219,82610000,30794
0,8261,82610000,82610000,132,219,82620000,30796
0,8262,82620000,82620000,132,219,82630000,30800
0,8263,82630000,82630000,132,219,82640000,30804
0,8264,82640000,82640000,132,219,82650000,30807
0,8265,82650000,82650000,132,219,82660000,30812
0,8266,82660000,82660000,132,219,82670000,30815
0,8267,82670000,82670000,132,219,82680000,30819
0,8268,82680000,82680000,132,219,82690000,30823
0,8269,82690000,82690000,132,219,82700000,30825
0,827,8270000,8270000,132,219,8280000,3080
0,8270,82700000,82700000,132,219,82710000,30830
0,8271,82710000,82710000,132,219,82720000,30833
0,8272,82720000,82720000,132,219,82730000,30839
0,8273,82730000,82730000,132,219,82740000,30840
0,8274,82740000,82740000,132,219,82750000,30845
0,8275,82750000,82750000,132,219,82760000,30849
0,8276,82760000,82760000,132,219,82770000,30851
0,8277,82770000,82770000,132,219,82780000,30858
0,8278,82780000,82780000,132,219,82790000,30860
0,8279,82790000,82790000,132,219,82800000,30861
0,828,8280000,8280000,132,219,8290000,3084
0,8280,82800000,82800000,132,219,82810000,30868
0,8281,82810000,82810000,132,219,82820000,30872
0,8282,82820000,82820000,132,219,82830000,30874
0,8283,82830000,82830000,132,219,82840000,30878
0,8284,82840000,82840000,132,219,82850000,30883
0,8285,82850000,82850000,132,219,82860000,30886
0,8286,82860000,82860000,132,219,82870000,30889
0,8287,82870000,82870000,132,219,82880000,30892
0,8288,82880000,82880000,132,219,82890000,30898
0,8289,82890000,82890000,132,219,82900000,30901
0,829,8290000,8290000,132,219,8300000,3088
0,8290,82900000,82900000,132,219,82910000,30905
0,8291,82910000,82910000,132,219,82920000,30908
0,8292,82920000,82920000,132,219,82930000,30913
0,8293,82930000,82930000,132,219,82940000,30915
0,8294,82940000,82940000,132,219,82950000,30917
0,8295,82950000,82950000,132,219,82960000,30924
0,8296,82960000,82960000,132,219,82970000,30928
0,8297,82970000,82970000,132,219,82980000,30930
0,8298,82980000,82980000,132,219,82990000,30935
0,8299,82990000,82990000,132,219,83000000,30938
0,83,830000,830000,132,219,840000,305
0,830,8300000,8300000,132,219,8310000,3092
0,8300,83000000,83000000,132,219,83010000,30942
0,8301,83010000,83010000,132,219,83020000,30945
0,8302,83020000,83020000,132,219,83030000,30950
0,8303,83030000,83030000,132,219,83040000,30951
0,8304,83040000,83040000,132,219,83050000,30956
0,8305,83050000,83050000,132,219,83060000,30963
0,8306,83060000,83060000,132,219,83070000,30964
0,8307,83070000,83070000,132,219,83080000,30968
0,8308,83080000,83080000,132,219,83090000,30971
0,8309,83090000,83090000,132,219,83100000,30974
0,831,8310000,8310000,132,219,8320000,3095
0,8310,83100000,83100000,132,219,83110000,30980
0,8311,83110000,83110000,132,219,83120000,30982
0,8312,83120000,83120000,132,219,83130000,30988
0,8313,83130000,83130000,132,219,83140000,30991
0,8314,83140000,83140000,132,219,83150000,30993
0,8315,83150000,83150000,132,219,83160000,30996
0,8316,83160000,83160000,132,219,83170000,31003
0,8317,83170000,83170000,132,219,83180000,31006
0,8318,83180000,83180000,132,219,83190000,31007
0,8319,83190000,83190000,132,219,83200000,31012
0,832,8320000,8320000,132,219,8330000,3100
0,8320,83200000,83200000,132,219,83210000,31018
0,8321,83210000,83210000,132,219,83220000,31020
0,8322,83220000,83220000,132,219,83230000,31024
0,8323,83230000,83230000,132,219,83240000,31028
0,8324,83240000,83240000,132,219,83250000,31030
0,8325,83250000,83250000,132,219,83260000,31035
0,8326,83260000,83260000,132,219,83270000,31039
0,8327,83270000,83270000,132,219,83280000,31042
0,8328,83280000,83280000,132,219,83290000,31047
0,8329,83290000,83290000,132,219,83300000,31049
0,833,8330000,8330000,132,219,8340000,3103
0,8330,83300000,83300000,132,219,83310000,31054
0,8331,83310000,83310000,132,219,83320000,31057
0,8332,83320000,83320000,132,219,83330000,31062
0,8333,83330000,83330000,132,219,83340000,31065
0,8334,83340000,83340000,132,219,83350000,31068
0,8335,83350000,83350000,132,219,83360000,31072
0,8336,83360000,83360000,132,219,83370000,31075
0,8337,83370000,83370000,132,219,83380000,31081
0,8338,83380000,83380000,132,219,83390000,31084
0,8339,83390000,83390000,132,219,83400000,31085
0,834,8340000,8340000,132,219,8350000,3106
0,8340,83400000,83400000,132,219,83410000,31093
0,8341,83410000,83410000,132,219,83420000,31095
0,8342,83420000,83420000,132,219,83430000,31097
0,8343,83430000,83430000,132,219,83440000,31101
0,8344,83440000,83440000,132,219,83450000,31107
0,8345,83450000,83450000,132,219,83460000,31110
0,8346,83460000,83460000,132,219,83470000,31113
0,8347,83470000,83470000,132,219,83480000,31118
0,8348,83480000,83480000,132,219,83490000,31120
0,8349,83490000,83490000,132,219,83500000,31124
0,835,8350000,8350000,132,219,8360000,3110
0,8350,83500000,83500000,132,219,83510000,31128
0,8351,83510000,83510000,132,219,83520000,31131
0,8352,83520000,83520000,132,219,83530000,31137
0,8353,83530000,83530000,132,219,83540000,31139
0,8354,83540000,83540000,132,219,83550000,31143
0,8355,83550000,83550000,132,219,83560000,31148
0,8356,83560000,83560000,132,219,83570000,31151
0,8357,83570000,83570000,132,219,83580000,31153
0,8358,83580000,83580000,132,219,83590000,31158
0,8359,83590000,83590000,132,219,83600000,31160
0,836,8360000,8360000,132,219,8370000,3115
0,8360,83600000,83600000,132,219,83610000,31166
0,8361,83610000,83610000,132,219,83620000,31171
0,8362,83620000,83620000,132,219,83630000,31174
0,8363,83630000,83630000,132,219,83640000,31175
0,8364,83640000,83640000,132,219,83650000,31179
0,8365,83650000,83650000,132,219,83660000,31186
0,8366,83660000,83660000,132,219,83670000,31187
0,8367,83670000,83670000,132,219,83680000,31191
0,8368,83680000,83680000,132,219,83690000,31197
0,8369,83690000,83690000,132,219,83700000,31198
0,837,8370000,8370000,132,219,8380000,3119
0,8370,83700000,83700000,132,219,83710000,31203
0,8371,83710000,83710000,132,219,83720000,31206
0,8372,83720000,83720000,132,219,83730000,31211
0,8373,83730000,83730000,132,219,83740000,31214
0,8374,83740000,83740000,132,219,83750000,31216
0,8375,83750000,83750000,132,219,83760000,31221
0,8376,83760000,83760000,132,219,83770000,31227
0,8377,83770000,83770000,132,219,83780000,31230
0,8378,83780000,83780000,132,219,83790000,31231
0,8379,83790000,83790000,132,219,83800000,31236
0,838,8380000,8380000,132,219,8390000,3121
0,8380,83800000,83800000,132,219,83810000,31241
0,8381,83810000,83810000,132,219,83820000,31242
0,8382,83820000,83820000,132,219,83830000,31249
0,8383,83830000,83830000,132,219,83840000,31251
0,8384,83840000,83840000,132,219,83850000,31254
0,8385,83850000,83850000,132,219,83860000,31259
0,8386,83860000,83860000,132,219,83870000,31263
0,8387,83870000,83870000,132,219,83880000,31266
0,8388,83880000,83880000,132,219,83890000,31270
0,8389,83890000,83890000,132,219,83900000,31274
0,839,8390000,8390000,132,219,8400000,3122
0,8390,83900000,83900000,132,219,83910000,31277
0,8391,83910000,83910000,132,219,83920000,31280
0,8392,83920000,83920000,132,219,83930000,31285
0,8393,83930000,83930000,132,219,83940000,31289
0,8394,83940000,83940000,132,219,83950000,31292
0,8395,83950000,83950000,132,219,83960000,31296
0,8396,83960000,83960000,132,219,83970000,31300
0,8397,83970000,83970000,132,219,83980000,31304
0,8398,83980000,83980000,132,219,83990000,31307
0,8399,83990000,83990000,132,219,84000000,31308
0,84,840000,840000,132,219,850000,311
0,840,8400000,8400000,132,219,8410000,3131
0,8400,84000000,84000000,132,219,84010000,31317
0,8401,84010000,84010000,132,219,84020000,31319
0,8402,84020000,84020000,132,219,84030000,31321
0,8403,84030000,84030000,132,219,84040000,31326
0,8404,84040000,84040000,132,219,84050000,31330
0,8405,84050000,84050000,132,219,84060000,31333
0,8406,84060000,84060000,132,219,84070000,31336
0,8407,84070000,84070000,132,219,84080000,31341
0,8408,84080000,84080000,132,219,84090000,31344
0,8409,84090000,84090000,132,219,84100000,31348
0,841,8410000,8410000,132,219,8420000,3134
0,8410,84100000,84100000,132,219,84110000,31354
0,8411,84110000,84110000,132,219,84120000,31355
0,8412,84120000,84120000,132,219,84130000,31360
0,8413,84130000,84130000,132,219,84140000,31362
0,8414,84140000,84140000,132,219,84150000,31365
0,8415,84150000,84150000,132,219,84160000,31371
0,8416,84160000,84160000,132,219,84170000,31375
0,8417,84170000,84170000,132,219,84180000,31379
0,8418,84180000,84180000,132,219,84190000,31382
0,8419,84190000,84190000,132,219,84200000,31384
0,842,8420000,8420000,132,219,8430000,3136
0,8420,84200000,84200000,132,219,84210000,31389
0,8421,84210000,84210000,132,219,84220000,31394
0,8422,84220000,84220000,132,219,84230000,31397
0,8423,84230000,84230000,132,219,84240000,31398
0,8424,84240000,84240000,132,219,84250000,31405
0,8425,84250000,84250000,132,219,84260000,31409
0,8426,84260000,84260000,132,219,84270000,31411
0,8427,84270000,84270000,132,219,84280000,31415
0,8428,84280000,84280000,132,219,84290000,31420
0,8429,84290000,84290000,132,219,84300000,31421
0,843,8430000,8430000,132,219,8440000,3141
0,8430,84300000,84300000,132,219,84310000,31426
0,8431,84310000,84310000,132,219,84320000,31431
0,8432,84320000,84320000,132,219,84330000,31435
0,8433,84330000,84330000,132,219,84340000,31438
0,8434,84340000,84340000,132,219,84350000,31440
0,8435,84350000,84350000,132,219,84360000,31445
0,8436,84360000,84360000,132,219,84370000,31449
0,8437,84370000,84370000,132,219,84380000,31453
0,8438,84380000,84380000,132,219,84390000,31456
0,8439,84390000,84390000,132,219,84400000,31459
0,844,8440000,8440000,132,219,8450000,3144
0,8440,84400000,84400000,132,219,84410000,31465
0,8441,84410000,84410000,132,219,84420000,31466
0,8442,84420000,84420000,132,219,84430000,31473
0,8443,84430000,84430000,132,219,84440000,31475
0,8444,84440000,84440000,132,219,84450000,31477
0,8445,84450000,84450000,132,219,84460000,31484
0,8446,84460000,84460000,132,219,84470000,31486
0,8447,84470000,84470000,132,219,84480000,31488
0,8448,84480000,84480000,132,219,84490000,31494
0,8449,84490000,84490000,132,219,84500000,31498
0,845,8450000,8450000,132,219,8460000,3147
0,8450,84500000,84500000,132,219,84510000,31501
0,8451,84510000,84510000,132,219,84520000,31504
0,8452,84520000,84520000,132,219,84530000,31510
0,8453,84530000,84530000,132,219,84540000,31512
0,8454,84540000,84540000,132,219,84550000,31515
0,8455,84550000,84550000,132,219,84560000,31519
0,8456,84560000,84560000,132,219,84570000,31524
0,8457,84570000,84570000,132,219,84580000,31528
0,8458,84580000,84580000,132,219,84590000,31530
0,8459,84590000,84590000,132,219,84600000,31534
0,846,8460000,8460000,132,219,8470000,3150
0,8460,84600000,84600000,132,219,84610000,31540
0,8461,84610000,84610000,132,219,84620000,31542
0,8462,84620000,84620000,132,219,84630000,31544
0,8463,84630000,84630000,132,219,84640000,31549
0,8464,84640000,84640000,132,219,84650000,31554
0,8465,84650000,84650000,132,219,84660000,31557
0,8466,84660000,84660000,132,219,84670000,31562
0,8467,84670000,84670000,132,219,84680000,31565
0,8468,84680000,84680000,132,219,84690000,31567
0,8469,84690000,84690000,132,219,84700000,31570
0,847,8470000,8470000,132,219,8480000,3156
0,8470,84700000,84700000,132,219,84710000,31577
0,8471,84710000,84710000,132,219,84720000,31578
0,8472,84720000,84720000,132,219,84730000,31584
0,8473,84730000,84730000,132,219,84740000,31588
0,8474,84740000,84740000,132,219,84750000,31589
0,8475,84750000,84750000,132,219,84760000,31595
0,8476,84760000,84760000,132,219,84770000,31598
0,8477,84770000,84770000,132,219,84780000,31602
0,8478,84780000,84780000,132,219,84790000,31605
0,8479,84790000,84790000,132,219,84800000,31607
0,848,8480000,8480000,132,219,8490000,3159
0,8480,84800000,84800000,132,219,84810000,31614
0,8481,84810000,84810000,132,219,84820000,31618
0,8482,84820000,84820000,132,219,84830000,31621
0,8483,84830000,84830000,132,219,84840000,31622
0,8484,84840000,84840000,132,219,84850000,31628
0,8485,84850000,84850000,132,219,84860000,31632
0,8486,84860000,84860000,132,219,84870000,31634
0,8487,84870000,84870000,132,219,84880000,31640
0,8488,84880000,84880000,132,219,84890000,31644
0,8489,84890000,84890000,132,219,84900000,31645
0,849,8490000,8490000,132,219,8500000,3162
0,8490,84900000,84900000,132,219,84910000,31650
0,8491,84910000,84910000,132,219,84920000,31654
0,8492,84920000,84920000,132,219,84930000,31658
0,8493,84930000,84930000,132,219,84940000,31661
0,8494,84940000,84940000,132,219,84950000,31665
0,8495,84950000,84950000,132,219,84960000,31668
0,8496,84960000,84960000,132,219,84970000,31673
0,8497,84970000,84970000,132,219,84980000,31677
0,8498,84980000,84980000,132,219,84990000,31680
0,8499,84990000,84990000,132,219,85000000,31683
0,85,850000,850000,132,219,860000,315
0,850,8500000,8500000,132,219,8510000,3168
0,8500,85000000,85000000,132,219,85010000,31688
0,8501,85010000,85010000,132,219,85020000,31691
0,8502,85020000,85020000,132,219,85030000,31695
0,8503,85030000,85030000,132,219,85040000,31698
0,8504,85040000,85040000,132,219,85050000,31701
0,8505,85050000,85050000,132,219,85060000,31708
0,8506,85060000,85060000,132,219,85070000,31710
0,8507,85070000,85070000,132,219,85080000,31712
0,8508,85080000,85080000,132,219,85090000,31719
0,8509,85090000,85090000,132,219,85100000,31721
0,851,8510000,8510000,132,219,8520000,3169
0,8510,85100000,85100000,132,219,85110000,31724
0,8511,85110000,85110000,132,219,85120000,31727
0,8512,85120000,85120000,132,219,85130000,31734
0,8513,85130000,85130000,132,219,85140000,31735
0,8514,85140000,85140000,132,219,85150000,31739
0,8515,85150000,85150000,132,219,85160000,31745
0,8516,85160000,85160000,132,219,85170000,31747
0,8517,85170000,85170000,132,219,85180000,31751
0,8518,85180000,85180000,132,219,85190000,31753
0,8519,85190000,85190000,132,219,85200000,31757
0,852,8520000,8520000,132,219,8530000,3175
0,8520,85200000,85200000,132,219,85210000,31764
0,8521,85210000,85210000,132,219,85220000,31766
0,8522,85220000,85220000,132,219,85230000,31770
0,8523,85230000,85230000,132,219,85240000,31773
0,8524,85240000,85240000,132,219,85250000,31776
0,8525,85250000,85250000,132,219,85260000,31780
0,8526,85260000,85260000,132,219,85270000,31785
0,8527,85270000,85270000,132,219,85280000,31788
0,8528,85280000,85280000,132,219,85290000,31791
0,8529,85290000,85290000,132,219,85300000,31796
0,853,8530000,8530000,132,219,8540000,3177
0,8530,85300000,85300000,132,219,85310000,31801
0,8531,85310000,85310000,132,219,85320000,31802
0,8532,85320000,85320000,132,219,85330000,31807
0,8533,85330000,85330000,132,219,85340000,31811
0,8534,85340000,85340000,132,219,85350000,31812
0,8535,85350000,85350000,132,219,85360000,31817
0,8536,85360000,85360000,132,219,85370000,31824
0,8537,85370000,85370000,132,219,85380000,31826
0,8538,85380000,85380000,132,219,85390000,31829
0,8539,85390000,85390000,132,219,85400000,31831
0,854,8540000,8540000,132,219,8550000,3180
0,8540,85400000,85400000,132,219,85410000,31837
0,8541,85410000,85410000,132,219,85420000,31841
0,8542,85420000,85420000,132,219,85430000,31844
0,8543,85430000,85430000,132,219,85440000,31847
0,8544,85440000,85440000,132,219,85450000,31852
0,8545,85450000,85450000,132,219,85460000,31856
0,8546,85460000,85460000,132,219,85470000,31857
0,8547,85470000,85470000,132,219,85480000,31864
0,8548,85480000,85480000,132,219,85490000,31867
0,8549,85490000,85490000,132,219,85500000,31868
0,855,8550000,8550000,132,219,8560000,3185
0,8550,85500000,85500000,132,219,85510000,31875
0,8551,85510000,85510000,132,219,85520000,31877
0,8552,85520000,85520000,132,219,85530000,31882
0,8553,85530000,85530000,132,219,85540000,31885
0,8554,85540000,85540000,132,219,85550000,31889
0,8555,85550000,85550000,132,219,85560000,31892
0,8556,85560000,85560000,132,219,85570000,31896
0,8557,85570000,85570000,132,219,85580000,31901
0,8558,85580000,85580000,132,219,85590000,31903
0,8559,85590000,85590000,132,219,85600000,31906
0,856,8560000,8560000,132,219,8570000,3189
0,8560,85600000,85600000,132,219,85610000,31912
0,8561,85610000,85610000,132,219,85620000,31915
0,8562,85620000,85620000,132,219,85630000,31919
0,8563,85630000,85630000,132,219,85640000,31922
0,8564,85640000,85640000,132,219,85650000,31926
0,8565,85650000,85650000,132,219,85660000,31931
0,8566,85660000,85660000,132,219,85670000,31933
0,8567,85670000,85670000,132,219,85680000,31935
0,8568,85680000,85680000,132,219,85690000,31942
0,8569,85690000,85690000,132,219,85700000,31945
0,857,8570000,8570000,132,219,8580000,3193
0,8570,85700000,85700000,132,219,85710000,31948
0,8571,85710000,85710000,132,219,85720000,31953
0,8572,85720000,85720000,132,219,85730000,31957
0,8573,85730000,85730000,132,219,85740000,31958
0,8574,85740000,85740000,132,219,85750000,31962
0,8575,85750000,85750000,132,219,85760000,31968
0,8576,85760000,85760000,132,219,85770000,31971
0,8577,85770000,85770000,132,219,85780000,31975
0,8578,85780000,85780000,132,219,85790000,31979
0,8579,85790000,85790000,132,219,85800000,31980
0,858,8580000,8580000,132,219,8590000,3197
0,8580,85800000,85800000,132,219,85810000,31987
0,8581,85810000,85810000,132,219,85820000,31989
0,8582,85820000,85820000,132,219,85830000,31993
0,8583,85830000,85830000,132,219,85840000,31996
0,8584,85840000,85840000,132,219,85850000,32000
0,8585,85850000,85850000,132,219,85860000,32006
0,8586,85860000,85860000,132,219,85870000,32009
0,8587,85870000,85870000,132,219,85880000,32012
0,8588,85880000,85880000,132,219,85890000,32014
0,8589,85890000,85890000,132,219,85900000,32019
0,859,8590000,8590000,132,219,8600000,3199
0,8590,85900000,85900000,132,219,85910000,32023
0,8591,85910000,85910000,132,219,85920000,32025
0,8592,85920000,85920000,132,219,85930000,32033
0,8593,85930000,85930000,132,219,85940000,32035
0,8594,85940000,85940000,132,219,85950000,32036
0,8595,85950000,85950000,132,219,85960000,32041
0,8596,85960000,85960000,132,219,85970000,32047
0,8597,85970000,85970000,132,219,85980000,32049
0,8598,85980000,85980000,132,219,85990000,32052
0,8599,85990000,85990000,132,219,86000000,32056
0,86,860000,860000,132,219,870000,316
0,860,8600000,8600000,132,219,8610000,3203
0,8600,86000000,86000000,132,219,86010000,32061
0,8601,86010000,86010000,132,219,86020000,32064
0,8602,86020000,86020000,132,219,86030000,32068
0,8603,86030000,86030000,132,219,86040000,32071
0,8604,86040000,86040000,132,219,86050000,32075
0,8605,86050000,86050000,132,219,86060000,32079
0,8606,86060000,86060000,132,219,86070000,32082
0,8607,86070000,86070000,132,219,86080000,32087
0,8608,86080000,86080000,132,219,86090000,32091
0,8609,86090000,86090000,132,219,86100000,32092
0,861,8610000,8610000,132,219,8620000,3208
0,8610,86100000,86100000,132,219,86110000,32099
0,8611,86110000,86110000,132,219,86120000,32101
0,8612,86120000,86120000,132,219,86130000,32104
0,8613,86130000,86130000,132,219,86140000,32110
0,8614,86140000,86140000,132,219,86150000,32112
0,8615,86150000,86150000,132,219,86160000,32115
0,8616,86160000,86160000,132,219,86170000,32120
0,8617,86170000,86170000,132,219,86180000,32125
0,8618,86180000,86180000,132,219,86190000,32127
0,8619,86190000,86190000,132,219,86200000,32130
0,862,8620000,8620000,132,219,8630000,3211
0,8620,86200000,86200000,132,219,86210000,32137
0,8621,86210000,86210000,132,219,86220000,32138
0,8622,86220000,86220000,132,219,86230000,32142
0,8623,86230000,86230000,132,219,86240000,32144
0,8624,86240000,86240000,132,219,86250000,32150
0,8625,86250000,86250000,132,219,86260000,32155
0,8626,86260000,86260000,132,219,86270000,32157
0,8627,86270000,86270000,132,219,86280000,32161
0,8628,86280000,86280000,132,219,86290000,32165
0,8629,86290000,86290000,132,219,86300000,32168
0,863,8630000,8630000,132,219,8640000,3213
0,8630,86300000,86300000,132,219,86310000,32171
0,8631,86310000,86310000,132,219,86320000,32176
0,8632,86320000,86320000,132,219,86330000,32181
0,8633,86330000,86330000,132,219,86340000,32182
0,8634,86340000,86340000,132,219,86350000,32187
0,8635,86350000,86350000,132,219,86360000,32192
0,8636,86360000,86360000,132,219,86370000,32194
0,8637,86370000,86370000,132,219,86380000,32198
0,8638,86380000,86380000,132,219,86390000,32202
0,8639,86390000,86390000,132,219,86400000,32203
0,864,8640000,8640000,132,219,8650000,3220
0,8640,86400000,86400000,132,219,86410000,32211
0,8641,86410000,86410000,132,219,86420000,32215
0,8642,86420000,86420000,132,219,86430000,32217
0,8643,86430000,86430000,132,219,86440000,32220
0,8644,86440000,86440000,132,219,86450000,32223
0,8645,86450000,86450000,132,219,86460000,32228
0,8646,86460000,86460000,132,219,86470000,32232
0,8647,86470000,86470000,132,219,86480000,32235
0,8648,86480000,86480000,132,219,86490000,32240
0,8649,86490000,86490000,132,219,86500000,32243
0,865,8650000,8650000,132,219,8660000,3224
0,8650,86500000,86500000,132,219,86510000,32247
0,8651,86510000,86510000,132,219,86520000,32249
0,8652,86520000,86520000,132,219,86530000,32256
0,8653,86530000,86530000,132,219,86540000,32258
0,8654,86540000,86540000,132,219,86550000,32259
0,8655,86550000,86550000,132,219,86560000,32266
0,8656,86560000,86560000,132,219,86570000,32270
0,8657,86570000,86570000,132,219,86580000,32273
0,8658,86580000,86580000,132,219,86590000,32276
0,8659,86590000,86590000,132,219,86600000,32280
0,866,8660000,8660000,132,219,8670000,3225
0,8660,86600000,86600000,132,219,86610000,32284
0,8661,86610000,86610000,132,219,86620000,32287
0,8662,86620000,86620000,132,219,86630000,32293
0,8663,86630000,86630000,132,219,86640000,32294
0,8664,86640000,86640000,132,219,86650000,32299
0,8665,86650000,86650000,132,219,86660000,32303
0,8666,86660000,86660000,132,219,86670000,32306
0,8667,86670000,86670000,132,219,86680000,32310
0,8668,86680000,86680000,132,219,86690000,32314
0,8669,86690000,86690000,132,219,86700000,32317
0,867,8670000,8670000,132,219,8680000,3229
0,8670,86700000,86700000,132,219,86710000,32322
0,8671,86710000,86710000,132,219,86720000,32324
0,8672,86720000,86720000,132,219,86730000,32328
0,8673,86730000,86730000,132,219,86740000,32334
0,8674,86740000,86740000,132,219,86750000,32336
0,8675,86750000,86750000,132,219,86760000,32339
0,8676,86760000,86760000,132,219,86770000,32345
0,8677,86770000,86770000,132,219,86780000,32348
0,8678,86780000,86780000,132,219,86790000,32349
0,8679,86790000,86790000,132,219,86800000,32353
0,868,8680000,8680000,132,219,8690000,3234
0,8680,86800000,86800000,132,219,86810000,32361
0,8681,86810000,86810000,132,219,86820000,32362
0,8682,86820000,86820000,132,219,86830000,32366
0,8683,86830000,86830000,132,219,86840000,32370
0,8684,86840000,86840000,132,219,86850000,32373
0,8685,86850000,86850000,132,219,86860000,32378
0,8686,86860000,86860000,132,219,86870000,32380
0,8687,86870000,86870000,132,219,86880000,32384
0,8688,86880000,86880000,132,219,86890000,32389
0,8689,86890000,86890000,132,219,86900000,32391
0,869,8690000,8690000,132,219,8700000,3236
0,8690,86900000,86900000,132,219,86910000,32397
0,8691,86910000,86910000,132,219,86920000,32400
0,8692,86920000,86920000,132,219,86930000,32404
0,8693,86930000,86930000,132,219,86940000,32405
0,8694,86940000,86940000,132,219,86950000,32410
0,8695,86950000,86950000,132,219,86960000,32415
0,8696,86960000,86960000,132,219,86970000,32418
0,8697,86970000,86970000,132,219,86980000,32424
0,8698,86980000,86980000,132,219,86990000,32426
0,8699,86990000,86990000,132,219,87000000,32427
0,87,870000,870000,132,219,880000,322
0,870,8700000,8700000,132,219,8710000,3241
0,8700,87000000,87000000,132,219,87010000,32433
0,8701,87010000,87010000,132,219,87020000,32438
0,8702,87020000,87020000,132,219,87030000,32440
0,8703,87030000,87030000,132,219,87040000,32443
0,8704,87040000,87040000,132,219,87050000,32449
0,8705,87050000,87050000,132,219,87060000,32452
0,8706,87060000,87060000,132,219,87070000,32456
0,8707,87070000,87070000,132,219,87080000,32459
0,8708,87080000,87080000,132,219,87090000,32463
0,8709,87090000,87090000,132,219,87100000,32466
0,871,8710000,8710000,132,219,8720000,3245
0,8710,87100000,87100000,132,219,87110000,32470
0,8711,87110000,87110000,132,219,87120000,32473
0,8712,87120000,87120000,132,219,87130000,32480
0,8713,87130000,87130000,132,219,87140000,32482
0,8714,87140000,87140000,132,219,87150000,32483
0,8715,87150000,87150000,132,219,87160000,32490
0,8716,87160000,87160000,132,219,87170000,32493
0,8717,87170000,87170000,132,219,87180000,32496
0,8718,87180000,87180000,132,219,87190000,32501
0,8719,87190000,87190000,132,219,87200000,32503
0,872,8720000,8720000,132,219,8730000,3249
0,8720,87200000,87200000,132,219,87210000,32508
0,8721,87210000,87210000,132,219,87220000,32511
0,8722,87220000,87220000,132,219,87230000,32516
0,8723,87230000,87230000,132,219,87240000,32518
0,8724,87240000,87240000,132,219,87250000,32522
0,8725,87250000,87250000,132,219,87260000,32528
0,8726,87260000,87260000,132,219,87270000,32529
0,8727,87270000,87270000,132,219,87280000,32533
0,8728,87280000,87280000,132,219,87290000,32538
0,8729,87290000,87290000,132,219,87300000,32541
0,873,8730000,8730000,132,219,8740000,3252
0,8730,87300000,87300000,132,219,87310000,32546
0,8731,87310000,87310000,132,219,87320000,32548
0,8732,87320000,87320000,132,219,87330000,32553
0,8733,87330000,87330000,132,219,87340000,32556
0,8734,87340000,87340000,132,219,87350000,32559
0,8735,87350000,87350000,132,219,87360000,32562
0,8736,87360000,87360000,132,219,87370000,32569
0,8737,87370000,87370000,132,219,87380000,32572
0,8738,87380000,87380000,132,219,87390000,32573
0,8739,87390000,87390000,132,219,87400000,32579
0,874,8740000,8740000,132,219,8750000,3255
0,8740,87400000,87400000,132,219,87410000,32584
0,8741,87410000,87410000,132,219,87420000,32585
0,8742,87420000,87420000,132,219,87430000,32589
0,8743,87430000,87430000,132,219,87440000,32593
0,8744,87440000,87440000,132,219,87450000,32596
0,8745,87450000,87450000,132,219,87460000,32602
0,8746,87460000,87460000,132,219,87470000,32606
0,8747,87470000,87470000,132,219,87480000,32608
0,8748,87480000,87480000,132,219,87490000,32612
0,8749,87490000,87490000,132,219,87500000,32614
0,875,8750000,8750000,132,219,8760000,3260
0,8750,87500000,87500000,132,219,87510000,32620
0,8751,87510000,87510000,132,219,87520000,32623
0,8752,87520000,87520000,132,219,87530000,32628
0,8753,87530000,87530000,132,219,87540000,32631
0,8754,87540000,87540000,132,219,87550000,32634
0,8755,87550000,87550000,132,219,87560000,32638
0,8756,87560000,87560000,132,219,87570000,32641
0,8757,87570000,87570000,132,219,87580000,32647
0,8758,87580000,87580000,132,219,87590000,32649
0,8759,87590000,87590000,132,219,87600000,32650
0,876,8760000,8760000,132,219,8770000,3264
0,8760,87600000,87600000,132,219,87610000,32659
0,8761,87610000,87610000,132,219,87620000,32662
0,8762,87620000,87620000,132,219,87630000,32664
0,8763,87630000,87630000,132,219,87640000,32667
0,8764,87640000,87640000,132,219,87650000,32672
0,8765,87650000,87650000,132,219,87660000,32675
0,8766,87660000,87660000,132,219,87670000,32678
0,8767,87670000,87670000,132,219,87680000,32684
0,8768,87680000,87680000,132,219,87690000,32687
0,8769,87690000,87690000,132,219,87700000,32690
0,877,8770000,8770000,132,219,8780000,3267
0,8770,87700000,87700000,132,219,87710000,32694
0,8771,87710000,87710000,132,219,87720000,32697
0,8772,87720000,87720000,132,219,87730000,32703
0,8773,87730000,87730000,132,219,87740000,32705
0,8774,87740000,87740000,132,219,87750000,32708
0,8775,87750000,87750000,132,219,87760000,32713
0,8776,87760000,87760000,132,219,87770000,32717
0,8777,87770000,87770000,132,219,87780000,32719
0,8778,87780000,87780000,132,219,87790000,32725
0,8779,87790000,87790000,132,219,87800000,32727
0,878,8780000,8780000,132,219,8790000,3270
0,8780,87800000,87800000,132,219,87810000,32731
0,8781,87810000,87810000,132,219,87820000,32736
0,8782,87820000,87820000,132,219,87830000,32739
0,8783,87830000,87830000,132,219,87840000,32741
0,8784,87840000,87840000,132,219,87850000,32746
0,8785,87850000,87850000,132,219,87860000,32752
0,8786,87860000,87860000,132,219,87870000,32753
0,8787,87870000,87870000,132,219,87880000,32757
0,8788,87880000,87880000,132,219,87890000,32762
0,8789,87890000,87890000,132,219,87900000,32764
0,879,8790000,8790000,132,219,8800000,3273
0,8790,87900000,87900000,132,219,87910000,32769
0,8791,87910000,87910000,132,219,87920000,32771
0,8792,87920000,87920000,132,219,87930000,32777
0,8793,87930000,87930000,132,219,87940000,32780
0,8794,87940000,87940000,132,219,87950000,32783
0,8795,87950000,87950000,132,219,87960000,32788
0,8796,87960000,87960000,132,219,87970000,32792
0,8797,87970000,87970000,132,219,87980000,32795
0,8798,87980000,87980000,132,219,87990000,32796
0,8799,87990000,87990000,132,219,88000000,32801
0,88,880000,880000,132,219,890000,327
0,880,8800000,8800000,132,219,8810000,3280
0,8800,88000000,88000000,132,219,88010000,32808
0,8801,88010000,88010000,132,219,88020000,32809
0,8802,88020000,88020000,132,219,88030000,32815
0,8803,88030000,88030000,132,219,88040000,32817
0,8804,88040000,88040000,132,219,88050000,32819
0,8805,88050000,88050000,132,219,88060000,32825
0,8806,88060000,88060000,132,219,88070000,32829
0,8807,88070000,88070000,132,219,88080000,32831
0,8808,88080000,88080000,132,219,88090000,32836
0,8809,88090000,88090000,132,219,88100000,32840
0,881,8810000,8810000,132,219,8820000,3281
0,8810,88100000,88100000,132,219,88110000,32843
0,8811,88110000,88110000,132,219,88120000,32847
0,8812,88120000,88120000,132,219,88130000,32851
0,8813,88130000,88130000,132,219,88140000,32854
0,8814,88140000,88140000,132,219,88150000,32857
0,8815,88150000,88150000,132,219,88160000,32861
0,8816,88160000,88160000,132,219,88170000,32867
0,8817,88170000,88170000,132,219,88180000,32871
0,8818,88180000,88180000,132,219,88190000,32873
0,8819,88190000,88190000,132,219,88200000,32874
0,882,8820000,8820000,132,219,8830000,3287
0,8820,88200000,88200000,132,219,88210000,32882
0,8821,88210000,88210000,132,219,88220000,32884
0,8822,88220000,88220000,132,219,88230000,32887
0,8823,88230000,88230000,132,219,88240000,32892
0,8824,88240000,88240000,132,219,88250000,32896
0,8825,88250000,88250000,132,219,88260000,32899
0,8826,88260000,88260000,132,219,88270000,32902
0,8827,88270000,88270000,132,219,88280000,32908
0,8828,88280000,88280000,132,219,88290000,32910
0,8829,88290000,88290000,132,219,88300000,32913
0,883,8830000,8830000,132,219,8840000,3289
0,8830,88300000,88300000,132,219,88310000,32919
0,8831,88310000,88310000,132,219,88320000,32920
0,8832,88320000,88320000,132,219,88330000,32926
0,8833,88330000,88330000,132,219,88340000,32929
0,8834,88340000,88340000,132,219,88350000,32932
0,8835,88350000,88350000,132,219,88360000,32937
0,8836,88360000,88360000,132,219,88370000,32940
0,8837,88370000,88370000,132,219,88380000,32944
0,8838,88380000,88380000,132,219,88390000,32948
0,8839,88390000,88390000,132,219,88400000,32950
0,884,8840000,8840000,132,219,8850000,3291
0,8840,88400000,88400000,132,219,88410000,32955
0,8841,88410000,88410000,132,219,88420000,32960
0,8842,88420000,88420000,132,219,88430000,32963
0,8843,88430000,88430000,132,219,88440000,32964
0,8844,88440000,88440000,132,219,88450000,32971
0,8845,88450000,88450000,132,219,88460000,32975
0,8846,88460000,88460000,132,219,88470000,32976
0,8847,88470000,88470000,132,219,88480000,32980
0,8848,88480000,88480000,132,219,88490000,32986
0,8849,88490000,88490000,132,219,88500000,32988
0,885,8850000,8850000,132,219,8860000,3299
0,8850,88500000,88500000,132,219,88510000,32993
0,8851,88510000,88510000,132,219,88520000,32997
0,8852,88520000,88520000,132,219,88530000,33000
0,8853,88530000,88530000,132,219,88540000,33003
0,8854,88540000,88540000,132,219,88550000,33005
0,8855,88550000,88550000,132,219,88560000,33011
0,8856,88560000,88560000,132,219,88570000,33016
0,8857,88570000,88570000,132,219,88580000,33019
0,8858,88580000,88580000,132,219,88590000,33022
0,8859,88590000,88590000,132,219,88600000,33025
0,886,8860000,8860000,132,219,8870000,3301
0,8860,88600000,88600000,132,219,88610000,33031
0,8861,88610000,88610000,132,219,88620000,33032
0,8862,88620000,88620000,132,219,88630000,33038
0,8863,88630000,88630000,132,219,88640000,33040
0,8864,88640000,88640000,132,219,88650000,33043
0,8865,88650000,88650000,132,219,88660000,33050
0,8866,88660000,88660000,132,219,88670000,33053
0,8867,88670000,88670000,132,219,88680000,33055
0,8868,88680000,88680000,132,219,88690000,33059
0,8869,88690000,88690000,132,219,88700000,33063
0,887,8870000,8870000,132,219,8880000,3303
0,8870,88700000,88700000,132,219,88710000,33066
0,8871,88710000,88710000,132,219,88720000,33070
0,8872,88720000,88720000,132,219,88730000,33077
0,8873,88730000,88730000,132,219,88740000,33078
0,8874,88740000,88740000,132,219,88750000,33081
0,8875,88750000,88750000,132,219,88760000,33085
0,8876,88760000,88760000,132,219,88770000,33089
0,8877,88770000,88770000,132,219,88780000,33094
0,8878,88780000,88780000,132,219,88790000,33096
0,8879,88790000,88790000,132,219,88800000,33099
0,888,8880000,8880000,132,219,8890000,3308
0,8880,88800000,88800000,132,219,88810000,33106
0,8881,88810000,88810000,132,219,88820000,33108
0,8882,88820000,88820000,132,219,88830000,33111
0,8883,88830000,88830000,132,219,88840000,33116
0,8884,88840000,88840000,132,219,88850000,33119
0,8885,88850000,88850000,132,219,88860000,33122
0,8886,88860000,88860000,132,219,88870000,33127
0,8887,88870000,88870000,132,219,88880000,33130
0,8888,88880000,88880000,132,219,88890000,33134
0,8889,88890000,88890000,132,219,88900000,33137
0,889,8890000,8890000,132,219,8900000,3312
0,8890,88900000,88900000,132,219,88910000,33143
0,8891,88910000,88910000,132,219,88920000,33144
0,8892,88920000,88920000,132,219,88930000,33149
0,8893,88930000,88930000,132,219,88940000,33154
0,8894,88940000,88940000,132,219,88950000,33155
0,8895,88950000,88950000,132,219,88960000,33160
0,8896,88960000,88960000,132,219,88970000,33164
0,8897,88970000,88970000,132,219,88980000,33168
0,8898,88980000,88980000,132,219,88990000,33171
0,8899,88990000,88990000,132,219,89000000,33174
0,89,890000,890000,132,219,900000,328
0,890,8900000,8900000,132,219,8910000,3315
0,8900,89000000,89000000,132,219,89010000,33180
0,8901,89010000,89010000,132,219,89020000,33183
0,8902,89020000,89020000,132,219,89030000,33186
0,8903,89030000,89030000,132,219,89040000,33187
0,8904,89040000,89040000,132,219,89050000,33195
0,8905,89050000,89050000,132,219,89060000,33199
0,8906,89060000,89060000,132,219,89070000,33200
0,8907,89070000,89070000,132,219,89080000,33206
0,8908,89080000,89080000,132,219,89090000,33209
0,8909,89090000,89090000,132,219,89100000,33210
0,891,8910000,8910000,132,219,8920000,3319
0,8910,89100000,89100000,132,219,89110000,33216
0,8911,89110000,89110000,132,219,89120000,33220
0,8912,89120000,89120000,132,219,89130000,33224
0,8913,89130000,89130000,132,219,89140000,33227
0,8914,89140000,89140000,132,219,89150000,33231
0,8915,89150000,89150000,132,219,89160000,33235
0,8916,89160000,89160000,132,219,89170000,33239
0,8917,89170000,89170000,132,219,89180000,33242
0,8918,89180000,89180000,132,219,89190000,33245
0,8919,89190000,89190000,132,219,89200000,33248
0,892,8920000,8920000,132,219,8930000,3325
0,8920,89200000,89200000,132,219,89210000,33254
0,8921,89210000,89210000,132,219,89220000,33258
0,8922,89220000,89220000,132,219,89230000,33262
0,8923,89230000,89230000,132,219,89240000,33264
0,8924,89240000,89240000,132,219,89250000,33266
0,8925,89250000,89250000,132,219,89260000,33273
0,8926,89260000,89260000,132,219,89270000,33276
0,8927,89270000,89270000,132,219,89280000,33278
0,8928,89280000,89280000,132,219,89290000,33285
0,8929,89290000,89290000,132,219,89300000,33287
0,893,8930000,8930000,132,219,8940000,3326
0,8930,89300000,89300000,132,219,89310000,33290
0,8931,89310000,89310000,132,219,89320000,33293
0,8932,89320000,89320000,132,219,89330000,33300
0,8933,89330000,89330000,132,219,89340000,33301
0,8934,89340000,89340000,132,219,89350000,33304
0,8935,89350000,89350000,132,219,89360000,33310
0,8936,89360000,89360000,132,219,89370000,33313
0,8937,89370000,89370000,132,219,89380000,33318
0,8938,89380000,89380000,132,219,89390000,33320
0,8939,89390000,89390000,132,219,89400000,33323
0,894,8940000,8940000,132,219,8950000,3329
0,8940,89400000,89400000,132,219,89410000,33329
0,8941,89410000,89410000,132,219,89420000,33331
0,8942,89420000,89420000,132,219,89430000,33335
0,8943,89430000,89430000,132,219,89440000,33339
0,8944,89440000,89440000,132,219,89450000,33343
0,8945,89450000,89450000,132,219,89460000,33346
0,8946,89460000,89460000,132,219,89470000,33351
0,8947,89470000,89470000,132,219,89480000,33354
0,8948,89480000,89480000,132,219,89490000,33357
0,8949,89490000,89490000,132,219,89500000,33362
0,895,8950000,8950000,132,219,8960000,3333
0,8950,89500000,89500000,132,219,89510000,33366
0,8951,89510000,89510000,132,219,89520000,33367
0,8952,89520000,89520000,132,219,89530000,33373
0,8953,89530000,89530000,132,219,89540000,33377
0,8954,89540000,89540000,132,219,89550000,33379
0,8955,89550000,89550000,132,219,89560000,33384
0,8956,89560000,89560000,132,219,89570000,33389
0,8957,89570000,89570000,132,219,89580000,33391
0,8958,89580000,89580000,132,219,89590000,33394
0,8959,89590000,89590000,132,219,89600000,33397
0,896,8960000,8960000,132,219,8970000,3339
0,8960,89600000,89600000,132,219,89610000,33404
0,8961,89610000,89610000,132,219,89620000,33407
0,8962,89620000,89620000,132,219,89630000,33410
0,8963,89630000,89630000,132,219,89640000,33413
0,8964,89640000,89640000,132,219,89650000,33417
0,8965,89650000,89650000,132,219,89660000,33422
0,8966,89660000,89660000,132,219,89670000,33423
0,8967,89670000,89670000,132,219,89680000,33429
0,8968,89680000,89680000,132,219,89690000,33433
0,8969,89690000,89690000,132,219,89700000,33434
0,897,8970000,8970000,132,219,8980000,3343
0,8970,89700000,89700000,132,219,89710000,33442
0,8971,89710000,89710000,132,219,89720000,33444
0,8972,89720000,89720000,132,219,89730000,33447
0,8973,89730000,89730000,132,219,89740000,33450
0,8974,89740000,89740000,132,219,89750000,33454
0,8975,89750000,89750000,132,219,89760000,33457
0,8976,89760000,89760000,132,219,89770000,33463
0,8977,89770000,89770000,132,219,89780000,33468
0,8978,89780000,89780000,132,219,89790000,33469
0,8979,89790000,89790000,132,219,89800000,33472
0,898,8980000,8980000,132,219,8990000,3345
0,8980,89800000,89800000,132,219,89810000,33477
0,8981,89810000,89810000,132,219,89820000,33481
0,8982,89820000,89820000,132,219,89830000,33485
0,8983,89830000,89830000,132,219,89840000,33487
0,8984,89840000,89840000,132,219,89850000,33492
0,8985,89850000,89850000,132,219,89860000,33497
0,8986,89860000,89860000,132,219,89870000,33499
0,8987,89870000,89870000,132,219,89880000,33502
0,8988,89880000,89880000,132,219,89890000,33508
0,8989,89890000,89890000,132,219,89900000,33510
0,899,8990000,8990000,132,219,9000000,3348
0,8990,89900000,89900000,132,219,89910000,33513
0,8991,89910000,89910000,132,219,89920000,33518
0,8992,89920000,89920000,132,219,89930000,33524
0,8993,89930000,89930000,132,219,89940000,33525
0,8994,89940000,89940000,132,219,89950000,33528
0,8995,89950000,89950000,132,219,89960000,33534
0,8996,89960000,89960000,132,219,89970000,33536
0,8997,89970000,89970000,132,219,89980000,33540
0,8998,89980000,89980000,132,219,89990000,33545
0,8999,89990000,89990000,132,219,90000000,33546
0,9,90000,90000,132,219,100000,30
0,90,900000,900000,132,219,910000,333
0,900,9000000,9000000,132,219,9010000,3354
0,9000,90000000,90000000,132,219,90010000,33553
0,9001,90010000,90010000,132,219,90020000,33555
0,9002,90020000,90020000,132,219,90030000,33559
0,9003,90030000,90030000,132,219,90040000,33563
0,9004,90040000,90040000,132,219,90050000,33566
0,9005,90050000,90050000,132,219,90060000,33571
0,9006,90060000,90060000,132,219,90070000,33574
0,9007,90070000,90070000,132,219,90080000,33577
0,9008,90080000,90080000,132,219,90090000,33580
0,9009,90090000,90090000,132,219,90100000,33586
0,901,9010000,9010000,132,219,9020000,3356
0,9010,90100000,90100000,132,219,90110000,33590
0,9011,90110000,90110000,132,219,90120000,33591
0,9012,90120000,90120000,132,219,90130000,33598
0,9013,90130000,90130000,132,219,90140000,33600
0,9014,90140000,90140000,132,219,90150000,33602
0,9015,90150000,90150000,132,219,90160000,33607
0,9016,90160000,90160000,132,219,90170000,33613
0,9017,90170000,90170000,132,219,90180000,33615
0,9018,90180000,90180000,132,219,90190000,33618
0,9019,90190000,90190000,132,219,90200000,33622
0,902,9020000,9020000,132,219,9030000,3359
0,9020,90200000,90200000,132,219,90210000,33627
0,9021,90210000,90210000,132,219,90220000,33630
0,9022,90220000,90220000,132,219,90230000,33633
0,9023,90230000,90230000,132,219,90240000,33636
0,9024,90240000,90240000,132,219,90250000,33641
0,9025,90250000,90250000,132,219,90260000,33646
0,9026,90260000,90260000,132,219,90270000,33649
0,9027,90270000,90270000,132,219,90280000,33653
0,9028,90280000,90280000,132,219,90290000,33656
0,9029,90290000,90290000,132,219,90300000,33657
0,903,9030000,9030000,132,219,9040000,3364
0,9030,90300000,90300000,132,219,90310000,33664
0,9031,90310000,90310000,132,219,90320000,33667
0,9032,90320000,90320000,132,219,90330000,33671
0,9033,90330000,90330000,132,219,90340000,33676
0,9034,90340000,90340000,132,219,90350000,33678
0,9035,90350000,90350000,132,219,90360000,33681
0,9036,90360000,90360000,132,219,90370000,33686
0,9037,90370000,90370000,132,219,90380000,33691
0,9038,90380000,90380000,132,219,90390000,33692
0,9039,90390000,90390000,132,219,90400000,33695
0,904,9040000,9040000,132,219,9050000,3368
0,9040,90400000,90400000,132,219,90410000,33703
0,9041,90410000,90410000,132,219,90420000,33704
0,9042,90420000,90420000,132,219,90430000,33709
0,9043,90430000,90430000,132,219,90440000,33711
0,9044,90440000,90440000,132,219,90450000,33715
0,9045,90450000,90450000,132,219,90460000,33720
0,9046,90460000,90460000,132,219,90470000,33722
0,9047,90470000,90470000,132,219,90480000,33727
0,9048,90480000,90480000,132,219,90490000,33732
0,9049,90490000,90490000,132,219,90500000,33734
0,905,9050000,9050000,132,219,9060000,3371
0,9050,90500000,90500000,132,219,90510000,33737
0,9051,90510000,90510000,132,219,90520000,33742
0,9052,90520000,90520000,132,219,90530000,33746
0,9053,90530000,90530000,132,219,90540000,33748
0,9054,90540000,90540000,132,219,90550000,33753
0,9055,90550000,90550000,132,219,90560000,33757
0,9056,90560000,90560000,132,219,90570000,33760
0,9057,90570000,90570000,132,219,90580000,33764
0,9058,90580000,90580000,132,219,90590000,33769
0,9059,90590000,90590000,132,219,90600000,33770
0,906,9060000,9060000,132,219,9070000,3376
0,9060,90600000,90600000,132,219,90610000,33776
0,9061,90610000,90610000,132,219,90620000,33780
0,9062,90620000,90620000,132,219,90630000,33782
0,9063,90630000,90630000,132,219,90640000,33785
0,9064,90640000,90640000,132,219,90650000,33790
0,9065,90650000,90650000,132,219,90660000,33795
0,9066,90660000,90660000,132,219,90670000,33798
0,9067,90670000,90670000,132,219,90680000,33801
0,9068,90680000,90680000,132,219,90690000,33805
0,9069,90690000,90690000,132,219,90700000,33809
0,907,9070000,9070000,132,219,9080000,3380
0,9070,90700000,90700000,132,219,90710000,33813
0,9071,90710000,90710000,132,219,90720000,33814
0,9072,90720000,90720000,132,219,90730000,33822
0,9073,90730000,90730000,132,219,90740000,33824
0,9074,90740000,90740000,132,219,90750000,33825
0,9075,90750000,90750000,132,219,90760000,33833
0,9076,90760000,90760000,132,219,90770000,33836
0,9077,90770000,90770000,132,219,90780000,33838
0,9078,90780000,90780000,132,219,90790000,33841
0,9079,90790000,90790000,132,219,90800000,33845
0,908,9080000,9080000,132,219,9090000,3382
0,9080,90800000,90800000,132,219,90810000,33851
0,9081,90810000,90810000,132,219,90820000,33854
0,9082,90820000,90820000,132,219,90830000,33859
0,9083,90830000,90830000,132,219,90840000,33860
0,9084,90840000,90840000,132,219,90850000,33864
0,9085,90850000,90850000,132,219,90860000,33868
0,9086,90860000,90860000,132,219,90870000,33872
0,9087,90870000,90870000,132,219,90880000,33876
0,9088,90880000,90880000,132,219,90890000,33880
0,9089,90890000,90890000,132,219,90900000,33883
0,909,9090000,9090000,132,219,9100000,3385
0,9090,90900000,90900000,132,219,90910000,33888
0,9091,90910000,90910000,132,219,90920000,33891
0,9092,90920000,90920000,132,219,90930000,33894
0,9093,90930000,90930000,132,219,90940000,33899
0,9094,90940000,90940000,132,219,90950000,33901
0,9095,90950000,90950000,132,219,90960000,33904
0,9096,90960000,90960000,132,219,90970000,33911
0,9097,90970000,90970000,132,219,90980000,33915
0,9098,90980000,90980000,132,219,90990000,33916
0,9099,90990000,90990000,132,219,91000000,33919
0,91,910000,910000,132,219,920000,337
0,910,9100000,9100000,132,219,9110000,3391
0,9100,91000000,91000000,132,219,91010000,33926
0,9101,91010000,91010000,132,219,91020000,33927
0,9102,91020000,91020000,132,219,91030000,33932
0,9103,91030000,91030000,132,219,91040000,33936
0,9104,91040000,91040000,132,219,91050000,33939
0,9105,91050000,91050000,132,219,91060000,33944
0,9106,91060000,91060000,132,219,91070000,33946
0,9107,91070000,91070000,132,219,91080000,33950
0,9108,91080000,91080000,132,219,91090000,33955
0,9109,91090000,91090000,132,219,91100000,33957
0,911,9110000,9110000,132,219,9120000,3392
0,9110,91100000,91100000,132,219,91110000,33962
0,9111,91110000,91110000,132,219,91120000,33965
0,9112,91120000,91120000,132,219,91130000,33970
0,9113,91130000,91130000,132,219,91140000,33972
0,9114,91140000,91140000,132,219,91150000,33977
0,9115,91150000,91150000,132,219,91160000,33981
0,9116,91160000,91160000,132,219,91170000,33983
0,9117,91170000,91170000,132,219,91180000,33989
0,9118,91180000,91180000,132,219,91190000,33991
0,9119,91190000,91190000,132,219,91200000,33993
0,912,9120000,9120000,132,219,9130000,3398
0,9120,91200000,91200000,132,219,91210000,34000
0,9121,91210000,91210000,132,219,91220000,34004
0,9122,91220000,91220000,132,219,91230000,34006
0,9123,91230000,91230000,132,219,91240000,34009
0,9124,91240000,91240000,132,219,91250000,34015
0,9125,91250000,91250000,132,219,91260000,34018
0,9126,91260000,91260000,132,219,91270000,34021
0,9127,91270000,91270000,132,219,91280000,34024
0,9128,91280000,91280000,132,219,91290000,34029
0,9129,91290000,91290000,132,219,91300000,34032
0,913,9130000,9130000,132,219,9140000,3403
0,9130,91300000,91300000,132,219,91310000,34037
0,9131,91310000,91310000,132,219,91320000,34040
0,9132,91320000,91320000,132,219,91330000,34045
0,9133,91330000,91330000,132,219,91340000,34047
0,9134,91340000,91340000,132,219,91350000,34048
0,9135,91350000,91350000,132,219,91360000,34056
0,9136,91360000,91360000,132,219,91370000,34060
0,9137,91370000,91370000,132,219,91380000,34062
0,9138,91380000,91380000,132,219,91390000,34067
0,9139,91390000,91390000,132,219,91400000,34069
0,914,9140000,9140000,132,219,9150000,3404
0,9140,91400000,91400000,132,219,91410000,34073
0,9141,91410000,91410000,132,219,91420000,34077
0,9142,91420000,91420000,132,219,91430000,34082
0,9143,91430000,91430000,132,219,91440000,34083
0,9144,91440000,91440000,132,219,91450000,34088
0,9145,91450000,91450000,132,219,91460000,34094
0,9146,91460000,91460000,132,219,91470000,34096
0,9147,91470000,91470000,132,219,91480000,34100
0,9148,91480000,91480000,132,219,91490000,34103
0,9149,91490000,91490000,132,219,91500000,34106
0,915,9150000,9150000,132,219,9160000,3409
0,9150,91500000,91500000,132,219,91510000,34111
0,9151,91510000,91510000,132,219,91520000,34113
0,9152,91520000,91520000,132,219,91530000,34120
0,9153,91530000,91530000,132,219,91540000,34123
0,9154,91540000,91540000,132,219,91550000,34125
0,9155,91550000,91550000,132,219,91560000,34128
0,9156,91560000,91560000,132,219,91570000,34134
0,9157,91570000,91570000,132,219,91580000,34138
0,9158,91580000,91580000,132,219,91590000,34139
0,9159,91590000,91590000,132,219,91600000,34144
0,916,9160000,9160000,132,219,9170000,3412
0,9160,91600000,91600000,132,219,91610000,34150
0,9161,91610000,91610000,132,219,91620000,34151
0,9162,91620000,91620000,132,219,91630000,34155
0,9163,91630000,91630000,132,219,91640000,34160
0,9164,91640000,91640000,132,219,91650000,34162
0,9165,91650000,91650000,132,219,91660000,34167
0,9166,91660000,91660000,132,219,91670000,34171
0,9167,91670000,91670000,132,219,91680000,34173
0,9168,91680000,91680000,132,219,91690000,34179
0,9169,91690000,91690000,132,219,91700000,34181
0,917,9170000,9170000,132,219,9180000,3416
0,9170,91700000,91700000,132,219,91710000,34186
0,9171,91710000,91710000,132,219,91720000,34189
0,9172,91720000,91720000,132,219,91730000,34193
0,9173,91730000,91730000,132,219,91740000,34196
0,9174,91740000,91740000,132,219,91750000,34200
0,9175,91750000,91750000,132,219,91760000,34204
0,9176,91760000,91760000,132,219,91770000,34207
0,9177,91770000,91770000,132,219,91780000,34213
0,9178,91780000,91780000,132,219,91790000,34215
0,9179,91790000,91790000,132,219,91800000,34217
0,918,9180000,9180000,132,219,9190000,3420
0,9180,91800000,91800000,132,219,91810000,34225
0,9181,91810000,91810000,132,219,91820000,34227
0,9182,91820000,91820000,132,219,91830000,34229
0,9183,91830000,91830000,132,219,91840000,34232
0,9184,91840000,91840000,132,219,91850000,34238
0,9185,91850000,91850000,132,219,91860000,34242
0,9186,91860000,91860000,132,219,91870000,34245
0,9187,91870000,91870000,132,219,91880000,34250
0,9188,91880000,91880000,132,219,91890000,34252
0,9189,91890000,91890000,132,219,91900000,34255
0,919,9190000,9190000,132,219,9200000,3422
0,9190,91900000,91900000,132,219,91910000,34260
0,9191,91910000,91910000,132,219,91920000,34263
0,9192,91920000,91920000,132,219,91930000,34269
0,9193,91930000,91930000,132,219,91940000,34271
0,9194,91940000,91940000,132,219,91950000,34274
0,9195,91950000,91950000,132,219,91960000,34279
0,9196,91960000,91960000,132,219,91970000,34283
0,9197,91970000,91970000,132,219,91980000,34285
0,9198,91980000,91980000,132,219,91990000,34290
0,9199,91990000,91990000,132,219,92000000,34292
0,92,920000,920000,132,219,930000,340
0,920,9200000,9200000,132,219,9210000,3429
0,9200,92000000,92000000,132,219,92010000,34297
0,9201,92010000,92010000,132,219,92020000,34303
0,9202,92020000,92020000,132,219,92030000,34306
0,9203,92030000,92030000,132,219,92040000,34307
0,9204,92040000,92040000,132,219,92050000,34311
0,9205,92050000,92050000,132,219,92060000,34317
0,9206,92060000,92060000,132,219,92070000,34318
0,9207,92070000,92070000,132,219,92080000,34323
0,9208,92080000,92080000,132,219,92090000,34329
0,9209,92090000,92090000,132,219,92100000,34330
0,921,9210000,9210000,132,219,9220000,3432
0,9210,92100000,92100000,132,219,92110000,34335
0,9211,92110000,92110000,132,219,92120000,34337
0,9212,92120000,92120000,132,219,92130000,34343
0,9213,92130000,92130000,132,219,92140000,34346
0,9214,92140000,92140000,132,219,92150000,34348
0,9215,92150000,92150000,132,219,92160000,34353
0,9216,92160000,92160000,132,219,92170000,34358
0,9217,92170000,92170000,132,219,92180000,34361
0,9218,92180000,92180000,132,219,92190000,34363
0,9219,92190000,92190000,132,219,92200000,34368
0,922,9220000,9220000,132,219,9230000,3435
0,9220,92200000,92200000,132,219,92210000,34373
0,9221,92210000,92210000,132,219,92220000,34374
0,9222,92220000,92220000,132,219,92230000,34380
0,9223,92230000,92230000,132,219,92240000,34383
0,9224,92240000,92240000,132,219,92250000,34386
0,9225,92250000,92250000,132,219,92260000,34391
0,9226,92260000,92260000,132,219,92270000,34395
0,9227,92270000,92270000,132,219,92280000,34397
0,9228,92280000,92280000,132,219,92290000,34401
0,9229,92290000,92290000,132,219,92300000,34406
0,923,9230000,9230000,132,219,9240000,3436
0,9230,92300000,92300000,132,219,92310000,34409
0,9231,92310000,92310000,132,219,92320000,34412
0,9232,92320000,92320000,132,219,92330000,34417
0,9233,92330000,92330000,132,219,92340000,34420
0,9234,92340000,92340000,132,219,92350000,34424
0,9235,92350000,92350000,132,219,92360000,34428
0,9236,92360000,92360000,132,219,92370000,34432
0,9237,92370000,92370000,132,219,92380000,34436
0,9238,92380000,92380000,132,219,92390000,34438
0,9239,92390000,92390000,132,219,92400000,34439
0,924,9240000,9240000,132,219,9250000,3443
0,925,9250000,9250000,132,219,9260000,3447
0,926,9260000,9260000,132,219,9270000,3448
0,927,9270000,9270000,132,219,9280000,3454
0,928,9280000,9280000,132,219,9290000,3458
0,929,9290000,9290000,132,219,9300000,3460
0,93,930000,930000,132,219,940000,344
0,930,9300000,9300000,132,219,9310000,3465
0,931,9310000,9310000,132,219,9320000,3469
0,932,9320000,9320000,132,219,9330000,3472
0,933,9330000,9330000,132,219,9340000,3475
0,934,9340000,9340000,132,219,9350000,3479
0,935,9350000,9350000,132,219,9360000,3483
0,936,9360000,9360000,132,219,9370000,3488
0,937,9370000,9370000,132,219,9380000,3491
0,938,9380000,9380000,132,219,9390000,3494
0,939,9390000,9390000,132,219,9400000,3497
0,94,940000,940000,132,219,950000,348
0,940,9400000,9400000,132,219,9410000,3503
0,941,9410000,9410000,132,219,9420000,3506
0,942,9420000,9420000,132,219,9430000,3510
0,943,9430000,9430000,132,219,9440000,3512
0,944,9440000,9440000,132,219,9450000,3515
0,945,9450000,9450000,132,219,9460000,3522
0,946,9460000,9460000,132,219,9470000,3525
0,947,9470000,9470000,132,219,9480000,3527
0,948,9480000,9480000,132,219,9490000,3533
0,949,9490000,9490000,132,219,9500000,3535
0,95,950000,950000,132,219,960000,351
0,950,9500000,9500000,132,219,9510000,3538
0,951,9510000,9510000,132,219,9520000,3542
0,952,9520000,9520000,132,219,9530000,3549
0,953,9530000,9530000,132,219,9540000,3550
0,954,9540000,9540000,132,219,9550000,3553
0,955,9550000,9550000,132,219,9560000,3559
0,956,9560000,9560000,132,219,9570000,3561
0,957,9570000,9570000,132,219,9580000,3566
0,958,9580000,9580000,132,219,9590000,3568
0,959,9590000,9590000,132,219,9600000,3571
0,96,960000,960000,132,219,970000,356
0,960,9600000,9600000,132,219,9610000,3578
0,961,9610000,9610000,132,219,9620000,3580
0,962,9620000,9620000,132,219,9630000,3585
0,963,9630000,9630000,132,219,9640000,3588
0,964,9640000,9640000,132,219,9650000,3591
0,965,9650000,9650000,132,219,9660000,3594
0,966,9660000,9660000,132,219,9670000,3599
0,967,9670000,9670000,132,219,9680000,3602
0,968,9680000,9680000,132,219,9690000,3606
0,969,9690000,9690000,132,219,9700000,3611
0,97,970000,970000,132,219,980000,359
0,970,9700000,9700000,132,219,9710000,3615
0,971,9710000,9710000,132,219,9720000,3616
0,972,9720000,9720000,132,219,9730000,3621
0,973,9730000,9730000,132,219,9740000,3626
0,974,9740000,9740000,132,219,9750000,3627
0,975,9750000,9750000,132,219,9760000,3632
0,976,9760000,9760000,132,219,9770000,3638
0,977,9770000,9770000,132,219,9780000,3640
0,978,9780000,9780000,132,219,9790000,3643
0,979,9790000,9790000,132,219,9800000,3646
0,98,980000,980000,132,219,990000,362
0,980,9800000,9800000,132,219,9810000,3652
0,981,9810000,9810000,132,219,9820000,3655
0,982,9820000,9820000,132,219,9830000,3658
0,983,9830000,9830000,132,219,9840000,3661
0,984,9840000,9840000,132,219,9850000,3667
0,985,9850000,9850000,132,219,9860000,3671
0,986,9860000,9860000,132,219,9870000,3672
0,987,9870000,9870000,132,219,9880000,3678
0,988,9880000,9880000,132,219,9890000,3681
0,989,9890000,9890000,132,219,9900000,3682
0,99,990000,990000,132,219,1000000,366
0,990,9900000,9900000,132,219,9910000,3690
0,991,9910000,9910000,132,219,9920000,3692
0,992,9920000,9920000,132,219,9930000,3696
0,993,9930000,9930000,132,219,9940000,3699
0,994,9940000,9940000,132,219,9950000,3703
0,995,9950000,9950000,132,219,9960000,3707
0,996,9960000,9960000,132,219,9970000,3711
0,997,9970000,9970000,132,219,9980000,3716
0,998,9980000,9980000,132,219,9990000,3717
0,999,9990000,9990000,132,219,10000000,3720
1,0,0,0,407,678,15000,1
1,1,15000,15000,407,678,30000,5
1,10,150000,150000,407,678,165000,56
1,100,1500000,1500000,407,678,1515000,559
1,1000,15000000,15000000,407,678,15015000,5591
1,1001,15015000,15015000,407,678,15030000,5598
1,1002,15030000,15030000,407,678,15045000,5603
1,1003,15045000,15045000,407,678,15060000,5610
1,1004,15060000,15060000,407,678,15075000,5614
1,1005,15075000,15075000,407,678,15090000,5621
1,1006,15090000,15090000,407,678,15105000,5626
1,1007,15105000,15105000,407,678,15120000,5629
1,1008,15120000,15120000,407,678,15135000,5638
1,1009,15135000,15135000,407,678,15150000,5641
1,101,1515000,1515000,407,678,1530000,565
1,1010,15150000,15150000,407,678,15165000,5649
1,1011,15165000,15165000,407,678,15180000,5653
1,1012,15180000,15180000,407,678,15195000,5659
1,1013,15195000,15195000,407,678,15210000,5666
1,1014,15210000,15210000,407,678,15225000,5669
1,1015,15225000,15225000,407,678,15240000,5676
1,1016,15240000,15240000,407,678,15255000,5682
1,1017,15255000,15255000,407,678,15270000,5687
1,1018,15270000,15270000,407,678,15285000,5693
1,1019,15285000,15285000,407,678,15300000,5699
1,102,1530000,1530000,407,678,1545000,571
1,1020,15300000,15300000,407,678,15315000,5704
1,1021,15315000,15315000,407,678,15330000,5709
1,1022,15330000,15330000,407,678,15345000,5714
1,1023,15345000,15345000,407,678,15360000,5720
1,1024,15360000,15360000,407,678,15375000,5727
1,1025,15375000,15375000,407,678,15390000,5731
1,1026,15390000,15390000,407,678,15405000,5740
1,1027,15405000,15405000,407,678,15420000,5743
1,1028,15420000,15420000,407,678,15435000,5747
1,1029,15435000,15435000,407,678,15450000,5754
1,103,1545000,1545000,407,678,1560000,576
1,1030,15450000,15450000,407,678,15465000,5760
1,1031,15465000,15465000,407,678,15480000,5766
1,1032,15480000,15480000,407,678,15495000,5770
1,1033,15495000,15495000,407,678,15510000,5777
1,1034,15510000,15510000,407,678,15525000,5783
1,1035,15525000,15525000,407,678,15540000,5787
1,1036,15540000,15540000,407,678,15555000,5794
1,1037,15555000,15555000,407,678,15570000,5799
1,1038,15570000,15570000,407,678,15585000,5805
1,1039,15585000,15585000,407,678,15600000,5808
1,104,1560000,1560000,407,678,1575000,580
1,1040,15600000,15600000,407,678,15615000,5817
1,1041,15615000,15615000,407,678,15630000,5822
1,1042,15630000,15630000,407,678,15645000,5826
1,1043,15645000,15645000,407,678,15660000,5833
1,1044,15660000,15660000,407,678,15675000,5836
1,1045,15675000,15675000,407,678,15690000,5845
1,1046,15690000,15690000,407,678,15705000,5850
1,1047,15705000,15705000,407,678,15720000,5855
1,1048,15720000,15720000,407,678,15735000,5861
1,1049,15735000,15735000,407,678,15750000,5864
1,105,1575000,1575000,407,678,1590000,586
1,1050,15750000,15750000,407,678,15765000,5873
1,1051,15765000,15765000,407,678,15780000,5877
1,1052,15780000,15780000,407,678,15795000,5883
1,1053,15795000,15795000,407,678,15810000,5889
1,1054,15810000,15810000,407,678,15825000,5894
1,1055,15825000,15825000,407,678,15840000,5898
1,1056,15840000,15840000,407,678,15855000,5906
1,1057,15855000,15855000,407,678,15870000,5911
1,1058,15870000,15870000,407,678,15885000,5916
1,1059,15885000,15885000,407,678,15900000,5922
1,106,1590000,1590000,407,678,1605000,594
1,1060,15900000,15900000,407,678,15915000,5927
1,1061,15915000,15915000,407,678,15930000,5935
1,1062,15930000,15930000,407,678,15945000,5938
1,1063,15945000,15945000,407,678,15960000,5944
1,1064,15960000,15960000,407,678,15975000,5950
1,1065,15975000,15975000,407,678,15990000,5954
1,1066,15990000,15990000,407,678,16005000,5963
1,1067,16005000,16005000,407,678,16020000,5967
1,1068,16020000,16020000,407,678,16035000,5973
1,1069,16035000,16035000,407,678,16050000,5977
1,107,1605000,1605000,407,678,1620000,599
1,1070,16050000,16050000,407,678,16065000,5983
1,1071,16065000,16065000,407,678,16080000,5989
1,1072,16080000,16080000,407,678,16095000,5994
1,1073,16095000,16095000,407,678,16110000,6001
1,1074,16110000,16110000,407,678,16125000,6006
1,1075,16125000,16125000,407,678,16140000,6012
1,1076,16140000,16140000,407,678,16155000,6017
1,1077,16155000,16155000,407,678,16170000,6022
1,1078,16170000,16170000,407,678,16185000,6029
1,1079,16185000,16185000,407,678,16200000,6032
1,108,1620000,1620000,407,678,1635000,603
1,1080,16200000,16200000,407,678,16215000,6040
1,1081,16215000,16215000,407,678,16230000,6045
1,1082,16230000,16230000,407,678,16245000,6052
1,1083,16245000,16245000,407,678,16260000,6057
1,1084,16260000,16260000,407,678,16275000,6060
1,1085,16275000,16275000,407,678,16290000,6068
1,1086,16290000,16290000,407,678,16305000,6073
1,1087,16305000,16305000,407,678,16320000,6078
1,1088,16320000,16320000,407,678,16335000,6084
1,1089,16335000,16335000,407,678,16350000,6090
1,109,1635000,1635000,407,678,1650000,609
1,1090,16350000,16350000,407,678,16365000,6096
1,1091,16365000,16365000,407,678,16380000,6100
1,1092,16380000,16380000,407,678,16395000,6106
1,1093,16395000,16395000,407,678,16410000,6113
1,1094,16410000,16410000,407,678,16425000,6118
1,1095,16425000,16425000,407,678,16440000,6122
1,1096,16440000,16440000,407,678,16455000,6131
1,1097,16455000,16455000,407,678,16470000,6134
1,1098,16470000,16470000,407,678,16485000,6140
1,1099,16485000,16485000,407,678,16500000,6145
1,11,165000,165000,407,678,180000,63
1,110,1650000,1650000,407,678,1665000,615
1,1100,16500000,16500000,407,678,16515000,6151
1,1101,16515000,16515000,407,678,16530000,6158
1,1102,16530000,16530000,407,678,16545000,6161
1,1103,16545000,16545000,407,678,16560000,6169
1,1104,16560000,16560000,407,678,16575000,6174
1,1105,16575000,16575000,407,678,16590000,6178
1,1106,16590000,16590000,407,678,16605000,6186
1,1107,16605000,16605000,407,678,16620000,6190
1,1108,16620000,16620000,407,678,16635000,6196
1,1109,16635000,16635000,407,678,16650000,6201
1,111,1665000,1665000,407,678,1680000,619
1,1110,16650000,16650000,407,678,16665000,6208
1,1111,16665000,16665000,407,678,16680000,6213
1,1112,16680000,16680000,407,678,16695000,6217
1,1113,16695000,16695000,407,678,16710000,6224
1,1114,16710000,16710000,407,678,16725000,6230
1,1115,16725000,16725000,407,678,16740000,6236
1,1116,16740000,16740000,407,678,16755000,6241
1,1117,16755000,16755000,407,678,16770000,6247
1,1118,16770000,16770000,407,678,16785000,6252
1,1119,16785000,16785000,407,678,16800000,6255
1,112,1680000,1680000,407,678,1695000,626
1,1120,16800000,16800000,407,678,16815000,6264
1,1121,16815000,16815000,407,678,16830000,6268
1,1122,16830000,16830000,407,678,16845000,6275
1,1123,16845000,16845000,407,678,16860000,6280
1,1124,16860000,16860000,407,678,16875000,6285
1,1125,16875000,16875000,407,678,16890000,6292
1,1126,16890000,16890000,407,678,16905000,6297
1,1127,16905000,16905000,407,678,16920000,6302
1,1128,16920000,16920000,407,678,16935000,6307
1,1129,16935000,16935000,407,678,16950000,6313
1,113,1695000,1695000,407,678,1710000,632
1,1130,16950000,16950000,407,678,16965000,6320
1,1131,16965000,16965000,407,678,16980000,6326
1,1132,16980000,16980000,407,678,16995000,6329
1,1133,16995000,16995000,407,678,17010000,6336
1,1134,17010000,17010000,407,678,17025000,6341
1,1135,17025000,17025000,407,678,17040000,6345
1,1136,17040000,17040000,407,678,17055000,6355
1,1137,17055000,17055000,407,678,17070000,6358
1,1138,17070000,17070000,407,678,17085000,6365
1,1139,17085000,17085000,407,678,17100000,6368
1,114,1710000,1710000,407,678,1725000,638
1,1140,17100000,17100000,407,678,17115000,6374
1,1141,17115000,17115000,407,678,17130000,6382
1,1142,17130000,17130000,407,678,17145000,6385
1,1143,17145000,17145000,407,678,17160000,6392
1,1144,17160000,17160000,407,678,17175000,6397
1,1145,17175000,17175000,407,678,17190000,6403
1,1146,17190000,17190000,407,678,17205000,6410
1,1147,17205000,17205000,407,678,17220000,6414
1,1148,17220000,17220000,407,678,17235000,6420
1,1149,17235000,17235000,407,678,17250000,6424
1,115,1725000,1725000,407,678,1740000,642
1,1150,17250000,17250000,407,678,17265000,6431
1,1151,17265000,17265000,407,678,17280000,6436
1,1152,17280000,17280000,407,678,17295000,6443
1,1153,17295000,17295000,407,678,17310000,6448
1,1154,17310000,17310000,407,678,17325000,6452
1,1155,17325000,17325000,407,678,17340000,6459
1,1156,17340000,17340000,407,678,17355000,6464
1,1157,17355000,17355000,407,678,17370000,6471
1,1158,17370000,17370000,407,678,17385000,6476
1,1159,17385000,17385000,407,678,17400000,6481
1,116,1740000,1740000,407,678,1755000,649
1,1160,17400000,17400000,407,678,17415000,6487
1,1161,17415000,17415000,407,678,17430000,6491
1,1162,17430000,17430000,407,678,17445000,6499
1,1163,17445000,17445000,407,678,17460000,6504
1,1164,17460000,17460000,407,678,17475000,6509
1,1165,17475000,17475000,407,678,17490000,6514
1,1166,17490000,17490000,407,678,17505000,6522
1,1167,17505000,17505000,407,678,17520000,6525
1,1168,17520000,17520000,407,678,17535000,6531
1,1169,17535000,17535000,407,678,17550000,6537
1,117,1755000,1755000,407,678,1770000,655
1,1170,17550000,17550000,407,678,17565000,6543
1,1171,17565000,17565000,407,678,17580000,6549
1,1172,17580000,17580000,407,678,17595000,6552
1,1173,17595000,17595000,407,678,17610000,6562
1,1174,17610000,17610000,407,678,17625000,6565
1,1175,17625000,17625000,407,678,17640000,6569
1,1176,17640000,17640000,407,678,17655000,6577
1,1177,17655000,17655000,407,678,17670000,6581
1,1178,17670000,17670000,407,678,17685000,6589
1,1179,17685000,17685000,407,678,17700000,6592
1,118,1770000,1770000,407,678,1785000,659
1,1180,17700000,17700000,407,678,17715000,6600
1,1181,17715000,17715000,407,678,17730000,6605
1,1182,17730000,17730000,407,678,17745000,6608
1,1183,17745000,17745000,407,678,17760000,6615
1,1184,17760000,17760000,407,678,17775000,6621
1,1185,17775000,17775000,407,678,17790000,6627
1,1186,17790000,17790000,407,678,17805000,6633
1,1187,17805000,17805000,407,678,17820000,6638
1,1188,17820000,17820000,407,678,17835000,6643
1,1189,17835000,17835000,407,678,17850000,6648
1,119,1785000,1785000,407,678,1800000,664
1,1190,17850000,17850000,407,678,17865000,6655
1,1191,17865000,17865000,407,678,17880000,6660
1,1192,17880000,17880000,407,678,17895000,6666
1,1193,17895000,17895000,407,678,17910000,6671
1,1194,17910000,17910000,407,678,17925000,6678
1,1195,17925000,17925000,407,678,17940000,6683
1,1196,17940000,17940000,407,678,17955000,6688
1,1197,17955000,17955000,407,678,17970000,6694
1,1198,17970000,17970000,407,678,17985000,6698
1,1199,17985000,17985000,407,678,18000000,6704
1,12,180000,180000,407,678,195000,66
1,120,1800000,1800000,407,678,1815000,670
1,1200,18000000,18000000,407,678,18015000,6711
1,1201,18015000,18015000,407,678,18030000,6717
1,1202,18030000,18030000,407,678,18045000,6722
1,1203,18045000,18045000,407,678,18060000,6727
1,1204,18060000,18060000,407,678,18075000,6732
1,1205,18075000,18075000,407,678,18090000,6738
1,1206,18090000,18090000,407,678,18105000,6746
1,1207,18105000,18105000,407,678,18120000,6749
1,1208,18120000,18120000,407,678,18135000,6756
1,1209,18135000,18135000,407,678,18150000,6759
1,121,1815000,1815000,407,678,1830000,677
1,1210,18150000,18150000,407,678,18165000,6767
1,1211,18165000,18165000,407,678,18180000,6773
1,1212,18180000,18180000,407,678,18195000,6776
1,1213,18195000,18195000,407,678,18210000,6785
1,1214,18210000,18210000,407,678,18225000,6788
1,1215,18225000,18225000,407,678,18240000,6794
1,1216,18240000,18240000,407,678,18255000,6801
1,1217,18255000,18255000,407,678,18270000,6805
1,1218,18270000,18270000,407,678,18285000,6812
1,1219,18285000,18285000,407,678,18300000,6815
1,122,1830000,1830000,407,678,1845000,682
1,1220,18300000,18300000,407,678,18315000,6822
1,1221,18315000,18315000,407,678,18330000,6829
1,1222,18330000,18330000,407,678,18345000,6834
1,1223,18345000,18345000,407,678,18360000,6839
1,1224,18360000,18360000,407,678,18375000,6844
1,1225,18375000,18375000,407,678,18390000,6850
1,1226,18390000,18390000,407,678,18405000,6857
1,1227,18405000,18405000,407,678,18420000,6862
1,1228,18420000,18420000,407,678,18435000,6867
1,1229,18435000,18435000,407,678,18450000,6873
1,123,1845000,1845000,407,678,1860000,689
1,1230,18450000,18450000,407,678,18465000,6878
1,1231,18465000,18465000,407,678,18480000,6882
1,1232,18480000,18480000,407,678,18495000,6890
1,1233,18495000,18495000,407,678,18510000,6895
1,1234,18510000,18510000,407,678,18525000,6901
1,1235,18525000,18525000,407,678,18540000,6906
1,1236,18540000,18540000,407,678,18555000,6913
1,1237,18555000,18555000,407,678,18570000,6918
1,1238,18570000,18570000,407,678,18585000,6922
1,1239,18585000,18585000,407,678,18600000,6928
1,124,1860000,1860000,407,678,1875000,693
1,1240,18600000,18600000,407,678,18615000,6934
1,1241,18615000,18615000,407,678,18630000,6940
1,1242,18630000,18630000,407,678,18645000,6945
1,1243,18645000,18645000,407,678,18660000,6953
1,1244,18660000,18660000,407,678,18675000,6956
1,1245,18675000,18675000,407,678,18690000,6961
1,1246,18690000,18690000,407,678,18705000,6969
1,1247,18705000,18705000,407,678,18720000,6972
1,1248,18720000,18720000,407,678,18735000,6980
1,1249,18735000,18735000,407,678,18750000,6983
1,125,1875000,1875000,407,678,1890000,698
1,1250,18750000,18750000,407,678,18765000,6992
1,1251,18765000,18765000,407,678,18780000,6996
1,1252,18780000,18780000,407,678,18795000,6999
1,1253,18795000,18795000,407,678,18810000,7008
1,1254,18810000,18810000,407,678,18825000,7012
1,1255,18825000,18825000,407,678,18840000,7018
1,1256,18840000,18840000,407,678,18855000,7024
1,1257,18855000,18855000,407,678,18870000,7030
1,1258,18870000,18870000,407,678,18885000,7036
1,1259,18885000,18885000,407,678,18900000,7039
1,126,1890000,1890000,407,678,1905000,705
1,1260,18900000,18900000,407,678,18915000,7046
1,1261,18915000,18915000,407,678,18930000,7052
1,1262,18930000,18930000,407,678,18945000,7057
1,1263,18945000,18945000,407,678,18960000,7062
1,1264,18960000,18960000,407,678,18975000,7069
1,1265,18975000,18975000,407,678,18990000,7074
1,1266,18990000,18990000,407,678,19005000,7080
1,1267,19005000,19005000,407,678,19020000,7085
1,1268,19020000,19020000,407,678,19035000,7090
1,1269,19035000,19035000,407,678,19050000,7097
1,127,1905000,1905000,407,678,1920000,708
1,1270,19050000,19050000,407,678,19065000,7102
1,1271,19065000,19065000,407,678,19080000,7108
1,1272,19080000,19080000,407,678,19095000,7113
1,1273,19095000,19095000,407,678,19110000,7118
1,1274,19110000,19110000,407,678,19125000,7125
1,1275,19125000,19125000,407,678,19140000,7129
1,1276,19140000,19140000,407,678,19155000,7137
1,1277,19155000,19155000,407,678,19170000,7141
1,1278,19170000,19170000,407,678,19185000,7147
1,1279,19185000,19185000,407,678,19200000,7151
1,128,1920000,1920000,407,678,1935000,717
1,1280,19200000,19200000,407,678,19215000,7158
1,1281,19215000,19215000,407,678,19230000,7164
1,1282,19230000,19230000,407,678,19245000,7168
1,1283,19245000,19245000,407,678,19260000,7176
1,1284,19260000,19260000,407,678,19275000,7179
1,1285,19275000,19275000,407,678,19290000,7187
1,1286,19290000,19290000,407,678,19305000,7192
1,1287,19305000,19305000,407,678,19320000,7196
1,1288,19320000,19320000,407,678,19335000,7203
1,1289,19335000,19335000,407,678,19350000,7206
1,129,1935000,1935000,407,678,1950000,720
1,1290,19350000,19350000,407,678,19365000,7216
1,1291,19365000,19365000,407,678,19380000,7220
1,1292,19380000,19380000,407,678,19395000,7225
1,1293,19395000,19395000,407,678,19410000,7231
1,1294,19410000,19410000,407,678,19425000,7235
1,1295,19425000,19425000,407,678,19440000,7241
1,1296,19440000,19440000,407,678,19455000,7248
1,1297,19455000,19455000,407,678,19470000,7253
1,1298,19470000,19470000,407,678,19485000,7259
1,1299,19485000,19485000,407,678,19500000,7264
1,13,195000,195000,407,678,210000,72
1,130,1950000,1950000,407,678,1965000,728
1,1300,19500000,19500000,407,678,19515000,7269
1,1301,19515000,19515000,407,678,19530000,7276
1,1302,19530000,19530000,407,678,19545000,7281
1,1303,19545000,19545000,407,678,19560000,7286
1,1304,19560000,19560000,407,678,19575000,7292
1,1305,19575000,19575000,407,678,19590000,7297
1,1306,19590000,19590000,407,678,19605000,7306
1,1307,19605000,19605000,407,678,19620000,7309
1,1308,19620000,19620000,407,678,19635000,7313
1,1309,19635000,19635000,407,678,19650000,7320
1,131,1965000,1965000,407,678,1980000,732
1,1310,19650000,19650000,407,678,19665000,7325
1,1311,19665000,19665000,407,678,19680000,7331
1,1312,19680000,19680000,407,678,19695000,7337
1,1313,19695000,19695000,407,678,19710000,7344
1,1314,19710000,19710000,407,678,19725000,7348
1,1315,19725000,19725000,407,678,19740000,7352
1,1316,19740000,19740000,407,678,19755000,7360
1,1317,19755000,19755000,407,678,19770000,7365
1,1318,19770000,19770000,407,678,19785000,7371
1,1319,19785000,19785000,407,678,19800000,7374
1,132,1980000,1980000,407,678,1995000,736
1,1320,19800000,19800000,407,678,19815000,7383
1,1321,19815000,19815000,407,678,19830000,7387
1,1322,19830000,19830000,407,678,19845000,7392
1,1323,19845000,19845000,407,678,19860000,7400
1,1324,19860000,19860000,407,678,19875000,7403
1,1325,19875000,19875000,407,678,19890000,7410
1,1326,19890000,19890000,407,678,19905000,7415
1,1327,19905000,19905000,407,678,19920000,7421
1,1328,19920000,19920000,407,678,19935000,7427
1,1329,19935000,19935000,407,678,19950000,7430
1,133,1995000,1995000,407,678,2010000,745
1,1330,19950000,19950000,407,678,19965000,7438
1,1331,19965000,19965000,407,678,19980000,7443
1,1332,19980000,19980000,407,678,19995000,7448
1,1333,19995000,19995000,407,678,20010000,7455
1,1334,20010000,20010000,407,678,20025000,7461
1,1335,20025000,20025000,407,678,20040000,7465
1,1336,20040000,20040000,407,678,20055000,7471
1,1337,20055000,20055000,407,678,20070000,7476
1,1338,20070000,20070000,407,678,20085000,7483
1,1339,20085000,20085000,407,678,20100000,7488
1,134,2010000,2010000,407,678,2025000,748
1,1340,20100000,20100000,407,678,20115000,7493
1,1341,20115000,20115000,407,678,20130000,7500
1,1342,20130000,20130000,407,678,20145000,7504
1,1343,20145000,20145000,407,678,20160000,7509
1,1344,20160000,20160000,407,678,20175000,7516
1,1345,20175000,20175000,407,678,20190000,7521
1,1346,20190000,20190000,407,678,20205000,7529
1,1347,20205000,20205000,407,678,20220000,7532
1,1348,20220000,20220000,407,678,20235000,7538
1,1349,20235000,20235000,407,678,20250000,7544
1,135,2025000,2025000,407,678,2040000,755
1,1350,20250000,20250000,407,678,20265000,7549
1,1351,20265000,20265000,407,678,20280000,7555
1,1352,20280000,20280000,407,678,20295000,7559
1,1353,20295000,20295000,407,678,20310000,7567
1,1354,20310000,20310000,407,678,20325000,7572
1,1355,20325000,20325000,407,678,20340000,7578
1,1356,20340000,20340000,407,678,20355000,7584
1,1357,20355000,20355000,407,678,20370000,7588
1,1358,20370000,20370000,407,678,20385000,7594
1,1359,20385000,20385000,407,678,20400000,7597
1,136,2040000,2040000,407,678,2055000,761
1,1360,20400000,20400000,407,678,20415000,7607
1,1361,20415000,20415000,407,678,20430000,7611
1,1362,20430000,20430000,407,678,20445000,7617
1,1363,20445000,20445000,407,678,20460000,7622
1,1364,20460000,20460000,407,678,20475000,7626
1,1365,20475000,20475000,407,678,20490000,7634
1,1366,20490000,20490000,407,678,20505000,7639
1,1367,20505000,20505000,407,678,20520000,7645
1,1368,20520000,20520000,407,678,20535000,7650
1,1369,20535000,20535000,407,678,20550000,7655
1,137,2055000,2055000,407,678,2070000,766
1,1370,20550000,20550000,407,678,20565000,7662
1,1371,20565000,20565000,407,678,20580000,7667
1,1372,20580000,20580000,407,678,20595000,7672
1,1373,20595000,20595000,407,678,20610000,7678
1,1374,20610000,20610000,407,678,20625000,7683
1,1375,20625000,20625000,407,678,20640000,7688
1,1376,20640000,20640000,407,678,20655000,7697
1,1377,20655000,20655000,407,678,20670000,7700
1,1378,20670000,20670000,407,678,20685000,7706
1,1379,20685000,20685000,407,678,20700000,7711
1,138,2070000,2070000,407,678,2085000,772
1,1380,20700000,20700000,407,678,20715000,7716
1,1381,20715000,20715000,407,678,20730000,7724
1,1382,20730000,20730000,407,678,20745000,7728
1,1383,20745000,20745000,407,678,20760000,7735
1,1384,20760000,20760000,407,678,20775000,7739
1,1385,20775000,20775000,407,678,20790000,7743
1,1386,20790000,20790000,407,678,20805000,7753
1,1387,20805000,20805000,407,678,20820000,7756
1,1388,20820000,20820000,407,678,20835000,7762
1,1389,20835000,20835000,407,678,20850000,7767
1,139,2085000,2085000,407,678,2100000,776
1,1390,20850000,20850000,407,678,20865000,7774
1,1391,20865000,20865000,407,678,20880000,7778
1,1392,20880000,20880000,407,678,20895000,7783
1,1393,20895000,20895000,407,678,20910000,7791
1,1394,20910000,20910000,407,678,20925000,7795
1,1395,20925000,20925000,407,678,20940000,7801
1,1396,20940000,20940000,407,678,20955000,7806
1,1397,20955000,20955000,407,678,20970000,7814
1,1398,20970000,20970000,407,678,20985000,7818
1,1399,20985000,20985000,407,678,21000000,7821
1,14,210000,210000,407,678,225000,78
1,140,2100000,2100000,407,678,2115000,783
1,1400,21000000,21000000,407,678,21015000,7830
1,1401,21015000,21015000,407,678,21030000,7834
1,1402,21030000,21030000,407,678,21045000,7841
1,1403,21045000,21045000,407,678,21060000,7846
1,1404,21060000,21060000,407,678,21075000,7852
1,1405,21075000,21075000,407,678,21090000,7857
1,1406,21090000,21090000,407,678,21105000,7862
1,1407,21105000,21105000,407,678,21120000,7867
1,1408,21120000,21120000,407,678,21135000,7874
1,1409,21135000,21135000,407,678,21150000,7879
1,141,2115000,2115000,407,678,2130000,788
1,1410,21150000,21150000,407,678,21165000,7885
1,1411,21165000,21165000,407,678,21180000,7892
1,1412,21180000,21180000,407,678,21195000,7895
1,1413,21195000,21195000,407,678,21210000,7902
1,1414,21210000,21210000,407,678,21225000,7907
1,1415,21225000,21225000,407,678,21240000,7912
1,1416,21240000,21240000,407,678,21255000,7920
1,1417,21255000,21255000,407,678,21270000,7923
1,1418,21270000,21270000,407,678,21285000,7931
1,1419,21285000,21285000,407,678,21300000,7935
1,142,2130000,2130000,407,678,2145000,793
1,1420,21300000,21300000,407,678,21315000,7940
1,1421,21315000,21315000,407,678,21330000,7947
1,1422,21330000,21330000,407,678,21345000,7951
1,1423,21345000,21345000,407,678,21360000,7958
1,1424,21360000,21360000,407,678,21375000,7963
1,1425,21375000,21375000,407,678,21390000,7969
1,1426,21390000,21390000,407,678,21405000,7976
1,1427,21405000,21405000,407,678,21420000,7979
1,1428,21420000,21420000,407,678,21435000,7985
1,1429,21435000,21435000,407,678,21450000,7990
1,143,2145000,2145000,407,678,2160000,799
1,1430,21450000,21450000,407,678,21465000,7998
1,1431,21465000,21465000,407,678,21480000,8002
1,1432,21480000,21480000,407,678,21495000,8008
1,1433,21495000,21495000,407,678,21510000,8014
1,1434,21510000,21510000,407,678,21525000,8019
1,1435,21525000,21525000,407,678,21540000,8025
1,1436,21540000,21540000,407,678,21555000,8030
1,1437,21555000,21555000,407,678,21570000,8037
1,1438,21570000,21570000,407,678,21585000,8041
1,1439,21585000,21585000,407,678,21600000,8046
1,144,2160000,2160000,407,678,2175000,806
1,1440,21600000,21600000,407,678,21615000,8053
1,1441,21615000,21615000,407,678,21630000,8058
1,1442,21630000,21630000,407,678,21645000,8064
1,1443,21645000,21645000,407,678,21660000,8069
1,1444,21660000,21660000,407,678,21675000,8075
1,1445,21675000,21675000,407,678,21690000,8081
1,1446,21690000,21690000,407,678,21705000,8088
1,1447,21705000,21705000,407,678,21720000,8091
1,1448,21720000,21720000,407,678,21735000,8097
1,1449,21735000,21735000,407,678,21750000,8102
1,145,2175000,2175000,407,678,2190000,810
1,1450,21750000,21750000,407,678,21765000,8109
1,1451,21765000,21765000,407,678,21780000,8115
1,1452,21780000,21780000,407,678,21795000,8119
1,1453,21795000,21795000,407,678,21810000,8127
1,1454,21810000,21810000,407,678,21825000,8130
1,1455,21825000,21825000,407,678,21840000,8135
1,1456,21840000,21840000,407,678,21855000,8144
1,1457,21855000,21855000,407,678,21870000,8147
1,1458,21870000,21870000,407,678,21885000,8154
1,1459,21885000,21885000,407,678,21900000,8158
1,146,2190000,2190000,407,678,2205000,817
1,1460,21900000,21900000,407,678,21915000,8165
1,1461,21915000,21915000,407,678,21930000,8171
1,1462,21930000,21930000,407,678,21945000,8174
1,1463,21945000,21945000,407,678,21960000,8182
1,1464,21960000,21960000,407,678,21975000,8186
1,1465,21975000,21975000,407,678,21990000,8192
1,1466,21990000,21990000,407,678,22005000,8200
1,1467,22005000,22005000,407,678,22020000,8205
1,1468,22020000,22020000,407,678,22035000,8209
1,1469,22035000,22035000,407,678,22050000,8213
1,147,2205000,2205000,407,678,2220000,822
1,1470,22050000,22050000,407,678,22065000,8221
1,1471,22065000,22065000,407,678,22080000,8225
1,1472,22080000,22080000,407,678,22095000,8232
1,1473,22095000,22095000,407,678,22110000,8237
1,1474,22110000,22110000,407,678,22125000,8244
1,1475,22125000,22125000,407,678,22140000,8248
1,1476,22140000,22140000,407,678,22155000,8253
1,1477,22155000,22155000,407,678,22170000,8261
1,1478,22170000,22170000,407,678,22185000,8265
1,1479,22185000,22185000,407,678,22200000,8270
1,148,2220000,2220000,407,678,2235000,826
1,1480,22200000,22200000,407,678,22215000,8276
1,1481,22215000,22215000,407,678,22230000,8283
1,1482,22230000,22230000,407,678,22245000,8288
1,1483,22245000,22245000,407,678,22260000,8293
1,1484,22260000,22260000,407,678,22275000,8298
1,1485,22275000,22275000,407,678,22290000,8304
1,1486,22290000,22290000,407,678,22305000,8311
1,1487,22305000,22305000,407,678,22320000,8314
1,1488,22320000,22320000,407,678,22335000,8323
1,1489,22335000,22335000,407,678,22350000,8326
1,149,2235000,2235000,407,678,2250000,833
1,1490,22350000,22350000,407,678,22365000,8332
1,1491,22365000,22365000,407,678,22380000,8338
1,1492,22380000,22380000,407,678,22395000,8342
1,1493,22395000,22395000,407,678,22410000,8351
1,1494,22410000,22410000,407,678,22425000,8354
1,1495,22425000,22425000,407,678,22440000,8360
1,1496,22440000,22440000,407,678,22455000,8367
1,1497,22455000,22455000,407,678,22470000,8370
1,1498,22470000,22470000,407,678,22485000,8378
1,1499,22485000,22485000,407,678,22500000,8382
1,15,225000,225000,407,678,240000,82
1,150,2250000,2250000,407,678,2265000,839
1,1500,22500000,22500000,407,678,22515000,8389
1,1501,22515000,22515000,407,678,22530000,8394
1,1502,22530000,22530000,407,678,22545000,8399
1,1503,22545000,22545000,407,678,22560000,8405
1,1504,22560000,22560000,407,678,22575000,8410
1,1505,22575000,22575000,407,678,22590000,8416
1,1506,22590000,22590000,407,678,22605000,8422
1,1507,22605000,22605000,407,678,22620000,8428
1,1508,22620000,22620000,407,678,22635000,8432
1,1509,22635000,22635000,407,678,22650000,8439
1,151,2265000,2265000,407,678,2280000,845
1,1510,22650000,22650000,407,678,22665000,8445
1,1511,22665000,22665000,407,678,22680000,8449
1,1512,22680000,22680000,407,678,22695000,8455
1,1513,22695000,22695000,407,678,22710000,8460
1,1514,22710000,22710000,407,678,22725000,8468
1,1515,22725000,22725000,407,678,22740000,8472
1,1516,22740000,22740000,407,678,22755000,8479
1,1517,22755000,22755000,407,678,22770000,8483
1,1518,22770000,22770000,407,678,22785000,8488
1,1519,22785000,22785000,407,678,22800000,8493
1,152,2280000,2280000,407,678,2295000,849
1,1520,22800000,22800000,407,678,22815000,8500
1,1521,22815000,22815000,407,678,22830000,8507
1,1522,22830000,22830000,407,678,22845000,8511
1,1523,22845000,22845000,407,678,22860000,8518
1,1524,22860000,22860000,407,678,22875000,8521
1,1525,22875000,22875000,407,678,22890000,8528
1,1526,22890000,22890000,407,678,22905000,8535
1,1527,22905000,22905000,407,678,22920000,8538
1,1528,22920000,22920000,407,678,22935000,8545
1,1529,22935000,22935000,407,678,22950000,8549
1,153,2295000,2295000,407,678,2310000,854
1,1530,22950000,22950000,407,678,22965000,8558
1,1531,22965000,22965000,407,678,22980000,8562
1,1532,22980000,22980000,407,678,22995000,8566
1,1533,22995000,22995000,407,678,23010000,8574
1,1534,23010000,23010000,407,678,23025000,8577
1,1535,23025000,23025000,407,678,23040000,8583
1,1536,23040000,23040000,407,678,23055000,8591
1,1537,23055000,23055000,407,678,23070000,8596
1,1538,23070000,23070000,407,678,23085000,8601
1,1539,23085000,23085000,407,678,23100000,8604
1,154,2310000,2310000,407,678,2325000,862
1,1540,23100000,23100000,407,678,23115000,8612
1,1541,23115000,23115000,407,678,23130000,8618
1,1542,23130000,23130000,407,678,23145000,8623
1,1543,23145000,23145000,407,678,23160000,8629
1,1544,23160000,23160000,407,678,23175000,8635
1,1545,23175000,23175000,407,678,23190000,8639
1,1546,23190000,23190000,407,678,23205000,8646
1,1547,23205000,23205000,407,678,23220000,8652
1,1548,23220000,23220000,407,678,23235000,8656
1,1549,23235000,23235000,407,678,23250000,8662
1,155,2325000,2325000,407,678,2340000,866
1,1550,23250000,23250000,407,678,23265000,8667
1,1551,23265000,23265000,407,678,23280000,8674
1,1552,23280000,23280000,407,678,23295000,8679
1,1553,23295000,23295000,407,678,23310000,8684
1,1554,23310000,23310000,407,678,23325000,8691
1,1555,23325000,23325000,407,678,23340000,8695
1,1556,23340000,23340000,407,678,23355000,8702
1,1557,23355000,23355000,407,678,23370000,8707
1,1558,23370000,23370000,407,678,23385000,8714
1,1559,23385000,23385000,407,678,23400000,8717
1,156,2340000,2340000,407,678,2355000,873
1,1560,23400000,23400000,407,678,23415000,8723
1,1561,23415000,23415000,407,678,23430000,8729
1,1562,23430000,23430000,407,678,23445000,8735
1,1563,23445000,23445000,407,678,23460000,8742
1,1564,23460000,23460000,407,678,23475000,8745
1,1565,23475000,23475000,407,678,23490000,8753
1,1566,23490000,23490000,407,678,23505000,8758
1,1567,23505000,23505000,407,678,23520000,8761
1,1568,23520000,23520000,407,678,23535000,8769
1,1569,23535000,23535000,407,678,23550000,8773
1,157,2355000,2355000,407,678,2370000,878
1,1570,23550000,23550000,407,678,23565000,8781
1,1571,23565000,23565000,407,678,23580000,8785
1,1572,23580000,23580000,407,678,23595000,8790
1,1573,23595000,23595000,407,678,23610000,8798
1,1574,23610000,23610000,407,678,23625000,8801
1,1575,23625000,23625000,407,678,23640000,8807
1,1576,23640000,23640000,407,678,23655000,8814
1,1577,23655000,23655000,407,678,23670000,8819
1,1578,23670000,23670000,407,678,23685000,8825
1,1579,23685000,23685000,407,678,23700000,8830
1,158,2370000,2370000,407,678,2385000,884
1,1580,23700000,23700000,407,678,23715000,8836
1,1581,23715000,23715000,407,678,23730000,8841
1,1582,23730000,23730000,407,678,23745000,8846
1,1583,23745000,23745000,407,678,23760000,8851
1,1584,23760000,23760000,407,678,23775000,8859
1,1585,23775000,23775000,407,678,23790000,8863
1,1586,23790000,23790000,407,678,23805000,8871
1,1587,23805000,23805000,407,678,23820000,8875
1,1588,23820000,23820000,407,678,23835000,8879
1,1589,23835000,23835000,407,678,23850000,8886
1,159,2385000,2385000,407,678,2400000,887
1,1590,23850000,23850000,407,678,23865000,8891
1,1591,23865000,23865000,407,678,23880000,8898
1,1592,23880000,23880000,407,678,23895000,8902
1,1593,23895000,23895000,407,678,23910000,8909
1,1594,23910000,23910000,407,678,23925000,8914
1,1595,23925000,23925000,407,678,23940000,8919
1,1596,23940000,23940000,407,678,23955000,8926
1,1597,23955000,23955000,407,678,23970000,8930
1,1598,23970000,23970000,407,678,23985000,8937
1,1599,23985000,23985000,407,678,24000000,8940
1,16,240000,240000,407,678,255000,91
1,160,2400000,2400000,407,678,2415000,894
1,1600,24000000,24000000,407,678,24015000,8949
1,1601,24015000,24015000,407,678,24030000,8953
1,1602,24030000,24030000,407,678,24045000,8958
1,1603,24045000,24045000,407,678,24060000,8965
1,1604,24060000,24060000,407,678,24075000,8968
1,1605,24075000,24075000,407,678,24090000,8976
1,1606,24090000,24090000,407,678,24105000,8982
1,1607,24105000,24105000,407,678,24120000,8987
1,1608,24120000,24120000,407,678,24135000,8992
1,1609,24135000,24135000,407,678,24150000,8996
1,161,2415000,2415000,407,678,2430000,901
1,1610,24150000,24150000,407,678,24165000,9005
1,1611,24165000,24165000,407,678,24180000,9009
1,1612,24180000,24180000,407,678,24195000,9014
1,1613,24195000,24195000,407,678,24210000,9021
1,1614,24210000,24210000,407,678,24225000,9026
1,1615,24225000,24225000,407,678,24240000,9030
1,1616,24240000,24240000,407,678,24255000,9037
1,1617,24255000,24255000,407,678,24270000,9043
1,1618,24270000,24270000,407,678,24285000,9048
1,1619,24285000,24285000,407,678,24300000,9053
1,162,2430000,2430000,407,678,2445000,905
1,1620,24300000,24300000,407,678,24315000,9059
1,1621,24315000,24315000,407,678,24330000,9067
1,1622,24330000,24330000,407,678,24345000,9070
1,1623,24345000,24345000,407,678,24360000,9075
1,1624,24360000,24360000,407,678,24375000,9082
1,1625,24375000,24375000,407,678,24390000,9086
1,1626,24390000,24390000,407,678,24405000,9095
1,1627,24405000,24405000,407,678,24420000,9098
1,1628,24420000,24420000,407,678,24435000,9105
1,1629,24435000,24435000,407,678,24450000,9109
1,163,2445000,2445000,407,678,2460000,912
1,1630,24450000,24450000,407,678,24465000,9114
1,1631,24465000,24465000,407,678,24480000,9121
1,1632,24480000,24480000,407,678,24495000,9126
1,1633,24495000,24495000,407,678,24510000,9133
1,1634,24510000,24510000,407,678,24525000,9137
1,1635,24525000,24525000,407,678,24540000,9144
1,1636,24540000,24540000,407,678,24555000,9149
1,1637,24555000,24555000,407,678,24570000,9154
1,1638,24570000,24570000,407,678,24585000,9160
1,1639,24585000,24585000,407,678,24600000,9164
1,164,2460000,2460000,407,678,2475000,915
1,1640,24600000,24600000,407,678,24615000,9172
1,1641,24615000,24615000,407,678,24630000,9176
1,1642,24630000,24630000,407,678,24645000,9184
1,1643,24645000,24645000,407,678,24660000,9189
1,1644,24660000,24660000,407,678,24675000,9192
1,1645,24675000,24675000,407,678,24690000,9199
1,1646,24690000,24690000,407,678,24705000,9205
1,1647,24705000,24705000,407,678,24720000,9210
1,1648,24720000,24720000,407,678,24735000,9216
1,1649,24735000,24735000,407,678,24750000,9221
1,165,2475000,2475000,407,678,2490000,924
1,1650,24750000,24750000,407,678,24765000,9228
1,1651,24765000,24765000,407,678,24780000,9232
1,1652,24780000,24780000,407,678,24795000,9237
1,1653,24795000,24795000,407,678,24810000,9245
1,1654,24810000,24810000,407,678,24825000,9250
1,1655,24825000,24825000,407,678,24840000,9254
1,1656,24840000,24840000,407,678,24855000,9262
1,1657,24855000,24855000,407,678,24870000,9266
1,1658,24870000,24870000,407,678,24885000,9272
1,1659,24885000,24885000,407,678,24900000,9277
1,166,2490000,2490000,407,678,2505000,929
1,1660,24900000,24900000,407,678,24915000,9282
1,1661,24915000,24915000,407,678,24930000,9290
1,1662,24930000,24930000,407,678,24945000,9293
1,1663,24945000,24945000,407,678,24960000,9300
1,1664,24960000,24960000,407,678,24975000,9306
1,1665,24975000,24975000,407,678,24990000,9310
1,1666,24990000,24990000,407,678,25005000,9318
1,1667,25005000,25005000,407,678,25020000,9321
1,1668,25020000,25020000,407,678,25035000,9328
1,1669,25035000,25035000,407,678,25050000,9333
1,167,2505000,2505000,407,678,2520000,932
1,1670,25050000,25050000,407,678,25065000,9340
1,1671,25065000,25065000,407,678,25080000,9344
1,1672,25080000,25080000,407,678,25095000,9349
1,1673,25095000,25095000,407,678,25110000,9356
1,1674,25110000,25110000,407,678,25125000,9361
1,1675,25125000,25125000,407,678,25140000,9368
1,1676,25140000,25140000,407,678,25155000,9373
1,1677,25155000,25155000,407,678,25170000,9379
1,1678,25170000,25170000,407,678,25185000,9383
1,1679,25185000,25185000,407,678,25200000,9387
1,168,2520000,2520000,407,678,2535000,940
1,1680,25200000,25200000,407,678,25215000,9396
1,1681,25215000,25215000,407,678,25230000,9400
1,1682,25230000,25230000,407,678,25245000,9406
1,1683,25245000,25245000,407,678,25260000,9412
1,1684,25260000,25260000,407,678,25275000,9417
1,1685,25275000,25275000,407,678,25290000,9423
1,1686,25290000,25290000,407,678,25305000,9429
1,1687,25305000,25305000,407,678,25320000,9434
1,1688,25320000,25320000,407,678,25335000,9439
1,1689,25335000,25335000,407,678,25350000,9444
1,169,2535000,2535000,407,678,2550000,943
1,1690,25350000,25350000,407,678,25365000,9452
1,1691,25365000,25365000,407,678,25380000,9458
1,1692,25380000,25380000,407,678,25395000,9461
1,1693,25395000,25395000,407,678,25410000,9467
1,1694,25410000,25410000,407,678,25425000,9473
1,1695,25425000,25425000,407,678,25440000,9477
1,1696,25440000,25440000,407,678,25455000,9486
1,1697,25455000,25455000,407,678,25470000,9490
1,1698,25470000,25470000,407,678,25485000,9497
1,1699,25485000,25485000,407,678,25500000,9500
1,17,255000,255000,407,678,270000,94
1,170,2550000,2550000,407,678,2565000,952
1,1700,25500000,25500000,407,678,25515000,9505
1,1701,25515000,25515000,407,678,25530000,9514
1,1702,25530000,25530000,407,678,25545000,9517
1,1703,25545000,25545000,407,678,25560000,9524
1,1704,25560000,25560000,407,678,25575000,9528
1,1705,25575000,25575000,407,678,25590000,9535
1,1706,25590000,25590000,407,678,25605000,9542
1,1707,25605000,25605000,407,678,25620000,9545
1,1708,25620000,25620000,407,678,25635000,9552
1,1709,25635000,25635000,407,678,25650000,9556
1,171,2565000,2565000,407,678,2580000,956
1,1710,25650000,25650000,407,678,25665000,9563
1,1711,25665000,25665000,407,678,25680000,9567
1,1712,25680000,25680000,407,678,25695000,9575
1,1713,25695000,25695000,407,678,25710000,9580
1,1714,25710000,25710000,407,678,25725000,9584
1,1715,25725000,25725000,407,678,25740000,9590
1,1716,25740000,25740000,407,678,25755000,9596
1,1717,25755000,25755000,407,678,25770000,9603
1,1718,25770000,25770000,407,678,25785000,9607
1,1719,25785000,25785000,407,678,25800000,9613
1,172,2580000,2580000,407,678,2595000,962
1,1720,25800000,25800000,407,678,25815000,9619
1,1721,25815000,25815000,407,678,25830000,9623
1,1722,25830000,25830000,407,678,25845000,9630
1,1723,25845000,25845000,407,678,25860000,9636
1,1724,25860000,25860000,407,678,25875000,9641
1,1725,25875000,25875000,407,678,25890000,9646
1,1726,25890000,25890000,407,678,25905000,9653
1,1727,25905000,25905000,407,678,25920000,9657
1,1728,25920000,25920000,407,678,25935000,9663
1,1729,25935000,25935000,407,678,25950000,9668
1,173,2595000,2595000,407,678,2610000,968
1,1730,25950000,25950000,407,678,25965000,9675
1,1731,25965000,25965000,407,678,25980000,9681
1,1732,25980000,25980000,407,678,25995000,9684
1,1733,25995000,25995000,407,678,26010000,9693
1,1734,26010000,26010000,407,678,26025000,9697
1,1735,26025000,26025000,407,678,26040000,9701
1,1736,26040000,26040000,407,678,26055000,9709
1,1737,26055000,26055000,407,678,26070000,9712
1,1738,26070000,26070000,407,678,26085000,9721
1,1739,26085000,26085000,407,678,26100000,9724
1,174,2610000,2610000,407,678,2625000,971
1,1740,26100000,26100000,407,678,26115000,9731
1,1741,26115000,26115000,407,678,26130000,9737
1,1742,26130000,26130000,407,678,26145000,9740
1,1743,26145000,26145000,407,678,26160000,9747
1,1744,26160000,26160000,407,678,26175000,9752
1,1745,26175000,26175000,407,678,26190000,9759
1,1746,26190000,26190000,407,678,26205000,9765
1,1747,26205000,26205000,407,678,26220000,9770
1,1748,26220000,26220000,407,678,26235000,9774
1,1749,26235000,26235000,407,678,26250000,9780
1,175,2625000,2625000,407,678,2640000,977
1,1750,26250000,26250000,407,678,26265000,9787
1,1751,26265000,26265000,407,678,26280000,9791
1,1752,26280000,26280000,407,678,26295000,9798
1,1753,26295000,26295000,407,678,26310000,9803
1,1754,26310000,26310000,407,678,26325000,9810
1,1755,26325000,26325000,407,678,26340000,9814
1,1756,26340000,26340000,407,678,26355000,9820
1,1757,26355000,26355000,407,678,26370000,9826
1,1758,26370000,26370000,407,678,26385000,9830
1,1759,26385000,26385000,407,678,26400000,9835
1,176,2640000,2640000,407,678,2655000,985
1,1760,26400000,26400000,407,678,26415000,9843
1,1761,26415000,26415000,407,678,26430000,9849
1,1762,26430000,26430000,407,678,26445000,9853
1,1763,26445000,26445000,407,678,26460000,9859
1,1764,26460000,26460000,407,678,26475000,9864
1,1765,26475000,26475000,407,678,26490000,9870
1,1766,26490000,26490000,407,678,26505000,9877
1,1767,26505000,26505000,407,678,26520000,9881
1,1768,26520000,26520000,407,678,26535000,9888
1,1769,26535000,26535000,407,678,26550000,9891
1,177,2655000,2655000,407,678,2670000,990
1,1770,26550000,26550000,407,678,26565000,9898
1,1771,26565000,26565000,407,678,26580000,9905
1,1772,26580000,26580000,407,678,26595000,9908
1,1773,26595000,26595000,407,678,26610000,9916
1,1774,26610000,26610000,407,678,26625000,9920
1,1775,26625000,26625000,407,678,26640000,9926
1,1776,26640000,26640000,407,678,26655000,9933
1,1777,26655000,26655000,407,678,26670000,9936
1,1778,26670000,26670000,407,678,26685000,9944
1,1779,26685000,26685000,407,678,26700000,9947
1,178,2670000,2670000,407,678,2685000,995
1,1780,26700000,26700000,407,678,26715000,9954
1,1781,26715000,26715000,407,678,26730000,9960
1,1782,26730000,26730000,407,678,26745000,9966
1,1783,26745000,26745000,407,678,26760000,9971
1,1784,26760000,26760000,407,678,26775000,9975
1,1785,26775000,26775000,407,678,26790000,9982
1,1786,26790000,26790000,407,678,26805000,9989
1,1787,26805000,26805000,407,678,26820000,9994
1,1788,26820000,26820000,407,678,26835000,9998
1,1789,26835000,26835000,407,678,26850000,10005
1,179,2685000,2685000,407,678,2700000,1001
1,1790,26850000,26850000,407,678,26865000,10010
1,1791,26865000,26865000,407,678,26880000,10014
1,1792,26880000,26880000,407,678,26895000,10021
1,1793,26895000,26895000,407,678,26910000,10027
1,1794,26910000,26910000,407,678,26925000,10033
1,1795,26925000,26925000,407,678,26940000,10037
1,1796,26940000,26940000,407,678,26955000,10045
1,1797,26955000,26955000,407,678,26970000,10050
1,1798,26970000,26970000,407,678,26985000,10054
1,1799,26985000,26985000,407,678,27000000,10059
1,18,270000,270000,407,678,285000,102
1,180,2700000,2700000,407,678,2715000,1006
1,1800,27000000,27000000,407,678,27015000,10066
1,1801,27015000,27015000,407,678,27030000,10072
1,1802,27030000,27030000,407,678,27045000,10077
1,1803,27045000,27045000,407,678,27060000,10084
1,1804,27060000,27060000,407,678,27075000,10088
1,1805,27075000,27075000,407,678,27090000,10093
1,1806,27090000,27090000,407,678,27105000,10100
1,1807,27105000,27105000,407,678,27120000,10104
1,1808,27120000,27120000,407,678,27135000,10112
1,1809,27135000,27135000,407,678,27150000,10115
1,181,2715000,2715000,407,678,2730000,1012
1,1810,27150000,27150000,407,678,27165000,10123
1,1811,27165000,27165000,407,678,27180000,10128
1,1812,27180000,27180000,407,678,27195000,10131
1,1813,27195000,27195000,407,678,27210000,10140
1,1814,27210000,27210000,407,678,27225000,10143
1,1815,27225000,27225000,407,678,27240000,10150
1,1816,27240000,27240000,407,678,27255000,10156
1,1817,27255000,27255000,407,678,27270000,10161
1,1818,27270000,27270000,407,678,27285000,10168
1,1819,27285000,27285000,407,678,27300000,10171
1,182,2730000,2730000,407,678,2745000,1017
1,1820,27300000,27300000,407,678,27315000,10178
1,1821,27315000,27315000,407,678,27330000,10183
1,1822,27330000,27330000,407,678,27345000,10189
1,1823,27345000,27345000,407,678,27360000,10194
1,1824,27360000,27360000,407,678,27375000,10201
1,1825,27375000,27375000,407,678,27390000,10205
1,1826,27390000,27390000,407,678,27405000,10212
1,1827,27405000,27405000,407,678,27420000,10217
1,1828,27420000,27420000,407,678,27435000,10221
1,1829,27435000,27435000,407,678,27450000,10229
1,183,2745000,2745000,407,678,2760000,1023
1,1830,27450000,27450000,407,678,27465000,10234
1,1831,27465000,27465000,407,678,27480000,10240
1,1832,27480000,27480000,407,678,27495000,10244
1,1833,27495000,27495000,407,678,27510000,10250
1,1834,27510000,27510000,407,678,27525000,10257
1,1835,27525000,27525000,407,678,27540000,10261
1,1836,27540000,27540000,407,678,27555000,10268
1,1837,27555000,27555000,407,678,27570000,10273
1,1838,27570000,27570000,407,678,27585000,10279
1,1839,27585000,27585000,407,678,27600000,10282
1,184,2760000,2760000,407,678,2775000,1029
1,1840,27600000,27600000,407,678,27615000,10290
1,1841,27615000,27615000,407,678,27630000,10296
1,1842,27630000,27630000,407,678,27645000,10300
1,1843,27645000,27645000,407,678,27660000,10307
1,1844,27660000,27660000,407,678,27675000,10311
1,1845,27675000,27675000,407,678,27690000,10319
1,1846,27690000,27690000,407,678,27705000,10324
1,1847,27705000,27705000,407,678,27720000,10327
1,1848,27720000,27720000,407,678,27735000,10335
1,1849,27735000,27735000,407,678,27750000,10338
1,185,2775000,2775000,407,678,2790000,1033
1,1850,27750000,27750000,407,678,27765000,10347
1,1851,27765000,27765000,407,678,27780000,10352
1,1852,27780000,27780000,407,678,27795000,10357
1,1853,27795000,27795000,407,678,27810000,10363
1,1854,27810000,27810000,407,678,27825000,10366
1,1855,27825000,27825000,407,678,27840000,10373
1,1856,27840000,27840000,407,678,27855000,10380
1,1857,27855000,27855000,407,678,27870000,10385
1,1858,27870000,27870000,407,678,27885000,10390
1,1859,27885000,27885000,407,678,27900000,10396
1,186,2790000,2790000,407,678,2805000,1042
1,1860,27900000,27900000,407,678,27915000,10401
1,1861,27915000,27915000,407,678,27930000,10407
1,1862,27930000,27930000,407,678,27945000,10413
1,1863,27945000,27945000,407,678,27960000,10418
1,1864,27960000,27960000,407,678,27975000,10424
1,1865,27975000,27975000,407,678,27990000,10428
1,1866,27990000,27990000,407,678,28005000,10438
1,1867,28005000,28005000,407,678,28020000,10441
1,1868,28020000,28020000,407,678,28035000,10445
1,1869,28035000,28035000,407,678,28050000,10451
1,187,2805000,2805000,407,678,2820000,1046
1,1870,28050000,28050000,407,678,28065000,10457
1,1871,28065000,28065000,407,678,28080000,10463
1,1872,28080000,28080000,407,678,28095000,10468
1,1873,28095000,28095000,407,678,28110000,10476
1,1874,28110000,28110000,407,678,28125000,10480
1,1875,28125000,28125000,407,678,28140000,10484
1,1876,28140000,28140000,407,678,28155000,10491
1,1877,28155000,28155000,407,678,28170000,10497
1,1878,28170000,28170000,407,678,28185000,10503
1,1879,28185000,28185000,407,678,28200000,10506
1,188,2820000,2820000,407,678,2835000,1050
1,1880,28200000,28200000,407,678,28215000,10514
1,1881,28215000,28215000,407,678,28230000,10519
1,1882,28230000,28230000,407,678,28245000,10524
1,1883,28245000,28245000,407,678,28260000,10531
1,1884,28260000,28260000,407,678,28275000,10535
1,1885,28275000,28275000,407,678,28290000,10542
1,1886,28290000,28290000,407,678,28305000,10547
1,1887,28305000,28305000,407,678,28320000,10552
1,1888,28320000,28320000,407,678,28335000,10559
1,1889,28335000,28335000,407,678,28350000,10562
1,189,2835000,2835000,407,678,2850000,1056
1,1890,28350000,28350000,407,678,28365000,10570
1,1891,28365000,28365000,407,678,28380000,10574
1,1892,28380000,28380000,407,678,28395000,10580
1,1893,28395000,28395000,407,678,28410000,10587
1,1894,28410000,28410000,407,678,28425000,10592
1,1895,28425000,28425000,407,678,28440000,10597
1,1896,28440000,28440000,407,678,28455000,10603
1,1897,28455000,28455000,407,678,28470000,10608
1,1898,28470000,28470000,407,678,28485000,10614
1,1899,28485000,28485000,407,678,28500000,10620
1,19,285000,285000,407,678,300000,105
1,190,2850000,2850000,407,678,2865000,1062
1,1900,28500000,28500000,407,678,28515000,10625
1,1901,28515000,28515000,407,678,28530000,10632
1,1902,28530000,28530000,407,678,28545000,10635
1,1903,28545000,28545000,407,678,28560000,10641
1,1904,28560000,28560000,407,678,28575000,10648
1,1905,28575000,28575000,407,678,28590000,10652
1,1906,28590000,28590000,407,678,28605000,10661
1,1907,28605000,28605000,407,678,28620000,10664
1,1908,28620000,28620000,407,678,28635000,10670
1,1909,28635000,28635000,407,678,28650000,10675
1,191,2865000,2865000,407,678,2880000,1068
1,1910,28650000,28650000,407,678,28665000,10681
1,1911,28665000,28665000,407,678,28680000,10687
1,1912,28680000,28680000,407,678,28695000,10691
1,1913,28695000,28695000,407,678,28710000,10698
1,1914,28710000,28710000,407,678,28725000,10704
1,1915,28725000,28725000,407,678,28740000,10710
1,1916,28740000,28740000,407,678,28755000,10715
1,1917,28755000,28755000,407,678,28770000,10720
1,1918,28770000,28770000,407,678,28785000,10726
1,1919,28785000,28785000,407,678,28800000,10729
1,192,2880000,2880000,407,678,2895000,1073
1,1920,28800000,28800000,407,678,28815000,10738
1,1921,28815000,28815000,407,678,28830000,10743
1,1922,28830000,28830000,407,678,28845000,10749
1,1923,28845000,28845000,407,678,28860000,10754
1,1924,28860000,28860000,407,678,28875000,10757
1,1925,28875000,28875000,407,678,28890000,10766
1,1926,28890000,28890000,407,678,28905000,10771
1,1927,28905000,28905000,407,678,28920000,10776
1,1928,28920000,28920000,407,678,28935000,10782
1,1929,28935000,28935000,407,678,28950000,10787
1,193,2895000,2895000,407,678,2910000,1080
1,1930,28950000,28950000,407,678,28965000,10794
1,1931,28965000,28965000,407,678,28980000,10798
1,1932,28980000,28980000,407,678,28995000,10804
1,1933,28995000,28995000,407,678,29010000,10810
1,1934,29010000,29010000,407,678,29025000,10815
1,1935,29025000,29025000,407,678,29040000,10819
1,1936,29040000,29040000,407,678,29055000,10829
1,1937,29055000,29055000,407,678,29070000,10832
1,1938,29070000,29070000,407,678,29085000,10837
1,1939,29085000,29085000,407,678,29100000,10843
1,194,2910000,2910000,407,678,2925000,1085
1,1940,29100000,29100000,407,678,29115000,10848
1,1941,29115000,29115000,407,678,29130000,10856
1,1942,29130000,29130000,407,678,29145000,10859
1,1943,29145000,29145000,407,678,29160000,10867
1,1944,29160000,29160000,407,678,29175000,10871
1,1945,29175000,29175000,407,678,29190000,10875
1,1946,29190000,29190000,407,678,29205000,10884
1,1947,29205000,29205000,407,678,29220000,10888
1,1948,29220000,29220000,407,678,29235000,10894
1,1949,29235000,29235000,407,678,29250000,10898
1,195,2925000,2925000,407,678,2940000,1089
1,1950,29250000,29250000,407,678,29265000,10906
1,1951,29265000,29265000,407,678,29280000,10910
1,1952,29280000,29280000,407,678,29295000,10915
1,1953,29295000,29295000,407,678,29310000,10922
1,1954,29310000,29310000,407,678,29325000,10927
1,1955,29325000,29325000,407,678,29340000,10933
1,1956,29340000,29340000,407,678,29355000,10938
1,1957,29355000,29355000,407,678,29370000,10945
1,1958,29370000,29370000,407,678,29385000,10950
1,1959,29385000,29385000,407,678,29400000,10953
1,196,2940000,2940000,407,678,2955000,1096
1,1960,29400000,29400000,407,678,29415000,10961
1,1961,29415000,29415000,407,678,29430000,10966
1,1962,29430000,29430000,407,678,29445000,10973
1,1963,29445000,29445000,407,678,29460000,10978
1,1964,29460000,29460000,407,678,29475000,10983
1,1965,29475000,29475000,407,678,29490000,10989
1,1966,29490000,29490000,407,678,29505000,10994
1,1967,29505000,29505000,407,678,29520000,10999
1,1968,29520000,29520000,407,678,29535000,11005
1,1969,29535000,29535000,407,678,29550000,11011
1,197,2955000,2955000,407,678,2970000,1101
1,1970,29550000,29550000,407,678,29565000,11017
1,1971,29565000,29565000,407,678,29580000,11023
1,1972,29580000,29580000,407,678,29595000,11027
1,1973,29595000,29595000,407,678,29610000,11034
1,1974,29610000,29610000,407,678,29625000,11039
1,1975,29625000,29625000,407,678,29640000,11043
1,1976,29640000,29640000,407,678,29655000,11052
1,1977,29655000,29655000,407,678,29670000,11055
1,1978,29670000,29670000,407,678,29685000,11063
1,1979,29685000,29685000,407,678,29700000,11066
1,198,2970000,2970000,407,678,2985000,1108
1,1980,29700000,29700000,407,678,29715000,11072
1,1981,29715000,29715000,407,678,29730000,11079
1,1982,29730000,29730000,407,678,29745000,11082
1,1983,29745000,29745000,407,678,29760000,11090
1,1984,29760000,29760000,407,678,29775000,11095
1,1985,29775000,29775000,407,678,29790000,11101
1,1986,29790000,29790000,407,678,29805000,11107
1,1987,29805000,29805000,407,678,29820000,11111
1,1988,29820000,29820000,407,678,29835000,11117
1,1989,29835000,29835000,407,678,29850000,11122
1,199,2985000,2985000,407,678,3000000,1111
1,1990,29850000,29850000,407,678,29865000,11129
1,1991,29865000,29865000,407,678,29880000,11134
1,1992,29880000,29880000,407,678,29895000,11140
1,1993,29895000,29895000,407,678,29910000,11145
1,1994,29910000,29910000,407,678,29925000,11151
1,1995,29925000,29925000,407,678,29940000,11157
1,1996,29940000,29940000,407,678,29955000,11162
1,1997,29955000,29955000,407,678,29970000,11168
1,1998,29970000,29970000,407,678,29985000,11173
1,1999,29985000,29985000,407,678,30000000,11178
1,2,30000,30000,407,678,45000,11
1,20,300000,300000,407,678,315000,110
1,200,3000000,3000000,407,678,3015000,1119
1,2000,30000000,30000000,407,678,30015000,11185
1,2001,30015000,30015000,407,678,30030000,11189
1,2002,30030000,30030000,407,678,30045000,11196
1,2003,30045000,30045000,407,678,30060000,11201
1,2004,30060000,30060000,407,678,30075000,11206
1,2005,30075000,30075000,407,678,30090000,11213
1,2006,30090000,30090000,407,678,30105000,11220
1,2007,30105000,30105000,407,678,30120000,11223
1,2008,30120000,30120000,407,678,30135000,11228
1,2009,30135000,30135000,407,678,30150000,11234
1,201,3015000,3015000,407,678,3030000,1124
1,2010,30150000,30150000,407,678,30165000,11241
1,2011,30165000,30165000,407,678,30180000,11247
1,2012,30180000,30180000,407,678,30195000,11250
1,2013,30195000,30195000,407,678,30210000,11259
1,2014,30210000,30210000,407,678,30225000,11262
1,2015,30225000,30225000,407,678,30240000,11266
1,2016,30240000,30240000,407,678,30255000,11276
1,2017,30255000,30255000,407,678,30270000,11279
1,2018,30270000,30270000,407,678,30285000,11286
1,2019,30285000,30285000,407,678,30300000,11289
1,202,3030000,3030000,407,678,3045000,1129
1,2020,30300000,30300000,407,678,30315000,11297
1,2021,30315000,30315000,407,678,30330000,11303
1,2022,30330000,30330000,407,678,30345000,11306
1,2023,30345000,30345000,407,678,30360000,11313
1,2024,30360000,30360000,407,678,30375000,11318
1,2025,30375000,30375000,407,678,30390000,11324
1,2026,30390000,30390000,407,678,30405000,11331
1,2027,30405000,30405000,407,678,30420000,11337
1,2028,30420000,30420000,407,678,30435000,11341
1,2029,30435000,30435000,407,678,30450000,11345
1,203,3045000,3045000,407,678,3060000,1136
1,2030,30450000,30450000,407,678,30465000,11352
1,2031,30465000,30465000,407,678,30480000,11357
1,2032,30480000,30480000,407,678,30495000,11364
1,2033,30495000,30495000,407,678,30510000,11369
1,2034,30510000,30510000,407,678,30525000,11375
1,2035,30525000,30525000,407,678,30540000,11380
1,2036,30540000,30540000,407,678,30555000,11385
1,2037,30555000,30555000,407,678,30570000,11392
1,2038,30570000,30570000,407,678,30585000,11397
1,2039,30585000,30585000,407,678,30600000,11402
1,204,3060000,3060000,407,678,3075000,1139
1,2040,30600000,30600000,407,678,30615000,11408
1,2041,30615000,30615000,407,678,30630000,11414
1,2042,30630000,30630000,407,678,30645000,11420
1,2043,30645000,30645000,407,678,30660000,11425
1,2044,30660000,30660000,407,678,30675000,11430
1,2045,30675000,30675000,407,678,30690000,11435
1,2046,30690000,30690000,407,678,30705000,11443
1,2047,30705000,30705000,407,678,30720000,11446
1,2048,30720000,30720000,407,678,30735000,11454
1,2049,30735000,30735000,407,678,30750000,11458
1,205,3075000,3075000,407,678,3090000,1147
1,2050,30750000,30750000,407,678,30765000,11464
1,2051,30765000,30765000,407,678,30780000,11470
1,2052,30780000,30780000,407,678,30795000,11473
1,2053,30795000,30795000,407,678,30810000,11483
1,2054,30810000,30810000,407,678,30825000,11486
1,2055,30825000,30825000,407,678,30840000,11492
1,2056,30840000,30840000,407,678,30855000,11498
1,2057,30855000,30855000,407,678,30870000,11502
1,2058,30870000,30870000,407,678,30885000,11510
1,2059,30885000,30885000,407,678,30900000,11513
1,206,3090000,3090000,407,678,3105000,1152
1,2060,30900000,30900000,407,678,30915000,11521
1,2061,30915000,30915000,407,678,30930000,11526
1,2062,30930000,30930000,407,678,30945000,11531
1,2063,30945000,30945000,407,678,30960000,11536
1,2064,30960000,30960000,407,678,30975000,11542
1,2065,30975000,30975000,407,678,30990000,11548
1,2066,30990000,30990000,407,678,31005000,11554
1,2067,31005000,31005000,407,678,31020000,11559
1,2068,31020000,31020000,407,678,31035000,11564
1,2069,31035000,31035000,407,678,31050000,11571
1,207,3105000,3105000,407,678,3120000,1157
1,2070,31050000,31050000,407,678,31065000,11576
1,2071,31065000,31065000,407,678,31080000,11581
1,2072,31080000,31080000,407,678,31095000,11587
1,2073,31095000,31095000,407,678,31110000,11592
1,2074,31110000,31110000,407,678,31125000,11599
1,2075,31125000,31125000,407,678,31140000,11604
1,2076,31140000,31140000,407,678,31155000,11611
1,2077,31155000,31155000,407,678,31170000,11615
1,2078,31170000,31170000,407,678,31185000,11619
1,2079,31185000,31185000,407,678,31200000,11625
1,208,3120000,3120000,407,678,3135000,1163
1,2080,31200000,31200000,407,678,31215000,11632
1,2081,31215000,31215000,407,678,31230000,11638
1,2082,31230000,31230000,407,678,31245000,11643
1,2083,31245000,31245000,407,678,31260000,11650
1,2084,31260000,31260000,407,678,31275000,11653
1,2085,31275000,31275000,407,678,31290000,11659
1,2086,31290000,31290000,407,678,31305000,11667
1,2087,31305000,31305000,407,678,31320000,11670
1,2088,31320000,31320000,407,678,31335000,11677
1,2089,31335000,31335000,407,678,31350000,11680
1,209,3135000,3135000,407,678,3150000,1167
1,2090,31350000,31350000,407,678,31365000,11690
1,2091,31365000,31365000,407,678,31380000,11694
1,2092,31380000,31380000,407,678,31395000,11697
1,2093,31395000,31395000,407,678,31410000,11706
1,2094,31410000,31410000,407,678,31425000,11709
1,2095,31425000,31425000,407,678,31440000,11715
1,2096,31440000,31440000,407,678,31455000,11722
1,2097,31455000,31455000,407,678,31470000,11728
1,2098,31470000,31470000,407,678,31485000,11733
1,2099,31485000,31485000,407,678,31500000,11736
1,21,315000,315000,407,678,330000,118
1,210,3150000,3150000,407,678,3165000,1175
1,2100,31500000,31500000,407,678,31515000,11743
1,2101,31515000,31515000,407,678,31530000,11750
1,2102,31530000,31530000,407,678,31545000,11755
1,2103,31545000,31545000,407,678,31560000,11760
1,2104,31560000,31560000,407,678,31575000,11767
1,2105,31575000,31575000,407,678,31590000,11771
1,2106,31590000,31590000,407,678,31605000,11778
1,2107,31605000,31605000,407,678,31620000,11783
1,2108,31620000,31620000,407,678,31635000,11788
1,2109,31635000,31635000,407,678,31650000,11794
1,211,3165000,3165000,407,678,3180000,1179
1,2110,31650000,31650000,407,678,31665000,11799
1,2111,31665000,31665000,407,678,31680000,11805
1,2112,31680000,31680000,407,678,31695000,11811
1,2113,31695000,31695000,407,678,31710000,11816
1,2114,31710000,31710000,407,678,31725000,11822
1,2115,31725000,31725000,407,678,31740000,11827
1,2116,31740000,31740000,407,678,31755000,11834
1,2117,31755000,31755000,407,678,31770000,11839
1,2118,31770000,31770000,407,678,31785000,11845
1,2119,31785000,31785000,407,678,31800000,11849
1,212,3180000,3180000,407,678,3195000,1185
1,2120,31800000,31800000,407,678,31815000,11855
1,2121,31815000,31815000,407,678,31830000,11861
1,2122,31830000,31830000,407,678,31845000,11866
1,2123,31845000,31845000,407,678,31860000,11874
1,2124,31860000,31860000,407,678,31875000,11877
1,2125,31875000,31875000,407,678,31890000,11884
1,2126,31890000,31890000,407,678,31905000,11890
1,2127,31905000,31905000,407,678,31920000,11893
1,2128,31920000,31920000,407,678,31935000,11901
1,2129,31935000,31935000,407,678,31950000,11904
1,213,3195000,3195000,407,678,3210000,1192
1,2130,31950000,31950000,407,678,31965000,11913
1,2131,31965000,31965000,407,678,31980000,11917
1,2132,31980000,31980000,407,678,31995000,11922
1,2133,31995000,31995000,407,678,32010000,11929
1,2134,32010000,32010000,407,678,32025000,11933
1,2135,32025000,32025000,407,678,32040000,11939
1,2136,32040000,32040000,407,678,32055000,11945
1,2137,32055000,32055000,407,678,32070000,11951
1,2138,32070000,32070000,407,678,32085000,11957
1,2139,32085000,32085000,407,678,32100000,11962
1,214,3210000,3210000,407,678,3225000,1197
1,2140,32100000,32100000,407,678,32115000,11967
1,2141,32115000,32115000,407,678,32130000,11973
1,2142,32130000,32130000,407,678,32145000,11978
1,2143,32145000,32145000,407,678,32160000,11983
1,2144,32160000,32160000,407,678,32175000,11990
1,2145,32175000,32175000,407,678,32190000,11995
1,2146,32190000,32190000,407,678,32205000,12003
1,2147,32205000,32205000,407,678,32220000,12006
1,2148,32220000,32220000,407,678,32235000,12011
1,2149,32235000,32235000,407,678,32250000,12018
1,215,3225000,3225000,407,678,3240000,1201
1,2150,32250000,32250000,407,678,32265000,12023
1,2151,32265000,32265000,407,678,32280000,12029
1,2152,32280000,32280000,407,678,32295000,12034
1,2153,32295000,32295000,407,678,32310000,12041
1,2154,32310000,32310000,407,678,32325000,12046
1,2155,32325000,32325000,407,678,32340000,12050
1,2156,32340000,32340000,407,678,32355000,12058
1,2157,32355000,32355000,407,678,32370000,12062
1,2158,32370000,32370000,407,678,32385000,12068
1,2159,32385000,32385000,407,678,32400000,12072
1,216,3240000,3240000,407,678,3255000,1208
1,2160,32400000,32400000,407,678,32415000,12081
1,2161,32415000,32415000,407,678,32430000,12085
1,2162,32430000,32430000,407,678,32445000,12089
1,2163,32445000,32445000,407,678,32460000,12097
1,2164,32460000,32460000,407,678,32475000,12100
1,2165,32475000,32475000,407,678,32490000,12108
1,2166,32490000,32490000,407,678,32505000,12113
1,2167,32505000,32505000,407,678,32520000,12119
1,2168,32520000,32520000,407,678,32535000,12124
1,2169,32535000,32535000,407,678,32550000,12127
1,217,3255000,3255000,407,678,3270000,1213
1,2170,32550000,32550000,407,678,32565000,12137
1,2171,32565000,32565000,407,678,32580000,12141
1,2172,32580000,32580000,407,678,32595000,12146
1,2173,32595000,32595000,407,678,32610000,12152
1,2174,32610000,32610000,407,678,32625000,12158
1,2175,32625000,32625000,407,678,32640000,12162
1,2176,32640000,32640000,407,678,32655000,12169
1,2177,32655000,32655000,407,678,32670000,12174
1,2178,32670000,32670000,407,678,32685000,12180
1,2179,32685000,32685000,407,678,32700000,12185
1,218,3270000,3270000,407,678,3285000,1219
1,2180,32700000,32700000,407,678,32715000,12190
1,2181,32715000,32715000,407,678,32730000,12199
1,2182,32730000,32730000,407,678,32745000,12202
1,2183,32745000,32745000,407,678,32760000,12207
1,2184,32760000,32760000,407,678,32775000,12213
1,2185,32775000,32775000,407,678,32790000,12218
1,2186,32790000,32790000,407,678,32805000,12227
1,2187,32805000,32805000,407,678,32820000,12230
1,2188,32820000,32820000,407,678,32835000,12236
1,2189,32835000,32835000,407,678,32850000,12241
1,219,3285000,3285000,407,678,3300000,1224
1,2190,32850000,32850000,407,678,32865000,12246
1,2191,32865000,32865000,407,678,32880000,12252
1,2192,32880000,32880000,407,678,32895000,12258
1,2193,32895000,32895000,407,678,32910000,12265
1,2194,32910000,32910000,407,678,32925000,12269
1,2195,32925000,32925000,407,678,32940000,12275
1,2196,32940000,32940000,407,678,32955000,12281
1,2197,32955000,32955000,407,678,32970000,12286
1,2198,32970000,32970000,407,678,32985000,12292
1,2199,32985000,32985000,407,678,33000000,12295
1,22,330000,330000,407,678,345000,122
1,220,3300000,3300000,407,678,3315000,1230
1,2200,33000000,33000000,407,678,33015000,12304
1,2201,33015000,33015000,407,678,33030000,12308
1,2202,33030000,33030000,407,678,33045000,12315
1,2203,33045000,33045000,407,678,33060000,12321
1,2204,33060000,33060000,407,678,33075000,12324
1,2205,33075000,33075000,407,678,33090000,12331
1,2206,33090000,33090000,407,678,33105000,12336
1,2207,33105000,33105000,407,678,33120000,12342
1,2208,33120000,33120000,407,678,33135000,12348
1,2209,33135000,33135000,407,678,33150000,12353
1,221,3315000,3315000,407,678,3330000,1237
1,2210,33150000,33150000,407,678,33165000,12359
1,2211,33165000,33165000,407,678,33180000,12364
1,2212,33180000,33180000,407,678,33195000,12369
1,2213,33195000,33195000,407,678,33210000,12376
1,2214,33210000,33210000,407,678,33225000,12382
1,2215,33225000,33225000,407,678,33240000,12386
1,2216,33240000,33240000,407,678,33255000,12394
1,2217,33255000,33255000,407,678,33270000,12397
1,2218,33270000,33270000,407,678,33285000,12404
1,2219,33285000,33285000,407,678,33300000,12409
1,222,3330000,3330000,407,678,3345000,1240
1,2220,33300000,33300000,407,678,33315000,12414
1,2221,33315000,33315000,407,678,33330000,12421
1,2222,33330000,33330000,407,678,33345000,12425
1,2223,33345000,33345000,407,678,33360000,12432
1,2224,33360000,33360000,407,678,33375000,12437
1,2225,33375000,33375000,407,678,33390000,12442
1,2226,33390000,33390000,407,678,33405000,12450
1,2227,33405000,33405000,407,678,33420000,12453
1,2228,33420000,33420000,407,678,33435000,12459
1,2229,33435000,33435000,407,678,33450000,12465
1,223,3345000,3345000,407,678,3360000,1246
1,2230,33450000,33450000,407,678,33465000,12472
1,2231,33465000,33465000,407,678,33480000,12476
1,2232,33480000,33480000,407,678,33495000,12480
1,2233,33495000,33495000,407,678,33510000,12488
1,2234,33510000,33510000,407,678,33525000,12493
1,2235,33525000,33525000,407,678,33540000,12499
1,2236,33540000,33540000,407,678,33555000,12505
1,2237,33555000,33555000,407,678,33570000,12511
1,2238,33570000,33570000,407,678,33585000,12515
1,2239,33585000,33585000,407,678,33600000,12518
1,224,3360000,3360000,407,678,3375000,1253
1,2240,33600000,33600000,407,678,33615000,12528
1,2241,33615000,33615000,407,678,33630000,12532
1,2242,33630000,33630000,407,678,33645000,12538
1,2243,33645000,33645000,407,678,33660000,12543
1,2244,33660000,33660000,407,678,33675000,12549
1,2245,33675000,33675000,407,678,33690000,12555
1,2246,33690000,33690000,407,678,33705000,12560
1,2247,33705000,33705000,407,678,33720000,12566
1,2248,33720000,33720000,407,678,33735000,12571
1,2249,33735000,33735000,407,678,33750000,12576
1,225,3375000,3375000,407,678,3390000,1257
1,2250,33750000,33750000,407,678,33765000,12583
1,2251,33765000,33765000,407,678,33780000,12590
1,2252,33780000,33780000,407,678,33795000,12593
1,2253,33795000,33795000,407,678,33810000,12599
1,2254,33810000,33810000,407,678,33825000,12604
1,2255,33825000,33825000,407,678,33840000,12609
1,2256,33840000,33840000,407,678,33855000,12618
1,2257,33855000,33855000,407,678,33870000,12621
1,2258,33870000,33870000,407,678,33885000,12629
1,2259,33885000,33885000,407,678,33900000,12632
1,226,3390000,3390000,407,678,3405000,1265
1,2260,33900000,33900000,407,678,33915000,12637
1,2261,33915000,33915000,407,678,33930000,12645
1,2262,33930000,33930000,407,678,33945000,12649
1,2263,33945000,33945000,407,678,33960000,12656
1,2264,33960000,33960000,407,678,33975000,12660
1,2265,33975000,33975000,407,678,33990000,12666
1,2266,33990000,33990000,407,678,34005000,12674
1,2267,34005000,34005000,407,678,34020000,12677
1,2268,34020000,34020000,407,678,34035000,12683
1,2269,34035000,34035000,407,678,34050000,12688
1,227,3405000,3405000,407,678,3420000,1269
1,2270,34050000,34050000,407,678,34065000,12695
1,2271,34065000,34065000,407,678,34080000,12699
1,2272,34080000,34080000,407,678,34095000,12706
1,2273,34095000,34095000,407,678,34110000,12712
1,2274,34110000,34110000,407,678,34125000,12716
1,2275,34125000,34125000,407,678,34140000,12722
1,2276,34140000,34140000,407,678,34155000,12727
1,2277,34155000,34155000,407,678,34170000,12735
1,2278,34170000,34170000,407,678,34185000,12739
1,2279,34185000,34185000,407,678,34200000,12744
1,228,3420000,3420000,407,678,3435000,1275
1,2280,34200000,34200000,407,678,34215000,12751
1,2281,34215000,34215000,407,678,34230000,12755
1,2282,34230000,34230000,407,678,34245000,12762
1,2283,34245000,34245000,407,678,34260000,12767
1,2284,34260000,34260000,407,678,34275000,12773
1,2285,34275000,34275000,407,678,34290000,12778
1,2286,34290000,34290000,407,678,34305000,12785
1,2287,34305000,34305000,407,678,34320000,12788
1,2288,34320000,34320000,407,678,34335000,12795
1,2289,34335000,34335000,407,678,34350000,12800
1,229,3435000,3435000,407,678,3450000,1280
1,2290,34350000,34350000,407,678,34365000,12806
1,2291,34365000,34365000,407,678,34380000,12813
1,2292,34380000,34380000,407,678,34395000,12816
1,2293,34395000,34395000,407,678,34410000,12825
1,2294,34410000,34410000,407,678,34425000,12828
1,2295,34425000,34425000,407,678,34440000,12833
1,2296,34440000,34440000,407,678,34455000,12841
1,2297,34455000,34455000,407,678,34470000,12844
1,2298,34470000,34470000,407,678,34485000,12852
1,2299,34485000,34485000,407,678,34500000,12856
1,23,345000,345000,407,678,360000,129
1,230,3450000,3450000,407,678,3465000,1285
1,2300,34500000,34500000,407,678,34515000,12863
1,2301,34515000,34515000,407,678,34530000,12868
1,2302,34530000,34530000,407,678,34545000,12872
1,2303,34545000,34545000,407,678,34560000,12879
1,2304,34560000,34560000,407,678,34575000,12884
1,2305,34575000,34575000,407,678,34590000,12890
1,2306,34590000,34590000,407,678,34605000,12897
1,2307,34605000,34605000,407,678,34620000,12902
1,2308,34620000,34620000,407,678,34635000,12906
1,2309,34635000,34635000,407,678,34650000,12911
1,231,3465000,3465000,407,678,3480000,1292
1,2310,34650000,34650000,407,678,34665000,12919
1,2311,34665000,34665000,407,678,34680000,12923
1,2312,34680000,34680000,407,678,34695000,12929
1,2313,34695000,34695000,407,678,34710000,12935
1,2314,34710000,34710000,407,678,34725000,12942
1,2315,34725000,34725000,407,678,34740000,12946
1,2316,34740000,34740000,407,678,34755000,12951
1,2317,34755000,34755000,407,678,34770000,12958
1,2318,34770000,34770000,407,678,34785000,12962
1,2319,34785000,34785000,407,678,34800000,12967
1,232,3480000,3480000,407,678,3495000,1296
1,2320,34800000,34800000,407,678,34815000,12974
1,2321,34815000,34815000,407,678,34830000,12981
1,2322,34830000,34830000,407,678,34845000,12985
1,2323,34845000,34845000,407,678,34860000,12990
1,2324,34860000,34860000,407,678,34875000,12996
1,2325,34875000,34875000,407,678,34890000,13002
1,2326,34890000,34890000,407,678,34905000,13009
1,2327,34905000,34905000,407,678,34920000,13012
1,2328,34920000,34920000,407,678,34935000,13020
1,2329,34935000,34935000,407,678,34950000,13023
1,233,3495000,3495000,407,678,3510000,1303
1,2330,34950000,34950000,407,678,34965000,13030
1,2331,34965000,34965000,407,678,34980000,13036
1,2332,34980000,34980000,407,678,34995000,13040
1,2333,34995000,34995000,407,678,35010000,13048
1,2334,35010000,35010000,407,678,35025000,13051
1,2335,35025000,35025000,407,678,35040000,13058
1,2336,35040000,35040000,407,678,35055000,13065
1,2337,35055000,35055000,407,678,35070000,13068
1,2338,35070000,35070000,407,678,35085000,13075
1,2339,35085000,35085000,407,678,35100000,13079
1,234,3510000,3510000,407,678,3525000,1309
1,2340,35100000,35100000,407,678,35115000,13086
1,2341,35115000,35115000,407,678,35130000,13092
1,2342,35130000,35130000,407,678,35145000,13097
1,2343,35145000,35145000,407,678,35160000,13103
1,2344,35160000,35160000,407,678,35175000,13107
1,2345,35175000,35175000,407,678,35190000,13113
1,2346,35190000,35190000,407,678,35205000,13121
1,2347,35205000,35205000,407,678,35220000,13126
1,2348,35220000,35220000,407,678,35235000,13130
1,2349,35235000,35235000,407,678,35250000,13136
1,235,3525000,3525000,407,678,3540000,1315
1,2350,35250000,35250000,407,678,35265000,13142
1,2351,35265000,35265000,407,678,35280000,13146
1,2352,35280000,35280000,407,678,35295000,13153
1,2353,35295000,35295000,407,678,35310000,13158
1,2354,35310000,35310000,407,678,35325000,13165
1,2355,35325000,35325000,407,678,35340000,13169
1,2356,35340000,35340000,407,678,35355000,13176
1,2357,35355000,35355000,407,678,35370000,13182
1,2358,35370000,35370000,407,678,35385000,13186
1,2359,35385000,35385000,407,678,35400000,13191
1,236,3540000,3540000,407,678,3555000,1320
1,2360,35400000,35400000,407,678,35415000,13197
1,2361,35415000,35415000,407,678,35430000,13204
1,2362,35430000,35430000,407,678,35445000,13209
1,2363,35445000,35445000,407,678,35460000,13216
1,2364,35460000,35460000,407,678,35475000,13219
1,2365,35475000,35475000,407,678,35490000,13225
1,2366,35490000,35490000,407,678,35505000,13232
1,2367,35505000,35505000,407,678,35520000,13235
1,2368,35520000,35520000,407,678,35535000,13244
1,2369,35535000,35535000,407,678,35550000,13247
1,237,3555000,3555000,407,678,3570000,1324
1,2370,35550000,35550000,407,678,35565000,13255
1,2371,35565000,35565000,407,678,35580000,13259
1,2372,35580000,35580000,407,678,35595000,13263
1,2373,35595000,35595000,407,678,35610000,13272
1,2374,35610000,35610000,407,678,35625000,13275
1,2375,35625000,35625000,407,678,35640000,13281
1,2376,35640000,35640000,407,678,35655000,13288
1,2377,35655000,35655000,407,678,35670000,13293
1,2378,35670000,35670000,407,678,35685000,13299
1,2379,35685000,35685000,407,678,35700000,13303
1,238,3570000,3570000,407,678,3585000,1331
1,2380,35700000,35700000,407,678,35715000,13310
1,2381,35715000,35715000,407,678,35730000,13315
1,2382,35730000,35730000,407,678,35745000,13320
1,2383,35745000,35745000,407,678,35760000,13326
1,2384,35760000,35760000,407,678,35775000,13333
1,2385,35775000,35775000,407,678,35790000,13337
1,2386,35790000,35790000,407,678,35805000,13343
1,2387,35805000,35805000,407,678,35820000,13349
1,2388,35820000,35820000,407,678,35835000,13353
1,2389,35835000,35835000,407,678,35850000,13360
1,239,3585000,3585000,407,678,3600000,1334
1,2390,35850000,35850000,407,678,35865000,13366
1,2391,35865000,35865000,407,678,35880000,13372
1,2392,35880000,35880000,407,678,35895000,13376
1,2393,35895000,35895000,407,678,35910000,13381
1,2394,35910000,35910000,407,678,35925000,13389
1,2395,35925000,35925000,407,678,35940000,13393
1,2396,35940000,35940000,407,678,35955000,13400
1,2397,35955000,35955000,407,678,35970000,13404
1,2398,35970000,35970000,407,678,35985000,13411
1,2399,35985000,35985000,407,678,36000000,13414
1,24,360000,360000,407,678,375000,133
1,240,3600000,3600000,407,678,3615000,1343
1,2400,36000000,36000000,407,678,36015000,13421
1,2401,36015000,36015000,407,678,36030000,13428
1,2402,36030000,36030000,407,678,36045000,13432
1,2403,36045000,36045000,407,678,36060000,13439
1,2404,36060000,36060000,407,678,36075000,13442
1,2405,36075000,36075000,407,678,36090000,13451
1,2406,36090000,36090000,407,678,36105000,13456
1,2407,36105000,36105000,407,678,36120000,13459
1,2408,36120000,36120000,407,678,36135000,13466
1,2409,36135000,36135000,407,678,36150000,13470
1,241,3615000,3615000,407,678,3630000,1347
1,2410,36150000,36150000,407,678,36165000,13479
1,2411,36165000,36165000,407,678,36180000,13483
1,2412,36180000,36180000,407,678,36195000,13489
1,2413,36195000,36195000,407,678,36210000,13495
1,2414,36210000,36210000,407,678,36225000,13498
1,2415,36225000,36225000,407,678,36240000,13504
1,2416,36240000,36240000,407,678,36255000,13512
1,2417,36255000,36255000,407,678,36270000,13517
1,2418,36270000,36270000,407,678,36285000,13522
1,2419,36285000,36285000,407,678,36300000,13527
1,242,3630000,3630000,407,678,3645000,1354
1,2420,36300000,36300000,407,678,36315000,13533
1,2421,36315000,36315000,407,678,36330000,13539
1,2422,36330000,36330000,407,678,36345000,13544
1,2423,36345000,36345000,407,678,36360000,13550
1,2424,36360000,36360000,407,678,36375000,13556
1,2425,36375000,36375000,407,678,36390000,13560
1,2426,36390000,36390000,407,678,36405000,13569
1,2427,36405000,36405000,407,678,36420000,13573
1,2428,36420000,36420000,407,678,36435000,13577
1,2429,36435000,36435000,407,678,36450000,13583
1,243,3645000,3645000,407,678,3660000,1359
1,2430,36450000,36450000,407,678,36465000,13588
1,2431,36465000,36465000,407,678,36480000,13595
1,2432,36480000,36480000,407,678,36495000,13600
1,2433,36495000,36495000,407,678,36510000,13607
1,2434,36510000,36510000,407,678,36525000,13612
1,2435,36525000,36525000,407,678,36540000,13616
1,2436,36540000,36540000,407,678,36555000,13623
1,2437,36555000,36555000,407,678,36570000,13628
1,2438,36570000,36570000,407,678,36585000,13635
1,2439,36585000,36585000,407,678,36600000,13638
1,244,3660000,3660000,407,678,3675000,1362
1,2440,36600000,36600000,407,678,36615000,13646
1,2441,36615000,36615000,407,678,36630000,13650
1,2442,36630000,36630000,407,678,36645000,13656
1,2443,36645000,36645000,407,678,36660000,13663
1,2444,36660000,36660000,407,678,36675000,13666
1,2445,36675000,36675000,407,678,36690000,13674
1,2446,36690000,36690000,407,678,36705000,13679
1,2447,36705000,36705000,407,678,36720000,13684
1,2448,36720000,36720000,407,678,36735000,13690
1,2449,36735000,36735000,407,678,36750000,13694
1,245,3675000,3675000,407,678,3690000,1371
1,2450,36750000,36750000,407,678,36765000,13702
1,2451,36765000,36765000,407,678,36780000,13706
1,2452,36780000,36780000,407,678,36795000,13711
1,2453,36795000,36795000,407,678,36810000,13719
1,2454,36810000,36810000,407,678,36825000,13724
1,2455,36825000,36825000,407,678,36840000,13728
1,2456,36840000,36840000,407,678,36855000,13735
1,2457,36855000,36855000,407,678,36870000,13740
1,2458,36870000,36870000,407,678,36885000,13746
1,2459,36885000,36885000,407,678,36900000,13751
1,246,3690000,3690000,407,678,3705000,1376
1,2460,36900000,36900000,407,678,36915000,13757
1,2461,36915000,36915000,407,678,36930000,13764
1,2462,36930000,36930000,407,678,36945000,13767
1,2463,36945000,36945000,407,678,36960000,13772
1,2464,36960000,36960000,407,678,36975000,13780
1,2465,36975000,36975000,407,678,36990000,13784
1,2466,36990000,36990000,407,678,37005000,13792
1,2467,37005000,37005000,407,678,37020000,13796
1,2468,37020000,37020000,407,678,37035000,13802
1,2469,37035000,37035000,407,678,37050000,13807
1,247,3705000,3705000,407,678,3720000,1381
1,2470,37050000,37050000,407,678,37065000,13812
1,2471,37065000,37065000,407,678,37080000,13819
1,2472,37080000,37080000,407,678,37095000,13823
1,2473,37095000,37095000,407,678,37110000,13830
1,2474,37110000,37110000,407,678,37125000,13835
1,2475,37125000,37125000,407,678,37140000,13842
1,2476,37140000,37140000,407,678,37155000,13847
1,2477,37155000,37155000,407,678,37170000,13851
1,2478,37170000,37170000,407,678,37185000,13858
1,2479,37185000,37185000,407,678,37200000,13861
1,248,3720000,3720000,407,678,3735000,1386
1,2480,37200000,37200000,407,678,37215000,13870
1,2481,37215000,37215000,407,678,37230000,13874
1,2482,37230000,37230000,407,678,37245000,13881
1,2483,37245000,37245000,407,678,37260000,13886
1,2484,37260000,37260000,407,678,37275000,13889
1,2485,37275000,37275000,407,678,37290000,13897
1,2486,37290000,37290000,407,678,37305000,13903
1,2487,37305000,37305000,407,678,37320000,13908
1,2488,37320000,37320000,407,678,37335000,13913
1,2489,37335000,37335000,407,678,37350000,13919
1,249,3735000,3735000,407,678,3750000,1392
1,2490,37350000,37350000,407,678,37365000,13926
1,2491,37365000,37365000,407,678,37380000,13930
1,2492,37380000,37380000,407,678,37395000,13935
1,2493,37395000,37395000,407,678,37410000,13942
1,2494,37410000,37410000,407,678,37425000,13947
1,2495,37425000,37425000,407,678,37440000,13951
1,2496,37440000,37440000,407,678,37455000,13960
1,2497,37455000,37455000,407,678,37470000,13964
1,2498,37470000,37470000,407,678,37485000,13969
1,2499,37485000,37485000,407,678,37500000,13974
1,25,375000,375000,407,678,390000,140
1,250,3750000,3750000,407,678,3765000,1399
1,2500,37500000,37500000,407,678,37515000,13980
1,2501,37515000,37515000,407,678,37530000,13988
1,2502,37530000,37530000,407,678,37545000,13991
1,2503,37545000,37545000,407,678,37560000,13998
1,2504,37560000,37560000,407,678,37575000,14003
1,2505,37575000,37575000,407,678,37590000,14007
1,2506,37590000,37590000,407,678,37605000,14016
1,2507,37605000,37605000,407,678,37620000,14019
1,2508,37620000,37620000,407,678,37635000,14026
1,2509,37635000,37635000,407,678,37650000,14030
1,251,3765000,3765000,407,678,3780000,1403
1,2510,37650000,37650000,407,678,37665000,14037
1,2511,37665000,37665000,407,678,37680000,14042
1,2512,37680000,37680000,407,678,37695000,14047
1,2513,37695000,37695000,407,678,37710000,14054
1,2514,37710000,37710000,407,678,37725000,14058
1,2515,37725000,37725000,407,678,37740000,14065
1,2516,37740000,37740000,407,678,37755000,14070
1,2517,37755000,37755000,407,678,37770000,14077
1,2518,37770000,37770000,407,678,37785000,14081
1,2519,37785000,37785000,407,678,37800000,14085
1,252,3780000,3780000,407,678,3795000,1408
1,2520,37800000,37800000,407,678,37815000,14093
1,2521,37815000,37815000,407,678,37830000,14097
1,2522,37830000,37830000,407,678,37845000,14105
1,2523,37845000,37845000,407,678,37860000,14110
1,2524,37860000,37860000,407,678,37875000,14115
1,2525,37875000,37875000,407,678,37890000,14120
1,2526,37890000,37890000,407,678,37905000,14126
1,2527,37905000,37905000,407,678,37920000,14131
1,2528,37920000,37920000,407,678,37935000,14137
1,2529,37935000,37935000,407,678,37950000,14142
1,253,3795000,3795000,407,678,3810000,1415
1,2530,37950000,37950000,407,678,37965000,14149
1,2531,37965000,37965000,407,678,37980000,14155
1,2532,37980000,37980000,407,678,37995000,14158
1,2533,37995000,37995000,407,678,38010000,14166
1,2534,38010000,38010000,407,678,38025000,14171
1,2535,38025000,38025000,407,678,38040000,14175
1,2536,38040000,38040000,407,678,38055000,14183
1,2537,38055000,38055000,407,678,38070000,14187
1,2538,38070000,38070000,407,678,38085000,14195
1,2539,38085000,38085000,407,678,38100000,14198
1,254,3810000,3810000,407,678,3825000,1420
1,2540,38100000,38100000,407,678,38115000,14203
1,2541,38115000,38115000,407,678,38130000,14211
1,2542,38130000,38130000,407,678,38145000,14214
1,2543,38145000,38145000,407,678,38160000,14221
1,2544,38160000,38160000,407,678,38175000,14227
1,2545,38175000,38175000,407,678,38190000,14233
1,2546,38190000,38190000,407,678,38205000,14239
1,2547,38205000,38205000,407,678,38220000,14242
1,2548,38220000,38220000,407,678,38235000,14249
1,2549,38235000,38235000,407,678,38250000,14254
1,255,3825000,3825000,407,678,3840000,1424
1,2550,38250000,38250000,407,678,38265000,14261
1,2551,38265000,38265000,407,678,38280000,14265
1,2552,38280000,38280000,407,678,38295000,14272
1,2553,38295000,38295000,407,678,38310000,14277
1,2554,38310000,38310000,407,678,38325000,14282
1,2555,38325000,38325000,407,678,38340000,14289
1,2556,38340000,38340000,407,678,38355000,14294
1,2557,38355000,38355000,407,678,38370000,14300
1,2558,38370000,38370000,407,678,38385000,14304
1,2559,38385000,38385000,407,678,38400000,14310
1,256,3840000,3840000,407,678,3855000,1434
1,2560,38400000,38400000,407,678,38415000,14317
1,2561,38415000,38415000,407,678,38430000,14321
1,2562,38430000,38430000,407,678,38445000,14327
1,2563,38445000,38445000,407,678,38460000,14333
1,2564,38460000,38460000,407,678,38475000,14338
1,2565,38475000,38475000,407,678,38490000,14344
1,2566,38490000,38490000,407,678,38505000,14352
1,2567,38505000,38505000,407,678,38520000,14355
1,2568,38520000,38520000,407,678,38535000,14360
1,2569,38535000,38535000,407,678,38550000,14365
1,257,3855000,3855000,407,678,3870000,1437
1,2570,38550000,38550000,407,678,38565000,14373
1,2571,38565000,38565000,407,678,38580000,14379
1,2572,38580000,38580000,407,678,38595000,14382
1,2573,38595000,38595000,407,678,38610000,14390
1,2574,38610000,38610000,407,678,38625000,14394
1,2575,38625000,38625000,407,678,38640000,14398
1,2576,38640000,38640000,407,678,38655000,14407
1,2577,38655000,38655000,407,678,38670000,14411
1,2578,38670000,38670000,407,678,38685000,14418
1,2579,38685000,38685000,407,678,38700000,14421
1,258,3870000,3870000,407,678,3885000,1442
1,2580,38700000,38700000,407,678,38715000,14428
1,2581,38715000,38715000,407,678,38730000,14435
1,2582,38730000,38730000,407,678,38745000,14438
1,2583,38745000,38745000,407,678,38760000,14445
1,2584,38760000,38760000,407,678,38775000,14449
1,2585,38775000,38775000,407,678,38790000,14456
1,2586,38790000,38790000,407,678,38805000,14463
1,2587,38805000,38805000,407,678,38820000,14468
1,2588,38820000,38820000,407,678,38835000,14473
1,2589,38835000,38835000,407,678,38850000,14477
1,259,3885000,3885000,407,678,3900000,1447
1,2590,38850000,38850000,407,678,38865000,14484
1,2591,38865000,38865000,407,678,38880000,14488
1,2592,38880000,38880000,407,678,38895000,14496
1,2593,38895000,38895000,407,678,38910000,14501
1,2594,38910000,38910000,407,678,38925000,14507
1,2595,38925000,38925000,407,678,38940000,14511
1,2596,38940000,38940000,407,678,38955000,14517
1,2597,38955000,38955000,407,678,38970000,14524
1,2598,38970000,38970000,407,678,38985000,14528
1,2599,38985000,38985000,407,678,39000000,14534
1,26,390000,390000,407,678,405000,147
1,260,3900000,3900000,407,678,3915000,1453
1,2600,39000000,39000000,407,678,39015000,14540
1,2601,39015000,39015000,407,678,39030000,14546
1,2602,39030000,39030000,407,678,39045000,14551
1,2603,39045000,39045000,407,678,39060000,14557
1,2604,39060000,39060000,407,678,39075000,14562
1,2605,39075000,39075000,407,678,39090000,14567
1,2606,39090000,39090000,407,678,39105000,14574
1,2607,39105000,39105000,407,678,39120000,14578
1,2608,39120000,39120000,407,678,39135000,14586
1,2609,39135000,39135000,407,678,39150000,14589
1,261,3915000,3915000,407,678,3930000,1461
1,2610,39150000,39150000,407,678,39165000,14596
1,2611,39165000,39165000,407,678,39180000,14602
1,2612,39180000,39180000,407,678,39195000,14605
1,2613,39195000,39195000,407,678,39210000,14614
1,2614,39210000,39210000,407,678,39225000,14618
1,2615,39225000,39225000,407,678,39240000,14624
1,2616,39240000,39240000,407,678,39255000,14630
1,2617,39255000,39255000,407,678,39270000,14633
1,2618,39270000,39270000,407,678,39285000,14642
1,2619,39285000,39285000,407,678,39300000,14645
1,262,3930000,3930000,407,678,3945000,1464
1,2620,39300000,39300000,407,678,39315000,14652
1,2621,39315000,39315000,407,678,39330000,14658
1,2622,39330000,39330000,407,678,39345000,14663
1,2623,39345000,39345000,407,678,39360000,14668
1,2624,39360000,39360000,407,678,39375000,14673
1,2625,39375000,39375000,407,678,39390000,14680
1,2626,39390000,39390000,407,678,39405000,14686
1,2627,39405000,39405000,407,678,39420000,14691
1,2628,39420000,39420000,407,678,39435000,14695
1,2629,39435000,39435000,407,678,39450000,14703
1,263,3945000,3945000,407,678,3960000,1471
1,2630,39450000,39450000,407,678,39465000,14708
1,2631,39465000,39465000,407,678,39480000,14712
1,2632,39480000,39480000,407,678,39495000,14719
1,2633,39495000,39495000,407,678,39510000,14724
1,2634,39510000,39510000,407,678,39525000,14731
1,2635,39525000,39525000,407,678,39540000,14735
1,2636,39540000,39540000,407,678,39555000,14743
1,2637,39555000,39555000,407,678,39570000,14747
1,2638,39570000,39570000,407,678,39585000,14751
1,2639,39585000,39585000,407,678,39600000,14756
1,264,3960000,3960000,407,678,3975000,1476
1,2640,39600000,39600000,407,678,39615000,14764
1,2641,39615000,39615000,407,678,39630000,14770
1,2642,39630000,39630000,407,678,39645000,14774
1,2643,39645000,39645000,407,678,39660000,14782
1,2644,39660000,39660000,407,678,39675000,14785
1,2645,39675000,39675000,407,678,39690000,14791
1,2646,39690000,39690000,407,678,39705000,14798
1,2647,39705000,39705000,407,678,39720000,14802
1,2648,39720000,39720000,407,678,39735000,14809
1,2649,39735000,39735000,407,678,39750000,14812
1,265,3975000,3975000,407,678,3990000,1480
1,2650,39750000,39750000,407,678,39765000,14821
1,2651,39765000,39765000,407,678,39780000,14826
1,2652,39780000,39780000,407,678,39795000,14829
1,2653,39795000,39795000,407,678,39810000,14837
1,2654,39810000,39810000,407,678,39825000,14841
1,2655,39825000,39825000,407,678,39840000,14847
1,2656,39840000,39840000,407,678,39855000,14854
1,2657,39855000,39855000,407,678,39870000,14859
1,2658,39870000,39870000,407,678,39885000,14865
1,2659,39885000,39885000,407,678,39900000,14868
1,266,3990000,3990000,407,678,4005000,1489
1,2660,39900000,39900000,407,678,39915000,14875
1,2661,39915000,39915000,407,678,39930000,14881
1,2662,39930000,39930000,407,678,39945000,14887
1,2663,39945000,39945000,407,678,39960000,14892
1,2664,39960000,39960000,407,678,39975000,14898
1,2665,39975000,39975000,407,678,39990000,14903
1,2666,39990000,39990000,407,678,40005000,14910
1,2667,40005000,40005000,407,678,40020000,14915
1,2668,40020000,40020000,407,678,40035000,14919
1,2669,40035000,40035000,407,678,40050000,14926
1,267,4005000,4005000,407,678,4020000,1493
1,2670,40050000,40050000,407,678,40065000,14931
1,2671,40065000,40065000,407,678,40080000,14937
1,2672,40080000,40080000,407,678,40095000,14942
1,2673,40095000,40095000,407,678,40110000,14948
1,2674,40110000,40110000,407,678,40125000,14954
1,2675,40125000,40125000,407,678,40140000,14958
1,2676,40140000,40140000,407,678,40155000,14966
1,2677,40155000,40155000,407,678,40170000,14971
1,2678,40170000,40170000,407,678,40185000,14977
1,2679,40185000,40185000,407,678,40200000,14980
1,268,4020000,4020000,407,678,4035000,1499
1,2680,40200000,40200000,407,678,40215000,14987
1,2681,40215000,40215000,407,678,40230000,14993
1,2682,40230000,40230000,407,678,40245000,14998
1,2683,40245000,40245000,407,678,40260000,15005
1,2684,40260000,40260000,407,678,40275000,15009
1,2685,40275000,40275000,407,678,40290000,15016
1,2686,40290000,40290000,407,678,40305000,15021
1,2687,40305000,40305000,407,678,40320000,15025
1,2688,40320000,40320000,407,678,40335000,15033
1,2689,40335000,40335000,407,678,40350000,15036
1,269,4035000,4035000,407,678,4050000,1503
1,2690,40350000,40350000,407,678,40365000,15044
1,2691,40365000,40365000,407,678,40380000,15049
1,2692,40380000,40380000,407,678,40395000,15054
1,2693,40395000,40395000,407,678,40410000,15061
1,2694,40410000,40410000,407,678,40425000,15064
1,2695,40425000,40425000,407,678,40440000,15071
1,2696,40440000,40440000,407,678,40455000,15077
1,2697,40455000,40455000,407,678,40470000,15082
1,2698,40470000,40470000,407,678,40485000,15089
1,2699,40485000,40485000,407,678,40500000,15094
1,27,405000,405000,407,678,420000,150
1,270,4050000,4050000,407,678,4065000,1510
1,2700,40500000,40500000,407,678,40515000,15099
1,2701,40515000,40515000,407,678,40530000,15104
1,2702,40530000,40530000,407,678,40545000,15110
1,2703,40545000,40545000,407,678,40560000,15115
1,2704,40560000,40560000,407,678,40575000,15122
1,2705,40575000,40575000,407,678,40590000,15126
1,2706,40590000,40590000,407,678,40605000,15135
1,2707,40605000,40605000,407,678,40620000,15138
1,2708,40620000,40620000,407,678,40635000,15142
1,2709,40635000,40635000,407,678,40650000,15150
1,271,4065000,4065000,407,678,4080000,1515
1,2710,40650000,40650000,407,678,40665000,15155
1,2711,40665000,40665000,407,678,40680000,15161
1,2712,40680000,40680000,407,678,40695000,15165
1,2713,40695000,40695000,407,678,40710000,15173
1,2714,40710000,40710000,407,678,40725000,15178
1,2715,40725000,40725000,407,678,40740000,15182
1,2716,40740000,40740000,407,678,40755000,15189
1,2717,40755000,40755000,407,678,40770000,15194
1,2718,40770000,40770000,407,678,40785000,15200
1,2719,40785000,40785000,407,678,40800000,15203
1,272,4080000,4080000,407,678,4095000,1520
1,2720,40800000,40800000,407,678,40815000,15213
1,2721,40815000,40815000,407,678,40830000,15217
1,2722,40830000,40830000,407,678,40845000,15221
1,2723,40845000,40845000,407,678,40860000,15228
1,2724,40860000,40860000,407,678,40875000,15232
1,2725,40875000,40875000,407,678,40890000,15240
1,2726,40890000,40890000,407,678,40905000,15245
1,2727,40905000,40905000,407,678,40920000,15250
1,2728,40920000,40920000,407,678,40935000,15256
1,2729,40935000,40935000,407,678,40950000,15259
1,273,4095000,4095000,407,678,4110000,1527
1,2730,40950000,40950000,407,678,40965000,15268
1,2731,40965000,40965000,407,678,40980000,15273
1,2732,40980000,40980000,407,678,40995000,15278
1,2733,40995000,40995000,407,678,41010000,15284
1,2734,41010000,41010000,407,678,41025000,15289
1,2735,41025000,41025000,407,678,41040000,15294
1,2736,41040000,41040000,407,678,41055000,15301
1,2737,41055000,41055000,407,678,41070000,15306
1,2738,41070000,41070000,407,678,41085000,15311
1,2739,41085000,41085000,407,678,41100000,15317
1,274,4110000,4110000,407,678,4125000,1531
1,2740,41100000,41100000,407,678,41115000,15322
1,2741,41115000,41115000,407,678,41130000,15330
1,2742,41130000,41130000,407,678,41145000,15334
1,2743,41145000,41145000,407,678,41160000,15339
1,2744,41160000,41160000,407,678,41175000,15345
1,2745,41175000,41175000,407,678,41190000,15349
1,2746,41190000,41190000,407,678,41205000,15359
1,2747,41205000,41205000,407,678,41220000,15362
1,2748,41220000,41220000,407,678,41235000,15368
1,2749,41235000,41235000,407,678,41250000,15372
1,275,4125000,4125000,407,678,4140000,1538
1,2750,41250000,41250000,407,678,41265000,15378
1,2751,41265000,41265000,407,678,41280000,15384
1,2752,41280000,41280000,407,678,41295000,15389
1,2753,41295000,41295000,407,678,41310000,15397
1,2754,41310000,41310000,407,678,41325000,15401
1,2755,41325000,41325000,407,678,41340000,15407
1,2756,41340000,41340000,407,678,41355000,15412
1,2757,41355000,41355000,407,678,41370000,15418
1,2758,41370000,41370000,407,678,41385000,15424
1,2759,41385000,41385000,407,678,41400000,15427
1,276,4140000,4140000,407,678,4155000,1543
1,2760,41400000,41400000,407,678,41415000,15435
1,2761,41415000,41415000,407,678,41430000,15440
1,2762,41430000,41430000,407,678,41445000,15447
1,2763,41445000,41445000,407,678,41460000,15452
1,2764,41460000,41460000,407,678,41475000,15456
1,2765,41475000,41475000,407,678,41490000,15463
1,2766,41490000,41490000,407,678,41505000,15468
1,2767,41505000,41505000,407,678,41520000,15473
1,2768,41520000,41520000,407,678,41535000,15480
1,2769,41535000,41535000,407,678,41550000,15485
1,277,4155000,4155000,407,678,4170000,1550
1,2770,41550000,41550000,407,678,41565000,15491
1,2771,41565000,41565000,407,678,41580000,15495
1,2772,41580000,41580000,407,678,41595000,15501
1,2773,41595000,41595000,407,678,41610000,15508
1,2774,41610000,41610000,407,678,41625000,15513
1,2775,41625000,41625000,407,678,41640000,15518
1,2776,41640000,41640000,407,678,41655000,15526
1,2777,41655000,41655000,407,678,41670000,15529
1,2778,41670000,41670000,407,678,41685000,15535
1,2779,41685000,41685000,407,678,41700000,15541
1,278,4170000,4170000,407,678,4185000,1555
1,2780,41700000,41700000,407,678,41715000,15546
1,2781,41715000,41715000,407,678,41730000,15553
1,2782,41730000,41730000,407,678,41745000,15556
1,2783,41745000,41745000,407,678,41760000,15564
1,2784,41760000,41760000,407,678,41775000,15569
1,2785,41775000,41775000,407,678,41790000,15573
1,2786,41790000,41790000,407,678,41805000,15582
1,2787,41805000,41805000,407,678,41820000,15585
1,2788,41820000,41820000,407,678,41835000,15591
1,2789,41835000,41835000,407,678,41850000,15596
1,279,4185000,4185000,407,678,4200000,1558
1,2790,41850000,41850000,407,678,41865000,15604
1,2791,41865000,41865000,407,678,41880000,15608
1,2792,41880000,41880000,407,678,41895000,15612
1,2793,41895000,41895000,407,678,41910000,15619
1,2794,41910000,41910000,407,678,41925000,15625
1,2795,41925000,41925000,407,678,41940000,15631
1,2796,41940000,41940000,407,678,41955000,15636
1,2797,41955000,41955000,407,678,41970000,15643
1,2798,41970000,41970000,407,678,41985000,15647
1,2799,41985000,41985000,407,678,42000000,15650
1,28,420000,420000,407,678,435000,156
1,280,4200000,4200000,407,678,4215000,1566
1,2800,42000000,42000000,407,678,42015000,15659
1,2801,42015000,42015000,407,678,42030000,15664
1,2802,42030000,42030000,407,678,42045000,15670
1,2803,42045000,42045000,407,678,42060000,15675
1,2804,42060000,42060000,407,678,42075000,15680
1,2805,42075000,42075000,407,678,42090000,15687
1,2806,42090000,42090000,407,678,42105000,15692
1,2807,42105000,42105000,407,678,42120000,15697
1,2808,42120000,42120000,407,678,42135000,15703
1,2809,42135000,42135000,407,678,42150000,15708
1,281,4215000,4215000,407,678,4230000,1570
1,2810,42150000,42150000,407,678,42165000,15715
1,2811,42165000,42165000,407,678,42180000,15721
1,2812,42180000,42180000,407,678,42195000,15725
1,2813,42195000,42195000,407,678,42210000,15731
1,2814,42210000,42210000,407,678,42225000,15736
1,2815,42225000,42225000,407,678,42240000,15740
1,2816,42240000,42240000,407,678,42255000,15750
1,2817,42255000,42255000,407,678,42270000,15753
1,2818,42270000,42270000,407,678,42285000,15760
1,2819,42285000,42285000,407,678,42300000,15764
1,282,4230000,4230000,407,678,4245000,1578
1,2820,42300000,42300000,407,678,42315000,15769
1,2821,42315000,42315000,407,678,42330000,15777
1,2822,42330000,42330000,407,678,42345000,15780
1,2823,42345000,42345000,407,678,42360000,15788
1,2824,42360000,42360000,407,678,42375000,15792
1,2825,42375000,42375000,407,678,42390000,15798
1,2826,42390000,42390000,407,678,42405000,15805
1,2827,42405000,42405000,407,678,42420000,15809
1,2828,42420000,42420000,407,678,42435000,15815
1,2829,42435000,42435000,407,678,42450000,15819
1,283,4245000,4245000,407,678,4260000,1583
1,2830,42450000,42450000,407,678,42465000,15827
1,2831,42465000,42465000,407,678,42480000,15831
1,2832,42480000,42480000,407,678,42495000,15838
1,2833,42495000,42495000,407,678,42510000,15843
1,2834,42510000,42510000,407,678,42525000,15848
1,2835,42525000,42525000,407,678,42540000,15854
1,2836,42540000,42540000,407,678,42555000,15859
1,2837,42555000,42555000,407,678,42570000,15866
1,2838,42570000,42570000,407,678,42585000,15871
1,2839,42585000,42585000,407,678,42600000,15876
1,284,4260000,4260000,407,678,4275000,1588
1,2840,42600000,42600000,407,678,42615000,15882
1,2841,42615000,42615000,407,678,42630000,15887
1,2842,42630000,42630000,407,678,42645000,15894
1,2843,42645000,42645000,407,678,42660000,15899
1,2844,42660000,42660000,407,678,42675000,15904
1,2845,42675000,42675000,407,678,42690000,15910
1,2846,42690000,42690000,407,678,42705000,15917
1,2847,42705000,42705000,407,678,42720000,15920
1,2848,42720000,42720000,407,678,42735000,15926
1,2849,42735000,42735000,407,678,42750000,15932
1,285,4275000,4275000,407,678,4290000,1593
1,2850,42750000,42750000,407,678,42765000,15938
1,2851,42765000,42765000,407,678,42780000,15944
1,2852,42780000,42780000,407,678,42795000,15948
1,2853,42795000,42795000,407,678,42810000,15957
1,2854,42810000,42810000,407,678,42825000,15960
1,2855,42825000,42825000,407,678,42840000,15964
1,2856,42840000,42840000,407,678,42855000,15973
1,2857,42855000,42855000,407,678,42870000,15976
1,2858,42870000,42870000,407,678,42885000,15984
1,2859,42885000,42885000,407,678,42900000,15987
1,286,4290000,4290000,407,678,4305000,1599
1,2860,42900000,42900000,407,678,42915000,15995
1,2861,42915000,42915000,407,678,42930000,16000
1,2862,42930000,42930000,407,678,42945000,16003
1,2863,42945000,42945000,407,678,42960000,16011
1,2864,42960000,42960000,407,678,42975000,16016
1,2865,42975000,42975000,407,678,42990000,16022
1,2866,42990000,42990000,407,678,43005000,16028
1,2867,43005000,43005000,407,678,43020000,16034
1,2868,43020000,43020000,407,678,43035000,16038
1,2869,43035000,43035000,407,678,43050000,16043
1,287,4305000,4305000,407,678,4320000,1604
1,2870,43050000,43050000,407,678,43065000,16050
1,2871,43065000,43065000,407,678,43080000,16055
1,2872,43080000,43080000,407,678,43095000,16061
1,2873,43095000,43095000,407,678,43110000,16066
1,2874,43110000,43110000,407,678,43125000,16074
1,2875,43125000,43125000,407,678,43140000,16078
1,2876,43140000,43140000,407,678,43155000,16083
1,2877,43155000,43155000,407,678,43170000,16089
1,2878,43170000,43170000,407,678,43185000,16094
1,2879,43185000,43185000,407,678,43200000,16099
1,288,4320000,4320000,407,678,4335000,1610
1,2880,43200000,43200000,407,678,43215000,16106
1,2881,43215000,43215000,407,678,43230000,16112
1,2882,43230000,43230000,407,678,43245000,16117
1,2883,43245000,43245000,407,678,43260000,16122
1,2884,43260000,43260000,407,678,43275000,16127
1,2885,43275000,43275000,407,678,43290000,16134
1,2886,43290000,43290000,407,678,43305000,16141
1,2887,43305000,43305000,407,678,43320000,16144
1,2888,43320000,43320000,407,678,43335000,16151
1,2889,43335000,43335000,407,678,43350000,16155
1,289,4335000,4335000,407,678,4350000,1616
1,2890,43350000,43350000,407,678,43365000,16162
1,2891,43365000,43365000,407,678,43380000,16168
1,2892,43380000,43380000,407,678,43395000,16171
1,2893,43395000,43395000,407,678,43410000,16180
1,2894,43410000,43410000,407,678,43425000,16183
1,2895,43425000,43425000,407,678,43440000,16189
1,2896,43440000,43440000,407,678,43455000,16197
1,2897,43455000,43455000,407,678,43470000,16200
1,2898,43470000,43470000,407,678,43485000,16207
1,2899,43485000,43485000,407,678,43500000,16210
1,29,435000,435000,407,678,450000,161
1,290,4350000,4350000,407,678,4365000,1622
1,2900,43500000,43500000,407,678,43515000,16218
1,2901,43515000,43515000,407,678,43530000,16224
1,2902,43530000,43530000,407,678,43545000,16229
1,2903,43545000,43545000,407,678,43560000,16234
1,2904,43560000,43560000,407,678,43575000,16239
1,2905,43575000,43575000,407,678,43590000,16245
1,2906,43590000,43590000,407,678,43605000,16252
1,2907,43605000,43605000,407,678,43620000,16258
1,2908,43620000,43620000,407,678,43635000,16262
1,2909,43635000,43635000,407,678,43650000,16268
1,291,4365000,4365000,407,678,4380000,1628
1,2910,43650000,43650000,407,678,43665000,16273
1,2911,43665000,43665000,407,678,43680000,16278
1,2912,43680000,43680000,407,678,43695000,16285
1,2913,43695000,43695000,407,678,43710000,16290
1,2914,43710000,43710000,407,678,43725000,16296
1,2915,43725000,43725000,407,678,43740000,16301
1,2916,43740000,43740000,407,678,43755000,16308
1,2917,43755000,43755000,407,678,43770000,16313
1,2918,43770000,43770000,407,678,43785000,16318
1,2919,43785000,43785000,407,678,43800000,16323
1,292,4380000,4380000,407,678,4395000,1631
1,2920,43800000,43800000,407,678,43815000,16329
1,2921,43815000,43815000,407,678,43830000,16335
1,2922,43830000,43830000,407,678,43845000,16341
1,2923,43845000,43845000,407,678,43860000,16348
1,2924,43860000,43860000,407,678,43875000,16351
1,2925,43875000,43875000,407,678,43890000,16356
1,2926,43890000,43890000,407,678,43905000,16364
1,2927,43905000,43905000,407,678,43920000,16367
1,2928,43920000,43920000,407,678,43935000,16375
1,2929,43935000,43935000,407,678,43950000,16379
1,293,4395000,4395000,407,678,4410000,1639
1,2930,43950000,43950000,407,678,43965000,16387
1,2931,43965000,43965000,407,678,43980000,16391
1,2932,43980000,43980000,407,678,43995000,16394
1,2933,43995000,43995000,407,678,44010000,16404
1,2934,44010000,44010000,407,678,44025000,16407
1,2935,44025000,44025000,407,678,44040000,16413
1,2936,44040000,44040000,407,678,44055000,16419
1,2937,44055000,44055000,407,678,44070000,16425
1,2938,44070000,44070000,407,678,44085000,16431
1,2939,44085000,44085000,407,678,44100000,16434
1,294,4410000,4410000,407,678,4425000,1644
1,2940,44100000,44100000,407,678,44115000,16442
1,2941,44115000,44115000,407,678,44130000,16447
1,2942,44130000,44130000,407,678,44145000,16452
1,2943,44145000,44145000,407,678,44160000,16457
1,2944,44160000,44160000,407,678,44175000,16465
1,2945,44175000,44175000,407,678,44190000,16469
1,2946,44190000,44190000,407,678,44205000,16475
1,2947,44205000,44205000,407,678,44220000,16480
1,2948,44220000,44220000,407,678,44235000,16485
1,2949,44235000,44235000,407,678,44250000,16492
1,295,4425000,4425000,407,678,4440000,1648
1,2950,44250000,44250000,407,678,44265000,16497
1,2951,44265000,44265000,407,678,44280000,16504
1,2952,44280000,44280000,407,678,44295000,16508
1,2953,44295000,44295000,407,678,44310000,16513
1,2954,44310000,44310000,407,678,44325000,16520
1,2955,44325000,44325000,407,678,44340000,16525
1,2956,44340000,44340000,407,678,44355000,16532
1,2957,44355000,44355000,407,678,44370000,16536
1,2958,44370000,44370000,407,678,44385000,16542
1,2959,44385000,44385000,407,678,44400000,16546
1,296,4440000,4440000,407,678,4455000,1656
1,2960,44400000,44400000,407,678,44415000,16553
1,2961,44415000,44415000,407,678,44430000,16559
1,2962,44430000,44430000,407,678,44445000,16564
1,2963,44445000,44445000,407,678,44460000,16571
1,2964,44460000,44460000,407,678,44475000,16574
1,2965,44475000,44475000,407,678,44490000,16582
1,2966,44490000,44490000,407,678,44505000,16588
1,2967,44505000,44505000,407,678,44520000,16591
1,2968,44520000,44520000,407,678,44535000,16598
1,2969,44535000,44535000,407,678,44550000,16601
1,297,4455000,4455000,407,678,4470000,1660
1,2970,44550000,44550000,407,678,44565000,16611
1,2971,44565000,44565000,407,678,44580000,16615
1,2972,44580000,44580000,407,678,44595000,16620
1,2973,44595000,44595000,407,678,44610000,16627
1,2974,44610000,44610000,407,678,44625000,16630
1,2975,44625000,44625000,407,678,44640000,16636
1,2976,44640000,44640000,407,678,44655000,16643
1,2977,44655000,44655000,407,678,44670000,16649
1,2978,44670000,44670000,407,678,44685000,16654
1,2979,44685000,44685000,407,678,44700000,16659
1,298,4470000,4470000,407,678,4485000,1668
1,2980,44700000,44700000,407,678,44715000,16664
1,2981,44715000,44715000,407,678,44730000,16671
1,2982,44730000,44730000,407,678,44745000,16676
1,2983,44745000,44745000,407,678,44760000,16681
1,2984,44760000,44760000,407,678,44775000,16688
1,2985,44775000,44775000,407,678,44790000,16692
1,2986,44790000,44790000,407,678,44805000,16701
1,2987,44805000,44805000,407,678,44820000,16704
1,2988,44820000,44820000,407,678,44835000,16709
1,2989,44835000,44835000,407,678,44850000,16715
1,299,4485000,4485000,407,678,4500000,1671
1,2990,44850000,44850000,407,678,44865000,16720
1,2991,44865000,44865000,407,678,44880000,16726
1,2992,44880000,44880000,407,678,44895000,16732
1,2993,44895000,44895000,407,678,44910000,16739
1,2994,44910000,44910000,407,678,44925000,16743
1,2995,44925000,44925000,407,678,44940000,16748
1,2996,44940000,44940000,407,678,44955000,16755
1,2997,44955000,44955000,407,678,44970000,16760
1,2998,44970000,44970000,407,678,44985000,16766
1,2999,44985000,44985000,407,678,45000000,16770
1,3,45000,45000,407,678,60000,17
1,30,450000,450000,407,678,465000,168
1,300,4500000,4500000,407,678,4515000,1677
1,3000,45000000,45000000,407,678,45015000,16778
1,3001,45015000,45015000,407,678,45030000,16782
1,3002,45030000,45030000,407,678,45045000,16787
1,3003,45045000,45045000,407,678,45060000,16795
1,3004,45060000,45060000,407,678,45075000,16798
1,3005,45075000,45075000,407,678,45090000,16805
1,3006,45090000,45090000,407,678,45105000,16811
1,3007,45105000,45105000,407,678,45120000,16816
1,3008,45120000,45120000,407,678,45135000,16822
1,3009,45135000,45135000,407,678,45150000,16825
1,301,4515000,4515000,407,678,4530000,1684
1,3010,45150000,45150000,407,678,45165000,16834
1,3011,45165000,45165000,407,678,45180000,16838
1,3012,45180000,45180000,407,678,45195000,16843
1,3013,45195000,45195000,407,678,45210000,16850
1,3014,45210000,45210000,407,678,45225000,16856
1,3015,45225000,45225000,407,678,45240000,16860
1,3016,45240000,45240000,407,678,45255000,16866
1,3017,45255000,45255000,407,678,45270000,16872
1,3018,45270000,45270000,407,678,45285000,16878
1,3019,45285000,45285000,407,678,45300000,16883
1,302,4530000,4530000,407,678,4545000,1687
1,3020,45300000,45300000,407,678,45315000,16888
1,3021,45315000,45315000,407,678,45330000,16896
1,3022,45330000,45330000,407,678,45345000,16899
1,3023,45345000,45345000,407,678,45360000,16904
1,3024,45360000,45360000,407,678,45375000,16911
1,3025,45375000,45375000,407,678,45390000,16916
1,3026,45390000,45390000,407,678,45405000,16924
1,3027,45405000,45405000,407,678,45420000,16927
1,3028,45420000,45420000,407,678,45435000,16934
1,3029,45435000,45435000,407,678,45450000,16939
1,303,4545000,4545000,407,678,4560000,1694
1,3030,45450000,45450000,407,678,45465000,16944
1,3031,45465000,45465000,407,678,45480000,16950
1,3032,45480000,45480000,407,678,45495000,16955
1,3033,45495000,45495000,407,678,45510000,16962
1,3034,45510000,45510000,407,678,45525000,16967
1,3035,45525000,45525000,407,678,45540000,16973
1,3036,45540000,45540000,407,678,45555000,16979
1,3037,45555000,45555000,407,678,45570000,16983
1,3038,45570000,45570000,407,678,45585000,16989
1,3039,45585000,45585000,407,678,45600000,16993
1,304,4560000,4560000,407,678,4575000,1700
1,3040,45600000,45600000,407,678,45615000,17002
1,3041,45615000,45615000,407,678,45630000,17006
1,3042,45630000,45630000,407,678,45645000,17012
1,3043,45645000,45645000,407,678,45660000,17018
1,3044,45660000,45660000,407,678,45675000,17021
1,3045,45675000,45675000,407,678,45690000,17029
1,3046,45690000,45690000,407,678,45705000,17034
1,3047,45705000,45705000,407,678,45720000,17040
1,3048,45720000,45720000,407,678,45735000,17045
1,3049,45735000,45735000,407,678,45750000,17050
1,305,4575000,4575000,407,678,4590000,1706
1,3050,45750000,45750000,407,678,45765000,17058
1,3051,45765000,45765000,407,678,45780000,17062
1,3052,45780000,45780000,407,678,45795000,17067
1,3053,45795000,45795000,407,678,45810000,17073
1,3054,45810000,45810000,407,678,45825000,17079
1,3055,45825000,45825000,407,678,45840000,17083
1,3056,45840000,45840000,407,678,45855000,17092
1,3057,45855000,45855000,407,678,45870000,17095
1,3058,45870000,45870000,407,678,45885000,17101
1,3059,45885000,45885000,407,678,45900000,17106
1,306,4590000,4590000,407,678,4605000,1712
1,3060,45900000,45900000,407,678,45915000,17111
1,3061,45915000,45915000,407,678,45930000,17120
1,3062,45930000,45930000,407,678,45945000,17123
1,3063,45945000,45945000,407,678,45960000,17130
1,3064,45960000,45960000,407,678,45975000,17134
1,3065,45975000,45975000,407,678,45990000,17139
1,3066,45990000,45990000,407,678,46005000,17148
1,3067,46005000,46005000,407,678,46020000,17151
1,3068,46020000,46020000,407,678,46035000,17157
1,3069,46035000,46035000,407,678,46050000,17162
1,307,4605000,4605000,407,678,4620000,1715
1,3070,46050000,46050000,407,678,46065000,17169
1,3071,46065000,46065000,407,678,46080000,17173
1,3072,46080000,46080000,407,678,46095000,17179
1,3073,46095000,46095000,407,678,46110000,17186
1,3074,46110000,46110000,407,678,46125000,17190
1,3075,46125000,46125000,407,678,46140000,17196
1,3076,46140000,46140000,407,678,46155000,17202
1,3077,46155000,46155000,407,678,46170000,17209
1,3078,46170000,46170000,407,678,46185000,17213
1,3079,46185000,46185000,407,678,46200000,17216
1,308,4620000,4620000,407,678,4635000,1722
1,3080,46200000,46200000,407,678,46215000,17225
1,3081,46215000,46215000,407,678,46230000,17229
1,3082,46230000,46230000,407,678,46245000,17236
1,3083,46245000,46245000,407,678,46260000,17242
1,3084,46260000,46260000,407,678,46275000,17247
1,3085,46275000,46275000,407,678,46290000,17252
1,3086,46290000,46290000,407,678,46305000,17257
1,3087,46305000,46305000,407,678,46320000,17263
1,3088,46320000,46320000,407,678,46335000,17269
1,3089,46335000,46335000,407,678,46350000,17274
1,309,4635000,4635000,407,678,4650000,1727
1,3090,46350000,46350000,407,678,46365000,17280
1,3091,46365000,46365000,407,678,46380000,17287
1,3092,46380000,46380000,407,678,46395000,17290
1,3093,46395000,46395000,407,678,46410000,17297
1,3094,46410000,46410000,407,678,46425000,17303
1,3095,46425000,46425000,407,678,46440000,17307
1,3096,46440000,46440000,407,678,46455000,17315
1,3097,46455000,46455000,407,678,46470000,17318
1,3098,46470000,46470000,407,678,46485000,17327
1,3099,46485000,46485000,407,678,46500000,17330
1,31,465000,465000,407,678,480000,172
1,310,4650000,4650000,407,678,4665000,1734
1,3100,46500000,46500000,407,678,46515000,17335
1,3101,46515000,46515000,407,678,46530000,17342
1,3102,46530000,46530000,407,678,46545000,17346
1,3103,46545000,46545000,407,678,46560000,17353
1,3104,46560000,46560000,407,678,46575000,17358
1,3105,46575000,46575000,407,678,46590000,17365
1,3106,46590000,46590000,407,678,46605000,17371
1,3107,46605000,46605000,407,678,46620000,17374
1,3108,46620000,46620000,407,678,46635000,17380
1,3109,46635000,46635000,407,678,46650000,17386
1,311,4665000,4665000,407,678,4680000,1739
1,3110,46650000,46650000,407,678,46665000,17393
1,3111,46665000,46665000,407,678,46680000,17397
1,3112,46680000,46680000,407,678,46695000,17403
1,3113,46695000,46695000,407,678,46710000,17409
1,3114,46710000,46710000,407,678,46725000,17414
1,3115,46725000,46725000,407,678,46740000,17420
1,3116,46740000,46740000,407,678,46755000,17426
1,3117,46755000,46755000,407,678,46770000,17432
1,3118,46770000,46770000,407,678,46785000,17436
1,3119,46785000,46785000,407,678,46800000,17441
1,312,4680000,4680000,407,678,4695000,1745
1,3120,46800000,46800000,407,678,46815000,17449
1,3121,46815000,46815000,407,678,46830000,17453
1,3122,46830000,46830000,407,678,46845000,17459
1,3123,46845000,46845000,407,678,46860000,17464
1,3124,46860000,46860000,407,678,46875000,17470
1,3125,46875000,46875000,407,678,46890000,17476
1,3126,46890000,46890000,407,678,46905000,17483
1,3127,46905000,46905000,407,678,46920000,17487
1,3128,46920000,46920000,407,678,46935000,17492
1,3129,46935000,46935000,407,678,46950000,17497
1,313,4695000,4695000,407,678,4710000,1750
1,3130,46950000,46950000,407,678,46965000,17504
1,3131,46965000,46965000,407,678,46980000,17511
1,3132,46980000,46980000,407,678,46995000,17514
1,3133,46995000,46995000,407,678,47010000,17522
1,3134,47010000,47010000,407,678,47025000,17525
1,3135,47025000,47025000,407,678,47040000,17530
1,3136,47040000,47040000,407,678,47055000,17539
1,3137,47055000,47055000,407,678,47070000,17542
1,3138,47070000,47070000,407,678,47085000,17550
1,3139,47085000,47085000,407,678,47100000,17553
1,314,4710000,4710000,407,678,4725000,1755
1,3140,47100000,47100000,407,678,47115000,17560
1,3141,47115000,47115000,407,678,47130000,17566
1,3142,47130000,47130000,407,678,47145000,17570
1,3143,47145000,47145000,407,678,47160000,17577
1,3144,47160000,47160000,407,678,47175000,17581
1,3145,47175000,47175000,407,678,47190000,17587
1,3146,47190000,47190000,407,678,47205000,17595
1,3147,47205000,47205000,407,678,47220000,17600
1,3148,47220000,47220000,407,678,47235000,17604
1,3149,47235000,47235000,407,678,47250000,17609
1,315,4725000,4725000,407,678,4740000,1762
1,3150,47250000,47250000,407,678,47265000,17616
1,3151,47265000,47265000,407,678,47280000,17620
1,3152,47280000,47280000,407,678,47295000,17627
1,3153,47295000,47295000,407,678,47310000,17633
1,3154,47310000,47310000,407,678,47325000,17639
1,3155,47325000,47325000,407,678,47340000,17643
1,3156,47340000,47340000,407,678,47355000,17648
1,3157,47355000,47355000,407,678,47370000,17656
1,3158,47370000,47370000,407,678,47385000,17660
1,3159,47385000,47385000,407,678,47400000,17665
1,316,4740000,4740000,407,678,4755000,1767
1,3160,47400000,47400000,407,678,47415000,17672
1,3161,47415000,47415000,407,678,47430000,17678
1,3162,47430000,47430000,407,678,47445000,17683
1,3163,47445000,47445000,407,678,47460000,17688
1,3164,47460000,47460000,407,678,47475000,17694
1,3165,47475000,47475000,407,678,47490000,17699
1,3166,47490000,47490000,407,678,47505000,17706
1,3167,47505000,47505000,407,678,47520000,17709
1,3168,47520000,47520000,407,678,47535000,17718
1,3169,47535000,47535000,407,678,47550000,17721
1,317,4755000,4755000,407,678,4770000,1773
1,3170,47550000,47550000,407,678,47565000,17727
1,3171,47565000,47565000,407,678,47580000,17734
1,3172,47580000,47580000,407,678,47595000,17737
1,3173,47595000,47595000,407,678,47610000,17746
1,3174,47610000,47610000,407,678,47625000,17749
1,3175,47625000,47625000,407,678,47640000,17756
1,3176,47640000,47640000,407,678,47655000,17762
1,3177,47655000,47655000,407,678,47670000,17765
1,3178,47670000,47670000,407,678,47685000,17773
1,3179,47685000,47685000,407,678,47700000,17777
1,318,4770000,4770000,407,678,4785000,1777
1,3180,47700000,47700000,407,678,47715000,17784
1,3181,47715000,47715000,407,678,47730000,17789
1,3182,47730000,47730000,407,678,47745000,17795
1,3183,47745000,47745000,407,678,47760000,17800
1,3184,47760000,47760000,407,678,47775000,17805
1,3185,47775000,47775000,407,678,47790000,17811
1,3186,47790000,47790000,407,678,47805000,17818
1,3187,47805000,47805000,407,678,47820000,17823
1,3188,47820000,47820000,407,678,47835000,17827
1,3189,47835000,47835000,407,678,47850000,17834
1,319,4785000,4785000,407,678,4800000,1783
1,3190,47850000,47850000,407,678,47865000,17840
1,3191,47865000,47865000,407,678,47880000,17844
1,3192,47880000,47880000,407,678,47895000,17850
1,3193,47895000,47895000,407,678,47910000,17856
1,3194,47910000,47910000,407,678,47925000,17863
1,3195,47925000,47925000,407,678,47940000,17867
1,3196,47940000,47940000,407,678,47955000,17874
1,3197,47955000,47955000,407,678,47970000,17879
1,3198,47970000,47970000,407,678,47985000,17883
1,3199,47985000,47985000,407,678,48000000,17888
1,32,480000,480000,407,678,495000,179
1,320,4800000,4800000,407,678,4815000,1790
1,3200,48000000,48000000,407,678,48015000,17895
1,3201,48015000,48015000,407,678,48030000,17902
1,3202,48030000,48030000,407,678,48045000,17906
1,3203,48045000,48045000,407,678,48060000,17913
1,3204,48060000,48060000,407,678,48075000,17917
1,3205,48075000,48075000,407,678,48090000,17923
1,3206,48090000,48090000,407,678,48105000,17930
1,3207,48105000,48105000,407,678,48120000,17933
1,3208,48120000,48120000,407,678,48135000,17941
1,3209,48135000,48135000,407,678,48150000,17944
1,321,4815000,4815000,407,678,4830000,1794
1,3210,48150000,48150000,407,678,48165000,17953
1,3211,48165000,48165000,407,678,48180000,17957
1,3212,48180000,48180000,407,678,48195000,17961
1,3213,48195000,48195000,407,678,48210000,17969
1,3214,48210000,48210000,407,678,48225000,17972
1,3215,48225000,48225000,407,678,48240000,17979
1,3216,48240000,48240000,407,678,48255000,17986
1,3217,48255000,48255000,407,678,48270000,17991
1,3218,48270000,48270000,407,678,48285000,17996
1,3219,48285000,48285000,407,678,48300000,18000
1,322,4830000,4830000,407,678,4845000,1801
1,3220,48300000,48300000,407,678,48315000,18007
1,3221,48315000,48315000,407,678,48330000,18013
1,3222,48330000,48330000,407,678,48345000,18018
1,3223,48345000,48345000,407,678,48360000,18024
1,3224,48360000,48360000,407,678,48375000,18030
1,3225,48375000,48375000,407,678,48390000,18034
1,3226,48390000,48390000,407,678,48405000,18042
1,3227,48405000,48405000,407,678,48420000,18047
1,3228,48420000,48420000,407,678,48435000,18051
1,3229,48435000,48435000,407,678,48450000,18057
1,323,4845000,4845000,407,678,4860000,1806
1,3230,48450000,48450000,407,678,48465000,18063
1,3231,48465000,48465000,407,678,48480000,18069
1,3232,48480000,48480000,407,678,48495000,18074
1,3233,48495000,48495000,407,678,48510000,18079
1,3234,48510000,48510000,407,678,48525000,18086
1,3235,48525000,48525000,407,678,48540000,18090
1,3236,48540000,48540000,407,678,48555000,18097
1,3237,48555000,48555000,407,678,48570000,18103
1,3238,48570000,48570000,407,678,48585000,18109
1,3239,48585000,48585000,407,678,48600000,18112
1,324,4860000,4860000,407,678,4875000,1811
1,3240,48600000,48600000,407,678,48615000,18118
1,3241,48615000,48615000,407,678,48630000,18125
1,3242,48630000,48630000,407,678,48645000,18130
1,3243,48645000,48645000,407,678,48660000,18137
1,3244,48660000,48660000,407,678,48675000,18140
1,3245,48675000,48675000,407,678,48690000,18148
1,3246,48690000,48690000,407,678,48705000,18153
1,3247,48705000,48705000,407,678,48720000,18156
1,3248,48720000,48720000,407,678,48735000,18165
1,3249,48735000,48735000,407,678,48750000,18168
1,325,4875000,4875000,407,678,4890000,1817
1,3250,48750000,48750000,407,678,48765000,18176
1,3251,48765000,48765000,407,678,48780000,18180
1,3252,48780000,48780000,407,678,48795000,18186
1,3253,48795000,48795000,407,678,48810000,18193
1,3254,48810000,48810000,407,678,48825000,18196
1,3255,48825000,48825000,407,678,48840000,18202
1,3256,48840000,48840000,407,678,48855000,18209
1,3257,48855000,48855000,407,678,48870000,18214
1,3258,48870000,48870000,407,678,48885000,18220
1,3259,48885000,48885000,407,678,48900000,18226
1,326,4890000,4890000,407,678,4905000,1825
1,3260,48900000,48900000,407,678,48915000,18231
1,3261,48915000,48915000,407,678,48930000,18236
1,3262,48930000,48930000,407,678,48945000,18241
1,3263,48945000,48945000,407,678,48960000,18247
1,3264,48960000,48960000,407,678,48975000,18254
1,3265,48975000,48975000,407,678,48990000,18258
1,3266,48990000,48990000,407,678,49005000,18266
1,3267,49005000,49005000,407,678,49020000,18270
1,3268,49020000,49020000,407,678,49035000,18274
1,3269,49035000,49035000,407,678,49050000,18281
1,327,4905000,4905000,407,678,4920000,1828
1,3270,49050000,49050000,407,678,49065000,18287
1,3271,49065000,49065000,407,678,49080000,18293
1,3272,49080000,49080000,407,678,49095000,18297
1,3273,49095000,49095000,407,678,49110000,18304
1,3274,49110000,49110000,407,678,49125000,18310
1,3275,49125000,49125000,407,678,49140000,18314
1,3276,49140000,49140000,407,678,49155000,18321
1,3277,49155000,49155000,407,678,49170000,18325
1,3278,49170000,49170000,407,678,49185000,18332
1,3279,49185000,49185000,407,678,49200000,18335
1,328,4920000,4920000,407,678,4935000,1833
1,3280,49200000,49200000,407,678,49215000,18344
1,3281,49215000,49215000,407,678,49230000,18349
1,3282,49230000,49230000,407,678,49245000,18353
1,3283,49245000,49245000,407,678,49260000,18360
1,3284,49260000,49260000,407,678,49275000,18363
1,3285,49275000,49275000,407,678,49290000,18372
1,3286,49290000,49290000,407,678,49305000,18377
1,3287,49305000,49305000,407,678,49320000,18382
1,3288,49320000,49320000,407,678,49335000,18387
1,3289,49335000,49335000,407,678,49350000,18391
1,329,4935000,4935000,407,678,4950000,1838
1,3290,49350000,49350000,407,678,49365000,18400
1,3291,49365000,49365000,407,678,49380000,18404
1,3292,49380000,49380000,407,678,49395000,18410
1,3293,49395000,49395000,407,678,49410000,18416
1,3294,49410000,49410000,407,678,49425000,18421
1,3295,49425000,49425000,407,678,49440000,18425
1,3296,49440000,49440000,407,678,49455000,18433
1,3297,49455000,49455000,407,678,49470000,18438
1,3298,49470000,49470000,407,678,49485000,18443
1,3299,49485000,49485000,407,678,49500000,18448
1,33,495000,495000,407,678,510000,185
1,330,4950000,4950000,407,678,4965000,1846
1,3300,49500000,49500000,407,678,49515000,18454
1,3301,49515000,49515000,407,678,49530000,18462
1,3302,49530000,49530000,407,678,49545000,18465
1,3303,49545000,49545000,407,678,49560000,18471
1,3304,49560000,49560000,407,678,49575000,18477
1,3305,49575000,49575000,407,678,49590000,18481
1,3306,49590000,49590000,407,678,49605000,18490
1,3307,49605000,49605000,407,678,49620000,18494
1,3308,49620000,49620000,407,678,49635000,18500
1,3309,49635000,49635000,407,678,49650000,18504
1,331,4965000,4965000,407,678,4980000,1852
1,3310,49650000,49650000,407,678,49665000,18509
1,3311,49665000,49665000,407,678,49680000,18516
1,3312,49680000,49680000,407,678,49695000,18521
1,3313,49695000,49695000,407,678,49710000,18528
1,3314,49710000,49710000,407,678,49725000,18533
1,3315,49725000,49725000,407,678,49740000,18539
1,3316,49740000,49740000,407,678,49755000,18544
1,3317,49755000,49755000,407,678,49770000,18549
1,3318,49770000,49770000,407,678,49785000,18556
1,3319,49785000,49785000,407,678,49800000,18559
1,332,4980000,4980000,407,678,4995000,1855
1,3320,49800000,49800000,407,678,49815000,18567
1,3321,49815000,49815000,407,678,49830000,18571
1,3322,49830000,49830000,407,678,49845000,18579
1,3323,49845000,49845000,407,678,49860000,18584
1,3324,49860000,49860000,407,678,49875000,18587
1,3325,49875000,49875000,407,678,49890000,18595
1,3326,49890000,49890000,407,678,49905000,18600
1,3327,49905000,49905000,407,678,49920000,18605
1,3328,49920000,49920000,407,678,49935000,18611
1,3329,49935000,49935000,407,678,49950000,18617
1,333,4995000,4995000,407,678,5010000,1864
1,3330,49950000,49950000,407,678,49965000,18623
1,3331,49965000,49965000,407,678,49980000,18627
1,3332,49980000,49980000,407,678,49995000,18632
1,3333,49995000,49995000,407,678,50010000,18640
1,3334,50010000,50010000,407,678,50025000,18645
1,3335,50025000,50025000,407,678,50040000,18649
1,3336,50040000,50040000,407,678,50055000,18658
1,3337,50055000,50055000,407,678,50070000,18661
1,3338,50070000,50070000,407,678,50085000,18667
1,3339,50085000,50085000,407,678,50100000,18672
1,334,5010000,5010000,407,678,5025000,1867
1,3340,50100000,50100000,407,678,50115000,18678
1,3341,50115000,50115000,407,678,50130000,18685
1,3342,50130000,50130000,407,678,50145000,18688
1,3343,50145000,50145000,407,678,50160000,18695
1,3344,50160000,50160000,407,678,50175000,18701
1,3345,50175000,50175000,407,678,50190000,18705
1,3346,50190000,50190000,407,678,50205000,18713
1,3347,50205000,50205000,407,678,50220000,18717
1,3348,50220000,50220000,407,678,50235000,18723
1,3349,50235000,50235000,407,678,50250000,18728
1,335,5025000,5025000,407,678,5040000,1871
1,3350,50250000,50250000,407,678,50265000,18735
1,3351,50265000,50265000,407,678,50280000,18740
1,3352,50280000,50280000,407,678,50295000,18744
1,3353,50295000,50295000,407,678,50310000,18751
1,3354,50310000,50310000,407,678,50325000,18756
1,3355,50325000,50325000,407,678,50340000,18763
1,3356,50340000,50340000,407,678,50355000,18768
1,3357,50355000,50355000,407,678,50370000,18774
1,3358,50370000,50370000,407,678,50385000,18779
1,3359,50385000,50385000,407,678,50400000,18782
1,336,5040000,5040000,407,678,5055000,1880
1,3360,50400000,50400000,407,678,50415000,18791
1,3361,50415000,50415000,407,678,50430000,18795
1,3362,50430000,50430000,407,678,50445000,18802
1,3363,50445000,50445000,407,678,50460000,18807
1,3364,50460000,50460000,407,678,50475000,18812
1,3365,50475000,50475000,407,678,50490000,18818
1,3366,50490000,50490000,407,678,50505000,18824
1,3367,50505000,50505000,407,678,50520000,18829
1,3368,50520000,50520000,407,678,50535000,18834
1,3369,50535000,50535000,407,678,50550000,18840
1,337,5055000,5055000,407,678,5070000,1884
1,3370,50550000,50550000,407,678,50565000,18847
1,3371,50565000,50565000,407,678,50580000,18853
1,3372,50580000,50580000,407,678,50595000,18856
1,3373,50595000,50595000,407,678,50610000,18863
1,3374,50610000,50610000,407,678,50625000,18868
1,3375,50625000,50625000,407,678,50640000,18872
1,3376,50640000,50640000,407,678,50655000,18881
1,3377,50655000,50655000,407,678,50670000,18885
1,3378,50670000,50670000,407,678,50685000,18892
1,3379,50685000,50685000,407,678,50700000,18895
1,338,5070000,5070000,407,678,5085000,1891
1,3380,50700000,50700000,407,678,50715000,18901
1,3381,50715000,50715000,407,678,50730000,18909
1,3382,50730000,50730000,407,678,50745000,18912
1,3383,50745000,50745000,407,678,50760000,18919
1,3384,50760000,50760000,407,678,50775000,18924
1,3385,50775000,50775000,407,678,50790000,18930
1,3386,50790000,50790000,407,678,50805000,18937
1,3387,50805000,50805000,407,678,50820000,18940
1,3388,50820000,50820000,407,678,50835000,18947
1,3389,50835000,50835000,407,678,50850000,18951
1,339,5085000,5085000,407,678,5100000,1894
1,3390,50850000,50850000,407,678,50865000,18958
1,3391,50865000,50865000,407,678,50880000,18963
1,3392,50880000,50880000,407,678,50895000,18970
1,3393,50895000,50895000,407,678,50910000,18975
1,3394,50910000,50910000,407,678,50925000,18979
1,3395,50925000,50925000,407,678,50940000,18986
1,3396,50940000,50940000,407,678,50955000,18991
1,3397,50955000,50955000,407,678,50970000,18998
1,3398,50970000,50970000,407,678,50985000,19002
1,3399,50985000,50985000,407,678,51000000,19008
1,34,510000,510000,407,678,525000,189
1,340,5100000,5100000,407,678,5115000,1901
1,3400,51000000,51000000,407,678,51015000,19014
1,3401,51015000,51015000,407,678,51030000,19018
1,3402,51030000,51030000,407,678,51045000,19026
1,3403,51045000,51045000,407,678,51060000,19031
1,3404,51060000,51060000,407,678,51075000,19036
1,3405,51075000,51075000,407,678,51090000,19041
1,3406,51090000,51090000,407,678,51105000,19049
1,3407,51105000,51105000,407,678,51120000,19052
1,3408,51120000,51120000,407,678,51135000,19058
1,3409,51135000,51135000,407,678,51150000,19063
1,341,5115000,5115000,407,678,5130000,1908
1,3410,51150000,51150000,407,678,51165000,19070
1,3411,51165000,51165000,407,678,51180000,19076
1,3412,51180000,51180000,407,678,51195000,19079
1,3413,51195000,51195000,407,678,51210000,19089
1,3414,51210000,51210000,407,678,51225000,19092
1,3415,51225000,51225000,407,678,51240000,19096
1,3416,51240000,51240000,407,678,51255000,19104
1,3417,51255000,51255000,407,678,51270000,19108
1,3418,51270000,51270000,407,678,51285000,19116
1,3419,51285000,51285000,407,678,51300000,19119
1,342,5130000,5130000,407,678,5145000,1911
1,3420,51300000,51300000,407,678,51315000,19126
1,3421,51315000,51315000,407,678,51330000,19132
1,3422,51330000,51330000,407,678,51345000,19135
1,3423,51345000,51345000,407,678,51360000,19142
1,3424,51360000,51360000,407,678,51375000,19148
1,3425,51375000,51375000,407,678,51390000,19154
1,3426,51390000,51390000,407,678,51405000,19160
1,3427,51405000,51405000,407,678,51420000,19165
1,3428,51420000,51420000,407,678,51435000,19170
1,3429,51435000,51435000,407,678,51450000,19175
1,343,5145000,5145000,407,678,5160000,1918
1,3430,51450000,51450000,407,678,51465000,19182
1,3431,51465000,51465000,407,678,51480000,19186
1,3432,51480000,51480000,407,678,51495000,19193
1,3433,51495000,51495000,407,678,51510000,19198
1,3434,51510000,51510000,407,678,51525000,19205
1,3435,51525000,51525000,407,678,51540000,19210
1,3436,51540000,51540000,407,678,51555000,19215
1,3437,51555000,51555000,407,678,51570000,19221
1,3438,51570000,51570000,407,678,51585000,19225
1,3439,51585000,51585000,407,678,51600000,19231
1,344,5160000,5160000,407,678,5175000,1923
1,3440,51600000,51600000,407,678,51615000,19238
1,3441,51615000,51615000,407,678,51630000,19244
1,3442,51630000,51630000,407,678,51645000,19248
1,3443,51645000,51645000,407,678,51660000,19254
1,3444,51660000,51660000,407,678,51675000,19259
1,3445,51675000,51675000,407,678,51690000,19265
1,3446,51690000,51690000,407,678,51705000,19273
1,3447,51705000,51705000,407,678,51720000,19276
1,3448,51720000,51720000,407,678,51735000,19283
1,3449,51735000,51735000,407,678,51750000,19286
1,345,5175000,5175000,407,678,5190000,1929
1,3450,51750000,51750000,407,678,51765000,19294
1,3451,51765000,51765000,407,678,51780000,19300
1,3452,51780000,51780000,407,678,51795000,19303
1,3453,51795000,51795000,407,678,51810000,19311
1,3454,51810000,51810000,407,678,51825000,19315
1,3455,51825000,51825000,407,678,51840000,19321
1,3456,51840000,51840000,407,678,51855000,19328
1,3457,51855000,51855000,407,678,51870000,19332
1,3458,51870000,51870000,407,678,51885000,19339
1,3459,51885000,51885000,407,678,51900000,19342
1,346,5190000,5190000,407,678,5205000,1936
1,3460,51900000,51900000,407,678,51915000,19349
1,3461,51915000,51915000,407,678,51930000,19356
1,3462,51930000,51930000,407,678,51945000,19361
1,3463,51945000,51945000,407,678,51960000,19366
1,3464,51960000,51960000,407,678,51975000,19370
1,3465,51975000,51975000,407,678,51990000,19377
1,3466,51990000,51990000,407,678,52005000,19384
1,3467,52005000,52005000,407,678,52020000,19389
1,3468,52020000,52020000,407,678,52035000,19394
1,3469,52035000,52035000,407,678,52050000,19400
1,347,5205000,5205000,407,678,5220000,1941
1,3470,52050000,52050000,407,678,52065000,19405
1,3471,52065000,52065000,407,678,52080000,19409
1,3472,52080000,52080000,407,678,52095000,19417
1,3473,52095000,52095000,407,678,52110000,19422
1,3474,52110000,52110000,407,678,52125000,19428
1,3475,52125000,52125000,407,678,52140000,19432
1,3476,52140000,52140000,407,678,52155000,19440
1,3477,52155000,52155000,407,678,52170000,19445
1,3478,52170000,52170000,407,678,52185000,19449
1,3479,52185000,52185000,407,678,52200000,19455
1,348,5220000,5220000,407,678,5235000,1946
1,3480,52200000,52200000,407,678,52215000,19461
1,3481,52215000,52215000,407,678,52230000,19467
1,3482,52230000,52230000,407,678,52245000,19472
1,3483,52245000,52245000,407,678,52260000,19480
1,3484,52260000,52260000,407,678,52275000,19483
1,3485,52275000,52275000,407,678,52290000,19488
1,3486,52290000,52290000,407,678,52305000,19495
1,3487,52305000,52305000,407,678,52320000,19499
1,3488,52320000,52320000,407,678,52335000,19507
1,3489,52335000,52335000,407,678,52350000,19510
1,349,5235000,5235000,407,678,5250000,1950
1,3490,52350000,52350000,407,678,52365000,19519
1,3491,52365000,52365000,407,678,52380000,19523
1,3492,52380000,52380000,407,678,52395000,19526
1,3493,52395000,52395000,407,678,52410000,19535
1,3494,52410000,52410000,407,678,52425000,19539
1,3495,52425000,52425000,407,678,52440000,19545
1,3496,52440000,52440000,407,678,52455000,19551
1,3497,52455000,52455000,407,678,52470000,19556
1,3498,52470000,52470000,407,678,52485000,19563
1,3499,52485000,52485000,407,678,52500000,19566
1,35,525000,525000,407,678,540000,195
1,350,5250000,5250000,407,678,5265000,1957
1,3500,52500000,52500000,407,678,52515000,19573
1,3501,52515000,52515000,407,678,52530000,19579
1,3502,52530000,52530000,407,678,52545000,19584
1,3503,52545000,52545000,407,678,52560000,19589
1,3504,52560000,52560000,407,678,52575000,19596
1,3505,52575000,52575000,407,678,52590000,19601
1,3506,52590000,52590000,407,678,52605000,19607
1,3507,52605000,52605000,407,678,52620000,19612
1,3508,52620000,52620000,407,678,52635000,19616
1,3509,52635000,52635000,407,678,52650000,19624
1,351,5265000,5265000,407,678,5280000,1961
1,3510,52650000,52650000,407,678,52665000,19629
1,3511,52665000,52665000,407,678,52680000,19635
1,3512,52680000,52680000,407,678,52695000,19640
1,3513,52695000,52695000,407,678,52710000,19645
1,3514,52710000,52710000,407,678,52725000,19652
1,3515,52725000,52725000,407,678,52740000,19656
1,3516,52740000,52740000,407,678,52755000,19664
1,3517,52755000,52755000,407,678,52770000,19668
1,3518,52770000,52770000,407,678,52785000,19674
1,3519,52785000,52785000,407,678,52800000,19677
1,352,5280000,5280000,407,678,5295000,1969
1,3520,52800000,52800000,407,678,52815000,19685
1,3521,52815000,52815000,407,678,52830000,19691
1,3522,52830000,52830000,407,678,52845000,19695
1,3523,52845000,52845000,407,678,52860000,19703
1,3524,52860000,52860000,407,678,52875000,19706
1,3525,52875000,52875000,407,678,52890000,19714
1,3526,52890000,52890000,407,678,52905000,19719
1,3527,52905000,52905000,407,678,52920000,19723
1,3528,52920000,52920000,407,678,52935000,19730
1,3529,52935000,52935000,407,678,52950000,19733
1,353,5295000,5295000,407,678,5310000,1974
1,3530,52950000,52950000,407,678,52965000,19742
1,3531,52965000,52965000,407,678,52980000,19747
1,3532,52980000,52980000,407,678,52995000,19752
1,3533,52995000,52995000,407,678,53010000,19758
1,3534,53010000,53010000,407,678,53025000,19762
1,3535,53025000,53025000,407,678,53040000,19768
1,3536,53040000,53040000,407,678,53055000,19775
1,3537,53055000,53055000,407,678,53070000,19780
1,3538,53070000,53070000,407,678,53085000,19786
1,3539,53085000,53085000,407,678,53100000,19791
1,354,5310000,5310000,407,678,5325000,1980
1,3540,53100000,53100000,407,678,53115000,19796
1,3541,53115000,53115000,407,678,53130000,19802
1,3542,53130000,53130000,407,678,53145000,19808
1,3543,53145000,53145000,407,678,53160000,19813
1,3544,53160000,53160000,407,678,53175000,19819
1,3545,53175000,53175000,407,678,53190000,19824
1,3546,53190000,53190000,407,678,53205000,19833
1,3547,53205000,53205000,407,678,53220000,19836
1,3548,53220000,53220000,407,678,53235000,19840
1,3549,53235000,53235000,407,678,53250000,19847
1,355,5325000,5325000,407,678,5340000,1985
1,3550,53250000,53250000,407,678,53265000,19852
1,3551,53265000,53265000,407,678,53280000,19858
1,3552,53280000,53280000,407,678,53295000,19863
1,3553,53295000,53295000,407,678,53310000,19871
1,3554,53310000,53310000,407,678,53325000,19875
1,3555,53325000,53325000,407,678,53340000,19879
1,3556,53340000,53340000,407,678,53355000,19887
1,3557,53355000,53355000,407,678,53370000,19892
1,3558,53370000,53370000,407,678,53385000,19898
1,3559,53385000,53385000,407,678,53400000,19901
1,356,5340000,5340000,407,678,5355000,1990
1,3560,53400000,53400000,407,678,53415000,19910
1,3561,53415000,53415000,407,678,53430000,19914
1,3562,53430000,53430000,407,678,53445000,19919
1,3563,53445000,53445000,407,678,53460000,19926
1,3564,53460000,53460000,407,678,53475000,19930
1,3565,53475000,53475000,407,678,53490000,19937
1,3566,53490000,53490000,407,678,53505000,19942
1,3567,53505000,53505000,407,678,53520000,19948
1,3568,53520000,53520000,407,678,53535000,19954
1,3569,53535000,53535000,407,678,53550000,19957
1,357,5355000,5355000,407,678,5370000,1997
1,3570,53550000,53550000,407,678,53565000,19965
1,3571,53565000,53565000,407,678,53580000,19970
1,3572,53580000,53580000,407,678,53595000,19975
1,3573,53595000,53595000,407,678,53610000,19982
1,3574,53610000,53610000,407,678,53625000,19987
1,3575,53625000,53625000,407,678,53640000,19992
1,3576,53640000,53640000,407,678,53655000,19998
1,3577,53655000,53655000,407,678,53670000,20003
1,3578,53670000,53670000,407,678,53685000,20010
1,3579,53685000,53685000,407,678,53700000,20015
1,358,5370000,5370000,407,678,5385000,2001
1,3580,53700000,53700000,407,678,53715000,20020
1,3581,53715000,53715000,407,678,53730000,20027
1,3582,53730000,53730000,407,678,53745000,20031
1,3583,53745000,53745000,407,678,53760000,20036
1,3584,53760000,53760000,407,678,53775000,20043
1,3585,53775000,53775000,407,678,53790000,20047
1,3586,53790000,53790000,407,678,53805000,20056
1,3587,53805000,53805000,407,678,53820000,20059
1,3588,53820000,53820000,407,678,53835000,20065
1,3589,53835000,53835000,407,678,53850000,20071
1,359,5385000,5385000,407,678,5400000,2007
1,3590,53850000,53850000,407,678,53865000,20076
1,3591,53865000,53865000,407,678,53880000,20082
1,3592,53880000,53880000,407,678,53895000,20086
1,3593,53895000,53895000,407,678,53910000,20094
1,3594,53910000,53910000,407,678,53925000,20099
1,3595,53925000,53925000,407,678,53940000,20105
1,3596,53940000,53940000,407,678,53955000,20110
1,3597,53955000,53955000,407,678,53970000,20115
1,3598,53970000,53970000,407,678,53985000,20121
1,3599,53985000,53985000,407,678,54000000,20124
1,36,540000,540000,407,678,555000,201
1,360,5400000,5400000,407,678,5415000,2013
1,3600,54000000,54000000,407,678,54015000,20134
1,3601,54015000,54015000,407,678,54030000,20138
1,3602,54030000,54030000,407,678,54045000,20144
1,3603,54045000,54045000,407,678,54060000,20149
1,3604,54060000,54060000,407,678,54075000,20153
1,3605,54075000,54075000,407,678,54090000,20161
1,3606,54090000,54090000,407,678,54105000,20166
1,3607,54105000,54105000,407,678,54120000,20171
1,3608,54120000,54120000,407,678,54135000,20177
1,3609,54135000,54135000,407,678,54150000,20182
1,361,5415000,5415000,407,678,5430000,2019
1,3610,54150000,54150000,407,678,54165000,20189
1,3611,54165000,54165000,407,678,54180000,20194
1,3612,54180000,54180000,407,678,54195000,20199
1,3613,54195000,54195000,407,678,54210000,20205
1,3614,54210000,54210000,407,678,54225000,20210
1,3615,54225000,54225000,407,678,54240000,20215
1,3616,54240000,54240000,407,678,54255000,20224
1,3617,54255000,54255000,407,678,54270000,20227
1,3618,54270000,54270000,407,678,54285000,20232
1,3619,54285000,54285000,407,678,54300000,20238
1,362,5430000,5430000,407,678,5445000,2024
1,3620,54300000,54300000,407,678,54315000,20243
1,3621,54315000,54315000,407,678,54330000,20251
1,3622,54330000,54330000,407,678,54345000,20255
1,3623,54345000,54345000,407,678,54360000,20262
1,3624,54360000,54360000,407,678,54375000,20266
1,3625,54375000,54375000,407,678,54390000,20270
1,3626,54390000,54390000,407,678,54405000,20280
1,3627,54405000,54405000,407,678,54420000,20283
1,3628,54420000,54420000,407,678,54435000,20289
1,3629,54435000,54435000,407,678,54450000,20293
1,363,5445000,5445000,407,678,5460000,2030
1,3630,54450000,54450000,407,678,54465000,20301
1,3631,54465000,54465000,407,678,54480000,20305
1,3632,54480000,54480000,407,678,54495000,20310
1,3633,54495000,54495000,407,678,54510000,20318
1,3634,54510000,54510000,407,678,54525000,20322
1,3635,54525000,54525000,407,678,54540000,20328
1,3636,54540000,54540000,407,678,54555000,20333
1,3637,54555000,54555000,407,678,54570000,20341
1,3638,54570000,54570000,407,678,54585000,20345
1,3639,54585000,54585000,407,678,54600000,20348
1,364,5460000,5460000,407,678,5475000,2035
1,3640,54600000,54600000,407,678,54615000,20356
1,3641,54615000,54615000,407,678,54630000,20361
1,3642,54630000,54630000,407,678,54645000,20368
1,3643,54645000,54645000,407,678,54660000,20373
1,3644,54660000,54660000,407,678,54675000,20379
1,3645,54675000,54675000,407,678,54690000,20384
1,3646,54690000,54690000,407,678,54705000,20389
1,3647,54705000,54705000,407,678,54720000,20394
1,3648,54720000,54720000,407,678,54735000,20401
1,3649,54735000,54735000,407,678,54750000,20406
1,365,5475000,5475000,407,678,5490000,2040
1,3650,54750000,54750000,407,678,54765000,20412
1,3651,54765000,54765000,407,678,54780000,20418
1,3652,54780000,54780000,407,678,54795000,20422
1,3653,54795000,54795000,407,678,54810000,20429
1,3654,54810000,54810000,407,678,54825000,20434
1,3655,54825000,54825000,407,678,54840000,20439
1,3656,54840000,54840000,407,678,54855000,20447
1,3657,54855000,54855000,407,678,54870000,20450
1,3658,54870000,54870000,407,678,54885000,20458
1,3659,54885000,54885000,407,678,54900000,20462
1,366,5490000,5490000,407,678,5505000,2048
1,3660,54900000,54900000,407,678,54915000,20467
1,3661,54915000,54915000,407,678,54930000,20474
1,3662,54930000,54930000,407,678,54945000,20477
1,3663,54945000,54945000,407,678,54960000,20485
1,3664,54960000,54960000,407,678,54975000,20490
1,3665,54975000,54975000,407,678,54990000,20496
1,3666,54990000,54990000,407,678,55005000,20503
1,3667,55005000,55005000,407,678,55020000,20506
1,3668,55020000,55020000,407,678,55035000,20512
1,3669,55035000,55035000,407,678,55050000,20517
1,367,5505000,5505000,407,678,5520000,2051
1,3670,55050000,55050000,407,678,55065000,20525
1,3671,55065000,55065000,407,678,55080000,20529
1,3672,55080000,55080000,407,678,55095000,20535
1,3673,55095000,55095000,407,678,55110000,20540
1,3674,55110000,55110000,407,678,55125000,20546
1,3675,55125000,55125000,407,678,55140000,20552
1,3676,55140000,55140000,407,678,55155000,20557
1,3677,55155000,55155000,407,678,55170000,20564
1,3678,55170000,55170000,407,678,55185000,20568
1,3679,55185000,55185000,407,678,55200000,20573
1,368,5520000,5520000,407,678,5535000,2059
1,3680,55200000,55200000,407,678,55215000,20580
1,3681,55215000,55215000,407,678,55230000,20585
1,3682,55230000,55230000,407,678,55245000,20591
1,3683,55245000,55245000,407,678,55260000,20596
1,3684,55260000,55260000,407,678,55275000,20601
1,3685,55275000,55275000,407,678,55290000,20608
1,3686,55290000,55290000,407,678,55305000,20615
1,3687,55305000,55305000,407,678,55320000,20618
1,3688,55320000,55320000,407,678,55335000,20624
1,3689,55335000,55335000,407,678,55350000,20629
1,369,5535000,5535000,407,678,5550000,2062
1,3690,55350000,55350000,407,678,55365000,20636
1,3691,55365000,55365000,407,678,55380000,20642
1,3692,55380000,55380000,407,678,55395000,20646
1,3693,55395000,55395000,407,678,55410000,20654
1,3694,55410000,55410000,407,678,55425000,20657
1,3695,55425000,55425000,407,678,55440000,20661
1,3696,55440000,55440000,407,678,55455000,20671
1,3697,55455000,55455000,407,678,55470000,20674
1,3698,55470000,55470000,407,678,55485000,20681
1,3699,55485000,55485000,407,678,55500000,20685
1,37,555000,555000,407,678,570000,208
1,370,5550000,5550000,407,678,5565000,2069
1,3700,55500000,55500000,407,678,55515000,20692
1,3701,55515000,55515000,407,678,55530000,20698
1,3702,55530000,55530000,407,678,55545000,20701
1,3703,55545000,55545000,407,678,55560000,20709
1,3704,55560000,55560000,407,678,55575000,20713
1,3705,55575000,55575000,407,678,55590000,20719
1,3706,55590000,55590000,407,678,55605000,20726
1,3707,55605000,55605000,407,678,55620000,20732
1,3708,55620000,55620000,407,678,55635000,20736
1,3709,55635000,55635000,407,678,55650000,20740
1,371,5565000,5565000,407,678,5580000,2075
1,3710,55650000,55650000,407,678,55665000,20748
1,3711,55665000,55665000,407,678,55680000,20752
1,3712,55680000,55680000,407,678,55695000,20759
1,3713,55695000,55695000,407,678,55710000,20764
1,3714,55710000,55710000,407,678,55725000,20771
1,3715,55725000,55725000,407,678,55740000,20775
1,3716,55740000,55740000,407,678,55755000,20780
1,3717,55755000,55755000,407,678,55770000,20787
1,3718,55770000,55770000,407,678,55785000,20792
1,3719,55785000,55785000,407,678,55800000,20797
1,372,5580000,5580000,407,678,5595000,2078
1,3720,55800000,55800000,407,678,55815000,20803
1,3721,55815000,55815000,407,678,55830000,20810
1,3722,55830000,55830000,407,678,55845000,20815
1,3723,55845000,55845000,407,678,55860000,20820
1,3724,55860000,55860000,407,678,55875000,20825
1,3725,55875000,55875000,407,678,55890000,20831
1,3726,55890000,55890000,407,678,55905000,20838
1,3727,55905000,55905000,407,678,55920000,20841
1,3728,55920000,55920000,407,678,55935000,20849
1,3729,55935000,55935000,407,678,55950000,20853
1,373,5595000,5595000,407,678,5610000,2087
1,3730,55950000,55950000,407,678,55965000,20859
1,3731,55965000,55965000,407,678,55980000,20865
1,3732,55980000,55980000,407,678,55995000,20869
1,3733,55995000,55995000,407,678,56010000,20878
1,3734,56010000,56010000,407,678,56025000,20881
1,3735,56025000,56025000,407,678,56040000,20887
1,3736,56040000,56040000,407,678,56055000,20894
1,3737,56055000,56055000,407,678,56070000,20897
1,3738,56070000,56070000,407,678,56085000,20905
1,3739,56085000,56085000,407,678,56100000,20908
1,374,5610000,5610000,407,678,5625000,2091
1,3740,56100000,56100000,407,678,56115000,20916
1,3741,56115000,56115000,407,678,56130000,20921
1,3742,56130000,56130000,407,678,56145000,20926
1,3743,56145000,56145000,407,678,56160000,20932
1,3744,56160000,56160000,407,678,56175000,20937
1,3745,56175000,56175000,407,678,56190000,20943
1,3746,56190000,56190000,407,678,56205000,20949
1,3747,56205000,56205000,407,678,56220000,20955
1,3748,56220000,56220000,407,678,56235000,20959
1,3749,56235000,56235000,407,678,56250000,20966
1,375,5625000,5625000,407,678,5640000,2097
1,3750,56250000,56250000,407,678,56265000,20971
1,3751,56265000,56265000,407,678,56280000,20976
1,3752,56280000,56280000,407,678,56295000,20982
1,3753,56295000,56295000,407,678,56310000,20987
1,3754,56310000,56310000,407,678,56325000,20995
1,3755,56325000,56325000,407,678,56340000,20999
1,3756,56340000,56340000,407,678,56355000,21006
1,3757,56355000,56355000,407,678,56370000,21010
1,3758,56370000,56370000,407,678,56385000,21015
1,3759,56385000,56385000,407,678,56400000,21020
1,376,5640000,5640000,407,678,5655000,2103
1,3760,56400000,56400000,407,678,56415000,21027
1,3761,56415000,56415000,407,678,56430000,21033
1,3762,56430000,56430000,407,678,56445000,21038
1,3763,56445000,56445000,407,678,56460000,21045
1,3764,56460000,56460000,407,678,56475000,21048
1,3765,56475000,56475000,407,678,56490000,21055
1,3766,56490000,56490000,407,678,56505000,21062
1,3767,56505000,56505000,407,678,56520000,21065
1,3768,56520000,56520000,407,678,56535000,21072
1,3769,56535000,56535000,407,678,56550000,21076
1,377,5655000,5655000,407,678,5670000,2107
1,3770,56550000,56550000,407,678,56565000,21085
1,3771,56565000,56565000,407,678,56580000,21089
1,3772,56580000,56580000,407,678,56595000,21092
1,3773,56595000,56595000,407,678,56610000,21101
1,3774,56610000,56610000,407,678,56625000,21104
1,3775,56625000,56625000,407,678,56640000,21110
1,3776,56640000,56640000,407,678,56655000,21118
1,3777,56655000,56655000,407,678,56670000,21123
1,3778,56670000,56670000,407,678,56685000,21128
1,3779,56685000,56685000,407,678,56700000,21131
1,378,5670000,5670000,407,678,5685000,2115
1,3780,56700000,56700000,407,678,56715000,21139
1,3781,56715000,56715000,407,678,56730000,21145
1,3782,56730000,56730000,407,678,56745000,21150
1,3783,56745000,56745000,407,678,56760000,21155
1,3784,56760000,56760000,407,678,56775000,21162
1,3785,56775000,56775000,407,678,56790000,21166
1,3786,56790000,56790000,407,678,56805000,21173
1,3787,56805000,56805000,407,678,56820000,21179
1,3788,56820000,56820000,407,678,56835000,21183
1,3789,56835000,56835000,407,678,56850000,21189
1,379,5685000,5685000,407,678,5700000,2118
1,3790,56850000,56850000,407,678,56865000,21194
1,3791,56865000,56865000,407,678,56880000,21201
1,3792,56880000,56880000,407,678,56895000,21206
1,3793,56895000,56895000,407,678,56910000,21211
1,3794,56910000,56910000,407,678,56925000,21217
1,3795,56925000,56925000,407,678,56940000,21222
1,3796,56940000,56940000,407,678,56955000,21229
1,3797,56955000,56955000,407,678,56970000,21234
1,3798,56970000,56970000,407,678,56985000,21241
1,3799,56985000,56985000,407,678,57000000,21244
1,38,570000,570000,407,678,585000,212
1,380,5700000,5700000,407,678,5715000,2125
1,3800,57000000,57000000,407,678,57015000,21250
1,3801,57015000,57015000,407,678,57030000,21256
1,3802,57030000,57030000,407,678,57045000,21262
1,3803,57045000,57045000,407,678,57060000,21269
1,3804,57060000,57060000,407,678,57075000,21272
1,3805,57075000,57075000,407,678,57090000,21279
1,3806,57090000,57090000,407,678,57105000,21285
1,3807,57105000,57105000,407,678,57120000,21288
1,3808,57120000,57120000,407,678,57135000,21296
1,3809,57135000,57135000,407,678,57150000,21300
1,381,5715000,5715000,407,678,5730000,2131
1,3810,57150000,57150000,407,678,57165000,21308
1,3811,57165000,57165000,407,678,57180000,21312
1,3812,57180000,57180000,407,678,57195000,21317
1,3813,57195000,57195000,407,678,57210000,21325
1,3814,57210000,57210000,407,678,57225000,21328
1,3815,57225000,57225000,407,678,57240000,21334
1,3816,57240000,57240000,407,678,57255000,21340
1,3817,57255000,57255000,407,678,57270000,21346
1,3818,57270000,57270000,407,678,57285000,21352
1,3819,57285000,57285000,407,678,57300000,21357
1,382,5730000,5730000,407,678,5745000,2136
1,3820,57300000,57300000,407,678,57315000,21363
1,3821,57315000,57315000,407,678,57330000,21368
1,3822,57330000,57330000,407,678,57345000,21373
1,3823,57345000,57345000,407,678,57360000,21378
1,3824,57360000,57360000,407,678,57375000,21386
1,3825,57375000,57375000,407,678,57390000,21390
1,3826,57390000,57390000,407,678,57405000,21398
1,3827,57405000,57405000,407,678,57420000,21401
1,3828,57420000,57420000,407,678,57435000,21406
1,3829,57435000,57435000,407,678,57450000,21413
1,383,5745000,5745000,407,678,5760000,2141
1,3830,57450000,57450000,407,678,57465000,21418
1,3831,57465000,57465000,407,678,57480000,21425
1,3832,57480000,57480000,407,678,57495000,21429
1,3833,57495000,57495000,407,678,57510000,21436
1,3834,57510000,57510000,407,678,57525000,21441
1,3835,57525000,57525000,407,678,57540000,21446
1,3836,57540000,57540000,407,678,57555000,21453
1,3837,57555000,57555000,407,678,57570000,21457
1,3838,57570000,57570000,407,678,57585000,21463
1,3839,57585000,57585000,407,678,57600000,21467
1,384,5760000,5760000,407,678,5775000,2146
1,3840,57600000,57600000,407,678,57615000,21476
1,3841,57615000,57615000,407,678,57630000,21480
1,3842,57630000,57630000,407,678,57645000,21485
1,3843,57645000,57645000,407,678,57660000,21492
1,3844,57660000,57660000,407,678,57675000,21495
1,3845,57675000,57675000,407,678,57690000,21503
1,3846,57690000,57690000,407,678,57705000,21509
1,3847,57705000,57705000,407,678,57720000,21514
1,3848,57720000,57720000,407,678,57735000,21519
1,3849,57735000,57735000,407,678,57750000,21522
1,385,5775000,5775000,407,678,5790000,2153
1,3850,57750000,57750000,407,678,57765000,21532
1,3851,57765000,57765000,407,678,57780000,21536
1,3852,57780000,57780000,407,678,57795000,21541
1,3853,57795000,57795000,407,678,57810000,21548
1,3854,57810000,57810000,407,678,57825000,21553
1,3855,57825000,57825000,407,678,57840000,21557
1,3856,57840000,57840000,407,678,57855000,21564
1,3857,57855000,57855000,407,678,57870000,21570
1,3858,57870000,57870000,407,678,57885000,21575
1,3859,57885000,57885000,407,678,57900000,21580
1,386,5790000,5790000,407,678,5805000,2159
1,3860,57900000,57900000,407,678,57915000,21585
1,3861,57915000,57915000,407,678,57930000,21594
1,3862,57930000,57930000,407,678,57945000,21597
1,3863,57945000,57945000,407,678,57960000,21602
1,3864,57960000,57960000,407,678,57975000,21609
1,3865,57975000,57975000,407,678,57990000,21613
1,3866,57990000,57990000,407,678,58005000,21622
1,3867,58005000,58005000,407,678,58020000,21625
1,3868,58020000,58020000,407,678,58035000,21632
1,3869,58035000,58035000,407,678,58050000,21636
1,387,5805000,5805000,407,678,5820000,2164
1,3870,58050000,58050000,407,678,58065000,21641
1,3871,58065000,58065000,407,678,58080000,21647
1,3872,58080000,58080000,407,678,58095000,21653
1,3873,58095000,58095000,407,678,58110000,21660
1,3874,58110000,58110000,407,678,58125000,21664
1,3875,58125000,58125000,407,678,58140000,21671
1,3876,58140000,58140000,407,678,58155000,21676
1,3877,58155000,58155000,407,678,58170000,21681
1,3878,58170000,58170000,407,678,58185000,21687
1,3879,58185000,58185000,407,678,58200000,21691
1,388,5820000,5820000,407,678,5835000,2169
1,3880,58200000,58200000,407,678,58215000,21699
1,3881,58215000,58215000,407,678,58230000,21703
1,3882,58230000,58230000,407,678,58245000,21710
1,3883,58245000,58245000,407,678,58260000,21716
1,3884,58260000,58260000,407,678,58275000,21719
1,3885,58275000,58275000,407,678,58290000,21726
1,3886,58290000,58290000,407,678,58305000,21732
1,3887,58305000,58305000,407,678,58320000,21737
1,3888,58320000,58320000,407,678,58335000,21743
1,3889,58335000,58335000,407,678,58350000,21748
1,389,5835000,5835000,407,678,5850000,2176
1,3890,58350000,58350000,407,678,58365000,21755
1,3891,58365000,58365000,407,678,58380000,21759
1,3892,58380000,58380000,407,678,58395000,21764
1,3893,58395000,58395000,407,678,58410000,21771
1,3894,58410000,58410000,407,678,58425000,21777
1,3895,58425000,58425000,407,678,58440000,21781
1,3896,58440000,58440000,407,678,58455000,21789
1,3897,58455000,58455000,407,678,58470000,21793
1,3898,58470000,58470000,407,678,58485000,21799
1,3899,58485000,58485000,407,678,58500000,21804
1,39,585000,585000,407,678,600000,217
1,390,5850000,5850000,407,678,5865000,2181
1,3900,58500000,58500000,407,678,58515000,21809
1,3901,58515000,58515000,407,678,58530000,21817
1,3902,58530000,58530000,407,678,58545000,21820
1,3903,58545000,58545000,407,678,58560000,21827
1,3904,58560000,58560000,407,678,58575000,21832
1,3905,58575000,58575000,407,678,58590000,21837
1,3906,58590000,58590000,407,678,58605000,21845
1,3907,58605000,58605000,407,678,58620000,21848
1,3908,58620000,58620000,407,678,58635000,21855
1,3909,58635000,58635000,407,678,58650000,21860
1,391,5865000,5865000,407,678,5880000,2185
1,3910,58650000,58650000,407,678,58665000,21867
1,3911,58665000,58665000,407,678,58680000,21871
1,3912,58680000,58680000,407,678,58695000,21876
1,3913,58695000,58695000,407,678,58710000,21883
1,3914,58710000,58710000,407,678,58725000,21888
1,3915,58725000,58725000,407,678,58740000,21894
1,3916,58740000,58740000,407,678,58755000,21900
1,3917,58755000,58755000,407,678,58770000,21906
1,3918,58770000,58770000,407,678,58785000,21910
1,3919,58785000,58785000,407,678,58800000,21914
1,392,5880000,5880000,407,678,5895000,2192
1,3920,58800000,58800000,407,678,58815000,21923
1,3921,58815000,58815000,407,678,58830000,21927
1,3922,58830000,58830000,407,678,58845000,21933
1,3923,58845000,58845000,407,678,58860000,21939
1,3924,58860000,58860000,407,678,58875000,21944
1,3925,58875000,58875000,407,678,58890000,21950
1,3926,58890000,58890000,407,678,58905000,21955
1,3927,58905000,58905000,407,678,58920000,21961
1,3928,58920000,58920000,407,678,58935000,21966
1,3929,58935000,58935000,407,678,58950000,21971
1,393,5895000,5895000,407,678,5910000,2197
1,3930,58950000,58950000,407,678,58965000,21979
1,3931,58965000,58965000,407,678,58980000,21985
1,3932,58980000,58980000,407,678,58995000,21988
1,3933,58995000,58995000,407,678,59010000,21994
1,3934,59010000,59010000,407,678,59025000,22000
1,3935,59025000,59025000,407,678,59040000,22004
1,3936,59040000,59040000,407,678,59055000,22013
1,3937,59055000,59055000,407,678,59070000,22016
1,3938,59070000,59070000,407,678,59085000,22024
1,3939,59085000,59085000,407,678,59100000,22027
1,394,5910000,5910000,407,678,5925000,2204
1,3940,59100000,59100000,407,678,59115000,22032
1,3941,59115000,59115000,407,678,59130000,22041
1,3942,59130000,59130000,407,678,59145000,22044
1,3943,59145000,59145000,407,678,59160000,22051
1,3944,59160000,59160000,407,678,59175000,22055
1,3945,59175000,59175000,407,678,59190000,22062
1,3946,59190000,59190000,407,678,59205000,22069
1,3947,59205000,59205000,407,678,59220000,22072
1,3948,59220000,59220000,407,678,59235000,22078
1,3949,59235000,59235000,407,678,59250000,22083
1,395,5925000,5925000,407,678,5940000,2208
1,3950,59250000,59250000,407,678,59265000,22090
1,3951,59265000,59265000,407,678,59280000,22094
1,3952,59280000,59280000,407,678,59295000,22102
1,3953,59295000,59295000,407,678,59310000,22107
1,3954,59310000,59310000,407,678,59325000,22111
1,3955,59325000,59325000,407,678,59340000,22117
1,3956,59340000,59340000,407,678,59355000,22123
1,3957,59355000,59355000,407,678,59370000,22130
1,3958,59370000,59370000,407,678,59385000,22134
1,3959,59385000,59385000,407,678,59400000,22139
1,396,5940000,5940000,407,678,5955000,2216
1,3960,59400000,59400000,407,678,59415000,22146
1,3961,59415000,59415000,407,678,59430000,22150
1,3962,59430000,59430000,407,678,59445000,22157
1,3963,59445000,59445000,407,678,59460000,22163
1,3964,59460000,59460000,407,678,59475000,22168
1,3965,59475000,59475000,407,678,59490000,22173
1,3966,59490000,59490000,407,678,59505000,22180
1,3967,59505000,59505000,407,678,59520000,22184
1,3968,59520000,59520000,407,678,59535000,22190
1,3969,59535000,59535000,407,678,59550000,22195
1,397,5955000,5955000,407,678,5970000,2220
1,3970,59550000,59550000,407,678,59565000,22201
1,3971,59565000,59565000,407,678,59580000,22208
1,3972,59580000,59580000,407,678,59595000,22211
1,3973,59595000,59595000,407,678,59610000,22220
1,3974,59610000,59610000,407,678,59625000,22224
1,3975,59625000,59625000,407,678,59640000,22228
1,3976,59640000,59640000,407,678,59655000,22236
1,3977,59655000,59655000,407,678,59670000,22239
1,3978,59670000,59670000,407,678,59685000,22248
1,3979,59685000,59685000,407,678,59700000,22251
1,398,5970000,5970000,407,678,5985000,2224
1,3980,59700000,59700000,407,678,59715000,22258
1,3981,59715000,59715000,407,678,59730000,22263
1,3982,59730000,59730000,407,678,59745000,22267
1,3983,59745000,59745000,407,678,59760000,22274
1,3984,59760000,59760000,407,678,59775000,22279
1,3985,59775000,59775000,407,678,59790000,22286
1,3986,59790000,59790000,407,678,59805000,22292
1,3987,59805000,59805000,407,678,59820000,22297
1,3988,59820000,59820000,407,678,59835000,22301
1,3989,59835000,59835000,407,678,59850000,22307
1,399,5985000,5985000,407,678,6000000,2230
1,3990,59850000,59850000,407,678,59865000,22314
1,3991,59865000,59865000,407,678,59880000,22318
1,3992,59880000,59880000,407,678,59895000,22324
1,3993,59895000,59895000,407,678,59910000,22330
1,3994,59910000,59910000,407,678,59925000,22337
1,3995,59925000,59925000,407,678,59940000,22341
1,3996,59940000,59940000,407,678,59955000,22347
1,3997,59955000,59955000,407,678,59970000,22353
1,3998,59970000,59970000,407,678,59985000,22357
1,3999,59985000,59985000,407,678,60000000,22362
1,4,60000,60000,407,678,75000,22
1,40,600000,600000,407,678,615000,224
1,400,6000000,6000000,407,678,6015000,2237
1,4000,60000000,60000000,407,678,60015000,22370
1,4001,60015000,60015000,407,678,60030000,22376
1,4002,60030000,60030000,407,678,60045000,22380
1,4003,60045000,60045000,407,678,60060000,22385
1,4004,60060000,60060000,407,678,60075000,22391
1,4005,60075000,60075000,407,678,60090000,22397
1,4006,60090000,60090000,407,678,60105000,22404
1,4007,60105000,60105000,407,678,60120000,22408
1,4008,60120000,60120000,407,678,60135000,22415
1,4009,60135000,60135000,407,678,60150000,22418
1,401,6015000,6015000,407,678,6030000,2243
1,4010,60150000,60150000,407,678,60165000,22425
1,4011,60165000,60165000,407,678,60180000,22432
1,4012,60180000,60180000,407,678,60195000,22435
1,4013,60195000,60195000,407,678,60210000,22443
1,4014,60210000,60210000,407,678,60225000,22446
1,4015,60225000,60225000,407,678,60240000,22453
1,4016,60240000,60240000,407,678,60255000,22460
1,4017,60255000,60255000,407,678,60270000,22463
1,4018,60270000,60270000,407,678,60285000,22471
1,4019,60285000,60285000,407,678,60300000,22474
1,402,6030000,6030000,407,678,6045000,2247
1,4020,60300000,60300000,407,678,60315000,22481
1,4021,60315000,60315000,407,678,60330000,22487
1,4022,60330000,60330000,407,678,60345000,22493
1,4023,60345000,60345000,407,678,60360000,22498
1,4024,60360000,60360000,407,678,60375000,22502
1,4025,60375000,60375000,407,678,60390000,22508
1,4026,60390000,60390000,407,678,60405000,22516
1,4027,60405000,60405000,407,678,60420000,22521
1,4028,60420000,60420000,407,678,60435000,22525
1,4029,60435000,60435000,407,678,60450000,22532
1,403,6045000,6045000,407,678,6060000,2255
1,4030,60450000,60450000,407,678,60465000,22537
1,4031,60465000,60465000,407,678,60480000,22541
1,4032,60480000,60480000,407,678,60495000,22548
1,4033,60495000,60495000,407,678,60510000,22554
1,4034,60510000,60510000,407,678,60525000,22560
1,4035,60525000,60525000,407,678,60540000,22564
1,4036,60540000,60540000,407,678,60555000,22571
1,4037,60555000,60555000,407,678,60570000,22577
1,4038,60570000,60570000,407,678,60585000,22581
1,4039,60585000,60585000,407,678,60600000,22586
1,404,6060000,6060000,407,678,6075000,2258
1,4040,60600000,60600000,407,678,60615000,22593
1,4041,60615000,60615000,407,678,60630000,22599
1,4042,60630000,60630000,407,678,60645000,22604
1,4043,60645000,60645000,407,678,60660000,22611
1,4044,60660000,60660000,407,678,60675000,22615
1,4045,60675000,60675000,407,678,60690000,22620
1,4046,60690000,60690000,407,678,60705000,22627
1,4047,60705000,60705000,407,678,60720000,22630
1,4048,60720000,60720000,407,678,60735000,22639
1,4049,60735000,60735000,407,678,60750000,22642
1,405,6075000,6075000,407,678,6090000,2264
1,4050,60750000,60750000,407,678,60765000,22650
1,4051,60765000,60765000,407,678,60780000,22655
1,4052,60780000,60780000,407,678,60795000,22658
1,4053,60795000,60795000,407,678,60810000,22667
1,4054,60810000,60810000,407,678,60825000,22670
1,4055,60825000,60825000,407,678,60840000,22677
1,4056,60840000,60840000,407,678,60855000,22683
1,4057,60855000,60855000,407,678,60870000,22688
1,4058,60870000,60870000,407,678,60885000,22694
1,4059,60885000,60885000,407,678,60900000,22698
1,406,6090000,6090000,407,678,6105000,2271
1,4060,60900000,60900000,407,678,60915000,22705
1,4061,60915000,60915000,407,678,60930000,22710
1,4062,60930000,60930000,407,678,60945000,22716
1,4063,60945000,60945000,407,678,60960000,22721
1,4064,60960000,60960000,407,678,60975000,22728
1,4065,60975000,60975000,407,678,60990000,22732
1,4066,60990000,60990000,407,678,61005000,22739
1,4067,61005000,61005000,407,678,61020000,22744
1,4068,61020000,61020000,407,678,61035000,22748
1,4069,61035000,61035000,407,678,61050000,22755
1,407,6105000,6105000,407,678,6120000,2275
1,4070,61050000,61050000,407,678,61065000,22761
1,4071,61065000,61065000,407,678,61080000,22767
1,4072,61080000,61080000,407,678,61095000,22771
1,4073,61095000,61095000,407,678,61110000,22777
1,4074,61110000,61110000,407,678,61125000,22784
1,4075,61125000,61125000,407,678,61140000,22788
1,4076,61140000,61140000,407,678,61155000,22795
1,4077,61155000,61155000,407,678,61170000,22800
1,4078,61170000,61170000,407,678,61185000,22806
1,4079,61185000,61185000,407,678,61200000,22809
1,408,6120000,6120000,407,678,6135000,2282
1,4080,61200000,61200000,407,678,61215000,22816
1,4081,61215000,61215000,407,678,61230000,22823
1,4082,61230000,61230000,407,678,61245000,22827
1,4083,61245000,61245000,407,678,61260000,22834
1,4084,61260000,61260000,407,678,61275000,22838
1,4085,61275000,61275000,407,678,61290000,22846
1,4086,61290000,61290000,407,678,61305000,22851
1,4087,61305000,61305000,407,678,61320000,22854
1,4088,61320000,61320000,407,678,61335000,22862
1,4089,61335000,61335000,407,678,61350000,22865
1,409,6135000,6135000,407,678,6150000,2285
1,4090,61350000,61350000,407,678,61365000,22874
1,4091,61365000,61365000,407,678,61380000,22878
1,4092,61380000,61380000,407,678,61395000,22884
1,4093,61395000,61395000,407,678,61410000,22890
1,4094,61410000,61410000,407,678,61425000,22893
1,4095,61425000,61425000,407,678,61440000,22900
1,4096,61440000,61440000,407,678,61455000,22907
1,4097,61455000,61455000,407,678,61470000,22912
1,4098,61470000,61470000,407,678,61485000,22917
1,4099,61485000,61485000,407,678,61500000,22923
1,41,615000,615000,407,678,630000,228
1,410,6150000,6150000,407,678,6165000,2295
1,4100,61500000,61500000,407,678,61515000,22928
1,4101,61515000,61515000,407,678,61530000,22934
1,4102,61530000,61530000,407,678,61545000,22939
1,4103,61545000,61545000,407,678,61560000,22945
1,4104,61560000,61560000,407,678,61575000,22951
1,4105,61575000,61575000,407,678,61590000,22955
1,4106,61590000,61590000,407,678,61605000,22965
1,4107,61605000,61605000,407,678,61620000,22968
1,4108,61620000,61620000,407,678,61635000,22972
1,4109,61635000,61635000,407,678,61650000,22978
1,411,6165000,6165000,407,678,6180000,2299
1,4110,61650000,61650000,407,678,61665000,22984
1,4111,61665000,61665000,407,678,61680000,22990
1,4112,61680000,61680000,407,678,61695000,22995
1,4113,61695000,61695000,407,678,61710000,23002
1,4114,61710000,61710000,407,678,61725000,23007
1,4115,61725000,61725000,407,678,61740000,23011
1,4116,61740000,61740000,407,678,61755000,23018
1,4117,61755000,61755000,407,678,61770000,23024
1,4118,61770000,61770000,407,678,61785000,23030
1,4119,61785000,61785000,407,678,61800000,23033
1,412,6180000,6180000,407,678,6195000,2302
1,4120,61800000,61800000,407,678,61815000,23041
1,4121,61815000,61815000,407,678,61830000,23046
1,4122,61830000,61830000,407,678,61845000,23051
1,4123,61845000,61845000,407,678,61860000,23058
1,4124,61860000,61860000,407,678,61875000,23061
1,4125,61875000,61875000,407,678,61890000,23069
1,4126,61890000,61890000,407,678,61905000,23074
1,4127,61905000,61905000,407,678,61920000,23079
1,4128,61920000,61920000,407,678,61935000,23086
1,4129,61935000,61935000,407,678,61950000,23089
1,413,6195000,6195000,407,678,6210000,2310
1,4130,61950000,61950000,407,678,61965000,23097
1,4131,61965000,61965000,407,678,61980000,23101
1,4132,61980000,61980000,407,678,61995000,23107
1,4133,61995000,61995000,407,678,62010000,23114
1,4134,62010000,62010000,407,678,62025000,23119
1,4135,62025000,62025000,407,678,62040000,23123
1,4136,62040000,62040000,407,678,62055000,23130
1,4137,62055000,62055000,407,678,62070000,23135
1,4138,62070000,62070000,407,678,62085000,23141
1,4139,62085000,62085000,407,678,62100000,23147
1,414,6210000,6210000,407,678,6225000,2314
1,4140,62100000,62100000,407,678,62115000,23152
1,4141,62115000,62115000,407,678,62130000,23159
1,4142,62130000,62130000,407,678,62145000,23162
1,4143,62145000,62145000,407,678,62160000,23168
1,4144,62160000,62160000,407,678,62175000,23175
1,4145,62175000,62175000,407,678,62190000,23179
1,4146,62190000,62190000,407,678,62205000,23187
1,4147,62205000,62205000,407,678,62220000,23191
1,4148,62220000,62220000,407,678,62235000,23197
1,4149,62235000,62235000,407,678,62250000,23202
1,415,6225000,6225000,407,678,6240000,2320
1,4150,62250000,62250000,407,678,62265000,23208
1,4151,62265000,62265000,407,678,62280000,23214
1,4152,62280000,62280000,407,678,62295000,23218
1,4153,62295000,62295000,407,678,62310000,23225
1,4154,62310000,62310000,407,678,62325000,23231
1,4155,62325000,62325000,407,678,62340000,23237
1,4156,62340000,62340000,407,678,62355000,23242
1,4157,62355000,62355000,407,678,62370000,23246
1,4158,62370000,62370000,407,678,62385000,23253
1,4159,62385000,62385000,407,678,62400000,23256
1,416,6240000,6240000,407,678,6255000,2327
1,4160,62400000,62400000,407,678,62415000,23265
1,4161,62415000,62415000,407,678,62430000,23270
1,4162,62430000,62430000,407,678,62445000,23276
1,4163,62445000,62445000,407,678,62460000,23281
1,4164,62460000,62460000,407,678,62475000,23284
1,4165,62475000,62475000,407,678,62490000,23293
1,4166,62490000,62490000,407,678,62505000,23298
1,4167,62505000,62505000,407,678,62520000,23303
1,4168,62520000,62520000,407,678,62535000,23308
1,4169,62535000,62535000,407,678,62550000,23314
1,417,6255000,6255000,407,678,6270000,2332
1,4170,62550000,62550000,407,678,62565000,23321
1,4171,62565000,62565000,407,678,62580000,23325
1,4172,62580000,62580000,407,678,62595000,23331
1,4173,62595000,62595000,407,678,62610000,23337
1,4174,62610000,62610000,407,678,62625000,23342
1,4175,62625000,62625000,407,678,62640000,23346
1,4176,62640000,62640000,407,678,62655000,23356
1,4177,62655000,62655000,407,678,62670000,23359
1,4178,62670000,62670000,407,678,62685000,23364
1,4179,62685000,62685000,407,678,62700000,23369
1,418,6270000,6270000,407,678,6285000,2338
1,4180,62700000,62700000,407,678,62715000,23375
1,4181,62715000,62715000,407,678,62730000,23383
1,4182,62730000,62730000,407,678,62745000,23386
1,4183,62745000,62745000,407,678,62760000,23394
1,4184,62760000,62760000,407,678,62775000,23398
1,4185,62775000,62775000,407,678,62790000,23402
1,4186,62790000,62790000,407,678,62805000,23411
1,4187,62805000,62805000,407,678,62820000,23415
1,4188,62820000,62820000,407,678,62835000,23421
1,4189,62835000,62835000,407,678,62850000,23425
1,419,6285000,6285000,407,678,6300000,2341
1,4190,62850000,62850000,407,678,62865000,23432
1,4191,62865000,62865000,407,678,62880000,23437
1,4192,62880000,62880000,407,678,62895000,23442
1,4193,62895000,62895000,407,678,62910000,23449
1,4194,62910000,62910000,407,678,62925000,23454
1,4195,62925000,62925000,407,678,62940000,23460
1,4196,62940000,62940000,407,678,62955000,23465
1,4197,62955000,62955000,407,678,62970000,23472
1,4198,62970000,62970000,407,678,62985000,23477
1,4199,62985000,62985000,407,678,63000000,23480
1,42,630000,630000,407,678,645000,235
1,420,6300000,6300000,407,678,6315000,2348
1,4200,63000000,63000000,407,678,63015000,23488
1,4201,63015000,63015000,407,678,63030000,23492
1,4202,63030000,63030000,407,678,63045000,23500
1,4203,63045000,63045000,407,678,63060000,23505
1,4204,63060000,63060000,407,678,63075000,23510
1,4205,63075000,63075000,407,678,63090000,23516
1,4206,63090000,63090000,407,678,63105000,23521
1,4207,63105000,63105000,407,678,63120000,23526
1,4208,63120000,63120000,407,678,63135000,23532
1,4209,63135000,63135000,407,678,63150000,23538
1,421,6315000,6315000,407,678,6330000,2355
1,4210,63150000,63150000,407,678,63165000,23544
1,4211,63165000,63165000,407,678,63180000,23550
1,4212,63180000,63180000,407,678,63195000,23553
1,4213,63195000,63195000,407,678,63210000,23561
1,4214,63210000,63210000,407,678,63225000,23566
1,4215,63225000,63225000,407,678,63240000,23570
1,4216,63240000,63240000,407,678,63255000,23579
1,4217,63255000,63255000,407,678,63270000,23582
1,4218,63270000,63270000,407,678,63285000,23590
1,4219,63285000,63285000,407,678,63300000,23593
1,422,6330000,6330000,407,678,6345000,2360
1,4220,63300000,63300000,407,678,63315000,23599
1,4221,63315000,63315000,407,678,63330000,23606
1,4222,63330000,63330000,407,678,63345000,23609
1,4223,63345000,63345000,407,678,63360000,23616
1,4224,63360000,63360000,407,678,63375000,23622
1,4225,63375000,63375000,407,678,63390000,23628
1,4226,63390000,63390000,407,678,63405000,23634
1,4227,63405000,63405000,407,678,63420000,23638
1,4228,63420000,63420000,407,678,63435000,23644
1,4229,63435000,63435000,407,678,63450000,23649
1,423,6345000,6345000,407,678,6360000,2365
1,4230,63450000,63450000,407,678,63465000,23656
1,4231,63465000,63465000,407,678,63480000,23661
1,4232,63480000,63480000,407,678,63495000,23667
1,4233,63495000,63495000,407,678,63510000,23672
1,4234,63510000,63510000,407,678,63525000,23677
1,4235,63525000,63525000,407,678,63540000,23684
1,4236,63540000,63540000,407,678,63555000,23689
1,4237,63555000,63555000,407,678,63570000,23695
1,4238,63570000,63570000,407,678,63585000,23700
1,4239,63585000,63585000,407,678,63600000,23705
1,424,6360000,6360000,407,678,6375000,2371
1,4240,63600000,63600000,407,678,63615000,23712
1,4241,63615000,63615000,407,678,63630000,23716
1,4242,63630000,63630000,407,678,63645000,23723
1,4243,63645000,63645000,407,678,63660000,23728
1,4244,63660000,63660000,407,678,63675000,23733
1,4245,63675000,63675000,407,678,63690000,23739
1,4246,63690000,63690000,407,678,63705000,23747
1,4247,63705000,63705000,407,678,63720000,23750
1,4248,63720000,63720000,407,678,63735000,23755
1,4249,63735000,63735000,407,678,63750000,23761
1,425,6375000,6375000,407,678,6390000,2376
1,4250,63750000,63750000,407,678,63765000,23768
1,4251,63765000,63765000,407,678,63780000,23774
1,4252,63780000,63780000,407,678,63795000,23777
1,4253,63795000,63795000,407,678,63810000,23786
1,4254,63810000,63810000,407,678,63825000,23789
1,4255,63825000,63825000,407,678,63840000,23793
1,4256,63840000,63840000,407,678,63855000,23802
1,4257,63855000,63855000,407,678,63870000,23806
1,4258,63870000,63870000,407,678,63885000,23813
1,4259,63885000,63885000,407,678,63900000,23816
1,426,6390000,6390000,407,678,6405000,2383
1,4260,63900000,63900000,407,678,63915000,23824
1,4261,63915000,63915000,407,678,63930000,23830
1,4262,63930000,63930000,407,678,63945000,23833
1,4263,63945000,63945000,407,678,63960000,23840
1,4264,63960000,63960000,407,678,63975000,23845
1,4265,63975000,63975000,407,678,63990000,23851
1,4266,63990000,63990000,407,678,64005000,23858
1,4267,64005000,64005000,407,678,64020000,23863
1,4268,64020000,64020000,407,678,64035000,23868
1,4269,64035000,64035000,407,678,64050000,23872
1,427,6405000,6405000,407,678,6420000,2388
1,4270,64050000,64050000,407,678,64065000,23879
1,4271,64065000,64065000,407,678,64080000,23884
1,4272,64080000,64080000,407,678,64095000,23891
1,4273,64095000,64095000,407,678,64110000,23896
1,4274,64110000,64110000,407,678,64125000,23902
1,4275,64125000,64125000,407,678,64140000,23907
1,4276,64140000,64140000,407,678,64155000,23912
1,4277,64155000,64155000,407,678,64170000,23919
1,4278,64170000,64170000,407,678,64185000,23923
1,4279,64185000,64185000,407,678,64200000,23929
1,428,6420000,6420000,407,678,6435000,2392
1,4280,64200000,64200000,407,678,64215000,23935
1,4281,64215000,64215000,407,678,64230000,23941
1,4282,64230000,64230000,407,678,64245000,23947
1,4283,64245000,64245000,407,678,64260000,23952
1,4284,64260000,64260000,407,678,64275000,23957
1,4285,64275000,64275000,407,678,64290000,23962
1,4286,64290000,64290000,407,678,64305000,23970
1,4287,64305000,64305000,407,678,64320000,23973
1,4288,64320000,64320000,407,678,64335000,23981
1,4289,64335000,64335000,407,678,64350000,23984
1,429,6435000,6435000,407,678,6450000,2399
1,4290,64350000,64350000,407,678,64365000,23991
1,4291,64365000,64365000,407,678,64380000,23997
1,4292,64380000,64380000,407,678,64395000,24000
1,4293,64395000,64395000,407,678,64410000,24010
1,4294,64410000,64410000,407,678,64425000,24013
1,4295,64425000,64425000,407,678,64440000,24019
1,4296,64440000,64440000,407,678,64455000,24025
1,4297,64455000,64455000,407,678,64470000,24029
1,4298,64470000,64470000,407,678,64485000,24037
1,4299,64485000,64485000,407,678,64500000,24040
1,43,645000,645000,407,678,660000,240
1,430,6450000,6450000,407,678,6465000,2404
1,4300,64500000,64500000,407,678,64515000,24047
1,4301,64515000,64515000,407,678,64530000,24053
1,4302,64530000,64530000,407,678,64545000,24058
1,4303,64545000,64545000,407,678,64560000,24063
1,4304,64560000,64560000,407,678,64575000,24069
1,4305,64575000,64575000,407,678,64590000,24075
1,4306,64590000,64590000,407,678,64605000,24081
1,4307,64605000,64605000,407,678,64620000,24086
1,4308,64620000,64620000,407,678,64635000,24091
1,4309,64635000,64635000,407,678,64650000,24098
1,431,6465000,6465000,407,678,6480000,2410
1,4310,64650000,64650000,407,678,64665000,24103
1,4311,64665000,64665000,407,678,64680000,24107
1,4312,64680000,64680000,407,678,64695000,24114
1,4313,64695000,64695000,407,678,64710000,24119
1,4314,64710000,64710000,407,678,64725000,24126
1,4315,64725000,64725000,407,678,64740000,24131
1,4316,64740000,64740000,407,678,64755000,24138
1,4317,64755000,64755000,407,678,64770000,24142
1,4318,64770000,64770000,407,678,64785000,24146
1,4319,64785000,64785000,407,678,64800000,24152
1,432,6480000,6480000,407,678,6495000,2416
1,4320,64800000,64800000,407,678,64815000,24159
1,4321,64815000,64815000,407,678,64830000,24165
1,4322,64830000,64830000,407,678,64845000,24169
1,4323,64845000,64845000,407,678,64860000,24177
1,4324,64860000,64860000,407,678,64875000,24180
1,4325,64875000,64875000,407,678,64890000,24186
1,4326,64890000,64890000,407,678,64905000,24194
1,4327,64905000,64905000,407,678,64920000,24197
1,4328,64920000,64920000,407,678,64935000,24204
1,4329,64935000,64935000,407,678,64950000,24207
1,433,6495000,6495000,407,678,6510000,2421
1,4330,64950000,64950000,407,678,64965000,24217
1,4331,64965000,64965000,407,678,64980000,24221
1,4332,64980000,64980000,407,678,64995000,24224
1,4333,64995000,64995000,407,678,65010000,24232
1,4334,65010000,65010000,407,678,65025000,24236
1,4335,65025000,65025000,407,678,65040000,24242
1,4336,65040000,65040000,407,678,65055000,24249
1,4337,65055000,65055000,407,678,65070000,24255
1,4338,65070000,65070000,407,678,65085000,24260
1,4339,65085000,65085000,407,678,65100000,24263
1,434,6510000,6510000,407,678,6525000,2427
1,4340,65100000,65100000,407,678,65115000,24270
1,4341,65115000,65115000,407,678,65130000,24277
1,4342,65130000,65130000,407,678,65145000,24282
1,4343,65145000,65145000,407,678,65160000,24287
1,4344,65160000,65160000,407,678,65175000,24293
1,4345,65175000,65175000,407,678,65190000,24298
1,4346,65190000,65190000,407,678,65205000,24305
1,4347,65205000,65205000,407,678,65220000,24310
1,4348,65220000,65220000,407,678,65235000,24315
1,4349,65235000,65235000,407,678,65250000,24321
1,435,6525000,6525000,407,678,6540000,2431
1,4350,65250000,65250000,407,678,65265000,24326
1,4351,65265000,65265000,407,678,65280000,24332
1,4352,65280000,65280000,407,678,65295000,24338
1,4353,65295000,65295000,407,678,65310000,24343
1,4354,65310000,65310000,407,678,65325000,24349
1,4355,65325000,65325000,407,678,65340000,24353
1,4356,65340000,65340000,407,678,65355000,24361
1,4357,65355000,65355000,407,678,65370000,24366
1,4358,65370000,65370000,407,678,65385000,24372
1,4359,65385000,65385000,407,678,65400000,24376
1,436,6540000,6540000,407,678,6555000,2439
1,4360,65400000,65400000,407,678,65415000,24382
1,4361,65415000,65415000,407,678,65430000,24388
1,4362,65430000,65430000,407,678,65445000,24393
1,4363,65445000,65445000,407,678,65460000,24401
1,4364,65460000,65460000,407,678,65475000,24404
1,4365,65475000,65475000,407,678,65490000,24411
1,4366,65490000,65490000,407,678,65505000,24416
1,4367,65505000,65505000,407,678,65520000,24420
1,4368,65520000,65520000,407,678,65535000,24428
1,4369,65535000,65535000,407,678,65550000,24431
1,437,6555000,6555000,407,678,6570000,2444
1,4370,65550000,65550000,407,678,65565000,24440
1,4371,65565000,65565000,407,678,65580000,24444
1,4372,65580000,65580000,407,678,65595000,24449
1,4373,65595000,65595000,407,678,65610000,24456
1,4374,65610000,65610000,407,678,65625000,24460
1,4375,65625000,65625000,407,678,65640000,24466
1,4376,65640000,65640000,407,678,65655000,24472
1,4377,65655000,65655000,407,678,65670000,24477
1,4378,65670000,65670000,407,678,65685000,24484
1,4379,65685000,65685000,407,678,65700000,24489
1,438,6570000,6570000,407,678,6585000,2450
1,4380,65700000,65700000,407,678,65715000,24494
1,4381,65715000,65715000,407,678,65730000,24500
1,4382,65730000,65730000,407,678,65745000,24505
1,4383,65745000,65745000,407,678,65760000,24510
1,4384,65760000,65760000,407,678,65775000,24517
1,4385,65775000,65775000,407,678,65790000,24522
1,4386,65790000,65790000,407,678,65805000,24530
1,4387,65805000,65805000,407,678,65820000,24533
1,4388,65820000,65820000,407,678,65835000,24537
1,4389,65835000,65835000,407,678,65850000,24545
1,439,6585000,6585000,407,678,6600000,2453
1,4390,65850000,65850000,407,678,65865000,24550
1,4391,65865000,65865000,407,678,65880000,24556
1,4392,65880000,65880000,407,678,65895000,24561
1,4393,65895000,65895000,407,678,65910000,24568
1,4394,65910000,65910000,407,678,65925000,24573
1,4395,65925000,65925000,407,678,65940000,24577
1,4396,65940000,65940000,407,678,65955000,24585
1,4397,65955000,65955000,407,678,65970000,24589
1,4398,65970000,65970000,407,678,65985000,24595
1,4399,65985000,65985000,407,678,66000000,24598
1,44,660000,660000,407,678,675000,246
1,440,6600000,6600000,407,678,6615000,2460
1,4400,66000000,66000000,407,678,66015000,24608
1,4401,66015000,66015000,407,678,66030000,24612
1,4402,66030000,66030000,407,678,66045000,24616
1,4403,66045000,66045000,407,678,66060000,24624
1,4404,66060000,66060000,407,678,66075000,24627
1,4405,66075000,66075000,407,678,66090000,24635
1,4406,66090000,66090000,407,678,66105000,24640
1,4407,66105000,66105000,407,678,66120000,24646
1,4408,66120000,66120000,407,678,66135000,24651
1,4409,66135000,66135000,407,678,66150000,24654
1,441,6615000,6615000,407,678,6630000,2466
1,4410,66150000,66150000,407,678,66165000,24663
1,4411,66165000,66165000,407,678,66180000,24668
1,4412,66180000,66180000,407,678,66195000,24673
1,4413,66195000,66195000,407,678,66210000,24679
1,4414,66210000,66210000,407,678,66225000,24685
1,4415,66225000,66225000,407,678,66240000,24689
1,4416,66240000,66240000,407,678,66255000,24696
1,4417,66255000,66255000,407,678,66270000,24701
1,4418,66270000,66270000,407,678,66285000,24707
1,4419,66285000,66285000,407,678,66300000,24712
1,442,6630000,6630000,407,678,6645000,2471
1,4420,66300000,66300000,407,678,66315000,24717
1,4421,66315000,66315000,407,678,66330000,24725
1,4422,66330000,66330000,407,678,66345000,24729
1,4423,66345000,66345000,407,678,66360000,24734
1,4424,66360000,66360000,407,678,66375000,24740
1,4425,66375000,66375000,407,678,66390000,24745
1,4426,66390000,66390000,407,678,66405000,24754
1,4427,66405000,66405000,407,678,66420000,24757
1,4428,66420000,66420000,407,678,66435000,24763
1,4429,66435000,66435000,407,678,66450000,24768
1,443,6645000,6645000,407,678,6660000,2479
1,4430,66450000,66450000,407,678,66465000,24773
1,4431,66465000,66465000,407,678,66480000,24779
1,4432,66480000,66480000,407,678,66495000,24784
1,4433,66495000,66495000,407,678,66510000,24792
1,4434,66510000,66510000,407,678,66525000,24796
1,4435,66525000,66525000,407,678,66540000,24802
1,4436,66540000,66540000,407,678,66555000,24808
1,4437,66555000,66555000,407,678,66570000,24813
1,4438,66570000,66570000,407,678,66585000,24819
1,4439,66585000,66585000,407,678,66600000,24822
1,444,6660000,6660000,407,678,6675000,2482
1,4440,66600000,66600000,407,678,66615000,24831
1,4441,66615000,66615000,407,678,66630000,24835
1,4442,66630000,66630000,407,678,66645000,24842
1,4443,66645000,66645000,407,678,66660000,24847
1,4444,66660000,66660000,407,678,66675000,24851
1,4445,66675000,66675000,407,678,66690000,24858
1,4446,66690000,66690000,407,678,66705000,24863
1,4447,66705000,66705000,407,678,66720000,24869
1,4448,66720000,66720000,407,678,66735000,24875
1,4449,66735000,66735000,407,678,66750000,24880
1,445,6675000,6675000,407,678,6690000,2489
1,4450,66750000,66750000,407,678,66765000,24886
1,4451,66765000,66765000,407,678,66780000,24891
1,4452,66780000,66780000,407,678,66795000,24896
1,4453,66795000,66795000,407,678,66810000,24903
1,4454,66810000,66810000,407,678,66825000,24908
1,4455,66825000,66825000,407,678,66840000,24913
1,4456,66840000,66840000,407,678,66855000,24921
1,4457,66855000,66855000,407,678,66870000,24924
1,4458,66870000,66870000,407,678,66885000,24931
1,4459,66885000,66885000,407,678,66900000,24936
1,446,6690000,6690000,407,678,6705000,2494
1,4460,66900000,66900000,407,678,66915000,24941
1,4461,66915000,66915000,407,678,66930000,24948
1,4462,66930000,66930000,407,678,66945000,24952
1,4463,66945000,66945000,407,678,66960000,24959
1,4464,66960000,66960000,407,678,66975000,24964
1,4465,66975000,66975000,407,678,66990000,24968
1,4466,66990000,66990000,407,678,67005000,24977
1,4467,67005000,67005000,407,678,67020000,24980
1,4468,67020000,67020000,407,678,67035000,24986
1,4469,67035000,67035000,407,678,67050000,24992
1,447,6705000,6705000,407,678,6720000,2498
1,4470,67050000,67050000,407,678,67065000,24999
1,4471,67065000,67065000,407,678,67080000,25003
1,4472,67080000,67080000,407,678,67095000,25007
1,4473,67095000,67095000,407,678,67110000,25015
1,4474,67110000,67110000,407,678,67125000,25020
1,4475,67125000,67125000,407,678,67140000,25026
1,4476,67140000,67140000,407,678,67155000,25031
1,4477,67155000,67155000,407,678,67170000,25038
1,4478,67170000,67170000,407,678,67185000,25042
1,4479,67185000,67185000,407,678,67200000,25045
1,448,6720000,6720000,407,678,6735000,2506
1,4480,67200000,67200000,407,678,67215000,25055
1,4481,67215000,67215000,407,678,67230000,25059
1,4482,67230000,67230000,407,678,67245000,25065
1,4483,67245000,67245000,407,678,67260000,25070
1,4484,67260000,67260000,407,678,67275000,25076
1,4485,67275000,67275000,407,678,67290000,25082
1,4486,67290000,67290000,407,678,67305000,25087
1,4487,67305000,67305000,407,678,67320000,25092
1,4488,67320000,67320000,407,678,67335000,25098
1,4489,67335000,67335000,407,678,67350000,25103
1,449,6735000,6735000,407,678,6750000,2509
1,4490,67350000,67350000,407,678,67365000,25110
1,4491,67365000,67365000,407,678,67380000,25117
1,4492,67380000,67380000,407,678,67395000,25120
1,4493,67395000,67395000,407,678,67410000,25126
1,4494,67410000,67410000,407,678,67425000,25131
1,4495,67425000,67425000,407,678,67440000,25136
1,4496,67440000,67440000,407,678,67455000,25145
1,4497,67455000,67455000,407,678,67470000,25148
1,4498,67470000,67470000,407,678,67485000,25155
1,4499,67485000,67485000,407,678,67500000,25159
1,45,675000,675000,407,678,690000,251
1,450,6750000,6750000,407,678,6765000,2517
1,4500,67500000,67500000,407,678,67515000,25164
1,4501,67515000,67515000,407,678,67530000,25172
1,4502,67530000,67530000,407,678,67545000,25176
1,4503,67545000,67545000,407,678,67560000,25183
1,4504,67560000,67560000,407,678,67575000,25187
1,4505,67575000,67575000,407,678,67590000,25193
1,4506,67590000,67590000,407,678,67605000,25201
1,4507,67605000,67605000,407,678,67620000,25204
1,4508,67620000,67620000,407,678,67635000,25210
1,4509,67635000,67635000,407,678,67650000,25214
1,451,6765000,6765000,407,678,6780000,2522
1,4510,67650000,67650000,407,678,67665000,25222
1,4511,67665000,67665000,407,678,67680000,25226
1,4512,67680000,67680000,407,678,67695000,25233
1,4513,67695000,67695000,407,678,67710000,25239
1,4514,67710000,67710000,407,678,67725000,25243
1,4515,67725000,67725000,407,678,67740000,25249
1,4516,67740000,67740000,407,678,67755000,25254
1,4517,67755000,67755000,407,678,67770000,25262
1,4518,67770000,67770000,407,678,67785000,25266
1,4519,67785000,67785000,407,678,67800000,25271
1,452,6780000,6780000,407,678,6795000,2527
1,4520,67800000,67800000,407,678,67815000,25277
1,4521,67815000,67815000,407,678,67830000,25282
1,4522,67830000,67830000,407,678,67845000,25289
1,4523,67845000,67845000,407,678,67860000,25294
1,4524,67860000,67860000,407,678,67875000,25300
1,4525,67875000,67875000,407,678,67890000,25305
1,4526,67890000,67890000,407,678,67905000,25312
1,4527,67905000,67905000,407,678,67920000,25315
1,4528,67920000,67920000,407,678,67935000,25322
1,4529,67935000,67935000,407,678,67950000,25327
1,453,6795000,6795000,407,678,6810000,2534
1,4530,67950000,67950000,407,678,67965000,25333
1,4531,67965000,67965000,407,678,67980000,25339
1,4532,67980000,67980000,407,678,67995000,25343
1,4533,67995000,67995000,407,678,68010000,25352
1,4534,68010000,68010000,407,678,68025000,25355
1,4535,68025000,68025000,407,678,68040000,25360
1,4536,68040000,68040000,407,678,68055000,25368
1,4537,68055000,68055000,407,678,68070000,25371
1,4538,68070000,68070000,407,678,68085000,25379
1,4539,68085000,68085000,407,678,68100000,25383
1,454,6810000,6810000,407,678,6825000,2538
1,4540,68100000,68100000,407,678,68115000,25390
1,4541,68115000,68115000,407,678,68130000,25395
1,4542,68130000,68130000,407,678,68145000,25398
1,4543,68145000,68145000,407,678,68160000,25406
1,4544,68160000,68160000,407,678,68175000,25411
1,4545,68175000,68175000,407,678,68190000,25417
1,4546,68190000,68190000,407,678,68205000,25424
1,4547,68205000,68205000,407,678,68220000,25429
1,4548,68220000,68220000,407,678,68235000,25433
1,4549,68235000,68235000,407,678,68250000,25438
1,455,6825000,6825000,407,678,6840000,2544
1,4550,68250000,68250000,407,678,68265000,25446
1,4551,68265000,68265000,407,678,68280000,25450
1,4552,68280000,68280000,407,678,68295000,25456
1,4553,68295000,68295000,407,678,68310000,25461
1,4554,68310000,68310000,407,678,68325000,25469
1,4555,68325000,68325000,407,678,68340000,25473
1,4556,68340000,68340000,407,678,68355000,25478
1,4557,68355000,68355000,407,678,68370000,25485
1,4558,68370000,68370000,407,678,68385000,25489
1,4559,68385000,68385000,407,678,68400000,25494
1,456,6840000,6840000,407,678,6855000,2550
1,4560,68400000,68400000,407,678,68415000,25501
1,4561,68415000,68415000,407,678,68430000,25508
1,4562,68430000,68430000,407,678,68445000,25512
1,4563,68445000,68445000,407,678,68460000,25517
1,4564,68460000,68460000,407,678,68475000,25522
1,4565,68475000,68475000,407,678,68490000,25529
1,4566,68490000,68490000,407,678,68505000,25536
1,4567,68505000,68505000,407,678,68520000,25539
1,4568,68520000,68520000,407,678,68535000,25547
1,4569,68535000,68535000,407,678,68550000,25550
1,457,6855000,6855000,407,678,6870000,2555
1,4570,68550000,68550000,407,678,68565000,25557
1,4571,68565000,68565000,407,678,68580000,25563
1,4572,68580000,68580000,407,678,68595000,25567
1,4573,68595000,68595000,407,678,68610000,25575
1,4574,68610000,68610000,407,678,68625000,25578
1,4575,68625000,68625000,407,678,68640000,25584
1,4576,68640000,68640000,407,678,68655000,25592
1,4577,68655000,68655000,407,678,68670000,25595
1,4578,68670000,68670000,407,678,68685000,25602
1,4579,68685000,68685000,407,678,68700000,25606
1,458,6870000,6870000,407,678,6885000,2562
1,4580,68700000,68700000,407,678,68715000,25613
1,4581,68715000,68715000,407,678,68730000,25619
1,4582,68730000,68730000,407,678,68745000,25624
1,4583,68745000,68745000,407,678,68760000,25630
1,4584,68760000,68760000,407,678,68775000,25634
1,4585,68775000,68775000,407,678,68790000,25640
1,4586,68790000,68790000,407,678,68805000,25647
1,4587,68805000,68805000,407,678,68820000,25653
1,4588,68820000,68820000,407,678,68835000,25657
1,4589,68835000,68835000,407,678,68850000,25663
1,459,6885000,6885000,407,678,6900000,2567
1,4590,68850000,68850000,407,678,68865000,25669
1,4591,68865000,68865000,407,678,68880000,25673
1,4592,68880000,68880000,407,678,68895000,25680
1,4593,68895000,68895000,407,678,68910000,25685
1,4594,68910000,68910000,407,678,68925000,25692
1,4595,68925000,68925000,407,678,68940000,25696
1,4596,68940000,68940000,407,678,68955000,25703
1,4597,68955000,68955000,407,678,68970000,25708
1,4598,68970000,68970000,407,678,68985000,25713
1,4599,68985000,68985000,407,678,69000000,25718
1,46,690000,690000,407,678,705000,258
1,460,6900000,6900000,407,678,6915000,2572
1,4600,69000000,69000000,407,678,69015000,25724
1,4601,69015000,69015000,407,678,69030000,25731
1,4602,69030000,69030000,407,678,69045000,25736
1,4603,69045000,69045000,407,678,69060000,25743
1,4604,69060000,69060000,407,678,69075000,25746
1,4605,69075000,69075000,407,678,69090000,25752
1,4606,69090000,69090000,407,678,69105000,25759
1,4607,69105000,69105000,407,678,69120000,25762
1,4608,69120000,69120000,407,678,69135000,25770
1,4609,69135000,69135000,407,678,69150000,25774
1,461,6915000,6915000,407,678,6930000,2577
1,4610,69150000,69150000,407,678,69165000,25782
1,4611,69165000,69165000,407,678,69180000,25786
1,4612,69180000,69180000,407,678,69195000,25790
1,4613,69195000,69195000,407,678,69210000,25799
1,4614,69210000,69210000,407,678,69225000,25802
1,4615,69225000,69225000,407,678,69240000,25808
1,4616,69240000,69240000,407,678,69255000,25815
1,4617,69255000,69255000,407,678,69270000,25820
1,4618,69270000,69270000,407,678,69285000,25826
1,4619,69285000,69285000,407,678,69300000,25829
1,462,6930000,6930000,407,678,6945000,2583
1,4620,69300000,69300000,407,678,69315000,25837
1,4621,69315000,69315000,407,678,69330000,25842
1,4622,69330000,69330000,407,678,69345000,25847
1,4623,69345000,69345000,407,678,69360000,25853
1,4624,69360000,69360000,407,678,69375000,25860
1,4625,69375000,69375000,407,678,69390000,25864
1,4626,69390000,69390000,407,678,69405000,25870
1,4627,69405000,69405000,407,678,69420000,25876
1,4628,69420000,69420000,407,678,69435000,25880
1,4629,69435000,69435000,407,678,69450000,25887
1,463,6945000,6945000,407,678,6960000,2588
1,4630,69450000,69450000,407,678,69465000,25892
1,4631,69465000,69465000,407,678,69480000,25899
1,4632,69480000,69480000,407,678,69495000,25903
1,4633,69495000,69495000,407,678,69510000,25908
1,4634,69510000,69510000,407,678,69525000,25916
1,4635,69525000,69525000,407,678,69540000,25920
1,4636,69540000,69540000,407,678,69555000,25927
1,4637,69555000,69555000,407,678,69570000,25931
1,4638,69570000,69570000,407,678,69585000,25938
1,4639,69585000,69585000,407,678,69600000,25941
1,464,6960000,6960000,407,678,6975000,2595
1,4640,69600000,69600000,407,678,69615000,25948
1,4641,69615000,69615000,407,678,69630000,25954
1,4642,69630000,69630000,407,678,69645000,25959
1,4643,69645000,69645000,407,678,69660000,25966
1,4644,69660000,69660000,407,678,69675000,25969
1,4645,69675000,69675000,407,678,69690000,25978
1,4646,69690000,69690000,407,678,69705000,25983
1,4647,69705000,69705000,407,678,69720000,25986
1,4648,69720000,69720000,407,678,69735000,25993
1,4649,69735000,69735000,407,678,69750000,25997
1,465,6975000,6975000,407,678,6990000,2600
1,4650,69750000,69750000,407,678,69765000,26006
1,4651,69765000,69765000,407,678,69780000,26010
1,4652,69780000,69780000,407,678,69795000,26015
1,4653,69795000,69795000,407,678,69810000,26022
1,4654,69810000,69810000,407,678,69825000,26025
1,4655,69825000,69825000,407,678,69840000,26031
1,4656,69840000,69840000,407,678,69855000,26039
1,4657,69855000,69855000,407,678,69870000,26044
1,4658,69870000,69870000,407,678,69885000,26049
1,4659,69885000,69885000,407,678,69900000,26054
1,466,6990000,6990000,407,678,7005000,2608
1,4660,69900000,69900000,407,678,69915000,26060
1,4661,69915000,69915000,407,678,69930000,26066
1,4662,69930000,69930000,407,678,69945000,26071
1,4663,69945000,69945000,407,678,69960000,26076
1,4664,69960000,69960000,407,678,69975000,26083
1,4665,69975000,69975000,407,678,69990000,26087
1,4666,69990000,69990000,407,678,70005000,26096
1,4667,70005000,70005000,407,678,70020000,26100
1,4668,70020000,70020000,407,678,70035000,26104
1,4669,70035000,70035000,407,678,70050000,26110
1,467,7005000,7005000,407,678,7020000,2611
1,4670,70050000,70050000,407,678,70065000,26115
1,4671,70065000,70065000,407,678,70080000,26122
1,4672,70080000,70080000,407,678,70095000,26127
1,4673,70095000,70095000,407,678,70110000,26134
1,4674,70110000,70110000,407,678,70125000,26138
1,4675,70125000,70125000,407,678,70140000,26143
1,4676,70140000,70140000,407,678,70155000,26150
1,4677,70155000,70155000,407,678,70170000,26155
1,4678,70170000,70170000,407,678,70185000,26162
1,4679,70185000,70185000,407,678,70200000,26165
1,468,7020000,7020000,407,678,7035000,2615
1,4680,70200000,70200000,407,678,70215000,26173
1,4681,70215000,70215000,407,678,70230000,26177
1,4682,70230000,70230000,407,678,70245000,26183
1,4683,70245000,70245000,407,678,70260000,26190
1,4684,70260000,70260000,407,678,70275000,26193
1,4685,70275000,70275000,407,678,70290000,26200
1,4686,70290000,70290000,407,678,70305000,26206
1,4687,70305000,70305000,407,678,70320000,26211
1,4688,70320000,70320000,407,678,70335000,26217
1,4689,70335000,70335000,407,678,70350000,26221
1,469,7035000,7035000,407,678,7050000,2623
1,4690,70350000,70350000,407,678,70365000,26229
1,4691,70365000,70365000,407,678,70380000,26233
1,4692,70380000,70380000,407,678,70395000,26238
1,4693,70395000,70395000,407,678,70410000,26246
1,4694,70410000,70410000,407,678,70425000,26251
1,4695,70425000,70425000,407,678,70440000,26255
1,4696,70440000,70440000,407,678,70455000,26261
1,4697,70455000,70455000,407,678,70470000,26267
1,4698,70470000,70470000,407,678,70485000,26273
1,4699,70485000,70485000,407,678,70500000,26278
1,47,705000,705000,407,678,720000,262
1,470,7050000,7050000,407,678,7065000,2628
1,4700,70500000,70500000,407,678,70515000,26284
1,4701,70515000,70515000,407,678,70530000,26291
1,4702,70530000,70530000,407,678,70545000,26294
1,4703,70545000,70545000,407,678,70560000,26299
1,4704,70560000,70560000,407,678,70575000,26307
1,4705,70575000,70575000,407,678,70590000,26311
1,4706,70590000,70590000,407,678,70605000,26319
1,4707,70605000,70605000,407,678,70620000,26322
1,4708,70620000,70620000,407,678,70635000,26329
1,4709,70635000,70635000,407,678,70650000,26334
1,471,7065000,7065000,407,678,7080000,2634
1,4710,70650000,70650000,407,678,70665000,26339
1,4711,70665000,70665000,407,678,70680000,26346
1,4712,70680000,70680000,407,678,70695000,26350
1,4713,70695000,70695000,407,678,70710000,26357
1,4714,70710000,70710000,407,678,70725000,26362
1,4715,70725000,70725000,407,678,70740000,26369
1,4716,70740000,70740000,407,678,70755000,26374
1,4717,70755000,70755000,407,678,70770000,26378
1,4718,70770000,70770000,407,678,70785000,26384
1,4719,70785000,70785000,407,678,70800000,26388
1,472,7080000,7080000,407,678,7095000,2638
1,4720,70800000,70800000,407,678,70815000,26397
1,4721,70815000,70815000,407,678,70830000,26401
1,4722,70830000,70830000,407,678,70845000,26408
1,4723,70845000,70845000,407,678,70860000,26413
1,4724,70860000,70860000,407,678,70875000,26416
1,4725,70875000,70875000,407,678,70890000,26424
1,4726,70890000,70890000,407,678,70905000,26430
1,4727,70905000,70905000,407,678,70920000,26435
1,4728,70920000,70920000,407,678,70935000,26440
1,4729,70935000,70935000,407,678,70950000,26445
1,473,7095000,7095000,407,678,7110000,2646
1,4730,70950000,70950000,407,678,70965000,26453
1,4731,70965000,70965000,407,678,70980000,26457
1,4732,70980000,70980000,407,678,70995000,26462
1,4733,70995000,70995000,407,678,71010000,26469
1,4734,71010000,71010000,407,678,71025000,26474
1,4735,71025000,71025000,407,678,71040000,26478
1,4736,71040000,71040000,407,678,71055000,26487
1,4737,71055000,71055000,407,678,71070000,26491
1,4738,71070000,71070000,407,678,71085000,26496
1,4739,71085000,71085000,407,678,71100000,26501
1,474,7110000,7110000,407,678,7125000,2651
1,4740,71100000,71100000,407,678,71115000,26506
1,4741,71115000,71115000,407,678,71130000,26515
1,4742,71130000,71130000,407,678,71145000,26518
1,4743,71145000,71145000,407,678,71160000,26525
1,4744,71160000,71160000,407,678,71175000,26530
1,4745,71175000,71175000,407,678,71190000,26534
1,4746,71190000,71190000,407,678,71205000,26543
1,4747,71205000,71205000,407,678,71220000,26546
1,4748,71220000,71220000,407,678,71235000,26553
1,4749,71235000,71235000,407,678,71250000,26557
1,475,7125000,7125000,407,678,7140000,2655
1,4750,71250000,71250000,407,678,71265000,26564
1,4751,71265000,71265000,407,678,71280000,26568
1,4752,71280000,71280000,407,678,71295000,26574
1,4753,71295000,71295000,407,678,71310000,26581
1,4754,71310000,71310000,407,678,71325000,26585
1,4755,71325000,71325000,407,678,71340000,26592
1,4756,71340000,71340000,407,678,71355000,26597
1,4757,71355000,71355000,407,678,71370000,26604
1,4758,71370000,71370000,407,678,71385000,26608
1,4759,71385000,71385000,407,678,71400000,26612
1,476,7140000,7140000,407,678,7155000,2663
1,4760,71400000,71400000,407,678,71415000,26620
1,4761,71415000,71415000,407,678,71430000,26624
1,4762,71430000,71430000,407,678,71445000,26631
1,4763,71445000,71445000,407,678,71460000,26637
1,4764,71460000,71460000,407,678,71475000,26642
1,4765,71475000,71475000,407,678,71490000,26647
1,4766,71490000,71490000,407,678,71505000,26653
1,4767,71505000,71505000,407,678,71520000,26658
1,4768,71520000,71520000,407,678,71535000,26664
1,4769,71535000,71535000,407,678,71550000,26669
1,477,7155000,7155000,407,678,7170000,2667
1,4770,71550000,71550000,407,678,71565000,26676
1,4771,71565000,71565000,407,678,71580000,26682
1,4772,71580000,71580000,407,678,71595000,26685
1,4773,71595000,71595000,407,678,71610000,26692
1,4774,71610000,71610000,407,678,71625000,26698
1,4775,71625000,71625000,407,678,71640000,26702
1,4776,71640000,71640000,407,678,71655000,26710
1,4777,71655000,71655000,407,678,71670000,26714
1,4778,71670000,71670000,407,678,71685000,26722
1,4779,71685000,71685000,407,678,71700000,26725
1,478,7170000,7170000,407,678,7185000,2673
1,4780,71700000,71700000,407,678,71715000,26730
1,4781,71715000,71715000,407,678,71730000,26738
1,4782,71730000,71730000,407,678,71745000,26741
1,4783,71745000,71745000,407,678,71760000,26748
1,4784,71760000,71760000,407,678,71775000,26753
1,4785,71775000,71775000,407,678,71790000,26760
1,4786,71790000,71790000,407,678,71805000,26766
1,4787,71805000,71805000,407,678,71820000,26769
1,4788,71820000,71820000,407,678,71835000,26776
1,4789,71835000,71835000,407,678,71850000,26781
1,479,7185000,7185000,407,678,7200000,2676
1,4790,71850000,71850000,407,678,71865000,26788
1,4791,71865000,71865000,407,678,71880000,26792
1,4792,71880000,71880000,407,678,71895000,26799
1,4793,71895000,71895000,407,678,71910000,26804
1,4794,71910000,71910000,407,678,71925000,26809
1,4795,71925000,71925000,407,678,71940000,26815
1,4796,71940000,71940000,407,678,71955000,26821
1,4797,71955000,71955000,407,678,71970000,26827
1,4798,71970000,71970000,407,678,71985000,26831
1,4799,71985000,71985000,407,678,72000000,26837
1,48,720000,720000,407,678,735000,268
1,480,7200000,7200000,407,678,7215000,2686
1,4800,72000000,72000000,407,678,72015000,26844
1,4801,72015000,72015000,407,678,72030000,26848
1,4802,72030000,72030000,407,678,72045000,26854
1,4803,72045000,72045000,407,678,72060000,26860
1,4804,72060000,72060000,407,678,72075000,26865
1,4805,72075000,72075000,407,678,72090000,26871
1,4806,72090000,72090000,407,678,72105000,26878
1,4807,72105000,72105000,407,678,72120000,26882
1,4808,72120000,72120000,407,678,72135000,26887
1,4809,72135000,72135000,407,678,72150000,26892
1,481,7215000,7215000,407,678,7230000,2690
1,4810,72150000,72150000,407,678,72165000,26900
1,4811,72165000,72165000,407,678,72180000,26906
1,4812,72180000,72180000,407,678,72195000,26909
1,4813,72195000,72195000,407,678,72210000,26917
1,4814,72210000,72210000,407,678,72225000,26921
1,4815,72225000,72225000,407,678,72240000,26925
1,4816,72240000,72240000,407,678,72255000,26934
1,4817,72255000,72255000,407,678,72270000,26937
1,4818,72270000,72270000,407,678,72285000,26945
1,4819,72285000,72285000,407,678,72300000,26948
1,482,7230000,7230000,407,678,7245000,2694
1,4820,72300000,72300000,407,678,72315000,26955
1,4821,72315000,72315000,407,678,72330000,26962
1,4822,72330000,72330000,407,678,72345000,26965
1,4823,72345000,72345000,407,678,72360000,26972
1,4824,72360000,72360000,407,678,72375000,26976
1,4825,72375000,72375000,407,678,72390000,26983
1,4826,72390000,72390000,407,678,72405000,26990
1,4827,72405000,72405000,407,678,72420000,26995
1,4828,72420000,72420000,407,678,72435000,26999
1,4829,72435000,72435000,407,678,72450000,27004
1,483,7245000,7245000,407,678,7260000,2701
1,4830,72450000,72450000,407,678,72465000,27011
1,4831,72465000,72465000,407,678,72480000,27015
1,4832,72480000,72480000,407,678,72495000,27023
1,4833,72495000,72495000,407,678,72510000,27028
1,4834,72510000,72510000,407,678,72525000,27034
1,4835,72525000,72525000,407,678,72540000,27038
1,4836,72540000,72540000,407,678,72555000,27044
1,4837,72555000,72555000,407,678,72570000,27051
1,4838,72570000,72570000,407,678,72585000,27055
1,4839,72585000,72585000,407,678,72600000,27060
1,484,7260000,7260000,407,678,7275000,2705
1,4840,72600000,72600000,407,678,72615000,27067
1,4841,72615000,72615000,407,678,72630000,27073
1,4842,72630000,72630000,407,678,72645000,27078
1,4843,72645000,72645000,407,678,72660000,27084
1,4844,72660000,72660000,407,678,72675000,27089
1,4845,72675000,72675000,407,678,72690000,27094
1,4846,72690000,72690000,407,678,72705000,27101
1,4847,72705000,72705000,407,678,72720000,27105
1,4848,72720000,72720000,407,678,72735000,27113
1,4849,72735000,72735000,407,678,72750000,27116
1,485,7275000,7275000,407,678,7290000,2713
1,4850,72750000,72750000,407,678,72765000,27122
1,4851,72765000,72765000,407,678,72780000,27129
1,4852,72780000,72780000,407,678,72795000,27132
1,4853,72795000,72795000,407,678,72810000,27141
1,4854,72810000,72810000,407,678,72825000,27145
1,4855,72825000,72825000,407,678,72840000,27151
1,4856,72840000,72840000,407,678,72855000,27157
1,4857,72855000,72855000,407,678,72870000,27160
1,4858,72870000,72870000,407,678,72885000,27169
1,4859,72885000,72885000,407,678,72900000,27172
1,486,7290000,7290000,407,678,7305000,2718
1,4860,72900000,72900000,407,678,72915000,27179
1,4861,72915000,72915000,407,678,72930000,27184
1,4862,72930000,72930000,407,678,72945000,27190
1,4863,72945000,72945000,407,678,72960000,27195
1,4864,72960000,72960000,407,678,72975000,27200
1,4865,72975000,72975000,407,678,72990000,27207
1,4866,72990000,72990000,407,678,73005000,27213
1,4867,73005000,73005000,407,678,73020000,27218
1,4868,73020000,73020000,407,678,73035000,27222
1,4869,73035000,73035000,407,678,73050000,27230
1,487,7305000,7305000,407,678,7320000,2724
1,4870,73050000,73050000,407,678,73065000,27235
1,4871,73065000,73065000,407,678,73080000,27239
1,4872,73080000,73080000,407,678,73095000,27245
1,4873,73095000,73095000,407,678,73110000,27251
1,4874,73110000,73110000,407,678,73125000,27258
1,4875,73125000,73125000,407,678,73140000,27262
1,4876,73140000,73140000,407,678,73155000,27270
1,4877,73155000,73155000,407,678,73170000,27274
1,4878,73170000,73170000,407,678,73185000,27278
1,4879,73185000,73185000,407,678,73200000,27283
1,488,7320000,7320000,407,678,7335000,2729
1,4880,73200000,73200000,407,678,73215000,27291
1,4881,73215000,73215000,407,678,73230000,27297
1,4882,73230000,73230000,407,678,73245000,27301
1,4883,73245000,73245000,407,678,73260000,27308
1,4884,73260000,73260000,407,678,73275000,27312
1,4885,73275000,73275000,407,678,73290000,27318
1,4886,73290000,73290000,407,678,73305000,27325
1,4887,73305000,73305000,407,678,73320000,27329
1,4888,73320000,73320000,407,678,73335000,27336
1,4889,73335000,73335000,407,678,73350000,27339
1,489,7335000,7335000,407,678,7350000,2732
1,4890,73350000,73350000,407,678,73365000,27348
1,4891,73365000,73365000,407,678,73380000,27353
1,4892,73380000,73380000,407,678,73395000,27356
1,4893,73395000,73395000,407,678,73410000,27364
1,4894,73410000,73410000,407,678,73425000,27367
1,4895,73425000,73425000,407,678,73440000,27374
1,4896,73440000,73440000,407,678,73455000,27381
1,4897,73455000,73455000,407,678,73470000,27386
1,4898,73470000,73470000,407,678,73485000,27392
1,4899,73485000,73485000,407,678,73500000,27395
1,49,735000,735000,407,678,750000,273
1,490,7350000,7350000,407,678,7365000,2741
1,4900,73500000,73500000,407,678,73515000,27402
1,4901,73515000,73515000,407,678,73530000,27408
1,4902,73530000,73530000,407,678,73545000,27414
1,4903,73545000,73545000,407,678,73560000,27419
1,4904,73560000,73560000,407,678,73575000,27425
1,4905,73575000,73575000,407,678,73590000,27429
1,4906,73590000,73590000,407,678,73605000,27437
1,4907,73605000,73605000,407,678,73620000,27442
1,4908,73620000,73620000,407,678,73635000,27446
1,4909,73635000,73635000,407,678,73650000,27453
1,491,7365000,7365000,407,678,7380000,2746
1,4910,73650000,73650000,407,678,73665000,27458
1,4911,73665000,73665000,407,678,73680000,27464
1,4912,73680000,73680000,407,678,73695000,27469
1,4913,73695000,73695000,407,678,73710000,27475
1,4914,73710000,73710000,407,678,73725000,27481
1,4915,73725000,73725000,407,678,73740000,27485
1,4916,73740000,73740000,407,678,73755000,27492
1,4917,73755000,73755000,407,678,73770000,27498
1,4918,73770000,73770000,407,678,73785000,27504
1,4919,73785000,73785000,407,678,73800000,27507
1,492,7380000,7380000,407,678,7395000,2751
1,4920,73800000,73800000,407,678,73815000,27514
1,4921,73815000,73815000,407,678,73830000,27520
1,4922,73830000,73830000,407,678,73845000,27525
1,4923,73845000,73845000,407,678,73860000,27532
1,4924,73860000,73860000,407,678,73875000,27536
1,4925,73875000,73875000,407,678,73890000,27543
1,4926,73890000,73890000,407,678,73905000,27548
1,4927,73905000,73905000,407,678,73920000,27551
1,4928,73920000,73920000,407,678,73935000,27560
1,4929,73935000,73935000,407,678,73950000,27563
1,493,7395000,7395000,407,678,7410000,2757
1,4930,73950000,73950000,407,678,73965000,27571
1,4931,73965000,73965000,407,678,73980000,27576
1,4932,73980000,73980000,407,678,73995000,27581
1,4933,73995000,73995000,407,678,74010000,27588
1,4934,74010000,74010000,407,678,74025000,27591
1,4935,74025000,74025000,407,678,74040000,27598
1,4936,74040000,74040000,407,678,74055000,27604
1,4937,74055000,74055000,407,678,74070000,27609
1,4938,74070000,74070000,407,678,74085000,27615
1,4939,74085000,74085000,407,678,74100000,27621
1,494,7410000,7410000,407,678,7425000,2762
1,4940,74100000,74100000,407,678,74115000,27626
1,4941,74115000,74115000,407,678,74130000,27631
1,4942,74130000,74130000,407,678,74145000,27637
1,4943,74145000,74145000,407,678,74160000,27642
1,4944,74160000,74160000,407,678,74175000,27649
1,4945,74175000,74175000,407,678,74190000,27653
1,4946,74190000,74190000,407,678,74205000,27662
1,4947,74205000,74205000,407,678,74220000,27665
1,4948,74220000,74220000,407,678,74235000,27669
1,4949,74235000,74235000,407,678,74250000,27676
1,495,7425000,7425000,407,678,7440000,2767
1,4950,74250000,74250000,407,678,74265000,27682
1,4951,74265000,74265000,407,678,74280000,27688
1,4952,74280000,74280000,407,678,74295000,27692
1,4953,74295000,74295000,407,678,74310000,27700
1,4954,74310000,74310000,407,678,74325000,27705
1,4955,74325000,74325000,407,678,74340000,27709
1,4956,74340000,74340000,407,678,74355000,27716
1,4957,74355000,74355000,407,678,74370000,27721
1,4958,74370000,74370000,407,678,74385000,27727
1,4959,74385000,74385000,407,678,74400000,27730
1,496,7440000,7440000,407,678,7455000,2774
1,4960,74400000,74400000,407,678,74415000,27739
1,4961,74415000,74415000,407,678,74430000,27744
1,4962,74430000,74430000,407,678,74445000,27748
1,4963,74445000,74445000,407,678,74460000,27755
1,4964,74460000,74460000,407,678,74475000,27759
1,4965,74475000,74475000,407,678,74490000,27767
1,4966,74490000,74490000,407,678,74505000,27772
1,4967,74505000,74505000,407,678,74520000,27777
1,4968,74520000,74520000,407,678,74535000,27783
1,4969,74535000,74535000,407,678,74550000,27786
1,497,7455000,7455000,407,678,7470000,2779
1,4970,74550000,74550000,407,678,74565000,27795
1,4971,74565000,74565000,407,678,74580000,27799
1,4972,74580000,74580000,407,678,74595000,27805
1,4973,74595000,74595000,407,678,74610000,27811
1,4974,74610000,74610000,407,678,74625000,27816
1,4975,74625000,74625000,407,678,74640000,27821
1,4976,74640000,74640000,407,678,74655000,27828
1,4977,74655000,74655000,407,678,74670000,27833
1,4978,74670000,74670000,407,678,74685000,27838
1,4979,74685000,74685000,407,678,74700000,27844
1,498,7470000,7470000,407,678,7485000,2785
1,4980,74700000,74700000,407,678,74715000,27849
1,4981,74715000,74715000,407,678,74730000,27857
1,4982,74730000,74730000,407,678,74745000,27860
1,4983,74745000,74745000,407,678,74760000,27866
1,4984,74760000,74760000,407,678,74775000,27872
1,4985,74775000,74775000,407,678,74790000,27876
1,4986,74790000,74790000,407,678,74805000,27886
1,4987,74805000,74805000,407,678,74820000,27889
1,4988,74820000,74820000,407,678,74835000,27895
1,4989,74835000,74835000,407,678,74850000,27899
1,499,7485000,7485000,407,678,7500000,2790
1,4990,74850000,74850000,407,678,74865000,27905
1,4991,74865000,74865000,407,678,74880000,27911
1,4992,74880000,74880000,407,678,74895000,27916
1,4993,74895000,74895000,407,678,74910000,27923
1,4994,74910000,74910000,407,678,74925000,27928
1,4995,74925000,74925000,407,678,74940000,27934
1,4996,74940000,74940000,407,678,74955000,27939
1,4997,74955000,74955000,407,678,74970000,27945
1,4998,74970000,74970000,407,678,74985000,27951
1,4999,74985000,74985000,407,678,75000000,27954
1,5,75000,75000,407,678,90000,28
1,50,750000,750000,407,678,765000,279
1,500,7500000,7500000,407,678,7515000,2795
1,5000,75000000,75000000,407,678,75015000,27962
1,5001,75015000,75015000,407,678,75030000,27967
1,5002,75030000,75030000,407,678,75045000,27974
1,5003,75045000,75045000,407,678,75060000,27979
1,5004,75060000,75060000,407,678,75075000,27982
1,5005,75075000,75075000,407,678,75090000,27990
1,5006,75090000,75090000,407,678,75105000,27995
1,5007,75105000,75105000,407,678,75120000,28000
1,5008,75120000,75120000,407,678,75135000,28007
1,5009,75135000,75135000,407,678,75150000,28012
1,501,7515000,7515000,407,678,7530000,2803
1,5010,75150000,75150000,407,678,75165000,28018
1,5011,75165000,75165000,407,678,75180000,28022
1,5012,75180000,75180000,407,678,75195000,28028
1,5013,75195000,75195000,407,678,75210000,28035
1,5014,75210000,75210000,407,678,75225000,28040
1,5015,75225000,75225000,407,678,75240000,28044
1,5016,75240000,75240000,407,678,75255000,28053
1,5017,75255000,75255000,407,678,75270000,28056
1,5018,75270000,75270000,407,678,75285000,28062
1,5019,75285000,75285000,407,678,75300000,28068
1,502,7530000,7530000,407,678,7545000,2807
1,5020,75300000,75300000,407,678,75315000,28073
1,5021,75315000,75315000,407,678,75330000,28080
1,5022,75330000,75330000,407,678,75345000,28083
1,5023,75345000,75345000,407,678,75360000,28091
1,5024,75360000,75360000,407,678,75375000,28096
1,5025,75375000,75375000,407,678,75390000,28100
1,5026,75390000,75390000,407,678,75405000,28108
1,5027,75405000,75405000,407,678,75420000,28112
1,5028,75420000,75420000,407,678,75435000,28118
1,5029,75435000,75435000,407,678,75450000,28123
1,503,7545000,7545000,407,678,7560000,2812
1,5030,75450000,75450000,407,678,75465000,28131
1,5031,75465000,75465000,407,678,75480000,28135
1,5032,75480000,75480000,407,678,75495000,28139
1,5033,75495000,75495000,407,678,75510000,28146
1,5034,75510000,75510000,407,678,75525000,28152
1,5035,75525000,75525000,407,678,75540000,28158
1,5036,75540000,75540000,407,678,75555000,28163
1,5037,75555000,75555000,407,678,75570000,28169
1,5038,75570000,75570000,407,678,75585000,28174
1,5039,75585000,75585000,407,678,75600000,28177
1,504,7560000,7560000,407,678,7575000,2818
1,5040,75600000,75600000,407,678,75615000,28186
1,5041,75615000,75615000,407,678,75630000,28191
1,5042,75630000,75630000,407,678,75645000,28197
1,5043,75645000,75645000,407,678,75660000,28202
1,5044,75660000,75660000,407,678,75675000,28207
1,5045,75675000,75675000,407,678,75690000,28214
1,5046,75690000,75690000,407,678,75705000,28219
1,5047,75705000,75705000,407,678,75720000,28224
1,5048,75720000,75720000,407,678,75735000,28229
1,5049,75735000,75735000,407,678,75750000,28235
1,505,7575000,7575000,407,678,7590000,2822
1,5050,75750000,75750000,407,678,75765000,28242
1,5051,75765000,75765000,407,678,75780000,28248
1,5052,75780000,75780000,407,678,75795000,28252
1,5053,75795000,75795000,407,678,75810000,28258
1,5054,75810000,75810000,407,678,75825000,28263
1,5055,75825000,75825000,407,678,75840000,28267
1,5056,75840000,75840000,407,678,75855000,28277
1,5057,75855000,75855000,407,678,75870000,28280
1,5058,75870000,75870000,407,678,75885000,28287
1,5059,75885000,75885000,407,678,75900000,28290
1,506,7590000,7590000,407,678,7605000,2832
1,5060,75900000,75900000,407,678,75915000,28296
1,5061,75915000,75915000,407,678,75930000,28304
1,5062,75930000,75930000,407,678,75945000,28307
1,5063,75945000,75945000,407,678,75960000,28315
1,5064,75960000,75960000,407,678,75975000,28319
1,5065,75975000,75975000,407,678,75990000,28325
1,5066,75990000,75990000,407,678,76005000,28332
1,5067,76005000,76005000,407,678,76020000,28336
1,5068,76020000,76020000,407,678,76035000,28342
1,5069,76035000,76035000,407,678,76050000,28346
1,507,7605000,7605000,407,678,7620000,2835
1,5070,76050000,76050000,407,678,76065000,28353
1,5071,76065000,76065000,407,678,76080000,28358
1,5072,76080000,76080000,407,678,76095000,28365
1,5073,76095000,76095000,407,678,76110000,28370
1,5074,76110000,76110000,407,678,76125000,28375
1,5075,76125000,76125000,407,678,76140000,28381
1,5076,76140000,76140000,407,678,76155000,28386
1,5077,76155000,76155000,407,678,76170000,28393
1,5078,76170000,76170000,407,678,76185000,28398
1,5079,76185000,76185000,407,678,76200000,28403
1,508,7620000,7620000,407,678,7635000,2841
1,5080,76200000,76200000,407,678,76215000,28409
1,5081,76215000,76215000,407,678,76230000,28413
1,5082,76230000,76230000,407,678,76245000,28421
1,5083,76245000,76245000,407,678,76260000,28426
1,5084,76260000,76260000,407,678,76275000,28431
1,5085,76275000,76275000,407,678,76290000,28437
1,5086,76290000,76290000,407,678,76305000,28444
1,5087,76305000,76305000,407,678,76320000,28447
1,5088,76320000,76320000,407,678,76335000,28453
1,5089,76335000,76335000,407,678,76350000,28459
1,509,7635000,7635000,407,678,7650000,2846
1,5090,76350000,76350000,407,678,76365000,28465
1,5091,76365000,76365000,407,678,76380000,28471
1,5092,76380000,76380000,407,678,76395000,28474
1,5093,76395000,76395000,407,678,76410000,28484
1,5094,76410000,76410000,407,678,76425000,28487
1,5095,76425000,76425000,407,678,76440000,28491
1,5096,76440000,76440000,407,678,76455000,28500
1,5097,76455000,76455000,407,678,76470000,28503
1,5098,76470000,76470000,407,678,76485000,28511
1,5099,76485000,76485000,407,678,76500000,28514
1,51,765000,765000,407,678,780000,286
1,510,7650000,7650000,407,678,7665000,2851
1,5100,76500000,76500000,407,678,76515000,28522
1,5101,76515000,76515000,407,678,76530000,28527
1,5102,76530000,76530000,407,678,76545000,28530
1,5103,76545000,76545000,407,678,76560000,28537
1,5104,76560000,76560000,407,678,76575000,28543
1,5105,76575000,76575000,407,678,76590000,28549
1,5106,76590000,76590000,407,678,76605000,28555
1,5107,76605000,76605000,407,678,76620000,28561
1,5108,76620000,76620000,407,678,76635000,28565
1,5109,76635000,76635000,407,678,76650000,28570
1,511,7665000,7665000,407,678,7680000,2857
1,5110,76650000,76650000,407,678,76665000,28577
1,5111,76665000,76665000,407,678,76680000,28582
1,5112,76680000,76680000,407,678,76695000,28588
1,5113,76695000,76695000,407,678,76710000,28593
1,5114,76710000,76710000,407,678,76725000,28600
1,5115,76725000,76725000,407,678,76740000,28605
1,5116,76740000,76740000,407,678,76755000,28610
1,5117,76755000,76755000,407,678,76770000,28616
1,5118,76770000,76770000,407,678,76785000,28621
1,5119,76785000,76785000,407,678,76800000,28626
1,512,7680000,7680000,407,678,7695000,2862
1,5120,76800000,76800000,407,678,76815000,28633
1,5121,76815000,76815000,407,678,76830000,28639
1,5122,76830000,76830000,407,678,76845000,28644
1,5123,76845000,76845000,407,678,76860000,28649
1,5124,76860000,76860000,407,678,76875000,28654
1,5125,76875000,76875000,407,678,76890000,28660
1,5126,76890000,76890000,407,678,76905000,28668
1,5127,76905000,76905000,407,678,76920000,28671
1,5128,76920000,76920000,407,678,76935000,28678
1,5129,76935000,76935000,407,678,76950000,28682
1,513,7695000,7695000,407,678,7710000,2870
1,5130,76950000,76950000,407,678,76965000,28689
1,5131,76965000,76965000,407,678,76980000,28695
1,5132,76980000,76980000,407,678,76995000,28698
1,5133,76995000,76995000,407,678,77010000,28707
1,5134,77010000,77010000,407,678,77025000,28710
1,5135,77025000,77025000,407,678,77040000,28716
1,5136,77040000,77040000,407,678,77055000,28723
1,5137,77055000,77055000,407,678,77070000,28727
1,5138,77070000,77070000,407,678,77085000,28734
1,5139,77085000,77085000,407,678,77100000,28737
1,514,7710000,7710000,407,678,7725000,2874
1,5140,77100000,77100000,407,678,77115000,28745
1,5141,77115000,77115000,407,678,77130000,28751
1,5142,77130000,77130000,407,678,77145000,28756
1,5143,77145000,77145000,407,678,77160000,28761
1,5144,77160000,77160000,407,678,77175000,28766
1,5145,77175000,77175000,407,678,77190000,28772
1,5146,77190000,77190000,407,678,77205000,28779
1,5147,77205000,77205000,407,678,77220000,28784
1,5148,77220000,77220000,407,678,77235000,28789
1,5149,77235000,77235000,407,678,77250000,28795
1,515,7725000,7725000,407,678,7740000,2880
1,5150,77250000,77250000,407,678,77265000,28800
1,5151,77265000,77265000,407,678,77280000,28805
1,5152,77280000,77280000,407,678,77295000,28812
1,5153,77295000,77295000,407,678,77310000,28817
1,5154,77310000,77310000,407,678,77325000,28823
1,5155,77325000,77325000,407,678,77340000,28828
1,5156,77340000,77340000,407,678,77355000,28835
1,5157,77355000,77355000,407,678,77370000,28840
1,5158,77370000,77370000,407,678,77385000,28844
1,5159,77385000,77385000,407,678,77400000,28850
1,516,7740000,7740000,407,678,7755000,2885
1,5160,77400000,77400000,407,678,77415000,28856
1,5161,77415000,77415000,407,678,77430000,28862
1,5162,77430000,77430000,407,678,77445000,28868
1,5163,77445000,77445000,407,678,77460000,28875
1,5164,77460000,77460000,407,678,77475000,28878
1,5165,77475000,77475000,407,678,77490000,28883
1,5166,77490000,77490000,407,678,77505000,28891
1,5167,77505000,77505000,407,678,77520000,28894
1,5168,77520000,77520000,407,678,77535000,28902
1,5169,77535000,77535000,407,678,77550000,28905
1,517,7755000,7755000,407,678,7770000,2891
1,5170,77550000,77550000,407,678,77565000,28914
1,5171,77565000,77565000,407,678,77580000,28918
1,5172,77580000,77580000,407,678,77595000,28921
1,5173,77595000,77595000,407,678,77610000,28931
1,5174,77610000,77610000,407,678,77625000,28934
1,5175,77625000,77625000,407,678,77640000,28940
1,5176,77640000,77640000,407,678,77655000,28946
1,5177,77655000,77655000,407,678,77670000,28952
1,5178,77670000,77670000,407,678,77685000,28958
1,5179,77685000,77685000,407,678,77700000,28961
1,518,7770000,7770000,407,678,7785000,2897
1,5180,77700000,77700000,407,678,77715000,28968
1,5181,77715000,77715000,407,678,77730000,28974
1,5182,77730000,77730000,407,678,77745000,28979
1,5183,77745000,77745000,407,678,77760000,28984
1,5184,77760000,77760000,407,678,77775000,28992
1,5185,77775000,77775000,407,678,77790000,28996
1,5186,77790000,77790000,407,678,77805000,29002
1,5187,77805000,77805000,407,678,77820000,29007
1,5188,77820000,77820000,407,678,77835000,29012
1,5189,77835000,77835000,407,678,77850000,29019
1,519,7785000,7785000,407,678,7800000,2900
1,5190,77850000,77850000,407,678,77865000,29024
1,5191,77865000,77865000,407,678,77880000,29030
1,5192,77880000,77880000,407,678,77895000,29035
1,5193,77895000,77895000,407,678,77910000,29040
1,5194,77910000,77910000,407,678,77925000,29047
1,5195,77925000,77925000,407,678,77940000,29052
1,5196,77940000,77940000,407,678,77955000,29059
1,5197,77955000,77955000,407,678,77970000,29063
1,5198,77970000,77970000,407,678,77985000,29069
1,5199,77985000,77985000,407,678,78000000,29073
1,52,780000,780000,407,678,795000,289
1,520,7800000,7800000,407,678,7815000,2909
1,5200,78000000,78000000,407,678,78015000,29080
1,5201,78015000,78015000,407,678,78030000,29086
1,5202,78030000,78030000,407,678,78045000,29090
1,5203,78045000,78045000,407,678,78060000,29098
1,5204,78060000,78060000,407,678,78075000,29101
1,5205,78075000,78075000,407,678,78090000,29109
1,5206,78090000,78090000,407,678,78105000,29115
1,5207,78105000,78105000,407,678,78120000,29118
1,5208,78120000,78120000,407,678,78135000,29125
1,5209,78135000,78135000,407,678,78150000,29128
1,521,7815000,7815000,407,678,7830000,2913
1,5210,78150000,78150000,407,678,78165000,29138
1,5211,78165000,78165000,407,678,78180000,29142
1,5212,78180000,78180000,407,678,78195000,29147
1,5213,78195000,78195000,407,678,78210000,29153
1,5214,78210000,78210000,407,678,78225000,29157
1,5215,78225000,78225000,407,678,78240000,29163
1,5216,78240000,78240000,407,678,78255000,29170
1,5217,78255000,78255000,407,678,78270000,29176
1,5218,78270000,78270000,407,678,78285000,29181
1,5219,78285000,78285000,407,678,78300000,29186
1,522,7830000,7830000,407,678,7845000,2920
1,5220,78300000,78300000,407,678,78315000,29191
1,5221,78315000,78315000,407,678,78330000,29198
1,5222,78330000,78330000,407,678,78345000,29203
1,5223,78345000,78345000,407,678,78360000,29208
1,5224,78360000,78360000,407,678,78375000,29214
1,5225,78375000,78375000,407,678,78390000,29219
1,5226,78390000,78390000,407,678,78405000,29228
1,5227,78405000,78405000,407,678,78420000,29231
1,5228,78420000,78420000,407,678,78435000,29236
1,5229,78435000,78435000,407,678,78450000,29242
1,523,7845000,7845000,407,678,7860000,2925
1,5230,78450000,78450000,407,678,78465000,29247
1,5231,78465000,78465000,407,678,78480000,29253
1,5232,78480000,78480000,407,678,78495000,29259
1,5233,78495000,78495000,407,678,78510000,29266
1,5234,78510000,78510000,407,678,78525000,29270
1,5235,78525000,78525000,407,678,78540000,29274
1,5236,78540000,78540000,407,678,78555000,29282
1,5237,78555000,78555000,407,678,78570000,29287
1,5238,78570000,78570000,407,678,78585000,29293
1,5239,78585000,78585000,407,678,78600000,29297
1,524,7860000,7860000,407,678,7875000,2929
1,5240,78600000,78600000,407,678,78615000,29305
1,5241,78615000,78615000,407,678,78630000,29309
1,5242,78630000,78630000,407,678,78645000,29314
1,5243,78645000,78645000,407,678,78660000,29322
1,5244,78660000,78660000,407,678,78675000,29325
1,5245,78675000,78675000,407,678,78690000,29332
1,5246,78690000,78690000,407,678,78705000,29337
1,5247,78705000,78705000,407,678,78720000,29343
1,5248,78720000,78720000,407,678,78735000,29349
1,5249,78735000,78735000,407,678,78750000,29352
1,525,7875000,7875000,407,678,7890000,2936
1,5250,78750000,78750000,407,678,78765000,29361
1,5251,78765000,78765000,407,678,78780000,29365
1,5252,78780000,78780000,407,678,78795000,29370
1,5253,78795000,78795000,407,678,78810000,29377
1,5254,78810000,78810000,407,678,78825000,29383
1,5255,78825000,78825000,407,678,78840000,29387
1,5256,78840000,78840000,407,678,78855000,29393
1,5257,78855000,78855000,407,678,78870000,29398
1,5258,78870000,78870000,407,678,78885000,29405
1,5259,78885000,78885000,407,678,78900000,29410
1,526,7890000,7890000,407,678,7905000,2941
1,5260,78900000,78900000,407,678,78915000,29415
1,5261,78915000,78915000,407,678,78930000,29423
1,5262,78930000,78930000,407,678,78945000,29426
1,5263,78945000,78945000,407,678,78960000,29431
1,5264,78960000,78960000,407,678,78975000,29438
1,5265,78975000,78975000,407,678,78990000,29443
1,5266,78990000,78990000,407,678,79005000,29451
1,5267,79005000,79005000,407,678,79020000,29454
1,5268,79020000,79020000,407,678,79035000,29460
1,5269,79035000,79035000,407,678,79050000,29466
1,527,7905000,7905000,407,678,7920000,2946
1,5270,79050000,79050000,407,678,79065000,29471
1,5271,79065000,79065000,407,678,79080000,29477
1,5272,79080000,79080000,407,678,79095000,29482
1,5273,79095000,79095000,407,678,79110000,29489
1,5274,79110000,79110000,407,678,79125000,29494
1,5275,79125000,79125000,407,678,79140000,29500
1,5276,79140000,79140000,407,678,79155000,29506
1,5277,79155000,79155000,407,678,79170000,29510
1,5278,79170000,79170000,407,678,79185000,29516
1,5279,79185000,79185000,407,678,79200000,29519
1,528,7920000,7920000,407,678,7935000,2953
1,5280,79200000,79200000,407,678,79215000,29529
1,5281,79215000,79215000,407,678,79230000,29533
1,5282,79230000,79230000,407,678,79245000,29539
1,5283,79245000,79245000,407,678,79260000,29545
1,5284,79260000,79260000,407,678,79275000,29548
1,5285,79275000,79275000,407,678,79290000,29556
1,5286,79290000,79290000,407,678,79305000,29561
1,5287,79305000,79305000,407,678,79320000,29567
1,5288,79320000,79320000,407,678,79335000,29572
1,5289,79335000,79335000,407,678,79350000,29577
1,529,7935000,7935000,407,678,7950000,2958
1,5290,79350000,79350000,407,678,79365000,29584
1,5291,79365000,79365000,407,678,79380000,29589
1,5292,79380000,79380000,407,678,79395000,29594
1,5293,79395000,79395000,407,678,79410000,29600
1,5294,79410000,79410000,407,678,79425000,29606
1,5295,79425000,79425000,407,678,79440000,29610
1,5296,79440000,79440000,407,678,79455000,29619
1,5297,79455000,79455000,407,678,79470000,29622
1,5298,79470000,79470000,407,678,79485000,29628
1,5299,79485000,79485000,407,678,79500000,29633
1,53,795000,795000,407,678,810000,298
1,530,7950000,7950000,407,678,7965000,2964
1,5300,79500000,79500000,407,678,79515000,29638
1,5301,79515000,79515000,407,678,79530000,29646
1,5302,79530000,79530000,407,678,79545000,29650
1,5303,79545000,79545000,407,678,79560000,29657
1,5304,79560000,79560000,407,678,79575000,29661
1,5305,79575000,79575000,407,678,79590000,29666
1,5306,79590000,79590000,407,678,79605000,29675
1,5307,79605000,79605000,407,678,79620000,29678
1,5308,79620000,79620000,407,678,79635000,29684
1,5309,79635000,79635000,407,678,79650000,29689
1,531,7965000,7965000,407,678,7980000,2969
1,5310,79650000,79650000,407,678,79665000,29696
1,5311,79665000,79665000,407,678,79680000,29700
1,5312,79680000,79680000,407,678,79695000,29705
1,5313,79695000,79695000,407,678,79710000,29713
1,5314,79710000,79710000,407,678,79725000,29717
1,5315,79725000,79725000,407,678,79740000,29723
1,5316,79740000,79740000,407,678,79755000,29729
1,5317,79755000,79755000,407,678,79770000,29736
1,5318,79770000,79770000,407,678,79785000,29740
1,5319,79785000,79785000,407,678,79800000,29743
1,532,7980000,7980000,407,678,7995000,2974
1,5320,79800000,79800000,407,678,79815000,29752
1,5321,79815000,79815000,407,678,79830000,29756
1,5322,79830000,79830000,407,678,79845000,29763
1,5323,79845000,79845000,407,678,79860000,29768
1,5324,79860000,79860000,407,678,79875000,29774
1,5325,79875000,79875000,407,678,79890000,29779
1,5326,79890000,79890000,407,678,79905000,29784
1,5327,79905000,79905000,407,678,79920000,29790
1,5328,79920000,79920000,407,678,79935000,29796
1,5329,79935000,79935000,407,678,79950000,29801
1,533,7995000,7995000,407,678,8010000,2981
1,5330,79950000,79950000,407,678,79965000,29807
1,5331,79965000,79965000,407,678,79980000,29814
1,5332,79980000,79980000,407,678,79995000,29817
1,5333,79995000,79995000,407,678,80010000,29824
1,5334,80010000,80010000,407,678,80025000,29829
1,5335,80025000,80025000,407,678,80040000,29834
1,5336,80040000,80040000,407,678,80055000,29842
1,5337,80055000,80055000,407,678,80070000,29845
1,5338,80070000,80070000,407,678,80085000,29854
1,5339,80085000,80085000,407,678,80100000,29857
1,534,8010000,8010000,407,678,8025000,2986
1,5340,80100000,80100000,407,678,80115000,29862
1,5341,80115000,80115000,407,678,80130000,29869
1,5342,80130000,80130000,407,678,80145000,29873
1,5343,80145000,80145000,407,678,80160000,29880
1,5344,80160000,80160000,407,678,80175000,29885
1,5345,80175000,80175000,407,678,80190000,29891
1,5346,80190000,80190000,407,678,80205000,29898
1,5347,80205000,80205000,407,678,80220000,29901
1,5348,80220000,80220000,407,678,80235000,29907
1,5349,80235000,80235000,407,678,80250000,29913
1,535,8025000,8025000,407,678,8040000,2991
1,5350,80250000,80250000,407,678,80265000,29920
1,5351,80265000,80265000,407,678,80280000,29924
1,5352,80280000,80280000,407,678,80295000,29930
1,5353,80295000,80295000,407,678,80310000,29936
1,5354,80310000,80310000,407,678,80325000,29941
1,5355,80325000,80325000,407,678,80340000,29947
1,5356,80340000,80340000,407,678,80355000,29952
1,5357,80355000,80355000,407,678,80370000,29959
1,5358,80370000,80370000,407,678,80385000,29963
1,5359,80385000,80385000,407,678,80400000,29968
1,536,8040000,8040000,407,678,8055000,2999
1,5360,80400000,80400000,407,678,80415000,29976
1,5361,80415000,80415000,407,678,80430000,29980
1,5362,80430000,80430000,407,678,80445000,29986
1,5363,80445000,80445000,407,678,80460000,29991
1,5364,80460000,80460000,407,678,80475000,29997
1,5365,80475000,80475000,407,678,80490000,30003
1,5366,80490000,80490000,407,678,80505000,30010
1,5367,80505000,80505000,407,678,80520000,30013
1,5368,80520000,80520000,407,678,80535000,30019
1,5369,80535000,80535000,407,678,80550000,30024
1,537,8055000,8055000,407,678,8070000,3002
1,5370,80550000,80550000,407,678,80565000,30031
1,5371,80565000,80565000,407,678,80580000,30038
1,5372,80580000,80580000,407,678,80595000,30041
1,5373,80595000,80595000,407,678,80610000,30049
1,5374,80610000,80610000,407,678,80625000,30052
1,5375,80625000,80625000,407,678,80640000,30057
1,5376,80640000,80640000,407,678,80655000,30066
1,5377,80655000,80655000,407,678,80670000,30069
1,5378,80670000,80670000,407,678,80685000,30076
1,5379,80685000,80685000,407,678,80700000,30080
1,538,8070000,8070000,407,678,8085000,3008
1,5380,80700000,80700000,407,678,80715000,30087
1,5381,80715000,80715000,407,678,80730000,30093
1,5382,80730000,80730000,407,678,80745000,30097
1,5383,80745000,80745000,407,678,80760000,30104
1,5384,80760000,80760000,407,678,80775000,30108
1,5385,80775000,80775000,407,678,80790000,30114
1,5386,80790000,80790000,407,678,80805000,30122
1,5387,80805000,80805000,407,678,80820000,30127
1,5388,80820000,80820000,407,678,80835000,30131
1,5389,80835000,80835000,407,678,80850000,30135
1,539,8085000,8085000,407,678,8100000,3014
1,5390,80850000,80850000,407,678,80865000,30143
1,5391,80865000,80865000,407,678,80880000,30147
1,5392,80880000,80880000,407,678,80895000,30154
1,5393,80895000,80895000,407,678,80910000,30160
1,5394,80910000,80910000,407,678,80925000,30166
1,5395,80925000,80925000,407,678,80940000,30170
1,5396,80940000,80940000,407,678,80955000,30175
1,5397,80955000,80955000,407,678,80970000,30183
1,5398,80970000,80970000,407,678,80985000,30187
1,5399,80985000,80985000,407,678,81000000,30192
1,54,810000,810000,407,678,825000,301
1,540,8100000,8100000,407,678,8115000,3019
1,5400,81000000,81000000,407,678,81015000,30198
1,5401,81015000,81015000,407,678,81030000,30205
1,5402,81030000,81030000,407,678,81045000,30210
1,5403,81045000,81045000,407,678,81060000,30215
1,5404,81060000,81060000,407,678,81075000,30221
1,5405,81075000,81075000,407,678,81090000,30226
1,5406,81090000,81090000,407,678,81105000,30233
1,5407,81105000,81105000,407,678,81120000,30236
1,5408,81120000,81120000,407,678,81135000,30245
1,5409,81135000,81135000,407,678,81150000,30248
1,541,8115000,8115000,407,678,8130000,3026
1,5410,81150000,81150000,407,678,81165000,30254
1,5411,81165000,81165000,407,678,81180000,30260
1,5412,81180000,81180000,407,678,81195000,30264
1,5413,81195000,81195000,407,678,81210000,30273
1,5414,81210000,81210000,407,678,81225000,30276
1,5415,81225000,81225000,407,678,81240000,30283
1,5416,81240000,81240000,407,678,81255000,30289
1,5417,81255000,81255000,407,678,81270000,30292
1,5418,81270000,81270000,407,678,81285000,30300
1,5419,81285000,81285000,407,678,81300000,30304
1,542,8130000,8130000,407,678,8145000,3030
1,5420,81300000,81300000,407,678,81315000,30311
1,5421,81315000,81315000,407,678,81330000,30316
1,5422,81330000,81330000,407,678,81345000,30321
1,5423,81345000,81345000,407,678,81360000,30327
1,5424,81360000,81360000,407,678,81375000,30332
1,5425,81375000,81375000,407,678,81390000,30338
1,5426,81390000,81390000,407,678,81405000,30345
1,5427,81405000,81405000,407,678,81420000,30350
1,5428,81420000,81420000,407,678,81435000,30354
1,5429,81435000,81435000,407,678,81450000,30361
1,543,8145000,8145000,407,678,8160000,3037
1,5430,81450000,81450000,407,678,81465000,30367
1,5431,81465000,81465000,407,678,81480000,30371
1,5432,81480000,81480000,407,678,81495000,30377
1,5433,81495000,81495000,407,678,81510000,30382
1,5434,81510000,81510000,407,678,81525000,30390
1,5435,81525000,81525000,407,678,81540000,30394
1,5436,81540000,81540000,407,678,81555000,30401
1,5437,81555000,81555000,407,678,81570000,30406
1,5438,81570000,81570000,407,678,81585000,30410
1,5439,81585000,81585000,407,678,81600000,30415
1,544,8160000,8160000,407,678,8175000,3042
1,5440,81600000,81600000,407,678,81615000,30422
1,5441,81615000,81615000,407,678,81630000,30429
1,5442,81630000,81630000,407,678,81645000,30433
1,5443,81645000,81645000,407,678,81660000,30440
1,5444,81660000,81660000,407,678,81675000,30443
1,5445,81675000,81675000,407,678,81690000,30450
1,5446,81690000,81690000,407,678,81705000,30457
1,5447,81705000,81705000,407,678,81720000,30460
1,5448,81720000,81720000,407,678,81735000,30468
1,5449,81735000,81735000,407,678,81750000,30471
1,545,8175000,8175000,407,678,8190000,3046
1,5450,81750000,81750000,407,678,81765000,30480
1,5451,81765000,81765000,407,678,81780000,30484
1,5452,81780000,81780000,407,678,81795000,30488
1,5453,81795000,81795000,407,678,81810000,30496
1,5454,81810000,81810000,407,678,81825000,30499
1,5455,81825000,81825000,407,678,81840000,30505
1,5456,81840000,81840000,407,678,81855000,30513
1,5457,81855000,81855000,407,678,81870000,30518
1,5458,81870000,81870000,407,678,81885000,30523
1,5459,81885000,81885000,407,678,81900000,30527
1,546,8190000,8190000,407,678,8205000,3055
1,5460,81900000,81900000,407,678,81915000,30534
1,5461,81915000,81915000,407,678,81930000,30540
1,5462,81930000,81930000,407,678,81945000,30545
1,5463,81945000,81945000,407,678,81960000,30551
1,5464,81960000,81960000,407,678,81975000,30557
1,5465,81975000,81975000,407,678,81990000,30561
1,5466,81990000,81990000,407,678,82005000,30568
1,5467,82005000,82005000,407,678,82020000,30574
1,5468,82020000,82020000,407,678,82035000,30578
1,5469,82035000,82035000,407,678,82050000,30584
1,547,8205000,8205000,407,678,8220000,3058
1,5470,82050000,82050000,407,678,82065000,30590
1,5471,82065000,82065000,407,678,82080000,30596
1,5472,82080000,82080000,407,678,82095000,30601
1,5473,82095000,82095000,407,678,82110000,30606
1,5474,82110000,82110000,407,678,82125000,30613
1,5475,82125000,82125000,407,678,82140000,30617
1,5476,82140000,82140000,407,678,82155000,30624
1,5477,82155000,82155000,407,678,82170000,30629
1,5478,82170000,82170000,407,678,82185000,30636
1,5479,82185000,82185000,407,678,82200000,30639
1,548,8220000,8220000,407,678,8235000,3064
1,5480,82200000,82200000,407,678,82215000,30645
1,5481,82215000,82215000,407,678,82230000,30652
1,5482,82230000,82230000,407,678,82245000,30657
1,5483,82245000,82245000,407,678,82260000,30664
1,5484,82260000,82260000,407,678,82275000,30667
1,5485,82275000,82275000,407,678,82290000,30675
1,5486,82290000,82290000,407,678,82305000,30680
1,5487,82305000,82305000,407,678,82320000,30683
1,5488,82320000,82320000,407,678,82335000,30691
1,5489,82335000,82335000,407,678,82350000,30695
1,549,8235000,8235000,407,678,8250000,3069
1,5490,82350000,82350000,407,678,82365000,30703
1,5491,82365000,82365000,407,678,82380000,30707
1,5492,82380000,82380000,407,678,82395000,30713
1,5493,82395000,82395000,407,678,82410000,30720
1,5494,82410000,82410000,407,678,82425000,30723
1,5495,82425000,82425000,407,678,82440000,30729
1,5496,82440000,82440000,407,678,82455000,30736
1,5497,82455000,82455000,407,678,82470000,30741
1,5498,82470000,82470000,407,678,82485000,30747
1,5499,82485000,82485000,407,678,82500000,30752
1,55,825000,825000,407,678,840000,306
1,550,8250000,8250000,407,678,8265000,3077
1,5500,82500000,82500000,407,678,82515000,30758
1,5501,82515000,82515000,407,678,82530000,30763
1,5502,82530000,82530000,407,678,82545000,30768
1,5503,82545000,82545000,407,678,82560000,30774
1,5504,82560000,82560000,407,678,82575000,30781
1,5505,82575000,82575000,407,678,82590000,30785
1,5506,82590000,82590000,407,678,82605000,30793
1,5507,82605000,82605000,407,678,82620000,30797
1,5508,82620000,82620000,407,678,82635000,30801
1,5509,82635000,82635000,407,678,82650000,30808
1,551,8265000,8265000,407,678,8280000,3081
1,5510,82650000,82650000,407,678,82665000,30813
1,5511,82665000,82665000,407,678,82680000,30820
1,5512,82680000,82680000,407,678,82695000,30824
1,5513,82695000,82695000,407,678,82710000,30831
1,5514,82710000,82710000,407,678,82725000,30837
1,5515,82725000,82725000,407,678,82740000,30841
1,5516,82740000,82740000,407,678,82755000,30848
1,5517,82755000,82755000,407,678,82770000,30852
1,5518,82770000,82770000,407,678,82785000,30859
1,5519,82785000,82785000,407,678,82800000,30862
1,552,8280000,8280000,407,678,8295000,3085
1,5520,82800000,82800000,407,678,82815000,30871
1,5521,82815000,82815000,407,678,82830000,30875
1,5522,82830000,82830000,407,678,82845000,30880
1,5523,82845000,82845000,407,678,82860000,30887
1,5524,82860000,82860000,407,678,82875000,30890
1,5525,82875000,82875000,407,678,82890000,30899
1,5526,82890000,82890000,407,678,82905000,30904
1,5527,82905000,82905000,407,678,82920000,30909
1,5528,82920000,82920000,407,678,82935000,30914
1,5529,82935000,82935000,407,678,82950000,30918
1,553,8295000,8295000,407,678,8310000,3093
1,5530,82950000,82950000,407,678,82965000,30927
1,5531,82965000,82965000,407,678,82980000,30931
1,5532,82980000,82980000,407,678,82995000,30936
1,5533,82995000,82995000,407,678,83010000,30943
1,5534,83010000,83010000,407,678,83025000,30948
1,5535,83025000,83025000,407,678,83040000,30952
1,5536,83040000,83040000,407,678,83055000,30960
1,5537,83055000,83055000,407,678,83070000,30965
1,5538,83070000,83070000,407,678,83085000,30970
1,5539,83085000,83085000,407,678,83100000,30975
1,554,8310000,8310000,407,678,8325000,3098
1,5540,83100000,83100000,407,678,83115000,30981
1,5541,83115000,83115000,407,678,83130000,30989
1,5542,83130000,83130000,407,678,83145000,30992
1,5543,83145000,83145000,407,678,83160000,30997
1,5544,83160000,83160000,407,678,83175000,31004
1,5545,83175000,83175000,407,678,83190000,31008
1,5546,83190000,83190000,407,678,83205000,31017
1,5547,83205000,83205000,407,678,83220000,31021
1,5548,83220000,83220000,407,678,83235000,31027
1,5549,83235000,83235000,407,678,83250000,31031
1,555,8325000,8325000,407,678,8340000,3104
1,5550,83250000,83250000,407,678,83265000,31036
1,5551,83265000,83265000,407,678,83280000,31043
1,5552,83280000,83280000,407,678,83295000,31048
1,5553,83295000,83295000,407,678,83310000,31055
1,5554,83310000,83310000,407,678,83325000,31059
1,5555,83325000,83325000,407,678,83340000,31066
1,5556,83340000,83340000,407,678,83355000,31071
1,5557,83355000,83355000,407,678,83370000,31076
1,5558,83370000,83370000,407,678,83385000,31083
1,5559,83385000,83385000,407,678,83400000,31086
1,556,8340000,8340000,407,678,8355000,3109
1,5560,83400000,83400000,407,678,83415000,31094
1,5561,83415000,83415000,407,678,83430000,31098
1,5562,83430000,83430000,407,678,83445000,31106
1,5563,83445000,83445000,407,678,83460000,31111
1,5564,83460000,83460000,407,678,83475000,31114
1,5565,83475000,83475000,407,678,83490000,31121
1,5566,83490000,83490000,407,678,83505000,31127
1,5567,83505000,83505000,407,678,83520000,31132
1,5568,83520000,83520000,407,678,83535000,31138
1,5569,83535000,83535000,407,678,83550000,31144
1,557,8355000,8355000,407,678,8370000,3116
1,5570,83550000,83550000,407,678,83565000,31150
1,5571,83565000,83565000,407,678,83580000,31154
1,5572,83580000,83580000,407,678,83595000,31159
1,5573,83595000,83595000,407,678,83610000,31167
1,5574,83610000,83610000,407,678,83625000,31172
1,5575,83625000,83625000,407,678,83640000,31176
1,5576,83640000,83640000,407,678,83655000,31184
1,5577,83655000,83655000,407,678,83670000,31188
1,5578,83670000,83670000,407,678,83685000,31194
1,5579,83685000,83685000,407,678,83700000,31199
1,558,8370000,8370000,407,678,8385000,3120
1,5580,83700000,83700000,407,678,83715000,31205
1,5581,83715000,83715000,407,678,83730000,31212
1,5582,83730000,83730000,407,678,83745000,31215
1,5583,83745000,83745000,407,678,83760000,31222
1,5584,83760000,83760000,407,678,83775000,31228
1,5585,83775000,83775000,407,678,83790000,31232
1,5586,83790000,83790000,407,678,83805000,31240
1,5587,83805000,83805000,407,678,83820000,31243
1,5588,83820000,83820000,407,678,83835000,31250
1,5589,83835000,83835000,407,678,83850000,31255
1,559,8385000,8385000,407,678,8400000,3123
1,5590,83850000,83850000,407,678,83865000,31262
1,5591,83865000,83865000,407,678,83880000,31267
1,5592,83880000,83880000,407,678,83895000,31271
1,5593,83895000,83895000,407,678,83910000,31278
1,5594,83910000,83910000,407,678,83925000,31283
1,5595,83925000,83925000,407,678,83940000,31290
1,5596,83940000,83940000,407,678,83955000,31295
1,5597,83955000,83955000,407,678,83970000,31301
1,5598,83970000,83970000,407,678,83985000,31305
1,5599,83985000,83985000,407,678,84000000,31309
1,56,840000,840000,407,678,855000,314
1,560,8400000,8400000,407,678,8415000,3132
1,5600,84000000,84000000,407,678,84015000,31318
1,5601,84015000,84015000,407,678,84030000,31322
1,5602,84030000,84030000,407,678,84045000,31329
1,5603,84045000,84045000,407,678,84060000,31334
1,5604,84060000,84060000,407,678,84075000,31339
1,5605,84075000,84075000,407,678,84090000,31345
1,5606,84090000,84090000,407,678,84105000,31351
1,5607,84105000,84105000,407,678,84120000,31356
1,5608,84120000,84120000,407,678,84135000,31361
1,5609,84135000,84135000,407,678,84150000,31366
1,561,8415000,8415000,407,678,8430000,3137
1,5610,84150000,84150000,407,678,84165000,31374
1,5611,84165000,84165000,407,678,84180000,31380
1,5612,84180000,84180000,407,678,84195000,31383
1,5613,84195000,84195000,407,678,84210000,31390
1,5614,84210000,84210000,407,678,84225000,31395
1,5615,84225000,84225000,407,678,84240000,31399
1,5616,84240000,84240000,407,678,84255000,31408
1,5617,84255000,84255000,407,678,84270000,31412
1,5618,84270000,84270000,407,678,84285000,31419
1,5619,84285000,84285000,407,678,84300000,31422
1,562,8430000,8430000,407,678,8445000,3143
1,5620,84300000,84300000,407,678,84315000,31427
1,5621,84315000,84315000,407,678,84330000,31436
1,5622,84330000,84330000,407,678,84345000,31439
1,5623,84345000,84345000,407,678,84360000,31446
1,5624,84360000,84360000,407,678,84375000,31451
1,5625,84375000,84375000,407,678,84390000,31457
1,5626,84390000,84390000,407,678,84405000,31464
1,5627,84405000,84405000,407,678,84420000,31467
1,5628,84420000,84420000,407,678,84435000,31474
1,5629,84435000,84435000,407,678,84450000,31478
1,563,8445000,8445000,407,678,8460000,3148
1,5630,84450000,84450000,407,678,84465000,31485
1,5631,84465000,84465000,407,678,84480000,31489
1,5632,84480000,84480000,407,678,84495000,31497
1,5633,84495000,84495000,407,678,84510000,31502
1,5634,84510000,84510000,407,678,84525000,31506
1,5635,84525000,84525000,407,678,84540000,31513
1,5636,84540000,84540000,407,678,84555000,31518
1,5637,84555000,84555000,407,678,84570000,31525
1,5638,84570000,84570000,407,678,84585000,31529
1,5639,84585000,84585000,407,678,84600000,31535
1,564,8460000,8460000,407,678,8475000,3154
1,5640,84600000,84600000,407,678,84615000,31541
1,5641,84615000,84615000,407,678,84630000,31545
1,5642,84630000,84630000,407,678,84645000,31552
1,5643,84645000,84645000,407,678,84660000,31558
1,5644,84660000,84660000,407,678,84675000,31563
1,5645,84675000,84675000,407,678,84690000,31568
1,5646,84690000,84690000,407,678,84705000,31576
1,5647,84705000,84705000,407,678,84720000,31579
1,5648,84720000,84720000,407,678,84735000,31585
1,5649,84735000,84735000,407,678,84750000,31590
1,565,8475000,8475000,407,678,8490000,3160
1,5650,84750000,84750000,407,678,84765000,31597
1,5651,84765000,84765000,407,678,84780000,31603
1,5652,84780000,84780000,407,678,84795000,31606
1,5653,84795000,84795000,407,678,84810000,31615
1,5654,84810000,84810000,407,678,84825000,31619
1,5655,84825000,84825000,407,678,84840000,31623
1,5656,84840000,84840000,407,678,84855000,31631
1,5657,84855000,84855000,407,678,84870000,31635
1,5658,84870000,84870000,407,678,84885000,31643
1,5659,84885000,84885000,407,678,84900000,31646
1,566,8490000,8490000,407,678,8505000,3165
1,5660,84900000,84900000,407,678,84915000,31653
1,5661,84915000,84915000,407,678,84930000,31659
1,5662,84930000,84930000,407,678,84945000,31662
1,5663,84945000,84945000,407,678,84960000,31669
1,5664,84960000,84960000,407,678,84975000,31674
1,5665,84975000,84975000,407,678,84990000,31681
1,5666,84990000,84990000,407,678,85005000,31687
1,5667,85005000,85005000,407,678,85020000,31692
1,5668,85020000,85020000,407,678,85035000,31697
1,5669,85035000,85035000,407,678,85050000,31702
1,567,8505000,8505000,407,678,8520000,3170
1,5670,85050000,85050000,407,678,85065000,31709
1,5671,85065000,85065000,407,678,85080000,31713
1,5672,85080000,85080000,407,678,85095000,31720
1,5673,85095000,85095000,407,678,85110000,31725
1,5674,85110000,85110000,407,678,85125000,31732
1,5675,85125000,85125000,407,678,85140000,31736
1,5676,85140000,85140000,407,678,85155000,31742
1,5677,85155000,85155000,407,678,85170000,31748
1,5678,85170000,85170000,407,678,85185000,31752
1,5679,85185000,85185000,407,678,85200000,31758
1,568,8520000,8520000,407,678,8535000,3176
1,5680,85200000,85200000,407,678,85215000,31765
1,5681,85215000,85215000,407,678,85230000,31771
1,5682,85230000,85230000,407,678,85245000,31775
1,5683,85245000,85245000,407,678,85260000,31781
1,5684,85260000,85260000,407,678,85275000,31786
1,5685,85275000,85275000,407,678,85290000,31792
1,5686,85290000,85290000,407,678,85305000,31799
1,5687,85305000,85305000,407,678,85320000,31803
1,5688,85320000,85320000,407,678,85335000,31810
1,5689,85335000,85335000,407,678,85350000,31813
1,569,8535000,8535000,407,678,8550000,3181
1,5690,85350000,85350000,407,678,85365000,31821
1,5691,85365000,85365000,407,678,85380000,31827
1,5692,85380000,85380000,407,678,85395000,31830
1,5693,85395000,85395000,407,678,85410000,31838
1,5694,85410000,85410000,407,678,85425000,31842
1,5695,85425000,85425000,407,678,85440000,31848
1,5696,85440000,85440000,407,678,85455000,31855
1,5697,85455000,85455000,407,678,85470000,31858
1,5698,85470000,85470000,407,678,85485000,31866
1,5699,85485000,85485000,407,678,85500000,31869
1,57,855000,855000,407,678,870000,317
1,570,8550000,8550000,407,678,8565000,3188
1,5700,85500000,85500000,407,678,85515000,31876
1,5701,85515000,85515000,407,678,85530000,31883
1,5702,85530000,85530000,407,678,85545000,31888
1,5703,85545000,85545000,407,678,85560000,31893
1,5704,85560000,85560000,407,678,85575000,31897
1,5705,85575000,85575000,407,678,85590000,31904
1,5706,85590000,85590000,407,678,85605000,31911
1,5707,85605000,85605000,407,678,85620000,31916
1,5708,85620000,85620000,407,678,85635000,31920
1,5709,85635000,85635000,407,678,85650000,31927
1,571,8565000,8565000,407,678,8580000,3194
1,5710,85650000,85650000,407,678,85665000,31932
1,5711,85665000,85665000,407,678,85680000,31936
1,5712,85680000,85680000,407,678,85695000,31944
1,5713,85695000,85695000,407,678,85710000,31949
1,5714,85710000,85710000,407,678,85725000,31955
1,5715,85725000,85725000,407,678,85740000,31959
1,5716,85740000,85740000,407,678,85755000,31967
1,5717,85755000,85755000,407,678,85770000,31972
1,5718,85770000,85770000,407,678,85785000,31976
1,5719,85785000,85785000,407,678,85800000,31981
1,572,8580000,8580000,407,678,8595000,3198
1,5720,85800000,85800000,407,678,85815000,31988
1,5721,85815000,85815000,407,678,85830000,31994
1,5722,85830000,85830000,407,678,85845000,31999
1,5723,85845000,85845000,407,678,85860000,32007
1,5724,85860000,85860000,407,678,85875000,32010
1,5725,85875000,85875000,407,678,85890000,32015
1,5726,85890000,85890000,407,678,85905000,32022
1,5727,85905000,85905000,407,678,85920000,32026
1,5728,85920000,85920000,407,678,85935000,32034
1,5729,85935000,85935000,407,678,85950000,32037
1,573,8595000,8595000,407,678,8610000,3204
1,5730,85950000,85950000,407,678,85965000,32045
1,5731,85965000,85965000,407,678,85980000,32050
1,5732,85980000,85980000,407,678,85995000,32053
1,5733,85995000,85995000,407,678,86010000,32062
1,5734,86010000,86010000,407,678,86025000,32066
1,5735,86025000,86025000,407,678,86040000,32072
1,5736,86040000,86040000,407,678,86055000,32078
1,5737,86055000,86055000,407,678,86070000,32083
1,5738,86070000,86070000,407,678,86085000,32090
1,5739,86085000,86085000,407,678,86100000,32093
1,574,8610000,8610000,407,678,8625000,3209
1,5740,86100000,86100000,407,678,86115000,32100
1,5741,86115000,86115000,407,678,86130000,32105
1,5742,86130000,86130000,407,678,86145000,32111
1,5743,86145000,86145000,407,678,86160000,32116
1,5744,86160000,86160000,407,678,86175000,32123
1,5745,86175000,86175000,407,678,86190000,32128
1,5746,86190000,86190000,407,678,86205000,32134
1,5747,86205000,86205000,407,678,86220000,32139
1,5748,86220000,86220000,407,678,86235000,32143
1,5749,86235000,86235000,407,678,86250000,32151
1,575,8625000,8625000,407,678,8640000,3214
1,5750,86250000,86250000,407,678,86265000,32156
1,5751,86265000,86265000,407,678,86280000,32162
1,5752,86280000,86280000,407,678,86295000,32166
1,5753,86295000,86295000,407,678,86310000,32172
1,5754,86310000,86310000,407,678,86325000,32179
1,5755,86325000,86325000,407,678,86340000,32183
1,5756,86340000,86340000,407,678,86355000,32191
1,5757,86355000,86355000,407,678,86370000,32195
1,5758,86370000,86370000,407,678,86385000,32201
1,5759,86385000,86385000,407,678,86400000,32204
1,576,8640000,8640000,407,678,8655000,3223
1,5760,86400000,86400000,407,678,86415000,32212
1,5761,86415000,86415000,407,678,86430000,32218
1,5762,86430000,86430000,407,678,86445000,32222
1,5763,86445000,86445000,407,678,86460000,32229
1,5764,86460000,86460000,407,678,86475000,32233
1,5765,86475000,86475000,407,678,86490000,32241
1,5766,86490000,86490000,407,678,86505000,32246
1,5767,86505000,86505000,407,678,86520000,32250
1,5768,86520000,86520000,407,678,86535000,32257
1,5769,86535000,86535000,407,678,86550000,32260
1,577,8655000,8655000,407,678,8670000,3226
1,5770,86550000,86550000,407,678,86565000,32269
1,5771,86565000,86565000,407,678,86580000,32274
1,5772,86580000,86580000,407,678,86595000,32279
1,5773,86595000,86595000,407,678,86610000,32285
1,5774,86610000,86610000,407,678,86625000,32288
1,5775,86625000,86625000,407,678,86640000,32295
1,5776,86640000,86640000,407,678,86655000,32302
1,5777,86655000,86655000,407,678,86670000,32307
1,5778,86670000,86670000,407,678,86685000,32313
1,5779,86685000,86685000,407,678,86700000,32318
1,578,8670000,8670000,407,678,8685000,3233
1,5780,86700000,86700000,407,678,86715000,32323
1,5781,86715000,86715000,407,678,86730000,32329
1,5782,86730000,86730000,407,678,86745000,32335
1,5783,86745000,86745000,407,678,86760000,32340
1,5784,86760000,86760000,407,678,86775000,32346
1,5785,86775000,86775000,407,678,86790000,32350
1,5786,86790000,86790000,407,678,86805000,32360
1,5787,86805000,86805000,407,678,86820000,32363
1,5788,86820000,86820000,407,678,86835000,32367
1,5789,86835000,86835000,407,678,86850000,32374
1,579,8685000,8685000,407,678,8700000,3237
1,5790,86850000,86850000,407,678,86865000,32379
1,5791,86865000,86865000,407,678,86880000,32385
1,5792,86880000,86880000,407,678,86895000,32390
1,5793,86895000,86895000,407,678,86910000,32398
1,5794,86910000,86910000,407,678,86925000,32402
1,5795,86925000,86925000,407,678,86940000,32406
1,5796,86940000,86940000,407,678,86955000,32413
1,5797,86955000,86955000,407,678,86970000,32419
1,5798,86970000,86970000,407,678,86985000,32425
1,5799,86985000,86985000,407,678,87000000,32428
1,58,870000,870000,407,678,885000,326
1,580,8700000,8700000,407,678,8715000,3242
1,5800,87000000,87000000,407,678,87015000,32437
1,5801,87015000,87015000,407,678,87030000,32441
1,5802,87030000,87030000,407,678,87045000,32446
1,5803,87045000,87045000,407,678,87060000,32453
1,5804,87060000,87060000,407,678,87075000,32457
1,5805,87075000,87075000,407,678,87090000,32464
1,5806,87090000,87090000,407,678,87105000,32469
1,5807,87105000,87105000,407,678,87120000,32474
1,5808,87120000,87120000,407,678,87135000,32481
1,5809,87135000,87135000,407,678,87150000,32484
1,581,8715000,8715000,407,678,8730000,3250
1,5810,87150000,87150000,407,678,87165000,32492
1,5811,87165000,87165000,407,678,87180000,32497
1,5812,87180000,87180000,407,678,87195000,32502
1,5813,87195000,87195000,407,678,87210000,32509
1,5814,87210000,87210000,407,678,87225000,32514
1,5815,87225000,87225000,407,678,87240000,32519
1,5816,87240000,87240000,407,678,87255000,32525
1,5817,87255000,87255000,407,678,87270000,32530
1,5818,87270000,87270000,407,678,87285000,32536
1,5819,87285000,87285000,407,678,87300000,32542
1,582,8730000,8730000,407,678,8745000,3253
1,5820,87300000,87300000,407,678,87315000,32547
1,5821,87315000,87315000,407,678,87330000,32554
1,5822,87330000,87330000,407,678,87345000,32558
1,5823,87345000,87345000,407,678,87360000,32563
1,5824,87360000,87360000,407,678,87375000,32570
1,5825,87375000,87375000,407,678,87390000,32574
1,5826,87390000,87390000,407,678,87405000,32583
1,5827,87405000,87405000,407,678,87420000,32586
1,5828,87420000,87420000,407,678,87435000,32592
1,5829,87435000,87435000,407,678,87450000,32597
1,583,8745000,8745000,407,678,8760000,3261
1,5830,87450000,87450000,407,678,87465000,32603
1,5831,87465000,87465000,407,678,87480000,32609
1,5832,87480000,87480000,407,678,87495000,32613
1,5833,87495000,87495000,407,678,87510000,32621
1,5834,87510000,87510000,407,678,87525000,32626
1,5835,87525000,87525000,407,678,87540000,32632
1,5836,87540000,87540000,407,678,87555000,32637
1,5837,87555000,87555000,407,678,87570000,32642
1,5838,87570000,87570000,407,678,87585000,32648
1,5839,87585000,87585000,407,678,87600000,32651
1,584,8760000,8760000,407,678,8775000,3265
1,5840,87600000,87600000,407,678,87615000,32660
1,5841,87615000,87615000,407,678,87630000,32665
1,5842,87630000,87630000,407,678,87645000,32671
1,5843,87645000,87645000,407,678,87660000,32676
1,5844,87660000,87660000,407,678,87675000,32680
1,5845,87675000,87675000,407,678,87690000,32688
1,5846,87690000,87690000,407,678,87705000,32693
1,5847,87705000,87705000,407,678,87720000,32698
1,5848,87720000,87720000,407,678,87735000,32704
1,5849,87735000,87735000,407,678,87750000,32709
1,585,8775000,8775000,407,678,8790000,3271
1,5850,87750000,87750000,407,678,87765000,32716
1,5851,87765000,87765000,407,678,87780000,32720
1,5852,87780000,87780000,407,678,87795000,32726
1,5853,87795000,87795000,407,678,87810000,32732
1,5854,87810000,87810000,407,678,87825000,32737
1,5855,87825000,87825000,407,678,87840000,32742
1,5856,87840000,87840000,407,678,87855000,32751
1,5857,87855000,87855000,407,678,87870000,32754
1,5858,87870000,87870000,407,678,87885000,32759
1,5859,87885000,87885000,407,678,87900000,32765
1,586,8790000,8790000,407,678,8805000,3279
1,5860,87900000,87900000,407,678,87915000,32770
1,5861,87915000,87915000,407,678,87930000,32778
1,5862,87930000,87930000,407,678,87945000,32781
1,5863,87945000,87945000,407,678,87960000,32789
1,5864,87960000,87960000,407,678,87975000,32793
1,5865,87975000,87975000,407,678,87990000,32797
1,5866,87990000,87990000,407,678,88005000,32807
1,5867,88005000,88005000,407,678,88020000,32810
1,5868,88020000,88020000,407,678,88035000,32816
1,5869,88035000,88035000,407,678,88050000,32820
1,587,8805000,8805000,407,678,8820000,3282
1,5870,88050000,88050000,407,678,88065000,32828
1,5871,88065000,88065000,407,678,88080000,32832
1,5872,88080000,88080000,407,678,88095000,32837
1,5873,88095000,88095000,407,678,88110000,32844
1,5874,88110000,88110000,407,678,88125000,32849
1,5875,88125000,88125000,407,678,88140000,32855
1,5876,88140000,88140000,407,678,88155000,32860
1,5877,88155000,88155000,407,678,88170000,32868
1,5878,88170000,88170000,407,678,88185000,32872
1,5879,88185000,88185000,407,678,88200000,32875
1,588,8820000,8820000,407,678,8835000,3288
1,5880,88200000,88200000,407,678,88215000,32883
1,5881,88215000,88215000,407,678,88230000,32888
1,5882,88230000,88230000,407,678,88245000,32895
1,5883,88245000,88245000,407,678,88260000,32900
1,5884,88260000,88260000,407,678,88275000,32905
1,5885,88275000,88275000,407,678,88290000,32911
1,5886,88290000,88290000,407,678,88305000,32916
1,5887,88305000,88305000,407,678,88320000,32921
1,5888,88320000,88320000,407,678,88335000,32928
1,5889,88335000,88335000,407,678,88350000,32933
1,589,8835000,8835000,407,678,8850000,3292
1,5890,88350000,88350000,407,678,88365000,32939
1,5891,88365000,88365000,407,678,88380000,32945
1,5892,88380000,88380000,407,678,88395000,32949
1,5893,88395000,88395000,407,678,88410000,32956
1,5894,88410000,88410000,407,678,88425000,32961
1,5895,88425000,88425000,407,678,88440000,32965
1,5896,88440000,88440000,407,678,88455000,32974
1,5897,88455000,88455000,407,678,88470000,32977
1,5898,88470000,88470000,407,678,88485000,32985
1,5899,88485000,88485000,407,678,88500000,32989
1,59,885000,885000,407,678,900000,329
1,590,8850000,8850000,407,678,8865000,3300
1,5900,88500000,88500000,407,678,88515000,32994
1,5901,88515000,88515000,407,678,88530000,33001
1,5902,88530000,88530000,407,678,88545000,33004
1,5903,88545000,88545000,407,678,88560000,33012
1,5904,88560000,88560000,407,678,88575000,33017
1,5905,88575000,88575000,407,678,88590000,33023
1,5906,88590000,88590000,407,678,88605000,33029
1,5907,88605000,88605000,407,678,88620000,33033
1,5908,88620000,88620000,407,678,88635000,33039
1,5909,88635000,88635000,407,678,88650000,33044
1,591,8865000,8865000,407,678,8880000,3304
1,5910,88650000,88650000,407,678,88665000,33052
1,5911,88665000,88665000,407,678,88680000,33056
1,5912,88680000,88680000,407,678,88695000,33062
1,5913,88695000,88695000,407,678,88710000,33067
1,5914,88710000,88710000,407,678,88725000,33073
1,5915,88725000,88725000,407,678,88740000,33079
1,5916,88740000,88740000,407,678,88755000,33084
1,5917,88755000,88755000,407,678,88770000,33090
1,5918,88770000,88770000,407,678,88785000,33095
1,5919,88785000,88785000,407,678,88800000,33100
1,592,8880000,8880000,407,678,8895000,3311
1,5920,88800000,88800000,407,678,88815000,33107
1,5921,88815000,88815000,407,678,88830000,33112
1,5922,88830000,88830000,407,678,88845000,33118
1,5923,88845000,88845000,407,678,88860000,33123
1,5924,88860000,88860000,407,678,88875000,33128
1,5925,88875000,88875000,407,678,88890000,33135
1,5926,88890000,88890000,407,678,88905000,33142
1,5927,88905000,88905000,407,678,88920000,33145
1,5928,88920000,88920000,407,678,88935000,33150
1,5929,88935000,88935000,407,678,88950000,33156
1,593,8895000,8895000,407,678,8910000,3316
1,5930,88950000,88950000,407,678,88965000,33163
1,5931,88965000,88965000,407,678,88980000,33169
1,5932,88980000,88980000,407,678,88995000,33173
1,5933,88995000,88995000,407,678,89010000,33181
1,5934,89010000,89010000,407,678,89025000,33184
1,5935,89025000,89025000,407,678,89040000,33188
1,5936,89040000,89040000,407,678,89055000,33198
1,5937,89055000,89055000,407,678,89070000,33201
1,5938,89070000,89070000,407,678,89085000,33208
1,5939,89085000,89085000,407,678,89100000,33211
1,594,8910000,8910000,407,678,8925000,3321
1,5940,89100000,89100000,407,678,89115000,33219
1,5941,89115000,89115000,407,678,89130000,33225
1,5942,89130000,89130000,407,678,89145000,33228
1,5943,89145000,89145000,407,678,89160000,33236
1,5944,89160000,89160000,407,678,89175000,33240
1,5945,89175000,89175000,407,678,89190000,33246
1,5946,89190000,89190000,407,678,89205000,33253
1,5947,89205000,89205000,407,678,89220000,33259
1,5948,89220000,89220000,407,678,89235000,33263
1,5949,89235000,89235000,407,678,89250000,33267
1,595,8925000,8925000,407,678,8940000,3327
1,5950,89250000,89250000,407,678,89265000,33274
1,5951,89265000,89265000,407,678,89280000,33279
1,5952,89280000,89280000,407,678,89295000,33286
1,5953,89295000,89295000,407,678,89310000,33291
1,5954,89310000,89310000,407,678,89325000,33298
1,5955,89325000,89325000,407,678,89340000,33302
1,5956,89340000,89340000,407,678,89355000,33307
1,5957,89355000,89355000,407,678,89370000,33314
1,5958,89370000,89370000,407,678,89385000,33319
1,5959,89385000,89385000,407,678,89400000,33324
1,596,8940000,8940000,407,678,8955000,3332
1,5960,89400000,89400000,407,678,89415000,33330
1,5961,89415000,89415000,407,678,89430000,33336
1,5962,89430000,89430000,407,678,89445000,33342
1,5963,89445000,89445000,407,678,89460000,33347
1,5964,89460000,89460000,407,678,89475000,33352
1,5965,89475000,89475000,407,678,89490000,33358
1,5966,89490000,89490000,407,678,89505000,33365
1,5967,89505000,89505000,407,678,89520000,33368
1,5968,89520000,89520000,407,678,89535000,33376
1,5969,89535000,89535000,407,678,89550000,33380
1,597,8955000,8955000,407,678,8970000,3340
1,5970,89550000,89550000,407,678,89565000,33386
1,5971,89565000,89565000,407,678,89580000,33392
1,5972,89580000,89580000,407,678,89595000,33395
1,5973,89595000,89595000,407,678,89610000,33405
1,5974,89610000,89610000,407,678,89625000,33408
1,5975,89625000,89625000,407,678,89640000,33414
1,5976,89640000,89640000,407,678,89655000,33421
1,5977,89655000,89655000,407,678,89670000,33424
1,5978,89670000,89670000,407,678,89685000,33432
1,5979,89685000,89685000,407,678,89700000,33435
1,598,8970000,8970000,407,678,8985000,3344
1,5980,89700000,89700000,407,678,89715000,33443
1,5981,89715000,89715000,407,678,89730000,33448
1,5982,89730000,89730000,407,678,89745000,33453
1,5983,89745000,89745000,407,678,89760000,33458
1,5984,89760000,89760000,407,678,89775000,33464
1,5985,89775000,89775000,407,678,89790000,33470
1,5986,89790000,89790000,407,678,89805000,33476
1,5987,89805000,89805000,407,678,89820000,33482
1,5988,89820000,89820000,407,678,89835000,33486
1,5989,89835000,89835000,407,678,89850000,33493
1,599,8985000,8985000,407,678,9000000,3349
1,5990,89850000,89850000,407,678,89865000,33498
1,5991,89865000,89865000,407,678,89880000,33503
1,5992,89880000,89880000,407,678,89895000,33509
1,5993,89895000,89895000,407,678,89910000,33514
1,5994,89910000,89910000,407,678,89925000,33521
1,5995,89925000,89925000,407,678,89940000,33526
1,5996,89940000,89940000,407,678,89955000,33533
1,5997,89955000,89955000,407,678,89970000,33537
1,5998,89970000,89970000,407,678,89985000,33542
1,5999,89985000,89985000,407,678,90000000,33547
1,6,90000,90000,407,678,105000,33
1,60,900000,900000,407,678,915000,336
1,600,9000000,9000000,407,678,9015000,3355
1,6000,90000000,90000000,407,678,90015000,33554
1,6001,90015000,90015000,407,678,90030000,33560
1,6002,90030000,90030000,407,678,90045000,33565
1,6003,90045000,90045000,407,678,90060000,33572
1,6004,90060000,90060000,407,678,90075000,33575
1,6005,90075000,90075000,407,678,90090000,33581
1,6006,90090000,90090000,407,678,90105000,33589
1,6007,90105000,90105000,407,678,90120000,33592
1,6008,90120000,90120000,407,678,90135000,33599
1,6009,90135000,90135000,407,678,90150000,33603
1,601,9015000,9015000,407,678,9030000,3360
1,6010,90150000,90150000,407,678,90165000,33612
1,6011,90165000,90165000,407,678,90180000,33616
1,6012,90180000,90180000,407,678,90195000,33619
1,6013,90195000,90195000,407,678,90210000,33628
1,6014,90210000,90210000,407,678,90225000,33631
1,6015,90225000,90225000,407,678,90240000,33637
1,6016,90240000,90240000,407,678,90255000,33644
1,6017,90255000,90255000,407,678,90270000,33650
1,6018,90270000,90270000,407,678,90285000,33655
1,6019,90285000,90285000,407,678,90300000,33658
1,602,9030000,9030000,407,678,9045000,3367
1,6020,90300000,90300000,407,678,90315000,33666
1,6021,90315000,90315000,407,678,90330000,33672
1,6022,90330000,90330000,407,678,90345000,33677
1,6023,90345000,90345000,407,678,90360000,33682
1,6024,90360000,90360000,407,678,90375000,33689
1,6025,90375000,90375000,407,678,90390000,33693
1,6026,90390000,90390000,407,678,90405000,33700
1,6027,90405000,90405000,407,678,90420000,33705
1,6028,90420000,90420000,407,678,90435000,33710
1,6029,90435000,90435000,407,678,90450000,33716
1,603,9045000,9045000,407,678,9060000,3372
1,6030,90450000,90450000,407,678,90465000,33721
1,6031,90465000,90465000,407,678,90480000,33728
1,6032,90480000,90480000,407,678,90495000,33733
1,6033,90495000,90495000,407,678,90510000,33738
1,6034,90510000,90510000,407,678,90525000,33744
1,6035,90525000,90525000,407,678,90540000,33749
1,6036,90540000,90540000,407,678,90555000,33756
1,6037,90555000,90555000,407,678,90570000,33761
1,6038,90570000,90570000,407,678,90585000,33767
1,6039,90585000,90585000,407,678,90600000,33771
1,604,9060000,9060000,407,678,9075000,3377
1,6040,90600000,90600000,407,678,90615000,33777
1,6041,90615000,90615000,407,678,90630000,33783
1,6042,90630000,90630000,407,678,90645000,33789
1,6043,90645000,90645000,407,678,90660000,33796
1,6044,90660000,90660000,407,678,90675000,33799
1,6045,90675000,90675000,407,678,90690000,33806
1,6046,90690000,90690000,407,678,90705000,33812
1,6047,90705000,90705000,407,678,90720000,33815
1,6048,90720000,90720000,407,678,90735000,33823
1,6049,90735000,90735000,407,678,90750000,33826
1,605,9075000,9075000,407,678,9090000,3383
1,6050,90750000,90750000,407,678,90765000,33835
1,6051,90765000,90765000,407,678,90780000,33839
1,6052,90780000,90780000,407,678,90795000,33844
1,6053,90795000,90795000,407,678,90810000,33852
1,6054,90810000,90810000,407,678,90825000,33855
1,6055,90825000,90825000,407,678,90840000,33861
1,6056,90840000,90840000,407,678,90855000,33867
1,6057,90855000,90855000,407,678,90870000,33873
1,6058,90870000,90870000,407,678,90885000,33879
1,6059,90885000,90885000,407,678,90900000,33884
1,606,9090000,9090000,407,678,9105000,3390
1,6060,90900000,90900000,407,678,90915000,33889
1,6061,90915000,90915000,407,678,90930000,33895
1,6062,90930000,90930000,407,678,90945000,33900
1,6063,90945000,90945000,407,678,90960000,33905
1,6064,90960000,90960000,407,678,90975000,33913
1,6065,90975000,90975000,407,678,90990000,33917
1,6066,90990000,90990000,407,678,91005000,33925
1,6067,91005000,91005000,407,678,91020000,33928
1,6068,91020000,91020000,407,678,91035000,33933
1,6069,91035000,91035000,407,678,91050000,33940
1,607,9105000,9105000,407,678,9120000,3393
1,6070,91050000,91050000,407,678,91065000,33945
1,6071,91065000,91065000,407,678,91080000,33951
1,6072,91080000,91080000,407,678,91095000,33956
1,6073,91095000,91095000,407,678,91110000,33963
1,6074,91110000,91110000,407,678,91125000,33968
1,6075,91125000,91125000,407,678,91140000,33973
1,6076,91140000,91140000,407,678,91155000,33980
1,6077,91155000,91155000,407,678,91170000,33984
1,6078,91170000,91170000,407,678,91185000,33990
1,6079,91185000,91185000,407,678,91200000,33994
1,608,9120000,9120000,407,678,9135000,3400
1,6080,91200000,91200000,407,678,91215000,34003
1,6081,91215000,91215000,407,678,91230000,34007
1,6082,91230000,91230000,407,678,91245000,34011
1,6083,91245000,91245000,407,678,91260000,34019
1,6084,91260000,91260000,407,678,91275000,34022
1,6085,91275000,91275000,407,678,91290000,34030
1,6086,91290000,91290000,407,678,91305000,34036
1,6087,91305000,91305000,407,678,91320000,34041
1,6088,91320000,91320000,407,678,91335000,34046
1,6089,91335000,91335000,407,678,91350000,34049
1,609,9135000,9135000,407,678,9150000,3405
1,6090,91350000,91350000,407,678,91365000,34059
1,6091,91365000,91365000,407,678,91380000,34063
1,6092,91380000,91380000,407,678,91395000,34068
1,6093,91395000,91395000,407,678,91410000,34074
1,6094,91410000,91410000,407,678,91425000,34080
1,6095,91425000,91425000,407,678,91440000,34084
1,6096,91440000,91440000,407,678,91455000,34091
1,6097,91455000,91455000,407,678,91470000,34097
1,6098,91470000,91470000,407,678,91485000,34102
1,6099,91485000,91485000,407,678,91500000,34107
1,61,915000,915000,407,678,930000,341
1,610,9150000,9150000,407,678,9165000,3411
1,6100,91500000,91500000,407,678,91515000,34112
1,6101,91515000,91515000,407,678,91530000,34121
1,6102,91530000,91530000,407,678,91545000,34124
1,6103,91545000,91545000,407,678,91560000,34129
1,6104,91560000,91560000,407,678,91575000,34135
1,6105,91575000,91575000,407,678,91590000,34140
1,6106,91590000,91590000,407,678,91605000,34149
1,6107,91605000,91605000,407,678,91620000,34152
1,6108,91620000,91620000,407,678,91635000,34159
1,6109,91635000,91635000,407,678,91650000,34163
1,611,9165000,9165000,407,678,9180000,3417
1,6110,91650000,91650000,407,678,91665000,34168
1,6111,91665000,91665000,407,678,91680000,34174
1,6112,91680000,91680000,407,678,91695000,34180
1,6113,91695000,91695000,407,678,91710000,34187
1,6114,91710000,91710000,407,678,91725000,34191
1,6115,91725000,91725000,407,678,91740000,34197
1,6116,91740000,91740000,407,678,91755000,34203
1,6117,91755000,91755000,407,678,91770000,34208
1,6118,91770000,91770000,407,678,91785000,34214
1,6119,91785000,91785000,407,678,91800000,34218
1,612,9180000,9180000,407,678,9195000,3421
1,6120,91800000,91800000,407,678,91815000,34226
1,6121,91815000,91815000,407,678,91830000,34230
1,6122,91830000,91830000,407,678,91845000,34237
1,6123,91845000,91845000,407,678,91860000,34243
1,6124,91860000,91860000,407,678,91875000,34246
1,6125,91875000,91875000,407,678,91890000,34253
1,6126,91890000,91890000,407,678,91905000,34258
1,6127,91905000,91905000,407,678,91920000,34264
1,6128,91920000,91920000,407,678,91935000,34270
1,6129,91935000,91935000,407,678,91950000,34275
1,613,9195000,9195000,407,678,9210000,3430
1,6130,91950000,91950000,407,678,91965000,34282
1,6131,91965000,91965000,407,678,91980000,34286
1,6132,91980000,91980000,407,678,91995000,34291
1,6133,91995000,91995000,407,678,92010000,34298
1,6134,92010000,92010000,407,678,92025000,34304
1,6135,92025000,92025000,407,678,92040000,34308
1,6136,92040000,92040000,407,678,92055000,34316
1,6137,92055000,92055000,407,678,92070000,34319
1,6138,92070000,92070000,407,678,92085000,34326
1,6139,92085000,92085000,407,678,92100000,34331
1,614,9210000,9210000,407,678,9225000,3433
1,6140,92100000,92100000,407,678,92115000,34336
1,6141,92115000,92115000,407,678,92130000,34344
1,6142,92130000,92130000,407,678,92145000,34347
1,6143,92145000,92145000,407,678,92160000,34354
1,6144,92160000,92160000,407,678,92175000,34359
1,6145,92175000,92175000,407,678,92190000,34364
1,6146,92190000,92190000,407,678,92205000,34372
1,6147,92205000,92205000,407,678,92220000,34375
1,6148,92220000,92220000,407,678,92235000,34381
1,6149,92235000,92235000,407,678,92250000,34387
1,615,9225000,9225000,407,678,9240000,3437
1,6150,92250000,92250000,407,678,92265000,34394
1,6151,92265000,92265000,407,678,92280000,34398
1,6152,92280000,92280000,407,678,92295000,34403
1,6153,92295000,92295000,407,678,92310000,34410
1,6154,92310000,92310000,407,678,92325000,34415
1,6155,92325000,92325000,407,678,92340000,34421
1,6156,92340000,92340000,407,678,92355000,34427
1,6157,92355000,92355000,407,678,92370000,34433
1,6158,92370000,92370000,407,678,92385000,34437
1,6159,92385000,92385000,407,678,92400000,34440
1,616,9240000,9240000,407,678,9255000,3446
1,617,9255000,9255000,407,678,9270000,3449
1,618,9270000,9270000,407,678,9285000,3457
1,619,9285000,9285000,407,678,9300000,3461
1,62,930000,930000,407,678,945000,345
1,620,9300000,9300000,407,678,9315000,3468
1,621,9315000,9315000,407,678,9330000,3473
1,622,9330000,9330000,407,678,9345000,3476
1,623,9345000,9345000,407,678,9360000,3484
1,624,9360000,9360000,407,678,9375000,3489
1,625,9375000,9375000,407,678,9390000,3495
1,626,9390000,9390000,407,678,9405000,3501
1,627,9405000,9405000,407,678,9420000,3507
1,628,9420000,9420000,407,678,9435000,3511
1,629,9435000,9435000,407,678,9450000,3516
1,63,945000,945000,407,678,960000,352
1,630,9450000,9450000,407,678,9465000,3524
1,631,9465000,9465000,407,678,9480000,3528
1,632,9480000,9480000,407,678,9495000,3534
1,633,9495000,9495000,407,678,9510000,3539
1,634,9510000,9510000,407,678,9525000,3547
1,635,9525000,9525000,407,678,9540000,3551
1,636,9540000,9540000,407,678,9555000,3556
1,637,9555000,9555000,407,678,9570000,3562
1,638,9570000,9570000,407,678,9585000,3567
1,639,9585000,9585000,407,678,9600000,3572
1,64,960000,960000,407,678,975000,357
1,640,9600000,9600000,407,678,9615000,3579
1,641,9615000,9615000,407,678,9630000,3586
1,642,9630000,9630000,407,678,9645000,3590
1,643,9645000,9645000,407,678,9660000,3595
1,644,9660000,9660000,407,678,9675000,3600
1,645,9675000,9675000,407,678,9690000,3607
1,646,9690000,9690000,407,678,9705000,3614
1,647,9705000,9705000,407,678,9720000,3617
1,648,9720000,9720000,407,678,9735000,3624
1,649,9735000,9735000,407,678,9750000,3628
1,65,975000,975000,407,678,990000,363
1,650,9750000,9750000,407,678,9765000,3635
1,651,9765000,9765000,407,678,9780000,3641
1,652,9780000,9780000,407,678,9795000,3645
1,653,9795000,9795000,407,678,9810000,3653
1,654,9810000,9810000,407,678,9825000,3656
1,655,9825000,9825000,407,678,9840000,3662
1,656,9840000,9840000,407,678,9855000,3670
1,657,9855000,9855000,407,678,9870000,3673
1,658,9870000,9870000,407,678,9885000,3680
1,659,9885000,9885000,407,678,9900000,3683
1,66,990000,990000,407,678,1005000,370
1,660,9900000,9900000,407,678,9915000,3691
1,661,9915000,9915000,407,678,9930000,3697
1,662,9930000,9930000,407,678,9945000,3702
1,663,9945000,9945000,407,678,9960000,3708
1,664,9960000,9960000,407,678,9975000,3712
1,665,9975000,9975000,407,678,9990000,3718
1,666,9990000,9990000,407,678,10005000,3725
1,667,10005000,10005000,407,678,10020000,3731
1,668,10020000,10020000,407,678,10035000,3735
1,669,10035000,10035000,407,678,10050000,3741
1,67,1005000,1005000,407,678,1020000,375
1,670,10050000,10050000,407,678,10065000,3746
1,671,10065000,10065000,407,678,10080000,3751
1,672,10080000,10080000,407,678,10095000,3758
1,673,10095000,10095000,407,678,10110000,3763
1,674,10110000,10110000,407,678,10125000,3770
1,675,10125000,10125000,407,678,10140000,3774
1,676,10140000,10140000,407,678,10155000,3781
1,677,10155000,10155000,407,678,10170000,3786
1,678,10170000,10170000,407,678,10185000,3791
1,679,10185000,10185000,407,678,10200000,3796
1,68,1020000,1020000,407,678,1035000,379
1,680,10200000,10200000,407,678,10215000,3802
1,681,10215000,10215000,407,678,10230000,3808
1,682,10230000,10230000,407,678,10245000,3814
1,683,10245000,10245000,407,678,10260000,3821
1,684,10260000,10260000,407,678,10275000,3824
1,685,10275000,10275000,407,678,10290000,3830
1,686,10290000,10290000,407,678,10305000,3837
1,687,10305000,10305000,407,678,10320000,3840
1,688,10320000,10320000,407,678,10335000,3848
1,689,10335000,10335000,407,678,10350000,3852
1,69,1035000,1035000,407,678,1050000,385
1,690,10350000,10350000,407,678,10365000,3860
1,691,10365000,10365000,407,678,10380000,3864
1,692,10380000,10380000,407,678,10395000,3867
1,693,10395000,10395000,407,678,10410000,3877
1,694,10410000,10410000,407,678,10425000,3880
1,695,10425000,10425000,407,678,10440000,3886
1,696,10440000,10440000,407,678,10455000,3893
1,697,10455000,10455000,407,678,10470000,3898
1,698,10470000,10470000,407,678,10485000,3904
1,699,10485000,10485000,407,678,10500000,3907
1,7,105000,105000,407,678,120000,39
1,70,1050000,1050000,407,678,1065000,392
1,700,10500000,10500000,407,678,10515000,3915
1,701,10515000,10515000,407,678,10530000,3920
1,702,10530000,10530000,407,678,10545000,3925
1,703,10545000,10545000,407,678,10560000,3930
1,704,10560000,10560000,407,678,10575000,3938
1,705,10575000,10575000,407,678,10590000,3942
1,706,10590000,10590000,407,678,10605000,3948
1,707,10605000,10605000,407,678,10620000,3954
1,708,10620000,10620000,407,678,10635000,3958
1,709,10635000,10635000,407,678,10650000,3965
1,71,1065000,1065000,407,678,1080000,396
1,710,10650000,10650000,407,678,10665000,3970
1,711,10665000,10665000,407,678,10680000,3977
1,712,10680000,10680000,407,678,10695000,3981
1,713,10695000,10695000,407,678,10710000,3986
1,714,10710000,10710000,407,678,10725000,3993
1,715,10725000,10725000,407,678,10740000,3998
1,716,10740000,10740000,407,678,10755000,4005
1,717,10755000,10755000,407,678,10770000,4009
1,718,10770000,10770000,407,678,10785000,4016
1,719,10785000,10785000,407,678,10800000,4019
1,72,1080000,1080000,407,678,1095000,402
1,720,10800000,10800000,407,678,10815000,4026
1,721,10815000,10815000,407,678,10830000,4032
1,722,10830000,10830000,407,678,10845000,4037
1,723,10845000,10845000,407,678,10860000,4044
1,724,10860000,10860000,407,678,10875000,4047
1,725,10875000,10875000,407,678,10890000,4055
1,726,10890000,10890000,407,678,10905000,4061
1,727,10905000,10905000,407,678,10920000,4064
1,728,10920000,10920000,407,678,10935000,4071
1,729,10935000,10935000,407,678,10950000,4075
1,73,1095000,1095000,407,678,1110000,408
1,730,10950000,10950000,407,678,10965000,4084
1,731,10965000,10965000,407,678,10980000,4088
1,732,10980000,10980000,407,678,10995000,4093
1,733,10995000,10995000,407,678,11010000,4100
1,734,11010000,11010000,407,678,11025000,4103
1,735,11025000,11025000,407,678,11040000,4109
1,736,11040000,11040000,407,678,11055000,4116
1,737,11055000,11055000,407,678,11070000,4122
1,738,11070000,11070000,407,678,11085000,4127
1,739,11085000,11085000,407,678,11100000,4132
1,74,1110000,1110000,407,678,1125000,415
1,740,11100000,11100000,407,678,11115000,4138
1,741,11115000,11115000,407,678,11130000,4144
1,742,11130000,11130000,407,678,11145000,4149
1,743,11145000,11145000,407,678,11160000,4154
1,744,11160000,11160000,407,678,11175000,4161
1,745,11175000,11175000,407,678,11190000,4165
1,746,11190000,11190000,407,678,11205000,4174
1,747,11205000,11205000,407,678,11220000,4177
1,748,11220000,11220000,407,678,11235000,4182
1,749,11235000,11235000,407,678,11250000,4188
1,75,1125000,1125000,407,678,1140000,419
1,750,11250000,11250000,407,678,11265000,4193
1,751,11265000,11265000,407,678,11280000,4200
1,752,11280000,11280000,407,678,11295000,4205
1,753,11295000,11295000,407,678,11310000,4212
1,754,11310000,11310000,407,678,11325000,4216
1,755,11325000,11325000,407,678,11340000,4221
1,756,11340000,11340000,407,678,11355000,4228
1,757,11355000,11355000,407,678,11370000,4233
1,758,11370000,11370000,407,678,11385000,4239
1,759,11385000,11385000,407,678,11400000,4243
1,76,1140000,1140000,407,678,1155000,424
1,760,11400000,11400000,407,678,11415000,4251
1,761,11415000,11415000,407,678,11430000,4255
1,762,11430000,11430000,407,678,11445000,4261
1,763,11445000,11445000,407,678,11460000,4268
1,764,11460000,11460000,407,678,11475000,4271
1,765,11475000,11475000,407,678,11490000,4278
1,766,11490000,11490000,407,678,11505000,4284
1,767,11505000,11505000,407,678,11520000,4289
1,768,11520000,11520000,407,678,11535000,4295
1,769,11535000,11535000,407,678,11550000,4298
1,77,1155000,1155000,407,678,1170000,431
1,770,11550000,11550000,407,678,11565000,4307
1,771,11565000,11565000,407,678,11580000,4311
1,772,11580000,11580000,407,678,11595000,4316
1,773,11595000,11595000,407,678,11610000,4324
1,774,11610000,11610000,407,678,11625000,4329
1,775,11625000,11625000,407,678,11640000,4333
1,776,11640000,11640000,407,678,11655000,4339
1,777,11655000,11655000,407,678,11670000,4345
1,778,11670000,11670000,407,678,11685000,4351
1,779,11685000,11685000,407,678,11700000,4356
1,78,1170000,1170000,407,678,1185000,435
1,780,11700000,11700000,407,678,11715000,4361
1,781,11715000,11715000,407,678,11730000,4369
1,782,11730000,11730000,407,678,11745000,4372
1,783,11745000,11745000,407,678,11760000,4377
1,784,11760000,11760000,407,678,11775000,4385
1,785,11775000,11775000,407,678,11790000,4389
1,786,11790000,11790000,407,678,11805000,4397
1,787,11805000,11805000,407,678,11820000,4400
1,788,11820000,11820000,407,678,11835000,4407
1,789,11835000,11835000,407,678,11850000,4412
1,79,1185000,1185000,407,678,1200000,440
1,790,11850000,11850000,407,678,11865000,4417
1,791,11865000,11865000,407,678,11880000,4423
1,792,11880000,11880000,407,678,11895000,4428
1,793,11895000,11895000,407,678,11910000,4435
1,794,11910000,11910000,407,678,11925000,4440
1,795,11925000,11925000,407,678,11940000,4447
1,796,11940000,11940000,407,678,11955000,4452
1,797,11955000,11955000,407,678,11970000,4456
1,798,11970000,11970000,407,678,11985000,4462
1,799,11985000,11985000,407,678,12000000,4466
1,8,120000,120000,407,678,135000,44
1,80,1200000,1200000,407,678,1215000,448
1,800,12000000,12000000,407,678,12015000,4475
1,801,12015000,12015000,407,678,12030000,4479
1,802,12030000,12030000,407,678,12045000,4485
1,803,12045000,12045000,407,678,12060000,4491
1,804,12060000,12060000,407,678,12075000,4494
1,805,12075000,12075000,407,678,12090000,4502
1,806,12090000,12090000,407,678,12105000,4508
1,807,12105000,12105000,407,678,12120000,4513
1,808,12120000,12120000,407,678,12135000,4518
1,809,12135000,12135000,407,678,12150000,4523
1,81,1215000,1215000,407,678,1230000,454
1,810,12150000,12150000,407,678,12165000,4531
1,811,12165000,12165000,407,678,12180000,4535
1,812,12180000,12180000,407,678,12195000,4540
1,813,12195000,12195000,407,678,12210000,4546
1,814,12210000,12210000,407,678,12225000,4552
1,815,12225000,12225000,407,678,12240000,4556
1,816,12240000,12240000,407,678,12255000,4565
1,817,12255000,12255000,407,678,12270000,4569
1,818,12270000,12270000,407,678,12285000,4574
1,819,12285000,12285000,407,678,12300000,4579
1,82,1230000,1230000,407,678,1245000,458
1,820,12300000,12300000,407,678,12315000,4584
1,821,12315000,12315000,407,678,12330000,4593
1,822,12330000,12330000,407,678,12345000,4596
1,823,12345000,12345000,407,678,12360000,4603
1,824,12360000,12360000,407,678,12375000,4607
1,825,12375000,12375000,407,678,12390000,4612
1,826,12390000,12390000,407,678,12405000,4621
1,827,12405000,12405000,407,678,12420000,4624
1,828,12420000,12420000,407,678,12435000,4631
1,829,12435000,12435000,407,678,12450000,4635
1,83,1245000,1245000,407,678,1260000,463
1,830,12450000,12450000,407,678,12465000,4642
1,831,12465000,12465000,407,678,12480000,4646
1,832,12480000,12480000,407,678,12495000,4652
1,833,12495000,12495000,407,678,12510000,4659
1,834,12510000,12510000,407,678,12525000,4663
1,835,12525000,12525000,407,678,12540000,4669
1,836,12540000,12540000,407,678,12555000,4675
1,837,12555000,12555000,407,678,12570000,4682
1,838,12570000,12570000,407,678,12585000,4686
1,839,12585000,12585000,407,678,12600000,4690
1,84,1260000,1260000,407,678,1275000,469
1,840,12600000,12600000,407,678,12615000,4698
1,841,12615000,12615000,407,678,12630000,4702
1,842,12630000,12630000,407,678,12645000,4709
1,843,12645000,12645000,407,678,12660000,4715
1,844,12660000,12660000,407,678,12675000,4720
1,845,12675000,12675000,407,678,12690000,4725
1,846,12690000,12690000,407,678,12705000,4730
1,847,12705000,12705000,407,678,12720000,4736
1,848,12720000,12720000,407,678,12735000,4742
1,849,12735000,12735000,407,678,12750000,4747
1,85,1275000,1275000,407,678,1290000,475
1,850,12750000,12750000,407,678,12765000,4754
1,851,12765000,12765000,407,678,12780000,4760
1,852,12780000,12780000,407,678,12795000,4763
1,853,12795000,12795000,407,678,12810000,4770
1,854,12810000,12810000,407,678,12825000,4776
1,855,12825000,12825000,407,678,12840000,4780
1,856,12840000,12840000,407,678,12855000,4788
1,857,12855000,12855000,407,678,12870000,4791
1,858,12870000,12870000,407,678,12885000,4800
1,859,12885000,12885000,407,678,12900000,4803
1,86,1290000,1290000,407,678,1305000,482
1,860,12900000,12900000,407,678,12915000,4808
1,861,12915000,12915000,407,678,12930000,4816
1,862,12930000,12930000,407,678,12945000,4819
1,863,12945000,12945000,407,678,12960000,4826
1,864,12960000,12960000,407,678,12975000,4831
1,865,12975000,12975000,407,678,12990000,4838
1,866,12990000,12990000,407,678,13005000,4844
1,867,13005000,13005000,407,678,13020000,4847
1,868,13020000,13020000,407,678,13035000,4853
1,869,13035000,13035000,407,678,13050000,4859
1,87,1305000,1305000,407,678,1320000,485
1,870,13050000,13050000,407,678,13065000,4866
1,871,13065000,13065000,407,678,13080000,4870
1,872,13080000,13080000,407,678,13095000,4877
1,873,13095000,13095000,407,678,13110000,4882
1,874,13110000,13110000,407,678,13125000,4887
1,875,13125000,13125000,407,678,13140000,4893
1,876,13140000,13140000,407,678,13155000,4899
1,877,13155000,13155000,407,678,13170000,4905
1,878,13170000,13170000,407,678,13185000,4909
1,879,13185000,13185000,407,678,13200000,4914
1,88,1320000,1320000,407,678,1335000,493
1,880,13200000,13200000,407,678,13215000,4922
1,881,13215000,13215000,407,678,13230000,4926
1,882,13230000,13230000,407,678,13245000,4932
1,883,13245000,13245000,407,678,13260000,4938
1,884,13260000,13260000,407,678,13275000,4943
1,885,13275000,13275000,407,678,13290000,4949
1,886,13290000,13290000,407,678,13305000,4956
1,887,13305000,13305000,407,678,13320000,4960
1,888,13320000,13320000,407,678,13335000,4965
1,889,13335000,13335000,407,678,13350000,4970
1,89,1335000,1335000,407,678,1350000,496
1,890,13350000,13350000,407,678,13365000,4977
1,891,13365000,13365000,407,678,13380000,4984
1,892,13380000,13380000,407,678,13395000,4987
1,893,13395000,13395000,407,678,13410000,4995
1,894,13410000,13410000,407,678,13425000,4999
1,895,13425000,13425000,407,678,13440000,5003
1,896,13440000,13440000,407,678,13455000,5012
1,897,13455000,13455000,407,678,13470000,5015
1,898,13470000,13470000,407,678,13485000,5023
1,899,13485000,13485000,407,678,13500000,5026
1,9,135000,135000,407,678,150000,49
1,90,1350000,1350000,407,678,1365000,503
1,900,13500000,13500000,407,678,13515000,5033
1,901,13515000,13515000,407,678,13530000,5039
1,902,13530000,13530000,407,678,13545000,5043
1,903,13545000,13545000,407,678,13560000,5050
1,904,13560000,13560000,407,678,13575000,5054
1,905,13575000,13575000,407,678,13590000,5061
1,906,13590000,13590000,407,678,13605000,5068
1,907,13605000,13605000,407,678,13620000,5073
1,908,13620000,13620000,407,678,13635000,5077
1,909,13635000,13635000,407,678,13650000,5082
1,91,1365000,1365000,407,678,1380000,510
1,910,13650000,13650000,407,678,13665000,5089
1,911,13665000,13665000,407,678,13680000,5093
1,912,13680000,13680000,407,678,13695000,5100
1,913,13695000,13695000,407,678,13710000,5106
1,914,13710000,13710000,407,678,13725000,5112
1,915,13725000,13725000,407,678,13740000,5116
1,916,13740000,13740000,407,678,13755000,5122
1,917,13755000,13755000,407,678,13770000,5129
1,918,13770000,13770000,407,678,13785000,5133
1,919,13785000,13785000,407,678,13800000,5138
1,92,1380000,1380000,407,678,1395000,513
1,920,13800000,13800000,407,678,13815000,5145
1,921,13815000,13815000,407,678,13830000,5151
1,922,13830000,13830000,407,678,13845000,5156
1,923,13845000,13845000,407,678,13860000,5161
1,924,13860000,13860000,407,678,13875000,5167
1,925,13875000,13875000,407,678,13890000,5172
1,926,13890000,13890000,407,678,13905000,5179
1,927,13905000,13905000,407,678,13920000,5183
1,928,13920000,13920000,407,678,13935000,5191
1,929,13935000,13935000,407,678,13950000,5194
1,93,1395000,1395000,407,678,1410000,521
1,930,13950000,13950000,407,678,13965000,5200
1,931,13965000,13965000,407,678,13980000,5207
1,932,13980000,13980000,407,678,13995000,5210
1,933,13995000,13995000,407,678,14010000,5219
1,934,14010000,14010000,407,678,14025000,5222
1,935,14025000,14025000,407,678,14040000,5229
1,936,14040000,14040000,407,678,14055000,5235
1,937,14055000,14055000,407,678,14070000,5238
1,938,14070000,14070000,407,678,14085000,5247
1,939,14085000,14085000,407,678,14100000,5250
1,94,1410000,1410000,407,678,1425000,524
1,940,14100000,14100000,407,678,14115000,5257
1,941,14115000,14115000,407,678,14130000,5262
1,942,14130000,14130000,407,678,14145000,5268
1,943,14145000,14145000,407,678,14160000,5273
1,944,14160000,14160000,407,678,14175000,5278
1,945,14175000,14175000,407,678,14190000,5284
1,946,14190000,14190000,407,678,14205000,5291
1,947,14205000,14205000,407,678,14220000,5296
1,948,14220000,14220000,407,678,14235000,5300
1,949,14235000,14235000,407,678,14250000,5308
1,95,1425000,1425000,407,678,1440000,531
1,950,14250000,14250000,407,678,14265000,5313
1,951,14265000,14265000,407,678,14280000,5317
1,952,14280000,14280000,407,678,14295000,5323
1,953,14295000,14295000,407,678,14310000,5329
1,954,14310000,14310000,407,678,14325000,5336
1,955,14325000,14325000,407,678,14340000,5340
1,956,14340000,14340000,407,678,14355000,5347
1,957,14355000,14355000,407,678,14370000,5352
1,958,14370000,14370000,407,678,14385000,5356
1,959,14385000,14385000,407,678,14400000,5361
1,96,1440000,1440000,407,678,1455000,538
1,960,14400000,14400000,407,678,14415000,5369
1,961,14415000,14415000,407,678,14430000,5375
1,962,14430000,14430000,407,678,14445000,5379
1,963,14445000,14445000,407,678,14460000,5386
1,964,14460000,14460000,407,678,14475000,5390
1,965,14475000,14475000,407,678,14490000,5396
1,966,14490000,14490000,407,678,14505000,5403
1,967,14505000,14505000,407,678,14520000,5406
1,968,14520000,14520000,407,678,14535000,5414
1,969,14535000,14535000,407,678,14550000,5417
1,97,1455000,1455000,407,678,1470000,541
1,970,14550000,14550000,407,678,14565000,5426
1,971,14565000,14565000,407,678,14580000,5431
1,972,14580000,14580000,407,678,14595000,5434
1,973,14595000,14595000,407,678,14610000,5442
1,974,14610000,14610000,407,678,14625000,5445
1,975,14625000,14625000,407,678,14640000,5452
1,976,14640000,14640000,407,678,14655000,5459
1,977,14655000,14655000,407,678,14670000,5464
1,978,14670000,14670000,407,678,14685000,5469
1,979,14685000,14685000,407,678,14700000,5473
1,98,1470000,1470000,407,678,1485000,548
1,980,14700000,14700000,407,678,14715000,5480
1,981,14715000,14715000,407,678,14730000,5486
1,982,14730000,14730000,407,678,14745000,5492
1,983,14745000,14745000,407,678,14760000,5497
1,984,14760000,14760000,407,678,14775000,5503
1,985,14775000,14775000,407,678,14790000,5507
1,986,14790000,14790000,407,678,14805000,5515
1,987,14805000,14805000,407,678,14820000,5520
1,988,14820000,14820000,407,678,14835000,5524
1,989,14835000,14835000,407,678,14850000,5530
1,99,1485000,1485000,407,678,1500000,552
1,990,14850000,14850000,407,678,14865000,5536
1,991,14865000,14865000,407,678,14880000,5542
1,992,14880000,14880000,407,678,14895000,5547
1,993,14895000,14895000,407,678,14910000,5553
1,994,14910000,14910000,407,678,14925000,5559
1,995,14925000,14925000,407,678,14940000,5563
1,996,14940000,14940000,407,678,14955000,5570
1,997,14955000,14955000,407,678,14970000,5576
1,998,14970000,14970000,407,678,14985000,5582
1,999,14985000,14985000,407,678,15000000,5585
2,0,0,0,5384,8973,25000,3
2,1,25000,25000,5384,8973,50000,13
2,10,250000,250000,5384,8973,275000,96
2,100,2500000,2500000,5384,8973,2525000,937
2,1000,25000000,25000000,5384,8973,25025000,9323
2,1001,25025000,25025000,5384,8973,25050000,9334
2,1002,25050000,25050000,5384,8973,25075000,9342
2,1003,25075000,25075000,5384,8973,25100000,9353
2,1004,25100000,25100000,5384,8973,25125000,9362
2,1005,25125000,25125000,5384,8973,25150000,9371
2,1006,25150000,25150000,5384,8973,25175000,9381
2,1007,25175000,25175000,5384,8973,25200000,9388
2,1008,25200000,25200000,5384,8973,25225000,9398
2,1009,25225000,25225000,5384,8973,25250000,9409
2,101,2525000,2525000,5384,8973,2550000,944
2,1010,25250000,25250000,5384,8973,25275000,9418
2,1011,25275000,25275000,5384,8973,25300000,9426
2,1012,25300000,25300000,5384,8973,25325000,9437
2,1013,25325000,25325000,5384,8973,25350000,9445
2,1014,25350000,25350000,5384,8973,25375000,9454
2,1015,25375000,25375000,5384,8973,25400000,9463
2,1016,25400000,25400000,5384,8973,25425000,9474
2,1017,25425000,25425000,5384,8973,25450000,9484
2,1018,25450000,25450000,5384,8973,25475000,9492
2,1019,25475000,25475000,5384,8973,25500000,9501
2,102,2550000,2550000,5384,8973,2575000,954
2,1020,25500000,25500000,5384,8973,25525000,9512
2,1021,25525000,25525000,5384,8973,25550000,9519
2,1022,25550000,25550000,5384,8973,25575000,9529
2,1023,25575000,25575000,5384,8973,25600000,9538
2,1024,25600000,25600000,5384,8973,25625000,9549
2,1025,25625000,25625000,5384,8973,25650000,9557
2,1026,25650000,25650000,5384,8973,25675000,9565
2,1027,25675000,25675000,5384,8973,25700000,9577
2,1028,25700000,25700000,5384,8973,25725000,9585
2,1029,25725000,25725000,5384,8973,25750000,9594
2,103,2575000,2575000,5384,8973,2600000,964
2,1030,25750000,25750000,5384,8973,25775000,9605
2,1031,25775000,25775000,5384,8973,25800000,9614
2,1032,25800000,25800000,5384,8973,25825000,9621
2,1033,25825000,25825000,5384,8973,25850000,9632
2,1034,25850000,25850000,5384,8973,25875000,9642
2,1035,25875000,25875000,5384,8973,25900000,9649
2,1036,25900000,25900000,5384,8973,25925000,9661
2,1037,25925000,25925000,5384,8973,25950000,9669
2,1038,25950000,25950000,5384,8973,25975000,9679
2,1039,25975000,25975000,5384,8973,26000000,9686
2,104,2600000,2600000,5384,8973,2625000,972
2,1040,26000000,26000000,5384,8973,26025000,9698
2,1041,26025000,26025000,5384,8973,26050000,9707
2,1042,26050000,26050000,5384,8973,26075000,9715
2,1043,26075000,26075000,5384,8973,26100000,9725
2,1044,26100000,26100000,5384,8973,26125000,9734
2,1045,26125000,26125000,5384,8973,26150000,9744
2,1046,26150000,26150000,5384,8973,26175000,9753
2,1047,26175000,26175000,5384,8973,26200000,9762
2,1048,26200000,26200000,5384,8973,26225000,9772
2,1049,26225000,26225000,5384,8973,26250000,9781
2,105,2625000,2625000,5384,8973,2650000,983
2,1050,26250000,26250000,5384,8973,26275000,9789
2,1051,26275000,26275000,5384,8973,26300000,9800
2,1052,26300000,26300000,5384,8973,26325000,9811
2,1053,26325000,26325000,5384,8973,26350000,9818
2,1054,26350000,26350000,5384,8973,26375000,9828
2,1055,26375000,26375000,5384,8973,26400000,9836
2,1056,26400000,26400000,5384,8973,26425000,9845
2,1057,26425000,26425000,5384,8973,26450000,9855
2,1058,26450000,26450000,5384,8973,26475000,9865
2,1059,26475000,26475000,5384,8973,26500000,9875
2,106,2650000,2650000,5384,8973,2675000,992
2,1060,26500000,26500000,5384,8973,26525000,9884
2,1061,26525000,26525000,5384,8973,26550000,9892
2,1062,26550000,26550000,5384,8973,26575000,9903
2,1063,26575000,26575000,5384,8973,26600000,9910
2,1064,26600000,26600000,5384,8973,26625000,9921
2,1065,26625000,26625000,5384,8973,26650000,9931
2,1066,26650000,26650000,5384,8973,26675000,9940
2,1067,26675000,26675000,5384,8973,26700000,9948
2,1068,26700000,26700000,5384,8973,26725000,9958
2,1069,26725000,26725000,5384,8973,26750000,9968
2,107,2675000,2675000,5384,8973,2700000,1002
2,1070,26750000,26750000,5384,8973,26775000,9976
2,1071,26775000,26775000,5384,8973,26800000,9985
2,1072,26800000,26800000,5384,8973,26825000,9996
2,1073,26825000,26825000,5384,8973,26850000,10006
2,1074,26850000,26850000,5384,8973,26875000,10012
2,1075,26875000,26875000,5384,8973,26900000,10024
2,1076,26900000,26900000,5384,8973,26925000,10034
2,1077,26925000,26925000,5384,8973,26950000,10040
2,1078,26950000,26950000,5384,8973,26975000,10052
2,1079,26975000,26975000,5384,8973,27000000,10060
2,108,2700000,2700000,5384,8973,2725000,1010
2,1080,27000000,27000000,5384,8973,27025000,10070
2,1081,27025000,27025000,5384,8973,27050000,10079
2,1082,27050000,27050000,5384,8973,27075000,10089
2,1083,27075000,27075000,5384,8973,27100000,10098
2,1084,27100000,27100000,5384,8973,27125000,10108
2,1085,27125000,27125000,5384,8973,27150000,10116
2,1086,27150000,27150000,5384,8973,27175000,10126
2,1087,27175000,27175000,5384,8973,27200000,10135
2,1088,27200000,27200000,5384,8973,27225000,10144
2,1089,27225000,27225000,5384,8973,27250000,10154
2,109,2725000,2725000,5384,8973,2750000,1019
2,1090,27250000,27250000,5384,8973,27275000,10163
2,1091,27275000,27275000,5384,8973,27300000,10172
2,1092,27300000,27300000,5384,8973,27325000,10181
2,1093,27325000,27325000,5384,8973,27350000,10191
2,1094,27350000,27350000,5384,8973,27375000,10202
2,1095,27375000,27375000,5384,8973,27400000,10209
2,1096,27400000,27400000,5384,8973,27425000,10219
2,1097,27425000,27425000,5384,8973,27450000,10230
2,1098,27450000,27450000,5384,8973,27475000,10236
2,1099,27475000,27475000,5384,8973,27500000,10246
2,11,275000,275000,5384,8973,300000,106
2,110,2750000,2750000,5384,8973,2775000,1030
2,1100,27500000,27500000,5384,8973,27525000,10258
2,1101,27525000,27525000,5384,8973,27550000,10266
2,1102,27550000,27550000,5384,8973,27575000,10275
2,1103,27575000,27575000,5384,8973,27600000,10283
2,1104,27600000,27600000,5384,8973,27625000,10294
2,1105,27625000,27625000,5384,8973,27650000,10302
2,1106,27650000,27650000,5384,8973,27675000,10312
2,1107,27675000,27675000,5384,8973,27700000,10322
2,1108,27700000,27700000,5384,8973,27725000,10333
2,1109,27725000,27725000,5384,8973,27750000,10339
2,111,2775000,2775000,5384,8973,2800000,1036
2,1110,27750000,27750000,5384,8973,27775000,10349
2,1111,27775000,27775000,5384,8973,27800000,10359
2,1112,27800000,27800000,5384,8973,27825000,10367
2,1113,27825000,27825000,5384,8973,27850000,10378
2,1114,27850000,27850000,5384,8973,27875000,10387
2,1115,27875000,27875000,5384,8973,27900000,10397
2,1116,27900000,27900000,5384,8973,27925000,10405
2,1117,27925000,27925000,5384,8973,27950000,10415
2,1118,27950000,27950000,5384,8973,27975000,10425
2,1119,27975000,27975000,5384,8973,28000000,10432
2,112,2800000,2800000,5384,8973,2825000,1048
2,1120,28000000,28000000,5384,8973,28025000,10443
2,1121,28025000,28025000,5384,8973,28050000,10452
2,1122,28050000,28050000,5384,8973,28075000,10461
2,1123,28075000,28075000,5384,8973,28100000,10470
2,1124,28100000,28100000,5384,8973,28125000,10481
2,1125,28125000,28125000,5384,8973,28150000,10489
2,1126,28150000,28150000,5384,8973,28175000,10499
2,1127,28175000,28175000,5384,8973,28200000,10507
2,1128,28200000,28200000,5384,8973,28225000,10517
2,1129,28225000,28225000,5384,8973,28250000,10528
2,113,2825000,2825000,5384,8973,2850000,1057
2,1130,28250000,28250000,5384,8973,28275000,10536
2,1131,28275000,28275000,5384,8973,28300000,10545
2,1132,28300000,28300000,5384,8973,28325000,10556
2,1133,28325000,28325000,5384,8973,28350000,10563
2,1134,28350000,28350000,5384,8973,28375000,10572
2,1135,28375000,28375000,5384,8973,28400000,10582
2,1136,28400000,28400000,5384,8973,28425000,10593
2,1137,28425000,28425000,5384,8973,28450000,10601
2,1138,28450000,28450000,5384,8973,28475000,10610
2,1139,28475000,28475000,5384,8973,28500000,10621
2,114,2850000,2850000,5384,8973,2875000,1066
2,1140,28500000,28500000,5384,8973,28525000,10628
2,1141,28525000,28525000,5384,8973,28550000,10638
2,1142,28550000,28550000,5384,8973,28575000,10649
2,1143,28575000,28575000,5384,8973,28600000,10657
2,1144,28600000,28600000,5384,8973,28625000,10666
2,1145,28625000,28625000,5384,8973,28650000,10676
2,1146,28650000,28650000,5384,8973,28675000,10685
2,1147,28675000,28675000,5384,8973,28700000,10693
2,1148,28700000,28700000,5384,8973,28725000,10705
2,1149,28725000,28725000,5384,8973,28750000,10713
2,115,2875000,2875000,5384,8973,2900000,1075
2,1150,28750000,28750000,5384,8973,28775000,10724
2,1151,28775000,28775000,5384,8973,28800000,10730
2,1152,28800000,28800000,5384,8973,28825000,10741
2,1153,28825000,28825000,5384,8973,28850000,10751
2,1154,28850000,28850000,5384,8973,28875000,10758
2,1155,28875000,28875000,5384,8973,28900000,10769
2,1156,28900000,28900000,5384,8973,28925000,10779
2,1157,28925000,28925000,5384,8973,28950000,10788
2,1158,28950000,28950000,5384,8973,28975000,10796
2,1159,28975000,28975000,5384,8973,29000000,10806
2,116,2900000,2900000,5384,8973,2925000,1086
2,1160,29000000,29000000,5384,8973,29025000,10816
2,1161,29025000,29025000,5384,8973,29050000,10825
2,1162,29050000,29050000,5384,8973,29075000,10834
2,1163,29075000,29075000,5384,8973,29100000,10844
2,1164,29100000,29100000,5384,8973,29125000,10854
2,1165,29125000,29125000,5384,8973,29150000,10861
2,1166,29150000,29150000,5384,8973,29175000,10872
2,1167,29175000,29175000,5384,8973,29200000,10880
2,1168,29200000,29200000,5384,8973,29225000,10890
2,1169,29225000,29225000,5384,8973,29250000,10899
2,117,2925000,2925000,5384,8973,2950000,1094
2,1170,29250000,29250000,5384,8973,29275000,10908
2,1171,29275000,29275000,5384,8973,29300000,10919
2,1172,29300000,29300000,5384,8973,29325000,10928
2,1173,29325000,29325000,5384,8973,29350000,10936
2,1174,29350000,29350000,5384,8973,29375000,10948
2,1175,29375000,29375000,5384,8973,29400000,10954
2,1176,29400000,29400000,5384,8973,29425000,10963
2,1177,29425000,29425000,5384,8973,29450000,10975
2,1178,29450000,29450000,5384,8973,29475000,10984
2,1179,29475000,29475000,5384,8973,29500000,10992
2,118,2950000,2950000,5384,8973,2975000,1104
2,1180,29500000,29500000,5384,8973,29525000,11003
2,1181,29525000,29525000,5384,8973,29550000,11012
2,1182,29550000,29550000,5384,8973,29575000,11019
2,1183,29575000,29575000,5384,8973,29600000,11029
2,1184,29600000,29600000,5384,8973,29625000,11040
2,1185,29625000,29625000,5384,8973,29650000,11050
2,1186,29650000,29650000,5384,8973,29675000,11057
2,1187,29675000,29675000,5384,8973,29700000,11067
2,1188,29700000,29700000,5384,8973,29725000,11077
2,1189,29725000,29725000,5384,8973,29750000,11084
2,119,2975000,2975000,5384,8973,3000000,1112
2,1190,29750000,29750000,5384,8973,29775000,11096
2,1191,29775000,29775000,5384,8973,29800000,11104
2,1192,29800000,29800000,5384,8973,29825000,11115
2,1193,29825000,29825000,5384,8973,29850000,11123
2,1194,29850000,29850000,5384,8973,29875000,11132
2,1195,29875000,29875000,5384,8973,29900000,11142
2,1196,29900000,29900000,5384,8973,29925000,11152
2,1197,29925000,29925000,5384,8973,29950000,11160
2,1198,29950000,29950000,5384,8973,29975000,11170
2,1199,29975000,29975000,5384,8973,30000000,11179
2,12,300000,300000,5384,8973,325000,116
2,120,3000000,3000000,5384,8973,3025000,1121
2,1200,30000000,30000000,5384,8973,30025000,11187
2,1201,30025000,30025000,5384,8973,30050000,11198
2,1202,30050000,30050000,5384,8973,30075000,11207
2,1203,30075000,30075000,5384,8973,30100000,11216
2,1204,30100000,30100000,5384,8973,30125000,11226
2,1205,30125000,30125000,5384,8973,30150000,11235
2,1206,30150000,30150000,5384,8973,30175000,11245
2,1207,30175000,30175000,5384,8973,30200000,11253
2,1208,30200000,30200000,5384,8973,30225000,11263
2,1209,30225000,30225000,5384,8973,30250000,11273
2,121,3025000,3025000,5384,8973,3050000,1133
2,1210,30250000,30250000,5384,8973,30275000,11281
2,1211,30275000,30275000,5384,8973,30300000,11290
2,1212,30300000,30300000,5384,8973,30325000,11301
2,1213,30325000,30325000,5384,8973,30350000,11310
2,1214,30350000,30350000,5384,8973,30375000,11319
2,1215,30375000,30375000,5384,8973,30400000,11327
2,1216,30400000,30400000,5384,8973,30425000,11339
2,1217,30425000,30425000,5384,8973,30450000,11346
2,1218,30450000,30450000,5384,8973,30475000,11355
2,1219,30475000,30475000,5384,8973,30500000,11366
2,122,3050000,3050000,5384,8973,3075000,1140
2,1220,30500000,30500000,5384,8973,30525000,11376
2,1221,30525000,30525000,5384,8973,30550000,11383
2,1222,30550000,30550000,5384,8973,30575000,11394
2,1223,30575000,30575000,5384,8973,30600000,11403
2,1224,30600000,30600000,5384,8973,30625000,11410
2,1225,30625000,30625000,5384,8973,30650000,11422
2,1226,30650000,30650000,5384,8973,30675000,11431
2,1227,30675000,30675000,5384,8973,30700000,11441
2,1228,30700000,30700000,5384,8973,30725000,11450
2,1229,30725000,30725000,5384,8973,30750000,11459
2,123,3075000,3075000,5384,8973,3100000,1150
2,1230,30750000,30750000,5384,8973,30775000,11468
2,1231,30775000,30775000,5384,8973,30800000,11475
2,1232,30800000,30800000,5384,8973,30825000,11487
2,1233,30825000,30825000,5384,8973,30850000,11496
2,1234,30850000,30850000,5384,8973,30875000,11506
2,1235,30875000,30875000,5384,8973,30900000,11514
2,1236,30900000,30900000,5384,8973,30925000,11524
2,1237,30925000,30925000,5384,8973,30950000,11533
2,1238,30950000,30950000,5384,8973,30975000,11543
2,1239,30975000,30975000,5384,8973,31000000,11551
2,124,3100000,3100000,5384,8973,3125000,1161
2,1240,31000000,31000000,5384,8973,31025000,11562
2,1241,31025000,31025000,5384,8973,31050000,11572
2,1242,31050000,31050000,5384,8973,31075000,11578
2,1243,31075000,31075000,5384,8973,31100000,11589
2,1244,31100000,31100000,5384,8973,31125000,11600
2,1245,31125000,31125000,5384,8973,31150000,11607
2,1246,31150000,31150000,5384,8973,31175000,11617
2,1247,31175000,31175000,5384,8973,31200000,11626
2,1248,31200000,31200000,5384,8973,31225000,11636
2,1249,31225000,31225000,5384,8973,31250000,11645
2,125,3125000,3125000,5384,8973,3150000,1168
2,1250,31250000,31250000,5384,8973,31275000,11654
2,1251,31275000,31275000,5384,8973,31300000,11665
2,1252,31300000,31300000,5384,8973,31325000,11673
2,1253,31325000,31325000,5384,8973,31350000,11681
2,1254,31350000,31350000,5384,8973,31375000,11692
2,1255,31375000,31375000,5384,8973,31400000,11701
2,1256,31400000,31400000,5384,8973,31425000,11710
2,1257,31425000,31425000,5384,8973,31450000,11720
2,1258,31450000,31450000,5384,8973,31475000,11730
2,1259,31475000,31475000,5384,8973,31500000,11737
2,126,3150000,3150000,5384,8973,3175000,1177
2,1260,31500000,31500000,5384,8973,31525000,11748
2,1261,31525000,31525000,5384,8973,31550000,11757
2,1262,31550000,31550000,5384,8973,31575000,11768
2,1263,31575000,31575000,5384,8973,31600000,11774
2,1264,31600000,31600000,5384,8973,31625000,11785
2,1265,31625000,31625000,5384,8973,31650000,11795
2,1266,31650000,31650000,5384,8973,31675000,11801
2,1267,31675000,31675000,5384,8973,31700000,11813
2,1268,31700000,31700000,5384,8973,31725000,11823
2,1269,31725000,31725000,5384,8973,31750000,11832
2,127,3175000,3175000,5384,8973,3200000,1187
2,1270,31750000,31750000,5384,8973,31775000,11841
2,1271,31775000,31775000,5384,8973,31800000,11850
2,1272,31800000,31800000,5384,8973,31825000,11859
2,1273,31825000,31825000,5384,8973,31850000,11869
2,1274,31850000,31850000,5384,8973,31875000,11878
2,1275,31875000,31875000,5384,8973,31900000,11887
2,1276,31900000,31900000,5384,8973,31925000,11899
2,1277,31925000,31925000,5384,8973,31950000,11905
2,1278,31950000,31950000,5384,8973,31975000,11915
2,1279,31975000,31975000,5384,8973,32000000,11924
2,128,3200000,3200000,5384,8973,3225000,1198
2,1280,32000000,32000000,5384,8973,32025000,11934
2,1281,32025000,32025000,5384,8973,32050000,11943
2,1282,32050000,32050000,5384,8973,32075000,11953
2,1283,32075000,32075000,5384,8973,32100000,11963
2,1284,32100000,32100000,5384,8973,32125000,11971
2,1285,32125000,32125000,5384,8973,32150000,11980
2,1286,32150000,32150000,5384,8973,32175000,11991
2,1287,32175000,32175000,5384,8973,32200000,11998
2,1288,32200000,32200000,5384,8973,32225000,12008
2,1289,32225000,32225000,5384,8973,32250000,12019
2,129,3225000,3225000,5384,8973,3250000,1206
2,1290,32250000,32250000,5384,8973,32275000,12027
2,1291,32275000,32275000,5384,8973,32300000,12036
2,1292,32300000,32300000,5384,8973,32325000,12047
2,1293,32325000,32325000,5384,8973,32350000,12056
2,1294,32350000,32350000,5384,8973,32375000,12064
2,1295,32375000,32375000,5384,8973,32400000,12073
2,1296,32400000,32400000,5384,8973,32425000,12083
2,1297,32425000,32425000,5384,8973,32450000,12093
2,1298,32450000,32450000,5384,8973,32475000,12101
2,1299,32475000,32475000,5384,8973,32500000,12111
2,13,325000,325000,5384,8973,350000,124
2,130,3250000,3250000,5384,8973,3275000,1215
2,1300,32500000,32500000,5384,8973,32525000,12122
2,1301,32525000,32525000,5384,8973,32550000,12128
2,1302,32550000,32550000,5384,8973,32575000,12139
2,1303,32575000,32575000,5384,8973,32600000,12148
2,1304,32600000,32600000,5384,8973,32625000,12159
2,1305,32625000,32625000,5384,8973,32650000,12167
2,1306,32650000,32650000,5384,8973,32675000,12177
2,1307,32675000,32675000,5384,8973,32700000,12186
2,1308,32700000,32700000,5384,8973,32725000,12194
2,1309,32725000,32725000,5384,8973,32750000,12204
2,131,3275000,3275000,5384,8973,3300000,1225
2,1310,32750000,32750000,5384,8973,32775000,12214
2,1311,32775000,32775000,5384,8973,32800000,12223
2,1312,32800000,32800000,5384,8973,32825000,12232
2,1313,32825000,32825000,5384,8973,32850000,12242
2,1314,32850000,32850000,5384,8973,32875000,12250
2,1315,32875000,32875000,5384,8973,32900000,12260
2,1316,32900000,32900000,5384,8973,32925000,12270
2,1317,32925000,32925000,5384,8973,32950000,12279
2,1318,32950000,32950000,5384,8973,32975000,12290
2,1319,32975000,32975000,5384,8973,33000000,12296
2,132,3300000,3300000,5384,8973,3325000,1233
2,1320,33000000,33000000,5384,8973,33025000,12306
2,1321,33025000,33025000,5384,8973,33050000,12317
2,1322,33050000,33050000,5384,8973,33075000,12325
2,1323,33075000,33075000,5384,8973,33100000,12334
2,1324,33100000,33100000,5384,8973,33125000,12346
2,1325,33125000,33125000,5384,8973,33150000,12354
2,1326,33150000,33150000,5384,8973,33175000,12362
2,1327,33175000,33175000,5384,8973,33200000,12371
2,1328,33200000,33200000,5384,8973,33225000,12383
2,1329,33225000,33225000,5384,8973,33250000,12390
2,133,3325000,3325000,5384,8973,3350000,1242
2,1330,33250000,33250000,5384,8973,33275000,12399
2,1331,33275000,33275000,5384,8973,33300000,12410
2,1332,33300000,33300000,5384,8973,33325000,12419
2,1333,33325000,33325000,5384,8973,33350000,12427
2,1334,33350000,33350000,5384,8973,33375000,12438
2,1335,33375000,33375000,5384,8973,33400000,12447
2,1336,33400000,33400000,5384,8973,33425000,12455
2,1337,33425000,33425000,5384,8973,33450000,12466
2,1338,33450000,33450000,5384,8973,33475000,12474
2,1339,33475000,33475000,5384,8973,33500000,12485
2,134,3350000,3350000,5384,8973,3375000,1254
2,1340,33500000,33500000,5384,8973,33525000,12494
2,1341,33525000,33525000,5384,8973,33550000,12502
2,1342,33550000,33550000,5384,8973,33575000,12513
2,1343,33575000,33575000,5384,8973,33600000,12519
2,1344,33600000,33600000,5384,8973,33625000,12530
2,1345,33625000,33625000,5384,8973,33650000,12540
2,1346,33650000,33650000,5384,8973,33675000,12550
2,1347,33675000,33675000,5384,8973,33700000,12558
2,1348,33700000,33700000,5384,8973,33725000,12569
2,1349,33725000,33725000,5384,8973,33750000,12577
2,135,3375000,3375000,5384,8973,3400000,1262
2,1350,33750000,33750000,5384,8973,33775000,12586
2,1351,33775000,33775000,5384,8973,33800000,12595
2,1352,33800000,33800000,5384,8973,33825000,12605
2,1353,33825000,33825000,5384,8973,33850000,12616
2,1354,33850000,33850000,5384,8973,33875000,12623
2,1355,33875000,33875000,5384,8973,33900000,12633
2,1356,33900000,33900000,5384,8973,33925000,12643
2,1357,33925000,33925000,5384,8973,33950000,12651
2,1358,33950000,33950000,5384,8973,33975000,12661
2,1359,33975000,33975000,5384,8973,34000000,12670
2,136,3400000,3400000,5384,8973,3425000,1271
2,1360,34000000,34000000,5384,8973,34025000,12681
2,1361,34025000,34025000,5384,8973,34050000,12689
2,1362,34050000,34050000,5384,8973,34075000,12697
2,1363,34075000,34075000,5384,8973,34100000,12708
2,1364,34100000,34100000,5384,8973,34125000,12717
2,1365,34125000,34125000,5384,8973,34150000,12725
2,1366,34150000,34150000,5384,8973,34175000,12737
2,1367,34175000,34175000,5384,8973,34200000,12745
2,1368,34200000,34200000,5384,8973,34225000,12753
2,1369,34225000,34225000,5384,8973,34250000,12764
2,137,3425000,3425000,5384,8973,3450000,1281
2,1370,34250000,34250000,5384,8973,34275000,12774
2,1371,34275000,34275000,5384,8973,34300000,12781
2,1372,34300000,34300000,5384,8973,34325000,12793
2,1373,34325000,34325000,5384,8973,34350000,12801
2,1374,34350000,34350000,5384,8973,34375000,12810
2,1375,34375000,34375000,5384,8973,34400000,12818
2,1376,34400000,34400000,5384,8973,34425000,12829
2,1377,34425000,34425000,5384,8973,34450000,12839
2,1378,34450000,34450000,5384,8973,34475000,12846
2,1379,34475000,34475000,5384,8973,34500000,12857
2,138,3450000,3450000,5384,8973,3475000,1290
2,1380,34500000,34500000,5384,8973,34525000,12866
2,1381,34525000,34525000,5384,8973,34550000,12876
2,1382,34550000,34550000,5384,8973,34575000,12885
2,1383,34575000,34575000,5384,8973,34600000,12894
2,1384,34600000,34600000,5384,8973,34625000,12904
2,1385,34625000,34625000,5384,8973,34650000,12912
2,1386,34650000,34650000,5384,8973,34675000,12921
2,1387,34675000,34675000,5384,8973,34700000,12931
2,1388,34700000,34700000,5384,8973,34725000,12943
2,1389,34725000,34725000,5384,8973,34750000,12949
2,139,3475000,3475000,5384,8973,3500000,1298
2,1390,34750000,34750000,5384,8973,34775000,12960
2,1391,34775000,34775000,5384,8973,34800000,12968
2,1392,34800000,34800000,5384,8973,34825000,12977
2,1393,34825000,34825000,5384,8973,34850000,12987
2,1394,34850000,34850000,5384,8973,34875000,12997
2,1395,34875000,34875000,5384,8973,34900000,13007
2,1396,34900000,34900000,5384,8973,34925000,13015
2,1397,34925000,34925000,5384,8973,34950000,13024
2,1398,34950000,34950000,5384,8973,34975000,13034
2,1399,34975000,34975000,5384,8973,35000000,13042
2,14,350000,350000,5384,8973,375000,134
2,140,3500000,3500000,5384,8973,3525000,1310
2,1400,35000000,35000000,5384,8973,35025000,13052
2,1401,35025000,35025000,5384,8973,35050000,13063
2,1402,35050000,35050000,5384,8973,35075000,13072
2,1403,35075000,35075000,5384,8973,35100000,13080
2,1404,35100000,35100000,5384,8973,35125000,13090
2,1405,35125000,35125000,5384,8973,35150000,13100
2,1406,35150000,35150000,5384,8973,35175000,13108
2,1407,35175000,35175000,5384,8973,35200000,13116
2,1408,35200000,35200000,5384,8973,35225000,13128
2,1409,35225000,35225000,5384,8973,35250000,13137
2,141,3525000,3525000,5384,8973,3550000,1318
2,1410,35250000,35250000,5384,8973,35275000,13144
2,1411,35275000,35275000,5384,8973,35300000,13155
2,1412,35300000,35300000,5384,8973,35325000,13166
2,1413,35325000,35325000,5384,8973,35350000,13172
2,1414,35350000,35350000,5384,8973,35375000,13184
2,1415,35375000,35375000,5384,8973,35400000,13192
2,1416,35400000,35400000,5384,8973,35425000,13202
2,1417,35425000,35425000,5384,8973,35450000,13211
2,1418,35450000,35450000,5384,8973,35475000,13220
2,1419,35475000,35475000,5384,8973,35500000,13230
2,142,3550000,3550000,5384,8973,3575000,1328
2,1420,35500000,35500000,5384,8973,35525000,13239
2,1421,35525000,35525000,5384,8973,35550000,13248
2,1422,35550000,35550000,5384,8973,35575000,13257
2,1423,35575000,35575000,5384,8973,35600000,13267
2,1424,35600000,35600000,5384,8973,35625000,13276
2,1425,35625000,35625000,5384,8973,35650000,13286
2,1426,35650000,35650000,5384,8973,35675000,13295
2,1427,35675000,35675000,5384,8973,35700000,13304
2,1428,35700000,35700000,5384,8973,35725000,13313
2,1429,35725000,35725000,5384,8973,35750000,13322
2,143,3575000,3575000,5384,8973,3600000,1335
2,1430,35750000,35750000,5384,8973,35775000,13334
2,1431,35775000,35775000,5384,8973,35800000,13340
2,1432,35800000,35800000,5384,8973,35825000,13351
2,1433,35825000,35825000,5384,8973,35850000,13361
2,1434,35850000,35850000,5384,8973,35875000,13368
2,1435,35875000,35875000,5384,8973,35900000,13378
2,1436,35900000,35900000,5384,8973,35925000,13390
2,1437,35925000,35925000,5384,8973,35950000,13398
2,1438,35950000,35950000,5384,8973,35975000,13407
2,1439,35975000,35975000,5384,8973,36000000,13415
2,144,3600000,3600000,5384,8973,3625000,1345
2,1440,36000000,36000000,5384,8973,36025000,13425
2,1441,36025000,36025000,5384,8973,36050000,13434
2,1442,36050000,36050000,5384,8973,36075000,13443
2,1443,36075000,36075000,5384,8973,36100000,13454
2,1444,36100000,36100000,5384,8973,36125000,13464
2,1445,36125000,36125000,5384,8973,36150000,13471
2,1446,36150000,36150000,5384,8973,36175000,13481
2,1447,36175000,36175000,5384,8973,36200000,13491
2,1448,36200000,36200000,5384,8973,36225000,13499
2,1449,36225000,36225000,5384,8973,36250000,13510
2,145,3625000,3625000,5384,8973,3650000,1356
2,1450,36250000,36250000,5384,8973,36275000,13519
2,1451,36275000,36275000,5384,8973,36300000,13528
2,1452,36300000,36300000,5384,8973,36325000,13537
2,1453,36325000,36325000,5384,8973,36350000,13546
2,1454,36350000,36350000,5384,8973,36375000,13557
2,1455,36375000,36375000,5384,8973,36400000,13563
2,1456,36400000,36400000,5384,8973,36425000,13575
2,1457,36425000,36425000,5384,8973,36450000,13584
2,1458,36450000,36450000,5384,8973,36475000,13593
2,1459,36475000,36475000,5384,8973,36500000,13602
2,146,3650000,3650000,5384,8973,3675000,1363
2,1460,36500000,36500000,5384,8973,36525000,13613
2,1461,36525000,36525000,5384,8973,36550000,13621
2,1462,36550000,36550000,5384,8973,36575000,13630
2,1463,36575000,36575000,5384,8973,36600000,13639
2,1464,36600000,36600000,5384,8973,36625000,13648
2,1465,36625000,36625000,5384,8973,36650000,13660
2,1466,36650000,36650000,5384,8973,36675000,13667
2,1467,36675000,36675000,5384,8973,36700000,13677
2,1468,36700000,36700000,5384,8973,36725000,13688
2,1469,36725000,36725000,5384,8973,36750000,13695
2,147,3675000,3675000,5384,8973,3700000,1374
2,1470,36750000,36750000,5384,8973,36775000,13704
2,1471,36775000,36775000,5384,8973,36800000,13714
2,1472,36800000,36800000,5384,8973,36825000,13725
2,1473,36825000,36825000,5384,8973,36850000,13732
2,1474,36850000,36850000,5384,8973,36875000,13742
2,1475,36875000,36875000,5384,8973,36900000,13752
2,1476,36900000,36900000,5384,8973,36925000,13760
2,1477,36925000,36925000,5384,8973,36950000,13769
2,1478,36950000,36950000,5384,8973,36975000,13781
2,1479,36975000,36975000,5384,8973,37000000,13789
2,148,3700000,3700000,5384,8973,3725000,1384
2,1480,37000000,37000000,5384,8973,37025000,13798
2,1481,37025000,37025000,5384,8973,37050000,13808
2,1482,37050000,37050000,5384,8973,37075000,13817
2,1483,37075000,37075000,5384,8973,37100000,13825
2,1484,37100000,37100000,5384,8973,37125000,13836
2,1485,37125000,37125000,5384,8973,37150000,13845
2,1486,37150000,37150000,5384,8973,37175000,13855
2,1487,37175000,37175000,5384,8973,37200000,13862
2,1488,37200000,37200000,5384,8973,37225000,13872
2,1489,37225000,37225000,5384,8973,37250000,13883
2,149,3725000,3725000,5384,8973,3750000,1393
2,1490,37250000,37250000,5384,8973,37275000,13890
2,1491,37275000,37275000,5384,8973,37300000,13901
2,1492,37300000,37300000,5384,8973,37325000,13911
2,1493,37325000,37325000,5384,8973,37350000,13920
2,1494,37350000,37350000,5384,8973,37375000,13928
2,1495,37375000,37375000,5384,8973,37400000,13937
2,1496,37400000,37400000,5384,8973,37425000,13948
2,1497,37425000,37425000,5384,8973,37450000,13956
2,1498,37450000,37450000,5384,8973,37475000,13966
2,1499,37475000,37475000,5384,8973,37500000,13975
2,15,375000,375000,5384,8973,400000,143
2,150,3750000,3750000,5384,8973,3775000,1401
2,1500,37500000,37500000,5384,8973,37525000,13986
2,1501,37525000,37525000,5384,8973,37550000,13993
2,1502,37550000,37550000,5384,8973,37575000,14004
2,1503,37575000,37575000,5384,8973,37600000,14012
2,1504,37600000,37600000,5384,8973,37625000,14022
2,1505,37625000,37625000,5384,8973,37650000,14031
2,1506,37650000,37650000,5384,8973,37675000,14039
2,1507,37675000,37675000,5384,8973,37700000,14051
2,1508,37700000,37700000,5384,8973,37725000,14059
2,1509,37725000,37725000,5384,8973,37750000,14068
2,151,3775000,3775000,5384,8973,3800000,1411
2,1510,37750000,37750000,5384,8973,37775000,14079
2,1511,37775000,37775000,5384,8973,37800000,14086
2,1512,37800000,37800000,5384,8973,37825000,14095
2,1513,37825000,37825000,5384,8973,37850000,14107
2,1514,37850000,37850000,5384,8973,37875000,14116
2,1515,37875000,37875000,5384,8973,37900000,14124
2,1516,37900000,37900000,5384,8973,37925000,14135
2,1517,37925000,37925000,5384,8973,37950000,14143
2,1518,37950000,37950000,5384,8973,37975000,14151
2,1519,37975000,37975000,5384,8973,38000000,14160
2,152,3800000,3800000,5384,8973,3825000,1421
2,1520,38000000,38000000,5384,8973,38025000,14172
2,1521,38025000,38025000,5384,8973,38050000,14181
2,1522,38050000,38050000,5384,8973,38075000,14189
2,1523,38075000,38075000,5384,8973,38100000,14199
2,1524,38100000,38100000,5384,8973,38125000,14209
2,1525,38125000,38125000,5384,8973,38150000,14216
2,1526,38150000,38150000,5384,8973,38175000,14228
2,1527,38175000,38175000,5384,8973,38200000,14236
2,1528,38200000,38200000,5384,8973,38225000,14246
2,1529,38225000,38225000,5384,8973,38250000,14255
2,153,3825000,3825000,5384,8973,3850000,1429
2,1530,38250000,38250000,5384,8973,38275000,14263
2,1531,38275000,38275000,5384,8973,38300000,14274
2,1532,38300000,38300000,5384,8973,38325000,14283
2,1533,38325000,38325000,5384,8973,38350000,14292
2,1534,38350000,38350000,5384,8973,38375000,14302
2,1535,38375000,38375000,5384,8973,38400000,14311
2,1536,38400000,38400000,5384,8973,38425000,14319
2,1537,38425000,38425000,5384,8973,38450000,14330
2,1538,38450000,38450000,5384,8973,38475000,14339
2,1539,38475000,38475000,5384,8973,38500000,14347
2,154,3850000,3850000,5384,8973,3875000,1439
2,1540,38500000,38500000,5384,8973,38525000,14358
2,1541,38525000,38525000,5384,8973,38550000,14366
2,1542,38550000,38550000,5384,8973,38575000,14377
2,1543,38575000,38575000,5384,8973,38600000,14384
2,1544,38600000,38600000,5384,8973,38625000,14395
2,1545,38625000,38625000,5384,8973,38650000,14405
2,1546,38650000,38650000,5384,8973,38675000,14413
2,1547,38675000,38675000,5384,8973,38700000,14422
2,1548,38700000,38700000,5384,8973,38725000,14433
2,1549,38725000,38725000,5384,8973,38750000,14442
2,155,3875000,3875000,5384,8973,3900000,1448
2,1550,38750000,38750000,5384,8973,38775000,14450
2,1551,38775000,38775000,5384,8973,38800000,14459
2,1552,38800000,38800000,5384,8973,38825000,14470
2,1553,38825000,38825000,5384,8973,38850000,14478
2,1554,38850000,38850000,5384,8973,38875000,14486
2,1555,38875000,38875000,5384,8973,38900000,14498
2,1556,38900000,38900000,5384,8973,38925000,14508
2,1557,38925000,38925000,5384,8973,38950000,14515
2,1558,38950000,38950000,5384,8973,38975000,14526
2,1559,38975000,38975000,5384,8973,39000000,14535
2,156,3900000,3900000,5384,8973,3925000,1459
2,1560,39000000,39000000,5384,8973,39025000,14542
2,1561,39025000,39025000,5384,8973,39050000,14553
2,1562,39050000,39050000,5384,8973,39075000,14563
2,1563,39075000,39075000,5384,8973,39100000,14572
2,1564,39100000,39100000,5384,8973,39125000,14582
2,1565,39125000,39125000,5384,8973,39150000,14590
2,1566,39150000,39150000,5384,8973,39175000,14600
2,1567,39175000,39175000,5384,8973,39200000,14607
2,1568,39200000,39200000,5384,8973,39225000,14619
2,1569,39225000,39225000,5384,8973,39250000,14628
2,157,3925000,3925000,5384,8973,3950000,1466
2,1570,39250000,39250000,5384,8973,39275000,14638
2,1571,39275000,39275000,5384,8973,39300000,14646
2,1572,39300000,39300000,5384,8973,39325000,14655
2,1573,39325000,39325000,5384,8973,39350000,14665
2,1574,39350000,39350000,5384,8973,39375000,14674
2,1575,39375000,39375000,5384,8973,39400000,14683
2,1576,39400000,39400000,5384,8973,39425000,14693
2,1577,39425000,39425000,5384,8973,39450000,14704
2,1578,39450000,39450000,5384,8973,39475000,14710
2,1579,39475000,39475000,5384,8973,39500000,14721
2,158,3950000,3950000,5384,8973,3975000,1477
2,1580,39500000,39500000,5384,8973,39525000,14732
2,1581,39525000,39525000,5384,8973,39550000,14739
2,1582,39550000,39550000,5384,8973,39575000,14749
2,1583,39575000,39575000,5384,8973,39600000,14757
2,1584,39600000,39600000,5384,8973,39625000,14768
2,1585,39625000,39625000,5384,8973,39650000,14776
2,1586,39650000,39650000,5384,8973,39675000,14786
2,1587,39675000,39675000,5384,8973,39700000,14796
2,1588,39700000,39700000,5384,8973,39725000,14805
2,1589,39725000,39725000,5384,8973,39750000,14813
2,159,3975000,3975000,5384,8973,4000000,1485
2,1590,39750000,39750000,5384,8973,39775000,14824
2,1591,39775000,39775000,5384,8973,39800000,14833
2,1592,39800000,39800000,5384,8973,39825000,14842
2,1593,39825000,39825000,5384,8973,39850000,14852
2,1594,39850000,39850000,5384,8973,39875000,14861
2,1595,39875000,39875000,5384,8973,39900000,14869
2,1596,39900000,39900000,5384,8973,39925000,14879
2,1597,39925000,39925000,5384,8973,39950000,14889
2,1598,39950000,39950000,5384,8973,39975000,14899
2,1599,39975000,39975000,5384,8973,40000000,14906
2,16,400000,400000,5384,8973,425000,154
2,160,4000000,4000000,5384,8973,4025000,1495
2,1600,40000000,40000000,5384,8973,40025000,14917
2,1601,40025000,40025000,5384,8973,40050000,14927
2,1602,40050000,40050000,5384,8973,40075000,14933
2,1603,40075000,40075000,5384,8973,40100000,14945
2,1604,40100000,40100000,5384,8973,40125000,14955
2,1605,40125000,40125000,5384,8973,40150000,14963
2,1606,40150000,40150000,5384,8973,40175000,14973
2,1607,40175000,40175000,5384,8973,40200000,14981
2,1608,40200000,40200000,5384,8973,40225000,14991
2,1609,40225000,40225000,5384,8973,40250000,15000
2,161,4025000,4025000,5384,8973,4050000,1504
2,1610,40250000,40250000,5384,8973,40275000,15010
2,1611,40275000,40275000,5384,8973,40300000,15019
2,1612,40300000,40300000,5384,8973,40325000,15031
2,1613,40325000,40325000,5384,8973,40350000,15037
2,1614,40350000,40350000,5384,8973,40375000,15047
2,1615,40375000,40375000,5384,8973,40400000,15056
2,1616,40400000,40400000,5384,8973,40425000,15065
2,1617,40425000,40425000,5384,8973,40450000,15075
2,1618,40450000,40450000,5384,8973,40475000,15084
2,1619,40475000,40475000,5384,8973,40500000,15095
2,162,4050000,4050000,5384,8973,4075000,1513
2,1620,40500000,40500000,5384,8973,40525000,15102
2,1621,40525000,40525000,5384,8973,40550000,15112
2,1622,40550000,40550000,5384,8973,40575000,15123
2,1623,40575000,40575000,5384,8973,40600000,15130
2,1624,40600000,40600000,5384,8973,40625000,15140
2,1625,40625000,40625000,5384,8973,40650000,15151
2,1626,40650000,40650000,5384,8973,40675000,15159
2,1627,40675000,40675000,5384,8973,40700000,15167
2,1628,40700000,40700000,5384,8973,40725000,15179
2,1629,40725000,40725000,5384,8973,40750000,15187
2,163,4075000,4075000,5384,8973,4100000,1524
2,1630,40750000,40750000,5384,8973,40775000,15196
2,1631,40775000,40775000,5384,8973,40800000,15204
2,1632,40800000,40800000,5384,8973,40825000,15215
2,1633,40825000,40825000,5384,8973,40850000,15225
2,1634,40850000,40850000,5384,8973,40875000,15233
2,1635,40875000,40875000,5384,8973,40900000,15243
2,1636,40900000,40900000,5384,8973,40925000,15254
2,1637,40925000,40925000,5384,8973,40950000,15260
2,1638,40950000,40950000,5384,8973,40975000,15270
2,1639,40975000,40975000,5384,8973,41000000,15280
2,164,4100000,4100000,5384,8973,4125000,1532
2,1640,41000000,41000000,5384,8973,41025000,15290
2,1641,41025000,41025000,5384,8973,41050000,15299
2,1642,41050000,41050000,5384,8973,41075000,15308
2,1643,41075000,41075000,5384,8973,41100000,15318
2,1644,41100000,41100000,5384,8973,41125000,15326
2,1645,41125000,41125000,5384,8973,41150000,15336
2,1646,41150000,41150000,5384,8973,41175000,15346
2,1647,41175000,41175000,5384,8973,41200000,15355
2,1648,41200000,41200000,5384,8973,41225000,15364
2,1649,41225000,41225000,5384,8973,41250000,15373
2,165,4125000,4125000,5384,8973,4150000,1541
2,1650,41250000,41250000,5384,8973,41275000,15382
2,1651,41275000,41275000,5384,8973,41300000,15391
2,1652,41300000,41300000,5384,8973,41325000,15402
2,1653,41325000,41325000,5384,8973,41350000,15410
2,1654,41350000,41350000,5384,8973,41375000,15422
2,1655,41375000,41375000,5384,8973,41400000,15428
2,1656,41400000,41400000,5384,8973,41425000,15438
2,1657,41425000,41425000,5384,8973,41450000,15449
2,1658,41450000,41450000,5384,8973,41475000,15457
2,1659,41475000,41475000,5384,8973,41500000,15466
2,166,4150000,4150000,5384,8973,4175000,1552
2,1660,41500000,41500000,5384,8973,41525000,15477
2,1661,41525000,41525000,5384,8973,41550000,15486
2,1662,41550000,41550000,5384,8973,41575000,15493
2,1663,41575000,41575000,5384,8973,41600000,15503
2,1664,41600000,41600000,5384,8973,41625000,15514
2,1665,41625000,41625000,5384,8973,41650000,15522
2,1666,41650000,41650000,5384,8973,41675000,15531
2,1667,41675000,41675000,5384,8973,41700000,15542
2,1668,41700000,41700000,5384,8973,41725000,15551
2,1669,41725000,41725000,5384,8973,41750000,15559
2,167,4175000,4175000,5384,8973,4200000,1559
2,1670,41750000,41750000,5384,8973,41775000,15570
2,1671,41775000,41775000,5384,8973,41800000,15578
2,1672,41800000,41800000,5384,8973,41825000,15587
2,1673,41825000,41825000,5384,8973,41850000,15597
2,1674,41850000,41850000,5384,8973,41875000,15606
2,1675,41875000,41875000,5384,8973,41900000,15616
2,1676,41900000,41900000,5384,8973,41925000,15626
2,1677,41925000,41925000,5384,8973,41950000,15634
2,1678,41950000,41950000,5384,8973,41975000,15645
2,1679,41975000,41975000,5384,8973,42000000,15651
2,168,4200000,4200000,5384,8973,4225000,1568
2,1680,42000000,42000000,5384,8973,42025000,15662
2,1681,42025000,42025000,5384,8973,42050000,15672
2,1682,42050000,42050000,5384,8973,42075000,15681
2,1683,42075000,42075000,5384,8973,42100000,15690
2,1684,42100000,42100000,5384,8973,42125000,15700
2,1685,42125000,42125000,5384,8973,42150000,15709
2,1686,42150000,42150000,5384,8973,42175000,15717
2,1687,42175000,42175000,5384,8973,42200000,15727
2,1688,42200000,42200000,5384,8973,42225000,15737
2,1689,42225000,42225000,5384,8973,42250000,15748
2,169,4225000,4225000,5384,8973,4250000,1580
2,1690,42250000,42250000,5384,8973,42275000,15755
2,1691,42275000,42275000,5384,8973,42300000,15765
2,1692,42300000,42300000,5384,8973,42325000,15775
2,1693,42325000,42325000,5384,8973,42350000,15782
2,1694,42350000,42350000,5384,8973,42375000,15793
2,1695,42375000,42375000,5384,8973,42400000,15801
2,1696,42400000,42400000,5384,8973,42425000,15813
2,1697,42425000,42425000,5384,8973,42450000,15820
2,1698,42450000,42450000,5384,8973,42475000,15829
2,1699,42475000,42475000,5384,8973,42500000,15840
2,17,425000,425000,5384,8973,450000,162
2,170,4250000,4250000,5384,8973,4275000,1589
2,1700,42500000,42500000,5384,8973,42525000,15849
2,1701,42525000,42525000,5384,8973,42550000,15857
2,1702,42550000,42550000,5384,8973,42575000,15869
2,1703,42575000,42575000,5384,8973,42600000,15877
2,1704,42600000,42600000,5384,8973,42625000,15884
2,1705,42625000,42625000,5384,8973,42650000,15896
2,1706,42650000,42650000,5384,8973,42675000,15905
2,1707,42675000,42675000,5384,8973,42700000,15913
2,1708,42700000,42700000,5384,8973,42725000,15924
2,1709,42725000,42725000,5384,8973,42750000,15933
2,171,4275000,4275000,5384,8973,4300000,1597
2,1710,42750000,42750000,5384,8973,42775000,15942
2,1711,42775000,42775000,5384,8973,42800000,15950
2,1712,42800000,42800000,5384,8973,42825000,15961
2,1713,42825000,42825000,5384,8973,42850000,15971
2,1714,42850000,42850000,5384,8973,42875000,15978
2,1715,42875000,42875000,5384,8973,42900000,15988
2,1716,42900000,42900000,5384,8973,42925000,15998
2,1717,42925000,42925000,5384,8973,42950000,16007
2,1718,42950000,42950000,5384,8973,42975000,16017
2,1719,42975000,42975000,5384,8973,43000000,16025
2,172,4300000,4300000,5384,8973,4325000,1608
2,1720,43000000,43000000,5384,8973,43025000,16036
2,1721,43025000,43025000,5384,8973,43050000,16044
2,1722,43050000,43050000,5384,8973,43075000,16053
2,1723,43075000,43075000,5384,8973,43100000,16063
2,1724,43100000,43100000,5384,8973,43125000,16075
2,1725,43125000,43125000,5384,8973,43150000,16081
2,1726,43150000,43150000,5384,8973,43175000,16091
2,1727,43175000,43175000,5384,8973,43200000,16100
2,1728,43200000,43200000,5384,8973,43225000,16108
2,1729,43225000,43225000,5384,8973,43250000,16119
2,173,4325000,4325000,5384,8973,4350000,1617
2,1730,43250000,43250000,5384,8973,43275000,16128
2,1731,43275000,43275000,5384,8973,43300000,16139
2,1732,43300000,43300000,5384,8973,43325000,16147
2,1733,43325000,43325000,5384,8973,43350000,16156
2,1734,43350000,43350000,5384,8973,43375000,16166
2,1735,43375000,43375000,5384,8973,43400000,16174
2,1736,43400000,43400000,5384,8973,43425000,16184
2,1737,43425000,43425000,5384,8973,43450000,16194
2,1738,43450000,43450000,5384,8973,43475000,16204
2,1739,43475000,43475000,5384,8973,43500000,16211
2,174,4350000,4350000,5384,8973,4375000,1624
2,1740,43500000,43500000,5384,8973,43525000,16222
2,1741,43525000,43525000,5384,8973,43550000,16231
2,1742,43550000,43550000,5384,8973,43575000,16240
2,1743,43575000,43575000,5384,8973,43600000,16248
2,1744,43600000,43600000,5384,8973,43625000,16260
2,1745,43625000,43625000,5384,8973,43650000,16269
2,1746,43650000,43650000,5384,8973,43675000,16276
2,1747,43675000,43675000,5384,8973,43700000,16287
2,1748,43700000,43700000,5384,8973,43725000,16297
2,1749,43725000,43725000,5384,8973,43750000,16304
2,175,4375000,4375000,5384,8973,4400000,1633
2,1750,43750000,43750000,5384,8973,43775000,16315
2,1751,43775000,43775000,5384,8973,43800000,16324
2,1752,43800000,43800000,5384,8973,43825000,16333
2,1753,43825000,43825000,5384,8973,43850000,16343
2,1754,43850000,43850000,5384,8973,43875000,16352
2,1755,43875000,43875000,5384,8973,43900000,16362
2,1756,43900000,43900000,5384,8973,43925000,16371
2,1757,43925000,43925000,5384,8973,43950000,16380
2,1758,43950000,43950000,5384,8973,43975000,16389
2,1759,43975000,43975000,5384,8973,44000000,16398
2,176,4400000,4400000,5384,8973,4425000,1645
2,1760,44000000,44000000,5384,8973,44025000,16408
2,1761,44025000,44025000,5384,8973,44050000,16417
2,1762,44050000,44050000,5384,8973,44075000,16427
2,1763,44075000,44075000,5384,8973,44100000,16435
2,1764,44100000,44100000,5384,8973,44125000,16445
2,1765,44125000,44125000,5384,8973,44150000,16454
2,1766,44150000,44150000,5384,8973,44175000,16466
2,1767,44175000,44175000,5384,8973,44200000,16472
2,1768,44200000,44200000,5384,8973,44225000,16483
2,1769,44225000,44225000,5384,8973,44250000,16493
2,177,4425000,4425000,5384,8973,4450000,1654
2,1770,44250000,44250000,5384,8973,44275000,16499
2,1771,44275000,44275000,5384,8973,44300000,16510
2,1772,44300000,44300000,5384,8973,44325000,16521
2,1773,44325000,44325000,5384,8973,44350000,16530
2,1774,44350000,44350000,5384,8973,44375000,16538
2,1775,44375000,44375000,5384,8973,44400000,16547
2,1776,44400000,44400000,5384,8973,44425000,16557
2,1777,44425000,44425000,5384,8973,44450000,16566
2,1778,44450000,44450000,5384,8973,44475000,16575
2,1779,44475000,44475000,5384,8973,44500000,16586
2,178,4450000,4450000,5384,8973,4475000,1662
2,1780,44500000,44500000,5384,8973,44525000,16596
2,1781,44525000,44525000,5384,8973,44550000,16602
2,1782,44550000,44550000,5384,8973,44575000,16613
2,1783,44575000,44575000,5384,8973,44600000,16622
2,1784,44600000,44600000,5384,8973,44625000,16631
2,1785,44625000,44625000,5384,8973,44650000,16641
2,1786,44650000,44650000,5384,8973,44675000,16651
2,1787,44675000,44675000,5384,8973,44700000,16660
2,1788,44700000,44700000,5384,8973,44725000,16669
2,1789,44725000,44725000,5384,8973,44750000,16678
2,179,4475000,4475000,5384,8973,4500000,1672
2,1790,44750000,44750000,5384,8973,44775000,16689
2,1791,44775000,44775000,5384,8973,44800000,16695
2,1792,44800000,44800000,5384,8973,44825000,16706
2,1793,44825000,44825000,5384,8973,44850000,16716
2,1794,44850000,44850000,5384,8973,44875000,16724
2,1795,44875000,44875000,5384,8973,44900000,16734
2,1796,44900000,44900000,5384,8973,44925000,16744
2,1797,44925000,44925000,5384,8973,44950000,16753
2,1798,44950000,44950000,5384,8973,44975000,16762
2,1799,44975000,44975000,5384,8973,45000000,16771
2,18,450000,450000,5384,8973,475000,170
2,180,4500000,4500000,5384,8973,4525000,1682
2,1800,45000000,45000000,5384,8973,45025000,16780
2,1801,45025000,45025000,5384,8973,45050000,16792
2,1802,45050000,45050000,5384,8973,45075000,16799
2,1803,45075000,45075000,5384,8973,45100000,16808
2,1804,45100000,45100000,5384,8973,45125000,16820
2,1805,45125000,45125000,5384,8973,45150000,16826
2,1806,45150000,45150000,5384,8973,45175000,16836
2,1807,45175000,45175000,5384,8973,45200000,16845
2,1808,45200000,45200000,5384,8973,45225000,16857
2,1809,45225000,45225000,5384,8973,45250000,16864
2,181,4525000,4525000,5384,8973,4550000,1689
2,1810,45250000,45250000,5384,8973,45275000,16874
2,1811,45275000,45275000,5384,8973,45300000,16884
2,1812,45300000,45300000,5384,8973,45325000,16892
2,1813,45325000,45325000,5384,8973,45350000,16901
2,1814,45350000,45350000,5384,8973,45375000,16912
2,1815,45375000,45375000,5384,8973,45400000,16921
2,1816,45400000,45400000,5384,8973,45425000,16929
2,1817,45425000,45425000,5384,8973,45450000,16940
2,1818,45450000,45450000,5384,8973,45475000,16948
2,1819,45475000,45475000,5384,8973,45500000,16957
2,182,4550000,4550000,5384,8973,4575000,1701
2,1820,45500000,45500000,5384,8973,45525000,16968
2,1821,45525000,45525000,5384,8973,45550000,16977
2,1822,45550000,45550000,5384,8973,45575000,16987
2,1823,45575000,45575000,5384,8973,45600000,16994
2,1824,45600000,45600000,5384,8973,45625000,17004
2,1825,45625000,45625000,5384,8973,45650000,17014
2,1826,45650000,45650000,5384,8973,45675000,17022
2,1827,45675000,45675000,5384,8973,45700000,17032
2,1828,45700000,45700000,5384,8973,45725000,17043
2,1829,45725000,45725000,5384,8973,45750000,17051
2,183,4575000,4575000,5384,8973,4600000,1709
2,1830,45750000,45750000,5384,8973,45775000,17060
2,1831,45775000,45775000,5384,8973,45800000,17069
2,1832,45800000,45800000,5384,8973,45825000,17080
2,1833,45825000,45825000,5384,8973,45850000,17088
2,1834,45850000,45850000,5384,8973,45875000,17098
2,1835,45875000,45875000,5384,8973,45900000,17107
2,1836,45900000,45900000,5384,8973,45925000,17117
2,1837,45925000,45925000,5384,8973,45950000,17125
2,1838,45950000,45950000,5384,8973,45975000,17135
2,1839,45975000,45975000,5384,8973,46000000,17144
2,184,4600000,4600000,5384,8973,4625000,1720
2,1840,46000000,46000000,5384,8973,46025000,17153
2,1841,46025000,46025000,5384,8973,46050000,17163
2,1842,46050000,46050000,5384,8973,46075000,17171
2,1843,46075000,46075000,5384,8973,46100000,17183
2,1844,46100000,46100000,5384,8973,46125000,17191
2,1845,46125000,46125000,5384,8973,46150000,17200
2,1846,46150000,46150000,5384,8973,46175000,17211
2,1847,46175000,46175000,5384,8973,46200000,17217
2,1848,46200000,46200000,5384,8973,46225000,17227
2,1849,46225000,46225000,5384,8973,46250000,17238
2,185,4625000,4625000,5384,8973,4650000,1728
2,1850,46250000,46250000,5384,8973,46275000,17248
2,1851,46275000,46275000,5384,8973,46300000,17255
2,1852,46300000,46300000,5384,8973,46325000,17267
2,1853,46325000,46325000,5384,8973,46350000,17275
2,1854,46350000,46350000,5384,8973,46375000,17283
2,1855,46375000,46375000,5384,8973,46400000,17292
2,1856,46400000,46400000,5384,8973,46425000,17304
2,1857,46425000,46425000,5384,8973,46450000,17313
2,1858,46450000,46450000,5384,8973,46475000,17320
2,1859,46475000,46475000,5384,8973,46500000,17331
2,186,4650000,4650000,5384,8973,4675000,1736
2,1860,46500000,46500000,5384,8973,46525000,17340
2,1861,46525000,46525000,5384,8973,46550000,17348
2,1862,46550000,46550000,5384,8973,46575000,17359
2,1863,46575000,46575000,5384,8973,46600000,17368
2,1864,46600000,46600000,5384,8973,46625000,17378
2,1865,46625000,46625000,5384,8973,46650000,17387
2,1866,46650000,46650000,5384,8973,46675000,17395
2,1867,46675000,46675000,5384,8973,46700000,17406
2,1868,46700000,46700000,5384,8973,46725000,17415
2,1869,46725000,46725000,5384,8973,46750000,17423
2,187,4675000,4675000,5384,8973,4700000,1747
2,1870,46750000,46750000,5384,8973,46775000,17434
2,1871,46775000,46775000,5384,8973,46800000,17442
2,1872,46800000,46800000,5384,8973,46825000,17451
2,1873,46825000,46825000,5384,8973,46850000,17461
2,1874,46850000,46850000,5384,8973,46875000,17471
2,1875,46875000,46875000,5384,8973,46900000,17479
2,1876,46900000,46900000,5384,8973,46925000,17490
2,1877,46925000,46925000,5384,8973,46950000,17498
2,1878,46950000,46950000,5384,8973,46975000,17509
2,1879,46975000,46975000,5384,8973,47000000,17516
2,188,4700000,4700000,5384,8973,4725000,1756
2,1880,47000000,47000000,5384,8973,47025000,17526
2,1881,47025000,47025000,5384,8973,47050000,17537
2,1882,47050000,47050000,5384,8973,47075000,17544
2,1883,47075000,47075000,5384,8973,47100000,17554
2,1884,47100000,47100000,5384,8973,47125000,17564
2,1885,47125000,47125000,5384,8973,47150000,17574
2,1886,47150000,47150000,5384,8973,47175000,17582
2,1887,47175000,47175000,5384,8973,47200000,17591
2,1888,47200000,47200000,5384,8973,47225000,17602
2,1889,47225000,47225000,5384,8973,47250000,17610
2,189,4725000,4725000,5384,8973,4750000,1765
2,1890,47250000,47250000,5384,8973,47275000,17618
2,1891,47275000,47275000,5384,8973,47300000,17629
2,1892,47300000,47300000,5384,8973,47325000,17640
2,1893,47325000,47325000,5384,8973,47350000,17646
2,1894,47350000,47350000,5384,8973,47375000,17658
2,1895,47375000,47375000,5384,8973,47400000,17666
2,1896,47400000,47400000,5384,8973,47425000,17674
2,1897,47425000,47425000,5384,8973,47450000,17685
2,1898,47450000,47450000,5384,8973,47475000,17695
2,1899,47475000,47475000,5384,8973,47500000,17704
2,19,475000,475000,5384,8973,500000,182
2,190,4750000,4750000,5384,8973,4775000,1775
2,1900,47500000,47500000,5384,8973,47525000,17714
2,1901,47525000,47525000,5384,8973,47550000,17722
2,1902,47550000,47550000,5384,8973,47575000,17731
2,1903,47575000,47575000,5384,8973,47600000,17739
2,1904,47600000,47600000,5384,8973,47625000,17750
2,1905,47625000,47625000,5384,8973,47650000,17760
2,1906,47650000,47650000,5384,8973,47675000,17769
2,1907,47675000,47675000,5384,8973,47700000,17778
2,1908,47700000,47700000,5384,8973,47725000,17787
2,1909,47725000,47725000,5384,8973,47750000,17797
2,191,4775000,4775000,5384,8973,4800000,1784
2,1910,47750000,47750000,5384,8973,47775000,17806
2,1911,47775000,47775000,5384,8973,47800000,17815
2,1912,47800000,47800000,5384,8973,47825000,17825
2,1913,47825000,47825000,5384,8973,47850000,17835
2,1914,47850000,47850000,5384,8973,47875000,17842
2,1915,47875000,47875000,5384,8973,47900000,17852
2,1916,47900000,47900000,5384,8973,47925000,17864
2,1917,47925000,47925000,5384,8973,47950000,17870
2,1918,47950000,47950000,5384,8973,47975000,17881
2,1919,47975000,47975000,5384,8973,48000000,17889
2,192,4800000,4800000,5384,8973,4825000,1792
2,1920,48000000,48000000,5384,8973,48025000,17900
2,1921,48025000,48025000,5384,8973,48050000,17908
2,1922,48050000,48050000,5384,8973,48075000,17918
2,1923,48075000,48075000,5384,8973,48100000,17928
2,1924,48100000,48100000,5384,8973,48125000,17936
2,1925,48125000,48125000,5384,8973,48150000,17945
2,1926,48150000,48150000,5384,8973,48175000,17955
2,1927,48175000,48175000,5384,8973,48200000,17965
2,1928,48200000,48200000,5384,8973,48225000,17973
2,1929,48225000,48225000,5384,8973,48250000,17984
2,193,4825000,4825000,5384,8973,4850000,1803
2,1930,48250000,48250000,5384,8973,48275000,17993
2,1931,48275000,48275000,5384,8973,48300000,18001
2,1932,48300000,48300000,5384,8973,48325000,18011
2,1933,48325000,48325000,5384,8973,48350000,18021
2,1934,48350000,48350000,5384,8973,48375000,18031
2,1935,48375000,48375000,5384,8973,48400000,18037
2,1936,48400000,48400000,5384,8973,48425000,18049
2,1937,48425000,48425000,5384,8973,48450000,18058
2,1938,48450000,48450000,5384,8973,48475000,18065
2,1939,48475000,48475000,5384,8973,48500000,18076
2,194,4850000,4850000,5384,8973,4875000,1812
2,1940,48500000,48500000,5384,8973,48525000,18087
2,1941,48525000,48525000,5384,8973,48550000,18095
2,1942,48550000,48550000,5384,8973,48575000,18105
2,1943,48575000,48575000,5384,8973,48600000,18113
2,1944,48600000,48600000,5384,8973,48625000,18123
2,1945,48625000,48625000,5384,8973,48650000,18132
2,1946,48650000,48650000,5384,8973,48675000,18141
2,1947,48675000,48675000,5384,8973,48700000,18151
2,1948,48700000,48700000,5384,8973,48725000,18162
2,1949,48725000,48725000,5384,8973,48750000,18169
2,195,4875000,4875000,5384,8973,4900000,1821
2,1950,48750000,48750000,5384,8973,48775000,18178
2,1951,48775000,48775000,5384,8973,48800000,18188
2,1952,48800000,48800000,5384,8973,48825000,18197
2,1953,48825000,48825000,5384,8973,48850000,18207
2,1954,48850000,48850000,5384,8973,48875000,18216
2,1955,48875000,48875000,5384,8973,48900000,18227
2,1956,48900000,48900000,5384,8973,48925000,18234
2,1957,48925000,48925000,5384,8973,48950000,18243
2,1958,48950000,48950000,5384,8973,48975000,18255
2,1959,48975000,48975000,5384,8973,49000000,18261
2,196,4900000,4900000,5384,8973,4925000,1831
2,1960,49000000,49000000,5384,8973,49025000,18272
2,1961,49025000,49025000,5384,8973,49050000,18282
2,1962,49050000,49050000,5384,8973,49075000,18291
2,1963,49075000,49075000,5384,8973,49100000,18299
2,1964,49100000,49100000,5384,8973,49125000,18311
2,1965,49125000,49125000,5384,8973,49150000,18319
2,1966,49150000,49150000,5384,8973,49175000,18328
2,1967,49175000,49175000,5384,8973,49200000,18336
2,1968,49200000,49200000,5384,8973,49225000,18346
2,1969,49225000,49225000,5384,8973,49250000,18357
2,197,4925000,4925000,5384,8973,4950000,1839
2,1970,49250000,49250000,5384,8973,49275000,18364
2,1971,49275000,49275000,5384,8973,49300000,18375
2,1972,49300000,49300000,5384,8973,49325000,18385
2,1973,49325000,49325000,5384,8973,49350000,18392
2,1974,49350000,49350000,5384,8973,49375000,18402
2,1975,49375000,49375000,5384,8973,49400000,18412
2,1976,49400000,49400000,5384,8973,49425000,18422
2,1977,49425000,49425000,5384,8973,49450000,18431
2,1978,49450000,49450000,5384,8973,49475000,18440
2,1979,49475000,49475000,5384,8973,49500000,18449
2,198,4950000,4950000,5384,8973,4975000,1850
2,1980,49500000,49500000,5384,8973,49525000,18458
2,1981,49525000,49525000,5384,8973,49550000,18467
2,1982,49550000,49550000,5384,8973,49575000,18478
2,1983,49575000,49575000,5384,8973,49600000,18486
2,1984,49600000,49600000,5384,8973,49625000,18496
2,1985,49625000,49625000,5384,8973,49650000,18505
2,1986,49650000,49650000,5384,8973,49675000,18514
2,1987,49675000,49675000,5384,8973,49700000,18523
2,1988,49700000,49700000,5384,8973,49725000,18534
2,1989,49725000,49725000,5384,8973,49750000,18542
2,199,4975000,4975000,5384,8973,5000000,1857
2,1990,49750000,49750000,5384,8973,49775000,18553
2,1991,49775000,49775000,5384,8973,49800000,18560
2,1992,49800000,49800000,5384,8973,49825000,18569
2,1993,49825000,49825000,5384,8973,49850000,18581
2,1994,49850000,49850000,5384,8973,49875000,18588
2,1995,49875000,49875000,5384,8973,49900000,18598
2,1996,49900000,49900000,5384,8973,49925000,18609
2,1997,49925000,49925000,5384,8973,49950000,18618
2,1998,49950000,49950000,5384,8973,49975000,18625
2,1999,49975000,49975000,5384,8973,50000000,18635
2,2,50000,50000,5384,8973,75000,23
2,20,500000,500000,5384,8973,525000,190
2,200,5000000,5000000,5384,8973,5025000,1868
2,2000,50000000,50000000,5384,8973,50025000,18646
2,2001,50025000,50025000,5384,8973,50050000,18653
2,2002,50050000,50050000,5384,8973,50075000,18663
2,2003,50075000,50075000,5384,8973,50100000,18673
2,2004,50100000,50100000,5384,8973,50125000,18683
2,2005,50125000,50125000,5384,8973,50150000,18690
2,2006,50150000,50150000,5384,8973,50175000,18702
2,2007,50175000,50175000,5384,8973,50200000,18710
2,2008,50200000,50200000,5384,8973,50225000,18719
2,2009,50225000,50225000,5384,8973,50250000,18729
2,201,5025000,5025000,5384,8973,5050000,1878
2,2010,50250000,50250000,5384,8973,50275000,18738
2,2011,50275000,50275000,5384,8973,50300000,18748
2,2012,50300000,50300000,5384,8973,50325000,18757
2,2013,50325000,50325000,5384,8973,50350000,18766
2,2014,50350000,50350000,5384,8973,50375000,18776
2,2015,50375000,50375000,5384,8973,50400000,18783
2,2016,50400000,50400000,5384,8973,50425000,18793
2,2017,50425000,50425000,5384,8973,50450000,18804
2,2018,50450000,50450000,5384,8973,50475000,18813
2,2019,50475000,50475000,5384,8973,50500000,18822
2,202,5050000,5050000,5384,8973,5075000,1886
2,2020,50500000,50500000,5384,8973,50525000,18832
2,2021,50525000,50525000,5384,8973,50550000,18841
2,2022,50550000,50550000,5384,8973,50575000,18849
2,2023,50575000,50575000,5384,8973,50600000,18858
2,2024,50600000,50600000,5384,8973,50625000,18869
2,2025,50625000,50625000,5384,8973,50650000,18879
2,2026,50650000,50650000,5384,8973,50675000,18887
2,2027,50675000,50675000,5384,8973,50700000,18896
2,2028,50700000,50700000,5384,8973,50725000,18907
2,2029,50725000,50725000,5384,8973,50750000,18914
2,203,5075000,5075000,5384,8973,5100000,1895
2,2030,50750000,50750000,5384,8973,50775000,18925
2,2031,50775000,50775000,5384,8973,50800000,18933
2,2032,50800000,50800000,5384,8973,50825000,18945
2,2033,50825000,50825000,5384,8973,50850000,18952
2,2034,50850000,50850000,5384,8973,50875000,18960
2,2035,50875000,50875000,5384,8973,50900000,18972
2,2036,50900000,50900000,5384,8973,50925000,18980
2,2037,50925000,50925000,5384,8973,50950000,18989
2,2038,50950000,50950000,5384,8973,50975000,19000
2,2039,50975000,50975000,5384,8973,51000000,19009
2,204,5100000,5100000,5384,8973,5125000,1906
2,2040,51000000,51000000,5384,8973,51025000,19016
2,2041,51025000,51025000,5384,8973,51050000,19028
2,2042,51050000,51050000,5384,8973,51075000,19037
2,2043,51075000,51075000,5384,8973,51100000,19045
2,2044,51100000,51100000,5384,8973,51125000,19056
2,2045,51125000,51125000,5384,8973,51150000,19064
2,2046,51150000,51150000,5384,8973,51175000,19074
2,2047,51175000,51175000,5384,8973,51200000,19081
2,2048,51200000,51200000,5384,8973,51225000,19093
2,2049,51225000,51225000,5384,8973,51250000,19102
2,205,5125000,5125000,5384,8973,5150000,1915
2,2050,51250000,51250000,5384,8973,51275000,19110
2,2051,51275000,51275000,5384,8973,51300000,19120
2,2052,51300000,51300000,5384,8973,51325000,19130
2,2053,51325000,51325000,5384,8973,51350000,19139
2,2054,51350000,51350000,5384,8973,51375000,19149
2,2055,51375000,51375000,5384,8973,51400000,19157
2,2056,51400000,51400000,5384,8973,51425000,19167
2,2057,51425000,51425000,5384,8973,51450000,19176
2,2058,51450000,51450000,5384,8973,51475000,19184
2,2059,51475000,51475000,5384,8973,51500000,19195
2,206,5150000,5150000,5384,8973,5175000,1924
2,2060,51500000,51500000,5384,8973,51525000,19206
2,2061,51525000,51525000,5384,8973,51550000,19213
2,2062,51550000,51550000,5384,8973,51575000,19223
2,2063,51575000,51575000,5384,8973,51600000,19232
2,2064,51600000,51600000,5384,8973,51625000,19240
2,2065,51625000,51625000,5384,8973,51650000,19251
2,2066,51650000,51650000,5384,8973,51675000,19260
2,2067,51675000,51675000,5384,8973,51700000,19270
2,2068,51700000,51700000,5384,8973,51725000,19279
2,2069,51725000,51725000,5384,8973,51750000,19287
2,207,5175000,5175000,5384,8973,5200000,1932
2,2070,51750000,51750000,5384,8973,51775000,19298
2,2071,51775000,51775000,5384,8973,51800000,19305
2,2072,51800000,51800000,5384,8973,51825000,19316
2,2073,51825000,51825000,5384,8973,51850000,19326
2,2074,51850000,51850000,5384,8973,51875000,19336
2,2075,51875000,51875000,5384,8973,51900000,19343
2,2076,51900000,51900000,5384,8973,51925000,19354
2,2077,51925000,51925000,5384,8973,51950000,19363
2,2078,51950000,51950000,5384,8973,51975000,19371
2,2079,51975000,51975000,5384,8973,52000000,19380
2,208,5200000,5200000,5384,8973,5225000,1943
2,2080,52000000,52000000,5384,8973,52025000,19391
2,2081,52025000,52025000,5384,8973,52050000,19401
2,2082,52050000,52050000,5384,8973,52075000,19407
2,2083,52075000,52075000,5384,8973,52100000,19419
2,2084,52100000,52100000,5384,8973,52125000,19429
2,2085,52125000,52125000,5384,8973,52150000,19436
2,2086,52150000,52150000,5384,8973,52175000,19447
2,2087,52175000,52175000,5384,8973,52200000,19456
2,2088,52200000,52200000,5384,8973,52225000,19465
2,2089,52225000,52225000,5384,8973,52250000,19474
2,209,5225000,5225000,5384,8973,5250000,1951
2,2090,52250000,52250000,5384,8973,52275000,19484
2,2091,52275000,52275000,5384,8973,52300000,19493
2,2092,52300000,52300000,5384,8973,52325000,19503
2,2093,52325000,52325000,5384,8973,52350000,19511
2,2094,52350000,52350000,5384,8973,52375000,19521
2,2095,52375000,52375000,5384,8973,52400000,19530
2,2096,52400000,52400000,5384,8973,52425000,19540
2,2097,52425000,52425000,5384,8973,52450000,19549
2,2098,52450000,52450000,5384,8973,52475000,19559
2,2099,52475000,52475000,5384,8973,52500000,19567
2,21,525000,525000,5384,8973,550000,198
2,210,5250000,5250000,5384,8973,5275000,1959
2,2100,52500000,52500000,5384,8973,52525000,19576
2,2101,52525000,52525000,5384,8973,52550000,19586
2,2102,52550000,52550000,5384,8973,52575000,19597
2,2103,52575000,52575000,5384,8973,52600000,19604
2,2104,52600000,52600000,5384,8973,52625000,19614
2,2105,52625000,52625000,5384,8973,52650000,19625
2,2106,52650000,52650000,5384,8973,52675000,19631
2,2107,52675000,52675000,5384,8973,52700000,19642
2,2108,52700000,52700000,5384,8973,52725000,19653
2,2109,52725000,52725000,5384,8973,52750000,19662
2,211,5275000,5275000,5384,8973,5300000,1971
2,2110,52750000,52750000,5384,8973,52775000,19670
2,2111,52775000,52775000,5384,8973,52800000,19678
2,2112,52800000,52800000,5384,8973,52825000,19689
2,2113,52825000,52825000,5384,8973,52850000,19697
2,2114,52850000,52850000,5384,8973,52875000,19707
2,2115,52875000,52875000,5384,8973,52900000,19717
2,2116,52900000,52900000,5384,8973,52925000,19728
2,2117,52925000,52925000,5384,8973,52950000,19734
2,2118,52950000,52950000,5384,8973,52975000,19745
2,2119,52975000,52975000,5384,8973,53000000,19754
2,212,5300000,5300000,5384,8973,5325000,1981
2,2120,53000000,53000000,5384,8973,53025000,19763
2,2121,53025000,53025000,5384,8973,53050000,19773
2,2122,53050000,53050000,5384,8973,53075000,19782
2,2123,53075000,53075000,5384,8973,53100000,19792
2,2124,53100000,53100000,5384,8973,53125000,19800
2,2125,53125000,53125000,5384,8973,53150000,19810
2,2126,53150000,53150000,5384,8973,53175000,19820
2,2127,53175000,53175000,5384,8973,53200000,19827
2,2128,53200000,53200000,5384,8973,53225000,19838
2,2129,53225000,53225000,5384,8973,53250000,19848
2,213,5325000,5325000,5384,8973,5350000,1988
2,2130,53250000,53250000,5384,8973,53275000,19856
2,2131,53275000,53275000,5384,8973,53300000,19866
2,2132,53300000,53300000,5384,8973,53325000,19876
2,2133,53325000,53325000,5384,8973,53350000,19884
2,2134,53350000,53350000,5384,8973,53375000,19894
2,2135,53375000,53375000,5384,8973,53400000,19902
2,2136,53400000,53400000,5384,8973,53425000,19912
2,2137,53425000,53425000,5384,8973,53450000,19923
2,2138,53450000,53450000,5384,8973,53475000,19931
2,2139,53475000,53475000,5384,8973,53500000,19940
2,214,5350000,5350000,5384,8973,5375000,1999
2,2140,53500000,53500000,5384,8973,53525000,19952
2,2141,53525000,53525000,5384,8973,53550000,19958
2,2142,53550000,53550000,5384,8973,53575000,19968
2,2143,53575000,53575000,5384,8973,53600000,19977
2,2144,53600000,53600000,5384,8973,53625000,19988
2,2145,53625000,53625000,5384,8973,53650000,19996
2,2146,53650000,53650000,5384,8973,53675000,20005
2,2147,53675000,53675000,5384,8973,53700000,20016
2,2148,53700000,53700000,5384,8973,53725000,20023
2,2149,53725000,53725000,5384,8973,53750000,20033
2,215,5375000,5375000,5384,8973,5400000,2008
2,2150,53750000,53750000,5384,8973,53775000,20044
2,2151,53775000,53775000,5384,8973,53800000,20053
2,2152,53800000,53800000,5384,8973,53825000,20061
2,2153,53825000,53825000,5384,8973,53850000,20072
2,2154,53850000,53850000,5384,8973,53875000,20080
2,2155,53875000,53875000,5384,8973,53900000,20088
2,2156,53900000,53900000,5384,8973,53925000,20100
2,2157,53925000,53925000,5384,8973,53950000,20108
2,2158,53950000,53950000,5384,8973,53975000,20119
2,2159,53975000,53975000,5384,8973,54000000,20125
2,216,5400000,5400000,5384,8973,5425000,2015
2,2160,54000000,54000000,5384,8973,54025000,20136
2,2161,54025000,54025000,5384,8973,54050000,20146
2,2162,54050000,54050000,5384,8973,54075000,20154
2,2163,54075000,54075000,5384,8973,54100000,20164
2,2164,54100000,54100000,5384,8973,54125000,20175
2,2165,54125000,54125000,5384,8973,54150000,20183
2,2166,54150000,54150000,5384,8973,54175000,20191
2,2167,54175000,54175000,5384,8973,54200000,20201
2,2168,54200000,54200000,5384,8973,54225000,20211
2,2169,54225000,54225000,5384,8973,54250000,20220
2,217,5425000,5425000,5384,8973,5450000,2027
2,2170,54250000,54250000,5384,8973,54275000,20229
2,2171,54275000,54275000,5384,8973,54300000,20239
2,2172,54300000,54300000,5384,8973,54325000,20249
2,2173,54325000,54325000,5384,8973,54350000,20257
2,2174,54350000,54350000,5384,8973,54375000,20267
2,2175,54375000,54375000,5384,8973,54400000,20276
2,2176,54400000,54400000,5384,8973,54425000,20285
2,2177,54425000,54425000,5384,8973,54450000,20294
2,2178,54450000,54450000,5384,8973,54475000,20303
2,2179,54475000,54475000,5384,8973,54500000,20314
2,218,5450000,5450000,5384,8973,5475000,2036
2,2180,54500000,54500000,5384,8973,54525000,20323
2,2181,54525000,54525000,5384,8973,54550000,20331
2,2182,54550000,54550000,5384,8973,54575000,20343
2,2183,54575000,54575000,5384,8973,54600000,20349
2,2184,54600000,54600000,5384,8973,54625000,20359
2,2185,54625000,54625000,5384,8973,54650000,20370
2,2186,54650000,54650000,5384,8973,54675000,20380
2,2187,54675000,54675000,5384,8973,54700000,20387
2,2188,54700000,54700000,5384,8973,54725000,20398
2,2189,54725000,54725000,5384,8973,54750000,20407
2,219,5475000,5475000,5384,8973,5500000,2045
2,2190,54750000,54750000,5384,8973,54775000,20414
2,2191,54775000,54775000,5384,8973,54800000,20424
2,2192,54800000,54800000,5384,8973,54825000,20435
2,2193,54825000,54825000,5384,8973,54850000,20445
2,2194,54850000,54850000,5384,8973,54875000,20452
2,2195,54875000,54875000,5384,8973,54900000,20463
2,2196,54900000,54900000,5384,8973,54925000,20472
2,2197,54925000,54925000,5384,8973,54950000,20480
2,2198,54950000,54950000,5384,8973,54975000,20491
2,2199,54975000,54975000,5384,8973,55000000,20499
2,22,550000,550000,5384,8973,575000,210
2,220,5500000,5500000,5384,8973,5525000,2055
2,2200,55000000,55000000,5384,8973,55025000,20510
2,2201,55025000,55025000,5384,8973,55050000,20518
2,2202,55050000,55050000,5384,8973,55075000,20527
2,2203,55075000,55075000,5384,8973,55100000,20537
2,2204,55100000,55100000,5384,8973,55125000,20547
2,2205,55125000,55125000,5384,8973,55150000,20555
2,2206,55150000,55150000,5384,8973,55175000,20566
2,2207,55175000,55175000,5384,8973,55200000,20574
2,2208,55200000,55200000,5384,8973,55225000,20583
2,2209,55225000,55225000,5384,8973,55250000,20593
2,221,5525000,5525000,5384,8973,5550000,2063
2,2210,55250000,55250000,5384,8973,55275000,20602
2,2211,55275000,55275000,5384,8973,55300000,20611
2,2212,55300000,55300000,5384,8973,55325000,20621
2,2213,55325000,55325000,5384,8973,55350000,20630
2,2214,55350000,55350000,5384,8973,55375000,20640
2,2215,55375000,55375000,5384,8973,55400000,20648
2,2216,55400000,55400000,5384,8973,55425000,20658
2,2217,55425000,55425000,5384,8973,55450000,20669
2,2218,55450000,55450000,5384,8973,55475000,20676
2,2219,55475000,55475000,5384,8973,55500000,20686
2,222,5550000,5550000,5384,8973,5575000,2073
2,2220,55500000,55500000,5384,8973,55525000,20696
2,2221,55525000,55525000,5384,8973,55550000,20705
2,2222,55550000,55550000,5384,8973,55575000,20714
2,2223,55575000,55575000,5384,8973,55600000,20722
2,2224,55600000,55600000,5384,8973,55625000,20734
2,2225,55625000,55625000,5384,8973,55650000,20741
2,2226,55650000,55650000,5384,8973,55675000,20750
2,2227,55675000,55675000,5384,8973,55700000,20761
2,2228,55700000,55700000,5384,8973,55725000,20772
2,2229,55725000,55725000,5384,8973,55750000,20778
2,223,5575000,5575000,5384,8973,5600000,2080
2,2230,55750000,55750000,5384,8973,55775000,20790
2,2231,55775000,55775000,5384,8973,55800000,20798
2,2232,55800000,55800000,5384,8973,55825000,20805
2,2233,55825000,55825000,5384,8973,55850000,20817
2,2234,55850000,55850000,5384,8973,55875000,20826
2,2235,55875000,55875000,5384,8973,55900000,20836
2,2236,55900000,55900000,5384,8973,55925000,20845
2,2237,55925000,55925000,5384,8973,55950000,20854
2,2238,55950000,55950000,5384,8973,55975000,20863
2,2239,55975000,55975000,5384,8973,56000000,20871
2,224,5600000,5600000,5384,8973,5625000,2092
2,2240,56000000,56000000,5384,8973,56025000,20882
2,2241,56025000,56025000,5384,8973,56050000,20892
2,2242,56050000,56050000,5384,8973,56075000,20901
2,2243,56075000,56075000,5384,8973,56100000,20909
2,2244,56100000,56100000,5384,8973,56125000,20919
2,2245,56125000,56125000,5384,8973,56150000,20928
2,2246,56150000,56150000,5384,8973,56175000,20938
2,2247,56175000,56175000,5384,8973,56200000,20946
2,2248,56200000,56200000,5384,8973,56225000,20957
2,2249,56225000,56225000,5384,8973,56250000,20967
2,225,5625000,5625000,5384,8973,5650000,2101
2,2250,56250000,56250000,5384,8973,56275000,20974
2,2251,56275000,56275000,5384,8973,56300000,20984
2,2252,56300000,56300000,5384,8973,56325000,20996
2,2253,56325000,56325000,5384,8973,56350000,21002
2,2254,56350000,56350000,5384,8973,56375000,21012
2,2255,56375000,56375000,5384,8973,56400000,21021
2,2256,56400000,56400000,5384,8973,56425000,21031
2,2257,56425000,56425000,5384,8973,56450000,21040
2,2258,56450000,56450000,5384,8973,56475000,21049
2,2259,56475000,56475000,5384,8973,56500000,21060
2,226,5650000,5650000,5384,8973,5675000,2111
2,2260,56500000,56500000,5384,8973,56525000,21068
2,2261,56525000,56525000,5384,8973,56550000,21077
2,2262,56550000,56550000,5384,8973,56575000,21087
2,2263,56575000,56575000,5384,8973,56600000,21097
2,2264,56600000,56600000,5384,8973,56625000,21105
2,2265,56625000,56625000,5384,8973,56650000,21115
2,2266,56650000,56650000,5384,8973,56675000,21125
2,2267,56675000,56675000,5384,8973,56700000,21132
2,2268,56700000,56700000,5384,8973,56725000,21143
2,2269,56725000,56725000,5384,8973,56750000,21152
2,227,5675000,5675000,5384,8973,5700000,2119
2,2270,56750000,56750000,5384,8973,56775000,21163
2,2271,56775000,56775000,5384,8973,56800000,21169
2,2272,56800000,56800000,5384,8973,56825000,21181
2,2273,56825000,56825000,5384,8973,56850000,21190
2,2274,56850000,56850000,5384,8973,56875000,21197
2,2275,56875000,56875000,5384,8973,56900000,21208
2,2276,56900000,56900000,5384,8973,56925000,21218
2,2277,56925000,56925000,5384,8973,56950000,21227
2,2278,56950000,56950000,5384,8973,56975000,21236
2,2279,56975000,56975000,5384,8973,57000000,21245
2,228,5700000,5700000,5384,8973,5725000,2129
2,2280,57000000,57000000,5384,8973,57025000,21254
2,2281,57025000,57025000,5384,8973,57050000,21264
2,2282,57050000,57050000,5384,8973,57075000,21273
2,2283,57075000,57075000,5384,8973,57100000,21283
2,2284,57100000,57100000,5384,8973,57125000,21294
2,2285,57125000,57125000,5384,8973,57150000,21301
2,2286,57150000,57150000,5384,8973,57175000,21310
2,2287,57175000,57175000,5384,8973,57200000,21319
2,2288,57200000,57200000,5384,8973,57225000,21329
2,2289,57225000,57225000,5384,8973,57250000,21338
2,229,5725000,5725000,5384,8973,5750000,2138
2,2290,57250000,57250000,5384,8973,57275000,21348
2,2291,57275000,57275000,5384,8973,57300000,21358
2,2292,57300000,57300000,5384,8973,57325000,21366
2,2293,57325000,57325000,5384,8973,57350000,21375
2,2294,57350000,57350000,5384,8973,57375000,21387
2,2295,57375000,57375000,5384,8973,57400000,21393
2,2296,57400000,57400000,5384,8973,57425000,21404
2,2297,57425000,57425000,5384,8973,57450000,21414
2,2298,57450000,57450000,5384,8973,57475000,21422
2,2299,57475000,57475000,5384,8973,57500000,21431
2,23,575000,575000,5384,8973,600000,218
2,230,5750000,5750000,5384,8973,5775000,2147
2,2300,57500000,57500000,5384,8973,57525000,21442
2,2301,57525000,57525000,5384,8973,57550000,21451
2,2302,57550000,57550000,5384,8973,57575000,21459
2,2303,57575000,57575000,5384,8973,57600000,21468
2,2304,57600000,57600000,5384,8973,57625000,21478
2,2305,57625000,57625000,5384,8973,57650000,21489
2,2306,57650000,57650000,5384,8973,57675000,21496
2,2307,57675000,57675000,5384,8973,57700000,21507
2,2308,57700000,57700000,5384,8973,57725000,21517
2,2309,57725000,57725000,5384,8973,57750000,21523
2,231,5775000,5775000,5384,8973,5800000,2156
2,2310,57750000,57750000,5384,8973,57775000,21534
2,2311,57775000,57775000,5384,8973,57800000,21543
2,2312,57800000,57800000,5384,8973,57825000,21554
2,2313,57825000,57825000,5384,8973,57850000,21562
2,2314,57850000,57850000,5384,8973,57875000,21572
2,2315,57875000,57875000,5384,8973,57900000,21581
2,2316,57900000,57900000,5384,8973,57925000,21590
2,2317,57925000,57925000,5384,8973,57950000,21599
2,2318,57950000,57950000,5384,8973,57975000,21610
2,2319,57975000,57975000,5384,8973,58000000,21618
2,232,5800000,5800000,5384,8973,5825000,2166
2,2320,58000000,58000000,5384,8973,58025000,21627
2,2321,58025000,58025000,5384,8973,58050000,21637
2,2322,58050000,58050000,5384,8973,58075000,21645
2,2323,58075000,58075000,5384,8973,58100000,21655
2,2324,58100000,58100000,5384,8973,58125000,21665
2,2325,58125000,58125000,5384,8973,58150000,21674
2,2326,58150000,58150000,5384,8973,58175000,21685
2,2327,58175000,58175000,5384,8973,58200000,21692
2,2328,58200000,58200000,5384,8973,58225000,21701
2,2329,58225000,58225000,5384,8973,58250000,21713
2,233,5825000,5825000,5384,8973,5850000,2177
2,2330,58250000,58250000,5384,8973,58275000,21720
2,2331,58275000,58275000,5384,8973,58300000,21729
2,2332,58300000,58300000,5384,8973,58325000,21741
2,2333,58325000,58325000,5384,8973,58350000,21749
2,2334,58350000,58350000,5384,8973,58375000,21757
2,2335,58375000,58375000,5384,8973,58400000,21766
2,2336,58400000,58400000,5384,8973,58425000,21778
2,2337,58425000,58425000,5384,8973,58450000,21785
2,2338,58450000,58450000,5384,8973,58475000,21795
2,2339,58475000,58475000,5384,8973,58500000,21805
2,234,5850000,5850000,5384,8973,5875000,2183
2,2340,58500000,58500000,5384,8973,58525000,21815
2,2341,58525000,58525000,5384,8973,58550000,21822
2,2342,58550000,58550000,5384,8973,58575000,21833
2,2343,58575000,58575000,5384,8973,58600000,21842
2,2344,58600000,58600000,5384,8973,58625000,21850
2,2345,58625000,58625000,5384,8973,58650000,21861
2,2346,58650000,58650000,5384,8973,58675000,21869
2,2347,58675000,58675000,5384,8973,58700000,21880
2,2348,58700000,58700000,5384,8973,58725000,21889
2,2349,58725000,58725000,5384,8973,58750000,21898
2,235,5875000,5875000,5384,8973,5900000,2194
2,2350,58750000,58750000,5384,8973,58775000,21908
2,2351,58775000,58775000,5384,8973,58800000,21915
2,2352,58800000,58800000,5384,8973,58825000,21925
2,2353,58825000,58825000,5384,8973,58850000,21935
2,2354,58850000,58850000,5384,8973,58875000,21945
2,2355,58875000,58875000,5384,8973,58900000,21953
2,2356,58900000,58900000,5384,8973,58925000,21964
2,2357,58925000,58925000,5384,8973,58950000,21972
2,2358,58950000,58950000,5384,8973,58975000,21981
2,2359,58975000,58975000,5384,8973,59000000,21990
2,236,5900000,5900000,5384,8973,5925000,2205
2,2360,59000000,59000000,5384,8973,59025000,22001
2,2361,59025000,59025000,5384,8973,59050000,22011
2,2362,59050000,59050000,5384,8973,59075000,22019
2,2363,59075000,59075000,5384,8973,59100000,22028
2,2364,59100000,59100000,5384,8973,59125000,22038
2,2365,59125000,59125000,5384,8973,59150000,22046
2,2366,59150000,59150000,5384,8973,59175000,22056
2,2367,59175000,59175000,5384,8973,59200000,22065
2,2368,59200000,59200000,5384,8973,59225000,22076
2,2369,59225000,59225000,5384,8973,59250000,22084
2,237,5925000,5925000,5384,8973,5950000,2212
2,2370,59250000,59250000,5384,8973,59275000,22092
2,2371,59275000,59275000,5384,8973,59300000,22104
2,2372,59300000,59300000,5384,8973,59325000,22112
2,2373,59325000,59325000,5384,8973,59350000,22121
2,2374,59350000,59350000,5384,8973,59375000,22132
2,2375,59375000,59375000,5384,8973,59400000,22140
2,2376,59400000,59400000,5384,8973,59425000,22148
2,2377,59425000,59425000,5384,8973,59450000,22159
2,2378,59450000,59450000,5384,8973,59475000,22169
2,2379,59475000,59475000,5384,8973,59500000,22176
2,238,5950000,5950000,5384,8973,5975000,2222
2,2380,59500000,59500000,5384,8973,59525000,22188
2,2381,59525000,59525000,5384,8973,59550000,22196
2,2382,59550000,59550000,5384,8973,59575000,22206
2,2383,59575000,59575000,5384,8973,59600000,22213
2,2384,59600000,59600000,5384,8973,59625000,22225
2,2385,59625000,59625000,5384,8973,59650000,22234
2,2386,59650000,59650000,5384,8973,59675000,22241
2,2387,59675000,59675000,5384,8973,59700000,22252
2,2388,59700000,59700000,5384,8973,59725000,22261
2,2389,59725000,59725000,5384,8973,59750000,22271
2,239,5975000,5975000,5384,8973,6000000,2231
2,2390,59750000,59750000,5384,8973,59775000,22280
2,2391,59775000,59775000,5384,8973,59800000,22289
2,2392,59800000,59800000,5384,8973,59825000,22299
2,2393,59825000,59825000,5384,8973,59850000,22308
2,2394,59850000,59850000,5384,8973,59875000,22316
2,2395,59875000,59875000,5384,8973,59900000,22327
2,2396,59900000,59900000,5384,8973,59925000,22338
2,2397,59925000,59925000,5384,8973,59950000,22344
2,2398,59950000,59950000,5384,8973,59975000,22355
2,2399,59975000,59975000,5384,8973,60000000,22363
2,24,600000,600000,5384,8973,625000,226
2,240,6000000,6000000,5384,8973,6025000,2241
2,2400,60000000,60000000,5384,8973,60025000,22372
2,2401,60025000,60025000,5384,8973,60050000,22382
2,2402,60050000,60050000,5384,8973,60075000,22392
2,2403,60075000,60075000,5384,8973,60100000,22402
2,2404,60100000,60100000,5384,8973,60125000,22411
2,2405,60125000,60125000,5384,8973,60150000,22419
2,2406,60150000,60150000,5384,8973,60175000,22430
2,2407,60175000,60175000,5384,8973,60200000,22437
2,2408,60200000,60200000,5384,8973,60225000,22447
2,2409,60225000,60225000,5384,8973,60250000,22458
2,241,6025000,6025000,5384,8973,6050000,2249
2,2410,60250000,60250000,5384,8973,60275000,22467
2,2411,60275000,60275000,5384,8973,60300000,22475
2,2412,60300000,60300000,5384,8973,60325000,22485
2,2413,60325000,60325000,5384,8973,60350000,22495
2,2414,60350000,60350000,5384,8973,60375000,22503
2,2415,60375000,60375000,5384,8973,60400000,22512
2,2416,60400000,60400000,5384,8973,60425000,22523
2,2417,60425000,60425000,5384,8973,60450000,22533
2,2418,60450000,60450000,5384,8973,60475000,22539
2,2419,60475000,60475000,5384,8973,60500000,22550
2,242,6050000,6050000,5384,8973,6075000,2259
2,2420,60500000,60500000,5384,8973,60525000,22561
2,2421,60525000,60525000,5384,8973,60550000,22567
2,2422,60550000,60550000,5384,8973,60575000,22579
2,2423,60575000,60575000,5384,8973,60600000,22587
2,2424,60600000,60600000,5384,8973,60625000,22597
2,2425,60625000,60625000,5384,8973,60650000,22606
2,2426,60650000,60650000,5384,8973,60675000,22616
2,2427,60675000,60675000,5384,8973,60700000,22625
2,2428,60700000,60700000,5384,8973,60725000,22635
2,2429,60725000,60725000,5384,8973,60750000,22643
2,243,6075000,6075000,5384,8973,6100000,2269
2,2430,60750000,60750000,5384,8973,60775000,22652
2,2431,60775000,60775000,5384,8973,60800000,22662
2,2432,60800000,60800000,5384,8973,60825000,22671
2,2433,60825000,60825000,5384,8973,60850000,22681
2,2434,60850000,60850000,5384,8973,60875000,22690
2,2435,60875000,60875000,5384,8973,60900000,22699
2,2436,60900000,60900000,5384,8973,60925000,22708
2,2437,60925000,60925000,5384,8973,60950000,22718
2,2438,60950000,60950000,5384,8973,60975000,22729
2,2439,60975000,60975000,5384,8973,61000000,22736
2,244,6100000,6100000,5384,8973,6125000,2278
2,2440,61000000,61000000,5384,8973,61025000,22746
2,2441,61025000,61025000,5384,8973,61050000,22756
2,2442,61050000,61050000,5384,8973,61075000,22763
2,2443,61075000,61075000,5384,8973,61100000,22773
2,2444,61100000,61100000,5384,8973,61125000,22785
2,2445,61125000,61125000,5384,8973,61150000,22793
2,2446,61150000,61150000,5384,8973,61175000,22802
2,2447,61175000,61175000,5384,8973,61200000,22810
2,2448,61200000,61200000,5384,8973,61225000,22821
2,2449,61225000,61225000,5384,8973,61250000,22829
2,245,6125000,6125000,5384,8973,6150000,2286
2,2450,61250000,61250000,5384,8973,61275000,22839
2,2451,61275000,61275000,5384,8973,61300000,22849
2,2452,61300000,61300000,5384,8973,61325000,22859
2,2453,61325000,61325000,5384,8973,61350000,22866
2,2454,61350000,61350000,5384,8973,61375000,22876
2,2455,61375000,61375000,5384,8973,61400000,22886
2,2456,61400000,61400000,5384,8973,61425000,22894
2,2457,61425000,61425000,5384,8973,61450000,22905
2,2458,61450000,61450000,5384,8973,61475000,22914
2,2459,61475000,61475000,5384,8973,61500000,22924
2,246,6150000,6150000,5384,8973,6175000,2297
2,2460,61500000,61500000,5384,8973,61525000,22932
2,2461,61525000,61525000,5384,8973,61550000,22942
2,2462,61550000,61550000,5384,8973,61575000,22952
2,2463,61575000,61575000,5384,8973,61600000,22958
2,2464,61600000,61600000,5384,8973,61625000,22970
2,2465,61625000,61625000,5384,8973,61650000,22979
2,2466,61650000,61650000,5384,8973,61675000,22988
2,2467,61675000,61675000,5384,8973,61700000,22997
2,2468,61700000,61700000,5384,8973,61725000,23008
2,2469,61725000,61725000,5384,8973,61750000,23016
2,247,6175000,6175000,5384,8973,6200000,2306
2,2470,61750000,61750000,5384,8973,61775000,23026
2,2471,61775000,61775000,5384,8973,61800000,23034
2,2472,61800000,61800000,5384,8973,61825000,23044
2,2473,61825000,61825000,5384,8973,61850000,23055
2,2474,61850000,61850000,5384,8973,61875000,23062
2,2475,61875000,61875000,5384,8973,61900000,23072
2,2476,61900000,61900000,5384,8973,61925000,23083
2,2477,61925000,61925000,5384,8973,61950000,23090
2,2478,61950000,61950000,5384,8973,61975000,23099
2,2479,61975000,61975000,5384,8973,62000000,23109
2,248,6200000,6200000,5384,8973,6225000,2315
2,2480,62000000,62000000,5384,8973,62025000,23120
2,2481,62025000,62025000,5384,8973,62050000,23128
2,2482,62050000,62050000,5384,8973,62075000,23137
2,2483,62075000,62075000,5384,8973,62100000,23148
2,2484,62100000,62100000,5384,8973,62125000,23155
2,2485,62125000,62125000,5384,8973,62150000,23164
2,2486,62150000,62150000,5384,8973,62175000,23176
2,2487,62175000,62175000,5384,8973,62200000,23184
2,2488,62200000,62200000,5384,8973,62225000,23193
2,2489,62225000,62225000,5384,8973,62250000,23203
2,249,6225000,6225000,5384,8973,6250000,2325
2,2490,62250000,62250000,5384,8973,62275000,23212
2,2491,62275000,62275000,5384,8973,62300000,23220
2,2492,62300000,62300000,5384,8973,62325000,23232
2,2493,62325000,62325000,5384,8973,62350000,23240
2,2494,62350000,62350000,5384,8973,62375000,23251
2,2495,62375000,62375000,5384,8973,62400000,23257
2,2496,62400000,62400000,5384,8973,62425000,23267
2,2497,62425000,62425000,5384,8973,62450000,23278
2,2498,62450000,62450000,5384,8973,62475000,23285
2,2499,62475000,62475000,5384,8973,62500000,23296
2,25,625000,625000,5384,8973,650000,237
2,250,6250000,6250000,5384,8973,6275000,2335
2,2500,62500000,62500000,5384,8973,62525000,23306
2,2501,62525000,62525000,5384,8973,62550000,23315
2,2502,62550000,62550000,5384,8973,62575000,23323
2,2503,62575000,62575000,5384,8973,62600000,23333
2,2504,62600000,62600000,5384,8973,62625000,23343
2,2505,62625000,62625000,5384,8973,62650000,23352
2,2506,62650000,62650000,5384,8973,62675000,23361
2,2507,62675000,62675000,5384,8973,62700000,23370
2,2508,62700000,62700000,5384,8973,62725000,23381
2,2509,62725000,62725000,5384,8973,62750000,23388
2,251,6275000,6275000,5384,8973,6300000,2342
2,2510,62750000,62750000,5384,8973,62775000,23399
2,2511,62775000,62775000,5384,8973,62800000,23407
2,2512,62800000,62800000,5384,8973,62825000,23417
2,2513,62825000,62825000,5384,8973,62850000,23426
2,2514,62850000,62850000,5384,8973,62875000,23435
2,2515,62875000,62875000,5384,8973,62900000,23446
2,2516,62900000,62900000,5384,8973,62925000,23455
2,2517,62925000,62925000,5384,8973,62950000,23463
2,2518,62950000,62950000,5384,8973,62975000,23474
2,2519,62975000,62975000,5384,8973,63000000,23481
2,252,6300000,6300000,5384,8973,6325000,2352
2,2520,63000000,63000000,5384,8973,63025000,23490
2,2521,63025000,63025000,5384,8973,63050000,23502
2,2522,63050000,63050000,5384,8973,63075000,23511
2,2523,63075000,63075000,5384,8973,63100000,23519
2,2524,63100000,63100000,5384,8973,63125000,23530
2,2525,63125000,63125000,5384,8973,63150000,23539
2,2526,63150000,63150000,5384,8973,63175000,23546
2,2527,63175000,63175000,5384,8973,63200000,23556
2,2528,63200000,63200000,5384,8973,63225000,23567
2,2529,63225000,63225000,5384,8973,63250000,23576
2,253,6325000,6325000,5384,8973,6350000,2362
2,2530,63250000,63250000,5384,8973,63275000,23584
2,2531,63275000,63275000,5384,8973,63300000,23594
2,2532,63300000,63300000,5384,8973,63325000,23604
2,2533,63325000,63325000,5384,8973,63350000,23611
2,2534,63350000,63350000,5384,8973,63375000,23623
2,2535,63375000,63375000,5384,8973,63400000,23631
2,2536,63400000,63400000,5384,8973,63425000,23642
2,2537,63425000,63425000,5384,8973,63450000,23650
2,2538,63450000,63450000,5384,8973,63475000,23659
2,2539,63475000,63475000,5384,8973,63500000,23669
2,254,6350000,6350000,5384,8973,6375000,2372
2,2540,63500000,63500000,5384,8973,63525000,23678
2,2541,63525000,63525000,5384,8973,63550000,23687
2,2542,63550000,63550000,5384,8973,63575000,23697
2,2543,63575000,63575000,5384,8973,63600000,23706
2,2544,63600000,63600000,5384,8973,63625000,23714
2,2545,63625000,63625000,5384,8973,63650000,23725
2,2546,63650000,63650000,5384,8973,63675000,23734
2,2547,63675000,63675000,5384,8973,63700000,23743
2,2548,63700000,63700000,5384,8973,63725000,23753
2,2549,63725000,63725000,5384,8973,63750000,23762
2,255,6375000,6375000,5384,8973,6400000,2379
2,2550,63750000,63750000,5384,8973,63775000,23772
2,2551,63775000,63775000,5384,8973,63800000,23779
2,2552,63800000,63800000,5384,8973,63825000,23790
2,2553,63825000,63825000,5384,8973,63850000,23800
2,2554,63850000,63850000,5384,8973,63875000,23808
2,2555,63875000,63875000,5384,8973,63900000,23817
2,2556,63900000,63900000,5384,8973,63925000,23828
2,2557,63925000,63925000,5384,8973,63950000,23837
2,2558,63950000,63950000,5384,8973,63975000,23846
2,2559,63975000,63975000,5384,8973,64000000,23854
2,256,6400000,6400000,5384,8973,6425000,2390
2,2560,64000000,64000000,5384,8973,64025000,23866
2,2561,64025000,64025000,5384,8973,64050000,23873
2,2562,64050000,64050000,5384,8973,64075000,23881
2,2563,64075000,64075000,5384,8973,64100000,23893
2,2564,64100000,64100000,5384,8973,64125000,23903
2,2565,64125000,64125000,5384,8973,64150000,23910
2,2566,64150000,64150000,5384,8973,64175000,23921
2,2567,64175000,64175000,5384,8973,64200000,23930
2,2568,64200000,64200000,5384,8973,64225000,23937
2,2569,64225000,64225000,5384,8973,64250000,23949
2,257,6425000,6425000,5384,8973,6450000,2400
2,2570,64250000,64250000,5384,8973,64275000,23958
2,2571,64275000,64275000,5384,8973,64300000,23968
2,2572,64300000,64300000,5384,8973,64325000,23977
2,2573,64325000,64325000,5384,8973,64350000,23985
2,2574,64350000,64350000,5384,8973,64375000,23995
2,2575,64375000,64375000,5384,8973,64400000,24002
2,2576,64400000,64400000,5384,8973,64425000,24014
2,2577,64425000,64425000,5384,8973,64450000,24023
2,2578,64450000,64450000,5384,8973,64475000,24033
2,2579,64475000,64475000,5384,8973,64500000,24041
2,258,6450000,6450000,5384,8973,6475000,2406
2,2580,64500000,64500000,5384,8973,64525000,24051
2,2581,64525000,64525000,5384,8973,64550000,24060
2,2582,64550000,64550000,5384,8973,64575000,24070
2,2583,64575000,64575000,5384,8973,64600000,24078
2,2584,64600000,64600000,5384,8973,64625000,24088
2,2585,64625000,64625000,5384,8973,64650000,24099
2,2586,64650000,64650000,5384,8973,64675000,24105
2,2587,64675000,64675000,5384,8973,64700000,24116
2,2588,64700000,64700000,5384,8973,64725000,24127
2,2589,64725000,64725000,5384,8973,64750000,24134
2,259,6475000,6475000,5384,8973,6500000,2418
2,2590,64750000,64750000,5384,8973,64775000,24144
2,2591,64775000,64775000,5384,8973,64800000,24153
2,2592,64800000,64800000,5384,8973,64825000,24163
2,2593,64825000,64825000,5384,8973,64850000,24172
2,2594,64850000,64850000,5384,8973,64875000,24181
2,2595,64875000,64875000,5384,8973,64900000,24191
2,2596,64900000,64900000,5384,8973,64925000,24200
2,2597,64925000,64925000,5384,8973,64950000,24208
2,2598,64950000,64950000,5384,8973,64975000,24219
2,2599,64975000,64975000,5384,8973,65000000,24228
2,26,650000,650000,5384,8973,675000,247
2,260,6500000,6500000,5384,8973,6525000,2428
2,2600,65000000,65000000,5384,8973,65025000,24237
2,2601,65025000,65025000,5384,8973,65050000,24247
2,2602,65050000,65050000,5384,8973,65075000,24257
2,2603,65075000,65075000,5384,8973,65100000,24264
2,2604,65100000,65100000,5384,8973,65125000,24275
2,2605,65125000,65125000,5384,8973,65150000,24284
2,2606,65150000,65150000,5384,8973,65175000,24294
2,2607,65175000,65175000,5384,8973,65200000,24301
2,2608,65200000,65200000,5384,8973,65225000,24312
2,2609,65225000,65225000,5384,8973,65250000,24322
2,261,6525000,6525000,5384,8973,6550000,2437
2,2610,65250000,65250000,5384,8973,65275000,24328
2,2611,65275000,65275000,5384,8973,65300000,24340
2,2612,65300000,65300000,5384,8973,65325000,24350
2,2613,65325000,65325000,5384,8973,65350000,24359
2,2614,65350000,65350000,5384,8973,65375000,24368
2,2615,65375000,65375000,5384,8973,65400000,24377
2,2616,65400000,65400000,5384,8973,65425000,24386
2,2617,65425000,65425000,5384,8973,65450000,24395
2,2618,65450000,65450000,5384,8973,65475000,24405
2,2619,65475000,65475000,5384,8973,65500000,24414
2,262,6550000,6550000,5384,8973,6575000,2446
2,2620,65500000,65500000,5384,8973,65525000,24426
2,2621,65525000,65525000,5384,8973,65550000,24432
2,2622,65550000,65550000,5384,8973,65575000,24442
2,2623,65575000,65575000,5384,8973,65600000,24451
2,2624,65600000,65600000,5384,8973,65625000,24461
2,2625,65625000,65625000,5384,8973,65650000,24470
2,2626,65650000,65650000,5384,8973,65675000,24480
2,2627,65675000,65675000,5384,8973,65700000,24490
2,2628,65700000,65700000,5384,8973,65725000,24497
2,2629,65725000,65725000,5384,8973,65750000,24507
2,263,6575000,6575000,5384,8973,6600000,2454
2,2630,65750000,65750000,5384,8973,65775000,24518
2,2631,65775000,65775000,5384,8973,65800000,24525
2,2632,65800000,65800000,5384,8973,65825000,24535
2,2633,65825000,65825000,5384,8973,65850000,24546
2,2634,65850000,65850000,5384,8973,65875000,24554
2,2635,65875000,65875000,5384,8973,65900000,24563
2,2636,65900000,65900000,5384,8973,65925000,24574
2,2637,65925000,65925000,5384,8973,65950000,24583
2,2638,65950000,65950000,5384,8973,65975000,24591
2,2639,65975000,65975000,5384,8973,66000000,24599
2,264,6600000,6600000,5384,8973,6625000,2464
2,2640,66000000,66000000,5384,8973,66025000,24610
2,2641,66025000,66025000,5384,8973,66050000,24620
2,2642,66050000,66050000,5384,8973,66075000,24628
2,2643,66075000,66075000,5384,8973,66100000,24638
2,2644,66100000,66100000,5384,8973,66125000,24649
2,2645,66125000,66125000,5384,8973,66150000,24655
2,2646,66150000,66150000,5384,8973,66175000,24666
2,2647,66175000,66175000,5384,8973,66200000,24675
2,2648,66200000,66200000,5384,8973,66225000,24686
2,2649,66225000,66225000,5384,8973,66250000,24694
2,265,6625000,6625000,5384,8973,6650000,2473
2,2650,66250000,66250000,5384,8973,66275000,24703
2,2651,66275000,66275000,5384,8973,66300000,24713
2,2652,66300000,66300000,5384,8973,66325000,24721
2,2653,66325000,66325000,5384,8973,66350000,24731
2,2654,66350000,66350000,5384,8973,66375000,24741
2,2655,66375000,66375000,5384,8973,66400000,24750
2,2656,66400000,66400000,5384,8973,66425000,24759
2,2657,66425000,66425000,5384,8973,66450000,24769
2,2658,66450000,66450000,5384,8973,66475000,24777
2,2659,66475000,66475000,5384,8973,66500000,24787
2,266,6650000,6650000,5384,8973,6675000,2483
2,2660,66500000,66500000,5384,8973,66525000,24797
2,2661,66525000,66525000,5384,8973,66550000,24805
2,2662,66550000,66550000,5384,8973,66575000,24817
2,2663,66575000,66575000,5384,8973,66600000,24823
2,2664,66600000,66600000,5384,8973,66625000,24833
2,2665,66625000,66625000,5384,8973,66650000,24844
2,2666,66650000,66650000,5384,8973,66675000,24852
2,2667,66675000,66675000,5384,8973,66700000,24861
2,2668,66700000,66700000,5384,8973,66725000,24873
2,2669,66725000,66725000,5384,8973,66750000,24881
2,267,6675000,6675000,5384,8973,6700000,2492
2,2670,66750000,66750000,5384,8973,66775000,24889
2,2671,66775000,66775000,5384,8973,66800000,24898
2,2672,66800000,66800000,5384,8973,66825000,24909
2,2673,66825000,66825000,5384,8973,66850000,24917
2,2674,66850000,66850000,5384,8973,66875000,24926
2,2675,66875000,66875000,5384,8973,66900000,24937
2,2676,66900000,66900000,5384,8973,66925000,24946
2,2677,66925000,66925000,5384,8973,66950000,24954
2,2678,66950000,66950000,5384,8973,66975000,24965
2,2679,66975000,66975000,5384,8973,67000000,24974
2,268,6700000,6700000,5384,8973,6725000,2504
2,2680,67000000,67000000,5384,8973,67025000,24982
2,2681,67025000,67025000,5384,8973,67050000,24993
2,2682,67050000,67050000,5384,8973,67075000,25001
2,2683,67075000,67075000,5384,8973,67100000,25011
2,2684,67100000,67100000,5384,8973,67125000,25021
2,2685,67125000,67125000,5384,8973,67150000,25029
2,2686,67150000,67150000,5384,8973,67175000,25040
2,2687,67175000,67175000,5384,8973,67200000,25046
2,2688,67200000,67200000,5384,8973,67225000,25057
2,2689,67225000,67225000,5384,8973,67250000,25067
2,269,6725000,6725000,5384,8973,6750000,2510
2,2690,67250000,67250000,5384,8973,67275000,25077
2,2691,67275000,67275000,5384,8973,67300000,25085
2,2692,67300000,67300000,5384,8973,67325000,25096
2,2693,67325000,67325000,5384,8973,67350000,25104
2,2694,67350000,67350000,5384,8973,67375000,25112
2,2695,67375000,67375000,5384,8973,67400000,25122
2,2696,67400000,67400000,5384,8973,67425000,25132
2,2697,67425000,67425000,5384,8973,67450000,25143
2,2698,67450000,67450000,5384,8973,67475000,25150
2,2699,67475000,67475000,5384,8973,67500000,25160
2,27,675000,675000,5384,8973,700000,254
2,270,6750000,6750000,5384,8973,6775000,2520
2,2700,67500000,67500000,5384,8973,67525000,25170
2,2701,67525000,67525000,5384,8973,67550000,25178
2,2702,67550000,67550000,5384,8973,67575000,25188
2,2703,67575000,67575000,5384,8973,67600000,25197
2,2704,67600000,67600000,5384,8973,67625000,25208
2,2705,67625000,67625000,5384,8973,67650000,25215
2,2706,67650000,67650000,5384,8973,67675000,25224
2,2707,67675000,67675000,5384,8973,67700000,25235
2,2708,67700000,67700000,5384,8973,67725000,25244
2,2709,67725000,67725000,5384,8973,67750000,25252
2,271,6775000,6775000,5384,8973,6800000,2529
2,2710,67750000,67750000,5384,8973,67775000,25264
2,2711,67775000,67775000,5384,8973,67800000,25272
2,2712,67800000,67800000,5384,8973,67825000,25280
2,2713,67825000,67825000,5384,8973,67850000,25291
2,2714,67850000,67850000,5384,8973,67875000,25301
2,2715,67875000,67875000,5384,8973,67900000,25308
2,2716,67900000,67900000,5384,8973,67925000,25319
2,2717,67925000,67925000,5384,8973,67950000,25328
2,2718,67950000,67950000,5384,8973,67975000,25337
2,2719,67975000,67975000,5384,8973,68000000,25345
2,272,6800000,6800000,5384,8973,6825000,2539
2,2720,68000000,68000000,5384,8973,68025000,25356
2,2721,68025000,68025000,5384,8973,68050000,25366
2,2722,68050000,68050000,5384,8973,68075000,25373
2,2723,68075000,68075000,5384,8973,68100000,25384
2,2724,68100000,68100000,5384,8973,68125000,25393
2,2725,68125000,68125000,5384,8973,68150000,25403
2,2726,68150000,68150000,5384,8973,68175000,25412
2,2727,68175000,68175000,5384,8973,68200000,25420
2,2728,68200000,68200000,5384,8973,68225000,25431
2,2729,68225000,68225000,5384,8973,68250000,25439
2,273,6825000,6825000,5384,8973,6850000,2548
2,2730,68250000,68250000,5384,8973,68275000,25448
2,2731,68275000,68275000,5384,8973,68300000,25458
2,2732,68300000,68300000,5384,8973,68325000,25470
2,2733,68325000,68325000,5384,8973,68350000,25476
2,2734,68350000,68350000,5384,8973,68375000,25487
2,2735,68375000,68375000,5384,8973,68400000,25495
2,2736,68400000,68400000,5384,8973,68425000,25504
2,2737,68425000,68425000,5384,8973,68450000,25514
2,2738,68450000,68450000,5384,8973,68475000,25523
2,2739,68475000,68475000,5384,8973,68500000,25534
2,274,6850000,6850000,5384,8973,6875000,2557
2,2740,68500000,68500000,5384,8973,68525000,25542
2,2741,68525000,68525000,5384,8973,68550000,25551
2,2742,68550000,68550000,5384,8973,68575000,25561
2,2743,68575000,68575000,5384,8973,68600000,25569
2,2744,68600000,68600000,5384,8973,68625000,25579
2,2745,68625000,68625000,5384,8973,68650000,25590
2,2746,68650000,68650000,5384,8973,68675000,25599
2,2747,68675000,68675000,5384,8973,68700000,25607
2,2748,68700000,68700000,5384,8973,68725000,25617
2,2749,68725000,68725000,5384,8973,68750000,25626
2,275,6875000,6875000,5384,8973,6900000,2568
2,2750,68750000,68750000,5384,8973,68775000,25635
2,2751,68775000,68775000,5384,8973,68800000,25643
2,2752,68800000,68800000,5384,8973,68825000,25655
2,2753,68825000,68825000,5384,8973,68850000,25664
2,2754,68850000,68850000,5384,8973,68875000,25671
2,2755,68875000,68875000,5384,8973,68900000,25682
2,2756,68900000,68900000,5384,8973,68925000,25693
2,2757,68925000,68925000,5384,8973,68950000,25699
2,2758,68950000,68950000,5384,8973,68975000,25711
2,2759,68975000,68975000,5384,8973,69000000,25719
2,276,6900000,6900000,5384,8973,6925000,2575
2,2760,69000000,69000000,5384,8973,69025000,25728
2,2761,69025000,69025000,5384,8973,69050000,25738
2,2762,69050000,69050000,5384,8973,69075000,25747
2,2763,69075000,69075000,5384,8973,69100000,25757
2,2764,69100000,69100000,5384,8973,69125000,25766
2,2765,69125000,69125000,5384,8973,69150000,25775
2,2766,69150000,69150000,5384,8973,69175000,25784
2,2767,69175000,69175000,5384,8973,69200000,25794
2,2768,69200000,69200000,5384,8973,69225000,25803
2,2769,69225000,69225000,5384,8973,69250000,25813
2,277,6925000,6925000,5384,8973,6950000,2585
2,2770,69250000,69250000,5384,8973,69275000,25822
2,2771,69275000,69275000,5384,8973,69300000,25830
2,2772,69300000,69300000,5384,8973,69325000,25840
2,2773,69325000,69325000,5384,8973,69350000,25849
2,2774,69350000,69350000,5384,8973,69375000,25861
2,2775,69375000,69375000,5384,8973,69400000,25867
2,2776,69400000,69400000,5384,8973,69425000,25878
2,2777,69425000,69425000,5384,8973,69450000,25888
2,2778,69450000,69450000,5384,8973,69475000,25895
2,2779,69475000,69475000,5384,8973,69500000,25905
2,278,6950000,6950000,5384,8973,6975000,2596
2,2780,69500000,69500000,5384,8973,69525000,25917
2,2781,69525000,69525000,5384,8973,69550000,25925
2,2782,69550000,69550000,5384,8973,69575000,25933
2,2783,69575000,69575000,5384,8973,69600000,25942
2,2784,69600000,69600000,5384,8973,69625000,25952
2,2785,69625000,69625000,5384,8973,69650000,25961
2,2786,69650000,69650000,5384,8973,69675000,25970
2,2787,69675000,69675000,5384,8973,69700000,25981
2,2788,69700000,69700000,5384,8973,69725000,25991
2,2789,69725000,69725000,5384,8973,69750000,25998
2,279,6975000,6975000,5384,8973,7000000,2603
2,2790,69750000,69750000,5384,8973,69775000,26008
2,2791,69775000,69775000,5384,8973,69800000,26018
2,2792,69800000,69800000,5384,8973,69825000,26026
2,2793,69825000,69825000,5384,8973,69850000,26036
2,2794,69850000,69850000,5384,8973,69875000,26046
2,2795,69875000,69875000,5384,8973,69900000,26055
2,2796,69900000,69900000,5384,8973,69925000,26064
2,2797,69925000,69925000,5384,8973,69950000,26073
2,2798,69950000,69950000,5384,8973,69975000,26084
2,2799,69975000,69975000,5384,8973,70000000,26090
2,28,700000,700000,5384,8973,725000,266
2,280,7000000,7000000,5384,8973,7025000,2613
2,2800,70000000,70000000,5384,8973,70025000,26102
2,2801,70025000,70025000,5384,8973,70050000,26111
2,2802,70050000,70050000,5384,8973,70075000,26120
2,2803,70075000,70075000,5384,8973,70100000,26129
2,2804,70100000,70100000,5384,8973,70125000,26139
2,2805,70125000,70125000,5384,8973,70150000,26148
2,2806,70150000,70150000,5384,8973,70175000,26157
2,2807,70175000,70175000,5384,8973,70200000,26166
2,2808,70200000,70200000,5384,8973,70225000,26175
2,2809,70225000,70225000,5384,8973,70250000,26187
2,281,7025000,7025000,5384,8973,7050000,2624
2,2810,70250000,70250000,5384,8973,70275000,26194
2,2811,70275000,70275000,5384,8973,70300000,26204
2,2812,70300000,70300000,5384,8973,70325000,26215
2,2813,70325000,70325000,5384,8973,70350000,26222
2,2814,70350000,70350000,5384,8973,70375000,26231
2,2815,70375000,70375000,5384,8973,70400000,26240
2,2816,70400000,70400000,5384,8973,70425000,26252
2,2817,70425000,70425000,5384,8973,70450000,26259
2,2818,70450000,70450000,5384,8973,70475000,26269
2,2819,70475000,70475000,5384,8973,70500000,26279
2,282,7050000,7050000,5384,8973,7075000,2632
2,2820,70500000,70500000,5384,8973,70525000,26287
2,2821,70525000,70525000,5384,8973,70550000,26296
2,2822,70550000,70550000,5384,8973,70575000,26308
2,2823,70575000,70575000,5384,8973,70600000,26316
2,2824,70600000,70600000,5384,8973,70625000,26325
2,2825,70625000,70625000,5384,8973,70650000,26335
2,2826,70650000,70650000,5384,8973,70675000,26343
2,2827,70675000,70675000,5384,8973,70700000,26352
2,2828,70700000,70700000,5384,8973,70725000,26363
2,2829,70725000,70725000,5384,8973,70750000,26372
2,283,7075000,7075000,5384,8973,7100000,2641
2,2830,70750000,70750000,5384,8973,70775000,26382
2,2831,70775000,70775000,5384,8973,70800000,26389
2,2832,70800000,70800000,5384,8973,70825000,26399
2,2833,70825000,70825000,5384,8973,70850000,26410
2,2834,70850000,70850000,5384,8973,70875000,26417
2,2835,70875000,70875000,5384,8973,70900000,26428
2,2836,70900000,70900000,5384,8973,70925000,26438
2,2837,70925000,70925000,5384,8973,70950000,26446
2,2838,70950000,70950000,5384,8973,70975000,26455
2,2839,70975000,70975000,5384,8973,71000000,26464
2,284,7100000,7100000,5384,8973,7125000,2652
2,2840,71000000,71000000,5384,8973,71025000,26475
2,2841,71025000,71025000,5384,8973,71050000,26483
2,2842,71050000,71050000,5384,8973,71075000,26493
2,2843,71075000,71075000,5384,8973,71100000,26502
2,2844,71100000,71100000,5384,8973,71125000,26513
2,2845,71125000,71125000,5384,8973,71150000,26520
2,2846,71150000,71150000,5384,8973,71175000,26531
2,2847,71175000,71175000,5384,8973,71200000,26539
2,2848,71200000,71200000,5384,8973,71225000,26548
2,2849,71225000,71225000,5384,8973,71250000,26558
2,285,7125000,7125000,5384,8973,7150000,2660
2,2850,71250000,71250000,5384,8973,71275000,26566
2,2851,71275000,71275000,5384,8973,71300000,26578
2,2852,71300000,71300000,5384,8973,71325000,26586
2,2853,71325000,71325000,5384,8973,71350000,26595
2,2854,71350000,71350000,5384,8973,71375000,26606
2,2855,71375000,71375000,5384,8973,71400000,26613
2,2856,71400000,71400000,5384,8973,71425000,26622
2,2857,71425000,71425000,5384,8973,71450000,26634
2,2858,71450000,71450000,5384,8973,71475000,26643
2,2859,71475000,71475000,5384,8973,71500000,26650
2,286,7150000,7150000,5384,8973,7175000,2669
2,2860,71500000,71500000,5384,8973,71525000,26662
2,2861,71525000,71525000,5384,8973,71550000,26670
2,2862,71550000,71550000,5384,8973,71575000,26678
2,2863,71575000,71575000,5384,8973,71600000,26687
2,2864,71600000,71600000,5384,8973,71625000,26699
2,2865,71625000,71625000,5384,8973,71650000,26708
2,2866,71650000,71650000,5384,8973,71675000,26716
2,2867,71675000,71675000,5384,8973,71700000,26726
2,2868,71700000,71700000,5384,8973,71725000,26736
2,2869,71725000,71725000,5384,8973,71750000,26743
2,287,7175000,7175000,5384,8973,7200000,2677
2,2870,71750000,71750000,5384,8973,71775000,26754
2,2871,71775000,71775000,5384,8973,71800000,26763
2,2872,71800000,71800000,5384,8973,71825000,26773
2,2873,71825000,71825000,5384,8973,71850000,26782
2,2874,71850000,71850000,5384,8973,71875000,26790
2,2875,71875000,71875000,5384,8973,71900000,26801
2,2876,71900000,71900000,5384,8973,71925000,26810
2,2877,71925000,71925000,5384,8973,71950000,26819
2,2878,71950000,71950000,5384,8973,71975000,26829
2,2879,71975000,71975000,5384,8973,72000000,26838
2,288,7200000,7200000,5384,8973,7225000,2688
2,2880,72000000,72000000,5384,8973,72025000,26846
2,2881,72025000,72025000,5384,8973,72050000,26856
2,2882,72050000,72050000,5384,8973,72075000,26866
2,2883,72075000,72075000,5384,8973,72100000,26874
2,2884,72100000,72100000,5384,8973,72125000,26885
2,2885,72125000,72125000,5384,8973,72150000,26893
2,2886,72150000,72150000,5384,8973,72175000,26904
2,2887,72175000,72175000,5384,8973,72200000,26911
2,2888,72200000,72200000,5384,8973,72225000,26922
2,2889,72225000,72225000,5384,8973,72250000,26932
2,289,7225000,7225000,5384,8973,7250000,2698
2,2890,72250000,72250000,5384,8973,72275000,26940
2,2891,72275000,72275000,5384,8973,72300000,26949
2,2892,72300000,72300000,5384,8973,72325000,26959
2,2893,72325000,72325000,5384,8973,72350000,26969
2,2894,72350000,72350000,5384,8973,72375000,26977
2,2895,72375000,72375000,5384,8973,72400000,26986
2,2896,72400000,72400000,5384,8973,72425000,26997
2,2897,72425000,72425000,5384,8973,72450000,27005
2,2898,72450000,72450000,5384,8973,72475000,27013
2,2899,72475000,72475000,5384,8973,72500000,27025
2,29,725000,725000,5384,8973,750000,274
2,290,7250000,7250000,5384,8973,7275000,2706
2,2900,72500000,72500000,5384,8973,72525000,27035
2,2901,72525000,72525000,5384,8973,72550000,27042
2,2902,72550000,72550000,5384,8973,72575000,27053
2,2903,72575000,72575000,5384,8973,72600000,27061
2,2904,72600000,72600000,5384,8973,72625000,27069
2,2905,72625000,72625000,5384,8973,72650000,27080
2,2906,72650000,72650000,5384,8973,72675000,27090
2,2907,72675000,72675000,5384,8973,72700000,27099
2,2908,72700000,72700000,5384,8973,72725000,27109
2,2909,72725000,72725000,5384,8973,72750000,27117
2,291,7275000,7275000,5384,8973,7300000,2716
2,2910,72750000,72750000,5384,8973,72775000,27127
2,2911,72775000,72775000,5384,8973,72800000,27134
2,2912,72800000,72800000,5384,8973,72825000,27146
2,2913,72825000,72825000,5384,8973,72850000,27155
2,2914,72850000,72850000,5384,8973,72875000,27164
2,2915,72875000,72875000,5384,8973,72900000,27173
2,2916,72900000,72900000,5384,8973,72925000,27182
2,2917,72925000,72925000,5384,8973,72950000,27192
2,2918,72950000,72950000,5384,8973,72975000,27201
2,2919,72975000,72975000,5384,8973,73000000,27210
2,292,7300000,7300000,5384,8973,7325000,2727
2,2920,73000000,73000000,5384,8973,73025000,27220
2,2921,73025000,73025000,5384,8973,73050000,27231
2,2922,73050000,73050000,5384,8973,73075000,27237
2,2923,73075000,73075000,5384,8973,73100000,27248
2,2924,73100000,73100000,5384,8973,73125000,27259
2,2925,73125000,73125000,5384,8973,73150000,27265
2,2926,73150000,73150000,5384,8973,73175000,27276
2,2927,73175000,73175000,5384,8973,73200000,27284
2,2928,73200000,73200000,5384,8973,73225000,27295
2,2929,73225000,73225000,5384,8973,73250000,27303
2,293,7325000,7325000,5384,8973,7350000,2733
2,2930,73250000,73250000,5384,8973,73275000,27313
2,2931,73275000,73275000,5384,8973,73300000,27323
2,2932,73300000,73300000,5384,8973,73325000,27332
2,2933,73325000,73325000,5384,8973,73350000,27340
2,2934,73350000,73350000,5384,8973,73375000,27351
2,2935,73375000,73375000,5384,8973,73400000,27360
2,2936,73400000,73400000,5384,8973,73425000,27368
2,2937,73425000,73425000,5384,8973,73450000,27379
2,2938,73450000,73450000,5384,8973,73475000,27388
2,2939,73475000,73475000,5384,8973,73500000,27396
2,294,7350000,7350000,5384,8973,7375000,2744
2,2940,73500000,73500000,5384,8973,73525000,27406
2,2941,73525000,73525000,5384,8973,73550000,27416
2,2942,73550000,73550000,5384,8973,73575000,27426
2,2943,73575000,73575000,5384,8973,73600000,27433
2,2944,73600000,73600000,5384,8973,73625000,27444
2,2945,73625000,73625000,5384,8973,73650000,27454
2,2946,73650000,73650000,5384,8973,73675000,27460
2,2947,73675000,73675000,5384,8973,73700000,27471
2,2948,73700000,73700000,5384,8973,73725000,27482
2,2949,73725000,73725000,5384,8973,73750000,27490
2,295,7375000,7375000,5384,8973,7400000,2753
2,2950,73750000,73750000,5384,8973,73775000,27500
2,2951,73775000,73775000,5384,8973,73800000,27508
2,2952,73800000,73800000,5384,8973,73825000,27518
2,2953,73825000,73825000,5384,8973,73850000,27527
2,2954,73850000,73850000,5384,8973,73875000,27537
2,2955,73875000,73875000,5384,8973,73900000,27546
2,2956,73900000,73900000,5384,8973,73925000,27558
2,2957,73925000,73925000,5384,8973,73950000,27564
2,2958,73950000,73950000,5384,8973,73975000,27573
2,2959,73975000,73975000,5384,8973,74000000,27583
2,296,7400000,7400000,5384,8973,7425000,2763
2,2960,74000000,74000000,5384,8973,74025000,27592
2,2961,74025000,74025000,5384,8973,74050000,27602
2,2962,74050000,74050000,5384,8973,74075000,27611
2,2963,74075000,74075000,5384,8973,74100000,27622
2,2964,74100000,74100000,5384,8973,74125000,27629
2,2965,74125000,74125000,5384,8973,74150000,27639
2,2966,74150000,74150000,5384,8973,74175000,27650
2,2967,74175000,74175000,5384,8973,74200000,27657
2,2968,74200000,74200000,5384,8973,74225000,27667
2,2969,74225000,74225000,5384,8973,74250000,27677
2,297,7425000,7425000,5384,8973,7450000,2772
2,2970,74250000,74250000,5384,8973,74275000,27686
2,2971,74275000,74275000,5384,8973,74300000,27694
2,2972,74300000,74300000,5384,8973,74325000,27706
2,2973,74325000,74325000,5384,8973,74350000,27714
2,2974,74350000,74350000,5384,8973,74375000,27723
2,2975,74375000,74375000,5384,8973,74400000,27731
2,2976,74400000,74400000,5384,8973,74425000,27742
2,2977,74425000,74425000,5384,8973,74450000,27752
2,2978,74450000,74450000,5384,8973,74475000,27760
2,2979,74475000,74475000,5384,8973,74500000,27770
2,298,7450000,7450000,5384,8973,7475000,2781
2,2980,74500000,74500000,5384,8973,74525000,27780
2,2981,74525000,74525000,5384,8973,74550000,27787
2,2982,74550000,74550000,5384,8973,74575000,27797
2,2983,74575000,74575000,5384,8973,74600000,27807
2,2984,74600000,74600000,5384,8973,74625000,27817
2,2985,74625000,74625000,5384,8973,74650000,27826
2,2986,74650000,74650000,5384,8973,74675000,27835
2,2987,74675000,74675000,5384,8973,74700000,27845
2,2988,74700000,74700000,5384,8973,74725000,27853
2,2989,74725000,74725000,5384,8973,74750000,27863
2,299,7475000,7475000,5384,8973,7500000,2791
2,2990,74750000,74750000,5384,8973,74775000,27873
2,2991,74775000,74775000,5384,8973,74800000,27881
2,2992,74800000,74800000,5384,8973,74825000,27891
2,2993,74825000,74825000,5384,8973,74850000,27900
2,2994,74850000,74850000,5384,8973,74875000,27909
2,2995,74875000,74875000,5384,8973,74900000,27918
2,2996,74900000,74900000,5384,8973,74925000,27929
2,2997,74925000,74925000,5384,8973,74950000,27937
2,2998,74950000,74950000,5384,8973,74975000,27949
2,2999,74975000,74975000,5384,8973,75000000,27955
2,3,75000,75000,5384,8973,100000,31
2,30,750000,750000,5384,8973,775000,284
2,300,7500000,7500000,5384,8973,7525000,2799
2,3000,75000000,75000000,5384,8973,75025000,27965
2,3001,75025000,75025000,5384,8973,75050000,27976
2,3002,75050000,75050000,5384,8973,75075000,27983
2,3003,75075000,75075000,5384,8973,75100000,27993
2,3004,75100000,75100000,5384,8973,75125000,28004
2,3005,75125000,75125000,5384,8973,75150000,28013
2,3006,75150000,75150000,5384,8973,75175000,28020
2,3007,75175000,75175000,5384,8973,75200000,28030
2,3008,75200000,75200000,5384,8973,75225000,28041
2,3009,75225000,75225000,5384,8973,75250000,28049
2,301,7525000,7525000,5384,8973,7550000,2809
2,3010,75250000,75250000,5384,8973,75275000,28058
2,3011,75275000,75275000,5384,8973,75300000,28069
2,3012,75300000,75300000,5384,8973,75325000,28078
2,3013,75325000,75325000,5384,8973,75350000,28085
2,3014,75350000,75350000,5384,8973,75375000,28097
2,3015,75375000,75375000,5384,8973,75400000,28105
2,3016,75400000,75400000,5384,8973,75425000,28114
2,3017,75425000,75425000,5384,8973,75450000,28124
2,3018,75450000,75450000,5384,8973,75475000,28133
2,3019,75475000,75475000,5384,8973,75500000,28143
2,302,7550000,7550000,5384,8973,7575000,2819
2,3020,75500000,75500000,5384,8973,75525000,28153
2,3021,75525000,75525000,5384,8973,75550000,28161
2,3022,75550000,75550000,5384,8973,75575000,28172
2,3023,75575000,75575000,5384,8973,75600000,28178
2,3024,75600000,75600000,5384,8973,75625000,28188
2,3025,75625000,75625000,5384,8973,75650000,28199
2,3026,75650000,75650000,5384,8973,75675000,28208
2,3027,75675000,75675000,5384,8973,75700000,28217
2,3028,75700000,75700000,5384,8973,75725000,28227
2,3029,75725000,75725000,5384,8973,75750000,28236
2,303,7575000,7575000,5384,8973,7600000,2828
2,3030,75750000,75750000,5384,8973,75775000,28244
2,3031,75775000,75775000,5384,8973,75800000,28254
2,3032,75800000,75800000,5384,8973,75825000,28264
2,3033,75825000,75825000,5384,8973,75850000,28275
2,3034,75850000,75850000,5384,8973,75875000,28282
2,3035,75875000,75875000,5384,8973,75900000,28291
2,3036,75900000,75900000,5384,8973,75925000,28302
2,3037,75925000,75925000,5384,8973,75950000,28309
2,3038,75950000,75950000,5384,8973,75975000,28320
2,3039,75975000,75975000,5384,8973,76000000,28328
2,304,7600000,7600000,5384,8973,7625000,2837
2,3040,76000000,76000000,5384,8973,76025000,28340
2,3041,76025000,76025000,5384,8973,76050000,28347
2,3042,76050000,76050000,5384,8973,76075000,28356
2,3043,76075000,76075000,5384,8973,76100000,28367
2,3044,76100000,76100000,5384,8973,76125000,28376
2,3045,76125000,76125000,5384,8973,76150000,28384
2,3046,76150000,76150000,5384,8973,76175000,28395
2,3047,76175000,76175000,5384,8973,76200000,28404
2,3048,76200000,76200000,5384,8973,76225000,28411
2,3049,76225000,76225000,5384,8973,76250000,28423
2,305,7625000,7625000,5384,8973,7650000,2847
2,3050,76250000,76250000,5384,8973,76275000,28432
2,3051,76275000,76275000,5384,8973,76300000,28440
2,3052,76300000,76300000,5384,8973,76325000,28451
2,3053,76325000,76325000,5384,8973,76350000,28460
2,3054,76350000,76350000,5384,8973,76375000,28469
2,3055,76375000,76375000,5384,8973,76400000,28477
2,3056,76400000,76400000,5384,8973,76425000,28488
2,3057,76425000,76425000,5384,8973,76450000,28497
2,3058,76450000,76450000,5384,8973,76475000,28505
2,3059,76475000,76475000,5384,8973,76500000,28515
2,306,7650000,7650000,5384,8973,7675000,2855
2,3060,76500000,76500000,5384,8973,76525000,28525
2,3061,76525000,76525000,5384,8973,76550000,28534
2,3062,76550000,76550000,5384,8973,76575000,28544
2,3063,76575000,76575000,5384,8973,76600000,28552
2,3064,76600000,76600000,5384,8973,76625000,28563
2,3065,76625000,76625000,5384,8973,76650000,28571
2,3066,76650000,76650000,5384,8973,76675000,28580
2,3067,76675000,76675000,5384,8973,76700000,28590
2,3068,76700000,76700000,5384,8973,76725000,28601
2,3069,76725000,76725000,5384,8973,76750000,28608
2,307,7675000,7675000,5384,8973,7700000,2864
2,3070,76750000,76750000,5384,8973,76775000,28618
2,3071,76775000,76775000,5384,8973,76800000,28627
2,3072,76800000,76800000,5384,8973,76825000,28635
2,3073,76825000,76825000,5384,8973,76850000,28646
2,3074,76850000,76850000,5384,8973,76875000,28655
2,3075,76875000,76875000,5384,8973,76900000,28666
2,3076,76900000,76900000,5384,8973,76925000,28674
2,3077,76925000,76925000,5384,8973,76950000,28683
2,3078,76950000,76950000,5384,8973,76975000,28693
2,3079,76975000,76975000,5384,8973,77000000,28700
2,308,7700000,7700000,5384,8973,7725000,2875
2,3080,77000000,77000000,5384,8973,77025000,28711
2,3081,77025000,77025000,5384,8973,77050000,28721
2,3082,77050000,77050000,5384,8973,77075000,28731
2,3083,77075000,77075000,5384,8973,77100000,28738
2,3084,77100000,77100000,5384,8973,77125000,28749
2,3085,77125000,77125000,5384,8973,77150000,28758
2,3086,77150000,77150000,5384,8973,77175000,28767
2,3087,77175000,77175000,5384,8973,77200000,28775
2,3088,77200000,77200000,5384,8973,77225000,28787
2,3089,77225000,77225000,5384,8973,77250000,28796
2,309,7725000,7725000,5384,8973,7750000,2883
2,3090,77250000,77250000,5384,8973,77275000,28802
2,3091,77275000,77275000,5384,8973,77300000,28814
2,3092,77300000,77300000,5384,8973,77325000,28824
2,3093,77325000,77325000,5384,8973,77350000,28831
2,3094,77350000,77350000,5384,8973,77375000,28842
2,3095,77375000,77375000,5384,8973,77400000,28851
2,3096,77400000,77400000,5384,8973,77425000,28860
2,3097,77425000,77425000,5384,8973,77450000,28870
2,3098,77450000,77450000,5384,8973,77475000,28879
2,3099,77475000,77475000,5384,8973,77500000,28889
2,31,775000,775000,5384,8973,800000,291
2,310,7750000,7750000,5384,8973,7775000,2895
2,3100,77500000,77500000,5384,8973,77525000,28898
2,3101,77525000,77525000,5384,8973,77550000,28906
2,3102,77550000,77550000,5384,8973,77575000,28916
2,3103,77575000,77575000,5384,8973,77600000,28925
2,3104,77600000,77600000,5384,8973,77625000,28935
2,3105,77625000,77625000,5384,8973,77650000,28944
2,3106,77650000,77650000,5384,8973,77675000,28954
2,3107,77675000,77675000,5384,8973,77700000,28962
2,3108,77700000,77700000,5384,8973,77725000,28972
2,3109,77725000,77725000,5384,8973,77750000,28981
2,311,7775000,7775000,5384,8973,7800000,2901
2,3110,77750000,77750000,5384,8973,77775000,28993
2,3111,77775000,77775000,5384,8973,77800000,28999
2,3112,77800000,77800000,5384,8973,77825000,29009
2,3113,77825000,77825000,5384,8973,77850000,29020
2,3114,77850000,77850000,5384,8973,77875000,29026
2,3115,77875000,77875000,5384,8973,77900000,29037
2,3116,77900000,77900000,5384,8973,77925000,29048
2,3117,77925000,77925000,5384,8973,77950000,29057
2,3118,77950000,77950000,5384,8973,77975000,29065
2,3119,77975000,77975000,5384,8973,78000000,29074
2,312,7800000,7800000,5384,8973,7825000,2911
2,3120,78000000,78000000,5384,8973,78025000,29084
2,3121,78025000,78025000,5384,8973,78050000,29093
2,3122,78050000,78050000,5384,8973,78075000,29102
2,3123,78075000,78075000,5384,8973,78100000,29112
2,3124,78100000,78100000,5384,8973,78125000,29123
2,3125,78125000,78125000,5384,8973,78150000,29129
2,3126,78150000,78150000,5384,8973,78175000,29140
2,3127,78175000,78175000,5384,8973,78200000,29149
2,3128,78200000,78200000,5384,8973,78225000,29158
2,3129,78225000,78225000,5384,8973,78250000,29168
2,313,7825000,7825000,5384,8973,7850000,2922
2,3130,78250000,78250000,5384,8973,78275000,29178
2,3131,78275000,78275000,5384,8973,78300000,29187
2,3132,78300000,78300000,5384,8973,78325000,29196
2,3133,78325000,78325000,5384,8973,78350000,29205
2,3134,78350000,78350000,5384,8973,78375000,29215
2,3135,78375000,78375000,5384,8973,78400000,29222
2,3136,78400000,78400000,5384,8973,78425000,29233
2,3137,78425000,78425000,5384,8973,78450000,29243
2,3138,78450000,78450000,5384,8973,78475000,29251
2,3139,78475000,78475000,5384,8973,78500000,29261
2,314,7850000,7850000,5384,8973,7875000,2930
2,3140,78500000,78500000,5384,8973,78525000,29271
2,3141,78525000,78525000,5384,8973,78550000,29280
2,3142,78550000,78550000,5384,8973,78575000,29289
2,3143,78575000,78575000,5384,8973,78600000,29298
2,3144,78600000,78600000,5384,8973,78625000,29307
2,3145,78625000,78625000,5384,8973,78650000,29318
2,3146,78650000,78650000,5384,8973,78675000,29326
2,3147,78675000,78675000,5384,8973,78700000,29335
2,3148,78700000,78700000,5384,8973,78725000,29347
2,3149,78725000,78725000,5384,8973,78750000,29353
2,315,7875000,7875000,5384,8973,7900000,2939
2,3150,78750000,78750000,5384,8973,78775000,29363
2,3151,78775000,78775000,5384,8973,78800000,29372
2,3152,78800000,78800000,5384,8973,78825000,29384
2,3153,78825000,78825000,5384,8973,78850000,29391
2,3154,78850000,78850000,5384,8973,78875000,29401
2,3155,78875000,78875000,5384,8973,78900000,29411
2,3156,78900000,78900000,5384,8973,78925000,29418
2,3157,78925000,78925000,5384,8973,78950000,29428
2,3158,78950000,78950000,5384,8973,78975000,29439
2,3159,78975000,78975000,5384,8973,79000000,29448
2,316,7900000,7900000,5384,8973,7925000,2951
2,3160,79000000,79000000,5384,8973,79025000,29456
2,3161,79025000,79025000,5384,8973,79050000,29467
2,3162,79050000,79050000,5384,8973,79075000,29475
2,3163,79075000,79075000,5384,8973,79100000,29484
2,3164,79100000,79100000,5384,8973,79125000,29495
2,3165,79125000,79125000,5384,8973,79150000,29504
2,3166,79150000,79150000,5384,8973,79175000,29514
2,3167,79175000,79175000,5384,8973,79200000,29520
2,3168,79200000,79200000,5384,8973,79225000,29531
2,3169,79225000,79225000,5384,8973,79250000,29541
2,317,7925000,7925000,5384,8973,7950000,2959
2,3170,79250000,79250000,5384,8973,79275000,29549
2,3171,79275000,79275000,5384,8973,79300000,29559
2,3172,79300000,79300000,5384,8973,79325000,29570
2,3173,79325000,79325000,5384,8973,79350000,29578
2,3174,79350000,79350000,5384,8973,79375000,29587
2,3175,79375000,79375000,5384,8973,79400000,29596
2,3176,79400000,79400000,5384,8973,79425000,29607
2,3177,79425000,79425000,5384,8973,79450000,29615
2,3178,79450000,79450000,5384,8973,79475000,29624
2,3179,79475000,79475000,5384,8973,79500000,29634
2,318,7950000,7950000,5384,8973,7975000,2966
2,3180,79500000,79500000,5384,8973,79525000,29644
2,3181,79525000,79525000,5384,8973,79550000,29652
2,3182,79550000,79550000,5384,8973,79575000,29662
2,3183,79575000,79575000,5384,8973,79600000,29671
2,3184,79600000,79600000,5384,8973,79625000,29680
2,3185,79625000,79625000,5384,8973,79650000,29690
2,3186,79650000,79650000,5384,8973,79675000,29698
2,3187,79675000,79675000,5384,8973,79700000,29710
2,3188,79700000,79700000,5384,8973,79725000,29718
2,3189,79725000,79725000,5384,8973,79750000,29726
2,319,7975000,7975000,5384,8973,8000000,2976
2,3190,79750000,79750000,5384,8973,79775000,29738
2,3191,79775000,79775000,5384,8973,79800000,29744
2,3192,79800000,79800000,5384,8973,79825000,29754
2,3193,79825000,79825000,5384,8973,79850000,29765
2,3194,79850000,79850000,5384,8973,79875000,29775
2,3195,79875000,79875000,5384,8973,79900000,29782
2,3196,79900000,79900000,5384,8973,79925000,29794
2,3197,79925000,79925000,5384,8973,79950000,29802
2,3198,79950000,79950000,5384,8973,79975000,29810
2,3199,79975000,79975000,5384,8973,80000000,29819
2,32,800000,800000,5384,8973,825000,302
2,320,8000000,8000000,5384,8973,8025000,2987
2,3200,80000000,80000000,5384,8973,80025000,29830
2,3201,80025000,80025000,5384,8973,80050000,29840
2,3202,80050000,80050000,5384,8973,80075000,29847
2,3203,80075000,80075000,5384,8973,80100000,29858
2,3204,80100000,80100000,5384,8973,80125000,29867
2,3205,80125000,80125000,5384,8973,80150000,29875
2,3206,80150000,80150000,5384,8973,80175000,29886
2,3207,80175000,80175000,5384,8973,80200000,29895
2,3208,80200000,80200000,5384,8973,80225000,29905
2,3209,80225000,80225000,5384,8973,80250000,29914
2,321,8025000,8025000,5384,8973,8050000,2995
2,3210,80250000,80250000,5384,8973,80275000,29922
2,3211,80275000,80275000,5384,8973,80300000,29932
2,3212,80300000,80300000,5384,8973,80325000,29942
2,3213,80325000,80325000,5384,8973,80350000,29950
2,3214,80350000,80350000,5384,8973,80375000,29961
2,3215,80375000,80375000,5384,8973,80400000,29969
2,3216,80400000,80400000,5384,8973,80425000,29978
2,3217,80425000,80425000,5384,8973,80450000,29988
2,3218,80450000,80450000,5384,8973,80475000,29998
2,3219,80475000,80475000,5384,8973,80500000,30006
2,322,8050000,8050000,5384,8973,8075000,3004
2,3220,80500000,80500000,5384,8973,80525000,30017
2,3221,80525000,80525000,5384,8973,80550000,30025
2,3222,80550000,80550000,5384,8973,80575000,30035
2,3223,80575000,80575000,5384,8973,80600000,30043
2,3224,80600000,80600000,5384,8973,80625000,30053
2,3225,80625000,80625000,5384,8973,80650000,30064
2,3226,80650000,80650000,5384,8973,80675000,30071
2,3227,80675000,80675000,5384,8973,80700000,30081
2,3228,80700000,80700000,5384,8973,80725000,30091
2,3229,80725000,80725000,5384,8973,80750000,30101
2,323,8075000,8075000,5384,8973,8100000,3015
2,3230,80750000,80750000,5384,8973,80775000,30109
2,3231,80775000,80775000,5384,8973,80800000,30118
2,3232,80800000,80800000,5384,8973,80825000,30129
2,3233,80825000,80825000,5384,8973,80850000,30136
2,3234,80850000,80850000,5384,8973,80875000,30145
2,3235,80875000,80875000,5384,8973,80900000,30156
2,3236,80900000,80900000,5384,8973,80925000,30167
2,3237,80925000,80925000,5384,8973,80950000,30173
2,3238,80950000,80950000,5384,8973,80975000,30185
2,3239,80975000,80975000,5384,8973,81000000,30193
2,324,8100000,8100000,5384,8973,8125000,3024
2,3240,81000000,81000000,5384,8973,81025000,30201
2,3241,81025000,81025000,5384,8973,81050000,30212
2,3242,81050000,81050000,5384,8973,81075000,30222
2,3243,81075000,81075000,5384,8973,81100000,30231
2,3244,81100000,81100000,5384,8973,81125000,30240
2,3245,81125000,81125000,5384,8973,81150000,30249
2,3246,81150000,81150000,5384,8973,81175000,30258
2,3247,81175000,81175000,5384,8973,81200000,30266
2,3248,81200000,81200000,5384,8973,81225000,30277
2,3249,81225000,81225000,5384,8973,81250000,30287
2,325,8125000,8125000,5384,8973,8150000,3032
2,3250,81250000,81250000,5384,8973,81275000,30296
2,3251,81275000,81275000,5384,8973,81300000,30305
2,3252,81300000,81300000,5384,8973,81325000,30314
2,3253,81325000,81325000,5384,8973,81350000,30324
2,3254,81350000,81350000,5384,8973,81375000,30333
2,3255,81375000,81375000,5384,8973,81400000,30341
2,3256,81400000,81400000,5384,8973,81425000,30352
2,3257,81425000,81425000,5384,8973,81450000,30362
2,3258,81450000,81450000,5384,8973,81475000,30369
2,3259,81475000,81475000,5384,8973,81500000,30379
2,326,8150000,8150000,5384,8973,8175000,3043
2,3260,81500000,81500000,5384,8973,81525000,30391
2,3261,81525000,81525000,5384,8973,81550000,30397
2,3262,81550000,81550000,5384,8973,81575000,30408
2,3263,81575000,81575000,5384,8973,81600000,30416
2,3264,81600000,81600000,5384,8973,81625000,30427
2,3265,81625000,81625000,5384,8973,81650000,30435
2,3266,81650000,81650000,5384,8973,81675000,30444
2,3267,81675000,81675000,5384,8973,81700000,30455
2,3268,81700000,81700000,5384,8973,81725000,30463
2,3269,81725000,81725000,5384,8973,81750000,30472
2,327,8175000,8175000,5384,8973,8200000,3052
2,3270,81750000,81750000,5384,8973,81775000,30482
2,3271,81775000,81775000,5384,8973,81800000,30492
2,3272,81800000,81800000,5384,8973,81825000,30500
2,3273,81825000,81825000,5384,8973,81850000,30511
2,3274,81850000,81850000,5384,8973,81875000,30520
2,3275,81875000,81875000,5384,8973,81900000,30528
2,3276,81900000,81900000,5384,8973,81925000,30538
2,3277,81925000,81925000,5384,8973,81950000,30547
2,3278,81950000,81950000,5384,8973,81975000,30558
2,3279,81975000,81975000,5384,8973,82000000,30564
2,328,8200000,8200000,5384,8973,8225000,3060
2,3280,82000000,82000000,5384,8973,82025000,30576
2,3281,82025000,82025000,5384,8973,82050000,30585
2,3282,82050000,82050000,5384,8973,82075000,30592
2,3283,82075000,82075000,5384,8973,82100000,30603
2,3284,82100000,82100000,5384,8973,82125000,30614
2,3285,82125000,82125000,5384,8973,82150000,30622
2,3286,82150000,82150000,5384,8973,82175000,30632
2,3287,82175000,82175000,5384,8973,82200000,30640
2,3288,82200000,82200000,5384,8973,82225000,30649
2,3289,82225000,82225000,5384,8973,82250000,30659
2,329,8225000,8225000,5384,8973,8250000,3070
2,3290,82250000,82250000,5384,8973,82275000,30668
2,3291,82275000,82275000,5384,8973,82300000,30678
2,3292,82300000,82300000,5384,8973,82325000,30689
2,3293,82325000,82325000,5384,8973,82350000,30696
2,3294,82350000,82350000,5384,8973,82375000,30705
2,3295,82375000,82375000,5384,8973,82400000,30715
2,3296,82400000,82400000,5384,8973,82425000,30724
2,3297,82425000,82425000,5384,8973,82450000,30734
2,3298,82450000,82450000,5384,8973,82475000,30743
2,3299,82475000,82475000,5384,8973,82500000,30753
2,33,825000,825000,5384,8973,850000,312
2,330,8250000,8250000,5384,8973,8275000,3079
2,3300,82500000,82500000,5384,8973,82525000,30761
2,3301,82525000,82525000,5384,8973,82550000,30770
2,3302,82550000,82550000,5384,8973,82575000,30782
2,3303,82575000,82575000,5384,8973,82600000,30788
2,3304,82600000,82600000,5384,8973,82625000,30799
2,3305,82625000,82625000,5384,8973,82650000,30809
2,3306,82650000,82650000,5384,8973,82675000,30818
2,3307,82675000,82675000,5384,8973,82700000,30826
2,3308,82700000,82700000,5384,8973,82725000,30838
2,3309,82725000,82725000,5384,8973,82750000,30846
2,331,8275000,8275000,5384,8973,8300000,3089
2,3310,82750000,82750000,5384,8973,82775000,30854
2,3311,82775000,82775000,5384,8973,82800000,30863
2,3312,82800000,82800000,5384,8973,82825000,30873
2,3313,82825000,82825000,5384,8973,82850000,30884
2,3314,82850000,82850000,5384,8973,82875000,30891
2,3315,82875000,82875000,5384,8973,82900000,30902
2,3316,82900000,82900000,5384,8973,82925000,30912
2,3317,82925000,82925000,5384,8973,82950000,30919
2,3318,82950000,82950000,5384,8973,82975000,30929
2,3319,82975000,82975000,5384,8973,83000000,30939
2,332,8300000,8300000,5384,8973,8325000,3099
2,3320,83000000,83000000,5384,8973,83025000,30949
2,3321,83025000,83025000,5384,8973,83050000,30957
2,3322,83050000,83050000,5384,8973,83075000,30967
2,3323,83075000,83075000,5384,8973,83100000,30976
2,3324,83100000,83100000,5384,8973,83125000,30985
2,3325,83125000,83125000,5384,8973,83150000,30994
2,3326,83150000,83150000,5384,8973,83175000,31005
2,3327,83175000,83175000,5384,8973,83200000,31013
2,3328,83200000,83200000,5384,8973,83225000,31023
2,3329,83225000,83225000,5384,8973,83250000,31032
2,333,8325000,8325000,5384,8973,8350000,3107
2,3330,83250000,83250000,5384,8973,83275000,31041
2,3331,83275000,83275000,5384,8973,83300000,31050
2,3332,83300000,83300000,5384,8973,83325000,31060
2,3333,83325000,83325000,5384,8973,83350000,31069
2,3334,83350000,83350000,5384,8973,83375000,31080
2,3335,83375000,83375000,5384,8973,83400000,31087
2,3336,83400000,83400000,5384,8973,83425000,31096
2,3337,83425000,83425000,5384,8973,83450000,31108
2,3338,83450000,83450000,5384,8973,83475000,31115
2,3339,83475000,83475000,5384,8973,83500000,31125
2,334,8350000,8350000,5384,8973,8375000,3118
2,3340,83500000,83500000,5384,8973,83525000,31136
2,3341,83525000,83525000,5384,8973,83550000,31145
2,3342,83550000,83550000,5384,8973,83575000,31152
2,3343,83575000,83575000,5384,8973,83600000,31161
2,3344,83600000,83600000,5384,8973,83625000,31173
2,3345,83625000,83625000,5384,8973,83650000,31180
2,3346,83650000,83650000,5384,8973,83675000,31190
2,3347,83675000,83675000,5384,8973,83700000,31200
2,3348,83700000,83700000,5384,8973,83725000,31210
2,3349,83725000,83725000,5384,8973,83750000,31217
2,335,8375000,8375000,5384,8973,8400000,3124
2,3350,83750000,83750000,5384,8973,83775000,31229
2,3351,83775000,83775000,5384,8973,83800000,31237
2,3352,83800000,83800000,5384,8973,83825000,31246
2,3353,83825000,83825000,5384,8973,83850000,31256
2,3354,83850000,83850000,5384,8973,83875000,31264
2,3355,83875000,83875000,5384,8973,83900000,31275
2,3356,83900000,83900000,5384,8973,83925000,31284
2,3357,83925000,83925000,5384,8973,83950000,31293
2,3358,83950000,83950000,5384,8973,83975000,31303
2,3359,83975000,83975000,5384,8973,84000000,31310
2,336,8400000,8400000,5384,8973,8425000,3135
2,3360,84000000,84000000,5384,8973,84025000,31320
2,3361,84025000,84025000,5384,8973,84050000,31331
2,3362,84050000,84050000,5384,8973,84075000,31340
2,3363,84075000,84075000,5384,8973,84100000,31349
2,3364,84100000,84100000,5384,8973,84125000,31359
2,3365,84125000,84125000,5384,8973,84150000,31367
2,3366,84150000,84150000,5384,8973,84175000,31376
2,3367,84175000,84175000,5384,8973,84200000,31385
2,3368,84200000,84200000,5384,8973,84225000,31396
2,3369,84225000,84225000,5384,8973,84250000,31406
2,337,8425000,8425000,5384,8973,8450000,3145
2,3370,84250000,84250000,5384,8973,84275000,31414
2,3371,84275000,84275000,5384,8973,84300000,31423
2,3372,84300000,84300000,5384,8973,84325000,31434
2,3373,84325000,84325000,5384,8973,84350000,31441
2,3374,84350000,84350000,5384,8973,84375000,31452
2,3375,84375000,84375000,5384,8973,84400000,31460
2,3376,84400000,84400000,5384,8973,84425000,31471
2,3377,84425000,84425000,5384,8973,84450000,31479
2,3378,84450000,84450000,5384,8973,84475000,31487
2,3379,84475000,84475000,5384,8973,84500000,31499
2,338,8450000,8450000,5384,8973,8475000,3155
2,3380,84500000,84500000,5384,8973,84525000,31507
2,3381,84525000,84525000,5384,8973,84550000,31516
2,3382,84550000,84550000,5384,8973,84575000,31527
2,3383,84575000,84575000,5384,8973,84600000,31536
2,3384,84600000,84600000,5384,8973,84625000,31543
2,3385,84625000,84625000,5384,8973,84650000,31555
2,3386,84650000,84650000,5384,8973,84675000,31564
2,3387,84675000,84675000,5384,8973,84700000,31571
2,3388,84700000,84700000,5384,8973,84725000,31583
2,3389,84725000,84725000,5384,8973,84750000,31591
2,339,8475000,8475000,5384,8973,8500000,3163
2,3390,84750000,84750000,5384,8973,84775000,31601
2,3391,84775000,84775000,5384,8973,84800000,31608
2,3392,84800000,84800000,5384,8973,84825000,31620
2,3393,84825000,84825000,5384,8973,84850000,31629
2,3394,84850000,84850000,5384,8973,84875000,31637
2,3395,84875000,84875000,5384,8973,84900000,31647
2,3396,84900000,84900000,5384,8973,84925000,31657
2,3397,84925000,84925000,5384,8973,84950000,31666
2,3398,84950000,84950000,5384,8973,84975000,31675
2,3399,84975000,84975000,5384,8973,85000000,31684
2,34,850000,850000,5384,8973,875000,319
2,340,8500000,8500000,5384,8973,8525000,3173
2,3400,85000000,85000000,5384,8973,85025000,31694
2,3401,85025000,85025000,5384,8973,85050000,31703
2,3402,85050000,85050000,5384,8973,85075000,31711
2,3403,85075000,85075000,5384,8973,85100000,31722
2,3404,85100000,85100000,5384,8973,85125000,31733
2,3405,85125000,85125000,5384,8973,85150000,31740
2,3406,85150000,85150000,5384,8973,85175000,31750
2,3407,85175000,85175000,5384,8973,85200000,31759
2,3408,85200000,85200000,5384,8973,85225000,31767
2,3409,85225000,85225000,5384,8973,85250000,31777
2,341,8525000,8525000,5384,8973,8550000,3182
2,3410,85250000,85250000,5384,8973,85275000,31787
2,3411,85275000,85275000,5384,8973,85300000,31797
2,3412,85300000,85300000,5384,8973,85325000,31806
2,3413,85325000,85325000,5384,8973,85350000,31814
2,3414,85350000,85350000,5384,8973,85375000,31825
2,3415,85375000,85375000,5384,8973,85400000,31832
2,3416,85400000,85400000,5384,8973,85425000,31843
2,3417,85425000,85425000,5384,8973,85450000,31853
2,3418,85450000,85450000,5384,8973,85475000,31863
2,3419,85475000,85475000,5384,8973,85500000,31870
2,342,8550000,8550000,5384,8973,8575000,3190
2,3420,85500000,85500000,5384,8973,85525000,31880
2,3421,85525000,85525000,5384,8973,85550000,31890
2,3422,85550000,85550000,5384,8973,85575000,31898
2,3423,85575000,85575000,5384,8973,85600000,31907
2,3424,85600000,85600000,5384,8973,85625000,31918
2,3425,85625000,85625000,5384,8973,85650000,31928
2,3426,85650000,85650000,5384,8973,85675000,31934
2,3427,85675000,85675000,5384,8973,85700000,31946
2,3428,85700000,85700000,5384,8973,85725000,31956
2,3429,85725000,85725000,5384,8973,85750000,31963
2,343,8575000,8575000,5384,8973,8600000,3200
2,3430,85750000,85750000,5384,8973,85775000,31974
2,3431,85775000,85775000,5384,8973,85800000,31982
2,3432,85800000,85800000,5384,8973,85825000,31992
2,3433,85825000,85825000,5384,8973,85850000,32001
2,3434,85850000,85850000,5384,8973,85875000,32011
2,3435,85875000,85875000,5384,8973,85900000,32020
2,3436,85900000,85900000,5384,8973,85925000,32030
2,3437,85925000,85925000,5384,8973,85950000,32038
2,3438,85950000,85950000,5384,8973,85975000,32048
2,3439,85975000,85975000,5384,8973,86000000,32057
2,344,8600000,8600000,5384,8973,8625000,3210
2,3440,86000000,86000000,5384,8973,86025000,32067
2,3441,86025000,86025000,5384,8973,86050000,32076
2,3442,86050000,86050000,5384,8973,86075000,32085
2,3443,86075000,86075000,5384,8973,86100000,32094
2,3444,86100000,86100000,5384,8973,86125000,32103
2,3445,86125000,86125000,5384,8973,86150000,32113
2,3446,86150000,86150000,5384,8973,86175000,32124
2,3447,86175000,86175000,5384,8973,86200000,32131
2,3448,86200000,86200000,5384,8973,86225000,32141
2,3449,86225000,86225000,5384,8973,86250000,32152
2,345,8625000,8625000,5384,8973,8650000,3221
2,3450,86250000,86250000,5384,8973,86275000,32158
2,3451,86275000,86275000,5384,8973,86300000,32169
2,3452,86300000,86300000,5384,8973,86325000,32180
2,3453,86325000,86325000,5384,8973,86350000,32188
2,3454,86350000,86350000,5384,8973,86375000,32197
2,3455,86375000,86375000,5384,8973,86400000,32205
2,3456,86400000,86400000,5384,8973,86425000,32216
2,3457,86425000,86425000,5384,8973,86450000,32224
2,3458,86450000,86450000,5384,8973,86475000,32234
2,3459,86475000,86475000,5384,8973,86500000,32244
2,346,8650000,8650000,5384,8973,8675000,3228
2,3460,86500000,86500000,5384,8973,86525000,32255
2,3461,86525000,86525000,5384,8973,86550000,32261
2,3462,86550000,86550000,5384,8973,86575000,32272
2,3463,86575000,86575000,5384,8973,86600000,32281
2,3464,86600000,86600000,5384,8973,86625000,32289
2,3465,86625000,86625000,5384,8973,86650000,32300
2,3466,86650000,86650000,5384,8973,86675000,32309
2,3467,86675000,86675000,5384,8973,86700000,32319
2,3468,86700000,86700000,5384,8973,86725000,32327
2,3469,86725000,86725000,5384,8973,86750000,32337
2,347,8675000,8675000,5384,8973,8700000,3238
2,3470,86750000,86750000,5384,8973,86775000,32347
2,3471,86775000,86775000,5384,8973,86800000,32354
2,3472,86800000,86800000,5384,8973,86825000,32365
2,3473,86825000,86825000,5384,8973,86850000,32375
2,3474,86850000,86850000,5384,8973,86875000,32383
2,3475,86875000,86875000,5384,8973,86900000,32392
2,3476,86900000,86900000,5384,8973,86925000,32403
2,3477,86925000,86925000,5384,8973,86950000,32411
2,3478,86950000,86950000,5384,8973,86975000,32421
2,3479,86975000,86975000,5384,8973,87000000,32429
2,348,8700000,8700000,5384,8973,8725000,3248
2,3480,87000000,87000000,5384,8973,87025000,32439
2,3481,87025000,87025000,5384,8973,87050000,32450
2,3482,87050000,87050000,5384,8973,87075000,32458
2,3483,87075000,87075000,5384,8973,87100000,32467
2,3484,87100000,87100000,5384,8973,87125000,32479
2,3485,87125000,87125000,5384,8973,87150000,32485
2,3486,87150000,87150000,5384,8973,87175000,32494
2,3487,87175000,87175000,5384,8973,87200000,32504
2,3488,87200000,87200000,5384,8973,87225000,32515
2,3489,87225000,87225000,5384,8973,87250000,32523
2,349,8725000,8725000,5384,8973,8750000,3256
2,3490,87250000,87250000,5384,8973,87275000,32532
2,3491,87275000,87275000,5384,8973,87300000,32543
2,3492,87300000,87300000,5384,8973,87325000,32550
2,3493,87325000,87325000,5384,8973,87350000,32560
2,3494,87350000,87350000,5384,8973,87375000,32571
2,3495,87375000,87375000,5384,8973,87400000,32580
2,3496,87400000,87400000,5384,8973,87425000,32588
2,3497,87425000,87425000,5384,8973,87450000,32598
2,3498,87450000,87450000,5384,8973,87475000,32607
2,3499,87475000,87475000,5384,8973,87500000,32615
2,35,875000,875000,5384,8973,900000,330
2,350,8750000,8750000,5384,8973,8775000,3266
2,3500,87500000,87500000,5384,8973,87525000,32627
2,3501,87525000,87525000,5384,8973,87550000,32635
2,3502,87550000,87550000,5384,8973,87575000,32646
2,3503,87575000,87575000,5384,8973,87600000,32652
2,3504,87600000,87600000,5384,8973,87625000,32663
2,3505,87625000,87625000,5384,8973,87650000,32673
2,3506,87650000,87650000,5384,8973,87675000,32681
2,3507,87675000,87675000,5384,8973,87700000,32691
2,3508,87700000,87700000,5384,8973,87725000,32701
2,3509,87725000,87725000,5384,8973,87750000,32710
2,351,8775000,8775000,5384,8973,8800000,3274
2,3510,87750000,87750000,5384,8973,87775000,32718
2,3511,87775000,87775000,5384,8973,87800000,32728
2,3512,87800000,87800000,5384,8973,87825000,32738
2,3513,87825000,87825000,5384,8973,87850000,32747
2,3514,87850000,87850000,5384,8973,87875000,32756
2,3515,87875000,87875000,5384,8973,87900000,32766
2,3516,87900000,87900000,5384,8973,87925000,32776
2,3517,87925000,87925000,5384,8973,87950000,32784
2,3518,87950000,87950000,5384,8973,87975000,32794
2,3519,87975000,87975000,5384,8973,88000000,32802
2,352,8800000,8800000,5384,8973,8825000,3286
2,3520,88000000,88000000,5384,8973,88025000,32812
2,3521,88025000,88025000,5384,8973,88050000,32821
2,3522,88050000,88050000,5384,8973,88075000,32830
2,3523,88075000,88075000,5384,8973,88100000,32841
2,3524,88100000,88100000,5384,8973,88125000,32850
2,3525,88125000,88125000,5384,8973,88150000,32858
2,3526,88150000,88150000,5384,8973,88175000,32870
2,3527,88175000,88175000,5384,8973,88200000,32876
2,3528,88200000,88200000,5384,8973,88225000,32886
2,3529,88225000,88225000,5384,8973,88250000,32897
2,353,8825000,8825000,5384,8973,8850000,3293
2,3530,88250000,88250000,5384,8973,88275000,32906
2,3531,88275000,88275000,5384,8973,88300000,32914
2,3532,88300000,88300000,5384,8973,88325000,32925
2,3533,88325000,88325000,5384,8973,88350000,32934
2,3534,88350000,88350000,5384,8973,88375000,32941
2,3535,88375000,88375000,5384,8973,88400000,32951
2,3536,88400000,88400000,5384,8973,88425000,32962
2,3537,88425000,88425000,5384,8973,88450000,32972
2,3538,88450000,88450000,5384,8973,88475000,32979
2,3539,88475000,88475000,5384,8973,88500000,32990
2,354,8850000,8850000,5384,8973,8875000,3302
2,3540,88500000,88500000,5384,8973,88525000,32999
2,3541,88525000,88525000,5384,8973,88550000,33006
2,3542,88550000,88550000,5384,8973,88575000,33018
2,3543,88575000,88575000,5384,8973,88600000,33026
2,3544,88600000,88600000,5384,8973,88625000,33037
2,3545,88625000,88625000,5384,8973,88650000,33045
2,3546,88650000,88650000,5384,8973,88675000,33054
2,3547,88675000,88675000,5384,8973,88700000,33064
2,3548,88700000,88700000,5384,8973,88725000,33074
2,3549,88725000,88725000,5384,8973,88750000,33082
2,355,8875000,8875000,5384,8973,8900000,3313
2,3550,88750000,88750000,5384,8973,88775000,33093
2,3551,88775000,88775000,5384,8973,88800000,33101
2,3552,88800000,88800000,5384,8973,88825000,33109
2,3553,88825000,88825000,5384,8973,88850000,33120
2,3554,88850000,88850000,5384,8973,88875000,33129
2,3555,88875000,88875000,5384,8973,88900000,33138
2,3556,88900000,88900000,5384,8973,88925000,33148
2,3557,88925000,88925000,5384,8973,88950000,33157
2,3558,88950000,88950000,5384,8973,88975000,33167
2,3559,88975000,88975000,5384,8973,89000000,33175
2,356,8900000,8900000,5384,8973,8925000,3322
2,3560,89000000,89000000,5384,8973,89025000,33185
2,3561,89025000,89025000,5384,8973,89050000,33196
2,3562,89050000,89050000,5384,8973,89075000,33203
2,3563,89075000,89075000,5384,8973,89100000,33212
2,3564,89100000,89100000,5384,8973,89125000,33223
2,3565,89125000,89125000,5384,8973,89150000,33232
2,3566,89150000,89150000,5384,8973,89175000,33241
2,3567,89175000,89175000,5384,8973,89200000,33249
2,3568,89200000,89200000,5384,8973,89225000,33261
2,3569,89225000,89225000,5384,8973,89250000,33268
2,357,8925000,8925000,5384,8973,8950000,3330
2,3570,89250000,89250000,5384,8973,89275000,33277
2,3571,89275000,89275000,5384,8973,89300000,33288
2,3572,89300000,89300000,5384,8973,89325000,33299
2,3573,89325000,89325000,5384,8973,89350000,33305
2,3574,89350000,89350000,5384,8973,89375000,33316
2,3575,89375000,89375000,5384,8973,89400000,33325
2,3576,89400000,89400000,5384,8973,89425000,33332
2,3577,89425000,89425000,5384,8973,89450000,33344
2,3578,89450000,89450000,5384,8973,89475000,33353
2,3579,89475000,89475000,5384,8973,89500000,33363
2,358,8950000,8950000,5384,8973,8975000,3342
2,3580,89500000,89500000,5384,8973,89525000,33372
2,3581,89525000,89525000,5384,8973,89550000,33381
2,3582,89550000,89550000,5384,8973,89575000,33390
2,3583,89575000,89575000,5384,8973,89600000,33398
2,3584,89600000,89600000,5384,8973,89625000,33409
2,3585,89625000,89625000,5384,8973,89650000,33418
2,3586,89650000,89650000,5384,8973,89675000,33428
2,3587,89675000,89675000,5384,8973,89700000,33436
2,3588,89700000,89700000,5384,8973,89725000,33446
2,3589,89725000,89725000,5384,8973,89750000,33455
2,359,8975000,8975000,5384,8973,9000000,3350
2,3590,89750000,89750000,5384,8973,89775000,33465
2,3591,89775000,89775000,5384,8973,89800000,33473
2,3592,89800000,89800000,5384,8973,89825000,33484
2,3593,89825000,89825000,5384,8973,89850000,33494
2,3594,89850000,89850000,5384,8973,89875000,33501
2,3595,89875000,89875000,5384,8973,89900000,33511
2,3596,89900000,89900000,5384,8973,89925000,33522
2,3597,89925000,89925000,5384,8973,89950000,33529
2,3598,89950000,89950000,5384,8973,89975000,33539
2,3599,89975000,89975000,5384,8973,90000000,33548
2,36,900000,900000,5384,8973,925000,339
2,360,9000000,9000000,5384,8973,9025000,3358
2,3600,90000000,90000000,5384,8973,90025000,33558
2,3601,90025000,90025000,5384,8973,90050000,33567
2,3602,90050000,90050000,5384,8973,90075000,33576
2,3603,90075000,90075000,5384,8973,90100000,33587
2,3604,90100000,90100000,5384,8973,90125000,33595
2,3605,90125000,90125000,5384,8973,90150000,33604
2,3606,90150000,90150000,5384,8973,90175000,33614
2,3607,90175000,90175000,5384,8973,90200000,33623
2,3608,90200000,90200000,5384,8973,90225000,33632
2,3609,90225000,90225000,5384,8973,90250000,33642
2,361,9025000,9025000,5384,8973,9050000,3369
2,3610,90250000,90250000,5384,8973,90275000,33652
2,3611,90275000,90275000,5384,8973,90300000,33659
2,3612,90300000,90300000,5384,8973,90325000,33670
2,3613,90325000,90325000,5384,8973,90350000,33679
2,3614,90350000,90350000,5384,8973,90375000,33690
2,3615,90375000,90375000,5384,8973,90400000,33696
2,3616,90400000,90400000,5384,8973,90425000,33708
2,3617,90425000,90425000,5384,8973,90450000,33717
2,3618,90450000,90450000,5384,8973,90475000,33723
2,3619,90475000,90475000,5384,8973,90500000,33735
2,362,9050000,9050000,5384,8973,9075000,3378
2,3620,90500000,90500000,5384,8973,90525000,33745
2,3621,90525000,90525000,5384,8973,90550000,33754
2,3622,90550000,90550000,5384,8973,90575000,33763
2,3623,90575000,90575000,5384,8973,90600000,33772
2,3624,90600000,90600000,5384,8973,90625000,33781
2,3625,90625000,90625000,5384,8973,90650000,33791
2,3626,90650000,90650000,5384,8973,90675000,33800
2,3627,90675000,90675000,5384,8973,90700000,33810
2,3628,90700000,90700000,5384,8973,90725000,33821
2,3629,90725000,90725000,5384,8973,90750000,33827
2,363,9075000,9075000,5384,8973,9100000,3386
2,3630,90750000,90750000,5384,8973,90775000,33837
2,3631,90775000,90775000,5384,8973,90800000,33846
2,3632,90800000,90800000,5384,8973,90825000,33856
2,3633,90825000,90825000,5384,8973,90850000,33865
2,3634,90850000,90850000,5384,8973,90875000,33875
2,3635,90875000,90875000,5384,8973,90900000,33885
2,3636,90900000,90900000,5384,8973,90925000,33893
2,3637,90925000,90925000,5384,8973,90950000,33902
2,3638,90950000,90950000,5384,8973,90975000,33914
2,3639,90975000,90975000,5384,8973,91000000,33920
2,364,9100000,9100000,5384,8973,9125000,3397
2,3640,91000000,91000000,5384,8973,91025000,33930
2,3641,91025000,91025000,5384,8973,91050000,33941
2,3642,91050000,91050000,5384,8973,91075000,33949
2,3643,91075000,91075000,5384,8973,91100000,33958
2,3644,91100000,91100000,5384,8973,91125000,33969
2,3645,91125000,91125000,5384,8973,91150000,33978
2,3646,91150000,91150000,5384,8973,91175000,33986
2,3647,91175000,91175000,5384,8973,91200000,33995
2,3648,91200000,91200000,5384,8973,91225000,34005
2,3649,91225000,91225000,5384,8973,91250000,34016
2,365,9125000,9125000,5384,8973,9150000,3406
2,3650,91250000,91250000,5384,8973,91275000,34023
2,3651,91275000,91275000,5384,8973,91300000,34033
2,3652,91300000,91300000,5384,8973,91325000,34044
2,3653,91325000,91325000,5384,8973,91350000,34050
2,3654,91350000,91350000,5384,8973,91375000,34061
2,3655,91375000,91375000,5384,8973,91400000,34070
2,3656,91400000,91400000,5384,8973,91425000,34081
2,3657,91425000,91425000,5384,8973,91450000,34089
2,3658,91450000,91450000,5384,8973,91475000,34099
2,3659,91475000,91475000,5384,8973,91500000,34108
2,366,9150000,9150000,5384,8973,9175000,3415
2,3660,91500000,91500000,5384,8973,91525000,34117
2,3661,91525000,91525000,5384,8973,91550000,34126
2,3662,91550000,91550000,5384,8973,91575000,34136
2,3663,91575000,91575000,5384,8973,91600000,34145
2,3664,91600000,91600000,5384,8973,91625000,34154
2,3665,91625000,91625000,5384,8973,91650000,34164
2,3666,91650000,91650000,5384,8973,91675000,34172
2,3667,91675000,91675000,5384,8973,91700000,34182
2,3668,91700000,91700000,5384,8973,91725000,34192
2,3669,91725000,91725000,5384,8973,91750000,34201
2,367,9175000,9175000,5384,8973,9200000,3423
2,3670,91750000,91750000,5384,8973,91775000,34212
2,3671,91775000,91775000,5384,8973,91800000,34219
2,3672,91800000,91800000,5384,8973,91825000,34228
2,3673,91825000,91825000,5384,8973,91850000,34239
2,3674,91850000,91850000,5384,8973,91875000,34247
2,3675,91875000,91875000,5384,8973,91900000,34256
2,3676,91900000,91900000,5384,8973,91925000,34268
2,3677,91925000,91925000,5384,8973,91950000,34276
2,3678,91950000,91950000,5384,8973,91975000,34284
2,3679,91975000,91975000,5384,8973,92000000,34293
2,368,9200000,9200000,5384,8973,9225000,3434
2,3680,92000000,92000000,5384,8973,92025000,34305
2,3681,92025000,92025000,5384,8973,92050000,34312
2,3682,92050000,92050000,5384,8973,92075000,34322
2,3683,92075000,92075000,5384,8973,92100000,34332
2,3684,92100000,92100000,5384,8973,92125000,34341
2,3685,92125000,92125000,5384,8973,92150000,34349
2,3686,92150000,92150000,5384,8973,92175000,34360
2,3687,92175000,92175000,5384,8973,92200000,34369
2,3688,92200000,92200000,5384,8973,92225000,34377
2,3689,92225000,92225000,5384,8973,92250000,34388
2,369,9225000,9225000,5384,8973,9250000,3444
2,3690,92250000,92250000,5384,8973,92275000,34396
2,3691,92275000,92275000,5384,8973,92300000,34407
2,3692,92300000,92300000,5384,8973,92325000,34416
2,3693,92325000,92325000,5384,8973,92350000,34425
2,3694,92350000,92350000,5384,8973,92375000,34435
2,3695,92375000,92375000,5384,8973,92400000,34441
2,37,925000,925000,5384,8973,950000,349
2,370,9250000,9250000,5384,8973,9275000,3451
2,371,9275000,9275000,5384,8973,9300000,3462
2,372,9300000,9300000,5384,8973,9325000,3471
2,373,9325000,9325000,5384,8973,9350000,3480
2,374,9350000,9350000,5384,8973,9375000,3490
2,375,9375000,9375000,5384,8973,9400000,3498
2,376,9400000,9400000,5384,8973,9425000,3509
2,377,9425000,9425000,5384,8973,9450000,3517
2,378,9450000,9450000,5384,8973,9475000,3526
2,379,9475000,9475000,5384,8973,9500000,3536
2,38,950000,950000,5384,8973,975000,358
2,380,9500000,9500000,5384,8973,9525000,3548
2,381,9525000,9525000,5384,8973,9550000,3554
2,382,9550000,9550000,5384,8973,9575000,3565
2,383,9575000,9575000,5384,8973,9600000,3573
2,384,9600000,9600000,5384,8973,9625000,3581
2,385,9625000,9625000,5384,8973,9650000,3592
2,386,9650000,9650000,5384,8973,9675000,3601
2,387,9675000,9675000,5384,8973,9700000,3612
2,388,9700000,9700000,5384,8973,9725000,3620
2,389,9725000,9725000,5384,8973,9750000,3629
2,39,975000,975000,5384,8973,1000000,367
2,390,9750000,9750000,5384,8973,9775000,3639
2,391,9775000,9775000,5384,8973,9800000,3647
2,392,9800000,9800000,5384,8973,9825000,3657
2,393,9825000,9825000,5384,8973,9850000,3668
2,394,9850000,9850000,5384,8973,9875000,3677
2,395,9875000,9875000,5384,8973,9900000,3684
2,396,9900000,9900000,5384,8973,9925000,3695
2,397,9925000,9925000,5384,8973,9950000,3704
2,398,9950000,9950000,5384,8973,9975000,3713
2,399,9975000,9975000,5384,8973,10000000,3721
2,4,100000,100000,5384,8973,125000,42
2,40,1000000,1000000,5384,8973,1025000,377
2,400,10000000,10000000,5384,8973,10025000,3733
2,401,10025000,10025000,5384,8973,10050000,3742
2,402,10050000,10050000,5384,8973,10075000,3749
2,403,10075000,10075000,5384,8973,10100000,3760
2,404,10100000,10100000,5384,8973,10125000,3771
2,405,10125000,10125000,5384,8973,10150000,3777
2,406,10150000,10150000,5384,8973,10175000,3788
2,407,10175000,10175000,5384,8973,10200000,3797
2,408,10200000,10200000,5384,8973,10225000,3806
2,409,10225000,10225000,5384,8973,10250000,3816
2,41,1025000,1025000,5384,8973,1050000,386
2,410,10250000,10250000,5384,8973,10275000,3825
2,411,10275000,10275000,5384,8973,10300000,3835
2,412,10300000,10300000,5384,8973,10325000,3844
2,413,10325000,10325000,5384,8973,10350000,3853
2,414,10350000,10350000,5384,8973,10375000,3862
2,415,10375000,10375000,5384,8973,10400000,3872
2,416,10400000,10400000,5384,8973,10425000,3881
2,417,10425000,10425000,5384,8973,10450000,3890
2,418,10450000,10450000,5384,8973,10475000,3900
2,419,10475000,10475000,5384,8973,10500000,3908
2,42,1050000,1050000,5384,8973,1075000,394
2,420,10500000,10500000,5384,8973,10525000,3918
2,421,10525000,10525000,5384,8973,10550000,3927
2,422,10550000,10550000,5384,8973,10575000,3939
2,423,10575000,10575000,5384,8973,10600000,3945
2,424,10600000,10600000,5384,8973,10625000,3956
2,425,10625000,10625000,5384,8973,10650000,3966
2,426,10650000,10650000,5384,8973,10675000,3973
2,427,10675000,10675000,5384,8973,10700000,3983
2,428,10700000,10700000,5384,8973,10725000,3994
2,429,10725000,10725000,5384,8973,10750000,4003
2,43,1075000,1075000,5384,8973,1100000,404
2,430,10750000,10750000,5384,8973,10775000,4011
2,431,10775000,10775000,5384,8973,10800000,4020
2,432,10800000,10800000,5384,8973,10825000,4030
2,433,10825000,10825000,5384,8973,10850000,4039
2,434,10850000,10850000,5384,8973,10875000,4048
2,435,10875000,10875000,5384,8973,10900000,4059
2,436,10900000,10900000,5384,8973,10925000,4069
2,437,10925000,10925000,5384,8973,10950000,4076
2,438,10950000,10950000,5384,8973,10975000,4086
2,439,10975000,10975000,5384,8973,11000000,4095
2,44,1100000,1100000,5384,8973,1125000,416
2,440,11000000,11000000,5384,8973,11025000,4104
2,441,11025000,11025000,5384,8973,11050000,4114
2,442,11050000,11050000,5384,8973,11075000,4124
2,443,11075000,11075000,5384,8973,11100000,4133
2,444,11100000,11100000,5384,8973,11125000,4142
2,445,11125000,11125000,5384,8973,11150000,4151
2,446,11150000,11150000,5384,8973,11175000,4162
2,447,11175000,11175000,5384,8973,11200000,4168
2,448,11200000,11200000,5384,8973,11225000,4180
2,449,11225000,11225000,5384,8973,11250000,4189
2,45,1125000,1125000,5384,8973,1150000,422
2,450,11250000,11250000,5384,8973,11275000,4197
2,451,11275000,11275000,5384,8973,11300000,4207
2,452,11300000,11300000,5384,8973,11325000,4217
2,453,11325000,11325000,5384,8973,11350000,4226
2,454,11350000,11350000,5384,8973,11375000,4235
2,455,11375000,11375000,5384,8973,11400000,4244
2,456,11400000,11400000,5384,8973,11425000,4253
2,457,11425000,11425000,5384,8973,11450000,4265
2,458,11450000,11450000,5384,8973,11475000,4272
2,459,11475000,11475000,5384,8973,11500000,4282
2,46,1150000,1150000,5384,8973,1175000,433
2,460,11500000,11500000,5384,8973,11525000,4293
2,461,11525000,11525000,5384,8973,11550000,4299
2,462,11550000,11550000,5384,8973,11575000,4309
2,463,11575000,11575000,5384,8973,11600000,4318
2,464,11600000,11600000,5384,8973,11625000,4330
2,465,11625000,11625000,5384,8973,11650000,4337
2,466,11650000,11650000,5384,8973,11675000,4347
2,467,11675000,11675000,5384,8973,11700000,4357
2,468,11700000,11700000,5384,8973,11725000,4365
2,469,11725000,11725000,5384,8973,11750000,4374
2,47,1175000,1175000,5384,8973,1200000,441
2,470,11750000,11750000,5384,8973,11775000,4386
2,471,11775000,11775000,5384,8973,11800000,4394
2,472,11800000,11800000,5384,8973,11825000,4402
2,473,11825000,11825000,5384,8973,11850000,4413
2,474,11850000,11850000,5384,8973,11875000,4421
2,475,11875000,11875000,5384,8973,11900000,4430
2,476,11900000,11900000,5384,8973,11925000,4441
2,477,11925000,11925000,5384,8973,11950000,4450
2,478,11950000,11950000,5384,8973,11975000,4460
2,479,11975000,11975000,5384,8973,12000000,4467
2,48,1200000,1200000,5384,8973,1225000,450
2,480,12000000,12000000,5384,8973,12025000,4477
2,481,12025000,12025000,5384,8973,12050000,4488
2,482,12050000,12050000,5384,8973,12075000,4495
2,483,12075000,12075000,5384,8973,12100000,4505
2,484,12100000,12100000,5384,8973,12125000,4516
2,485,12125000,12125000,5384,8973,12150000,4524
2,486,12150000,12150000,5384,8973,12175000,4533
2,487,12175000,12175000,5384,8973,12200000,4542
2,488,12200000,12200000,5384,8973,12225000,4553
2,489,12225000,12225000,5384,8973,12250000,4561
2,49,1225000,1225000,5384,8973,1250000,460
2,490,12250000,12250000,5384,8973,12275000,4571
2,491,12275000,12275000,5384,8973,12300000,4580
2,492,12300000,12300000,5384,8973,12325000,4591
2,493,12325000,12325000,5384,8973,12350000,4598
2,494,12350000,12350000,5384,8973,12375000,4608
2,495,12375000,12375000,5384,8973,12400000,4617
2,496,12400000,12400000,5384,8973,12425000,4626
2,497,12425000,12425000,5384,8973,12450000,4636
2,498,12450000,12450000,5384,8973,12475000,4644
2,499,12475000,12475000,5384,8973,12500000,4656
2,5,125000,125000,5384,8973,150000,50
2,50,1250000,1250000,5384,8973,1275000,470
2,500,12500000,12500000,5384,8973,12525000,4664
2,501,12525000,12525000,5384,8973,12550000,4673
2,502,12550000,12550000,5384,8973,12575000,4684
2,503,12575000,12575000,5384,8973,12600000,4691
2,504,12600000,12600000,5384,8973,12625000,4700
2,505,12625000,12625000,5384,8973,12650000,4711
2,506,12650000,12650000,5384,8973,12675000,4721
2,507,12675000,12675000,5384,8973,12700000,4728
2,508,12700000,12700000,5384,8973,12725000,4740
2,509,12725000,12725000,5384,8973,12750000,4748
2,51,1275000,1275000,5384,8973,1300000,480
2,510,12750000,12750000,5384,8973,12775000,4756
2,511,12775000,12775000,5384,8973,12800000,4765
2,512,12800000,12800000,5384,8973,12825000,4777
2,513,12825000,12825000,5384,8973,12850000,4786
2,514,12850000,12850000,5384,8973,12875000,4794
2,515,12875000,12875000,5384,8973,12900000,4804
2,516,12900000,12900000,5384,8973,12925000,4813
2,517,12925000,12925000,5384,8973,12950000,4821
2,518,12950000,12950000,5384,8973,12975000,4832
2,519,12975000,12975000,5384,8973,13000000,4841
2,52,1300000,1300000,5384,8973,1325000,489
2,520,13000000,13000000,5384,8973,13025000,4851
2,521,13025000,13025000,5384,8973,13050000,4860
2,522,13050000,13050000,5384,8973,13075000,4868
2,523,13075000,13075000,5384,8973,13100000,4879
2,524,13100000,13100000,5384,8973,13125000,4888
2,525,13125000,13125000,5384,8973,13150000,4897
2,526,13150000,13150000,5384,8973,13175000,4907
2,527,13175000,13175000,5384,8973,13200000,4915
2,528,13200000,13200000,5384,8973,13225000,4924
2,529,13225000,13225000,5384,8973,13250000,4934
2,53,1325000,1325000,5384,8973,1350000,497
2,530,13250000,13250000,5384,8973,13275000,4944
2,531,13275000,13275000,5384,8973,13300000,4952
2,532,13300000,13300000,5384,8973,13325000,4963
2,533,13325000,13325000,5384,8973,13350000,4971
2,534,13350000,13350000,5384,8973,13375000,4982
2,535,13375000,13375000,5384,8973,13400000,4989
2,536,13400000,13400000,5384,8973,13425000,5000
2,537,13425000,13425000,5384,8973,13450000,5010
2,538,13450000,13450000,5384,8973,13475000,5017
2,539,13475000,13475000,5384,8973,13500000,5027
2,54,1350000,1350000,5384,8973,1375000,507
2,540,13500000,13500000,5384,8973,13525000,5037
2,541,13525000,13525000,5384,8973,13550000,5047
2,542,13550000,13550000,5384,8973,13575000,5055
2,543,13575000,13575000,5384,8973,13600000,5064
2,544,13600000,13600000,5384,8973,13625000,5075
2,545,13625000,13625000,5384,8973,13650000,5083
2,546,13650000,13650000,5384,8973,13675000,5091
2,547,13675000,13675000,5384,8973,13700000,5103
2,548,13700000,13700000,5384,8973,13725000,5113
2,549,13725000,13725000,5384,8973,13750000,5119
2,55,1375000,1375000,5384,8973,1400000,515
2,550,13750000,13750000,5384,8973,13775000,5131
2,551,13775000,13775000,5384,8973,13800000,5139
2,552,13800000,13800000,5384,8973,13825000,5147
2,553,13825000,13825000,5384,8973,13850000,5158
2,554,13850000,13850000,5384,8973,13875000,5168
2,555,13875000,13875000,5384,8973,13900000,5177
2,556,13900000,13900000,5384,8973,13925000,5187
2,557,13925000,13925000,5384,8973,13950000,5195
2,558,13950000,13950000,5384,8973,13975000,5205
2,559,13975000,13975000,5384,8973,14000000,5212
2,56,1400000,1400000,5384,8973,1425000,525
2,560,14000000,14000000,5384,8973,14025000,5223
2,561,14025000,14025000,5384,8973,14050000,5233
2,562,14050000,14050000,5384,8973,14075000,5242
2,563,14075000,14075000,5384,8973,14100000,5251
2,564,14100000,14100000,5384,8973,14125000,5260
2,565,14125000,14125000,5384,8973,14150000,5270
2,566,14150000,14150000,5384,8973,14175000,5279
2,567,14175000,14175000,5384,8973,14200000,5288
2,568,14200000,14200000,5384,8973,14225000,5298
2,569,14225000,14225000,5384,8973,14250000,5309
2,57,1425000,1425000,5384,8973,1450000,536
2,570,14250000,14250000,5384,8973,14275000,5315
2,571,14275000,14275000,5384,8973,14300000,5325
2,572,14300000,14300000,5384,8973,14325000,5337
2,573,14325000,14325000,5384,8973,14350000,5343
2,574,14350000,14350000,5384,8973,14375000,5354
2,575,14375000,14375000,5384,8973,14400000,5362
2,576,14400000,14400000,5384,8973,14425000,5373
2,577,14425000,14425000,5384,8973,14450000,5381
2,578,14450000,14450000,5384,8973,14475000,5391
2,579,14475000,14475000,5384,8973,14500000,5401
2,58,1450000,1450000,5384,8973,1475000,545
2,580,14500000,14500000,5384,8973,14525000,5410
2,581,14525000,14525000,5384,8973,14550000,5418
2,582,14550000,14550000,5384,8973,14575000,5428
2,583,14575000,14575000,5384,8973,14600000,5438
2,584,14600000,14600000,5384,8973,14625000,5446
2,585,14625000,14625000,5384,8973,14650000,5457
2,586,14650000,14650000,5384,8973,14675000,5466
2,587,14675000,14675000,5384,8973,14700000,5474
2,588,14700000,14700000,5384,8973,14725000,5484
2,589,14725000,14725000,5384,8973,14750000,5494
2,59,1475000,1475000,5384,8973,1500000,553
2,590,14750000,14750000,5384,8973,14775000,5504
2,591,14775000,14775000,5384,8973,14800000,5511
2,592,14800000,14800000,5384,8973,14825000,5522
2,593,14825000,14825000,5384,8973,14850000,5531
2,594,14850000,14850000,5384,8973,14875000,5538
2,595,14875000,14875000,5384,8973,14900000,5549
2,596,14900000,14900000,5384,8973,14925000,5560
2,597,14925000,14925000,5384,8973,14950000,5568
2,598,14950000,14950000,5384,8973,14975000,5578
2,599,14975000,14975000,5384,8973,15000000,5586
2,6,150000,150000,5384,8973,175000,59
2,60,1500000,1500000,5384,8973,1525000,563
2,600,15000000,15000000,5384,8973,15025000,5596
2,601,15025000,15025000,5384,8973,15050000,5605
2,602,15050000,15050000,5384,8973,15075000,5615
2,603,15075000,15075000,5384,8973,15100000,5624
2,604,15100000,15100000,5384,8973,15125000,5635
2,605,15125000,15125000,5384,8973,15150000,5642
2,606,15150000,15150000,5384,8973,15175000,5651
2,607,15175000,15175000,5384,8973,15200000,5661
2,608,15200000,15200000,5384,8973,15225000,5670
2,609,15225000,15225000,5384,8973,15250000,5680
2,61,1525000,1525000,5384,8973,1550000,573
2,610,15250000,15250000,5384,8973,15275000,5689
2,611,15275000,15275000,5384,8973,15300000,5700
2,612,15300000,15300000,5384,8973,15325000,5707
2,613,15325000,15325000,5384,8973,15350000,5717
2,614,15350000,15350000,5384,8973,15375000,5728
2,615,15375000,15375000,5384,8973,15400000,5734
2,616,15400000,15400000,5384,8973,15425000,5745
2,617,15425000,15425000,5384,8973,15450000,5755
2,618,15450000,15450000,5384,8973,15475000,5764
2,619,15475000,15475000,5384,8973,15500000,5772
2,62,1550000,1550000,5384,8973,1575000,581
2,620,15500000,15500000,5384,8973,15525000,5784
2,621,15525000,15525000,5384,8973,15550000,5792
2,622,15550000,15550000,5384,8973,15575000,5801
2,623,15575000,15575000,5384,8973,15600000,5809
2,624,15600000,15600000,5384,8973,15625000,5820
2,625,15625000,15625000,5384,8973,15650000,5830
2,626,15650000,15650000,5384,8973,15675000,5837
2,627,15675000,15675000,5384,8973,15700000,5848
2,628,15700000,15700000,5384,8973,15725000,5858
2,629,15725000,15725000,5384,8973,15750000,5865
2,63,1575000,1575000,5384,8973,1600000,590
2,630,15750000,15750000,5384,8973,15775000,5875
2,631,15775000,15775000,5384,8973,15800000,5885
2,632,15800000,15800000,5384,8973,15825000,5895
2,633,15825000,15825000,5384,8973,15850000,5904
2,634,15850000,15850000,5384,8973,15875000,5913
2,635,15875000,15875000,5384,8973,15900000,5923
2,636,15900000,15900000,5384,8973,15925000,5931
2,637,15925000,15925000,5384,8973,15950000,5940
2,638,15950000,15950000,5384,8973,15975000,5951
2,639,15975000,15975000,5384,8973,16000000,5959
2,64,1600000,1600000,5384,8973,1625000,601
2,640,16000000,16000000,5384,8973,16025000,5969
2,641,16025000,16025000,5384,8973,16050000,5978
2,642,16050000,16050000,5384,8973,16075000,5987
2,643,16075000,16075000,5384,8973,16100000,5996
2,644,16100000,16100000,5384,8973,16125000,6007
2,645,16125000,16125000,5384,8973,16150000,6015
2,646,16150000,16150000,5384,8973,16175000,6027
2,647,16175000,16175000,5384,8973,16200000,6033
2,648,16200000,16200000,5384,8973,16225000,6042
2,649,16225000,16225000,5384,8973,16250000,6054
2,65,1625000,1625000,5384,8973,1650000,610
2,650,16250000,16250000,5384,8973,16275000,6061
2,651,16275000,16275000,5384,8973,16300000,6071
2,652,16300000,16300000,5384,8973,16325000,6082
2,653,16325000,16325000,5384,8973,16350000,6091
2,654,16350000,16350000,5384,8973,16375000,6098
2,655,16375000,16375000,5384,8973,16400000,6108
2,656,16400000,16400000,5384,8973,16425000,6119
2,657,16425000,16425000,5384,8973,16450000,6127
2,658,16450000,16450000,5384,8973,16475000,6136
2,659,16475000,16475000,5384,8973,16500000,6146
2,66,1650000,1650000,5384,8973,1675000,617
2,660,16500000,16500000,5384,8973,16525000,6156
2,661,16525000,16525000,5384,8973,16550000,6163
2,662,16550000,16550000,5384,8973,16575000,6175
2,663,16575000,16575000,5384,8973,16600000,6183
2,664,16600000,16600000,5384,8973,16625000,6192
2,665,16625000,16625000,5384,8973,16650000,6202
2,666,16650000,16650000,5384,8973,16675000,6211
2,667,16675000,16675000,5384,8973,16700000,6221
2,668,16700000,16700000,5384,8973,16725000,6231
2,669,16725000,16725000,5384,8973,16750000,6239
2,67,1675000,1675000,5384,8973,1700000,628
2,670,16750000,16750000,5384,8973,16775000,6249
2,671,16775000,16775000,5384,8973,16800000,6256
2,672,16800000,16800000,5384,8973,16825000,6266
2,673,16825000,16825000,5384,8973,16850000,6277
2,674,16850000,16850000,5384,8973,16875000,6286
2,675,16875000,16875000,5384,8973,16900000,6295
2,676,16900000,16900000,5384,8973,16925000,6305
2,677,16925000,16925000,5384,8973,16950000,6314
2,678,16950000,16950000,5384,8973,16975000,6322
2,679,16975000,16975000,5384,8973,17000000,6332
2,68,1700000,1700000,5384,8973,1725000,639
2,680,17000000,17000000,5384,8973,17025000,6342
2,681,17025000,17025000,5384,8973,17050000,6352
2,682,17050000,17050000,5384,8973,17075000,6360
2,683,17075000,17075000,5384,8973,17100000,6369
2,684,17100000,17100000,5384,8973,17125000,6380
2,685,17125000,17125000,5384,8973,17150000,6387
2,686,17150000,17150000,5384,8973,17175000,6398
2,687,17175000,17175000,5384,8973,17200000,6406
2,688,17200000,17200000,5384,8973,17225000,6418
2,689,17225000,17225000,5384,8973,17250000,6425
2,69,1725000,1725000,5384,8973,1750000,645
2,690,17250000,17250000,5384,8973,17275000,6434
2,691,17275000,17275000,5384,8973,17300000,6445
2,692,17300000,17300000,5384,8973,17325000,6453
2,693,17325000,17325000,5384,8973,17350000,6462
2,694,17350000,17350000,5384,8973,17375000,6473
2,695,17375000,17375000,5384,8973,17400000,6482
2,696,17400000,17400000,5384,8973,17425000,6489
2,697,17425000,17425000,5384,8973,17450000,6501
2,698,17450000,17450000,5384,8973,17475000,6510
2,699,17475000,17475000,5384,8973,17500000,6518
2,7,175000,175000,5384,8973,200000,68
2,70,1750000,1750000,5384,8973,1775000,657
2,700,17500000,17500000,5384,8973,17525000,6529
2,701,17525000,17525000,5384,8973,17550000,6538
2,702,17550000,17550000,5384,8973,17575000,6547
2,703,17575000,17575000,5384,8973,17600000,6554
2,704,17600000,17600000,5384,8973,17625000,6566
2,705,17625000,17625000,5384,8973,17650000,6575
2,706,17650000,17650000,5384,8973,17675000,6583
2,707,17675000,17675000,5384,8973,17700000,6593
2,708,17700000,17700000,5384,8973,17725000,6603
2,709,17725000,17725000,5384,8973,17750000,6612
2,71,1775000,1775000,5384,8973,1800000,665
2,710,17750000,17750000,5384,8973,17775000,6622
2,711,17775000,17775000,5384,8973,17800000,6630
2,712,17800000,17800000,5384,8973,17825000,6641
2,713,17825000,17825000,5384,8973,17850000,6649
2,714,17850000,17850000,5384,8973,17875000,6657
2,715,17875000,17875000,5384,8973,17900000,6668
2,716,17900000,17900000,5384,8973,17925000,6679
2,717,17925000,17925000,5384,8973,17950000,6686
2,718,17950000,17950000,5384,8973,17975000,6696
2,719,17975000,17975000,5384,8973,18000000,6705
2,72,1800000,1800000,5384,8973,1825000,675
2,720,18000000,18000000,5384,8973,18025000,6713
2,721,18025000,18025000,5384,8973,18050000,6724
2,722,18050000,18050000,5384,8973,18075000,6733
2,723,18075000,18075000,5384,8973,18100000,6744
2,724,18100000,18100000,5384,8973,18125000,6752
2,725,18125000,18125000,5384,8973,18150000,6760
2,726,18150000,18150000,5384,8973,18175000,6771
2,727,18175000,18175000,5384,8973,18200000,6778
2,728,18200000,18200000,5384,8973,18225000,6789
2,729,18225000,18225000,5384,8973,18250000,6799
2,73,1825000,1825000,5384,8973,1850000,684
2,730,18250000,18250000,5384,8973,18275000,6809
2,731,18275000,18275000,5384,8973,18300000,6816
2,732,18300000,18300000,5384,8973,18325000,6827
2,733,18325000,18325000,5384,8973,18350000,6836
2,734,18350000,18350000,5384,8973,18375000,6845
2,735,18375000,18375000,5384,8973,18400000,6853
2,736,18400000,18400000,5384,8973,18425000,6864
2,737,18425000,18425000,5384,8973,18450000,6874
2,738,18450000,18450000,5384,8973,18475000,6880
2,739,18475000,18475000,5384,8973,18500000,6892
2,74,1850000,1850000,5384,8973,1875000,694
2,740,18500000,18500000,5384,8973,18525000,6902
2,741,18525000,18525000,5384,8973,18550000,6909
2,742,18550000,18550000,5384,8973,18575000,6920
2,743,18575000,18575000,5384,8973,18600000,6929
2,744,18600000,18600000,5384,8973,18625000,6938
2,745,18625000,18625000,5384,8973,18650000,6948
2,746,18650000,18650000,5384,8973,18675000,6957
2,747,18675000,18675000,5384,8973,18700000,6966
2,748,18700000,18700000,5384,8973,18725000,6976
2,749,18725000,18725000,5384,8973,18750000,6984
2,75,1875000,1875000,5384,8973,1900000,703
2,750,18750000,18750000,5384,8973,18775000,6994
2,751,18775000,18775000,5384,8973,18800000,7003
2,752,18800000,18800000,5384,8973,18825000,7013
2,753,18825000,18825000,5384,8973,18850000,7022
2,754,18850000,18850000,5384,8973,18875000,7032
2,755,18875000,18875000,5384,8973,18900000,7040
2,756,18900000,18900000,5384,8973,18925000,7050
2,757,18925000,18925000,5384,8973,18950000,7059
2,758,18950000,18950000,5384,8973,18975000,7070
2,759,18975000,18975000,5384,8973,19000000,7077
2,76,1900000,1900000,5384,8973,1925000,712
2,760,19000000,19000000,5384,8973,19025000,7087
2,761,19025000,19025000,5384,8973,19050000,7098
2,762,19050000,19050000,5384,8973,19075000,7104
2,763,19075000,19075000,5384,8973,19100000,7115
2,764,19100000,19100000,5384,8973,19125000,7126
2,765,19125000,19125000,5384,8973,19150000,7135
2,766,19150000,19150000,5384,8973,19175000,7143
2,767,19175000,19175000,5384,8973,19200000,7152
2,768,19200000,19200000,5384,8973,19225000,7162
2,769,19225000,19225000,5384,8973,19250000,7170
2,77,1925000,1925000,5384,8973,1950000,721
2,770,19250000,19250000,5384,8973,19275000,7180
2,771,19275000,19275000,5384,8973,19300000,7190
2,772,19300000,19300000,5384,8973,19325000,7201
2,773,19325000,19325000,5384,8973,19350000,7207
2,774,19350000,19350000,5384,8973,19375000,7218
2,775,19375000,19375000,5384,8973,19400000,7227
2,776,19400000,19400000,5384,8973,19425000,7236
2,777,19425000,19425000,5384,8973,19450000,7246
2,778,19450000,19450000,5384,8973,19475000,7256
2,779,19475000,19475000,5384,8973,19500000,7265
2,78,1950000,1950000,5384,8973,1975000,730
2,780,19500000,19500000,5384,8973,19525000,7273
2,781,19525000,19525000,5384,8973,19550000,7283
2,782,19550000,19550000,5384,8973,19575000,7293
2,783,19575000,19575000,5384,8973,19600000,7300
2,784,19600000,19600000,5384,8973,19625000,7311
2,785,19625000,19625000,5384,8973,19650000,7321
2,786,19650000,19650000,5384,8973,19675000,7329
2,787,19675000,19675000,5384,8973,19700000,7339
2,788,19700000,19700000,5384,8973,19725000,7349
2,789,19725000,19725000,5384,8973,19750000,7358
2,79,1975000,1975000,5384,8973,2000000,740
2,790,19750000,19750000,5384,8973,19775000,7367
2,791,19775000,19775000,5384,8973,19800000,7375
2,792,19800000,19800000,5384,8973,19825000,7385
2,793,19825000,19825000,5384,8973,19850000,7396
2,794,19850000,19850000,5384,8973,19875000,7404
2,795,19875000,19875000,5384,8973,19900000,7413
2,796,19900000,19900000,5384,8973,19925000,7425
2,797,19925000,19925000,5384,8973,19950000,7431
2,798,19950000,19950000,5384,8973,19975000,7441
2,799,19975000,19975000,5384,8973,20000000,7450
2,8,200000,200000,5384,8973,225000,79
2,80,2000000,2000000,5384,8973,2025000,749
2,800,20000000,20000000,5384,8973,20025000,7462
2,801,20025000,20025000,5384,8973,20050000,7469
2,802,20050000,20050000,5384,8973,20075000,7478
2,803,20075000,20075000,5384,8973,20100000,7489
2,804,20100000,20100000,5384,8973,20125000,7496
2,805,20125000,20125000,5384,8973,20150000,7506
2,806,20150000,20150000,5384,8973,20175000,7517
2,807,20175000,20175000,5384,8973,20200000,7526
2,808,20200000,20200000,5384,8973,20225000,7534
2,809,20225000,20225000,5384,8973,20250000,7545
2,81,2025000,2025000,5384,8973,2050000,759
2,810,20250000,20250000,5384,8973,20275000,7553
2,811,20275000,20275000,5384,8973,20300000,7562
2,812,20300000,20300000,5384,8973,20325000,7573
2,813,20325000,20325000,5384,8973,20350000,7581
2,814,20350000,20350000,5384,8973,20375000,7592
2,815,20375000,20375000,5384,8973,20400000,7598
2,816,20400000,20400000,5384,8973,20425000,7609
2,817,20425000,20425000,5384,8973,20450000,7619
2,818,20450000,20450000,5384,8973,20475000,7627
2,819,20475000,20475000,5384,8973,20500000,7637
2,82,2050000,2050000,5384,8973,2075000,768
2,820,20500000,20500000,5384,8973,20525000,7648
2,821,20525000,20525000,5384,8973,20550000,7656
2,822,20550000,20550000,5384,8973,20575000,7665
2,823,20575000,20575000,5384,8973,20600000,7674
2,824,20600000,20600000,5384,8973,20625000,7684
2,825,20625000,20625000,5384,8973,20650000,7693
2,826,20650000,20650000,5384,8973,20675000,7702
2,827,20675000,20675000,5384,8973,20700000,7712
2,828,20700000,20700000,5384,8973,20725000,7722
2,829,20725000,20725000,5384,8973,20750000,7730
2,83,2075000,2075000,5384,8973,2100000,777
2,830,20750000,20750000,5384,8973,20775000,7740
2,831,20775000,20775000,5384,8973,20800000,7749
2,832,20800000,20800000,5384,8973,20825000,7758
2,833,20825000,20825000,5384,8973,20850000,7768
2,834,20850000,20850000,5384,8973,20875000,7776
2,835,20875000,20875000,5384,8973,20900000,7787
2,836,20900000,20900000,5384,8973,20925000,7796
2,837,20925000,20925000,5384,8973,20950000,7804
2,838,20950000,20950000,5384,8973,20975000,7816
2,839,20975000,20975000,5384,8973,21000000,7822
2,84,2100000,2100000,5384,8973,2125000,786
2,840,21000000,21000000,5384,8973,21025000,7832
2,841,21025000,21025000,5384,8973,21050000,7843
2,842,21050000,21050000,5384,8973,21075000,7853
2,843,21075000,21075000,5384,8973,21100000,7860
2,844,21100000,21100000,5384,8973,21125000,7872
2,845,21125000,21125000,5384,8973,21150000,7880
2,846,21150000,21150000,5384,8973,21175000,7887
2,847,21175000,21175000,5384,8973,21200000,7897
2,848,21200000,21200000,5384,8973,21225000,7908
2,849,21225000,21225000,5384,8973,21250000,7918
2,85,2125000,2125000,5384,8973,2150000,796
2,850,21250000,21250000,5384,8973,21275000,7925
2,851,21275000,21275000,5384,8973,21300000,7936
2,852,21300000,21300000,5384,8973,21325000,7945
2,853,21325000,21325000,5384,8973,21350000,7953
2,854,21350000,21350000,5384,8973,21375000,7964
2,855,21375000,21375000,5384,8973,21400000,7973
2,856,21400000,21400000,5384,8973,21425000,7983
2,857,21425000,21425000,5384,8973,21450000,7991
2,858,21450000,21450000,5384,8973,21475000,8000
2,859,21475000,21475000,5384,8973,21500000,8010
2,86,2150000,2150000,5384,8973,2175000,807
2,860,21500000,21500000,5384,8973,21525000,8020
2,861,21525000,21525000,5384,8973,21550000,8028
2,862,21550000,21550000,5384,8973,21575000,8039
2,863,21575000,21575000,5384,8973,21600000,8047
2,864,21600000,21600000,5384,8973,21625000,8056
2,865,21625000,21625000,5384,8973,21650000,8066
2,866,21650000,21650000,5384,8973,21675000,8076
2,867,21675000,21675000,5384,8973,21700000,8084
2,868,21700000,21700000,5384,8973,21725000,8094
2,869,21725000,21725000,5384,8973,21750000,8103
2,87,2175000,2175000,5384,8973,2200000,813
2,870,21750000,21750000,5384,8973,21775000,8113
2,871,21775000,21775000,5384,8973,21800000,8121
2,872,21800000,21800000,5384,8973,21825000,8131
2,873,21825000,21825000,5384,8973,21850000,8142
2,874,21850000,21850000,5384,8973,21875000,8149
2,875,21875000,21875000,5384,8973,21900000,8159
2,876,21900000,21900000,5384,8973,21925000,8169
2,877,21925000,21925000,5384,8973,21950000,8179
2,878,21950000,21950000,5384,8973,21975000,8187
2,879,21975000,21975000,5384,8973,22000000,8195
2,88,2200000,2200000,5384,8973,2225000,824
2,880,22000000,22000000,5384,8973,22025000,8207
2,881,22025000,22025000,5384,8973,22050000,8214
2,882,22050000,22050000,5384,8973,22075000,8223
2,883,22075000,22075000,5384,8973,22100000,8234
2,884,22100000,22100000,5384,8973,22125000,8245
2,885,22125000,22125000,5384,8973,22150000,8251
2,886,22150000,22150000,5384,8973,22175000,8263
2,887,22175000,22175000,5384,8973,22200000,8271
2,888,22200000,22200000,5384,8973,22225000,8279
2,889,22225000,22225000,5384,8973,22250000,8290
2,89,2225000,2225000,5384,8973,2250000,834
2,890,22250000,22250000,5384,8973,22275000,8299
2,891,22275000,22275000,5384,8973,22300000,8309
2,892,22300000,22300000,5384,8973,22325000,8318
2,893,22325000,22325000,5384,8973,22350000,8327
2,894,22350000,22350000,5384,8973,22375000,8336
2,895,22375000,22375000,5384,8973,22400000,8344
2,896,22400000,22400000,5384,8973,22425000,8355
2,897,22425000,22425000,5384,8973,22450000,8365
2,898,22450000,22450000,5384,8973,22475000,8374
2,899,22475000,22475000,5384,8973,22500000,8383
2,9,225000,225000,5384,8973,250000,89
2,90,2250000,2250000,5384,8973,2275000,841
2,900,22500000,22500000,5384,8973,22525000,8392
2,901,22525000,22525000,5384,8973,22550000,8401
2,902,22550000,22550000,5384,8973,22575000,8411
2,903,22575000,22575000,5384,8973,22600000,8419
2,904,22600000,22600000,5384,8973,22625000,8430
2,905,22625000,22625000,5384,8973,22650000,8440
2,906,22650000,22650000,5384,8973,22675000,8447
2,907,22675000,22675000,5384,8973,22700000,8457
2,908,22700000,22700000,5384,8973,22725000,8469
2,909,22725000,22725000,5384,8973,22750000,8475
2,91,2275000,2275000,5384,8973,2300000,851
2,910,22750000,22750000,5384,8973,22775000,8486
2,911,22775000,22775000,5384,8973,22800000,8494
2,912,22800000,22800000,5384,8973,22825000,8504
2,913,22825000,22825000,5384,8973,22850000,8513
2,914,22850000,22850000,5384,8973,22875000,8522
2,915,22875000,22875000,5384,8973,22900000,8533
2,916,22900000,22900000,5384,8973,22925000,8541
2,917,22925000,22925000,5384,8973,22950000,8550
2,918,22950000,22950000,5384,8973,22975000,8560
2,919,22975000,22975000,5384,8973,23000000,8570
2,92,2300000,2300000,5384,8973,2325000,863
2,920,23000000,23000000,5384,8973,23025000,8578
2,921,23025000,23025000,5384,8973,23050000,8589
2,922,23050000,23050000,5384,8973,23075000,8598
2,923,23075000,23075000,5384,8973,23100000,8605
2,924,23100000,23100000,5384,8973,23125000,8616
2,925,23125000,23125000,5384,8973,23150000,8625
2,926,23150000,23150000,5384,8973,23175000,8636
2,927,23175000,23175000,5384,8973,23200000,8642
2,928,23200000,23200000,5384,8973,23225000,8654
2,929,23225000,23225000,5384,8973,23250000,8663
2,93,2325000,2325000,5384,8973,2350000,871
2,930,23250000,23250000,5384,8973,23275000,8670
2,931,23275000,23275000,5384,8973,23300000,8681
2,932,23300000,23300000,5384,8973,23325000,8692
2,933,23325000,23325000,5384,8973,23350000,8700
2,934,23350000,23350000,5384,8973,23375000,8709
2,935,23375000,23375000,5384,8973,23400000,8718
2,936,23400000,23400000,5384,8973,23425000,8727
2,937,23425000,23425000,5384,8973,23450000,8737
2,938,23450000,23450000,5384,8973,23475000,8746
2,939,23475000,23475000,5384,8973,23500000,8756
2,94,2350000,2350000,5384,8973,2375000,880
2,940,23500000,23500000,5384,8973,23525000,8767
2,941,23525000,23525000,5384,8973,23550000,8774
2,942,23550000,23550000,5384,8973,23575000,8783
2,943,23575000,23575000,5384,8973,23600000,8793
2,944,23600000,23600000,5384,8973,23625000,8802
2,945,23625000,23625000,5384,8973,23650000,8811
2,946,23650000,23650000,5384,8973,23675000,8821
2,947,23675000,23675000,5384,8973,23700000,8831
2,948,23700000,23700000,5384,8973,23725000,8839
2,949,23725000,23725000,5384,8973,23750000,8848
2,95,2375000,2375000,5384,8973,2400000,888
2,950,23750000,23750000,5384,8973,23775000,8860
2,951,23775000,23775000,5384,8973,23800000,8866
2,952,23800000,23800000,5384,8973,23825000,8877
2,953,23825000,23825000,5384,8973,23850000,8887
2,954,23850000,23850000,5384,8973,23875000,8896
2,955,23875000,23875000,5384,8973,23900000,8904
2,956,23900000,23900000,5384,8973,23925000,8915
2,957,23925000,23925000,5384,8973,23950000,8924
2,958,23950000,23950000,5384,8973,23975000,8932
2,959,23975000,23975000,5384,8973,24000000,8941
2,96,2400000,2400000,5384,8973,2425000,899
2,960,24000000,24000000,5384,8973,24025000,8951
2,961,24025000,24025000,5384,8973,24050000,8962
2,962,24050000,24050000,5384,8973,24075000,8969
2,963,24075000,24075000,5384,8973,24100000,8980
2,964,24100000,24100000,5384,8973,24125000,8990
2,965,24125000,24125000,5384,8973,24150000,8997
2,966,24150000,24150000,5384,8973,24175000,9007
2,967,24175000,24175000,5384,8973,24200000,9016
2,968,24200000,24200000,5384,8973,24225000,9027
2,969,24225000,24225000,5384,8973,24250000,9035
2,97,2425000,2425000,5384,8973,2450000,907
2,970,24250000,24250000,5384,8973,24275000,9045
2,971,24275000,24275000,5384,8973,24300000,9054
2,972,24300000,24300000,5384,8973,24325000,9063
2,973,24325000,24325000,5384,8973,24350000,9072
2,974,24350000,24350000,5384,8973,24375000,9083
2,975,24375000,24375000,5384,8973,24400000,9091
2,976,24400000,24400000,5384,8973,24425000,9101
2,977,24425000,24425000,5384,8973,24450000,9110
2,978,24450000,24450000,5384,8973,24475000,9118
2,979,24475000,24475000,5384,8973,24500000,9128
2,98,2450000,2450000,5384,8973,2475000,916
2,980,24500000,24500000,5384,8973,24525000,9138
2,981,24525000,24525000,5384,8973,24550000,9147
2,982,24550000,24550000,5384,8973,24575000,9158
2,983,24575000,24575000,5384,8973,24600000,9165
2,984,24600000,24600000,5384,8973,24625000,9174
2,985,24625000,24625000,5384,8973,24650000,9186
2,986,24650000,24650000,5384,8973,24675000,9193
2,987,24675000,24675000,5384,8973,24700000,9203
2,988,24700000,24700000,5384,8973,24725000,9214
2,989,24725000,24725000,5384,8973,24750000,9222
2,99,2475000,2475000,5384,8973,2500000,927
2,990,24750000,24750000,5384,8973,24775000,9230
2,991,24775000,24775000,5384,8973,24800000,9239
2,992,24800000,24800000,5384,8973,24825000,9251
2,993,24825000,24825000,5384,8973,24850000,9258
2,994,24850000,24850000,5384,8973,24875000,9268
2,995,24875000,24875000,5384,8973,24900000,9278
2,996,24900000,24900000,5384,8973,24925000,9288
2,997,24925000,24925000,5384,8973,24950000,9295
2,998,24950000,24950000,5384,8973,24975000,9307
2,999,24975000,24975000,5384,8973,25000000,9315
3,0,0,0,9123,15205,30000,6
3,1,30000,30000,9123,15205,60000,18
3,10,300000,300000,9123,15205,330000,119
3,100,3000000,3000000,9123,15205,3030000,1125
3,1000,30000000,30000000,9123,15205,30030000,11190
3,1001,30030000,30030000,9123,15205,30060000,11202
3,1002,30060000,30060000,9123,15205,30090000,11214
3,1003,30090000,30090000,9123,15205,30120000,11224
3,1004,30120000,30120000,9123,15205,30150000,11236
3,1005,30150000,30150000,9123,15205,30180000,11248
3,1006,30180000,30180000,9123,15205,30210000,11260
3,1007,30210000,30210000,9123,15205,30240000,11267
3,1008,30240000,30240000,9123,15205,30270000,11280
3,1009,30270000,30270000,9123,15205,30300000,11291
3,101,3030000,3030000,9123,15205,3060000,1137
3,1010,30300000,30300000,9123,15205,30330000,11304
3,1011,30330000,30330000,9123,15205,30360000,11314
3,1012,30360000,30360000,9123,15205,30390000,11325
3,1013,30390000,30390000,9123,15205,30420000,11338
3,1014,30420000,30420000,9123,15205,30450000,11347
3,1015,30450000,30450000,9123,15205,30480000,11358
3,1016,30480000,30480000,9123,15205,30510000,11370
3,1017,30510000,30510000,9123,15205,30540000,11381
3,1018,30540000,30540000,9123,15205,30570000,11393
3,1019,30570000,30570000,9123,15205,30600000,11404
3,102,3060000,3060000,9123,15205,3090000,1148
3,1020,30600000,30600000,9123,15205,30630000,11415
3,1021,30630000,30630000,9123,15205,30660000,11426
3,1022,30660000,30660000,9123,15205,30690000,11436
3,1023,30690000,30690000,9123,15205,30720000,11447
3,1024,30720000,30720000,9123,15205,30750000,11460
3,1025,30750000,30750000,9123,15205,30780000,11471
3,1026,30780000,30780000,9123,15205,30810000,11484
3,1027,30810000,30810000,9123,15205,30840000,11493
3,1028,30840000,30840000,9123,15205,30870000,11503
3,1029,30870000,30870000,9123,15205,30900000,11515
3,103,3090000,3090000,9123,15205,3120000,1158
3,1030,30900000,30900000,9123,15205,30930000,11527
3,1031,30930000,30930000,9123,15205,30960000,11537
3,1032,30960000,30960000,9123,15205,30990000,11549
3,1033,30990000,30990000,9123,15205,31020000,11560
3,1034,31020000,31020000,9123,15205,31050000,11573
3,1035,31050000,31050000,9123,15205,31080000,11582
3,1036,31080000,31080000,9123,15205,31110000,11593
3,1037,31110000,31110000,9123,15205,31140000,11605
3,1038,31140000,31140000,9123,15205,31170000,11616
3,1039,31170000,31170000,9123,15205,31200000,11627
3,104,3120000,3120000,9123,15205,3150000,1169
3,1040,31200000,31200000,9123,15205,31230000,11639
3,1041,31230000,31230000,9123,15205,31260000,11651
3,1042,31260000,31260000,9123,15205,31290000,11660
3,1043,31290000,31290000,9123,15205,31320000,11671
3,1044,31320000,31320000,9123,15205,31350000,11682
3,1045,31350000,31350000,9123,15205,31380000,11695
3,1046,31380000,31380000,9123,15205,31410000,11707
3,1047,31410000,31410000,9123,15205,31440000,11716
3,1048,31440000,31440000,9123,15205,31470000,11729
3,1049,31470000,31470000,9123,15205,31500000,11738
3,105,3150000,3150000,9123,15205,3180000,1180
3,1050,31500000,31500000,9123,15205,31530000,11751
3,1051,31530000,31530000,9123,15205,31560000,11761
3,1052,31560000,31560000,9123,15205,31590000,11772
3,1053,31590000,31590000,9123,15205,31620000,11784
3,1054,31620000,31620000,9123,15205,31650000,11796
3,1055,31650000,31650000,9123,15205,31680000,11806
3,1056,31680000,31680000,9123,15205,31710000,11817
3,1057,31710000,31710000,9123,15205,31740000,11828
3,1058,31740000,31740000,9123,15205,31770000,11840
3,1059,31770000,31770000,9123,15205,31800000,11851
3,106,3180000,3180000,9123,15205,3210000,1193
3,1060,31800000,31800000,9123,15205,31830000,11862
3,1061,31830000,31830000,9123,15205,31860000,11875
3,1062,31860000,31860000,9123,15205,31890000,11885
3,1063,31890000,31890000,9123,15205,31920000,11894
3,1064,31920000,31920000,9123,15205,31950000,11906
3,1065,31950000,31950000,9123,15205,31980000,11918
3,1066,31980000,31980000,9123,15205,32010000,11930
3,1067,32010000,32010000,9123,15205,32040000,11940
3,1068,32040000,32040000,9123,15205,32070000,11952
3,1069,32070000,32070000,9123,15205,32100000,11964
3,107,3210000,3210000,9123,15205,3240000,1202
3,1070,32100000,32100000,9123,15205,32130000,11974
3,1071,32130000,32130000,9123,15205,32160000,11984
3,1072,32160000,32160000,9123,15205,32190000,11996
3,1073,32190000,32190000,9123,15205,32220000,12007
3,1074,32220000,32220000,9123,15205,32250000,12020
3,1075,32250000,32250000,9123,15205,32280000,12030
3,1076,32280000,32280000,9123,15205,32310000,12042
3,1077,32310000,32310000,9123,15205,32340000,12051
3,1078,32340000,32340000,9123,15205,32370000,12063
3,1079,32370000,32370000,9123,15205,32400000,12074
3,108,3240000,3240000,9123,15205,3270000,1214
3,1080,32400000,32400000,9123,15205,32430000,12086
3,1081,32430000,32430000,9123,15205,32460000,12098
3,1082,32460000,32460000,9123,15205,32490000,12109
3,1083,32490000,32490000,9123,15205,32520000,12120
3,1084,32520000,32520000,9123,15205,32550000,12129
3,1085,32550000,32550000,9123,15205,32580000,12142
3,1086,32580000,32580000,9123,15205,32610000,12153
3,1087,32610000,32610000,9123,15205,32640000,12163
3,1088,32640000,32640000,9123,15205,32670000,12175
3,1089,32670000,32670000,9123,15205,32700000,12187
3,109,3270000,3270000,9123,15205,3300000,1226
3,1090,32700000,32700000,9123,15205,32730000,12200
3,1091,32730000,32730000,9123,15205,32760000,12208
3,1092,32760000,32760000,9123,15205,32790000,12219
3,1093,32790000,32790000,9123,15205,32820000,12231
3,1094,32820000,32820000,9123,15205,32850000,12243
3,1095,32850000,32850000,9123,15205,32880000,12253
3,1096,32880000,32880000,9123,15205,32910000,12266
3,1097,32910000,32910000,9123,15205,32940000,12276
3,1098,32940000,32940000,9123,15205,32970000,12287
3,1099,32970000,32970000,9123,15205,33000000,12297
3,11,330000,330000,9123,15205,360000,130
3,110,3300000,3300000,9123,15205,3330000,1238
3,1100,33000000,33000000,9123,15205,33030000,12309
3,1101,33030000,33030000,9123,15205,33060000,12322
3,1102,33060000,33060000,9123,15205,33090000,12332
3,1103,33090000,33090000,9123,15205,33120000,12343
3,1104,33120000,33120000,9123,15205,33150000,12355
3,1105,33150000,33150000,9123,15205,33180000,12365
3,1106,33180000,33180000,9123,15205,33210000,12377
3,1107,33210000,33210000,9123,15205,33240000,12387
3,1108,33240000,33240000,9123,15205,33270000,12398
3,1109,33270000,33270000,9123,15205,33300000,12411
3,111,3330000,3330000,9123,15205,3360000,1247
3,1110,33300000,33300000,9123,15205,33330000,12422
3,1111,33330000,33330000,9123,15205,33360000,12433
3,1112,33360000,33360000,9123,15205,33390000,12443
3,1113,33390000,33390000,9123,15205,33420000,12454
3,1114,33420000,33420000,9123,15205,33450000,12467
3,1115,33450000,33450000,9123,15205,33480000,12477
3,1116,33480000,33480000,9123,15205,33510000,12489
3,1117,33510000,33510000,9123,15205,33540000,12500
3,1118,33540000,33540000,9123,15205,33570000,12512
3,1119,33570000,33570000,9123,15205,33600000,12520
3,112,3360000,3360000,9123,15205,3390000,1258
3,1120,33600000,33600000,9123,15205,33630000,12533
3,1121,33630000,33630000,9123,15205,33660000,12544
3,1122,33660000,33660000,9123,15205,33690000,12556
3,1123,33690000,33690000,9123,15205,33720000,12567
3,1124,33720000,33720000,9123,15205,33750000,12578
3,1125,33750000,33750000,9123,15205,33780000,12591
3,1126,33780000,33780000,9123,15205,33810000,12600
3,1127,33810000,33810000,9123,15205,33840000,12610
3,1128,33840000,33840000,9123,15205,33870000,12622
3,1129,33870000,33870000,9123,15205,33900000,12634
3,113,3390000,3390000,9123,15205,3420000,1270
3,1130,33900000,33900000,9123,15205,33930000,12646
3,1131,33930000,33930000,9123,15205,33960000,12657
3,1132,33960000,33960000,9123,15205,33990000,12667
3,1133,33990000,33990000,9123,15205,34020000,12678
3,1134,34020000,34020000,9123,15205,34050000,12690
3,1135,34050000,34050000,9123,15205,34080000,12700
3,1136,34080000,34080000,9123,15205,34110000,12713
3,1137,34110000,34110000,9123,15205,34140000,12723
3,1138,34140000,34140000,9123,15205,34170000,12736
3,1139,34170000,34170000,9123,15205,34200000,12746
3,114,3420000,3420000,9123,15205,3450000,1282
3,1140,34200000,34200000,9123,15205,34230000,12756
3,1141,34230000,34230000,9123,15205,34260000,12768
3,1142,34260000,34260000,9123,15205,34290000,12779
3,1143,34290000,34290000,9123,15205,34320000,12789
3,1144,34320000,34320000,9123,15205,34350000,12802
3,1145,34350000,34350000,9123,15205,34380000,12814
3,1146,34380000,34380000,9123,15205,34410000,12826
3,1147,34410000,34410000,9123,15205,34440000,12834
3,1148,34440000,34440000,9123,15205,34470000,12845
3,1149,34470000,34470000,9123,15205,34500000,12858
3,115,3450000,3450000,9123,15205,3480000,1293
3,1150,34500000,34500000,9123,15205,34530000,12869
3,1151,34530000,34530000,9123,15205,34560000,12880
3,1152,34560000,34560000,9123,15205,34590000,12891
3,1153,34590000,34590000,9123,15205,34620000,12903
3,1154,34620000,34620000,9123,15205,34650000,12913
3,1155,34650000,34650000,9123,15205,34680000,12924
3,1156,34680000,34680000,9123,15205,34710000,12936
3,1157,34710000,34710000,9123,15205,34740000,12947
3,1158,34740000,34740000,9123,15205,34770000,12959
3,1159,34770000,34770000,9123,15205,34800000,12969
3,116,3480000,3480000,9123,15205,3510000,1304
3,1160,34800000,34800000,9123,15205,34830000,12982
3,1161,34830000,34830000,9123,15205,34860000,12991
3,1162,34860000,34860000,9123,15205,34890000,13003
3,1163,34890000,34890000,9123,15205,34920000,13013
3,1164,34920000,34920000,9123,15205,34950000,13025
3,1165,34950000,34950000,9123,15205,34980000,13037
3,1166,34980000,34980000,9123,15205,35010000,13049
3,1167,35010000,35010000,9123,15205,35040000,13059
3,1168,35040000,35040000,9123,15205,35070000,13069
3,1169,35070000,35070000,9123,15205,35100000,13081
3,117,3510000,3510000,9123,15205,3540000,1316
3,1170,35100000,35100000,9123,15205,35130000,13093
3,1171,35130000,35130000,9123,15205,35160000,13104
3,1172,35160000,35160000,9123,15205,35190000,13114
3,1173,35190000,35190000,9123,15205,35220000,13127
3,1174,35220000,35220000,9123,15205,35250000,13138
3,1175,35250000,35250000,9123,15205,35280000,13147
3,1176,35280000,35280000,9123,15205,35310000,13159
3,1177,35310000,35310000,9123,15205,35340000,13170
3,1178,35340000,35340000,9123,15205,35370000,13183
3,1179,35370000,35370000,9123,15205,35400000,13193
3,118,3540000,3540000,9123,15205,3570000,1325
3,1180,35400000,35400000,9123,15205,35430000,13205
3,1181,35430000,35430000,9123,15205,35460000,13217
3,1182,35460000,35460000,9123,15205,35490000,13226
3,1183,35490000,35490000,9123,15205,35520000,13236
3,1184,35520000,35520000,9123,15205,35550000,13249
3,1185,35550000,35550000,9123,15205,35580000,13260
3,1186,35580000,35580000,9123,15205,35610000,13273
3,1187,35610000,35610000,9123,15205,35640000,13282
3,1188,35640000,35640000,9123,15205,35670000,13294
3,1189,35670000,35670000,9123,15205,35700000,13305
3,119,3570000,3570000,9123,15205,3600000,1336
3,1190,35700000,35700000,9123,15205,35730000,13316
3,1191,35730000,35730000,9123,15205,35760000,13327
3,1192,35760000,35760000,9123,15205,35790000,13338
3,1193,35790000,35790000,9123,15205,35820000,13350
3,1194,35820000,35820000,9123,15205,35850000,13362
3,1195,35850000,35850000,9123,15205,35880000,13373
3,1196,35880000,35880000,9123,15205,35910000,13382
3,1197,35910000,35910000,9123,15205,35940000,13394
3,1198,35940000,35940000,9123,15205,35970000,13405
3,1199,35970000,35970000,9123,15205,36000000,13416
3,12,360000,360000,9123,15205,390000,141
3,120,3600000,3600000,9123,15205,3630000,1348
3,1200,36000000,36000000,9123,15205,36030000,13429
3,1201,36030000,36030000,9123,15205,36060000,13440
3,1202,36060000,36060000,9123,15205,36090000,13452
3,1203,36090000,36090000,9123,15205,36120000,13460
3,1204,36120000,36120000,9123,15205,36150000,13472
3,1205,36150000,36150000,9123,15205,36180000,13484
3,1206,36180000,36180000,9123,15205,36210000,13496
3,1207,36210000,36210000,9123,15205,36240000,13505
3,1208,36240000,36240000,9123,15205,36270000,13518
3,1209,36270000,36270000,9123,15205,36300000,13529
3,121,3630000,3630000,9123,15205,3660000,1360
3,1210,36300000,36300000,9123,15205,36330000,13540
3,1211,36330000,36330000,9123,15205,36360000,13551
3,1212,36360000,36360000,9123,15205,36390000,13561
3,1213,36390000,36390000,9123,15205,36420000,13574
3,1214,36420000,36420000,9123,15205,36450000,13585
3,1215,36450000,36450000,9123,15205,36480000,13596
3,1216,36480000,36480000,9123,15205,36510000,13608
3,1217,36510000,36510000,9123,15205,36540000,13617
3,1218,36540000,36540000,9123,15205,36570000,13629
3,1219,36570000,36570000,9123,15205,36600000,13640
3,122,3660000,3660000,9123,15205,3690000,1372
3,1220,36600000,36600000,9123,15205,36630000,13651
3,1221,36630000,36630000,9123,15205,36660000,13664
3,1222,36660000,36660000,9123,15205,36690000,13675
3,1223,36690000,36690000,9123,15205,36720000,13685
3,1224,36720000,36720000,9123,15205,36750000,13696
3,1225,36750000,36750000,9123,15205,36780000,13707
3,1226,36780000,36780000,9123,15205,36810000,13720
3,1227,36810000,36810000,9123,15205,36840000,13729
3,1228,36840000,36840000,9123,15205,36870000,13741
3,1229,36870000,36870000,9123,15205,36900000,13753
3,123,3690000,3690000,9123,15205,3720000,1382
3,1230,36900000,36900000,9123,15205,36930000,13765
3,1231,36930000,36930000,9123,15205,36960000,13773
3,1232,36960000,36960000,9123,15205,36990000,13785
3,1233,36990000,36990000,9123,15205,37020000,13797
3,1234,37020000,37020000,9123,15205,37050000,13809
3,1235,37050000,37050000,9123,15205,37080000,13820
3,1236,37080000,37080000,9123,15205,37110000,13831
3,1237,37110000,37110000,9123,15205,37140000,13843
3,1238,37140000,37140000,9123,15205,37170000,13852
3,1239,37170000,37170000,9123,15205,37200000,13863
3,124,3720000,3720000,9123,15205,3750000,1394
3,1240,37200000,37200000,9123,15205,37230000,13875
3,1241,37230000,37230000,9123,15205,37260000,13887
3,1242,37260000,37260000,9123,15205,37290000,13898
3,1243,37290000,37290000,9123,15205,37320000,13909
3,1244,37320000,37320000,9123,15205,37350000,13921
3,1245,37350000,37350000,9123,15205,37380000,13931
3,1246,37380000,37380000,9123,15205,37410000,13943
3,1247,37410000,37410000,9123,15205,37440000,13952
3,1248,37440000,37440000,9123,15205,37470000,13965
3,1249,37470000,37470000,9123,15205,37500000,13976
3,125,3750000,3750000,9123,15205,3780000,1404
3,1250,37500000,37500000,9123,15205,37530000,13989
3,1251,37530000,37530000,9123,15205,37560000,13999
3,1252,37560000,37560000,9123,15205,37590000,14008
3,1253,37590000,37590000,9123,15205,37620000,14020
3,1254,37620000,37620000,9123,15205,37650000,14032
3,1255,37650000,37650000,9123,15205,37680000,14043
3,1256,37680000,37680000,9123,15205,37710000,14055
3,1257,37710000,37710000,9123,15205,37740000,14066
3,1258,37740000,37740000,9123,15205,37770000,14078
3,1259,37770000,37770000,9123,15205,37800000,14087
3,126,3780000,3780000,9123,15205,3810000,1416
3,1260,37800000,37800000,9123,15205,37830000,14098
3,1261,37830000,37830000,9123,15205,37860000,14111
3,1262,37860000,37860000,9123,15205,37890000,14121
3,1263,37890000,37890000,9123,15205,37920000,14132
3,1264,37920000,37920000,9123,15205,37950000,14144
3,1265,37950000,37950000,9123,15205,37980000,14156
3,1266,37980000,37980000,9123,15205,38010000,14167
3,1267,38010000,38010000,9123,15205,38040000,14176
3,1268,38040000,38040000,9123,15205,38070000,14188
3,1269,38070000,38070000,9123,15205,38100000,14200
3,127,3810000,3810000,9123,15205,3840000,1425
3,1270,38100000,38100000,9123,15205,38130000,14212
3,1271,38130000,38130000,9123,15205,38160000,14222
3,1272,38160000,38160000,9123,15205,38190000,14234
3,1273,38190000,38190000,9123,15205,38220000,14243
3,1274,38220000,38220000,9123,15205,38250000,14256
3,1275,38250000,38250000,9123,15205,38280000,14266
3,1276,38280000,38280000,9123,15205,38310000,14278
3,1277,38310000,38310000,9123,15205,38340000,14290
3,1278,38340000,38340000,9123,15205,38370000,14301
3,1279,38370000,38370000,9123,15205,38400000,14312
3,128,3840000,3840000,9123,15205,3870000,1438
3,1280,38400000,38400000,9123,15205,38430000,14322
3,1281,38430000,38430000,9123,15205,38460000,14334
3,1282,38460000,38460000,9123,15205,38490000,14345
3,1283,38490000,38490000,9123,15205,38520000,14356
3,1284,38520000,38520000,9123,15205,38550000,14367
3,1285,38550000,38550000,9123,15205,38580000,14380
3,1286,38580000,38580000,9123,15205,38610000,14391
3,1287,38610000,38610000,9123,15205,38640000,14399
3,1288,38640000,38640000,9123,15205,38670000,14412
3,1289,38670000,38670000,9123,15205,38700000,14423
3,129,3870000,3870000,9123,15205,3900000,1449
3,1290,38700000,38700000,9123,15205,38730000,14436
3,1291,38730000,38730000,9123,15205,38760000,14446
3,1292,38760000,38760000,9123,15205,38790000,14457
3,1293,38790000,38790000,9123,15205,38820000,14469
3,1294,38820000,38820000,9123,15205,38850000,14479
3,1295,38850000,38850000,9123,15205,38880000,14489
3,1296,38880000,38880000,9123,15205,38910000,14502
3,1297,38910000,38910000,9123,15205,38940000,14512
3,1298,38940000,38940000,9123,15205,38970000,14525
3,1299,38970000,38970000,9123,15205,39000000,14536
3,13,390000,390000,9123,15205,420000,151
3,130,3900000,3900000,9123,15205,3930000,1462
3,1300,39000000,39000000,9123,15205,39030000,14547
3,1301,39030000,39030000,9123,15205,39060000,14558
3,1302,39060000,39060000,9123,15205,39090000,14568
3,1303,39090000,39090000,9123,15205,39120000,14579
3,1304,39120000,39120000,9123,15205,39150000,14591
3,1305,39150000,39150000,9123,15205,39180000,14603
3,1306,39180000,39180000,9123,15205,39210000,14615
3,1307,39210000,39210000,9123,15205,39240000,14625
3,1308,39240000,39240000,9123,15205,39270000,14634
3,1309,39270000,39270000,9123,15205,39300000,14647
3,131,3930000,3930000,9123,15205,3960000,1472
3,1310,39300000,39300000,9123,15205,39330000,14659
3,1311,39330000,39330000,9123,15205,39360000,14669
3,1312,39360000,39360000,9123,15205,39390000,14681
3,1313,39390000,39390000,9123,15205,39420000,14692
3,1314,39420000,39420000,9123,15205,39450000,14705
3,1315,39450000,39450000,9123,15205,39480000,14713
3,1316,39480000,39480000,9123,15205,39510000,14725
3,1317,39510000,39510000,9123,15205,39540000,14736
3,1318,39540000,39540000,9123,15205,39570000,14748
3,1319,39570000,39570000,9123,15205,39600000,14758
3,132,3960000,3960000,9123,15205,3990000,1481
3,1320,39600000,39600000,9123,15205,39630000,14771
3,1321,39630000,39630000,9123,15205,39660000,14783
3,1322,39660000,39660000,9123,15205,39690000,14792
3,1323,39690000,39690000,9123,15205,39720000,14803
3,1324,39720000,39720000,9123,15205,39750000,14814
3,1325,39750000,39750000,9123,15205,39780000,14827
3,1326,39780000,39780000,9123,15205,39810000,14838
3,1327,39810000,39810000,9123,15205,39840000,14848
3,1328,39840000,39840000,9123,15205,39870000,14860
3,1329,39870000,39870000,9123,15205,39900000,14870
3,133,3990000,3990000,9123,15205,4020000,1494
3,1330,39900000,39900000,9123,15205,39930000,14882
3,1331,39930000,39930000,9123,15205,39960000,14893
3,1332,39960000,39960000,9123,15205,39990000,14904
3,1333,39990000,39990000,9123,15205,40020000,14916
3,1334,40020000,40020000,9123,15205,40050000,14928
3,1335,40050000,40050000,9123,15205,40080000,14938
3,1336,40080000,40080000,9123,15205,40110000,14949
3,1337,40110000,40110000,9123,15205,40140000,14959
3,1338,40140000,40140000,9123,15205,40170000,14972
3,1339,40170000,40170000,9123,15205,40200000,14982
3,134,4020000,4020000,9123,15205,4050000,1505
3,1340,40200000,40200000,9123,15205,40230000,14994
3,1341,40230000,40230000,9123,15205,40260000,15006
3,1342,40260000,40260000,9123,15205,40290000,15017
3,1343,40290000,40290000,9123,15205,40320000,15026
3,1344,40320000,40320000,9123,15205,40350000,15038
3,1345,40350000,40350000,9123,15205,40380000,15050
3,1346,40380000,40380000,9123,15205,40410000,15062
3,1347,40410000,40410000,9123,15205,40440000,15072
3,1348,40440000,40440000,9123,15205,40470000,15083
3,1349,40470000,40470000,9123,15205,40500000,15096
3,135,4050000,4050000,9123,15205,4080000,1516
3,1350,40500000,40500000,9123,15205,40530000,15105
3,1351,40530000,40530000,9123,15205,40560000,15116
3,1352,40560000,40560000,9123,15205,40590000,15127
3,1353,40590000,40590000,9123,15205,40620000,15139
3,1354,40620000,40620000,9123,15205,40650000,15152
3,1355,40650000,40650000,9123,15205,40680000,15162
3,1356,40680000,40680000,9123,15205,40710000,15174
3,1357,40710000,40710000,9123,15205,40740000,15183
3,1358,40740000,40740000,9123,15205,40770000,15195
3,1359,40770000,40770000,9123,15205,40800000,15205
3,136,4080000,4080000,9123,15205,4110000,1528
3,1360,40800000,40800000,9123,15205,40830000,15218
3,1361,40830000,40830000,9123,15205,40860000,15229
3,1362,40860000,40860000,9123,15205,40890000,15241
3,1363,40890000,40890000,9123,15205,40920000,15251
3,1364,40920000,40920000,9123,15205,40950000,15261
3,1365,40950000,40950000,9123,15205,40980000,15274
3,1366,40980000,40980000,9123,15205,41010000,15285
3,1367,41010000,41010000,9123,15205,41040000,15295
3,1368,41040000,41040000,9123,15205,41070000,15307
3,1369,41070000,41070000,9123,15205,41100000,15319
3,137,4110000,4110000,9123,15205,4140000,1539
3,1370,41100000,41100000,9123,15205,41130000,15331
3,1371,41130000,41130000,9123,15205,41160000,15340
3,1372,41160000,41160000,9123,15205,41190000,15350
3,1373,41190000,41190000,9123,15205,41220000,15363
3,1374,41220000,41220000,9123,15205,41250000,15374
3,1375,41250000,41250000,9123,15205,41280000,15385
3,1376,41280000,41280000,9123,15205,41310000,15398
3,1377,41310000,41310000,9123,15205,41340000,15408
3,1378,41340000,41340000,9123,15205,41370000,15419
3,1379,41370000,41370000,9123,15205,41400000,15429
3,138,4140000,4140000,9123,15205,4170000,1551
3,1380,41400000,41400000,9123,15205,41430000,15441
3,1381,41430000,41430000,9123,15205,41460000,15453
3,1382,41460000,41460000,9123,15205,41490000,15464
3,1383,41490000,41490000,9123,15205,41520000,15474
3,1384,41520000,41520000,9123,15205,41550000,15487
3,1385,41550000,41550000,9123,15205,41580000,15496
3,1386,41580000,41580000,9123,15205,41610000,15509
3,1387,41610000,41610000,9123,15205,41640000,15519
3,1388,41640000,41640000,9123,15205,41670000,15530
3,1389,41670000,41670000,9123,15205,41700000,15543
3,139,4170000,4170000,9123,15205,4200000,1560
3,1390,41700000,41700000,9123,15205,41730000,15554
3,1391,41730000,41730000,9123,15205,41760000,15565
3,1392,41760000,41760000,9123,15205,41790000,15574
3,1393,41790000,41790000,9123,15205,41820000,15586
3,1394,41820000,41820000,9123,15205,41850000,15598
3,1395,41850000,41850000,9123,15205,41880000,15609
3,1396,41880000,41880000,9123,15205,41910000,15620
3,1397,41910000,41910000,9123,15205,41940000,15632
3,1398,41940000,41940000,9123,15205,41970000,15644
3,1399,41970000,41970000,9123,15205,42000000,15652
3,14,420000,420000,9123,15205,450000,163
3,140,4200000,4200000,9123,15205,4230000,1571
3,1400,42000000,42000000,9123,15205,42030000,15665
3,1401,42030000,42030000,9123,15205,42060000,15676
3,1402,42060000,42060000,9123,15205,42090000,15688
3,1403,42090000,42090000,9123,15205,42120000,15698
3,1404,42120000,42120000,9123,15205,42150000,15710
3,1405,42150000,42150000,9123,15205,42180000,15722
3,1406,42180000,42180000,9123,15205,42210000,15732
3,1407,42210000,42210000,9123,15205,42240000,15741
3,1408,42240000,42240000,9123,15205,42270000,15754
3,1409,42270000,42270000,9123,15205,42300000,15766
3,141,4230000,4230000,9123,15205,4260000,1584
3,1410,42300000,42300000,9123,15205,42330000,15778
3,1411,42330000,42330000,9123,15205,42360000,15789
3,1412,42360000,42360000,9123,15205,42390000,15799
3,1413,42390000,42390000,9123,15205,42420000,15810
3,1414,42420000,42420000,9123,15205,42450000,15821
3,1415,42450000,42450000,9123,15205,42480000,15832
3,1416,42480000,42480000,9123,15205,42510000,15844
3,1417,42510000,42510000,9123,15205,42540000,15855
3,1418,42540000,42540000,9123,15205,42570000,15867
3,1419,42570000,42570000,9123,15205,42600000,15878
3,142,4260000,4260000,9123,15205,4290000,1594
3,1420,42600000,42600000,9123,15205,42630000,15888
3,1421,42630000,42630000,9123,15205,42660000,15900
3,1422,42660000,42660000,9123,15205,42690000,15911
3,1423,42690000,42690000,9123,15205,42720000,15921
3,1424,42720000,42720000,9123,15205,42750000,15934
3,1425,42750000,42750000,9123,15205,42780000,15945
3,1426,42780000,42780000,9123,15205,42810000,15958
3,1427,42810000,42810000,9123,15205,42840000,15965
3,1428,42840000,42840000,9123,15205,42870000,15977
3,1429,42870000,42870000,9123,15205,42900000,15989
3,143,4290000,4290000,9123,15205,4320000,1605
3,1430,42900000,42900000,9123,15205,42930000,16001
3,1431,42930000,42930000,9123,15205,42960000,16012
3,1432,42960000,42960000,9123,15205,42990000,16023
3,1433,42990000,42990000,9123,15205,43020000,16035
3,1434,43020000,43020000,9123,15205,43050000,16045
3,1435,43050000,43050000,9123,15205,43080000,16056
3,1436,43080000,43080000,9123,15205,43110000,16067
3,1437,43110000,43110000,9123,15205,43140000,16079
3,1438,43140000,43140000,9123,15205,43170000,16090
3,1439,43170000,43170000,9123,15205,43200000,16101
3,144,4320000,4320000,9123,15205,4350000,1618
3,1440,43200000,43200000,9123,15205,43230000,16113
3,1441,43230000,43230000,9123,15205,43260000,16123
3,1442,43260000,43260000,9123,15205,43290000,16135
3,1443,43290000,43290000,9123,15205,43320000,16145
3,1444,43320000,43320000,9123,15205,43350000,16157
3,1445,43350000,43350000,9123,15205,43380000,16169
3,1446,43380000,43380000,9123,15205,43410000,16181
3,1447,43410000,43410000,9123,15205,43440000,16190
3,1448,43440000,43440000,9123,15205,43470000,16201
3,1449,43470000,43470000,9123,15205,43500000,16212
3,145,4350000,4350000,9123,15205,4380000,1629
3,1450,43500000,43500000,9123,15205,43530000,16225
3,1451,43530000,43530000,9123,15205,43560000,16235
3,1452,43560000,43560000,9123,15205,43590000,16246
3,1453,43590000,43590000,9123,15205,43620000,16259
3,1454,43620000,43620000,9123,15205,43650000,16270
3,1455,43650000,43650000,9123,15205,43680000,16279
3,1456,43680000,43680000,9123,15205,43710000,16291
3,1457,43710000,43710000,9123,15205,43740000,16302
3,1458,43740000,43740000,9123,15205,43770000,16314
3,1459,43770000,43770000,9123,15205,43800000,16325
3,146,4380000,4380000,9123,15205,4410000,1640
3,1460,43800000,43800000,9123,15205,43830000,16336
3,1461,43830000,43830000,9123,15205,43860000,16349
3,1462,43860000,43860000,9123,15205,43890000,16357
3,1463,43890000,43890000,9123,15205,43920000,16368
3,1464,43920000,43920000,9123,15205,43950000,16381
3,1465,43950000,43950000,9123,15205,43980000,16392
3,1466,43980000,43980000,9123,15205,44010000,16405
3,1467,44010000,44010000,9123,15205,44040000,16414
3,1468,44040000,44040000,9123,15205,44070000,16426
3,1469,44070000,44070000,9123,15205,44100000,16436
3,147,4410000,4410000,9123,15205,4440000,1649
3,1470,44100000,44100000,9123,15205,44130000,16448
3,1471,44130000,44130000,9123,15205,44160000,16458
3,1472,44160000,44160000,9123,15205,44190000,16470
3,1473,44190000,44190000,9123,15205,44220000,16481
3,1474,44220000,44220000,9123,15205,44250000,16494
3,1475,44250000,44250000,9123,15205,44280000,16505
3,1476,44280000,44280000,9123,15205,44310000,16514
3,1477,44310000,44310000,9123,15205,44340000,16526
3,1478,44340000,44340000,9123,15205,44370000,16537
3,1479,44370000,44370000,9123,15205,44400000,16548
3,148,4440000,4440000,9123,15205,4470000,1661
3,1480,44400000,44400000,9123,15205,44430000,16560
3,1481,44430000,44430000,9123,15205,44460000,16572
3,1482,44460000,44460000,9123,15205,44490000,16583
3,1483,44490000,44490000,9123,15205,44520000,16592
3,1484,44520000,44520000,9123,15205,44550000,16603
3,1485,44550000,44550000,9123,15205,44580000,16616
3,1486,44580000,44580000,9123,15205,44610000,16628
3,1487,44610000,44610000,9123,15205,44640000,16637
3,1488,44640000,44640000,9123,15205,44670000,16650
3,1489,44670000,44670000,9123,15205,44700000,16661
3,149,4470000,4470000,9123,15205,4500000,1673
3,1490,44700000,44700000,9123,15205,44730000,16672
3,1491,44730000,44730000,9123,15205,44760000,16682
3,1492,44760000,44760000,9123,15205,44790000,16693
3,1493,44790000,44790000,9123,15205,44820000,16705
3,1494,44820000,44820000,9123,15205,44850000,16717
3,1495,44850000,44850000,9123,15205,44880000,16727
3,1496,44880000,44880000,9123,15205,44910000,16740
3,1497,44910000,44910000,9123,15205,44940000,16749
3,1498,44940000,44940000,9123,15205,44970000,16761
3,1499,44970000,44970000,9123,15205,45000000,16772
3,15,450000,450000,9123,15205,480000,173
3,150,4500000,4500000,9123,15205,4530000,1685
3,1500,45000000,45000000,9123,15205,45030000,16783
3,1501,45030000,45030000,9123,15205,45060000,16796
3,1502,45060000,45060000,9123,15205,45090000,16806
3,1503,45090000,45090000,9123,15205,45120000,16817
3,1504,45120000,45120000,9123,15205,45150000,16827
3,1505,45150000,45150000,9123,15205,45180000,16839
3,1506,45180000,45180000,9123,15205,45210000,16851
3,1507,45210000,45210000,9123,15205,45240000,16861
3,1508,45240000,45240000,9123,15205,45270000,16873
3,1509,45270000,45270000,9123,15205,45300000,16885
3,151,4530000,4530000,9123,15205,4560000,1695
3,1510,45300000,45300000,9123,15205,45330000,16897
3,1511,45330000,45330000,9123,15205,45360000,16905
3,1512,45360000,45360000,9123,15205,45390000,16917
3,1513,45390000,45390000,9123,15205,45420000,16928
3,1514,45420000,45420000,9123,15205,45450000,16941
3,1515,45450000,45450000,9123,15205,45480000,16951
3,1516,45480000,45480000,9123,15205,45510000,16963
3,1517,45510000,45510000,9123,15205,45540000,16974
3,1518,45540000,45540000,9123,15205,45570000,16984
3,1519,45570000,45570000,9123,15205,45600000,16995
3,152,4560000,4560000,9123,15205,4590000,1707
3,1520,45600000,45600000,9123,15205,45630000,17007
3,1521,45630000,45630000,9123,15205,45660000,17019
3,1522,45660000,45660000,9123,15205,45690000,17030
3,1523,45690000,45690000,9123,15205,45720000,17041
3,1524,45720000,45720000,9123,15205,45750000,17052
3,1525,45750000,45750000,9123,15205,45780000,17063
3,1526,45780000,45780000,9123,15205,45810000,17074
3,1527,45810000,45810000,9123,15205,45840000,17084
3,1528,45840000,45840000,9123,15205,45870000,17096
3,1529,45870000,45870000,9123,15205,45900000,17108
3,153,4590000,4590000,9123,15205,4620000,1716
3,1530,45900000,45900000,9123,15205,45930000,17121
3,1531,45930000,45930000,9123,15205,45960000,17131
3,1532,45960000,45960000,9123,15205,45990000,17140
3,1533,45990000,45990000,9123,15205,46020000,17152
3,1534,46020000,46020000,9123,15205,46050000,17164
3,1535,46050000,46050000,9123,15205,46080000,17174
3,1536,46080000,46080000,9123,15205,46110000,17187
3,1537,46110000,46110000,9123,15205,46140000,17197
3,1538,46140000,46140000,9123,15205,46170000,17210
3,1539,46170000,46170000,9123,15205,46200000,17218
3,154,4620000,4620000,9123,15205,4650000,1729
3,1540,46200000,46200000,9123,15205,46230000,17230
3,1541,46230000,46230000,9123,15205,46260000,17243
3,1542,46260000,46260000,9123,15205,46290000,17253
3,1543,46290000,46290000,9123,15205,46320000,17264
3,1544,46320000,46320000,9123,15205,46350000,17276
3,1545,46350000,46350000,9123,15205,46380000,17288
3,1546,46380000,46380000,9123,15205,46410000,17298
3,1547,46410000,46410000,9123,15205,46440000,17308
3,1548,46440000,46440000,9123,15205,46470000,17319
3,1549,46470000,46470000,9123,15205,46500000,17332
3,155,4650000,4650000,9123,15205,4680000,1740
3,1550,46500000,46500000,9123,15205,46530000,17343
3,1551,46530000,46530000,9123,15205,46560000,17354
3,1552,46560000,46560000,9123,15205,46590000,17366
3,1553,46590000,46590000,9123,15205,46620000,17375
3,1554,46620000,46620000,9123,15205,46650000,17388
3,1555,46650000,46650000,9123,15205,46680000,17398
3,1556,46680000,46680000,9123,15205,46710000,17410
3,1557,46710000,46710000,9123,15205,46740000,17421
3,1558,46740000,46740000,9123,15205,46770000,17433
3,1559,46770000,46770000,9123,15205,46800000,17443
3,156,4680000,4680000,9123,15205,4710000,1751
3,1560,46800000,46800000,9123,15205,46830000,17454
3,1561,46830000,46830000,9123,15205,46860000,17465
3,1562,46860000,46860000,9123,15205,46890000,17477
3,1563,46890000,46890000,9123,15205,46920000,17488
3,1564,46920000,46920000,9123,15205,46950000,17499
3,1565,46950000,46950000,9123,15205,46980000,17512
3,1566,46980000,46980000,9123,15205,47010000,17523
3,1567,47010000,47010000,9123,15205,47040000,17531
3,1568,47040000,47040000,9123,15205,47070000,17543
3,1569,47070000,47070000,9123,15205,47100000,17555
3,157,4710000,4710000,9123,15205,4740000,1763
3,1570,47100000,47100000,9123,15205,47130000,17567
3,1571,47130000,47130000,9123,15205,47160000,17578
3,1572,47160000,47160000,9123,15205,47190000,17588
3,1573,47190000,47190000,9123,15205,47220000,17601
3,1574,47220000,47220000,9123,15205,47250000,17611
3,1575,47250000,47250000,9123,15205,47280000,17621
3,1576,47280000,47280000,9123,15205,47310000,17634
3,1577,47310000,47310000,9123,15205,47340000,17644
3,1578,47340000,47340000,9123,15205,47370000,17657
3,1579,47370000,47370000,9123,15205,47400000,17667
3,158,4740000,4740000,9123,15205,4770000,1774
3,1580,47400000,47400000,9123,15205,47430000,17679
3,1581,47430000,47430000,9123,15205,47460000,17689
3,1582,47460000,47460000,9123,15205,47490000,17700
3,1583,47490000,47490000,9123,15205,47520000,17710
3,1584,47520000,47520000,9123,15205,47550000,17723
3,1585,47550000,47550000,9123,15205,47580000,17735
3,1586,47580000,47580000,9123,15205,47610000,17747
3,1587,47610000,47610000,9123,15205,47640000,17757
3,1588,47640000,47640000,9123,15205,47670000,17766
3,1589,47670000,47670000,9123,15205,47700000,17779
3,159,4770000,4770000,9123,15205,4800000,1785
3,1590,47700000,47700000,9123,15205,47730000,17790
3,1591,47730000,47730000,9123,15205,47760000,17801
3,1592,47760000,47760000,9123,15205,47790000,17812
3,1593,47790000,47790000,9123,15205,47820000,17824
3,1594,47820000,47820000,9123,15205,47850000,17836
3,1595,47850000,47850000,9123,15205,47880000,17845
3,1596,47880000,47880000,9123,15205,47910000,17857
3,1597,47910000,47910000,9123,15205,47940000,17868
3,1598,47940000,47940000,9123,15205,47970000,17880
3,1599,47970000,47970000,9123,15205,48000000,17890
3,16,480000,480000,9123,15205,510000,186
3,160,4800000,4800000,9123,15205,4830000,1795
3,1600,48000000,48000000,9123,15205,48030000,17903
3,1601,48030000,48030000,9123,15205,48060000,17914
3,1602,48060000,48060000,9123,15205,48090000,17924
3,1603,48090000,48090000,9123,15205,48120000,17934
3,1604,48120000,48120000,9123,15205,48150000,17946
3,1605,48150000,48150000,9123,15205,48180000,17958
3,1606,48180000,48180000,9123,15205,48210000,17970
3,1607,48210000,48210000,9123,15205,48240000,17980
3,1608,48240000,48240000,9123,15205,48270000,17992
3,1609,48270000,48270000,9123,15205,48300000,18002
3,161,4830000,4830000,9123,15205,4860000,1807
3,1610,48300000,48300000,9123,15205,48330000,18014
3,1611,48330000,48330000,9123,15205,48360000,18025
3,1612,48360000,48360000,9123,15205,48390000,18035
3,1613,48390000,48390000,9123,15205,48420000,18048
3,1614,48420000,48420000,9123,15205,48450000,18059
3,1615,48450000,48450000,9123,15205,48480000,18070
3,1616,48480000,48480000,9123,15205,48510000,18080
3,1617,48510000,48510000,9123,15205,48540000,18091
3,1618,48540000,48540000,9123,15205,48570000,18104
3,1619,48570000,48570000,9123,15205,48600000,18114
3,162,4860000,4860000,9123,15205,4890000,1818
3,1620,48600000,48600000,9123,15205,48630000,18126
3,1621,48630000,48630000,9123,15205,48660000,18138
3,1622,48660000,48660000,9123,15205,48690000,18149
3,1623,48690000,48690000,9123,15205,48720000,18157
3,1624,48720000,48720000,9123,15205,48750000,18170
3,1625,48750000,48750000,9123,15205,48780000,18181
3,1626,48780000,48780000,9123,15205,48810000,18194
3,1627,48810000,48810000,9123,15205,48840000,18203
3,1628,48840000,48840000,9123,15205,48870000,18215
3,1629,48870000,48870000,9123,15205,48900000,18228
3,163,4890000,4890000,9123,15205,4920000,1829
3,1630,48900000,48900000,9123,15205,48930000,18237
3,1631,48930000,48930000,9123,15205,48960000,18248
3,1632,48960000,48960000,9123,15205,48990000,18259
3,1633,48990000,48990000,9123,15205,49020000,18271
3,1634,49020000,49020000,9123,15205,49050000,18283
3,1635,49050000,49050000,9123,15205,49080000,18294
3,1636,49080000,49080000,9123,15205,49110000,18305
3,1637,49110000,49110000,9123,15205,49140000,18315
3,1638,49140000,49140000,9123,15205,49170000,18326
3,1639,49170000,49170000,9123,15205,49200000,18337
3,164,4920000,4920000,9123,15205,4950000,1840
3,1640,49200000,49200000,9123,15205,49230000,18350
3,1641,49230000,49230000,9123,15205,49260000,18361
3,1642,49260000,49260000,9123,15205,49290000,18373
3,1643,49290000,49290000,9123,15205,49320000,18383
3,1644,49320000,49320000,9123,15205,49350000,18393
3,1645,49350000,49350000,9123,15205,49380000,18405
3,1646,49380000,49380000,9123,15205,49410000,18417
3,1647,49410000,49410000,9123,15205,49440000,18426
3,1648,49440000,49440000,9123,15205,49470000,18439
3,1649,49470000,49470000,9123,15205,49500000,18450
3,165,4950000,4950000,9123,15205,4980000,1853
3,1650,49500000,49500000,9123,15205,49530000,18463
3,1651,49530000,49530000,9123,15205,49560000,18472
3,1652,49560000,49560000,9123,15205,49590000,18482
3,1653,49590000,49590000,9123,15205,49620000,18495
3,1654,49620000,49620000,9123,15205,49650000,18506
3,1655,49650000,49650000,9123,15205,49680000,18517
3,1656,49680000,49680000,9123,15205,49710000,18529
3,1657,49710000,49710000,9123,15205,49740000,18540
3,1658,49740000,49740000,9123,15205,49770000,18550
3,1659,49770000,49770000,9123,15205,49800000,18561
3,166,4980000,4980000,9123,15205,5010000,1865
3,1660,49800000,49800000,9123,15205,49830000,18572
3,1661,49830000,49830000,9123,15205,49860000,18585
3,1662,49860000,49860000,9123,15205,49890000,18596
3,1663,49890000,49890000,9123,15205,49920000,18606
3,1664,49920000,49920000,9123,15205,49950000,18619
3,1665,49950000,49950000,9123,15205,49980000,18628
3,1666,49980000,49980000,9123,15205,50010000,18641
3,1667,50010000,50010000,9123,15205,50040000,18650
3,1668,50040000,50040000,9123,15205,50070000,18662
3,1669,50070000,50070000,9123,15205,50100000,18674
3,167,5010000,5010000,9123,15205,5040000,1872
3,1670,50100000,50100000,9123,15205,50130000,18686
3,1671,50130000,50130000,9123,15205,50160000,18696
3,1672,50160000,50160000,9123,15205,50190000,18706
3,1673,50190000,50190000,9123,15205,50220000,18718
3,1674,50220000,50220000,9123,15205,50250000,18730
3,1675,50250000,50250000,9123,15205,50280000,18741
3,1676,50280000,50280000,9123,15205,50310000,18752
3,1677,50310000,50310000,9123,15205,50340000,18764
3,1678,50340000,50340000,9123,15205,50370000,18775
3,1679,50370000,50370000,9123,15205,50400000,18784
3,168,5040000,5040000,9123,15205,5070000,1885
3,1680,50400000,50400000,9123,15205,50430000,18796
3,1681,50430000,50430000,9123,15205,50460000,18808
3,1682,50460000,50460000,9123,15205,50490000,18819
3,1683,50490000,50490000,9123,15205,50520000,18830
3,1684,50520000,50520000,9123,15205,50550000,18842
3,1685,50550000,50550000,9123,15205,50580000,18854
3,1686,50580000,50580000,9123,15205,50610000,18864
3,1687,50610000,50610000,9123,15205,50640000,18873
3,1688,50640000,50640000,9123,15205,50670000,18886
3,1689,50670000,50670000,9123,15205,50700000,18897
3,169,5070000,5070000,9123,15205,5100000,1896
3,1690,50700000,50700000,9123,15205,50730000,18910
3,1691,50730000,50730000,9123,15205,50760000,18920
3,1692,50760000,50760000,9123,15205,50790000,18931
3,1693,50790000,50790000,9123,15205,50820000,18941
3,1694,50820000,50820000,9123,15205,50850000,18953
3,1695,50850000,50850000,9123,15205,50880000,18964
3,1696,50880000,50880000,9123,15205,50910000,18976
3,1697,50910000,50910000,9123,15205,50940000,18987
3,1698,50940000,50940000,9123,15205,50970000,18999
3,1699,50970000,50970000,9123,15205,51000000,19010
3,17,510000,510000,9123,15205,540000,196
3,170,5100000,5100000,9123,15205,5130000,1909
3,1700,51000000,51000000,9123,15205,51030000,19019
3,1701,51030000,51030000,9123,15205,51060000,19032
3,1702,51060000,51060000,9123,15205,51090000,19042
3,1703,51090000,51090000,9123,15205,51120000,19053
3,1704,51120000,51120000,9123,15205,51150000,19065
3,1705,51150000,51150000,9123,15205,51180000,19077
3,1706,51180000,51180000,9123,15205,51210000,19090
3,1707,51210000,51210000,9123,15205,51240000,19097
3,1708,51240000,51240000,9123,15205,51270000,19109
3,1709,51270000,51270000,9123,15205,51300000,19121
3,171,5130000,5130000,9123,15205,5160000,1919
3,1710,51300000,51300000,9123,15205,51330000,19133
3,1711,51330000,51330000,9123,15205,51360000,19143
3,1712,51360000,51360000,9123,15205,51390000,19155
3,1713,51390000,51390000,9123,15205,51420000,19166
3,1714,51420000,51420000,9123,15205,51450000,19177
3,1715,51450000,51450000,9123,15205,51480000,19187
3,1716,51480000,51480000,9123,15205,51510000,19199
3,1717,51510000,51510000,9123,15205,51540000,19211
3,1718,51540000,51540000,9123,15205,51570000,19222
3,1719,51570000,51570000,9123,15205,51600000,19233
3,172,5160000,5160000,9123,15205,5190000,1930
3,1720,51600000,51600000,9123,15205,51630000,19245
3,1721,51630000,51630000,9123,15205,51660000,19255
3,1722,51660000,51660000,9123,15205,51690000,19266
3,1723,51690000,51690000,9123,15205,51720000,19277
3,1724,51720000,51720000,9123,15205,51750000,19288
3,1725,51750000,51750000,9123,15205,51780000,19301
3,1726,51780000,51780000,9123,15205,51810000,19312
3,1727,51810000,51810000,9123,15205,51840000,19322
3,1728,51840000,51840000,9123,15205,51870000,19333
3,1729,51870000,51870000,9123,15205,51900000,19344
3,173,5190000,5190000,9123,15205,5220000,1942
3,1730,51900000,51900000,9123,15205,51930000,19357
3,1731,51930000,51930000,9123,15205,51960000,19367
3,1732,51960000,51960000,9123,15205,51990000,19378
3,1733,51990000,51990000,9123,15205,52020000,19390
3,1734,52020000,52020000,9123,15205,52050000,19402
3,1735,52050000,52050000,9123,15205,52080000,19410
3,1736,52080000,52080000,9123,15205,52110000,19423
3,1737,52110000,52110000,9123,15205,52140000,19433
3,1738,52140000,52140000,9123,15205,52170000,19446
3,1739,52170000,52170000,9123,15205,52200000,19457
3,174,5220000,5220000,9123,15205,5250000,1952
3,1740,52200000,52200000,9123,15205,52230000,19468
3,1741,52230000,52230000,9123,15205,52260000,19481
3,1742,52260000,52260000,9123,15205,52290000,19489
3,1743,52290000,52290000,9123,15205,52320000,19500
3,1744,52320000,52320000,9123,15205,52350000,19512
3,1745,52350000,52350000,9123,15205,52380000,19524
3,1746,52380000,52380000,9123,15205,52410000,19536
3,1747,52410000,52410000,9123,15205,52440000,19546
3,1748,52440000,52440000,9123,15205,52470000,19557
3,1749,52470000,52470000,9123,15205,52500000,19568
3,175,5250000,5250000,9123,15205,5280000,1962
3,1750,52500000,52500000,9123,15205,52530000,19580
3,1751,52530000,52530000,9123,15205,52560000,19590
3,1752,52560000,52560000,9123,15205,52590000,19602
3,1753,52590000,52590000,9123,15205,52620000,19613
3,1754,52620000,52620000,9123,15205,52650000,19626
3,1755,52650000,52650000,9123,15205,52680000,19636
3,1756,52680000,52680000,9123,15205,52710000,19646
3,1757,52710000,52710000,9123,15205,52740000,19657
3,1758,52740000,52740000,9123,15205,52770000,19669
3,1759,52770000,52770000,9123,15205,52800000,19679
3,176,5280000,5280000,9123,15205,5310000,1975
3,1760,52800000,52800000,9123,15205,52830000,19692
3,1761,52830000,52830000,9123,15205,52860000,19704
3,1762,52860000,52860000,9123,15205,52890000,19715
3,1763,52890000,52890000,9123,15205,52920000,19724
3,1764,52920000,52920000,9123,15205,52950000,19735
3,1765,52950000,52950000,9123,15205,52980000,19748
3,1766,52980000,52980000,9123,15205,53010000,19759
3,1767,53010000,53010000,9123,15205,53040000,19769
3,1768,53040000,53040000,9123,15205,53070000,19781
3,1769,53070000,53070000,9123,15205,53100000,19793
3,177,5310000,5310000,9123,15205,5340000,1986
3,1770,53100000,53100000,9123,15205,53130000,19803
3,1771,53130000,53130000,9123,15205,53160000,19814
3,1772,53160000,53160000,9123,15205,53190000,19825
3,1773,53190000,53190000,9123,15205,53220000,19837
3,1774,53220000,53220000,9123,15205,53250000,19849
3,1775,53250000,53250000,9123,15205,53280000,19859
3,1776,53280000,53280000,9123,15205,53310000,19872
3,1777,53310000,53310000,9123,15205,53340000,19880
3,1778,53340000,53340000,9123,15205,53370000,19893
3,1779,53370000,53370000,9123,15205,53400000,19903
3,178,5340000,5340000,9123,15205,5370000,1998
3,1780,53400000,53400000,9123,15205,53430000,19915
3,1781,53430000,53430000,9123,15205,53460000,19927
3,1782,53460000,53460000,9123,15205,53490000,19938
3,1783,53490000,53490000,9123,15205,53520000,19949
3,1784,53520000,53520000,9123,15205,53550000,19959
3,1785,53550000,53550000,9123,15205,53580000,19971
3,1786,53580000,53580000,9123,15205,53610000,19983
3,1787,53610000,53610000,9123,15205,53640000,19993
3,1788,53640000,53640000,9123,15205,53670000,20004
3,1789,53670000,53670000,9123,15205,53700000,20017
3,179,5370000,5370000,9123,15205,5400000,2009
3,1790,53700000,53700000,9123,15205,53730000,20028
3,1791,53730000,53730000,9123,15205,53760000,20037
3,1792,53760000,53760000,9123,15205,53790000,20048
3,1793,53790000,53790000,9123,15205,53820000,20060
3,1794,53820000,53820000,9123,15205,53850000,20073
3,1795,53850000,53850000,9123,15205,53880000,20083
3,1796,53880000,53880000,9123,15205,53910000,20095
3,1797,53910000,53910000,9123,15205,53940000,20106
3,1798,53940000,53940000,9123,15205,53970000,20116
3,1799,53970000,53970000,9123,15205,54000000,20126
3,18,540000,540000,9123,15205,570000,209
3,180,5400000,5400000,9123,15205,5430000,2020
3,1800,54000000,54000000,9123,15205,54030000,20139
3,1801,54030000,54030000,9123,15205,54060000,20150
3,1802,54060000,54060000,9123,15205,54090000,20162
3,1803,54090000,54090000,9123,15205,54120000,20172
3,1804,54120000,54120000,9123,15205,54150000,20184
3,1805,54150000,54150000,9123,15205,54180000,20195
3,1806,54180000,54180000,9123,15205,54210000,20206
3,1807,54210000,54210000,9123,15205,54240000,20216
3,1808,54240000,54240000,9123,15205,54270000,20228
3,1809,54270000,54270000,9123,15205,54300000,20240
3,181,5430000,5430000,9123,15205,5460000,2031
3,1810,54300000,54300000,9123,15205,54330000,20252
3,1811,54330000,54330000,9123,15205,54360000,20263
3,1812,54360000,54360000,9123,15205,54390000,20271
3,1813,54390000,54390000,9123,15205,54420000,20284
3,1814,54420000,54420000,9123,15205,54450000,20295
3,1815,54450000,54450000,9123,15205,54480000,20306
3,1816,54480000,54480000,9123,15205,54510000,20319
3,1817,54510000,54510000,9123,15205,54540000,20329
3,1818,54540000,54540000,9123,15205,54570000,20342
3,1819,54570000,54570000,9123,15205,54600000,20350
3,182,5460000,5460000,9123,15205,5490000,2041
3,1820,54600000,54600000,9123,15205,54630000,20362
3,1821,54630000,54630000,9123,15205,54660000,20374
3,1822,54660000,54660000,9123,15205,54690000,20385
3,1823,54690000,54690000,9123,15205,54720000,20395
3,1824,54720000,54720000,9123,15205,54750000,20408
3,1825,54750000,54750000,9123,15205,54780000,20419
3,1826,54780000,54780000,9123,15205,54810000,20430
3,1827,54810000,54810000,9123,15205,54840000,20440
3,1828,54840000,54840000,9123,15205,54870000,20451
3,1829,54870000,54870000,9123,15205,54900000,20464
3,183,5490000,5490000,9123,15205,5520000,2052
3,1830,54900000,54900000,9123,15205,54930000,20475
3,1831,54930000,54930000,9123,15205,54960000,20486
3,1832,54960000,54960000,9123,15205,54990000,20497
3,1833,54990000,54990000,9123,15205,55020000,20507
3,1834,55020000,55020000,9123,15205,55050000,20519
3,1835,55050000,55050000,9123,15205,55080000,20530
3,1836,55080000,55080000,9123,15205,55110000,20541
3,1837,55110000,55110000,9123,15205,55140000,20553
3,1838,55140000,55140000,9123,15205,55170000,20565
3,1839,55170000,55170000,9123,15205,55200000,20575
3,184,5520000,5520000,9123,15205,5550000,2064
3,1840,55200000,55200000,9123,15205,55230000,20586
3,1841,55230000,55230000,9123,15205,55260000,20597
3,1842,55260000,55260000,9123,15205,55290000,20609
3,1843,55290000,55290000,9123,15205,55320000,20619
3,1844,55320000,55320000,9123,15205,55350000,20631
3,1845,55350000,55350000,9123,15205,55380000,20643
3,1846,55380000,55380000,9123,15205,55410000,20655
3,1847,55410000,55410000,9123,15205,55440000,20662
3,1848,55440000,55440000,9123,15205,55470000,20675
3,1849,55470000,55470000,9123,15205,55500000,20687
3,185,5550000,5550000,9123,15205,5580000,2076
3,1850,55500000,55500000,9123,15205,55530000,20699
3,1851,55530000,55530000,9123,15205,55560000,20710
3,1852,55560000,55560000,9123,15205,55590000,20720
3,1853,55590000,55590000,9123,15205,55620000,20733
3,1854,55620000,55620000,9123,15205,55650000,20742
3,1855,55650000,55650000,9123,15205,55680000,20753
3,1856,55680000,55680000,9123,15205,55710000,20765
3,1857,55710000,55710000,9123,15205,55740000,20776
3,1858,55740000,55740000,9123,15205,55770000,20788
3,1859,55770000,55770000,9123,15205,55800000,20799
3,186,5580000,5580000,9123,15205,5610000,2088
3,1860,55800000,55800000,9123,15205,55830000,20811
3,1861,55830000,55830000,9123,15205,55860000,20821
3,1862,55860000,55860000,9123,15205,55890000,20832
3,1863,55890000,55890000,9123,15205,55920000,20842
3,1864,55920000,55920000,9123,15205,55950000,20855
3,1865,55950000,55950000,9123,15205,55980000,20866
3,1866,55980000,55980000,9123,15205,56010000,20879
3,1867,56010000,56010000,9123,15205,56040000,20888
3,1868,56040000,56040000,9123,15205,56070000,20898
3,1869,56070000,56070000,9123,15205,56100000,20910
3,187,5610000,5610000,9123,15205,5640000,2098
3,1870,56100000,56100000,9123,15205,56130000,20922
3,1871,56130000,56130000,9123,15205,56160000,20933
3,1872,56160000,56160000,9123,15205,56190000,20944
3,1873,56190000,56190000,9123,15205,56220000,20956
3,1874,56220000,56220000,9123,15205,56250000,20968
3,1875,56250000,56250000,9123,15205,56280000,20977
3,1876,56280000,56280000,9123,15205,56310000,20988
3,1877,56310000,56310000,9123,15205,56340000,21000
3,1878,56340000,56340000,9123,15205,56370000,21011
3,1879,56370000,56370000,9123,15205,56400000,21022
3,188,5640000,5640000,9123,15205,5670000,2108
3,1880,56400000,56400000,9123,15205,56430000,21034
3,1881,56430000,56430000,9123,15205,56460000,21046
3,1882,56460000,56460000,9123,15205,56490000,21056
3,1883,56490000,56490000,9123,15205,56520000,21066
3,1884,56520000,56520000,9123,15205,56550000,21078
3,1885,56550000,56550000,9123,15205,56580000,21090
3,1886,56580000,56580000,9123,15205,56610000,21102
3,1887,56610000,56610000,9123,15205,56640000,21111
3,1888,56640000,56640000,9123,15205,56670000,21124
3,1889,56670000,56670000,9123,15205,56700000,21133
3,189,5670000,5670000,9123,15205,5700000,2120
3,1890,56700000,56700000,9123,15205,56730000,21146
3,1891,56730000,56730000,9123,15205,56760000,21156
3,1892,56760000,56760000,9123,15205,56790000,21167
3,1893,56790000,56790000,9123,15205,56820000,21180
3,1894,56820000,56820000,9123,15205,56850000,21191
3,1895,56850000,56850000,9123,15205,56880000,21202
3,1896,56880000,56880000,9123,15205,56910000,21212
3,1897,56910000,56910000,9123,15205,56940000,21223
3,1898,56940000,56940000,9123,15205,56970000,21235
3,1899,56970000,56970000,9123,15205,57000000,21246
3,19,570000,570000,9123,15205,600000,219
3,190,5700000,5700000,9123,15205,5730000,2132
3,1900,57000000,57000000,9123,15205,57030000,21257
3,1901,57030000,57030000,9123,15205,57060000,21270
3,1902,57060000,57060000,9123,15205,57090000,21280
3,1903,57090000,57090000,9123,15205,57120000,21289
3,1904,57120000,57120000,9123,15205,57150000,21302
3,1905,57150000,57150000,9123,15205,57180000,21313
3,1906,57180000,57180000,9123,15205,57210000,21326
3,1907,57210000,57210000,9123,15205,57240000,21335
3,1908,57240000,57240000,9123,15205,57270000,21347
3,1909,57270000,57270000,9123,15205,57300000,21359
3,191,5730000,5730000,9123,15205,5760000,2142
3,1910,57300000,57300000,9123,15205,57330000,21369
3,1911,57330000,57330000,9123,15205,57360000,21379
3,1912,57360000,57360000,9123,15205,57390000,21391
3,1913,57390000,57390000,9123,15205,57420000,21402
3,1914,57420000,57420000,9123,15205,57450000,21415
3,1915,57450000,57450000,9123,15205,57480000,21426
3,1916,57480000,57480000,9123,15205,57510000,21437
3,1917,57510000,57510000,9123,15205,57540000,21447
3,1918,57540000,57540000,9123,15205,57570000,21458
3,1919,57570000,57570000,9123,15205,57600000,21469
3,192,5760000,5760000,9123,15205,5790000,2154
3,1920,57600000,57600000,9123,15205,57630000,21481
3,1921,57630000,57630000,9123,15205,57660000,21493
3,1922,57660000,57660000,9123,15205,57690000,21504
3,1923,57690000,57690000,9123,15205,57720000,21515
3,1924,57720000,57720000,9123,15205,57750000,21524
3,1925,57750000,57750000,9123,15205,57780000,21537
3,1926,57780000,57780000,9123,15205,57810000,21549
3,1927,57810000,57810000,9123,15205,57840000,21558
3,1928,57840000,57840000,9123,15205,57870000,21571
3,1929,57870000,57870000,9123,15205,57900000,21582
3,193,5790000,5790000,9123,15205,5820000,2165
3,1930,57900000,57900000,9123,15205,57930000,21595
3,1931,57930000,57930000,9123,15205,57960000,21603
3,1932,57960000,57960000,9123,15205,57990000,21614
3,1933,57990000,57990000,9123,15205,58020000,21626
3,1934,58020000,58020000,9123,15205,58050000,21638
3,1935,58050000,58050000,9123,15205,58080000,21648
3,1936,58080000,58080000,9123,15205,58110000,21661
3,1937,58110000,58110000,9123,15205,58140000,21672
3,1938,58140000,58140000,9123,15205,58170000,21682
3,1939,58170000,58170000,9123,15205,58200000,21693
3,194,5820000,5820000,9123,15205,5850000,2178
3,1940,58200000,58200000,9123,15205,58230000,21704
3,1941,58230000,58230000,9123,15205,58260000,21717
3,1942,58260000,58260000,9123,15205,58290000,21727
3,1943,58290000,58290000,9123,15205,58320000,21738
3,1944,58320000,58320000,9123,15205,58350000,21750
3,1945,58350000,58350000,9123,15205,58380000,21760
3,1946,58380000,58380000,9123,15205,58410000,21772
3,1947,58410000,58410000,9123,15205,58440000,21782
3,1948,58440000,58440000,9123,15205,58470000,21794
3,1949,58470000,58470000,9123,15205,58500000,21806
3,195,5850000,5850000,9123,15205,5880000,2186
3,1950,58500000,58500000,9123,15205,58530000,21818
3,1951,58530000,58530000,9123,15205,58560000,21828
3,1952,58560000,58560000,9123,15205,58590000,21838
3,1953,58590000,58590000,9123,15205,58620000,21849
3,1954,58620000,58620000,9123,15205,58650000,21862
3,1955,58650000,58650000,9123,15205,58680000,21872
3,1956,58680000,58680000,9123,15205,58710000,21884
3,1957,58710000,58710000,9123,15205,58740000,21895
3,1958,58740000,58740000,9123,15205,58770000,21907
3,1959,58770000,58770000,9123,15205,58800000,21916
3,196,5880000,5880000,9123,15205,5910000,2198
3,1960,58800000,58800000,9123,15205,58830000,21928
3,1961,58830000,58830000,9123,15205,58860000,21940
3,1962,58860000,58860000,9123,15205,58890000,21951
3,1963,58890000,58890000,9123,15205,58920000,21962
3,1964,58920000,58920000,9123,15205,58950000,21973
3,1965,58950000,58950000,9123,15205,58980000,21986
3,1966,58980000,58980000,9123,15205,59010000,21995
3,1967,59010000,59010000,9123,15205,59040000,22005
3,1968,59040000,59040000,9123,15205,59070000,22017
3,1969,59070000,59070000,9123,15205,59100000,22029
3,197,5910000,5910000,9123,15205,5940000,2209
3,1970,59100000,59100000,9123,15205,59130000,22042
3,1971,59130000,59130000,9123,15205,59160000,22052
3,1972,59160000,59160000,9123,15205,59190000,22063
3,1973,59190000,59190000,9123,15205,59220000,22073
3,1974,59220000,59220000,9123,15205,59250000,22085
3,1975,59250000,59250000,9123,15205,59280000,22095
3,1976,59280000,59280000,9123,15205,59310000,22108
3,1977,59310000,59310000,9123,15205,59340000,22118
3,1978,59340000,59340000,9123,15205,59370000,22131
3,1979,59370000,59370000,9123,15205,59400000,22141
3,198,5940000,5940000,9123,15205,5970000,2221
3,1980,59400000,59400000,9123,15205,59430000,22151
3,1981,59430000,59430000,9123,15205,59460000,22164
3,1982,59460000,59460000,9123,15205,59490000,22174
3,1983,59490000,59490000,9123,15205,59520000,22185
3,1984,59520000,59520000,9123,15205,59550000,22197
3,1985,59550000,59550000,9123,15205,59580000,22209
3,1986,59580000,59580000,9123,15205,59610000,22221
3,1987,59610000,59610000,9123,15205,59640000,22229
3,1988,59640000,59640000,9123,15205,59670000,22240
3,1989,59670000,59670000,9123,15205,59700000,22253
3,199,5970000,5970000,9123,15205,6000000,2232
3,1990,59700000,59700000,9123,15205,59730000,22264
3,1991,59730000,59730000,9123,15205,59760000,22275
3,1992,59760000,59760000,9123,15205,59790000,22287
3,1993,59790000,59790000,9123,15205,59820000,22298
3,1994,59820000,59820000,9123,15205,59850000,22309
3,1995,59850000,59850000,9123,15205,59880000,22319
3,1996,59880000,59880000,9123,15205,59910000,22331
3,1997,59910000,59910000,9123,15205,59940000,22342
3,1998,59940000,59940000,9123,15205,59970000,22354
3,1999,59970000,59970000,9123,15205,60000000,22364
3,2,60000,60000,9123,15205,90000,29
3,20,600000,600000,9123,15205,630000,229
3,200,6000000,6000000,9123,15205,6030000,2244
3,2000,60000000,60000000,9123,15205,60030000,22377
3,2001,60030000,60030000,9123,15205,60060000,22386
3,2002,60060000,60060000,9123,15205,60090000,22398
3,2003,60090000,60090000,9123,15205,60120000,22409
3,2004,60120000,60120000,9123,15205,60150000,22420
3,2005,60150000,60150000,9123,15205,60180000,22433
3,2006,60180000,60180000,9123,15205,60210000,22444
3,2007,60210000,60210000,9123,15205,60240000,22454
3,2008,60240000,60240000,9123,15205,60270000,22464
3,2009,60270000,60270000,9123,15205,60300000,22476
3,201,6030000,6030000,9123,15205,6060000,2256
3,2010,60300000,60300000,9123,15205,60330000,22488
3,2011,60330000,60330000,9123,15205,60360000,22499
3,2012,60360000,60360000,9123,15205,60390000,22509
3,2013,60390000,60390000,9123,15205,60420000,22522
3,2014,60420000,60420000,9123,15205,60450000,22534
3,2015,60450000,60450000,9123,15205,60480000,22542
3,2016,60480000,60480000,9123,15205,60510000,22555
3,2017,60510000,60510000,9123,15205,60540000,22565
3,2018,60540000,60540000,9123,15205,60570000,22578
3,2019,60570000,60570000,9123,15205,60600000,22588
3,202,6060000,6060000,9123,15205,6090000,2265
3,2020,60600000,60600000,9123,15205,60630000,22600
3,2021,60630000,60630000,9123,15205,60660000,22612
3,2022,60660000,60660000,9123,15205,60690000,22621
3,2023,60690000,60690000,9123,15205,60720000,22631
3,2024,60720000,60720000,9123,15205,60750000,22644
3,2025,60750000,60750000,9123,15205,60780000,22656
3,2026,60780000,60780000,9123,15205,60810000,22668
3,2027,60810000,60810000,9123,15205,60840000,22678
3,2028,60840000,60840000,9123,15205,60870000,22689
3,2029,60870000,60870000,9123,15205,60900000,22700
3,203,6090000,6090000,9123,15205,6120000,2276
3,2030,60900000,60900000,9123,15205,60930000,22711
3,2031,60930000,60930000,9123,15205,60960000,22722
3,2032,60960000,60960000,9123,15205,60990000,22733
3,2033,60990000,60990000,9123,15205,61020000,22745
3,2034,61020000,61020000,9123,15205,61050000,22757
3,2035,61050000,61050000,9123,15205,61080000,22768
3,2036,61080000,61080000,9123,15205,61110000,22778
3,2037,61110000,61110000,9123,15205,61140000,22789
3,2038,61140000,61140000,9123,15205,61170000,22801
3,2039,61170000,61170000,9123,15205,61200000,22811
3,204,6120000,6120000,9123,15205,6150000,2287
3,2040,61200000,61200000,9123,15205,61230000,22824
3,2041,61230000,61230000,9123,15205,61260000,22835
3,2042,61260000,61260000,9123,15205,61290000,22847
3,2043,61290000,61290000,9123,15205,61320000,22855
3,2044,61320000,61320000,9123,15205,61350000,22867
3,2045,61350000,61350000,9123,15205,61380000,22879
3,2046,61380000,61380000,9123,15205,61410000,22891
3,2047,61410000,61410000,9123,15205,61440000,22901
3,2048,61440000,61440000,9123,15205,61470000,22913
3,2049,61470000,61470000,9123,15205,61500000,22925
3,205,6150000,6150000,9123,15205,6180000,2300
3,2050,61500000,61500000,9123,15205,61530000,22935
3,2051,61530000,61530000,9123,15205,61560000,22946
3,2052,61560000,61560000,9123,15205,61590000,22956
3,2053,61590000,61590000,9123,15205,61620000,22969
3,2054,61620000,61620000,9123,15205,61650000,22980
3,2055,61650000,61650000,9123,15205,61680000,22991
3,2056,61680000,61680000,9123,15205,61710000,23003
3,2057,61710000,61710000,9123,15205,61740000,23012
3,2058,61740000,61740000,9123,15205,61770000,23025
3,2059,61770000,61770000,9123,15205,61800000,23035
3,206,6180000,6180000,9123,15205,6210000,2311
3,2060,61800000,61800000,9123,15205,61830000,23047
3,2061,61830000,61830000,9123,15205,61860000,23059
3,2062,61860000,61860000,9123,15205,61890000,23070
3,2063,61890000,61890000,9123,15205,61920000,23080
3,2064,61920000,61920000,9123,15205,61950000,23091
3,2065,61950000,61950000,9123,15205,61980000,23102
3,2066,61980000,61980000,9123,15205,62010000,23115
3,2067,62010000,62010000,9123,15205,62040000,23124
3,2068,62040000,62040000,9123,15205,62070000,23136
3,2069,62070000,62070000,9123,15205,62100000,23149
3,207,6210000,6210000,9123,15205,6240000,2321
3,2070,62100000,62100000,9123,15205,62130000,23160
3,2071,62130000,62130000,9123,15205,62160000,23169
3,2072,62160000,62160000,9123,15205,62190000,23180
3,2073,62190000,62190000,9123,15205,62220000,23192
3,2074,62220000,62220000,9123,15205,62250000,23204
3,2075,62250000,62250000,9123,15205,62280000,23215
3,2076,62280000,62280000,9123,15205,62310000,23226
3,2077,62310000,62310000,9123,15205,62340000,23238
3,2078,62340000,62340000,9123,15205,62370000,23247
3,2079,62370000,62370000,9123,15205,62400000,23258
3,208,6240000,6240000,9123,15205,6270000,2333
3,2080,62400000,62400000,9123,15205,62430000,23271
3,2081,62430000,62430000,9123,15205,62460000,23282
3,2082,62460000,62460000,9123,15205,62490000,23294
3,2083,62490000,62490000,9123,15205,62520000,23304
3,2084,62520000,62520000,9123,15205,62550000,23316
3,2085,62550000,62550000,9123,15205,62580000,23326
3,2086,62580000,62580000,9123,15205,62610000,23338
3,2087,62610000,62610000,9123,15205,62640000,23347
3,2088,62640000,62640000,9123,15205,62670000,23360
3,2089,62670000,62670000,9123,15205,62700000,23371
3,209,6270000,6270000,9123,15205,6300000,2343
3,2090,62700000,62700000,9123,15205,62730000,23384
3,2091,62730000,62730000,9123,15205,62760000,23395
3,2092,62760000,62760000,9123,15205,62790000,23403
3,2093,62790000,62790000,9123,15205,62820000,23416
3,2094,62820000,62820000,9123,15205,62850000,23427
3,2095,62850000,62850000,9123,15205,62880000,23438
3,2096,62880000,62880000,9123,15205,62910000,23450
3,2097,62910000,62910000,9123,15205,62940000,23461
3,2098,62940000,62940000,9123,15205,62970000,23473
3,2099,62970000,62970000,9123,15205,63000000,23482
3,21,630000,630000,9123,15205,660000,241
3,210,6300000,6300000,9123,15205,6330000,2356
3,2100,63000000,63000000,9123,15205,63030000,23493
3,2101,63030000,63030000,9123,15205,63060000,23506
3,2102,63060000,63060000,9123,15205,63090000,23517
3,2103,63090000,63090000,9123,15205,63120000,23527
3,2104,63120000,63120000,9123,15205,63150000,23540
3,2105,63150000,63150000,9123,15205,63180000,23551
3,2106,63180000,63180000,9123,15205,63210000,23562
3,2107,63210000,63210000,9123,15205,63240000,23571
3,2108,63240000,63240000,9123,15205,63270000,23583
3,2109,63270000,63270000,9123,15205,63300000,23595
3,211,6330000,6330000,9123,15205,6360000,2366
3,2110,63300000,63300000,9123,15205,63330000,23607
3,2111,63330000,63330000,9123,15205,63360000,23617
3,2112,63360000,63360000,9123,15205,63390000,23629
3,2113,63390000,63390000,9123,15205,63420000,23639
3,2114,63420000,63420000,9123,15205,63450000,23651
3,2115,63450000,63450000,9123,15205,63480000,23662
3,2116,63480000,63480000,9123,15205,63510000,23673
3,2117,63510000,63510000,9123,15205,63540000,23685
3,2118,63540000,63540000,9123,15205,63570000,23696
3,2119,63570000,63570000,9123,15205,63600000,23707
3,212,6360000,6360000,9123,15205,6390000,2377
3,2120,63600000,63600000,9123,15205,63630000,23717
3,2121,63630000,63630000,9123,15205,63660000,23729
3,2122,63660000,63660000,9123,15205,63690000,23740
3,2123,63690000,63690000,9123,15205,63720000,23751
3,2124,63720000,63720000,9123,15205,63750000,23763
3,2125,63750000,63750000,9123,15205,63780000,23775
3,2126,63780000,63780000,9123,15205,63810000,23787
3,2127,63810000,63810000,9123,15205,63840000,23794
3,2128,63840000,63840000,9123,15205,63870000,23807
3,2129,63870000,63870000,9123,15205,63900000,23818
3,213,6390000,6390000,9123,15205,6420000,2389
3,2130,63900000,63900000,9123,15205,63930000,23831
3,2131,63930000,63930000,9123,15205,63960000,23841
3,2132,63960000,63960000,9123,15205,63990000,23852
3,2133,63990000,63990000,9123,15205,64020000,23864
3,2134,64020000,64020000,9123,15205,64050000,23874
3,2135,64050000,64050000,9123,15205,64080000,23885
3,2136,64080000,64080000,9123,15205,64110000,23897
3,2137,64110000,64110000,9123,15205,64140000,23908
3,2138,64140000,64140000,9123,15205,64170000,23920
3,2139,64170000,64170000,9123,15205,64200000,23931
3,214,6420000,6420000,9123,15205,6450000,2401
3,2140,64200000,64200000,9123,15205,64230000,23942
3,2141,64230000,64230000,9123,15205,64260000,23953
3,2142,64260000,64260000,9123,15205,64290000,23963
3,2143,64290000,64290000,9123,15205,64320000,23974
3,2144,64320000,64320000,9123,15205,64350000,23986
3,2145,64350000,64350000,9123,15205,64380000,23998
3,2146,64380000,64380000,9123,15205,64410000,24011
3,2147,64410000,64410000,9123,15205,64440000,24020
3,2148,64440000,64440000,9123,15205,64470000,24030
3,2149,64470000,64470000,9123,15205,64500000,24042
3,215,6450000,6450000,9123,15205,6480000,2411
3,2150,64500000,64500000,9123,15205,64530000,24054
3,2151,64530000,64530000,9123,15205,64560000,24064
3,2152,64560000,64560000,9123,15205,64590000,24076
3,2153,64590000,64590000,9123,15205,64620000,24087
3,2154,64620000,64620000,9123,15205,64650000,24100
3,2155,64650000,64650000,9123,15205,64680000,24108
3,2156,64680000,64680000,9123,15205,64710000,24120
3,2157,64710000,64710000,9123,15205,64740000,24132
3,2158,64740000,64740000,9123,15205,64770000,24143
3,2159,64770000,64770000,9123,15205,64800000,24154
3,216,6480000,6480000,9123,15205,6510000,2422
3,2160,64800000,64800000,9123,15205,64830000,24166
3,2161,64830000,64830000,9123,15205,64860000,24178
3,2162,64860000,64860000,9123,15205,64890000,24187
3,2163,64890000,64890000,9123,15205,64920000,24198
3,2164,64920000,64920000,9123,15205,64950000,24209
3,2165,64950000,64950000,9123,15205,64980000,24222
3,2166,64980000,64980000,9123,15205,65010000,24233
3,2167,65010000,65010000,9123,15205,65040000,24243
3,2168,65040000,65040000,9123,15205,65070000,24256
3,2169,65070000,65070000,9123,15205,65100000,24265
3,217,6510000,6510000,9123,15205,6540000,2432
3,2170,65100000,65100000,9123,15205,65130000,24278
3,2171,65130000,65130000,9123,15205,65160000,24288
3,2172,65160000,65160000,9123,15205,65190000,24299
3,2173,65190000,65190000,9123,15205,65220000,24311
3,2174,65220000,65220000,9123,15205,65250000,24323
3,2175,65250000,65250000,9123,15205,65280000,24333
3,2176,65280000,65280000,9123,15205,65310000,24344
3,2177,65310000,65310000,9123,15205,65340000,24354
3,2178,65340000,65340000,9123,15205,65370000,24367
3,2179,65370000,65370000,9123,15205,65400000,24378
3,218,6540000,6540000,9123,15205,6570000,2445
3,2180,65400000,65400000,9123,15205,65430000,24389
3,2181,65430000,65430000,9123,15205,65460000,24402
3,2182,65460000,65460000,9123,15205,65490000,24412
3,2183,65490000,65490000,9123,15205,65520000,24421
3,2184,65520000,65520000,9123,15205,65550000,24433
3,2185,65550000,65550000,9123,15205,65580000,24445
3,2186,65580000,65580000,9123,15205,65610000,24457
3,2187,65610000,65610000,9123,15205,65640000,24467
3,2188,65640000,65640000,9123,15205,65670000,24478
3,2189,65670000,65670000,9123,15205,65700000,24491
3,219,6570000,6570000,9123,15205,6600000,2455
3,2190,65700000,65700000,9123,15205,65730000,24501
3,2191,65730000,65730000,9123,15205,65760000,24511
3,2192,65760000,65760000,9123,15205,65790000,24523
3,2193,65790000,65790000,9123,15205,65820000,24534
3,2194,65820000,65820000,9123,15205,65850000,24547
3,2195,65850000,65850000,9123,15205,65880000,24557
3,2196,65880000,65880000,9123,15205,65910000,24569
3,2197,65910000,65910000,9123,15205,65940000,24578
3,2198,65940000,65940000,9123,15205,65970000,24590
3,2199,65970000,65970000,9123,15205,66000000,24600
3,22,660000,660000,9123,15205,690000,252
3,220,6600000,6600000,9123,15205,6630000,2467
3,2200,66000000,66000000,9123,15205,66030000,24613
3,2201,66030000,66030000,9123,15205,66060000,24625
3,2202,66060000,66060000,9123,15205,66090000,24636
3,2203,66090000,66090000,9123,15205,66120000,24647
3,2204,66120000,66120000,9123,15205,66150000,24656
3,2205,66150000,66150000,9123,15205,66180000,24669
3,2206,66180000,66180000,9123,15205,66210000,24680
3,2207,66210000,66210000,9123,15205,66240000,24690
3,2208,66240000,66240000,9123,15205,66270000,24702
3,2209,66270000,66270000,9123,15205,66300000,24714
3,221,6630000,6630000,9123,15205,6660000,2480
3,2210,66300000,66300000,9123,15205,66330000,24726
3,2211,66330000,66330000,9123,15205,66360000,24735
3,2212,66360000,66360000,9123,15205,66390000,24746
3,2213,66390000,66390000,9123,15205,66420000,24758
3,2214,66420000,66420000,9123,15205,66450000,24770
3,2215,66450000,66450000,9123,15205,66480000,24780
3,2216,66480000,66480000,9123,15205,66510000,24793
3,2217,66510000,66510000,9123,15205,66540000,24803
3,2218,66540000,66540000,9123,15205,66570000,24814
3,2219,66570000,66570000,9123,15205,66600000,24824
3,222,6660000,6660000,9123,15205,6690000,2490
3,2220,66600000,66600000,9123,15205,66630000,24836
3,2221,66630000,66630000,9123,15205,66660000,24848
3,2222,66660000,66660000,9123,15205,66690000,24859
3,2223,66690000,66690000,9123,15205,66720000,24870
3,2224,66720000,66720000,9123,15205,66750000,24882
3,2225,66750000,66750000,9123,15205,66780000,24892
3,2226,66780000,66780000,9123,15205,66810000,24904
3,2227,66810000,66810000,9123,15205,66840000,24914
3,2228,66840000,66840000,9123,15205,66870000,24925
3,2229,66870000,66870000,9123,15205,66900000,24938
3,223,6690000,6690000,9123,15205,6720000,2499
3,2230,66900000,66900000,9123,15205,66930000,24949
3,2231,66930000,66930000,9123,15205,66960000,24960
3,2232,66960000,66960000,9123,15205,66990000,24969
3,2233,66990000,66990000,9123,15205,67020000,24981
3,2234,67020000,67020000,9123,15205,67050000,24994
3,2235,67050000,67050000,9123,15205,67080000,25004
3,2236,67080000,67080000,9123,15205,67110000,25016
3,2237,67110000,67110000,9123,15205,67140000,25027
3,2238,67140000,67140000,9123,15205,67170000,25039
3,2239,67170000,67170000,9123,15205,67200000,25047
3,224,6720000,6720000,9123,15205,6750000,2511
3,2240,67200000,67200000,9123,15205,67230000,25060
3,2241,67230000,67230000,9123,15205,67260000,25071
3,2242,67260000,67260000,9123,15205,67290000,25083
3,2243,67290000,67290000,9123,15205,67320000,25093
3,2244,67320000,67320000,9123,15205,67350000,25105
3,2245,67350000,67350000,9123,15205,67380000,25118
3,2246,67380000,67380000,9123,15205,67410000,25127
3,2247,67410000,67410000,9123,15205,67440000,25137
3,2248,67440000,67440000,9123,15205,67470000,25149
3,2249,67470000,67470000,9123,15205,67500000,25161
3,225,6750000,6750000,9123,15205,6780000,2523
3,2250,67500000,67500000,9123,15205,67530000,25173
3,2251,67530000,67530000,9123,15205,67560000,25184
3,2252,67560000,67560000,9123,15205,67590000,25194
3,2253,67590000,67590000,9123,15205,67620000,25205
3,2254,67620000,67620000,9123,15205,67650000,25216
3,2255,67650000,67650000,9123,15205,67680000,25227
3,2256,67680000,67680000,9123,15205,67710000,25240
3,2257,67710000,67710000,9123,15205,67740000,25250
3,2258,67740000,67740000,9123,15205,67770000,25263
3,2259,67770000,67770000,9123,15205,67800000,25273
3,226,6780000,6780000,9123,15205,6810000,2535
3,2260,67800000,67800000,9123,15205,67830000,25283
3,2261,67830000,67830000,9123,15205,67860000,25295
3,2262,67860000,67860000,9123,15205,67890000,25306
3,2263,67890000,67890000,9123,15205,67920000,25316
3,2264,67920000,67920000,9123,15205,67950000,25329
3,2265,67950000,67950000,9123,15205,67980000,25340
3,2266,67980000,67980000,9123,15205,68010000,25353
3,2267,68010000,68010000,9123,15205,68040000,25361
3,2268,68040000,68040000,9123,15205,68070000,25372
3,2269,68070000,68070000,9123,15205,68100000,25385
3,227,6810000,6810000,9123,15205,6840000,2545
3,2270,68100000,68100000,9123,15205,68130000,25396
3,2271,68130000,68130000,9123,15205,68160000,25407
3,2272,68160000,68160000,9123,15205,68190000,25418
3,2273,68190000,68190000,9123,15205,68220000,25430
3,2274,68220000,68220000,9123,15205,68250000,25440
3,2275,68250000,68250000,9123,15205,68280000,25451
3,2276,68280000,68280000,9123,15205,68310000,25462
3,2277,68310000,68310000,9123,15205,68340000,25474
3,2278,68340000,68340000,9123,15205,68370000,25486
3,2279,68370000,68370000,9123,15205,68400000,25496
3,228,6840000,6840000,9123,15205,6870000,2556
3,2280,68400000,68400000,9123,15205,68430000,25509
3,2281,68430000,68430000,9123,15205,68460000,25518
3,2282,68460000,68460000,9123,15205,68490000,25530
3,2283,68490000,68490000,9123,15205,68520000,25540
3,2284,68520000,68520000,9123,15205,68550000,25552
3,2285,68550000,68550000,9123,15205,68580000,25564
3,2286,68580000,68580000,9123,15205,68610000,25576
3,2287,68610000,68610000,9123,15205,68640000,25585
3,2288,68640000,68640000,9123,15205,68670000,25596
3,2289,68670000,68670000,9123,15205,68700000,25608
3,229,6870000,6870000,9123,15205,6900000,2569
3,2290,68700000,68700000,9123,15205,68730000,25620
3,2291,68730000,68730000,9123,15205,68760000,25631
3,2292,68760000,68760000,9123,15205,68790000,25641
3,2293,68790000,68790000,9123,15205,68820000,25654
3,2294,68820000,68820000,9123,15205,68850000,25665
3,2295,68850000,68850000,9123,15205,68880000,25674
3,2296,68880000,68880000,9123,15205,68910000,25686
3,2297,68910000,68910000,9123,15205,68940000,25697
3,2298,68940000,68940000,9123,15205,68970000,25709
3,2299,68970000,68970000,9123,15205,69000000,25720
3,23,690000,690000,9123,15205,720000,263
3,230,6900000,6900000,9123,15205,6930000,2578
3,2300,69000000,69000000,9123,15205,69030000,25732
3,2301,69030000,69030000,9123,15205,69060000,25744
3,2302,69060000,69060000,9123,15205,69090000,25753
3,2303,69090000,69090000,9123,15205,69120000,25763
3,2304,69120000,69120000,9123,15205,69150000,25776
3,2305,69150000,69150000,9123,15205,69180000,25787
3,2306,69180000,69180000,9123,15205,69210000,25800
3,2307,69210000,69210000,9123,15205,69240000,25809
3,2308,69240000,69240000,9123,15205,69270000,25821
3,2309,69270000,69270000,9123,15205,69300000,25831
3,231,6930000,6930000,9123,15205,6960000,2589
3,2310,69300000,69300000,9123,15205,69330000,25843
3,2311,69330000,69330000,9123,15205,69360000,25854
3,2312,69360000,69360000,9123,15205,69390000,25865
3,2313,69390000,69390000,9123,15205,69420000,25877
3,2314,69420000,69420000,9123,15205,69450000,25889
3,2315,69450000,69450000,9123,15205,69480000,25900
3,2316,69480000,69480000,9123,15205,69510000,25909
3,2317,69510000,69510000,9123,15205,69540000,25921
3,2318,69540000,69540000,9123,15205,69570000,25932
3,2319,69570000,69570000,9123,15205,69600000,25943
3,232,6960000,6960000,9123,15205,6990000,2601
3,2320,69600000,69600000,9123,15205,69630000,25955
3,2321,69630000,69630000,9123,15205,69660000,25967
3,2322,69660000,69660000,9123,15205,69690000,25979
3,2323,69690000,69690000,9123,15205,69720000,25987
3,2324,69720000,69720000,9123,15205,69750000,25999
3,2325,69750000,69750000,9123,15205,69780000,26011
3,2326,69780000,69780000,9123,15205,69810000,26023
3,2327,69810000,69810000,9123,15205,69840000,26032
3,2328,69840000,69840000,9123,15205,69870000,26045
3,2329,69870000,69870000,9123,15205,69900000,26056
3,233,6990000,6990000,9123,15205,7020000,2612
3,2330,69900000,69900000,9123,15205,69930000,26067
3,2331,69930000,69930000,9123,15205,69960000,26077
3,2332,69960000,69960000,9123,15205,69990000,26088
3,2333,69990000,69990000,9123,15205,70020000,26101
3,2334,70020000,70020000,9123,15205,70050000,26112
3,2335,70050000,70050000,9123,15205,70080000,26123
3,2336,70080000,70080000,9123,15205,70110000,26135
3,2337,70110000,70110000,9123,15205,70140000,26144
3,2338,70140000,70140000,9123,15205,70170000,26156
3,2339,70170000,70170000,9123,15205,70200000,26167
3,234,7020000,7020000,9123,15205,7050000,2625
3,2340,70200000,70200000,9123,15205,70230000,26178
3,2341,70230000,70230000,9123,15205,70260000,26191
3,2342,70260000,70260000,9123,15205,70290000,26201
3,2343,70290000,70290000,9123,15205,70320000,26212
3,2344,70320000,70320000,9123,15205,70350000,26223
3,2345,70350000,70350000,9123,15205,70380000,26234
3,2346,70380000,70380000,9123,15205,70410000,26247
3,2347,70410000,70410000,9123,15205,70440000,26256
3,2348,70440000,70440000,9123,15205,70470000,26268
3,2349,70470000,70470000,9123,15205,70500000,26280
3,235,7050000,7050000,9123,15205,7080000,2635
3,2350,70500000,70500000,9123,15205,70530000,26292
3,2351,70530000,70530000,9123,15205,70560000,26300
3,2352,70560000,70560000,9123,15205,70590000,26312
3,2353,70590000,70590000,9123,15205,70620000,26323
3,2354,70620000,70620000,9123,15205,70650000,26336
3,2355,70650000,70650000,9123,15205,70680000,26347
3,2356,70680000,70680000,9123,15205,70710000,26358
3,2357,70710000,70710000,9123,15205,70740000,26370
3,2358,70740000,70740000,9123,15205,70770000,26379
3,2359,70770000,70770000,9123,15205,70800000,26390
3,236,7080000,7080000,9123,15205,7110000,2647
3,2360,70800000,70800000,9123,15205,70830000,26402
3,2361,70830000,70830000,9123,15205,70860000,26414
3,2362,70860000,70860000,9123,15205,70890000,26425
3,2363,70890000,70890000,9123,15205,70920000,26436
3,2364,70920000,70920000,9123,15205,70950000,26447
3,2365,70950000,70950000,9123,15205,70980000,26458
3,2366,70980000,70980000,9123,15205,71010000,26470
3,2367,71010000,71010000,9123,15205,71040000,26479
3,2368,71040000,71040000,9123,15205,71070000,26492
3,2369,71070000,71070000,9123,15205,71100000,26503
3,237,7110000,7110000,9123,15205,7140000,2656
3,2370,71100000,71100000,9123,15205,71130000,26516
3,2371,71130000,71130000,9123,15205,71160000,26526
3,2372,71160000,71160000,9123,15205,71190000,26535
3,2373,71190000,71190000,9123,15205,71220000,26547
3,2374,71220000,71220000,9123,15205,71250000,26559
3,2375,71250000,71250000,9123,15205,71280000,26569
3,2376,71280000,71280000,9123,15205,71310000,26582
3,2377,71310000,71310000,9123,15205,71340000,26593
3,2378,71340000,71340000,9123,15205,71370000,26605
3,2379,71370000,71370000,9123,15205,71400000,26614
3,238,7140000,7140000,9123,15205,7170000,2668
3,2380,71400000,71400000,9123,15205,71430000,26625
3,2381,71430000,71430000,9123,15205,71460000,26638
3,2382,71460000,71460000,9123,15205,71490000,26648
3,2383,71490000,71490000,9123,15205,71520000,26659
3,2384,71520000,71520000,9123,15205,71550000,26671
3,2385,71550000,71550000,9123,15205,71580000,26683
3,2386,71580000,71580000,9123,15205,71610000,26693
3,2387,71610000,71610000,9123,15205,71640000,26703
3,2388,71640000,71640000,9123,15205,71670000,26715
3,2389,71670000,71670000,9123,15205,71700000,26727
3,239,7170000,7170000,9123,15205,7200000,2678
3,2390,71700000,71700000,9123,15205,71730000,26739
3,2391,71730000,71730000,9123,15205,71760000,26749
3,2392,71760000,71760000,9123,15205,71790000,26761
3,2393,71790000,71790000,9123,15205,71820000,26770
3,2394,71820000,71820000,9123,15205,71850000,26783
3,2395,71850000,71850000,9123,15205,71880000,26793
3,2396,71880000,71880000,9123,15205,71910000,26805
3,2397,71910000,71910000,9123,15205,71940000,26816
3,2398,71940000,71940000,9123,15205,71970000,26828
3,2399,71970000,71970000,9123,15205,72000000,26839
3,24,720000,720000,9123,15205,750000,275
3,240,7200000,7200000,9123,15205,7230000,2691
3,2400,72000000,72000000,9123,15205,72030000,26849
3,2401,72030000,72030000,9123,15205,72060000,26861
3,2402,72060000,72060000,9123,15205,72090000,26872
3,2403,72090000,72090000,9123,15205,72120000,26883
3,2404,72120000,72120000,9123,15205,72150000,26894
3,2405,72150000,72150000,9123,15205,72180000,26907
3,2406,72180000,72180000,9123,15205,72210000,26918
3,2407,72210000,72210000,9123,15205,72240000,26926
3,2408,72240000,72240000,9123,15205,72270000,26938
3,2409,72270000,72270000,9123,15205,72300000,26950
3,241,7230000,7230000,9123,15205,7260000,2702
3,2410,72300000,72300000,9123,15205,72330000,26963
3,2411,72330000,72330000,9123,15205,72360000,26973
3,2412,72360000,72360000,9123,15205,72390000,26984
3,2413,72390000,72390000,9123,15205,72420000,26996
3,2414,72420000,72420000,9123,15205,72450000,27006
3,2415,72450000,72450000,9123,15205,72480000,27016
3,2416,72480000,72480000,9123,15205,72510000,27029
3,2417,72510000,72510000,9123,15205,72540000,27039
3,2418,72540000,72540000,9123,15205,72570000,27052
3,2419,72570000,72570000,9123,15205,72600000,27062
3,242,7260000,7260000,9123,15205,7290000,2714
3,2420,72600000,72600000,9123,15205,72630000,27074
3,2421,72630000,72630000,9123,15205,72660000,27085
3,2422,72660000,72660000,9123,15205,72690000,27095
3,2423,72690000,72690000,9123,15205,72720000,27106
3,2424,72720000,72720000,9123,15205,72750000,27118
3,2425,72750000,72750000,9123,15205,72780000,27130
3,2426,72780000,72780000,9123,15205,72810000,27142
3,2427,72810000,72810000,9123,15205,72840000,27152
3,2428,72840000,72840000,9123,15205,72870000,27161
3,2429,72870000,72870000,9123,15205,72900000,27174
3,243,7290000,7290000,9123,15205,7320000,2725
3,2430,72900000,72900000,9123,15205,72930000,27185
3,2431,72930000,72930000,9123,15205,72960000,27196
3,2432,72960000,72960000,9123,15205,72990000,27208
3,2433,72990000,72990000,9123,15205,73020000,27219
3,2434,73020000,73020000,9123,15205,73050000,27232
3,2435,73050000,73050000,9123,15205,73080000,27240
3,2436,73080000,73080000,9123,15205,73110000,27252
3,2437,73110000,73110000,9123,15205,73140000,27263
3,2438,73140000,73140000,9123,15205,73170000,27275
3,2439,73170000,73170000,9123,15205,73200000,27285
3,244,7320000,7320000,9123,15205,7350000,2734
3,2440,73200000,73200000,9123,15205,73230000,27298
3,2441,73230000,73230000,9123,15205,73260000,27309
3,2442,73260000,73260000,9123,15205,73290000,27319
3,2443,73290000,73290000,9123,15205,73320000,27330
3,2444,73320000,73320000,9123,15205,73350000,27341
3,2445,73350000,73350000,9123,15205,73380000,27354
3,2446,73380000,73380000,9123,15205,73410000,27365
3,2447,73410000,73410000,9123,15205,73440000,27375
3,2448,73440000,73440000,9123,15205,73470000,27387
3,2449,73470000,73470000,9123,15205,73500000,27397
3,245,7350000,7350000,9123,15205,7380000,2747
3,2450,73500000,73500000,9123,15205,73530000,27409
3,2451,73530000,73530000,9123,15205,73560000,27420
3,2452,73560000,73560000,9123,15205,73590000,27430
3,2453,73590000,73590000,9123,15205,73620000,27443
3,2454,73620000,73620000,9123,15205,73650000,27455
3,2455,73650000,73650000,9123,15205,73680000,27465
3,2456,73680000,73680000,9123,15205,73710000,27476
3,2457,73710000,73710000,9123,15205,73740000,27486
3,2458,73740000,73740000,9123,15205,73770000,27499
3,2459,73770000,73770000,9123,15205,73800000,27509
3,246,7380000,7380000,9123,15205,7410000,2758
3,2460,73800000,73800000,9123,15205,73830000,27521
3,2461,73830000,73830000,9123,15205,73860000,27533
3,2462,73860000,73860000,9123,15205,73890000,27544
3,2463,73890000,73890000,9123,15205,73920000,27552
3,2464,73920000,73920000,9123,15205,73950000,27565
3,2465,73950000,73950000,9123,15205,73980000,27577
3,2466,73980000,73980000,9123,15205,74010000,27589
3,2467,74010000,74010000,9123,15205,74040000,27599
3,2468,74040000,74040000,9123,15205,74070000,27610
3,2469,74070000,74070000,9123,15205,74100000,27623
3,247,7410000,7410000,9123,15205,7440000,2768
3,2470,74100000,74100000,9123,15205,74130000,27632
3,2471,74130000,74130000,9123,15205,74160000,27643
3,2472,74160000,74160000,9123,15205,74190000,27654
3,2473,74190000,74190000,9123,15205,74220000,27666
3,2474,74220000,74220000,9123,15205,74250000,27678
3,2475,74250000,74250000,9123,15205,74280000,27689
3,2476,74280000,74280000,9123,15205,74310000,27701
3,2477,74310000,74310000,9123,15205,74340000,27710
3,2478,74340000,74340000,9123,15205,74370000,27722
3,2479,74370000,74370000,9123,15205,74400000,27732
3,248,7440000,7440000,9123,15205,7470000,2780
3,2480,74400000,74400000,9123,15205,74430000,27745
3,2481,74430000,74430000,9123,15205,74460000,27756
3,2482,74460000,74460000,9123,15205,74490000,27768
3,2483,74490000,74490000,9123,15205,74520000,27778
3,2484,74520000,74520000,9123,15205,74550000,27788
3,2485,74550000,74550000,9123,15205,74580000,27800
3,2486,74580000,74580000,9123,15205,74610000,27812
3,2487,74610000,74610000,9123,15205,74640000,27822
3,2488,74640000,74640000,9123,15205,74670000,27834
3,2489,74670000,74670000,9123,15205,74700000,27846
3,249,7470000,7470000,9123,15205,7500000,2792
3,2490,74700000,74700000,9123,15205,74730000,27858
3,2491,74730000,74730000,9123,15205,74760000,27867
3,2492,74760000,74760000,9123,15205,74790000,27877
3,2493,74790000,74790000,9123,15205,74820000,27890
3,2494,74820000,74820000,9123,15205,74850000,27901
3,2495,74850000,74850000,9123,15205,74880000,27912
3,2496,74880000,74880000,9123,15205,74910000,27924
3,2497,74910000,74910000,9123,15205,74940000,27935
3,2498,74940000,74940000,9123,15205,74970000,27946
3,2499,74970000,74970000,9123,15205,75000000,27956
3,25,750000,750000,9123,15205,780000,287
3,250,7500000,7500000,9123,15205,7530000,2804
3,2500,75000000,75000000,9123,15205,75030000,27968
3,2501,75030000,75030000,9123,15205,75060000,27980
3,2502,75060000,75060000,9123,15205,75090000,27991
3,2503,75090000,75090000,9123,15205,75120000,28001
3,2504,75120000,75120000,9123,15205,75150000,28014
3,2505,75150000,75150000,9123,15205,75180000,28023
3,2506,75180000,75180000,9123,15205,75210000,28036
3,2507,75210000,75210000,9123,15205,75240000,28045
3,2508,75240000,75240000,9123,15205,75270000,28057
3,2509,75270000,75270000,9123,15205,75300000,28070
3,251,7530000,7530000,9123,15205,7560000,2813
3,2510,75300000,75300000,9123,15205,75330000,28081
3,2511,75330000,75330000,9123,15205,75360000,28092
3,2512,75360000,75360000,9123,15205,75390000,28101
3,2513,75390000,75390000,9123,15205,75420000,28113
3,2514,75420000,75420000,9123,15205,75450000,28125
3,2515,75450000,75450000,9123,15205,75480000,28136
3,2516,75480000,75480000,9123,15205,75510000,28147
3,2517,75510000,75510000,9123,15205,75540000,28159
3,2518,75540000,75540000,9123,15205,75570000,28170
3,2519,75570000,75570000,9123,15205,75600000,28179
3,252,7560000,7560000,9123,15205,7590000,2823
3,2520,75600000,75600000,9123,15205,75630000,28192
3,2521,75630000,75630000,9123,15205,75660000,28203
3,2522,75660000,75660000,9123,15205,75690000,28215
3,2523,75690000,75690000,9123,15205,75720000,28225
3,2524,75720000,75720000,9123,15205,75750000,28237
3,2525,75750000,75750000,9123,15205,75780000,28249
3,2526,75780000,75780000,9123,15205,75810000,28259
3,2527,75810000,75810000,9123,15205,75840000,28268
3,2528,75840000,75840000,9123,15205,75870000,28281
3,2529,75870000,75870000,9123,15205,75900000,28292
3,253,7590000,7590000,9123,15205,7620000,2836
3,2530,75900000,75900000,9123,15205,75930000,28305
3,2531,75930000,75930000,9123,15205,75960000,28316
3,2532,75960000,75960000,9123,15205,75990000,28326
3,2533,75990000,75990000,9123,15205,76020000,28337
3,2534,76020000,76020000,9123,15205,76050000,28348
3,2535,76050000,76050000,9123,15205,76080000,28359
3,2536,76080000,76080000,9123,15205,76110000,28371
3,2537,76110000,76110000,9123,15205,76140000,28382
3,2538,76140000,76140000,9123,15205,76170000,28394
3,2539,76170000,76170000,9123,15205,76200000,28405
3,254,7620000,7620000,9123,15205,7650000,2848
3,2540,76200000,76200000,9123,15205,76230000,28414
3,2541,76230000,76230000,9123,15205,76260000,28427
3,2542,76260000,76260000,9123,15205,76290000,28438
3,2543,76290000,76290000,9123,15205,76320000,28448
3,2544,76320000,76320000,9123,15205,76350000,28461
3,2545,76350000,76350000,9123,15205,76380000,28472
3,2546,76380000,76380000,9123,15205,76410000,28485
3,2547,76410000,76410000,9123,15205,76440000,28492
3,2548,76440000,76440000,9123,15205,76470000,28504
3,2549,76470000,76470000,9123,15205,76500000,28516
3,255,7650000,7650000,9123,15205,7680000,2858
3,2550,76500000,76500000,9123,15205,76530000,28528
3,2551,76530000,76530000,9123,15205,76560000,28538
3,2552,76560000,76560000,9123,15205,76590000,28550
3,2553,76590000,76590000,9123,15205,76620000,28562
3,2554,76620000,76620000,9123,15205,76650000,28572
3,2555,76650000,76650000,9123,15205,76680000,28583
3,2556,76680000,76680000,9123,15205,76710000,28594
3,2557,76710000,76710000,9123,15205,76740000,28606
3,2558,76740000,76740000,9123,15205,76770000,28617
3,2559,76770000,76770000,9123,15205,76800000,28628
3,256,7680000,7680000,9123,15205,7710000,2871
3,2560,76800000,76800000,9123,15205,76830000,28640
3,2561,76830000,76830000,9123,15205,76860000,28650
3,2562,76860000,76860000,9123,15205,76890000,28661
3,2563,76890000,76890000,9123,15205,76920000,28672
3,2564,76920000,76920000,9123,15205,76950000,28684
3,2565,76950000,76950000,9123,15205,76980000,28696
3,2566,76980000,76980000,9123,15205,77010000,28708
3,2567,77010000,77010000,9123,15205,77040000,28717
3,2568,77040000,77040000,9123,15205,77070000,28728
3,2569,77070000,77070000,9123,15205,77100000,28739
3,257,7710000,7710000,9123,15205,7740000,2881
3,2570,77100000,77100000,9123,15205,77130000,28752
3,2571,77130000,77130000,9123,15205,77160000,28762
3,2572,77160000,77160000,9123,15205,77190000,28773
3,2573,77190000,77190000,9123,15205,77220000,28785
3,2574,77220000,77220000,9123,15205,77250000,28797
3,2575,77250000,77250000,9123,15205,77280000,28806
3,2576,77280000,77280000,9123,15205,77310000,28818
3,2577,77310000,77310000,9123,15205,77340000,28829
3,2578,77340000,77340000,9123,15205,77370000,28841
3,2579,77370000,77370000,9123,15205,77400000,28852
3,258,7740000,7740000,9123,15205,7770000,2892
3,2580,77400000,77400000,9123,15205,77430000,28863
3,2581,77430000,77430000,9123,15205,77460000,28876
3,2582,77460000,77460000,9123,15205,77490000,28884
3,2583,77490000,77490000,9123,15205,77520000,28895
3,2584,77520000,77520000,9123,15205,77550000,28907
3,2585,77550000,77550000,9123,15205,77580000,28919
3,2586,77580000,77580000,9123,15205,77610000,28932
3,2587,77610000,77610000,9123,15205,77640000,28941
3,2588,77640000,77640000,9123,15205,77670000,28953
3,2589,77670000,77670000,9123,15205,77700000,28963
3,259,7770000,7770000,9123,15205,7800000,2902
3,2590,77700000,77700000,9123,15205,77730000,28975
3,2591,77730000,77730000,9123,15205,77760000,28985
3,2592,77760000,77760000,9123,15205,77790000,28997
3,2593,77790000,77790000,9123,15205,77820000,29008
3,2594,77820000,77820000,9123,15205,77850000,29021
3,2595,77850000,77850000,9123,15205,77880000,29031
3,2596,77880000,77880000,9123,15205,77910000,29041
3,2597,77910000,77910000,9123,15205,77940000,29053
3,2598,77940000,77940000,9123,15205,77970000,29064
3,2599,77970000,77970000,9123,15205,78000000,29075
3,26,780000,780000,9123,15205,810000,299
3,260,7800000,7800000,9123,15205,7830000,2914
3,2600,78000000,78000000,9123,15205,78030000,29087
3,2601,78030000,78030000,9123,15205,78060000,29099
3,2602,78060000,78060000,9123,15205,78090000,29110
3,2603,78090000,78090000,9123,15205,78120000,29119
3,2604,78120000,78120000,9123,15205,78150000,29130
3,2605,78150000,78150000,9123,15205,78180000,29143
3,2606,78180000,78180000,9123,15205,78210000,29154
3,2607,78210000,78210000,9123,15205,78240000,29164
3,2608,78240000,78240000,9123,15205,78270000,29177
3,2609,78270000,78270000,9123,15205,78300000,29188
3,261,7830000,7830000,9123,15205,7860000,2926
3,2610,78300000,78300000,9123,15205,78330000,29199
3,2611,78330000,78330000,9123,15205,78360000,29209
3,2612,78360000,78360000,9123,15205,78390000,29220
3,2613,78390000,78390000,9123,15205,78420000,29232
3,2614,78420000,78420000,9123,15205,78450000,29244
3,2615,78450000,78450000,9123,15205,78480000,29254
3,2616,78480000,78480000,9123,15205,78510000,29267
3,2617,78510000,78510000,9123,15205,78540000,29275
3,2618,78540000,78540000,9123,15205,78570000,29288
3,2619,78570000,78570000,9123,15205,78600000,29299
3,262,7860000,7860000,9123,15205,7890000,2937
3,2620,78600000,78600000,9123,15205,78630000,29310
3,2621,78630000,78630000,9123,15205,78660000,29323
3,2622,78660000,78660000,9123,15205,78690000,29333
3,2623,78690000,78690000,9123,15205,78720000,29344
3,2624,78720000,78720000,9123,15205,78750000,29354
3,2625,78750000,78750000,9123,15205,78780000,29366
3,2626,78780000,78780000,9123,15205,78810000,29378
3,2627,78810000,78810000,9123,15205,78840000,29388
3,2628,78840000,78840000,9123,15205,78870000,29399
3,2629,78870000,78870000,9123,15205,78900000,29412
3,263,7890000,7890000,9123,15205,7920000,2947
3,2630,78900000,78900000,9123,15205,78930000,29424
3,2631,78930000,78930000,9123,15205,78960000,29432
3,2632,78960000,78960000,9123,15205,78990000,29444
3,2633,78990000,78990000,9123,15205,79020000,29455
3,2634,79020000,79020000,9123,15205,79050000,29468
3,2635,79050000,79050000,9123,15205,79080000,29478
3,2636,79080000,79080000,9123,15205,79110000,29490
3,2637,79110000,79110000,9123,15205,79140000,29501
3,2638,79140000,79140000,9123,15205,79170000,29511
3,2639,79170000,79170000,9123,15205,79200000,29521
3,264,7920000,7920000,9123,15205,7950000,2960
3,2640,79200000,79200000,9123,15205,79230000,29534
3,2641,79230000,79230000,9123,15205,79260000,29546
3,2642,79260000,79260000,9123,15205,79290000,29557
3,2643,79290000,79290000,9123,15205,79320000,29568
3,2644,79320000,79320000,9123,15205,79350000,29579
3,2645,79350000,79350000,9123,15205,79380000,29590
3,2646,79380000,79380000,9123,15205,79410000,29601
3,2647,79410000,79410000,9123,15205,79440000,29611
3,2648,79440000,79440000,9123,15205,79470000,29623
3,2649,79470000,79470000,9123,15205,79500000,29635
3,265,7950000,7950000,9123,15205,7980000,2970
3,2650,79500000,79500000,9123,15205,79530000,29647
3,2651,79530000,79530000,9123,15205,79560000,29658
3,2652,79560000,79560000,9123,15205,79590000,29667
3,2653,79590000,79590000,9123,15205,79620000,29679
3,2654,79620000,79620000,9123,15205,79650000,29691
3,2655,79650000,79650000,9123,15205,79680000,29701
3,2656,79680000,79680000,9123,15205,79710000,29714
3,2657,79710000,79710000,9123,15205,79740000,29724
3,2658,79740000,79740000,9123,15205,79770000,29737
3,2659,79770000,79770000,9123,15205,79800000,29745
3,266,7980000,7980000,9123,15205,8010000,2982
3,2660,79800000,79800000,9123,15205,79830000,29757
3,2661,79830000,79830000,9123,15205,79860000,29769
3,2662,79860000,79860000,9123,15205,79890000,29780
3,2663,79890000,79890000,9123,15205,79920000,29791
3,2664,79920000,79920000,9123,15205,79950000,29803
3,2665,79950000,79950000,9123,15205,79980000,29815
3,2666,79980000,79980000,9123,15205,80010000,29825
3,2667,80010000,80010000,9123,15205,80040000,29835
3,2668,80040000,80040000,9123,15205,80070000,29846
3,2669,80070000,80070000,9123,15205,80100000,29859
3,267,8010000,8010000,9123,15205,8040000,2992
3,2670,80100000,80100000,9123,15205,80130000,29870
3,2671,80130000,80130000,9123,15205,80160000,29881
3,2672,80160000,80160000,9123,15205,80190000,29892
3,2673,80190000,80190000,9123,15205,80220000,29902
3,2674,80220000,80220000,9123,15205,80250000,29915
3,2675,80250000,80250000,9123,15205,80280000,29925
3,2676,80280000,80280000,9123,15205,80310000,29937
3,2677,80310000,80310000,9123,15205,80340000,29948
3,2678,80340000,80340000,9123,15205,80370000,29960
3,2679,80370000,80370000,9123,15205,80400000,29970
3,268,8040000,8040000,9123,15205,8070000,3003
3,2680,80400000,80400000,9123,15205,80430000,29981
3,2681,80430000,80430000,9123,15205,80460000,29992
3,2682,80460000,80460000,9123,15205,80490000,30004
3,2683,80490000,80490000,9123,15205,80520000,30014
3,2684,80520000,80520000,9123,15205,80550000,30026
3,2685,80550000,80550000,9123,15205,80580000,30039
3,2686,80580000,80580000,9123,15205,80610000,30050
3,2687,80610000,80610000,9123,15205,80640000,30058
3,2688,80640000,80640000,9123,15205,80670000,30070
3,2689,80670000,80670000,9123,15205,80700000,30082
3,269,8070000,8070000,9123,15205,8100000,3016
3,2690,80700000,80700000,9123,15205,80730000,30094
3,2691,80730000,80730000,9123,15205,80760000,30105
3,2692,80760000,80760000,9123,15205,80790000,30115
3,2693,80790000,80790000,9123,15205,80820000,30128
3,2694,80820000,80820000,9123,15205,80850000,30137
3,2695,80850000,80850000,9123,15205,80880000,30148
3,2696,80880000,80880000,9123,15205,80910000,30161
3,2697,80910000,80910000,9123,15205,80940000,30171
3,2698,80940000,80940000,9123,15205,80970000,30184
3,2699,80970000,80970000,9123,15205,81000000,30194
3,27,810000,810000,9123,15205,840000,307
3,270,8100000,8100000,9123,15205,8130000,3027
3,2700,81000000,81000000,9123,15205,81030000,30206
3,2701,81030000,81030000,9123,15205,81060000,30216
3,2702,81060000,81060000,9123,15205,81090000,30227
3,2703,81090000,81090000,9123,15205,81120000,30237
3,2704,81120000,81120000,9123,15205,81150000,30250
3,2705,81150000,81150000,9123,15205,81180000,30261
3,2706,81180000,81180000,9123,15205,81210000,30274
3,2707,81210000,81210000,9123,15205,81240000,30284
3,2708,81240000,81240000,9123,15205,81270000,30293
3,2709,81270000,81270000,9123,15205,81300000,30306
3,271,8130000,8130000,9123,15205,8160000,3038
3,2710,81300000,81300000,9123,15205,81330000,30317
3,2711,81330000,81330000,9123,15205,81360000,30328
3,2712,81360000,81360000,9123,15205,81390000,30339
3,2713,81390000,81390000,9123,15205,81420000,30351
3,2714,81420000,81420000,9123,15205,81450000,30363
3,2715,81450000,81450000,9123,15205,81480000,30372
3,2716,81480000,81480000,9123,15205,81510000,30383
3,2717,81510000,81510000,9123,15205,81540000,30395
3,2718,81540000,81540000,9123,15205,81570000,30407
3,2719,81570000,81570000,9123,15205,81600000,30417
3,272,8160000,8160000,9123,15205,8190000,3047
3,2720,81600000,81600000,9123,15205,81630000,30430
3,2721,81630000,81630000,9123,15205,81660000,30441
3,2722,81660000,81660000,9123,15205,81690000,30451
3,2723,81690000,81690000,9123,15205,81720000,30461
3,2724,81720000,81720000,9123,15205,81750000,30473
3,2725,81750000,81750000,9123,15205,81780000,30485
3,2726,81780000,81780000,9123,15205,81810000,30497
3,2727,81810000,81810000,9123,15205,81840000,30506
3,2728,81840000,81840000,9123,15205,81870000,30519
3,2729,81870000,81870000,9123,15205,81900000,30529
3,273,8190000,8190000,9123,15205,8220000,3059
3,2730,81900000,81900000,9123,15205,81930000,30541
3,2731,81930000,81930000,9123,15205,81960000,30552
3,2732,81960000,81960000,9123,15205,81990000,30562
3,2733,81990000,81990000,9123,15205,82020000,30575
3,2734,82020000,82020000,9123,15205,82050000,30586
3,2735,82050000,82050000,9123,15205,82080000,30597
3,2736,82080000,82080000,9123,15205,82110000,30607
3,2737,82110000,82110000,9123,15205,82140000,30618
3,2738,82140000,82140000,9123,15205,82170000,30630
3,2739,82170000,82170000,9123,15205,82200000,30641
3,274,8220000,8220000,9123,15205,8250000,3071
3,2740,82200000,82200000,9123,15205,82230000,30653
3,2741,82230000,82230000,9123,15205,82260000,30665
3,2742,82260000,82260000,9123,15205,82290000,30676
3,2743,82290000,82290000,9123,15205,82320000,30684
3,2744,82320000,82320000,9123,15205,82350000,30697
3,2745,82350000,82350000,9123,15205,82380000,30708
3,2746,82380000,82380000,9123,15205,82410000,30721
3,2747,82410000,82410000,9123,15205,82440000,30730
3,2748,82440000,82440000,9123,15205,82470000,30742
3,2749,82470000,82470000,9123,15205,82500000,30754
3,275,8250000,8250000,9123,15205,8280000,3082
3,2750,82500000,82500000,9123,15205,82530000,30764
3,2751,82530000,82530000,9123,15205,82560000,30775
3,2752,82560000,82560000,9123,15205,82590000,30786
3,2753,82590000,82590000,9123,15205,82620000,30798
3,2754,82620000,82620000,9123,15205,82650000,30810
3,2755,82650000,82650000,9123,15205,82680000,30821
3,2756,82680000,82680000,9123,15205,82710000,30832
3,2757,82710000,82710000,9123,15205,82740000,30842
3,2758,82740000,82740000,9123,15205,82770000,30853
3,2759,82770000,82770000,9123,15205,82800000,30864
3,276,8280000,8280000,9123,15205,8310000,3094
3,2760,82800000,82800000,9123,15205,82830000,30876
3,2761,82830000,82830000,9123,15205,82860000,30888
3,2762,82860000,82860000,9123,15205,82890000,30900
3,2763,82890000,82890000,9123,15205,82920000,30910
3,2764,82920000,82920000,9123,15205,82950000,30920
3,2765,82950000,82950000,9123,15205,82980000,30932
3,2766,82980000,82980000,9123,15205,83010000,30944
3,2767,83010000,83010000,9123,15205,83040000,30953
3,2768,83040000,83040000,9123,15205,83070000,30966
3,2769,83070000,83070000,9123,15205,83100000,30977
3,277,8310000,8310000,9123,15205,8340000,3105
3,2770,83100000,83100000,9123,15205,83130000,30990
3,2771,83130000,83130000,9123,15205,83160000,30998
3,2772,83160000,83160000,9123,15205,83190000,31009
3,2773,83190000,83190000,9123,15205,83220000,31022
3,2774,83220000,83220000,9123,15205,83250000,31033
3,2775,83250000,83250000,9123,15205,83280000,31044
3,2776,83280000,83280000,9123,15205,83310000,31056
3,2777,83310000,83310000,9123,15205,83340000,31067
3,2778,83340000,83340000,9123,15205,83370000,31077
3,2779,83370000,83370000,9123,15205,83400000,31088
3,278,8340000,8340000,9123,15205,8370000,3117
3,2780,83400000,83400000,9123,15205,83430000,31099
3,2781,83430000,83430000,9123,15205,83460000,31112
3,2782,83460000,83460000,9123,15205,83490000,31122
3,2783,83490000,83490000,9123,15205,83520000,31133
3,2784,83520000,83520000,9123,15205,83550000,31146
3,2785,83550000,83550000,9123,15205,83580000,31155
3,2786,83580000,83580000,9123,15205,83610000,31168
3,2787,83610000,83610000,9123,15205,83640000,31177
3,2788,83640000,83640000,9123,15205,83670000,31189
3,2789,83670000,83670000,9123,15205,83700000,31201
3,279,8370000,8370000,9123,15205,8400000,3125
3,2790,83700000,83700000,9123,15205,83730000,31213
3,2791,83730000,83730000,9123,15205,83760000,31223
3,2792,83760000,83760000,9123,15205,83790000,31233
3,2793,83790000,83790000,9123,15205,83820000,31244
3,2794,83820000,83820000,9123,15205,83850000,31257
3,2795,83850000,83850000,9123,15205,83880000,31268
3,2796,83880000,83880000,9123,15205,83910000,31279
3,2797,83910000,83910000,9123,15205,83940000,31291
3,2798,83940000,83940000,9123,15205,83970000,31302
3,2799,83970000,83970000,9123,15205,84000000,31311
3,28,840000,840000,9123,15205,870000,318
3,280,8400000,8400000,9123,15205,8430000,3138
3,2800,84000000,84000000,9123,15205,84030000,31323
3,2801,84030000,84030000,9123,15205,84060000,31335
3,2802,84060000,84060000,9123,15205,84090000,31346
3,2803,84090000,84090000,9123,15205,84120000,31357
3,2804,84120000,84120000,9123,15205,84150000,31368
3,2805,84150000,84150000,9123,15205,84180000,31381
3,2806,84180000,84180000,9123,15205,84210000,31391
3,2807,84210000,84210000,9123,15205,84240000,31400
3,2808,84240000,84240000,9123,15205,84270000,31413
3,2809,84270000,84270000,9123,15205,84300000,31424
3,281,8430000,8430000,9123,15205,8460000,3149
3,2810,84300000,84300000,9123,15205,84330000,31437
3,2811,84330000,84330000,9123,15205,84360000,31447
3,2812,84360000,84360000,9123,15205,84390000,31458
3,2813,84390000,84390000,9123,15205,84420000,31468
3,2814,84420000,84420000,9123,15205,84450000,31480
3,2815,84450000,84450000,9123,15205,84480000,31490
3,2816,84480000,84480000,9123,15205,84510000,31503
3,2817,84510000,84510000,9123,15205,84540000,31514
3,2818,84540000,84540000,9123,15205,84570000,31526
3,2819,84570000,84570000,9123,15205,84600000,31537
3,282,8460000,8460000,9123,15205,8490000,3161
3,2820,84600000,84600000,9123,15205,84630000,31546
3,2821,84630000,84630000,9123,15205,84660000,31559
3,2822,84660000,84660000,9123,15205,84690000,31569
3,2823,84690000,84690000,9123,15205,84720000,31580
3,2824,84720000,84720000,9123,15205,84750000,31592
3,2825,84750000,84750000,9123,15205,84780000,31604
3,2826,84780000,84780000,9123,15205,84810000,31616
3,2827,84810000,84810000,9123,15205,84840000,31624
3,2828,84840000,84840000,9123,15205,84870000,31636
3,2829,84870000,84870000,9123,15205,84900000,31648
3,283,8490000,8490000,9123,15205,8520000,3171
3,2830,84900000,84900000,9123,15205,84930000,31660
3,2831,84930000,84930000,9123,15205,84960000,31670
3,2832,84960000,84960000,9123,15205,84990000,31682
3,2833,84990000,84990000,9123,15205,85020000,31693
3,2834,85020000,85020000,9123,15205,85050000,31704
3,2835,85050000,85050000,9123,15205,85080000,31714
3,2836,85080000,85080000,9123,15205,85110000,31726
3,2837,85110000,85110000,9123,15205,85140000,31737
3,2838,85140000,85140000,9123,15205,85170000,31749
3,2839,85170000,85170000,9123,15205,85200000,31760
3,284,8520000,8520000,9123,15205,8550000,3183
3,2840,85200000,85200000,9123,15205,85230000,31772
3,2841,85230000,85230000,9123,15205,85260000,31782
3,2842,85260000,85260000,9123,15205,85290000,31793
3,2843,85290000,85290000,9123,15205,85320000,31804
3,2844,85320000,85320000,9123,15205,85350000,31815
3,2845,85350000,85350000,9123,15205,85380000,31828
3,2846,85380000,85380000,9123,15205,85410000,31839
3,2847,85410000,85410000,9123,15205,85440000,31849
3,2848,85440000,85440000,9123,15205,85470000,31859
3,2849,85470000,85470000,9123,15205,85500000,31871
3,285,8550000,8550000,9123,15205,8580000,3195
3,2850,85500000,85500000,9123,15205,85530000,31884
3,2851,85530000,85530000,9123,15205,85560000,31894
3,2852,85560000,85560000,9123,15205,85590000,31905
3,2853,85590000,85590000,9123,15205,85620000,31917
3,2854,85620000,85620000,9123,15205,85650000,31929
3,2855,85650000,85650000,9123,15205,85680000,31937
3,2856,85680000,85680000,9123,15205,85710000,31950
3,2857,85710000,85710000,9123,15205,85740000,31960
3,2858,85740000,85740000,9123,15205,85770000,31973
3,2859,85770000,85770000,9123,15205,85800000,31983
3,286,8580000,8580000,9123,15205,8610000,3205
3,2860,85800000,85800000,9123,15205,85830000,31995
3,2861,85830000,85830000,9123,15205,85860000,32008
3,2862,85860000,85860000,9123,15205,85890000,32016
3,2863,85890000,85890000,9123,15205,85920000,32027
3,2864,85920000,85920000,9123,15205,85950000,32039
3,2865,85950000,85950000,9123,15205,85980000,32051
3,2866,85980000,85980000,9123,15205,86010000,32063
3,2867,86010000,86010000,9123,15205,86040000,32073
3,2868,86040000,86040000,9123,15205,86070000,32084
3,2869,86070000,86070000,9123,15205,86100000,32095
3,287,8610000,8610000,9123,15205,8640000,3215
3,2870,86100000,86100000,9123,15205,86130000,32106
3,2871,86130000,86130000,9123,15205,86160000,32117
3,2872,86160000,86160000,9123,15205,86190000,32129
3,2873,86190000,86190000,9123,15205,86220000,32140
3,2874,86220000,86220000,9123,15205,86250000,32153
3,2875,86250000,86250000,9123,15205,86280000,32163
3,2876,86280000,86280000,9123,15205,86310000,32173
3,2877,86310000,86310000,9123,15205,86340000,32184
3,2878,86340000,86340000,9123,15205,86370000,32196
3,2879,86370000,86370000,9123,15205,86400000,32206
3,288,8640000,8640000,9123,15205,8670000,3227
3,2880,86400000,86400000,9123,15205,86430000,32219
3,2881,86430000,86430000,9123,15205,86460000,32230
3,2882,86460000,86460000,9123,15205,86490000,32242
3,2883,86490000,86490000,9123,15205,86520000,32251
3,2884,86520000,86520000,9123,15205,86550000,32262
3,2885,86550000,86550000,9123,15205,86580000,32275
3,2886,86580000,86580000,9123,15205,86610000,32286
3,2887,86610000,86610000,9123,15205,86640000,32296
3,2888,86640000,86640000,9123,15205,86670000,32308
3,2889,86670000,86670000,9123,15205,86700000,32320
3,289,8670000,8670000,9123,15205,8700000,3239
3,2890,86700000,86700000,9123,15205,86730000,32330
3,2891,86730000,86730000,9123,15205,86760000,32341
3,2892,86760000,86760000,9123,15205,86790000,32351
3,2893,86790000,86790000,9123,15205,86820000,32364
3,2894,86820000,86820000,9123,15205,86850000,32376
3,2895,86850000,86850000,9123,15205,86880000,32386
3,2896,86880000,86880000,9123,15205,86910000,32399
3,2897,86910000,86910000,9123,15205,86940000,32407
3,2898,86940000,86940000,9123,15205,86970000,32420
3,2899,86970000,86970000,9123,15205,87000000,32430
3,29,870000,870000,9123,15205,900000,331
3,290,8700000,8700000,9123,15205,8730000,3251
3,2900,87000000,87000000,9123,15205,87030000,32442
3,2901,87030000,87030000,9123,15205,87060000,32454
3,2902,87060000,87060000,9123,15205,87090000,32465
3,2903,87090000,87090000,9123,15205,87120000,32475
3,2904,87120000,87120000,9123,15205,87150000,32486
3,2905,87150000,87150000,9123,15205,87180000,32498
3,2906,87180000,87180000,9123,15205,87210000,32510
3,2907,87210000,87210000,9123,15205,87240000,32520
3,2908,87240000,87240000,9123,15205,87270000,32531
3,2909,87270000,87270000,9123,15205,87300000,32544
3,291,8730000,8730000,9123,15205,8760000,3262
3,2910,87300000,87300000,9123,15205,87330000,32555
3,2911,87330000,87330000,9123,15205,87360000,32564
3,2912,87360000,87360000,9123,15205,87390000,32575
3,2913,87390000,87390000,9123,15205,87420000,32587
3,2914,87420000,87420000,9123,15205,87450000,32599
3,2915,87450000,87450000,9123,15205,87480000,32610
3,2916,87480000,87480000,9123,15205,87510000,32622
3,2917,87510000,87510000,9123,15205,87540000,32633
3,2918,87540000,87540000,9123,15205,87570000,32643
3,2919,87570000,87570000,9123,15205,87600000,32653
3,292,8760000,8760000,9123,15205,8790000,3272
3,2920,87600000,87600000,9123,15205,87630000,32666
3,2921,87630000,87630000,9123,15205,87660000,32677
3,2922,87660000,87660000,9123,15205,87690000,32689
3,2923,87690000,87690000,9123,15205,87720000,32699
3,2924,87720000,87720000,9123,15205,87750000,32711
3,2925,87750000,87750000,9123,15205,87780000,32721
3,2926,87780000,87780000,9123,15205,87810000,32733
3,2927,87810000,87810000,9123,15205,87840000,32743
3,2928,87840000,87840000,9123,15205,87870000,32755
3,2929,87870000,87870000,9123,15205,87900000,32767
3,293,8790000,8790000,9123,15205,8820000,3283
3,2930,87900000,87900000,9123,15205,87930000,32779
3,2931,87930000,87930000,9123,15205,87960000,32790
3,2932,87960000,87960000,9123,15205,87990000,32798
3,2933,87990000,87990000,9123,15205,88020000,32811
3,2934,88020000,88020000,9123,15205,88050000,32822
3,2935,88050000,88050000,9123,15205,88080000,32833
3,2936,88080000,88080000,9123,15205,88110000,32845
3,2937,88110000,88110000,9123,15205,88140000,32856
3,2938,88140000,88140000,9123,15205,88170000,32869
3,2939,88170000,88170000,9123,15205,88200000,32877
3,294,8820000,8820000,9123,15205,8850000,3294
3,2940,88200000,88200000,9123,15205,88230000,32889
3,2941,88230000,88230000,9123,15205,88260000,32901
3,2942,88260000,88260000,9123,15205,88290000,32912
3,2943,88290000,88290000,9123,15205,88320000,32922
3,2944,88320000,88320000,9123,15205,88350000,32935
3,2945,88350000,88350000,9123,15205,88380000,32946
3,2946,88380000,88380000,9123,15205,88410000,32957
3,2947,88410000,88410000,9123,15205,88440000,32966
3,2948,88440000,88440000,9123,15205,88470000,32978
3,2949,88470000,88470000,9123,15205,88500000,32991
3,295,8850000,8850000,9123,15205,8880000,3305
3,2950,88500000,88500000,9123,15205,88530000,33002
3,2951,88530000,88530000,9123,15205,88560000,33013
3,2952,88560000,88560000,9123,15205,88590000,33024
3,2953,88590000,88590000,9123,15205,88620000,33034
3,2954,88620000,88620000,9123,15205,88650000,33046
3,2955,88650000,88650000,9123,15205,88680000,33057
3,2956,88680000,88680000,9123,15205,88710000,33068
3,2957,88710000,88710000,9123,15205,88740000,33080
3,2958,88740000,88740000,9123,15205,88770000,33091
3,2959,88770000,88770000,9123,15205,88800000,33102
3,296,8880000,8880000,9123,15205,8910000,3317
3,2960,88800000,88800000,9123,15205,88830000,33113
3,2961,88830000,88830000,9123,15205,88860000,33124
3,2962,88860000,88860000,9123,15205,88890000,33136
3,2963,88890000,88890000,9123,15205,88920000,33146
3,2964,88920000,88920000,9123,15205,88950000,33158
3,2965,88950000,88950000,9123,15205,88980000,33170
3,2966,88980000,88980000,9123,15205,89010000,33182
3,2967,89010000,89010000,9123,15205,89040000,33189
3,2968,89040000,89040000,9123,15205,89070000,33202
3,2969,89070000,89070000,9123,15205,89100000,33213
3,297,8910000,8910000,9123,15205,8940000,3328
3,2970,89100000,89100000,9123,15205,89130000,33226
3,2971,89130000,89130000,9123,15205,89160000,33237
3,2972,89160000,89160000,9123,15205,89190000,33247
3,2973,89190000,89190000,9123,15205,89220000,33260
3,2974,89220000,89220000,9123,15205,89250000,33269
3,2975,89250000,89250000,9123,15205,89280000,33280
3,2976,89280000,89280000,9123,15205,89310000,33292
3,2977,89310000,89310000,9123,15205,89340000,33303
3,2978,89340000,89340000,9123,15205,89370000,33315
3,2979,89370000,89370000,9123,15205,89400000,33326
3,298,8940000,8940000,9123,15205,8970000,3341
3,2980,89400000,89400000,9123,15205,89430000,33337
3,2981,89430000,89430000,9123,15205,89460000,33348
3,2982,89460000,89460000,9123,15205,89490000,33359
3,2983,89490000,89490000,9123,15205,89520000,33369
3,2984,89520000,89520000,9123,15205,89550000,33382
3,2985,89550000,89550000,9123,15205,89580000,33393
3,2986,89580000,89580000,9123,15205,89610000,33406
3,2987,89610000,89610000,9123,15205,89640000,33415
3,2988,89640000,89640000,9123,15205,89670000,33425
3,2989,89670000,89670000,9123,15205,89700000,33437
3,299,8970000,8970000,9123,15205,9000000,3351
3,2990,89700000,89700000,9123,15205,89730000,33449
3,2991,89730000,89730000,9123,15205,89760000,33459
3,2992,89760000,89760000,9123,15205,89790000,33471
3,2993,89790000,89790000,9123,15205,89820000,33483
3,2994,89820000,89820000,9123,15205,89850000,33495
3,2995,89850000,89850000,9123,15205,89880000,33504
3,2996,89880000,89880000,9123,15205,89910000,33515
3,2997,89910000,89910000,9123,15205,89940000,33527
3,2998,89940000,89940000,9123,15205,89970000,33538
3,2999,89970000,89970000,9123,15205,90000000,33549
3,3,90000,90000,9123,15205,120000,40
3,30,900000,900000,9123,15205,930000,342
3,300,9000000,9000000,9123,15205,9030000,3361
3,3000,90000000,90000000,9123,15205,90030000,33561
3,3001,90030000,90030000,9123,15205,90060000,33573
3,3002,90060000,90060000,9123,15205,90090000,33582
3,3003,90090000,90090000,9123,15205,90120000,33593
3,3004,90120000,90120000,9123,15205,90150000,33605
3,3005,90150000,90150000,9123,15205,90180000,33617
3,3006,90180000,90180000,9123,15205,90210000,33629
3,3007,90210000,90210000,9123,15205,90240000,33638
3,3008,90240000,90240000,9123,15205,90270000,33651
3,3009,90270000,90270000,9123,15205,90300000,33660
3,301,9030000,9030000,9123,15205,9060000,3373
3,3010,90300000,90300000,9123,15205,90330000,33673
3,3011,90330000,90330000,9123,15205,90360000,33683
3,3012,90360000,90360000,9123,15205,90390000,33694
3,3013,90390000,90390000,9123,15205,90420000,33706
3,3014,90420000,90420000,9123,15205,90450000,33718
3,3015,90450000,90450000,9123,15205,90480000,33729
3,3016,90480000,90480000,9123,15205,90510000,33739
3,3017,90510000,90510000,9123,15205,90540000,33750
3,3018,90540000,90540000,9123,15205,90570000,33762
3,3019,90570000,90570000,9123,15205,90600000,33773
3,302,9060000,9060000,9123,15205,9090000,3384
3,3020,90600000,90600000,9123,15205,90630000,33784
3,3021,90630000,90630000,9123,15205,90660000,33797
3,3022,90660000,90660000,9123,15205,90690000,33807
3,3023,90690000,90690000,9123,15205,90720000,33816
3,3024,90720000,90720000,9123,15205,90750000,33828
3,3025,90750000,90750000,9123,15205,90780000,33840
3,3026,90780000,90780000,9123,15205,90810000,33853
3,3027,90810000,90810000,9123,15205,90840000,33862
3,3028,90840000,90840000,9123,15205,90870000,33874
3,3029,90870000,90870000,9123,15205,90900000,33886
3,303,9090000,9090000,9123,15205,9120000,3394
3,3030,90900000,90900000,9123,15205,90930000,33896
3,3031,90930000,90930000,9123,15205,90960000,33906
3,3032,90960000,90960000,9123,15205,90990000,33918
3,3033,90990000,90990000,9123,15205,91020000,33929
3,3034,91020000,91020000,9123,15205,91050000,33942
3,3035,91050000,91050000,9123,15205,91080000,33952
3,3036,91080000,91080000,9123,15205,91110000,33964
3,3037,91110000,91110000,9123,15205,91140000,33974
3,3038,91140000,91140000,9123,15205,91170000,33985
3,3039,91170000,91170000,9123,15205,91200000,33996
3,304,9120000,9120000,9123,15205,9150000,3407
3,3040,91200000,91200000,9123,15205,91230000,34008
3,3041,91230000,91230000,9123,15205,91260000,34020
3,3042,91260000,91260000,9123,15205,91290000,34031
3,3043,91290000,91290000,9123,15205,91320000,34042
3,3044,91320000,91320000,9123,15205,91350000,34051
3,3045,91350000,91350000,9123,15205,91380000,34064
3,3046,91380000,91380000,9123,15205,91410000,34075
3,3047,91410000,91410000,9123,15205,91440000,34085
3,3048,91440000,91440000,9123,15205,91470000,34098
3,3049,91470000,91470000,9123,15205,91500000,34109
3,305,9150000,9150000,9123,15205,9180000,3418
3,3050,91500000,91500000,9123,15205,91530000,34122
3,3051,91530000,91530000,9123,15205,91560000,34130
3,3052,91560000,91560000,9123,15205,91590000,34141
3,3053,91590000,91590000,9123,15205,91620000,34153
3,3054,91620000,91620000,9123,15205,91650000,34165
3,3055,91650000,91650000,9123,15205,91680000,34175
3,3056,91680000,91680000,9123,15205,91710000,34188
3,3057,91710000,91710000,9123,15205,91740000,34198
3,3058,91740000,91740000,9123,15205,91770000,34209
3,3059,91770000,91770000,9123,15205,91800000,34220
3,306,9180000,9180000,9123,15205,9210000,3431
3,3060,91800000,91800000,9123,15205,91830000,34231
3,3061,91830000,91830000,9123,15205,91860000,34244
3,3062,91860000,91860000,9123,15205,91890000,34254
3,3063,91890000,91890000,9123,15205,91920000,34265
3,3064,91920000,91920000,9123,15205,91950000,34277
3,3065,91950000,91950000,9123,15205,91980000,34287
3,3066,91980000,91980000,9123,15205,92010000,34299
3,3067,92010000,92010000,9123,15205,92040000,34309
3,3068,92040000,92040000,9123,15205,92070000,34320
3,3069,92070000,92070000,9123,15205,92100000,34333
3,307,9210000,9210000,9123,15205,9240000,3438
3,3070,92100000,92100000,9123,15205,92130000,34345
3,3071,92130000,92130000,9123,15205,92160000,34355
3,3072,92160000,92160000,9123,15205,92190000,34365
3,3073,92190000,92190000,9123,15205,92220000,34376
3,3074,92220000,92220000,9123,15205,92250000,34389
3,3075,92250000,92250000,9123,15205,92280000,34399
3,3076,92280000,92280000,9123,15205,92310000,34411
3,3077,92310000,92310000,9123,15205,92340000,34422
3,3078,92340000,92340000,9123,15205,92370000,34434
3,3079,92370000,92370000,9123,15205,92400000,34442
3,308,9240000,9240000,9123,15205,9270000,3450
3,309,9270000,9270000,9123,15205,9300000,3463
3,31,930000,930000,9123,15205,960000,353
3,310,9300000,9300000,9123,15205,9330000,3474
3,311,9330000,9330000,9123,15205,9360000,3485
3,312,9360000,9360000,9123,15205,9390000,3496
3,313,9390000,9390000,9123,15205,9420000,3508
3,314,9420000,9420000,9123,15205,9450000,3518
3,315,9450000,9450000,9123,15205,9480000,3529
3,316,9480000,9480000,9123,15205,9510000,3540
3,317,9510000,9510000,9123,15205,9540000,3552
3,318,9540000,9540000,9123,15205,9570000,3563
3,319,9570000,9570000,9123,15205,9600000,3574
3,32,960000,960000,9123,15205,990000,364
3,320,9600000,9600000,9123,15205,9630000,3587
3,321,9630000,9630000,9123,15205,9660000,3596
3,322,9660000,9660000,9123,15205,9690000,3608
3,323,9690000,9690000,9123,15205,9720000,3618
3,324,9720000,9720000,9123,15205,9750000,3630
3,325,9750000,9750000,9123,15205,9780000,3642
3,326,9780000,9780000,9123,15205,9810000,3654
3,327,9810000,9810000,9123,15205,9840000,3663
3,328,9840000,9840000,9123,15205,9870000,3674
3,329,9870000,9870000,9123,15205,9900000,3685
3,33,990000,990000,9123,15205,1020000,376
3,330,9900000,9900000,9123,15205,9930000,3698
3,331,9930000,9930000,9123,15205,9960000,3709
3,332,9960000,9960000,9123,15205,9990000,3719
3,333,9990000,9990000,9123,15205,10020000,3732
3,334,10020000,10020000,9123,15205,10050000,3743
3,335,10050000,10050000,9123,15205,10080000,3752
3,336,10080000,10080000,9123,15205,10110000,3764
3,337,10110000,10110000,9123,15205,10140000,3775
3,338,10140000,10140000,9123,15205,10170000,3787
3,339,10170000,10170000,9123,15205,10200000,3798
3,34,1020000,1020000,9123,15205,1050000,387
3,340,10200000,10200000,9123,15205,10230000,3809
3,341,10230000,10230000,9123,15205,10260000,3822
3,342,10260000,10260000,9123,15205,10290000,3831
3,343,10290000,10290000,9123,15205,10320000,3841
3,344,10320000,10320000,9123,15205,10350000,3854
3,345,10350000,10350000,9123,15205,10380000,3865
3,346,10380000,10380000,9123,15205,10410000,3878
3,347,10410000,10410000,9123,15205,10440000,3887
3,348,10440000,10440000,9123,15205,10470000,3899
3,349,10470000,10470000,9123,15205,10500000,3909
3,35,1050000,1050000,9123,15205,1080000,397
3,350,10500000,10500000,9123,15205,10530000,3921
3,351,10530000,10530000,9123,15205,10560000,3931
3,352,10560000,10560000,9123,15205,10590000,3943
3,353,10590000,10590000,9123,15205,10620000,3955
3,354,10620000,10620000,9123,15205,10650000,3967
3,355,10650000,10650000,9123,15205,10680000,3978
3,356,10680000,10680000,9123,15205,10710000,3987
3,357,10710000,10710000,9123,15205,10740000,3999
3,358,10740000,10740000,9123,15205,10770000,4010
3,359,10770000,10770000,9123,15205,10800000,4021
3,36,1080000,1080000,9123,15205,1110000,409
3,360,10800000,10800000,9123,15205,10830000,4033
3,361,10830000,10830000,9123,15205,10860000,4045
3,362,10860000,10860000,9123,15205,10890000,4056
3,363,10890000,10890000,9123,15205,10920000,4065
3,364,10920000,10920000,9123,15205,10950000,4077
3,365,10950000,10950000,9123,15205,10980000,4089
3,366,10980000,10980000,9123,15205,11010000,4101
3,367,11010000,11010000,9123,15205,11040000,4110
3,368,11040000,11040000,9123,15205,11070000,4123
3,369,11070000,11070000,9123,15205,11100000,4134
3,37,1110000,1110000,9123,15205,1140000,420
3,370,11100000,11100000,9123,15205,11130000,4145
3,371,11130000,11130000,9123,15205,11160000,4155
3,372,11160000,11160000,9123,15205,11190000,4166
3,373,11190000,11190000,9123,15205,11220000,4178
3,374,11220000,11220000,9123,15205,11250000,4190
3,375,11250000,11250000,9123,15205,11280000,4201
3,376,11280000,11280000,9123,15205,11310000,4213
3,377,11310000,11310000,9123,15205,11340000,4222
3,378,11340000,11340000,9123,15205,11370000,4234
3,379,11370000,11370000,9123,15205,11400000,4245
3,38,1140000,1140000,9123,15205,1170000,432
3,380,11400000,11400000,9123,15205,11430000,4256
3,381,11430000,11430000,9123,15205,11460000,4269
3,382,11460000,11460000,9123,15205,11490000,4279
3,383,11490000,11490000,9123,15205,11520000,4290
3,384,11520000,11520000,9123,15205,11550000,4300
3,385,11550000,11550000,9123,15205,11580000,4312
3,386,11580000,11580000,9123,15205,11610000,4325
3,387,11610000,11610000,9123,15205,11640000,4334
3,388,11640000,11640000,9123,15205,11670000,4346
3,389,11670000,11670000,9123,15205,11700000,4358
3,39,1170000,1170000,9123,15205,1200000,442
3,390,11700000,11700000,9123,15205,11730000,4370
3,391,11730000,11730000,9123,15205,11760000,4378
3,392,11760000,11760000,9123,15205,11790000,4390
3,393,11790000,11790000,9123,15205,11820000,4401
3,394,11820000,11820000,9123,15205,11850000,4414
3,395,11850000,11850000,9123,15205,11880000,4424
3,396,11880000,11880000,9123,15205,11910000,4436
3,397,11910000,11910000,9123,15205,11940000,4448
3,398,11940000,11940000,9123,15205,11970000,4457
3,399,11970000,11970000,9123,15205,12000000,4468
3,4,120000,120000,9123,15205,150000,51
3,40,1200000,1200000,9123,15205,1230000,455
3,400,12000000,12000000,9123,15205,12030000,4480
3,401,12030000,12030000,9123,15205,12060000,4492
3,402,12060000,12060000,9123,15205,12090000,4503
3,403,12090000,12090000,9123,15205,12120000,4514
3,404,12120000,12120000,9123,15205,12150000,4525
3,405,12150000,12150000,9123,15205,12180000,4536
3,406,12180000,12180000,9123,15205,12210000,4547
3,407,12210000,12210000,9123,15205,12240000,4557
3,408,12240000,12240000,9123,15205,12270000,4570
3,409,12270000,12270000,9123,15205,12300000,4581
3,41,1230000,1230000,9123,15205,1260000,464
3,410,12300000,12300000,9123,15205,12330000,4594
3,411,12330000,12330000,9123,15205,12360000,4604
3,412,12360000,12360000,9123,15205,12390000,4613
3,413,12390000,12390000,9123,15205,12420000,4625
3,414,12420000,12420000,9123,15205,12450000,4637
3,415,12450000,12450000,9123,15205,12480000,4647
3,416,12480000,12480000,9123,15205,12510000,4660
3,417,12510000,12510000,9123,15205,12540000,4670
3,418,12540000,12540000,9123,15205,12570000,4683
3,419,12570000,12570000,9123,15205,12600000,4692
3,42,1260000,1260000,9123,15205,1290000,476
3,420,12600000,12600000,9123,15205,12630000,4703
3,421,12630000,12630000,9123,15205,12660000,4716
3,422,12660000,12660000,9123,15205,12690000,4726
3,423,12690000,12690000,9123,15205,12720000,4737
3,424,12720000,12720000,9123,15205,12750000,4749
3,425,12750000,12750000,9123,15205,12780000,4761
3,426,12780000,12780000,9123,15205,12810000,4771
3,427,12810000,12810000,9123,15205,12840000,4781
3,428,12840000,12840000,9123,15205,12870000,4792
3,429,12870000,12870000,9123,15205,12900000,4805
3,43,1290000,1290000,9123,15205,1320000,486
3,430,12900000,12900000,9123,15205,12930000,4817
3,431,12930000,12930000,9123,15205,12960000,4827
3,432,12960000,12960000,9123,15205,12990000,4839
3,433,12990000,12990000,9123,15205,13020000,4848
3,434,13020000,13020000,9123,15205,13050000,4861
3,435,13050000,13050000,9123,15205,13080000,4871
3,436,13080000,13080000,9123,15205,13110000,4883
3,437,13110000,13110000,9123,15205,13140000,4894
3,438,13140000,13140000,9123,15205,13170000,4906
3,439,13170000,13170000,9123,15205,13200000,4916
3,44,1320000,1320000,9123,15205,1350000,498
3,440,13200000,13200000,9123,15205,13230000,4927
3,441,13230000,13230000,9123,15205,13260000,4939
3,442,13260000,13260000,9123,15205,13290000,4950
3,443,13290000,13290000,9123,15205,13320000,4961
3,444,13320000,13320000,9123,15205,13350000,4972
3,445,13350000,13350000,9123,15205,13380000,4985
3,446,13380000,13380000,9123,15205,13410000,4996
3,447,13410000,13410000,9123,15205,13440000,5004
3,448,13440000,13440000,9123,15205,13470000,5016
3,449,13470000,13470000,9123,15205,13500000,5028
3,45,1350000,1350000,9123,15205,1380000,511
3,450,13500000,13500000,9123,15205,13530000,5040
3,451,13530000,13530000,9123,15205,13560000,5051
3,452,13560000,13560000,9123,15205,13590000,5062
3,453,13590000,13590000,9123,15205,13620000,5074
3,454,13620000,13620000,9123,15205,13650000,5084
3,455,13650000,13650000,9123,15205,13680000,5094
3,456,13680000,13680000,9123,15205,13710000,5107
3,457,13710000,13710000,9123,15205,13740000,5117
3,458,13740000,13740000,9123,15205,13770000,5130
3,459,13770000,13770000,9123,15205,13800000,5140
3,46,1380000,1380000,9123,15205,1410000,522
3,460,13800000,13800000,9123,15205,13830000,5152
3,461,13830000,13830000,9123,15205,13860000,5162
3,462,13860000,13860000,9123,15205,13890000,5173
3,463,13890000,13890000,9123,15205,13920000,5184
3,464,13920000,13920000,9123,15205,13950000,5196
3,465,13950000,13950000,9123,15205,13980000,5208
3,466,13980000,13980000,9123,15205,14010000,5220
3,467,14010000,14010000,9123,15205,14040000,5230
3,468,14040000,14040000,9123,15205,14070000,5239
3,469,14070000,14070000,9123,15205,14100000,5252
3,47,1410000,1410000,9123,15205,1440000,532
3,470,14100000,14100000,9123,15205,14130000,5263
3,471,14130000,14130000,9123,15205,14160000,5274
3,472,14160000,14160000,9123,15205,14190000,5285
3,473,14190000,14190000,9123,15205,14220000,5297
3,474,14220000,14220000,9123,15205,14250000,5310
3,475,14250000,14250000,9123,15205,14280000,5318
3,476,14280000,14280000,9123,15205,14310000,5330
3,477,14310000,14310000,9123,15205,14340000,5341
3,478,14340000,14340000,9123,15205,14370000,5353
3,479,14370000,14370000,9123,15205,14400000,5363
3,48,1440000,1440000,9123,15205,1470000,542
3,480,14400000,14400000,9123,15205,14430000,5376
3,481,14430000,14430000,9123,15205,14460000,5387
3,482,14460000,14460000,9123,15205,14490000,5397
3,483,14490000,14490000,9123,15205,14520000,5407
3,484,14520000,14520000,9123,15205,14550000,5419
3,485,14550000,14550000,9123,15205,14580000,5432
3,486,14580000,14580000,9123,15205,14610000,5443
3,487,14610000,14610000,9123,15205,14640000,5453
3,488,14640000,14640000,9123,15205,14670000,5465
3,489,14670000,14670000,9123,15205,14700000,5475
3,49,1470000,1470000,9123,15205,1500000,554
3,490,14700000,14700000,9123,15205,14730000,5487
3,491,14730000,14730000,9123,15205,14760000,5498
3,492,14760000,14760000,9123,15205,14790000,5508
3,493,14790000,14790000,9123,15205,14820000,5521
3,494,14820000,14820000,9123,15205,14850000,5532
3,495,14850000,14850000,9123,15205,14880000,5543
3,496,14880000,14880000,9123,15205,14910000,5554
3,497,14910000,14910000,9123,15205,14940000,5564
3,498,14940000,14940000,9123,15205,14970000,5577
3,499,14970000,14970000,9123,15205,15000000,5587
3,5,150000,150000,9123,15205,180000,64
3,50,1500000,1500000,9123,15205,1530000,566
3,500,15000000,15000000,9123,15205,15030000,5599
3,501,15030000,15030000,9123,15205,15060000,5611
3,502,15060000,15060000,9123,15205,15090000,5622
3,503,15090000,15090000,9123,15205,15120000,5630
3,504,15120000,15120000,9123,15205,15150000,5643
3,505,15150000,15150000,9123,15205,15180000,5654
3,506,15180000,15180000,9123,15205,15210000,5667
3,507,15210000,15210000,9123,15205,15240000,5677
3,508,15240000,15240000,9123,15205,15270000,5688
3,509,15270000,15270000,9123,15205,15300000,5701
3,51,1530000,1530000,9123,15205,1560000,577
3,510,15300000,15300000,9123,15205,15330000,5710
3,511,15330000,15330000,9123,15205,15360000,5721
3,512,15360000,15360000,9123,15205,15390000,5732
3,513,15390000,15390000,9123,15205,15420000,5744
3,514,15420000,15420000,9123,15205,15450000,5756
3,515,15450000,15450000,9123,15205,15480000,5767
3,516,15480000,15480000,9123,15205,15510000,5778
3,517,15510000,15510000,9123,15205,15540000,5788
3,518,15540000,15540000,9123,15205,15570000,5800
3,519,15570000,15570000,9123,15205,15600000,5810
3,52,1560000,1560000,9123,15205,1590000,587
3,520,15600000,15600000,9123,15205,15630000,5823
3,521,15630000,15630000,9123,15205,15660000,5834
3,522,15660000,15660000,9123,15205,15690000,5846
3,523,15690000,15690000,9123,15205,15720000,5856
3,524,15720000,15720000,9123,15205,15750000,5866
3,525,15750000,15750000,9123,15205,15780000,5878
3,526,15780000,15780000,9123,15205,15810000,5890
3,527,15810000,15810000,9123,15205,15840000,5899
3,528,15840000,15840000,9123,15205,15870000,5912
3,529,15870000,15870000,9123,15205,15900000,5924
3,53,1590000,1590000,9123,15205,1620000,600
3,530,15900000,15900000,9123,15205,15930000,5936
3,531,15930000,15930000,9123,15205,15960000,5945
3,532,15960000,15960000,9123,15205,15990000,5955
3,533,15990000,15990000,9123,15205,16020000,5968
3,534,16020000,16020000,9123,15205,16050000,5979
3,535,16050000,16050000,9123,15205,16080000,5990
3,536,16080000,16080000,9123,15205,16110000,6002
3,537,16110000,16110000,9123,15205,16140000,6013
3,538,16140000,16140000,9123,15205,16170000,6023
3,539,16170000,16170000,9123,15205,16200000,6034
3,54,1620000,1620000,9123,15205,1650000,611
3,540,16200000,16200000,9123,15205,16230000,6046
3,541,16230000,16230000,9123,15205,16260000,6058
3,542,16260000,16260000,9123,15205,16290000,6069
3,543,16290000,16290000,9123,15205,16320000,6079
3,544,16320000,16320000,9123,15205,16350000,6092
3,545,16350000,16350000,9123,15205,16380000,6101
3,546,16380000,16380000,9123,15205,16410000,6114
3,547,16410000,16410000,9123,15205,16440000,6123
3,548,16440000,16440000,9123,15205,16470000,6135
3,549,16470000,16470000,9123,15205,16500000,6147
3,55,1650000,1650000,9123,15205,1680000,620
3,550,16500000,16500000,9123,15205,16530000,6159
3,551,16530000,16530000,9123,15205,16560000,6170
3,552,16560000,16560000,9123,15205,16590000,6179
3,553,16590000,16590000,9123,15205,16620000,6191
3,554,16620000,16620000,9123,15205,16650000,6203
3,555,16650000,16650000,9123,15205,16680000,6214
3,556,16680000,16680000,9123,15205,16710000,6225
3,557,16710000,16710000,9123,15205,16740000,6237
3,558,16740000,16740000,9123,15205,16770000,6248
3,559,16770000,16770000,9123,15205,16800000,6257
3,56,1680000,1680000,9123,15205,1710000,633
3,560,16800000,16800000,9123,15205,16830000,6269
3,561,16830000,16830000,9123,15205,16860000,6281
3,562,16860000,16860000,9123,15205,16890000,6293
3,563,16890000,16890000,9123,15205,16920000,6303
3,564,16920000,16920000,9123,15205,16950000,6315
3,565,16950000,16950000,9123,15205,16980000,6327
3,566,16980000,16980000,9123,15205,17010000,6337
3,567,17010000,17010000,9123,15205,17040000,6346
3,568,17040000,17040000,9123,15205,17070000,6359
3,569,17070000,17070000,9123,15205,17100000,6370
3,57,1710000,1710000,9123,15205,1740000,643
3,570,17100000,17100000,9123,15205,17130000,6383
3,571,17130000,17130000,9123,15205,17160000,6393
3,572,17160000,17160000,9123,15205,17190000,6404
3,573,17190000,17190000,9123,15205,17220000,6415
3,574,17220000,17220000,9123,15205,17250000,6426
3,575,17250000,17250000,9123,15205,17280000,6437
3,576,17280000,17280000,9123,15205,17310000,6449
3,577,17310000,17310000,9123,15205,17340000,6460
3,578,17340000,17340000,9123,15205,17370000,6472
3,579,17370000,17370000,9123,15205,17400000,6483
3,58,1740000,1740000,9123,15205,1770000,656
3,580,17400000,17400000,9123,15205,17430000,6492
3,581,17430000,17430000,9123,15205,17460000,6505
3,582,17460000,17460000,9123,15205,17490000,6515
3,583,17490000,17490000,9123,15205,17520000,6526
3,584,17520000,17520000,9123,15205,17550000,6539
3,585,17550000,17550000,9123,15205,17580000,6550
3,586,17580000,17580000,9123,15205,17610000,6563
3,587,17610000,17610000,9123,15205,17640000,6570
3,588,17640000,17640000,9123,15205,17670000,6582
3,589,17670000,17670000,9123,15205,17700000,6594
3,59,1770000,1770000,9123,15205,1800000,666
3,590,17700000,17700000,9123,15205,17730000,6606
3,591,17730000,17730000,9123,15205,17760000,6616
3,592,17760000,17760000,9123,15205,17790000,6628
3,593,17790000,17790000,9123,15205,17820000,6639
3,594,17820000,17820000,9123,15205,17850000,6650
3,595,17850000,17850000,9123,15205,17880000,6661
3,596,17880000,17880000,9123,15205,17910000,6672
3,597,17910000,17910000,9123,15205,17940000,6684
3,598,17940000,17940000,9123,15205,17970000,6695
3,599,17970000,17970000,9123,15205,18000000,6706
3,6,180000,180000,9123,15205,210000,73
3,60,1800000,1800000,9123,15205,1830000,678
3,600,18000000,18000000,9123,15205,18030000,6718
3,601,18030000,18030000,9123,15205,18060000,6728
3,602,18060000,18060000,9123,15205,18090000,6739
3,603,18090000,18090000,9123,15205,18120000,6750
3,604,18120000,18120000,9123,15205,18150000,6761
3,605,18150000,18150000,9123,15205,18180000,6774
3,606,18180000,18180000,9123,15205,18210000,6786
3,607,18210000,18210000,9123,15205,18240000,6795
3,608,18240000,18240000,9123,15205,18270000,6806
3,609,18270000,18270000,9123,15205,18300000,6817
3,61,1830000,1830000,9123,15205,1860000,690
3,610,18300000,18300000,9123,15205,18330000,6830
3,611,18330000,18330000,9123,15205,18360000,6840
3,612,18360000,18360000,9123,15205,18390000,6851
3,613,18390000,18390000,9123,15205,18420000,6863
3,614,18420000,18420000,9123,15205,18450000,6875
3,615,18450000,18450000,9123,15205,18480000,6883
3,616,18480000,18480000,9123,15205,18510000,6896
3,617,18510000,18510000,9123,15205,18540000,6907
3,618,18540000,18540000,9123,15205,18570000,6919
3,619,18570000,18570000,9123,15205,18600000,6930
3,62,1860000,1860000,9123,15205,1890000,699
3,620,18600000,18600000,9123,15205,18630000,6941
3,621,18630000,18630000,9123,15205,18660000,6954
3,622,18660000,18660000,9123,15205,18690000,6962
3,623,18690000,18690000,9123,15205,18720000,6973
3,624,18720000,18720000,9123,15205,18750000,6985
3,625,18750000,18750000,9123,15205,18780000,6997
3,626,18780000,18780000,9123,15205,18810000,7009
3,627,18810000,18810000,9123,15205,18840000,7019
3,628,18840000,18840000,9123,15205,18870000,7031
3,629,18870000,18870000,9123,15205,18900000,7041
3,63,1890000,1890000,9123,15205,1920000,709
3,630,18900000,18900000,9123,15205,18930000,7053
3,631,18930000,18930000,9123,15205,18960000,7063
3,632,18960000,18960000,9123,15205,18990000,7075
3,633,18990000,18990000,9123,15205,19020000,7086
3,634,19020000,19020000,9123,15205,19050000,7099
3,635,19050000,19050000,9123,15205,19080000,7109
3,636,19080000,19080000,9123,15205,19110000,7119
3,637,19110000,19110000,9123,15205,19140000,7130
3,638,19140000,19140000,9123,15205,19170000,7142
3,639,19170000,19170000,9123,15205,19200000,7153
3,64,1920000,1920000,9123,15205,1950000,722
3,640,19200000,19200000,9123,15205,19230000,7165
3,641,19230000,19230000,9123,15205,19260000,7177
3,642,19260000,19260000,9123,15205,19290000,7188
3,643,19290000,19290000,9123,15205,19320000,7197
3,644,19320000,19320000,9123,15205,19350000,7208
3,645,19350000,19350000,9123,15205,19380000,7221
3,646,19380000,19380000,9123,15205,19410000,7232
3,647,19410000,19410000,9123,15205,19440000,7242
3,648,19440000,19440000,9123,15205,19470000,7254
3,649,19470000,19470000,9123,15205,19500000,7266
3,65,1950000,1950000,9123,15205,1980000,733
3,650,19500000,19500000,9123,15205,19530000,7277
3,651,19530000,19530000,9123,15205,19560000,7287
3,652,19560000,19560000,9123,15205,19590000,7298
3,653,19590000,19590000,9123,15205,19620000,7310
3,654,19620000,19620000,9123,15205,19650000,7322
3,655,19650000,19650000,9123,15205,19680000,7332
3,656,19680000,19680000,9123,15205,19710000,7345
3,657,19710000,19710000,9123,15205,19740000,7353
3,658,19740000,19740000,9123,15205,19770000,7366
3,659,19770000,19770000,9123,15205,19800000,7376
3,66,1980000,1980000,9123,15205,2010000,746
3,660,19800000,19800000,9123,15205,19830000,7388
3,661,19830000,19830000,9123,15205,19860000,7401
3,662,19860000,19860000,9123,15205,19890000,7411
3,663,19890000,19890000,9123,15205,19920000,7422
3,664,19920000,19920000,9123,15205,19950000,7432
3,665,19950000,19950000,9123,15205,19980000,7444
3,666,19980000,19980000,9123,15205,20010000,7456
3,667,20010000,20010000,9123,15205,20040000,7466
3,668,20040000,20040000,9123,15205,20070000,7477
3,669,20070000,20070000,9123,15205,20100000,7490
3,67,2010000,2010000,9123,15205,2040000,756
3,670,20100000,20100000,9123,15205,20130000,7501
3,671,20130000,20130000,9123,15205,20160000,7510
3,672,20160000,20160000,9123,15205,20190000,7522
3,673,20190000,20190000,9123,15205,20220000,7533
3,674,20220000,20220000,9123,15205,20250000,7546
3,675,20250000,20250000,9123,15205,20280000,7556
3,676,20280000,20280000,9123,15205,20310000,7568
3,677,20310000,20310000,9123,15205,20340000,7579
3,678,20340000,20340000,9123,15205,20370000,7589
3,679,20370000,20370000,9123,15205,20400000,7599
3,68,2040000,2040000,9123,15205,2070000,767
3,680,20400000,20400000,9123,15205,20430000,7612
3,681,20430000,20430000,9123,15205,20460000,7623
3,682,20460000,20460000,9123,15205,20490000,7635
3,683,20490000,20490000,9123,15205,20520000,7646
3,684,20520000,20520000,9123,15205,20550000,7657
3,685,20550000,20550000,9123,15205,20580000,7668
3,686,20580000,20580000,9123,15205,20610000,7679
3,687,20610000,20610000,9123,15205,20640000,7689
3,688,20640000,20640000,9123,15205,20670000,7701
3,689,20670000,20670000,9123,15205,20700000,7713
3,69,2070000,2070000,9123,15205,2100000,778
3,690,20700000,20700000,9123,15205,20730000,7725
3,691,20730000,20730000,9123,15205,20760000,7736
3,692,20760000,20760000,9123,15205,20790000,7744
3,693,20790000,20790000,9123,15205,20820000,7757
3,694,20820000,20820000,9123,15205,20850000,7769
3,695,20850000,20850000,9123,15205,20880000,7779
3,696,20880000,20880000,9123,15205,20910000,7792
3,697,20910000,20910000,9123,15205,20940000,7802
3,698,20940000,20940000,9123,15205,20970000,7815
3,699,20970000,20970000,9123,15205,21000000,7823
3,7,210000,210000,9123,15205,240000,83
3,70,2100000,2100000,9123,15205,2130000,789
3,700,21000000,21000000,9123,15205,21030000,7835
3,701,21030000,21030000,9123,15205,21060000,7847
3,702,21060000,21060000,9123,15205,21090000,7858
3,703,21090000,21090000,9123,15205,21120000,7868
3,704,21120000,21120000,9123,15205,21150000,7881
3,705,21150000,21150000,9123,15205,21180000,7893
3,706,21180000,21180000,9123,15205,21210000,7903
3,707,21210000,21210000,9123,15205,21240000,7913
3,708,21240000,21240000,9123,15205,21270000,7924
3,709,21270000,21270000,9123,15205,21300000,7937
3,71,2130000,2130000,9123,15205,2160000,800
3,710,21300000,21300000,9123,15205,21330000,7948
3,711,21330000,21330000,9123,15205,21360000,7959
3,712,21360000,21360000,9123,15205,21390000,7970
3,713,21390000,21390000,9123,15205,21420000,7980
3,714,21420000,21420000,9123,15205,21450000,7992
3,715,21450000,21450000,9123,15205,21480000,8003
3,716,21480000,21480000,9123,15205,21510000,8015
3,717,21510000,21510000,9123,15205,21540000,8026
3,718,21540000,21540000,9123,15205,21570000,8038
3,719,21570000,21570000,9123,15205,21600000,8048
3,72,2160000,2160000,9123,15205,2190000,811
3,720,21600000,21600000,9123,15205,21630000,8059
3,721,21630000,21630000,9123,15205,21660000,8070
3,722,21660000,21660000,9123,15205,21690000,8082
3,723,21690000,21690000,9123,15205,21720000,8092
3,724,21720000,21720000,9123,15205,21750000,8104
3,725,21750000,21750000,9123,15205,21780000,8116
3,726,21780000,21780000,9123,15205,21810000,8128
3,727,21810000,21810000,9123,15205,21840000,8136
3,728,21840000,21840000,9123,15205,21870000,8148
3,729,21870000,21870000,9123,15205,21900000,8160
3,73,2190000,2190000,9123,15205,2220000,823
3,730,21900000,21900000,9123,15205,21930000,8172
3,731,21930000,21930000,9123,15205,21960000,8183
3,732,21960000,21960000,9123,15205,21990000,8193
3,733,21990000,21990000,9123,15205,22020000,8206
3,734,22020000,22020000,9123,15205,22050000,8215
3,735,22050000,22050000,9123,15205,22080000,8226
3,736,22080000,22080000,9123,15205,22110000,8238
3,737,22110000,22110000,9123,15205,22140000,8249
3,738,22140000,22140000,9123,15205,22170000,8262
3,739,22170000,22170000,9123,15205,22200000,8272
3,74,2220000,2220000,9123,15205,2250000,835
3,740,22200000,22200000,9123,15205,22230000,8284
3,741,22230000,22230000,9123,15205,22260000,8294
3,742,22260000,22260000,9123,15205,22290000,8305
3,743,22290000,22290000,9123,15205,22320000,8315
3,744,22320000,22320000,9123,15205,22350000,8328
3,745,22350000,22350000,9123,15205,22380000,8339
3,746,22380000,22380000,9123,15205,22410000,8352
3,747,22410000,22410000,9123,15205,22440000,8361
3,748,22440000,22440000,9123,15205,22470000,8371
3,749,22470000,22470000,9123,15205,22500000,8384
3,75,2250000,2250000,9123,15205,2280000,846
3,750,22500000,22500000,9123,15205,22530000,8395
3,751,22530000,22530000,9123,15205,22560000,8406
3,752,22560000,22560000,9123,15205,22590000,8417
3,753,22590000,22590000,9123,15205,22620000,8429
3,754,22620000,22620000,9123,15205,22650000,8441
3,755,22650000,22650000,9123,15205,22680000,8450
3,756,22680000,22680000,9123,15205,22710000,8461
3,757,22710000,22710000,9123,15205,22740000,8473
3,758,22740000,22740000,9123,15205,22770000,8484
3,759,22770000,22770000,9123,15205,22800000,8495
3,76,2280000,2280000,9123,15205,2310000,855
3,760,22800000,22800000,9123,15205,22830000,8508
3,761,22830000,22830000,9123,15205,22860000,8519
3,762,22860000,22860000,9123,15205,22890000,8529
3,763,22890000,22890000,9123,15205,22920000,8539
3,764,22920000,22920000,9123,15205,22950000,8551
3,765,22950000,22950000,9123,15205,22980000,8563
3,766,22980000,22980000,9123,15205,23010000,8575
3,767,23010000,23010000,9123,15205,23040000,8584
3,768,23040000,23040000,9123,15205,23070000,8597
3,769,23070000,23070000,9123,15205,23100000,8606
3,77,2310000,2310000,9123,15205,2340000,867
3,770,23100000,23100000,9123,15205,23130000,8619
3,771,23130000,23130000,9123,15205,23160000,8630
3,772,23160000,23160000,9123,15205,23190000,8640
3,773,23190000,23190000,9123,15205,23220000,8653
3,774,23220000,23220000,9123,15205,23250000,8664
3,775,23250000,23250000,9123,15205,23280000,8675
3,776,23280000,23280000,9123,15205,23310000,8685
3,777,23310000,23310000,9123,15205,23340000,8696
3,778,23340000,23340000,9123,15205,23370000,8708
3,779,23370000,23370000,9123,15205,23400000,8719
3,78,2340000,2340000,9123,15205,2370000,879
3,780,23400000,23400000,9123,15205,23430000,8730
3,781,23430000,23430000,9123,15205,23460000,8743
3,782,23460000,23460000,9123,15205,23490000,8754
3,783,23490000,23490000,9123,15205,23520000,8762
3,784,23520000,23520000,9123,15205,23550000,8775
3,785,23550000,23550000,9123,15205,23580000,8786
3,786,23580000,23580000,9123,15205,23610000,8799
3,787,23610000,23610000,9123,15205,23640000,8808
3,788,23640000,23640000,9123,15205,23670000,8820
3,789,23670000,23670000,9123,15205,23700000,8832
3,79,2370000,2370000,9123,15205,2400000,889
3,790,23700000,23700000,9123,15205,23730000,8842
3,791,23730000,23730000,9123,15205,23760000,8852
3,792,23760000,23760000,9123,15205,23790000,8864
3,793,23790000,23790000,9123,15205,23820000,8876
3,794,23820000,23820000,9123,15205,23850000,8888
3,795,23850000,23850000,9123,15205,23880000,8899
3,796,23880000,23880000,9123,15205,23910000,8910
3,797,23910000,23910000,9123,15205,23940000,8920
3,798,23940000,23940000,9123,15205,23970000,8931
3,799,23970000,23970000,9123,15205,24000000,8942
3,8,240000,240000,9123,15205,270000,95
3,80,2400000,2400000,9123,15205,2430000,902
3,800,24000000,24000000,9123,15205,24030000,8954
3,801,24030000,24030000,9123,15205,24060000,8966
3,802,24060000,24060000,9123,15205,24090000,8977
3,803,24090000,24090000,9123,15205,24120000,8988
3,804,24120000,24120000,9123,15205,24150000,8998
3,805,24150000,24150000,9123,15205,24180000,9010
3,806,24180000,24180000,9123,15205,24210000,9022
3,807,24210000,24210000,9123,15205,24240000,9031
3,808,24240000,24240000,9123,15205,24270000,9044
3,809,24270000,24270000,9123,15205,24300000,9055
3,81,2430000,2430000,9123,15205,2460000,913
3,810,24300000,24300000,9123,15205,24330000,9068
3,811,24330000,24330000,9123,15205,24360000,9076
3,812,24360000,24360000,9123,15205,24390000,9087
3,813,24390000,24390000,9123,15205,24420000,9099
3,814,24420000,24420000,9123,15205,24450000,9111
3,815,24450000,24450000,9123,15205,24480000,9122
3,816,24480000,24480000,9123,15205,24510000,9134
3,817,24510000,24510000,9123,15205,24540000,9145
3,818,24540000,24540000,9123,15205,24570000,9155
3,819,24570000,24570000,9123,15205,24600000,9166
3,82,2460000,2460000,9123,15205,2490000,925
3,820,24600000,24600000,9123,15205,24630000,9177
3,821,24630000,24630000,9123,15205,24660000,9190
3,822,24660000,24660000,9123,15205,24690000,9200
3,823,24690000,24690000,9123,15205,24720000,9211
3,824,24720000,24720000,9123,15205,24750000,9223
3,825,24750000,24750000,9123,15205,24780000,9233
3,826,24780000,24780000,9123,15205,24810000,9246
3,827,24810000,24810000,9123,15205,24840000,9255
3,828,24840000,24840000,9123,15205,24870000,9267
3,829,24870000,24870000,9123,15205,24900000,9279
3,83,2490000,2490000,9123,15205,2520000,933
3,830,24900000,24900000,9123,15205,24930000,9291
3,831,24930000,24930000,9123,15205,24960000,9301
3,832,24960000,24960000,9123,15205,24990000,9311
3,833,24990000,24990000,9123,15205,25020000,9322
3,834,25020000,25020000,9123,15205,25050000,9335
3,835,25050000,25050000,9123,15205,25080000,9345
3,836,25080000,25080000,9123,15205,25110000,9357
3,837,25110000,25110000,9123,15205,25140000,9369
3,838,25140000,25140000,9123,15205,25170000,9380
3,839,25170000,25170000,9123,15205,25200000,9389
3,84,2520000,2520000,9123,15205,2550000,945
3,840,25200000,25200000,9123,15205,25230000,9401
3,841,25230000,25230000,9123,15205,25260000,9413
3,842,25260000,25260000,9123,15205,25290000,9424
3,843,25290000,25290000,9123,15205,25320000,9435
3,844,25320000,25320000,9123,15205,25350000,9446
3,845,25350000,25350000,9123,15205,25380000,9459
3,846,25380000,25380000,9123,15205,25410000,9468
3,847,25410000,25410000,9123,15205,25440000,9478
3,848,25440000,25440000,9123,15205,25470000,9491
3,849,25470000,25470000,9123,15205,25500000,9502
3,85,2550000,2550000,9123,15205,2580000,957
3,850,25500000,25500000,9123,15205,25530000,9515
3,851,25530000,25530000,9123,15205,25560000,9525
3,852,25560000,25560000,9123,15205,25590000,9536
3,853,25590000,25590000,9123,15205,25620000,9546
3,854,25620000,25620000,9123,15205,25650000,9558
3,855,25650000,25650000,9123,15205,25680000,9568
3,856,25680000,25680000,9123,15205,25710000,9581
3,857,25710000,25710000,9123,15205,25740000,9591
3,858,25740000,25740000,9123,15205,25770000,9604
3,859,25770000,25770000,9123,15205,25800000,9615
3,86,2580000,2580000,9123,15205,2610000,969
3,860,25800000,25800000,9123,15205,25830000,9624
3,861,25830000,25830000,9123,15205,25860000,9637
3,862,25860000,25860000,9123,15205,25890000,9647
3,863,25890000,25890000,9123,15205,25920000,9658
3,864,25920000,25920000,9123,15205,25950000,9670
3,865,25950000,25950000,9123,15205,25980000,9682
3,866,25980000,25980000,9123,15205,26010000,9694
3,867,26010000,26010000,9123,15205,26040000,9702
3,868,26040000,26040000,9123,15205,26070000,9713
3,869,26070000,26070000,9123,15205,26100000,9726
3,87,2610000,2610000,9123,15205,2640000,978
3,870,26100000,26100000,9123,15205,26130000,9738
3,871,26130000,26130000,9123,15205,26160000,9748
3,872,26160000,26160000,9123,15205,26190000,9760
3,873,26190000,26190000,9123,15205,26220000,9771
3,874,26220000,26220000,9123,15205,26250000,9782
3,875,26250000,26250000,9123,15205,26280000,9792
3,876,26280000,26280000,9123,15205,26310000,9804
3,877,26310000,26310000,9123,15205,26340000,9815
3,878,26340000,26340000,9123,15205,26370000,9827
3,879,26370000,26370000,9123,15205,26400000,9837
3,88,2640000,2640000,9123,15205,2670000,991
3,880,26400000,26400000,9123,15205,26430000,9850
3,881,26430000,26430000,9123,15205,26460000,9860
3,882,26460000,26460000,9123,15205,26490000,9871
3,883,26490000,26490000,9123,15205,26520000,9882
3,884,26520000,26520000,9123,15205,26550000,9893
3,885,26550000,26550000,9123,15205,26580000,9906
3,886,26580000,26580000,9123,15205,26610000,9917
3,887,26610000,26610000,9123,15205,26640000,9927
3,888,26640000,26640000,9123,15205,26670000,9937
3,889,26670000,26670000,9123,15205,26700000,9949
3,89,2670000,2670000,9123,15205,2700000,1003
3,890,26700000,26700000,9123,15205,26730000,9961
3,891,26730000,26730000,9123,15205,26760000,9972
3,892,26760000,26760000,9123,15205,26790000,9983
3,893,26790000,26790000,9123,15205,26820000,9995
3,894,26820000,26820000,9123,15205,26850000,10007
3,895,26850000,26850000,9123,15205,26880000,10015
3,896,26880000,26880000,9123,15205,26910000,10028
3,897,26910000,26910000,9123,15205,26940000,10038
3,898,26940000,26940000,9123,15205,26970000,10051
3,899,26970000,26970000,9123,15205,27000000,10061
3,9,270000,270000,9123,15205,300000,107
3,90,2700000,2700000,9123,15205,2730000,1013
3,900,27000000,27000000,9123,15205,27030000,10073
3,901,27030000,27030000,9123,15205,27060000,10085
3,902,27060000,27060000,9123,15205,27090000,10094
3,903,27090000,27090000,9123,15205,27120000,10105
3,904,27120000,27120000,9123,15205,27150000,10117
3,905,27150000,27150000,9123,15205,27180000,10129
3,906,27180000,27180000,9123,15205,27210000,10141
3,907,27210000,27210000,9123,15205,27240000,10151
3,908,27240000,27240000,9123,15205,27270000,10162
3,909,27270000,27270000,9123,15205,27300000,10173
3,91,2730000,2730000,9123,15205,2760000,1024
3,910,27300000,27300000,9123,15205,27330000,10184
3,911,27330000,27330000,9123,15205,27360000,10195
3,912,27360000,27360000,9123,15205,27390000,10206
3,913,27390000,27390000,9123,15205,27420000,10218
3,914,27420000,27420000,9123,15205,27450000,10231
3,915,27450000,27450000,9123,15205,27480000,10241
3,916,27480000,27480000,9123,15205,27510000,10251
3,917,27510000,27510000,9123,15205,27540000,10262
3,918,27540000,27540000,9123,15205,27570000,10274
3,919,27570000,27570000,9123,15205,27600000,10284
3,92,2760000,2760000,9123,15205,2790000,1034
3,920,27600000,27600000,9123,15205,27630000,10297
3,921,27630000,27630000,9123,15205,27660000,10308
3,922,27660000,27660000,9123,15205,27690000,10320
3,923,27690000,27690000,9123,15205,27720000,10328
3,924,27720000,27720000,9123,15205,27750000,10340
3,925,27750000,27750000,9123,15205,27780000,10353
3,926,27780000,27780000,9123,15205,27810000,10364
3,927,27810000,27810000,9123,15205,27840000,10374
3,928,27840000,27840000,9123,15205,27870000,10386
3,929,27870000,27870000,9123,15205,27900000,10398
3,93,2790000,2790000,9123,15205,2820000,1047
3,930,27900000,27900000,9123,15205,27930000,10408
3,931,27930000,27930000,9123,15205,27960000,10419
3,932,27960000,27960000,9123,15205,27990000,10429
3,933,27990000,27990000,9123,15205,28020000,10442
3,934,28020000,28020000,9123,15205,28050000,10453
3,935,28050000,28050000,9123,15205,28080000,10464
3,936,28080000,28080000,9123,15205,28110000,10477
3,937,28110000,28110000,9123,15205,28140000,10485
3,938,28140000,28140000,9123,15205,28170000,10498
3,939,28170000,28170000,9123,15205,28200000,10508
3,94,2820000,2820000,9123,15205,2850000,1058
3,940,28200000,28200000,9123,15205,28230000,10520
3,941,28230000,28230000,9123,15205,28260000,10532
3,942,28260000,28260000,9123,15205,28290000,10543
3,943,28290000,28290000,9123,15205,28320000,10553
3,944,28320000,28320000,9123,15205,28350000,10564
3,945,28350000,28350000,9123,15205,28380000,10575
3,946,28380000,28380000,9123,15205,28410000,10588
3,947,28410000,28410000,9123,15205,28440000,10598
3,948,28440000,28440000,9123,15205,28470000,10609
3,949,28470000,28470000,9123,15205,28500000,10622
3,95,2850000,2850000,9123,15205,2880000,1069
3,950,28500000,28500000,9123,15205,28530000,10633
3,951,28530000,28530000,9123,15205,28560000,10642
3,952,28560000,28560000,9123,15205,28590000,10653
3,953,28590000,28590000,9123,15205,28620000,10665
3,954,28620000,28620000,9123,15205,28650000,10677
3,955,28650000,28650000,9123,15205,28680000,10688
3,956,28680000,28680000,9123,15205,28710000,10699
3,957,28710000,28710000,9123,15205,28740000,10711
3,958,28740000,28740000,9123,15205,28770000,10721
3,959,28770000,28770000,9123,15205,28800000,10731
3,96,2880000,2880000,9123,15205,2910000,1081
3,960,28800000,28800000,9123,15205,28830000,10744
3,961,28830000,28830000,9123,15205,28860000,10755
3,962,28860000,28860000,9123,15205,28890000,10767
3,963,28890000,28890000,9123,15205,28920000,10777
3,964,28920000,28920000,9123,15205,28950000,10789
3,965,28950000,28950000,9123,15205,28980000,10799
3,966,28980000,28980000,9123,15205,29010000,10811
3,967,29010000,29010000,9123,15205,29040000,10820
3,968,29040000,29040000,9123,15205,29070000,10833
3,969,29070000,29070000,9123,15205,29100000,10845
3,97,2910000,2910000,9123,15205,2940000,1090
3,970,29100000,29100000,9123,15205,29130000,10857
3,971,29130000,29130000,9123,15205,29160000,10868
3,972,29160000,29160000,9123,15205,29190000,10876
3,973,29190000,29190000,9123,15205,29220000,10889
3,974,29220000,29220000,9123,15205,29250000,10900
3,975,29250000,29250000,9123,15205,29280000,10911
3,976,29280000,29280000,9123,15205,29310000,10923
3,977,29310000,29310000,9123,15205,29340000,10934
3,978,29340000,29340000,9123,15205,29370000,10946
3,979,29370000,29370000,9123,15205,29400000,10955
3,98,2940000,2940000,9123,15205,2970000,1102
3,980,29400000,29400000,9123,15205,29430000,10967
3,981,29430000,29430000,9123,15205,29460000,10979
3,982,29460000,29460000,9123,15205,29490000,10990
3,983,29490000,29490000,9123,15205,29520000,11000
3,984,29520000,29520000,9123,15205,29550000,11013
3,985,29550000,29550000,9123,15205,29580000,11024
3,986,29580000,29580000,9123,15205,29610000,11035
3,987,29610000,29610000,9123,15205,29640000,11044
3,988,29640000,29640000,9123,15205,29670000,11056
3,989,29670000,29670000,9123,15205,29700000,11068
3,99,2970000,2970000,9123,15205,3000000,1113
3,990,29700000,29700000,9123,15205,29730000,11080
3,991,29730000,29730000,9123,15205,29760000,11091
3,992,29760000,29760000,9123,15205,29790000,11102
3,993,29790000,29790000,9123,15205,29820000,11112
3,994,29820000,29820000,9123,15205,29850000,11124
3,995,29850000,29850000,9123,15205,29880000,11135
3,996,29880000,29880000,9123,15205,29910000,11146
3,997,29910000,29910000,9123,15205,29940000,11158
3,998,29940000,29940000,9123,15205,29970000,11169
3,999,29970000,29970000,9123,15205,30000000,11180
4,0,0,0,561,935,35000,7
4,1,35000,35000,561,935,70000,20
4,10,350000,350000,561,935,385000,136
4,100,3500000,3500000,561,935,3535000,1312
4,1000,35000000,35000000,561,935,35035000,13054
4,1001,35035000,35035000,561,935,35070000,13070
4,1002,35070000,35070000,561,935,35105000,13083
4,1003,35105000,35105000,561,935,35140000,13095
4,1004,35140000,35140000,561,935,35175000,13109
4,1005,35175000,35175000,561,935,35210000,13123
4,1006,35210000,35210000,561,935,35245000,13133
4,1007,35245000,35245000,561,935,35280000,13148
4,1008,35280000,35280000,561,935,35315000,13161
4,1009,35315000,35315000,561,935,35350000,13173
4,101,3535000,3535000,561,935,3570000,1326
4,1010,35350000,35350000,561,935,35385000,13187
4,1011,35385000,35385000,561,935,35420000,13199
4,1012,35420000,35420000,561,935,35455000,13213
4,1013,35455000,35455000,561,935,35490000,13227
4,1014,35490000,35490000,561,935,35525000,13240
4,1015,35525000,35525000,561,935,35560000,13252
4,1016,35560000,35560000,561,935,35595000,13264
4,1017,35595000,35595000,561,935,35630000,13278
4,1018,35630000,35630000,561,935,35665000,13290
4,1019,35665000,35665000,561,935,35700000,13306
4,102,3570000,3570000,561,935,3605000,1340
4,1020,35700000,35700000,561,935,35735000,13317
4,1021,35735000,35735000,561,935,35770000,13331
4,1022,35770000,35770000,561,935,35805000,13344
4,1023,35805000,35805000,561,935,35840000,13355
4,1024,35840000,35840000,561,935,35875000,13369
4,1025,35875000,35875000,561,935,35910000,13383
4,1026,35910000,35910000,561,935,35945000,13395
4,1027,35945000,35945000,561,935,35980000,13409
4,1028,35980000,35980000,561,935,36015000,13422
4,1029,36015000,36015000,561,935,36050000,13435
4,103,3605000,3605000,561,935,3640000,1351
4,1030,36050000,36050000,561,935,36085000,13448
4,1031,36085000,36085000,561,935,36120000,13461
4,1032,36120000,36120000,561,935,36155000,13474
4,1033,36155000,36155000,561,935,36190000,13486
4,1034,36190000,36190000,561,935,36225000,13500
4,1035,36225000,36225000,561,935,36260000,13514
4,1036,36260000,36260000,561,935,36295000,13524
4,1037,36295000,36295000,561,935,36330000,13541
4,1038,36330000,36330000,561,935,36365000,13553
4,1039,36365000,36365000,561,935,36400000,13564
4,104,3640000,3640000,561,935,3675000,1364
4,1040,36400000,36400000,561,935,36435000,13578
4,1041,36435000,36435000,561,935,36470000,13591
4,1042,36470000,36470000,561,935,36505000,13604
4,1043,36505000,36505000,561,935,36540000,13618
4,1044,36540000,36540000,561,935,36575000,13631
4,1045,36575000,36575000,561,935,36610000,13644
4,1046,36610000,36610000,561,935,36645000,13657
4,1047,36645000,36645000,561,935,36680000,13669
4,1048,36680000,36680000,561,935,36715000,13681
4,1049,36715000,36715000,561,935,36750000,13697
4,105,3675000,3675000,561,935,3710000,1378
4,1050,36750000,36750000,561,935,36785000,13708
4,1051,36785000,36785000,561,935,36820000,13722
4,1052,36820000,36820000,561,935,36855000,13736
4,1053,36855000,36855000,561,935,36890000,13748
4,1054,36890000,36890000,561,935,36925000,13761
4,1055,36925000,36925000,561,935,36960000,13774
4,1056,36960000,36960000,561,935,36995000,13786
4,1057,36995000,36995000,561,935,37030000,13800
4,1058,37030000,37030000,561,935,37065000,13813
4,1059,37065000,37065000,561,935,37100000,13826
4,106,3710000,3710000,561,935,3745000,1389
4,1060,37100000,37100000,561,935,37135000,13839
4,1061,37135000,37135000,561,935,37170000,13853
4,1062,37170000,37170000,561,935,37205000,13867
4,1063,37205000,37205000,561,935,37240000,13878
4,1064,37240000,37240000,561,935,37275000,13891
4,1065,37275000,37275000,561,935,37310000,13905
4,1066,37310000,37310000,561,935,37345000,13915
4,1067,37345000,37345000,561,935,37380000,13932
4,1068,37380000,37380000,561,935,37415000,13944
4,1069,37415000,37415000,561,935,37450000,13957
4,107,3745000,3745000,561,935,3780000,1405
4,1070,37450000,37450000,561,935,37485000,13970
4,1071,37485000,37485000,561,935,37520000,13982
4,1072,37520000,37520000,561,935,37555000,13995
4,1073,37555000,37555000,561,935,37590000,14009
4,1074,37590000,37590000,561,935,37625000,14023
4,1075,37625000,37625000,561,935,37660000,14035
4,1076,37660000,37660000,561,935,37695000,14048
4,1077,37695000,37695000,561,935,37730000,14061
4,1078,37730000,37730000,561,935,37765000,14074
4,1079,37765000,37765000,561,935,37800000,14088
4,108,3780000,3780000,561,935,3815000,1417
4,1080,37800000,37800000,561,935,37835000,14099
4,1081,37835000,37835000,561,935,37870000,14113
4,1082,37870000,37870000,561,935,37905000,14127
4,1083,37905000,37905000,561,935,37940000,14139
4,1084,37940000,37940000,561,935,37975000,14152
4,1085,37975000,37975000,561,935,38010000,14168
4,1086,38010000,38010000,561,935,38045000,14178
4,1087,38045000,38045000,561,935,38080000,14191
4,1088,38080000,38080000,561,935,38115000,14204
4,1089,38115000,38115000,561,935,38150000,14217
4,109,3815000,3815000,561,935,3850000,1430
4,1090,38150000,38150000,561,935,38185000,14230
4,1091,38185000,38185000,561,935,38220000,14244
4,1092,38220000,38220000,561,935,38255000,14258
4,1093,38255000,38255000,561,935,38290000,14270
4,1094,38290000,38290000,561,935,38325000,14284
4,1095,38325000,38325000,561,935,38360000,14296
4,1096,38360000,38360000,561,935,38395000,14307
4,1097,38395000,38395000,561,935,38430000,14323
4,1098,38430000,38430000,561,935,38465000,14335
4,1099,38465000,38465000,561,935,38500000,14348
4,11,385000,385000,561,935,420000,152
4,110,3850000,3850000,561,935,3885000,1443
4,1100,38500000,38500000,561,935,38535000,14361
4,1101,38535000,38535000,561,935,38570000,14375
4,1102,38570000,38570000,561,935,38605000,14387
4,1103,38605000,38605000,561,935,38640000,14400
4,1104,38640000,38640000,561,935,38675000,14414
4,1105,38675000,38675000,561,935,38710000,14426
4,1106,38710000,38710000,561,935,38745000,14439
4,1107,38745000,38745000,561,935,38780000,14453
4,1108,38780000,38780000,561,935,38815000,14465
4,1109,38815000,38815000,561,935,38850000,14480
4,111,3885000,3885000,561,935,3920000,1455
4,1110,38850000,38850000,561,935,38885000,14492
4,1111,38885000,38885000,561,935,38920000,14504
4,1112,38920000,38920000,561,935,38955000,14518
4,1113,38955000,38955000,561,935,38990000,14530
4,1114,38990000,38990000,561,935,39025000,14543
4,1115,39025000,39025000,561,935,39060000,14559
4,1116,39060000,39060000,561,935,39095000,14569
4,1117,39095000,39095000,561,935,39130000,14584
4,1118,39130000,39130000,561,935,39165000,14597
4,1119,39165000,39165000,561,935,39200000,14608
4,112,3920000,3920000,561,935,3955000,1468
4,1120,39200000,39200000,561,935,39235000,14621
4,1121,39235000,39235000,561,935,39270000,14635
4,1122,39270000,39270000,561,935,39305000,14649
4,1123,39305000,39305000,561,935,39340000,14661
4,1124,39340000,39340000,561,935,39375000,14675
4,1125,39375000,39375000,561,935,39410000,14688
4,1126,39410000,39410000,561,935,39445000,14700
4,1127,39445000,39445000,561,935,39480000,14714
4,1128,39480000,39480000,561,935,39515000,14726
4,1129,39515000,39515000,561,935,39550000,14740
4,113,3955000,3955000,561,935,3990000,1482
4,1130,39550000,39550000,561,935,39585000,14752
4,1131,39585000,39585000,561,935,39620000,14766
4,1132,39620000,39620000,561,935,39655000,14778
4,1133,39655000,39655000,561,935,39690000,14793
4,1134,39690000,39690000,561,935,39725000,14806
4,1135,39725000,39725000,561,935,39760000,14817
4,1136,39760000,39760000,561,935,39795000,14830
4,1137,39795000,39795000,561,935,39830000,14844
4,1138,39830000,39830000,561,935,39865000,14856
4,1139,39865000,39865000,561,935,39900000,14871
4,114,3990000,3990000,561,935,4025000,1496
4,1140,39900000,39900000,561,935,39935000,14884
4,1141,39935000,39935000,561,935,39970000,14896
4,1142,39970000,39970000,561,935,40005000,14911
4,1143,40005000,40005000,561,935,40040000,14921
4,1144,40040000,40040000,561,935,40075000,14934
4,1145,40075000,40075000,561,935,40110000,14950
4,1146,40110000,40110000,561,935,40145000,14960
4,1147,40145000,40145000,561,935,40180000,14975
4,1148,40180000,40180000,561,935,40215000,14988
4,1149,40215000,40215000,561,935,40250000,15001
4,115,4025000,4025000,561,935,4060000,1508
4,1150,40250000,40250000,561,935,40285000,15013
4,1151,40285000,40285000,561,935,40320000,15027
4,1152,40320000,40320000,561,935,40355000,15040
4,1153,40355000,40355000,561,935,40390000,15052
4,1154,40390000,40390000,561,935,40425000,15066
4,1155,40425000,40425000,561,935,40460000,15079
4,1156,40460000,40460000,561,935,40495000,15091
4,1157,40495000,40495000,561,935,40530000,15106
4,1158,40530000,40530000,561,935,40565000,15119
4,1159,40565000,40565000,561,935,40600000,15131
4,116,4060000,4060000,561,935,4095000,1521
4,1160,40600000,40600000,561,935,40635000,15143
4,1161,40635000,40635000,561,935,40670000,15157
4,1162,40670000,40670000,561,935,40705000,15170
4,1163,40705000,40705000,561,935,40740000,15184
4,1164,40740000,40740000,561,935,40775000,15197
4,1165,40775000,40775000,561,935,40810000,15210
4,1166,40810000,40810000,561,935,40845000,15222
4,1167,40845000,40845000,561,935,40880000,15235
4,1168,40880000,40880000,561,935,40915000,15247
4,1169,40915000,40915000,561,935,40950000,15262
4,117,4095000,4095000,561,935,4130000,1535
4,1170,40950000,40950000,561,935,40985000,15275
4,1171,40985000,40985000,561,935,41020000,15287
4,1172,41020000,41020000,561,935,41055000,15302
4,1173,41055000,41055000,561,935,41090000,15314
4,1174,41090000,41090000,561,935,41125000,15327
4,1175,41125000,41125000,561,935,41160000,15341
4,1176,41160000,41160000,561,935,41195000,15351
4,1177,41195000,41195000,561,935,41230000,15366
4,1178,41230000,41230000,561,935,41265000,15379
4,1179,41265000,41265000,561,935,41300000,15392
4,118,4130000,4130000,561,935,4165000,1547
4,1180,41300000,41300000,561,935,41335000,15404
4,1181,41335000,41335000,561,935,41370000,15420
4,1182,41370000,41370000,561,935,41405000,15432
4,1183,41405000,41405000,561,935,41440000,15443
4,1184,41440000,41440000,561,935,41475000,15458
4,1185,41475000,41475000,561,935,41510000,15470
4,1186,41510000,41510000,561,935,41545000,15482
4,1187,41545000,41545000,561,935,41580000,15497
4,1188,41580000,41580000,561,935,41615000,15510
4,1189,41615000,41615000,561,935,41650000,15523
4,119,4165000,4165000,561,935,4200000,1561
4,1190,41650000,41650000,561,935,41685000,15536
4,1191,41685000,41685000,561,935,41720000,15548
4,1192,41720000,41720000,561,935,41755000,15561
4,1193,41755000,41755000,561,935,41790000,15575
4,1194,41790000,41790000,561,935,41825000,15588
4,1195,41825000,41825000,561,935,41860000,15602
4,1196,41860000,41860000,561,935,41895000,15613
4,1197,41895000,41895000,561,935,41930000,15628
4,1198,41930000,41930000,561,935,41965000,15639
4,1199,41965000,41965000,561,935,42000000,15653
4,12,420000,420000,561,935,455000,165
4,120,4200000,4200000,561,935,4235000,1572
4,1200,42000000,42000000,561,935,42035000,15666
4,1201,42035000,42035000,561,935,42070000,15678
4,1202,42070000,42070000,561,935,42105000,15693
4,1203,42105000,42105000,561,935,42140000,15705
4,1204,42140000,42140000,561,935,42175000,15718
4,1205,42175000,42175000,561,935,42210000,15733
4,1206,42210000,42210000,561,935,42245000,15745
4,1207,42245000,42245000,561,935,42280000,15757
4,1208,42280000,42280000,561,935,42315000,15770
4,1209,42315000,42315000,561,935,42350000,15783
4,121,4235000,4235000,561,935,4270000,1586
4,1210,42350000,42350000,561,935,42385000,15795
4,1211,42385000,42385000,561,935,42420000,15811
4,1212,42420000,42420000,561,935,42455000,15823
4,1213,42455000,42455000,561,935,42490000,15836
4,1214,42490000,42490000,561,935,42525000,15850
4,1215,42525000,42525000,561,935,42560000,15861
4,1216,42560000,42560000,561,935,42595000,15873
4,1217,42595000,42595000,561,935,42630000,15889
4,1218,42630000,42630000,561,935,42665000,15901
4,1219,42665000,42665000,561,935,42700000,15914
4,122,4270000,4270000,561,935,4305000,1600
4,1220,42700000,42700000,561,935,42735000,15927
4,1221,42735000,42735000,561,935,42770000,15940
4,1222,42770000,42770000,561,935,42805000,15954
4,1223,42805000,42805000,561,935,42840000,15966
4,1224,42840000,42840000,561,935,42875000,15979
4,1225,42875000,42875000,561,935,42910000,15993
4,1226,42910000,42910000,561,935,42945000,16004
4,1227,42945000,42945000,561,935,42980000,16019
4,1228,42980000,42980000,561,935,43015000,16031
4,1229,43015000,43015000,561,935,43050000,16046
4,123,4305000,4305000,561,935,4340000,1612
4,1230,43050000,43050000,561,935,43085000,16058
4,1231,43085000,43085000,561,935,43120000,16069
4,1232,43120000,43120000,561,935,43155000,16084
4,1233,43155000,43155000,561,935,43190000,16096
4,1234,43190000,43190000,561,935,43225000,16109
4,1235,43225000,43225000,561,935,43260000,16124
4,1236,43260000,43260000,561,935,43295000,16136
4,1237,43295000,43295000,561,935,43330000,16149
4,1238,43330000,43330000,561,935,43365000,16163
4,1239,43365000,43365000,561,935,43400000,16175
4,124,4340000,4340000,561,935,4375000,1625
4,1240,43400000,43400000,561,935,43435000,16186
4,1241,43435000,43435000,561,935,43470000,16202
4,1242,43470000,43470000,561,935,43505000,16214
4,1243,43505000,43505000,561,935,43540000,16227
4,1244,43540000,43540000,561,935,43575000,16241
4,1245,43575000,43575000,561,935,43610000,16254
4,1246,43610000,43610000,561,935,43645000,16265
4,1247,43645000,43645000,561,935,43680000,16280
4,1248,43680000,43680000,561,935,43715000,16292
4,1249,43715000,43715000,561,935,43750000,16305
4,125,4375000,4375000,561,935,4410000,1641
4,1250,43750000,43750000,561,935,43785000,16319
4,1251,43785000,43785000,561,935,43820000,16331
4,1252,43820000,43820000,561,935,43855000,16345
4,1253,43855000,43855000,561,935,43890000,16358
4,1254,43890000,43890000,561,935,43925000,16372
4,1255,43925000,43925000,561,935,43960000,16384
4,1256,43960000,43960000,561,935,43995000,16395
4,1257,43995000,43995000,561,935,44030000,16410
4,1258,44030000,44030000,561,935,44065000,16422
4,1259,44065000,44065000,561,935,44100000,16437
4,126,4410000,4410000,561,935,4445000,1651
4,1260,44100000,44100000,561,935,44135000,16449
4,1261,44135000,44135000,561,935,44170000,16463
4,1262,44170000,44170000,561,935,44205000,16476
4,1263,44205000,44205000,561,935,44240000,16487
4,1264,44240000,44240000,561,935,44275000,16500
4,1265,44275000,44275000,561,935,44310000,16515
4,1266,44310000,44310000,561,935,44345000,16527
4,1267,44345000,44345000,561,935,44380000,16540
4,1268,44380000,44380000,561,935,44415000,16554
4,1269,44415000,44415000,561,935,44450000,16567
4,127,4445000,4445000,561,935,4480000,1664
4,1270,44450000,44450000,561,935,44485000,16579
4,1271,44485000,44485000,561,935,44520000,16593
4,1272,44520000,44520000,561,935,44555000,16606
4,1273,44555000,44555000,561,935,44590000,16618
4,1274,44590000,44590000,561,935,44625000,16632
4,1275,44625000,44625000,561,935,44660000,16645
4,1276,44660000,44660000,561,935,44695000,16656
4,1277,44695000,44695000,561,935,44730000,16673
4,1278,44730000,44730000,561,935,44765000,16684
4,1279,44765000,44765000,561,935,44800000,16696
4,128,4480000,4480000,561,935,4515000,1678
4,1280,44800000,44800000,561,935,44835000,16710
4,1281,44835000,44835000,561,935,44870000,16722
4,1282,44870000,44870000,561,935,44905000,16736
4,1283,44905000,44905000,561,935,44940000,16750
4,1284,44940000,44940000,561,935,44975000,16763
4,1285,44975000,44975000,561,935,45010000,16776
4,1286,45010000,45010000,561,935,45045000,16788
4,1287,45045000,45045000,561,935,45080000,16801
4,1288,45080000,45080000,561,935,45115000,16813
4,1289,45115000,45115000,561,935,45150000,16828
4,129,4515000,4515000,561,935,4550000,1690
4,1290,45150000,45150000,561,935,45185000,16840
4,1291,45185000,45185000,561,935,45220000,16854
4,1292,45220000,45220000,561,935,45255000,16867
4,1293,45255000,45255000,561,935,45290000,16880
4,1294,45290000,45290000,561,935,45325000,16893
4,1295,45325000,45325000,561,935,45360000,16906
4,1296,45360000,45360000,561,935,45395000,16918
4,1297,45395000,45395000,561,935,45430000,16931
4,1298,45430000,45430000,561,935,45465000,16945
4,1299,45465000,45465000,561,935,45500000,16958
4,13,455000,455000,561,935,490000,177
4,130,4550000,4550000,561,935,4585000,1703
4,1300,45500000,45500000,561,935,45535000,16970
4,1301,45535000,45535000,561,935,45570000,16985
4,1302,45570000,45570000,561,935,45605000,16999
4,1303,45605000,45605000,561,935,45640000,17009
4,1304,45640000,45640000,561,935,45675000,17023
4,1305,45675000,45675000,561,935,45710000,17037
4,1306,45710000,45710000,561,935,45745000,17047
4,1307,45745000,45745000,561,935,45780000,17064
4,1308,45780000,45780000,561,935,45815000,17075
4,1309,45815000,45815000,561,935,45850000,17089
4,131,4585000,4585000,561,935,4620000,1717
4,1310,45850000,45850000,561,935,45885000,17102
4,1311,45885000,45885000,561,935,45920000,17113
4,1312,45920000,45920000,561,935,45955000,17127
4,1313,45955000,45955000,561,935,45990000,17141
4,1314,45990000,45990000,561,935,46025000,17154
4,1315,46025000,46025000,561,935,46060000,17167
4,1316,46060000,46060000,561,935,46095000,17180
4,1317,46095000,46095000,561,935,46130000,17193
4,1318,46130000,46130000,561,935,46165000,17206
4,1319,46165000,46165000,561,935,46200000,17219
4,132,4620000,4620000,561,935,4655000,1731
4,1320,46200000,46200000,561,935,46235000,17231
4,1321,46235000,46235000,561,935,46270000,17245
4,1322,46270000,46270000,561,935,46305000,17258
4,1323,46305000,46305000,561,935,46340000,17271
4,1324,46340000,46340000,561,935,46375000,17284
4,1325,46375000,46375000,561,935,46410000,17299
4,1326,46410000,46410000,561,935,46445000,17310
4,1327,46445000,46445000,561,935,46480000,17323
4,1328,46480000,46480000,561,935,46515000,17336
4,1329,46515000,46515000,561,935,46550000,17349
4,133,4655000,4655000,561,935,4690000,1743
4,1330,46550000,46550000,561,935,46585000,17361
4,1331,46585000,46585000,561,935,46620000,17376
4,1332,46620000,46620000,561,935,46655000,17390
4,1333,46655000,46655000,561,935,46690000,17401
4,1334,46690000,46690000,561,935,46725000,17416
4,1335,46725000,46725000,561,935,46760000,17428
4,1336,46760000,46760000,561,935,46795000,17438
4,1337,46795000,46795000,561,935,46830000,17455
4,1338,46830000,46830000,561,935,46865000,17467
4,1339,46865000,46865000,561,935,46900000,17480
4,134,4690000,4690000,561,935,4725000,1757
4,1340,46900000,46900000,561,935,46935000,17493
4,1341,46935000,46935000,561,935,46970000,17506
4,1342,46970000,46970000,561,935,47005000,17519
4,1343,47005000,47005000,561,935,47040000,17532
4,1344,47040000,47040000,561,935,47075000,17545
4,1345,47075000,47075000,561,935,47110000,17558
4,1346,47110000,47110000,561,935,47145000,17571
4,1347,47145000,47145000,561,935,47180000,17584
4,1348,47180000,47180000,561,935,47215000,17597
4,1349,47215000,47215000,561,935,47250000,17612
4,135,4725000,4725000,561,935,4760000,1769
4,1350,47250000,47250000,561,935,47285000,17624
4,1351,47285000,47285000,561,935,47320000,17636
4,1352,47320000,47320000,561,935,47355000,17649
4,1353,47355000,47355000,561,935,47390000,17662
4,1354,47390000,47390000,561,935,47425000,17675
4,1355,47425000,47425000,561,935,47460000,17690
4,1356,47460000,47460000,561,935,47495000,17701
4,1357,47495000,47495000,561,935,47530000,17716
4,1358,47530000,47530000,561,935,47565000,17728
4,1359,47565000,47565000,561,935,47600000,17740
4,136,4760000,4760000,561,935,4795000,1780
4,1360,47600000,47600000,561,935,47635000,17753
4,1361,47635000,47635000,561,935,47670000,17767
4,1362,47670000,47670000,561,935,47705000,17781
4,1363,47705000,47705000,561,935,47740000,17792
4,1364,47740000,47740000,561,935,47775000,17807
4,1365,47775000,47775000,561,935,47810000,17820
4,1366,47810000,47810000,561,935,47845000,17831
4,1367,47845000,47845000,561,935,47880000,17846
4,1368,47880000,47880000,561,935,47915000,17858
4,1369,47915000,47915000,561,935,47950000,17871
4,137,4795000,4795000,561,935,4830000,1796
4,1370,47950000,47950000,561,935,47985000,17884
4,1371,47985000,47985000,561,935,48020000,17898
4,1372,48020000,48020000,561,935,48055000,17910
4,1373,48055000,48055000,561,935,48090000,17925
4,1374,48090000,48090000,561,935,48125000,17937
4,1375,48125000,48125000,561,935,48160000,17949
4,1376,48160000,48160000,561,935,48195000,17962
4,1377,48195000,48195000,561,935,48230000,17975
4,1378,48230000,48230000,561,935,48265000,17988
4,1379,48265000,48265000,561,935,48300000,18003
4,138,4830000,4830000,561,935,4865000,1808
4,1380,48300000,48300000,561,935,48335000,18015
4,1381,48335000,48335000,561,935,48370000,18028
4,1382,48370000,48370000,561,935,48405000,18043
4,1383,48405000,48405000,561,935,48440000,18053
4,1384,48440000,48440000,561,935,48475000,18066
4,1385,48475000,48475000,561,935,48510000,18081
4,1386,48510000,48510000,561,935,48545000,18092
4,1387,48545000,48545000,561,935,48580000,18107
4,1388,48580000,48580000,561,935,48615000,18119
4,1389,48615000,48615000,561,935,48650000,18133
4,139,4865000,4865000,561,935,4900000,1822
4,1390,48650000,48650000,561,935,48685000,18145
4,1391,48685000,48685000,561,935,48720000,18158
4,1392,48720000,48720000,561,935,48755000,18172
4,1393,48755000,48755000,561,935,48790000,18184
4,1394,48790000,48790000,561,935,48825000,18198
4,1395,48825000,48825000,561,935,48860000,18211
4,1396,48860000,48860000,561,935,48895000,18222
4,1397,48895000,48895000,561,935,48930000,18238
4,1398,48930000,48930000,561,935,48965000,18251
4,1399,48965000,48965000,561,935,49000000,18262
4,14,490000,490000,561,935,525000,191
4,140,4900000,4900000,561,935,4935000,1834
4,1400,49000000,49000000,561,935,49035000,18275
4,1401,49035000,49035000,561,935,49070000,18289
4,1402,49070000,49070000,561,935,49105000,18301
4,1403,49105000,49105000,561,935,49140000,18316
4,1404,49140000,49140000,561,935,49175000,18329
4,1405,49175000,49175000,561,935,49210000,18342
4,1406,49210000,49210000,561,935,49245000,18354
4,1407,49245000,49245000,561,935,49280000,18366
4,1408,49280000,49280000,561,935,49315000,18379
4,1409,49315000,49315000,561,935,49350000,18394
4,141,4935000,4935000,561,935,4970000,1848
4,1410,49350000,49350000,561,935,49385000,18406
4,1411,49385000,49385000,561,935,49420000,18419
4,1412,49420000,49420000,561,935,49455000,18434
4,1413,49455000,49455000,561,935,49490000,18445
4,1414,49490000,49490000,561,935,49525000,18459
4,1415,49525000,49525000,561,935,49560000,18473
4,1416,49560000,49560000,561,935,49595000,18483
4,1417,49595000,49595000,561,935,49630000,18498
4,1418,49630000,49630000,561,935,49665000,18510
4,1419,49665000,49665000,561,935,49700000,18524
4,142,4970000,4970000,561,935,5005000,1860
4,1420,49700000,49700000,561,935,49735000,18536
4,1421,49735000,49735000,561,935,49770000,18551
4,1422,49770000,49770000,561,935,49805000,18564
4,1423,49805000,49805000,561,935,49840000,18575
4,1424,49840000,49840000,561,935,49875000,18589
4,1425,49875000,49875000,561,935,49910000,18602
4,1426,49910000,49910000,561,935,49945000,18614
4,1427,49945000,49945000,561,935,49980000,18629
4,1428,49980000,49980000,561,935,50015000,18642
4,1429,50015000,50015000,561,935,50050000,18654
4,143,5005000,5005000,561,935,5040000,1873
4,1430,50050000,50050000,561,935,50085000,18668
4,1431,50085000,50085000,561,935,50120000,18680
4,1432,50120000,50120000,561,935,50155000,18692
4,1433,50155000,50155000,561,935,50190000,18707
4,1434,50190000,50190000,561,935,50225000,18720
4,1435,50225000,50225000,561,935,50260000,18733
4,1436,50260000,50260000,561,935,50295000,18745
4,1437,50295000,50295000,561,935,50330000,18760
4,1438,50330000,50330000,561,935,50365000,18771
4,1439,50365000,50365000,561,935,50400000,18785
4,144,5040000,5040000,561,935,5075000,1887
4,1440,50400000,50400000,561,935,50435000,18797
4,1441,50435000,50435000,561,935,50470000,18810
4,1442,50470000,50470000,561,935,50505000,18825
4,1443,50505000,50505000,561,935,50540000,18836
4,1444,50540000,50540000,561,935,50575000,18850
4,1445,50575000,50575000,561,935,50610000,18865
4,1446,50610000,50610000,561,935,50645000,18876
4,1447,50645000,50645000,561,935,50680000,18889
4,1448,50680000,50680000,561,935,50715000,18902
4,1449,50715000,50715000,561,935,50750000,18915
4,145,5075000,5075000,561,935,5110000,1899
4,1450,50750000,50750000,561,935,50785000,18927
4,1451,50785000,50785000,561,935,50820000,18942
4,1452,50820000,50820000,561,935,50855000,18955
4,1453,50855000,50855000,561,935,50890000,18968
4,1454,50890000,50890000,561,935,50925000,18981
4,1455,50925000,50925000,561,935,50960000,18993
4,1456,50960000,50960000,561,935,50995000,19005
4,1457,50995000,50995000,561,935,51030000,19020
4,1458,51030000,51030000,561,935,51065000,19033
4,1459,51065000,51065000,561,935,51100000,19046
4,146,5110000,5110000,561,935,5145000,1912
4,1460,51100000,51100000,561,935,51135000,19059
4,1461,51135000,51135000,561,935,51170000,19072
4,1462,51170000,51170000,561,935,51205000,19085
4,1463,51205000,51205000,561,935,51240000,19098
4,1464,51240000,51240000,561,935,51275000,19111
4,1465,51275000,51275000,561,935,51310000,19124
4,1466,51310000,51310000,561,935,51345000,19136
4,1467,51345000,51345000,561,935,51380000,19151
4,1468,51380000,51380000,561,935,51415000,19162
4,1469,51415000,51415000,561,935,51450000,19178
4,147,5145000,5145000,561,935,5180000,1926
4,1470,51450000,51450000,561,935,51485000,19190
4,1471,51485000,51485000,561,935,51520000,19201
4,1472,51520000,51520000,561,935,51555000,19216
4,1473,51555000,51555000,561,935,51590000,19227
4,1474,51590000,51590000,561,935,51625000,19241
4,1475,51625000,51625000,561,935,51660000,19256
4,1476,51660000,51660000,561,935,51695000,19267
4,1477,51695000,51695000,561,935,51730000,19281
4,1478,51730000,51730000,561,935,51765000,19295
4,1479,51765000,51765000,561,935,51800000,19306
4,148,5180000,5180000,561,935,5215000,1938
4,1480,51800000,51800000,561,935,51835000,19318
4,1481,51835000,51835000,561,935,51870000,19334
4,1482,51870000,51870000,561,935,51905000,19346
4,1483,51905000,51905000,561,935,51940000,19359
4,1484,51940000,51940000,561,935,51975000,19372
4,1485,51975000,51975000,561,935,52010000,19386
4,1486,52010000,52010000,561,935,52045000,19397
4,1487,52045000,52045000,561,935,52080000,19411
4,1488,52080000,52080000,561,935,52115000,19424
4,1489,52115000,52115000,561,935,52150000,19437
4,149,5215000,5215000,561,935,5250000,1953
4,1490,52150000,52150000,561,935,52185000,19450
4,1491,52185000,52185000,561,935,52220000,19463
4,1492,52220000,52220000,561,935,52255000,19477
4,1493,52255000,52255000,561,935,52290000,19490
4,1494,52290000,52290000,561,935,52325000,19504
4,1495,52325000,52325000,561,935,52360000,19515
4,1496,52360000,52360000,561,935,52395000,19527
4,1497,52395000,52395000,561,935,52430000,19542
4,1498,52430000,52430000,561,935,52465000,19553
4,1499,52465000,52465000,561,935,52500000,19569
4,15,525000,525000,561,935,560000,203
4,150,5250000,5250000,561,935,5285000,1966
4,1500,52500000,52500000,561,935,52535000,19581
4,1501,52535000,52535000,561,935,52570000,19594
4,1502,52570000,52570000,561,935,52605000,19608
4,1503,52605000,52605000,561,935,52640000,19619
4,1504,52640000,52640000,561,935,52675000,19632
4,1505,52675000,52675000,561,935,52710000,19647
4,1506,52710000,52710000,561,935,52745000,19658
4,1507,52745000,52745000,561,935,52780000,19672
4,1508,52780000,52780000,561,935,52815000,19686
4,1509,52815000,52815000,561,935,52850000,19698
4,151,5285000,5285000,561,935,5320000,1977
4,1510,52850000,52850000,561,935,52885000,19711
4,1511,52885000,52885000,561,935,52920000,19725
4,1512,52920000,52920000,561,935,52955000,19737
4,1513,52955000,52955000,561,935,52990000,19750
4,1514,52990000,52990000,561,935,53025000,19764
4,1515,53025000,53025000,561,935,53060000,19777
4,1516,53060000,53060000,561,935,53095000,19788
4,1517,53095000,53095000,561,935,53130000,19804
4,1518,53130000,53130000,561,935,53165000,19816
4,1519,53165000,53165000,561,935,53200000,19828
4,152,5320000,5320000,561,935,5355000,1991
4,1520,53200000,53200000,561,935,53235000,19841
4,1521,53235000,53235000,561,935,53270000,19854
4,1522,53270000,53270000,561,935,53305000,19868
4,1523,53305000,53305000,561,935,53340000,19881
4,1524,53340000,53340000,561,935,53375000,19895
4,1525,53375000,53375000,561,935,53410000,19908
4,1526,53410000,53410000,561,935,53445000,19920
4,1527,53445000,53445000,561,935,53480000,19933
4,1528,53480000,53480000,561,935,53515000,19944
4,1529,53515000,53515000,561,935,53550000,19960
4,153,5355000,5355000,561,935,5390000,2003
4,1530,53550000,53550000,561,935,53585000,19972
4,1531,53585000,53585000,561,935,53620000,19985
4,1532,53620000,53620000,561,935,53655000,19999
4,1533,53655000,53655000,561,935,53690000,20012
4,1534,53690000,53690000,561,935,53725000,20024
4,1535,53725000,53725000,561,935,53760000,20038
4,1536,53760000,53760000,561,935,53795000,20050
4,1537,53795000,53795000,561,935,53830000,20063
4,1538,53830000,53830000,561,935,53865000,20077
4,1539,53865000,53865000,561,935,53900000,20089
4,154,5390000,5390000,561,935,5425000,2016
4,1540,53900000,53900000,561,935,53935000,20102
4,1541,53935000,53935000,561,935,53970000,20117
4,1542,53970000,53970000,561,935,54005000,20130
4,1543,54005000,54005000,561,935,54040000,20141
4,1544,54040000,54040000,561,935,54075000,20155
4,1545,54075000,54075000,561,935,54110000,20168
4,1546,54110000,54110000,561,935,54145000,20179
4,1547,54145000,54145000,561,935,54180000,20196
4,1548,54180000,54180000,561,935,54215000,20207
4,1549,54215000,54215000,561,935,54250000,20221
4,155,5425000,5425000,561,935,5460000,2032
4,1550,54250000,54250000,561,935,54285000,20233
4,1551,54285000,54285000,561,935,54320000,20245
4,1552,54320000,54320000,561,935,54355000,20259
4,1553,54355000,54355000,561,935,54390000,20272
4,1554,54390000,54390000,561,935,54425000,20286
4,1555,54425000,54425000,561,935,54460000,20299
4,1556,54460000,54460000,561,935,54495000,20311
4,1557,54495000,54495000,561,935,54530000,20325
4,1558,54530000,54530000,561,935,54565000,20338
4,1559,54565000,54565000,561,935,54600000,20351
4,156,5460000,5460000,561,935,5495000,2042
4,1560,54600000,54600000,561,935,54635000,20363
4,1561,54635000,54635000,561,935,54670000,20376
4,1562,54670000,54670000,561,935,54705000,20390
4,1563,54705000,54705000,561,935,54740000,20403
4,1564,54740000,54740000,561,935,54775000,20415
4,1565,54775000,54775000,561,935,54810000,20431
4,1566,54810000,54810000,561,935,54845000,20442
4,1567,54845000,54845000,561,935,54880000,20454
4,1568,54880000,54880000,561,935,54915000,20468
4,1569,54915000,54915000,561,935,54950000,20481
4,157,5495000,5495000,561,935,5530000,2057
4,1570,54950000,54950000,561,935,54985000,20493
4,1571,54985000,54985000,561,935,55020000,20508
4,1572,55020000,55020000,561,935,55055000,20521
4,1573,55055000,55055000,561,935,55090000,20533
4,1574,55090000,55090000,561,935,55125000,20548
4,1575,55125000,55125000,561,935,55160000,20559
4,1576,55160000,55160000,561,935,55195000,20570
4,1577,55195000,55195000,561,935,55230000,20587
4,1578,55230000,55230000,561,935,55265000,20598
4,1579,55265000,55265000,561,935,55300000,20612
4,158,5530000,5530000,561,935,5565000,2070
4,1580,55300000,55300000,561,935,55335000,20625
4,1581,55335000,55335000,561,935,55370000,20638
4,1582,55370000,55370000,561,935,55405000,20651
4,1583,55405000,55405000,561,935,55440000,20663
4,1584,55440000,55440000,561,935,55475000,20677
4,1585,55475000,55475000,561,935,55510000,20690
4,1586,55510000,55510000,561,935,55545000,20702
4,1587,55545000,55545000,561,935,55580000,20716
4,1588,55580000,55580000,561,935,55615000,20729
4,1589,55615000,55615000,561,935,55650000,20743
4,159,5565000,5565000,561,935,5600000,2081
4,1590,55650000,55650000,561,935,55685000,20756
4,1591,55685000,55685000,561,935,55720000,20768
4,1592,55720000,55720000,561,935,55755000,20781
4,1593,55755000,55755000,561,935,55790000,20794
4,1594,55790000,55790000,561,935,55825000,20806
4,1595,55825000,55825000,561,935,55860000,20822
4,1596,55860000,55860000,561,935,55895000,20833
4,1597,55895000,55895000,561,935,55930000,20847
4,1598,55930000,55930000,561,935,55965000,20860
4,1599,55965000,55965000,561,935,56000000,20872
4,16,560000,560000,561,935,595000,214
4,160,5600000,5600000,561,935,5635000,2094
4,1600,56000000,56000000,561,935,56035000,20884
4,1601,56035000,56035000,561,935,56070000,20899
4,1602,56070000,56070000,561,935,56105000,20913
4,1603,56105000,56105000,561,935,56140000,20924
4,1604,56140000,56140000,561,935,56175000,20939
4,1605,56175000,56175000,561,935,56210000,20951
4,1606,56210000,56210000,561,935,56245000,20963
4,1607,56245000,56245000,561,935,56280000,20978
4,1608,56280000,56280000,561,935,56315000,20989
4,1609,56315000,56315000,561,935,56350000,21003
4,161,5635000,5635000,561,935,5670000,2109
4,1610,56350000,56350000,561,935,56385000,21016
4,1611,56385000,56385000,561,935,56420000,21029
4,1612,56420000,56420000,561,935,56455000,21042
4,1613,56455000,56455000,561,935,56490000,21057
4,1614,56490000,56490000,561,935,56525000,21069
4,1615,56525000,56525000,561,935,56560000,21081
4,1616,56560000,56560000,561,935,56595000,21093
4,1617,56595000,56595000,561,935,56630000,21107
4,1618,56630000,56630000,561,935,56665000,21120
4,1619,56665000,56665000,561,935,56700000,21134
4,162,5670000,5670000,561,935,5705000,2122
4,1620,56700000,56700000,561,935,56735000,21147
4,1621,56735000,56735000,561,935,56770000,21160
4,1622,56770000,56770000,561,935,56805000,21174
4,1623,56805000,56805000,561,935,56840000,21185
4,1624,56840000,56840000,561,935,56875000,21198
4,1625,56875000,56875000,561,935,56910000,21213
4,1626,56910000,56910000,561,935,56945000,21224
4,1627,56945000,56945000,561,935,56980000,21238
4,1628,56980000,56980000,561,935,57015000,21251
4,1629,57015000,57015000,561,935,57050000,21265
4,163,5705000,5705000,561,935,5740000,2134
4,1630,57050000,57050000,561,935,57085000,21276
4,1631,57085000,57085000,561,935,57120000,21290
4,1632,57120000,57120000,561,935,57155000,21304
4,1633,57155000,57155000,561,935,57190000,21315
4,1634,57190000,57190000,561,935,57225000,21330
4,1635,57225000,57225000,561,935,57260000,21343
4,1636,57260000,57260000,561,935,57295000,21354
4,1637,57295000,57295000,561,935,57330000,21370
4,1638,57330000,57330000,561,935,57365000,21382
4,1639,57365000,57365000,561,935,57400000,21394
4,164,5740000,5740000,561,935,5775000,2148
4,1640,57400000,57400000,561,935,57435000,21407
4,1641,57435000,57435000,561,935,57470000,21420
4,1642,57470000,57470000,561,935,57505000,21433
4,1643,57505000,57505000,561,935,57540000,21448
4,1644,57540000,57540000,561,935,57575000,21460
4,1645,57575000,57575000,561,935,57610000,21474
4,1646,57610000,57610000,561,935,57645000,21486
4,1647,57645000,57645000,561,935,57680000,21498
4,1648,57680000,57680000,561,935,57715000,21511
4,1649,57715000,57715000,561,935,57750000,21525
4,165,5775000,5775000,561,935,5810000,2161
4,1650,57750000,57750000,561,935,57785000,21538
4,1651,57785000,57785000,561,935,57820000,21551
4,1652,57820000,57820000,561,935,57855000,21565
4,1653,57855000,57855000,561,935,57890000,21577
4,1654,57890000,57890000,561,935,57925000,21591
4,1655,57925000,57925000,561,935,57960000,21604
4,1656,57960000,57960000,561,935,57995000,21615
4,1657,57995000,57995000,561,935,58030000,21630
4,1658,58030000,58030000,561,935,58065000,21642
4,1659,58065000,58065000,561,935,58100000,21656
4,166,5810000,5810000,561,935,5845000,2173
4,1660,58100000,58100000,561,935,58135000,21667
4,1661,58135000,58135000,561,935,58170000,21683
4,1662,58170000,58170000,561,935,58205000,21696
4,1663,58205000,58205000,561,935,58240000,21706
4,1664,58240000,58240000,561,935,58275000,21721
4,1665,58275000,58275000,561,935,58310000,21734
4,1666,58310000,58310000,561,935,58345000,21745
4,1667,58345000,58345000,561,935,58380000,21761
4,1668,58380000,58380000,561,935,58415000,21774
4,1669,58415000,58415000,561,935,58450000,21786
4,167,5845000,5845000,561,935,5880000,2187
4,1670,58450000,58450000,561,935,58485000,21800
4,1671,58485000,58485000,561,935,58520000,21811
4,1672,58520000,58520000,561,935,58555000,21824
4,1673,58555000,58555000,561,935,58590000,21839
4,1674,58590000,58590000,561,935,58625000,21851
4,1675,58625000,58625000,561,935,58660000,21865
4,1676,58660000,58660000,561,935,58695000,21877
4,1677,58695000,58695000,561,935,58730000,21891
4,1678,58730000,58730000,561,935,58765000,21903
4,1679,58765000,58765000,561,935,58800000,21917
4,168,5880000,5880000,561,935,5915000,2199
4,1680,58800000,58800000,561,935,58835000,21929
4,1681,58835000,58835000,561,935,58870000,21942
4,1682,58870000,58870000,561,935,58905000,21956
4,1683,58905000,58905000,561,935,58940000,21968
4,1684,58940000,58940000,561,935,58975000,21982
4,1685,58975000,58975000,561,935,59010000,21996
4,1686,59010000,59010000,561,935,59045000,22008
4,1687,59045000,59045000,561,935,59080000,22021
4,1688,59080000,59080000,561,935,59115000,22033
4,1689,59115000,59115000,561,935,59150000,22047
4,169,5915000,5915000,561,935,5950000,2213
4,1690,59150000,59150000,561,935,59185000,22059
4,1691,59185000,59185000,561,935,59220000,22074
4,1692,59220000,59220000,561,935,59255000,22087
4,1693,59255000,59255000,561,935,59290000,22099
4,1694,59290000,59290000,561,935,59325000,22113
4,1695,59325000,59325000,561,935,59360000,22125
4,1696,59360000,59360000,561,935,59395000,22136
4,1697,59395000,59395000,561,935,59430000,22152
4,1698,59430000,59430000,561,935,59465000,22165
4,1699,59465000,59465000,561,935,59500000,22177
4,17,595000,595000,561,935,630000,230
4,170,5950000,5950000,561,935,5985000,2225
4,1700,59500000,59500000,561,935,59535000,22191
4,1701,59535000,59535000,561,935,59570000,22204
4,1702,59570000,59570000,561,935,59605000,22217
4,1703,59605000,59605000,561,935,59640000,22230
4,1704,59640000,59640000,561,935,59675000,22242
4,1705,59675000,59675000,561,935,59710000,22256
4,1706,59710000,59710000,561,935,59745000,22268
4,1707,59745000,59745000,561,935,59780000,22282
4,1708,59780000,59780000,561,935,59815000,22294
4,1709,59815000,59815000,561,935,59850000,22310
4,171,5985000,5985000,561,935,6020000,2239
4,1710,59850000,59850000,561,935,59885000,22321
4,1711,59885000,59885000,561,935,59920000,22333
4,1712,59920000,59920000,561,935,59955000,22348
4,1713,59955000,59955000,561,935,59990000,22359
4,1714,59990000,59990000,561,935,60025000,22373
4,1715,60025000,60025000,561,935,60060000,22387
4,1716,60060000,60060000,561,935,60095000,22399
4,1717,60095000,60095000,561,935,60130000,22413
4,1718,60130000,60130000,561,935,60165000,22426
4,1719,60165000,60165000,561,935,60200000,22438
4,172,6020000,6020000,561,935,6055000,2252
4,1720,60200000,60200000,561,935,60235000,22450
4,1721,60235000,60235000,561,935,60270000,22465
4,1722,60270000,60270000,561,935,60305000,22478
4,1723,60305000,60305000,561,935,60340000,22491
4,1724,60340000,60340000,561,935,60375000,22504
4,1725,60375000,60375000,561,935,60410000,22518
4,1726,60410000,60410000,561,935,60445000,22528
4,1727,60445000,60445000,561,935,60480000,22543
4,1728,60480000,60480000,561,935,60515000,22556
4,1729,60515000,60515000,561,935,60550000,22568
4,173,6055000,6055000,561,935,6090000,2266
4,1730,60550000,60550000,561,935,60585000,22582
4,1731,60585000,60585000,561,935,60620000,22595
4,1732,60620000,60620000,561,935,60655000,22608
4,1733,60655000,60655000,561,935,60690000,22622
4,1734,60690000,60690000,561,935,60725000,22636
4,1735,60725000,60725000,561,935,60760000,22647
4,1736,60760000,60760000,561,935,60795000,22659
4,1737,60795000,60795000,561,935,60830000,22673
4,1738,60830000,60830000,561,935,60865000,22685
4,1739,60865000,60865000,561,935,60900000,22701
4,174,6090000,6090000,561,935,6125000,2279
4,1740,60900000,60900000,561,935,60935000,22712
4,1741,60935000,60935000,561,935,60970000,22726
4,1742,60970000,60970000,561,935,61005000,22740
4,1743,61005000,61005000,561,935,61040000,22750
4,1744,61040000,61040000,561,935,61075000,22764
4,1745,61075000,61075000,561,935,61110000,22779
4,1746,61110000,61110000,561,935,61145000,22790
4,1747,61145000,61145000,561,935,61180000,22804
4,1748,61180000,61180000,561,935,61215000,22817
4,1749,61215000,61215000,561,935,61250000,22830
4,175,6125000,6125000,561,935,6160000,2290
4,1750,61250000,61250000,561,935,61285000,22843
4,1751,61285000,61285000,561,935,61320000,22856
4,1752,61320000,61320000,561,935,61355000,22869
4,1753,61355000,61355000,561,935,61390000,22882
4,1754,61390000,61390000,561,935,61425000,22895
4,1755,61425000,61425000,561,935,61460000,22909
4,1756,61460000,61460000,561,935,61495000,22920
4,1757,61495000,61495000,561,935,61530000,22936
4,1758,61530000,61530000,561,935,61565000,22948
4,1759,61565000,61565000,561,935,61600000,22959
4,176,6160000,6160000,561,935,6195000,2303
4,1760,61600000,61600000,561,935,61635000,22973
4,1761,61635000,61635000,561,935,61670000,22986
4,1762,61670000,61670000,561,935,61705000,22999
4,1763,61705000,61705000,561,935,61740000,23013
4,1764,61740000,61740000,561,935,61775000,23027
4,1765,61775000,61775000,561,935,61810000,23039
4,1766,61810000,61810000,561,935,61845000,23052
4,1767,61845000,61845000,561,935,61880000,23065
4,1768,61880000,61880000,561,935,61915000,23076
4,1769,61915000,61915000,561,935,61950000,23092
4,177,6195000,6195000,561,935,6230000,2317
4,1770,61950000,61950000,561,935,61985000,23103
4,1771,61985000,61985000,561,935,62020000,23117
4,1772,62020000,62020000,561,935,62055000,23131
4,1773,62055000,62055000,561,935,62090000,23143
4,1774,62090000,62090000,561,935,62125000,23156
4,1775,62125000,62125000,561,935,62160000,23170
4,1776,62160000,62160000,561,935,62195000,23181
4,1777,62195000,62195000,561,935,62230000,23195
4,1778,62230000,62230000,561,935,62265000,23209
4,1779,62265000,62265000,561,935,62300000,23221
4,178,6230000,6230000,561,935,6265000,2329
4,1780,62300000,62300000,561,935,62335000,23234
4,1781,62335000,62335000,561,935,62370000,23248
4,1782,62370000,62370000,561,935,62405000,23262
4,1783,62405000,62405000,561,935,62440000,23273
4,1784,62440000,62440000,561,935,62475000,23286
4,1785,62475000,62475000,561,935,62510000,23300
4,1786,62510000,62510000,561,935,62545000,23311
4,1787,62545000,62545000,561,935,62580000,23327
4,1788,62580000,62580000,561,935,62615000,23339
4,1789,62615000,62615000,561,935,62650000,23353
4,179,6265000,6265000,561,935,6300000,2344
4,1790,62650000,62650000,561,935,62685000,23365
4,1791,62685000,62685000,561,935,62720000,23377
4,1792,62720000,62720000,561,935,62755000,23390
4,1793,62755000,62755000,561,935,62790000,23404
4,1794,62790000,62790000,561,935,62825000,23418
4,1795,62825000,62825000,561,935,62860000,23430
4,1796,62860000,62860000,561,935,62895000,23443
4,1797,62895000,62895000,561,935,62930000,23457
4,1798,62930000,62930000,561,935,62965000,23469
4,1799,62965000,62965000,561,935,63000000,23483
4,18,630000,630000,561,935,665000,243
4,180,6300000,6300000,561,935,6335000,2357
4,1800,63000000,63000000,561,935,63035000,23495
4,1801,63035000,63035000,561,935,63070000,23508
4,1802,63070000,63070000,561,935,63105000,23522
4,1803,63105000,63105000,561,935,63140000,23534
4,1804,63140000,63140000,561,935,63175000,23547
4,1805,63175000,63175000,561,935,63210000,23563
4,1806,63210000,63210000,561,935,63245000,23573
4,1807,63245000,63245000,561,935,63280000,23586
4,1808,63280000,63280000,561,935,63315000,23600
4,1809,63315000,63315000,561,935,63350000,23612
4,181,6335000,6335000,561,935,6370000,2369
4,1810,63350000,63350000,561,935,63385000,23625
4,1811,63385000,63385000,561,935,63420000,23640
4,1812,63420000,63420000,561,935,63455000,23653
4,1813,63455000,63455000,561,935,63490000,23665
4,1814,63490000,63490000,561,935,63525000,23679
4,1815,63525000,63525000,561,935,63560000,23691
4,1816,63560000,63560000,561,935,63595000,23702
4,1817,63595000,63595000,561,935,63630000,23718
4,1818,63630000,63630000,561,935,63665000,23730
4,1819,63665000,63665000,561,935,63700000,23744
4,182,6370000,6370000,561,935,6405000,2384
4,1820,63700000,63700000,561,935,63735000,23756
4,1821,63735000,63735000,561,935,63770000,23770
4,1822,63770000,63770000,561,935,63805000,23783
4,1823,63805000,63805000,561,935,63840000,23795
4,1824,63840000,63840000,561,935,63875000,23809
4,1825,63875000,63875000,561,935,63910000,23821
4,1826,63910000,63910000,561,935,63945000,23834
4,1827,63945000,63945000,561,935,63980000,23848
4,1828,63980000,63980000,561,935,64015000,23860
4,1829,64015000,64015000,561,935,64050000,23875
4,183,6405000,6405000,561,935,6440000,2395
4,1830,64050000,64050000,561,935,64085000,23888
4,1831,64085000,64085000,561,935,64120000,23899
4,1832,64120000,64120000,561,935,64155000,23913
4,1833,64155000,64155000,561,935,64190000,23926
4,1834,64190000,64190000,561,935,64225000,23938
4,1835,64225000,64225000,561,935,64260000,23954
4,1836,64260000,64260000,561,935,64295000,23964
4,1837,64295000,64295000,561,935,64330000,23979
4,1838,64330000,64330000,561,935,64365000,23992
4,1839,64365000,64365000,561,935,64400000,24003
4,184,6440000,6440000,561,935,6475000,2407
4,1840,64400000,64400000,561,935,64435000,24016
4,1841,64435000,64435000,561,935,64470000,24031
4,1842,64470000,64470000,561,935,64505000,24044
4,1843,64505000,64505000,561,935,64540000,24056
4,1844,64540000,64540000,561,935,64575000,24071
4,1845,64575000,64575000,561,935,64610000,24083
4,1846,64610000,64610000,561,935,64645000,24095
4,1847,64645000,64645000,561,935,64680000,24109
4,1848,64680000,64680000,561,935,64715000,24121
4,1849,64715000,64715000,561,935,64750000,24135
4,185,6475000,6475000,561,935,6510000,2423
4,1850,64750000,64750000,561,935,64785000,24147
4,1851,64785000,64785000,561,935,64820000,24161
4,1852,64820000,64820000,561,935,64855000,24174
4,1853,64855000,64855000,561,935,64890000,24188
4,1854,64890000,64890000,561,935,64925000,24201
4,1855,64925000,64925000,561,935,64960000,24213
4,1856,64960000,64960000,561,935,64995000,24225
4,1857,64995000,64995000,561,935,65030000,24239
4,1858,65030000,65030000,561,935,65065000,24251
4,1859,65065000,65065000,561,935,65100000,24266
4,186,6510000,6510000,561,935,6545000,2433
4,1860,65100000,65100000,561,935,65135000,24279
4,1861,65135000,65135000,561,935,65170000,24291
4,1862,65170000,65170000,561,935,65205000,24306
4,1863,65205000,65205000,561,935,65240000,24317
4,1864,65240000,65240000,561,935,65275000,24329
4,1865,65275000,65275000,561,935,65310000,24345
4,1866,65310000,65310000,561,935,65345000,24356
4,1867,65345000,65345000,561,935,65380000,24370
4,1868,65380000,65380000,561,935,65415000,24383
4,1869,65415000,65415000,561,935,65450000,24396
4,187,6545000,6545000,561,935,6580000,2448
4,1870,65450000,65450000,561,935,65485000,24408
4,1871,65485000,65485000,561,935,65520000,24422
4,1872,65520000,65520000,561,935,65555000,24435
4,1873,65555000,65555000,561,935,65590000,24447
4,1874,65590000,65590000,561,935,65625000,24462
4,1875,65625000,65625000,561,935,65660000,24474
4,1876,65660000,65660000,561,935,65695000,24486
4,1877,65695000,65695000,561,935,65730000,24502
4,1878,65730000,65730000,561,935,65765000,24514
4,1879,65765000,65765000,561,935,65800000,24526
4,188,6580000,6580000,561,935,6615000,2461
4,1880,65800000,65800000,561,935,65835000,24538
4,1881,65835000,65835000,561,935,65870000,24552
4,1882,65870000,65870000,561,935,65905000,24565
4,1883,65905000,65905000,561,935,65940000,24579
4,1884,65940000,65940000,561,935,65975000,24592
4,1885,65975000,65975000,561,935,66010000,24606
4,1886,66010000,66010000,561,935,66045000,24617
4,1887,66045000,66045000,561,935,66080000,24630
4,1888,66080000,66080000,561,935,66115000,24643
4,1889,66115000,66115000,561,935,66150000,24657
4,189,6615000,6615000,561,935,6650000,2474
4,1890,66150000,66150000,561,935,66185000,24670
4,1891,66185000,66185000,561,935,66220000,24682
4,1892,66220000,66220000,561,935,66255000,24697
4,1893,66255000,66255000,561,935,66290000,24709
4,1894,66290000,66290000,561,935,66325000,24722
4,1895,66325000,66325000,561,935,66360000,24736
4,1896,66360000,66360000,561,935,66395000,24747
4,1897,66395000,66395000,561,935,66430000,24761
4,1898,66430000,66430000,561,935,66465000,24774
4,1899,66465000,66465000,561,935,66500000,24788
4,19,665000,665000,561,935,700000,255
4,190,6650000,6650000,561,935,6685000,2486
4,1900,66500000,66500000,561,935,66535000,24799
4,1901,66535000,66535000,561,935,66570000,24815
4,1902,66570000,66570000,561,935,66605000,24827
4,1903,66605000,66605000,561,935,66640000,24838
4,1904,66640000,66640000,561,935,66675000,24853
4,1905,66675000,66675000,561,935,66710000,24865
4,1906,66710000,66710000,561,935,66745000,24877
4,1907,66745000,66745000,561,935,66780000,24893
4,1908,66780000,66780000,561,935,66815000,24905
4,1909,66815000,66815000,561,935,66850000,24918
4,191,6685000,6685000,561,935,6720000,2500
4,1910,66850000,66850000,561,935,66885000,24932
4,1911,66885000,66885000,561,935,66920000,24943
4,1912,66920000,66920000,561,935,66955000,24956
4,1913,66955000,66955000,561,935,66990000,24970
4,1914,66990000,66990000,561,935,67025000,24983
4,1915,67025000,67025000,561,935,67060000,24997
4,1916,67060000,67060000,561,935,67095000,25008
4,1917,67095000,67095000,561,935,67130000,25023
4,1918,67130000,67130000,561,935,67165000,25035
4,1919,67165000,67165000,561,935,67200000,25048
4,192,6720000,6720000,561,935,6755000,2513
4,1920,67200000,67200000,561,935,67235000,25061
4,1921,67235000,67235000,561,935,67270000,25074
4,1922,67270000,67270000,561,935,67305000,25088
4,1923,67305000,67305000,561,935,67340000,25100
4,1924,67340000,67340000,561,935,67375000,25113
4,1925,67375000,67375000,561,935,67410000,25128
4,1926,67410000,67410000,561,935,67445000,25140
4,1927,67445000,67445000,561,935,67480000,25152
4,1928,67480000,67480000,561,935,67515000,25165
4,1929,67515000,67515000,561,935,67550000,25179
4,193,6755000,6755000,561,935,6790000,2525
4,1930,67550000,67550000,561,935,67585000,25190
4,1931,67585000,67585000,561,935,67620000,25206
4,1932,67620000,67620000,561,935,67655000,25219
4,1933,67655000,67655000,561,935,67690000,25231
4,1934,67690000,67690000,561,935,67725000,25245
4,1935,67725000,67725000,561,935,67760000,25256
4,1936,67760000,67760000,561,935,67795000,25268
4,1937,67795000,67795000,561,935,67830000,25284
4,1938,67830000,67830000,561,935,67865000,25296
4,1939,67865000,67865000,561,935,67900000,25309
4,194,6790000,6790000,561,935,6825000,2540
4,1940,67900000,67900000,561,935,67935000,25323
4,1941,67935000,67935000,561,935,67970000,25335
4,1942,67970000,67970000,561,935,68005000,25349
4,1943,68005000,68005000,561,935,68040000,25362
4,1944,68040000,68040000,561,935,68075000,25374
4,1945,68075000,68075000,561,935,68110000,25388
4,1946,68110000,68110000,561,935,68145000,25399
4,1947,68145000,68145000,561,935,68180000,25414
4,1948,68180000,68180000,561,935,68215000,25426
4,1949,68215000,68215000,561,935,68250000,25441
4,195,6825000,6825000,561,935,6860000,2552
4,1950,68250000,68250000,561,935,68285000,25453
4,1951,68285000,68285000,561,935,68320000,25465
4,1952,68320000,68320000,561,935,68355000,25479
4,1953,68355000,68355000,561,935,68390000,25491
4,1954,68390000,68390000,561,935,68425000,25505
4,1955,68425000,68425000,561,935,68460000,25519
4,1956,68460000,68460000,561,935,68495000,25531
4,1957,68495000,68495000,561,935,68530000,25544
4,1958,68530000,68530000,561,935,68565000,25558
4,1959,68565000,68565000,561,935,68600000,25570
4,196,6860000,6860000,561,935,6895000,2564
4,1960,68600000,68600000,561,935,68635000,25581
4,1961,68635000,68635000,561,935,68670000,25597
4,1962,68670000,68670000,561,935,68705000,25610
4,1963,68705000,68705000,561,935,68740000,25622
4,1964,68740000,68740000,561,935,68775000,25636
4,1965,68775000,68775000,561,935,68810000,25650
4,1966,68810000,68810000,561,935,68845000,25660
4,1967,68845000,68845000,561,935,68880000,25675
4,1968,68880000,68880000,561,935,68915000,25687
4,1969,68915000,68915000,561,935,68950000,25700
4,197,6895000,6895000,561,935,6930000,2579
4,1970,68950000,68950000,561,935,68985000,25714
4,1971,68985000,68985000,561,935,69020000,25726
4,1972,69020000,69020000,561,935,69055000,25740
4,1973,69055000,69055000,561,935,69090000,25754
4,1974,69090000,69090000,561,935,69125000,25767
4,1975,69125000,69125000,561,935,69160000,25779
4,1976,69160000,69160000,561,935,69195000,25791
4,1977,69195000,69195000,561,935,69230000,25805
4,1978,69230000,69230000,561,935,69265000,25817
4,1979,69265000,69265000,561,935,69300000,25832
4,198,6930000,6930000,561,935,6965000,2592
4,1980,69300000,69300000,561,935,69335000,25844
4,1981,69335000,69335000,561,935,69370000,25858
4,1982,69370000,69370000,561,935,69405000,25871
4,1983,69405000,69405000,561,935,69440000,25882
4,1984,69440000,69440000,561,935,69475000,25896
4,1985,69475000,69475000,561,935,69510000,25910
4,1986,69510000,69510000,561,935,69545000,25922
4,1987,69545000,69545000,561,935,69580000,25936
4,1988,69580000,69580000,561,935,69615000,25949
4,1989,69615000,69615000,561,935,69650000,25962
4,199,6965000,6965000,561,935,7000000,2604
4,1990,69650000,69650000,561,935,69685000,25974
4,1991,69685000,69685000,561,935,69720000,25988
4,1992,69720000,69720000,561,935,69755000,26001
4,1993,69755000,69755000,561,935,69790000,26013
4,1994,69790000,69790000,561,935,69825000,26027
4,1995,69825000,69825000,561,935,69860000,26041
4,1996,69860000,69860000,561,935,69895000,26051
4,1997,69895000,69895000,561,935,69930000,26068
4,1998,69930000,69930000,561,935,69965000,26080
4,1999,69965000,69965000,561,935,70000000,26091
4,2,70000,70000,561,935,105000,34
4,20,700000,700000,561,935,735000,269
4,200,7000000,7000000,561,935,7035000,2616
4,2000,70000000,70000000,561,935,70035000,26105
4,2001,70035000,70035000,561,935,70070000,26117
4,2002,70070000,70070000,561,935,70105000,26131
4,2003,70105000,70105000,561,935,70140000,26145
4,2004,70140000,70140000,561,935,70175000,26158
4,2005,70175000,70175000,561,935,70210000,26171
4,2006,70210000,70210000,561,935,70245000,26184
4,2007,70245000,70245000,561,935,70280000,26196
4,2008,70280000,70280000,561,935,70315000,26208
4,2009,70315000,70315000,561,935,70350000,26224
4,201,7035000,7035000,561,935,7070000,2630
4,2010,70350000,70350000,561,935,70385000,26235
4,2011,70385000,70385000,561,935,70420000,26249
4,2012,70420000,70420000,561,935,70455000,26262
4,2013,70455000,70455000,561,935,70490000,26275
4,2014,70490000,70490000,561,935,70525000,26288
4,2015,70525000,70525000,561,935,70560000,26301
4,2016,70560000,70560000,561,935,70595000,26313
4,2017,70595000,70595000,561,935,70630000,26327
4,2018,70630000,70630000,561,935,70665000,26340
4,2019,70665000,70665000,561,935,70700000,26353
4,202,7070000,7070000,561,935,7105000,2643
4,2020,70700000,70700000,561,935,70735000,26366
4,2021,70735000,70735000,561,935,70770000,26380
4,2022,70770000,70770000,561,935,70805000,26394
4,2023,70805000,70805000,561,935,70840000,26404
4,2024,70840000,70840000,561,935,70875000,26418
4,2025,70875000,70875000,561,935,70910000,26432
4,2026,70910000,70910000,561,935,70945000,26442
4,2027,70945000,70945000,561,935,70980000,26459
4,2028,70980000,70980000,561,935,71015000,26471
4,2029,71015000,71015000,561,935,71050000,26484
4,203,7105000,7105000,561,935,7140000,2657
4,2030,71050000,71050000,561,935,71085000,26497
4,2031,71085000,71085000,561,935,71120000,26509
4,2032,71120000,71120000,561,935,71155000,26522
4,2033,71155000,71155000,561,935,71190000,26536
4,2034,71190000,71190000,561,935,71225000,26549
4,2035,71225000,71225000,561,935,71260000,26562
4,2036,71260000,71260000,561,935,71295000,26575
4,2037,71295000,71295000,561,935,71330000,26588
4,2038,71330000,71330000,561,935,71365000,26601
4,2039,71365000,71365000,561,935,71400000,26615
4,204,7140000,7140000,561,935,7175000,2670
4,2040,71400000,71400000,561,935,71435000,26626
4,2041,71435000,71435000,561,935,71470000,26640
4,2042,71470000,71470000,561,935,71505000,26654
4,2043,71505000,71505000,561,935,71540000,26666
4,2044,71540000,71540000,561,935,71575000,26679
4,2045,71575000,71575000,561,935,71610000,26694
4,2046,71610000,71610000,561,935,71645000,26705
4,2047,71645000,71645000,561,935,71680000,26718
4,2048,71680000,71680000,561,935,71715000,26731
4,2049,71715000,71715000,561,935,71750000,26744
4,205,7175000,7175000,561,935,7210000,2684
4,2050,71750000,71750000,561,935,71785000,26757
4,2051,71785000,71785000,561,935,71820000,26771
4,2052,71820000,71820000,561,935,71855000,26785
4,2053,71855000,71855000,561,935,71890000,26797
4,2054,71890000,71890000,561,935,71925000,26811
4,2055,71925000,71925000,561,935,71960000,26823
4,2056,71960000,71960000,561,935,71995000,26833
4,2057,71995000,71995000,561,935,72030000,26850
4,2058,72030000,72030000,561,935,72065000,26862
4,2059,72065000,72065000,561,935,72100000,26875
4,206,7210000,7210000,561,935,7245000,2695
4,2060,72100000,72100000,561,935,72135000,26888
4,2061,72135000,72135000,561,935,72170000,26902
4,2062,72170000,72170000,561,935,72205000,26914
4,2063,72205000,72205000,561,935,72240000,26927
4,2064,72240000,72240000,561,935,72275000,26941
4,2065,72275000,72275000,561,935,72310000,26953
4,2066,72310000,72310000,561,935,72345000,26966
4,2067,72345000,72345000,561,935,72380000,26979
4,2068,72380000,72380000,561,935,72415000,26992
4,2069,72415000,72415000,561,935,72450000,27007
4,207,7245000,7245000,561,935,7280000,2708
4,2070,72450000,72450000,561,935,72485000,27019
4,2071,72485000,72485000,561,935,72520000,27031
4,2072,72520000,72520000,561,935,72555000,27045
4,2073,72555000,72555000,561,935,72590000,27057
4,2074,72590000,72590000,561,935,72625000,27070
4,2075,72625000,72625000,561,935,72660000,27086
4,2076,72660000,72660000,561,935,72695000,27096
4,2077,72695000,72695000,561,935,72730000,27111
4,2078,72730000,72730000,561,935,72765000,27123
4,2079,72765000,72765000,561,935,72800000,27135
4,208,7280000,7280000,561,935,7315000,2720
4,2080,72800000,72800000,561,935,72835000,27148
4,2081,72835000,72835000,561,935,72870000,27162
4,2082,72870000,72870000,561,935,72905000,27176
4,2083,72905000,72905000,561,935,72940000,27188
4,2084,72940000,72940000,561,935,72975000,27202
4,2085,72975000,72975000,561,935,73010000,27215
4,2086,73010000,73010000,561,935,73045000,27227
4,2087,73045000,73045000,561,935,73080000,27241
4,2088,73080000,73080000,561,935,73115000,27253
4,2089,73115000,73115000,561,935,73150000,27266
4,209,7315000,7315000,561,935,7350000,2735
4,2090,73150000,73150000,561,935,73185000,27279
4,2091,73185000,73185000,561,935,73220000,27293
4,2092,73220000,73220000,561,935,73255000,27305
4,2093,73255000,73255000,561,935,73290000,27320
4,2094,73290000,73290000,561,935,73325000,27333
4,2095,73325000,73325000,561,935,73360000,27344
4,2096,73360000,73360000,561,935,73395000,27357
4,2097,73395000,73395000,561,935,73430000,27371
4,2098,73430000,73430000,561,935,73465000,27383
4,2099,73465000,73465000,561,935,73500000,27398
4,21,735000,735000,561,935,770000,281
4,210,7350000,7350000,561,935,7385000,2748
4,2100,73500000,73500000,561,935,73535000,27410
4,2101,73535000,73535000,561,935,73570000,27423
4,2102,73570000,73570000,561,935,73605000,27438
4,2103,73605000,73605000,561,935,73640000,27448
4,2104,73640000,73640000,561,935,73675000,27461
4,2105,73675000,73675000,561,935,73710000,27477
4,2106,73710000,73710000,561,935,73745000,27487
4,2107,73745000,73745000,561,935,73780000,27502
4,2108,73780000,73780000,561,935,73815000,27515
4,2109,73815000,73815000,561,935,73850000,27528
4,211,7385000,7385000,561,935,7420000,2760
4,2110,73850000,73850000,561,935,73885000,27540
4,2111,73885000,73885000,561,935,73920000,27553
4,2112,73920000,73920000,561,935,73955000,27567
4,2113,73955000,73955000,561,935,73990000,27579
4,2114,73990000,73990000,561,935,74025000,27593
4,2115,74025000,74025000,561,935,74060000,27606
4,2116,74060000,74060000,561,935,74095000,27618
4,2117,74095000,74095000,561,935,74130000,27633
4,2118,74130000,74130000,561,935,74165000,27646
4,2119,74165000,74165000,561,935,74200000,27658
4,212,7420000,7420000,561,935,7455000,2775
4,2120,74200000,74200000,561,935,74235000,27670
4,2121,74235000,74235000,561,935,74270000,27684
4,2122,74270000,74270000,561,935,74305000,27696
4,2123,74305000,74305000,561,935,74340000,27711
4,2124,74340000,74340000,561,935,74375000,27724
4,2125,74375000,74375000,561,935,74410000,27737
4,2126,74410000,74410000,561,935,74445000,27749
4,2127,74445000,74445000,561,935,74480000,27762
4,2128,74480000,74480000,561,935,74515000,27774
4,2129,74515000,74515000,561,935,74550000,27789
4,213,7455000,7455000,561,935,7490000,2787
4,2130,74550000,74550000,561,935,74585000,27802
4,2131,74585000,74585000,561,935,74620000,27814
4,2132,74620000,74620000,561,935,74655000,27829
4,2133,74655000,74655000,561,935,74690000,27840
4,2134,74690000,74690000,561,935,74725000,27854
4,2135,74725000,74725000,561,935,74760000,27868
4,2136,74760000,74760000,561,935,74795000,27878
4,2137,74795000,74795000,561,935,74830000,27893
4,2138,74830000,74830000,561,935,74865000,27906
4,2139,74865000,74865000,561,935,74900000,27919
4,214,7490000,7490000,561,935,7525000,2800
4,2140,74900000,74900000,561,935,74935000,27931
4,2141,74935000,74935000,561,935,74970000,27947
4,2142,74970000,74970000,561,935,75005000,27959
4,2143,75005000,75005000,561,935,75040000,27970
4,2144,75040000,75040000,561,935,75075000,27984
4,2145,75075000,75075000,561,935,75110000,27997
4,2146,75110000,75110000,561,935,75145000,28009
4,2147,75145000,75145000,561,935,75180000,28024
4,2148,75180000,75180000,561,935,75215000,28037
4,2149,75215000,75215000,561,935,75250000,28050
4,215,7525000,7525000,561,935,7560000,2814
4,2150,75250000,75250000,561,935,75285000,28063
4,2151,75285000,75285000,561,935,75320000,28075
4,2152,75320000,75320000,561,935,75355000,28088
4,2153,75355000,75355000,561,935,75390000,28102
4,2154,75390000,75390000,561,935,75425000,28115
4,2155,75425000,75425000,561,935,75460000,28128
4,2156,75460000,75460000,561,935,75495000,28140
4,2157,75495000,75495000,561,935,75530000,28155
4,2158,75530000,75530000,561,935,75565000,28166
4,2159,75565000,75565000,561,935,75600000,28180
4,216,7560000,7560000,561,935,7595000,2825
4,2160,75600000,75600000,561,935,75635000,28193
4,2161,75635000,75635000,561,935,75670000,28205
4,2162,75670000,75670000,561,935,75705000,28220
4,2163,75705000,75705000,561,935,75740000,28232
4,2164,75740000,75740000,561,935,75775000,28245
4,2165,75775000,75775000,561,935,75810000,28260
4,2166,75810000,75810000,561,935,75845000,28271
4,2167,75845000,75845000,561,935,75880000,28284
4,2168,75880000,75880000,561,935,75915000,28297
4,2169,75915000,75915000,561,935,75950000,28310
4,217,7595000,7595000,561,935,7630000,2839
4,2170,75950000,75950000,561,935,75985000,28322
4,2171,75985000,75985000,561,935,76020000,28338
4,2172,76020000,76020000,561,935,76055000,28350
4,2173,76055000,76055000,561,935,76090000,28363
4,2174,76090000,76090000,561,935,76125000,28377
4,2175,76125000,76125000,561,935,76160000,28388
4,2176,76160000,76160000,561,935,76195000,28400
4,2177,76195000,76195000,561,935,76230000,28415
4,2178,76230000,76230000,561,935,76265000,28428
4,2179,76265000,76265000,561,935,76300000,28441
4,218,7630000,7630000,561,935,7665000,2852
4,2180,76300000,76300000,561,935,76335000,28454
4,2181,76335000,76335000,561,935,76370000,28467
4,2182,76370000,76370000,561,935,76405000,28481
4,2183,76405000,76405000,561,935,76440000,28493
4,2184,76440000,76440000,561,935,76475000,28506
4,2185,76475000,76475000,561,935,76510000,28520
4,2186,76510000,76510000,561,935,76545000,28531
4,2187,76545000,76545000,561,935,76580000,28546
4,2188,76580000,76580000,561,935,76615000,28557
4,2189,76615000,76615000,561,935,76650000,28573
4,219,7665000,7665000,561,935,7700000,2865
4,2190,76650000,76650000,561,935,76685000,28585
4,2191,76685000,76685000,561,935,76720000,28596
4,2192,76720000,76720000,561,935,76755000,28611
4,2193,76755000,76755000,561,935,76790000,28623
4,2194,76790000,76790000,561,935,76825000,28636
4,2195,76825000,76825000,561,935,76860000,28651
4,2196,76860000,76860000,561,935,76895000,28663
4,2197,76895000,76895000,561,935,76930000,28676
4,2198,76930000,76930000,561,935,76965000,28690
4,2199,76965000,76965000,561,935,77000000,28701
4,22,770000,770000,561,935,805000,295
4,220,7700000,7700000,561,935,7735000,2877
4,2200,77000000,77000000,561,935,77035000,28713
4,2201,77035000,77035000,561,935,77070000,28729
4,2202,77070000,77070000,561,935,77105000,28741
4,2203,77105000,77105000,561,935,77140000,28754
4,2204,77140000,77140000,561,935,77175000,28768
4,2205,77175000,77175000,561,935,77210000,28781
4,2206,77210000,77210000,561,935,77245000,28792
4,2207,77245000,77245000,561,935,77280000,28807
4,2208,77280000,77280000,561,935,77315000,28819
4,2209,77315000,77315000,561,935,77350000,28832
4,221,7735000,7735000,561,935,7770000,2893
4,2210,77350000,77350000,561,935,77385000,28845
4,2211,77385000,77385000,561,935,77420000,28858
4,2212,77420000,77420000,561,935,77455000,28872
4,2213,77455000,77455000,561,935,77490000,28885
4,2214,77490000,77490000,561,935,77525000,28899
4,2215,77525000,77525000,561,935,77560000,28911
4,2216,77560000,77560000,561,935,77595000,28922
4,2217,77595000,77595000,561,935,77630000,28937
4,2218,77630000,77630000,561,935,77665000,28949
4,2219,77665000,77665000,561,935,77700000,28964
4,222,7770000,7770000,561,935,7805000,2905
4,2220,77700000,77700000,561,935,77735000,28976
4,2221,77735000,77735000,561,935,77770000,28989
4,2222,77770000,77770000,561,935,77805000,29003
4,2223,77805000,77805000,561,935,77840000,29014
4,2224,77840000,77840000,561,935,77875000,29027
4,2225,77875000,77875000,561,935,77910000,29042
4,2226,77910000,77910000,561,935,77945000,29054
4,2227,77945000,77945000,561,935,77980000,29067
4,2228,77980000,77980000,561,935,78015000,29081
4,2229,78015000,78015000,561,935,78050000,29094
4,223,7805000,7805000,561,935,7840000,2916
4,2230,78050000,78050000,561,935,78085000,29106
4,2231,78085000,78085000,561,935,78120000,29120
4,2232,78120000,78120000,561,935,78155000,29132
4,2233,78155000,78155000,561,935,78190000,29145
4,2234,78190000,78190000,561,935,78225000,29159
4,2235,78225000,78225000,561,935,78260000,29172
4,2236,78260000,78260000,561,935,78295000,29183
4,2237,78295000,78295000,561,935,78330000,29200
4,2238,78330000,78330000,561,935,78365000,29211
4,2239,78365000,78365000,561,935,78400000,29223
4,224,7840000,7840000,561,935,7875000,2931
4,2240,78400000,78400000,561,935,78435000,29237
4,2241,78435000,78435000,561,935,78470000,29249
4,2242,78470000,78470000,561,935,78505000,29263
4,2243,78505000,78505000,561,935,78540000,29276
4,2244,78540000,78540000,561,935,78575000,29290
4,2245,78575000,78575000,561,935,78610000,29303
4,2246,78610000,78610000,561,935,78645000,29315
4,2247,78645000,78645000,561,935,78680000,29328
4,2248,78680000,78680000,561,935,78715000,29340
4,2249,78715000,78715000,561,935,78750000,29355
4,225,7875000,7875000,561,935,7910000,2943
4,2250,78750000,78750000,561,935,78785000,29367
4,2251,78785000,78785000,561,935,78820000,29381
4,2252,78820000,78820000,561,935,78855000,29394
4,2253,78855000,78855000,561,935,78890000,29407
4,2254,78890000,78890000,561,935,78925000,29419
4,2255,78925000,78925000,561,935,78960000,29433
4,2256,78960000,78960000,561,935,78995000,29445
4,2257,78995000,78995000,561,935,79030000,29458
4,2258,79030000,79030000,561,935,79065000,29472
4,2259,79065000,79065000,561,935,79100000,29485
4,226,7910000,7910000,561,935,7945000,2955
4,2260,79100000,79100000,561,935,79135000,29497
4,2261,79135000,79135000,561,935,79170000,29512
4,2262,79170000,79170000,561,935,79205000,29526
4,2263,79205000,79205000,561,935,79240000,29536
4,2264,79240000,79240000,561,935,79275000,29550
4,2265,79275000,79275000,561,935,79310000,29563
4,2266,79310000,79310000,561,935,79345000,29574
4,2267,79345000,79345000,561,935,79380000,29591
4,2268,79380000,79380000,561,935,79415000,29602
4,2269,79415000,79415000,561,935,79450000,29616
4,227,7945000,7945000,561,935,7980000,2971
4,2270,79450000,79450000,561,935,79485000,29629
4,2271,79485000,79485000,561,935,79520000,29640
4,2272,79520000,79520000,561,935,79555000,29654
4,2273,79555000,79555000,561,935,79590000,29668
4,2274,79590000,79590000,561,935,79625000,29681
4,2275,79625000,79625000,561,935,79660000,29694
4,2276,79660000,79660000,561,935,79695000,29706
4,2277,79695000,79695000,561,935,79730000,29720
4,2278,79730000,79730000,561,935,79765000,29733
4,2279,79765000,79765000,561,935,79800000,29746
4,228,7980000,7980000,561,935,8015000,2983
4,2280,79800000,79800000,561,935,79835000,29758
4,2281,79835000,79835000,561,935,79870000,29772
4,2282,79870000,79870000,561,935,79905000,29785
4,2283,79905000,79905000,561,935,79940000,29798
4,2284,79940000,79940000,561,935,79975000,29811
4,2285,79975000,79975000,561,935,80010000,29826
4,2286,80010000,80010000,561,935,80045000,29837
4,2287,80045000,80045000,561,935,80080000,29849
4,2288,80080000,80080000,561,935,80115000,29863
4,2289,80115000,80115000,561,935,80150000,29876
4,229,8015000,8015000,561,935,8050000,2996
4,2290,80150000,80150000,561,935,80185000,29888
4,2291,80185000,80185000,561,935,80220000,29903
4,2292,80220000,80220000,561,935,80255000,29917
4,2293,80255000,80255000,561,935,80290000,29928
4,2294,80290000,80290000,561,935,80325000,29943
4,2295,80325000,80325000,561,935,80360000,29955
4,2296,80360000,80360000,561,935,80395000,29965
4,2297,80395000,80395000,561,935,80430000,29982
4,2298,80430000,80430000,561,935,80465000,29993
4,2299,80465000,80465000,561,935,80500000,30007
4,23,805000,805000,561,935,840000,308
4,230,8050000,8050000,561,935,8085000,3009
4,2300,80500000,80500000,561,935,80535000,30020
4,2301,80535000,80535000,561,935,80570000,30033
4,2302,80570000,80570000,561,935,80605000,30046
4,2303,80605000,80605000,561,935,80640000,30059
4,2304,80640000,80640000,561,935,80675000,30072
4,2305,80675000,80675000,561,935,80710000,30085
4,2306,80710000,80710000,561,935,80745000,30098
4,2307,80745000,80745000,561,935,80780000,30111
4,2308,80780000,80780000,561,935,80815000,30124
4,2309,80815000,80815000,561,935,80850000,30138
4,231,8085000,8085000,561,935,8120000,3021
4,2310,80850000,80850000,561,935,80885000,30151
4,2311,80885000,80885000,561,935,80920000,30163
4,2312,80920000,80920000,561,935,80955000,30176
4,2313,80955000,80955000,561,935,80990000,30189
4,2314,80990000,80990000,561,935,81025000,30202
4,2315,81025000,81025000,561,935,81060000,30217
4,2316,81060000,81060000,561,935,81095000,30228
4,2317,81095000,81095000,561,935,81130000,30243
4,2318,81130000,81130000,561,935,81165000,30255
4,2319,81165000,81165000,561,935,81200000,30267
4,232,8120000,8120000,561,935,8155000,3034
4,2320,81200000,81200000,561,935,81235000,30279
4,2321,81235000,81235000,561,935,81270000,30294
4,2322,81270000,81270000,561,935,81305000,30308
4,2323,81305000,81305000,561,935,81340000,30319
4,2324,81340000,81340000,561,935,81375000,30334
4,2325,81375000,81375000,561,935,81410000,30347
4,2326,81410000,81410000,561,935,81445000,30358
4,2327,81445000,81445000,561,935,81480000,30373
4,2328,81480000,81480000,561,935,81515000,30385
4,2329,81515000,81515000,561,935,81550000,30398
4,233,8155000,8155000,561,935,8190000,3048
4,2330,81550000,81550000,561,935,81585000,30411
4,2331,81585000,81585000,561,935,81620000,30424
4,2332,81620000,81620000,561,935,81655000,30437
4,2333,81655000,81655000,561,935,81690000,30452
4,2334,81690000,81690000,561,935,81725000,30464
4,2335,81725000,81725000,561,935,81760000,30476
4,2336,81760000,81760000,561,935,81795000,30489
4,2337,81795000,81795000,561,935,81830000,30502
4,2338,81830000,81830000,561,935,81865000,30515
4,2339,81865000,81865000,561,935,81900000,30530
4,234,8190000,8190000,561,935,8225000,3061
4,2340,81900000,81900000,561,935,81935000,30542
4,2341,81935000,81935000,561,935,81970000,30555
4,2342,81970000,81970000,561,935,82005000,30569
4,2343,82005000,82005000,561,935,82040000,30580
4,2344,82040000,82040000,561,935,82075000,30593
4,2345,82075000,82075000,561,935,82110000,30608
4,2346,82110000,82110000,561,935,82145000,30619
4,2347,82145000,82145000,561,935,82180000,30634
4,2348,82180000,82180000,561,935,82215000,30646
4,2349,82215000,82215000,561,935,82250000,30660
4,235,8225000,8225000,561,935,8260000,3075
4,2350,82250000,82250000,561,935,82285000,30672
4,2351,82285000,82285000,561,935,82320000,30685
4,2352,82320000,82320000,561,935,82355000,30699
4,2353,82355000,82355000,561,935,82390000,30710
4,2354,82390000,82390000,561,935,82425000,30725
4,2355,82425000,82425000,561,935,82460000,30738
4,2356,82460000,82460000,561,935,82495000,30749
4,2357,82495000,82495000,561,935,82530000,30765
4,2358,82530000,82530000,561,935,82565000,30778
4,2359,82565000,82565000,561,935,82600000,30789
4,236,8260000,8260000,561,935,8295000,3086
4,2360,82600000,82600000,561,935,82635000,30802
4,2361,82635000,82635000,561,935,82670000,30816
4,2362,82670000,82670000,561,935,82705000,30828
4,2363,82705000,82705000,561,935,82740000,30843
4,2364,82740000,82740000,561,935,82775000,30855
4,2365,82775000,82775000,561,935,82810000,30869
4,2366,82810000,82810000,561,935,82845000,30881
4,2367,82845000,82845000,561,935,82880000,30893
4,2368,82880000,82880000,561,935,82915000,30906
4,2369,82915000,82915000,561,935,82950000,30921
4,237,8295000,8295000,561,935,8330000,3101
4,2370,82950000,82950000,561,935,82985000,30933
4,2371,82985000,82985000,561,935,83020000,30946
4,2372,83020000,83020000,561,935,83055000,30961
4,2373,83055000,83055000,561,935,83090000,30972
4,2374,83090000,83090000,561,935,83125000,30986
4,2375,83125000,83125000,561,935,83160000,30999
4,2376,83160000,83160000,561,935,83195000,31010
4,2377,83195000,83195000,561,935,83230000,31025
4,2378,83230000,83230000,561,935,83265000,31037
4,2379,83265000,83265000,561,935,83300000,31051
4,238,8330000,8330000,561,935,8365000,3113
4,2380,83300000,83300000,561,935,83335000,31063
4,2381,83335000,83335000,561,935,83370000,31078
4,2382,83370000,83370000,561,935,83405000,31091
4,2383,83405000,83405000,561,935,83440000,31102
4,2384,83440000,83440000,561,935,83475000,31116
4,2385,83475000,83475000,561,935,83510000,31129
4,2386,83510000,83510000,561,935,83545000,31140
4,2387,83545000,83545000,561,935,83580000,31156
4,2388,83580000,83580000,561,935,83615000,31169
4,2389,83615000,83615000,561,935,83650000,31181
4,239,8365000,8365000,561,935,8400000,3126
4,2390,83650000,83650000,561,935,83685000,31195
4,2391,83685000,83685000,561,935,83720000,31207
4,2392,83720000,83720000,561,935,83755000,31219
4,2393,83755000,83755000,561,935,83790000,31234
4,2394,83790000,83790000,561,935,83825000,31247
4,2395,83825000,83825000,561,935,83860000,31260
4,2396,83860000,83860000,561,935,83895000,31272
4,2397,83895000,83895000,561,935,83930000,31286
4,2398,83930000,83930000,561,935,83965000,31298
4,2399,83965000,83965000,561,935,84000000,31312
4,24,840000,840000,561,935,875000,320
4,240,8400000,8400000,561,935,8435000,3139
4,2400,84000000,84000000,561,935,84035000,31324
4,2401,84035000,84035000,561,935,84070000,31337
4,2402,84070000,84070000,561,935,84105000,31352
4,2403,84105000,84105000,561,935,84140000,31363
4,2404,84140000,84140000,561,935,84175000,31377
4,2405,84175000,84175000,561,935,84210000,31392
4,2406,84210000,84210000,561,935,84245000,31403
4,2407,84245000,84245000,561,935,84280000,31416
4,2408,84280000,84280000,561,935,84315000,31428
4,2409,84315000,84315000,561,935,84350000,31442
4,241,8435000,8435000,561,935,8470000,3151
4,2410,84350000,84350000,561,935,84385000,31454
4,2411,84385000,84385000,561,935,84420000,31469
4,2412,84420000,84420000,561,935,84455000,31482
4,2413,84455000,84455000,561,935,84490000,31495
4,2414,84490000,84490000,561,935,84525000,31508
4,2415,84525000,84525000,561,935,84560000,31520
4,2416,84560000,84560000,561,935,84595000,31532
4,2417,84595000,84595000,561,935,84630000,31547
4,2418,84630000,84630000,561,935,84665000,31560
4,2419,84665000,84665000,561,935,84700000,31572
4,242,8470000,8470000,561,935,8505000,3166
4,2420,84700000,84700000,561,935,84735000,31586
4,2421,84735000,84735000,561,935,84770000,31599
4,2422,84770000,84770000,561,935,84805000,31612
4,2423,84805000,84805000,561,935,84840000,31625
4,2424,84840000,84840000,561,935,84875000,31638
4,2425,84875000,84875000,561,935,84910000,31651
4,2426,84910000,84910000,561,935,84945000,31663
4,2427,84945000,84945000,561,935,84980000,31678
4,2428,84980000,84980000,561,935,85015000,31689
4,2429,85015000,85015000,561,935,85050000,31705
4,243,8505000,8505000,561,935,8540000,3178
4,2430,85050000,85050000,561,935,85085000,31716
4,2431,85085000,85085000,561,935,85120000,31728
4,2432,85120000,85120000,561,935,85155000,31743
4,2433,85155000,85155000,561,935,85190000,31754
4,2434,85190000,85190000,561,935,85225000,31768
4,2435,85225000,85225000,561,935,85260000,31783
4,2436,85260000,85260000,561,935,85295000,31794
4,2437,85295000,85295000,561,935,85330000,31808
4,2438,85330000,85330000,561,935,85365000,31822
4,2439,85365000,85365000,561,935,85400000,31833
4,244,8540000,8540000,561,935,8575000,3191
4,2440,85400000,85400000,561,935,85435000,31845
4,2441,85435000,85435000,561,935,85470000,31860
4,2442,85470000,85470000,561,935,85505000,31873
4,2443,85505000,85505000,561,935,85540000,31886
4,2444,85540000,85540000,561,935,85575000,31899
4,2445,85575000,85575000,561,935,85610000,31913
4,2446,85610000,85610000,561,935,85645000,31924
4,2447,85645000,85645000,561,935,85680000,31938
4,2448,85680000,85680000,561,935,85715000,31951
4,2449,85715000,85715000,561,935,85750000,31964
4,245,8575000,8575000,561,935,8610000,3206
4,2450,85750000,85750000,561,935,85785000,31977
4,2451,85785000,85785000,561,935,85820000,31990
4,2452,85820000,85820000,561,935,85855000,32003
4,2453,85855000,85855000,561,935,85890000,32017
4,2454,85890000,85890000,561,935,85925000,32031
4,2455,85925000,85925000,561,935,85960000,32042
4,2456,85960000,85960000,561,935,85995000,32054
4,2457,85995000,85995000,561,935,86030000,32069
4,2458,86030000,86030000,561,935,86065000,32080
4,2459,86065000,86065000,561,935,86100000,32096
4,246,8610000,8610000,561,935,8645000,3218
4,2460,86100000,86100000,561,935,86135000,32108
4,2461,86135000,86135000,561,935,86170000,32121
4,2462,86170000,86170000,561,935,86205000,32135
4,2463,86205000,86205000,561,935,86240000,32145
4,2464,86240000,86240000,561,935,86275000,32159
4,2465,86275000,86275000,561,935,86310000,32174
4,2466,86310000,86310000,561,935,86345000,32185
4,2467,86345000,86345000,561,935,86380000,32199
4,2468,86380000,86380000,561,935,86415000,32213
4,2469,86415000,86415000,561,935,86450000,32225
4,247,8645000,8645000,561,935,8680000,3230
4,2470,86450000,86450000,561,935,86485000,32238
4,2471,86485000,86485000,561,935,86520000,32252
4,2472,86520000,86520000,561,935,86555000,32264
4,2473,86555000,86555000,561,935,86590000,32277
4,2474,86590000,86590000,561,935,86625000,32290
4,2475,86625000,86625000,561,935,86660000,32304
4,2476,86660000,86660000,561,935,86695000,32315
4,2477,86695000,86695000,561,935,86730000,32331
4,2478,86730000,86730000,561,935,86765000,32343
4,2479,86765000,86765000,561,935,86800000,32355
4,248,8680000,8680000,561,935,8715000,3243
4,2480,86800000,86800000,561,935,86835000,32368
4,2481,86835000,86835000,561,935,86870000,32381
4,2482,86870000,86870000,561,935,86905000,32395
4,2483,86905000,86905000,561,935,86940000,32408
4,2484,86940000,86940000,561,935,86975000,32422
4,2485,86975000,86975000,561,935,87010000,32434
4,2486,87010000,87010000,561,935,87045000,32447
4,2487,87045000,87045000,561,935,87080000,32460
4,2488,87080000,87080000,561,935,87115000,32471
4,2489,87115000,87115000,561,935,87150000,32487
4,249,8715000,8715000,561,935,8750000,3257
4,2490,87150000,87150000,561,935,87185000,32499
4,2491,87185000,87185000,561,935,87220000,32512
4,2492,87220000,87220000,561,935,87255000,32526
4,2493,87255000,87255000,561,935,87290000,32539
4,2494,87290000,87290000,561,935,87325000,32551
4,2495,87325000,87325000,561,935,87360000,32565
4,2496,87360000,87360000,561,935,87395000,32576
4,2497,87395000,87395000,561,935,87430000,32590
4,2498,87430000,87430000,561,935,87465000,32604
4,2499,87465000,87465000,561,935,87500000,32616
4,25,875000,875000,561,935,910000,334
4,250,8750000,8750000,561,935,8785000,3268
4,2500,87500000,87500000,561,935,87535000,32629
4,2501,87535000,87535000,561,935,87570000,32644
4,2502,87570000,87570000,561,935,87605000,32657
4,2503,87605000,87605000,561,935,87640000,32668
4,2504,87640000,87640000,561,935,87675000,32682
4,2505,87675000,87675000,561,935,87710000,32695
4,2506,87710000,87710000,561,935,87745000,32706
4,2507,87745000,87745000,561,935,87780000,32722
4,2508,87780000,87780000,561,935,87815000,32734
4,2509,87815000,87815000,561,935,87850000,32748
4,251,8785000,8785000,561,935,8820000,3284
4,2510,87850000,87850000,561,935,87885000,32760
4,2511,87885000,87885000,561,935,87920000,32772
4,2512,87920000,87920000,561,935,87955000,32786
4,2513,87955000,87955000,561,935,87990000,32799
4,2514,87990000,87990000,561,935,88025000,32813
4,2515,88025000,88025000,561,935,88060000,32826
4,2516,88060000,88060000,561,935,88095000,32838
4,2517,88095000,88095000,561,935,88130000,32852
4,2518,88130000,88130000,561,935,88165000,32864
4,2519,88165000,88165000,561,935,88200000,32878
4,252,8820000,8820000,561,935,8855000,3296
4,2520,88200000,88200000,561,935,88235000,32890
4,2521,88235000,88235000,561,935,88270000,32903
4,2522,88270000,88270000,561,935,88305000,32917
4,2523,88305000,88305000,561,935,88340000,32930
4,2524,88340000,88340000,561,935,88375000,32942
4,2525,88375000,88375000,561,935,88410000,32958
4,2526,88410000,88410000,561,935,88445000,32969
4,2527,88445000,88445000,561,935,88480000,32981
4,2528,88480000,88480000,561,935,88515000,32995
4,2529,88515000,88515000,561,935,88550000,33007
4,253,8855000,8855000,561,935,8890000,3309
4,2530,88550000,88550000,561,935,88585000,33020
4,2531,88585000,88585000,561,935,88620000,33035
4,2532,88620000,88620000,561,935,88655000,33048
4,2533,88655000,88655000,561,935,88690000,33060
4,2534,88690000,88690000,561,935,88725000,33075
4,2535,88725000,88725000,561,935,88760000,33086
4,2536,88760000,88760000,561,935,88795000,33097
4,2537,88795000,88795000,561,935,88830000,33114
4,2538,88830000,88830000,561,935,88865000,33125
4,2539,88865000,88865000,561,935,88900000,33139
4,254,8890000,8890000,561,935,8925000,3323
4,2540,88900000,88900000,561,935,88935000,33151
4,2541,88935000,88935000,561,935,88970000,33165
4,2542,88970000,88970000,561,935,89005000,33178
4,2543,89005000,89005000,561,935,89040000,33190
4,2544,89040000,89040000,561,935,89075000,33204
4,2545,89075000,89075000,561,935,89110000,33217
4,2546,89110000,89110000,561,935,89145000,33229
4,2547,89145000,89145000,561,935,89180000,33243
4,2548,89180000,89180000,561,935,89215000,33256
4,2549,89215000,89215000,561,935,89250000,33270
4,255,8925000,8925000,561,935,8960000,3334
4,2550,89250000,89250000,561,935,89285000,33283
4,2551,89285000,89285000,561,935,89320000,33294
4,2552,89320000,89320000,561,935,89355000,33308
4,2553,89355000,89355000,561,935,89390000,33321
4,2554,89390000,89390000,561,935,89425000,33333
4,2555,89425000,89425000,561,935,89460000,33349
4,2556,89460000,89460000,561,935,89495000,33360
4,2557,89495000,89495000,561,935,89530000,33374
4,2558,89530000,89530000,561,935,89565000,33387
4,2559,89565000,89565000,561,935,89600000,33399
4,256,8960000,8960000,561,935,8995000,3346
4,2560,89600000,89600000,561,935,89635000,33411
4,2561,89635000,89635000,561,935,89670000,33426
4,2562,89670000,89670000,561,935,89705000,33439
4,2563,89705000,89705000,561,935,89740000,33451
4,2564,89740000,89740000,561,935,89775000,33466
4,2565,89775000,89775000,561,935,89810000,33478
4,2566,89810000,89810000,561,935,89845000,33490
4,2567,89845000,89845000,561,935,89880000,33505
4,2568,89880000,89880000,561,935,89915000,33516
4,2569,89915000,89915000,561,935,89950000,33530
4,257,8995000,8995000,561,935,9030000,3362
4,2570,89950000,89950000,561,935,89985000,33543
4,2571,89985000,89985000,561,935,90020000,33556
4,2572,90020000,90020000,561,935,90055000,33569
4,2573,90055000,90055000,561,935,90090000,33583
4,2574,90090000,90090000,561,935,90125000,33596
4,2575,90125000,90125000,561,935,90160000,33608
4,2576,90160000,90160000,561,935,90195000,33620
4,2577,90195000,90195000,561,935,90230000,33634
4,2578,90230000,90230000,561,935,90265000,33647
4,2579,90265000,90265000,561,935,90300000,33661
4,258,9030000,9030000,561,935,9065000,3374
4,2580,90300000,90300000,561,935,90335000,33674
4,2581,90335000,90335000,561,935,90370000,33687
4,2582,90370000,90370000,561,935,90405000,33701
4,2583,90405000,90405000,561,935,90440000,33712
4,2584,90440000,90440000,561,935,90475000,33724
4,2585,90475000,90475000,561,935,90510000,33740
4,2586,90510000,90510000,561,935,90545000,33751
4,2587,90545000,90545000,561,935,90580000,33765
4,2588,90580000,90580000,561,935,90615000,33778
4,2589,90615000,90615000,561,935,90650000,33792
4,259,9065000,9065000,561,935,9100000,3387
4,2590,90650000,90650000,561,935,90685000,33803
4,2591,90685000,90685000,561,935,90720000,33817
4,2592,90720000,90720000,561,935,90755000,33831
4,2593,90755000,90755000,561,935,90790000,33842
4,2594,90790000,90790000,561,935,90825000,33857
4,2595,90825000,90825000,561,935,90860000,33869
4,2596,90860000,90860000,561,935,90895000,33881
4,2597,90895000,90895000,561,935,90930000,33897
4,2598,90930000,90930000,561,935,90965000,33909
4,2599,90965000,90965000,561,935,91000000,33921
4,26,910000,910000,561,935,945000,346
4,260,9100000,9100000,561,935,9135000,3401
4,2600,91000000,91000000,561,935,91035000,33934
4,2601,91035000,91035000,561,935,91070000,33947
4,2602,91070000,91070000,561,935,91105000,33960
4,2603,91105000,91105000,561,935,91140000,33975
4,2604,91140000,91140000,561,935,91175000,33987
4,2605,91175000,91175000,561,935,91210000,34001
4,2606,91210000,91210000,561,935,91245000,34012
4,2607,91245000,91245000,561,935,91280000,34025
4,2608,91280000,91280000,561,935,91315000,34038
4,2609,91315000,91315000,561,935,91350000,34052
4,261,9135000,9135000,561,935,9170000,3413
4,2610,91350000,91350000,561,935,91385000,34065
4,2611,91385000,91385000,561,935,91420000,34078
4,2612,91420000,91420000,561,935,91455000,34092
4,2613,91455000,91455000,561,935,91490000,34104
4,2614,91490000,91490000,561,935,91525000,34118
4,2615,91525000,91525000,561,935,91560000,34131
4,2616,91560000,91560000,561,935,91595000,34142
4,2617,91595000,91595000,561,935,91630000,34156
4,2618,91630000,91630000,561,935,91665000,34169
4,2619,91665000,91665000,561,935,91700000,34183
4,262,9170000,9170000,561,935,9205000,3427
4,2620,91700000,91700000,561,935,91735000,34194
4,2621,91735000,91735000,561,935,91770000,34210
4,2622,91770000,91770000,561,935,91805000,34223
4,2623,91805000,91805000,561,935,91840000,34233
4,2624,91840000,91840000,561,935,91875000,34248
4,2625,91875000,91875000,561,935,91910000,34261
4,2626,91910000,91910000,561,935,91945000,34272
4,2627,91945000,91945000,561,935,91980000,34288
4,2628,91980000,91980000,561,935,92015000,34300
4,2629,92015000,92015000,561,935,92050000,34313
4,263,9205000,9205000,561,935,9240000,3439
4,2630,92050000,92050000,561,935,92085000,34327
4,2631,92085000,92085000,561,935,92120000,34338
4,2632,92120000,92120000,561,935,92155000,34351
4,2633,92155000,92155000,561,935,92190000,34366
4,2634,92190000,92190000,561,935,92225000,34378
4,2635,92225000,92225000,561,935,92260000,34392
4,2636,92260000,92260000,561,935,92295000,34404
4,2637,92295000,92295000,561,935,92330000,34418
4,2638,92330000,92330000,561,935,92365000,34430
4,2639,92365000,92365000,561,935,92400000,34443
4,264,9240000,9240000,561,935,9275000,3452
4,265,9275000,9275000,561,935,9310000,3466
4,266,9310000,9310000,561,935,9345000,3477
4,267,9345000,9345000,561,935,9380000,3492
4,268,9380000,9380000,561,935,9415000,3504
4,269,9415000,9415000,561,935,9450000,3519
4,27,945000,945000,561,935,980000,360
4,270,9450000,9450000,561,935,9485000,3531
4,271,9485000,9485000,561,935,9520000,3543
4,272,9520000,9520000,561,935,9555000,3557
4,273,9555000,9555000,561,935,9590000,3569
4,274,9590000,9590000,561,935,9625000,3582
4,275,9625000,9625000,561,935,9660000,3597
4,276,9660000,9660000,561,935,9695000,3609
4,277,9695000,9695000,561,935,9730000,3622
4,278,9730000,9730000,561,935,9765000,3636
4,279,9765000,9765000,561,935,9800000,3648
4,28,980000,980000,561,935,1015000,372
4,280,9800000,9800000,561,935,9835000,3659
4,281,9835000,9835000,561,935,9870000,3675
4,282,9870000,9870000,561,935,9905000,3688
4,283,9905000,9905000,561,935,9940000,3700
4,284,9940000,9940000,561,935,9975000,3714
4,285,9975000,9975000,561,935,10010000,3727
4,286,10010000,10010000,561,935,10045000,3738
4,287,10045000,10045000,561,935,10080000,3753
4,288,10080000,10080000,561,935,10115000,3765
4,289,10115000,10115000,561,935,10150000,3778
4,29,1015000,1015000,561,935,1050000,388
4,290,10150000,10150000,561,935,10185000,3792
4,291,10185000,10185000,561,935,10220000,3804
4,292,10220000,10220000,561,935,10255000,3818
4,293,10255000,10255000,561,935,10290000,3832
4,294,10290000,10290000,561,935,10325000,3845
4,295,10325000,10325000,561,935,10360000,3857
4,296,10360000,10360000,561,935,10395000,3868
4,297,10395000,10395000,561,935,10430000,3883
4,298,10430000,10430000,561,935,10465000,3895
4,299,10465000,10465000,561,935,10500000,3910
4,3,105000,105000,561,935,140000,46
4,30,1050000,1050000,561,935,1085000,399
4,300,10500000,10500000,561,935,10535000,3922
4,301,10535000,10535000,561,935,10570000,3936
4,302,10570000,10570000,561,935,10605000,3949
4,303,10605000,10605000,561,935,10640000,3960
4,304,10640000,10640000,561,935,10675000,3974
4,305,10675000,10675000,561,935,10710000,3988
4,306,10710000,10710000,561,935,10745000,4000
4,307,10745000,10745000,561,935,10780000,4013
4,308,10780000,10780000,561,935,10815000,4027
4,309,10815000,10815000,561,935,10850000,4040
4,31,1085000,1085000,561,935,1120000,411
4,310,10850000,10850000,561,935,10885000,4052
4,311,10885000,10885000,561,935,10920000,4066
4,312,10920000,10920000,561,935,10955000,4079
4,313,10955000,10955000,561,935,10990000,4091
4,314,10990000,10990000,561,935,11025000,4105
4,315,11025000,11025000,561,935,11060000,4119
4,316,11060000,11060000,561,935,11095000,4129
4,317,11095000,11095000,561,935,11130000,4146
4,318,11130000,11130000,561,935,11165000,4157
4,319,11165000,11165000,561,935,11200000,4169
4,32,1120000,1120000,561,935,1155000,425
4,320,11200000,11200000,561,935,11235000,4183
4,321,11235000,11235000,561,935,11270000,4195
4,322,11270000,11270000,561,935,11305000,4209
4,323,11305000,11305000,561,935,11340000,4223
4,324,11340000,11340000,561,935,11375000,4236
4,325,11375000,11375000,561,935,11410000,4249
4,326,11410000,11410000,561,935,11445000,4262
4,327,11445000,11445000,561,935,11480000,4274
4,328,11480000,11480000,561,935,11515000,4286
4,329,11515000,11515000,561,935,11550000,4301
4,33,1155000,1155000,561,935,1190000,437
4,330,11550000,11550000,561,935,11585000,4313
4,331,11585000,11585000,561,935,11620000,4327
4,332,11620000,11620000,561,935,11655000,4340
4,333,11655000,11655000,561,935,11690000,4353
4,334,11690000,11690000,561,935,11725000,4366
4,335,11725000,11725000,561,935,11760000,4379
4,336,11760000,11760000,561,935,11795000,4391
4,337,11795000,11795000,561,935,11830000,4405
4,338,11830000,11830000,561,935,11865000,4418
4,339,11865000,11865000,561,935,11900000,4431
4,34,1190000,1190000,561,935,1225000,451
4,340,11900000,11900000,561,935,11935000,4443
4,341,11935000,11935000,561,935,11970000,4458
4,342,11970000,11970000,561,935,12005000,4472
4,343,12005000,12005000,561,935,12040000,4482
4,344,12040000,12040000,561,935,12075000,4496
4,345,12075000,12075000,561,935,12110000,4510
4,346,12110000,12110000,561,935,12145000,4520
4,347,12145000,12145000,561,935,12180000,4537
4,348,12180000,12180000,561,935,12215000,4549
4,349,12215000,12215000,561,935,12250000,4562
4,35,1225000,1225000,561,935,1260000,465
4,350,12250000,12250000,561,935,12285000,4575
4,351,12285000,12285000,561,935,12320000,4586
4,352,12320000,12320000,561,935,12355000,4600
4,353,12355000,12355000,561,935,12390000,4614
4,354,12390000,12390000,561,935,12425000,4627
4,355,12425000,12425000,561,935,12460000,4640
4,356,12460000,12460000,561,935,12495000,4653
4,357,12495000,12495000,561,935,12530000,4666
4,358,12530000,12530000,561,935,12565000,4679
4,359,12565000,12565000,561,935,12600000,4693
4,36,1260000,1260000,561,935,1295000,477
4,360,12600000,12600000,561,935,12635000,4704
4,361,12635000,12635000,561,935,12670000,4718
4,362,12670000,12670000,561,935,12705000,4731
4,363,12705000,12705000,561,935,12740000,4744
4,364,12740000,12740000,561,935,12775000,4757
4,365,12775000,12775000,561,935,12810000,4772
4,366,12810000,12810000,561,935,12845000,4783
4,367,12845000,12845000,561,935,12880000,4796
4,368,12880000,12880000,561,935,12915000,4809
4,369,12915000,12915000,561,935,12950000,4822
4,37,1295000,1295000,561,935,1330000,491
4,370,12950000,12950000,561,935,12985000,4835
4,371,12985000,12985000,561,935,13020000,4849
4,372,13020000,13020000,561,935,13055000,4863
4,373,13055000,13055000,561,935,13090000,4874
4,374,13090000,13090000,561,935,13125000,4889
4,375,13125000,13125000,561,935,13160000,4901
4,376,13160000,13160000,561,935,13195000,4911
4,377,13195000,13195000,561,935,13230000,4928
4,378,13230000,13230000,561,935,13265000,4940
4,379,13265000,13265000,561,935,13300000,4953
4,38,1330000,1330000,561,935,1365000,504
4,380,13300000,13300000,561,935,13335000,4966
4,381,13335000,13335000,561,935,13370000,4980
4,382,13370000,13370000,561,935,13405000,4992
4,383,13405000,13405000,561,935,13440000,5005
4,384,13440000,13440000,561,935,13475000,5018
4,385,13475000,13475000,561,935,13510000,5031
4,386,13510000,13510000,561,935,13545000,5044
4,387,13545000,13545000,561,935,13580000,5057
4,388,13580000,13580000,561,935,13615000,5070
4,389,13615000,13615000,561,935,13650000,5085
4,39,1365000,1365000,561,935,1400000,516
4,390,13650000,13650000,561,935,13685000,5097
4,391,13685000,13685000,561,935,13720000,5109
4,392,13720000,13720000,561,935,13755000,5123
4,393,13755000,13755000,561,935,13790000,5135
4,394,13790000,13790000,561,935,13825000,5148
4,395,13825000,13825000,561,935,13860000,5163
4,396,13860000,13860000,561,935,13895000,5174
4,397,13895000,13895000,561,935,13930000,5189
4,398,13930000,13930000,561,935,13965000,5201
4,399,13965000,13965000,561,935,14000000,5213
4,4,140000,140000,561,935,175000,60
4,40,1400000,1400000,561,935,1435000,528
4,400,14000000,14000000,561,935,14035000,5226
4,401,14035000,14035000,561,935,14070000,5240
4,402,14070000,14070000,561,935,14105000,5254
4,403,14105000,14105000,561,935,14140000,5266
4,404,14140000,14140000,561,935,14175000,5280
4,405,14175000,14175000,561,935,14210000,5293
4,406,14210000,14210000,561,935,14245000,5304
4,407,14245000,14245000,561,935,14280000,5319
4,408,14280000,14280000,561,935,14315000,5331
4,409,14315000,14315000,561,935,14350000,5344
4,41,1435000,1435000,561,935,1470000,543
4,410,14350000,14350000,561,935,14385000,5357
4,411,14385000,14385000,561,935,14420000,5371
4,412,14420000,14420000,561,935,14455000,5383
4,413,14455000,14455000,561,935,14490000,5398
4,414,14490000,14490000,561,935,14525000,5411
4,415,14525000,14525000,561,935,14560000,5422
4,416,14560000,14560000,561,935,14595000,5435
4,417,14595000,14595000,561,935,14630000,5448
4,418,14630000,14630000,561,935,14665000,5461
4,419,14665000,14665000,561,935,14700000,5476
4,42,1470000,1470000,561,935,1505000,556
4,420,14700000,14700000,561,935,14735000,5488
4,421,14735000,14735000,561,935,14770000,5501
4,422,14770000,14770000,561,935,14805000,5516
4,423,14805000,14805000,561,935,14840000,5526
4,424,14840000,14840000,561,935,14875000,5539
4,425,14875000,14875000,561,935,14910000,5555
4,426,14910000,14910000,561,935,14945000,5565
4,427,14945000,14945000,561,935,14980000,5580
4,428,14980000,14980000,561,935,15015000,5592
4,429,15015000,15015000,561,935,15050000,5606
4,43,1505000,1505000,561,935,1540000,568
4,430,15050000,15050000,561,935,15085000,5618
4,431,15085000,15085000,561,935,15120000,5631
4,432,15120000,15120000,561,935,15155000,5645
4,433,15155000,15155000,561,935,15190000,5657
4,434,15190000,15190000,561,935,15225000,5671
4,435,15225000,15225000,561,935,15260000,5684
4,436,15260000,15260000,561,935,15295000,5696
4,437,15295000,15295000,561,935,15330000,5711
4,438,15330000,15330000,561,935,15365000,5724
4,439,15365000,15365000,561,935,15400000,5735
4,44,1540000,1540000,561,935,1575000,582
4,440,15400000,15400000,561,935,15435000,5748
4,441,15435000,15435000,561,935,15470000,5762
4,442,15470000,15470000,561,935,15505000,5774
4,443,15505000,15505000,561,935,15540000,5789
4,444,15540000,15540000,561,935,15575000,5802
4,445,15575000,15575000,561,935,15610000,5815
4,446,15610000,15610000,561,935,15645000,5827
4,447,15645000,15645000,561,935,15680000,5840
4,448,15680000,15680000,561,935,15715000,5852
4,449,15715000,15715000,561,935,15750000,5867
4,45,1575000,1575000,561,935,1610000,596
4,450,15750000,15750000,561,935,15785000,5879
4,451,15785000,15785000,561,935,15820000,5892
4,452,15820000,15820000,561,935,15855000,5907
4,453,15855000,15855000,561,935,15890000,5918
4,454,15890000,15890000,561,935,15925000,5932
4,455,15925000,15925000,561,935,15960000,5946
4,456,15960000,15960000,561,935,15995000,5956
4,457,15995000,15995000,561,935,16030000,5971
4,458,16030000,16030000,561,935,16065000,5984
4,459,16065000,16065000,561,935,16100000,5997
4,46,1610000,1610000,561,935,1645000,606
4,460,16100000,16100000,561,935,16135000,6009
4,461,16135000,16135000,561,935,16170000,6024
4,462,16170000,16170000,561,935,16205000,6037
4,463,16205000,16205000,561,935,16240000,6048
4,464,16240000,16240000,561,935,16275000,6062
4,465,16275000,16275000,561,935,16310000,6075
4,466,16310000,16310000,561,935,16345000,6087
4,467,16345000,16345000,561,935,16380000,6102
4,468,16380000,16380000,561,935,16415000,6115
4,469,16415000,16415000,561,935,16450000,6128
4,47,1645000,1645000,561,935,1680000,621
4,470,16450000,16450000,561,935,16485000,6141
4,471,16485000,16485000,561,935,16520000,6153
4,472,16520000,16520000,561,935,16555000,6165
4,473,16555000,16555000,561,935,16590000,6180
4,474,16590000,16590000,561,935,16625000,6193
4,475,16625000,16625000,561,935,16660000,6206
4,476,16660000,16660000,561,935,16695000,6218
4,477,16695000,16695000,561,935,16730000,6233
4,478,16730000,16730000,561,935,16765000,6244
4,479,16765000,16765000,561,935,16800000,6258
4,48,1680000,1680000,561,935,1715000,634
4,480,16800000,16800000,561,935,16835000,6271
4,481,16835000,16835000,561,935,16870000,6283
4,482,16870000,16870000,561,935,16905000,6298
4,483,16905000,16905000,561,935,16940000,6309
4,484,16940000,16940000,561,935,16975000,6323
4,485,16975000,16975000,561,935,17010000,6338
4,486,17010000,17010000,561,935,17045000,6349
4,487,17045000,17045000,561,935,17080000,6362
4,488,17080000,17080000,561,935,17115000,6375
4,489,17115000,17115000,561,935,17150000,6388
4,49,1715000,1715000,561,935,1750000,646
4,490,17150000,17150000,561,935,17185000,6400
4,491,17185000,17185000,561,935,17220000,6416
4,492,17220000,17220000,561,935,17255000,6428
4,493,17255000,17255000,561,935,17290000,6441
4,494,17290000,17290000,561,935,17325000,6454
4,495,17325000,17325000,561,935,17360000,6466
4,496,17360000,17360000,561,935,17395000,6478
4,497,17395000,17395000,561,935,17430000,6493
4,498,17430000,17430000,561,935,17465000,6506
4,499,17465000,17465000,561,935,17500000,6519
4,5,175000,175000,561,935,210000,74
4,50,1750000,1750000,561,935,1785000,660
4,500,17500000,17500000,561,935,17535000,6532
4,501,17535000,17535000,561,935,17570000,6545
4,502,17570000,17570000,561,935,17605000,6559
4,503,17605000,17605000,561,935,17640000,6571
4,504,17640000,17640000,561,935,17675000,6584
4,505,17675000,17675000,561,935,17710000,6597
4,506,17710000,17710000,561,935,17745000,6609
4,507,17745000,17745000,561,935,17780000,6624
4,508,17780000,17780000,561,935,17815000,6635
4,509,17815000,17815000,561,935,17850000,6651
4,51,1785000,1785000,561,935,1820000,673
4,510,17850000,17850000,561,935,17885000,6663
4,511,17885000,17885000,561,935,17920000,6674
4,512,17920000,17920000,561,935,17955000,6689
4,513,17955000,17955000,561,935,17990000,6701
4,514,17990000,17990000,561,935,18025000,6714
4,515,18025000,18025000,561,935,18060000,6729
4,516,18060000,18060000,561,935,18095000,6740
4,517,18095000,18095000,561,935,18130000,6754
4,518,18130000,18130000,561,935,18165000,6768
4,519,18165000,18165000,561,935,18200000,6779
4,52,1820000,1820000,561,935,1855000,686
4,520,18200000,18200000,561,935,18235000,6791
4,521,18235000,18235000,561,935,18270000,6807
4,522,18270000,18270000,561,935,18305000,6819
4,523,18305000,18305000,561,935,18340000,6832
4,524,18340000,18340000,561,935,18375000,6846
4,525,18375000,18375000,561,935,18410000,6859
4,526,18410000,18410000,561,935,18445000,6870
4,527,18445000,18445000,561,935,18480000,6884
4,528,18480000,18480000,561,935,18515000,6897
4,529,18515000,18515000,561,935,18550000,6910
4,53,1855000,1855000,561,935,1890000,700
4,530,18550000,18550000,561,935,18585000,6923
4,531,18585000,18585000,561,935,18620000,6936
4,532,18620000,18620000,561,935,18655000,6950
4,533,18655000,18655000,561,935,18690000,6963
4,534,18690000,18690000,561,935,18725000,6977
4,535,18725000,18725000,561,935,18760000,6989
4,536,18760000,18760000,561,935,18795000,7000
4,537,18795000,18795000,561,935,18830000,7015
4,538,18830000,18830000,561,935,18865000,7026
4,539,18865000,18865000,561,935,18900000,7042
4,54,1890000,1890000,561,935,1925000,713
4,540,18900000,18900000,561,935,18935000,7054
4,541,18935000,18935000,561,935,18970000,7067
4,542,18970000,18970000,561,935,19005000,7081
4,543,19005000,19005000,561,935,19040000,7092
4,544,19040000,19040000,561,935,19075000,7105
4,545,19075000,19075000,561,935,19110000,7120
4,546,19110000,19110000,561,935,19145000,7132
4,547,19145000,19145000,561,935,19180000,7145
4,548,19180000,19180000,561,935,19215000,7159
4,549,19215000,19215000,561,935,19250000,7171
4,55,1925000,1925000,561,935,1960000,725
4,550,19250000,19250000,561,935,19285000,7184
4,551,19285000,19285000,561,935,19320000,7198
4,552,19320000,19320000,561,935,19355000,7210
4,553,19355000,19355000,561,935,19390000,7223
4,554,19390000,19390000,561,935,19425000,7237
4,555,19425000,19425000,561,935,19460000,7250
4,556,19460000,19460000,561,935,19495000,7261
4,557,19495000,19495000,561,935,19530000,7278
4,558,19530000,19530000,561,935,19565000,7289
4,559,19565000,19565000,561,935,19600000,7301
4,56,1960000,1960000,561,935,1995000,737
4,560,19600000,19600000,561,935,19635000,7314
4,561,19635000,19635000,561,935,19670000,7327
4,562,19670000,19670000,561,935,19705000,7341
4,563,19705000,19705000,561,935,19740000,7354
4,564,19740000,19740000,561,935,19775000,7368
4,565,19775000,19775000,561,935,19810000,7381
4,566,19810000,19810000,561,935,19845000,7393
4,567,19845000,19845000,561,935,19880000,7406
4,568,19880000,19880000,561,935,19915000,7418
4,569,19915000,19915000,561,935,19950000,7433
4,57,1995000,1995000,561,935,2030000,751
4,570,19950000,19950000,561,935,19985000,7445
4,571,19985000,19985000,561,935,20020000,7458
4,572,20020000,20020000,561,935,20055000,7472
4,573,20055000,20055000,561,935,20090000,7485
4,574,20090000,20090000,561,935,20125000,7497
4,575,20125000,20125000,561,935,20160000,7511
4,576,20160000,20160000,561,935,20195000,7523
4,577,20195000,20195000,561,935,20230000,7536
4,578,20230000,20230000,561,935,20265000,7550
4,579,20265000,20265000,561,935,20300000,7563
4,58,2030000,2030000,561,935,2065000,763
4,580,20300000,20300000,561,935,20335000,7575
4,581,20335000,20335000,561,935,20370000,7590
4,582,20370000,20370000,561,935,20405000,7603
4,583,20405000,20405000,561,935,20440000,7614
4,584,20440000,20440000,561,935,20475000,7628
4,585,20475000,20475000,561,935,20510000,7641
4,586,20510000,20510000,561,935,20545000,7652
4,587,20545000,20545000,561,935,20580000,7669
4,588,20580000,20580000,561,935,20615000,7680
4,589,20615000,20615000,561,935,20650000,7694
4,59,2065000,2065000,561,935,2100000,779
4,590,20650000,20650000,561,935,20685000,7707
4,591,20685000,20685000,561,935,20720000,7718
4,592,20720000,20720000,561,935,20755000,7732
4,593,20755000,20755000,561,935,20790000,7745
4,594,20790000,20790000,561,935,20825000,7759
4,595,20825000,20825000,561,935,20860000,7772
4,596,20860000,20860000,561,935,20895000,7784
4,597,20895000,20895000,561,935,20930000,7798
4,598,20930000,20930000,561,935,20965000,7811
4,599,20965000,20965000,561,935,21000000,7824
4,6,210000,210000,561,935,245000,86
4,60,2100000,2100000,561,935,2135000,790
4,600,21000000,21000000,561,935,21035000,7836
4,601,21035000,21035000,561,935,21070000,7850
4,602,21070000,21070000,561,935,21105000,7863
4,603,21105000,21105000,561,935,21140000,7876
4,604,21140000,21140000,561,935,21175000,7888
4,605,21175000,21175000,561,935,21210000,7904
4,606,21210000,21210000,561,935,21245000,7915
4,607,21245000,21245000,561,935,21280000,7927
4,608,21280000,21280000,561,935,21315000,7941
4,609,21315000,21315000,561,935,21350000,7954
4,61,2135000,2135000,561,935,2170000,804
4,610,21350000,21350000,561,935,21385000,7966
4,611,21385000,21385000,561,935,21420000,7981
4,612,21420000,21420000,561,935,21455000,7995
4,613,21455000,21455000,561,935,21490000,8006
4,614,21490000,21490000,561,935,21525000,8021
4,615,21525000,21525000,561,935,21560000,8032
4,616,21560000,21560000,561,935,21595000,8043
4,617,21595000,21595000,561,935,21630000,8060
4,618,21630000,21630000,561,935,21665000,8071
4,619,21665000,21665000,561,935,21700000,8085
4,62,2170000,2170000,561,935,2205000,818
4,620,21700000,21700000,561,935,21735000,8098
4,621,21735000,21735000,561,935,21770000,8111
4,622,21770000,21770000,561,935,21805000,8124
4,623,21805000,21805000,561,935,21840000,8137
4,624,21840000,21840000,561,935,21875000,8150
4,625,21875000,21875000,561,935,21910000,8163
4,626,21910000,21910000,561,935,21945000,8175
4,627,21945000,21945000,561,935,21980000,8189
4,628,21980000,21980000,561,935,22015000,8202
4,629,22015000,22015000,561,935,22050000,8216
4,63,2205000,2205000,561,935,2240000,828
4,630,22050000,22050000,561,935,22085000,8229
4,631,22085000,22085000,561,935,22120000,8241
4,632,22120000,22120000,561,935,22155000,8254
4,633,22155000,22155000,561,935,22190000,8267
4,634,22190000,22190000,561,935,22225000,8280
4,635,22225000,22225000,561,935,22260000,8295
4,636,22260000,22260000,561,935,22295000,8306
4,637,22295000,22295000,561,935,22330000,8320
4,638,22330000,22330000,561,935,22365000,8333
4,639,22365000,22365000,561,935,22400000,8345
4,64,2240000,2240000,561,935,2275000,842
4,640,22400000,22400000,561,935,22435000,8357
4,641,22435000,22435000,561,935,22470000,8372
4,642,22470000,22470000,561,935,22505000,8386
4,643,22505000,22505000,561,935,22540000,8397
4,644,22540000,22540000,561,935,22575000,8412
4,645,22575000,22575000,561,935,22610000,8425
4,646,22610000,22610000,561,935,22645000,8436
4,647,22645000,22645000,561,935,22680000,8451
4,648,22680000,22680000,561,935,22715000,8462
4,649,22715000,22715000,561,935,22750000,8476
4,65,2275000,2275000,561,935,2310000,856
4,650,22750000,22750000,561,935,22785000,8489
4,651,22785000,22785000,561,935,22820000,8502
4,652,22820000,22820000,561,935,22855000,8515
4,653,22855000,22855000,561,935,22890000,8530
4,654,22890000,22890000,561,935,22925000,8542
4,655,22925000,22925000,561,935,22960000,8554
4,656,22960000,22960000,561,935,22995000,8567
4,657,22995000,22995000,561,935,23030000,8580
4,658,23030000,23030000,561,935,23065000,8593
4,659,23065000,23065000,561,935,23100000,8607
4,66,2310000,2310000,561,935,2345000,868
4,660,23100000,23100000,561,935,23135000,8620
4,661,23135000,23135000,561,935,23170000,8633
4,662,23170000,23170000,561,935,23205000,8647
4,663,23205000,23205000,561,935,23240000,8658
4,664,23240000,23240000,561,935,23275000,8671
4,665,23275000,23275000,561,935,23310000,8686
4,666,23310000,23310000,561,935,23345000,8697
4,667,23345000,23345000,561,935,23380000,8712
4,668,23380000,23380000,561,935,23415000,8724
4,669,23415000,23415000,561,935,23450000,8738
4,67,2345000,2345000,561,935,2380000,882
4,670,23450000,23450000,561,935,23485000,8749
4,671,23485000,23485000,561,935,23520000,8763
4,672,23520000,23520000,561,935,23555000,8777
4,673,23555000,23555000,561,935,23590000,8788
4,674,23590000,23590000,561,935,23625000,8803
4,675,23625000,23625000,561,935,23660000,8816
4,676,23660000,23660000,561,935,23695000,8827
4,677,23695000,23695000,561,935,23730000,8843
4,678,23730000,23730000,561,935,23765000,8856
4,679,23765000,23765000,561,935,23800000,8867
4,68,2380000,2380000,561,935,2415000,895
4,680,23800000,23800000,561,935,23835000,8880
4,681,23835000,23835000,561,935,23870000,8893
4,682,23870000,23870000,561,935,23905000,8906
4,683,23905000,23905000,561,935,23940000,8921
4,684,23940000,23940000,561,935,23975000,8933
4,685,23975000,23975000,561,935,24010000,8947
4,686,24010000,24010000,561,935,24045000,8959
4,687,24045000,24045000,561,935,24080000,8971
4,688,24080000,24080000,561,935,24115000,8984
4,689,24115000,24115000,561,935,24150000,8999
4,69,2415000,2415000,561,935,2450000,908
4,690,24150000,24150000,561,935,24185000,9011
4,691,24185000,24185000,561,935,24220000,9024
4,692,24220000,24220000,561,935,24255000,9038
4,693,24255000,24255000,561,935,24290000,9050
4,694,24290000,24290000,561,935,24325000,9064
4,695,24325000,24325000,561,935,24360000,9077
4,696,24360000,24360000,561,935,24395000,9088
4,697,24395000,24395000,561,935,24430000,9103
4,698,24430000,24430000,561,935,24465000,9115
4,699,24465000,24465000,561,935,24500000,9129
4,7,245000,245000,561,935,280000,99
4,70,2450000,2450000,561,935,2485000,921
4,700,24500000,24500000,561,935,24535000,9141
4,701,24535000,24535000,561,935,24570000,9156
4,702,24570000,24570000,561,935,24605000,9169
4,703,24605000,24605000,561,935,24640000,9179
4,704,24640000,24640000,561,935,24675000,9194
4,705,24675000,24675000,561,935,24710000,9207
4,706,24710000,24710000,561,935,24745000,9218
4,707,24745000,24745000,561,935,24780000,9234
4,708,24780000,24780000,561,935,24815000,9247
4,709,24815000,24815000,561,935,24850000,9259
4,71,2485000,2485000,561,935,2520000,934
4,710,24850000,24850000,561,935,24885000,9273
4,711,24885000,24885000,561,935,24920000,9285
4,712,24920000,24920000,561,935,24955000,9297
4,713,24955000,24955000,561,935,24990000,9312
4,714,24990000,24990000,561,935,25025000,9324
4,715,25025000,25025000,561,935,25060000,9338
4,716,25060000,25060000,561,935,25095000,9350
4,717,25095000,25095000,561,935,25130000,9364
4,718,25130000,25130000,561,935,25165000,9376
4,719,25165000,25165000,561,935,25200000,9390
4,72,2520000,2520000,561,935,2555000,947
4,720,25200000,25200000,561,935,25235000,9402
4,721,25235000,25235000,561,935,25270000,9415
4,722,25270000,25270000,561,935,25305000,9430
4,723,25305000,25305000,561,935,25340000,9441
4,724,25340000,25340000,561,935,25375000,9455
4,725,25375000,25375000,561,935,25410000,9469
4,726,25410000,25410000,561,935,25445000,9481
4,727,25445000,25445000,561,935,25480000,9494
4,728,25480000,25480000,561,935,25515000,9506
4,729,25515000,25515000,561,935,25550000,9520
4,73,2555000,2555000,561,935,2590000,960
4,730,25550000,25550000,561,935,25585000,9532
4,731,25585000,25585000,561,935,25620000,9547
4,732,25620000,25620000,561,935,25655000,9560
4,733,25655000,25655000,561,935,25690000,9573
4,734,25690000,25690000,561,935,25725000,9586
4,735,25725000,25725000,561,935,25760000,9598
4,736,25760000,25760000,561,935,25795000,9609
4,737,25795000,25795000,561,935,25830000,9625
4,738,25830000,25830000,561,935,25865000,9638
4,739,25865000,25865000,561,935,25900000,9650
4,74,2590000,2590000,561,935,2625000,973
4,740,25900000,25900000,561,935,25935000,9664
4,741,25935000,25935000,561,935,25970000,9677
4,742,25970000,25970000,561,935,26005000,9690
4,743,26005000,26005000,561,935,26040000,9703
4,744,26040000,26040000,561,935,26075000,9716
4,745,26075000,26075000,561,935,26110000,9729
4,746,26110000,26110000,561,935,26145000,9741
4,747,26145000,26145000,561,935,26180000,9755
4,748,26180000,26180000,561,935,26215000,9767
4,749,26215000,26215000,561,935,26250000,9783
4,75,2625000,2625000,561,935,2660000,987
4,750,26250000,26250000,561,935,26285000,9794
4,751,26285000,26285000,561,935,26320000,9806
4,752,26320000,26320000,561,935,26355000,9821
4,753,26355000,26355000,561,935,26390000,9832
4,754,26390000,26390000,561,935,26425000,9846
4,755,26425000,26425000,561,935,26460000,9861
4,756,26460000,26460000,561,935,26495000,9872
4,757,26495000,26495000,561,935,26530000,9886
4,758,26530000,26530000,561,935,26565000,9899
4,759,26565000,26565000,561,935,26600000,9911
4,76,2660000,2660000,561,935,2695000,997
4,760,26600000,26600000,561,935,26635000,9923
4,761,26635000,26635000,561,935,26670000,9938
4,762,26670000,26670000,561,935,26705000,9951
4,763,26705000,26705000,561,935,26740000,9964
4,764,26740000,26740000,561,935,26775000,9977
4,765,26775000,26775000,561,935,26810000,9991
4,766,26810000,26810000,561,935,26845000,10002
4,767,26845000,26845000,561,935,26880000,10016
4,768,26880000,26880000,561,935,26915000,10029
4,769,26915000,26915000,561,935,26950000,10041
4,77,2695000,2695000,561,935,2730000,1014
4,770,26950000,26950000,561,935,26985000,10055
4,771,26985000,26985000,561,935,27020000,10068
4,772,27020000,27020000,561,935,27055000,10081
4,773,27055000,27055000,561,935,27090000,10095
4,774,27090000,27090000,561,935,27125000,10109
4,775,27125000,27125000,561,935,27160000,10120
4,776,27160000,27160000,561,935,27195000,10132
4,777,27195000,27195000,561,935,27230000,10147
4,778,27230000,27230000,561,935,27265000,10158
4,779,27265000,27265000,561,935,27300000,10174
4,78,2730000,2730000,561,935,2765000,1026
4,780,27300000,27300000,561,935,27335000,10185
4,781,27335000,27335000,561,935,27370000,10199
4,782,27370000,27370000,561,935,27405000,10213
4,783,27405000,27405000,561,935,27440000,10223
4,784,27440000,27440000,561,935,27475000,10237
4,785,27475000,27475000,561,935,27510000,10252
4,786,27510000,27510000,561,935,27545000,10263
4,787,27545000,27545000,561,935,27580000,10277
4,788,27580000,27580000,561,935,27615000,10291
4,789,27615000,27615000,561,935,27650000,10303
4,79,2765000,2765000,561,935,2800000,1037
4,790,27650000,27650000,561,935,27685000,10316
4,791,27685000,27685000,561,935,27720000,10329
4,792,27720000,27720000,561,935,27755000,10342
4,793,27755000,27755000,561,935,27790000,10355
4,794,27790000,27790000,561,935,27825000,10368
4,795,27825000,27825000,561,935,27860000,10382
4,796,27860000,27860000,561,935,27895000,10393
4,797,27895000,27895000,561,935,27930000,10409
4,798,27930000,27930000,561,935,27965000,10421
4,799,27965000,27965000,561,935,28000000,10433
4,8,280000,280000,561,935,315000,111
4,80,2800000,2800000,561,935,2835000,1051
4,800,28000000,28000000,561,935,28035000,10446
4,801,28035000,28035000,561,935,28070000,10459
4,802,28070000,28070000,561,935,28105000,10472
4,803,28105000,28105000,561,935,28140000,10486
4,804,28140000,28140000,561,935,28175000,10500
4,805,28175000,28175000,561,935,28210000,10512
4,806,28210000,28210000,561,935,28245000,10525
4,807,28245000,28245000,561,935,28280000,10538
4,808,28280000,28280000,561,935,28315000,10549
4,809,28315000,28315000,561,935,28350000,10565
4,81,2835000,2835000,561,935,2870000,1064
4,810,28350000,28350000,561,935,28385000,10577
4,811,28385000,28385000,561,935,28420000,10590
4,812,28420000,28420000,561,935,28455000,10604
4,813,28455000,28455000,561,935,28490000,10616
4,814,28490000,28490000,561,935,28525000,10629
4,815,28525000,28525000,561,935,28560000,10643
4,816,28560000,28560000,561,935,28595000,10654
4,817,28595000,28595000,561,935,28630000,10668
4,818,28630000,28630000,561,935,28665000,10682
4,819,28665000,28665000,561,935,28700000,10694
4,82,2870000,2870000,561,935,2905000,1077
4,820,28700000,28700000,561,935,28735000,10707
4,821,28735000,28735000,561,935,28770000,10722
4,822,28770000,28770000,561,935,28805000,10735
4,823,28805000,28805000,561,935,28840000,10746
4,824,28840000,28840000,561,935,28875000,10759
4,825,28875000,28875000,561,935,28910000,10773
4,826,28910000,28910000,561,935,28945000,10784
4,827,28945000,28945000,561,935,28980000,10800
4,828,28980000,28980000,561,935,29015000,10812
4,829,29015000,29015000,561,935,29050000,10826
4,83,2905000,2905000,561,935,2940000,1091
4,830,29050000,29050000,561,935,29085000,10838
4,831,29085000,29085000,561,935,29120000,10850
4,832,29120000,29120000,561,935,29155000,10864
4,833,29155000,29155000,561,935,29190000,10877
4,834,29190000,29190000,561,935,29225000,10891
4,835,29225000,29225000,561,935,29260000,10903
4,836,29260000,29260000,561,935,29295000,10916
4,837,29295000,29295000,561,935,29330000,10930
4,838,29330000,29330000,561,935,29365000,10942
4,839,29365000,29365000,561,935,29400000,10956
4,84,2940000,2940000,561,935,2975000,1105
4,840,29400000,29400000,561,935,29435000,10968
4,841,29435000,29435000,561,935,29470000,10981
4,842,29470000,29470000,561,935,29505000,10995
4,843,29505000,29505000,561,935,29540000,11008
4,844,29540000,29540000,561,935,29575000,11020
4,845,29575000,29575000,561,935,29610000,11036
4,846,29610000,29610000,561,935,29645000,11046
4,847,29645000,29645000,561,935,29680000,11059
4,848,29680000,29680000,561,935,29715000,11073
4,849,29715000,29715000,561,935,29750000,11085
4,85,2975000,2975000,561,935,3010000,1117
4,850,29750000,29750000,561,935,29785000,11098
4,851,29785000,29785000,561,935,29820000,11113
4,852,29820000,29820000,561,935,29855000,11126
4,853,29855000,29855000,561,935,29890000,11138
4,854,29890000,29890000,561,935,29925000,11153
4,855,29925000,29925000,561,935,29960000,11164
4,856,29960000,29960000,561,935,29995000,11175
4,857,29995000,29995000,561,935,30030000,11191
4,858,30030000,30030000,561,935,30065000,11203
4,859,30065000,30065000,561,935,30100000,11217
4,86,3010000,3010000,561,935,3045000,1130
4,860,30100000,30100000,561,935,30135000,11229
4,861,30135000,30135000,561,935,30170000,11243
4,862,30170000,30170000,561,935,30205000,11256
4,863,30205000,30205000,561,935,30240000,11268
4,864,30240000,30240000,561,935,30275000,11282
4,865,30275000,30275000,561,935,30310000,11295
4,866,30310000,30310000,561,935,30345000,11307
4,867,30345000,30345000,561,935,30380000,11321
4,868,30380000,30380000,561,935,30415000,11333
4,869,30415000,30415000,561,935,30450000,11348
4,87,3045000,3045000,561,935,3080000,1142
4,870,30450000,30450000,561,935,30485000,11361
4,871,30485000,30485000,561,935,30520000,11372
4,872,30520000,30520000,561,935,30555000,11386
4,873,30555000,30555000,561,935,30590000,11399
4,874,30590000,30590000,561,935,30625000,11411
4,875,30625000,30625000,561,935,30660000,11427
4,876,30660000,30660000,561,935,30695000,11438
4,877,30695000,30695000,561,935,30730000,11452
4,878,30730000,30730000,561,935,30765000,11465
4,879,30765000,30765000,561,935,30800000,11476
4,88,3080000,3080000,561,935,3115000,1154
4,880,30800000,30800000,561,935,30835000,11489
4,881,30835000,30835000,561,935,30870000,11504
4,882,30870000,30870000,561,935,30905000,11517
4,883,30905000,30905000,561,935,30940000,11529
4,884,30940000,30940000,561,935,30975000,11544
4,885,30975000,30975000,561,935,31010000,11556
4,886,31010000,31010000,561,935,31045000,11568
4,887,31045000,31045000,561,935,31080000,11583
4,888,31080000,31080000,561,935,31115000,11594
4,889,31115000,31115000,561,935,31150000,11608
4,89,3115000,3115000,561,935,3150000,1170
4,890,31150000,31150000,561,935,31185000,11620
4,891,31185000,31185000,561,935,31220000,11634
4,892,31220000,31220000,561,935,31255000,11647
4,893,31255000,31255000,561,935,31290000,11661
4,894,31290000,31290000,561,935,31325000,11674
4,895,31325000,31325000,561,935,31360000,11686
4,896,31360000,31360000,561,935,31395000,11698
4,897,31395000,31395000,561,935,31430000,11712
4,898,31430000,31430000,561,935,31465000,11725
4,899,31465000,31465000,561,935,31500000,11739
4,9,315000,315000,561,935,350000,125
4,90,3150000,3150000,561,935,3185000,1181
4,900,31500000,31500000,561,935,31535000,11752
4,901,31535000,31535000,561,935,31570000,11764
4,902,31570000,31570000,561,935,31605000,11779
4,903,31605000,31605000,561,935,31640000,11790
4,904,31640000,31640000,561,935,31675000,11802
4,905,31675000,31675000,561,935,31710000,11818
4,906,31710000,31710000,561,935,31745000,11829
4,907,31745000,31745000,561,935,31780000,11843
4,908,31780000,31780000,561,935,31815000,11856
4,909,31815000,31815000,561,935,31850000,11870
4,91,3185000,3185000,561,935,3220000,1195
4,910,31850000,31850000,561,935,31885000,11881
4,911,31885000,31885000,561,935,31920000,11895
4,912,31920000,31920000,561,935,31955000,11908
4,913,31955000,31955000,561,935,31990000,11920
4,914,31990000,31990000,561,935,32025000,11935
4,915,32025000,32025000,561,935,32060000,11947
4,916,32060000,32060000,561,935,32095000,11959
4,917,32095000,32095000,561,935,32130000,11975
4,918,32130000,32130000,561,935,32165000,11987
4,919,32165000,32165000,561,935,32200000,11999
4,92,3220000,3220000,561,935,3255000,1209
4,920,32200000,32200000,561,935,32235000,12012
4,921,32235000,32235000,561,935,32270000,12025
4,922,32270000,32270000,561,935,32305000,12038
4,923,32305000,32305000,561,935,32340000,12052
4,924,32340000,32340000,561,935,32375000,12065
4,925,32375000,32375000,561,935,32410000,12079
4,926,32410000,32410000,561,935,32445000,12090
4,927,32445000,32445000,561,935,32480000,12103
4,928,32480000,32480000,561,935,32515000,12116
4,929,32515000,32515000,561,935,32550000,12130
4,93,3255000,3255000,561,935,3290000,1221
4,930,32550000,32550000,561,935,32585000,12143
4,931,32585000,32585000,561,935,32620000,12156
4,932,32620000,32620000,561,935,32655000,12170
4,933,32655000,32655000,561,935,32690000,12182
4,934,32690000,32690000,561,935,32725000,12195
4,935,32725000,32725000,561,935,32760000,12209
4,936,32760000,32760000,561,935,32795000,12220
4,937,32795000,32795000,561,935,32830000,12234
4,938,32830000,32830000,561,935,32865000,12247
4,939,32865000,32865000,561,935,32900000,12261
4,94,3290000,3290000,561,935,3325000,1234
4,940,32900000,32900000,561,935,32935000,12272
4,941,32935000,32935000,561,935,32970000,12288
4,942,32970000,32970000,561,935,33005000,12301
4,943,33005000,33005000,561,935,33040000,12311
4,944,33040000,33040000,561,935,33075000,12326
4,945,33075000,33075000,561,935,33110000,12338
4,946,33110000,33110000,561,935,33145000,12350
4,947,33145000,33145000,561,935,33180000,12366
4,948,33180000,33180000,561,935,33215000,12378
4,949,33215000,33215000,561,935,33250000,12391
4,95,3325000,3325000,561,935,3360000,1248
4,950,33250000,33250000,561,935,33285000,12405
4,951,33285000,33285000,561,935,33320000,12416
4,952,33320000,33320000,561,935,33355000,12429
4,953,33355000,33355000,561,935,33390000,12444
4,954,33390000,33390000,561,935,33425000,12456
4,955,33425000,33425000,561,935,33460000,12470
4,956,33460000,33460000,561,935,33495000,12481
4,957,33495000,33495000,561,935,33530000,12496
4,958,33530000,33530000,561,935,33565000,12508
4,959,33565000,33565000,561,935,33600000,12521
4,96,3360000,3360000,561,935,3395000,1259
4,960,33600000,33600000,561,935,33635000,12534
4,961,33635000,33635000,561,935,33670000,12547
4,962,33670000,33670000,561,935,33705000,12561
4,963,33705000,33705000,561,935,33740000,12573
4,964,33740000,33740000,561,935,33775000,12587
4,965,33775000,33775000,561,935,33810000,12601
4,966,33810000,33810000,561,935,33845000,12613
4,967,33845000,33845000,561,935,33880000,12625
4,968,33880000,33880000,561,935,33915000,12638
4,969,33915000,33915000,561,935,33950000,12652
4,97,3395000,3395000,561,935,3430000,1273
4,970,33950000,33950000,561,935,33985000,12663
4,971,33985000,33985000,561,935,34020000,12679
4,972,34020000,34020000,561,935,34055000,12692
4,973,34055000,34055000,561,935,34090000,12704
4,974,34090000,34090000,561,935,34125000,12718
4,975,34125000,34125000,561,935,34160000,12730
4,976,34160000,34160000,561,935,34195000,12741
4,977,34195000,34195000,561,935,34230000,12757
4,978,34230000,34230000,561,935,34265000,12769
4,979,34265000,34265000,561,935,34300000,12782
4,98,3430000,3430000,561,935,3465000,1286
4,980,34300000,34300000,561,935,34335000,12796
4,981,34335000,34335000,561,935,34370000,12808
4,982,34370000,34370000,561,935,34405000,12822
4,983,34405000,34405000,561,935,34440000,12835
4,984,34440000,34440000,561,935,34475000,12847
4,985,34475000,34475000,561,935,34510000,12861
4,986,34510000,34510000,561,935,34545000,12873
4,987,34545000,34545000,561,935,34580000,12887
4,988,34580000,34580000,561,935,34615000,12899
4,989,34615000,34615000,561,935,34650000,12914
4,99,3465000,3465000,561,935,3500000,1299
4,990,34650000,34650000,561,935,34685000,12926
4,991,34685000,34685000,561,935,34720000,12938
4,992,34720000,34720000,561,935,34755000,12952
4,993,34755000,34755000,561,935,34790000,12964
4,994,34790000,34790000,561,935,34825000,12978
4,995,34825000,34825000,561,935,34860000,12992
4,996,34860000,34860000,561,935,34895000,13004
4,997,34895000,34895000,561,935,34930000,13018
4,998,34930000,34930000,561,935,34965000,13031
4,999,34965000,34965000,561,935,35000000,13043
5,0,0,0,2413,4021,35000,8
5,1,35000,35000,2413,4021,70000,21
5,10,350000,350000,2413,4021,385000,137
5,100,3500000,3500000,2413,4021,3535000,1313
5,1000,35000000,35000000,2413,4021,35035000,13055
5,1001,35035000,35035000,2413,4021,35070000,13071
5,1002,35070000,35070000,2413,4021,35105000,13084
5,1003,35105000,35105000,2413,4021,35140000,13096
5,1004,35140000,35140000,2413,4021,35175000,13110
5,1005,35175000,35175000,2413,4021,35210000,13124
5,1006,35210000,35210000,2413,4021,35245000,13134
5,1007,35245000,35245000,2413,4021,35280000,13149
5,1008,35280000,35280000,2413,4021,35315000,13162
5,1009,35315000,35315000,2413,4021,35350000,13174
5,101,3535000,3535000,2413,4021,3570000,1327
5,1010,35350000,35350000,2413,4021,35385000,13188
5,1011,35385000,35385000,2413,4021,35420000,13200
5,1012,35420000,35420000,2413,4021,35455000,13214
5,1013,35455000,35455000,2413,4021,35490000,13228
5,1014,35490000,35490000,2413,4021,35525000,13241
5,1015,35525000,35525000,2413,4021,35560000,13253
5,1016,35560000,35560000,2413,4021,35595000,13265
5,1017,35595000,35595000,2413,4021,35630000,13279
5,1018,35630000,35630000,2413,4021,35665000,13291
5,1019,35665000,35665000,2413,4021,35700000,13307
5,102,3570000,3570000,2413,4021,3605000,1341
5,1020,35700000,35700000,2413,4021,35735000,13318
5,1021,35735000,35735000,2413,4021,35770000,13332
5,1022,35770000,35770000,2413,4021,35805000,13345
5,1023,35805000,35805000,2413,4021,35840000,13356
5,1024,35840000,35840000,2413,4021,35875000,13370
5,1025,35875000,35875000,2413,4021,35910000,13384
5,1026,35910000,35910000,2413,4021,35945000,13396
5,1027,35945000,35945000,2413,4021,35980000,13410
5,1028,35980000,35980000,2413,4021,36015000,13423
5,1029,36015000,36015000,2413,4021,36050000,13436
5,103,3605000,3605000,2413,4021,3640000,1352
5,1030,36050000,36050000,2413,4021,36085000,13449
5,1031,36085000,36085000,2413,4021,36120000,13462
5,1032,36120000,36120000,2413,4021,36155000,13475
5,1033,36155000,36155000,2413,4021,36190000,13487
5,1034,36190000,36190000,2413,4021,36225000,13501
5,1035,36225000,36225000,2413,4021,36260000,13515
5,1036,36260000,36260000,2413,4021,36295000,13525
5,1037,36295000,36295000,2413,4021,36330000,13542
5,1038,36330000,36330000,2413,4021,36365000,13554
5,1039,36365000,36365000,2413,4021,36400000,13565
5,104,3640000,3640000,2413,4021,3675000,1365
5,1040,36400000,36400000,2413,4021,36435000,13579
5,1041,36435000,36435000,2413,4021,36470000,13592
5,1042,36470000,36470000,2413,4021,36505000,13605
5,1043,36505000,36505000,2413,4021,36540000,13619
5,1044,36540000,36540000,2413,4021,36575000,13632
5,1045,36575000,36575000,2413,4021,36610000,13645
5,1046,36610000,36610000,2413,4021,36645000,13658
5,1047,36645000,36645000,2413,4021,36680000,13670
5,1048,36680000,36680000,2413,4021,36715000,13682
5,1049,36715000,36715000,2413,4021,36750000,13698
5,105,3675000,3675000,2413,4021,3710000,1379
5,1050,36750000,36750000,2413,4021,36785000,13709
5,1051,36785000,36785000,2413,4021,36820000,13723
5,1052,36820000,36820000,2413,4021,36855000,13737
5,1053,36855000,36855000,2413,4021,36890000,13749
5,1054,36890000,36890000,2413,4021,36925000,13762
5,1055,36925000,36925000,2413,4021,36960000,13775
5,1056,36960000,36960000,2413,4021,36995000,13787
5,1057,36995000,36995000,2413,4021,37030000,13801
5,1058,37030000,37030000,2413,4021,37065000,13814
5,1059,37065000,37065000,2413,4021,37100000,13827
5,106,3710000,3710000,2413,4021,3745000,1390
5,1060,37100000,37100000,2413,4021,37135000,13840
5,1061,37135000,37135000,2413,4021,37170000,13854
5,1062,37170000,37170000,2413,4021,37205000,13868
5,1063,37205000,37205000,2413,4021,37240000,13879
5,1064,37240000,37240000,2413,4021,37275000,13892
5,1065,37275000,37275000,2413,4021,37310000,13906
5,1066,37310000,37310000,2413,4021,37345000,13916
5,1067,37345000,37345000,2413,4021,37380000,13933
5,1068,37380000,37380000,2413,4021,37415000,13945
5,1069,37415000,37415000,2413,4021,37450000,13958
5,107,3745000,3745000,2413,4021,3780000,1406
5,1070,37450000,37450000,2413,4021,37485000,13971
5,1071,37485000,37485000,2413,4021,37520000,13983
5,1072,37520000,37520000,2413,4021,37555000,13996
5,1073,37555000,37555000,2413,4021,37590000,14010
5,1074,37590000,37590000,2413,4021,37625000,14024
5,1075,37625000,37625000,2413,4021,37660000,14036
5,1076,37660000,37660000,2413,4021,37695000,14049
5,1077,37695000,37695000,2413,4021,37730000,14062
5,1078,37730000,37730000,2413,4021,37765000,14075
5,1079,37765000,37765000,2413,4021,37800000,14089
5,108,3780000,3780000,2413,4021,3815000,1418
5,1080,37800000,37800000,2413,4021,37835000,14100
5,1081,37835000,37835000,2413,4021,37870000,14114
5,1082,37870000,37870000,2413,4021,37905000,14128
5,1083,37905000,37905000,2413,4021,37940000,14140
5,1084,37940000,37940000,2413,4021,37975000,14153
5,1085,37975000,37975000,2413,4021,38010000,14169
5,1086,38010000,38010000,2413,4021,38045000,14179
5,1087,38045000,38045000,2413,4021,38080000,14192
5,1088,38080000,38080000,2413,4021,38115000,14205
5,1089,38115000,38115000,2413,4021,38150000,14218
5,109,3815000,3815000,2413,4021,3850000,1431
5,1090,38150000,38150000,2413,4021,38185000,14231
5,1091,38185000,38185000,2413,4021,38220000,14245
5,1092,38220000,38220000,2413,4021,38255000,14259
5,1093,38255000,38255000,2413,4021,38290000,14271
5,1094,38290000,38290000,2413,4021,38325000,14285
5,1095,38325000,38325000,2413,4021,38360000,14297
5,1096,38360000,38360000,2413,4021,38395000,14308
5,1097,38395000,38395000,2413,4021,38430000,14324
5,1098,38430000,38430000,2413,4021,38465000,14336
5,1099,38465000,38465000,2413,4021,38500000,14349
5,11,385000,385000,2413,4021,420000,153
5,110,3850000,3850000,2413,4021,3885000,1444
5,1100,38500000,38500000,2413,4021,38535000,14362
5,1101,38535000,38535000,2413,4021,38570000,14376
5,1102,38570000,38570000,2413,4021,38605000,14388
5,1103,38605000,38605000,2413,4021,38640000,14401
5,1104,38640000,38640000,2413,4021,38675000,14415
5,1105,38675000,38675000,2413,4021,38710000,14427
5,1106,38710000,38710000,2413,4021,38745000,14440
5,1107,38745000,38745000,2413,4021,38780000,14454
5,1108,38780000,38780000,2413,4021,38815000,14466
5,1109,38815000,38815000,2413,4021,38850000,14481
5,111,3885000,3885000,2413,4021,3920000,1456
5,1110,38850000,38850000,2413,4021,38885000,14493
5,1111,38885000,38885000,2413,4021,38920000,14505
5,1112,38920000,38920000,2413,4021,38955000,14519
5,1113,38955000,38955000,2413,4021,38990000,14531
5,1114,38990000,38990000,2413,4021,39025000,14544
5,1115,39025000,39025000,2413,4021,39060000,14560
5,1116,39060000,39060000,2413,4021,39095000,14570
5,1117,39095000,39095000,2413,4021,39130000,14585
5,1118,39130000,39130000,2413,4021,39165000,14598
5,1119,39165000,39165000,2413,4021,39200000,14609
5,112,3920000,3920000,2413,4021,3955000,1469
5,1120,39200000,39200000,2413,4021,39235000,14622
5,1121,39235000,39235000,2413,4021,39270000,14636
5,1122,39270000,39270000,2413,4021,39305000,14650
5,1123,39305000,39305000,2413,4021,39340000,14662
5,1124,39340000,39340000,2413,4021,39375000,14676
5,1125,39375000,39375000,2413,4021,39410000,14689
5,1126,39410000,39410000,2413,4021,39445000,14701
5,1127,39445000,39445000,2413,4021,39480000,14715
5,1128,39480000,39480000,2413,4021,39515000,14727
5,1129,39515000,39515000,2413,4021,39550000,14741
5,113,3955000,3955000,2413,4021,3990000,1483
5,1130,39550000,39550000,2413,4021,39585000,14753
5,1131,39585000,39585000,2413,4021,39620000,14767
5,1132,39620000,39620000,2413,4021,39655000,14779
5,1133,39655000,39655000,2413,4021,39690000,14794
5,1134,39690000,39690000,2413,4021,39725000,14807
5,1135,39725000,39725000,2413,4021,39760000,14818
5,1136,39760000,39760000,2413,4021,39795000,14831
5,1137,39795000,39795000,2413,4021,39830000,14845
5,1138,39830000,39830000,2413,4021,39865000,14857
5,1139,39865000,39865000,2413,4021,39900000,14872
5,114,3990000,3990000,2413,4021,4025000,1497
5,1140,39900000,39900000,2413,4021,39935000,14885
5,1141,39935000,39935000,2413,4021,39970000,14897
5,1142,39970000,39970000,2413,4021,40005000,14912
5,1143,40005000,40005000,2413,4021,40040000,14922
5,1144,40040000,40040000,2413,4021,40075000,14935
5,1145,40075000,40075000,2413,4021,40110000,14951
5,1146,40110000,40110000,2413,4021,40145000,14961
5,1147,40145000,40145000,2413,4021,40180000,14976
5,1148,40180000,40180000,2413,4021,40215000,14989
5,1149,40215000,40215000,2413,4021,40250000,15002
5,115,4025000,4025000,2413,4021,4060000,1509
5,1150,40250000,40250000,2413,4021,40285000,15014
5,1151,40285000,40285000,2413,4021,40320000,15028
5,1152,40320000,40320000,2413,4021,40355000,15041
5,1153,40355000,40355000,2413,4021,40390000,15053
5,1154,40390000,40390000,2413,4021,40425000,15067
5,1155,40425000,40425000,2413,4021,40460000,15080
5,1156,40460000,40460000,2413,4021,40495000,15092
5,1157,40495000,40495000,2413,4021,40530000,15107
5,1158,40530000,40530000,2413,4021,40565000,15120
5,1159,40565000,40565000,2413,4021,40600000,15132
5,116,4060000,4060000,2413,4021,4095000,1522
5,1160,40600000,40600000,2413,4021,40635000,15144
5,1161,40635000,40635000,2413,4021,40670000,15158
5,1162,40670000,40670000,2413,4021,40705000,15171
5,1163,40705000,40705000,2413,4021,40740000,15185
5,1164,40740000,40740000,2413,4021,40775000,15198
5,1165,40775000,40775000,2413,4021,40810000,15211
5,1166,40810000,40810000,2413,4021,40845000,15223
5,1167,40845000,40845000,2413,4021,40880000,15236
5,1168,40880000,40880000,2413,4021,40915000,15248
5,1169,40915000,40915000,2413,4021,40950000,15263
5,117,4095000,4095000,2413,4021,4130000,1536
5,1170,40950000,40950000,2413,4021,40985000,15276
5,1171,40985000,40985000,2413,4021,41020000,15288
5,1172,41020000,41020000,2413,4021,41055000,15303
5,1173,41055000,41055000,2413,4021,41090000,15315
5,1174,41090000,41090000,2413,4021,41125000,15328
5,1175,41125000,41125000,2413,4021,41160000,15342
5,1176,41160000,41160000,2413,4021,41195000,15352
5,1177,41195000,41195000,2413,4021,41230000,15367
5,1178,41230000,41230000,2413,4021,41265000,15380
5,1179,41265000,41265000,2413,4021,41300000,15393
5,118,4130000,4130000,2413,4021,4165000,1548
5,1180,41300000,41300000,2413,4021,41335000,15405
5,1181,41335000,41335000,2413,4021,41370000,15421
5,1182,41370000,41370000,2413,4021,41405000,15433
5,1183,41405000,41405000,2413,4021,41440000,15444
5,1184,41440000,41440000,2413,4021,41475000,15459
5,1185,41475000,41475000,2413,4021,41510000,15471
5,1186,41510000,41510000,2413,4021,41545000,15483
5,1187,41545000,41545000,2413,4021,41580000,15498
5,1188,41580000,41580000,2413,4021,41615000,15511
5,1189,41615000,41615000,2413,4021,41650000,15524
5,119,4165000,4165000,2413,4021,4200000,1562
5,1190,41650000,41650000,2413,4021,41685000,15537
5,1191,41685000,41685000,2413,4021,41720000,15549
5,1192,41720000,41720000,2413,4021,41755000,15562
5,1193,41755000,41755000,2413,4021,41790000,15576
5,1194,41790000,41790000,2413,4021,41825000,15589
5,1195,41825000,41825000,2413,4021,41860000,15603
5,1196,41860000,41860000,2413,4021,41895000,15614
5,1197,41895000,41895000,2413,4021,41930000,15629
5,1198,41930000,41930000,2413,4021,41965000,15640
5,1199,41965000,41965000,2413,4021,42000000,15654
5,12,420000,420000,2413,4021,455000,166
5,120,4200000,4200000,2413,4021,4235000,1573
5,1200,42000000,42000000,2413,4021,42035000,15667
5,1201,42035000,42035000,2413,4021,42070000,15679
5,1202,42070000,42070000,2413,4021,42105000,15694
5,1203,42105000,42105000,2413,4021,42140000,15706
5,1204,42140000,42140000,2413,4021,42175000,15719
5,1205,42175000,42175000,2413,4021,42210000,15734
5,1206,42210000,42210000,2413,4021,42245000,15746
5,1207,42245000,42245000,2413,4021,42280000,15758
5,1208,42280000,42280000,2413,4021,42315000,15771
5,1209,42315000,42315000,2413,4021,42350000,15784
5,121,4235000,4235000,2413,4021,4270000,1587
5,1210,42350000,42350000,2413,4021,42385000,15796
5,1211,42385000,42385000,2413,4021,42420000,15812
5,1212,42420000,42420000,2413,4021,42455000,15824
5,1213,42455000,42455000,2413,4021,42490000,15837
5,1214,42490000,42490000,2413,4021,42525000,15851
5,1215,42525000,42525000,2413,4021,42560000,15862
5,1216,42560000,42560000,2413,4021,42595000,15874
5,1217,42595000,42595000,2413,4021,42630000,15890
5,1218,42630000,42630000,2413,4021,42665000,15902
5,1219,42665000,42665000,2413,4021,42700000,15915
5,122,4270000,4270000,2413,4021,4305000,1601
5,1220,42700000,42700000,2413,4021,42735000,15928
5,1221,42735000,42735000,2413,4021,42770000,15941
5,1222,42770000,42770000,2413,4021,42805000,15955
5,1223,42805000,42805000,2413,4021,42840000,15967
5,1224,42840000,42840000,2413,4021,42875000,15980
5,1225,42875000,42875000,2413,4021,42910000,15994
5,1226,42910000,42910000,2413,4021,42945000,16005
5,1227,42945000,42945000,2413,4021,42980000,16020
5,1228,42980000,42980000,2413,4021,43015000,16032
5,1229,43015000,43015000,2413,4021,43050000,16047
5,123,4305000,4305000,2413,4021,4340000,1613
5,1230,43050000,43050000,2413,4021,43085000,16059
5,1231,43085000,43085000,2413,4021,43120000,16070
5,1232,43120000,43120000,2413,4021,43155000,16085
5,1233,43155000,43155000,2413,4021,43190000,16097
5,1234,43190000,43190000,2413,4021,43225000,16110
5,1235,43225000,43225000,2413,4021,43260000,16125
5,1236,43260000,43260000,2413,4021,43295000,16137
5,1237,43295000,43295000,2413,4021,43330000,16150
5,1238,43330000,43330000,2413,4021,43365000,16164
5,1239,43365000,43365000,2413,4021,43400000,16176
5,124,4340000,4340000,2413,4021,4375000,1626
5,1240,43400000,43400000,2413,4021,43435000,16187
5,1241,43435000,43435000,2413,4021,43470000,16203
5,1242,43470000,43470000,2413,4021,43505000,16215
5,1243,43505000,43505000,2413,4021,43540000,16228
5,1244,43540000,43540000,2413,4021,43575000,16242
5,1245,43575000,43575000,2413,4021,43610000,16255
5,1246,43610000,43610000,2413,4021,43645000,16266
5,1247,43645000,43645000,2413,4021,43680000,16281
5,1248,43680000,43680000,2413,4021,43715000,16293
5,1249,43715000,43715000,2413,4021,43750000,16306
5,125,4375000,4375000,2413,4021,4410000,1642
5,1250,43750000,43750000,2413,4021,43785000,16320
5,1251,43785000,43785000,2413,4021,43820000,16332
5,1252,43820000,43820000,2413,4021,43855000,16346
5,1253,43855000,43855000,2413,4021,43890000,16359
5,1254,43890000,43890000,2413,4021,43925000,16373
5,1255,43925000,43925000,2413,4021,43960000,16385
5,1256,43960000,43960000,2413,4021,43995000,16396
5,1257,43995000,43995000,2413,4021,44030000,16411
5,1258,44030000,44030000,2413,4021,44065000,16423
5,1259,44065000,44065000,2413,4021,44100000,16438
5,126,4410000,4410000,2413,4021,4445000,1652
5,1260,44100000,44100000,2413,4021,44135000,16450
5,1261,44135000,44135000,2413,4021,44170000,16464
5,1262,44170000,44170000,2413,4021,44205000,16477
5,1263,44205000,44205000,2413,4021,44240000,16488
5,1264,44240000,44240000,2413,4021,44275000,16501
5,1265,44275000,44275000,2413,4021,44310000,16516
5,1266,44310000,44310000,2413,4021,44345000,16528
5,1267,44345000,44345000,2413,4021,44380000,16541
5,1268,44380000,44380000,2413,4021,44415000,16555
5,1269,44415000,44415000,2413,4021,44450000,16568
5,127,4445000,4445000,2413,4021,4480000,1665
5,1270,44450000,44450000,2413,4021,44485000,16580
5,1271,44485000,44485000,2413,4021,44520000,16594
5,1272,44520000,44520000,2413,4021,44555000,16607
5,1273,44555000,44555000,2413,4021,44590000,16619
5,1274,44590000,44590000,2413,4021,44625000,16633
5,1275,44625000,44625000,2413,4021,44660000,16646
5,1276,44660000,44660000,2413,4021,44695000,16657
5,1277,44695000,44695000,2413,4021,44730000,16674
5,1278,44730000,44730000,2413,4021,44765000,16685
5,1279,44765000,44765000,2413,4021,44800000,16697
5,128,4480000,4480000,2413,4021,4515000,1679
5,1280,44800000,44800000,2413,4021,44835000,16711
5,1281,44835000,44835000,2413,4021,44870000,16723
5,1282,44870000,44870000,2413,4021,44905000,16737
5,1283,44905000,44905000,2413,4021,44940000,16751
5,1284,44940000,44940000,2413,4021,44975000,16764
5,1285,44975000,44975000,2413,4021,45010000,16777
5,1286,45010000,45010000,2413,4021,45045000,16789
5,1287,45045000,45045000,2413,4021,45080000,16802
5,1288,45080000,45080000,2413,4021,45115000,16814
5,1289,45115000,45115000,2413,4021,45150000,16829
5,129,4515000,4515000,2413,4021,4550000,1691
5,1290,45150000,45150000,2413,4021,45185000,16841
5,1291,45185000,45185000,2413,4021,45220000,16855
5,1292,45220000,45220000,2413,4021,45255000,16868
5,1293,45255000,45255000,2413,4021,45290000,16881
5,1294,45290000,45290000,2413,4021,45325000,16894
5,1295,45325000,45325000,2413,4021,45360000,16907
5,1296,45360000,45360000,2413,4021,45395000,16919
5,1297,45395000,45395000,2413,4021,45430000,16932
5,1298,45430000,45430000,2413,4021,45465000,16946
5,1299,45465000,45465000,2413,4021,45500000,16959
5,13,455000,455000,2413,4021,490000,178
5,130,4550000,4550000,2413,4021,4585000,1704
5,1300,45500000,45500000,2413,4021,45535000,16971
5,1301,45535000,45535000,2413,4021,45570000,16986
5,1302,45570000,45570000,2413,4021,45605000,17000
5,1303,45605000,45605000,2413,4021,45640000,17010
5,1304,45640000,45640000,2413,4021,45675000,17024
5,1305,45675000,45675000,2413,4021,45710000,17038
5,1306,45710000,45710000,2413,4021,45745000,17048
5,1307,45745000,45745000,2413,4021,45780000,17065
5,1308,45780000,45780000,2413,4021,45815000,17076
5,1309,45815000,45815000,2413,4021,45850000,17090
5,131,4585000,4585000,2413,4021,4620000,1718
5,1310,45850000,45850000,2413,4021,45885000,17103
5,1311,45885000,45885000,2413,4021,45920000,17114
5,1312,45920000,45920000,2413,4021,45955000,17128
5,1313,45955000,45955000,2413,4021,45990000,17142
5,1314,45990000,45990000,2413,4021,46025000,17155
5,1315,46025000,46025000,2413,4021,46060000,17168
5,1316,46060000,46060000,2413,4021,46095000,17181
5,1317,46095000,46095000,2413,4021,46130000,17194
5,1318,46130000,46130000,2413,4021,46165000,17207
5,1319,46165000,46165000,2413,4021,46200000,17220
5,132,4620000,4620000,2413,4021,4655000,1732
5,1320,46200000,46200000,2413,4021,46235000,17232
5,1321,46235000,46235000,2413,4021,46270000,17246
5,1322,46270000,46270000,2413,4021,46305000,17259
5,1323,46305000,46305000,2413,4021,46340000,17272
5,1324,46340000,46340000,2413,4021,46375000,17285
5,1325,46375000,46375000,2413,4021,46410000,17300
5,1326,46410000,46410000,2413,4021,46445000,17311
5,1327,46445000,46445000,2413,4021,46480000,17324
5,1328,46480000,46480000,2413,4021,46515000,17337
5,1329,46515000,46515000,2413,4021,46550000,17350
5,133,4655000,4655000,2413,4021,4690000,1744
5,1330,46550000,46550000,2413,4021,46585000,17362
5,1331,46585000,46585000,2413,4021,46620000,17377
5,1332,46620000,46620000,2413,4021,46655000,17391
5,1333,46655000,46655000,2413,4021,46690000,17402
5,1334,46690000,46690000,2413,4021,46725000,17417
5,1335,46725000,46725000,2413,4021,46760000,17429
5,1336,46760000,46760000,2413,4021,46795000,17439
5,1337,46795000,46795000,2413,4021,46830000,17456
5,1338,46830000,46830000,2413,4021,46865000,17468
5,1339,46865000,46865000,2413,4021,46900000,17481
5,134,4690000,4690000,2413,4021,4725000,1758
5,1340,46900000,46900000,2413,4021,46935000,17494
5,1341,46935000,46935000,2413,4021,46970000,17507
5,1342,46970000,46970000,2413,4021,47005000,17520
5,1343,47005000,47005000,2413,4021,47040000,17533
5,1344,47040000,47040000,2413,4021,47075000,17546
5,1345,47075000,47075000,2413,4021,47110000,17559
5,1346,47110000,47110000,2413,4021,47145000,17572
5,1347,47145000,47145000,2413,4021,47180000,17585
5,1348,47180000,47180000,2413,4021,47215000,17598
5,1349,47215000,47215000,2413,4021,47250000,17613
5,135,4725000,4725000,2413,4021,4760000,1770
5,1350,47250000,47250000,2413,4021,47285000,17625
5,1351,47285000,47285000,2413,4021,47320000,17637
5,1352,47320000,47320000,2413,4021,47355000,17650
5,1353,47355000,47355000,2413,4021,47390000,17663
5,1354,47390000,47390000,2413,4021,47425000,17676
5,1355,47425000,47425000,2413,4021,47460000,17691
5,1356,47460000,47460000,2413,4021,47495000,17702
5,1357,47495000,47495000,2413,4021,47530000,17717
5,1358,47530000,47530000,2413,4021,47565000,17729
5,1359,47565000,47565000,2413,4021,47600000,17741
5,136,4760000,4760000,2413,4021,4795000,1781
5,1360,47600000,47600000,2413,4021,47635000,17754
5,1361,47635000,47635000,2413,4021,47670000,17768
5,1362,47670000,47670000,2413,4021,47705000,17782
5,1363,47705000,47705000,2413,4021,47740000,17793
5,1364,47740000,47740000,2413,4021,47775000,17808
5,1365,47775000,47775000,2413,4021,47810000,17821
5,1366,47810000,47810000,2413,4021,47845000,17832
5,1367,47845000,47845000,2413,4021,47880000,17847
5,1368,47880000,47880000,2413,4021,47915000,17859
5,1369,47915000,47915000,2413,4021,47950000,17872
5,137,4795000,4795000,2413,4021,4830000,1797
5,1370,47950000,47950000,2413,4021,47985000,17885
5,1371,47985000,47985000,2413,4021,48020000,17899
5,1372,48020000,48020000,2413,4021,48055000,17911
5,1373,48055000,48055000,2413,4021,48090000,17926
5,1374,48090000,48090000,2413,4021,48125000,17938
5,1375,48125000,48125000,2413,4021,48160000,17950
5,1376,48160000,48160000,2413,4021,48195000,17963
5,1377,48195000,48195000,2413,4021,48230000,17976
5,1378,48230000,48230000,2413,4021,48265000,17989
5,1379,48265000,48265000,2413,4021,48300000,18004
5,138,4830000,4830000,2413,4021,4865000,1809
5,1380,48300000,48300000,2413,4021,48335000,18016
5,1381,48335000,48335000,2413,4021,48370000,18029
5,1382,48370000,48370000,2413,4021,48405000,18044
5,1383,48405000,48405000,2413,4021,48440000,18054
5,1384,48440000,48440000,2413,4021,48475000,18067
5,1385,48475000,48475000,2413,4021,48510000,18082
5,1386,48510000,48510000,2413,4021,48545000,18093
5,1387,48545000,48545000,2413,4021,48580000,18108
5,1388,48580000,48580000,2413,4021,48615000,18120
5,1389,48615000,48615000,2413,4021,48650000,18134
5,139,4865000,4865000,2413,4021,4900000,1823
5,1390,48650000,48650000,2413,4021,48685000,18146
5,1391,48685000,48685000,2413,4021,48720000,18159
5,1392,48720000,48720000,2413,4021,48755000,18173
5,1393,48755000,48755000,2413,4021,48790000,18185
5,1394,48790000,48790000,2413,4021,48825000,18199
5,1395,48825000,48825000,2413,4021,48860000,18212
5,1396,48860000,48860000,2413,4021,48895000,18223
5,1397,48895000,48895000,2413,4021,48930000,18239
5,1398,48930000,48930000,2413,4021,48965000,18252
5,1399,48965000,48965000,2413,4021,49000000,18263
5,14,490000,490000,2413,4021,525000,192
5,140,4900000,4900000,2413,4021,4935000,1835
5,1400,49000000,49000000,2413,4021,49035000,18276
5,1401,49035000,49035000,2413,4021,49070000,18290
5,1402,49070000,49070000,2413,4021,49105000,18302
5,1403,49105000,49105000,2413,4021,49140000,18317
5,1404,49140000,49140000,2413,4021,49175000,18330
5,1405,49175000,49175000,2413,4021,49210000,18343
5,1406,49210000,49210000,2413,4021,49245000,18355
5,1407,49245000,49245000,2413,4021,49280000,18367
5,1408,49280000,49280000,2413,4021,49315000,18380
5,1409,49315000,49315000,2413,4021,49350000,18395
5,141,4935000,4935000,2413,4021,4970000,1849
5,1410,49350000,49350000,2413,4021,49385000,18407
5,1411,49385000,49385000,2413,4021,49420000,18420
5,1412,49420000,49420000,2413,4021,49455000,18435
5,1413,49455000,49455000,2413,4021,49490000,18446
5,1414,49490000,49490000,2413,4021,49525000,18460
5,1415,49525000,49525000,2413,4021,49560000,18474
5,1416,49560000,49560000,2413,4021,49595000,18484
5,1417,49595000,49595000,2413,4021,49630000,18499
5,1418,49630000,49630000,2413,4021,49665000,18511
5,1419,49665000,49665000,2413,4021,49700000,18525
5,142,4970000,4970000,2413,4021,5005000,1861
5,1420,49700000,49700000,2413,4021,49735000,18537
5,1421,49735000,49735000,2413,4021,49770000,18552
5,1422,49770000,49770000,2413,4021,49805000,18565
5,1423,49805000,49805000,2413,4021,49840000,18576
5,1424,49840000,49840000,2413,4021,49875000,18590
5,1425,49875000,49875000,2413,4021,49910000,18603
5,1426,49910000,49910000,2413,4021,49945000,18615
5,1427,49945000,49945000,2413,4021,49980000,18630
5,1428,49980000,49980000,2413,4021,50015000,18643
5,1429,50015000,50015000,2413,4021,50050000,18655
5,143,5005000,5005000,2413,4021,5040000,1874
5,1430,50050000,50050000,2413,4021,50085000,18669
5,1431,50085000,50085000,2413,4021,50120000,18681
5,1432,50120000,50120000,2413,4021,50155000,18693
5,1433,50155000,50155000,2413,4021,50190000,18708
5,1434,50190000,50190000,2413,4021,50225000,18721
5,1435,50225000,50225000,2413,4021,50260000,18734
5,1436,50260000,50260000,2413,4021,50295000,18746
5,1437,50295000,50295000,2413,4021,50330000,18761
5,1438,50330000,50330000,2413,4021,50365000,18772
5,1439,50365000,50365000,2413,4021,50400000,18786
5,144,5040000,5040000,2413,4021,5075000,1888
5,1440,50400000,50400000,2413,4021,50435000,18798
5,1441,50435000,50435000,2413,4021,50470000,18811
5,1442,50470000,50470000,2413,4021,50505000,18826
5,1443,50505000,50505000,2413,4021,50540000,18837
5,1444,50540000,50540000,2413,4021,50575000,18851
5,1445,50575000,50575000,2413,4021,50610000,18866
5,1446,50610000,50610000,2413,4021,50645000,18877
5,1447,50645000,50645000,2413,4021,50680000,18890
5,1448,50680000,50680000,2413,4021,50715000,18903
5,1449,50715000,50715000,2413,4021,50750000,18916
5,145,5075000,5075000,2413,4021,5110000,1900
5,1450,50750000,50750000,2413,4021,50785000,18928
5,1451,50785000,50785000,2413,4021,50820000,18943
5,1452,50820000,50820000,2413,4021,50855000,18956
5,1453,50855000,50855000,2413,4021,50890000,18969
5,1454,50890000,50890000,2413,4021,50925000,18982
5,1455,50925000,50925000,2413,4021,50960000,18994
5,1456,50960000,50960000,2413,4021,50995000,19006
5,1457,50995000,50995000,2413,4021,51030000,19021
5,1458,51030000,51030000,2413,4021,51065000,19034
5,1459,51065000,51065000,2413,4021,51100000,19047
5,146,5110000,5110000,2413,4021,5145000,1913
5,1460,51100000,51100000,2413,4021,51135000,19060
5,1461,51135000,51135000,2413,4021,51170000,19073
5,1462,51170000,51170000,2413,4021,51205000,19086
5,1463,51205000,51205000,2413,4021,51240000,19099
5,1464,51240000,51240000,2413,4021,51275000,19112
5,1465,51275000,51275000,2413,4021,51310000,19125
5,1466,51310000,51310000,2413,4021,51345000,19137
5,1467,51345000,51345000,2413,4021,51380000,19152
5,1468,51380000,51380000,2413,4021,51415000,19163
5,1469,51415000,51415000,2413,4021,51450000,19179
5,147,5145000,5145000,2413,4021,5180000,1927
5,1470,51450000,51450000,2413,4021,51485000,19191
5,1471,51485000,51485000,2413,4021,51520000,19202
5,1472,51520000,51520000,2413,4021,51555000,19217
5,1473,51555000,51555000,2413,4021,51590000,19228
5,1474,51590000,51590000,2413,4021,51625000,19242
5,1475,51625000,51625000,2413,4021,51660000,19257
5,1476,51660000,51660000,2413,4021,51695000,19268
5,1477,51695000,51695000,2413,4021,51730000,19282
5,1478,51730000,51730000,2413,4021,51765000,19296
5,1479,51765000,51765000,2413,4021,51800000,19307
5,148,5180000,5180000,2413,4021,5215000,1939
5,1480,51800000,51800000,2413,4021,51835000,19319
5,1481,51835000,51835000,2413,4021,51870000,19335
5,1482,51870000,51870000,2413,4021,51905000,19347
5,1483,51905000,51905000,2413,4021,51940000,19360
5,1484,51940000,51940000,2413,4021,51975000,19373
5,1485,51975000,51975000,2413,4021,52010000,19387
5,1486,52010000,52010000,2413,4021,52045000,19398
5,1487,52045000,52045000,2413,4021,52080000,19412
5,1488,52080000,52080000,2413,4021,52115000,19425
5,1489,52115000,52115000,2413,4021,52150000,19438
5,149,5215000,5215000,2413,4021,5250000,1954
5,1490,52150000,52150000,2413,4021,52185000,19451
5,1491,52185000,52185000,2413,4021,52220000,19464
5,1492,52220000,52220000,2413,4021,52255000,19478
5,1493,52255000,52255000,2413,4021,52290000,19491
5,1494,52290000,52290000,2413,4021,52325000,19505
5,1495,52325000,52325000,2413,4021,52360000,19516
5,1496,52360000,52360000,2413,4021,52395000,19528
5,1497,52395000,52395000,2413,4021,52430000,19543
5,1498,52430000,52430000,2413,4021,52465000,19554
5,1499,52465000,52465000,2413,4021,52500000,19570
5,15,525000,525000,2413,4021,560000,204
5,150,5250000,5250000,2413,4021,5285000,1967
5,1500,52500000,52500000,2413,4021,52535000,19582
5,1501,52535000,52535000,2413,4021,52570000,19595
5,1502,52570000,52570000,2413,4021,52605000,19609
5,1503,52605000,52605000,2413,4021,52640000,19620
5,1504,52640000,52640000,2413,4021,52675000,19633
5,1505,52675000,52675000,2413,4021,52710000,19648
5,1506,52710000,52710000,2413,4021,52745000,19659
5,1507,52745000,52745000,2413,4021,52780000,19673
5,1508,52780000,52780000,2413,4021,52815000,19687
5,1509,52815000,52815000,2413,4021,52850000,19699
5,151,5285000,5285000,2413,4021,5320000,1978
5,1510,52850000,52850000,2413,4021,52885000,19712
5,1511,52885000,52885000,2413,4021,52920000,19726
5,1512,52920000,52920000,2413,4021,52955000,19738
5,1513,52955000,52955000,2413,4021,52990000,19751
5,1514,52990000,52990000,2413,4021,53025000,19765
5,1515,53025000,53025000,2413,4021,53060000,19778
5,1516,53060000,53060000,2413,4021,53095000,19789
5,1517,53095000,53095000,2413,4021,53130000,19805
5,1518,53130000,53130000,2413,4021,53165000,19817
5,1519,53165000,53165000,2413,4021,53200000,19829
5,152,5320000,5320000,2413,4021,5355000,1992
5,1520,53200000,53200000,2413,4021,53235000,19842
5,1521,53235000,53235000,2413,4021,53270000,19855
5,1522,53270000,53270000,2413,4021,53305000,19869
5,1523,53305000,53305000,2413,4021,53340000,19882
5,1524,53340000,53340000,2413,4021,53375000,19896
5,1525,53375000,53375000,2413,4021,53410000,19909
5,1526,53410000,53410000,2413,4021,53445000,19921
5,1527,53445000,53445000,2413,4021,53480000,19934
5,1528,53480000,53480000,2413,4021,53515000,19945
5,1529,53515000,53515000,2413,4021,53550000,19961
5,153,5355000,5355000,2413,4021,5390000,2004
5,1530,53550000,53550000,2413,4021,53585000,19973
5,1531,53585000,53585000,2413,4021,53620000,19986
5,1532,53620000,53620000,2413,4021,53655000,20000
5,1533,53655000,53655000,2413,4021,53690000,20013
5,1534,53690000,53690000,2413,4021,53725000,20025
5,1535,53725000,53725000,2413,4021,53760000,20039
5,1536,53760000,53760000,2413,4021,53795000,20051
5,1537,53795000,53795000,2413,4021,53830000,20064
5,1538,53830000,53830000,2413,4021,53865000,20078
5,1539,53865000,53865000,2413,4021,53900000,20090
5,154,5390000,5390000,2413,4021,5425000,2017
5,1540,53900000,53900000,2413,4021,53935000,20103
5,1541,53935000,53935000,2413,4021,53970000,20118
5,1542,53970000,53970000,2413,4021,54005000,20131
5,1543,54005000,54005000,2413,4021,54040000,20142
5,1544,54040000,54040000,2413,4021,54075000,20156
5,1545,54075000,54075000,2413,4021,54110000,20169
5,1546,54110000,54110000,2413,4021,54145000,20180
5,1547,54145000,54145000,2413,4021,54180000,20197
5,1548,54180000,54180000,2413,4021,54215000,20208
5,1549,54215000,54215000,2413,4021,54250000,20222
5,155,5425000,5425000,2413,4021,5460000,2033
5,1550,54250000,54250000,2413,4021,54285000,20234
5,1551,54285000,54285000,2413,4021,54320000,20246
5,1552,54320000,54320000,2413,4021,54355000,20260
5,1553,54355000,54355000,2413,4021,54390000,20273
5,1554,54390000,54390000,2413,4021,54425000,20287
5,1555,54425000,54425000,2413,4021,54460000,20300
5,1556,54460000,54460000,2413,4021,54495000,20312
5,1557,54495000,54495000,2413,4021,54530000,20326
5,1558,54530000,54530000,2413,4021,54565000,20339
5,1559,54565000,54565000,2413,4021,54600000,20352
5,156,5460000,5460000,2413,4021,5495000,2043
5,1560,54600000,54600000,2413,4021,54635000,20364
5,1561,54635000,54635000,2413,4021,54670000,20377
5,1562,54670000,54670000,2413,4021,54705000,20391
5,1563,54705000,54705000,2413,4021,54740000,20404
5,1564,54740000,54740000,2413,4021,54775000,20416
5,1565,54775000,54775000,2413,4021,54810000,20432
5,1566,54810000,54810000,2413,4021,54845000,20443
5,1567,54845000,54845000,2413,4021,54880000,20455
5,1568,54880000,54880000,2413,4021,54915000,20469
5,1569,54915000,54915000,2413,4021,54950000,20482
5,157,5495000,5495000,2413,4021,5530000,2058
5,1570,54950000,54950000,2413,4021,54985000,20494
5,1571,54985000,54985000,2413,4021,55020000,20509
5,1572,55020000,55020000,2413,4021,55055000,20522
5,1573,55055000,55055000,2413,4021,55090000,20534
5,1574,55090000,55090000,2413,4021,55125000,20549
5,1575,55125000,55125000,2413,4021,55160000,20560
5,1576,55160000,55160000,2413,4021,55195000,20571
5,1577,55195000,55195000,2413,4021,55230000,20588
5,1578,55230000,55230000,2413,4021,55265000,20599
5,1579,55265000,55265000,2413,4021,55300000,20613
5,158,5530000,5530000,2413,4021,5565000,2071
5,1580,55300000,55300000,2413,4021,55335000,20626
5,1581,55335000,55335000,2413,4021,55370000,20639
5,1582,55370000,55370000,2413,4021,55405000,20652
5,1583,55405000,55405000,2413,4021,55440000,20664
5,1584,55440000,55440000,2413,4021,55475000,20678
5,1585,55475000,55475000,2413,4021,55510000,20691
5,1586,55510000,55510000,2413,4021,55545000,20703
5,1587,55545000,55545000,2413,4021,55580000,20717
5,1588,55580000,55580000,2413,4021,55615000,20730
5,1589,55615000,55615000,2413,4021,55650000,20744
5,159,5565000,5565000,2413,4021,5600000,2082
5,1590,55650000,55650000,2413,4021,55685000,20757
5,1591,55685000,55685000,2413,4021,55720000,20769
5,1592,55720000,55720000,2413,4021,55755000,20782
5,1593,55755000,55755000,2413,4021,55790000,20795
5,1594,55790000,55790000,2413,4021,55825000,20807
5,1595,55825000,55825000,2413,4021,55860000,20823
5,1596,55860000,55860000,2413,4021,55895000,20834
5,1597,55895000,55895000,2413,4021,55930000,20848
5,1598,55930000,55930000,2413,4021,55965000,20861
5,1599,55965000,55965000,2413,4021,56000000,20873
5,16,560000,560000,2413,4021,595000,215
5,160,5600000,5600000,2413,4021,5635000,2095
5,1600,56000000,56000000,2413,4021,56035000,20885
5,1601,56035000,56035000,2413,4021,56070000,20900
5,1602,56070000,56070000,2413,4021,56105000,20914
5,1603,56105000,56105000,2413,4021,56140000,20925
5,1604,56140000,56140000,2413,4021,56175000,20940
5,1605,56175000,56175000,2413,4021,56210000,20952
5,1606,56210000,56210000,2413,4021,56245000,20964
5,1607,56245000,56245000,2413,4021,56280000,20979
5,1608,56280000,56280000,2413,4021,56315000,20990
5,1609,56315000,56315000,2413,4021,56350000,21004
5,161,5635000,5635000,2413,4021,5670000,2110
5,1610,56350000,56350000,2413,4021,56385000,21017
5,1611,56385000,56385000,2413,4021,56420000,21030
5,1612,56420000,56420000,2413,4021,56455000,21043
5,1613,56455000,56455000,2413,4021,56490000,21058
5,1614,56490000,56490000,2413,4021,56525000,21070
5,1615,56525000,56525000,2413,4021,56560000,21082
5,1616,56560000,56560000,2413,4021,56595000,21094
5,1617,56595000,56595000,2413,4021,56630000,21108
5,1618,56630000,56630000,2413,4021,56665000,21121
5,1619,56665000,56665000,2413,4021,56700000,21135
5,162,5670000,5670000,2413,4021,5705000,2123
5,1620,56700000,56700000,2413,4021,56735000,21148
5,1621,56735000,56735000,2413,4021,56770000,21161
5,1622,56770000,56770000,2413,4021,56805000,21175
5,1623,56805000,56805000,2413,4021,56840000,21186
5,1624,56840000,56840000,2413,4021,56875000,21199
5,1625,56875000,56875000,2413,4021,56910000,21214
5,1626,56910000,56910000,2413,4021,56945000,21225
5,1627,56945000,56945000,2413,4021,56980000,21239
5,1628,56980000,56980000,2413,4021,57015000,21252
5,1629,57015000,57015000,2413,4021,57050000,21266
5,163,5705000,5705000,2413,4021,5740000,2135
5,1630,57050000,57050000,2413,4021,57085000,21277
5,1631,57085000,57085000,2413,4021,57120000,21291
5,1632,57120000,57120000,2413,4021,57155000,21305
5,1633,57155000,57155000,2413,4021,57190000,21316
5,1634,57190000,57190000,2413,4021,57225000,21331
5,1635,57225000,57225000,2413,4021,57260000,21344
5,1636,57260000,57260000,2413,4021,57295000,21355
5,1637,57295000,57295000,2413,4021,57330000,21371
5,1638,57330000,57330000,2413,4021,57365000,21383
5,1639,57365000,57365000,2413,4021,57400000,21395
5,164,5740000,5740000,2413,4021,5775000,2149
5,1640,57400000,57400000,2413,4021,57435000,21408
5,1641,57435000,57435000,2413,4021,57470000,21421
5,1642,57470000,57470000,2413,4021,57505000,21434
5,1643,57505000,57505000,2413,4021,57540000,21449
5,1644,57540000,57540000,2413,4021,57575000,21461
5,1645,57575000,57575000,2413,4021,57610000,21475
5,1646,57610000,57610000,2413,4021,57645000,21487
5,1647,57645000,57645000,2413,4021,57680000,21499
5,1648,57680000,57680000,2413,4021,57715000,21512
5,1649,57715000,57715000,2413,4021,57750000,21526
5,165,5775000,5775000,2413,4021,5810000,2162
5,1650,57750000,57750000,2413,4021,57785000,21539
5,1651,57785000,57785000,2413,4021,57820000,21552
5,1652,57820000,57820000,2413,4021,57855000,21566
5,1653,57855000,57855000,2413,4021,57890000,21578
5,1654,57890000,57890000,2413,4021,57925000,21592
5,1655,57925000,57925000,2413,4021,57960000,21605
5,1656,57960000,57960000,2413,4021,57995000,21616
5,1657,57995000,57995000,2413,4021,58030000,21631
5,1658,58030000,58030000,2413,4021,58065000,21643
5,1659,58065000,58065000,2413,4021,58100000,21657
5,166,5810000,5810000,2413,4021,5845000,2174
5,1660,58100000,58100000,2413,4021,58135000,21668
5,1661,58135000,58135000,2413,4021,58170000,21684
5,1662,58170000,58170000,2413,4021,58205000,21697
5,1663,58205000,58205000,2413,4021,58240000,21707
5,1664,58240000,58240000,2413,4021,58275000,21722
5,1665,58275000,58275000,2413,4021,58310000,21735
5,1666,58310000,58310000,2413,4021,58345000,21746
5,1667,58345000,58345000,2413,4021,58380000,21762
5,1668,58380000,58380000,2413,4021,58415000,21775
5,1669,58415000,58415000,2413,4021,58450000,21787
5,167,5845000,5845000,2413,4021,5880000,2188
5,1670,58450000,58450000,2413,4021,58485000,21801
5,1671,58485000,58485000,2413,4021,58520000,21812
5,1672,58520000,58520000,2413,4021,58555000,21825
5,1673,58555000,58555000,2413,4021,58590000,21840
5,1674,58590000,58590000,2413,4021,58625000,21852
5,1675,58625000,58625000,2413,4021,58660000,21866
5,1676,58660000,58660000,2413,4021,58695000,21878
5,1677,58695000,58695000,2413,4021,58730000,21892
5,1678,58730000,58730000,2413,4021,58765000,21904
5,1679,58765000,58765000,2413,4021,58800000,21918
5,168,5880000,5880000,2413,4021,5915000,2200
5,1680,58800000,58800000,2413,4021,58835000,21930
5,1681,58835000,58835000,2413,4021,58870000,21943
5,1682,58870000,58870000,2413,4021,58905000,21957
5,1683,58905000,58905000,2413,4021,58940000,21969
5,1684,58940000,58940000,2413,4021,58975000,21983
5,1685,58975000,58975000,2413,4021,59010000,21997
5,1686,59010000,59010000,2413,4021,59045000,22009
5,1687,59045000,59045000,2413,4021,59080000,22022
5,1688,59080000,59080000,2413,4021,59115000,22034
5,1689,59115000,59115000,2413,4021,59150000,22048
5,169,5915000,5915000,2413,4021,5950000,2214
5,1690,59150000,59150000,2413,4021,59185000,22060
5,1691,59185000,59185000,2413,4021,59220000,22075
5,1692,59220000,59220000,2413,4021,59255000,22088
5,1693,59255000,59255000,2413,4021,59290000,22100
5,1694,59290000,59290000,2413,4021,59325000,22114
5,1695,59325000,59325000,2413,4021,59360000,22126
5,1696,59360000,59360000,2413,4021,59395000,22137
5,1697,59395000,59395000,2413,4021,59430000,22153
5,1698,59430000,59430000,2413,4021,59465000,22166
5,1699,59465000,59465000,2413,4021,59500000,22178
5,17,595000,595000,2413,4021,630000,231
5,170,5950000,5950000,2413,4021,5985000,2226
5,1700,59500000,59500000,2413,4021,59535000,22192
5,1701,59535000,59535000,2413,4021,59570000,22205
5,1702,59570000,59570000,2413,4021,59605000,22218
5,1703,59605000,59605000,2413,4021,59640000,22231
5,1704,59640000,59640000,2413,4021,59675000,22243
5,1705,59675000,59675000,2413,4021,59710000,22257
5,1706,59710000,59710000,2413,4021,59745000,22269
5,1707,59745000,59745000,2413,4021,59780000,22283
5,1708,59780000,59780000,2413,4021,59815000,22295
5,1709,59815000,59815000,2413,4021,59850000,22311
5,171,5985000,5985000,2413,4021,6020000,2240
5,1710,59850000,59850000,2413,4021,59885000,22322
5,1711,59885000,59885000,2413,4021,59920000,22334
5,1712,59920000,59920000,2413,4021,59955000,22349
5,1713,59955000,59955000,2413,4021,59990000,22360
5,1714,59990000,59990000,2413,4021,60025000,22374
5,1715,60025000,60025000,2413,4021,60060000,22388
5,1716,60060000,60060000,2413,4021,60095000,22400
5,1717,60095000,60095000,2413,4021,60130000,22414
5,1718,60130000,60130000,2413,4021,60165000,22427
5,1719,60165000,60165000,2413,4021,60200000,22439
5,172,6020000,6020000,2413,4021,6055000,2253
5,1720,60200000,60200000,2413,4021,60235000,22451
5,1721,60235000,60235000,2413,4021,60270000,22466
5,1722,60270000,60270000,2413,4021,60305000,22479
5,1723,60305000,60305000,2413,4021,60340000,22492
5,1724,60340000,60340000,2413,4021,60375000,22505
5,1725,60375000,60375000,2413,4021,60410000,22519
5,1726,60410000,60410000,2413,4021,60445000,22529
5,1727,60445000,60445000,2413,4021,60480000,22544
5,1728,60480000,60480000,2413,4021,60515000,22557
5,1729,60515000,60515000,2413,4021,60550000,22569
5,173,6055000,6055000,2413,4021,6090000,2267
5,1730,60550000,60550000,2413,4021,60585000,22583
5,1731,60585000,60585000,2413,4021,60620000,22596
5,1732,60620000,60620000,2413,4021,60655000,22609
5,1733,60655000,60655000,2413,4021,60690000,22623
5,1734,60690000,60690000,2413,4021,60725000,22637
5,1735,60725000,60725000,2413,4021,60760000,22648
5,1736,60760000,60760000,2413,4021,60795000,22660
5,1737,60795000,60795000,2413,4021,60830000,22674
5,1738,60830000,60830000,2413,4021,60865000,22686
5,1739,60865000,60865000,2413,4021,60900000,22702
5,174,6090000,6090000,2413,4021,6125000,2280
5,1740,60900000,60900000,2413,4021,60935000,22713
5,1741,60935000,60935000,2413,4021,60970000,22727
5,1742,60970000,60970000,2413,4021,61005000,22741
5,1743,61005000,61005000,2413,4021,61040000,22751
5,1744,61040000,61040000,2413,4021,61075000,22765
5,1745,61075000,61075000,2413,4021,61110000,22780
5,1746,61110000,61110000,2413,4021,61145000,22791
5,1747,61145000,61145000,2413,4021,61180000,22805
5,1748,61180000,61180000,2413,4021,61215000,22818
5,1749,61215000,61215000,2413,4021,61250000,22831
5,175,6125000,6125000,2413,4021,6160000,2291
5,1750,61250000,61250000,2413,4021,61285000,22844
5,1751,61285000,61285000,2413,4021,61320000,22857
5,1752,61320000,61320000,2413,4021,61355000,22870
5,1753,61355000,61355000,2413,4021,61390000,22883
5,1754,61390000,61390000,2413,4021,61425000,22896
5,1755,61425000,61425000,2413,4021,61460000,22910
5,1756,61460000,61460000,2413,4021,61495000,22921
5,1757,61495000,61495000,2413,4021,61530000,22937
5,1758,61530000,61530000,2413,4021,61565000,22949
5,1759,61565000,61565000,2413,4021,61600000,22960
5,176,6160000,6160000,2413,4021,6195000,2304
5,1760,61600000,61600000,2413,4021,61635000,22974
5,1761,61635000,61635000,2413,4021,61670000,22987
5,1762,61670000,61670000,2413,4021,61705000,23000
5,1763,61705000,61705000,2413,4021,61740000,23014
5,1764,61740000,61740000,2413,4021,61775000,23028
5,1765,61775000,61775000,2413,4021,61810000,23040
5,1766,61810000,61810000,2413,4021,61845000,23053
5,1767,61845000,61845000,2413,4021,61880000,23066
5,1768,61880000,61880000,2413,4021,61915000,23077
5,1769,61915000,61915000,2413,4021,61950000,23093
5,177,6195000,6195000,2413,4021,6230000,2318
5,1770,61950000,61950000,2413,4021,61985000,23104
5,1771,61985000,61985000,2413,4021,62020000,23118
5,1772,62020000,62020000,2413,4021,62055000,23132
5,1773,62055000,62055000,2413,4021,62090000,23144
5,1774,62090000,62090000,2413,4021,62125000,23157
5,1775,62125000,62125000,2413,4021,62160000,23171
5,1776,62160000,62160000,2413,4021,62195000,23182
5,1777,62195000,62195000,2413,4021,62230000,23196
5,1778,62230000,62230000,2413,4021,62265000,23210
5,1779,62265000,62265000,2413,4021,62300000,23222
5,178,6230000,6230000,2413,4021,6265000,2330
5,1780,62300000,62300000,2413,4021,62335000,23235
5,1781,62335000,62335000,2413,4021,62370000,23249
5,1782,62370000,62370000,2413,4021,62405000,23263
5,1783,62405000,62405000,2413,4021,62440000,23274
5,1784,62440000,62440000,2413,4021,62475000,23287
5,1785,62475000,62475000,2413,4021,62510000,23301
5,1786,62510000,62510000,2413,4021,62545000,23312
5,1787,62545000,62545000,2413,4021,62580000,23328
5,1788,62580000,62580000,2413,4021,62615000,23340
5,1789,62615000,62615000,2413,4021,62650000,23354
5,179,6265000,6265000,2413,4021,6300000,2345
5,1790,62650000,62650000,2413,4021,62685000,23366
5,1791,62685000,62685000,2413,4021,62720000,23378
5,1792,62720000,62720000,2413,4021,62755000,23391
5,1793,62755000,62755000,2413,4021,62790000,23405
5,1794,62790000,62790000,2413,4021,62825000,23419
5,1795,62825000,62825000,2413,4021,62860000,23431
5,1796,62860000,62860000,2413,4021,62895000,23444
5,1797,62895000,62895000,2413,4021,62930000,23458
5,1798,62930000,62930000,2413,4021,62965000,23470
5,1799,62965000,62965000,2413,4021,63000000,23484
5,18,630000,630000,2413,4021,665000,244
5,180,6300000,6300000,2413,4021,6335000,2358
5,1800,63000000,63000000,2413,4021,63035000,23496
5,1801,63035000,63035000,2413,4021,63070000,23509
5,1802,63070000,63070000,2413,4021,63105000,23523
5,1803,63105000,63105000,2413,4021,63140000,23535
5,1804,63140000,63140000,2413,4021,63175000,23548
5,1805,63175000,63175000,2413,4021,63210000,23564
5,1806,63210000,63210000,2413,4021,63245000,23574
5,1807,63245000,63245000,2413,4021,63280000,23587
5,1808,63280000,63280000,2413,4021,63315000,23601
5,1809,63315000,63315000,2413,4021,63350000,23613
5,181,6335000,6335000,2413,4021,6370000,2370
5,1810,63350000,63350000,2413,4021,63385000,23626
5,1811,63385000,63385000,2413,4021,63420000,23641
5,1812,63420000,63420000,2413,4021,63455000,23654
5,1813,63455000,63455000,2413,4021,63490000,23666
5,1814,63490000,63490000,2413,4021,63525000,23680
5,1815,63525000,63525000,2413,4021,63560000,23692
5,1816,63560000,63560000,2413,4021,63595000,23703
5,1817,63595000,63595000,2413,4021,63630000,23719
5,1818,63630000,63630000,2413,4021,63665000,23731
5,1819,63665000,63665000,2413,4021,63700000,23745
5,182,6370000,6370000,2413,4021,6405000,2385
5,1820,63700000,63700000,2413,4021,63735000,23757
5,1821,63735000,63735000,2413,4021,63770000,23771
5,1822,63770000,63770000,2413,4021,63805000,23784
5,1823,63805000,63805000,2413,4021,63840000,23796
5,1824,63840000,63840000,2413,4021,63875000,23810
5,1825,63875000,63875000,2413,4021,63910000,23822
5,1826,63910000,63910000,2413,4021,63945000,23835
5,1827,63945000,63945000,2413,4021,63980000,23849
5,1828,63980000,63980000,2413,4021,64015000,23861
5,1829,64015000,64015000,2413,4021,64050000,23876
5,183,6405000,6405000,2413,4021,6440000,2396
5,1830,64050000,64050000,2413,4021,64085000,23889
5,1831,64085000,64085000,2413,4021,64120000,23900
5,1832,64120000,64120000,2413,4021,64155000,23914
5,1833,64155000,64155000,2413,4021,64190000,23927
5,1834,64190000,64190000,2413,4021,64225000,23939
5,1835,64225000,64225000,2413,4021,64260000,23955
5,1836,64260000,64260000,2413,4021,64295000,23965
5,1837,64295000,64295000,2413,4021,64330000,23980
5,1838,64330000,64330000,2413,4021,64365000,23993
5,1839,64365000,64365000,2413,4021,64400000,24004
5,184,6440000,6440000,2413,4021,6475000,2408
5,1840,64400000,64400000,2413,4021,64435000,24017
5,1841,64435000,64435000,2413,4021,64470000,24032
5,1842,64470000,64470000,2413,4021,64505000,24045
5,1843,64505000,64505000,2413,4021,64540000,24057
5,1844,64540000,64540000,2413,4021,64575000,24072
5,1845,64575000,64575000,2413,4021,64610000,24084
5,1846,64610000,64610000,2413,4021,64645000,24096
5,1847,64645000,64645000,2413,4021,64680000,24110
5,1848,64680000,64680000,2413,4021,64715000,24122
5,1849,64715000,64715000,2413,4021,64750000,24136
5,185,6475000,6475000,2413,4021,6510000,2424
5,1850,64750000,64750000,2413,4021,64785000,24148
5,1851,64785000,64785000,2413,4021,64820000,24162
5,1852,64820000,64820000,2413,4021,64855000,24175
5,1853,64855000,64855000,2413,4021,64890000,24189
5,1854,64890000,64890000,2413,4021,64925000,24202
5,1855,64925000,64925000,2413,4021,64960000,24214
5,1856,64960000,64960000,2413,4021,64995000,24226
5,1857,64995000,64995000,2413,4021,65030000,24240
5,1858,65030000,65030000,2413,4021,65065000,24252
5,1859,65065000,65065000,2413,4021,65100000,24267
5,186,6510000,6510000,2413,4021,6545000,2434
5,1860,65100000,65100000,2413,4021,65135000,24280
5,1861,65135000,65135000,2413,4021,65170000,24292
5,1862,65170000,65170000,2413,4021,65205000,24307
5,1863,65205000,65205000,2413,4021,65240000,24318
5,1864,65240000,65240000,2413,4021,65275000,24330
5,1865,65275000,65275000,2413,4021,65310000,24346
5,1866,65310000,65310000,2413,4021,65345000,24357
5,1867,65345000,65345000,2413,4021,65380000,24371
5,1868,65380000,65380000,2413,4021,65415000,24384
5,1869,65415000,65415000,2413,4021,65450000,24397
5,187,6545000,6545000,2413,4021,6580000,2449
5,1870,65450000,65450000,2413,4021,65485000,24409
5,1871,65485000,65485000,2413,4021,65520000,24423
5,1872,65520000,65520000,2413,4021,65555000,24436
5,1873,65555000,65555000,2413,4021,65590000,24448
5,1874,65590000,65590000,2413,4021,65625000,24463
5,1875,65625000,65625000,2413,4021,65660000,24475
5,1876,65660000,65660000,2413,4021,65695000,24487
5,1877,65695000,65695000,2413,4021,65730000,24503
5,1878,65730000,65730000,2413,4021,65765000,24515
5,1879,65765000,65765000,2413,4021,65800000,24527
5,188,6580000,6580000,2413,4021,6615000,2462
5,1880,65800000,65800000,2413,4021,65835000,24539
5,1881,65835000,65835000,2413,4021,65870000,24553
5,1882,65870000,65870000,2413,4021,65905000,24566
5,1883,65905000,65905000,2413,4021,65940000,24580
5,1884,65940000,65940000,2413,4021,65975000,24593
5,1885,65975000,65975000,2413,4021,66010000,24607
5,1886,66010000,66010000,2413,4021,66045000,24618
5,1887,66045000,66045000,2413,4021,66080000,24631
5,1888,66080000,66080000,2413,4021,66115000,24644
5,1889,66115000,66115000,2413,4021,66150000,24658
5,189,6615000,6615000,2413,4021,6650000,2475
5,1890,66150000,66150000,2413,4021,66185000,24671
5,1891,66185000,66185000,2413,4021,66220000,24683
5,1892,66220000,66220000,2413,4021,66255000,24698
5,1893,66255000,66255000,2413,4021,66290000,24710
5,1894,66290000,66290000,2413,4021,66325000,24723
5,1895,66325000,66325000,2413,4021,66360000,24737
5,1896,66360000,66360000,2413,4021,66395000,24748
5,1897,66395000,66395000,2413,4021,66430000,24762
5,1898,66430000,66430000,2413,4021,66465000,24775
5,1899,66465000,66465000,2413,4021,66500000,24789
5,19,665000,665000,2413,4021,700000,256
5,190,6650000,6650000,2413,4021,6685000,2487
5,1900,66500000,66500000,2413,4021,66535000,24800
5,1901,66535000,66535000,2413,4021,66570000,24816
5,1902,66570000,66570000,2413,4021,66605000,24828
5,1903,66605000,66605000,2413,4021,66640000,24839
5,1904,66640000,66640000,2413,4021,66675000,24854
5,1905,66675000,66675000,2413,4021,66710000,24866
5,1906,66710000,66710000,2413,4021,66745000,24878
5,1907,66745000,66745000,2413,4021,66780000,24894
5,1908,66780000,66780000,2413,4021,66815000,24906
5,1909,66815000,66815000,2413,4021,66850000,24919
5,191,6685000,6685000,2413,4021,6720000,2501
5,1910,66850000,66850000,2413,4021,66885000,24933
5,1911,66885000,66885000,2413,4021,66920000,24944
5,1912,66920000,66920000,2413,4021,66955000,24957
5,1913,66955000,66955000,2413,4021,66990000,24971
5,1914,66990000,66990000,2413,4021,67025000,24984
5,1915,67025000,67025000,2413,4021,67060000,24998
5,1916,67060000,67060000,2413,4021,67095000,25009
5,1917,67095000,67095000,2413,4021,67130000,25024
5,1918,67130000,67130000,2413,4021,67165000,25036
5,1919,67165000,67165000,2413,4021,67200000,25049
5,192,6720000,6720000,2413,4021,6755000,2514
5,1920,67200000,67200000,2413,4021,67235000,25062
5,1921,67235000,67235000,2413,4021,67270000,25075
5,1922,67270000,67270000,2413,4021,67305000,25089
5,1923,67305000,67305000,2413,4021,67340000,25101
5,1924,67340000,67340000,2413,4021,67375000,25114
5,1925,67375000,67375000,2413,4021,67410000,25129
5,1926,67410000,67410000,2413,4021,67445000,25141
5,1927,67445000,67445000,2413,4021,67480000,25153
5,1928,67480000,67480000,2413,4021,67515000,25166
5,1929,67515000,67515000,2413,4021,67550000,25180
5,193,6755000,6755000,2413,4021,6790000,2526
5,1930,67550000,67550000,2413,4021,67585000,25191
5,1931,67585000,67585000,2413,4021,67620000,25207
5,1932,67620000,67620000,2413,4021,67655000,25220
5,1933,67655000,67655000,2413,4021,67690000,25232
5,1934,67690000,67690000,2413,4021,67725000,25246
5,1935,67725000,67725000,2413,4021,67760000,25257
5,1936,67760000,67760000,2413,4021,67795000,25269
5,1937,67795000,67795000,2413,4021,67830000,25285
5,1938,67830000,67830000,2413,4021,67865000,25297
5,1939,67865000,67865000,2413,4021,67900000,25310
5,194,6790000,6790000,2413,4021,6825000,2541
5,1940,67900000,67900000,2413,4021,67935000,25324
5,1941,67935000,67935000,2413,4021,67970000,25336
5,1942,67970000,67970000,2413,4021,68005000,25350
5,1943,68005000,68005000,2413,4021,68040000,25363
5,1944,68040000,68040000,2413,4021,68075000,25375
5,1945,68075000,68075000,2413,4021,68110000,25389
5,1946,68110000,68110000,2413,4021,68145000,25400
5,1947,68145000,68145000,2413,4021,68180000,25415
5,1948,68180000,68180000,2413,4021,68215000,25427
5,1949,68215000,68215000,2413,4021,68250000,25442
5,195,6825000,6825000,2413,4021,6860000,2553
5,1950,68250000,68250000,2413,4021,68285000,25454
5,1951,68285000,68285000,2413,4021,68320000,25466
5,1952,68320000,68320000,2413,4021,68355000,25480
5,1953,68355000,68355000,2413,4021,68390000,25492
5,1954,68390000,68390000,2413,4021,68425000,25506
5,1955,68425000,68425000,2413,4021,68460000,25520
5,1956,68460000,68460000,2413,4021,68495000,25532
5,1957,68495000,68495000,2413,4021,68530000,25545
5,1958,68530000,68530000,2413,4021,68565000,25559
5,1959,68565000,68565000,2413,4021,68600000,25571
5,196,6860000,6860000,2413,4021,6895000,2565
5,1960,68600000,68600000,2413,4021,68635000,25582
5,1961,68635000,68635000,2413,4021,68670000,25598
5,1962,68670000,68670000,2413,4021,68705000,25611
5,1963,68705000,68705000,2413,4021,68740000,25623
5,1964,68740000,68740000,2413,4021,68775000,25637
5,1965,68775000,68775000,2413,4021,68810000,25651
5,1966,68810000,68810000,2413,4021,68845000,25661
5,1967,68845000,68845000,2413,4021,68880000,25676
5,1968,68880000,68880000,2413,4021,68915000,25688
5,1969,68915000,68915000,2413,4021,68950000,25701
5,197,6895000,6895000,2413,4021,6930000,2580
5,1970,68950000,68950000,2413,4021,68985000,25715
5,1971,68985000,68985000,2413,4021,69020000,25727
5,1972,69020000,69020000,2413,4021,69055000,25741
5,1973,69055000,69055000,2413,4021,69090000,25755
5,1974,69090000,69090000,2413,4021,69125000,25768
5,1975,69125000,69125000,2413,4021,69160000,25780
5,1976,69160000,69160000,2413,4021,69195000,25792
5,1977,69195000,69195000,2413,4021,69230000,25806
5,1978,69230000,69230000,2413,4021,69265000,25818
5,1979,69265000,69265000,2413,4021,69300000,25833
5,198,6930000,6930000,2413,4021,6965000,2593
5,1980,69300000,69300000,2413,4021,69335000,25845
5,1981,69335000,69335000,2413,4021,69370000,25859
5,1982,69370000,69370000,2413,4021,69405000,25872
5,1983,69405000,69405000,2413,4021,69440000,25883
5,1984,69440000,69440000,2413,4021,69475000,25897
5,1985,69475000,69475000,2413,4021,69510000,25911
5,1986,69510000,69510000,2413,4021,69545000,25923
5,1987,69545000,69545000,2413,4021,69580000,25937
5,1988,69580000,69580000,2413,4021,69615000,25950
5,1989,69615000,69615000,2413,4021,69650000,25963
5,199,6965000,6965000,2413,4021,7000000,2605
5,1990,69650000,69650000,2413,4021,69685000,25975
5,1991,69685000,69685000,2413,4021,69720000,25989
5,1992,69720000,69720000,2413,4021,69755000,26002
5,1993,69755000,69755000,2413,4021,69790000,26014
5,1994,69790000,69790000,2413,4021,69825000,26028
5,1995,69825000,69825000,2413,4021,69860000,26042
5,1996,69860000,69860000,2413,4021,69895000,26052
5,1997,69895000,69895000,2413,4021,69930000,26069
5,1998,69930000,69930000,2413,4021,69965000,26081
5,1999,69965000,69965000,2413,4021,70000000,26092
5,2,70000,70000,2413,4021,105000,35
5,20,700000,700000,2413,4021,735000,270
5,200,7000000,7000000,2413,4021,7035000,2617
5,2000,70000000,70000000,2413,4021,70035000,26106
5,2001,70035000,70035000,2413,4021,70070000,26118
5,2002,70070000,70070000,2413,4021,70105000,26132
5,2003,70105000,70105000,2413,4021,70140000,26146
5,2004,70140000,70140000,2413,4021,70175000,26159
5,2005,70175000,70175000,2413,4021,70210000,26172
5,2006,70210000,70210000,2413,4021,70245000,26185
5,2007,70245000,70245000,2413,4021,70280000,26197
5,2008,70280000,70280000,2413,4021,70315000,26209
5,2009,70315000,70315000,2413,4021,70350000,26225
5,201,7035000,7035000,2413,4021,7070000,2631
5,2010,70350000,70350000,2413,4021,70385000,26236
5,2011,70385000,70385000,2413,4021,70420000,26250
5,2012,70420000,70420000,2413,4021,70455000,26263
5,2013,70455000,70455000,2413,4021,70490000,26276
5,2014,70490000,70490000,2413,4021,70525000,26289
5,2015,70525000,70525000,2413,4021,70560000,26302
5,2016,70560000,70560000,2413,4021,70595000,26314
5,2017,70595000,70595000,2413,4021,70630000,26328
5,2018,70630000,70630000,2413,4021,70665000,26341
5,2019,70665000,70665000,2413,4021,70700000,26354
5,202,7070000,7070000,2413,4021,7105000,2644
5,2020,70700000,70700000,2413,4021,70735000,26367
5,2021,70735000,70735000,2413,4021,70770000,26381
5,2022,70770000,70770000,2413,4021,70805000,26395
5,2023,70805000,70805000,2413,4021,70840000,26405
5,2024,70840000,70840000,2413,4021,70875000,26419
5,2025,70875000,70875000,2413,4021,70910000,26433
5,2026,70910000,70910000,2413,4021,70945000,26443
5,2027,70945000,70945000,2413,4021,70980000,26460
5,2028,70980000,70980000,2413,4021,71015000,26472
5,2029,71015000,71015000,2413,4021,71050000,26485
5,203,7105000,7105000,2413,4021,7140000,2658
5,2030,71050000,71050000,2413,4021,71085000,26498
5,2031,71085000,71085000,2413,4021,71120000,26510
5,2032,71120000,71120000,2413,4021,71155000,26523
5,2033,71155000,71155000,2413,4021,71190000,26537
5,2034,71190000,71190000,2413,4021,71225000,26550
5,2035,71225000,71225000,2413,4021,71260000,26563
5,2036,71260000,71260000,2413,4021,71295000,26576
5,2037,71295000,71295000,2413,4021,71330000,26589
5,2038,71330000,71330000,2413,4021,71365000,26602
5,2039,71365000,71365000,2413,4021,71400000,26616
5,204,7140000,7140000,2413,4021,7175000,2671
5,2040,71400000,71400000,2413,4021,71435000,26627
5,2041,71435000,71435000,2413,4021,71470000,26641
5,2042,71470000,71470000,2413,4021,71505000,26655
5,2043,71505000,71505000,2413,4021,71540000,26667
5,2044,71540000,71540000,2413,4021,71575000,26680
5,2045,71575000,71575000,2413,4021,71610000,26695
5,2046,71610000,71610000,2413,4021,71645000,26706
5,2047,71645000,71645000,2413,4021,71680000,26719
5,2048,71680000,71680000,2413,4021,71715000,26732
5,2049,71715000,71715000,2413,4021,71750000,26745
5,205,7175000,7175000,2413,4021,7210000,2685
5,2050,71750000,71750000,2413,4021,71785000,26758
5,2051,71785000,71785000,2413,4021,71820000,26772
5,2052,71820000,71820000,2413,4021,71855000,26786
5,2053,71855000,71855000,2413,4021,71890000,26798
5,2054,71890000,71890000,2413,4021,71925000,26812
5,2055,71925000,71925000,2413,4021,71960000,26824
5,2056,71960000,71960000,2413,4021,71995000,26834
5,2057,71995000,71995000,2413,4021,72030000,26851
5,2058,72030000,72030000,2413,4021,72065000,26863
5,2059,72065000,72065000,2413,4021,72100000,26876
5,206,7210000,7210000,2413,4021,7245000,2696
5,2060,72100000,72100000,2413,4021,72135000,26889
5,2061,72135000,72135000,2413,4021,72170000,26903
5,2062,72170000,72170000,2413,4021,72205000,26915
5,2063,72205000,72205000,2413,4021,72240000,26928
5,2064,72240000,72240000,2413,4021,72275000,26942
5,2065,72275000,72275000,2413,4021,72310000,26954
5,2066,72310000,72310000,2413,4021,72345000,26967
5,2067,72345000,72345000,2413,4021,72380000,26980
5,2068,72380000,72380000,2413,4021,72415000,26993
5,2069,72415000,72415000,2413,4021,72450000,27008
5,207,7245000,7245000,2413,4021,7280000,2709
5,2070,72450000,72450000,2413,4021,72485000,27020
5,2071,72485000,72485000,2413,4021,72520000,27032
5,2072,72520000,72520000,2413,4021,72555000,27046
5,2073,72555000,72555000,2413,4021,72590000,27058
5,2074,72590000,72590000,2413,4021,72625000,27071
5,2075,72625000,72625000,2413,4021,72660000,27087
5,2076,72660000,72660000,2413,4021,72695000,27097
5,2077,72695000,72695000,2413,4021,72730000,27112
5,2078,72730000,72730000,2413,4021,72765000,27124
5,2079,72765000,72765000,2413,4021,72800000,27136
5,208,7280000,7280000,2413,4021,7315000,2721
5,2080,72800000,72800000,2413,4021,72835000,27149
5,2081,72835000,72835000,2413,4021,72870000,27163
5,2082,72870000,72870000,2413,4021,72905000,27177
5,2083,72905000,72905000,2413,4021,72940000,27189
5,2084,72940000,72940000,2413,4021,72975000,27203
5,2085,72975000,72975000,2413,4021,73010000,27216
5,2086,73010000,73010000,2413,4021,73045000,27228
5,2087,73045000,73045000,2413,4021,73080000,27242
5,2088,73080000,73080000,2413,4021,73115000,27254
5,2089,73115000,73115000,2413,4021,73150000,27267
5,209,7315000,7315000,2413,4021,7350000,2736
5,2090,73150000,73150000,2413,4021,73185000,27280
5,2091,73185000,73185000,2413,4021,73220000,27294
5,2092,73220000,73220000,2413,4021,73255000,27306
5,2093,73255000,73255000,2413,4021,73290000,27321
5,2094,73290000,73290000,2413,4021,73325000,27334
5,2095,73325000,73325000,2413,4021,73360000,27345
5,2096,73360000,73360000,2413,4021,73395000,27358
5,2097,73395000,73395000,2413,4021,73430000,27372
5,2098,73430000,73430000,2413,4021,73465000,27384
5,2099,73465000,73465000,2413,4021,73500000,27399
5,21,735000,735000,2413,4021,770000,282
5,210,7350000,7350000,2413,4021,7385000,2749
5,2100,73500000,73500000,2413,4021,73535000,27411
5,2101,73535000,73535000,2413,4021,73570000,27424
5,2102,73570000,73570000,2413,4021,73605000,27439
5,2103,73605000,73605000,2413,4021,73640000,27449
5,2104,73640000,73640000,2413,4021,73675000,27462
5,2105,73675000,73675000,2413,4021,73710000,27478
5,2106,73710000,73710000,2413,4021,73745000,27488
5,2107,73745000,73745000,2413,4021,73780000,27503
5,2108,73780000,73780000,2413,4021,73815000,27516
5,2109,73815000,73815000,2413,4021,73850000,27529
5,211,7385000,7385000,2413,4021,7420000,2761
5,2110,73850000,73850000,2413,4021,73885000,27541
5,2111,73885000,73885000,2413,4021,73920000,27554
5,2112,73920000,73920000,2413,4021,73955000,27568
5,2113,73955000,73955000,2413,4021,73990000,27580
5,2114,73990000,73990000,2413,4021,74025000,27594
5,2115,74025000,74025000,2413,4021,74060000,27607
5,2116,74060000,74060000,2413,4021,74095000,27619
5,2117,74095000,74095000,2413,4021,74130000,27634
5,2118,74130000,74130000,2413,4021,74165000,27647
5,2119,74165000,74165000,2413,4021,74200000,27659
5,212,7420000,7420000,2413,4021,7455000,2776
5,2120,74200000,74200000,2413,4021,74235000,27671
5,2121,74235000,74235000,2413,4021,74270000,27685
5,2122,74270000,74270000,2413,4021,74305000,27697
5,2123,74305000,74305000,2413,4021,74340000,27712
5,2124,74340000,74340000,2413,4021,74375000,27725
5,2125,74375000,74375000,2413,4021,74410000,27738
5,2126,74410000,74410000,2413,4021,74445000,27750
5,2127,74445000,74445000,2413,4021,74480000,27763
5,2128,74480000,74480000,2413,4021,74515000,27775
5,2129,74515000,74515000,2413,4021,74550000,27790
5,213,7455000,7455000,2413,4021,7490000,2788
5,2130,74550000,74550000,2413,4021,74585000,27803
5,2131,74585000,74585000,2413,4021,74620000,27815
5,2132,74620000,74620000,2413,4021,74655000,27830
5,2133,74655000,74655000,2413,4021,74690000,27841
5,2134,74690000,74690000,2413,4021,74725000,27855
5,2135,74725000,74725000,2413,4021,74760000,27869
5,2136,74760000,74760000,2413,4021,74795000,27879
5,2137,74795000,74795000,2413,4021,74830000,27894
5,2138,74830000,74830000,2413,4021,74865000,27907
5,2139,74865000,74865000,2413,4021,74900000,27920
5,214,7490000,7490000,2413,4021,7525000,2801
5,2140,74900000,74900000,2413,4021,74935000,27932
5,2141,74935000,74935000,2413,4021,74970000,27948
5,2142,74970000,74970000,2413,4021,75005000,27960
5,2143,75005000,75005000,2413,4021,75040000,27971
5,2144,75040000,75040000,2413,4021,75075000,27985
5,2145,75075000,75075000,2413,4021,75110000,27998
5,2146,75110000,75110000,2413,4021,75145000,28010
5,2147,75145000,75145000,2413,4021,75180000,28025
5,2148,75180000,75180000,2413,4021,75215000,28038
5,2149,75215000,75215000,2413,4021,75250000,28051
5,215,7525000,7525000,2413,4021,7560000,2815
5,2150,75250000,75250000,2413,4021,75285000,28064
5,2151,75285000,75285000,2413,4021,75320000,28076
5,2152,75320000,75320000,2413,4021,75355000,28089
5,2153,75355000,75355000,2413,4021,75390000,28103
5,2154,75390000,75390000,2413,4021,75425000,28116
5,2155,75425000,75425000,2413,4021,75460000,28129
5,2156,75460000,75460000,2413,4021,75495000,28141
5,2157,75495000,75495000,2413,4021,75530000,28156
5,2158,75530000,75530000,2413,4021,75565000,28167
5,2159,75565000,75565000,2413,4021,75600000,28181
5,216,7560000,7560000,2413,4021,7595000,2826
5,2160,75600000,75600000,2413,4021,75635000,28194
5,2161,75635000,75635000,2413,4021,75670000,28206
5,2162,75670000,75670000,2413,4021,75705000,28221
5,2163,75705000,75705000,2413,4021,75740000,28233
5,2164,75740000,75740000,2413,4021,75775000,28246
5,2165,75775000,75775000,2413,4021,75810000,28261
5,2166,75810000,75810000,2413,4021,75845000,28272
5,2167,75845000,75845000,2413,4021,75880000,28285
5,2168,75880000,75880000,2413,4021,75915000,28298
5,2169,75915000,75915000,2413,4021,75950000,28311
5,217,7595000,7595000,2413,4021,7630000,2840
5,2170,75950000,75950000,2413,4021,75985000,28323
5,2171,75985000,75985000,2413,4021,76020000,28339
5,2172,76020000,76020000,2413,4021,76055000,28351
5,2173,76055000,76055000,2413,4021,76090000,28364
5,2174,76090000,76090000,2413,4021,76125000,28378
5,2175,76125000,76125000,2413,4021,76160000,28389
5,2176,76160000,76160000,2413,4021,76195000,28401
5,2177,76195000,76195000,2413,4021,76230000,28416
5,2178,76230000,76230000,2413,4021,76265000,28429
5,2179,76265000,76265000,2413,4021,76300000,28442
5,218,7630000,7630000,2413,4021,7665000,2853
5,2180,76300000,76300000,2413,4021,76335000,28455
5,2181,76335000,76335000,2413,4021,76370000,28468
5,2182,76370000,76370000,2413,4021,76405000,28482
5,2183,76405000,76405000,2413,4021,76440000,28494
5,2184,76440000,76440000,2413,4021,76475000,28507
5,2185,76475000,76475000,2413,4021,76510000,28521
5,2186,76510000,76510000,2413,4021,76545000,28532
5,2187,76545000,76545000,2413,4021,76580000,28547
5,2188,76580000,76580000,2413,4021,76615000,28558
5,2189,76615000,76615000,2413,4021,76650000,28574
5,219,7665000,7665000,2413,4021,7700000,2866
5,2190,76650000,76650000,2413,4021,76685000,28586
5,2191,76685000,76685000,2413,4021,76720000,28597
5,2192,76720000,76720000,2413,4021,76755000,28612
5,2193,76755000,76755000,2413,4021,76790000,28624
5,2194,76790000,76790000,2413,4021,76825000,28637
5,2195,76825000,76825000,2413,4021,76860000,28652
5,2196,76860000,76860000,2413,4021,76895000,28664
5,2197,76895000,76895000,2413,4021,76930000,28677
5,2198,76930000,76930000,2413,4021,76965000,28691
5,2199,76965000,76965000,2413,4021,77000000,28702
5,22,770000,770000,2413,4021,805000,296
5,220,7700000,7700000,2413,4021,7735000,2878
5,2200,77000000,77000000,2413,4021,77035000,28714
5,2201,77035000,77035000,2413,4021,77070000,28730
5,2202,77070000,77070000,2413,4021,77105000,28742
5,2203,77105000,77105000,2413,4021,77140000,28755
5,2204,77140000,77140000,2413,4021,77175000,28769
5,2205,77175000,77175000,2413,4021,77210000,28782
5,2206,77210000,77210000,2413,4021,77245000,28793
5,2207,77245000,77245000,2413,4021,77280000,28808
5,2208,77280000,77280000,2413,4021,77315000,28820
5,2209,77315000,77315000,2413,4021,77350000,28833
5,221,7735000,7735000,2413,4021,7770000,2894
5,2210,77350000,77350000,2413,4021,77385000,28846
5,2211,77385000,77385000,2413,4021,77420000,28859
5,2212,77420000,77420000,2413,4021,77455000,28873
5,2213,77455000,77455000,2413,4021,77490000,28886
5,2214,77490000,77490000,2413,4021,77525000,28900
5,2215,77525000,77525000,2413,4021,77560000,28912
5,2216,77560000,77560000,2413,4021,77595000,28923
5,2217,77595000,77595000,2413,4021,77630000,28938
5,2218,77630000,77630000,2413,4021,77665000,28950
5,2219,77665000,77665000,2413,4021,77700000,28965
5,222,7770000,7770000,2413,4021,7805000,2906
5,2220,77700000,77700000,2413,4021,77735000,28977
5,2221,77735000,77735000,2413,4021,77770000,28990
5,2222,77770000,77770000,2413,4021,77805000,29004
5,2223,77805000,77805000,2413,4021,77840000,29015
5,2224,77840000,77840000,2413,4021,77875000,29028
5,2225,77875000,77875000,2413,4021,77910000,29043
5,2226,77910000,77910000,2413,4021,77945000,29055
5,2227,77945000,77945000,2413,4021,77980000,29068
5,2228,77980000,77980000,2413,4021,78015000,29082
5,2229,78015000,78015000,2413,4021,78050000,29095
5,223,7805000,7805000,2413,4021,7840000,2917
5,2230,78050000,78050000,2413,4021,78085000,29107
5,2231,78085000,78085000,2413,4021,78120000,29121
5,2232,78120000,78120000,2413,4021,78155000,29133
5,2233,78155000,78155000,2413,4021,78190000,29146
5,2234,78190000,78190000,2413,4021,78225000,29160
5,2235,78225000,78225000,2413,4021,78260000,29173
5,2236,78260000,78260000,2413,4021,78295000,29184
5,2237,78295000,78295000,2413,4021,78330000,29201
5,2238,78330000,78330000,2413,4021,78365000,29212
5,2239,78365000,78365000,2413,4021,78400000,29224
5,224,7840000,7840000,2413,4021,7875000,2932
5,2240,78400000,78400000,2413,4021,78435000,29238
5,2241,78435000,78435000,2413,4021,78470000,29250
5,2242,78470000,78470000,2413,4021,78505000,29264
5,2243,78505000,78505000,2413,4021,78540000,29277
5,2244,78540000,78540000,2413,4021,78575000,29291
5,2245,78575000,78575000,2413,4021,78610000,29304
5,2246,78610000,78610000,2413,4021,78645000,29316
5,2247,78645000,78645000,2413,4021,78680000,29329
5,2248,78680000,78680000,2413,4021,78715000,29341
5,2249,78715000,78715000,2413,4021,78750000,29356
5,225,7875000,7875000,2413,4021,7910000,2944
5,2250,78750000,78750000,2413,4021,78785000,29368
5,2251,78785000,78785000,2413,4021,78820000,29382
5,2252,78820000,78820000,2413,4021,78855000,29395
5,2253,78855000,78855000,2413,4021,78890000,29408
5,2254,78890000,78890000,2413,4021,78925000,29420
5,2255,78925000,78925000,2413,4021,78960000,29434
5,2256,78960000,78960000,2413,4021,78995000,29446
5,2257,78995000,78995000,2413,4021,79030000,29459
5,2258,79030000,79030000,2413,4021,79065000,29473
5,2259,79065000,79065000,2413,4021,79100000,29486
5,226,7910000,7910000,2413,4021,7945000,2956
5,2260,79100000,79100000,2413,4021,79135000,29498
5,2261,79135000,79135000,2413,4021,79170000,29513
5,2262,79170000,79170000,2413,4021,79205000,29527
5,2263,79205000,79205000,2413,4021,79240000,29537
5,2264,79240000,79240000,2413,4021,79275000,29551
5,2265,79275000,79275000,2413,4021,79310000,29564
5,2266,79310000,79310000,2413,4021,79345000,29575
5,2267,79345000,79345000,2413,4021,79380000,29592
5,2268,79380000,79380000,2413,4021,79415000,29603
5,2269,79415000,79415000,2413,4021,79450000,29617
5,227,7945000,7945000,2413,4021,7980000,2972
5,2270,79450000,79450000,2413,4021,79485000,29630
5,2271,79485000,79485000,2413,4021,79520000,29641
5,2272,79520000,79520000,2413,4021,79555000,29655
5,2273,79555000,79555000,2413,4021,79590000,29669
5,2274,79590000,79590000,2413,4021,79625000,29682
5,2275,79625000,79625000,2413,4021,79660000,29695
5,2276,79660000,79660000,2413,4021,79695000,29707
5,2277,79695000,79695000,2413,4021,79730000,29721
5,2278,79730000,79730000,2413,4021,79765000,29734
5,2279,79765000,79765000,2413,4021,79800000,29747
5,228,7980000,7980000,2413,4021,8015000,2984
5,2280,79800000,79800000,2413,4021,79835000,29759
5,2281,79835000,79835000,2413,4021,79870000,29773
5,2282,79870000,79870000,2413,4021,79905000,29786
5,2283,79905000,79905000,2413,4021,79940000,29799
5,2284,79940000,79940000,2413,4021,79975000,29812
5,2285,79975000,79975000,2413,4021,80010000,29827
5,2286,80010000,80010000,2413,4021,80045000,29838
5,2287,80045000,80045000,2413,4021,80080000,29850
5,2288,80080000,80080000,2413,4021,80115000,29864
5,2289,80115000,80115000,2413,4021,80150000,29877
5,229,8015000,8015000,2413,4021,8050000,2997
5,2290,80150000,80150000,2413,4021,80185000,29889
5,2291,80185000,80185000,2413,4021,80220000,29904
5,2292,80220000,80220000,2413,4021,80255000,29918
5,2293,80255000,80255000,2413,4021,80290000,29929
5,2294,80290000,80290000,2413,4021,80325000,29944
5,2295,80325000,80325000,2413,4021,80360000,29956
5,2296,80360000,80360000,2413,4021,80395000,29966
5,2297,80395000,80395000,2413,4021,80430000,29983
5,2298,80430000,80430000,2413,4021,80465000,29994
5,2299,80465000,80465000,2413,4021,80500000,30008
5,23,805000,805000,2413,4021,840000,309
5,230,8050000,8050000,2413,4021,8085000,3010
5,2300,80500000,80500000,2413,4021,80535000,30021
5,2301,80535000,80535000,2413,4021,80570000,30034
5,2302,80570000,80570000,2413,4021,80605000,30047
5,2303,80605000,80605000,2413,4021,80640000,30060
5,2304,80640000,80640000,2413,4021,80675000,30073
5,2305,80675000,80675000,2413,4021,80710000,30086
5,2306,80710000,80710000,2413,4021,80745000,30099
5,2307,80745000,80745000,2413,4021,80780000,30112
5,2308,80780000,80780000,2413,4021,80815000,30125
5,2309,80815000,80815000,2413,4021,80850000,30139
5,231,8085000,8085000,2413,4021,8120000,3022
5,2310,80850000,80850000,2413,4021,80885000,30152
5,2311,80885000,80885000,2413,4021,80920000,30164
5,2312,80920000,80920000,2413,4021,80955000,30177
5,2313,80955000,80955000,2413,4021,80990000,30190
5,2314,80990000,80990000,2413,4021,81025000,30203
5,2315,81025000,81025000,2413,4021,81060000,30218
5,2316,81060000,81060000,2413,4021,81095000,30229
5,2317,81095000,81095000,2413,4021,81130000,30244
5,2318,81130000,81130000,2413,4021,81165000,30256
5,2319,81165000,81165000,2413,4021,81200000,30268
5,232,8120000,8120000,2413,4021,8155000,3035
5,2320,81200000,81200000,2413,4021,81235000,30280
5,2321,81235000,81235000,2413,4021,81270000,30295
5,2322,81270000,81270000,2413,4021,81305000,30309
5,2323,81305000,81305000,2413,4021,81340000,30320
5,2324,81340000,81340000,2413,4021,81375000,30335
5,2325,81375000,81375000,2413,4021,81410000,30348
5,2326,81410000,81410000,2413,4021,81445000,30359
5,2327,81445000,81445000,2413,4021,81480000,30374
5,2328,81480000,81480000,2413,4021,81515000,30386
5,2329,81515000,81515000,2413,4021,81550000,30399
5,233,8155000,8155000,2413,4021,8190000,3049
5,2330,81550000,81550000,2413,4021,81585000,30412
5,2331,81585000,81585000,2413,4021,81620000,30425
5,2332,81620000,81620000,2413,4021,81655000,30438
5,2333,81655000,81655000,2413,4021,81690000,30453
5,2334,81690000,81690000,2413,4021,81725000,30465
5,2335,81725000,81725000,2413,4021,81760000,30477
5,2336,81760000,81760000,2413,4021,81795000,30490
5,2337,81795000,81795000,2413,4021,81830000,30503
5,2338,81830000,81830000,2413,4021,81865000,30516
5,2339,81865000,81865000,2413,4021,81900000,30531
5,234,8190000,8190000,2413,4021,8225000,3062
5,2340,81900000,81900000,2413,4021,81935000,30543
5,2341,81935000,81935000,2413,4021,81970000,30556
5,2342,81970000,81970000,2413,4021,82005000,30570
5,2343,82005000,82005000,2413,4021,82040000,30581
5,2344,82040000,82040000,2413,4021,82075000,30594
5,2345,82075000,82075000,2413,4021,82110000,30609
5,2346,82110000,82110000,2413,4021,82145000,30620
5,2347,82145000,82145000,2413,4021,82180000,30635
5,2348,82180000,82180000,2413,4021,82215000,30647
5,2349,82215000,82215000,2413,4021,82250000,30661
5,235,8225000,8225000,2413,4021,8260000,3076
5,2350,82250000,82250000,2413,4021,82285000,30673
5,2351,82285000,82285000,2413,4021,82320000,30686
5,2352,82320000,82320000,2413,4021,82355000,30700
5,2353,82355000,82355000,2413,4021,82390000,30711
5,2354,82390000,82390000,2413,4021,82425000,30726
5,2355,82425000,82425000,2413,4021,82460000,30739
5,2356,82460000,82460000,2413,4021,82495000,30750
5,2357,82495000,82495000,2413,4021,82530000,30766
5,2358,82530000,82530000,2413,4021,82565000,30779
5,2359,82565000,82565000,2413,4021,82600000,30790
5,236,8260000,8260000,2413,4021,8295000,3087
5,2360,82600000,82600000,2413,4021,82635000,30803
5,2361,82635000,82635000,2413,4021,82670000,30817
5,2362,82670000,82670000,2413,4021,82705000,30829
5,2363,82705000,82705000,2413,4021,82740000,30844
5,2364,82740000,82740000,2413,4021,82775000,30856
5,2365,82775000,82775000,2413,4021,82810000,30870
5,2366,82810000,82810000,2413,4021,82845000,30882
5,2367,82845000,82845000,2413,4021,82880000,30894
5,2368,82880000,82880000,2413,4021,82915000,30907
5,2369,82915000,82915000,2413,4021,82950000,30922
5,237,8295000,8295000,2413,4021,8330000,3102
5,2370,82950000,82950000,2413,4021,82985000,30934
5,2371,82985000,82985000,2413,4021,83020000,30947
5,2372,83020000,83020000,2413,4021,83055000,30962
5,2373,83055000,83055000,2413,4021,83090000,30973
5,2374,83090000,83090000,2413,4021,83125000,30987
5,2375,83125000,83125000,2413,4021,83160000,31000
5,2376,83160000,83160000,2413,4021,83195000,31011
5,2377,83195000,83195000,2413,4021,83230000,31026
5,2378,83230000,83230000,2413,4021,83265000,31038
5,2379,83265000,83265000,2413,4021,83300000,31052
5,238,8330000,8330000,2413,4021,8365000,3114
5,2380,83300000,83300000,2413,4021,83335000,31064
5,2381,83335000,83335000,2413,4021,83370000,31079
5,2382,83370000,83370000,2413,4021,83405000,31092
5,2383,83405000,83405000,2413,4021,83440000,31103
5,2384,83440000,83440000,2413,4021,83475000,31117
5,2385,83475000,83475000,2413,4021,83510000,31130
5,2386,83510000,83510000,2413,4021,83545000,31141
5,2387,83545000,83545000,2413,4021,83580000,31157
5,2388,83580000,83580000,2413,4021,83615000,31170
5,2389,83615000,83615000,2413,4021,83650000,31182
5,239,8365000,8365000,2413,4021,8400000,3127
5,2390,83650000,83650000,2413,4021,83685000,31196
5,2391,83685000,83685000,2413,4021,83720000,31208
5,2392,83720000,83720000,2413,4021,83755000,31220
5,2393,83755000,83755000,2413,4021,83790000,31235
5,2394,83790000,83790000,2413,4021,83825000,31248
5,2395,83825000,83825000,2413,4021,83860000,31261
5,2396,83860000,83860000,2413,4021,83895000,31273
5,2397,83895000,83895000,2413,4021,83930000,31287
5,2398,83930000,83930000,2413,4021,83965000,31299
5,2399,83965000,83965000,2413,4021,84000000,31313
5,24,840000,840000,2413,4021,875000,321
5,240,8400000,8400000,2413,4021,8435000,3140
5,2400,84000000,84000000,2413,4021,84035000,31325
5,2401,84035000,84035000,2413,4021,84070000,31338
5,2402,84070000,84070000,2413,4021,84105000,31353
5,2403,84105000,84105000,2413,4021,84140000,31364
5,2404,84140000,84140000,2413,4021,84175000,31378
5,2405,84175000,84175000,2413,4021,84210000,31393
5,2406,84210000,84210000,2413,4021,84245000,31404
5,2407,84245000,84245000,2413,4021,84280000,31417
5,2408,84280000,84280000,2413,4021,84315000,31429
5,2409,84315000,84315000,2413,4021,84350000,31443
5,241,8435000,8435000,2413,4021,8470000,3152
5,2410,84350000,84350000,2413,4021,84385000,31455
5,2411,84385000,84385000,2413,4021,84420000,31470
5,2412,84420000,84420000,2413,4021,84455000,31483
5,2413,84455000,84455000,2413,4021,84490000,31496
5,2414,84490000,84490000,2413,4021,84525000,31509
5,2415,84525000,84525000,2413,4021,84560000,31521
5,2416,84560000,84560000,2413,4021,84595000,31533
5,2417,84595000,84595000,2413,4021,84630000,31548
5,2418,84630000,84630000,2413,4021,84665000,31561
5,2419,84665000,84665000,2413,4021,84700000,31573
5,242,8470000,8470000,2413,4021,8505000,3167
5,2420,84700000,84700000,2413,4021,84735000,31587
5,2421,84735000,84735000,2413,4021,84770000,31600
5,2422,84770000,84770000,2413,4021,84805000,31613
5,2423,84805000,84805000,2413,4021,84840000,31626
5,2424,84840000,84840000,2413,4021,84875000,31639
5,2425,84875000,84875000,2413,4021,84910000,31652
5,2426,84910000,84910000,2413,4021,84945000,31664
5,2427,84945000,84945000,2413,4021,84980000,31679
5,2428,84980000,84980000,2413,4021,85015000,31690
5,2429,85015000,85015000,2413,4021,85050000,31706
5,243,8505000,8505000,2413,4021,8540000,3179
5,2430,85050000,85050000,2413,4021,85085000,31717
5,2431,85085000,85085000,2413,4021,85120000,31729
5,2432,85120000,85120000,2413,4021,85155000,31744
5,2433,85155000,85155000,2413,4021,85190000,31755
5,2434,85190000,85190000,2413,4021,85225000,31769
5,2435,85225000,85225000,2413,4021,85260000,31784
5,2436,85260000,85260000,2413,4021,85295000,31795
5,2437,85295000,85295000,2413,4021,85330000,31809
5,2438,85330000,85330000,2413,4021,85365000,31823
5,2439,85365000,85365000,2413,4021,85400000,31834
5,244,8540000,8540000,2413,4021,8575000,3192
5,2440,85400000,85400000,2413,4021,85435000,31846
5,2441,85435000,85435000,2413,4021,85470000,31861
5,2442,85470000,85470000,2413,4021,85505000,31874
5,2443,85505000,85505000,2413,4021,85540000,31887
5,2444,85540000,85540000,2413,4021,85575000,31900
5,2445,85575000,85575000,2413,4021,85610000,31914
5,2446,85610000,85610000,2413,4021,85645000,31925
5,2447,85645000,85645000,2413,4021,85680000,31939
5,2448,85680000,85680000,2413,4021,85715000,31952
5,2449,85715000,85715000,2413,4021,85750000,31965
5,245,8575000,8575000,2413,4021,8610000,3207
5,2450,85750000,85750000,2413,4021,85785000,31978
5,2451,85785000,85785000,2413,4021,85820000,31991
5,2452,85820000,85820000,2413,4021,85855000,32004
5,2453,85855000,85855000,2413,4021,85890000,32018
5,2454,85890000,85890000,2413,4021,85925000,32032
5,2455,85925000,85925000,2413,4021,85960000,32043
5,2456,85960000,85960000,2413,4021,85995000,32055
5,2457,85995000,85995000,2413,4021,86030000,32070
5,2458,86030000,86030000,2413,4021,86065000,32081
5,2459,86065000,86065000,2413,4021,86100000,32097
5,246,8610000,8610000,2413,4021,8645000,3219
5,2460,86100000,86100000,2413,4021,86135000,32109
5,2461,86135000,86135000,2413,4021,86170000,32122
5,2462,86170000,86170000,2413,4021,86205000,32136
5,2463,86205000,86205000,2413,4021,86240000,32146
5,2464,86240000,86240000,2413,4021,86275000,32160
5,2465,86275000,86275000,2413,4021,86310000,32175
5,2466,86310000,86310000,2413,4021,86345000,32186
5,2467,86345000,86345000,2413,4021,86380000,32200
5,2468,86380000,86380000,2413,4021,86415000,32214
5,2469,86415000,86415000,2413,4021,86450000,32226
5,247,8645000,8645000,2413,4021,8680000,3231
5,2470,86450000,86450000,2413,4021,86485000,32239
5,2471,86485000,86485000,2413,4021,86520000,32253
5,2472,86520000,86520000,2413,4021,86555000,32265
5,2473,86555000,86555000,2413,4021,86590000,32278
5,2474,86590000,86590000,2413,4021,86625000,32291
5,2475,86625000,86625000,2413,4021,86660000,32305
5,2476,86660000,86660000,2413,4021,86695000,32316
5,2477,86695000,86695000,2413,4021,86730000,32332
5,2478,86730000,86730000,2413,4021,86765000,32344
5,2479,86765000,86765000,2413,4021,86800000,32356
5,248,8680000,8680000,2413,4021,8715000,3244
5,2480,86800000,86800000,2413,4021,86835000,32369
5,2481,86835000,86835000,2413,4021,86870000,32382
5,2482,86870000,86870000,2413,4021,86905000,32396
5,2483,86905000,86905000,2413,4021,86940000,32409
5,2484,86940000,86940000,2413,4021,86975000,32423
5,2485,86975000,86975000,2413,4021,87010000,32435
5,2486,87010000,87010000,2413,4021,87045000,32448
5,2487,87045000,87045000,2413,4021,87080000,32461
5,2488,87080000,87080000,2413,4021,87115000,32472
5,2489,87115000,87115000,2413,4021,87150000,32488
5,249,8715000,8715000,2413,4021,8750000,3258
5,2490,87150000,87150000,2413,4021,87185000,32500
5,2491,87185000,87185000,2413,4021,87220000,32513
5,2492,87220000,87220000,2413,4021,87255000,32527
5,2493,87255000,87255000,2413,4021,87290000,32540
5,2494,87290000,87290000,2413,4021,87325000,32552
5,2495,87325000,87325000,2413,4021,87360000,32566
5,2496,87360000,87360000,2413,4021,87395000,32577
5,2497,87395000,87395000,2413,4021,87430000,32591
5,2498,87430000,87430000,2413,4021,87465000,32605
5,2499,87465000,87465000,2413,4021,87500000,32617
5,25,875000,875000,2413,4021,910000,335
5,250,8750000,8750000,2413,4021,8785000,3269
5,2500,87500000,87500000,2413,4021,87535000,32630
5,2501,87535000,87535000,2413,4021,87570000,32645
5,2502,87570000,87570000,2413,4021,87605000,32658
5,2503,87605000,87605000,2413,4021,87640000,32669
5,2504,87640000,87640000,2413,4021,87675000,32683
5,2505,87675000,87675000,2413,4021,87710000,32696
5,2506,87710000,87710000,2413,4021,87745000,32707
5,2507,87745000,87745000,2413,4021,87780000,32723
5,2508,87780000,87780000,2413,4021,87815000,32735
5,2509,87815000,87815000,2413,4021,87850000,32749
5,251,8785000,8785000,2413,4021,8820000,3285
5,2510,87850000,87850000,2413,4021,87885000,32761
5,2511,87885000,87885000,2413,4021,87920000,32773
5,2512,87920000,87920000,2413,4021,87955000,32787
5,2513,87955000,87955000,2413,4021,87990000,32800
5,2514,87990000,87990000,2413,4021,88025000,32814
5,2515,88025000,88025000,2413,4021,88060000,32827
5,2516,88060000,88060000,2413,4021,88095000,32839
5,2517,88095000,88095000,2413,4021,88130000,32853
5,2518,88130000,88130000,2413,4021,88165000,32865
5,2519,88165000,88165000,2413,4021,88200000,32879
5,252,8820000,8820000,2413,4021,8855000,3297
5,2520,88200000,88200000,2413,4021,88235000,32891
5,2521,88235000,88235000,2413,4021,88270000,32904
5,2522,88270000,88270000,2413,4021,88305000,32918
5,2523,88305000,88305000,2413,4021,88340000,32931
5,2524,88340000,88340000,2413,4021,88375000,32943
5,2525,88375000,88375000,2413,4021,88410000,32959
5,2526,88410000,88410000,2413,4021,88445000,32970
5,2527,88445000,88445000,2413,4021,88480000,32982
5,2528,88480000,88480000,2413,4021,88515000,32996
5,2529,88515000,88515000,2413,4021,88550000,33008
5,253,8855000,8855000,2413,4021,8890000,3310
5,2530,88550000,88550000,2413,4021,88585000,33021
5,2531,88585000,88585000,2413,4021,88620000,33036
5,2532,88620000,88620000,2413,4021,88655000,33049
5,2533,88655000,88655000,2413,4021,88690000,33061
5,2534,88690000,88690000,2413,4021,88725000,33076
5,2535,88725000,88725000,2413,4021,88760000,33087
5,2536,88760000,88760000,2413,4021,88795000,33098
5,2537,88795000,88795000,2413,4021,88830000,33115
5,2538,88830000,88830000,2413,4021,88865000,33126
5,2539,88865000,88865000,2413,4021,88900000,33140
5,254,8890000,8890000,2413,4021,8925000,3324
5,2540,88900000,88900000,2413,4021,88935000,33152
5,2541,88935000,88935000,2413,4021,88970000,33166
5,2542,88970000,88970000,2413,4021,89005000,33179
5,2543,89005000,89005000,2413,4021,89040000,33191
5,2544,89040000,89040000,2413,4021,89075000,33205
5,2545,89075000,89075000,2413,4021,89110000,33218
5,2546,89110000,89110000,2413,4021,89145000,33230
5,2547,89145000,89145000,2413,4021,89180000,33244
5,2548,89180000,89180000,2413,4021,89215000,33257
5,2549,89215000,89215000,2413,4021,89250000,33271
5,255,8925000,8925000,2413,4021,8960000,3335
5,2550,89250000,89250000,2413,4021,89285000,33284
5,2551,89285000,89285000,2413,4021,89320000,33295
5,2552,89320000,89320000,2413,4021,89355000,33309
5,2553,89355000,89355000,2413,4021,89390000,33322
5,2554,89390000,89390000,2413,4021,89425000,33334
5,2555,89425000,89425000,2413,4021,89460000,33350
5,2556,89460000,89460000,2413,4021,89495000,33361
5,2557,89495000,89495000,2413,4021,89530000,33375
5,2558,89530000,89530000,2413,4021,89565000,33388
5,2559,89565000,89565000,2413,4021,89600000,33400
5,256,8960000,8960000,2413,4021,8995000,3347
5,2560,89600000,89600000,2413,4021,89635000,33412
5,2561,89635000,89635000,2413,4021,89670000,33427
5,2562,89670000,89670000,2413,4021,89705000,33440
5,2563,89705000,89705000,2413,4021,89740000,33452
5,2564,89740000,89740000,2413,4021,89775000,33467
5,2565,89775000,89775000,2413,4021,89810000,33479
5,2566,89810000,89810000,2413,4021,89845000,33491
5,2567,89845000,89845000,2413,4021,89880000,33506
5,2568,89880000,89880000,2413,4021,89915000,33517
5,2569,89915000,89915000,2413,4021,89950000,33531
5,257,8995000,8995000,2413,4021,9030000,3363
5,2570,89950000,89950000,2413,4021,89985000,33544
5,2571,89985000,89985000,2413,4021,90020000,33557
5,2572,90020000,90020000,2413,4021,90055000,33570
5,2573,90055000,90055000,2413,4021,90090000,33584
5,2574,90090000,90090000,2413,4021,90125000,33597
5,2575,90125000,90125000,2413,4021,90160000,33609
5,2576,90160000,90160000,2413,4021,90195000,33621
5,2577,90195000,90195000,2413,4021,90230000,33635
5,2578,90230000,90230000,2413,4021,90265000,33648
5,2579,90265000,90265000,2413,4021,90300000,33662
5,258,9030000,9030000,2413,4021,9065000,3375
5,2580,90300000,90300000,2413,4021,90335000,33675
5,2581,90335000,90335000,2413,4021,90370000,33688
5,2582,90370000,90370000,2413,4021,90405000,33702
5,2583,90405000,90405000,2413,4021,90440000,33713
5,2584,90440000,90440000,2413,4021,90475000,33725
5,2585,90475000,90475000,2413,4021,90510000,33741
5,2586,90510000,90510000,2413,4021,90545000,33752
5,2587,90545000,90545000,2413,4021,90580000,33766
5,2588,90580000,90580000,2413,4021,90615000,33779
5,2589,90615000,90615000,2413,4021,90650000,33793
5,259,9065000,9065000,2413,4021,9100000,3388
5,2590,90650000,90650000,2413,4021,90685000,33804
5,2591,90685000,90685000,2413,4021,90720000,33818
5,2592,90720000,90720000,2413,4021,90755000,33832
5,2593,90755000,90755000,2413,4021,90790000,33843
5,2594,90790000,90790000,2413,4021,90825000,33858
5,2595,90825000,90825000,2413,4021,90860000,33870
5,2596,90860000,90860000,2413,4021,90895000,33882
5,2597,90895000,90895000,2413,4021,90930000,33898
5,2598,90930000,90930000,2413,4021,90965000,33910
5,2599,90965000,90965000,2413,4021,91000000,33922
5,26,910000,910000,2413,4021,945000,347
5,260,9100000,9100000,2413,4021,9135000,3402
5,2600,91000000,91000000,2413,4021,91035000,33935
5,2601,91035000,91035000,2413,4021,91070000,33948
5,2602,91070000,91070000,2413,4021,91105000,33961
5,2603,91105000,91105000,2413,4021,91140000,33976
5,2604,91140000,91140000,2413,4021,91175000,33988
5,2605,91175000,91175000,2413,4021,91210000,34002
5,2606,91210000,91210000,2413,4021,91245000,34013
5,2607,91245000,91245000,2413,4021,91280000,34026
5,2608,91280000,91280000,2413,4021,91315000,34039
5,2609,91315000,91315000,2413,4021,91350000,34053
5,261,9135000,9135000,2413,4021,9170000,3414
5,2610,91350000,91350000,2413,4021,91385000,34066
5,2611,91385000,91385000,2413,4021,91420000,34079
5,2612,91420000,91420000,2413,4021,91455000,34093
5,2613,91455000,91455000,2413,4021,91490000,34105
5,2614,91490000,91490000,2413,4021,91525000,34119
5,2615,91525000,91525000,2413,4021,91560000,34132
5,2616,91560000,91560000,2413,4021,91595000,34143
5,2617,91595000,91595000,2413,4021,91630000,34157
5,2618,91630000,91630000,2413,4021,91665000,34170
5,2619,91665000,91665000,2413,4021,91700000,34184
5,262,9170000,9170000,2413,4021,9205000,3428
5,2620,91700000,91700000,2413,4021,91735000,34195
5,2621,91735000,91735000,2413,4021,91770000,34211
5,2622,91770000,91770000,2413,4021,91805000,34224
5,2623,91805000,91805000,2413,4021,91840000,34234
5,2624,91840000,91840000,2413,4021,91875000,34249
5,2625,91875000,91875000,2413,4021,91910000,34262
5,2626,91910000,91910000,2413,4021,91945000,34273
5,2627,91945000,91945000,2413,4021,91980000,34289
5,2628,91980000,91980000,2413,4021,92015000,34301
5,2629,92015000,92015000,2413,4021,92050000,34314
5,263,9205000,9205000,2413,4021,9240000,3440
5,2630,92050000,92050000,2413,4021,92085000,34328
5,2631,92085000,92085000,2413,4021,92120000,34339
5,2632,92120000,92120000,2413,4021,92155000,34352
5,2633,92155000,92155000,2413,4021,92190000,34367
5,2634,92190000,92190000,2413,4021,92225000,34379
5,2635,92225000,92225000,2413,4021,92260000,34393
5,2636,92260000,92260000,2413,4021,92295000,34405
5,2637,92295000,92295000,2413,4021,92330000,34419
5,2638,92330000,92330000,2413,4021,92365000,34431
5,2639,92365000,92365000,2413,4021,92400000,34444
5,264,9240000,9240000,2413,4021,9275000,3453
5,265,9275000,9275000,2413,4021,9310000,3467
5,266,9310000,9310000,2413,4021,9345000,3478
5,267,9345000,9345000,2413,4021,9380000,3493
5,268,9380000,9380000,2413,4021,9415000,3505
5,269,9415000,9415000,2413,4021,9450000,3520
5,27,945000,945000,2413,4021,980000,361
5,270,9450000,9450000,2413,4021,9485000,3532
5,271,9485000,9485000,2413,4021,9520000,3544
5,272,9520000,9520000,2413,4021,9555000,3558
5,273,9555000,9555000,2413,4021,9590000,3570
5,274,9590000,9590000,2413,4021,9625000,3583
5,275,9625000,9625000,2413,4021,9660000,3598
5,276,9660000,9660000,2413,4021,9695000,3610
5,277,9695000,9695000,2413,4021,9730000,3623
5,278,9730000,9730000,2413,4021,9765000,3637
5,279,9765000,9765000,2413,4021,9800000,3649
5,28,980000,980000,2413,4021,1015000,373
5,280,9800000,9800000,2413,4021,9835000,3660
5,281,9835000,9835000,2413,4021,9870000,3676
5,282,9870000,9870000,2413,4021,9905000,3689
5,283,9905000,9905000,2413,4021,9940000,3701
5,284,9940000,9940000,2413,4021,9975000,3715
5,285,9975000,9975000,2413,4021,10010000,3728
5,286,10010000,10010000,2413,4021,10045000,3739
5,287,10045000,10045000,2413,4021,10080000,3754
5,288,10080000,10080000,2413,4021,10115000,3766
5,289,10115000,10115000,2413,4021,10150000,3779
5,29,1015000,1015000,2413,4021,1050000,389
5,290,10150000,10150000,2413,4021,10185000,3793
5,291,10185000,10185000,2413,4021,10220000,3805
5,292,10220000,10220000,2413,4021,10255000,3819
5,293,10255000,10255000,2413,4021,10290000,3833
5,294,10290000,10290000,2413,4021,10325000,3846
5,295,10325000,10325000,2413,4021,10360000,3858
5,296,10360000,10360000,2413,4021,10395000,3869
5,297,10395000,10395000,2413,4021,10430000,3884
5,298,10430000,10430000,2413,4021,10465000,3896
5,299,10465000,10465000,2413,4021,10500000,3911
5,3,105000,105000,2413,4021,140000,47
5,30,1050000,1050000,2413,4021,1085000,400
5,300,10500000,10500000,2413,4021,10535000,3923
5,301,10535000,10535000,2413,4021,10570000,3937
5,302,10570000,10570000,2413,4021,10605000,3950
5,303,10605000,10605000,2413,4021,10640000,3961
5,304,10640000,10640000,2413,4021,10675000,3975
5,305,10675000,10675000,2413,4021,10710000,3989
5,306,10710000,10710000,2413,4021,10745000,4001
5,307,10745000,10745000,2413,4021,10780000,4014
5,308,10780000,10780000,2413,4021,10815000,4028
5,309,10815000,10815000,2413,4021,10850000,4041
5,31,1085000,1085000,2413,4021,1120000,412
5,310,10850000,10850000,2413,4021,10885000,4053
5,311,10885000,10885000,2413,4021,10920000,4067
5,312,10920000,10920000,2413,4021,10955000,4080
5,313,10955000,10955000,2413,4021,10990000,4092
5,314,10990000,10990000,2413,4021,11025000,4106
5,315,11025000,11025000,2413,4021,11060000,4120
5,316,11060000,11060000,2413,4021,11095000,4130
5,317,11095000,11095000,2413,4021,11130000,4147
5,318,11130000,11130000,2413,4021,11165000,4158
5,319,11165000,11165000,2413,4021,11200000,4170
5,32,1120000,1120000,2413,4021,1155000,426
5,320,11200000,11200000,2413,4021,11235000,4184
5,321,11235000,11235000,2413,4021,11270000,4196
5,322,11270000,11270000,2413,4021,11305000,4210
5,323,11305000,11305000,2413,4021,11340000,4224
5,324,11340000,11340000,2413,4021,11375000,4237
5,325,11375000,11375000,2413,4021,11410000,4250
5,326,11410000,11410000,2413,4021,11445000,4263
5,327,11445000,11445000,2413,4021,11480000,4275
5,328,11480000,11480000,2413,4021,11515000,4287
5,329,11515000,11515000,2413,4021,11550000,4302
5,33,1155000,1155000,2413,4021,1190000,438
5,330,11550000,11550000,2413,4021,11585000,4314
5,331,11585000,11585000,2413,4021,11620000,4328
5,332,11620000,11620000,2413,4021,11655000,4341
5,333,11655000,11655000,2413,4021,11690000,4354
5,334,11690000,11690000,2413,4021,11725000,4367
5,335,11725000,11725000,2413,4021,11760000,4380
5,336,11760000,11760000,2413,4021,11795000,4392
5,337,11795000,11795000,2413,4021,11830000,4406
5,338,11830000,11830000,2413,4021,11865000,4419
5,339,11865000,11865000,2413,4021,11900000,4432
5,34,1190000,1190000,2413,4021,1225000,452
5,340,11900000,11900000,2413,4021,11935000,4444
5,341,11935000,11935000,2413,4021,11970000,4459
5,342,11970000,11970000,2413,4021,12005000,4473
5,343,12005000,12005000,2413,4021,12040000,4483
5,344,12040000,12040000,2413,4021,12075000,4497
5,345,12075000,12075000,2413,4021,12110000,4511
5,346,12110000,12110000,2413,4021,12145000,4521
5,347,12145000,12145000,2413,4021,12180000,4538
5,348,12180000,12180000,2413,4021,12215000,4550
5,349,12215000,12215000,2413,4021,12250000,4563
5,35,1225000,1225000,2413,4021,1260000,466
5,350,12250000,12250000,2413,4021,12285000,4576
5,351,12285000,12285000,2413,4021,12320000,4587
5,352,12320000,12320000,2413,4021,12355000,4601
5,353,12355000,12355000,2413,4021,12390000,4615
5,354,12390000,12390000,2413,4021,12425000,4628
5,355,12425000,12425000,2413,4021,12460000,4641
5,356,12460000,12460000,2413,4021,12495000,4654
5,357,12495000,12495000,2413,4021,12530000,4667
5,358,12530000,12530000,2413,4021,12565000,4680
5,359,12565000,12565000,2413,4021,12600000,4694
5,36,1260000,1260000,2413,4021,1295000,478
5,360,12600000,12600000,2413,4021,12635000,4705
5,361,12635000,12635000,2413,4021,12670000,4719
5,362,12670000,12670000,2413,4021,12705000,4732
5,363,12705000,12705000,2413,4021,12740000,4745
5,364,12740000,12740000,2413,4021,12775000,4758
5,365,12775000,12775000,2413,4021,12810000,4773
5,366,12810000,12810000,2413,4021,12845000,4784
5,367,12845000,12845000,2413,4021,12880000,4797
5,368,12880000,12880000,2413,4021,12915000,4810
5,369,12915000,12915000,2413,4021,12950000,4823
5,37,1295000,1295000,2413,4021,1330000,492
5,370,12950000,12950000,2413,4021,12985000,4836
5,371,12985000,12985000,2413,4021,13020000,4850
5,372,13020000,13020000,2413,4021,13055000,4864
5,373,13055000,13055000,2413,4021,13090000,4875
5,374,13090000,13090000,2413,4021,13125000,4890
5,375,13125000,13125000,2413,4021,13160000,4902
5,376,13160000,13160000,2413,4021,13195000,4912
5,377,13195000,13195000,2413,4021,13230000,4929
5,378,13230000,13230000,2413,4021,13265000,4941
5,379,13265000,13265000,2413,4021,13300000,4954
5,38,1330000,1330000,2413,4021,1365000,505
5,380,13300000,13300000,2413,4021,13335000,4967
5,381,13335000,13335000,2413,4021,13370000,4981
5,382,13370000,13370000,2413,4021,13405000,4993
5,383,13405000,13405000,2413,4021,13440000,5006
5,384,13440000,13440000,2413,4021,13475000,5019
5,385,13475000,13475000,2413,4021,13510000,5032
5,386,13510000,13510000,2413,4021,13545000,5045
5,387,13545000,13545000,2413,4021,13580000,5058
5,388,13580000,13580000,2413,4021,13615000,5071
5,389,13615000,13615000,2413,4021,13650000,5086
5,39,1365000,1365000,2413,4021,1400000,517
5,390,13650000,13650000,2413,4021,13685000,5098
5,391,13685000,13685000,2413,4021,13720000,5110
5,392,13720000,13720000,2413,4021,13755000,5124
5,393,13755000,13755000,2413,4021,13790000,5136
5,394,13790000,13790000,2413,4021,13825000,5149
5,395,13825000,13825000,2413,4021,13860000,5164
5,396,13860000,13860000,2413,4021,13895000,5175
5,397,13895000,13895000,2413,4021,13930000,5190
5,398,13930000,13930000,2413,4021,13965000,5202
5,399,13965000,13965000,2413,4021,14000000,5214
5,4,140000,140000,2413,4021,175000,61
5,40,1400000,1400000,2413,4021,1435000,529
5,400,14000000,14000000,2413,4021,14035000,5227
5,401,14035000,14035000,2413,4021,14070000,5241
5,402,14070000,14070000,2413,4021,14105000,5255
5,403,14105000,14105000,2413,4021,14140000,5267
5,404,14140000,14140000,2413,4021,14175000,5281
5,405,14175000,14175000,2413,4021,14210000,5294
5,406,14210000,14210000,2413,4021,14245000,5305
5,407,14245000,14245000,2413,4021,14280000,5320
5,408,14280000,14280000,2413,4021,14315000,5332
5,409,14315000,14315000,2413,4021,14350000,5345
5,41,1435000,1435000,2413,4021,1470000,544
5,410,14350000,14350000,2413,4021,14385000,5358
5,411,14385000,14385000,2413,4021,14420000,5372
5,412,14420000,14420000,2413,4021,14455000,5384
5,413,14455000,14455000,2413,4021,14490000,5399
5,414,14490000,14490000,2413,4021,14525000,5412
5,415,14525000,14525000,2413,4021,14560000,5423
5,416,14560000,14560000,2413,4021,14595000,5436
5,417,14595000,14595000,2413,4021,14630000,5449
5,418,14630000,14630000,2413,4021,14665000,5462
5,419,14665000,14665000,2413,4021,14700000,5477
5,42,1470000,1470000,2413,4021,1505000,557
5,420,14700000,14700000,2413,4021,14735000,5489
5,421,14735000,14735000,2413,4021,14770000,5502
5,422,14770000,14770000,2413,4021,14805000,5517
5,423,14805000,14805000,2413,4021,14840000,5527
5,424,14840000,14840000,2413,4021,14875000,5540
5,425,14875000,14875000,2413,4021,14910000,5556
5,426,14910000,14910000,2413,4021,14945000,5566
5,427,14945000,14945000,2413,4021,14980000,5581
5,428,14980000,14980000,2413,4021,15015000,5593
5,429,15015000,15015000,2413,4021,15050000,5607
5,43,1505000,1505000,2413,4021,1540000,569
5,430,15050000,15050000,2413,4021,15085000,5619
5,431,15085000,15085000,2413,4021,15120000,5632
5,432,15120000,15120000,2413,4021,15155000,5646
5,433,15155000,15155000,2413,4021,15190000,5658
5,434,15190000,15190000,2413,4021,15225000,5672
5,435,15225000,15225000,2413,4021,15260000,5685
5,436,15260000,15260000,2413,4021,15295000,5697
5,437,15295000,15295000,2413,4021,15330000,5712
5,438,15330000,15330000,2413,4021,15365000,5725
5,439,15365000,15365000,2413,4021,15400000,5736
5,44,1540000,1540000,2413,4021,1575000,583
5,440,15400000,15400000,2413,4021,15435000,5749
5,441,15435000,15435000,2413,4021,15470000,5763
5,442,15470000,15470000,2413,4021,15505000,5775
5,443,15505000,15505000,2413,4021,15540000,5790
5,444,15540000,15540000,2413,4021,15575000,5803
5,445,15575000,15575000,2413,4021,15610000,5816
5,446,15610000,15610000,2413,4021,15645000,5828
5,447,15645000,15645000,2413,4021,15680000,5841
5,448,15680000,15680000,2413,4021,15715000,5853
5,449,15715000,15715000,2413,4021,15750000,5868
5,45,1575000,1575000,2413,4021,1610000,597
5,450,15750000,15750000,2413,4021,15785000,5880
5,451,15785000,15785000,2413,4021,15820000,5893
5,452,15820000,15820000,2413,4021,15855000,5908
5,453,15855000,15855000,2413,4021,15890000,5919
5,454,15890000,15890000,2413,4021,15925000,5933
5,455,15925000,15925000,2413,4021,15960000,5947
5,456,15960000,15960000,2413,4021,15995000,5957
5,457,15995000,15995000,2413,4021,16030000,5972
5,458,16030000,16030000,2413,4021,16065000,5985
5,459,16065000,16065000,2413,4021,16100000,5998
5,46,1610000,1610000,2413,4021,1645000,607
5,460,16100000,16100000,2413,4021,16135000,6010
5,461,16135000,16135000,2413,4021,16170000,6025
5,462,16170000,16170000,2413,4021,16205000,6038
5,463,16205000,16205000,2413,4021,16240000,6049
5,464,16240000,16240000,2413,4021,16275000,6063
5,465,16275000,16275000,2413,4021,16310000,6076
5,466,16310000,16310000,2413,4021,16345000,6088
5,467,16345000,16345000,2413,4021,16380000,6103
5,468,16380000,16380000,2413,4021,16415000,6116
5,469,16415000,16415000,2413,4021,16450000,6129
5,47,1645000,1645000,2413,4021,1680000,622
5,470,16450000,16450000,2413,4021,16485000,6142
5,471,16485000,16485000,2413,4021,16520000,6154
5,472,16520000,16520000,2413,4021,16555000,6166
5,473,16555000,16555000,2413,4021,16590000,6181
5,474,16590000,16590000,2413,4021,16625000,6194
5,475,16625000,16625000,2413,4021,16660000,6207
5,476,16660000,16660000,2413,4021,16695000,6219
5,477,16695000,16695000,2413,4021,16730000,6234
5,478,16730000,16730000,2413,4021,16765000,6245
5,479,16765000,16765000,2413,4021,16800000,6259
5,48,1680000,1680000,2413,4021,1715000,635
5,480,16800000,16800000,2413,4021,16835000,6272
5,481,16835000,16835000,2413,4021,16870000,6284
5,482,16870000,16870000,2413,4021,16905000,6299
5,483,16905000,16905000,2413,4021,16940000,6310
5,484,16940000,16940000,2413,4021,16975000,6324
5,485,16975000,16975000,2413,4021,17010000,6339
5,486,17010000,17010000,2413,4021,17045000,6350
5,487,17045000,17045000,2413,4021,17080000,6363
5,488,17080000,17080000,2413,4021,17115000,6376
5,489,17115000,17115000,2413,4021,17150000,6389
5,49,1715000,1715000,2413,4021,1750000,647
5,490,17150000,17150000,2413,4021,17185000,6401
5,491,17185000,17185000,2413,4021,17220000,6417
5,492,17220000,17220000,2413,4021,17255000,6429
5,493,17255000,17255000,2413,4021,17290000,6442
5,494,17290000,17290000,2413,4021,17325000,6455
5,495,17325000,17325000,2413,4021,17360000,6467
5,496,17360000,17360000,2413,4021,17395000,6479
5,497,17395000,17395000,2413,4021,17430000,6494
5,498,17430000,17430000,2413,4021,17465000,6507
5,499,17465000,17465000,2413,4021,17500000,6520
5,5,175000,175000,2413,4021,210000,75
5,50,1750000,1750000,2413,4021,1785000,661
5,500,17500000,17500000,2413,4021,17535000,6533
5,501,17535000,17535000,2413,4021,17570000,6546
5,502,17570000,17570000,2413,4021,17605000,6560
5,503,17605000,17605000,2413,4021,17640000,6572
5,504,17640000,17640000,2413,4021,17675000,6585
5,505,17675000,17675000,2413,4021,17710000,6598
5,506,17710000,17710000,2413,4021,17745000,6610
5,507,17745000,17745000,2413,4021,17780000,6625
5,508,17780000,17780000,2413,4021,17815000,6636
5,509,17815000,17815000,2413,4021,17850000,6652
5,51,1785000,1785000,2413,4021,1820000,674
5,510,17850000,17850000,2413,4021,17885000,6664
5,511,17885000,17885000,2413,4021,17920000,6675
5,512,17920000,17920000,2413,4021,17955000,6690
5,513,17955000,17955000,2413,4021,17990000,6702
5,514,17990000,17990000,2413,4021,18025000,6715
5,515,18025000,18025000,2413,4021,18060000,6730
5,516,18060000,18060000,2413,4021,18095000,6741
5,517,18095000,18095000,2413,4021,18130000,6755
5,518,18130000,18130000,2413,4021,18165000,6769
5,519,18165000,18165000,2413,4021,18200000,6780
5,52,1820000,1820000,2413,4021,1855000,687
5,520,18200000,18200000,2413,4021,18235000,6792
5,521,18235000,18235000,2413,4021,18270000,6808
5,522,18270000,18270000,2413,4021,18305000,6820
5,523,18305000,18305000,2413,4021,18340000,6833
5,524,18340000,18340000,2413,4021,18375000,6847
5,525,18375000,18375000,2413,4021,18410000,6860
5,526,18410000,18410000,2413,4021,18445000,6871
5,527,18445000,18445000,2413,4021,18480000,6885
5,528,18480000,18480000,2413,4021,18515000,6898
5,529,18515000,18515000,2413,4021,18550000,6911
5,53,1855000,1855000,2413,4021,1890000,701
5,530,18550000,18550000,2413,4021,18585000,6924
5,531,18585000,18585000,2413,4021,18620000,6937
5,532,18620000,18620000,2413,4021,18655000,6951
5,533,18655000,18655000,2413,4021,18690000,6964
5,534,18690000,18690000,2413,4021,18725000,6978
5,535,18725000,18725000,2413,4021,18760000,6990
5,536,18760000,18760000,2413,4021,18795000,7001
5,537,18795000,18795000,2413,4021,18830000,7016
5,538,18830000,18830000,2413,4021,18865000,7027
5,539,18865000,18865000,2413,4021,18900000,7043
5,54,1890000,1890000,2413,4021,1925000,714
5,540,18900000,18900000,2413,4021,18935000,7055
5,541,18935000,18935000,2413,4021,18970000,7068
5,542,18970000,18970000,2413,4021,19005000,7082
5,543,19005000,19005000,2413,4021,19040000,7093
5,544,19040000,19040000,2413,4021,19075000,7106
5,545,19075000,19075000,2413,4021,19110000,7121
5,546,19110000,19110000,2413,4021,19145000,7133
5,547,19145000,19145000,2413,4021,19180000,7146
5,548,19180000,19180000,2413,4021,19215000,7160
5,549,19215000,19215000,2413,4021,19250000,7172
5,55,1925000,1925000,2413,4021,1960000,726
5,550,19250000,19250000,2413,4021,19285000,7185
5,551,19285000,19285000,2413,4021,19320000,7199
5,552,19320000,19320000,2413,4021,19355000,7211
5,553,19355000,19355000,2413,4021,19390000,7224
5,554,19390000,19390000,2413,4021,19425000,7238
5,555,19425000,19425000,2413,4021,19460000,7251
5,556,19460000,19460000,2413,4021,19495000,7262
5,557,19495000,19495000,2413,4021,19530000,7279
5,558,19530000,19530000,2413,4021,19565000,7290
5,559,19565000,19565000,2413,4021,19600000,7302
5,56,1960000,1960000,2413,4021,1995000,738
5,560,19600000,19600000,2413,4021,19635000,7315
5,561,19635000,19635000,2413,4021,19670000,7328
5,562,19670000,19670000,2413,4021,19705000,7342
5,563,19705000,19705000,2413,4021,19740000,7355
5,564,19740000,19740000,2413,4021,19775000,7369
5,565,19775000,19775000,2413,4021,19810000,7382
5,566,19810000,19810000,2413,4021,19845000,7394
5,567,19845000,19845000,2413,4021,19880000,7407
5,568,19880000,19880000,2413,4021,19915000,7419
5,569,19915000,19915000,2413,4021,19950000,7434
5,57,1995000,1995000,2413,4021,2030000,752
5,570,19950000,19950000,2413,4021,19985000,7446
5,571,19985000,19985000,2413,4021,20020000,7459
5,572,20020000,20020000,2413,4021,20055000,7473
5,573,20055000,20055000,2413,4021,20090000,7486
5,574,20090000,20090000,2413,4021,20125000,7498
5,575,20125000,20125000,2413,4021,20160000,7512
5,576,20160000,20160000,2413,4021,20195000,7524
5,577,20195000,20195000,2413,4021,20230000,7537
5,578,20230000,20230000,2413,4021,20265000,7551
5,579,20265000,20265000,2413,4021,20300000,7564
5,58,2030000,2030000,2413,4021,2065000,764
5,580,20300000,20300000,2413,4021,20335000,7576
5,581,20335000,20335000,2413,4021,20370000,7591
5,582,20370000,20370000,2413,4021,20405000,7604
5,583,20405000,20405000,2413,4021,20440000,7615
5,584,20440000,20440000,2413,4021,20475000,7629
5,585,20475000,20475000,2413,4021,20510000,7642
5,586,20510000,20510000,2413,4021,20545000,7653
5,587,20545000,20545000,2413,4021,20580000,7670
5,588,20580000,20580000,2413,4021,20615000,7681
5,589,20615000,20615000,2413,4021,20650000,7695
5,59,2065000,2065000,2413,4021,2100000,780
5,590,20650000,20650000,2413,4021,20685000,7708
5,591,20685000,20685000,2413,4021,20720000,7719
5,592,20720000,20720000,2413,4021,20755000,7733
5,593,20755000,20755000,2413,4021,20790000,7746
5,594,20790000,20790000,2413,4021,20825000,7760
5,595,20825000,20825000,2413,4021,20860000,7773
5,596,20860000,20860000,2413,4021,20895000,7785
5,597,20895000,20895000,2413,4021,20930000,7799
5,598,20930000,20930000,2413,4021,20965000,7812
5,599,20965000,20965000,2413,4021,21000000,7825
5,6,210000,210000,2413,4021,245000,87
5,60,2100000,2100000,2413,4021,2135000,791
5,600,21000000,21000000,2413,4021,21035000,7837
5,601,21035000,21035000,2413,4021,21070000,7851
5,602,21070000,21070000,2413,4021,21105000,7864
5,603,21105000,21105000,2413,4021,21140000,7877
5,604,21140000,21140000,2413,4021,21175000,7889
5,605,21175000,21175000,2413,4021,21210000,7905
5,606,21210000,21210000,2413,4021,21245000,7916
5,607,21245000,21245000,2413,4021,21280000,7928
5,608,21280000,21280000,2413,4021,21315000,7942
5,609,21315000,21315000,2413,4021,21350000,7955
5,61,2135000,2135000,2413,4021,2170000,805
5,610,21350000,21350000,2413,4021,21385000,7967
5,611,21385000,21385000,2413,4021,21420000,7982
5,612,21420000,21420000,2413,4021,21455000,7996
5,613,21455000,21455000,2413,4021,21490000,8007
5,614,21490000,21490000,2413,4021,21525000,8022
5,615,21525000,21525000,2413,4021,21560000,8033
5,616,21560000,21560000,2413,4021,21595000,8044
5,617,21595000,21595000,2413,4021,21630000,8061
5,618,21630000,21630000,2413,4021,21665000,8072
5,619,21665000,21665000,2413,4021,21700000,8086
5,62,2170000,2170000,2413,4021,2205000,819
5,620,21700000,21700000,2413,4021,21735000,8099
5,621,21735000,21735000,2413,4021,21770000,8112
5,622,21770000,21770000,2413,4021,21805000,8125
5,623,21805000,21805000,2413,4021,21840000,8138
5,624,21840000,21840000,2413,4021,21875000,8151
5,625,21875000,21875000,2413,4021,21910000,8164
5,626,21910000,21910000,2413,4021,21945000,8176
5,627,21945000,21945000,2413,4021,21980000,8190
5,628,21980000,21980000,2413,4021,22015000,8203
5,629,22015000,22015000,2413,4021,22050000,8217
5,63,2205000,2205000,2413,4021,2240000,829
5,630,22050000,22050000,2413,4021,22085000,8230
5,631,22085000,22085000,2413,4021,22120000,8242
5,632,22120000,22120000,2413,4021,22155000,8255
5,633,22155000,22155000,2413,4021,22190000,8268
5,634,22190000,22190000,2413,4021,22225000,8281
5,635,22225000,22225000,2413,4021,22260000,8296
5,636,22260000,22260000,2413,4021,22295000,8307
5,637,22295000,22295000,2413,4021,22330000,8321
5,638,22330000,22330000,2413,4021,22365000,8334
5,639,22365000,22365000,2413,4021,22400000,8346
5,64,2240000,2240000,2413,4021,2275000,843
5,640,22400000,22400000,2413,4021,22435000,8358
5,641,22435000,22435000,2413,4021,22470000,8373
5,642,22470000,22470000,2413,4021,22505000,8387
5,643,22505000,22505000,2413,4021,22540000,8398
5,644,22540000,22540000,2413,4021,22575000,8413
5,645,22575000,22575000,2413,4021,22610000,8426
5,646,22610000,22610000,2413,4021,22645000,8437
5,647,22645000,22645000,2413,4021,22680000,8452
5,648,22680000,22680000,2413,4021,22715000,8463
5,649,22715000,22715000,2413,4021,22750000,8477
5,65,2275000,2275000,2413,4021,2310000,857
5,650,22750000,22750000,2413,4021,22785000,8490
5,651,22785000,22785000,2413,4021,22820000,8503
5,652,22820000,22820000,2413,4021,22855000,8516
5,653,22855000,22855000,2413,4021,22890000,8531
5,654,22890000,22890000,2413,4021,22925000,8543
5,655,22925000,22925000,2413,4021,22960000,8555
5,656,22960000,22960000,2413,4021,22995000,8568
5,657,22995000,22995000,2413,4021,23030000,8581
5,658,23030000,23030000,2413,4021,23065000,8594
5,659,23065000,23065000,2413,4021,23100000,8608
5,66,2310000,2310000,2413,4021,2345000,869
5,660,23100000,23100000,2413,4021,23135000,8621
5,661,23135000,23135000,2413,4021,23170000,8634
5,662,23170000,23170000,2413,4021,23205000,8648
5,663,23205000,23205000,2413,4021,23240000,8659
5,664,23240000,23240000,2413,4021,23275000,8672
5,665,23275000,23275000,2413,4021,23310000,8687
5,666,23310000,23310000,2413,4021,23345000,8698
5,667,23345000,23345000,2413,4021,23380000,8713
5,668,23380000,23380000,2413,4021,23415000,8725
5,669,23415000,23415000,2413,4021,23450000,8739
5,67,2345000,2345000,2413,4021,2380000,883
5,670,23450000,23450000,2413,4021,23485000,8750
5,671,23485000,23485000,2413,4021,23520000,8764
5,672,23520000,23520000,2413,4021,23555000,8778
5,673,23555000,23555000,2413,4021,23590000,8789
5,674,23590000,23590000,2413,4021,23625000,8804
5,675,23625000,23625000,2413,4021,23660000,8817
5,676,23660000,23660000,2413,4021,23695000,8828
5,677,23695000,23695000,2413,4021,23730000,8844
5,678,23730000,23730000,2413,4021,23765000,8857
5,679,23765000,23765000,2413,4021,23800000,8868
5,68,2380000,2380000,2413,4021,2415000,896
5,680,23800000,23800000,2413,4021,23835000,8881
5,681,23835000,23835000,2413,4021,23870000,8894
5,682,23870000,23870000,2413,4021,23905000,8907
5,683,23905000,23905000,2413,4021,23940000,8922
5,684,23940000,23940000,2413,4021,23975000,8934
5,685,23975000,23975000,2413,4021,24010000,8948
5,686,24010000,24010000,2413,4021,24045000,8960
5,687,24045000,24045000,2413,4021,24080000,8972
5,688,24080000,24080000,2413,4021,24115000,8985
5,689,24115000,24115000,2413,4021,24150000,9000
5,69,2415000,2415000,2413,4021,2450000,909
5,690,24150000,24150000,2413,4021,24185000,9012
5,691,24185000,24185000,2413,4021,24220000,9025
5,692,24220000,24220000,2413,4021,24255000,9039
5,693,24255000,24255000,2413,4021,24290000,9051
5,694,24290000,24290000,2413,4021,24325000,9065
5,695,24325000,24325000,2413,4021,24360000,9078
5,696,24360000,24360000,2413,4021,24395000,9089
5,697,24395000,24395000,2413,4021,24430000,9104
5,698,24430000,24430000,2413,4021,24465000,9116
5,699,24465000,24465000,2413,4021,24500000,9130
5,7,245000,245000,2413,4021,280000,100
5,70,2450000,2450000,2413,4021,2485000,922
5,700,24500000,24500000,2413,4021,24535000,9142
5,701,24535000,24535000,2413,4021,24570000,9157
5,702,24570000,24570000,2413,4021,24605000,9170
5,703,24605000,24605000,2413,4021,24640000,9180
5,704,24640000,24640000,2413,4021,24675000,9195
5,705,24675000,24675000,2413,4021,24710000,9208
5,706,24710000,24710000,2413,4021,24745000,9219
5,707,24745000,24745000,2413,4021,24780000,9235
5,708,24780000,24780000,2413,4021,24815000,9248
5,709,24815000,24815000,2413,4021,24850000,9260
5,71,2485000,2485000,2413,4021,2520000,935
5,710,24850000,24850000,2413,4021,24885000,9274
5,711,24885000,24885000,2413,4021,24920000,9286
5,712,24920000,24920000,2413,4021,24955000,9298
5,713,24955000,24955000,2413,4021,24990000,9313
5,714,24990000,24990000,2413,4021,25025000,9325
5,715,25025000,25025000,2413,4021,25060000,9339
5,716,25060000,25060000,2413,4021,25095000,9351
5,717,25095000,25095000,2413,4021,25130000,9365
5,718,25130000,25130000,2413,4021,25165000,9377
5,719,25165000,25165000,2413,4021,25200000,9391
5,72,2520000,2520000,2413,4021,2555000,948
5,720,25200000,25200000,2413,4021,25235000,9403
5,721,25235000,25235000,2413,4021,25270000,9416
5,722,25270000,25270000,2413,4021,25305000,9431
5,723,25305000,25305000,2413,4021,25340000,9442
5,724,25340000,25340000,2413,4021,25375000,9456
5,725,25375000,25375000,2413,4021,25410000,9470
5,726,25410000,25410000,2413,4021,25445000,9482
5,727,25445000,25445000,2413,4021,25480000,9495
5,728,25480000,25480000,2413,4021,25515000,9507
5,729,25515000,25515000,2413,4021,25550000,9521
5,73,2555000,2555000,2413,4021,2590000,961
5,730,25550000,25550000,2413,4021,25585000,9533
5,731,25585000,25585000,2413,4021,25620000,9548
5,732,25620000,25620000,2413,4021,25655000,9561
5,733,25655000,25655000,2413,4021,25690000,9574
5,734,25690000,25690000,2413,4021,25725000,9587
5,735,25725000,25725000,2413,4021,25760000,9599
5,736,25760000,25760000,2413,4021,25795000,9610
5,737,25795000,25795000,2413,4021,25830000,9626
5,738,25830000,25830000,2413,4021,25865000,9639
5,739,25865000,25865000,2413,4021,25900000,9651
5,74,2590000,2590000,2413,4021,2625000,974
5,740,25900000,25900000,2413,4021,25935000,9665
5,741,25935000,25935000,2413,4021,25970000,9678
5,742,25970000,25970000,2413,4021,26005000,9691
5,743,26005000,26005000,2413,4021,26040000,9704
5,744,26040000,26040000,2413,4021,26075000,9717
5,745,26075000,26075000,2413,4021,26110000,9730
5,746,26110000,26110000,2413,4021,26145000,9742
5,747,26145000,26145000,2413,4021,26180000,9756
5,748,26180000,26180000,2413,4021,26215000,9768
5,749,26215000,26215000,2413,4021,26250000,9784
5,75,2625000,2625000,2413,4021,2660000,988
5,750,26250000,26250000,2413,4021,26285000,9795
5,751,26285000,26285000,2413,4021,26320000,9807
5,752,26320000,26320000,2413,4021,26355000,9822
5,753,26355000,26355000,2413,4021,26390000,9833
5,754,26390000,26390000,2413,4021,26425000,9847
5,755,26425000,26425000,2413,4021,26460000,9862
5,756,26460000,26460000,2413,4021,26495000,9873
5,757,26495000,26495000,2413,4021,26530000,9887
5,758,26530000,26530000,2413,4021,26565000,9900
5,759,26565000,26565000,2413,4021,26600000,9912
5,76,2660000,2660000,2413,4021,2695000,998
5,760,26600000,26600000,2413,4021,26635000,9924
5,761,26635000,26635000,2413,4021,26670000,9939
5,762,26670000,26670000,2413,4021,26705000,9952
5,763,26705000,26705000,2413,4021,26740000,9965
5,764,26740000,26740000,2413,4021,26775000,9978
5,765,26775000,26775000,2413,4021,26810000,9992
5,766,26810000,26810000,2413,4021,26845000,10003
5,767,26845000,26845000,2413,4021,26880000,10017
5,768,26880000,26880000,2413,4021,26915000,10030
5,769,26915000,26915000,2413,4021,26950000,10042
5,77,2695000,2695000,2413,4021,2730000,1015
5,770,26950000,26950000,2413,4021,26985000,10056
5,771,26985000,26985000,2413,4021,27020000,10069
5,772,27020000,27020000,2413,4021,27055000,10082
5,773,27055000,27055000,2413,4021,27090000,10096
5,774,27090000,27090000,2413,4021,27125000,10110
5,775,27125000,27125000,2413,4021,27160000,10121
5,776,27160000,27160000,2413,4021,27195000,10133
5,777,27195000,27195000,2413,4021,27230000,10148
5,778,27230000,27230000,2413,4021,27265000,10159
5,779,27265000,27265000,2413,4021,27300000,10175
5,78,2730000,2730000,2413,4021,2765000,1027
5,780,27300000,27300000,2413,4021,27335000,10186
5,781,27335000,27335000,2413,4021,27370000,10200
5,782,27370000,27370000,2413,4021,27405000,10214
5,783,27405000,27405000,2413,4021,27440000,10224
5,784,27440000,27440000,2413,4021,27475000,10238
5,785,27475000,27475000,2413,4021,27510000,10253
5,786,27510000,27510000,2413,4021,27545000,10264
5,787,27545000,27545000,2413,4021,27580000,10278
5,788,27580000,27580000,2413,4021,27615000,10292
5,789,27615000,27615000,2413,4021,27650000,10304
5,79,2765000,2765000,2413,4021,2800000,1038
5,790,27650000,27650000,2413,4021,27685000,10317
5,791,27685000,27685000,2413,4021,27720000,10330
5,792,27720000,27720000,2413,4021,27755000,10343
5,793,27755000,27755000,2413,4021,27790000,10356
5,794,27790000,27790000,2413,4021,27825000,10369
5,795,27825000,27825000,2413,4021,27860000,10383
5,796,27860000,27860000,2413,4021,27895000,10394
5,797,27895000,27895000,2413,4021,27930000,10410
5,798,27930000,27930000,2413,4021,27965000,10422
5,799,27965000,27965000,2413,4021,28000000,10434
5,8,280000,280000,2413,4021,315000,112
5,80,2800000,2800000,2413,4021,2835000,1052
5,800,28000000,28000000,2413,4021,28035000,10447
5,801,28035000,28035000,2413,4021,28070000,10460
5,802,28070000,28070000,2413,4021,28105000,10473
5,803,28105000,28105000,2413,4021,28140000,10487
5,804,28140000,28140000,2413,4021,28175000,10501
5,805,28175000,28175000,2413,4021,28210000,10513
5,806,28210000,28210000,2413,4021,28245000,10526
5,807,28245000,28245000,2413,4021,28280000,10539
5,808,28280000,28280000,2413,4021,28315000,10550
5,809,28315000,28315000,2413,4021,28350000,10566
5,81,2835000,2835000,2413,4021,2870000,1065
5,810,28350000,28350000,2413,4021,28385000,10578
5,811,28385000,28385000,2413,4021,28420000,10591
5,812,28420000,28420000,2413,4021,28455000,10605
5,813,28455000,28455000,2413,4021,28490000,10617
5,814,28490000,28490000,2413,4021,28525000,10630
5,815,28525000,28525000,2413,4021,28560000,10644
5,816,28560000,28560000,2413,4021,28595000,10655
5,817,28595000,28595000,2413,4021,28630000,10669
5,818,28630000,28630000,2413,4021,28665000,10683
5,819,28665000,28665000,2413,4021,28700000,10695
5,82,2870000,2870000,2413,4021,2905000,1078
5,820,28700000,28700000,2413,4021,28735000,10708
5,821,28735000,28735000,2413,4021,28770000,10723
5,822,28770000,28770000,2413,4021,28805000,10736
5,823,28805000,28805000,2413,4021,28840000,10747
5,824,28840000,28840000,2413,4021,28875000,10760
5,825,28875000,28875000,2413,4021,28910000,10774
5,826,28910000,28910000,2413,4021,28945000,10785
5,827,28945000,28945000,2413,4021,28980000,10801
5,828,28980000,28980000,2413,4021,29015000,10813
5,829,29015000,29015000,2413,4021,29050000,10827
5,83,2905000,2905000,2413,4021,2940000,1092
5,830,29050000,29050000,2413,4021,29085000,10839
5,831,29085000,29085000,2413,4021,29120000,10851
5,832,29120000,29120000,2413,4021,29155000,10865
5,833,29155000,29155000,2413,4021,29190000,10878
5,834,29190000,29190000,2413,4021,29225000,10892
5,835,29225000,29225000,2413,4021,29260000,10904
5,836,29260000,29260000,2413,4021,29295000,10917
5,837,29295000,29295000,2413,4021,29330000,10931
5,838,29330000,29330000,2413,4021,29365000,10943
5,839,29365000,29365000,2413,4021,29400000,10957
5,84,2940000,2940000,2413,4021,2975000,1106
5,840,29400000,29400000,2413,4021,29435000,10969
5,841,29435000,29435000,2413,4021,29470000,10982
5,842,29470000,29470000,2413,4021,29505000,10996
5,843,29505000,29505000,2413,4021,29540000,11009
5,844,29540000,29540000,2413,4021,29575000,11021
5,845,29575000,29575000,2413,4021,29610000,11037
5,846,29610000,29610000,2413,4021,29645000,11047
5,847,29645000,29645000,2413,4021,29680000,11060
5,848,29680000,29680000,2413,4021,29715000,11074
5,849,29715000,29715000,2413,4021,29750000,11086
5,85,2975000,2975000,2413,4021,3010000,1118
5,850,29750000,29750000,2413,4021,29785000,11099
5,851,29785000,29785000,2413,4021,29820000,11114
5,852,29820000,29820000,2413,4021,29855000,11127
5,853,29855000,29855000,2413,4021,29890000,11139
5,854,29890000,29890000,2413,4021,29925000,11154
5,855,29925000,29925000,2413,4021,29960000,11165
5,856,29960000,29960000,2413,4021,29995000,11176
5,857,29995000,29995000,2413,4021,30030000,11192
5,858,30030000,30030000,2413,4021,30065000,11204
5,859,30065000,30065000,2413,4021,30100000,11218
5,86,3010000,3010000,2413,4021,3045000,1131
5,860,30100000,30100000,2413,4021,30135000,11230
5,861,30135000,30135000,2413,4021,30170000,11244
5,862,30170000,30170000,2413,4021,30205000,11257
5,863,30205000,30205000,2413,4021,30240000,11269
5,864,30240000,30240000,2413,4021,30275000,11283
5,865,30275000,30275000,2413,4021,30310000,11296
5,866,30310000,30310000,2413,4021,30345000,11308
5,867,30345000,30345000,2413,4021,30380000,11322
5,868,30380000,30380000,2413,4021,30415000,11334
5,869,30415000,30415000,2413,4021,30450000,11349
5,87,3045000,3045000,2413,4021,3080000,1143
5,870,30450000,30450000,2413,4021,30485000,11362
5,871,30485000,30485000,2413,4021,30520000,11373
5,872,30520000,30520000,2413,4021,30555000,11387
5,873,30555000,30555000,2413,4021,30590000,11400
5,874,30590000,30590000,2413,4021,30625000,11412
5,875,30625000,30625000,2413,4021,30660000,11428
5,876,30660000,30660000,2413,4021,30695000,11439
5,877,30695000,30695000,2413,4021,30730000,11453
5,878,30730000,30730000,2413,4021,30765000,11466
5,879,30765000,30765000,2413,4021,30800000,11477
5,88,3080000,3080000,2413,4021,3115000,1155
5,880,30800000,30800000,2413,4021,30835000,11490
5,881,30835000,30835000,2413,4021,30870000,11505
5,882,30870000,30870000,2413,4021,30905000,11518
5,883,30905000,30905000,2413,4021,30940000,11530
5,884,30940000,30940000,2413,4021,30975000,11545
5,885,30975000,30975000,2413,4021,31010000,11557
5,886,31010000,31010000,2413,4021,31045000,11569
5,887,31045000,31045000,2413,4021,31080000,11584
5,888,31080000,31080000,2413,4021,31115000,11595
5,889,31115000,31115000,2413,4021,31150000,11609
5,89,3115000,3115000,2413,4021,3150000,1171
5,890,31150000,31150000,2413,4021,31185000,11621
5,891,31185000,31185000,2413,4021,31220000,11635
5,892,31220000,31220000,2413,4021,31255000,11648
5,893,31255000,31255000,2413,4021,31290000,11662
5,894,31290000,31290000,2413,4021,31325000,11675
5,895,31325000,31325000,2413,4021,31360000,11687
5,896,31360000,31360000,2413,4021,31395000,11699
5,897,31395000,31395000,2413,4021,31430000,11713
5,898,31430000,31430000,2413,4021,31465000,11726
5,899,31465000,31465000,2413,4021,31500000,11740
5,9,315000,315000,2413,4021,350000,126
5,90,3150000,3150000,2413,4021,3185000,1182
5,900,31500000,31500000,2413,4021,31535000,11753
5,901,31535000,31535000,2413,4021,31570000,11765
5,902,31570000,31570000,2413,4021,31605000,11780
5,903,31605000,31605000,2413,4021,31640000,11791
5,904,31640000,31640000,2413,4021,31675000,11803
5,905,31675000,31675000,2413,4021,31710000,11819
5,906,31710000,31710000,2413,4021,31745000,11830
5,907,31745000,31745000,2413,4021,31780000,11844
5,908,31780000,31780000,2413,4021,31815000,11857
5,909,31815000,31815000,2413,4021,31850000,11871
5,91,3185000,3185000,2413,4021,3220000,1196
5,910,31850000,31850000,2413,4021,31885000,11882
5,911,31885000,31885000,2413,4021,31920000,11896
5,912,31920000,31920000,2413,4021,31955000,11909
5,913,31955000,31955000,2413,4021,31990000,11921
5,914,31990000,31990000,2413,4021,32025000,11936
5,915,32025000,32025000,2413,4021,32060000,11948
5,916,32060000,32060000,2413,4021,32095000,11960
5,917,32095000,32095000,2413,4021,32130000,11976
5,918,32130000,32130000,2413,4021,32165000,11988
5,919,32165000,32165000,2413,4021,32200000,12000
5,92,3220000,3220000,2413,4021,3255000,1210
5,920,32200000,32200000,2413,4021,32235000,12013
5,921,32235000,32235000,2413,4021,32270000,12026
5,922,32270000,32270000,2413,4021,32305000,12039
5,923,32305000,32305000,2413,4021,32340000,12053
5,924,32340000,32340000,2413,4021,32375000,12066
5,925,32375000,32375000,2413,4021,32410000,12080
5,926,32410000,32410000,2413,4021,32445000,12091
5,927,32445000,32445000,2413,4021,32480000,12104
5,928,32480000,32480000,2413,4021,32515000,12117
5,929,32515000,32515000,2413,4021,32550000,12131
5,93,3255000,3255000,2413,4021,3290000,1222
5,930,32550000,32550000,2413,4021,32585000,12144
5,931,32585000,32585000,2413,4021,32620000,12157
5,932,32620000,32620000,2413,4021,32655000,12171
5,933,32655000,32655000,2413,4021,32690000,12183
5,934,32690000,32690000,2413,4021,32725000,12196
5,935,32725000,32725000,2413,4021,32760000,12210
5,936,32760000,32760000,2413,4021,32795000,12221
5,937,32795000,32795000,2413,4021,32830000,12235
5,938,32830000,32830000,2413,4021,32865000,12248
5,939,32865000,32865000,2413,4021,32900000,12262
5,94,3290000,3290000,2413,4021,3325000,1235
5,940,32900000,32900000,2413,4021,32935000,12273
5,941,32935000,32935000,2413,4021,32970000,12289
5,942,32970000,32970000,2413,4021,33005000,12302
5,943,33005000,33005000,2413,4021,33040000,12312
5,944,33040000,33040000,2413,4021,33075000,12327
5,945,33075000,33075000,2413,4021,33110000,12339
5,946,33110000,33110000,2413,4021,33145000,12351
5,947,33145000,33145000,2413,4021,33180000,12367
5,948,33180000,33180000,2413,4021,33215000,12379
5,949,33215000,33215000,2413,4021,33250000,12392
5,95,3325000,3325000,2413,4021,3360000,1249
5,950,33250000,33250000,2413,4021,33285000,12406
5,951,33285000,33285000,2413,4021,33320000,12417
5,952,33320000,33320000,2413,4021,33355000,12430
5,953,33355000,33355000,2413,4021,33390000,12445
5,954,33390000,33390000,2413,4021,33425000,12457
5,955,33425000,33425000,2413,4021,33460000,12471
5,956,33460000,33460000,2413,4021,33495000,12482
5,957,33495000,33495000,2413,4021,33530000,12497
5,958,33530000,33530000,2413,4021,33565000,12509
5,959,33565000,33565000,2413,4021,33600000,12522
5,96,3360000,3360000,2413,4021,3395000,1260
5,960,33600000,33600000,2413,4021,33635000,12535
5,961,33635000,33635000,2413,4021,33670000,12548
5,962,33670000,33670000,2413,4021,33705000,12562
5,963,33705000,33705000,2413,4021,33740000,12574
5,964,33740000,33740000,2413,4021,33775000,12588
5,965,33775000,33775000,2413,4021,33810000,12602
5,966,33810000,33810000,2413,4021,33845000,12614
5,967,33845000,33845000,2413,4021,33880000,12626
5,968,33880000,33880000,2413,4021,33915000,12639
5,969,33915000,33915000,2413,4021,33950000,12653
5,97,3395000,3395000,2413,4021,3430000,1274
5,970,33950000,33950000,2413,4021,33985000,12664
5,971,33985000,33985000,2413,4021,34020000,12680
5,972,34020000,34020000,2413,4021,34055000,12693
5,973,34055000,34055000,2413,4021,34090000,12705
5,974,34090000,34090000,2413,4021,34125000,12719
5,975,34125000,34125000,2413,4021,34160000,12731
5,976,34160000,34160000,2413,4021,34195000,12742
5,977,34195000,34195000,2413,4021,34230000,12758
5,978,34230000,34230000,2413,4021,34265000,12770
5,979,34265000,34265000,2413,4021,34300000,12783
5,98,3430000,3430000,2413,4021,3465000,1287
5,980,34300000,34300000,2413,4021,34335000,12797
5,981,34335000,34335000,2413,4021,34370000,12809
5,982,34370000,34370000,2413,4021,34405000,12823
5,983,34405000,34405000,2413,4021,34440000,12836
5,984,34440000,34440000,2413,4021,34475000,12848
5,985,34475000,34475000,2413,4021,34510000,12862
5,986,34510000,34510000,2413,4021,34545000,12874
5,987,34545000,34545000,2413,4021,34580000,12888
5,988,34580000,34580000,2413,4021,34615000,12900
5,989,34615000,34615000,2413,4021,34650000,12915
5,99,3465000,3465000,2413,4021,3500000,1300
5,990,34650000,34650000,2413,4021,34685000,12927
5,991,34685000,34685000,2413,4021,34720000,12939
5,992,34720000,34720000,2413,4021,34755000,12953
5,993,34755000,34755000,2413,4021,34790000,12965
5,994,34790000,34790000,2413,4021,34825000,12979
5,995,34825000,34825000,2413,4021,34860000,12993
5,996,34860000,34860000,2413,4021,34895000,13005
5,997,34895000,34895000,2413,4021,34930000,13019
5,998,34930000,34930000,2413,4021,34965000,13032
5,999,34965000,34965000,2413,4021,35000000,13044
6,0,0,0,6029,10048,40000,10
6,1,40000,40000,6029,10048,80000,25
6,10,400000,400000,6029,10048,440000,158
6,100,4000000,4000000,6029,10048,4040000,1501
6,1000,40000000,40000000,6029,10048,40040000,14923
6,1001,40040000,40040000,6029,10048,40080000,14939
6,1002,40080000,40080000,6029,10048,40120000,14953
6,1003,40120000,40120000,6029,10048,40160000,14968
6,1004,40160000,40160000,6029,10048,40200000,14983
6,1005,40200000,40200000,6029,10048,40240000,14996
6,1006,40240000,40240000,6029,10048,40280000,15012
6,1007,40280000,40280000,6029,10048,40320000,15029
6,1008,40320000,40320000,6029,10048,40360000,15043
6,1009,40360000,40360000,6029,10048,40400000,15057
6,101,4040000,4040000,6029,10048,4080000,1517
6,1010,40400000,40400000,6029,10048,40440000,15073
6,1011,40440000,40440000,6029,10048,40480000,15086
6,1012,40480000,40480000,6029,10048,40520000,15101
6,1013,40520000,40520000,6029,10048,40560000,15117
6,1014,40560000,40560000,6029,10048,40600000,15133
6,1015,40600000,40600000,6029,10048,40640000,15146
6,1016,40640000,40640000,6029,10048,40680000,15163
6,1017,40680000,40680000,6029,10048,40720000,15176
6,1018,40720000,40720000,6029,10048,40760000,15192
6,1019,40760000,40760000,6029,10048,40800000,15206
6,102,4080000,4080000,6029,10048,4120000,1530
6,1020,40800000,40800000,6029,10048,40840000,15220
6,1021,40840000,40840000,6029,10048,40880000,15237
6,1022,40880000,40880000,6029,10048,40920000,15252
6,1023,40920000,40920000,6029,10048,40960000,15266
6,1024,40960000,40960000,6029,10048,41000000,15281
6,1025,41000000,41000000,6029,10048,41040000,15296
6,1026,41040000,41040000,6029,10048,41080000,15310
6,1027,41080000,41080000,6029,10048,41120000,15324
6,1028,41120000,41120000,6029,10048,41160000,15343
6,1029,41160000,41160000,6029,10048,41200000,15356
6,103,4120000,4120000,6029,10048,4160000,1545
6,1030,41200000,41200000,6029,10048,41240000,15370
6,1031,41240000,41240000,6029,10048,41280000,15386
6,1032,41280000,41280000,6029,10048,41320000,15400
6,1033,41320000,41320000,6029,10048,41360000,15414
6,1034,41360000,41360000,6029,10048,41400000,15430
6,1035,41400000,41400000,6029,10048,41440000,15445
6,1036,41440000,41440000,6029,10048,41480000,15461
6,1037,41480000,41480000,6029,10048,41520000,15475
6,1038,41520000,41520000,6029,10048,41560000,15490
6,1039,41560000,41560000,6029,10048,41600000,15504
6,104,4160000,4160000,6029,10048,4200000,1563
6,1040,41600000,41600000,6029,10048,41640000,15520
6,1041,41640000,41640000,6029,10048,41680000,15533
6,1042,41680000,41680000,6029,10048,41720000,15550
6,1043,41720000,41720000,6029,10048,41760000,15566
6,1044,41760000,41760000,6029,10048,41800000,15579
6,1045,41800000,41800000,6029,10048,41840000,15593
6,1046,41840000,41840000,6029,10048,41880000,15610
6,1047,41880000,41880000,6029,10048,41920000,15623
6,1048,41920000,41920000,6029,10048,41960000,15638
6,1049,41960000,41960000,6029,10048,42000000,15655
6,105,4200000,4200000,6029,10048,4240000,1576
6,1050,42000000,42000000,6029,10048,42040000,15669
6,1051,42040000,42040000,6029,10048,42080000,15684
6,1052,42080000,42080000,6029,10048,42120000,15699
6,1053,42120000,42120000,6029,10048,42160000,15713
6,1054,42160000,42160000,6029,10048,42200000,15728
6,1055,42200000,42200000,6029,10048,42240000,15742
6,1056,42240000,42240000,6029,10048,42280000,15759
6,1057,42280000,42280000,6029,10048,42320000,15773
6,1058,42320000,42320000,6029,10048,42360000,15790
6,1059,42360000,42360000,6029,10048,42400000,15802
6,106,4240000,4240000,6029,10048,4280000,1591
6,1060,42400000,42400000,6029,10048,42440000,15817
6,1061,42440000,42440000,6029,10048,42480000,15833
6,1062,42480000,42480000,6029,10048,42520000,15847
6,1063,42520000,42520000,6029,10048,42560000,15863
6,1064,42560000,42560000,6029,10048,42600000,15879
6,1065,42600000,42600000,6029,10048,42640000,15892
6,1066,42640000,42640000,6029,10048,42680000,15907
6,1067,42680000,42680000,6029,10048,42720000,15922
6,1068,42720000,42720000,6029,10048,42760000,15937
6,1069,42760000,42760000,6029,10048,42800000,15951
6,107,4280000,4280000,6029,10048,4320000,1606
6,1070,42800000,42800000,6029,10048,42840000,15968
6,1071,42840000,42840000,6029,10048,42880000,15982
6,1072,42880000,42880000,6029,10048,42920000,15997
6,1073,42920000,42920000,6029,10048,42960000,16013
6,1074,42960000,42960000,6029,10048,43000000,16026
6,1075,43000000,43000000,6029,10048,43040000,16040
6,1076,43040000,43040000,6029,10048,43080000,16057
6,1077,43080000,43080000,6029,10048,43120000,16071
6,1078,43120000,43120000,6029,10048,43160000,16087
6,1079,43160000,43160000,6029,10048,43200000,16102
6,108,4320000,4320000,6029,10048,4360000,1621
6,1080,43200000,43200000,6029,10048,43240000,16116
6,1081,43240000,43240000,6029,10048,43280000,16130
6,1082,43280000,43280000,6029,10048,43320000,16146
6,1083,43320000,43320000,6029,10048,43360000,16160
6,1084,43360000,43360000,6029,10048,43400000,16177
6,1085,43400000,43400000,6029,10048,43440000,16191
6,1086,43440000,43440000,6029,10048,43480000,16206
6,1087,43480000,43480000,6029,10048,43520000,16220
6,1088,43520000,43520000,6029,10048,43560000,16236
6,1089,43560000,43560000,6029,10048,43600000,16249
6,109,4360000,4360000,6029,10048,4400000,1634
6,1090,43600000,43600000,6029,10048,43640000,16264
6,1091,43640000,43640000,6029,10048,43680000,16282
6,1092,43680000,43680000,6029,10048,43720000,16295
6,1093,43720000,43720000,6029,10048,43760000,16310
6,1094,43760000,43760000,6029,10048,43800000,16326
6,1095,43800000,43800000,6029,10048,43840000,16339
6,1096,43840000,43840000,6029,10048,43880000,16354
6,1097,43880000,43880000,6029,10048,43920000,16369
6,1098,43920000,43920000,6029,10048,43960000,16386
6,1099,43960000,43960000,6029,10048,44000000,16399
6,11,440000,440000,6029,10048,480000,174
6,110,4400000,4400000,6029,10048,4440000,1650
6,1100,44000000,44000000,6029,10048,44040000,16415
6,1101,44040000,44040000,6029,10048,44080000,16429
6,1102,44080000,44080000,6029,10048,44120000,16444
6,1103,44120000,44120000,6029,10048,44160000,16459
6,1104,44160000,44160000,6029,10048,44200000,16473
6,1105,44200000,44200000,6029,10048,44240000,16489
6,1106,44240000,44240000,6029,10048,44280000,16506
6,1107,44280000,44280000,6029,10048,44320000,16518
6,1108,44320000,44320000,6029,10048,44360000,16534
6,1109,44360000,44360000,6029,10048,44400000,16549
6,111,4440000,4440000,6029,10048,4480000,1666
6,1110,44400000,44400000,6029,10048,44440000,16562
6,1111,44440000,44440000,6029,10048,44480000,16577
6,1112,44480000,44480000,6029,10048,44520000,16595
6,1113,44520000,44520000,6029,10048,44560000,16609
6,1114,44560000,44560000,6029,10048,44600000,16623
6,1115,44600000,44600000,6029,10048,44640000,16638
6,1116,44640000,44640000,6029,10048,44680000,16653
6,1117,44680000,44680000,6029,10048,44720000,16667
6,1118,44720000,44720000,6029,10048,44760000,16683
6,1119,44760000,44760000,6029,10048,44800000,16698
6,112,4480000,4480000,6029,10048,4520000,1681
6,1120,44800000,44800000,6029,10048,44840000,16713
6,1121,44840000,44840000,6029,10048,44880000,16728
6,1122,44880000,44880000,6029,10048,44920000,16742
6,1123,44920000,44920000,6029,10048,44960000,16757
6,1124,44960000,44960000,6029,10048,45000000,16773
6,1125,45000000,45000000,6029,10048,45040000,16785
6,1126,45040000,45040000,6029,10048,45080000,16803
6,1127,45080000,45080000,6029,10048,45120000,16818
6,1128,45120000,45120000,6029,10048,45160000,16833
6,1129,45160000,45160000,6029,10048,45200000,16846
6,113,4520000,4520000,6029,10048,4560000,1696
6,1130,45200000,45200000,6029,10048,45240000,16862
6,1131,45240000,45240000,6029,10048,45280000,16876
6,1132,45280000,45280000,6029,10048,45320000,16890
6,1133,45320000,45320000,6029,10048,45360000,16908
6,1134,45360000,45360000,6029,10048,45400000,16922
6,1135,45400000,45400000,6029,10048,45440000,16936
6,1136,45440000,45440000,6029,10048,45480000,16952
6,1137,45480000,45480000,6029,10048,45520000,16965
6,1138,45520000,45520000,6029,10048,45560000,16981
6,1139,45560000,45560000,6029,10048,45600000,16996
6,114,4560000,4560000,6029,10048,4600000,1710
6,1140,45600000,45600000,6029,10048,45640000,17011
6,1141,45640000,45640000,6029,10048,45680000,17026
6,1142,45680000,45680000,6029,10048,45720000,17042
6,1143,45720000,45720000,6029,10048,45760000,17055
6,1144,45760000,45760000,6029,10048,45800000,17070
6,1145,45800000,45800000,6029,10048,45840000,17085
6,1146,45840000,45840000,6029,10048,45880000,17100
6,1147,45880000,45880000,6029,10048,45920000,17115
6,1148,45920000,45920000,6029,10048,45960000,17132
6,1149,45960000,45960000,6029,10048,46000000,17145
6,115,4600000,4600000,6029,10048,4640000,1724
6,1150,46000000,46000000,6029,10048,46040000,17160
6,1151,46040000,46040000,6029,10048,46080000,17175
6,1152,46080000,46080000,6029,10048,46120000,17189
6,1153,46120000,46120000,6029,10048,46160000,17204
6,1154,46160000,46160000,6029,10048,46200000,17221
6,1155,46200000,46200000,6029,10048,46240000,17234
6,1156,46240000,46240000,6029,10048,46280000,17250
6,1157,46280000,46280000,6029,10048,46320000,17265
6,1158,46320000,46320000,6029,10048,46360000,17279
6,1159,46360000,46360000,6029,10048,46400000,17293
6,116,4640000,4640000,6029,10048,4680000,1741
6,1160,46400000,46400000,6029,10048,46440000,17309
6,1161,46440000,46440000,6029,10048,46480000,17325
6,1162,46480000,46480000,6029,10048,46520000,17339
6,1163,46520000,46520000,6029,10048,46560000,17355
6,1164,46560000,46560000,6029,10048,46600000,17369
6,1165,46600000,46600000,6029,10048,46640000,17382
6,1166,46640000,46640000,6029,10048,46680000,17399
6,1167,46680000,46680000,6029,10048,46720000,17412
6,1168,46720000,46720000,6029,10048,46760000,17430
6,1169,46760000,46760000,6029,10048,46800000,17444
6,117,4680000,4680000,6029,10048,4720000,1753
6,1170,46800000,46800000,6029,10048,46840000,17458
6,1171,46840000,46840000,6029,10048,46880000,17473
6,1172,46880000,46880000,6029,10048,46920000,17489
6,1173,46920000,46920000,6029,10048,46960000,17502
6,1174,46960000,46960000,6029,10048,47000000,17517
6,1175,47000000,47000000,6029,10048,47040000,17534
6,1176,47040000,47040000,6029,10048,47080000,17548
6,1177,47080000,47080000,6029,10048,47120000,17562
6,1178,47120000,47120000,6029,10048,47160000,17579
6,1179,47160000,47160000,6029,10048,47200000,17592
6,118,4720000,4720000,6029,10048,4760000,1771
6,1180,47200000,47200000,6029,10048,47240000,17606
6,1181,47240000,47240000,6029,10048,47280000,17622
6,1182,47280000,47280000,6029,10048,47320000,17638
6,1183,47320000,47320000,6029,10048,47360000,17653
6,1184,47360000,47360000,6029,10048,47400000,17668
6,1185,47400000,47400000,6029,10048,47440000,17681
6,1186,47440000,47440000,6029,10048,47480000,17697
6,1187,47480000,47480000,6029,10048,47520000,17711
6,1188,47520000,47520000,6029,10048,47560000,17726
6,1189,47560000,47560000,6029,10048,47600000,17742
6,119,4760000,4760000,6029,10048,4800000,1786
6,1190,47600000,47600000,6029,10048,47640000,17758
6,1191,47640000,47640000,6029,10048,47680000,17771
6,1192,47680000,47680000,6029,10048,47720000,17786
6,1193,47720000,47720000,6029,10048,47760000,17802
6,1194,47760000,47760000,6029,10048,47800000,17816
6,1195,47800000,47800000,6029,10048,47840000,17829
6,1196,47840000,47840000,6029,10048,47880000,17848
6,1197,47880000,47880000,6029,10048,47920000,17861
6,1198,47920000,47920000,6029,10048,47960000,17876
6,1199,47960000,47960000,6029,10048,48000000,17891
6,12,480000,480000,6029,10048,520000,188
6,120,4800000,4800000,6029,10048,4840000,1799
6,1200,48000000,48000000,6029,10048,48040000,17905
6,1201,48040000,48040000,6029,10048,48080000,17920
6,1202,48080000,48080000,6029,10048,48120000,17935
6,1203,48120000,48120000,6029,10048,48160000,17951
6,1204,48160000,48160000,6029,10048,48200000,17966
6,1205,48200000,48200000,6029,10048,48240000,17981
6,1206,48240000,48240000,6029,10048,48280000,17995
6,1207,48280000,48280000,6029,10048,48320000,18009
6,1208,48320000,48320000,6029,10048,48360000,18026
6,1209,48360000,48360000,6029,10048,48400000,18038
6,121,4840000,4840000,6029,10048,4880000,1814
6,1210,48400000,48400000,6029,10048,48440000,18055
6,1211,48440000,48440000,6029,10048,48480000,18071
6,1212,48480000,48480000,6029,10048,48520000,18085
6,1213,48520000,48520000,6029,10048,48560000,18099
6,1214,48560000,48560000,6029,10048,48600000,18115
6,1215,48600000,48600000,6029,10048,48640000,18128
6,1216,48640000,48640000,6029,10048,48680000,18144
6,1217,48680000,48680000,6029,10048,48720000,18160
6,1218,48720000,48720000,6029,10048,48760000,18175
6,1219,48760000,48760000,6029,10048,48800000,18189
6,122,4880000,4880000,6029,10048,4920000,1830
6,1220,48800000,48800000,6029,10048,48840000,18204
6,1221,48840000,48840000,6029,10048,48880000,18218
6,1222,48880000,48880000,6029,10048,48920000,18233
6,1223,48920000,48920000,6029,10048,48960000,18249
6,1224,48960000,48960000,6029,10048,49000000,18264
6,1225,49000000,49000000,6029,10048,49040000,18278
6,1226,49040000,49040000,6029,10048,49080000,18295
6,1227,49080000,49080000,6029,10048,49120000,18308
6,1228,49120000,49120000,6029,10048,49160000,18323
6,1229,49160000,49160000,6029,10048,49200000,18338
6,123,4920000,4920000,6029,10048,4960000,1844
6,1230,49200000,49200000,6029,10048,49240000,18352
6,1231,49240000,49240000,6029,10048,49280000,18368
6,1232,49280000,49280000,6029,10048,49320000,18384
6,1233,49320000,49320000,6029,10048,49360000,18398
6,1234,49360000,49360000,6029,10048,49400000,18413
6,1235,49400000,49400000,6029,10048,49440000,18427
6,1236,49440000,49440000,6029,10048,49480000,18442
6,1237,49480000,49480000,6029,10048,49520000,18456
6,1238,49520000,49520000,6029,10048,49560000,18475
6,1239,49560000,49560000,6029,10048,49600000,18487
6,124,4960000,4960000,6029,10048,5000000,1858
6,1240,49600000,49600000,6029,10048,49640000,18502
6,1241,49640000,49640000,6029,10048,49680000,18518
6,1242,49680000,49680000,6029,10048,49720000,18531
6,1243,49720000,49720000,6029,10048,49760000,18546
6,1244,49760000,49760000,6029,10048,49800000,18562
6,1245,49800000,49800000,6029,10048,49840000,18577
6,1246,49840000,49840000,6029,10048,49880000,18592
6,1247,49880000,49880000,6029,10048,49920000,18607
6,1248,49920000,49920000,6029,10048,49960000,18622
6,1249,49960000,49960000,6029,10048,50000000,18636
6,125,5000000,5000000,6029,10048,5040000,1875
6,1250,50000000,50000000,6029,10048,50040000,18651
6,1251,50040000,50040000,6029,10048,50080000,18665
6,1252,50080000,50080000,6029,10048,50120000,18682
6,1253,50120000,50120000,6029,10048,50160000,18697
6,1254,50160000,50160000,6029,10048,50200000,18711
6,1255,50200000,50200000,6029,10048,50240000,18725
6,1256,50240000,50240000,6029,10048,50280000,18742
6,1257,50280000,50280000,6029,10048,50320000,18754
6,1258,50320000,50320000,6029,10048,50360000,18770
6,1259,50360000,50360000,6029,10048,50400000,18787
6,126,5040000,5040000,6029,10048,5080000,1890
6,1260,50400000,50400000,6029,10048,50440000,18801
6,1261,50440000,50440000,6029,10048,50480000,18815
6,1262,50480000,50480000,6029,10048,50520000,18831
6,1263,50520000,50520000,6029,10048,50560000,18845
6,1264,50560000,50560000,6029,10048,50600000,18859
6,1265,50600000,50600000,6029,10048,50640000,18874
6,1266,50640000,50640000,6029,10048,50680000,18891
6,1267,50680000,50680000,6029,10048,50720000,18905
6,1268,50720000,50720000,6029,10048,50760000,18921
6,1269,50760000,50760000,6029,10048,50800000,18934
6,127,5080000,5080000,6029,10048,5120000,1904
6,1270,50800000,50800000,6029,10048,50840000,18949
6,1271,50840000,50840000,6029,10048,50880000,18965
6,1272,50880000,50880000,6029,10048,50920000,18978
6,1273,50920000,50920000,6029,10048,50960000,18995
6,1274,50960000,50960000,6029,10048,51000000,19011
6,1275,51000000,51000000,6029,10048,51040000,19023
6,1276,51040000,51040000,6029,10048,51080000,19039
6,1277,51080000,51080000,6029,10048,51120000,19054
6,1278,51120000,51120000,6029,10048,51160000,19069
6,1279,51160000,51160000,6029,10048,51200000,19082
6,128,5120000,5120000,6029,10048,5160000,1920
6,1280,51200000,51200000,6029,10048,51240000,19100
6,1281,51240000,51240000,6029,10048,51280000,19114
6,1282,51280000,51280000,6029,10048,51320000,19129
6,1283,51320000,51320000,6029,10048,51360000,19144
6,1284,51360000,51360000,6029,10048,51400000,19158
6,1285,51400000,51400000,6029,10048,51440000,19172
6,1286,51440000,51440000,6029,10048,51480000,19188
6,1287,51480000,51480000,6029,10048,51520000,19203
6,1288,51520000,51520000,6029,10048,51560000,19219
6,1289,51560000,51560000,6029,10048,51600000,19234
6,129,5160000,5160000,6029,10048,5200000,1933
6,1290,51600000,51600000,6029,10048,51640000,19247
6,1291,51640000,51640000,6029,10048,51680000,19262
6,1292,51680000,51680000,6029,10048,51720000,19278
6,1293,51720000,51720000,6029,10048,51760000,19292
6,1294,51760000,51760000,6029,10048,51800000,19308
6,1295,51800000,51800000,6029,10048,51840000,19323
6,1296,51840000,51840000,6029,10048,51880000,19338
6,1297,51880000,51880000,6029,10048,51920000,19351
6,1298,51920000,51920000,6029,10048,51960000,19368
6,1299,51960000,51960000,6029,10048,52000000,19381
6,13,520000,520000,6029,10048,560000,205
6,130,5200000,5200000,6029,10048,5240000,1948
6,1300,52000000,52000000,6029,10048,52040000,19396
6,1301,52040000,52040000,6029,10048,52080000,19413
6,1302,52080000,52080000,6029,10048,52120000,19427
6,1303,52120000,52120000,6029,10048,52160000,19442
6,1304,52160000,52160000,6029,10048,52200000,19458
6,1305,52200000,52200000,6029,10048,52240000,19470
6,1306,52240000,52240000,6029,10048,52280000,19486
6,1307,52280000,52280000,6029,10048,52320000,19501
6,1308,52320000,52320000,6029,10048,52360000,19517
6,1309,52360000,52360000,6029,10048,52400000,19531
6,131,5240000,5240000,6029,10048,5280000,1963
6,1310,52400000,52400000,6029,10048,52440000,19547
6,1311,52440000,52440000,6029,10048,52480000,19561
6,1312,52480000,52480000,6029,10048,52520000,19575
6,1313,52520000,52520000,6029,10048,52560000,19591
6,1314,52560000,52560000,6029,10048,52600000,19605
6,1315,52600000,52600000,6029,10048,52640000,19621
6,1316,52640000,52640000,6029,10048,52680000,19637
6,1317,52680000,52680000,6029,10048,52720000,19650
6,1318,52720000,52720000,6029,10048,52760000,19666
6,1319,52760000,52760000,6029,10048,52800000,19680
6,132,5280000,5280000,6029,10048,5320000,1979
6,1320,52800000,52800000,6029,10048,52840000,19694
6,1321,52840000,52840000,6029,10048,52880000,19709
6,1322,52880000,52880000,6029,10048,52920000,19727
6,1323,52920000,52920000,6029,10048,52960000,19740
6,1324,52960000,52960000,6029,10048,53000000,19755
6,1325,53000000,53000000,6029,10048,53040000,19770
6,1326,53040000,53040000,6029,10048,53080000,19785
6,1327,53080000,53080000,6029,10048,53120000,19798
6,1328,53120000,53120000,6029,10048,53160000,19815
6,1329,53160000,53160000,6029,10048,53200000,19830
6,133,5320000,5320000,6029,10048,5360000,1994
6,1330,53200000,53200000,6029,10048,53240000,19844
6,1331,53240000,53240000,6029,10048,53280000,19860
6,1332,53280000,53280000,6029,10048,53320000,19874
6,1333,53320000,53320000,6029,10048,53360000,19889
6,1334,53360000,53360000,6029,10048,53400000,19904
6,1335,53400000,53400000,6029,10048,53440000,19917
6,1336,53440000,53440000,6029,10048,53480000,19935
6,1337,53480000,53480000,6029,10048,53520000,19950
6,1338,53520000,53520000,6029,10048,53560000,19964
6,1339,53560000,53560000,6029,10048,53600000,19978
6,134,5360000,5360000,6029,10048,5400000,2010
6,1340,53600000,53600000,6029,10048,53640000,19994
6,1341,53640000,53640000,6029,10048,53680000,20007
6,1342,53680000,53680000,6029,10048,53720000,20022
6,1343,53720000,53720000,6029,10048,53760000,20040
6,1344,53760000,53760000,6029,10048,53800000,20054
6,1345,53800000,53800000,6029,10048,53840000,20067
6,1346,53840000,53840000,6029,10048,53880000,20084
6,1347,53880000,53880000,6029,10048,53920000,20097
6,1348,53920000,53920000,6029,10048,53960000,20113
6,1349,53960000,53960000,6029,10048,54000000,20127
6,135,5400000,5400000,6029,10048,5440000,2022
6,1350,54000000,54000000,6029,10048,54040000,20143
6,1351,54040000,54040000,6029,10048,54080000,20158
6,1352,54080000,54080000,6029,10048,54120000,20173
6,1353,54120000,54120000,6029,10048,54160000,20187
6,1354,54160000,54160000,6029,10048,54200000,20202
6,1355,54200000,54200000,6029,10048,54240000,20217
6,1356,54240000,54240000,6029,10048,54280000,20231
6,1357,54280000,54280000,6029,10048,54320000,20247
6,1358,54320000,54320000,6029,10048,54360000,20264
6,1359,54360000,54360000,6029,10048,54400000,20277
6,136,5440000,5440000,6029,10048,5480000,2038
6,1360,54400000,54400000,6029,10048,54440000,20291
6,1361,54440000,54440000,6029,10048,54480000,20307
6,1362,54480000,54480000,6029,10048,54520000,20321
6,1363,54520000,54520000,6029,10048,54560000,20335
6,1364,54560000,54560000,6029,10048,54600000,20353
6,1365,54600000,54600000,6029,10048,54640000,20366
6,1366,54640000,54640000,6029,10048,54680000,20382
6,1367,54680000,54680000,6029,10048,54720000,20396
6,1368,54720000,54720000,6029,10048,54760000,20411
6,1369,54760000,54760000,6029,10048,54800000,20425
6,137,5480000,5480000,6029,10048,5520000,2053
6,1370,54800000,54800000,6029,10048,54840000,20441
6,1371,54840000,54840000,6029,10048,54880000,20456
6,1372,54880000,54880000,6029,10048,54920000,20471
6,1373,54920000,54920000,6029,10048,54960000,20487
6,1374,54960000,54960000,6029,10048,55000000,20500
6,1375,55000000,55000000,6029,10048,55040000,20514
6,1376,55040000,55040000,6029,10048,55080000,20531
6,1377,55080000,55080000,6029,10048,55120000,20544
6,1378,55120000,55120000,6029,10048,55160000,20561
6,1379,55160000,55160000,6029,10048,55200000,20576
6,138,5520000,5520000,6029,10048,5560000,2068
6,1380,55200000,55200000,6029,10048,55240000,20590
6,1381,55240000,55240000,6029,10048,55280000,20605
6,1382,55280000,55280000,6029,10048,55320000,20620
6,1383,55320000,55320000,6029,10048,55360000,20634
6,1384,55360000,55360000,6029,10048,55400000,20649
6,1385,55400000,55400000,6029,10048,55440000,20665
6,1386,55440000,55440000,6029,10048,55480000,20680
6,1387,55480000,55480000,6029,10048,55520000,20694
6,1388,55520000,55520000,6029,10048,55560000,20711
6,1389,55560000,55560000,6029,10048,55600000,20723
6,139,5560000,5560000,6029,10048,5600000,2083
6,1390,55600000,55600000,6029,10048,55640000,20738
6,1391,55640000,55640000,6029,10048,55680000,20754
6,1392,55680000,55680000,6029,10048,55720000,20770
6,1393,55720000,55720000,6029,10048,55760000,20784
6,1394,55760000,55760000,6029,10048,55800000,20800
6,1395,55800000,55800000,6029,10048,55840000,20813
6,1396,55840000,55840000,6029,10048,55880000,20828
6,1397,55880000,55880000,6029,10048,55920000,20843
6,1398,55920000,55920000,6029,10048,55960000,20858
6,1399,55960000,55960000,6029,10048,56000000,20874
6,14,560000,560000,6029,10048,600000,220
6,140,5600000,5600000,6029,10048,5640000,2099
6,1400,56000000,56000000,6029,10048,56040000,20889
6,1401,56040000,56040000,6029,10048,56080000,20903
6,1402,56080000,56080000,6029,10048,56120000,20918
6,1403,56120000,56120000,6029,10048,56160000,20934
6,1404,56160000,56160000,6029,10048,56200000,20947
6,1405,56200000,56200000,6029,10048,56240000,20961
6,1406,56240000,56240000,6029,10048,56280000,20980
6,1407,56280000,56280000,6029,10048,56320000,20992
6,1408,56320000,56320000,6029,10048,56360000,21008
6,1409,56360000,56360000,6029,10048,56400000,21023
6,141,5640000,5640000,6029,10048,5680000,2113
6,1410,56400000,56400000,6029,10048,56440000,21037
6,1411,56440000,56440000,6029,10048,56480000,21051
6,1412,56480000,56480000,6029,10048,56520000,21067
6,1413,56520000,56520000,6029,10048,56560000,21083
6,1414,56560000,56560000,6029,10048,56600000,21098
6,1415,56600000,56600000,6029,10048,56640000,21112
6,1416,56640000,56640000,6029,10048,56680000,21127
6,1417,56680000,56680000,6029,10048,56720000,21141
6,1418,56720000,56720000,6029,10048,56760000,21157
6,1419,56760000,56760000,6029,10048,56800000,21170
6,142,5680000,5680000,6029,10048,5720000,2127
6,1420,56800000,56800000,6029,10048,56840000,21187
6,1421,56840000,56840000,6029,10048,56880000,21203
6,1422,56880000,56880000,6029,10048,56920000,21216
6,1423,56920000,56920000,6029,10048,56960000,21231
6,1424,56960000,56960000,6029,10048,57000000,21247
6,1425,57000000,57000000,6029,10048,57040000,21260
6,1426,57040000,57040000,6029,10048,57080000,21275
6,1427,57080000,57080000,6029,10048,57120000,21292
6,1428,57120000,57120000,6029,10048,57160000,21307
6,1429,57160000,57160000,6029,10048,57200000,21320
6,143,5720000,5720000,6029,10048,5760000,2143
6,1430,57200000,57200000,6029,10048,57240000,21336
6,1431,57240000,57240000,6029,10048,57280000,21350
6,1432,57280000,57280000,6029,10048,57320000,21365
6,1433,57320000,57320000,6029,10048,57360000,21380
6,1434,57360000,57360000,6029,10048,57400000,21396
6,1435,57400000,57400000,6029,10048,57440000,21410
6,1436,57440000,57440000,6029,10048,57480000,21427
6,1437,57480000,57480000,6029,10048,57520000,21439
6,1438,57520000,57520000,6029,10048,57560000,21455
6,1439,57560000,57560000,6029,10048,57600000,21470
6,144,5760000,5760000,6029,10048,5800000,2157
6,1440,57600000,57600000,6029,10048,57640000,21483
6,1441,57640000,57640000,6029,10048,57680000,21500
6,1442,57680000,57680000,6029,10048,57720000,21516
6,1443,57720000,57720000,6029,10048,57760000,21530
6,1444,57760000,57760000,6029,10048,57800000,21544
6,1445,57800000,57800000,6029,10048,57840000,21559
6,1446,57840000,57840000,6029,10048,57880000,21574
6,1447,57880000,57880000,6029,10048,57920000,21588
6,1448,57920000,57920000,6029,10048,57960000,21606
6,1449,57960000,57960000,6029,10048,58000000,21619
6,145,5800000,5800000,6029,10048,5840000,2171
6,1450,58000000,58000000,6029,10048,58040000,21634
6,1451,58040000,58040000,6029,10048,58080000,21649
6,1452,58080000,58080000,6029,10048,58120000,21663
6,1453,58120000,58120000,6029,10048,58160000,21678
6,1454,58160000,58160000,6029,10048,58200000,21694
6,1455,58200000,58200000,6029,10048,58240000,21708
6,1456,58240000,58240000,6029,10048,58280000,21724
6,1457,58280000,58280000,6029,10048,58320000,21739
6,1458,58320000,58320000,6029,10048,58360000,21754
6,1459,58360000,58360000,6029,10048,58400000,21767
6,146,5840000,5840000,6029,10048,5880000,2189
6,1460,58400000,58400000,6029,10048,58440000,21783
6,1461,58440000,58440000,6029,10048,58480000,21797
6,1462,58480000,58480000,6029,10048,58520000,21813
6,1463,58520000,58520000,6029,10048,58560000,21829
6,1464,58560000,58560000,6029,10048,58600000,21843
6,1465,58600000,58600000,6029,10048,58640000,21857
6,1466,58640000,58640000,6029,10048,58680000,21873
6,1467,58680000,58680000,6029,10048,58720000,21886
6,1468,58720000,58720000,6029,10048,58760000,21902
6,1469,58760000,58760000,6029,10048,58800000,21919
6,147,5880000,5880000,6029,10048,5920000,2202
6,1470,58800000,58800000,6029,10048,58840000,21932
6,1471,58840000,58840000,6029,10048,58880000,21947
6,1472,58880000,58880000,6029,10048,58920000,21963
6,1473,58920000,58920000,6029,10048,58960000,21976
6,1474,58960000,58960000,6029,10048,59000000,21991
6,1475,59000000,59000000,6029,10048,59040000,22006
6,1476,59040000,59040000,6029,10048,59080000,22023
6,1477,59080000,59080000,6029,10048,59120000,22036
6,1478,59120000,59120000,6029,10048,59160000,22053
6,1479,59160000,59160000,6029,10048,59200000,22066
6,148,5920000,5920000,6029,10048,5960000,2218
6,1480,59200000,59200000,6029,10048,59240000,22081
6,1481,59240000,59240000,6029,10048,59280000,22096
6,1482,59280000,59280000,6029,10048,59320000,22110
6,1483,59320000,59320000,6029,10048,59360000,22127
6,1484,59360000,59360000,6029,10048,59400000,22142
6,1485,59400000,59400000,6029,10048,59440000,22155
6,1486,59440000,59440000,6029,10048,59480000,22171
6,1487,59480000,59480000,6029,10048,59520000,22186
6,1488,59520000,59520000,6029,10048,59560000,22200
6,1489,59560000,59560000,6029,10048,59600000,22214
6,149,5960000,5960000,6029,10048,6000000,2233
6,1490,59600000,59600000,6029,10048,59640000,22232
6,1491,59640000,59640000,6029,10048,59680000,22246
6,1492,59680000,59680000,6029,10048,59720000,22260
6,1493,59720000,59720000,6029,10048,59760000,22276
6,1494,59760000,59760000,6029,10048,59800000,22290
6,1495,59800000,59800000,6029,10048,59840000,22303
6,1496,59840000,59840000,6029,10048,59880000,22320
6,1497,59880000,59880000,6029,10048,59920000,22335
6,1498,59920000,59920000,6029,10048,59960000,22351
6,1499,59960000,59960000,6029,10048,60000000,22365
6,15,600000,600000,6029,10048,640000,233
6,150,6000000,6000000,6029,10048,6040000,2246
6,1500,60000000,60000000,6029,10048,60040000,22379
6,1501,60040000,60040000,6029,10048,60080000,22394
6,1502,60080000,60080000,6029,10048,60120000,22410
6,1503,60120000,60120000,6029,10048,60160000,22423
6,1504,60160000,60160000,6029,10048,60200000,22440
6,1505,60200000,60200000,6029,10048,60240000,22455
6,1506,60240000,60240000,6029,10048,60280000,22469
6,1507,60280000,60280000,6029,10048,60320000,22483
6,1508,60320000,60320000,6029,10048,60360000,22500
6,1509,60360000,60360000,6029,10048,60400000,22513
6,151,6040000,6040000,6029,10048,6080000,2261
6,1510,60400000,60400000,6029,10048,60440000,22527
6,1511,60440000,60440000,6029,10048,60480000,22545
6,1512,60480000,60480000,6029,10048,60520000,22559
6,1513,60520000,60520000,6029,10048,60560000,22574
6,1514,60560000,60560000,6029,10048,60600000,22589
6,1515,60600000,60600000,6029,10048,60640000,22602
6,1516,60640000,60640000,6029,10048,60680000,22618
6,1517,60680000,60680000,6029,10048,60720000,22632
6,1518,60720000,60720000,6029,10048,60760000,22649
6,1519,60760000,60760000,6029,10048,60800000,22663
6,152,6080000,6080000,6029,10048,6120000,2277
6,1520,60800000,60800000,6029,10048,60840000,22679
6,1521,60840000,60840000,6029,10048,60880000,22692
6,1522,60880000,60880000,6029,10048,60920000,22707
6,1523,60920000,60920000,6029,10048,60960000,22723
6,1524,60960000,60960000,6029,10048,61000000,22737
6,1525,61000000,61000000,6029,10048,61040000,22752
6,1526,61040000,61040000,6029,10048,61080000,22769
6,1527,61080000,61080000,6029,10048,61120000,22782
6,1528,61120000,61120000,6029,10048,61160000,22797
6,1529,61160000,61160000,6029,10048,61200000,22812
6,153,6120000,6120000,6029,10048,6160000,2292
6,1530,61200000,61200000,6029,10048,61240000,22826
6,1531,61240000,61240000,6029,10048,61280000,22841
6,1532,61280000,61280000,6029,10048,61320000,22858
6,1533,61320000,61320000,6029,10048,61360000,22872
6,1534,61360000,61360000,6029,10048,61400000,22887
6,1535,61400000,61400000,6029,10048,61440000,22902
6,1536,61440000,61440000,6029,10048,61480000,22916
6,1537,61480000,61480000,6029,10048,61520000,22930
6,1538,61520000,61520000,6029,10048,61560000,22947
6,1539,61560000,61560000,6029,10048,61600000,22961
6,154,6160000,6160000,6029,10048,6200000,2307
6,1540,61600000,61600000,6029,10048,61640000,22976
6,1541,61640000,61640000,6029,10048,61680000,22992
6,1542,61680000,61680000,6029,10048,61720000,23006
6,1543,61720000,61720000,6029,10048,61760000,23020
6,1544,61760000,61760000,6029,10048,61800000,23036
6,1545,61800000,61800000,6029,10048,61840000,23049
6,1546,61840000,61840000,6029,10048,61880000,23067
6,1547,61880000,61880000,6029,10048,61920000,23081
6,1548,61920000,61920000,6029,10048,61960000,23096
6,1549,61960000,61960000,6029,10048,62000000,23110
6,155,6200000,6200000,6029,10048,6240000,2322
6,1550,62000000,62000000,6029,10048,62040000,23125
6,1551,62040000,62040000,6029,10048,62080000,23139
6,1552,62080000,62080000,6029,10048,62120000,23154
6,1553,62120000,62120000,6029,10048,62160000,23172
6,1554,62160000,62160000,6029,10048,62200000,23185
6,1555,62200000,62200000,6029,10048,62240000,23199
6,1556,62240000,62240000,6029,10048,62280000,23216
6,1557,62280000,62280000,6029,10048,62320000,23229
6,1558,62320000,62320000,6029,10048,62360000,23244
6,1559,62360000,62360000,6029,10048,62400000,23259
6,156,6240000,6240000,6029,10048,6280000,2337
6,1560,62400000,62400000,6029,10048,62440000,23275
6,1561,62440000,62440000,6029,10048,62480000,23289
6,1562,62480000,62480000,6029,10048,62520000,23305
6,1563,62520000,62520000,6029,10048,62560000,23319
6,1564,62560000,62560000,6029,10048,62600000,23334
6,1565,62600000,62600000,6029,10048,62640000,23348
6,1566,62640000,62640000,6029,10048,62680000,23363
6,1567,62680000,62680000,6029,10048,62720000,23379
6,1568,62720000,62720000,6029,10048,62760000,23396
6,1569,62760000,62760000,6029,10048,62800000,23408
6,157,6280000,6280000,6029,10048,6320000,2350
6,1570,62800000,62800000,6029,10048,62840000,23423
6,1571,62840000,62840000,6029,10048,62880000,23439
6,1572,62880000,62880000,6029,10048,62920000,23452
6,1573,62920000,62920000,6029,10048,62960000,23467
6,1574,62960000,62960000,6029,10048,63000000,23485
6,1575,63000000,63000000,6029,10048,63040000,23498
6,1576,63040000,63040000,6029,10048,63080000,23513
6,1577,63080000,63080000,6029,10048,63120000,23528
6,1578,63120000,63120000,6029,10048,63160000,23543
6,1579,63160000,63160000,6029,10048,63200000,23557
6,158,6320000,6320000,6029,10048,6360000,2367
6,1580,63200000,63200000,6029,10048,63240000,23572
6,1581,63240000,63240000,6029,10048,63280000,23588
6,1582,63280000,63280000,6029,10048,63320000,23603
6,1583,63320000,63320000,6029,10048,63360000,23618
6,1584,63360000,63360000,6029,10048,63400000,23632
6,1585,63400000,63400000,6029,10048,63440000,23646
6,1586,63440000,63440000,6029,10048,63480000,23663
6,1587,63480000,63480000,6029,10048,63520000,23675
6,1588,63520000,63520000,6029,10048,63560000,23693
6,1589,63560000,63560000,6029,10048,63600000,23708
6,159,6360000,6360000,6029,10048,6400000,2380
6,1590,63600000,63600000,6029,10048,63640000,23722
6,1591,63640000,63640000,6029,10048,63680000,23736
6,1592,63680000,63680000,6029,10048,63720000,23752
6,1593,63720000,63720000,6029,10048,63760000,23766
6,1594,63760000,63760000,6029,10048,63800000,23780
6,1595,63800000,63800000,6029,10048,63840000,23797
6,1596,63840000,63840000,6029,10048,63880000,23812
6,1597,63880000,63880000,6029,10048,63920000,23826
6,1598,63920000,63920000,6029,10048,63960000,23842
6,1599,63960000,63960000,6029,10048,64000000,23855
6,16,640000,640000,6029,10048,680000,249
6,160,6400000,6400000,6029,10048,6440000,2397
6,1600,64000000,64000000,6029,10048,64040000,23870
6,1601,64040000,64040000,6029,10048,64080000,23886
6,1602,64080000,64080000,6029,10048,64120000,23901
6,1603,64120000,64120000,6029,10048,64160000,23916
6,1604,64160000,64160000,6029,10048,64200000,23932
6,1605,64200000,64200000,6029,10048,64240000,23944
6,1606,64240000,64240000,6029,10048,64280000,23960
6,1607,64280000,64280000,6029,10048,64320000,23975
6,1608,64320000,64320000,6029,10048,64360000,23990
6,1609,64360000,64360000,6029,10048,64400000,24005
6,161,6440000,6440000,6029,10048,6480000,2412
6,1610,64400000,64400000,6029,10048,64440000,24021
6,1611,64440000,64440000,6029,10048,64480000,24035
6,1612,64480000,64480000,6029,10048,64520000,24050
6,1613,64520000,64520000,6029,10048,64560000,24065
6,1614,64560000,64560000,6029,10048,64600000,24079
6,1615,64600000,64600000,6029,10048,64640000,24093
6,1616,64640000,64640000,6029,10048,64680000,24111
6,1617,64680000,64680000,6029,10048,64720000,24124
6,1618,64720000,64720000,6029,10048,64760000,24140
6,1619,64760000,64760000,6029,10048,64800000,24155
6,162,6480000,6480000,6029,10048,6520000,2426
6,1620,64800000,64800000,6029,10048,64840000,24168
6,1621,64840000,64840000,6029,10048,64880000,24183
6,1622,64880000,64880000,6029,10048,64920000,24199
6,1623,64920000,64920000,6029,10048,64960000,24215
6,1624,64960000,64960000,6029,10048,65000000,24229
6,1625,65000000,65000000,6029,10048,65040000,24244
6,1626,65040000,65040000,6029,10048,65080000,24259
6,1627,65080000,65080000,6029,10048,65120000,24272
6,1628,65120000,65120000,6029,10048,65160000,24289
6,1629,65160000,65160000,6029,10048,65200000,24302
6,163,6520000,6520000,6029,10048,6560000,2441
6,1630,65200000,65200000,6029,10048,65240000,24319
6,1631,65240000,65240000,6029,10048,65280000,24334
6,1632,65280000,65280000,6029,10048,65320000,24348
6,1633,65320000,65320000,6029,10048,65360000,24363
6,1634,65360000,65360000,6029,10048,65400000,24379
6,1635,65400000,65400000,6029,10048,65440000,24391
6,1636,65440000,65440000,6029,10048,65480000,24407
6,1637,65480000,65480000,6029,10048,65520000,24424
6,1638,65520000,65520000,6029,10048,65560000,24438
6,1639,65560000,65560000,6029,10048,65600000,24452
6,164,6560000,6560000,6029,10048,6600000,2456
6,1640,65600000,65600000,6029,10048,65640000,24468
6,1641,65640000,65640000,6029,10048,65680000,24482
6,1642,65680000,65680000,6029,10048,65720000,24496
6,1643,65720000,65720000,6029,10048,65760000,24512
6,1644,65760000,65760000,6029,10048,65800000,24528
6,1645,65800000,65800000,6029,10048,65840000,24542
6,1646,65840000,65840000,6029,10048,65880000,24558
6,1647,65880000,65880000,6029,10048,65920000,24571
6,1648,65920000,65920000,6029,10048,65960000,24587
6,1649,65960000,65960000,6029,10048,66000000,24601
6,165,6600000,6600000,6029,10048,6640000,2469
6,1650,66000000,66000000,6029,10048,66040000,24615
6,1651,66040000,66040000,6029,10048,66080000,24632
6,1652,66080000,66080000,6029,10048,66120000,24648
6,1653,66120000,66120000,6029,10048,66160000,24661
6,1654,66160000,66160000,6029,10048,66200000,24676
6,1655,66200000,66200000,6029,10048,66240000,24691
6,1656,66240000,66240000,6029,10048,66280000,24706
6,1657,66280000,66280000,6029,10048,66320000,24719
6,1658,66320000,66320000,6029,10048,66360000,24738
6,1659,66360000,66360000,6029,10048,66400000,24751
6,166,6640000,6640000,6029,10048,6680000,2485
6,1660,66400000,66400000,6029,10048,66440000,24765
6,1661,66440000,66440000,6029,10048,66480000,24781
6,1662,66480000,66480000,6029,10048,66520000,24795
6,1663,66520000,66520000,6029,10048,66560000,24810
6,1664,66560000,66560000,6029,10048,66600000,24825
6,1665,66600000,66600000,6029,10048,66640000,24840
6,1666,66640000,66640000,6029,10048,66680000,24856
6,1667,66680000,66680000,6029,10048,66720000,24871
6,1668,66720000,66720000,6029,10048,66760000,24885
6,1669,66760000,66760000,6029,10048,66800000,24899
6,167,6680000,6680000,6029,10048,6720000,2502
6,1670,66800000,66800000,6029,10048,66840000,24915
6,1671,66840000,66840000,6029,10048,66880000,24928
6,1672,66880000,66880000,6029,10048,66920000,24945
6,1673,66920000,66920000,6029,10048,66960000,24961
6,1674,66960000,66960000,6029,10048,67000000,24975
6,1675,67000000,67000000,6029,10048,67040000,24988
6,1676,67040000,67040000,6029,10048,67080000,25005
6,1677,67080000,67080000,6029,10048,67120000,25018
6,1678,67120000,67120000,6029,10048,67160000,25034
6,1679,67160000,67160000,6029,10048,67200000,25050
6,168,6720000,6720000,6029,10048,6760000,2516
6,1680,67200000,67200000,6029,10048,67240000,25064
6,1681,67240000,67240000,6029,10048,67280000,25079
6,1682,67280000,67280000,6029,10048,67320000,25094
6,1683,67320000,67320000,6029,10048,67360000,25108
6,1684,67360000,67360000,6029,10048,67400000,25123
6,1685,67400000,67400000,6029,10048,67440000,25138
6,1686,67440000,67440000,6029,10048,67480000,25154
6,1687,67480000,67480000,6029,10048,67520000,25168
6,1688,67520000,67520000,6029,10048,67560000,25185
6,1689,67560000,67560000,6029,10048,67600000,25198
6,169,6760000,6760000,6029,10048,6800000,2530
6,1690,67600000,67600000,6029,10048,67640000,25212
6,1691,67640000,67640000,6029,10048,67680000,25228
6,1692,67680000,67680000,6029,10048,67720000,25242
6,1693,67720000,67720000,6029,10048,67760000,25258
6,1694,67760000,67760000,6029,10048,67800000,25274
6,1695,67800000,67800000,6029,10048,67840000,25287
6,1696,67840000,67840000,6029,10048,67880000,25303
6,1697,67880000,67880000,6029,10048,67920000,25317
6,1698,67920000,67920000,6029,10048,67960000,25332
6,1699,67960000,67960000,6029,10048,68000000,25346
6,17,680000,680000,6029,10048,720000,264
6,170,6800000,6800000,6029,10048,6840000,2546
6,1700,68000000,68000000,6029,10048,68040000,25364
6,1701,68040000,68040000,6029,10048,68080000,25377
6,1702,68080000,68080000,6029,10048,68120000,25392
6,1703,68120000,68120000,6029,10048,68160000,25408
6,1704,68160000,68160000,6029,10048,68200000,25421
6,1705,68200000,68200000,6029,10048,68240000,25435
6,1706,68240000,68240000,6029,10048,68280000,25452
6,1707,68280000,68280000,6029,10048,68320000,25467
6,1708,68320000,68320000,6029,10048,68360000,25482
6,1709,68360000,68360000,6029,10048,68400000,25497
6,171,6840000,6840000,6029,10048,6880000,2560
6,1710,68400000,68400000,6029,10048,68440000,25511
6,1711,68440000,68440000,6029,10048,68480000,25526
6,1712,68480000,68480000,6029,10048,68520000,25541
6,1713,68520000,68520000,6029,10048,68560000,25555
6,1714,68560000,68560000,6029,10048,68600000,25572
6,1715,68600000,68600000,6029,10048,68640000,25586
6,1716,68640000,68640000,6029,10048,68680000,25601
6,1717,68680000,68680000,6029,10048,68720000,25615
6,1718,68720000,68720000,6029,10048,68760000,25632
6,1719,68760000,68760000,6029,10048,68800000,25644
6,172,6880000,6880000,6029,10048,6920000,2574
6,1720,68800000,68800000,6029,10048,68840000,25659
6,1721,68840000,68840000,6029,10048,68880000,25677
6,1722,68880000,68880000,6029,10048,68920000,25691
6,1723,68920000,68920000,6029,10048,68960000,25705
6,1724,68960000,68960000,6029,10048,69000000,25721
6,1725,69000000,69000000,6029,10048,69040000,25734
6,1726,69040000,69040000,6029,10048,69080000,25749
6,1727,69080000,69080000,6029,10048,69120000,25764
6,1728,69120000,69120000,6029,10048,69160000,25781
6,1729,69160000,69160000,6029,10048,69200000,25795
6,173,6920000,6920000,6029,10048,6960000,2590
6,1730,69200000,69200000,6029,10048,69240000,25810
6,1731,69240000,69240000,6029,10048,69280000,25824
6,1732,69280000,69280000,6029,10048,69320000,25839
6,1733,69320000,69320000,6029,10048,69360000,25855
6,1734,69360000,69360000,6029,10048,69400000,25868
6,1735,69400000,69400000,6029,10048,69440000,25884
6,1736,69440000,69440000,6029,10048,69480000,25901
6,1737,69480000,69480000,6029,10048,69520000,25913
6,1738,69520000,69520000,6029,10048,69560000,25929
6,1739,69560000,69560000,6029,10048,69600000,25944
6,174,6960000,6960000,6029,10048,7000000,2606
6,1740,69600000,69600000,6029,10048,69640000,25958
6,1741,69640000,69640000,6029,10048,69680000,25972
6,1742,69680000,69680000,6029,10048,69720000,25990
6,1743,69720000,69720000,6029,10048,69760000,26004
6,1744,69760000,69760000,6029,10048,69800000,26019
6,1745,69800000,69800000,6029,10048,69840000,26033
6,1746,69840000,69840000,6029,10048,69880000,26048
6,1747,69880000,69880000,6029,10048,69920000,26062
6,1748,69920000,69920000,6029,10048,69960000,26078
6,1749,69960000,69960000,6029,10048,70000000,26093
6,175,7000000,7000000,6029,10048,7040000,2619
6,1750,70000000,70000000,6029,10048,70040000,26108
6,1751,70040000,70040000,6029,10048,70080000,26124
6,1752,70080000,70080000,6029,10048,70120000,26137
6,1753,70120000,70120000,6029,10048,70160000,26152
6,1754,70160000,70160000,6029,10048,70200000,26168
6,1755,70200000,70200000,6029,10048,70240000,26181
6,1756,70240000,70240000,6029,10048,70280000,26198
6,1757,70280000,70280000,6029,10048,70320000,26213
6,1758,70320000,70320000,6029,10048,70360000,26228
6,1759,70360000,70360000,6029,10048,70400000,26241
6,176,7040000,7040000,6029,10048,7080000,2636
6,1760,70400000,70400000,6029,10048,70440000,26257
6,1761,70440000,70440000,6029,10048,70480000,26271
6,1762,70480000,70480000,6029,10048,70520000,26286
6,1763,70520000,70520000,6029,10048,70560000,26303
6,1764,70560000,70560000,6029,10048,70600000,26317
6,1765,70600000,70600000,6029,10048,70640000,26331
6,1766,70640000,70640000,6029,10048,70680000,26348
6,1767,70680000,70680000,6029,10048,70720000,26360
6,1768,70720000,70720000,6029,10048,70760000,26376
6,1769,70760000,70760000,6029,10048,70800000,26391
6,177,7080000,7080000,6029,10048,7120000,2649
6,1770,70800000,70800000,6029,10048,70840000,26406
6,1771,70840000,70840000,6029,10048,70880000,26421
6,1772,70880000,70880000,6029,10048,70920000,26437
6,1773,70920000,70920000,6029,10048,70960000,26451
6,1774,70960000,70960000,6029,10048,71000000,26465
6,1775,71000000,71000000,6029,10048,71040000,26480
6,1776,71040000,71040000,6029,10048,71080000,26495
6,1777,71080000,71080000,6029,10048,71120000,26511
6,1778,71120000,71120000,6029,10048,71160000,26527
6,1779,71160000,71160000,6029,10048,71200000,26540
6,178,7120000,7120000,6029,10048,7160000,2665
6,1780,71200000,71200000,6029,10048,71240000,26555
6,1781,71240000,71240000,6029,10048,71280000,26570
6,1782,71280000,71280000,6029,10048,71320000,26584
6,1783,71320000,71320000,6029,10048,71360000,26599
6,1784,71360000,71360000,6029,10048,71400000,26617
6,1785,71400000,71400000,6029,10048,71440000,26629
6,1786,71440000,71440000,6029,10048,71480000,26645
6,1787,71480000,71480000,6029,10048,71520000,26660
6,1788,71520000,71520000,6029,10048,71560000,26675
6,1789,71560000,71560000,6029,10048,71600000,26688
6,179,7160000,7160000,6029,10048,7200000,2679
6,1790,71600000,71600000,6029,10048,71640000,26704
6,1791,71640000,71640000,6029,10048,71680000,26720
6,1792,71680000,71680000,6029,10048,71720000,26734
6,1793,71720000,71720000,6029,10048,71760000,26750
6,1794,71760000,71760000,6029,10048,71800000,26764
6,1795,71800000,71800000,6029,10048,71840000,26778
6,1796,71840000,71840000,6029,10048,71880000,26794
6,1797,71880000,71880000,6029,10048,71920000,26807
6,1798,71920000,71920000,6029,10048,71960000,26825
6,1799,71960000,71960000,6029,10048,72000000,26840
6,18,720000,720000,6029,10048,760000,278
6,180,7200000,7200000,6029,10048,7240000,2693
6,1800,72000000,72000000,6029,10048,72040000,26853
6,1801,72040000,72040000,6029,10048,72080000,26868
6,1802,72080000,72080000,6029,10048,72120000,26884
6,1803,72120000,72120000,6029,10048,72160000,26897
6,1804,72160000,72160000,6029,10048,72200000,26912
6,1805,72200000,72200000,6029,10048,72240000,26929
6,1806,72240000,72240000,6029,10048,72280000,26944
6,1807,72280000,72280000,6029,10048,72320000,26957
6,1808,72320000,72320000,6029,10048,72360000,26974
6,1809,72360000,72360000,6029,10048,72400000,26987
6,181,7240000,7240000,6029,10048,7280000,2710
6,1810,72400000,72400000,6029,10048,72440000,27002
6,1811,72440000,72440000,6029,10048,72480000,27017
6,1812,72480000,72480000,6029,10048,72520000,27033
6,1813,72520000,72520000,6029,10048,72560000,27048
6,1814,72560000,72560000,6029,10048,72600000,27063
6,1815,72600000,72600000,6029,10048,72640000,27076
6,1816,72640000,72640000,6029,10048,72680000,27092
6,1817,72680000,72680000,6029,10048,72720000,27107
6,1818,72720000,72720000,6029,10048,72760000,27121
6,1819,72760000,72760000,6029,10048,72800000,27137
6,182,7280000,7280000,6029,10048,7320000,2726
6,1820,72800000,72800000,6029,10048,72840000,27153
6,1821,72840000,72840000,6029,10048,72880000,27167
6,1822,72880000,72880000,6029,10048,72920000,27181
6,1823,72920000,72920000,6029,10048,72960000,27197
6,1824,72960000,72960000,6029,10048,73000000,27211
6,1825,73000000,73000000,6029,10048,73040000,27224
6,1826,73040000,73040000,6029,10048,73080000,27243
6,1827,73080000,73080000,6029,10048,73120000,27256
6,1828,73120000,73120000,6029,10048,73160000,27272
6,1829,73160000,73160000,6029,10048,73200000,27286
6,183,7320000,7320000,6029,10048,7360000,2739
6,1830,73200000,73200000,6029,10048,73240000,27300
6,1831,73240000,73240000,6029,10048,73280000,27315
6,1832,73280000,73280000,6029,10048,73320000,27331
6,1833,73320000,73320000,6029,10048,73360000,27346
6,1834,73360000,73360000,6029,10048,73400000,27361
6,1835,73400000,73400000,6029,10048,73440000,27376
6,1836,73440000,73440000,6029,10048,73480000,27390
6,1837,73480000,73480000,6029,10048,73520000,27404
6,1838,73520000,73520000,6029,10048,73560000,27421
6,1839,73560000,73560000,6029,10048,73600000,27434
6,184,7360000,7360000,6029,10048,7400000,2754
6,1840,73600000,73600000,6029,10048,73640000,27450
6,1841,73640000,73640000,6029,10048,73680000,27466
6,1842,73680000,73680000,6029,10048,73720000,27480
6,1843,73720000,73720000,6029,10048,73760000,27495
6,1844,73760000,73760000,6029,10048,73800000,27510
6,1845,73800000,73800000,6029,10048,73840000,27523
6,1846,73840000,73840000,6029,10048,73880000,27539
6,1847,73880000,73880000,6029,10048,73920000,27555
6,1848,73920000,73920000,6029,10048,73960000,27570
6,1849,73960000,73960000,6029,10048,74000000,27584
6,185,7400000,7400000,6029,10048,7440000,2769
6,1850,74000000,74000000,6029,10048,74040000,27600
6,1851,74040000,74040000,6029,10048,74080000,27613
6,1852,74080000,74080000,6029,10048,74120000,27628
6,1853,74120000,74120000,6029,10048,74160000,27644
6,1854,74160000,74160000,6029,10048,74200000,27660
6,1855,74200000,74200000,6029,10048,74240000,27673
6,1856,74240000,74240000,6029,10048,74280000,27690
6,1857,74280000,74280000,6029,10048,74320000,27703
6,1858,74320000,74320000,6029,10048,74360000,27718
6,1859,74360000,74360000,6029,10048,74400000,27733
6,186,7440000,7440000,6029,10048,7480000,2783
6,1860,74400000,74400000,6029,10048,74440000,27747
6,1861,74440000,74440000,6029,10048,74480000,27764
6,1862,74480000,74480000,6029,10048,74520000,27779
6,1863,74520000,74520000,6029,10048,74560000,27793
6,1864,74560000,74560000,6029,10048,74600000,27808
6,1865,74600000,74600000,6029,10048,74640000,27823
6,1866,74640000,74640000,6029,10048,74680000,27837
6,1867,74680000,74680000,6029,10048,74720000,27851
6,1868,74720000,74720000,6029,10048,74760000,27870
6,1869,74760000,74760000,6029,10048,74800000,27882
6,187,7480000,7480000,6029,10048,7520000,2797
6,1870,74800000,74800000,6029,10048,74840000,27897
6,1871,74840000,74840000,6029,10048,74880000,27913
6,1872,74880000,74880000,6029,10048,74920000,27927
6,1873,74920000,74920000,6029,10048,74960000,27941
6,1874,74960000,74960000,6029,10048,75000000,27957
6,1875,75000000,75000000,6029,10048,75040000,27972
6,1876,75040000,75040000,6029,10048,75080000,27988
6,1877,75080000,75080000,6029,10048,75120000,28002
6,1878,75120000,75120000,6029,10048,75160000,28017
6,1879,75160000,75160000,6029,10048,75200000,28031
6,188,7520000,7520000,6029,10048,7560000,2816
6,1880,75200000,75200000,6029,10048,75240000,28046
6,1881,75240000,75240000,6029,10048,75280000,28060
6,1882,75280000,75280000,6029,10048,75320000,28077
6,1883,75320000,75320000,6029,10048,75360000,28093
6,1884,75360000,75360000,6029,10048,75400000,28106
6,1885,75400000,75400000,6029,10048,75440000,28120
6,1886,75440000,75440000,6029,10048,75480000,28137
6,1887,75480000,75480000,6029,10048,75520000,28150
6,1888,75520000,75520000,6029,10048,75560000,28165
6,1889,75560000,75560000,6029,10048,75600000,28182
6,189,7560000,7560000,6029,10048,7600000,2829
6,1890,75600000,75600000,6029,10048,75640000,28196
6,1891,75640000,75640000,6029,10048,75680000,28210
6,1892,75680000,75680000,6029,10048,75720000,28226
6,1893,75720000,75720000,6029,10048,75760000,28240
6,1894,75760000,75760000,6029,10048,75800000,28255
6,1895,75800000,75800000,6029,10048,75840000,28269
6,1896,75840000,75840000,6029,10048,75880000,28286
6,1897,75880000,75880000,6029,10048,75920000,28300
6,1898,75920000,75920000,6029,10048,75960000,28317
6,1899,75960000,75960000,6029,10048,76000000,28329
6,19,760000,760000,6029,10048,800000,292
6,190,7600000,7600000,6029,10048,7640000,2843
6,1900,76000000,76000000,6029,10048,76040000,28344
6,1901,76040000,76040000,6029,10048,76080000,28360
6,1902,76080000,76080000,6029,10048,76120000,28373
6,1903,76120000,76120000,6029,10048,76160000,28390
6,1904,76160000,76160000,6029,10048,76200000,28406
6,1905,76200000,76200000,6029,10048,76240000,28419
6,1906,76240000,76240000,6029,10048,76280000,28434
6,1907,76280000,76280000,6029,10048,76320000,28449
6,1908,76320000,76320000,6029,10048,76360000,28464
6,1909,76360000,76360000,6029,10048,76400000,28478
6,191,7640000,7640000,6029,10048,7680000,2859
6,1910,76400000,76400000,6029,10048,76440000,28495
6,1911,76440000,76440000,6029,10048,76480000,28509
6,1912,76480000,76480000,6029,10048,76520000,28524
6,1913,76520000,76520000,6029,10048,76560000,28539
6,1914,76560000,76560000,6029,10048,76600000,28553
6,1915,76600000,76600000,6029,10048,76640000,28567
6,1916,76640000,76640000,6029,10048,76680000,28584
6,1917,76680000,76680000,6029,10048,76720000,28598
6,1918,76720000,76720000,6029,10048,76760000,28614
6,1919,76760000,76760000,6029,10048,76800000,28629
6,192,7680000,7680000,6029,10048,7720000,2873
6,1920,76800000,76800000,6029,10048,76840000,28643
6,1921,76840000,76840000,6029,10048,76880000,28657
6,1922,76880000,76880000,6029,10048,76920000,28673
6,1923,76920000,76920000,6029,10048,76960000,28687
6,1924,76960000,76960000,6029,10048,77000000,28703
6,1925,77000000,77000000,6029,10048,77040000,28718
6,1926,77040000,77040000,6029,10048,77080000,28733
6,1927,77080000,77080000,6029,10048,77120000,28747
6,1928,77120000,77120000,6029,10048,77160000,28763
6,1929,77160000,77160000,6029,10048,77200000,28776
6,193,7720000,7720000,6029,10048,7760000,2888
6,1930,77200000,77200000,6029,10048,77240000,28791
6,1931,77240000,77240000,6029,10048,77280000,28809
6,1932,77280000,77280000,6029,10048,77320000,28822
6,1933,77320000,77320000,6029,10048,77360000,28837
6,1934,77360000,77360000,6029,10048,77400000,28853
6,1935,77400000,77400000,6029,10048,77440000,28865
6,1936,77440000,77440000,6029,10048,77480000,28881
6,1937,77480000,77480000,6029,10048,77520000,28896
6,1938,77520000,77520000,6029,10048,77560000,28913
6,1939,77560000,77560000,6029,10048,77600000,28926
6,194,7760000,7760000,6029,10048,7800000,2903
6,1940,77600000,77600000,6029,10048,77640000,28942
6,1941,77640000,77640000,6029,10048,77680000,28956
6,1942,77680000,77680000,6029,10048,77720000,28971
6,1943,77720000,77720000,6029,10048,77760000,28986
6,1944,77760000,77760000,6029,10048,77800000,29000
6,1945,77800000,77800000,6029,10048,77840000,29016
6,1946,77840000,77840000,6029,10048,77880000,29032
6,1947,77880000,77880000,6029,10048,77920000,29045
6,1948,77920000,77920000,6029,10048,77960000,29061
6,1949,77960000,77960000,6029,10048,78000000,29076
6,195,7800000,7800000,6029,10048,7840000,2918
6,1950,78000000,78000000,6029,10048,78040000,29089
6,1951,78040000,78040000,6029,10048,78080000,29104
6,1952,78080000,78080000,6029,10048,78120000,29122
6,1953,78120000,78120000,6029,10048,78160000,29136
6,1954,78160000,78160000,6029,10048,78200000,29150
6,1955,78200000,78200000,6029,10048,78240000,29165
6,1956,78240000,78240000,6029,10048,78280000,29180
6,1957,78280000,78280000,6029,10048,78320000,29193
6,1958,78320000,78320000,6029,10048,78360000,29210
6,1959,78360000,78360000,6029,10048,78400000,29225
6,196,7840000,7840000,6029,10048,7880000,2934
6,1960,78400000,78400000,6029,10048,78440000,29240
6,1961,78440000,78440000,6029,10048,78480000,29255
6,1962,78480000,78480000,6029,10048,78520000,29269
6,1963,78520000,78520000,6029,10048,78560000,29284
6,1964,78560000,78560000,6029,10048,78600000,29300
6,1965,78600000,78600000,6029,10048,78640000,29312
6,1966,78640000,78640000,6029,10048,78680000,29330
6,1967,78680000,78680000,6029,10048,78720000,29345
6,1968,78720000,78720000,6029,10048,78760000,29359
6,1969,78760000,78760000,6029,10048,78800000,29373
6,197,7880000,7880000,6029,10048,7920000,2948
6,1970,78800000,78800000,6029,10048,78840000,29389
6,1971,78840000,78840000,6029,10048,78880000,29403
6,1972,78880000,78880000,6029,10048,78920000,29417
6,1973,78920000,78920000,6029,10048,78960000,29435
6,1974,78960000,78960000,6029,10048,79000000,29449
6,1975,79000000,79000000,6029,10048,79040000,29463
6,1976,79040000,79040000,6029,10048,79080000,29479
6,1977,79080000,79080000,6029,10048,79120000,29492
6,1978,79120000,79120000,6029,10048,79160000,29508
6,1979,79160000,79160000,6029,10048,79200000,29522
6,198,7920000,7920000,6029,10048,7960000,2963
6,1980,79200000,79200000,6029,10048,79240000,29538
6,1981,79240000,79240000,6029,10048,79280000,29553
6,1982,79280000,79280000,6029,10048,79320000,29569
6,1983,79320000,79320000,6029,10048,79360000,29582
6,1984,79360000,79360000,6029,10048,79400000,29597
6,1985,79400000,79400000,6029,10048,79440000,29612
6,1986,79440000,79440000,6029,10048,79480000,29627
6,1987,79480000,79480000,6029,10048,79520000,29642
6,1988,79520000,79520000,6029,10048,79560000,29659
6,1989,79560000,79560000,6029,10048,79600000,29672
6,199,7960000,7960000,6029,10048,8000000,2977
6,1990,79600000,79600000,6029,10048,79640000,29686
6,1991,79640000,79640000,6029,10048,79680000,29702
6,1992,79680000,79680000,6029,10048,79720000,29716
6,1993,79720000,79720000,6029,10048,79760000,29731
6,1994,79760000,79760000,6029,10048,79800000,29748
6,1995,79800000,79800000,6029,10048,79840000,29761
6,1996,79840000,79840000,6029,10048,79880000,29777
6,1997,79880000,79880000,6029,10048,79920000,29792
6,1998,79920000,79920000,6029,10048,79960000,29806
6,1999,79960000,79960000,6029,10048,80000000,29820
6,2,80000,80000,6029,10048,120000,41
6,20,800000,800000,6029,10048,840000,310
6,200,8000000,8000000,6029,10048,8040000,2993
6,2000,80000000,80000000,6029,10048,80040000,29836
6,2001,80040000,80040000,6029,10048,80080000,29851
6,2002,80080000,80080000,6029,10048,80120000,29866
6,2003,80120000,80120000,6029,10048,80160000,29882
6,2004,80160000,80160000,6029,10048,80200000,29896
6,2005,80200000,80200000,6029,10048,80240000,29909
6,2006,80240000,80240000,6029,10048,80280000,29926
6,2007,80280000,80280000,6029,10048,80320000,29939
6,2008,80320000,80320000,6029,10048,80360000,29957
6,2009,80360000,80360000,6029,10048,80400000,29971
6,201,8040000,8040000,6029,10048,8080000,3006
6,2010,80400000,80400000,6029,10048,80440000,29985
6,2011,80440000,80440000,6029,10048,80480000,30000
6,2012,80480000,80480000,6029,10048,80520000,30015
6,2013,80520000,80520000,6029,10048,80560000,30029
6,2014,80560000,80560000,6029,10048,80600000,30044
6,2015,80600000,80600000,6029,10048,80640000,30061
6,2016,80640000,80640000,6029,10048,80680000,30075
6,2017,80680000,80680000,6029,10048,80720000,30089
6,2018,80720000,80720000,6029,10048,80760000,30106
6,2019,80760000,80760000,6029,10048,80800000,30119
6,202,8080000,8080000,6029,10048,8120000,3023
6,2020,80800000,80800000,6029,10048,80840000,30133
6,2021,80840000,80840000,6029,10048,80880000,30149
6,2022,80880000,80880000,6029,10048,80920000,30165
6,2023,80920000,80920000,6029,10048,80960000,30179
6,2024,80960000,80960000,6029,10048,81000000,30195
6,2025,81000000,81000000,6029,10048,81040000,30208
6,2026,81040000,81040000,6029,10048,81080000,30224
6,2027,81080000,81080000,6029,10048,81120000,30238
6,2028,81120000,81120000,6029,10048,81160000,30253
6,2029,81160000,81160000,6029,10048,81200000,30269
6,203,8120000,8120000,6029,10048,8160000,3039
6,2030,81200000,81200000,6029,10048,81240000,30285
6,2031,81240000,81240000,6029,10048,81280000,30298
6,2032,81280000,81280000,6029,10048,81320000,30313
6,2033,81320000,81320000,6029,10048,81360000,30329
6,2034,81360000,81360000,6029,10048,81400000,30342
6,2035,81400000,81400000,6029,10048,81440000,30356
6,2036,81440000,81440000,6029,10048,81480000,30375
6,2037,81480000,81480000,6029,10048,81520000,30388
6,2038,81520000,81520000,6029,10048,81560000,30403
6,2039,81560000,81560000,6029,10048,81600000,30418
6,204,8160000,8160000,6029,10048,8200000,3053
6,2040,81600000,81600000,6029,10048,81640000,30432
6,2041,81640000,81640000,6029,10048,81680000,30447
6,2042,81680000,81680000,6029,10048,81720000,30462
6,2043,81720000,81720000,6029,10048,81760000,30478
6,2044,81760000,81760000,6029,10048,81800000,30493
6,2045,81800000,81800000,6029,10048,81840000,30507
6,2046,81840000,81840000,6029,10048,81880000,30522
6,2047,81880000,81880000,6029,10048,81920000,30536
6,2048,81920000,81920000,6029,10048,81960000,30553
6,2049,81960000,81960000,6029,10048,82000000,30565
6,205,8200000,8200000,6029,10048,8240000,3066
6,2050,82000000,82000000,6029,10048,82040000,30582
6,2051,82040000,82040000,6029,10048,82080000,30598
6,2052,82080000,82080000,6029,10048,82120000,30612
6,2053,82120000,82120000,6029,10048,82160000,30626
6,2054,82160000,82160000,6029,10048,82200000,30642
6,2055,82200000,82200000,6029,10048,82240000,30655
6,2056,82240000,82240000,6029,10048,82280000,30670
6,2057,82280000,82280000,6029,10048,82320000,30687
6,2058,82320000,82320000,6029,10048,82360000,30702
6,2059,82360000,82360000,6029,10048,82400000,30716
6,206,8240000,8240000,6029,10048,8280000,3083
6,2060,82400000,82400000,6029,10048,82440000,30731
6,2061,82440000,82440000,6029,10048,82480000,30745
6,2062,82480000,82480000,6029,10048,82520000,30760
6,2063,82520000,82520000,6029,10048,82560000,30776
6,2064,82560000,82560000,6029,10048,82600000,30791
6,2065,82600000,82600000,6029,10048,82640000,30805
6,2066,82640000,82640000,6029,10048,82680000,30822
6,2067,82680000,82680000,6029,10048,82720000,30834
6,2068,82720000,82720000,6029,10048,82760000,30850
6,2069,82760000,82760000,6029,10048,82800000,30865
6,207,8280000,8280000,6029,10048,8320000,3096
6,2070,82800000,82800000,6029,10048,82840000,30879
6,2071,82840000,82840000,6029,10048,82880000,30895
6,2072,82880000,82880000,6029,10048,82920000,30911
6,2073,82920000,82920000,6029,10048,82960000,30925
6,2074,82960000,82960000,6029,10048,83000000,30940
6,2075,83000000,83000000,6029,10048,83040000,30954
6,2076,83040000,83040000,6029,10048,83080000,30969
6,2077,83080000,83080000,6029,10048,83120000,30983
6,2078,83120000,83120000,6029,10048,83160000,31001
6,2079,83160000,83160000,6029,10048,83200000,31014
6,208,8320000,8320000,6029,10048,8360000,3111
6,2080,83200000,83200000,6029,10048,83240000,31029
6,2081,83240000,83240000,6029,10048,83280000,31045
6,2082,83280000,83280000,6029,10048,83320000,31058
6,2083,83320000,83320000,6029,10048,83360000,31073
6,2084,83360000,83360000,6029,10048,83400000,31089
6,2085,83400000,83400000,6029,10048,83440000,31104
6,2086,83440000,83440000,6029,10048,83480000,31119
6,2087,83480000,83480000,6029,10048,83520000,31134
6,2088,83520000,83520000,6029,10048,83560000,31149
6,2089,83560000,83560000,6029,10048,83600000,31162
6,209,8360000,8360000,6029,10048,8400000,3128
6,2090,83600000,83600000,6029,10048,83640000,31178
6,2091,83640000,83640000,6029,10048,83680000,31192
6,2092,83680000,83680000,6029,10048,83720000,31209
6,2093,83720000,83720000,6029,10048,83760000,31224
6,2094,83760000,83760000,6029,10048,83800000,31238
6,2095,83800000,83800000,6029,10048,83840000,31252
6,2096,83840000,83840000,6029,10048,83880000,31269
6,2097,83880000,83880000,6029,10048,83920000,31281
6,2098,83920000,83920000,6029,10048,83960000,31297
6,2099,83960000,83960000,6029,10048,84000000,31314
6,21,840000,840000,6029,10048,880000,323
6,210,8400000,8400000,6029,10048,8440000,3142
6,2100,84000000,84000000,6029,10048,84040000,31327
6,2101,84040000,84040000,6029,10048,84080000,31342
6,2102,84080000,84080000,6029,10048,84120000,31358
6,2103,84120000,84120000,6029,10048,84160000,31372
6,2104,84160000,84160000,6029,10048,84200000,31386
6,2105,84200000,84200000,6029,10048,84240000,31401
6,2106,84240000,84240000,6029,10048,84280000,31418
6,2107,84280000,84280000,6029,10048,84320000,31432
6,2108,84320000,84320000,6029,10048,84360000,31448
6,2109,84360000,84360000,6029,10048,84400000,31461
6,211,8440000,8440000,6029,10048,8480000,3157
6,2110,84400000,84400000,6029,10048,84440000,31476
6,2111,84440000,84440000,6029,10048,84480000,31491
6,2112,84480000,84480000,6029,10048,84520000,31505
6,2113,84520000,84520000,6029,10048,84560000,31522
6,2114,84560000,84560000,6029,10048,84600000,31538
6,2115,84600000,84600000,6029,10048,84640000,31550
6,2116,84640000,84640000,6029,10048,84680000,31566
6,2117,84680000,84680000,6029,10048,84720000,31581
6,2118,84720000,84720000,6029,10048,84760000,31596
6,2119,84760000,84760000,6029,10048,84800000,31609
6,212,8480000,8480000,6029,10048,8520000,3172
6,2120,84800000,84800000,6029,10048,84840000,31627
6,2121,84840000,84840000,6029,10048,84880000,31641
6,2122,84880000,84880000,6029,10048,84920000,31655
6,2123,84920000,84920000,6029,10048,84960000,31671
6,2124,84960000,84960000,6029,10048,85000000,31685
6,2125,85000000,85000000,6029,10048,85040000,31699
6,2126,85040000,85040000,6029,10048,85080000,31715
6,2127,85080000,85080000,6029,10048,85120000,31730
6,2128,85120000,85120000,6029,10048,85160000,31746
6,2129,85160000,85160000,6029,10048,85200000,31761
6,213,8520000,8520000,6029,10048,8560000,3186
6,2130,85200000,85200000,6029,10048,85240000,31774
6,2131,85240000,85240000,6029,10048,85280000,31789
6,2132,85280000,85280000,6029,10048,85320000,31805
6,2133,85320000,85320000,6029,10048,85360000,31818
6,2134,85360000,85360000,6029,10048,85400000,31835
6,2135,85400000,85400000,6029,10048,85440000,31850
6,2136,85440000,85440000,6029,10048,85480000,31865
6,2137,85480000,85480000,6029,10048,85520000,31878
6,2138,85520000,85520000,6029,10048,85560000,31895
6,2139,85560000,85560000,6029,10048,85600000,31908
6,214,8560000,8560000,6029,10048,8600000,3201
6,2140,85600000,85600000,6029,10048,85640000,31923
6,2141,85640000,85640000,6029,10048,85680000,31940
6,2142,85680000,85680000,6029,10048,85720000,31954
6,2143,85720000,85720000,6029,10048,85760000,31969
6,2144,85760000,85760000,6029,10048,85800000,31984
6,2145,85800000,85800000,6029,10048,85840000,31997
6,2146,85840000,85840000,6029,10048,85880000,32013
6,2147,85880000,85880000,6029,10048,85920000,32028
6,2148,85920000,85920000,6029,10048,85960000,32044
6,2149,85960000,85960000,6029,10048,86000000,32058
6,215,8600000,8600000,6029,10048,8640000,3216
6,2150,86000000,86000000,6029,10048,86040000,32074
6,2151,86040000,86040000,6029,10048,86080000,32088
6,2152,86080000,86080000,6029,10048,86120000,32102
6,2153,86120000,86120000,6029,10048,86160000,32118
6,2154,86160000,86160000,6029,10048,86200000,32132
6,2155,86200000,86200000,6029,10048,86240000,32147
6,2156,86240000,86240000,6029,10048,86280000,32164
6,2157,86280000,86280000,6029,10048,86320000,32177
6,2158,86320000,86320000,6029,10048,86360000,32193
6,2159,86360000,86360000,6029,10048,86400000,32207
6,216,8640000,8640000,6029,10048,8680000,3232
6,2160,86400000,86400000,6029,10048,86440000,32221
6,2161,86440000,86440000,6029,10048,86480000,32236
6,2162,86480000,86480000,6029,10048,86520000,32254
6,2163,86520000,86520000,6029,10048,86560000,32267
6,2164,86560000,86560000,6029,10048,86600000,32282
6,2165,86600000,86600000,6029,10048,86640000,32297
6,2166,86640000,86640000,6029,10048,86680000,32311
6,2167,86680000,86680000,6029,10048,86720000,32325
6,2168,86720000,86720000,6029,10048,86760000,32342
6,2169,86760000,86760000,6029,10048,86800000,32357
6,217,8680000,8680000,6029,10048,8720000,3246
6,2170,86800000,86800000,6029,10048,86840000,32371
6,2171,86840000,86840000,6029,10048,86880000,32387
6,2172,86880000,86880000,6029,10048,86920000,32401
6,2173,86920000,86920000,6029,10048,86960000,32416
6,2174,86960000,86960000,6029,10048,87000000,32431
6,2175,87000000,87000000,6029,10048,87040000,32444
6,2176,87040000,87040000,6029,10048,87080000,32462
6,2177,87080000,87080000,6029,10048,87120000,32476
6,2178,87120000,87120000,6029,10048,87160000,32491
6,2179,87160000,87160000,6029,10048,87200000,32505
6,218,8720000,8720000,6029,10048,8760000,3263
6,2180,87200000,87200000,6029,10048,87240000,32521
6,2181,87240000,87240000,6029,10048,87280000,32534
6,2182,87280000,87280000,6029,10048,87320000,32549
6,2183,87320000,87320000,6029,10048,87360000,32567
6,2184,87360000,87360000,6029,10048,87400000,32581
6,2185,87400000,87400000,6029,10048,87440000,32594
6,2186,87440000,87440000,6029,10048,87480000,32611
6,2187,87480000,87480000,6029,10048,87520000,32624
6,2188,87520000,87520000,6029,10048,87560000,32639
6,2189,87560000,87560000,6029,10048,87600000,32654
6,219,8760000,8760000,6029,10048,8800000,3275
6,2190,87600000,87600000,6029,10048,87640000,32670
6,2191,87640000,87640000,6029,10048,87680000,32685
6,2192,87680000,87680000,6029,10048,87720000,32700
6,2193,87720000,87720000,6029,10048,87760000,32714
6,2194,87760000,87760000,6029,10048,87800000,32729
6,2195,87800000,87800000,6029,10048,87840000,32744
6,2196,87840000,87840000,6029,10048,87880000,32758
6,2197,87880000,87880000,6029,10048,87920000,32774
6,2198,87920000,87920000,6029,10048,87960000,32791
6,2199,87960000,87960000,6029,10048,88000000,32803
6,22,880000,880000,6029,10048,920000,338
6,220,8800000,8800000,6029,10048,8840000,3290
6,2200,88000000,88000000,6029,10048,88040000,32818
6,2201,88040000,88040000,6029,10048,88080000,32834
6,2202,88080000,88080000,6029,10048,88120000,32848
6,2203,88120000,88120000,6029,10048,88160000,32862
6,2204,88160000,88160000,6029,10048,88200000,32880
6,2205,88200000,88200000,6029,10048,88240000,32893
6,2206,88240000,88240000,6029,10048,88280000,32909
6,2207,88280000,88280000,6029,10048,88320000,32923
6,2208,88320000,88320000,6029,10048,88360000,32938
6,2209,88360000,88360000,6029,10048,88400000,32952
6,221,8840000,8840000,6029,10048,8880000,3306
6,2210,88400000,88400000,6029,10048,88440000,32967
6,2211,88440000,88440000,6029,10048,88480000,32983
6,2212,88480000,88480000,6029,10048,88520000,32998
6,2213,88520000,88520000,6029,10048,88560000,33014
6,2214,88560000,88560000,6029,10048,88600000,33027
6,2215,88600000,88600000,6029,10048,88640000,33041
6,2216,88640000,88640000,6029,10048,88680000,33058
6,2217,88680000,88680000,6029,10048,88720000,33071
6,2218,88720000,88720000,6029,10048,88760000,33088
6,2219,88760000,88760000,6029,10048,88800000,33103
6,222,8880000,8880000,6029,10048,8920000,3320
6,2220,88800000,88800000,6029,10048,88840000,33117
6,2221,88840000,88840000,6029,10048,88880000,33131
6,2222,88880000,88880000,6029,10048,88920000,33147
6,2223,88920000,88920000,6029,10048,88960000,33161
6,2224,88960000,88960000,6029,10048,89000000,33176
6,2225,89000000,89000000,6029,10048,89040000,33192
6,2226,89040000,89040000,6029,10048,89080000,33207
6,2227,89080000,89080000,6029,10048,89120000,33221
6,2228,89120000,89120000,6029,10048,89160000,33238
6,2229,89160000,89160000,6029,10048,89200000,33250
6,223,8920000,8920000,6029,10048,8960000,3336
6,2230,89200000,89200000,6029,10048,89240000,33265
6,2231,89240000,89240000,6029,10048,89280000,33281
6,2232,89280000,89280000,6029,10048,89320000,33296
6,2233,89320000,89320000,6029,10048,89360000,33311
6,2234,89360000,89360000,6029,10048,89400000,33327
6,2235,89400000,89400000,6029,10048,89440000,33340
6,2236,89440000,89440000,6029,10048,89480000,33355
6,2237,89480000,89480000,6029,10048,89520000,33370
6,2238,89520000,89520000,6029,10048,89560000,33385
6,2239,89560000,89560000,6029,10048,89600000,33401
6,224,8960000,8960000,6029,10048,9000000,3352
6,2240,89600000,89600000,6029,10048,89640000,33416
6,2241,89640000,89640000,6029,10048,89680000,33430
6,2242,89680000,89680000,6029,10048,89720000,33445
6,2243,89720000,89720000,6029,10048,89760000,33460
6,2244,89760000,89760000,6029,10048,89800000,33474
6,2245,89800000,89800000,6029,10048,89840000,33488
6,2246,89840000,89840000,6029,10048,89880000,33507
6,2247,89880000,89880000,6029,10048,89920000,33519
6,2248,89920000,89920000,6029,10048,89960000,33535
6,2249,89960000,89960000,6029,10048,90000000,33550
6,225,9000000,9000000,6029,10048,9040000,3365
6,2250,90000000,90000000,6029,10048,90040000,33564
6,2251,90040000,90040000,6029,10048,90080000,33578
6,2252,90080000,90080000,6029,10048,90120000,33594
6,2253,90120000,90120000,6029,10048,90160000,33610
6,2254,90160000,90160000,6029,10048,90200000,33624
6,2255,90200000,90200000,6029,10048,90240000,33639
6,2256,90240000,90240000,6029,10048,90280000,33654
6,2257,90280000,90280000,6029,10048,90320000,33668
6,2258,90320000,90320000,6029,10048,90360000,33684
6,2259,90360000,90360000,6029,10048,90400000,33697
6,226,9040000,9040000,6029,10048,9080000,3381
6,2260,90400000,90400000,6029,10048,90440000,33714
6,2261,90440000,90440000,6029,10048,90480000,33730
6,2262,90480000,90480000,6029,10048,90520000,33743
6,2263,90520000,90520000,6029,10048,90560000,33758
6,2264,90560000,90560000,6029,10048,90600000,33774
6,2265,90600000,90600000,6029,10048,90640000,33786
6,2266,90640000,90640000,6029,10048,90680000,33802
6,2267,90680000,90680000,6029,10048,90720000,33819
6,2268,90720000,90720000,6029,10048,90760000,33834
6,2269,90760000,90760000,6029,10048,90800000,33847
6,227,9080000,9080000,6029,10048,9120000,3395
6,2270,90800000,90800000,6029,10048,90840000,33863
6,2271,90840000,90840000,6029,10048,90880000,33877
6,2272,90880000,90880000,6029,10048,90920000,33892
6,2273,90920000,90920000,6029,10048,90960000,33907
6,2274,90960000,90960000,6029,10048,91000000,33923
6,2275,91000000,91000000,6029,10048,91040000,33937
6,2276,91040000,91040000,6029,10048,91080000,33953
6,2277,91080000,91080000,6029,10048,91120000,33966
6,2278,91120000,91120000,6029,10048,91160000,33982
6,2279,91160000,91160000,6029,10048,91200000,33997
6,228,9120000,9120000,6029,10048,9160000,3410
6,2280,91200000,91200000,6029,10048,91240000,34010
6,2281,91240000,91240000,6029,10048,91280000,34027
6,2282,91280000,91280000,6029,10048,91320000,34043
6,2283,91320000,91320000,6029,10048,91360000,34057
6,2284,91360000,91360000,6029,10048,91400000,34071
6,2285,91400000,91400000,6029,10048,91440000,34086
6,2286,91440000,91440000,6029,10048,91480000,34101
6,2287,91480000,91480000,6029,10048,91520000,34114
6,2288,91520000,91520000,6029,10048,91560000,34133
6,2289,91560000,91560000,6029,10048,91600000,34146
6,229,9160000,9160000,6029,10048,9200000,3424
6,2290,91600000,91600000,6029,10048,91640000,34161
6,2291,91640000,91640000,6029,10048,91680000,34176
6,2292,91680000,91680000,6029,10048,91720000,34190
6,2293,91720000,91720000,6029,10048,91760000,34205
6,2294,91760000,91760000,6029,10048,91800000,34221
6,2295,91800000,91800000,6029,10048,91840000,34235
6,2296,91840000,91840000,6029,10048,91880000,34251
6,2297,91880000,91880000,6029,10048,91920000,34266
6,2298,91920000,91920000,6029,10048,91960000,34280
6,2299,91960000,91960000,6029,10048,92000000,34294
6,23,920000,920000,6029,10048,960000,354
6,230,9200000,9200000,6029,10048,9240000,3441
6,2300,92000000,92000000,6029,10048,92040000,34310
6,2301,92040000,92040000,6029,10048,92080000,34324
6,2302,92080000,92080000,6029,10048,92120000,34340
6,2303,92120000,92120000,6029,10048,92160000,34356
6,2304,92160000,92160000,6029,10048,92200000,34370
6,2305,92200000,92200000,6029,10048,92240000,34384
6,2306,92240000,92240000,6029,10048,92280000,34400
6,2307,92280000,92280000,6029,10048,92320000,34413
6,2308,92320000,92320000,6029,10048,92360000,34429
6,2309,92360000,92360000,6029,10048,92400000,34445
6,231,9240000,9240000,6029,10048,9280000,3455
6,232,9280000,9280000,6029,10048,9320000,3470
6,233,9320000,9320000,6029,10048,9360000,3486
6,234,9360000,9360000,6029,10048,9400000,3499
6,235,9400000,9400000,6029,10048,9440000,3513
6,236,9440000,9440000,6029,10048,9480000,3530
6,237,9480000,9480000,6029,10048,9520000,3545
6,238,9520000,9520000,6029,10048,9560000,3560
6,239,9560000,9560000,6029,10048,9600000,3575
6,24,960000,960000,6029,10048,1000000,368
6,240,9600000,9600000,6029,10048,9640000,3589
6,241,9640000,9640000,6029,10048,9680000,3603
6,242,9680000,9680000,6029,10048,9720000,3619
6,243,9720000,9720000,6029,10048,9760000,3633
6,244,9760000,9760000,6029,10048,9800000,3650
6,245,9800000,9800000,6029,10048,9840000,3664
6,246,9840000,9840000,6029,10048,9880000,3679
6,247,9880000,9880000,6029,10048,9920000,3693
6,248,9920000,9920000,6029,10048,9960000,3710
6,249,9960000,9960000,6029,10048,10000000,3722
6,25,1000000,1000000,6029,10048,1040000,381
6,250,10000000,10000000,6029,10048,10040000,3737
6,251,10040000,10040000,6029,10048,10080000,3755
6,252,10080000,10080000,6029,10048,10120000,3768
6,253,10120000,10120000,6029,10048,10160000,3783
6,254,10160000,10160000,6029,10048,10200000,3799
6,255,10200000,10200000,6029,10048,10240000,3812
6,256,10240000,10240000,6029,10048,10280000,3827
6,257,10280000,10280000,6029,10048,10320000,3842
6,258,10320000,10320000,6029,10048,10360000,3859
6,259,10360000,10360000,6029,10048,10400000,3873
6,26,1040000,1040000,6029,10048,1080000,398
6,260,10400000,10400000,6029,10048,10440000,3888
6,261,10440000,10440000,6029,10048,10480000,3902
6,262,10480000,10480000,6029,10048,10520000,3917
6,263,10520000,10520000,6029,10048,10560000,3932
6,264,10560000,10560000,6029,10048,10600000,3946
6,265,10600000,10600000,6029,10048,10640000,3962
6,266,10640000,10640000,6029,10048,10680000,3979
6,267,10680000,10680000,6029,10048,10720000,3991
6,268,10720000,10720000,6029,10048,10760000,4007
6,269,10760000,10760000,6029,10048,10800000,4022
6,27,1080000,1080000,6029,10048,1120000,413
6,270,10800000,10800000,6029,10048,10840000,4036
6,271,10840000,10840000,6029,10048,10880000,4050
6,272,10880000,10880000,6029,10048,10920000,4068
6,273,10920000,10920000,6029,10048,10960000,4082
6,274,10960000,10960000,6029,10048,11000000,4096
6,275,11000000,11000000,6029,10048,11040000,4111
6,276,11040000,11040000,6029,10048,11080000,4126
6,277,11080000,11080000,6029,10048,11120000,4140
6,278,11120000,11120000,6029,10048,11160000,4156
6,279,11160000,11160000,6029,10048,11200000,4171
6,28,1120000,1120000,6029,10048,1160000,429
6,280,11200000,11200000,6029,10048,11240000,4186
6,281,11240000,11240000,6029,10048,11280000,4202
6,282,11280000,11280000,6029,10048,11320000,4215
6,283,11320000,11320000,6029,10048,11360000,4230
6,284,11360000,11360000,6029,10048,11400000,4246
6,285,11400000,11400000,6029,10048,11440000,4258
6,286,11440000,11440000,6029,10048,11480000,4276
6,287,11480000,11480000,6029,10048,11520000,4291
6,288,11520000,11520000,6029,10048,11560000,4306
6,289,11560000,11560000,6029,10048,11600000,4319
6,29,1160000,1160000,6029,10048,1200000,443
6,290,11600000,11600000,6029,10048,11640000,4335
6,291,11640000,11640000,6029,10048,11680000,4349
6,292,11680000,11680000,6029,10048,11720000,4364
6,293,11720000,11720000,6029,10048,11760000,4381
6,294,11760000,11760000,6029,10048,11800000,4395
6,295,11800000,11800000,6029,10048,11840000,4409
6,296,11840000,11840000,6029,10048,11880000,4425
6,297,11880000,11880000,6029,10048,11920000,4438
6,298,11920000,11920000,6029,10048,11960000,4454
6,299,11960000,11960000,6029,10048,12000000,4469
6,3,120000,120000,6029,10048,160000,54
6,30,1200000,1200000,6029,10048,1240000,457
6,300,12000000,12000000,6029,10048,12040000,4484
6,301,12040000,12040000,6029,10048,12080000,4499
6,302,12080000,12080000,6029,10048,12120000,4515
6,303,12120000,12120000,6029,10048,12160000,4529
6,304,12160000,12160000,6029,10048,12200000,4543
6,305,12200000,12200000,6029,10048,12240000,4558
6,306,12240000,12240000,6029,10048,12280000,4573
6,307,12280000,12280000,6029,10048,12320000,4588
6,308,12320000,12320000,6029,10048,12360000,4605
6,309,12360000,12360000,6029,10048,12400000,4618
6,31,1240000,1240000,6029,10048,1280000,472
6,310,12400000,12400000,6029,10048,12440000,4633
6,311,12440000,12440000,6029,10048,12480000,4648
6,312,12480000,12480000,6029,10048,12520000,4662
6,313,12520000,12520000,6029,10048,12560000,4677
6,314,12560000,12560000,6029,10048,12600000,4695
6,315,12600000,12600000,6029,10048,12640000,4707
6,316,12640000,12640000,6029,10048,12680000,4723
6,317,12680000,12680000,6029,10048,12720000,4738
6,318,12720000,12720000,6029,10048,12760000,4752
6,319,12760000,12760000,6029,10048,12800000,4766
6,32,1280000,1280000,6029,10048,1320000,487
6,320,12800000,12800000,6029,10048,12840000,4782
6,321,12840000,12840000,6029,10048,12880000,4798
6,322,12880000,12880000,6029,10048,12920000,4812
6,323,12920000,12920000,6029,10048,12960000,4828
6,324,12960000,12960000,6029,10048,13000000,4842
6,325,13000000,13000000,6029,10048,13040000,4856
6,326,13040000,13040000,6029,10048,13080000,4872
6,327,13080000,13080000,6029,10048,13120000,4885
6,328,13120000,13120000,6029,10048,13160000,4903
6,329,13160000,13160000,6029,10048,13200000,4917
6,33,1320000,1320000,6029,10048,1360000,501
6,330,13200000,13200000,6029,10048,13240000,4931
6,331,13240000,13240000,6029,10048,13280000,4946
6,332,13280000,13280000,6029,10048,13320000,4962
6,333,13320000,13320000,6029,10048,13360000,4975
6,334,13360000,13360000,6029,10048,13400000,4990
6,335,13400000,13400000,6029,10048,13440000,5007
6,336,13440000,13440000,6029,10048,13480000,5022
6,337,13480000,13480000,6029,10048,13520000,5035
6,338,13520000,13520000,6029,10048,13560000,5052
6,339,13560000,13560000,6029,10048,13600000,5065
6,34,1360000,1360000,6029,10048,1400000,518
6,340,13600000,13600000,6029,10048,13640000,5079
6,341,13640000,13640000,6029,10048,13680000,5095
6,342,13680000,13680000,6029,10048,13720000,5111
6,343,13720000,13720000,6029,10048,13760000,5126
6,344,13760000,13760000,6029,10048,13800000,5141
6,345,13800000,13800000,6029,10048,13840000,5154
6,346,13840000,13840000,6029,10048,13880000,5170
6,347,13880000,13880000,6029,10048,13920000,5185
6,348,13920000,13920000,6029,10048,13960000,5199
6,349,13960000,13960000,6029,10048,14000000,5215
6,35,1400000,1400000,6029,10048,1440000,533
6,350,14000000,14000000,6029,10048,14040000,5231
6,351,14040000,14040000,6029,10048,14080000,5244
6,352,14080000,14080000,6029,10048,14120000,5259
6,353,14120000,14120000,6029,10048,14160000,5275
6,354,14160000,14160000,6029,10048,14200000,5289
6,355,14200000,14200000,6029,10048,14240000,5302
6,356,14240000,14240000,6029,10048,14280000,5321
6,357,14280000,14280000,6029,10048,14320000,5334
6,358,14320000,14320000,6029,10048,14360000,5350
6,359,14360000,14360000,6029,10048,14400000,5364
6,36,1440000,1440000,6029,10048,1480000,547
6,360,14400000,14400000,6029,10048,14440000,5378
6,361,14440000,14440000,6029,10048,14480000,5393
6,362,14480000,14480000,6029,10048,14520000,5408
6,363,14520000,14520000,6029,10048,14560000,5424
6,364,14560000,14560000,6029,10048,14600000,5439
6,365,14600000,14600000,6029,10048,14640000,5454
6,366,14640000,14640000,6029,10048,14680000,5468
6,367,14680000,14680000,6029,10048,14720000,5482
6,368,14720000,14720000,6029,10048,14760000,5499
6,369,14760000,14760000,6029,10048,14800000,5512
6,37,1480000,1480000,6029,10048,1520000,561
6,370,14800000,14800000,6029,10048,14840000,5528
6,371,14840000,14840000,6029,10048,14880000,5544
6,372,14880000,14880000,6029,10048,14920000,5558
6,373,14920000,14920000,6029,10048,14960000,5572
6,374,14960000,14960000,6029,10048,15000000,5588
6,375,15000000,15000000,6029,10048,15040000,5601
6,376,15040000,15040000,6029,10048,15080000,5617
6,377,15080000,15080000,6029,10048,15120000,5633
6,378,15120000,15120000,6029,10048,15160000,5648
6,379,15160000,15160000,6029,10048,15200000,5662
6,38,1520000,1520000,6029,10048,1560000,578
6,380,15200000,15200000,6029,10048,15240000,5678
6,381,15240000,15240000,6029,10048,15280000,5691
6,382,15280000,15280000,6029,10048,15320000,5706
6,383,15320000,15320000,6029,10048,15360000,5722
6,384,15360000,15360000,6029,10048,15400000,5737
6,385,15400000,15400000,6029,10048,15440000,5751
6,386,15440000,15440000,6029,10048,15480000,5768
6,387,15480000,15480000,6029,10048,15520000,5781
6,388,15520000,15520000,6029,10048,15560000,5796
6,389,15560000,15560000,6029,10048,15600000,5811
6,39,1560000,1560000,6029,10048,1600000,591
6,390,15600000,15600000,6029,10048,15640000,5825
6,391,15640000,15640000,6029,10048,15680000,5842
6,392,15680000,15680000,6029,10048,15720000,5857
6,393,15720000,15720000,6029,10048,15760000,5871
6,394,15760000,15760000,6029,10048,15800000,5886
6,395,15800000,15800000,6029,10048,15840000,5900
6,396,15840000,15840000,6029,10048,15880000,5915
6,397,15880000,15880000,6029,10048,15920000,5929
6,398,15920000,15920000,6029,10048,15960000,5948
6,399,15960000,15960000,6029,10048,16000000,5960
6,4,160000,160000,6029,10048,200000,69
6,40,1600000,1600000,6029,10048,1640000,605
6,400,16000000,16000000,6029,10048,16040000,5975
6,401,16040000,16040000,6029,10048,16080000,5991
6,402,16080000,16080000,6029,10048,16120000,6005
6,403,16120000,16120000,6029,10048,16160000,6019
6,404,16160000,16160000,6029,10048,16200000,6035
6,405,16200000,16200000,6029,10048,16240000,6050
6,406,16240000,16240000,6029,10048,16280000,6065
6,407,16280000,16280000,6029,10048,16320000,6080
6,408,16320000,16320000,6029,10048,16360000,6095
6,409,16360000,16360000,6029,10048,16400000,6109
6,41,1640000,1640000,6029,10048,1680000,623
6,410,16400000,16400000,6029,10048,16440000,6124
6,411,16440000,16440000,6029,10048,16480000,6138
6,412,16480000,16480000,6029,10048,16520000,6155
6,413,16520000,16520000,6029,10048,16560000,6171
6,414,16560000,16560000,6029,10048,16600000,6184
6,415,16600000,16600000,6029,10048,16640000,6198
6,416,16640000,16640000,6029,10048,16680000,6215
6,417,16680000,16680000,6029,10048,16720000,6227
6,418,16720000,16720000,6029,10048,16760000,6243
6,419,16760000,16760000,6029,10048,16800000,6260
6,42,1680000,1680000,6029,10048,1720000,637
6,420,16800000,16800000,6029,10048,16840000,6274
6,421,16840000,16840000,6029,10048,16880000,6288
6,422,16880000,16880000,6029,10048,16920000,6304
6,423,16920000,16920000,6029,10048,16960000,6318
6,424,16960000,16960000,6029,10048,17000000,6333
6,425,17000000,17000000,6029,10048,17040000,6347
6,426,17040000,17040000,6029,10048,17080000,6364
6,427,17080000,17080000,6029,10048,17120000,6378
6,428,17120000,17120000,6029,10048,17160000,6394
6,429,17160000,17160000,6029,10048,17200000,6407
6,43,1720000,1720000,6029,10048,1760000,651
6,430,17200000,17200000,6029,10048,17240000,6422
6,431,17240000,17240000,6029,10048,17280000,6438
6,432,17280000,17280000,6029,10048,17320000,6451
6,433,17320000,17320000,6029,10048,17360000,6468
6,434,17360000,17360000,6029,10048,17400000,6484
6,435,17400000,17400000,6029,10048,17440000,6497
6,436,17440000,17440000,6029,10048,17480000,6512
6,437,17480000,17480000,6029,10048,17520000,6527
6,438,17520000,17520000,6029,10048,17560000,6542
6,439,17560000,17560000,6029,10048,17600000,6555
6,44,1760000,1760000,6029,10048,1800000,667
6,440,17600000,17600000,6029,10048,17640000,6573
6,441,17640000,17640000,6029,10048,17680000,6587
6,442,17680000,17680000,6029,10048,17720000,6602
6,443,17720000,17720000,6029,10048,17760000,6617
6,444,17760000,17760000,6029,10048,17800000,6631
6,445,17800000,17800000,6029,10048,17840000,6645
6,446,17840000,17840000,6029,10048,17880000,6662
6,447,17880000,17880000,6029,10048,17920000,6676
6,448,17920000,17920000,6029,10048,17960000,6692
6,449,17960000,17960000,6029,10048,18000000,6707
6,45,1800000,1800000,6029,10048,1840000,680
6,450,18000000,18000000,6029,10048,18040000,6720
6,451,18040000,18040000,6029,10048,18080000,6735
6,452,18080000,18080000,6029,10048,18120000,6751
6,453,18120000,18120000,6029,10048,18160000,6765
6,454,18160000,18160000,6029,10048,18200000,6781
6,455,18200000,18200000,6029,10048,18240000,6796
6,456,18240000,18240000,6029,10048,18280000,6811
6,457,18280000,18280000,6029,10048,18320000,6825
6,458,18320000,18320000,6029,10048,18360000,6841
6,459,18360000,18360000,6029,10048,18400000,6854
6,46,1840000,1840000,6029,10048,1880000,696
6,460,18400000,18400000,6029,10048,18440000,6869
6,461,18440000,18440000,6029,10048,18480000,6886
6,462,18480000,18480000,6029,10048,18520000,6900
6,463,18520000,18520000,6029,10048,18560000,6915
6,464,18560000,18560000,6029,10048,18600000,6931
6,465,18600000,18600000,6029,10048,18640000,6943
6,466,18640000,18640000,6029,10048,18680000,6959
6,467,18680000,18680000,6029,10048,18720000,6974
6,468,18720000,18720000,6029,10048,18760000,6991
6,469,18760000,18760000,6029,10048,18800000,7004
6,47,1880000,1880000,6029,10048,1920000,710
6,470,18800000,18800000,6029,10048,18840000,7020
6,471,18840000,18840000,6029,10048,18880000,7034
6,472,18880000,18880000,6029,10048,18920000,7048
6,473,18920000,18920000,6029,10048,18960000,7064
6,474,18960000,18960000,6029,10048,19000000,7078
6,475,19000000,19000000,6029,10048,19040000,7094
6,476,19040000,19040000,6029,10048,19080000,7110
6,477,19080000,19080000,6029,10048,19120000,7123
6,478,19120000,19120000,6029,10048,19160000,7139
6,479,19160000,19160000,6029,10048,19200000,7154
6,48,1920000,1920000,6029,10048,1960000,727
6,480,19200000,19200000,6029,10048,19240000,7167
6,481,19240000,19240000,6029,10048,19280000,7182
6,482,19280000,19280000,6029,10048,19320000,7200
6,483,19320000,19320000,6029,10048,19360000,7213
6,484,19360000,19360000,6029,10048,19400000,7228
6,485,19400000,19400000,6029,10048,19440000,7243
6,486,19440000,19440000,6029,10048,19480000,7258
6,487,19480000,19480000,6029,10048,19520000,7271
6,488,19520000,19520000,6029,10048,19560000,7288
6,489,19560000,19560000,6029,10048,19600000,7303
6,49,1960000,1960000,6029,10048,2000000,741
6,490,19600000,19600000,6029,10048,19640000,7318
6,491,19640000,19640000,6029,10048,19680000,7333
6,492,19680000,19680000,6029,10048,19720000,7347
6,493,19720000,19720000,6029,10048,19760000,7362
6,494,19760000,19760000,6029,10048,19800000,7377
6,495,19800000,19800000,6029,10048,19840000,7390
6,496,19840000,19840000,6029,10048,19880000,7408
6,497,19880000,19880000,6029,10048,19920000,7423
6,498,19920000,19920000,6029,10048,19960000,7437
6,499,19960000,19960000,6029,10048,20000000,7451
6,5,200000,200000,6029,10048,240000,84
6,50,2000000,2000000,6029,10048,2040000,757
6,500,20000000,20000000,6029,10048,20040000,7467
6,501,20040000,20040000,6029,10048,20080000,7481
6,502,20080000,20080000,6029,10048,20120000,7495
6,503,20120000,20120000,6029,10048,20160000,7513
6,504,20160000,20160000,6029,10048,20200000,7527
6,505,20200000,20200000,6029,10048,20240000,7540
6,506,20240000,20240000,6029,10048,20280000,7557
6,507,20280000,20280000,6029,10048,20320000,7570
6,508,20320000,20320000,6029,10048,20360000,7586
6,509,20360000,20360000,6029,10048,20400000,7600
6,51,2040000,2040000,6029,10048,2080000,770
6,510,20400000,20400000,6029,10048,20440000,7616
6,511,20440000,20440000,6029,10048,20480000,7631
6,512,20480000,20480000,6029,10048,20520000,7647
6,513,20520000,20520000,6029,10048,20560000,7660
6,514,20560000,20560000,6029,10048,20600000,7675
6,515,20600000,20600000,6029,10048,20640000,7690
6,516,20640000,20640000,6029,10048,20680000,7704
6,517,20680000,20680000,6029,10048,20720000,7720
6,518,20720000,20720000,6029,10048,20760000,7737
6,519,20760000,20760000,6029,10048,20800000,7750
6,52,2080000,2080000,6029,10048,2120000,785
6,520,20800000,20800000,6029,10048,20840000,7764
6,521,20840000,20840000,6029,10048,20880000,7780
6,522,20880000,20880000,6029,10048,20920000,7794
6,523,20920000,20920000,6029,10048,20960000,7809
6,524,20960000,20960000,6029,10048,21000000,7826
6,525,21000000,21000000,6029,10048,21040000,7839
6,526,21040000,21040000,6029,10048,21080000,7855
6,527,21080000,21080000,6029,10048,21120000,7869
6,528,21120000,21120000,6029,10048,21160000,7884
6,529,21160000,21160000,6029,10048,21200000,7898
6,53,2120000,2120000,6029,10048,2160000,801
6,530,21200000,21200000,6029,10048,21240000,7914
6,531,21240000,21240000,6029,10048,21280000,7929
6,532,21280000,21280000,6029,10048,21320000,7944
6,533,21320000,21320000,6029,10048,21360000,7960
6,534,21360000,21360000,6029,10048,21400000,7974
6,535,21400000,21400000,6029,10048,21440000,7987
6,536,21440000,21440000,6029,10048,21480000,8004
6,537,21480000,21480000,6029,10048,21520000,8017
6,538,21520000,21520000,6029,10048,21560000,8034
6,539,21560000,21560000,6029,10048,21600000,8049
6,54,2160000,2160000,6029,10048,2200000,814
6,540,21600000,21600000,6029,10048,21640000,8063
6,541,21640000,21640000,6029,10048,21680000,8078
6,542,21680000,21680000,6029,10048,21720000,8093
6,543,21720000,21720000,6029,10048,21760000,8107
6,544,21760000,21760000,6029,10048,21800000,8122
6,545,21800000,21800000,6029,10048,21840000,8139
6,546,21840000,21840000,6029,10048,21880000,8153
6,547,21880000,21880000,6029,10048,21920000,8167
6,548,21920000,21920000,6029,10048,21960000,8184
6,549,21960000,21960000,6029,10048,22000000,8196
6,55,2200000,2200000,6029,10048,2240000,830
6,550,22000000,22000000,6029,10048,22040000,8211
6,551,22040000,22040000,6029,10048,22080000,8227
6,552,22080000,22080000,6029,10048,22120000,8243
6,553,22120000,22120000,6029,10048,22160000,8257
6,554,22160000,22160000,6029,10048,22200000,8273
6,555,22200000,22200000,6029,10048,22240000,8286
6,556,22240000,22240000,6029,10048,22280000,8302
6,557,22280000,22280000,6029,10048,22320000,8316
6,558,22320000,22320000,6029,10048,22360000,8331
6,559,22360000,22360000,6029,10048,22400000,8347
6,56,2240000,2240000,6029,10048,2280000,847
6,560,22400000,22400000,6029,10048,22440000,8362
6,561,22440000,22440000,6029,10048,22480000,8376
6,562,22480000,22480000,6029,10048,22520000,8391
6,563,22520000,22520000,6029,10048,22560000,8407
6,564,22560000,22560000,6029,10048,22600000,8420
6,565,22600000,22600000,6029,10048,22640000,8434
6,566,22640000,22640000,6029,10048,22680000,8453
6,567,22680000,22680000,6029,10048,22720000,8466
6,568,22720000,22720000,6029,10048,22760000,8481
6,569,22760000,22760000,6029,10048,22800000,8496
6,57,2280000,2280000,6029,10048,2320000,860
6,570,22800000,22800000,6029,10048,22840000,8510
6,571,22840000,22840000,6029,10048,22880000,8524
6,572,22880000,22880000,6029,10048,22920000,8540
6,573,22920000,22920000,6029,10048,22960000,8556
6,574,22960000,22960000,6029,10048,23000000,8571
6,575,23000000,23000000,6029,10048,23040000,8585
6,576,23040000,23040000,6029,10048,23080000,8600
6,577,23080000,23080000,6029,10048,23120000,8614
6,578,23120000,23120000,6029,10048,23160000,8631
6,579,23160000,23160000,6029,10048,23200000,8643
6,58,2320000,2320000,6029,10048,2360000,875
6,580,23200000,23200000,6029,10048,23240000,8660
6,581,23240000,23240000,6029,10048,23280000,8676
6,582,23280000,23280000,6029,10048,23320000,8689
6,583,23320000,23320000,6029,10048,23360000,8704
6,584,23360000,23360000,6029,10048,23400000,8720
6,585,23400000,23400000,6029,10048,23440000,8733
6,586,23440000,23440000,6029,10048,23480000,8748
6,587,23480000,23480000,6029,10048,23520000,8765
6,588,23520000,23520000,6029,10048,23560000,8780
6,589,23560000,23560000,6029,10048,23600000,8794
6,59,2360000,2360000,6029,10048,2400000,890
6,590,23600000,23600000,6029,10048,23640000,8809
6,591,23640000,23640000,6029,10048,23680000,8823
6,592,23680000,23680000,6029,10048,23720000,8838
6,593,23720000,23720000,6029,10048,23760000,8853
6,594,23760000,23760000,6029,10048,23800000,8869
6,595,23800000,23800000,6029,10048,23840000,8883
6,596,23840000,23840000,6029,10048,23880000,8900
6,597,23880000,23880000,6029,10048,23920000,8912
6,598,23920000,23920000,6029,10048,23960000,8928
6,599,23960000,23960000,6029,10048,24000000,8943
6,6,240000,240000,6029,10048,280000,101
6,60,2400000,2400000,6029,10048,2440000,904
6,600,24000000,24000000,6029,10048,24040000,8957
6,601,24040000,24040000,6029,10048,24080000,8973
6,602,24080000,24080000,6029,10048,24120000,8989
6,603,24120000,24120000,6029,10048,24160000,9003
6,604,24160000,24160000,6029,10048,24200000,9017
6,605,24200000,24200000,6029,10048,24240000,9032
6,606,24240000,24240000,6029,10048,24280000,9047
6,607,24280000,24280000,6029,10048,24320000,9061
6,608,24320000,24320000,6029,10048,24360000,9079
6,609,24360000,24360000,6029,10048,24400000,9092
6,61,2440000,2440000,6029,10048,2480000,919
6,610,24400000,24400000,6029,10048,24440000,9107
6,611,24440000,24440000,6029,10048,24480000,9123
6,612,24480000,24480000,6029,10048,24520000,9136
6,613,24520000,24520000,6029,10048,24560000,9151
6,614,24560000,24560000,6029,10048,24600000,9167
6,615,24600000,24600000,6029,10048,24640000,9181
6,616,24640000,24640000,6029,10048,24680000,9197
6,617,24680000,24680000,6029,10048,24720000,9212
6,618,24720000,24720000,6029,10048,24760000,9227
6,619,24760000,24760000,6029,10048,24800000,9240
6,62,2480000,2480000,6029,10048,2520000,936
6,620,24800000,24800000,6029,10048,24840000,9256
6,621,24840000,24840000,6029,10048,24880000,9270
6,622,24880000,24880000,6029,10048,24920000,9287
6,623,24920000,24920000,6029,10048,24960000,9302
6,624,24960000,24960000,6029,10048,25000000,9316
6,625,25000000,25000000,6029,10048,25040000,9330
6,626,25040000,25040000,6029,10048,25080000,9346
6,627,25080000,25080000,6029,10048,25120000,9359
6,628,25120000,25120000,6029,10048,25160000,9375
6,629,25160000,25160000,6029,10048,25200000,9392
6,63,2520000,2520000,6029,10048,2560000,950
6,630,25200000,25200000,6029,10048,25240000,9405
6,631,25240000,25240000,6029,10048,25280000,9420
6,632,25280000,25280000,6029,10048,25320000,9436
6,633,25320000,25320000,6029,10048,25360000,9450
6,634,25360000,25360000,6029,10048,25400000,9464
6,635,25400000,25400000,6029,10048,25440000,9479
6,636,25440000,25440000,6029,10048,25480000,9496
6,637,25480000,25480000,6029,10048,25520000,9509
6,638,25520000,25520000,6029,10048,25560000,9526
6,639,25560000,25560000,6029,10048,25600000,9539
6,64,2560000,2560000,6029,10048,2600000,965
6,640,25600000,25600000,6029,10048,25640000,9554
6,641,25640000,25640000,6029,10048,25680000,9569
6,642,25680000,25680000,6029,10048,25720000,9583
6,643,25720000,25720000,6029,10048,25760000,9600
6,644,25760000,25760000,6029,10048,25800000,9616
6,645,25800000,25800000,6029,10048,25840000,9628
6,646,25840000,25840000,6029,10048,25880000,9644
6,647,25880000,25880000,6029,10048,25920000,9659
6,648,25920000,25920000,6029,10048,25960000,9673
6,649,25960000,25960000,6029,10048,26000000,9687
6,65,2600000,2600000,6029,10048,2640000,979
6,650,26000000,26000000,6029,10048,26040000,9705
6,651,26040000,26040000,6029,10048,26080000,9719
6,652,26080000,26080000,6029,10048,26120000,9733
6,653,26120000,26120000,6029,10048,26160000,9749
6,654,26160000,26160000,6029,10048,26200000,9763
6,655,26200000,26200000,6029,10048,26240000,9777
6,656,26240000,26240000,6029,10048,26280000,9793
6,657,26280000,26280000,6029,10048,26320000,9808
6,658,26320000,26320000,6029,10048,26360000,9824
6,659,26360000,26360000,6029,10048,26400000,9838
6,66,2640000,2640000,6029,10048,2680000,994
6,660,26400000,26400000,6029,10048,26440000,9852
6,661,26440000,26440000,6029,10048,26480000,9867
6,662,26480000,26480000,6029,10048,26520000,9883
6,663,26520000,26520000,6029,10048,26560000,9896
6,664,26560000,26560000,6029,10048,26600000,9913
6,665,26600000,26600000,6029,10048,26640000,9928
6,666,26640000,26640000,6029,10048,26680000,9943
6,667,26680000,26680000,6029,10048,26720000,9956
6,668,26720000,26720000,6029,10048,26760000,9973
6,669,26760000,26760000,6029,10048,26800000,9986
6,67,2680000,2680000,6029,10048,2720000,1008
6,670,26800000,26800000,6029,10048,26840000,10000
6,671,26840000,26840000,6029,10048,26880000,10018
6,672,26880000,26880000,6029,10048,26920000,10032
6,673,26920000,26920000,6029,10048,26960000,10047
6,674,26960000,26960000,6029,10048,27000000,10062
6,675,27000000,27000000,6029,10048,27040000,10075
6,676,27040000,27040000,6029,10048,27080000,10091
6,677,27080000,27080000,6029,10048,27120000,10106
6,678,27120000,27120000,6029,10048,27160000,10122
6,679,27160000,27160000,6029,10048,27200000,10136
6,68,2720000,2720000,6029,10048,2760000,1025
6,680,27200000,27200000,6029,10048,27240000,10152
6,681,27240000,27240000,6029,10048,27280000,10165
6,682,27280000,27280000,6029,10048,27320000,10180
6,683,27320000,27320000,6029,10048,27360000,10196
6,684,27360000,27360000,6029,10048,27400000,10210
6,685,27400000,27400000,6029,10048,27440000,10225
6,686,27440000,27440000,6029,10048,27480000,10242
6,687,27480000,27480000,6029,10048,27520000,10255
6,688,27520000,27520000,6029,10048,27560000,10271
6,689,27560000,27560000,6029,10048,27600000,10285
6,69,2760000,2760000,6029,10048,2800000,1039
6,690,27600000,27600000,6029,10048,27640000,10299
6,691,27640000,27640000,6029,10048,27680000,10314
6,692,27680000,27680000,6029,10048,27720000,10331
6,693,27720000,27720000,6029,10048,27760000,10345
6,694,27760000,27760000,6029,10048,27800000,10360
6,695,27800000,27800000,6029,10048,27840000,10375
6,696,27840000,27840000,6029,10048,27880000,10389
6,697,27880000,27880000,6029,10048,27920000,10403
6,698,27920000,27920000,6029,10048,27960000,10420
6,699,27960000,27960000,6029,10048,28000000,10435
6,7,280000,280000,6029,10048,320000,114
6,70,2800000,2800000,6029,10048,2840000,1054
6,700,28000000,28000000,6029,10048,28040000,10449
6,701,28040000,28040000,6029,10048,28080000,10465
6,702,28080000,28080000,6029,10048,28120000,10479
6,703,28120000,28120000,6029,10048,28160000,10493
6,704,28160000,28160000,6029,10048,28200000,10509
6,705,28200000,28200000,6029,10048,28240000,10522
6,706,28240000,28240000,6029,10048,28280000,10540
6,707,28280000,28280000,6029,10048,28320000,10554
6,708,28320000,28320000,6029,10048,28360000,10569
6,709,28360000,28360000,6029,10048,28400000,10583
6,71,2840000,2840000,6029,10048,2880000,1070
6,710,28400000,28400000,6029,10048,28440000,10599
6,711,28440000,28440000,6029,10048,28480000,10612
6,712,28480000,28480000,6029,10048,28520000,10627
6,713,28520000,28520000,6029,10048,28560000,10645
6,714,28560000,28560000,6029,10048,28600000,10658
6,715,28600000,28600000,6029,10048,28640000,10672
6,716,28640000,28640000,6029,10048,28680000,10689
6,717,28680000,28680000,6029,10048,28720000,10702
6,718,28720000,28720000,6029,10048,28760000,10717
6,719,28760000,28760000,6029,10048,28800000,10732
6,72,2880000,2880000,6029,10048,2920000,1084
6,720,28800000,28800000,6029,10048,28840000,10748
6,721,28840000,28840000,6029,10048,28880000,10763
6,722,28880000,28880000,6029,10048,28920000,10778
6,723,28920000,28920000,6029,10048,28960000,10792
6,724,28960000,28960000,6029,10048,29000000,10807
6,725,29000000,29000000,6029,10048,29040000,10821
6,726,29040000,29040000,6029,10048,29080000,10836
6,727,29080000,29080000,6029,10048,29120000,10852
6,728,29120000,29120000,6029,10048,29160000,10869
6,729,29160000,29160000,6029,10048,29200000,10881
6,73,2920000,2920000,6029,10048,2960000,1098
6,730,29200000,29200000,6029,10048,29240000,10896
6,731,29240000,29240000,6029,10048,29280000,10912
6,732,29280000,29280000,6029,10048,29320000,10926
6,733,29320000,29320000,6029,10048,29360000,10940
6,734,29360000,29360000,6029,10048,29400000,10958
6,735,29400000,29400000,6029,10048,29440000,10971
6,736,29440000,29440000,6029,10048,29480000,10986
6,737,29480000,29480000,6029,10048,29520000,11001
6,738,29520000,29520000,6029,10048,29560000,11016
6,739,29560000,29560000,6029,10048,29600000,11030
6,74,2960000,2960000,6029,10048,3000000,1114
6,740,29600000,29600000,6029,10048,29640000,11045
6,741,29640000,29640000,6029,10048,29680000,11061
6,742,29680000,29680000,6029,10048,29720000,11076
6,743,29720000,29720000,6029,10048,29760000,11092
6,744,29760000,29760000,6029,10048,29800000,11105
6,745,29800000,29800000,6029,10048,29840000,11119
6,746,29840000,29840000,6029,10048,29880000,11136
6,747,29880000,29880000,6029,10048,29920000,11148
6,748,29920000,29920000,6029,10048,29960000,11166
6,749,29960000,29960000,6029,10048,30000000,11181
6,75,3000000,3000000,6029,10048,3040000,1127
6,750,30000000,30000000,6029,10048,30040000,11195
6,751,30040000,30040000,6029,10048,30080000,11209
6,752,30080000,30080000,6029,10048,30120000,11225
6,753,30120000,30120000,6029,10048,30160000,11239
6,754,30160000,30160000,6029,10048,30200000,11254
6,755,30200000,30200000,6029,10048,30240000,11270
6,756,30240000,30240000,6029,10048,30280000,11285
6,757,30280000,30280000,6029,10048,30320000,11299
6,758,30320000,30320000,6029,10048,30360000,11315
6,759,30360000,30360000,6029,10048,30400000,11328
6,76,3040000,3040000,6029,10048,3080000,1144
6,760,30400000,30400000,6029,10048,30440000,11343
6,761,30440000,30440000,6029,10048,30480000,11359
6,762,30480000,30480000,6029,10048,30520000,11374
6,763,30520000,30520000,6029,10048,30560000,11389
6,764,30560000,30560000,6029,10048,30600000,11405
6,765,30600000,30600000,6029,10048,30640000,11418
6,766,30640000,30640000,6029,10048,30680000,11433
6,767,30680000,30680000,6029,10048,30720000,11448
6,768,30720000,30720000,6029,10048,30760000,11463
6,769,30760000,30760000,6029,10048,30800000,11478
6,77,3080000,3080000,6029,10048,3120000,1159
6,770,30800000,30800000,6029,10048,30840000,11494
6,771,30840000,30840000,6029,10048,30880000,11508
6,772,30880000,30880000,6029,10048,30920000,11523
6,773,30920000,30920000,6029,10048,30960000,11538
6,774,30960000,30960000,6029,10048,31000000,11552
6,775,31000000,31000000,6029,10048,31040000,11566
6,776,31040000,31040000,6029,10048,31080000,11585
6,777,31080000,31080000,6029,10048,31120000,11597
6,778,31120000,31120000,6029,10048,31160000,11613
6,779,31160000,31160000,6029,10048,31200000,11628
6,78,3120000,3120000,6029,10048,3160000,1174
6,780,31200000,31200000,6029,10048,31240000,11641
6,781,31240000,31240000,6029,10048,31280000,11656
6,782,31280000,31280000,6029,10048,31320000,11672
6,783,31320000,31320000,6029,10048,31360000,11688
6,784,31360000,31360000,6029,10048,31400000,11702
6,785,31400000,31400000,6029,10048,31440000,11717
6,786,31440000,31440000,6029,10048,31480000,11732
6,787,31480000,31480000,6029,10048,31520000,11746
6,788,31520000,31520000,6029,10048,31560000,11762
6,789,31560000,31560000,6029,10048,31600000,11775
6,79,3160000,3160000,6029,10048,3200000,1188
6,790,31600000,31600000,6029,10048,31640000,11792
6,791,31640000,31640000,6029,10048,31680000,11807
6,792,31680000,31680000,6029,10048,31720000,11821
6,793,31720000,31720000,6029,10048,31760000,11836
6,794,31760000,31760000,6029,10048,31800000,11852
6,795,31800000,31800000,6029,10048,31840000,11864
6,796,31840000,31840000,6029,10048,31880000,11880
6,797,31880000,31880000,6029,10048,31920000,11897
6,798,31920000,31920000,6029,10048,31960000,11912
6,799,31960000,31960000,6029,10048,32000000,11925
6,8,320000,320000,6029,10048,360000,131
6,80,3200000,3200000,6029,10048,3240000,1203
6,800,32000000,32000000,6029,10048,32040000,11941
6,801,32040000,32040000,6029,10048,32080000,11955
6,802,32080000,32080000,6029,10048,32120000,11969
6,803,32120000,32120000,6029,10048,32160000,11985
6,804,32160000,32160000,6029,10048,32200000,12001
6,805,32200000,32200000,6029,10048,32240000,12015
6,806,32240000,32240000,6029,10048,32280000,12031
6,807,32280000,32280000,6029,10048,32320000,12044
6,808,32320000,32320000,6029,10048,32360000,12060
6,809,32360000,32360000,6029,10048,32400000,12075
6,81,3240000,3240000,6029,10048,3280000,1217
6,810,32400000,32400000,6029,10048,32440000,12088
6,811,32440000,32440000,6029,10048,32480000,12105
6,812,32480000,32480000,6029,10048,32520000,12121
6,813,32520000,32520000,6029,10048,32560000,12134
6,814,32560000,32560000,6029,10048,32600000,12149
6,815,32600000,32600000,6029,10048,32640000,12164
6,816,32640000,32640000,6029,10048,32680000,12179
6,817,32680000,32680000,6029,10048,32720000,12192
6,818,32720000,32720000,6029,10048,32760000,12211
6,819,32760000,32760000,6029,10048,32800000,12224
6,82,3280000,3280000,6029,10048,3320000,1232
6,820,32800000,32800000,6029,10048,32840000,12239
6,821,32840000,32840000,6029,10048,32880000,12254
6,822,32880000,32880000,6029,10048,32920000,12268
6,823,32920000,32920000,6029,10048,32960000,12283
6,824,32960000,32960000,6029,10048,33000000,12298
6,825,33000000,33000000,6029,10048,33040000,12313
6,826,33040000,33040000,6029,10048,33080000,12329
6,827,33080000,33080000,6029,10048,33120000,12344
6,828,33120000,33120000,6029,10048,33160000,12358
6,829,33160000,33160000,6029,10048,33200000,12372
6,83,3320000,3320000,6029,10048,3360000,1250
6,830,33200000,33200000,6029,10048,33240000,12388
6,831,33240000,33240000,6029,10048,33280000,12402
6,832,33280000,33280000,6029,10048,33320000,12418
6,833,33320000,33320000,6029,10048,33360000,12434
6,834,33360000,33360000,6029,10048,33400000,12448
6,835,33400000,33400000,6029,10048,33440000,12461
6,836,33440000,33440000,6029,10048,33480000,12478
6,837,33480000,33480000,6029,10048,33520000,12491
6,838,33520000,33520000,6029,10048,33560000,12507
6,839,33560000,33560000,6029,10048,33600000,12523
6,84,3360000,3360000,6029,10048,3400000,1263
6,840,33600000,33600000,6029,10048,33640000,12537
6,841,33640000,33640000,6029,10048,33680000,12552
6,842,33680000,33680000,6029,10048,33720000,12568
6,843,33720000,33720000,6029,10048,33760000,12581
6,844,33760000,33760000,6029,10048,33800000,12596
6,845,33800000,33800000,6029,10048,33840000,12611
6,846,33840000,33840000,6029,10048,33880000,12627
6,847,33880000,33880000,6029,10048,33920000,12641
6,848,33920000,33920000,6029,10048,33960000,12658
6,849,33960000,33960000,6029,10048,34000000,12671
6,85,3400000,3400000,6029,10048,3440000,1277
6,850,34000000,34000000,6029,10048,34040000,12685
6,851,34040000,34040000,6029,10048,34080000,12701
6,852,34080000,34080000,6029,10048,34120000,12715
6,853,34120000,34120000,6029,10048,34160000,12732
6,854,34160000,34160000,6029,10048,34200000,12747
6,855,34200000,34200000,6029,10048,34240000,12760
6,856,34240000,34240000,6029,10048,34280000,12776
6,857,34280000,34280000,6029,10048,34320000,12790
6,858,34320000,34320000,6029,10048,34360000,12805
6,859,34360000,34360000,6029,10048,34400000,12819
6,86,3440000,3440000,6029,10048,3480000,1294
6,860,34400000,34400000,6029,10048,34440000,12837
6,861,34440000,34440000,6029,10048,34480000,12850
6,862,34480000,34480000,6029,10048,34520000,12865
6,863,34520000,34520000,6029,10048,34560000,12881
6,864,34560000,34560000,6029,10048,34600000,12895
6,865,34600000,34600000,6029,10048,34640000,12908
6,866,34640000,34640000,6029,10048,34680000,12925
6,867,34680000,34680000,6029,10048,34720000,12940
6,868,34720000,34720000,6029,10048,34760000,12955
6,869,34760000,34760000,6029,10048,34800000,12970
6,87,3480000,3480000,6029,10048,3520000,1306
6,870,34800000,34800000,6029,10048,34840000,12984
6,871,34840000,34840000,6029,10048,34880000,12999
6,872,34880000,34880000,6029,10048,34920000,13014
6,873,34920000,34920000,6029,10048,34960000,13028
6,874,34960000,34960000,6029,10048,35000000,13045
6,875,35000000,35000000,6029,10048,35040000,13060
6,876,35040000,35040000,6029,10048,35080000,13074
6,877,35080000,35080000,6029,10048,35120000,13088
6,878,35120000,35120000,6029,10048,35160000,13105
6,879,35160000,35160000,6029,10048,35200000,13117
6,88,3520000,3520000,6029,10048,3560000,1322
6,880,35200000,35200000,6029,10048,35240000,13132
6,881,35240000,35240000,6029,10048,35280000,13150
6,882,35280000,35280000,6029,10048,35320000,13164
6,883,35320000,35320000,6029,10048,35360000,13178
6,884,35360000,35360000,6029,10048,35400000,13194
6,885,35400000,35400000,6029,10048,35440000,13207
6,886,35440000,35440000,6029,10048,35480000,13223
6,887,35480000,35480000,6029,10048,35520000,13237
6,888,35520000,35520000,6029,10048,35560000,13254
6,889,35560000,35560000,6029,10048,35600000,13268
6,89,3560000,3560000,6029,10048,3600000,1337
6,890,35600000,35600000,6029,10048,35640000,13283
6,891,35640000,35640000,6029,10048,35680000,13297
6,892,35680000,35680000,6029,10048,35720000,13312
6,893,35720000,35720000,6029,10048,35760000,13328
6,894,35760000,35760000,6029,10048,35800000,13341
6,895,35800000,35800000,6029,10048,35840000,13357
6,896,35840000,35840000,6029,10048,35880000,13374
6,897,35880000,35880000,6029,10048,35920000,13387
6,898,35920000,35920000,6029,10048,35960000,13402
6,899,35960000,35960000,6029,10048,36000000,13417
6,9,360000,360000,6029,10048,400000,144
6,90,3600000,3600000,6029,10048,3640000,1353
6,900,36000000,36000000,6029,10048,36040000,13431
6,901,36040000,36040000,6029,10048,36080000,13445
6,902,36080000,36080000,6029,10048,36120000,13463
6,903,36120000,36120000,6029,10048,36160000,13477
6,904,36160000,36160000,6029,10048,36200000,13492
6,905,36200000,36200000,6029,10048,36240000,13506
6,906,36240000,36240000,6029,10048,36280000,13521
6,907,36280000,36280000,6029,10048,36320000,13535
6,908,36320000,36320000,6029,10048,36360000,13552
6,909,36360000,36360000,6029,10048,36400000,13566
6,91,3640000,3640000,6029,10048,3680000,1367
6,910,36400000,36400000,6029,10048,36440000,13581
6,911,36440000,36440000,6029,10048,36480000,13597
6,912,36480000,36480000,6029,10048,36520000,13610
6,913,36520000,36520000,6029,10048,36560000,13625
6,914,36560000,36560000,6029,10048,36600000,13641
6,915,36600000,36600000,6029,10048,36640000,13654
6,916,36640000,36640000,6029,10048,36680000,13671
6,917,36680000,36680000,6029,10048,36720000,13686
6,918,36720000,36720000,6029,10048,36760000,13701
6,919,36760000,36760000,6029,10048,36800000,13715
6,92,3680000,3680000,6029,10048,3720000,1383
6,920,36800000,36800000,6029,10048,36840000,13730
6,921,36840000,36840000,6029,10048,36880000,13744
6,922,36880000,36880000,6029,10048,36920000,13759
6,923,36920000,36920000,6029,10048,36960000,13776
6,924,36960000,36960000,6029,10048,37000000,13790
6,925,37000000,37000000,6029,10048,37040000,13804
6,926,37040000,37040000,6029,10048,37080000,13821
6,927,37080000,37080000,6029,10048,37120000,13833
6,928,37120000,37120000,6029,10048,37160000,13849
6,929,37160000,37160000,6029,10048,37200000,13864
6,93,3720000,3720000,6029,10048,3760000,1397
6,930,37200000,37200000,6029,10048,37240000,13880
6,931,37240000,37240000,6029,10048,37280000,13894
6,932,37280000,37280000,6029,10048,37320000,13910
6,933,37320000,37320000,6029,10048,37360000,13924
6,934,37360000,37360000,6029,10048,37400000,13938
6,935,37400000,37400000,6029,10048,37440000,13953
6,936,37440000,37440000,6029,10048,37480000,13968
6,937,37480000,37480000,6029,10048,37520000,13984
6,938,37520000,37520000,6029,10048,37560000,14000
6,939,37560000,37560000,6029,10048,37600000,14013
6,94,3760000,3760000,6029,10048,3800000,1412
6,940,37600000,37600000,6029,10048,37640000,14028
6,941,37640000,37640000,6029,10048,37680000,14044
6,942,37680000,37680000,6029,10048,37720000,14057
6,943,37720000,37720000,6029,10048,37760000,14072
6,944,37760000,37760000,6029,10048,37800000,14090
6,945,37800000,37800000,6029,10048,37840000,14102
6,946,37840000,37840000,6029,10048,37880000,14118
6,947,37880000,37880000,6029,10048,37920000,14133
6,948,37920000,37920000,6029,10048,37960000,14148
6,949,37960000,37960000,6029,10048,38000000,14161
6,95,3800000,3800000,6029,10048,3840000,1426
6,950,38000000,38000000,6029,10048,38040000,14177
6,951,38040000,38040000,6029,10048,38080000,14193
6,952,38080000,38080000,6029,10048,38120000,14208
6,953,38120000,38120000,6029,10048,38160000,14223
6,954,38160000,38160000,6029,10048,38200000,14237
6,955,38200000,38200000,6029,10048,38240000,14251
6,956,38240000,38240000,6029,10048,38280000,14267
6,957,38280000,38280000,6029,10048,38320000,14280
6,958,38320000,38320000,6029,10048,38360000,14298
6,959,38360000,38360000,6029,10048,38400000,14313
6,96,3840000,3840000,6029,10048,3880000,1441
6,960,38400000,38400000,6029,10048,38440000,14326
6,961,38440000,38440000,6029,10048,38480000,14341
6,962,38480000,38480000,6029,10048,38520000,14357
6,963,38520000,38520000,6029,10048,38560000,14371
6,964,38560000,38560000,6029,10048,38600000,14385
6,965,38600000,38600000,6029,10048,38640000,14402
6,966,38640000,38640000,6029,10048,38680000,14417
6,967,38680000,38680000,6029,10048,38720000,14430
6,968,38720000,38720000,6029,10048,38760000,14447
6,969,38760000,38760000,6029,10048,38800000,14460
6,97,3880000,3880000,6029,10048,3920000,1457
6,970,38800000,38800000,6029,10048,38840000,14475
6,971,38840000,38840000,6029,10048,38880000,14490
6,972,38880000,38880000,6029,10048,38920000,14506
6,973,38920000,38920000,6029,10048,38960000,14521
6,974,38960000,38960000,6029,10048,39000000,14537
6,975,39000000,39000000,6029,10048,39040000,14549
6,976,39040000,39040000,6029,10048,39080000,14565
6,977,39080000,39080000,6029,10048,39120000,14580
6,978,39120000,39120000,6029,10048,39160000,14594
6,979,39160000,39160000,6029,10048,39200000,14610
6,98,3920000,3920000,6029,10048,3960000,1473
6,980,39200000,39200000,6029,10048,39240000,14626
6,981,39240000,39240000,6029,10048,39280000,14640
6,982,39280000,39280000,6029,10048,39320000,14654
6,983,39320000,39320000,6029,10048,39360000,14670
6,984,39360000,39360000,6029,10048,39400000,14684
6,985,39400000,39400000,6029,10048,39440000,14698
6,986,39440000,39440000,6029,10048,39480000,14716
6,987,39480000,39480000,6029,10048,39520000,14729
6,988,39520000,39520000,6029,10048,39560000,14745
6,989,39560000,39560000,6029,10048,39600000,14759
6,99,3960000,3960000,6029,10048,4000000,1486
6,990,39600000,39600000,6029,10048,39640000,14773
6,991,39640000,39640000,6029,10048,39680000,14788
6,992,39680000,39680000,6029,10048,39720000,14804
6,993,39720000,39720000,6029,10048,39760000,14819
6,994,39760000,39760000,6029,10048,39800000,14834
6,995,39800000,39800000,6029,10048,39840000,14849
6,996,39840000,39840000,6029,10048,39880000,14864
6,997,39880000,39880000,6029,10048,39920000,14877
6,998,39920000,39920000,6029,10048,39960000,14894
6,999,39960000,39960000,6029,10048,40000000,14907
7,0,0,0,19724,32873,50000,14
7,1,50000,50000,19724,32873,100000,32
7,10,500000,500000,19724,32873,550000,199
7,100,5000000,5000000,19724,32873,5050000,1879
7,1000,50000000,50000000,19724,32873,50050000,18656
7,1001,50050000,50050000,19724,32873,50100000,18675
7,1002,50100000,50100000,19724,32873,50150000,18691
7,1003,50150000,50150000,19724,32873,50200000,18712
7,1004,50200000,50200000,19724,32873,50250000,18731
7,1005,50250000,50250000,19724,32873,50300000,18749
7,1006,50300000,50300000,19724,32873,50350000,18767
7,1007,50350000,50350000,19724,32873,50400000,18788
7,1008,50400000,50400000,19724,32873,50450000,18805
7,1009,50450000,50450000,19724,32873,50500000,18823
7,101,5050000,5050000,19724,32873,5100000,1897
7,1010,50500000,50500000,19724,32873,50550000,18843
7,1011,50550000,50550000,19724,32873,50600000,18860
7,1012,50600000,50600000,19724,32873,50650000,18880
7,1013,50650000,50650000,19724,32873,50700000,18898
7,1014,50700000,50700000,19724,32873,50750000,18917
7,1015,50750000,50750000,19724,32873,50800000,18935
7,1016,50800000,50800000,19724,32873,50850000,18954
7,1017,50850000,50850000,19724,32873,50900000,18973
7,1018,50900000,50900000,19724,32873,50950000,18990
7,1019,50950000,50950000,19724,32873,51000000,19012
7,102,5100000,5100000,19724,32873,5150000,1916
7,1020,51000000,51000000,19724,32873,51050000,19029
7,1021,51050000,51050000,19724,32873,51100000,19048
7,1022,51100000,51100000,19724,32873,51150000,19066
7,1023,51150000,51150000,19724,32873,51200000,19083
7,1024,51200000,51200000,19724,32873,51250000,19103
7,1025,51250000,51250000,19724,32873,51300000,19122
7,1026,51300000,51300000,19724,32873,51350000,19140
7,1027,51350000,51350000,19724,32873,51400000,19159
7,1028,51400000,51400000,19724,32873,51450000,19180
7,1029,51450000,51450000,19724,32873,51500000,19196
7,103,5150000,5150000,19724,32873,5200000,1934
7,1030,51500000,51500000,19724,32873,51550000,19214
7,1031,51550000,51550000,19724,32873,51600000,19235
7,1032,51600000,51600000,19724,32873,51650000,19252
7,1033,51650000,51650000,19724,32873,51700000,19271
7,1034,51700000,51700000,19724,32873,51750000,19289
7,1035,51750000,51750000,19724,32873,51800000,19309
7,1036,51800000,51800000,19724,32873,51850000,19327
7,1037,51850000,51850000,19724,32873,51900000,19345
7,1038,51900000,51900000,19724,32873,51950000,19364
7,1039,51950000,51950000,19724,32873,52000000,19382
7,104,5200000,5200000,19724,32873,5250000,1955
7,1040,52000000,52000000,19724,32873,52050000,19403
7,1041,52050000,52050000,19724,32873,52100000,19420
7,1042,52100000,52100000,19724,32873,52150000,19439
7,1043,52150000,52150000,19724,32873,52200000,19459
7,1044,52200000,52200000,19724,32873,52250000,19475
7,1045,52250000,52250000,19724,32873,52300000,19494
7,1046,52300000,52300000,19724,32873,52350000,19513
7,1047,52350000,52350000,19724,32873,52400000,19532
7,1048,52400000,52400000,19724,32873,52450000,19550
7,1049,52450000,52450000,19724,32873,52500000,19571
7,105,5250000,5250000,19724,32873,5300000,1972
7,1050,52500000,52500000,19724,32873,52550000,19587
7,1051,52550000,52550000,19724,32873,52600000,19606
7,1052,52600000,52600000,19724,32873,52650000,19627
7,1053,52650000,52650000,19724,32873,52700000,19643
7,1054,52700000,52700000,19724,32873,52750000,19663
7,1055,52750000,52750000,19724,32873,52800000,19681
7,1056,52800000,52800000,19724,32873,52850000,19700
7,1057,52850000,52850000,19724,32873,52900000,19718
7,1058,52900000,52900000,19724,32873,52950000,19736
7,1059,52950000,52950000,19724,32873,53000000,19756
7,106,5300000,5300000,19724,32873,5350000,1989
7,1060,53000000,53000000,19724,32873,53050000,19774
7,1061,53050000,53050000,19724,32873,53100000,19794
7,1062,53100000,53100000,19724,32873,53150000,19811
7,1063,53150000,53150000,19724,32873,53200000,19831
7,1064,53200000,53200000,19724,32873,53250000,19850
7,1065,53250000,53250000,19724,32873,53300000,19867
7,1066,53300000,53300000,19724,32873,53350000,19885
7,1067,53350000,53350000,19724,32873,53400000,19905
7,1068,53400000,53400000,19724,32873,53450000,19924
7,1069,53450000,53450000,19724,32873,53500000,19941
7,107,5350000,5350000,19724,32873,5400000,2011
7,1070,53500000,53500000,19724,32873,53550000,19962
7,1071,53550000,53550000,19724,32873,53600000,19979
7,1072,53600000,53600000,19724,32873,53650000,19997
7,1073,53650000,53650000,19724,32873,53700000,20018
7,1074,53700000,53700000,19724,32873,53750000,20034
7,1075,53750000,53750000,19724,32873,53800000,20055
7,1076,53800000,53800000,19724,32873,53850000,20074
7,1077,53850000,53850000,19724,32873,53900000,20091
7,1078,53900000,53900000,19724,32873,53950000,20109
7,1079,53950000,53950000,19724,32873,54000000,20128
7,108,5400000,5400000,19724,32873,5450000,2028
7,1080,54000000,54000000,19724,32873,54050000,20147
7,1081,54050000,54050000,19724,32873,54100000,20165
7,1082,54100000,54100000,19724,32873,54150000,20185
7,1083,54150000,54150000,19724,32873,54200000,20203
7,1084,54200000,54200000,19724,32873,54250000,20223
7,1085,54250000,54250000,19724,32873,54300000,20241
7,1086,54300000,54300000,19724,32873,54350000,20258
7,1087,54350000,54350000,19724,32873,54400000,20278
7,1088,54400000,54400000,19724,32873,54450000,20296
7,1089,54450000,54450000,19724,32873,54500000,20315
7,109,5450000,5450000,19724,32873,5500000,2046
7,1090,54500000,54500000,19724,32873,54550000,20332
7,1091,54550000,54550000,19724,32873,54600000,20354
7,1092,54600000,54600000,19724,32873,54650000,20371
7,1093,54650000,54650000,19724,32873,54700000,20388
7,1094,54700000,54700000,19724,32873,54750000,20409
7,1095,54750000,54750000,19724,32873,54800000,20426
7,1096,54800000,54800000,19724,32873,54850000,20446
7,1097,54850000,54850000,19724,32873,54900000,20465
7,1098,54900000,54900000,19724,32873,54950000,20483
7,1099,54950000,54950000,19724,32873,55000000,20501
7,11,550000,550000,19724,32873,600000,221
7,110,5500000,5500000,19724,32873,5550000,2065
7,1100,55000000,55000000,19724,32873,55050000,20520
7,1101,55050000,55050000,19724,32873,55100000,20538
7,1102,55100000,55100000,19724,32873,55150000,20556
7,1103,55150000,55150000,19724,32873,55200000,20577
7,1104,55200000,55200000,19724,32873,55250000,20594
7,1105,55250000,55250000,19724,32873,55300000,20614
7,1106,55300000,55300000,19724,32873,55350000,20632
7,1107,55350000,55350000,19724,32873,55400000,20650
7,1108,55400000,55400000,19724,32873,55450000,20670
7,1109,55450000,55450000,19724,32873,55500000,20688
7,111,5550000,5550000,19724,32873,5600000,2084
7,1110,55500000,55500000,19724,32873,55550000,20706
7,1111,55550000,55550000,19724,32873,55600000,20724
7,1112,55600000,55600000,19724,32873,55650000,20745
7,1113,55650000,55650000,19724,32873,55700000,20762
7,1114,55700000,55700000,19724,32873,55750000,20779
7,1115,55750000,55750000,19724,32873,55800000,20801
7,1116,55800000,55800000,19724,32873,55850000,20818
7,1117,55850000,55850000,19724,32873,55900000,20837
7,1118,55900000,55900000,19724,32873,55950000,20856
7,1119,55950000,55950000,19724,32873,56000000,20875
7,112,5600000,5600000,19724,32873,5650000,2102
7,1120,56000000,56000000,19724,32873,56050000,20893
7,1121,56050000,56050000,19724,32873,56100000,20911
7,1122,56100000,56100000,19724,32873,56150000,20929
7,1123,56150000,56150000,19724,32873,56200000,20948
7,1124,56200000,56200000,19724,32873,56250000,20969
7,1125,56250000,56250000,19724,32873,56300000,20985
7,1126,56300000,56300000,19724,32873,56350000,21005
7,1127,56350000,56350000,19724,32873,56400000,21024
7,1128,56400000,56400000,19724,32873,56450000,21041
7,1129,56450000,56450000,19724,32873,56500000,21061
7,113,5650000,5650000,19724,32873,5700000,2121
7,1130,56500000,56500000,19724,32873,56550000,21079
7,1131,56550000,56550000,19724,32873,56600000,21099
7,1132,56600000,56600000,19724,32873,56650000,21116
7,1133,56650000,56650000,19724,32873,56700000,21136
7,1134,56700000,56700000,19724,32873,56750000,21153
7,1135,56750000,56750000,19724,32873,56800000,21171
7,1136,56800000,56800000,19724,32873,56850000,21192
7,1137,56850000,56850000,19724,32873,56900000,21209
7,1138,56900000,56900000,19724,32873,56950000,21228
7,1139,56950000,56950000,19724,32873,57000000,21248
7,114,5700000,5700000,19724,32873,5750000,2139
7,1140,57000000,57000000,19724,32873,57050000,21267
7,1141,57050000,57050000,19724,32873,57100000,21284
7,1142,57100000,57100000,19724,32873,57150000,21303
7,1143,57150000,57150000,19724,32873,57200000,21321
7,1144,57200000,57200000,19724,32873,57250000,21339
7,1145,57250000,57250000,19724,32873,57300000,21360
7,1146,57300000,57300000,19724,32873,57350000,21376
7,1147,57350000,57350000,19724,32873,57400000,21397
7,1148,57400000,57400000,19724,32873,57450000,21416
7,1149,57450000,57450000,19724,32873,57500000,21432
7,115,5750000,5750000,19724,32873,5800000,2158
7,1150,57500000,57500000,19724,32873,57550000,21452
7,1151,57550000,57550000,19724,32873,57600000,21471
7,1152,57600000,57600000,19724,32873,57650000,21490
7,1153,57650000,57650000,19724,32873,57700000,21508
7,1154,57700000,57700000,19724,32873,57750000,21527
7,1155,57750000,57750000,19724,32873,57800000,21545
7,1156,57800000,57800000,19724,32873,57850000,21563
7,1157,57850000,57850000,19724,32873,57900000,21583
7,1158,57900000,57900000,19724,32873,57950000,21600
7,1159,57950000,57950000,19724,32873,58000000,21620
7,116,5800000,5800000,19724,32873,5850000,2179
7,1160,58000000,58000000,19724,32873,58050000,21639
7,1161,58050000,58050000,19724,32873,58100000,21658
7,1162,58100000,58100000,19724,32873,58150000,21675
7,1163,58150000,58150000,19724,32873,58200000,21695
7,1164,58200000,58200000,19724,32873,58250000,21714
7,1165,58250000,58250000,19724,32873,58300000,21730
7,1166,58300000,58300000,19724,32873,58350000,21751
7,1167,58350000,58350000,19724,32873,58400000,21768
7,1168,58400000,58400000,19724,32873,58450000,21788
7,1169,58450000,58450000,19724,32873,58500000,21807
7,117,5850000,5850000,19724,32873,5900000,2195
7,1170,58500000,58500000,19724,32873,58550000,21823
7,1171,58550000,58550000,19724,32873,58600000,21844
7,1172,58600000,58600000,19724,32873,58650000,21863
7,1173,58650000,58650000,19724,32873,58700000,21881
7,1174,58700000,58700000,19724,32873,58750000,21899
7,1175,58750000,58750000,19724,32873,58800000,21920
7,1176,58800000,58800000,19724,32873,58850000,21936
7,1177,58850000,58850000,19724,32873,58900000,21954
7,1178,58900000,58900000,19724,32873,58950000,21974
7,1179,58950000,58950000,19724,32873,59000000,21992
7,118,5900000,5900000,19724,32873,5950000,2215
7,1180,59000000,59000000,19724,32873,59050000,22012
7,1181,59050000,59050000,19724,32873,59100000,22030
7,1182,59100000,59100000,19724,32873,59150000,22049
7,1183,59150000,59150000,19724,32873,59200000,22067
7,1184,59200000,59200000,19724,32873,59250000,22086
7,1185,59250000,59250000,19724,32873,59300000,22105
7,1186,59300000,59300000,19724,32873,59350000,22122
7,1187,59350000,59350000,19724,32873,59400000,22143
7,1188,59400000,59400000,19724,32873,59450000,22160
7,1189,59450000,59450000,19724,32873,59500000,22179
7,119,5950000,5950000,19724,32873,6000000,2234
7,1190,59500000,59500000,19724,32873,59550000,22198
7,1191,59550000,59550000,19724,32873,59600000,22215
7,1192,59600000,59600000,19724,32873,59650000,22235
7,1193,59650000,59650000,19724,32873,59700000,22254
7,1194,59700000,59700000,19724,32873,59750000,22272
7,1195,59750000,59750000,19724,32873,59800000,22291
7,1196,59800000,59800000,19724,32873,59850000,22312
7,1197,59850000,59850000,19724,32873,59900000,22328
7,1198,59900000,59900000,19724,32873,59950000,22345
7,1199,59950000,59950000,19724,32873,60000000,22366
7,12,600000,600000,19724,32873,650000,238
7,120,6000000,6000000,19724,32873,6050000,2250
7,1200,60000000,60000000,19724,32873,60050000,22383
7,1201,60050000,60050000,19724,32873,60100000,22403
7,1202,60100000,60100000,19724,32873,60150000,22421
7,1203,60150000,60150000,19724,32873,60200000,22441
7,1204,60200000,60200000,19724,32873,60250000,22459
7,1205,60250000,60250000,19724,32873,60300000,22477
7,1206,60300000,60300000,19724,32873,60350000,22496
7,1207,60350000,60350000,19724,32873,60400000,22514
7,1208,60400000,60400000,19724,32873,60450000,22535
7,1209,60450000,60450000,19724,32873,60500000,22551
7,121,6050000,6050000,19724,32873,6100000,2270
7,1210,60500000,60500000,19724,32873,60550000,22570
7,1211,60550000,60550000,19724,32873,60600000,22590
7,1212,60600000,60600000,19724,32873,60650000,22607
7,1213,60650000,60650000,19724,32873,60700000,22626
7,1214,60700000,60700000,19724,32873,60750000,22645
7,1215,60750000,60750000,19724,32873,60800000,22664
7,1216,60800000,60800000,19724,32873,60850000,22682
7,1217,60850000,60850000,19724,32873,60900000,22703
7,1218,60900000,60900000,19724,32873,60950000,22719
7,1219,60950000,60950000,19724,32873,61000000,22738
7,122,6100000,6100000,19724,32873,6150000,2288
7,1220,61000000,61000000,19724,32873,61050000,22758
7,1221,61050000,61050000,19724,32873,61100000,22774
7,1222,61100000,61100000,19724,32873,61150000,22794
7,1223,61150000,61150000,19724,32873,61200000,22813
7,1224,61200000,61200000,19724,32873,61250000,22832
7,1225,61250000,61250000,19724,32873,61300000,22850
7,1226,61300000,61300000,19724,32873,61350000,22868
7,1227,61350000,61350000,19724,32873,61400000,22888
7,1228,61400000,61400000,19724,32873,61450000,22906
7,1229,61450000,61450000,19724,32873,61500000,22926
7,123,6150000,6150000,19724,32873,6200000,2308
7,1230,61500000,61500000,19724,32873,61550000,22943
7,1231,61550000,61550000,19724,32873,61600000,22962
7,1232,61600000,61600000,19724,32873,61650000,22981
7,1233,61650000,61650000,19724,32873,61700000,22998
7,1234,61700000,61700000,19724,32873,61750000,23017
7,1235,61750000,61750000,19724,32873,61800000,23037
7,1236,61800000,61800000,19724,32873,61850000,23056
7,1237,61850000,61850000,19724,32873,61900000,23073
7,1238,61900000,61900000,19724,32873,61950000,23094
7,1239,61950000,61950000,19724,32873,62000000,23111
7,124,6200000,6200000,19724,32873,6250000,2326
7,1240,62000000,62000000,19724,32873,62050000,23129
7,1241,62050000,62050000,19724,32873,62100000,23150
7,1242,62100000,62100000,19724,32873,62150000,23165
7,1243,62150000,62150000,19724,32873,62200000,23186
7,1244,62200000,62200000,19724,32873,62250000,23205
7,1245,62250000,62250000,19724,32873,62300000,23223
7,1246,62300000,62300000,19724,32873,62350000,23241
7,1247,62350000,62350000,19724,32873,62400000,23260
7,1248,62400000,62400000,19724,32873,62450000,23279
7,1249,62450000,62450000,19724,32873,62500000,23297
7,125,6250000,6250000,19724,32873,6300000,2346
7,1250,62500000,62500000,19724,32873,62550000,23317
7,1251,62550000,62550000,19724,32873,62600000,23335
7,1252,62600000,62600000,19724,32873,62650000,23355
7,1253,62650000,62650000,19724,32873,62700000,23372
7,1254,62700000,62700000,19724,32873,62750000,23389
7,1255,62750000,62750000,19724,32873,62800000,23409
7,1256,62800000,62800000,19724,32873,62850000,23428
7,1257,62850000,62850000,19724,32873,62900000,23447
7,1258,62900000,62900000,19724,32873,62950000,23464
7,1259,62950000,62950000,19724,32873,63000000,23486
7,126,6300000,6300000,19724,32873,6350000,2363
7,1260,63000000,63000000,19724,32873,63050000,23503
7,1261,63050000,63050000,19724,32873,63100000,23520
7,1262,63100000,63100000,19724,32873,63150000,23541
7,1263,63150000,63150000,19724,32873,63200000,23558
7,1264,63200000,63200000,19724,32873,63250000,23577
7,1265,63250000,63250000,19724,32873,63300000,23596
7,1266,63300000,63300000,19724,32873,63350000,23614
7,1267,63350000,63350000,19724,32873,63400000,23633
7,1268,63400000,63400000,19724,32873,63450000,23652
7,1269,63450000,63450000,19724,32873,63500000,23670
7,127,6350000,6350000,19724,32873,6400000,2381
7,1270,63500000,63500000,19724,32873,63550000,23688
7,1271,63550000,63550000,19724,32873,63600000,23709
7,1272,63600000,63600000,19724,32873,63650000,23726
7,1273,63650000,63650000,19724,32873,63700000,23746
7,1274,63700000,63700000,19724,32873,63750000,23764
7,1275,63750000,63750000,19724,32873,63800000,23781
7,1276,63800000,63800000,19724,32873,63850000,23801
7,1277,63850000,63850000,19724,32873,63900000,23819
7,1278,63900000,63900000,19724,32873,63950000,23838
7,1279,63950000,63950000,19724,32873,64000000,23856
7,128,6400000,6400000,19724,32873,6450000,2402
7,1280,64000000,64000000,19724,32873,64050000,23877
7,1281,64050000,64050000,19724,32873,64100000,23894
7,1282,64100000,64100000,19724,32873,64150000,23911
7,1283,64150000,64150000,19724,32873,64200000,23933
7,1284,64200000,64200000,19724,32873,64250000,23950
7,1285,64250000,64250000,19724,32873,64300000,23969
7,1286,64300000,64300000,19724,32873,64350000,23987
7,1287,64350000,64350000,19724,32873,64400000,24006
7,1288,64400000,64400000,19724,32873,64450000,24024
7,1289,64450000,64450000,19724,32873,64500000,24043
7,129,6450000,6450000,19724,32873,6500000,2419
7,1290,64500000,64500000,19724,32873,64550000,24061
7,1291,64550000,64550000,19724,32873,64600000,24080
7,1292,64600000,64600000,19724,32873,64650000,24101
7,1293,64650000,64650000,19724,32873,64700000,24117
7,1294,64700000,64700000,19724,32873,64750000,24137
7,1295,64750000,64750000,19724,32873,64800000,24156
7,1296,64800000,64800000,19724,32873,64850000,24173
7,1297,64850000,64850000,19724,32873,64900000,24192
7,1298,64900000,64900000,19724,32873,64950000,24210
7,1299,64950000,64950000,19724,32873,65000000,24230
7,13,650000,650000,19724,32873,700000,257
7,130,6500000,6500000,19724,32873,6550000,2438
7,1300,65000000,65000000,19724,32873,65050000,24248
7,1301,65050000,65050000,19724,32873,65100000,24268
7,1302,65100000,65100000,19724,32873,65150000,24285
7,1303,65150000,65150000,19724,32873,65200000,24303
7,1304,65200000,65200000,19724,32873,65250000,24324
7,1305,65250000,65250000,19724,32873,65300000,24341
7,1306,65300000,65300000,19724,32873,65350000,24360
7,1307,65350000,65350000,19724,32873,65400000,24380
7,1308,65400000,65400000,19724,32873,65450000,24398
7,1309,65450000,65450000,19724,32873,65500000,24415
7,131,6550000,6550000,19724,32873,6600000,2457
7,1310,65500000,65500000,19724,32873,65550000,24434
7,1311,65550000,65550000,19724,32873,65600000,24453
7,1312,65600000,65600000,19724,32873,65650000,24471
7,1313,65650000,65650000,19724,32873,65700000,24492
7,1314,65700000,65700000,19724,32873,65750000,24508
7,1315,65750000,65750000,19724,32873,65800000,24529
7,1316,65800000,65800000,19724,32873,65850000,24548
7,1317,65850000,65850000,19724,32873,65900000,24564
7,1318,65900000,65900000,19724,32873,65950000,24584
7,1319,65950000,65950000,19724,32873,66000000,24602
7,132,6600000,6600000,19724,32873,6650000,2476
7,1320,66000000,66000000,19724,32873,66050000,24621
7,1321,66050000,66050000,19724,32873,66100000,24639
7,1322,66100000,66100000,19724,32873,66150000,24659
7,1323,66150000,66150000,19724,32873,66200000,24677
7,1324,66200000,66200000,19724,32873,66250000,24695
7,1325,66250000,66250000,19724,32873,66300000,24715
7,1326,66300000,66300000,19724,32873,66350000,24732
7,1327,66350000,66350000,19724,32873,66400000,24752
7,1328,66400000,66400000,19724,32873,66450000,24771
7,1329,66450000,66450000,19724,32873,66500000,24790
7,133,6650000,6650000,19724,32873,6700000,2493
7,1330,66500000,66500000,19724,32873,66550000,24806
7,1331,66550000,66550000,19724,32873,66600000,24826
7,1332,66600000,66600000,19724,32873,66650000,24845
7,1333,66650000,66650000,19724,32873,66700000,24862
7,1334,66700000,66700000,19724,32873,66750000,24883
7,1335,66750000,66750000,19724,32873,66800000,24900
7,1336,66800000,66800000,19724,32873,66850000,24920
7,1337,66850000,66850000,19724,32873,66900000,24939
7,1338,66900000,66900000,19724,32873,66950000,24955
7,1339,66950000,66950000,19724,32873,67000000,24976
7,134,6700000,6700000,19724,32873,6750000,2512
7,1340,67000000,67000000,19724,32873,67050000,24995
7,1341,67050000,67050000,19724,32873,67100000,25012
7,1342,67100000,67100000,19724,32873,67150000,25030
7,1343,67150000,67150000,19724,32873,67200000,25051
7,1344,67200000,67200000,19724,32873,67250000,25068
7,1345,67250000,67250000,19724,32873,67300000,25086
7,1346,67300000,67300000,19724,32873,67350000,25106
7,1347,67350000,67350000,19724,32873,67400000,25124
7,1348,67400000,67400000,19724,32873,67450000,25144
7,1349,67450000,67450000,19724,32873,67500000,25162
7,135,6750000,6750000,19724,32873,6800000,2531
7,1350,67500000,67500000,19724,32873,67550000,25181
7,1351,67550000,67550000,19724,32873,67600000,25199
7,1352,67600000,67600000,19724,32873,67650000,25217
7,1353,67650000,67650000,19724,32873,67700000,25236
7,1354,67700000,67700000,19724,32873,67750000,25253
7,1355,67750000,67750000,19724,32873,67800000,25275
7,1356,67800000,67800000,19724,32873,67850000,25292
7,1357,67850000,67850000,19724,32873,67900000,25311
7,1358,67900000,67900000,19724,32873,67950000,25330
7,1359,67950000,67950000,19724,32873,68000000,25347
7,136,6800000,6800000,19724,32873,6850000,2549
7,1360,68000000,68000000,19724,32873,68050000,25367
7,1361,68050000,68050000,19724,32873,68100000,25386
7,1362,68100000,68100000,19724,32873,68150000,25404
7,1363,68150000,68150000,19724,32873,68200000,25422
7,1364,68200000,68200000,19724,32873,68250000,25443
7,1365,68250000,68250000,19724,32873,68300000,25459
7,1366,68300000,68300000,19724,32873,68350000,25477
7,1367,68350000,68350000,19724,32873,68400000,25498
7,1368,68400000,68400000,19724,32873,68450000,25515
7,1369,68450000,68450000,19724,32873,68500000,25535
7,137,6850000,6850000,19724,32873,6900000,2570
7,1370,68500000,68500000,19724,32873,68550000,25553
7,1371,68550000,68550000,19724,32873,68600000,25573
7,1372,68600000,68600000,19724,32873,68650000,25591
7,1373,68650000,68650000,19724,32873,68700000,25609
7,1374,68700000,68700000,19724,32873,68750000,25627
7,1375,68750000,68750000,19724,32873,68800000,25645
7,1376,68800000,68800000,19724,32873,68850000,25666
7,1377,68850000,68850000,19724,32873,68900000,25683
7,1378,68900000,68900000,19724,32873,68950000,25702
7,1379,68950000,68950000,19724,32873,69000000,25722
7,138,6900000,6900000,19724,32873,6950000,2586
7,1380,69000000,69000000,19724,32873,69050000,25739
7,1381,69050000,69050000,19724,32873,69100000,25758
7,1382,69100000,69100000,19724,32873,69150000,25777
7,1383,69150000,69150000,19724,32873,69200000,25796
7,1384,69200000,69200000,19724,32873,69250000,25814
7,1385,69250000,69250000,19724,32873,69300000,25834
7,1386,69300000,69300000,19724,32873,69350000,25850
7,1387,69350000,69350000,19724,32873,69400000,25869
7,1388,69400000,69400000,19724,32873,69450000,25890
7,1389,69450000,69450000,19724,32873,69500000,25906
7,139,6950000,6950000,19724,32873,7000000,2607
7,1390,69500000,69500000,19724,32873,69550000,25926
7,1391,69550000,69550000,19724,32873,69600000,25945
7,1392,69600000,69600000,19724,32873,69650000,25964
7,1393,69650000,69650000,19724,32873,69700000,25982
7,1394,69700000,69700000,19724,32873,69750000,26000
7,1395,69750000,69750000,19724,32873,69800000,26020
7,1396,69800000,69800000,19724,32873,69850000,26037
7,1397,69850000,69850000,19724,32873,69900000,26057
7,1398,69900000,69900000,19724,32873,69950000,26074
7,1399,69950000,69950000,19724,32873,70000000,26094
7,14,700000,700000,19724,32873,750000,276
7,140,7000000,7000000,19724,32873,7050000,2626
7,1400,70000000,70000000,19724,32873,70050000,26113
7,1401,70050000,70050000,19724,32873,70100000,26130
7,1402,70100000,70100000,19724,32873,70150000,26149
7,1403,70150000,70150000,19724,32873,70200000,26169
7,1404,70200000,70200000,19724,32873,70250000,26188
7,1405,70250000,70250000,19724,32873,70300000,26205
7,1406,70300000,70300000,19724,32873,70350000,26226
7,1407,70350000,70350000,19724,32873,70400000,26242
7,1408,70400000,70400000,19724,32873,70450000,26260
7,1409,70450000,70450000,19724,32873,70500000,26281
7,141,7050000,7050000,19724,32873,7100000,2642
7,1410,70500000,70500000,19724,32873,70550000,26297
7,1411,70550000,70550000,19724,32873,70600000,26318
7,1412,70600000,70600000,19724,32873,70650000,26337
7,1413,70650000,70650000,19724,32873,70700000,26355
7,1414,70700000,70700000,19724,32873,70750000,26373
7,1415,70750000,70750000,19724,32873,70800000,26392
7,1416,70800000,70800000,19724,32873,70850000,26411
7,1417,70850000,70850000,19724,32873,70900000,26429
7,1418,70900000,70900000,19724,32873,70950000,26448
7,1419,70950000,70950000,19724,32873,71000000,26466
7,142,7100000,7100000,19724,32873,7150000,2661
7,1420,71000000,71000000,19724,32873,71050000,26486
7,1421,71050000,71050000,19724,32873,71100000,26504
7,1422,71100000,71100000,19724,32873,71150000,26521
7,1423,71150000,71150000,19724,32873,71200000,26541
7,1424,71200000,71200000,19724,32873,71250000,26560
7,1425,71250000,71250000,19724,32873,71300000,26579
7,1426,71300000,71300000,19724,32873,71350000,26596
7,1427,71350000,71350000,19724,32873,71400000,26618
7,1428,71400000,71400000,19724,32873,71450000,26635
7,1429,71450000,71450000,19724,32873,71500000,26651
7,143,7150000,7150000,19724,32873,7200000,2680
7,1430,71500000,71500000,19724,32873,71550000,26672
7,1431,71550000,71550000,19724,32873,71600000,26689
7,1432,71600000,71600000,19724,32873,71650000,26709
7,1433,71650000,71650000,19724,32873,71700000,26728
7,1434,71700000,71700000,19724,32873,71750000,26746
7,1435,71750000,71750000,19724,32873,71800000,26765
7,1436,71800000,71800000,19724,32873,71850000,26784
7,1437,71850000,71850000,19724,32873,71900000,26802
7,1438,71900000,71900000,19724,32873,71950000,26820
7,1439,71950000,71950000,19724,32873,72000000,26841
7,144,7200000,7200000,19724,32873,7250000,2699
7,1440,72000000,72000000,19724,32873,72050000,26857
7,1441,72050000,72050000,19724,32873,72100000,26877
7,1442,72100000,72100000,19724,32873,72150000,26895
7,1443,72150000,72150000,19724,32873,72200000,26913
7,1444,72200000,72200000,19724,32873,72250000,26933
7,1445,72250000,72250000,19724,32873,72300000,26951
7,1446,72300000,72300000,19724,32873,72350000,26970
7,1447,72350000,72350000,19724,32873,72400000,26988
7,1448,72400000,72400000,19724,32873,72450000,27009
7,1449,72450000,72450000,19724,32873,72500000,27026
7,145,7250000,7250000,19724,32873,7300000,2717
7,1450,72500000,72500000,19724,32873,72550000,27043
7,1451,72550000,72550000,19724,32873,72600000,27064
7,1452,72600000,72600000,19724,32873,72650000,27081
7,1453,72650000,72650000,19724,32873,72700000,27100
7,1454,72700000,72700000,19724,32873,72750000,27119
7,1455,72750000,72750000,19724,32873,72800000,27138
7,1456,72800000,72800000,19724,32873,72850000,27156
7,1457,72850000,72850000,19724,32873,72900000,27175
7,1458,72900000,72900000,19724,32873,72950000,27193
7,1459,72950000,72950000,19724,32873,73000000,27212
7,146,7300000,7300000,19724,32873,7350000,2737
7,1460,73000000,73000000,19724,32873,73050000,27233
7,1461,73050000,73050000,19724,32873,73100000,27249
7,1462,73100000,73100000,19724,32873,73150000,27268
7,1463,73150000,73150000,19724,32873,73200000,27287
7,1464,73200000,73200000,19724,32873,73250000,27304
7,1465,73250000,73250000,19724,32873,73300000,27324
7,1466,73300000,73300000,19724,32873,73350000,27342
7,1467,73350000,73350000,19724,32873,73400000,27362
7,1468,73400000,73400000,19724,32873,73450000,27380
7,1469,73450000,73450000,19724,32873,73500000,27400
7,147,7350000,7350000,19724,32873,7400000,2755
7,1470,73500000,73500000,19724,32873,73550000,27417
7,1471,73550000,73550000,19724,32873,73600000,27435
7,1472,73600000,73600000,19724,32873,73650000,27456
7,1473,73650000,73650000,19724,32873,73700000,27472
7,1474,73700000,73700000,19724,32873,73750000,27491
7,1475,73750000,73750000,19724,32873,73800000,27511
7,1476,73800000,73800000,19724,32873,73850000,27530
7,1477,73850000,73850000,19724,32873,73900000,27547
7,1478,73900000,73900000,19724,32873,73950000,27566
7,1479,73950000,73950000,19724,32873,74000000,27585
7,148,7400000,7400000,19724,32873,7450000,2773
7,1480,74000000,74000000,19724,32873,74050000,27603
7,1481,74050000,74050000,19724,32873,74100000,27624
7,1482,74100000,74100000,19724,32873,74150000,27640
7,1483,74150000,74150000,19724,32873,74200000,27661
7,1484,74200000,74200000,19724,32873,74250000,27679
7,1485,74250000,74250000,19724,32873,74300000,27695
7,1486,74300000,74300000,19724,32873,74350000,27715
7,1487,74350000,74350000,19724,32873,74400000,27734
7,1488,74400000,74400000,19724,32873,74450000,27753
7,1489,74450000,74450000,19724,32873,74500000,27771
7,149,7450000,7450000,19724,32873,7500000,2793
7,1490,74500000,74500000,19724,32873,74550000,27791
7,1491,74550000,74550000,19724,32873,74600000,27809
7,1492,74600000,74600000,19724,32873,74650000,27827
7,1493,74650000,74650000,19724,32873,74700000,27847
7,1494,74700000,74700000,19724,32873,74750000,27864
7,1495,74750000,74750000,19724,32873,74800000,27883
7,1496,74800000,74800000,19724,32873,74850000,27902
7,1497,74850000,74850000,19724,32873,74900000,27921
7,1498,74900000,74900000,19724,32873,74950000,27938
7,1499,74950000,74950000,19724,32873,75000000,27958
7,15,750000,750000,19724,32873,800000,293
7,150,7500000,7500000,19724,32873,7550000,2810
7,1500,75000000,75000000,19724,32873,75050000,27977
7,1501,75050000,75050000,19724,32873,75100000,27994
7,1502,75100000,75100000,19724,32873,75150000,28015
7,1503,75150000,75150000,19724,32873,75200000,28032
7,1504,75200000,75200000,19724,32873,75250000,28052
7,1505,75250000,75250000,19724,32873,75300000,28071
7,1506,75300000,75300000,19724,32873,75350000,28086
7,1507,75350000,75350000,19724,32873,75400000,28107
7,1508,75400000,75400000,19724,32873,75450000,28126
7,1509,75450000,75450000,19724,32873,75500000,28144
7,151,7550000,7550000,19724,32873,7600000,2830
7,1510,75500000,75500000,19724,32873,75550000,28162
7,1511,75550000,75550000,19724,32873,75600000,28183
7,1512,75600000,75600000,19724,32873,75650000,28200
7,1513,75650000,75650000,19724,32873,75700000,28218
7,1514,75700000,75700000,19724,32873,75750000,28238
7,1515,75750000,75750000,19724,32873,75800000,28256
7,1516,75800000,75800000,19724,32873,75850000,28276
7,1517,75850000,75850000,19724,32873,75900000,28293
7,1518,75900000,75900000,19724,32873,75950000,28312
7,1519,75950000,75950000,19724,32873,76000000,28330
7,152,7600000,7600000,19724,32873,7650000,2849
7,1520,76000000,76000000,19724,32873,76050000,28349
7,1521,76050000,76050000,19724,32873,76100000,28368
7,1522,76100000,76100000,19724,32873,76150000,28385
7,1523,76150000,76150000,19724,32873,76200000,28407
7,1524,76200000,76200000,19724,32873,76250000,28424
7,1525,76250000,76250000,19724,32873,76300000,28443
7,1526,76300000,76300000,19724,32873,76350000,28462
7,1527,76350000,76350000,19724,32873,76400000,28479
7,1528,76400000,76400000,19724,32873,76450000,28498
7,1529,76450000,76450000,19724,32873,76500000,28517
7,153,7650000,7650000,19724,32873,7700000,2867
7,1530,76500000,76500000,19724,32873,76550000,28535
7,1531,76550000,76550000,19724,32873,76600000,28554
7,1532,76600000,76600000,19724,32873,76650000,28575
7,1533,76650000,76650000,19724,32873,76700000,28591
7,1534,76700000,76700000,19724,32873,76750000,28609
7,1535,76750000,76750000,19724,32873,76800000,28630
7,1536,76800000,76800000,19724,32873,76850000,28647
7,1537,76850000,76850000,19724,32873,76900000,28667
7,1538,76900000,76900000,19724,32873,76950000,28685
7,1539,76950000,76950000,19724,32873,77000000,28704
7,154,7700000,7700000,19724,32873,7750000,2884
7,1540,77000000,77000000,19724,32873,77050000,28722
7,1541,77050000,77050000,19724,32873,77100000,28740
7,1542,77100000,77100000,19724,32873,77150000,28759
7,1543,77150000,77150000,19724,32873,77200000,28777
7,1544,77200000,77200000,19724,32873,77250000,28798
7,1545,77250000,77250000,19724,32873,77300000,28815
7,1546,77300000,77300000,19724,32873,77350000,28834
7,1547,77350000,77350000,19724,32873,77400000,28854
7,1548,77400000,77400000,19724,32873,77450000,28871
7,1549,77450000,77450000,19724,32873,77500000,28890
7,155,7750000,7750000,19724,32873,7800000,2904
7,1550,77500000,77500000,19724,32873,77550000,28908
7,1551,77550000,77550000,19724,32873,77600000,28927
7,1552,77600000,77600000,19724,32873,77650000,28945
7,1553,77650000,77650000,19724,32873,77700000,28966
7,1554,77700000,77700000,19724,32873,77750000,28982
7,1555,77750000,77750000,19724,32873,77800000,29001
7,1556,77800000,77800000,19724,32873,77850000,29022
7,1557,77850000,77850000,19724,32873,77900000,29038
7,1558,77900000,77900000,19724,32873,77950000,29058
7,1559,77950000,77950000,19724,32873,78000000,29077
7,156,7800000,7800000,19724,32873,7850000,2923
7,1560,78000000,78000000,19724,32873,78050000,29096
7,1561,78050000,78050000,19724,32873,78100000,29113
7,1562,78100000,78100000,19724,32873,78150000,29131
7,1563,78150000,78150000,19724,32873,78200000,29151
7,1564,78200000,78200000,19724,32873,78250000,29169
7,1565,78250000,78250000,19724,32873,78300000,29189
7,1566,78300000,78300000,19724,32873,78350000,29206
7,1567,78350000,78350000,19724,32873,78400000,29226
7,1568,78400000,78400000,19724,32873,78450000,29245
7,1569,78450000,78450000,19724,32873,78500000,29262
7,157,7850000,7850000,19724,32873,7900000,2940
7,1570,78500000,78500000,19724,32873,78550000,29281
7,1571,78550000,78550000,19724,32873,78600000,29301
7,1572,78600000,78600000,19724,32873,78650000,29319
7,1573,78650000,78650000,19724,32873,78700000,29336
7,1574,78700000,78700000,19724,32873,78750000,29357
7,1575,78750000,78750000,19724,32873,78800000,29374
7,1576,78800000,78800000,19724,32873,78850000,29392
7,1577,78850000,78850000,19724,32873,78900000,29413
7,1578,78900000,78900000,19724,32873,78950000,29429
7,1579,78950000,78950000,19724,32873,79000000,29450
7,158,7900000,7900000,19724,32873,7950000,2961
7,1580,79000000,79000000,19724,32873,79050000,29469
7,1581,79050000,79050000,19724,32873,79100000,29487
7,1582,79100000,79100000,19724,32873,79150000,29505
7,1583,79150000,79150000,19724,32873,79200000,29523
7,1584,79200000,79200000,19724,32873,79250000,29542
7,1585,79250000,79250000,19724,32873,79300000,29560
7,1586,79300000,79300000,19724,32873,79350000,29580
7,1587,79350000,79350000,19724,32873,79400000,29598
7,1588,79400000,79400000,19724,32873,79450000,29618
7,1589,79450000,79450000,19724,32873,79500000,29636
7,159,7950000,7950000,19724,32873,8000000,2978
7,1590,79500000,79500000,19724,32873,79550000,29653
7,1591,79550000,79550000,19724,32873,79600000,29673
7,1592,79600000,79600000,19724,32873,79650000,29692
7,1593,79650000,79650000,19724,32873,79700000,29711
7,1594,79700000,79700000,19724,32873,79750000,29727
7,1595,79750000,79750000,19724,32873,79800000,29749
7,1596,79800000,79800000,19724,32873,79850000,29766
7,1597,79850000,79850000,19724,32873,79900000,29783
7,1598,79900000,79900000,19724,32873,79950000,29804
7,1599,79950000,79950000,19724,32873,80000000,29821
7,16,800000,800000,19724,32873,850000,313
7,160,8000000,8000000,19724,32873,8050000,2998
7,1600,80000000,80000000,19724,32873,80050000,29841
7,1601,80050000,80050000,19724,32873,80100000,29860
7,1602,80100000,80100000,19724,32873,80150000,29878
7,1603,80150000,80150000,19724,32873,80200000,29897
7,1604,80200000,80200000,19724,32873,80250000,29916
7,1605,80250000,80250000,19724,32873,80300000,29933
7,1606,80300000,80300000,19724,32873,80350000,29951
7,1607,80350000,80350000,19724,32873,80400000,29972
7,1608,80400000,80400000,19724,32873,80450000,29989
7,1609,80450000,80450000,19724,32873,80500000,30009
7,161,8050000,8050000,19724,32873,8100000,3017
7,1610,80500000,80500000,19724,32873,80550000,30027
7,1611,80550000,80550000,19724,32873,80600000,30045
7,1612,80600000,80600000,19724,32873,80650000,30065
7,1613,80650000,80650000,19724,32873,80700000,30083
7,1614,80700000,80700000,19724,32873,80750000,30102
7,1615,80750000,80750000,19724,32873,80800000,30120
7,1616,80800000,80800000,19724,32873,80850000,30140
7,1617,80850000,80850000,19724,32873,80900000,30157
7,1618,80900000,80900000,19724,32873,80950000,30174
7,1619,80950000,80950000,19724,32873,81000000,30196
7,162,8100000,8100000,19724,32873,8150000,3033
7,1620,81000000,81000000,19724,32873,81050000,30213
7,1621,81050000,81050000,19724,32873,81100000,30232
7,1622,81100000,81100000,19724,32873,81150000,30251
7,1623,81150000,81150000,19724,32873,81200000,30270
7,1624,81200000,81200000,19724,32873,81250000,30288
7,1625,81250000,81250000,19724,32873,81300000,30307
7,1626,81300000,81300000,19724,32873,81350000,30325
7,1627,81350000,81350000,19724,32873,81400000,30343
7,1628,81400000,81400000,19724,32873,81450000,30364
7,1629,81450000,81450000,19724,32873,81500000,30380
7,163,8150000,8150000,19724,32873,8200000,3054
7,1630,81500000,81500000,19724,32873,81550000,30400
7,1631,81550000,81550000,19724,32873,81600000,30419
7,1632,81600000,81600000,19724,32873,81650000,30436
7,1633,81650000,81650000,19724,32873,81700000,30456
7,1634,81700000,81700000,19724,32873,81750000,30474
7,1635,81750000,81750000,19724,32873,81800000,30494
7,1636,81800000,81800000,19724,32873,81850000,30512
7,1637,81850000,81850000,19724,32873,81900000,30532
7,1638,81900000,81900000,19724,32873,81950000,30548
7,1639,81950000,81950000,19724,32873,82000000,30566
7,164,8200000,8200000,19724,32873,8250000,3072
7,1640,82000000,82000000,19724,32873,82050000,30587
7,1641,82050000,82050000,19724,32873,82100000,30604
7,1642,82100000,82100000,19724,32873,82150000,30623
7,1643,82150000,82150000,19724,32873,82200000,30643
7,1644,82200000,82200000,19724,32873,82250000,30662
7,1645,82250000,82250000,19724,32873,82300000,30679
7,1646,82300000,82300000,19724,32873,82350000,30698
7,1647,82350000,82350000,19724,32873,82400000,30717
7,1648,82400000,82400000,19724,32873,82450000,30735
7,1649,82450000,82450000,19724,32873,82500000,30755
7,165,8250000,8250000,19724,32873,8300000,3090
7,1650,82500000,82500000,19724,32873,82550000,30771
7,1651,82550000,82550000,19724,32873,82600000,30792
7,1652,82600000,82600000,19724,32873,82650000,30811
7,1653,82650000,82650000,19724,32873,82700000,30827
7,1654,82700000,82700000,19724,32873,82750000,30847
7,1655,82750000,82750000,19724,32873,82800000,30866
7,1656,82800000,82800000,19724,32873,82850000,30885
7,1657,82850000,82850000,19724,32873,82900000,30903
7,1658,82900000,82900000,19724,32873,82950000,30923
7,1659,82950000,82950000,19724,32873,83000000,30941
7,166,8300000,8300000,19724,32873,8350000,3108
7,1660,83000000,83000000,19724,32873,83050000,30958
7,1661,83050000,83050000,19724,32873,83100000,30978
7,1662,83100000,83100000,19724,32873,83150000,30995
7,1663,83150000,83150000,19724,32873,83200000,31015
7,1664,83200000,83200000,19724,32873,83250000,31034
7,1665,83250000,83250000,19724,32873,83300000,31053
7,1666,83300000,83300000,19724,32873,83350000,31070
7,1667,83350000,83350000,19724,32873,83400000,31090
7,1668,83400000,83400000,19724,32873,83450000,31109
7,1669,83450000,83450000,19724,32873,83500000,31126
7,167,8350000,8350000,19724,32873,8400000,3129
7,1670,83500000,83500000,19724,32873,83550000,31147
7,1671,83550000,83550000,19724,32873,83600000,31163
7,1672,83600000,83600000,19724,32873,83650000,31183
7,1673,83650000,83650000,19724,32873,83700000,31202
7,1674,83700000,83700000,19724,32873,83750000,31218
7,1675,83750000,83750000,19724,32873,83800000,31239
7,1676,83800000,83800000,19724,32873,83850000,31258
7,1677,83850000,83850000,19724,32873,83900000,31276
7,1678,83900000,83900000,19724,32873,83950000,31294
7,1679,83950000,83950000,19724,32873,84000000,31315
7,168,8400000,8400000,19724,32873,8450000,3146
7,1680,84000000,84000000,19724,32873,84050000,31332
7,1681,84050000,84050000,19724,32873,84100000,31350
7,1682,84100000,84100000,19724,32873,84150000,31369
7,1683,84150000,84150000,19724,32873,84200000,31387
7,1684,84200000,84200000,19724,32873,84250000,31407
7,1685,84250000,84250000,19724,32873,84300000,31425
7,1686,84300000,84300000,19724,32873,84350000,31444
7,1687,84350000,84350000,19724,32873,84400000,31462
7,1688,84400000,84400000,19724,32873,84450000,31481
7,1689,84450000,84450000,19724,32873,84500000,31500
7,169,8450000,8450000,19724,32873,8500000,3164
7,1690,84500000,84500000,19724,32873,84550000,31517
7,1691,84550000,84550000,19724,32873,84600000,31539
7,1692,84600000,84600000,19724,32873,84650000,31556
7,1693,84650000,84650000,19724,32873,84700000,31574
7,1694,84700000,84700000,19724,32873,84750000,31593
7,1695,84750000,84750000,19724,32873,84800000,31610
7,1696,84800000,84800000,19724,32873,84850000,31630
7,1697,84850000,84850000,19724,32873,84900000,31649
7,1698,84900000,84900000,19724,32873,84950000,31667
7,1699,84950000,84950000,19724,32873,85000000,31686
7,17,850000,850000,19724,32873,900000,332
7,170,8500000,8500000,19724,32873,8550000,3184
7,1700,85000000,85000000,19724,32873,85050000,31707
7,1701,85050000,85050000,19724,32873,85100000,31723
7,1702,85100000,85100000,19724,32873,85150000,31741
7,1703,85150000,85150000,19724,32873,85200000,31762
7,1704,85200000,85200000,19724,32873,85250000,31778
7,1705,85250000,85250000,19724,32873,85300000,31798
7,1706,85300000,85300000,19724,32873,85350000,31816
7,1707,85350000,85350000,19724,32873,85400000,31836
7,1708,85400000,85400000,19724,32873,85450000,31854
7,1709,85450000,85450000,19724,32873,85500000,31872
7,171,8550000,8550000,19724,32873,8600000,3202
7,1710,85500000,85500000,19724,32873,85550000,31891
7,1711,85550000,85550000,19724,32873,85600000,31909
7,1712,85600000,85600000,19724,32873,85650000,31930
7,1713,85650000,85650000,19724,32873,85700000,31947
7,1714,85700000,85700000,19724,32873,85750000,31966
7,1715,85750000,85750000,19724,32873,85800000,31985
7,1716,85800000,85800000,19724,32873,85850000,32002
7,1717,85850000,85850000,19724,32873,85900000,32021
7,1718,85900000,85900000,19724,32873,85950000,32040
7,1719,85950000,85950000,19724,32873,86000000,32059
7,172,8600000,8600000,19724,32873,8650000,3222
7,1720,86000000,86000000,19724,32873,86050000,32077
7,1721,86050000,86050000,19724,32873,86100000,32098
7,1722,86100000,86100000,19724,32873,86150000,32114
7,1723,86150000,86150000,19724,32873,86200000,32133
7,1724,86200000,86200000,19724,32873,86250000,32154
7,1725,86250000,86250000,19724,32873,86300000,32170
7,1726,86300000,86300000,19724,32873,86350000,32189
7,1727,86350000,86350000,19724,32873,86400000,32208
7,1728,86400000,86400000,19724,32873,86450000,32227
7,1729,86450000,86450000,19724,32873,86500000,32245
7,173,8650000,8650000,19724,32873,8700000,3240
7,1730,86500000,86500000,19724,32873,86550000,32263
7,1731,86550000,86550000,19724,32873,86600000,32283
7,1732,86600000,86600000,19724,32873,86650000,32301
7,1733,86650000,86650000,19724,32873,86700000,32321
7,1734,86700000,86700000,19724,32873,86750000,32338
7,1735,86750000,86750000,19724,32873,86800000,32358
7,1736,86800000,86800000,19724,32873,86850000,32377
7,1737,86850000,86850000,19724,32873,86900000,32393
7,1738,86900000,86900000,19724,32873,86950000,32412
7,1739,86950000,86950000,19724,32873,87000000,32432
7,174,8700000,8700000,19724,32873,8750000,3259
7,1740,87000000,87000000,19724,32873,87050000,32451
7,1741,87050000,87050000,19724,32873,87100000,32468
7,1742,87100000,87100000,19724,32873,87150000,32489
7,1743,87150000,87150000,19724,32873,87200000,32506
7,1744,87200000,87200000,19724,32873,87250000,32524
7,1745,87250000,87250000,19724,32873,87300000,32545
7,1746,87300000,87300000,19724,32873,87350000,32561
7,1747,87350000,87350000,19724,32873,87400000,32582
7,1748,87400000,87400000,19724,32873,87450000,32600
7,1749,87450000,87450000,19724,32873,87500000,32618
7,175,8750000,8750000,19724,32873,8800000,3276
7,1750,87500000,87500000,19724,32873,87550000,32636
7,1751,87550000,87550000,19724,32873,87600000,32655
7,1752,87600000,87600000,19724,32873,87650000,32674
7,1753,87650000,87650000,19724,32873,87700000,32692
7,1754,87700000,87700000,19724,32873,87750000,32712
7,1755,87750000,87750000,19724,32873,87800000,32730
7,1756,87800000,87800000,19724,32873,87850000,32750
7,1757,87850000,87850000,19724,32873,87900000,32768
7,1758,87900000,87900000,19724,32873,87950000,32785
7,1759,87950000,87950000,19724,32873,88000000,32804
7,176,8800000,8800000,19724,32873,8850000,3295
7,1760,88000000,88000000,19724,32873,88050000,32823
7,1761,88050000,88050000,19724,32873,88100000,32842
7,1762,88100000,88100000,19724,32873,88150000,32859
7,1763,88150000,88150000,19724,32873,88200000,32881
7,1764,88200000,88200000,19724,32873,88250000,32898
7,1765,88250000,88250000,19724,32873,88300000,32915
7,1766,88300000,88300000,19724,32873,88350000,32936
7,1767,88350000,88350000,19724,32873,88400000,32953
7,1768,88400000,88400000,19724,32873,88450000,32973
7,1769,88450000,88450000,19724,32873,88500000,32992
7,177,8850000,8850000,19724,32873,8900000,3314
7,1770,88500000,88500000,19724,32873,88550000,33009
7,1771,88550000,88550000,19724,32873,88600000,33028
7,1772,88600000,88600000,19724,32873,88650000,33047
7,1773,88650000,88650000,19724,32873,88700000,33065
7,1774,88700000,88700000,19724,32873,88750000,33083
7,1775,88750000,88750000,19724,32873,88800000,33104
7,1776,88800000,88800000,19724,32873,88850000,33121
7,1777,88850000,88850000,19724,32873,88900000,33141
7,1778,88900000,88900000,19724,32873,88950000,33159
7,1779,88950000,88950000,19724,32873,89000000,33177
7,178,8900000,8900000,19724,32873,8950000,3331
7,1780,89000000,89000000,19724,32873,89050000,33197
7,1781,89050000,89050000,19724,32873,89100000,33214
7,1782,89100000,89100000,19724,32873,89150000,33233
7,1783,89150000,89150000,19724,32873,89200000,33251
7,1784,89200000,89200000,19724,32873,89250000,33272
7,1785,89250000,89250000,19724,32873,89300000,33289
7,1786,89300000,89300000,19724,32873,89350000,33306
7,1787,89350000,89350000,19724,32873,89400000,33328
7,1788,89400000,89400000,19724,32873,89450000,33345
7,1789,89450000,89450000,19724,32873,89500000,33364
7,179,8950000,8950000,19724,32873,9000000,3353
7,1790,89500000,89500000,19724,32873,89550000,33383
7,1791,89550000,89550000,19724,32873,89600000,33402
7,1792,89600000,89600000,19724,32873,89650000,33419
7,1793,89650000,89650000,19724,32873,89700000,33438
7,1794,89700000,89700000,19724,32873,89750000,33456
7,1795,89750000,89750000,19724,32873,89800000,33475
7,1796,89800000,89800000,19724,32873,89850000,33496
7,1797,89850000,89850000,19724,32873,89900000,33512
7,1798,89900000,89900000,19724,32873,89950000,33532
7,1799,89950000,89950000,19724,32873,90000000,33551
7,18,900000,900000,19724,32873,950000,350
7,180,9000000,9000000,19724,32873,9050000,3370
7,1800,90000000,90000000,19724,32873,90050000,33568
7,1801,90050000,90050000,19724,32873,90100000,33588
7,1802,90100000,90100000,19724,32873,90150000,33606
7,1803,90150000,90150000,19724,32873,90200000,33625
7,1804,90200000,90200000,19724,32873,90250000,33643
7,1805,90250000,90250000,19724,32873,90300000,33663
7,1806,90300000,90300000,19724,32873,90350000,33680
7,1807,90350000,90350000,19724,32873,90400000,33698
7,1808,90400000,90400000,19724,32873,90450000,33719
7,1809,90450000,90450000,19724,32873,90500000,33736
7,181,9050000,9050000,19724,32873,9100000,3389
7,1810,90500000,90500000,19724,32873,90550000,33755
7,1811,90550000,90550000,19724,32873,90600000,33775
7,1812,90600000,90600000,19724,32873,90650000,33794
7,1813,90650000,90650000,19724,32873,90700000,33811
7,1814,90700000,90700000,19724,32873,90750000,33829
7,1815,90750000,90750000,19724,32873,90800000,33848
7,1816,90800000,90800000,19724,32873,90850000,33866
7,1817,90850000,90850000,19724,32873,90900000,33887
7,1818,90900000,90900000,19724,32873,90950000,33903
7,1819,90950000,90950000,19724,32873,91000000,33924
7,182,9100000,9100000,19724,32873,9150000,3408
7,1820,91000000,91000000,19724,32873,91050000,33943
7,1821,91050000,91050000,19724,32873,91100000,33959
7,1822,91100000,91100000,19724,32873,91150000,33979
7,1823,91150000,91150000,19724,32873,91200000,33998
7,1824,91200000,91200000,19724,32873,91250000,34017
7,1825,91250000,91250000,19724,32873,91300000,34034
7,1826,91300000,91300000,19724,32873,91350000,34054
7,1827,91350000,91350000,19724,32873,91400000,34072
7,1828,91400000,91400000,19724,32873,91450000,34090
7,1829,91450000,91450000,19724,32873,91500000,34110
7,183,9150000,9150000,19724,32873,9200000,3425
7,1830,91500000,91500000,19724,32873,91550000,34127
7,1831,91550000,91550000,19724,32873,91600000,34147
7,1832,91600000,91600000,19724,32873,91650000,34166
7,1833,91650000,91650000,19724,32873,91700000,34185
7,1834,91700000,91700000,19724,32873,91750000,34202
7,1835,91750000,91750000,19724,32873,91800000,34222
7,1836,91800000,91800000,19724,32873,91850000,34240
7,1837,91850000,91850000,19724,32873,91900000,34257
7,1838,91900000,91900000,19724,32873,91950000,34278
7,1839,91950000,91950000,19724,32873,92000000,34295
7,184,9200000,9200000,19724,32873,9250000,3445
7,1840,92000000,92000000,19724,32873,92050000,34315
7,1841,92050000,92050000,19724,32873,92100000,34334
7,1842,92100000,92100000,19724,32873,92150000,34350
7,1843,92150000,92150000,19724,32873,92200000,34371
7,1844,92200000,92200000,19724,32873,92250000,34390
7,1845,92250000,92250000,19724,32873,92300000,34408
7,1846,92300000,92300000,19724,32873,92350000,34426
7,1847,92350000,92350000,19724,32873,92400000,34446
7,185,9250000,9250000,19724,32873,9300000,3464
7,186,9300000,9300000,19724,32873,9350000,3481
7,187,9350000,9350000,19724,32873,9400000,3500
7,188,9400000,9400000,19724,32873,9450000,3521
7,189,9450000,9450000,19724,32873,9500000,3537
7,19,950000,950000,19724,32873,1000000,369
7,190,9500000,9500000,19724,32873,9550000,3555
7,191,9550000,9550000,19724,32873,9600000,3576
7,192,9600000,9600000,19724,32873,9650000,3593
7,193,9650000,9650000,19724,32873,9700000,3613
7,194,9700000,9700000,19724,32873,9750000,3631
7,195,9750000,9750000,19724,32873,9800000,3651
7,196,9800000,9800000,19724,32873,9850000,3669
7,197,9850000,9850000,19724,32873,9900000,3686
7,198,9900000,9900000,19724,32873,9950000,3705
7,199,9950000,9950000,19724,32873,10000000,3723
7,2,100000,100000,19724,32873,150000,52
7,20,1000000,1000000,19724,32873,1050000,390
7,200,10000000,10000000,19724,32873,10050000,3744
7,201,10050000,10050000,19724,32873,10100000,3761
7,202,10100000,10100000,19724,32873,10150000,3780
7,203,10150000,10150000,19724,32873,10200000,3800
7,204,10200000,10200000,19724,32873,10250000,3817
7,205,10250000,10250000,19724,32873,10300000,3836
7,206,10300000,10300000,19724,32873,10350000,3855
7,207,10350000,10350000,19724,32873,10400000,3874
7,208,10400000,10400000,19724,32873,10450000,3891
7,209,10450000,10450000,19724,32873,10500000,3912
7,21,1050000,1050000,19724,32873,1100000,405
7,210,10500000,10500000,19724,32873,10550000,3928
7,211,10550000,10550000,19724,32873,10600000,3947
7,212,10600000,10600000,19724,32873,10650000,3968
7,213,10650000,10650000,19724,32873,10700000,3984
7,214,10700000,10700000,19724,32873,10750000,4004
7,215,10750000,10750000,19724,32873,10800000,4023
7,216,10800000,10800000,19724,32873,10850000,4042
7,217,10850000,10850000,19724,32873,10900000,4060
7,218,10900000,10900000,19724,32873,10950000,4078
7,219,10950000,10950000,19724,32873,11000000,4097
7,22,1100000,1100000,19724,32873,1150000,423
7,220,11000000,11000000,19724,32873,11050000,4115
7,221,11050000,11050000,19724,32873,11100000,4135
7,222,11100000,11100000,19724,32873,11150000,4152
7,223,11150000,11150000,19724,32873,11200000,4172
7,224,11200000,11200000,19724,32873,11250000,4191
7,225,11250000,11250000,19724,32873,11300000,4208
7,226,11300000,11300000,19724,32873,11350000,4227
7,227,11350000,11350000,19724,32873,11400000,4247
7,228,11400000,11400000,19724,32873,11450000,4266
7,229,11450000,11450000,19724,32873,11500000,4283
7,23,1150000,1150000,19724,32873,1200000,444
7,230,11500000,11500000,19724,32873,11550000,4303
7,231,11550000,11550000,19724,32873,11600000,4320
7,232,11600000,11600000,19724,32873,11650000,4338
7,233,11650000,11650000,19724,32873,11700000,4359
7,234,11700000,11700000,19724,32873,11750000,4375
7,235,11750000,11750000,19724,32873,11800000,4396
7,236,11800000,11800000,19724,32873,11850000,4415
7,237,11850000,11850000,19724,32873,11900000,4433
7,238,11900000,11900000,19724,32873,11950000,4451
7,239,11950000,11950000,19724,32873,12000000,4470
7,24,1200000,1200000,19724,32873,1250000,461
7,240,12000000,12000000,19724,32873,12050000,4489
7,241,12050000,12050000,19724,32873,12100000,4506
7,242,12100000,12100000,19724,32873,12150000,4526
7,243,12150000,12150000,19724,32873,12200000,4544
7,244,12200000,12200000,19724,32873,12250000,4564
7,245,12250000,12250000,19724,32873,12300000,4582
7,246,12300000,12300000,19724,32873,12350000,4599
7,247,12350000,12350000,19724,32873,12400000,4619
7,248,12400000,12400000,19724,32873,12450000,4638
7,249,12450000,12450000,19724,32873,12500000,4657
7,25,1250000,1250000,19724,32873,1300000,481
7,250,12500000,12500000,19724,32873,12550000,4674
7,251,12550000,12550000,19724,32873,12600000,4696
7,252,12600000,12600000,19724,32873,12650000,4712
7,253,12650000,12650000,19724,32873,12700000,4729
7,254,12700000,12700000,19724,32873,12750000,4750
7,255,12750000,12750000,19724,32873,12800000,4767
7,256,12800000,12800000,19724,32873,12850000,4787
7,257,12850000,12850000,19724,32873,12900000,4806
7,258,12900000,12900000,19724,32873,12950000,4824
7,259,12950000,12950000,19724,32873,13000000,4843
7,26,1300000,1300000,19724,32873,1350000,499
7,260,13000000,13000000,19724,32873,13050000,4862
7,261,13050000,13050000,19724,32873,13100000,4880
7,262,13100000,13100000,19724,32873,13150000,4898
7,263,13150000,13150000,19724,32873,13200000,4918
7,264,13200000,13200000,19724,32873,13250000,4935
7,265,13250000,13250000,19724,32873,13300000,4955
7,266,13300000,13300000,19724,32873,13350000,4973
7,267,13350000,13350000,19724,32873,13400000,4991
7,268,13400000,13400000,19724,32873,13450000,5011
7,269,13450000,13450000,19724,32873,13500000,5029
7,27,1350000,1350000,19724,32873,1400000,519
7,270,13500000,13500000,19724,32873,13550000,5048
7,271,13550000,13550000,19724,32873,13600000,5066
7,272,13600000,13600000,19724,32873,13650000,5087
7,273,13650000,13650000,19724,32873,13700000,5104
7,274,13700000,13700000,19724,32873,13750000,5120
7,275,13750000,13750000,19724,32873,13800000,5142
7,276,13800000,13800000,19724,32873,13850000,5159
7,277,13850000,13850000,19724,32873,13900000,5178
7,278,13900000,13900000,19724,32873,13950000,5197
7,279,13950000,13950000,19724,32873,14000000,5216
7,28,1400000,1400000,19724,32873,1450000,537
7,280,14000000,14000000,19724,32873,14050000,5234
7,281,14050000,14050000,19724,32873,14100000,5253
7,282,14100000,14100000,19724,32873,14150000,5271
7,283,14150000,14150000,19724,32873,14200000,5290
7,284,14200000,14200000,19724,32873,14250000,5311
7,285,14250000,14250000,19724,32873,14300000,5326
7,286,14300000,14300000,19724,32873,14350000,5346
7,287,14350000,14350000,19724,32873,14400000,5365
7,288,14400000,14400000,19724,32873,14450000,5382
7,289,14450000,14450000,19724,32873,14500000,5402
7,29,1450000,1450000,19724,32873,1500000,555
7,290,14500000,14500000,19724,32873,14550000,5420
7,291,14550000,14550000,19724,32873,14600000,5440
7,292,14600000,14600000,19724,32873,14650000,5458
7,293,14650000,14650000,19724,32873,14700000,5478
7,294,14700000,14700000,19724,32873,14750000,5495
7,295,14750000,14750000,19724,32873,14800000,5513
7,296,14800000,14800000,19724,32873,14850000,5533
7,297,14850000,14850000,19724,32873,14900000,5550
7,298,14900000,14900000,19724,32873,14950000,5569
7,299,14950000,14950000,19724,32873,15000000,5589
7,3,150000,150000,19724,32873,200000,70
7,30,1500000,1500000,19724,32873,1550000,574
7,300,15000000,15000000,19724,32873,15050000,5608
7,301,15050000,15050000,19724,32873,15100000,5625
7,302,15100000,15100000,19724,32873,15150000,5644
7,303,15150000,15150000,19724,32873,15200000,5663
7,304,15200000,15200000,19724,32873,15250000,5681
7,305,15250000,15250000,19724,32873,15300000,5702
7,306,15300000,15300000,19724,32873,15350000,5718
7,307,15350000,15350000,19724,32873,15400000,5738
7,308,15400000,15400000,19724,32873,15450000,5757
7,309,15450000,15450000,19724,32873,15500000,5773
7,31,1550000,1550000,19724,32873,1600000,592
7,310,15500000,15500000,19724,32873,15550000,5793
7,311,15550000,15550000,19724,32873,15600000,5812
7,312,15600000,15600000,19724,32873,15650000,5831
7,313,15650000,15650000,19724,32873,15700000,5849
7,314,15700000,15700000,19724,32873,15750000,5869
7,315,15750000,15750000,19724,32873,15800000,5887
7,316,15800000,15800000,19724,32873,15850000,5905
7,317,15850000,15850000,19724,32873,15900000,5925
7,318,15900000,15900000,19724,32873,15950000,5941
7,319,15950000,15950000,19724,32873,16000000,5961
7,32,1600000,1600000,19724,32873,1650000,612
7,320,16000000,16000000,19724,32873,16050000,5980
7,321,16050000,16050000,19724,32873,16100000,5999
7,322,16100000,16100000,19724,32873,16150000,6016
7,323,16150000,16150000,19724,32873,16200000,6036
7,324,16200000,16200000,19724,32873,16250000,6055
7,325,16250000,16250000,19724,32873,16300000,6072
7,326,16300000,16300000,19724,32873,16350000,6093
7,327,16350000,16350000,19724,32873,16400000,6110
7,328,16400000,16400000,19724,32873,16450000,6130
7,329,16450000,16450000,19724,32873,16500000,6148
7,33,1650000,1650000,19724,32873,1700000,629
7,330,16500000,16500000,19724,32873,16550000,6164
7,331,16550000,16550000,19724,32873,16600000,6185
7,332,16600000,16600000,19724,32873,16650000,6204
7,333,16650000,16650000,19724,32873,16700000,6222
7,334,16700000,16700000,19724,32873,16750000,6240
7,335,16750000,16750000,19724,32873,16800000,6261
7,336,16800000,16800000,19724,32873,16850000,6278
7,337,16850000,16850000,19724,32873,16900000,6296
7,338,16900000,16900000,19724,32873,16950000,6316
7,339,16950000,16950000,19724,32873,17000000,6334
7,34,1700000,1700000,19724,32873,1750000,648
7,340,17000000,17000000,19724,32873,17050000,6353
7,341,17050000,17050000,19724,32873,17100000,6371
7,342,17100000,17100000,19724,32873,17150000,6390
7,343,17150000,17150000,19724,32873,17200000,6408
7,344,17200000,17200000,19724,32873,17250000,6427
7,345,17250000,17250000,19724,32873,17300000,6446
7,346,17300000,17300000,19724,32873,17350000,6463
7,347,17350000,17350000,19724,32873,17400000,6485
7,348,17400000,17400000,19724,32873,17450000,6502
7,349,17450000,17450000,19724,32873,17500000,6521
7,35,1750000,1750000,19724,32873,1800000,668
7,350,17500000,17500000,19724,32873,17550000,6540
7,351,17550000,17550000,19724,32873,17600000,6556
7,352,17600000,17600000,19724,32873,17650000,6576
7,353,17650000,17650000,19724,32873,17700000,6595
7,354,17700000,17700000,19724,32873,17750000,6613
7,355,17750000,17750000,19724,32873,17800000,6632
7,356,17800000,17800000,19724,32873,17850000,6653
7,357,17850000,17850000,19724,32873,17900000,6669
7,358,17900000,17900000,19724,32873,17950000,6687
7,359,17950000,17950000,19724,32873,18000000,6708
7,36,1800000,1800000,19724,32873,1850000,685
7,360,18000000,18000000,19724,32873,18050000,6725
7,361,18050000,18050000,19724,32873,18100000,6745
7,362,18100000,18100000,19724,32873,18150000,6762
7,363,18150000,18150000,19724,32873,18200000,6782
7,364,18200000,18200000,19724,32873,18250000,6800
7,365,18250000,18250000,19724,32873,18300000,6818
7,366,18300000,18300000,19724,32873,18350000,6837
7,367,18350000,18350000,19724,32873,18400000,6855
7,368,18400000,18400000,19724,32873,18450000,6876
7,369,18450000,18450000,19724,32873,18500000,6893
7,37,1850000,1850000,19724,32873,1900000,704
7,370,18500000,18500000,19724,32873,18550000,6912
7,371,18550000,18550000,19724,32873,18600000,6932
7,372,18600000,18600000,19724,32873,18650000,6949
7,373,18650000,18650000,19724,32873,18700000,6967
7,374,18700000,18700000,19724,32873,18750000,6986
7,375,18750000,18750000,19724,32873,18800000,7005
7,376,18800000,18800000,19724,32873,18850000,7023
7,377,18850000,18850000,19724,32873,18900000,7044
7,378,18900000,18900000,19724,32873,18950000,7060
7,379,18950000,18950000,19724,32873,19000000,7079
7,38,1900000,1900000,19724,32873,1950000,723
7,380,19000000,19000000,19724,32873,19050000,7100
7,381,19050000,19050000,19724,32873,19100000,7116
7,382,19100000,19100000,19724,32873,19150000,7136
7,383,19150000,19150000,19724,32873,19200000,7155
7,384,19200000,19200000,19724,32873,19250000,7173
7,385,19250000,19250000,19724,32873,19300000,7191
7,386,19300000,19300000,19724,32873,19350000,7209
7,387,19350000,19350000,19724,32873,19400000,7229
7,388,19400000,19400000,19724,32873,19450000,7247
7,389,19450000,19450000,19724,32873,19500000,7267
7,39,1950000,1950000,19724,32873,2000000,742
7,390,19500000,19500000,19724,32873,19550000,7284
7,391,19550000,19550000,19724,32873,19600000,7304
7,392,19600000,19600000,19724,32873,19650000,7323
7,393,19650000,19650000,19724,32873,19700000,7340
7,394,19700000,19700000,19724,32873,19750000,7359
7,395,19750000,19750000,19724,32873,19800000,7378
7,396,19800000,19800000,19724,32873,19850000,7397
7,397,19850000,19850000,19724,32873,19900000,7414
7,398,19900000,19900000,19724,32873,19950000,7435
7,399,19950000,19950000,19724,32873,20000000,7452
7,4,200000,200000,19724,32873,250000,90
7,40,2000000,2000000,19724,32873,2050000,760
7,400,20000000,20000000,19724,32873,20050000,7470
7,401,20050000,20050000,19724,32873,20100000,7491
7,402,20100000,20100000,19724,32873,20150000,7507
7,403,20150000,20150000,19724,32873,20200000,7528
7,404,20200000,20200000,19724,32873,20250000,7547
7,405,20250000,20250000,19724,32873,20300000,7565
7,406,20300000,20300000,19724,32873,20350000,7582
7,407,20350000,20350000,19724,32873,20400000,7601
7,408,20400000,20400000,19724,32873,20450000,7620
7,409,20450000,20450000,19724,32873,20500000,7638
7,41,2050000,2050000,19724,32873,2100000,781
7,410,20500000,20500000,19724,32873,20550000,7658
7,411,20550000,20550000,19724,32873,20600000,7676
7,412,20600000,20600000,19724,32873,20650000,7696
7,413,20650000,20650000,19724,32873,20700000,7714
7,414,20700000,20700000,19724,32873,20750000,7731
7,415,20750000,20750000,19724,32873,20800000,7751
7,416,20800000,20800000,19724,32873,20850000,7770
7,417,20850000,20850000,19724,32873,20900000,7788
7,418,20900000,20900000,19724,32873,20950000,7805
7,419,20950000,20950000,19724,32873,21000000,7827
7,42,2100000,2100000,19724,32873,2150000,797
7,420,21000000,21000000,19724,32873,21050000,7844
7,421,21050000,21050000,19724,32873,21100000,7861
7,422,21100000,21100000,19724,32873,21150000,7882
7,423,21150000,21150000,19724,32873,21200000,7899
7,424,21200000,21200000,19724,32873,21250000,7919
7,425,21250000,21250000,19724,32873,21300000,7938
7,426,21300000,21300000,19724,32873,21350000,7956
7,427,21350000,21350000,19724,32873,21400000,7975
7,428,21400000,21400000,19724,32873,21450000,7993
7,429,21450000,21450000,19724,32873,21500000,8011
7,43,2150000,2150000,19724,32873,2200000,815
7,430,21500000,21500000,19724,32873,21550000,8029
7,431,21550000,21550000,19724,32873,21600000,8050
7,432,21600000,21600000,19724,32873,21650000,8067
7,433,21650000,21650000,19724,32873,21700000,8087
7,434,21700000,21700000,19724,32873,21750000,8105
7,435,21750000,21750000,19724,32873,21800000,8123
7,436,21800000,21800000,19724,32873,21850000,8143
7,437,21850000,21850000,19724,32873,21900000,8161
7,438,21900000,21900000,19724,32873,21950000,8180
7,439,21950000,21950000,19724,32873,22000000,8197
7,44,2200000,2200000,19724,32873,2250000,836
7,440,22000000,22000000,19724,32873,22050000,8218
7,441,22050000,22050000,19724,32873,22100000,8235
7,442,22100000,22100000,19724,32873,22150000,8252
7,443,22150000,22150000,19724,32873,22200000,8274
7,444,22200000,22200000,19724,32873,22250000,8291
7,445,22250000,22250000,19724,32873,22300000,8310
7,446,22300000,22300000,19724,32873,22350000,8329
7,447,22350000,22350000,19724,32873,22400000,8348
7,448,22400000,22400000,19724,32873,22450000,8366
7,449,22450000,22450000,19724,32873,22500000,8385
7,45,2250000,2250000,19724,32873,2300000,852
7,450,22500000,22500000,19724,32873,22550000,8402
7,451,22550000,22550000,19724,32873,22600000,8421
7,452,22600000,22600000,19724,32873,22650000,8442
7,453,22650000,22650000,19724,32873,22700000,8458
7,454,22700000,22700000,19724,32873,22750000,8478
7,455,22750000,22750000,19724,32873,22800000,8497
7,456,22800000,22800000,19724,32873,22850000,8514
7,457,22850000,22850000,19724,32873,22900000,8534
7,458,22900000,22900000,19724,32873,22950000,8552
7,459,22950000,22950000,19724,32873,23000000,8572
7,46,2300000,2300000,19724,32873,2350000,872
7,460,23000000,23000000,19724,32873,23050000,8590
7,461,23050000,23050000,19724,32873,23100000,8609
7,462,23100000,23100000,19724,32873,23150000,8626
7,463,23150000,23150000,19724,32873,23200000,8644
7,464,23200000,23200000,19724,32873,23250000,8665
7,465,23250000,23250000,19724,32873,23300000,8682
7,466,23300000,23300000,19724,32873,23350000,8701
7,467,23350000,23350000,19724,32873,23400000,8721
7,468,23400000,23400000,19724,32873,23450000,8740
7,469,23450000,23450000,19724,32873,23500000,8757
7,47,2350000,2350000,19724,32873,2400000,891
7,470,23500000,23500000,19724,32873,23550000,8776
7,471,23550000,23550000,19724,32873,23600000,8795
7,472,23600000,23600000,19724,32873,23650000,8812
7,473,23650000,23650000,19724,32873,23700000,8833
7,474,23700000,23700000,19724,32873,23750000,8849
7,475,23750000,23750000,19724,32873,23800000,8870
7,476,23800000,23800000,19724,32873,23850000,8889
7,477,23850000,23850000,19724,32873,23900000,8905
7,478,23900000,23900000,19724,32873,23950000,8925
7,479,23950000,23950000,19724,32873,24000000,8944
7,48,2400000,2400000,19724,32873,2450000,910
7,480,24000000,24000000,19724,32873,24050000,8963
7,481,24050000,24050000,19724,32873,24100000,8981
7,482,24100000,24100000,19724,32873,24150000,9001
7,483,24150000,24150000,19724,32873,24200000,9018
7,484,24200000,24200000,19724,32873,24250000,9036
7,485,24250000,24250000,19724,32873,24300000,9056
7,486,24300000,24300000,19724,32873,24350000,9073
7,487,24350000,24350000,19724,32873,24400000,9093
7,488,24400000,24400000,19724,32873,24450000,9112
7,489,24450000,24450000,19724,32873,24500000,9131
7,49,2450000,2450000,19724,32873,2500000,928
7,490,24500000,24500000,19724,32873,24550000,9148
7,491,24550000,24550000,19724,32873,24600000,9168
7,492,24600000,24600000,19724,32873,24650000,9187
7,493,24650000,24650000,19724,32873,24700000,9204
7,494,24700000,24700000,19724,32873,24750000,9224
7,495,24750000,24750000,19724,32873,24800000,9241
7,496,24800000,24800000,19724,32873,24850000,9261
7,497,24850000,24850000,19724,32873,24900000,9280
7,498,24900000,24900000,19724,32873,24950000,9296
7,499,24950000,24950000,19724,32873,25000000,9317
7,5,250000,250000,19724,32873,300000,108
7,50,2500000,2500000,19724,32873,2550000,946
7,500,25000000,25000000,19724,32873,25050000,9336
7,501,25050000,25050000,19724,32873,25100000,9354
7,502,25100000,25100000,19724,32873,25150000,9372
7,503,25150000,25150000,19724,32873,25200000,9393
7,504,25200000,25200000,19724,32873,25250000,9410
7,505,25250000,25250000,19724,32873,25300000,9427
7,506,25300000,25300000,19724,32873,25350000,9447
7,507,25350000,25350000,19724,32873,25400000,9465
7,508,25400000,25400000,19724,32873,25450000,9485
7,509,25450000,25450000,19724,32873,25500000,9503
7,51,2550000,2550000,19724,32873,2600000,966
7,510,25500000,25500000,19724,32873,25550000,9522
7,511,25550000,25550000,19724,32873,25600000,9540
7,512,25600000,25600000,19724,32873,25650000,9559
7,513,25650000,25650000,19724,32873,25700000,9578
7,514,25700000,25700000,19724,32873,25750000,9595
7,515,25750000,25750000,19724,32873,25800000,9617
7,516,25800000,25800000,19724,32873,25850000,9633
7,517,25850000,25850000,19724,32873,25900000,9652
7,518,25900000,25900000,19724,32873,25950000,9671
7,519,25950000,25950000,19724,32873,26000000,9688
7,52,2600000,2600000,19724,32873,2650000,984
7,520,26000000,26000000,19724,32873,26050000,9708
7,521,26050000,26050000,19724,32873,26100000,9727
7,522,26100000,26100000,19724,32873,26150000,9745
7,523,26150000,26150000,19724,32873,26200000,9764
7,524,26200000,26200000,19724,32873,26250000,9785
7,525,26250000,26250000,19724,32873,26300000,9801
7,526,26300000,26300000,19724,32873,26350000,9819
7,527,26350000,26350000,19724,32873,26400000,9839
7,528,26400000,26400000,19724,32873,26450000,9856
7,529,26450000,26450000,19724,32873,26500000,9876
7,53,2650000,2650000,19724,32873,2700000,1004
7,530,26500000,26500000,19724,32873,26550000,9894
7,531,26550000,26550000,19724,32873,26600000,9914
7,532,26600000,26600000,19724,32873,26650000,9932
7,533,26650000,26650000,19724,32873,26700000,9950
7,534,26700000,26700000,19724,32873,26750000,9969
7,535,26750000,26750000,19724,32873,26800000,9987
7,536,26800000,26800000,19724,32873,26850000,10008
7,537,26850000,26850000,19724,32873,26900000,10025
7,538,26900000,26900000,19724,32873,26950000,10043
7,539,26950000,26950000,19724,32873,27000000,10063
7,54,2700000,2700000,19724,32873,2750000,1020
7,540,27000000,27000000,19724,32873,27050000,10080
7,541,27050000,27050000,19724,32873,27100000,10099
7,542,27100000,27100000,19724,32873,27150000,10118
7,543,27150000,27150000,19724,32873,27200000,10137
7,544,27200000,27200000,19724,32873,27250000,10155
7,545,27250000,27250000,19724,32873,27300000,10176
7,546,27300000,27300000,19724,32873,27350000,10192
7,547,27350000,27350000,19724,32873,27400000,10211
7,548,27400000,27400000,19724,32873,27450000,10232
7,549,27450000,27450000,19724,32873,27500000,10247
7,55,2750000,2750000,19724,32873,2800000,1040
7,550,27500000,27500000,19724,32873,27550000,10267
7,551,27550000,27550000,19724,32873,27600000,10286
7,552,27600000,27600000,19724,32873,27650000,10305
7,553,27650000,27650000,19724,32873,27700000,10323
7,554,27700000,27700000,19724,32873,27750000,10341
7,555,27750000,27750000,19724,32873,27800000,10361
7,556,27800000,27800000,19724,32873,27850000,10379
7,557,27850000,27850000,19724,32873,27900000,10399
7,558,27900000,27900000,19724,32873,27950000,10416
7,559,27950000,27950000,19724,32873,28000000,10436
7,56,2800000,2800000,19724,32873,2850000,1059
7,560,28000000,28000000,19724,32873,28050000,10454
7,561,28050000,28050000,19724,32873,28100000,10471
7,562,28100000,28100000,19724,32873,28150000,10490
7,563,28150000,28150000,19724,32873,28200000,10510
7,564,28200000,28200000,19724,32873,28250000,10529
7,565,28250000,28250000,19724,32873,28300000,10546
7,566,28300000,28300000,19724,32873,28350000,10567
7,567,28350000,28350000,19724,32873,28400000,10584
7,568,28400000,28400000,19724,32873,28450000,10602
7,569,28450000,28450000,19724,32873,28500000,10623
7,57,2850000,2850000,19724,32873,2900000,1076
7,570,28500000,28500000,19724,32873,28550000,10639
7,571,28550000,28550000,19724,32873,28600000,10659
7,572,28600000,28600000,19724,32873,28650000,10678
7,573,28650000,28650000,19724,32873,28700000,10696
7,574,28700000,28700000,19724,32873,28750000,10714
7,575,28750000,28750000,19724,32873,28800000,10733
7,576,28800000,28800000,19724,32873,28850000,10752
7,577,28850000,28850000,19724,32873,28900000,10770
7,578,28900000,28900000,19724,32873,28950000,10790
7,579,28950000,28950000,19724,32873,29000000,10808
7,58,2900000,2900000,19724,32873,2950000,1095
7,580,29000000,29000000,19724,32873,29050000,10828
7,581,29050000,29050000,19724,32873,29100000,10846
7,582,29100000,29100000,19724,32873,29150000,10862
7,583,29150000,29150000,19724,32873,29200000,10882
7,584,29200000,29200000,19724,32873,29250000,10901
7,585,29250000,29250000,19724,32873,29300000,10920
7,586,29300000,29300000,19724,32873,29350000,10937
7,587,29350000,29350000,19724,32873,29400000,10959
7,588,29400000,29400000,19724,32873,29450000,10976
7,589,29450000,29450000,19724,32873,29500000,10993
7,59,2950000,2950000,19724,32873,3000000,1115
7,590,29500000,29500000,19724,32873,29550000,11014
7,591,29550000,29550000,19724,32873,29600000,11031
7,592,29600000,29600000,19724,32873,29650000,11051
7,593,29650000,29650000,19724,32873,29700000,11069
7,594,29700000,29700000,19724,32873,29750000,11087
7,595,29750000,29750000,19724,32873,29800000,11106
7,596,29800000,29800000,19724,32873,29850000,11125
7,597,29850000,29850000,19724,32873,29900000,11143
7,598,29900000,29900000,19724,32873,29950000,11161
7,599,29950000,29950000,19724,32873,30000000,11182
7,6,300000,300000,19724,32873,350000,127
7,60,3000000,3000000,19724,32873,3050000,1134
7,600,30000000,30000000,19724,32873,30050000,11199
7,601,30050000,30050000,19724,32873,30100000,11219
7,602,30100000,30100000,19724,32873,30150000,11237
7,603,30150000,30150000,19724,32873,30200000,11255
7,604,30200000,30200000,19724,32873,30250000,11274
7,605,30250000,30250000,19724,32873,30300000,11292
7,606,30300000,30300000,19724,32873,30350000,11311
7,607,30350000,30350000,19724,32873,30400000,11329
7,608,30400000,30400000,19724,32873,30450000,11350
7,609,30450000,30450000,19724,32873,30500000,11367
7,61,3050000,3050000,19724,32873,3100000,1151
7,610,30500000,30500000,19724,32873,30550000,11384
7,611,30550000,30550000,19724,32873,30600000,11406
7,612,30600000,30600000,19724,32873,30650000,11423
7,613,30650000,30650000,19724,32873,30700000,11442
7,614,30700000,30700000,19724,32873,30750000,11461
7,615,30750000,30750000,19724,32873,30800000,11479
7,616,30800000,30800000,19724,32873,30850000,11497
7,617,30850000,30850000,19724,32873,30900000,11516
7,618,30900000,30900000,19724,32873,30950000,11534
7,619,30950000,30950000,19724,32873,31000000,11553
7,62,3100000,3100000,19724,32873,3150000,1172
7,620,31000000,31000000,19724,32873,31050000,11574
7,621,31050000,31050000,19724,32873,31100000,11590
7,622,31100000,31100000,19724,32873,31150000,11610
7,623,31150000,31150000,19724,32873,31200000,11629
7,624,31200000,31200000,19724,32873,31250000,11646
7,625,31250000,31250000,19724,32873,31300000,11666
7,626,31300000,31300000,19724,32873,31350000,11683
7,627,31350000,31350000,19724,32873,31400000,11703
7,628,31400000,31400000,19724,32873,31450000,11721
7,629,31450000,31450000,19724,32873,31500000,11741
7,63,3150000,3150000,19724,32873,3200000,1189
7,630,31500000,31500000,19724,32873,31550000,11758
7,631,31550000,31550000,19724,32873,31600000,11776
7,632,31600000,31600000,19724,32873,31650000,11797
7,633,31650000,31650000,19724,32873,31700000,11814
7,634,31700000,31700000,19724,32873,31750000,11833
7,635,31750000,31750000,19724,32873,31800000,11853
7,636,31800000,31800000,19724,32873,31850000,11872
7,637,31850000,31850000,19724,32873,31900000,11888
7,638,31900000,31900000,19724,32873,31950000,11907
7,639,31950000,31950000,19724,32873,32000000,11926
7,64,3200000,3200000,19724,32873,3250000,1207
7,640,32000000,32000000,19724,32873,32050000,11944
7,641,32050000,32050000,19724,32873,32100000,11965
7,642,32100000,32100000,19724,32873,32150000,11981
7,643,32150000,32150000,19724,32873,32200000,12002
7,644,32200000,32200000,19724,32873,32250000,12021
7,645,32250000,32250000,19724,32873,32300000,12037
7,646,32300000,32300000,19724,32873,32350000,12057
7,647,32350000,32350000,19724,32873,32400000,12076
7,648,32400000,32400000,19724,32873,32450000,12094
7,649,32450000,32450000,19724,32873,32500000,12112
7,65,3250000,3250000,19724,32873,3300000,1227
7,650,32500000,32500000,19724,32873,32550000,12132
7,651,32550000,32550000,19724,32873,32600000,12150
7,652,32600000,32600000,19724,32873,32650000,12168
7,653,32650000,32650000,19724,32873,32700000,12188
7,654,32700000,32700000,19724,32873,32750000,12205
7,655,32750000,32750000,19724,32873,32800000,12225
7,656,32800000,32800000,19724,32873,32850000,12244
7,657,32850000,32850000,19724,32873,32900000,12263
7,658,32900000,32900000,19724,32873,32950000,12280
7,659,32950000,32950000,19724,32873,33000000,12299
7,66,3300000,3300000,19724,32873,3350000,1243
7,660,33000000,33000000,19724,32873,33050000,12318
7,661,33050000,33050000,19724,32873,33100000,12335
7,662,33100000,33100000,19724,32873,33150000,12356
7,663,33150000,33150000,19724,32873,33200000,12373
7,664,33200000,33200000,19724,32873,33250000,12393
7,665,33250000,33250000,19724,32873,33300000,12412
7,666,33300000,33300000,19724,32873,33350000,12428
7,667,33350000,33350000,19724,32873,33400000,12449
7,668,33400000,33400000,19724,32873,33450000,12468
7,669,33450000,33450000,19724,32873,33500000,12486
7,67,3350000,3350000,19724,32873,3400000,1264
7,670,33500000,33500000,19724,32873,33550000,12503
7,671,33550000,33550000,19724,32873,33600000,12524
7,672,33600000,33600000,19724,32873,33650000,12541
7,673,33650000,33650000,19724,32873,33700000,12559
7,674,33700000,33700000,19724,32873,33750000,12579
7,675,33750000,33750000,19724,32873,33800000,12597
7,676,33800000,33800000,19724,32873,33850000,12617
7,677,33850000,33850000,19724,32873,33900000,12635
7,678,33900000,33900000,19724,32873,33950000,12654
7,679,33950000,33950000,19724,32873,34000000,12672
7,68,3400000,3400000,19724,32873,3450000,1283
7,680,34000000,34000000,19724,32873,34050000,12691
7,681,34050000,34050000,19724,32873,34100000,12709
7,682,34100000,34100000,19724,32873,34150000,12726
7,683,34150000,34150000,19724,32873,34200000,12748
7,684,34200000,34200000,19724,32873,34250000,12765
7,685,34250000,34250000,19724,32873,34300000,12784
7,686,34300000,34300000,19724,32873,34350000,12803
7,687,34350000,34350000,19724,32873,34400000,12820
7,688,34400000,34400000,19724,32873,34450000,12840
7,689,34450000,34450000,19724,32873,34500000,12859
7,69,3450000,3450000,19724,32873,3500000,1301
7,690,34500000,34500000,19724,32873,34550000,12877
7,691,34550000,34550000,19724,32873,34600000,12896
7,692,34600000,34600000,19724,32873,34650000,12916
7,693,34650000,34650000,19724,32873,34700000,12932
7,694,34700000,34700000,19724,32873,34750000,12950
7,695,34750000,34750000,19724,32873,34800000,12971
7,696,34800000,34800000,19724,32873,34850000,12988
7,697,34850000,34850000,19724,32873,34900000,13008
7,698,34900000,34900000,19724,32873,34950000,13026
7,699,34950000,34950000,19724,32873,35000000,13046
7,7,350000,350000,19724,32873,400000,145
7,70,3500000,3500000,19724,32873,3550000,1319
7,700,35000000,35000000,19724,32873,35050000,13064
7,701,35050000,35050000,19724,32873,35100000,13082
7,702,35100000,35100000,19724,32873,35150000,13101
7,703,35150000,35150000,19724,32873,35200000,13118
7,704,35200000,35200000,19724,32873,35250000,13139
7,705,35250000,35250000,19724,32873,35300000,13156
7,706,35300000,35300000,19724,32873,35350000,13175
7,707,35350000,35350000,19724,32873,35400000,13195
7,708,35400000,35400000,19724,32873,35450000,13212
7,709,35450000,35450000,19724,32873,35500000,13231
7,71,3550000,3550000,19724,32873,3600000,1338
7,710,35500000,35500000,19724,32873,35550000,13250
7,711,35550000,35550000,19724,32873,35600000,13269
7,712,35600000,35600000,19724,32873,35650000,13287
7,713,35650000,35650000,19724,32873,35700000,13308
7,714,35700000,35700000,19724,32873,35750000,13323
7,715,35750000,35750000,19724,32873,35800000,13342
7,716,35800000,35800000,19724,32873,35850000,13363
7,717,35850000,35850000,19724,32873,35900000,13379
7,718,35900000,35900000,19724,32873,35950000,13399
7,719,35950000,35950000,19724,32873,36000000,13418
7,72,3600000,3600000,19724,32873,3650000,1357
7,720,36000000,36000000,19724,32873,36050000,13437
7,721,36050000,36050000,19724,32873,36100000,13455
7,722,36100000,36100000,19724,32873,36150000,13473
7,723,36150000,36150000,19724,32873,36200000,13493
7,724,36200000,36200000,19724,32873,36250000,13511
7,725,36250000,36250000,19724,32873,36300000,13530
7,726,36300000,36300000,19724,32873,36350000,13547
7,727,36350000,36350000,19724,32873,36400000,13567
7,728,36400000,36400000,19724,32873,36450000,13586
7,729,36450000,36450000,19724,32873,36500000,13603
7,73,3650000,3650000,19724,32873,3700000,1375
7,730,36500000,36500000,19724,32873,36550000,13622
7,731,36550000,36550000,19724,32873,36600000,13642
7,732,36600000,36600000,19724,32873,36650000,13661
7,733,36650000,36650000,19724,32873,36700000,13678
7,734,36700000,36700000,19724,32873,36750000,13699
7,735,36750000,36750000,19724,32873,36800000,13716
7,736,36800000,36800000,19724,32873,36850000,13733
7,737,36850000,36850000,19724,32873,36900000,13754
7,738,36900000,36900000,19724,32873,36950000,13770
7,739,36950000,36950000,19724,32873,37000000,13791
7,74,3700000,3700000,19724,32873,3750000,1395
7,740,37000000,37000000,19724,32873,37050000,13810
7,741,37050000,37050000,19724,32873,37100000,13828
7,742,37100000,37100000,19724,32873,37150000,13846
7,743,37150000,37150000,19724,32873,37200000,13865
7,744,37200000,37200000,19724,32873,37250000,13884
7,745,37250000,37250000,19724,32873,37300000,13902
7,746,37300000,37300000,19724,32873,37350000,13922
7,747,37350000,37350000,19724,32873,37400000,13939
7,748,37400000,37400000,19724,32873,37450000,13959
7,749,37450000,37450000,19724,32873,37500000,13977
7,75,3750000,3750000,19724,32873,3800000,1413
7,750,37500000,37500000,19724,32873,37550000,13994
7,751,37550000,37550000,19724,32873,37600000,14014
7,752,37600000,37600000,19724,32873,37650000,14033
7,753,37650000,37650000,19724,32873,37700000,14052
7,754,37700000,37700000,19724,32873,37750000,14069
7,755,37750000,37750000,19724,32873,37800000,14091
7,756,37800000,37800000,19724,32873,37850000,14108
7,757,37850000,37850000,19724,32873,37900000,14125
7,758,37900000,37900000,19724,32873,37950000,14145
7,759,37950000,37950000,19724,32873,38000000,14162
7,76,3800000,3800000,19724,32873,3850000,1432
7,760,38000000,38000000,19724,32873,38050000,14182
7,761,38050000,38050000,19724,32873,38100000,14201
7,762,38100000,38100000,19724,32873,38150000,14219
7,763,38150000,38150000,19724,32873,38200000,14238
7,764,38200000,38200000,19724,32873,38250000,14257
7,765,38250000,38250000,19724,32873,38300000,14275
7,766,38300000,38300000,19724,32873,38350000,14293
7,767,38350000,38350000,19724,32873,38400000,14314
7,768,38400000,38400000,19724,32873,38450000,14331
7,769,38450000,38450000,19724,32873,38500000,14350
7,77,3850000,3850000,19724,32873,3900000,1450
7,770,38500000,38500000,19724,32873,38550000,14368
7,771,38550000,38550000,19724,32873,38600000,14386
7,772,38600000,38600000,19724,32873,38650000,14406
7,773,38650000,38650000,19724,32873,38700000,14424
7,774,38700000,38700000,19724,32873,38750000,14443
7,775,38750000,38750000,19724,32873,38800000,14461
7,776,38800000,38800000,19724,32873,38850000,14482
7,777,38850000,38850000,19724,32873,38900000,14499
7,778,38900000,38900000,19724,32873,38950000,14516
7,779,38950000,38950000,19724,32873,39000000,14538
7,78,3900000,3900000,19724,32873,3950000,1467
7,780,39000000,39000000,19724,32873,39050000,14554
7,781,39050000,39050000,19724,32873,39100000,14573
7,782,39100000,39100000,19724,32873,39150000,14592
7,783,39150000,39150000,19724,32873,39200000,14611
7,784,39200000,39200000,19724,32873,39250000,14629
7,785,39250000,39250000,19724,32873,39300000,14648
7,786,39300000,39300000,19724,32873,39350000,14666
7,787,39350000,39350000,19724,32873,39400000,14685
7,788,39400000,39400000,19724,32873,39450000,14706
7,789,39450000,39450000,19724,32873,39500000,14722
7,79,3950000,3950000,19724,32873,4000000,1487
7,790,39500000,39500000,19724,32873,39550000,14742
7,791,39550000,39550000,19724,32873,39600000,14760
7,792,39600000,39600000,19724,32873,39650000,14777
7,793,39650000,39650000,19724,32873,39700000,14797
7,794,39700000,39700000,19724,32873,39750000,14815
7,795,39750000,39750000,19724,32873,39800000,14835
7,796,39800000,39800000,19724,32873,39850000,14853
7,797,39850000,39850000,19724,32873,39900000,14873
7,798,39900000,39900000,19724,32873,39950000,14890
7,799,39950000,39950000,19724,32873,40000000,14908
7,8,400000,400000,19724,32873,450000,164
7,80,4000000,4000000,19724,32873,4050000,1506
7,800,40000000,40000000,19724,32873,40050000,14929
7,801,40050000,40050000,19724,32873,40100000,14946
7,802,40100000,40100000,19724,32873,40150000,14964
7,803,40150000,40150000,19724,32873,40200000,14984
7,804,40200000,40200000,19724,32873,40250000,15003
7,805,40250000,40250000,19724,32873,40300000,15020
7,806,40300000,40300000,19724,32873,40350000,15039
7,807,40350000,40350000,19724,32873,40400000,15058
7,808,40400000,40400000,19724,32873,40450000,15076
7,809,40450000,40450000,19724,32873,40500000,15097
7,81,4050000,4050000,19724,32873,4100000,1525
7,810,40500000,40500000,19724,32873,40550000,15113
7,811,40550000,40550000,19724,32873,40600000,15134
7,812,40600000,40600000,19724,32873,40650000,15153
7,813,40650000,40650000,19724,32873,40700000,15168
7,814,40700000,40700000,19724,32873,40750000,15188
7,815,40750000,40750000,19724,32873,40800000,15207
7,816,40800000,40800000,19724,32873,40850000,15226
7,817,40850000,40850000,19724,32873,40900000,15244
7,818,40900000,40900000,19724,32873,40950000,15264
7,819,40950000,40950000,19724,32873,41000000,15282
7,82,4100000,4100000,19724,32873,4150000,1542
7,820,41000000,41000000,19724,32873,41050000,15300
7,821,41050000,41050000,19724,32873,41100000,15320
7,822,41100000,41100000,19724,32873,41150000,15337
7,823,41150000,41150000,19724,32873,41200000,15357
7,824,41200000,41200000,19724,32873,41250000,15375
7,825,41250000,41250000,19724,32873,41300000,15394
7,826,41300000,41300000,19724,32873,41350000,15411
7,827,41350000,41350000,19724,32873,41400000,15431
7,828,41400000,41400000,19724,32873,41450000,15450
7,829,41450000,41450000,19724,32873,41500000,15467
7,83,4150000,4150000,19724,32873,4200000,1564
7,830,41500000,41500000,19724,32873,41550000,15488
7,831,41550000,41550000,19724,32873,41600000,15505
7,832,41600000,41600000,19724,32873,41650000,15525
7,833,41650000,41650000,19724,32873,41700000,15544
7,834,41700000,41700000,19724,32873,41750000,15560
7,835,41750000,41750000,19724,32873,41800000,15580
7,836,41800000,41800000,19724,32873,41850000,15599
7,837,41850000,41850000,19724,32873,41900000,15617
7,838,41900000,41900000,19724,32873,41950000,15635
7,839,41950000,41950000,19724,32873,42000000,15656
7,84,4200000,4200000,19724,32873,4250000,1581
7,840,42000000,42000000,19724,32873,42050000,15673
7,841,42050000,42050000,19724,32873,42100000,15691
7,842,42100000,42100000,19724,32873,42150000,15711
7,843,42150000,42150000,19724,32873,42200000,15729
7,844,42200000,42200000,19724,32873,42250000,15749
7,845,42250000,42250000,19724,32873,42300000,15767
7,846,42300000,42300000,19724,32873,42350000,15785
7,847,42350000,42350000,19724,32873,42400000,15803
7,848,42400000,42400000,19724,32873,42450000,15822
7,849,42450000,42450000,19724,32873,42500000,15841
7,85,4250000,4250000,19724,32873,4300000,1598
7,850,42500000,42500000,19724,32873,42550000,15858
7,851,42550000,42550000,19724,32873,42600000,15880
7,852,42600000,42600000,19724,32873,42650000,15897
7,853,42650000,42650000,19724,32873,42700000,15916
7,854,42700000,42700000,19724,32873,42750000,15935
7,855,42750000,42750000,19724,32873,42800000,15952
7,856,42800000,42800000,19724,32873,42850000,15972
7,857,42850000,42850000,19724,32873,42900000,15990
7,858,42900000,42900000,19724,32873,42950000,16008
7,859,42950000,42950000,19724,32873,43000000,16027
7,86,4300000,4300000,19724,32873,4350000,1619
7,860,43000000,43000000,19724,32873,43050000,16048
7,861,43050000,43050000,19724,32873,43100000,16064
7,862,43100000,43100000,19724,32873,43150000,16082
7,863,43150000,43150000,19724,32873,43200000,16103
7,864,43200000,43200000,19724,32873,43250000,16120
7,865,43250000,43250000,19724,32873,43300000,16140
7,866,43300000,43300000,19724,32873,43350000,16158
7,867,43350000,43350000,19724,32873,43400000,16178
7,868,43400000,43400000,19724,32873,43450000,16195
7,869,43450000,43450000,19724,32873,43500000,16213
7,87,4350000,4350000,19724,32873,4400000,1635
7,870,43500000,43500000,19724,32873,43550000,16232
7,871,43550000,43550000,19724,32873,43600000,16250
7,872,43600000,43600000,19724,32873,43650000,16271
7,873,43650000,43650000,19724,32873,43700000,16288
7,874,43700000,43700000,19724,32873,43750000,16307
7,875,43750000,43750000,19724,32873,43800000,16327
7,876,43800000,43800000,19724,32873,43850000,16344
7,877,43850000,43850000,19724,32873,43900000,16363
7,878,43900000,43900000,19724,32873,43950000,16382
7,879,43950000,43950000,19724,32873,44000000,16400
7,88,4400000,4400000,19724,32873,4450000,1655
7,880,44000000,44000000,19724,32873,44050000,16418
7,881,44050000,44050000,19724,32873,44100000,16439
7,882,44100000,44100000,19724,32873,44150000,16455
7,883,44150000,44150000,19724,32873,44200000,16474
7,884,44200000,44200000,19724,32873,44250000,16495
7,885,44250000,44250000,19724,32873,44300000,16511
7,886,44300000,44300000,19724,32873,44350000,16531
7,887,44350000,44350000,19724,32873,44400000,16550
7,888,44400000,44400000,19724,32873,44450000,16569
7,889,44450000,44450000,19724,32873,44500000,16587
7,89,4450000,4450000,19724,32873,4500000,1674
7,890,44500000,44500000,19724,32873,44550000,16604
7,891,44550000,44550000,19724,32873,44600000,16624
7,892,44600000,44600000,19724,32873,44650000,16642
7,893,44650000,44650000,19724,32873,44700000,16662
7,894,44700000,44700000,19724,32873,44750000,16679
7,895,44750000,44750000,19724,32873,44800000,16699
7,896,44800000,44800000,19724,32873,44850000,16718
7,897,44850000,44850000,19724,32873,44900000,16735
7,898,44900000,44900000,19724,32873,44950000,16754
7,899,44950000,44950000,19724,32873,45000000,16774
7,9,450000,450000,19724,32873,500000,183
7,90,4500000,4500000,19724,32873,4550000,1692
7,900,45000000,45000000,19724,32873,45050000,16793
7,901,45050000,45050000,19724,32873,45100000,16809
7,902,45100000,45100000,19724,32873,45150000,16830
7,903,45150000,45150000,19724,32873,45200000,16847
7,904,45200000,45200000,19724,32873,45250000,16865
7,905,45250000,45250000,19724,32873,45300000,16886
7,906,45300000,45300000,19724,32873,45350000,16902
7,907,45350000,45350000,19724,32873,45400000,16923
7,908,45400000,45400000,19724,32873,45450000,16942
7,909,45450000,45450000,19724,32873,45500000,16960
7,91,4550000,4550000,19724,32873,4600000,1711
7,910,45500000,45500000,19724,32873,45550000,16978
7,911,45550000,45550000,19724,32873,45600000,16997
7,912,45600000,45600000,19724,32873,45650000,17015
7,913,45650000,45650000,19724,32873,45700000,17033
7,914,45700000,45700000,19724,32873,45750000,17053
7,915,45750000,45750000,19724,32873,45800000,17071
7,916,45800000,45800000,19724,32873,45850000,17091
7,917,45850000,45850000,19724,32873,45900000,17109
7,918,45900000,45900000,19724,32873,45950000,17126
7,919,45950000,45950000,19724,32873,46000000,17146
7,92,4600000,4600000,19724,32873,4650000,1730
7,920,46000000,46000000,19724,32873,46050000,17165
7,921,46050000,46050000,19724,32873,46100000,17184
7,922,46100000,46100000,19724,32873,46150000,17201
7,923,46150000,46150000,19724,32873,46200000,17222
7,924,46200000,46200000,19724,32873,46250000,17239
7,925,46250000,46250000,19724,32873,46300000,17256
7,926,46300000,46300000,19724,32873,46350000,17277
7,927,46350000,46350000,19724,32873,46400000,17294
7,928,46400000,46400000,19724,32873,46450000,17314
7,929,46450000,46450000,19724,32873,46500000,17333
7,93,4650000,4650000,19724,32873,4700000,1748
7,930,46500000,46500000,19724,32873,46550000,17351
7,931,46550000,46550000,19724,32873,46600000,17370
7,932,46600000,46600000,19724,32873,46650000,17389
7,933,46650000,46650000,19724,32873,46700000,17407
7,934,46700000,46700000,19724,32873,46750000,17424
7,935,46750000,46750000,19724,32873,46800000,17445
7,936,46800000,46800000,19724,32873,46850000,17462
7,937,46850000,46850000,19724,32873,46900000,17482
7,938,46900000,46900000,19724,32873,46950000,17500
7,939,46950000,46950000,19724,32873,47000000,17518
7,94,4700000,4700000,19724,32873,4750000,1766
7,940,47000000,47000000,19724,32873,47050000,17538
7,941,47050000,47050000,19724,32873,47100000,17556
7,942,47100000,47100000,19724,32873,47150000,17575
7,943,47150000,47150000,19724,32873,47200000,17593
7,944,47200000,47200000,19724,32873,47250000,17614
7,945,47250000,47250000,19724,32873,47300000,17630
7,946,47300000,47300000,19724,32873,47350000,17647
7,947,47350000,47350000,19724,32873,47400000,17669
7,948,47400000,47400000,19724,32873,47450000,17686
7,949,47450000,47450000,19724,32873,47500000,17705
7,95,4750000,4750000,19724,32873,4800000,1787
7,950,47500000,47500000,19724,32873,47550000,17724
7,951,47550000,47550000,19724,32873,47600000,17743
7,952,47600000,47600000,19724,32873,47650000,17761
7,953,47650000,47650000,19724,32873,47700000,17780
7,954,47700000,47700000,19724,32873,47750000,17798
7,955,47750000,47750000,19724,32873,47800000,17817
7,956,47800000,47800000,19724,32873,47850000,17837
7,957,47850000,47850000,19724,32873,47900000,17853
7,958,47900000,47900000,19724,32873,47950000,17873
7,959,47950000,47950000,19724,32873,48000000,17892
7,96,4800000,4800000,19724,32873,4850000,1804
7,960,48000000,48000000,19724,32873,48050000,17909
7,961,48050000,48050000,19724,32873,48100000,17929
7,962,48100000,48100000,19724,32873,48150000,17947
7,963,48150000,48150000,19724,32873,48200000,17967
7,964,48200000,48200000,19724,32873,48250000,17985
7,965,48250000,48250000,19724,32873,48300000,18005
7,966,48300000,48300000,19724,32873,48350000,18022
7,967,48350000,48350000,19724,32873,48400000,18039
7,968,48400000,48400000,19724,32873,48450000,18060
7,969,48450000,48450000,19724,32873,48500000,18077
7,97,4850000,4850000,19724,32873,4900000,1824
7,970,48500000,48500000,19724,32873,48550000,18096
7,971,48550000,48550000,19724,32873,48600000,18116
7,972,48600000,48600000,19724,32873,48650000,18135
7,973,48650000,48650000,19724,32873,48700000,18152
7,974,48700000,48700000,19724,32873,48750000,18171
7,975,48750000,48750000,19724,32873,48800000,18190
7,976,48800000,48800000,19724,32873,48850000,18208
7,977,48850000,48850000,19724,32873,48900000,18229
7,978,48900000,48900000,19724,32873,48950000,18244
7,979,48950000,48950000,19724,32873,49000000,18265
7,98,4900000,4900000,19724,32873,4950000,1841
7,980,49000000,49000000,19724,32873,49050000,18284
7,981,49050000,49050000,19724,32873,49100000,18300
7,982,49100000,49100000,19724,32873,49150000,18320
7,983,49150000,49150000,19724,32873,49200000,18339
7,984,49200000,49200000,19724,32873,49250000,18358
7,985,49250000,49250000,19724,32873,49300000,18376
7,986,49300000,49300000,19724,32873,49350000,18396
7,987,49350000,49350000,19724,32873,49400000,18414
7,988,49400000,49400000,19724,32873,49450000,18432
7,989,49450000,49450000,19724,32873,49500000,18451
7,99,4950000,4950000,19724,32873,5000000,1859
7,990,49500000,49500000,19724,32873,49550000,18468
7,991,49550000,49550000,19724,32873,49600000,18488
7,992,49600000,49600000,19724,32873,49650000,18507
7,993,49650000,49650000,19724,32873,49700000,18526
7,994,49700000,49700000,19724,32873,49750000,18543
7,995,49750000,49750000,19724,32873,49800000,18563
7,996,49800000,49800000,19724,32873,49850000,18582
7,997,49850000,49850000,19724,32873,49900000,18599
7,998,49900000,49900000,19724,32873,49950000,18620
7,999,49950000,49950000,19724,32873,50000000,18637
8,0,0,0,14602,24336,55000,15
8,1,55000,55000,14602,24336,110000,37
8,10,550000,550000,14602,24336,605000,222
8,100,5500000,5500000,14602,24336,5555000,2066
8,1000,55000000,55000000,14602,24336,55055000,20523
8,1001,55055000,55055000,14602,24336,55110000,20542
8,1002,55110000,55110000,14602,24336,55165000,20562
8,1003,55165000,55165000,14602,24336,55220000,20582
8,1004,55220000,55220000,14602,24336,55275000,20603
8,1005,55275000,55275000,14602,24336,55330000,20623
8,1006,55330000,55330000,14602,24336,55385000,20644
8,1007,55385000,55385000,14602,24336,55440000,20666
8,1008,55440000,55440000,14602,24336,55495000,20683
8,1009,55495000,55495000,14602,24336,55550000,20707
8,101,5555000,5555000,14602,24336,5610000,2089
8,1010,55550000,55550000,14602,24336,55605000,20727
8,1011,55605000,55605000,14602,24336,55660000,20747
8,1012,55660000,55660000,14602,24336,55715000,20766
8,1013,55715000,55715000,14602,24336,55770000,20789
8,1014,55770000,55770000,14602,24336,55825000,20808
8,1015,55825000,55825000,14602,24336,55880000,20829
8,1016,55880000,55880000,14602,24336,55935000,20850
8,1017,55935000,55935000,14602,24336,55990000,20868
8,1018,55990000,55990000,14602,24336,56045000,20890
8,1019,56045000,56045000,14602,24336,56100000,20912
8,102,5610000,5610000,14602,24336,5665000,2105
8,1020,56100000,56100000,14602,24336,56155000,20930
8,1021,56155000,56155000,14602,24336,56210000,20953
8,1022,56210000,56210000,14602,24336,56265000,20972
8,1023,56265000,56265000,14602,24336,56320000,20993
8,1024,56320000,56320000,14602,24336,56375000,21013
8,1025,56375000,56375000,14602,24336,56430000,21035
8,1026,56430000,56430000,14602,24336,56485000,21053
8,1027,56485000,56485000,14602,24336,56540000,21074
8,1028,56540000,56540000,14602,24336,56595000,21095
8,1029,56595000,56595000,14602,24336,56650000,21117
8,103,5665000,5665000,14602,24336,5720000,2128
8,1030,56650000,56650000,14602,24336,56705000,21137
8,1031,56705000,56705000,14602,24336,56760000,21158
8,1032,56760000,56760000,14602,24336,56815000,21177
8,1033,56815000,56815000,14602,24336,56870000,21196
8,1034,56870000,56870000,14602,24336,56925000,21219
8,1035,56925000,56925000,14602,24336,56980000,21240
8,1036,56980000,56980000,14602,24336,57035000,21258
8,1037,57035000,57035000,14602,24336,57090000,21281
8,1038,57090000,57090000,14602,24336,57145000,21298
8,1039,57145000,57145000,14602,24336,57200000,21322
8,104,5720000,5720000,14602,24336,5775000,2150
8,1040,57200000,57200000,14602,24336,57255000,21341
8,1041,57255000,57255000,14602,24336,57310000,21362
8,1042,57310000,57310000,14602,24336,57365000,21384
8,1043,57365000,57365000,14602,24336,57420000,21403
8,1044,57420000,57420000,14602,24336,57475000,21423
8,1045,57475000,57475000,14602,24336,57530000,21444
8,1046,57530000,57530000,14602,24336,57585000,21464
8,1047,57585000,57585000,14602,24336,57640000,21484
8,1048,57640000,57640000,14602,24336,57695000,21505
8,1049,57695000,57695000,14602,24336,57750000,21528
8,105,5775000,5775000,14602,24336,5830000,2168
8,1050,57750000,57750000,14602,24336,57805000,21546
8,1051,57805000,57805000,14602,24336,57860000,21568
8,1052,57860000,57860000,14602,24336,57915000,21586
8,1053,57915000,57915000,14602,24336,57970000,21608
8,1054,57970000,57970000,14602,24336,58025000,21628
8,1055,58025000,58025000,14602,24336,58080000,21650
8,1056,58080000,58080000,14602,24336,58135000,21669
8,1057,58135000,58135000,14602,24336,58190000,21689
8,1058,58190000,58190000,14602,24336,58245000,21711
8,1059,58245000,58245000,14602,24336,58300000,21731
8,106,5830000,5830000,14602,24336,5885000,2190
8,1060,58300000,58300000,14602,24336,58355000,21752
8,1061,58355000,58355000,14602,24336,58410000,21773
8,1062,58410000,58410000,14602,24336,58465000,21791
8,1063,58465000,58465000,14602,24336,58520000,21814
8,1064,58520000,58520000,14602,24336,58575000,21834
8,1065,58575000,58575000,14602,24336,58630000,21854
8,1066,58630000,58630000,14602,24336,58685000,21874
8,1067,58685000,58685000,14602,24336,58740000,21896
8,1068,58740000,58740000,14602,24336,58795000,21912
8,1069,58795000,58795000,14602,24336,58850000,21937
8,107,5885000,5885000,14602,24336,5940000,2210
8,1070,58850000,58850000,14602,24336,58905000,21958
8,1071,58905000,58905000,14602,24336,58960000,21977
8,1072,58960000,58960000,14602,24336,59015000,21998
8,1073,59015000,59015000,14602,24336,59070000,22018
8,1074,59070000,59070000,14602,24336,59125000,22039
8,1075,59125000,59125000,14602,24336,59180000,22058
8,1076,59180000,59180000,14602,24336,59235000,22079
8,1077,59235000,59235000,14602,24336,59290000,22101
8,1078,59290000,59290000,14602,24336,59345000,22119
8,1079,59345000,59345000,14602,24336,59400000,22144
8,108,5940000,5940000,14602,24336,5995000,2228
8,1080,59400000,59400000,14602,24336,59455000,22161
8,1081,59455000,59455000,14602,24336,59510000,22182
8,1082,59510000,59510000,14602,24336,59565000,22202
8,1083,59565000,59565000,14602,24336,59620000,22223
8,1084,59620000,59620000,14602,24336,59675000,22244
8,1085,59675000,59675000,14602,24336,59730000,22265
8,1086,59730000,59730000,14602,24336,59785000,22284
8,1087,59785000,59785000,14602,24336,59840000,22304
8,1088,59840000,59840000,14602,24336,59895000,22325
8,1089,59895000,59895000,14602,24336,59950000,22346
8,109,5995000,5995000,14602,24336,6050000,2251
8,1090,59950000,59950000,14602,24336,60005000,22368
8,1091,60005000,60005000,14602,24336,60060000,22389
8,1092,60060000,60060000,14602,24336,60115000,22406
8,1093,60115000,60115000,14602,24336,60170000,22429
8,1094,60170000,60170000,14602,24336,60225000,22448
8,1095,60225000,60225000,14602,24336,60280000,22470
8,1096,60280000,60280000,14602,24336,60335000,22489
8,1097,60335000,60335000,14602,24336,60390000,22510
8,1098,60390000,60390000,14602,24336,60445000,22530
8,1099,60445000,60445000,14602,24336,60500000,22552
8,11,605000,605000,14602,24336,660000,242
8,110,6050000,6050000,14602,24336,6105000,2272
8,1100,60500000,60500000,14602,24336,60555000,22572
8,1101,60555000,60555000,14602,24336,60610000,22592
8,1102,60610000,60610000,14602,24336,60665000,22613
8,1103,60665000,60665000,14602,24336,60720000,22633
8,1104,60720000,60720000,14602,24336,60775000,22653
8,1105,60775000,60775000,14602,24336,60830000,22675
8,1106,60830000,60830000,14602,24336,60885000,22695
8,1107,60885000,60885000,14602,24336,60940000,22715
8,1108,60940000,60940000,14602,24336,60995000,22734
8,1109,60995000,60995000,14602,24336,61050000,22759
8,111,6105000,6105000,14602,24336,6160000,2293
8,1110,61050000,61050000,14602,24336,61105000,22775
8,1111,61105000,61105000,14602,24336,61160000,22798
8,1112,61160000,61160000,14602,24336,61215000,22819
8,1113,61215000,61215000,14602,24336,61270000,22837
8,1114,61270000,61270000,14602,24336,61325000,22860
8,1115,61325000,61325000,14602,24336,61380000,22880
8,1116,61380000,61380000,14602,24336,61435000,22898
8,1117,61435000,61435000,14602,24336,61490000,22919
8,1118,61490000,61490000,14602,24336,61545000,22940
8,1119,61545000,61545000,14602,24336,61600000,22963
8,112,6160000,6160000,14602,24336,6215000,2312
8,1120,61600000,61600000,14602,24336,61655000,22982
8,1121,61655000,61655000,14602,24336,61710000,23004
8,1122,61710000,61710000,14602,24336,61765000,23022
8,1123,61765000,61765000,14602,24336,61820000,23043
8,1124,61820000,61820000,14602,24336,61875000,23063
8,1125,61875000,61875000,14602,24336,61930000,23085
8,1126,61930000,61930000,14602,24336,61985000,23105
8,1127,61985000,61985000,14602,24336,62040000,23126
8,1128,62040000,62040000,14602,24336,62095000,23145
8,1129,62095000,62095000,14602,24336,62150000,23166
8,113,6215000,6215000,14602,24336,6270000,2334
8,1130,62150000,62150000,14602,24336,62205000,23188
8,1131,62205000,62205000,14602,24336,62260000,23207
8,1132,62260000,62260000,14602,24336,62315000,23227
8,1133,62315000,62315000,14602,24336,62370000,23250
8,1134,62370000,62370000,14602,24336,62425000,23268
8,1135,62425000,62425000,14602,24336,62480000,23290
8,1136,62480000,62480000,14602,24336,62535000,23309
8,1137,62535000,62535000,14602,24336,62590000,23330
8,1138,62590000,62590000,14602,24336,62645000,23350
8,1139,62645000,62645000,14602,24336,62700000,23373
8,114,6270000,6270000,14602,24336,6325000,2353
8,1140,62700000,62700000,14602,24336,62755000,23392
8,1141,62755000,62755000,14602,24336,62810000,23413
8,1142,62810000,62810000,14602,24336,62865000,23433
8,1143,62865000,62865000,14602,24336,62920000,23453
8,1144,62920000,62920000,14602,24336,62975000,23475
8,1145,62975000,62975000,14602,24336,63030000,23494
8,1146,63030000,63030000,14602,24336,63085000,23514
8,1147,63085000,63085000,14602,24336,63140000,23536
8,1148,63140000,63140000,14602,24336,63195000,23554
8,1149,63195000,63195000,14602,24336,63250000,23578
8,115,6325000,6325000,14602,24336,6380000,2374
8,1150,63250000,63250000,14602,24336,63305000,23597
8,1151,63305000,63305000,14602,24336,63360000,23619
8,1152,63360000,63360000,14602,24336,63415000,23636
8,1153,63415000,63415000,14602,24336,63470000,23658
8,1154,63470000,63470000,14602,24336,63525000,23681
8,1155,63525000,63525000,14602,24336,63580000,23699
8,1156,63580000,63580000,14602,24336,63635000,23720
8,1157,63635000,63635000,14602,24336,63690000,23741
8,1158,63690000,63690000,14602,24336,63745000,23759
8,1159,63745000,63745000,14602,24336,63800000,23782
8,116,6380000,6380000,14602,24336,6435000,2393
8,1160,63800000,63800000,14602,24336,63855000,23803
8,1161,63855000,63855000,14602,24336,63910000,23823
8,1162,63910000,63910000,14602,24336,63965000,23843
8,1163,63965000,63965000,14602,24336,64020000,23865
8,1164,64020000,64020000,14602,24336,64075000,23882
8,1165,64075000,64075000,14602,24336,64130000,23905
8,1166,64130000,64130000,14602,24336,64185000,23924
8,1167,64185000,64185000,14602,24336,64240000,23945
8,1168,64240000,64240000,14602,24336,64295000,23966
8,1169,64295000,64295000,14602,24336,64350000,23988
8,117,6435000,6435000,14602,24336,6490000,2415
8,1170,64350000,64350000,14602,24336,64405000,24008
8,1171,64405000,64405000,14602,24336,64460000,24027
8,1172,64460000,64460000,14602,24336,64515000,24048
8,1173,64515000,64515000,14602,24336,64570000,24068
8,1174,64570000,64570000,14602,24336,64625000,24089
8,1175,64625000,64625000,14602,24336,64680000,24112
8,1176,64680000,64680000,14602,24336,64735000,24129
8,1177,64735000,64735000,14602,24336,64790000,24150
8,1178,64790000,64790000,14602,24336,64845000,24170
8,1179,64845000,64845000,14602,24336,64900000,24193
8,118,6490000,6490000,14602,24336,6545000,2435
8,1180,64900000,64900000,14602,24336,64955000,24211
8,1181,64955000,64955000,14602,24336,65010000,24234
8,1182,65010000,65010000,14602,24336,65065000,24253
8,1183,65065000,65065000,14602,24336,65120000,24273
8,1184,65120000,65120000,14602,24336,65175000,24295
8,1185,65175000,65175000,14602,24336,65230000,24314
8,1186,65230000,65230000,14602,24336,65285000,24336
8,1187,65285000,65285000,14602,24336,65340000,24355
8,1188,65340000,65340000,14602,24336,65395000,24374
8,1189,65395000,65395000,14602,24336,65450000,24399
8,119,6545000,6545000,14602,24336,6600000,2458
8,1190,65450000,65450000,14602,24336,65505000,24417
8,1191,65505000,65505000,14602,24336,65560000,24439
8,1192,65560000,65560000,14602,24336,65615000,24458
8,1193,65615000,65615000,14602,24336,65670000,24479
8,1194,65670000,65670000,14602,24336,65725000,24498
8,1195,65725000,65725000,14602,24336,65780000,24520
8,1196,65780000,65780000,14602,24336,65835000,24540
8,1197,65835000,65835000,14602,24336,65890000,24560
8,1198,65890000,65890000,14602,24336,65945000,24581
8,1199,65945000,65945000,14602,24336,66000000,24603
8,12,660000,660000,14602,24336,715000,260
8,120,6600000,6600000,14602,24336,6655000,2477
8,1200,66000000,66000000,14602,24336,66055000,24622
8,1201,66055000,66055000,14602,24336,66110000,24642
8,1202,66110000,66110000,14602,24336,66165000,24664
8,1203,66165000,66165000,14602,24336,66220000,24684
8,1204,66220000,66220000,14602,24336,66275000,24704
8,1205,66275000,66275000,14602,24336,66330000,24727
8,1206,66330000,66330000,14602,24336,66385000,24743
8,1207,66385000,66385000,14602,24336,66440000,24766
8,1208,66440000,66440000,14602,24336,66495000,24785
8,1209,66495000,66495000,14602,24336,66550000,24807
8,121,6655000,6655000,14602,24336,6710000,2496
8,1210,66550000,66550000,14602,24336,66605000,24829
8,1211,66605000,66605000,14602,24336,66660000,24849
8,1212,66660000,66660000,14602,24336,66715000,24867
8,1213,66715000,66715000,14602,24336,66770000,24888
8,1214,66770000,66770000,14602,24336,66825000,24910
8,1215,66825000,66825000,14602,24336,66880000,24929
8,1216,66880000,66880000,14602,24336,66935000,24950
8,1217,66935000,66935000,14602,24336,66990000,24972
8,1218,66990000,66990000,14602,24336,67045000,24990
8,1219,67045000,67045000,14602,24336,67100000,25013
8,122,6710000,6710000,14602,24336,6765000,2518
8,1220,67100000,67100000,14602,24336,67155000,25032
8,1221,67155000,67155000,14602,24336,67210000,25054
8,1222,67210000,67210000,14602,24336,67265000,25072
8,1223,67265000,67265000,14602,24336,67320000,25095
8,1224,67320000,67320000,14602,24336,67375000,25115
8,1225,67375000,67375000,14602,24336,67430000,25134
8,1226,67430000,67430000,14602,24336,67485000,25156
8,1227,67485000,67485000,14602,24336,67540000,25175
8,1228,67540000,67540000,14602,24336,67595000,25195
8,1229,67595000,67595000,14602,24336,67650000,25218
8,123,6765000,6765000,14602,24336,6820000,2537
8,1230,67650000,67650000,14602,24336,67705000,25237
8,1231,67705000,67705000,14602,24336,67760000,25259
8,1232,67760000,67760000,14602,24336,67815000,25278
8,1233,67815000,67815000,14602,24336,67870000,25299
8,1234,67870000,67870000,14602,24336,67925000,25320
8,1235,67925000,67925000,14602,24336,67980000,25341
8,1236,67980000,67980000,14602,24336,68035000,25358
8,1237,68035000,68035000,14602,24336,68090000,25381
8,1238,68090000,68090000,14602,24336,68145000,25401
8,1239,68145000,68145000,14602,24336,68200000,25423
8,124,6820000,6820000,14602,24336,6875000,2558
8,1240,68200000,68200000,14602,24336,68255000,25444
8,1241,68255000,68255000,14602,24336,68310000,25463
8,1242,68310000,68310000,14602,24336,68365000,25483
8,1243,68365000,68365000,14602,24336,68420000,25503
8,1244,68420000,68420000,14602,24336,68475000,25524
8,1245,68475000,68475000,14602,24336,68530000,25546
8,1246,68530000,68530000,14602,24336,68585000,25565
8,1247,68585000,68585000,14602,24336,68640000,25587
8,1248,68640000,68640000,14602,24336,68695000,25604
8,1249,68695000,68695000,14602,24336,68750000,25628
8,125,6875000,6875000,14602,24336,6930000,2581
8,1250,68750000,68750000,14602,24336,68805000,25648
8,1251,68805000,68805000,14602,24336,68860000,25668
8,1252,68860000,68860000,14602,24336,68915000,25689
8,1253,68915000,68915000,14602,24336,68970000,25710
8,1254,68970000,68970000,14602,24336,69025000,25729
8,1255,69025000,69025000,14602,24336,69080000,25750
8,1256,69080000,69080000,14602,24336,69135000,25771
8,1257,69135000,69135000,14602,24336,69190000,25789
8,1258,69190000,69190000,14602,24336,69245000,25811
8,1259,69245000,69245000,14602,24336,69300000,25835
8,126,6930000,6930000,14602,24336,6985000,2598
8,1260,69300000,69300000,14602,24336,69355000,25851
8,1261,69355000,69355000,14602,24336,69410000,25874
8,1262,69410000,69410000,14602,24336,69465000,25893
8,1263,69465000,69465000,14602,24336,69520000,25914
8,1264,69520000,69520000,14602,24336,69575000,25934
8,1265,69575000,69575000,14602,24336,69630000,25956
8,1266,69630000,69630000,14602,24336,69685000,25976
8,1267,69685000,69685000,14602,24336,69740000,25995
8,1268,69740000,69740000,14602,24336,69795000,26016
8,1269,69795000,69795000,14602,24336,69850000,26038
8,127,6985000,6985000,14602,24336,7040000,2620
8,1270,69850000,69850000,14602,24336,69905000,26058
8,1271,69905000,69905000,14602,24336,69960000,26079
8,1272,69960000,69960000,14602,24336,70015000,26098
8,1273,70015000,70015000,14602,24336,70070000,26119
8,1274,70070000,70070000,14602,24336,70125000,26140
8,1275,70125000,70125000,14602,24336,70180000,26161
8,1276,70180000,70180000,14602,24336,70235000,26179
8,1277,70235000,70235000,14602,24336,70290000,26202
8,1278,70290000,70290000,14602,24336,70345000,26219
8,1279,70345000,70345000,14602,24336,70400000,26243
8,128,7040000,7040000,14602,24336,7095000,2639
8,1280,70400000,70400000,14602,24336,70455000,26264
8,1281,70455000,70455000,14602,24336,70510000,26283
8,1282,70510000,70510000,14602,24336,70565000,26305
8,1283,70565000,70565000,14602,24336,70620000,26324
8,1284,70620000,70620000,14602,24336,70675000,26344
8,1285,70675000,70675000,14602,24336,70730000,26365
8,1286,70730000,70730000,14602,24336,70785000,26385
8,1287,70785000,70785000,14602,24336,70840000,26407
8,1288,70840000,70840000,14602,24336,70895000,26426
8,1289,70895000,70895000,14602,24336,70950000,26449
8,129,7095000,7095000,14602,24336,7150000,2662
8,1290,70950000,70950000,14602,24336,71005000,26467
8,1291,71005000,71005000,14602,24336,71060000,26489
8,1292,71060000,71060000,14602,24336,71115000,26507
8,1293,71115000,71115000,14602,24336,71170000,26529
8,1294,71170000,71170000,14602,24336,71225000,26551
8,1295,71225000,71225000,14602,24336,71280000,26571
8,1296,71280000,71280000,14602,24336,71335000,26590
8,1297,71335000,71335000,14602,24336,71390000,26610
8,1298,71390000,71390000,14602,24336,71445000,26632
8,1299,71445000,71445000,14602,24336,71500000,26652
8,13,715000,715000,14602,24336,770000,283
8,130,7150000,7150000,14602,24336,7205000,2682
8,1300,71500000,71500000,14602,24336,71555000,26673
8,1301,71555000,71555000,14602,24336,71610000,26696
8,1302,71610000,71610000,14602,24336,71665000,26712
8,1303,71665000,71665000,14602,24336,71720000,26735
8,1304,71720000,71720000,14602,24336,71775000,26755
8,1305,71775000,71775000,14602,24336,71830000,26775
8,1306,71830000,71830000,14602,24336,71885000,26795
8,1307,71885000,71885000,14602,24336,71940000,26817
8,1308,71940000,71940000,14602,24336,71995000,26835
8,1309,71995000,71995000,14602,24336,72050000,26858
8,131,7205000,7205000,14602,24336,7260000,2703
8,1310,72050000,72050000,14602,24336,72105000,26879
8,1311,72105000,72105000,14602,24336,72160000,26898
8,1312,72160000,72160000,14602,24336,72215000,26919
8,1313,72215000,72215000,14602,24336,72270000,26939
8,1314,72270000,72270000,14602,24336,72325000,26960
8,1315,72325000,72325000,14602,24336,72380000,26981
8,1316,72380000,72380000,14602,24336,72435000,27000
8,1317,72435000,72435000,14602,24336,72490000,27022
8,1318,72490000,72490000,14602,24336,72545000,27040
8,1319,72545000,72545000,14602,24336,72600000,27065
8,132,7260000,7260000,14602,24336,7315000,2722
8,1320,72600000,72600000,14602,24336,72655000,27082
8,1321,72655000,72655000,14602,24336,72710000,27103
8,1322,72710000,72710000,14602,24336,72765000,27125
8,1323,72765000,72765000,14602,24336,72820000,27144
8,1324,72820000,72820000,14602,24336,72875000,27165
8,1325,72875000,72875000,14602,24336,72930000,27186
8,1326,72930000,72930000,14602,24336,72985000,27205
8,1327,72985000,72985000,14602,24336,73040000,27225
8,1328,73040000,73040000,14602,24336,73095000,27246
8,1329,73095000,73095000,14602,24336,73150000,27269
8,133,7315000,7315000,14602,24336,7370000,2743
8,1330,73150000,73150000,14602,24336,73205000,27289
8,1331,73205000,73205000,14602,24336,73260000,27310
8,1332,73260000,73260000,14602,24336,73315000,27327
8,1333,73315000,73315000,14602,24336,73370000,27350
8,1334,73370000,73370000,14602,24336,73425000,27369
8,1335,73425000,73425000,14602,24336,73480000,27391
8,1336,73480000,73480000,14602,24336,73535000,27412
8,1337,73535000,73535000,14602,24336,73590000,27431
8,1338,73590000,73590000,14602,24336,73645000,27451
8,1339,73645000,73645000,14602,24336,73700000,27473
8,134,7370000,7370000,14602,24336,7425000,2764
8,1340,73700000,73700000,14602,24336,73755000,27493
8,1341,73755000,73755000,14602,24336,73810000,27513
8,1342,73810000,73810000,14602,24336,73865000,27534
8,1343,73865000,73865000,14602,24336,73920000,27556
8,1344,73920000,73920000,14602,24336,73975000,27574
8,1345,73975000,73975000,14602,24336,74030000,27596
8,1346,74030000,74030000,14602,24336,74085000,27616
8,1347,74085000,74085000,14602,24336,74140000,27636
8,1348,74140000,74140000,14602,24336,74195000,27655
8,1349,74195000,74195000,14602,24336,74250000,27680
8,135,7425000,7425000,14602,24336,7480000,2784
8,1350,74250000,74250000,14602,24336,74305000,27698
8,1351,74305000,74305000,14602,24336,74360000,27719
8,1352,74360000,74360000,14602,24336,74415000,27740
8,1353,74415000,74415000,14602,24336,74470000,27758
8,1354,74470000,74470000,14602,24336,74525000,27781
8,1355,74525000,74525000,14602,24336,74580000,27801
8,1356,74580000,74580000,14602,24336,74635000,27819
8,1357,74635000,74635000,14602,24336,74690000,27842
8,1358,74690000,74690000,14602,24336,74745000,27861
8,1359,74745000,74745000,14602,24336,74800000,27884
8,136,7480000,7480000,14602,24336,7535000,2805
8,1360,74800000,74800000,14602,24336,74855000,27903
8,1361,74855000,74855000,14602,24336,74910000,27925
8,1362,74910000,74910000,14602,24336,74965000,27943
8,1363,74965000,74965000,14602,24336,75020000,27964
8,1364,75020000,75020000,14602,24336,75075000,27986
8,1365,75075000,75075000,14602,24336,75130000,28006
8,1366,75130000,75130000,14602,24336,75185000,28026
8,1367,75185000,75185000,14602,24336,75240000,28047
8,1368,75240000,75240000,14602,24336,75295000,28066
8,1369,75295000,75295000,14602,24336,75350000,28087
8,137,7535000,7535000,14602,24336,7590000,2824
8,1370,75350000,75350000,14602,24336,75405000,28109
8,1371,75405000,75405000,14602,24336,75460000,28130
8,1372,75460000,75460000,14602,24336,75515000,28148
8,1373,75515000,75515000,14602,24336,75570000,28171
8,1374,75570000,75570000,14602,24336,75625000,28189
8,1375,75625000,75625000,14602,24336,75680000,28211
8,1376,75680000,75680000,14602,24336,75735000,28230
8,1377,75735000,75735000,14602,24336,75790000,28251
8,1378,75790000,75790000,14602,24336,75845000,28273
8,1379,75845000,75845000,14602,24336,75900000,28294
8,138,7590000,7590000,14602,24336,7645000,2844
8,1380,75900000,75900000,14602,24336,75955000,28313
8,1381,75955000,75955000,14602,24336,76010000,28334
8,1382,76010000,76010000,14602,24336,76065000,28354
8,1383,76065000,76065000,14602,24336,76120000,28374
8,1384,76120000,76120000,14602,24336,76175000,28396
8,1385,76175000,76175000,14602,24336,76230000,28417
8,1386,76230000,76230000,14602,24336,76285000,28435
8,1387,76285000,76285000,14602,24336,76340000,28457
8,1388,76340000,76340000,14602,24336,76395000,28475
8,1389,76395000,76395000,14602,24336,76450000,28499
8,139,7645000,7645000,14602,24336,7700000,2868
8,1390,76450000,76450000,14602,24336,76505000,28518
8,1391,76505000,76505000,14602,24336,76560000,28540
8,1392,76560000,76560000,14602,24336,76615000,28559
8,1393,76615000,76615000,14602,24336,76670000,28579
8,1394,76670000,76670000,14602,24336,76725000,28602
8,1395,76725000,76725000,14602,24336,76780000,28620
8,1396,76780000,76780000,14602,24336,76835000,28641
8,1397,76835000,76835000,14602,24336,76890000,28662
8,1398,76890000,76890000,14602,24336,76945000,28680
8,1399,76945000,76945000,14602,24336,77000000,28705
8,14,770000,770000,14602,24336,825000,303
8,140,7700000,7700000,14602,24336,7755000,2886
8,1400,77000000,77000000,14602,24336,77055000,28724
8,1401,77055000,77055000,14602,24336,77110000,28744
8,1402,77110000,77110000,14602,24336,77165000,28764
8,1403,77165000,77165000,14602,24336,77220000,28786
8,1404,77220000,77220000,14602,24336,77275000,28803
8,1405,77275000,77275000,14602,24336,77330000,28826
8,1406,77330000,77330000,14602,24336,77385000,28847
8,1407,77385000,77385000,14602,24336,77440000,28866
8,1408,77440000,77440000,14602,24336,77495000,28887
8,1409,77495000,77495000,14602,24336,77550000,28909
8,141,7755000,7755000,14602,24336,7810000,2908
8,1410,77550000,77550000,14602,24336,77605000,28929
8,1411,77605000,77605000,14602,24336,77660000,28948
8,1412,77660000,77660000,14602,24336,77715000,28969
8,1413,77715000,77715000,14602,24336,77770000,28991
8,1414,77770000,77770000,14602,24336,77825000,29010
8,1415,77825000,77825000,14602,24336,77880000,29033
8,1416,77880000,77880000,14602,24336,77935000,29050
8,1417,77935000,77935000,14602,24336,77990000,29071
8,1418,77990000,77990000,14602,24336,78045000,29091
8,1419,78045000,78045000,14602,24336,78100000,29114
8,142,7810000,7810000,14602,24336,7865000,2927
8,1420,78100000,78100000,14602,24336,78155000,29134
8,1421,78155000,78155000,14602,24336,78210000,29155
8,1422,78210000,78210000,14602,24336,78265000,29174
8,1423,78265000,78265000,14602,24336,78320000,29194
8,1424,78320000,78320000,14602,24336,78375000,29216
8,1425,78375000,78375000,14602,24336,78430000,29235
8,1426,78430000,78430000,14602,24336,78485000,29257
8,1427,78485000,78485000,14602,24336,78540000,29278
8,1428,78540000,78540000,14602,24336,78595000,29295
8,1429,78595000,78595000,14602,24336,78650000,29320
8,143,7865000,7865000,14602,24336,7920000,2949
8,1430,78650000,78650000,14602,24336,78705000,29338
8,1431,78705000,78705000,14602,24336,78760000,29360
8,1432,78760000,78760000,14602,24336,78815000,29379
8,1433,78815000,78815000,14602,24336,78870000,29400
8,1434,78870000,78870000,14602,24336,78925000,29421
8,1435,78925000,78925000,14602,24336,78980000,29441
8,1436,78980000,78980000,14602,24336,79035000,29461
8,1437,79035000,79035000,14602,24336,79090000,29481
8,1438,79090000,79090000,14602,24336,79145000,29502
8,1439,79145000,79145000,14602,24336,79200000,29524
8,144,7920000,7920000,14602,24336,7975000,2967
8,1440,79200000,79200000,14602,24336,79255000,29543
8,1441,79255000,79255000,14602,24336,79310000,29565
8,1442,79310000,79310000,14602,24336,79365000,29585
8,1443,79365000,79365000,14602,24336,79420000,29605
8,1444,79420000,79420000,14602,24336,79475000,29625
8,1445,79475000,79475000,14602,24336,79530000,29648
8,1446,79530000,79530000,14602,24336,79585000,29664
8,1447,79585000,79585000,14602,24336,79640000,29687
8,1448,79640000,79640000,14602,24336,79695000,29708
8,1449,79695000,79695000,14602,24336,79750000,29728
8,145,7975000,7975000,14602,24336,8030000,2989
8,1450,79750000,79750000,14602,24336,79805000,29750
8,1451,79805000,79805000,14602,24336,79860000,29770
8,1452,79860000,79860000,14602,24336,79915000,29788
8,1453,79915000,79915000,14602,24336,79970000,29809
8,1454,79970000,79970000,14602,24336,80025000,29831
8,1455,80025000,80025000,14602,24336,80080000,29852
8,1456,80080000,80080000,14602,24336,80135000,29871
8,1457,80135000,80135000,14602,24336,80190000,29893
8,1458,80190000,80190000,14602,24336,80245000,29911
8,1459,80245000,80245000,14602,24336,80300000,29934
8,146,8030000,8030000,14602,24336,8085000,3011
8,1460,80300000,80300000,14602,24336,80355000,29953
8,1461,80355000,80355000,14602,24336,80410000,29975
8,1462,80410000,80410000,14602,24336,80465000,29995
8,1463,80465000,80465000,14602,24336,80520000,30016
8,1464,80520000,80520000,14602,24336,80575000,30036
8,1465,80575000,80575000,14602,24336,80630000,30055
8,1466,80630000,80630000,14602,24336,80685000,30077
8,1467,80685000,80685000,14602,24336,80740000,30096
8,1468,80740000,80740000,14602,24336,80795000,30116
8,1469,80795000,80795000,14602,24336,80850000,30141
8,147,8085000,8085000,14602,24336,8140000,3029
8,1470,80850000,80850000,14602,24336,80905000,30158
8,1471,80905000,80905000,14602,24336,80960000,30180
8,1472,80960000,80960000,14602,24336,81015000,30199
8,1473,81015000,81015000,14602,24336,81070000,30220
8,1474,81070000,81070000,14602,24336,81125000,30241
8,1475,81125000,81125000,14602,24336,81180000,30262
8,1476,81180000,81180000,14602,24336,81235000,30281
8,1477,81235000,81235000,14602,24336,81290000,30302
8,1478,81290000,81290000,14602,24336,81345000,30322
8,1479,81345000,81345000,14602,24336,81400000,30344
8,148,8140000,8140000,14602,24336,8195000,3050
8,1480,81400000,81400000,14602,24336,81455000,30365
8,1481,81455000,81455000,14602,24336,81510000,30384
8,1482,81510000,81510000,14602,24336,81565000,30404
8,1483,81565000,81565000,14602,24336,81620000,30426
8,1484,81620000,81620000,14602,24336,81675000,30445
8,1485,81675000,81675000,14602,24336,81730000,30467
8,1486,81730000,81730000,14602,24336,81785000,30486
8,1487,81785000,81785000,14602,24336,81840000,30508
8,1488,81840000,81840000,14602,24336,81895000,30525
8,1489,81895000,81895000,14602,24336,81950000,30549
8,149,8195000,8195000,14602,24336,8250000,3073
8,1490,81950000,81950000,14602,24336,82005000,30571
8,1491,82005000,82005000,14602,24336,82060000,30589
8,1492,82060000,82060000,14602,24336,82115000,30610
8,1493,82115000,82115000,14602,24336,82170000,30631
8,1494,82170000,82170000,14602,24336,82225000,30650
8,1495,82225000,82225000,14602,24336,82280000,30671
8,1496,82280000,82280000,14602,24336,82335000,30692
8,1497,82335000,82335000,14602,24336,82390000,30712
8,1498,82390000,82390000,14602,24336,82445000,30732
8,1499,82445000,82445000,14602,24336,82500000,30756
8,15,825000,825000,14602,24336,880000,324
8,150,8250000,8250000,14602,24336,8305000,3091
8,1500,82500000,82500000,14602,24336,82555000,30772
8,1501,82555000,82555000,14602,24336,82610000,30795
8,1502,82610000,82610000,14602,24336,82665000,30814
8,1503,82665000,82665000,14602,24336,82720000,30835
8,1504,82720000,82720000,14602,24336,82775000,30857
8,1505,82775000,82775000,14602,24336,82830000,30877
8,1506,82830000,82830000,14602,24336,82885000,30897
8,1507,82885000,82885000,14602,24336,82940000,30916
8,1508,82940000,82940000,14602,24336,82995000,30937
8,1509,82995000,82995000,14602,24336,83050000,30959
8,151,8305000,8305000,14602,24336,8360000,3112
8,1510,83050000,83050000,14602,24336,83105000,30979
8,1511,83105000,83105000,14602,24336,83160000,31002
8,1512,83160000,83160000,14602,24336,83215000,31019
8,1513,83215000,83215000,14602,24336,83270000,31040
8,1514,83270000,83270000,14602,24336,83325000,31061
8,1515,83325000,83325000,14602,24336,83380000,31082
8,1516,83380000,83380000,14602,24336,83435000,31100
8,1517,83435000,83435000,14602,24336,83490000,31123
8,1518,83490000,83490000,14602,24336,83545000,31142
8,1519,83545000,83545000,14602,24336,83600000,31164
8,152,8360000,8360000,14602,24336,8415000,3133
8,1520,83600000,83600000,14602,24336,83655000,31185
8,1521,83655000,83655000,14602,24336,83710000,31204
8,1522,83710000,83710000,14602,24336,83765000,31226
8,1523,83765000,83765000,14602,24336,83820000,31245
8,1524,83820000,83820000,14602,24336,83875000,31265
8,1525,83875000,83875000,14602,24336,83930000,31288
8,1526,83930000,83930000,14602,24336,83985000,31306
8,1527,83985000,83985000,14602,24336,84040000,31328
8,1528,84040000,84040000,14602,24336,84095000,31347
8,1529,84095000,84095000,14602,24336,84150000,31370
8,153,8415000,8415000,14602,24336,8470000,3153
8,1530,84150000,84150000,14602,24336,84205000,31388
8,1531,84205000,84205000,14602,24336,84260000,31410
8,1532,84260000,84260000,14602,24336,84315000,31430
8,1533,84315000,84315000,14602,24336,84370000,31450
8,1534,84370000,84370000,14602,24336,84425000,31472
8,1535,84425000,84425000,14602,24336,84480000,31492
8,1536,84480000,84480000,14602,24336,84535000,31511
8,1537,84535000,84535000,14602,24336,84590000,31531
8,1538,84590000,84590000,14602,24336,84645000,31553
8,1539,84645000,84645000,14602,24336,84700000,31575
8,154,8470000,8470000,14602,24336,8525000,3174
8,1540,84700000,84700000,14602,24336,84755000,31594
8,1541,84755000,84755000,14602,24336,84810000,31617
8,1542,84810000,84810000,14602,24336,84865000,31633
8,1543,84865000,84865000,14602,24336,84920000,31656
8,1544,84920000,84920000,14602,24336,84975000,31676
8,1545,84975000,84975000,14602,24336,85030000,31696
8,1546,85030000,85030000,14602,24336,85085000,31718
8,1547,85085000,85085000,14602,24336,85140000,31738
8,1548,85140000,85140000,14602,24336,85195000,31756
8,1549,85195000,85195000,14602,24336,85250000,31779
8,155,8525000,8525000,14602,24336,8580000,3196
8,1550,85250000,85250000,14602,24336,85305000,31800
8,1551,85305000,85305000,14602,24336,85360000,31819
8,1552,85360000,85360000,14602,24336,85415000,31840
8,1553,85415000,85415000,14602,24336,85470000,31862
8,1554,85470000,85470000,14602,24336,85525000,31881
8,1555,85525000,85525000,14602,24336,85580000,31902
8,1556,85580000,85580000,14602,24336,85635000,31921
8,1557,85635000,85635000,14602,24336,85690000,31943
8,1558,85690000,85690000,14602,24336,85745000,31961
8,1559,85745000,85745000,14602,24336,85800000,31986
8,156,8580000,8580000,14602,24336,8635000,3212
8,1560,85800000,85800000,14602,24336,85855000,32005
8,1561,85855000,85855000,14602,24336,85910000,32024
8,1562,85910000,85910000,14602,24336,85965000,32046
8,1563,85965000,85965000,14602,24336,86020000,32065
8,1564,86020000,86020000,14602,24336,86075000,32086
8,1565,86075000,86075000,14602,24336,86130000,32107
8,1566,86130000,86130000,14602,24336,86185000,32126
8,1567,86185000,86185000,14602,24336,86240000,32148
8,1568,86240000,86240000,14602,24336,86295000,32167
8,1569,86295000,86295000,14602,24336,86350000,32190
8,157,8635000,8635000,14602,24336,8690000,3235
8,1570,86350000,86350000,14602,24336,86405000,32210
8,1571,86405000,86405000,14602,24336,86460000,32231
8,1572,86460000,86460000,14602,24336,86515000,32248
8,1573,86515000,86515000,14602,24336,86570000,32271
8,1574,86570000,86570000,14602,24336,86625000,32292
8,1575,86625000,86625000,14602,24336,86680000,32312
8,1576,86680000,86680000,14602,24336,86735000,32333
8,1577,86735000,86735000,14602,24336,86790000,32352
8,1578,86790000,86790000,14602,24336,86845000,32372
8,1579,86845000,86845000,14602,24336,86900000,32394
8,158,8690000,8690000,14602,24336,8745000,3254
8,1580,86900000,86900000,14602,24336,86955000,32414
8,1581,86955000,86955000,14602,24336,87010000,32436
8,1582,87010000,87010000,14602,24336,87065000,32455
8,1583,87065000,87065000,14602,24336,87120000,32477
8,1584,87120000,87120000,14602,24336,87175000,32495
8,1585,87175000,87175000,14602,24336,87230000,32517
8,1586,87230000,87230000,14602,24336,87285000,32537
8,1587,87285000,87285000,14602,24336,87340000,32557
8,1588,87340000,87340000,14602,24336,87395000,32578
8,1589,87395000,87395000,14602,24336,87450000,32601
8,159,8745000,8745000,14602,24336,8800000,3277
8,1590,87450000,87450000,14602,24336,87505000,32619
8,1591,87505000,87505000,14602,24336,87560000,32640
8,1592,87560000,87560000,14602,24336,87615000,32661
8,1593,87615000,87615000,14602,24336,87670000,32679
8,1594,87670000,87670000,14602,24336,87725000,32702
8,1595,87725000,87725000,14602,24336,87780000,32724
8,1596,87780000,87780000,14602,24336,87835000,32740
8,1597,87835000,87835000,14602,24336,87890000,32763
8,1598,87890000,87890000,14602,24336,87945000,32782
8,1599,87945000,87945000,14602,24336,88000000,32805
8,16,880000,880000,14602,24336,935000,343
8,160,8800000,8800000,14602,24336,8855000,3298
8,1600,88000000,88000000,14602,24336,88055000,32824
8,1601,88055000,88055000,14602,24336,88110000,32846
8,1602,88110000,88110000,14602,24336,88165000,32866
8,1603,88165000,88165000,14602,24336,88220000,32885
8,1604,88220000,88220000,14602,24336,88275000,32907
8,1605,88275000,88275000,14602,24336,88330000,32927
8,1606,88330000,88330000,14602,24336,88385000,32947
8,1607,88385000,88385000,14602,24336,88440000,32968
8,1608,88440000,88440000,14602,24336,88495000,32987
8,1609,88495000,88495000,14602,24336,88550000,33010
8,161,8855000,8855000,14602,24336,8910000,3318
8,1610,88550000,88550000,14602,24336,88605000,33030
8,1611,88605000,88605000,14602,24336,88660000,33051
8,1612,88660000,88660000,14602,24336,88715000,33069
8,1613,88715000,88715000,14602,24336,88770000,33092
8,1614,88770000,88770000,14602,24336,88825000,33110
8,1615,88825000,88825000,14602,24336,88880000,33132
8,1616,88880000,88880000,14602,24336,88935000,33153
8,1617,88935000,88935000,14602,24336,88990000,33172
8,1618,88990000,88990000,14602,24336,89045000,33194
8,1619,89045000,89045000,14602,24336,89100000,33215
8,162,8910000,8910000,14602,24336,8965000,3338
8,1620,89100000,89100000,14602,24336,89155000,33234
8,1621,89155000,89155000,14602,24336,89210000,33255
8,1622,89210000,89210000,14602,24336,89265000,33275
8,1623,89265000,89265000,14602,24336,89320000,33297
8,1624,89320000,89320000,14602,24336,89375000,33317
8,1625,89375000,89375000,14602,24336,89430000,33338
8,1626,89430000,89430000,14602,24336,89485000,33356
8,1627,89485000,89485000,14602,24336,89540000,33378
8,1628,89540000,89540000,14602,24336,89595000,33396
8,1629,89595000,89595000,14602,24336,89650000,33420
8,163,8965000,8965000,14602,24336,9020000,3357
8,1630,89650000,89650000,14602,24336,89705000,33441
8,1631,89705000,89705000,14602,24336,89760000,33461
8,1632,89760000,89760000,14602,24336,89815000,33480
8,1633,89815000,89815000,14602,24336,89870000,33500
8,1634,89870000,89870000,14602,24336,89925000,33523
8,1635,89925000,89925000,14602,24336,89980000,33541
8,1636,89980000,89980000,14602,24336,90035000,33562
8,1637,90035000,90035000,14602,24336,90090000,33585
8,1638,90090000,90090000,14602,24336,90145000,33601
8,1639,90145000,90145000,14602,24336,90200000,33626
8,164,9020000,9020000,14602,24336,9075000,3379
8,1640,90200000,90200000,14602,24336,90255000,33645
8,1641,90255000,90255000,14602,24336,90310000,33665
8,1642,90310000,90310000,14602,24336,90365000,33685
8,1643,90365000,90365000,14602,24336,90420000,33707
8,1644,90420000,90420000,14602,24336,90475000,33726
8,1645,90475000,90475000,14602,24336,90530000,33747
8,1646,90530000,90530000,14602,24336,90585000,33768
8,1647,90585000,90585000,14602,24336,90640000,33787
8,1648,90640000,90640000,14602,24336,90695000,33808
8,1649,90695000,90695000,14602,24336,90750000,33830
8,165,9075000,9075000,14602,24336,9130000,3399
8,1650,90750000,90750000,14602,24336,90805000,33850
8,1651,90805000,90805000,14602,24336,90860000,33871
8,1652,90860000,90860000,14602,24336,90915000,33890
8,1653,90915000,90915000,14602,24336,90970000,33912
8,1654,90970000,90970000,14602,24336,91025000,33931
8,1655,91025000,91025000,14602,24336,91080000,33954
8,1656,91080000,91080000,14602,24336,91135000,33971
8,1657,91135000,91135000,14602,24336,91190000,33992
8,1658,91190000,91190000,14602,24336,91245000,34014
8,1659,91245000,91245000,14602,24336,91300000,34035
8,166,9130000,9130000,14602,24336,9185000,3419
8,1660,91300000,91300000,14602,24336,91355000,34055
8,1661,91355000,91355000,14602,24336,91410000,34076
8,1662,91410000,91410000,14602,24336,91465000,34095
8,1663,91465000,91465000,14602,24336,91520000,34115
8,1664,91520000,91520000,14602,24336,91575000,34137
8,1665,91575000,91575000,14602,24336,91630000,34158
8,1666,91630000,91630000,14602,24336,91685000,34178
8,1667,91685000,91685000,14602,24336,91740000,34199
8,1668,91740000,91740000,14602,24336,91795000,34216
8,1669,91795000,91795000,14602,24336,91850000,34241
8,167,9185000,9185000,14602,24336,9240000,3442
8,1670,91850000,91850000,14602,24336,91905000,34259
8,1671,91905000,91905000,14602,24336,91960000,34281
8,1672,91960000,91960000,14602,24336,92015000,34302
8,1673,92015000,92015000,14602,24336,92070000,34321
8,1674,92070000,92070000,14602,24336,92125000,34342
8,1675,92125000,92125000,14602,24336,92180000,34362
8,1676,92180000,92180000,14602,24336,92235000,34382
8,1677,92235000,92235000,14602,24336,92290000,34402
8,1678,92290000,92290000,14602,24336,92345000,34423
8,1679,92345000,92345000,14602,24336,92400000,34447
8,168,9240000,9240000,14602,24336,9295000,3459
8,169,9295000,9295000,14602,24336,9350000,3482
8,17,935000,935000,14602,24336,990000,365
8,170,9350000,9350000,14602,24336,9405000,3502
8,171,9405000,9405000,14602,24336,9460000,3523
8,172,9460000,9460000,14602,24336,9515000,3541
8,173,9515000,9515000,14602,24336,9570000,3564
8,174,9570000,9570000,14602,24336,9625000,3584
8,175,9625000,9625000,14602,24336,9680000,3604
8,176,9680000,9680000,14602,24336,9735000,3625
8,177,9735000,9735000,14602,24336,9790000,3644
8,178,9790000,9790000,14602,24336,9845000,3666
8,179,9845000,9845000,14602,24336,9900000,3687
8,18,990000,990000,14602,24336,1045000,383
8,180,9900000,9900000,14602,24336,9955000,3706
8,181,9955000,9955000,14602,24336,10010000,3729
8,182,10010000,10010000,14602,24336,10065000,3747
8,183,10065000,10065000,14602,24336,10120000,3769
8,184,10120000,10120000,14602,24336,10175000,3789
8,185,10175000,10175000,14602,24336,10230000,3810
8,186,10230000,10230000,14602,24336,10285000,3828
8,187,10285000,10285000,14602,24336,10340000,3850
8,188,10340000,10340000,14602,24336,10395000,3870
8,189,10395000,10395000,14602,24336,10450000,3892
8,19,1045000,1045000,14602,24336,1100000,406
8,190,10450000,10450000,14602,24336,10505000,3913
8,191,10505000,10505000,14602,24336,10560000,3933
8,192,10560000,10560000,14602,24336,10615000,3952
8,193,10615000,10615000,14602,24336,10670000,3972
8,194,10670000,10670000,14602,24336,10725000,3995
8,195,10725000,10725000,14602,24336,10780000,4015
8,196,10780000,10780000,14602,24336,10835000,4034
8,197,10835000,10835000,14602,24336,10890000,4057
8,198,10890000,10890000,14602,24336,10945000,4073
8,199,10945000,10945000,14602,24336,11000000,4098
8,2,110000,110000,14602,24336,165000,57
8,20,1100000,1100000,14602,24336,1155000,427
8,200,11000000,11000000,14602,24336,11055000,4117
8,201,11055000,11055000,14602,24336,11110000,4137
8,202,11110000,11110000,14602,24336,11165000,4159
8,203,11165000,11165000,14602,24336,11220000,4179
8,204,11220000,11220000,14602,24336,11275000,4198
8,205,11275000,11275000,14602,24336,11330000,4219
8,206,11330000,11330000,14602,24336,11385000,4240
8,207,11385000,11385000,14602,24336,11440000,4259
8,208,11440000,11440000,14602,24336,11495000,4280
8,209,11495000,11495000,14602,24336,11550000,4304
8,21,1155000,1155000,14602,24336,1210000,447
8,210,11550000,11550000,14602,24336,11605000,4322
8,211,11605000,11605000,14602,24336,11660000,4343
8,212,11660000,11660000,14602,24336,11715000,4362
8,213,11715000,11715000,14602,24336,11770000,4384
8,214,11770000,11770000,14602,24336,11825000,4403
8,215,11825000,11825000,14602,24336,11880000,4426
8,216,11880000,11880000,14602,24336,11935000,4445
8,217,11935000,11935000,14602,24336,11990000,4464
8,218,11990000,11990000,14602,24336,12045000,4486
8,219,12045000,12045000,14602,24336,12100000,4507
8,22,1210000,1210000,14602,24336,1265000,467
8,220,12100000,12100000,14602,24336,12155000,4527
8,221,12155000,12155000,14602,24336,12210000,4548
8,222,12210000,12210000,14602,24336,12265000,4567
8,223,12265000,12265000,14602,24336,12320000,4589
8,224,12320000,12320000,14602,24336,12375000,4609
8,225,12375000,12375000,14602,24336,12430000,4630
8,226,12430000,12430000,14602,24336,12485000,4650
8,227,12485000,12485000,14602,24336,12540000,4671
8,228,12540000,12540000,14602,24336,12595000,4688
8,229,12595000,12595000,14602,24336,12650000,4713
8,23,1265000,1265000,14602,24336,1320000,488
8,230,12650000,12650000,14602,24336,12705000,4733
8,231,12705000,12705000,14602,24336,12760000,4753
8,232,12760000,12760000,14602,24336,12815000,4774
8,233,12815000,12815000,14602,24336,12870000,4793
8,234,12870000,12870000,14602,24336,12925000,4814
8,235,12925000,12925000,14602,24336,12980000,4834
8,236,12980000,12980000,14602,24336,13035000,4854
8,237,13035000,13035000,14602,24336,13090000,4876
8,238,13090000,13090000,14602,24336,13145000,4895
8,239,13145000,13145000,14602,24336,13200000,4919
8,24,1320000,1320000,14602,24336,1375000,508
8,240,13200000,13200000,14602,24336,13255000,4936
8,241,13255000,13255000,14602,24336,13310000,4958
8,242,13310000,13310000,14602,24336,13365000,4978
8,243,13365000,13365000,14602,24336,13420000,4998
8,244,13420000,13420000,14602,24336,13475000,5020
8,245,13475000,13475000,14602,24336,13530000,5041
8,246,13530000,13530000,14602,24336,13585000,5059
8,247,13585000,13585000,14602,24336,13640000,5080
8,248,13640000,13640000,14602,24336,13695000,5101
8,249,13695000,13695000,14602,24336,13750000,5121
8,25,1375000,1375000,14602,24336,1430000,527
8,250,13750000,13750000,14602,24336,13805000,5143
8,251,13805000,13805000,14602,24336,13860000,5165
8,252,13860000,13860000,14602,24336,13915000,5181
8,253,13915000,13915000,14602,24336,13970000,5204
8,254,13970000,13970000,14602,24336,14025000,5224
8,255,14025000,14025000,14602,24336,14080000,5245
8,256,14080000,14080000,14602,24336,14135000,5264
8,257,14135000,14135000,14602,24336,14190000,5286
8,258,14190000,14190000,14602,24336,14245000,5306
8,259,14245000,14245000,14602,24336,14300000,5327
8,26,1430000,1430000,14602,24336,1485000,549
8,260,14300000,14300000,14602,24336,14355000,5348
8,261,14355000,14355000,14602,24336,14410000,5368
8,262,14410000,14410000,14602,24336,14465000,5388
8,263,14465000,14465000,14602,24336,14520000,5409
8,264,14520000,14520000,14602,24336,14575000,5429
8,265,14575000,14575000,14602,24336,14630000,5450
8,266,14630000,14630000,14602,24336,14685000,5470
8,267,14685000,14685000,14602,24336,14740000,5491
8,268,14740000,14740000,14602,24336,14795000,5509
8,269,14795000,14795000,14602,24336,14850000,5534
8,27,1485000,1485000,14602,24336,1540000,570
8,270,14850000,14850000,14602,24336,14905000,5551
8,271,14905000,14905000,14602,24336,14960000,5573
8,272,14960000,14960000,14602,24336,15015000,5594
8,273,15015000,15015000,14602,24336,15070000,5613
8,274,15070000,15070000,14602,24336,15125000,5636
8,275,15125000,15125000,14602,24336,15180000,5655
8,276,15180000,15180000,14602,24336,15235000,5674
8,277,15235000,15235000,14602,24336,15290000,5695
8,278,15290000,15290000,14602,24336,15345000,5715
8,279,15345000,15345000,14602,24336,15400000,5739
8,28,1540000,1540000,14602,24336,1595000,588
8,280,15400000,15400000,14602,24336,15455000,5758
8,281,15455000,15455000,14602,24336,15510000,5779
8,282,15510000,15510000,14602,24336,15565000,5797
8,283,15565000,15565000,14602,24336,15620000,5819
8,284,15620000,15620000,14602,24336,15675000,5838
8,285,15675000,15675000,14602,24336,15730000,5860
8,286,15730000,15730000,14602,24336,15785000,5881
8,287,15785000,15785000,14602,24336,15840000,5901
8,288,15840000,15840000,14602,24336,15895000,5920
8,289,15895000,15895000,14602,24336,15950000,5942
8,29,1595000,1595000,14602,24336,1650000,613
8,290,15950000,15950000,14602,24336,16005000,5964
8,291,16005000,16005000,14602,24336,16060000,5982
8,292,16060000,16060000,14602,24336,16115000,6003
8,293,16115000,16115000,14602,24336,16170000,6026
8,294,16170000,16170000,14602,24336,16225000,6043
8,295,16225000,16225000,14602,24336,16280000,6066
8,296,16280000,16280000,14602,24336,16335000,6085
8,297,16335000,16335000,14602,24336,16390000,6105
8,298,16390000,16390000,14602,24336,16445000,6125
8,299,16445000,16445000,14602,24336,16500000,6149
8,3,165000,165000,14602,24336,220000,77
8,30,1650000,1650000,14602,24336,1705000,630
8,300,16500000,16500000,14602,24336,16555000,6167
8,301,16555000,16555000,14602,24336,16610000,6188
8,302,16610000,16610000,14602,24336,16665000,6209
8,303,16665000,16665000,14602,24336,16720000,6228
8,304,16720000,16720000,14602,24336,16775000,6250
8,305,16775000,16775000,14602,24336,16830000,6270
8,306,16830000,16830000,14602,24336,16885000,6290
8,307,16885000,16885000,14602,24336,16940000,6311
8,308,16940000,16940000,14602,24336,16995000,6330
8,309,16995000,16995000,14602,24336,17050000,6354
8,31,1705000,1705000,14602,24336,1760000,652
8,310,17050000,17050000,14602,24336,17105000,6372
8,311,17105000,17105000,14602,24336,17160000,6395
8,312,17160000,17160000,14602,24336,17215000,6412
8,313,17215000,17215000,14602,24336,17270000,6433
8,314,17270000,17270000,14602,24336,17325000,6456
8,315,17325000,17325000,14602,24336,17380000,6475
8,316,17380000,17380000,14602,24336,17435000,6495
8,317,17435000,17435000,14602,24336,17490000,6516
8,318,17490000,17490000,14602,24336,17545000,6535
8,319,17545000,17545000,14602,24336,17600000,6557
8,32,1760000,1760000,14602,24336,1815000,671
8,320,17600000,17600000,14602,24336,17655000,6578
8,321,17655000,17655000,14602,24336,17710000,6599
8,322,17710000,17710000,14602,24336,17765000,6619
8,323,17765000,17765000,14602,24336,17820000,6640
8,324,17820000,17820000,14602,24336,17875000,6658
8,325,17875000,17875000,14602,24336,17930000,6681
8,326,17930000,17930000,14602,24336,17985000,6699
8,327,17985000,17985000,14602,24336,18040000,6721
8,328,18040000,18040000,14602,24336,18095000,6742
8,329,18095000,18095000,14602,24336,18150000,6763
8,33,1815000,1815000,14602,24336,1870000,692
8,330,18150000,18150000,14602,24336,18205000,6783
8,331,18205000,18205000,14602,24336,18260000,6803
8,332,18260000,18260000,14602,24336,18315000,6823
8,333,18315000,18315000,14602,24336,18370000,6843
8,334,18370000,18370000,14602,24336,18425000,6865
8,335,18425000,18425000,14602,24336,18480000,6887
8,336,18480000,18480000,14602,24336,18535000,6904
8,337,18535000,18535000,14602,24336,18590000,6926
8,338,18590000,18590000,14602,24336,18645000,6946
8,339,18645000,18645000,14602,24336,18700000,6968
8,34,1870000,1870000,14602,24336,1925000,715
8,340,18700000,18700000,14602,24336,18755000,6987
8,341,18755000,18755000,14602,24336,18810000,7010
8,342,18810000,18810000,14602,24336,18865000,7028
8,343,18865000,18865000,14602,24336,18920000,7049
8,344,18920000,18920000,14602,24336,18975000,7071
8,345,18975000,18975000,14602,24336,19030000,7089
8,346,19030000,19030000,14602,24336,19085000,7111
8,347,19085000,19085000,14602,24336,19140000,7131
8,348,19140000,19140000,14602,24336,19195000,7149
8,349,19195000,19195000,14602,24336,19250000,7174
8,35,1925000,1925000,14602,24336,1980000,734
8,350,19250000,19250000,14602,24336,19305000,7193
8,351,19305000,19305000,14602,24336,19360000,7214
8,352,19360000,19360000,14602,24336,19415000,7233
8,353,19415000,19415000,14602,24336,19470000,7255
8,354,19470000,19470000,14602,24336,19525000,7274
8,355,19525000,19525000,14602,24336,19580000,7295
8,356,19580000,19580000,14602,24336,19635000,7316
8,357,19635000,19635000,14602,24336,19690000,7336
8,358,19690000,19690000,14602,24336,19745000,7356
8,359,19745000,19745000,14602,24336,19800000,7379
8,36,1980000,1980000,14602,24336,2035000,753
8,360,19800000,19800000,14602,24336,19855000,7398
8,361,19855000,19855000,14602,24336,19910000,7417
8,362,19910000,19910000,14602,24336,19965000,7439
8,363,19965000,19965000,14602,24336,20020000,7460
8,364,20020000,20020000,14602,24336,20075000,7479
8,365,20075000,20075000,14602,24336,20130000,7502
8,366,20130000,20130000,14602,24336,20185000,7519
8,367,20185000,20185000,14602,24336,20240000,7541
8,368,20240000,20240000,14602,24336,20295000,7560
8,369,20295000,20295000,14602,24336,20350000,7583
8,37,2035000,2035000,14602,24336,2090000,774
8,370,20350000,20350000,14602,24336,20405000,7605
8,371,20405000,20405000,14602,24336,20460000,7624
8,372,20460000,20460000,14602,24336,20515000,7643
8,373,20515000,20515000,14602,24336,20570000,7664
8,374,20570000,20570000,14602,24336,20625000,7685
8,375,20625000,20625000,14602,24336,20680000,7705
8,376,20680000,20680000,14602,24336,20735000,7726
8,377,20735000,20735000,14602,24336,20790000,7747
8,378,20790000,20790000,14602,24336,20845000,7765
8,379,20845000,20845000,14602,24336,20900000,7789
8,38,2090000,2090000,14602,24336,2145000,794
8,380,20900000,20900000,14602,24336,20955000,7807
8,381,20955000,20955000,14602,24336,21010000,7829
8,382,21010000,21010000,14602,24336,21065000,7848
8,383,21065000,21065000,14602,24336,21120000,7870
8,384,21120000,21120000,14602,24336,21175000,7890
8,385,21175000,21175000,14602,24336,21230000,7910
8,386,21230000,21230000,14602,24336,21285000,7932
8,387,21285000,21285000,14602,24336,21340000,7950
8,388,21340000,21340000,14602,24336,21395000,7971
8,389,21395000,21395000,14602,24336,21450000,7994
8,39,2145000,2145000,14602,24336,2200000,816
8,390,21450000,21450000,14602,24336,21505000,8012
8,391,21505000,21505000,14602,24336,21560000,8035
8,392,21560000,21560000,14602,24336,21615000,8054
8,393,21615000,21615000,14602,24336,21670000,8074
8,394,21670000,21670000,14602,24336,21725000,8095
8,395,21725000,21725000,14602,24336,21780000,8117
8,396,21780000,21780000,14602,24336,21835000,8133
8,397,21835000,21835000,14602,24336,21890000,8156
8,398,21890000,21890000,14602,24336,21945000,8177
8,399,21945000,21945000,14602,24336,22000000,8198
8,4,220000,220000,14602,24336,275000,97
8,40,2200000,2200000,14602,24336,2255000,837
8,400,22000000,22000000,14602,24336,22055000,8219
8,401,22055000,22055000,14602,24336,22110000,8239
8,402,22110000,22110000,14602,24336,22165000,8259
8,403,22165000,22165000,14602,24336,22220000,8278
8,404,22220000,22220000,14602,24336,22275000,8300
8,405,22275000,22275000,14602,24336,22330000,8322
8,406,22330000,22330000,14602,24336,22385000,8340
8,407,22385000,22385000,14602,24336,22440000,8363
8,408,22440000,22440000,14602,24336,22495000,8380
8,409,22495000,22495000,14602,24336,22550000,8403
8,41,2255000,2255000,14602,24336,2310000,858
8,410,22550000,22550000,14602,24336,22605000,8423
8,411,22605000,22605000,14602,24336,22660000,8444
8,412,22660000,22660000,14602,24336,22715000,8464
8,413,22715000,22715000,14602,24336,22770000,8485
8,414,22770000,22770000,14602,24336,22825000,8505
8,415,22825000,22825000,14602,24336,22880000,8525
8,416,22880000,22880000,14602,24336,22935000,8546
8,417,22935000,22935000,14602,24336,22990000,8565
8,418,22990000,22990000,14602,24336,23045000,8587
8,419,23045000,23045000,14602,24336,23100000,8610
8,42,2310000,2310000,14602,24336,2365000,876
8,420,23100000,23100000,14602,24336,23155000,8627
8,421,23155000,23155000,14602,24336,23210000,8650
8,422,23210000,23210000,14602,24336,23265000,8668
8,423,23265000,23265000,14602,24336,23320000,8690
8,424,23320000,23320000,14602,24336,23375000,8710
8,425,23375000,23375000,14602,24336,23430000,8731
8,426,23430000,23430000,14602,24336,23485000,8751
8,427,23485000,23485000,14602,24336,23540000,8771
8,428,23540000,23540000,14602,24336,23595000,8791
8,429,23595000,23595000,14602,24336,23650000,8813
8,43,2365000,2365000,14602,24336,2420000,898
8,430,23650000,23650000,14602,24336,23705000,8834
8,431,23705000,23705000,14602,24336,23760000,8854
8,432,23760000,23760000,14602,24336,23815000,8873
8,433,23815000,23815000,14602,24336,23870000,8895
8,434,23870000,23870000,14602,24336,23925000,8916
8,435,23925000,23925000,14602,24336,23980000,8936
8,436,23980000,23980000,14602,24336,24035000,8955
8,437,24035000,24035000,14602,24336,24090000,8978
8,438,24090000,24090000,14602,24336,24145000,8994
8,439,24145000,24145000,14602,24336,24200000,9019
8,44,2420000,2420000,14602,24336,2475000,917
8,440,24200000,24200000,14602,24336,24255000,9040
8,441,24255000,24255000,14602,24336,24310000,9058
8,442,24310000,24310000,14602,24336,24365000,9080
8,443,24365000,24365000,14602,24336,24420000,9100
8,444,24420000,24420000,14602,24336,24475000,9119
8,445,24475000,24475000,14602,24336,24530000,9140
8,446,24530000,24530000,14602,24336,24585000,9161
8,447,24585000,24585000,14602,24336,24640000,9182
8,448,24640000,24640000,14602,24336,24695000,9201
8,449,24695000,24695000,14602,24336,24750000,9225
8,45,2475000,2475000,14602,24336,2530000,939
8,450,24750000,24750000,14602,24336,24805000,9243
8,451,24805000,24805000,14602,24336,24860000,9264
8,452,24860000,24860000,14602,24336,24915000,9283
8,453,24915000,24915000,14602,24336,24970000,9305
8,454,24970000,24970000,14602,24336,25025000,9326
8,455,25025000,25025000,14602,24336,25080000,9347
8,456,25080000,25080000,14602,24336,25135000,9366
8,457,25135000,25135000,14602,24336,25190000,9385
8,458,25190000,25190000,14602,24336,25245000,9407
8,459,25245000,25245000,14602,24336,25300000,9428
8,46,2530000,2530000,14602,24336,2585000,958
8,460,25300000,25300000,14602,24336,25355000,9448
8,461,25355000,25355000,14602,24336,25410000,9471
8,462,25410000,25410000,14602,24336,25465000,9488
8,463,25465000,25465000,14602,24336,25520000,9510
8,464,25520000,25520000,14602,24336,25575000,9530
8,465,25575000,25575000,14602,24336,25630000,9551
8,466,25630000,25630000,14602,24336,25685000,9571
8,467,25685000,25685000,14602,24336,25740000,9592
8,468,25740000,25740000,14602,24336,25795000,9611
8,469,25795000,25795000,14602,24336,25850000,9634
8,47,2585000,2585000,14602,24336,2640000,980
8,470,25850000,25850000,14602,24336,25905000,9654
8,471,25905000,25905000,14602,24336,25960000,9674
8,472,25960000,25960000,14602,24336,26015000,9695
8,473,26015000,26015000,14602,24336,26070000,9714
8,474,26070000,26070000,14602,24336,26125000,9735
8,475,26125000,26125000,14602,24336,26180000,9757
8,476,26180000,26180000,14602,24336,26235000,9775
8,477,26235000,26235000,14602,24336,26290000,9797
8,478,26290000,26290000,14602,24336,26345000,9816
8,479,26345000,26345000,14602,24336,26400000,9840
8,48,2640000,2640000,14602,24336,2695000,999
8,480,26400000,26400000,14602,24336,26455000,9857
8,481,26455000,26455000,14602,24336,26510000,9879
8,482,26510000,26510000,14602,24336,26565000,9901
8,483,26565000,26565000,14602,24336,26620000,9919
8,484,26620000,26620000,14602,24336,26675000,9941
8,485,26675000,26675000,14602,24336,26730000,9962
8,486,26730000,26730000,14602,24336,26785000,9980
8,487,26785000,26785000,14602,24336,26840000,10001
8,488,26840000,26840000,14602,24336,26895000,10022
8,489,26895000,26895000,14602,24336,26950000,10044
8,49,2695000,2695000,14602,24336,2750000,1021
8,490,26950000,26950000,14602,24336,27005000,10064
8,491,27005000,27005000,14602,24336,27060000,10086
8,492,27060000,27060000,14602,24336,27115000,10102
8,493,27115000,27115000,14602,24336,27170000,10125
8,494,27170000,27170000,14602,24336,27225000,10145
8,495,27225000,27225000,14602,24336,27280000,10166
8,496,27280000,27280000,14602,24336,27335000,10187
8,497,27335000,27335000,14602,24336,27390000,10207
8,498,27390000,27390000,14602,24336,27445000,10227
8,499,27445000,27445000,14602,24336,27500000,10248
8,5,275000,275000,14602,24336,330000,120
8,50,2750000,2750000,14602,24336,2805000,1043
8,500,27500000,27500000,14602,24336,27555000,10269
8,501,27555000,27555000,14602,24336,27610000,10289
8,502,27610000,27610000,14602,24336,27665000,10309
8,503,27665000,27665000,14602,24336,27720000,10332
8,504,27720000,27720000,14602,24336,27775000,10350
8,505,27775000,27775000,14602,24336,27830000,10371
8,506,27830000,27830000,14602,24336,27885000,10391
8,507,27885000,27885000,14602,24336,27940000,10412
8,508,27940000,27940000,14602,24336,27995000,10430
8,509,27995000,27995000,14602,24336,28050000,10455
8,51,2805000,2805000,14602,24336,2860000,1061
8,510,28050000,28050000,14602,24336,28105000,10474
8,511,28105000,28105000,14602,24336,28160000,10494
8,512,28160000,28160000,14602,24336,28215000,10515
8,513,28215000,28215000,14602,24336,28270000,10534
8,514,28270000,28270000,14602,24336,28325000,10557
8,515,28325000,28325000,14602,24336,28380000,10576
8,516,28380000,28380000,14602,24336,28435000,10595
8,517,28435000,28435000,14602,24336,28490000,10618
8,518,28490000,28490000,14602,24336,28545000,10636
8,519,28545000,28545000,14602,24336,28600000,10660
8,52,2860000,2860000,14602,24336,2915000,1082
8,520,28600000,28600000,14602,24336,28655000,10679
8,521,28655000,28655000,14602,24336,28710000,10700
8,522,28710000,28710000,14602,24336,28765000,10718
8,523,28765000,28765000,14602,24336,28820000,10740
8,524,28820000,28820000,14602,24336,28875000,10761
8,525,28875000,28875000,14602,24336,28930000,10781
8,526,28930000,28930000,14602,24336,28985000,10802
8,527,28985000,28985000,14602,24336,29040000,10822
8,528,29040000,29040000,14602,24336,29095000,10841
8,529,29095000,29095000,14602,24336,29150000,10863
8,53,2915000,2915000,14602,24336,2970000,1103
8,530,29150000,29150000,14602,24336,29205000,10885
8,531,29205000,29205000,14602,24336,29260000,10905
8,532,29260000,29260000,14602,24336,29315000,10924
8,533,29315000,29315000,14602,24336,29370000,10947
8,534,29370000,29370000,14602,24336,29425000,10964
8,535,29425000,29425000,14602,24336,29480000,10987
8,536,29480000,29480000,14602,24336,29535000,11006
8,537,29535000,29535000,14602,24336,29590000,11026
8,538,29590000,29590000,14602,24336,29645000,11048
8,539,29645000,29645000,14602,24336,29700000,11070
8,54,2970000,2970000,14602,24336,3025000,1122
8,540,29700000,29700000,14602,24336,29755000,11088
8,541,29755000,29755000,14602,24336,29810000,11109
8,542,29810000,29810000,14602,24336,29865000,11130
8,543,29865000,29865000,14602,24336,29920000,11149
8,544,29920000,29920000,14602,24336,29975000,11171
8,545,29975000,29975000,14602,24336,30030000,11193
8,546,30030000,30030000,14602,24336,30085000,11211
8,547,30085000,30085000,14602,24336,30140000,11232
8,548,30140000,30140000,14602,24336,30195000,11251
8,549,30195000,30195000,14602,24336,30250000,11275
8,55,3025000,3025000,14602,24336,3080000,1145
8,550,30250000,30250000,14602,24336,30305000,11293
8,551,30305000,30305000,14602,24336,30360000,11316
8,552,30360000,30360000,14602,24336,30415000,11335
8,553,30415000,30415000,14602,24336,30470000,11354
8,554,30470000,30470000,14602,24336,30525000,11377
8,555,30525000,30525000,14602,24336,30580000,11396
8,556,30580000,30580000,14602,24336,30635000,11416
8,557,30635000,30635000,14602,24336,30690000,11437
8,558,30690000,30690000,14602,24336,30745000,11456
8,559,30745000,30745000,14602,24336,30800000,11480
8,56,3080000,3080000,14602,24336,3135000,1164
8,560,30800000,30800000,14602,24336,30855000,11499
8,561,30855000,30855000,14602,24336,30910000,11520
8,562,30910000,30910000,14602,24336,30965000,11540
8,563,30965000,30965000,14602,24336,31020000,11561
8,564,31020000,31020000,14602,24336,31075000,11579
8,565,31075000,31075000,14602,24336,31130000,11602
8,566,31130000,31130000,14602,24336,31185000,11622
8,567,31185000,31185000,14602,24336,31240000,11642
8,568,31240000,31240000,14602,24336,31295000,11663
8,569,31295000,31295000,14602,24336,31350000,11684
8,57,3135000,3135000,14602,24336,3190000,1184
8,570,31350000,31350000,14602,24336,31405000,11704
8,571,31405000,31405000,14602,24336,31460000,11724
8,572,31460000,31460000,14602,24336,31515000,11744
8,573,31515000,31515000,14602,24336,31570000,11766
8,574,31570000,31570000,14602,24336,31625000,11786
8,575,31625000,31625000,14602,24336,31680000,11808
8,576,31680000,31680000,14602,24336,31735000,11825
8,577,31735000,31735000,14602,24336,31790000,11847
8,578,31790000,31790000,14602,24336,31845000,11867
8,579,31845000,31845000,14602,24336,31900000,11889
8,58,3190000,3190000,14602,24336,3245000,1204
8,580,31900000,31900000,14602,24336,31955000,11910
8,581,31955000,31955000,14602,24336,32010000,11931
8,582,32010000,32010000,14602,24336,32065000,11949
8,583,32065000,32065000,14602,24336,32120000,11970
8,584,32120000,32120000,14602,24336,32175000,11992
8,585,32175000,32175000,14602,24336,32230000,12010
8,586,32230000,32230000,14602,24336,32285000,12032
8,587,32285000,32285000,14602,24336,32340000,12054
8,588,32340000,32340000,14602,24336,32395000,12070
8,589,32395000,32395000,14602,24336,32450000,12095
8,59,3245000,3245000,14602,24336,3300000,1228
8,590,32450000,32450000,14602,24336,32505000,12114
8,591,32505000,32505000,14602,24336,32560000,12135
8,592,32560000,32560000,14602,24336,32615000,12154
8,593,32615000,32615000,14602,24336,32670000,12176
8,594,32670000,32670000,14602,24336,32725000,12197
8,595,32725000,32725000,14602,24336,32780000,12216
8,596,32780000,32780000,14602,24336,32835000,12237
8,597,32835000,32835000,14602,24336,32890000,12257
8,598,32890000,32890000,14602,24336,32945000,12277
8,599,32945000,32945000,14602,24336,33000000,12300
8,6,330000,330000,14602,24336,385000,138
8,60,3300000,3300000,14602,24336,3355000,1244
8,600,33000000,33000000,14602,24336,33055000,12319
8,601,33055000,33055000,14602,24336,33110000,12340
8,602,33110000,33110000,14602,24336,33165000,12360
8,603,33165000,33165000,14602,24336,33220000,12381
8,604,33220000,33220000,14602,24336,33275000,12400
8,605,33275000,33275000,14602,24336,33330000,12423
8,606,33330000,33330000,14602,24336,33385000,12440
8,607,33385000,33385000,14602,24336,33440000,12462
8,608,33440000,33440000,14602,24336,33495000,12483
8,609,33495000,33495000,14602,24336,33550000,12504
8,61,3355000,3355000,14602,24336,3410000,1267
8,610,33550000,33550000,14602,24336,33605000,12526
8,611,33605000,33605000,14602,24336,33660000,12545
8,612,33660000,33660000,14602,24336,33715000,12564
8,613,33715000,33715000,14602,24336,33770000,12585
8,614,33770000,33770000,14602,24336,33825000,12606
8,615,33825000,33825000,14602,24336,33880000,12628
8,616,33880000,33880000,14602,24336,33935000,12647
8,617,33935000,33935000,14602,24336,33990000,12668
8,618,33990000,33990000,14602,24336,34045000,12686
8,619,34045000,34045000,14602,24336,34100000,12710
8,62,3410000,3410000,14602,24336,3465000,1288
8,620,34100000,34100000,14602,24336,34155000,12728
8,621,34155000,34155000,14602,24336,34210000,12750
8,622,34210000,34210000,14602,24336,34265000,12771
8,623,34265000,34265000,14602,24336,34320000,12791
8,624,34320000,34320000,14602,24336,34375000,12811
8,625,34375000,34375000,14602,24336,34430000,12831
8,626,34430000,34430000,14602,24336,34485000,12853
8,627,34485000,34485000,14602,24336,34540000,12871
8,628,34540000,34540000,14602,24336,34595000,12892
8,629,34595000,34595000,14602,24336,34650000,12917
8,63,3465000,3465000,14602,24336,3520000,1307
8,630,34650000,34650000,14602,24336,34705000,12933
8,631,34705000,34705000,14602,24336,34760000,12956
8,632,34760000,34760000,14602,24336,34815000,12975
8,633,34815000,34815000,14602,24336,34870000,12995
8,634,34870000,34870000,14602,24336,34925000,13016
8,635,34925000,34925000,14602,24336,34980000,13038
8,636,34980000,34980000,14602,24336,35035000,13056
8,637,35035000,35035000,14602,24336,35090000,13077
8,638,35090000,35090000,14602,24336,35145000,13098
8,639,35145000,35145000,14602,24336,35200000,13119
8,64,3520000,3520000,14602,24336,3575000,1329
8,640,35200000,35200000,14602,24336,35255000,13140
8,641,35255000,35255000,14602,24336,35310000,13160
8,642,35310000,35310000,14602,24336,35365000,13180
8,643,35365000,35365000,14602,24336,35420000,13201
8,644,35420000,35420000,14602,24336,35475000,13221
8,645,35475000,35475000,14602,24336,35530000,13243
8,646,35530000,35530000,14602,24336,35585000,13261
8,647,35585000,35585000,14602,24336,35640000,13284
8,648,35640000,35640000,14602,24336,35695000,13301
8,649,35695000,35695000,14602,24336,35750000,13324
8,65,3575000,3575000,14602,24336,3630000,1349
8,650,35750000,35750000,14602,24336,35805000,13346
8,651,35805000,35805000,14602,24336,35860000,13365
8,652,35860000,35860000,14602,24336,35915000,13385
8,653,35915000,35915000,14602,24336,35970000,13406
8,654,35970000,35970000,14602,24336,36025000,13426
8,655,36025000,36025000,14602,24336,36080000,13446
8,656,36080000,36080000,14602,24336,36135000,13467
8,657,36135000,36135000,14602,24336,36190000,13488
8,658,36190000,36190000,14602,24336,36245000,13508
8,659,36245000,36245000,14602,24336,36300000,13531
8,66,3630000,3630000,14602,24336,3685000,1369
8,660,36300000,36300000,14602,24336,36355000,13548
8,661,36355000,36355000,14602,24336,36410000,13571
8,662,36410000,36410000,14602,24336,36465000,13589
8,663,36465000,36465000,14602,24336,36520000,13611
8,664,36520000,36520000,14602,24336,36575000,13633
8,665,36575000,36575000,14602,24336,36630000,13652
8,666,36630000,36630000,14602,24336,36685000,13672
8,667,36685000,36685000,14602,24336,36740000,13692
8,668,36740000,36740000,14602,24336,36795000,13712
8,669,36795000,36795000,14602,24336,36850000,13734
8,67,3685000,3685000,14602,24336,3740000,1388
8,670,36850000,36850000,14602,24336,36905000,13755
8,671,36905000,36905000,14602,24336,36960000,13777
8,672,36960000,36960000,14602,24336,37015000,13794
8,673,37015000,37015000,14602,24336,37070000,13816
8,674,37070000,37070000,14602,24336,37125000,13837
8,675,37125000,37125000,14602,24336,37180000,13857
8,676,37180000,37180000,14602,24336,37235000,13876
8,677,37235000,37235000,14602,24336,37290000,13899
8,678,37290000,37290000,14602,24336,37345000,13917
8,679,37345000,37345000,14602,24336,37400000,13940
8,68,3740000,3740000,14602,24336,3795000,1409
8,680,37400000,37400000,14602,24336,37455000,13961
8,681,37455000,37455000,14602,24336,37510000,13979
8,682,37510000,37510000,14602,24336,37565000,14001
8,683,37565000,37565000,14602,24336,37620000,14021
8,684,37620000,37620000,14602,24336,37675000,14040
8,685,37675000,37675000,14602,24336,37730000,14063
8,686,37730000,37730000,14602,24336,37785000,14082
8,687,37785000,37785000,14602,24336,37840000,14103
8,688,37840000,37840000,14602,24336,37895000,14122
8,689,37895000,37895000,14602,24336,37950000,14146
8,69,3795000,3795000,14602,24336,3850000,1433
8,690,37950000,37950000,14602,24336,38005000,14164
8,691,38005000,38005000,14602,24336,38060000,14185
8,692,38060000,38060000,14602,24336,38115000,14206
8,693,38115000,38115000,14602,24336,38170000,14226
8,694,38170000,38170000,14602,24336,38225000,14247
8,695,38225000,38225000,14602,24336,38280000,14268
8,696,38280000,38280000,14602,24336,38335000,14287
8,697,38335000,38335000,14602,24336,38390000,14306
8,698,38390000,38390000,14602,24336,38445000,14328
8,699,38445000,38445000,14602,24336,38500000,14351
8,7,385000,385000,14602,24336,440000,159
8,70,3850000,3850000,14602,24336,3905000,1451
8,700,38500000,38500000,14602,24336,38555000,14369
8,701,38555000,38555000,14602,24336,38610000,14392
8,702,38610000,38610000,14602,24336,38665000,14409
8,703,38665000,38665000,14602,24336,38720000,14431
8,704,38720000,38720000,14602,24336,38775000,14451
8,705,38775000,38775000,14602,24336,38830000,14472
8,706,38830000,38830000,14602,24336,38885000,14494
8,707,38885000,38885000,14602,24336,38940000,14513
8,708,38940000,38940000,14602,24336,38995000,14532
8,709,38995000,38995000,14602,24336,39050000,14555
8,71,3905000,3905000,14602,24336,3960000,1474
8,710,39050000,39050000,14602,24336,39105000,14575
8,711,39105000,39105000,14602,24336,39160000,14595
8,712,39160000,39160000,14602,24336,39215000,14616
8,713,39215000,39215000,14602,24336,39270000,14637
8,714,39270000,39270000,14602,24336,39325000,14656
8,715,39325000,39325000,14602,24336,39380000,14678
8,716,39380000,39380000,14602,24336,39435000,14696
8,717,39435000,39435000,14602,24336,39490000,14718
8,718,39490000,39490000,14602,24336,39545000,14737
8,719,39545000,39545000,14602,24336,39600000,14761
8,72,3960000,3960000,14602,24336,4015000,1491
8,720,39600000,39600000,14602,24336,39655000,14780
8,721,39655000,39655000,14602,24336,39710000,14800
8,722,39710000,39710000,14602,24336,39765000,14822
8,723,39765000,39765000,14602,24336,39820000,14840
8,724,39820000,39820000,14602,24336,39875000,14862
8,725,39875000,39875000,14602,24336,39930000,14883
8,726,39930000,39930000,14602,24336,39985000,14901
8,727,39985000,39985000,14602,24336,40040000,14924
8,728,40040000,40040000,14602,24336,40095000,14943
8,729,40095000,40095000,14602,24336,40150000,14965
8,73,4015000,4015000,14602,24336,4070000,1512
8,730,40150000,40150000,14602,24336,40205000,14985
8,731,40205000,40205000,14602,24336,40260000,15007
8,732,40260000,40260000,14602,24336,40315000,15023
8,733,40315000,40315000,14602,24336,40370000,15046
8,734,40370000,40370000,14602,24336,40425000,15068
8,735,40425000,40425000,14602,24336,40480000,15087
8,736,40480000,40480000,14602,24336,40535000,15108
8,737,40535000,40535000,14602,24336,40590000,15128
8,738,40590000,40590000,14602,24336,40645000,15148
8,739,40645000,40645000,14602,24336,40700000,15169
8,74,4070000,4070000,14602,24336,4125000,1533
8,740,40700000,40700000,14602,24336,40755000,15190
8,741,40755000,40755000,14602,24336,40810000,15212
8,742,40810000,40810000,14602,24336,40865000,15230
8,743,40865000,40865000,14602,24336,40920000,15253
8,744,40920000,40920000,14602,24336,40975000,15271
8,745,40975000,40975000,14602,24336,41030000,15292
8,746,41030000,41030000,14602,24336,41085000,15312
8,747,41085000,41085000,14602,24336,41140000,15333
8,748,41140000,41140000,14602,24336,41195000,15353
8,749,41195000,41195000,14602,24336,41250000,15376
8,75,4125000,4125000,14602,24336,4180000,1554
8,750,41250000,41250000,14602,24336,41305000,15395
8,751,41305000,41305000,14602,24336,41360000,15415
8,752,41360000,41360000,14602,24336,41415000,15436
8,753,41415000,41415000,14602,24336,41470000,15455
8,754,41470000,41470000,14602,24336,41525000,15478
8,755,41525000,41525000,14602,24336,41580000,15499
8,756,41580000,41580000,14602,24336,41635000,15516
8,757,41635000,41635000,14602,24336,41690000,15539
8,758,41690000,41690000,14602,24336,41745000,15557
8,759,41745000,41745000,14602,24336,41800000,15581
8,76,4180000,4180000,14602,24336,4235000,1574
8,760,41800000,41800000,14602,24336,41855000,15600
8,761,41855000,41855000,14602,24336,41910000,15621
8,762,41910000,41910000,14602,24336,41965000,15641
8,763,41965000,41965000,14602,24336,42020000,15661
8,764,42020000,42020000,14602,24336,42075000,15682
8,765,42075000,42075000,14602,24336,42130000,15702
8,766,42130000,42130000,14602,24336,42185000,15723
8,767,42185000,42185000,14602,24336,42240000,15743
8,768,42240000,42240000,14602,24336,42295000,15762
8,769,42295000,42295000,14602,24336,42350000,15786
8,77,4235000,4235000,14602,24336,4290000,1595
8,770,42350000,42350000,14602,24336,42405000,15806
8,771,42405000,42405000,14602,24336,42460000,15826
8,772,42460000,42460000,14602,24336,42515000,15845
8,773,42515000,42515000,14602,24336,42570000,15868
8,774,42570000,42570000,14602,24336,42625000,15885
8,775,42625000,42625000,14602,24336,42680000,15908
8,776,42680000,42680000,14602,24336,42735000,15929
8,777,42735000,42735000,14602,24336,42790000,15947
8,778,42790000,42790000,14602,24336,42845000,15969
8,779,42845000,42845000,14602,24336,42900000,15991
8,78,4290000,4290000,14602,24336,4345000,1614
8,780,42900000,42900000,14602,24336,42955000,16009
8,781,42955000,42955000,14602,24336,43010000,16030
8,782,43010000,43010000,14602,24336,43065000,16051
8,783,43065000,43065000,14602,24336,43120000,16072
8,784,43120000,43120000,14602,24336,43175000,16092
8,785,43175000,43175000,14602,24336,43230000,16114
8,786,43230000,43230000,14602,24336,43285000,16132
8,787,43285000,43285000,14602,24336,43340000,16153
8,788,43340000,43340000,14602,24336,43395000,16172
8,789,43395000,43395000,14602,24336,43450000,16196
8,79,4345000,4345000,14602,24336,4400000,1636
8,790,43450000,43450000,14602,24336,43505000,16216
8,791,43505000,43505000,14602,24336,43560000,16237
8,792,43560000,43560000,14602,24336,43615000,16256
8,793,43615000,43615000,14602,24336,43670000,16275
8,794,43670000,43670000,14602,24336,43725000,16298
8,795,43725000,43725000,14602,24336,43780000,16317
8,796,43780000,43780000,14602,24336,43835000,16337
8,797,43835000,43835000,14602,24336,43890000,16360
8,798,43890000,43890000,14602,24336,43945000,16377
8,799,43945000,43945000,14602,24336,44000000,16401
8,8,440000,440000,14602,24336,495000,180
8,80,4400000,4400000,14602,24336,4455000,1657
8,800,44000000,44000000,14602,24336,44055000,16420
8,801,44055000,44055000,14602,24336,44110000,16441
8,802,44110000,44110000,14602,24336,44165000,16461
8,803,44165000,44165000,14602,24336,44220000,16482
8,804,44220000,44220000,14602,24336,44275000,16502
8,805,44275000,44275000,14602,24336,44330000,16523
8,806,44330000,44330000,14602,24336,44385000,16543
8,807,44385000,44385000,14602,24336,44440000,16563
8,808,44440000,44440000,14602,24336,44495000,16584
8,809,44495000,44495000,14602,24336,44550000,16605
8,81,4455000,4455000,14602,24336,4510000,1676
8,810,44550000,44550000,14602,24336,44605000,16625
8,811,44605000,44605000,14602,24336,44660000,16647
8,812,44660000,44660000,14602,24336,44715000,16665
8,813,44715000,44715000,14602,24336,44770000,16687
8,814,44770000,44770000,14602,24336,44825000,16707
8,815,44825000,44825000,14602,24336,44880000,16729
8,816,44880000,44880000,14602,24336,44935000,16746
8,817,44935000,44935000,14602,24336,44990000,16768
8,818,44990000,44990000,14602,24336,45045000,16790
8,819,45045000,45045000,14602,24336,45100000,16810
8,82,4510000,4510000,14602,24336,4565000,1698
8,820,45100000,45100000,14602,24336,45155000,16831
8,821,45155000,45155000,14602,24336,45210000,16852
8,822,45210000,45210000,14602,24336,45265000,16870
8,823,45265000,45265000,14602,24336,45320000,16891
8,824,45320000,45320000,14602,24336,45375000,16913
8,825,45375000,45375000,14602,24336,45430000,16933
8,826,45430000,45430000,14602,24336,45485000,16953
8,827,45485000,45485000,14602,24336,45540000,16975
8,828,45540000,45540000,14602,24336,45595000,16991
8,829,45595000,45595000,14602,24336,45650000,17016
8,83,4565000,4565000,14602,24336,4620000,1719
8,830,45650000,45650000,14602,24336,45705000,17035
8,831,45705000,45705000,14602,24336,45760000,17056
8,832,45760000,45760000,14602,24336,45815000,17077
8,833,45815000,45815000,14602,24336,45870000,17097
8,834,45870000,45870000,14602,24336,45925000,17118
8,835,45925000,45925000,14602,24336,45980000,17137
8,836,45980000,45980000,14602,24336,46035000,17158
8,837,46035000,46035000,14602,24336,46090000,17178
8,838,46090000,46090000,14602,24336,46145000,17198
8,839,46145000,46145000,14602,24336,46200000,17223
8,84,4620000,4620000,14602,24336,4675000,1737
8,840,46200000,46200000,14602,24336,46255000,17240
8,841,46255000,46255000,14602,24336,46310000,17261
8,842,46310000,46310000,14602,24336,46365000,17281
8,843,46365000,46365000,14602,24336,46420000,17302
8,844,46420000,46420000,14602,24336,46475000,17321
8,845,46475000,46475000,14602,24336,46530000,17344
8,846,46530000,46530000,14602,24336,46585000,17363
8,847,46585000,46585000,14602,24336,46640000,17383
8,848,46640000,46640000,14602,24336,46695000,17404
8,849,46695000,46695000,14602,24336,46750000,17425
8,85,4675000,4675000,14602,24336,4730000,1760
8,850,46750000,46750000,14602,24336,46805000,17447
8,851,46805000,46805000,14602,24336,46860000,17466
8,852,46860000,46860000,14602,24336,46915000,17485
8,853,46915000,46915000,14602,24336,46970000,17508
8,854,46970000,46970000,14602,24336,47025000,17527
8,855,47025000,47025000,14602,24336,47080000,17549
8,856,47080000,47080000,14602,24336,47135000,17568
8,857,47135000,47135000,14602,24336,47190000,17589
8,858,47190000,47190000,14602,24336,47245000,17607
8,859,47245000,47245000,14602,24336,47300000,17631
8,86,4730000,4730000,14602,24336,4785000,1778
8,860,47300000,47300000,14602,24336,47355000,17651
8,861,47355000,47355000,14602,24336,47410000,17671
8,862,47410000,47410000,14602,24336,47465000,17692
8,863,47465000,47465000,14602,24336,47520000,17712
8,864,47520000,47520000,14602,24336,47575000,17732
8,865,47575000,47575000,14602,24336,47630000,17752
8,866,47630000,47630000,14602,24336,47685000,17774
8,867,47685000,47685000,14602,24336,47740000,17794
8,868,47740000,47740000,14602,24336,47795000,17813
8,869,47795000,47795000,14602,24336,47850000,17838
8,87,4785000,4785000,14602,24336,4840000,1800
8,870,47850000,47850000,14602,24336,47905000,17854
8,871,47905000,47905000,14602,24336,47960000,17877
8,872,47960000,47960000,14602,24336,48015000,17896
8,873,48015000,48015000,14602,24336,48070000,17916
8,874,48070000,48070000,14602,24336,48125000,17939
8,875,48125000,48125000,14602,24336,48180000,17959
8,876,48180000,48180000,14602,24336,48235000,17977
8,877,48235000,48235000,14602,24336,48290000,17998
8,878,48290000,48290000,14602,24336,48345000,18019
8,879,48345000,48345000,14602,24336,48400000,18040
8,88,4840000,4840000,14602,24336,4895000,1819
8,880,48400000,48400000,14602,24336,48455000,18061
8,881,48455000,48455000,14602,24336,48510000,18083
8,882,48510000,48510000,14602,24336,48565000,18101
8,883,48565000,48565000,14602,24336,48620000,18122
8,884,48620000,48620000,14602,24336,48675000,18142
8,885,48675000,48675000,14602,24336,48730000,18164
8,886,48730000,48730000,14602,24336,48785000,18182
8,887,48785000,48785000,14602,24336,48840000,18205
8,888,48840000,48840000,14602,24336,48895000,18224
8,889,48895000,48895000,14602,24336,48950000,18245
8,89,4895000,4895000,14602,24336,4950000,1842
8,890,48950000,48950000,14602,24336,49005000,18267
8,891,49005000,49005000,14602,24336,49060000,18286
8,892,49060000,49060000,14602,24336,49115000,18306
8,893,49115000,49115000,14602,24336,49170000,18327
8,894,49170000,49170000,14602,24336,49225000,18347
8,895,49225000,49225000,14602,24336,49280000,18369
8,896,49280000,49280000,14602,24336,49335000,18388
8,897,49335000,49335000,14602,24336,49390000,18409
8,898,49390000,49390000,14602,24336,49445000,18429
8,899,49445000,49445000,14602,24336,49500000,18452
8,9,495000,495000,14602,24336,550000,200
8,90,4950000,4950000,14602,24336,5005000,1862
8,900,49500000,49500000,14602,24336,49555000,18469
8,901,49555000,49555000,14602,24336,49610000,18492
8,902,49610000,49610000,14602,24336,49665000,18512
8,903,49665000,49665000,14602,24336,49720000,18532
8,904,49720000,49720000,14602,24336,49775000,18554
8,905,49775000,49775000,14602,24336,49830000,18573
8,906,49830000,49830000,14602,24336,49885000,18593
8,907,49885000,49885000,14602,24336,49940000,18613
8,908,49940000,49940000,14602,24336,49995000,18633
8,909,49995000,49995000,14602,24336,50050000,18657
8,91,5005000,5005000,14602,24336,5060000,1882
8,910,50050000,50050000,14602,24336,50105000,18676
8,911,50105000,50105000,14602,24336,50160000,18698
8,912,50160000,50160000,14602,24336,50215000,18715
8,913,50215000,50215000,14602,24336,50270000,18737
8,914,50270000,50270000,14602,24336,50325000,18758
8,915,50325000,50325000,14602,24336,50380000,18778
8,916,50380000,50380000,14602,24336,50435000,18799
8,917,50435000,50435000,14602,24336,50490000,18820
8,918,50490000,50490000,14602,24336,50545000,18838
8,919,50545000,50545000,14602,24336,50600000,18861
8,92,5060000,5060000,14602,24336,5115000,1902
8,920,50600000,50600000,14602,24336,50655000,18882
8,921,50655000,50655000,14602,24336,50710000,18900
8,922,50710000,50710000,14602,24336,50765000,18922
8,923,50765000,50765000,14602,24336,50820000,18944
8,924,50820000,50820000,14602,24336,50875000,18961
8,925,50875000,50875000,14602,24336,50930000,18984
8,926,50930000,50930000,14602,24336,50985000,19003
8,927,50985000,50985000,14602,24336,51040000,19024
8,928,51040000,51040000,14602,24336,51095000,19043
8,929,51095000,51095000,14602,24336,51150000,19067
8,93,5115000,5115000,14602,24336,5170000,1922
8,930,51150000,51150000,14602,24336,51205000,19087
8,931,51205000,51205000,14602,24336,51260000,19106
8,932,51260000,51260000,14602,24336,51315000,19127
8,933,51315000,51315000,14602,24336,51370000,19147
8,934,51370000,51370000,14602,24336,51425000,19168
8,935,51425000,51425000,14602,24336,51480000,19189
8,936,51480000,51480000,14602,24336,51535000,19208
8,937,51535000,51535000,14602,24336,51590000,19229
8,938,51590000,51590000,14602,24336,51645000,19249
8,939,51645000,51645000,14602,24336,51700000,19272
8,94,5170000,5170000,14602,24336,5225000,1944
8,940,51700000,51700000,14602,24336,51755000,19290
8,941,51755000,51755000,14602,24336,51810000,19313
8,942,51810000,51810000,14602,24336,51865000,19330
8,943,51865000,51865000,14602,24336,51920000,19352
8,944,51920000,51920000,14602,24336,51975000,19374
8,945,51975000,51975000,14602,24336,52030000,19393
8,946,52030000,52030000,14602,24336,52085000,19415
8,947,52085000,52085000,14602,24336,52140000,19434
8,948,52140000,52140000,14602,24336,52195000,19453
8,949,52195000,52195000,14602,24336,52250000,19476
8,95,5225000,5225000,14602,24336,5280000,1964
8,950,52250000,52250000,14602,24336,52305000,19496
8,951,52305000,52305000,14602,24336,52360000,19518
8,952,52360000,52360000,14602,24336,52415000,19537
8,953,52415000,52415000,14602,24336,52470000,19558
8,954,52470000,52470000,14602,24336,52525000,19577
8,955,52525000,52525000,14602,24336,52580000,19599
8,956,52580000,52580000,14602,24336,52635000,19617
8,957,52635000,52635000,14602,24336,52690000,19639
8,958,52690000,52690000,14602,24336,52745000,19660
8,959,52745000,52745000,14602,24336,52800000,19682
8,96,5280000,5280000,14602,24336,5335000,1983
8,960,52800000,52800000,14602,24336,52855000,19701
8,961,52855000,52855000,14602,24336,52910000,19721
8,962,52910000,52910000,14602,24336,52965000,19743
8,963,52965000,52965000,14602,24336,53020000,19761
8,964,53020000,53020000,14602,24336,53075000,19783
8,965,53075000,53075000,14602,24336,53130000,19806
8,966,53130000,53130000,14602,24336,53185000,19822
8,967,53185000,53185000,14602,24336,53240000,19845
8,968,53240000,53240000,14602,24336,53295000,19864
8,969,53295000,53295000,14602,24336,53350000,19886
8,97,5335000,5335000,14602,24336,5390000,2005
8,970,53350000,53350000,14602,24336,53405000,19906
8,971,53405000,53405000,14602,24336,53460000,19928
8,972,53460000,53460000,14602,24336,53515000,19946
8,973,53515000,53515000,14602,24336,53570000,19967
8,974,53570000,53570000,14602,24336,53625000,19989
8,975,53625000,53625000,14602,24336,53680000,20008
8,976,53680000,53680000,14602,24336,53735000,20029
8,977,53735000,53735000,14602,24336,53790000,20049
8,978,53790000,53790000,14602,24336,53845000,20069
8,979,53845000,53845000,14602,24336,53900000,20092
8,98,5390000,5390000,14602,24336,5445000,2025
8,980,53900000,53900000,14602,24336,53955000,20111
8,981,53955000,53955000,14602,24336,54010000,20133
8,982,54010000,54010000,14602,24336,54065000,20151
8,983,54065000,54065000,14602,24336,54120000,20174
8,984,54120000,54120000,14602,24336,54175000,20192
8,985,54175000,54175000,14602,24336,54230000,20213
8,986,54230000,54230000,14602,24336,54285000,20235
8,987,54285000,54285000,14602,24336,54340000,20254
8,988,54340000,54340000,14602,24336,54395000,20274
8,989,54395000,54395000,14602,24336,54450000,20297
8,99,5445000,5445000,14602,24336,5500000,2047
8,990,54450000,54450000,14602,24336,54505000,20316
8,991,54505000,54505000,14602,24336,54560000,20336
8,992,54560000,54560000,14602,24336,54615000,20357
8,993,54615000,54615000,14602,24336,54670000,20378
8,994,54670000,54670000,14602,24336,54725000,20399
8,995,54725000,54725000,14602,24336,54780000,20420
8,996,54780000,54780000,14602,24336,54835000,20437
8,997,54835000,54835000,14602,24336,54890000,20460
8,998,54890000,54890000,14602,24336,54945000,20478
8,999,54945000,54945000,14602,24336,55000000,20502
9,0,0,0,17970,29949,80000,26
9,1,80000,80000,17970,29949,160000,55
9,10,800000,800000,17970,29949,880000,325
9,100,8000000,8000000,17970,29949,8080000,3007
9,1000,80000000,80000000,17970,29949,80080000,29853
9,1001,80080000,80080000,17970,29949,80160000,29883
9,1002,80160000,80160000,17970,29949,80240000,29910
9,1003,80240000,80240000,17970,29949,80320000,29940
9,1004,80320000,80320000,17970,29949,80400000,29973
9,1005,80400000,80400000,17970,29949,80480000,30001
9,1006,80480000,80480000,17970,29949,80560000,30030
9,1007,80560000,80560000,17970,29949,80640000,30062
9,1008,80640000,80640000,17970,29949,80720000,30090
9,1009,80720000,80720000,17970,29949,80800000,30121
9,101,8080000,8080000,17970,29949,8160000,3040
9,1010,80800000,80800000,17970,29949,80880000,30150
9,1011,80880000,80880000,17970,29949,80960000,30181
9,1012,80960000,80960000,17970,29949,81040000,30209
9,1013,81040000,81040000,17970,29949,81120000,30239
9,1014,81120000,81120000,17970,29949,81200000,30271
9,1015,81200000,81200000,17970,29949,81280000,30299
9,1016,81280000,81280000,17970,29949,81360000,30330
9,1017,81360000,81360000,17970,29949,81440000,30357
9,1018,81440000,81440000,17970,29949,81520000,30389
9,1019,81520000,81520000,17970,29949,81600000,30420
9,102,8160000,8160000,17970,29949,8240000,3067
9,1020,81600000,81600000,17970,29949,81680000,30448
9,1021,81680000,81680000,17970,29949,81760000,30479
9,1022,81760000,81760000,17970,29949,81840000,30509
9,1023,81840000,81840000,17970,29949,81920000,30537
9,1024,81920000,81920000,17970,29949,82000000,30567
9,1025,82000000,82000000,17970,29949,82080000,30599
9,1026,82080000,82080000,17970,29949,82160000,30627
9,1027,82160000,82160000,17970,29949,82240000,30656
9,1028,82240000,82240000,17970,29949,82320000,30688
9,1029,82320000,82320000,17970,29949,82400000,30718
9,103,8240000,8240000,17970,29949,8320000,3097
9,1030,82400000,82400000,17970,29949,82480000,30746
9,1031,82480000,82480000,17970,29949,82560000,30777
9,1032,82560000,82560000,17970,29949,82640000,30806
9,1033,82640000,82640000,17970,29949,82720000,30836
9,1034,82720000,82720000,17970,29949,82800000,30867
9,1035,82800000,82800000,17970,29949,82880000,30896
9,1036,82880000,82880000,17970,29949,82960000,30926
9,1037,82960000,82960000,17970,29949,83040000,30955
9,1038,83040000,83040000,17970,29949,83120000,30984
9,1039,83120000,83120000,17970,29949,83200000,31016
9,104,8320000,8320000,17970,29949,8400000,3130
9,1040,83200000,83200000,17970,29949,83280000,31046
9,1041,83280000,83280000,17970,29949,83360000,31074
9,1042,83360000,83360000,17970,29949,83440000,31105
9,1043,83440000,83440000,17970,29949,83520000,31135
9,1044,83520000,83520000,17970,29949,83600000,31165
9,1045,83600000,83600000,17970,29949,83680000,31193
9,1046,83680000,83680000,17970,29949,83760000,31225
9,1047,83760000,83760000,17970,29949,83840000,31253
9,1048,83840000,83840000,17970,29949,83920000,31282
9,1049,83920000,83920000,17970,29949,84000000,31316
9,105,8400000,8400000,17970,29949,8480000,3158
9,1050,84000000,84000000,17970,29949,84080000,31343
9,1051,84080000,84080000,17970,29949,84160000,31373
9,1052,84160000,84160000,17970,29949,84240000,31402
9,1053,84240000,84240000,17970,29949,84320000,31433
9,1054,84320000,84320000,17970,29949,84400000,31463
9,1055,84400000,84400000,17970,29949,84480000,31493
9,1056,84480000,84480000,17970,29949,84560000,31523
9,1057,84560000,84560000,17970,29949,84640000,31551
9,1058,84640000,84640000,17970,29949,84720000,31582
9,1059,84720000,84720000,17970,29949,84800000,31611
9,106,8480000,8480000,17970,29949,8560000,3187
9,1060,84800000,84800000,17970,29949,84880000,31642
9,1061,84880000,84880000,17970,29949,84960000,31672
9,1062,84960000,84960000,17970,29949,85040000,31700
9,1063,85040000,85040000,17970,29949,85120000,31731
9,1064,85120000,85120000,17970,29949,85200000,31763
9,1065,85200000,85200000,17970,29949,85280000,31790
9,1066,85280000,85280000,17970,29949,85360000,31820
9,1067,85360000,85360000,17970,29949,85440000,31851
9,1068,85440000,85440000,17970,29949,85520000,31879
9,1069,85520000,85520000,17970,29949,85600000,31910
9,107,8560000,8560000,17970,29949,8640000,3217
9,1070,85600000,85600000,17970,29949,85680000,31941
9,1071,85680000,85680000,17970,29949,85760000,31970
9,1072,85760000,85760000,17970,29949,85840000,31998
9,1073,85840000,85840000,17970,29949,85920000,32029
9,1074,85920000,85920000,17970,29949,86000000,32060
9,1075,86000000,86000000,17970,29949,86080000,32089
9,1076,86080000,86080000,17970,29949,86160000,32119
9,1077,86160000,86160000,17970,29949,86240000,32149
9,1078,86240000,86240000,17970,29949,86320000,32178
9,1079,86320000,86320000,17970,29949,86400000,32209
9,108,8640000,8640000,17970,29949,8720000,3247
9,1080,86400000,86400000,17970,29949,86480000,32237
9,1081,86480000,86480000,17970,29949,86560000,32268
9,1082,86560000,86560000,17970,29949,86640000,32298
9,1083,86640000,86640000,17970,29949,86720000,32326
9,1084,86720000,86720000,17970,29949,86800000,32359
9,1085,86800000,86800000,17970,29949,86880000,32388
9,1086,86880000,86880000,17970,29949,86960000,32417
9,1087,86960000,86960000,17970,29949,87040000,32445
9,1088,87040000,87040000,17970,29949,87120000,32478
9,1089,87120000,87120000,17970,29949,87200000,32507
9,109,8720000,8720000,17970,29949,8800000,3278
9,1090,87200000,87200000,17970,29949,87280000,32535
9,1091,87280000,87280000,17970,29949,87360000,32568
9,1092,87360000,87360000,17970,29949,87440000,32595
9,1093,87440000,87440000,17970,29949,87520000,32625
9,1094,87520000,87520000,17970,29949,87600000,32656
9,1095,87600000,87600000,17970,29949,87680000,32686
9,1096,87680000,87680000,17970,29949,87760000,32715
9,1097,87760000,87760000,17970,29949,87840000,32745
9,1098,87840000,87840000,17970,29949,87920000,32775
9,1099,87920000,87920000,17970,29949,88000000,32806
9,11,880000,880000,17970,29949,960000,355
9,110,8800000,8800000,17970,29949,8880000,3307
9,1100,88000000,88000000,17970,29949,88080000,32835
9,1101,88080000,88080000,17970,29949,88160000,32863
9,1102,88160000,88160000,17970,29949,88240000,32894
9,1103,88240000,88240000,17970,29949,88320000,32924
9,1104,88320000,88320000,17970,29949,88400000,32954
9,1105,88400000,88400000,17970,29949,88480000,32984
9,1106,88480000,88480000,17970,29949,88560000,33015
9,1107,88560000,88560000,17970,29949,88640000,33042
9,1108,88640000,88640000,17970,29949,88720000,33072
9,1109,88720000,88720000,17970,29949,88800000,33105
9,111,8880000,8880000,17970,29949,8960000,3337
9,1110,88800000,88800000,17970,29949,88880000,33133
9,1111,88880000,88880000,17970,29949,88960000,33162
9,1112,88960000,88960000,17970,29949,89040000,33193
9,1113,89040000,89040000,17970,29949,89120000,33222
9,1114,89120000,89120000,17970,29949,89200000,33252
9,1115,89200000,89200000,17970,29949,89280000,33282
9,1116,89280000,89280000,17970,29949,89360000,33312
9,1117,89360000,89360000,17970,29949,89440000,33341
9,1118,89440000,89440000,17970,29949,89520000,33371
9,1119,89520000,89520000,17970,29949,89600000,33403
9,112,8960000,8960000,17970,29949,9040000,3366
9,1120,89600000,89600000,17970,29949,89680000,33431
9,1121,89680000,89680000,17970,29949,89760000,33462
9,1122,89760000,89760000,17970,29949,89840000,33489
9,1123,89840000,89840000,17970,29949,89920000,33520
9,1124,89920000,89920000,17970,29949,90000000,33552
9,1125,90000000,90000000,17970,29949,90080000,33579
9,1126,90080000,90080000,17970,29949,90160000,33611
9,1127,90160000,90160000,17970,29949,90240000,33640
9,1128,90240000,90240000,17970,29949,90320000,33669
9,1129,90320000,90320000,17970,29949,90400000,33699
9,113,9040000,9040000,17970,29949,9120000,3396
9,1130,90400000,90400000,17970,29949,90480000,33731
9,1131,90480000,90480000,17970,29949,90560000,33759
9,1132,90560000,90560000,17970,29949,90640000,33788
9,1133,90640000,90640000,17970,29949,90720000,33820
9,1134,90720000,90720000,17970,29949,90800000,33849
9,1135,90800000,90800000,17970,29949,90880000,33878
9,1136,90880000,90880000,17970,29949,90960000,33908
9,1137,90960000,90960000,17970,29949,91040000,33938
9,1138,91040000,91040000,17970,29949,91120000,33967
9,1139,91120000,91120000,17970,29949,91200000,33999
9,114,9120000,9120000,17970,29949,9200000,3426
9,1140,91200000,91200000,17970,29949,91280000,34028
9,1141,91280000,91280000,17970,29949,91360000,34058
9,1142,91360000,91360000,17970,29949,91440000,34087
9,1143,91440000,91440000,17970,29949,91520000,34116
9,1144,91520000,91520000,17970,29949,91600000,34148
9,1145,91600000,91600000,17970,29949,91680000,34177
9,1146,91680000,91680000,17970,29949,91760000,34206
9,1147,91760000,91760000,17970,29949,91840000,34236
9,1148,91840000,91840000,17970,29949,91920000,34267
9,1149,91920000,91920000,17970,29949,92000000,34296
9,115,9200000,9200000,17970,29949,9280000,3456
9,1150,92000000,92000000,17970,29949,92080000,34325
9,1151,92080000,92080000,17970,29949,92160000,34357
9,1152,92160000,92160000,17970,29949,92240000,34385
9,1153,92240000,92240000,17970,29949,92320000,34414
9,1154,92320000,92320000,17970,29949,92400000,34448
9,116,9280000,9280000,17970,29949,9360000,3487
9,117,9360000,9360000,17970,29949,9440000,3514
9,118,9440000,9440000,17970,29949,9520000,3546
9,119,9520000,9520000,17970,29949,9600000,3577
9,12,960000,960000,17970,29949,1040000,382
9,120,9600000,9600000,17970,29949,9680000,3605
9,121,9680000,9680000,17970,29949,9760000,3634
9,122,9760000,9760000,17970,29949,9840000,3665
9,123,9840000,9840000,17970,29949,9920000,3694
9,124,9920000,9920000,17970,29949,10000000,3724
9,125,10000000,10000000,17970,29949,10080000,3756
9,126,10080000,10080000,17970,29949,10160000,3784
9,127,10160000,10160000,17970,29949,10240000,3813
9,128,10240000,10240000,17970,29949,10320000,3843
9,129,10320000,10320000,17970,29949,10400000,3875
9,13,1040000,1040000,17970,29949,1120000,414
9,130,10400000,10400000,17970,29949,10480000,3903
9,131,10480000,10480000,17970,29949,10560000,3934
9,132,10560000,10560000,17970,29949,10640000,3963
9,133,10640000,10640000,17970,29949,10720000,3992
9,134,10720000,10720000,17970,29949,10800000,4024
9,135,10800000,10800000,17970,29949,10880000,4051
9,136,10880000,10880000,17970,29949,10960000,4083
9,137,10960000,10960000,17970,29949,11040000,4112
9,138,11040000,11040000,17970,29949,11120000,4141
9,139,11120000,11120000,17970,29949,11200000,4173
9,14,1120000,1120000,17970,29949,1200000,445
9,140,11200000,11200000,17970,29949,11280000,4203
9,141,11280000,11280000,17970,29949,11360000,4231
9,142,11360000,11360000,17970,29949,11440000,4260
9,143,11440000,11440000,17970,29949,11520000,4292
9,144,11520000,11520000,17970,29949,11600000,4321
9,145,11600000,11600000,17970,29949,11680000,4350
9,146,11680000,11680000,17970,29949,11760000,4382
9,147,11760000,11760000,17970,29949,11840000,4410
9,148,11840000,11840000,17970,29949,11920000,4439
9,149,11920000,11920000,17970,29949,12000000,4471
9,15,1200000,1200000,17970,29949,1280000,473
9,150,12000000,12000000,17970,29949,12080000,4500
9,151,12080000,12080000,17970,29949,12160000,4530
9,152,12160000,12160000,17970,29949,12240000,4559
9,153,12240000,12240000,17970,29949,12320000,4590
9,154,12320000,12320000,17970,29949,12400000,4620
9,155,12400000,12400000,17970,29949,12480000,4649
9,156,12480000,12480000,17970,29949,12560000,4678
9,157,12560000,12560000,17970,29949,12640000,4708
9,158,12640000,12640000,17970,29949,12720000,4739
9,159,12720000,12720000,17970,29949,12800000,4768
9,16,1280000,1280000,17970,29949,1360000,502
9,160,12800000,12800000,17970,29949,12880000,4799
9,161,12880000,12880000,17970,29949,12960000,4829
9,162,12960000,12960000,17970,29949,13040000,4857
9,163,13040000,13040000,17970,29949,13120000,4886
9,164,13120000,13120000,17970,29949,13200000,4920
9,165,13200000,13200000,17970,29949,13280000,4947
9,166,13280000,13280000,17970,29949,13360000,4976
9,167,13360000,13360000,17970,29949,13440000,5008
9,168,13440000,13440000,17970,29949,13520000,5036
9,169,13520000,13520000,17970,29949,13600000,5067
9,17,1360000,1360000,17970,29949,1440000,534
9,170,13600000,13600000,17970,29949,13680000,5096
9,171,13680000,13680000,17970,29949,13760000,5127
9,172,13760000,13760000,17970,29949,13840000,5155
9,173,13840000,13840000,17970,29949,13920000,5186
9,174,13920000,13920000,17970,29949,14000000,5217
9,175,14000000,14000000,17970,29949,14080000,5246
9,176,14080000,14080000,17970,29949,14160000,5276
9,177,14160000,14160000,17970,29949,14240000,5303
9,178,14240000,14240000,17970,29949,14320000,5335
9,179,14320000,14320000,17970,29949,14400000,5366
9,18,1440000,1440000,17970,29949,1520000,562
9,180,14400000,14400000,17970,29949,14480000,5394
9,181,14480000,14480000,17970,29949,14560000,5425
9,182,14560000,14560000,17970,29949,14640000,5455
9,183,14640000,14640000,17970,29949,14720000,5483
9,184,14720000,14720000,17970,29949,14800000,5514
9,185,14800000,14800000,17970,29949,14880000,5545
9,186,14880000,14880000,17970,29949,14960000,5574
9,187,14960000,14960000,17970,29949,15040000,5602
9,188,15040000,15040000,17970,29949,15120000,5634
9,189,15120000,15120000,17970,29949,15200000,5664
9,19,1520000,1520000,17970,29949,1600000,593
9,190,15200000,15200000,17970,29949,15280000,5692
9,191,15280000,15280000,17970,29949,15360000,5723
9,192,15360000,15360000,17970,29949,15440000,5752
9,193,15440000,15440000,17970,29949,15520000,5782
9,194,15520000,15520000,17970,29949,15600000,5813
9,195,15600000,15600000,17970,29949,15680000,5843
9,196,15680000,15680000,17970,29949,15760000,5872
9,197,15760000,15760000,17970,29949,15840000,5902
9,198,15840000,15840000,17970,29949,15920000,5930
9,199,15920000,15920000,17970,29949,16000000,5962
9,2,160000,160000,17970,29949,240000,85
9,20,1600000,1600000,17970,29949,1680000,624
9,200,16000000,16000000,17970,29949,16080000,5992
9,201,16080000,16080000,17970,29949,16160000,6020
9,202,16160000,16160000,17970,29949,16240000,6051
9,203,16240000,16240000,17970,29949,16320000,6081
9,204,16320000,16320000,17970,29949,16400000,6111
9,205,16400000,16400000,17970,29949,16480000,6139
9,206,16480000,16480000,17970,29949,16560000,6172
9,207,16560000,16560000,17970,29949,16640000,6199
9,208,16640000,16640000,17970,29949,16720000,6229
9,209,16720000,16720000,17970,29949,16800000,6262
9,21,1680000,1680000,17970,29949,1760000,653
9,210,16800000,16800000,17970,29949,16880000,6289
9,211,16880000,16880000,17970,29949,16960000,6319
9,212,16960000,16960000,17970,29949,17040000,6348
9,213,17040000,17040000,17970,29949,17120000,6379
9,214,17120000,17120000,17970,29949,17200000,6409
9,215,17200000,17200000,17970,29949,17280000,6439
9,216,17280000,17280000,17970,29949,17360000,6469
9,217,17360000,17360000,17970,29949,17440000,6498
9,218,17440000,17440000,17970,29949,17520000,6528
9,219,17520000,17520000,17970,29949,17600000,6558
9,22,1760000,1760000,17970,29949,1840000,681
9,220,17600000,17600000,17970,29949,17680000,6588
9,221,17680000,17680000,17970,29949,17760000,6618
9,222,17760000,17760000,17970,29949,17840000,6646
9,223,17840000,17840000,17970,29949,17920000,6677
9,224,17920000,17920000,17970,29949,18000000,6709
9,225,18000000,18000000,17970,29949,18080000,6736
9,226,18080000,18080000,17970,29949,18160000,6766
9,227,18160000,18160000,17970,29949,18240000,6797
9,228,18240000,18240000,17970,29949,18320000,6826
9,229,18320000,18320000,17970,29949,18400000,6856
9,23,1840000,1840000,17970,29949,1920000,711
9,230,18400000,18400000,17970,29949,18480000,6888
9,231,18480000,18480000,17970,29949,18560000,6916
9,232,18560000,18560000,17970,29949,18640000,6944
9,233,18640000,18640000,17970,29949,18720000,6975
9,234,18720000,18720000,17970,29949,18800000,7006
9,235,18800000,18800000,17970,29949,18880000,7035
9,236,18880000,18880000,17970,29949,18960000,7065
9,237,18960000,18960000,17970,29949,19040000,7095
9,238,19040000,19040000,17970,29949,19120000,7124
9,239,19120000,19120000,17970,29949,19200000,7156
9,24,1920000,1920000,17970,29949,2000000,743
9,240,19200000,19200000,17970,29949,19280000,7183
9,241,19280000,19280000,17970,29949,19360000,7215
9,242,19360000,19360000,17970,29949,19440000,7244
9,243,19440000,19440000,17970,29949,19520000,7272
9,244,19520000,19520000,17970,29949,19600000,7305
9,245,19600000,19600000,17970,29949,19680000,7334
9,246,19680000,19680000,17970,29949,19760000,7363
9,247,19760000,19760000,17970,29949,19840000,7391
9,248,19840000,19840000,17970,29949,19920000,7424
9,249,19920000,19920000,17970,29949,20000000,7453
9,25,2000000,2000000,17970,29949,2080000,771
9,250,20000000,20000000,17970,29949,20080000,7482
9,251,20080000,20080000,17970,29949,20160000,7514
9,252,20160000,20160000,17970,29949,20240000,7542
9,253,20240000,20240000,17970,29949,20320000,7571
9,254,20320000,20320000,17970,29949,20400000,7602
9,255,20400000,20400000,17970,29949,20480000,7632
9,256,20480000,20480000,17970,29949,20560000,7661
9,257,20560000,20560000,17970,29949,20640000,7691
9,258,20640000,20640000,17970,29949,20720000,7721
9,259,20720000,20720000,17970,29949,20800000,7752
9,26,2080000,2080000,17970,29949,2160000,802
9,260,20800000,20800000,17970,29949,20880000,7781
9,261,20880000,20880000,17970,29949,20960000,7810
9,262,20960000,20960000,17970,29949,21040000,7840
9,263,21040000,21040000,17970,29949,21120000,7871
9,264,21120000,21120000,17970,29949,21200000,7900
9,265,21200000,21200000,17970,29949,21280000,7930
9,266,21280000,21280000,17970,29949,21360000,7961
9,267,21360000,21360000,17970,29949,21440000,7988
9,268,21440000,21440000,17970,29949,21520000,8018
9,269,21520000,21520000,17970,29949,21600000,8051
9,27,2160000,2160000,17970,29949,2240000,831
9,270,21600000,21600000,17970,29949,21680000,8079
9,271,21680000,21680000,17970,29949,21760000,8108
9,272,21760000,21760000,17970,29949,21840000,8140
9,273,21840000,21840000,17970,29949,21920000,8168
9,274,21920000,21920000,17970,29949,22000000,8199
9,275,22000000,22000000,17970,29949,22080000,8228
9,276,22080000,22080000,17970,29949,22160000,8258
9,277,22160000,22160000,17970,29949,22240000,8287
9,278,22240000,22240000,17970,29949,22320000,8317
9,279,22320000,22320000,17970,29949,22400000,8349
9,28,2240000,2240000,17970,29949,2320000,861
9,280,22400000,22400000,17970,29949,22480000,8377
9,281,22480000,22480000,17970,29949,22560000,8408
9,282,22560000,22560000,17970,29949,22640000,8435
9,283,22640000,22640000,17970,29949,22720000,8467
9,284,22720000,22720000,17970,29949,22800000,8498
9,285,22800000,22800000,17970,29949,22880000,8526
9,286,22880000,22880000,17970,29949,22960000,8557
9,287,22960000,22960000,17970,29949,23040000,8586
9,288,23040000,23040000,17970,29949,23120000,8615
9,289,23120000,23120000,17970,29949,23200000,8645
9,29,2320000,2320000,17970,29949,2400000,892
9,290,23200000,23200000,17970,29949,23280000,8677
9,291,23280000,23280000,17970,29949,23360000,8705
9,292,23360000,23360000,17970,29949,23440000,8734
9,293,23440000,23440000,17970,29949,23520000,8766
9,294,23520000,23520000,17970,29949,23600000,8796
9,295,23600000,23600000,17970,29949,23680000,8824
9,296,23680000,23680000,17970,29949,23760000,8855
9,297,23760000,23760000,17970,29949,23840000,8884
9,298,23840000,23840000,17970,29949,23920000,8913
9,299,23920000,23920000,17970,29949,24000000,8945
9,3,240000,240000,17970,29949,320000,115
9,30,2400000,2400000,17970,29949,2480000,920
9,300,24000000,24000000,17970,29949,24080000,8974
9,301,24080000,24080000,17970,29949,24160000,9004
9,302,24160000,24160000,17970,29949,24240000,9033
9,303,24240000,24240000,17970,29949,24320000,9062
9,304,24320000,24320000,17970,29949,24400000,9094
9,305,24400000,24400000,17970,29949,24480000,9124
9,306,24480000,24480000,17970,29949,24560000,9152
9,307,24560000,24560000,17970,29949,24640000,9183
9,308,24640000,24640000,17970,29949,24720000,9213
9,309,24720000,24720000,17970,29949,24800000,9242
9,31,2480000,2480000,17970,29949,2560000,951
9,310,24800000,24800000,17970,29949,24880000,9271
9,311,24880000,24880000,17970,29949,24960000,9303
9,312,24960000,24960000,17970,29949,25040000,9331
9,313,25040000,25040000,17970,29949,25120000,9360
9,314,25120000,25120000,17970,29949,25200000,9394
9,315,25200000,25200000,17970,29949,25280000,9421
9,316,25280000,25280000,17970,29949,25360000,9451
9,317,25360000,25360000,17970,29949,25440000,9480
9,318,25440000,25440000,17970,29949,25520000,9511
9,319,25520000,25520000,17970,29949,25600000,9541
9,32,2560000,2560000,17970,29949,2640000,981
9,320,25600000,25600000,17970,29949,25680000,9570
9,321,25680000,25680000,17970,29949,25760000,9601
9,322,25760000,25760000,17970,29949,25840000,9629
9,323,25840000,25840000,17970,29949,25920000,9660
9,324,25920000,25920000,17970,29949,26000000,9689
9,325,26000000,26000000,17970,29949,26080000,9720
9,326,26080000,26080000,17970,29949,26160000,9750
9,327,26160000,26160000,17970,29949,26240000,9778
9,328,26240000,26240000,17970,29949,26320000,9809
9,329,26320000,26320000,17970,29949,26400000,9841
9,33,2640000,2640000,17970,29949,2720000,1009
9,330,26400000,26400000,17970,29949,26480000,9868
9,331,26480000,26480000,17970,29949,26560000,9897
9,332,26560000,26560000,17970,29949,26640000,9929
9,333,26640000,26640000,17970,29949,26720000,9957
9,334,26720000,26720000,17970,29949,26800000,9988
9,335,26800000,26800000,17970,29949,26880000,10019
9,336,26880000,26880000,17970,29949,26960000,10048
9,337,26960000,26960000,17970,29949,27040000,10076
9,338,27040000,27040000,17970,29949,27120000,10107
9,339,27120000,27120000,17970,29949,27200000,10138
9,34,2720000,2720000,17970,29949,2800000,1041
9,340,27200000,27200000,17970,29949,27280000,10167
9,341,27280000,27280000,17970,29949,27360000,10197
9,342,27360000,27360000,17970,29949,27440000,10226
9,343,27440000,27440000,17970,29949,27520000,10256
9,344,27520000,27520000,17970,29949,27600000,10287
9,345,27600000,27600000,17970,29949,27680000,10315
9,346,27680000,27680000,17970,29949,27760000,10346
9,347,27760000,27760000,17970,29949,27840000,10376
9,348,27840000,27840000,17970,29949,27920000,10404
9,349,27920000,27920000,17970,29949,28000000,10437
9,35,2800000,2800000,17970,29949,2880000,1071
9,350,28000000,28000000,17970,29949,28080000,10466
9,351,28080000,28080000,17970,29949,28160000,10495
9,352,28160000,28160000,17970,29949,28240000,10523
9,353,28240000,28240000,17970,29949,28320000,10555
9,354,28320000,28320000,17970,29949,28400000,10585
9,355,28400000,28400000,17970,29949,28480000,10613
9,356,28480000,28480000,17970,29949,28560000,10646
9,357,28560000,28560000,17970,29949,28640000,10673
9,358,28640000,28640000,17970,29949,28720000,10703
9,359,28720000,28720000,17970,29949,28800000,10734
9,36,2880000,2880000,17970,29949,2960000,1099
9,360,28800000,28800000,17970,29949,28880000,10764
9,361,28880000,28880000,17970,29949,28960000,10793
9,362,28960000,28960000,17970,29949,29040000,10823
9,363,29040000,29040000,17970,29949,29120000,10853
9,364,29120000,29120000,17970,29949,29200000,10883
9,365,29200000,29200000,17970,29949,29280000,10913
9,366,29280000,29280000,17970,29949,29360000,10941
9,367,29360000,29360000,17970,29949,29440000,10972
9,368,29440000,29440000,17970,29949,29520000,11002
9,369,29520000,29520000,17970,29949,29600000,11032
9,37,2960000,2960000,17970,29949,3040000,1128
9,370,29600000,29600000,17970,29949,29680000,11062
9,371,29680000,29680000,17970,29949,29760000,11093
9,372,29760000,29760000,17970,29949,29840000,11120
9,373,29840000,29840000,17970,29949,29920000,11150
9,374,29920000,29920000,17970,29949,30000000,11183
9,375,30000000,30000000,17970,29949,30080000,11210
9,376,30080000,30080000,17970,29949,30160000,11240
9,377,30160000,30160000,17970,29949,30240000,11271
9,378,30240000,30240000,17970,29949,30320000,11300
9,379,30320000,30320000,17970,29949,30400000,11330
9,38,3040000,3040000,17970,29949,3120000,1160
9,380,30400000,30400000,17970,29949,30480000,11360
9,381,30480000,30480000,17970,29949,30560000,11390
9,382,30560000,30560000,17970,29949,30640000,11419
9,383,30640000,30640000,17970,29949,30720000,11449
9,384,30720000,30720000,17970,29949,30800000,11481
9,385,30800000,30800000,17970,29949,30880000,11509
9,386,30880000,30880000,17970,29949,30960000,11539
9,387,30960000,30960000,17970,29949,31040000,11567
9,388,31040000,31040000,17970,29949,31120000,11598
9,389,31120000,31120000,17970,29949,31200000,11630
9,39,3120000,3120000,17970,29949,3200000,1190
9,390,31200000,31200000,17970,29949,31280000,11657
9,391,31280000,31280000,17970,29949,31360000,11689
9,392,31360000,31360000,17970,29949,31440000,11718
9,393,31440000,31440000,17970,29949,31520000,11747
9,394,31520000,31520000,17970,29949,31600000,11777
9,395,31600000,31600000,17970,29949,31680000,11809
9,396,31680000,31680000,17970,29949,31760000,11837
9,397,31760000,31760000,17970,29949,31840000,11865
9,398,31840000,31840000,17970,29949,31920000,11898
9,399,31920000,31920000,17970,29949,32000000,11927
9,4,320000,320000,17970,29949,400000,146
9,40,3200000,3200000,17970,29949,3280000,1218
9,400,32000000,32000000,17970,29949,32080000,11956
9,401,32080000,32080000,17970,29949,32160000,11986
9,402,32160000,32160000,17970,29949,32240000,12016
9,403,32240000,32240000,17970,29949,32320000,12045
9,404,32320000,32320000,17970,29949,32400000,12077
9,405,32400000,32400000,17970,29949,32480000,12106
9,406,32480000,32480000,17970,29949,32560000,12136
9,407,32560000,32560000,17970,29949,32640000,12165
9,408,32640000,32640000,17970,29949,32720000,12193
9,409,32720000,32720000,17970,29949,32800000,12226
9,41,3280000,3280000,17970,29949,3360000,1251
9,410,32800000,32800000,17970,29949,32880000,12255
9,411,32880000,32880000,17970,29949,32960000,12284
9,412,32960000,32960000,17970,29949,33040000,12314
9,413,33040000,33040000,17970,29949,33120000,12345
9,414,33120000,33120000,17970,29949,33200000,12374
9,415,33200000,33200000,17970,29949,33280000,12403
9,416,33280000,33280000,17970,29949,33360000,12435
9,417,33360000,33360000,17970,29949,33440000,12463
9,418,33440000,33440000,17970,29949,33520000,12492
9,419,33520000,33520000,17970,29949,33600000,12525
9,42,3360000,3360000,17970,29949,3440000,1278
9,420,33600000,33600000,17970,29949,33680000,12553
9,421,33680000,33680000,17970,29949,33760000,12582
9,422,33760000,33760000,17970,29949,33840000,12612
9,423,33840000,33840000,17970,29949,33920000,12642
9,424,33920000,33920000,17970,29949,34000000,12673
9,425,34000000,34000000,17970,29949,34080000,12702
9,426,34080000,34080000,17970,29949,34160000,12733
9,427,34160000,34160000,17970,29949,34240000,12761
9,428,34240000,34240000,17970,29949,34320000,12792
9,429,34320000,34320000,17970,29949,34400000,12821
9,43,3440000,3440000,17970,29949,3520000,1308
9,430,34400000,34400000,17970,29949,34480000,12851
9,431,34480000,34480000,17970,29949,34560000,12882
9,432,34560000,34560000,17970,29949,34640000,12909
9,433,34640000,34640000,17970,29949,34720000,12941
9,434,34720000,34720000,17970,29949,34800000,12972
9,435,34800000,34800000,17970,29949,34880000,13000
9,436,34880000,34880000,17970,29949,34960000,13029
9,437,34960000,34960000,17970,29949,35040000,13061
9,438,35040000,35040000,17970,29949,35120000,13089
9,439,35120000,35120000,17970,29949,35200000,13120
9,44,3520000,3520000,17970,29949,3600000,1339
9,440,35200000,35200000,17970,29949,35280000,13151
9,441,35280000,35280000,17970,29949,35360000,13179
9,442,35360000,35360000,17970,29949,35440000,13208
9,443,35440000,35440000,17970,29949,35520000,13238
9,444,35520000,35520000,17970,29949,35600000,13270
9,445,35600000,35600000,17970,29949,35680000,13298
9,446,35680000,35680000,17970,29949,35760000,13329
9,447,35760000,35760000,17970,29949,35840000,13358
9,448,35840000,35840000,17970,29949,35920000,13388
9,449,35920000,35920000,17970,29949,36000000,13419
9,45,3600000,3600000,17970,29949,3680000,1368
9,450,36000000,36000000,17970,29949,36080000,13447
9,451,36080000,36080000,17970,29949,36160000,13478
9,452,36160000,36160000,17970,29949,36240000,13507
9,453,36240000,36240000,17970,29949,36320000,13536
9,454,36320000,36320000,17970,29949,36400000,13568
9,455,36400000,36400000,17970,29949,36480000,13598
9,456,36480000,36480000,17970,29949,36560000,13626
9,457,36560000,36560000,17970,29949,36640000,13655
9,458,36640000,36640000,17970,29949,36720000,13687
9,459,36720000,36720000,17970,29949,36800000,13717
9,46,3680000,3680000,17970,29949,3760000,1398
9,460,36800000,36800000,17970,29949,36880000,13745
9,461,36880000,36880000,17970,29949,36960000,13778
9,462,36960000,36960000,17970,29949,37040000,13805
9,463,37040000,37040000,17970,29949,37120000,13834
9,464,37120000,37120000,17970,29949,37200000,13866
9,465,37200000,37200000,17970,29949,37280000,13895
9,466,37280000,37280000,17970,29949,37360000,13925
9,467,37360000,37360000,17970,29949,37440000,13954
9,468,37440000,37440000,17970,29949,37520000,13985
9,469,37520000,37520000,17970,29949,37600000,14015
9,47,3760000,3760000,17970,29949,3840000,1427
9,470,37600000,37600000,17970,29949,37680000,14045
9,471,37680000,37680000,17970,29949,37760000,14073
9,472,37760000,37760000,17970,29949,37840000,14104
9,473,37840000,37840000,17970,29949,37920000,14134
9,474,37920000,37920000,17970,29949,38000000,14163
9,475,38000000,38000000,17970,29949,38080000,14194
9,476,38080000,38080000,17970,29949,38160000,14224
9,477,38160000,38160000,17970,29949,38240000,14252
9,478,38240000,38240000,17970,29949,38320000,14281
9,479,38320000,38320000,17970,29949,38400000,14315
9,48,3840000,3840000,17970,29949,3920000,1458
9,480,38400000,38400000,17970,29949,38480000,14342
9,481,38480000,38480000,17970,29949,38560000,14372
9,482,38560000,38560000,17970,29949,38640000,14403
9,483,38640000,38640000,17970,29949,38720000,14432
9,484,38720000,38720000,17970,29949,38800000,14462
9,485,38800000,38800000,17970,29949,38880000,14491
9,486,38880000,38880000,17970,29949,38960000,14522
9,487,38960000,38960000,17970,29949,39040000,14550
9,488,39040000,39040000,17970,29949,39120000,14581
9,489,39120000,39120000,17970,29949,39200000,14612
9,49,3920000,3920000,17970,29949,4000000,1488
9,490,39200000,39200000,17970,29949,39280000,14641
9,491,39280000,39280000,17970,29949,39360000,14671
9,492,39360000,39360000,17970,29949,39440000,14699
9,493,39440000,39440000,17970,29949,39520000,14730
9,494,39520000,39520000,17970,29949,39600000,14762
9,495,39600000,39600000,17970,29949,39680000,14789
9,496,39680000,39680000,17970,29949,39760000,14820
9,497,39760000,39760000,17970,29949,39840000,14850
9,498,39840000,39840000,17970,29949,39920000,14878
9,499,39920000,39920000,17970,29949,40000000,14909
9,5,400000,400000,17970,29949,480000,175
9,50,4000000,4000000,17970,29949,4080000,1518
9,500,40000000,40000000,17970,29949,40080000,14940
9,501,40080000,40080000,17970,29949,40160000,14969
9,502,40160000,40160000,17970,29949,40240000,14997
9,503,40240000,40240000,17970,29949,40320000,15030
9,504,40320000,40320000,17970,29949,40400000,15059
9,505,40400000,40400000,17970,29949,40480000,15088
9,506,40480000,40480000,17970,29949,40560000,15118
9,507,40560000,40560000,17970,29949,40640000,15147
9,508,40640000,40640000,17970,29949,40720000,15177
9,509,40720000,40720000,17970,29949,40800000,15208
9,51,4080000,4080000,17970,29949,4160000,1546
9,510,40800000,40800000,17970,29949,40880000,15238
9,511,40880000,40880000,17970,29949,40960000,15267
9,512,40960000,40960000,17970,29949,41040000,15297
9,513,41040000,41040000,17970,29949,41120000,15325
9,514,41120000,41120000,17970,29949,41200000,15358
9,515,41200000,41200000,17970,29949,41280000,15387
9,516,41280000,41280000,17970,29949,41360000,15416
9,517,41360000,41360000,17970,29949,41440000,15446
9,518,41440000,41440000,17970,29949,41520000,15476
9,519,41520000,41520000,17970,29949,41600000,15506
9,52,4160000,4160000,17970,29949,4240000,1577
9,520,41600000,41600000,17970,29949,41680000,15534
9,521,41680000,41680000,17970,29949,41760000,15567
9,522,41760000,41760000,17970,29949,41840000,15594
9,523,41840000,41840000,17970,29949,41920000,15624
9,524,41920000,41920000,17970,29949,42000000,15657
9,525,42000000,42000000,17970,29949,42080000,15685
9,526,42080000,42080000,17970,29949,42160000,15714
9,527,42160000,42160000,17970,29949,42240000,15744
9,528,42240000,42240000,17970,29949,42320000,15774
9,529,42320000,42320000,17970,29949,42400000,15804
9,53,4240000,4240000,17970,29949,4320000,1607
9,530,42400000,42400000,17970,29949,42480000,15834
9,531,42480000,42480000,17970,29949,42560000,15864
9,532,42560000,42560000,17970,29949,42640000,15893
9,533,42640000,42640000,17970,29949,42720000,15923
9,534,42720000,42720000,17970,29949,42800000,15953
9,535,42800000,42800000,17970,29949,42880000,15983
9,536,42880000,42880000,17970,29949,42960000,16014
9,537,42960000,42960000,17970,29949,43040000,16041
9,538,43040000,43040000,17970,29949,43120000,16073
9,539,43120000,43120000,17970,29949,43200000,16104
9,54,4320000,4320000,17970,29949,4400000,1637
9,540,43200000,43200000,17970,29949,43280000,16131
9,541,43280000,43280000,17970,29949,43360000,16161
9,542,43360000,43360000,17970,29949,43440000,16192
9,543,43440000,43440000,17970,29949,43520000,16221
9,544,43520000,43520000,17970,29949,43600000,16251
9,545,43600000,43600000,17970,29949,43680000,16283
9,546,43680000,43680000,17970,29949,43760000,16311
9,547,43760000,43760000,17970,29949,43840000,16340
9,548,43840000,43840000,17970,29949,43920000,16370
9,549,43920000,43920000,17970,29949,44000000,16402
9,55,4400000,4400000,17970,29949,4480000,1667
9,550,44000000,44000000,17970,29949,44080000,16430
9,551,44080000,44080000,17970,29949,44160000,16460
9,552,44160000,44160000,17970,29949,44240000,16490
9,553,44240000,44240000,17970,29949,44320000,16519
9,554,44320000,44320000,17970,29949,44400000,16551
9,555,44400000,44400000,17970,29949,44480000,16578
9,556,44480000,44480000,17970,29949,44560000,16610
9,557,44560000,44560000,17970,29949,44640000,16639
9,558,44640000,44640000,17970,29949,44720000,16668
9,559,44720000,44720000,17970,29949,44800000,16700
9,56,4480000,4480000,17970,29949,4560000,1697
9,560,44800000,44800000,17970,29949,44880000,16730
9,561,44880000,44880000,17970,29949,44960000,16758
9,562,44960000,44960000,17970,29949,45040000,16786
9,563,45040000,45040000,17970,29949,45120000,16819
9,564,45120000,45120000,17970,29949,45200000,16848
9,565,45200000,45200000,17970,29949,45280000,16877
9,566,45280000,45280000,17970,29949,45360000,16909
9,567,45360000,45360000,17970,29949,45440000,16937
9,568,45440000,45440000,17970,29949,45520000,16966
9,569,45520000,45520000,17970,29949,45600000,16998
9,57,4560000,4560000,17970,29949,4640000,1725
9,570,45600000,45600000,17970,29949,45680000,17027
9,571,45680000,45680000,17970,29949,45760000,17057
9,572,45760000,45760000,17970,29949,45840000,17086
9,573,45840000,45840000,17970,29949,45920000,17116
9,574,45920000,45920000,17970,29949,46000000,17147
9,575,46000000,46000000,17970,29949,46080000,17176
9,576,46080000,46080000,17970,29949,46160000,17205
9,577,46160000,46160000,17970,29949,46240000,17235
9,578,46240000,46240000,17970,29949,46320000,17266
9,579,46320000,46320000,17970,29949,46400000,17295
9,58,4640000,4640000,17970,29949,4720000,1754
9,580,46400000,46400000,17970,29949,46480000,17326
9,581,46480000,46480000,17970,29949,46560000,17356
9,582,46560000,46560000,17970,29949,46640000,17384
9,583,46640000,46640000,17970,29949,46720000,17413
9,584,46720000,46720000,17970,29949,46800000,17446
9,585,46800000,46800000,17970,29949,46880000,17474
9,586,46880000,46880000,17970,29949,46960000,17503
9,587,46960000,46960000,17970,29949,47040000,17535
9,588,47040000,47040000,17970,29949,47120000,17563
9,589,47120000,47120000,17970,29949,47200000,17594
9,59,4720000,4720000,17970,29949,4800000,1788
9,590,47200000,47200000,17970,29949,47280000,17623
9,591,47280000,47280000,17970,29949,47360000,17654
9,592,47360000,47360000,17970,29949,47440000,17682
9,593,47440000,47440000,17970,29949,47520000,17713
9,594,47520000,47520000,17970,29949,47600000,17744
9,595,47600000,47600000,17970,29949,47680000,17772
9,596,47680000,47680000,17970,29949,47760000,17803
9,597,47760000,47760000,17970,29949,47840000,17830
9,598,47840000,47840000,17970,29949,47920000,17862
9,599,47920000,47920000,17970,29949,48000000,17893
9,6,480000,480000,17970,29949,560000,206
9,60,4800000,4800000,17970,29949,4880000,1815
9,600,48000000,48000000,17970,29949,48080000,17921
9,601,48080000,48080000,17970,29949,48160000,17952
9,602,48160000,48160000,17970,29949,48240000,17982
9,603,48240000,48240000,17970,29949,48320000,18010
9,604,48320000,48320000,17970,29949,48400000,18041
9,605,48400000,48400000,17970,29949,48480000,18072
9,606,48480000,48480000,17970,29949,48560000,18100
9,607,48560000,48560000,17970,29949,48640000,18129
9,608,48640000,48640000,17970,29949,48720000,18161
9,609,48720000,48720000,17970,29949,48800000,18191
9,61,4880000,4880000,17970,29949,4960000,1845
9,610,48800000,48800000,17970,29949,48880000,18219
9,611,48880000,48880000,17970,29949,48960000,18250
9,612,48960000,48960000,17970,29949,49040000,18279
9,613,49040000,49040000,17970,29949,49120000,18309
9,614,49120000,49120000,17970,29949,49200000,18340
9,615,49200000,49200000,17970,29949,49280000,18370
9,616,49280000,49280000,17970,29949,49360000,18399
9,617,49360000,49360000,17970,29949,49440000,18428
9,618,49440000,49440000,17970,29949,49520000,18457
9,619,49520000,49520000,17970,29949,49600000,18489
9,62,4960000,4960000,17970,29949,5040000,1876
9,620,49600000,49600000,17970,29949,49680000,18519
9,621,49680000,49680000,17970,29949,49760000,18547
9,622,49760000,49760000,17970,29949,49840000,18578
9,623,49840000,49840000,17970,29949,49920000,18608
9,624,49920000,49920000,17970,29949,50000000,18638
9,625,50000000,50000000,17970,29949,50080000,18666
9,626,50080000,50080000,17970,29949,50160000,18699
9,627,50160000,50160000,17970,29949,50240000,18726
9,628,50240000,50240000,17970,29949,50320000,18755
9,629,50320000,50320000,17970,29949,50400000,18789
9,63,5040000,5040000,17970,29949,5120000,1905
9,630,50400000,50400000,17970,29949,50480000,18816
9,631,50480000,50480000,17970,29949,50560000,18846
9,632,50560000,50560000,17970,29949,50640000,18875
9,633,50640000,50640000,17970,29949,50720000,18906
9,634,50720000,50720000,17970,29949,50800000,18936
9,635,50800000,50800000,17970,29949,50880000,18966
9,636,50880000,50880000,17970,29949,50960000,18996
9,637,50960000,50960000,17970,29949,51040000,19025
9,638,51040000,51040000,17970,29949,51120000,19055
9,639,51120000,51120000,17970,29949,51200000,19084
9,64,5120000,5120000,17970,29949,5200000,1935
9,640,51200000,51200000,17970,29949,51280000,19115
9,641,51280000,51280000,17970,29949,51360000,19145
9,642,51360000,51360000,17970,29949,51440000,19173
9,643,51440000,51440000,17970,29949,51520000,19204
9,644,51520000,51520000,17970,29949,51600000,19236
9,645,51600000,51600000,17970,29949,51680000,19263
9,646,51680000,51680000,17970,29949,51760000,19293
9,647,51760000,51760000,17970,29949,51840000,19324
9,648,51840000,51840000,17970,29949,51920000,19353
9,649,51920000,51920000,17970,29949,52000000,19383
9,65,5200000,5200000,17970,29949,5280000,1965
9,650,52000000,52000000,17970,29949,52080000,19414
9,651,52080000,52080000,17970,29949,52160000,19443
9,652,52160000,52160000,17970,29949,52240000,19471
9,653,52240000,52240000,17970,29949,52320000,19502
9,654,52320000,52320000,17970,29949,52400000,19533
9,655,52400000,52400000,17970,29949,52480000,19562
9,656,52480000,52480000,17970,29949,52560000,19592
9,657,52560000,52560000,17970,29949,52640000,19622
9,658,52640000,52640000,17970,29949,52720000,19651
9,659,52720000,52720000,17970,29949,52800000,19683
9,66,5280000,5280000,17970,29949,5360000,1995
9,660,52800000,52800000,17970,29949,52880000,19710
9,661,52880000,52880000,17970,29949,52960000,19741
9,662,52960000,52960000,17970,29949,53040000,19771
9,663,53040000,53040000,17970,29949,53120000,19799
9,664,53120000,53120000,17970,29949,53200000,19832
9,665,53200000,53200000,17970,29949,53280000,19861
9,666,53280000,53280000,17970,29949,53360000,19890
9,667,53360000,53360000,17970,29949,53440000,19918
9,668,53440000,53440000,17970,29949,53520000,19951
9,669,53520000,53520000,17970,29949,53600000,19980
9,67,5360000,5360000,17970,29949,5440000,2023
9,670,53600000,53600000,17970,29949,53680000,20009
9,671,53680000,53680000,17970,29949,53760000,20041
9,672,53760000,53760000,17970,29949,53840000,20068
9,673,53840000,53840000,17970,29949,53920000,20098
9,674,53920000,53920000,17970,29949,54000000,20129
9,675,54000000,54000000,17970,29949,54080000,20159
9,676,54080000,54080000,17970,29949,54160000,20188
9,677,54160000,54160000,17970,29949,54240000,20218
9,678,54240000,54240000,17970,29949,54320000,20248
9,679,54320000,54320000,17970,29949,54400000,20279
9,68,5440000,5440000,17970,29949,5520000,2054
9,680,54400000,54400000,17970,29949,54480000,20308
9,681,54480000,54480000,17970,29949,54560000,20337
9,682,54560000,54560000,17970,29949,54640000,20367
9,683,54640000,54640000,17970,29949,54720000,20397
9,684,54720000,54720000,17970,29949,54800000,20427
9,685,54800000,54800000,17970,29949,54880000,20457
9,686,54880000,54880000,17970,29949,54960000,20488
9,687,54960000,54960000,17970,29949,55040000,20515
9,688,55040000,55040000,17970,29949,55120000,20545
9,689,55120000,55120000,17970,29949,55200000,20578
9,69,5520000,5520000,17970,29949,5600000,2085
9,690,55200000,55200000,17970,29949,55280000,20606
9,691,55280000,55280000,17970,29949,55360000,20635
9,692,55360000,55360000,17970,29949,55440000,20667
9,693,55440000,55440000,17970,29949,55520000,20695
9,694,55520000,55520000,17970,29949,55600000,20725
9,695,55600000,55600000,17970,29949,55680000,20755
9,696,55680000,55680000,17970,29949,55760000,20785
9,697,55760000,55760000,17970,29949,55840000,20814
9,698,55840000,55840000,17970,29949,55920000,20844
9,699,55920000,55920000,17970,29949,56000000,20876
9,7,560000,560000,17970,29949,640000,234
9,70,5600000,5600000,17970,29949,5680000,2114
9,700,56000000,56000000,17970,29949,56080000,20904
9,701,56080000,56080000,17970,29949,56160000,20935
9,702,56160000,56160000,17970,29949,56240000,20962
9,703,56240000,56240000,17970,29949,56320000,20994
9,704,56320000,56320000,17970,29949,56400000,21025
9,705,56400000,56400000,17970,29949,56480000,21052
9,706,56480000,56480000,17970,29949,56560000,21084
9,707,56560000,56560000,17970,29949,56640000,21113
9,708,56640000,56640000,17970,29949,56720000,21142
9,709,56720000,56720000,17970,29949,56800000,21172
9,71,5680000,5680000,17970,29949,5760000,2144
9,710,56800000,56800000,17970,29949,56880000,21204
9,711,56880000,56880000,17970,29949,56960000,21232
9,712,56960000,56960000,17970,29949,57040000,21261
9,713,57040000,57040000,17970,29949,57120000,21293
9,714,57120000,57120000,17970,29949,57200000,21323
9,715,57200000,57200000,17970,29949,57280000,21351
9,716,57280000,57280000,17970,29949,57360000,21381
9,717,57360000,57360000,17970,29949,57440000,21411
9,718,57440000,57440000,17970,29949,57520000,21440
9,719,57520000,57520000,17970,29949,57600000,21472
9,72,5760000,5760000,17970,29949,5840000,2172
9,720,57600000,57600000,17970,29949,57680000,21501
9,721,57680000,57680000,17970,29949,57760000,21531
9,722,57760000,57760000,17970,29949,57840000,21560
9,723,57840000,57840000,17970,29949,57920000,21589
9,724,57920000,57920000,17970,29949,58000000,21621
9,725,58000000,58000000,17970,29949,58080000,21651
9,726,58080000,58080000,17970,29949,58160000,21679
9,727,58160000,58160000,17970,29949,58240000,21709
9,728,58240000,58240000,17970,29949,58320000,21740
9,729,58320000,58320000,17970,29949,58400000,21769
9,73,5840000,5840000,17970,29949,5920000,2203
9,730,58400000,58400000,17970,29949,58480000,21798
9,731,58480000,58480000,17970,29949,58560000,21830
9,732,58560000,58560000,17970,29949,58640000,21858
9,733,58640000,58640000,17970,29949,58720000,21887
9,734,58720000,58720000,17970,29949,58800000,21921
9,735,58800000,58800000,17970,29949,58880000,21948
9,736,58880000,58880000,17970,29949,58960000,21978
9,737,58960000,58960000,17970,29949,59040000,22007
9,738,59040000,59040000,17970,29949,59120000,22037
9,739,59120000,59120000,17970,29949,59200000,22068
9,74,5920000,5920000,17970,29949,6000000,2235
9,740,59200000,59200000,17970,29949,59280000,22097
9,741,59280000,59280000,17970,29949,59360000,22128
9,742,59360000,59360000,17970,29949,59440000,22156
9,743,59440000,59440000,17970,29949,59520000,22187
9,744,59520000,59520000,17970,29949,59600000,22216
9,745,59600000,59600000,17970,29949,59680000,22247
9,746,59680000,59680000,17970,29949,59760000,22277
9,747,59760000,59760000,17970,29949,59840000,22305
9,748,59840000,59840000,17970,29949,59920000,22336
9,749,59920000,59920000,17970,29949,60000000,22367
9,75,6000000,6000000,17970,29949,6080000,2262
9,750,60000000,60000000,17970,29949,60080000,22395
9,751,60080000,60080000,17970,29949,60160000,22424
9,752,60160000,60160000,17970,29949,60240000,22456
9,753,60240000,60240000,17970,29949,60320000,22484
9,754,60320000,60320000,17970,29949,60400000,22515
9,755,60400000,60400000,17970,29949,60480000,22546
9,756,60480000,60480000,17970,29949,60560000,22575
9,757,60560000,60560000,17970,29949,60640000,22603
9,758,60640000,60640000,17970,29949,60720000,22634
9,759,60720000,60720000,17970,29949,60800000,22665
9,76,6080000,6080000,17970,29949,6160000,2294
9,760,60800000,60800000,17970,29949,60880000,22693
9,761,60880000,60880000,17970,29949,60960000,22724
9,762,60960000,60960000,17970,29949,61040000,22753
9,763,61040000,61040000,17970,29949,61120000,22783
9,764,61120000,61120000,17970,29949,61200000,22814
9,765,61200000,61200000,17970,29949,61280000,22842
9,766,61280000,61280000,17970,29949,61360000,22873
9,767,61360000,61360000,17970,29949,61440000,22903
9,768,61440000,61440000,17970,29949,61520000,22931
9,769,61520000,61520000,17970,29949,61600000,22964
9,77,6160000,6160000,17970,29949,6240000,2323
9,770,61600000,61600000,17970,29949,61680000,22993
9,771,61680000,61680000,17970,29949,61760000,23021
9,772,61760000,61760000,17970,29949,61840000,23050
9,773,61840000,61840000,17970,29949,61920000,23082
9,774,61920000,61920000,17970,29949,62000000,23112
9,775,62000000,62000000,17970,29949,62080000,23140
9,776,62080000,62080000,17970,29949,62160000,23173
9,777,62160000,62160000,17970,29949,62240000,23200
9,778,62240000,62240000,17970,29949,62320000,23230
9,779,62320000,62320000,17970,29949,62400000,23261
9,78,6240000,6240000,17970,29949,6320000,2351
9,780,62400000,62400000,17970,29949,62480000,23291
9,781,62480000,62480000,17970,29949,62560000,23320
9,782,62560000,62560000,17970,29949,62640000,23349
9,783,62640000,62640000,17970,29949,62720000,23380
9,784,62720000,62720000,17970,29949,62800000,23410
9,785,62800000,62800000,17970,29949,62880000,23440
9,786,62880000,62880000,17970,29949,62960000,23468
9,787,62960000,62960000,17970,29949,63040000,23499
9,788,63040000,63040000,17970,29949,63120000,23529
9,789,63120000,63120000,17970,29949,63200000,23559
9,79,6320000,6320000,17970,29949,6400000,2382
9,790,63200000,63200000,17970,29949,63280000,23589
9,791,63280000,63280000,17970,29949,63360000,23620
9,792,63360000,63360000,17970,29949,63440000,23647
9,793,63440000,63440000,17970,29949,63520000,23676
9,794,63520000,63520000,17970,29949,63600000,23710
9,795,63600000,63600000,17970,29949,63680000,23737
9,796,63680000,63680000,17970,29949,63760000,23767
9,797,63760000,63760000,17970,29949,63840000,23798
9,798,63840000,63840000,17970,29949,63920000,23827
9,799,63920000,63920000,17970,29949,64000000,23857
9,8,640000,640000,17970,29949,720000,265
9,80,6400000,6400000,17970,29949,6480000,2413
9,800,64000000,64000000,17970,29949,64080000,23887
9,801,64080000,64080000,17970,29949,64160000,23917
9,802,64160000,64160000,17970,29949,64240000,23946
9,803,64240000,64240000,17970,29949,64320000,23976
9,804,64320000,64320000,17970,29949,64400000,24007
9,805,64400000,64400000,17970,29949,64480000,24036
9,806,64480000,64480000,17970,29949,64560000,24066
9,807,64560000,64560000,17970,29949,64640000,24094
9,808,64640000,64640000,17970,29949,64720000,24125
9,809,64720000,64720000,17970,29949,64800000,24157
9,81,6480000,6480000,17970,29949,6560000,2442
9,810,64800000,64800000,17970,29949,64880000,24184
9,811,64880000,64880000,17970,29949,64960000,24216
9,812,64960000,64960000,17970,29949,65040000,24245
9,813,65040000,65040000,17970,29949,65120000,24274
9,814,65120000,65120000,17970,29949,65200000,24304
9,815,65200000,65200000,17970,29949,65280000,24335
9,816,65280000,65280000,17970,29949,65360000,24364
9,817,65360000,65360000,17970,29949,65440000,24392
9,818,65440000,65440000,17970,29949,65520000,24425
9,819,65520000,65520000,17970,29949,65600000,24454
9,82,6560000,6560000,17970,29949,6640000,2470
9,820,65600000,65600000,17970,29949,65680000,24483
9,821,65680000,65680000,17970,29949,65760000,24513
9,822,65760000,65760000,17970,29949,65840000,24543
9,823,65840000,65840000,17970,29949,65920000,24572
9,824,65920000,65920000,17970,29949,66000000,24604
9,825,66000000,66000000,17970,29949,66080000,24633
9,826,66080000,66080000,17970,29949,66160000,24662
9,827,66160000,66160000,17970,29949,66240000,24692
9,828,66240000,66240000,17970,29949,66320000,24720
9,829,66320000,66320000,17970,29949,66400000,24753
9,83,6640000,6640000,17970,29949,6720000,2503
9,830,66400000,66400000,17970,29949,66480000,24782
9,831,66480000,66480000,17970,29949,66560000,24811
9,832,66560000,66560000,17970,29949,66640000,24841
9,833,66640000,66640000,17970,29949,66720000,24872
9,834,66720000,66720000,17970,29949,66800000,24901
9,835,66800000,66800000,17970,29949,66880000,24930
9,836,66880000,66880000,17970,29949,66960000,24962
9,837,66960000,66960000,17970,29949,67040000,24989
9,838,67040000,67040000,17970,29949,67120000,25019
9,839,67120000,67120000,17970,29949,67200000,25052
9,84,6720000,6720000,17970,29949,6800000,2532
9,840,67200000,67200000,17970,29949,67280000,25080
9,841,67280000,67280000,17970,29949,67360000,25109
9,842,67360000,67360000,17970,29949,67440000,25139
9,843,67440000,67440000,17970,29949,67520000,25169
9,844,67520000,67520000,17970,29949,67600000,25200
9,845,67600000,67600000,17970,29949,67680000,25229
9,846,67680000,67680000,17970,29949,67760000,25260
9,847,67760000,67760000,17970,29949,67840000,25288
9,848,67840000,67840000,17970,29949,67920000,25318
9,849,67920000,67920000,17970,29949,68000000,25348
9,85,6800000,6800000,17970,29949,6880000,2561
9,850,68000000,68000000,17970,29949,68080000,25378
9,851,68080000,68080000,17970,29949,68160000,25409
9,852,68160000,68160000,17970,29949,68240000,25436
9,853,68240000,68240000,17970,29949,68320000,25468
9,854,68320000,68320000,17970,29949,68400000,25499
9,855,68400000,68400000,17970,29949,68480000,25527
9,856,68480000,68480000,17970,29949,68560000,25556
9,857,68560000,68560000,17970,29949,68640000,25588
9,858,68640000,68640000,17970,29949,68720000,25616
9,859,68720000,68720000,17970,29949,68800000,25646
9,86,6880000,6880000,17970,29949,6960000,2591
9,860,68800000,68800000,17970,29949,68880000,25678
9,861,68880000,68880000,17970,29949,68960000,25706
9,862,68960000,68960000,17970,29949,69040000,25735
9,863,69040000,69040000,17970,29949,69120000,25765
9,864,69120000,69120000,17970,29949,69200000,25797
9,865,69200000,69200000,17970,29949,69280000,25825
9,866,69280000,69280000,17970,29949,69360000,25856
9,867,69360000,69360000,17970,29949,69440000,25885
9,868,69440000,69440000,17970,29949,69520000,25915
9,869,69520000,69520000,17970,29949,69600000,25946
9,87,6960000,6960000,17970,29949,7040000,2621
9,870,69600000,69600000,17970,29949,69680000,25973
9,871,69680000,69680000,17970,29949,69760000,26005
9,872,69760000,69760000,17970,29949,69840000,26034
9,873,69840000,69840000,17970,29949,69920000,26063
9,874,69920000,69920000,17970,29949,70000000,26095
9,875,70000000,70000000,17970,29949,70080000,26125
9,876,70080000,70080000,17970,29949,70160000,26153
9,877,70160000,70160000,17970,29949,70240000,26182
9,878,70240000,70240000,17970,29949,70320000,26214
9,879,70320000,70320000,17970,29949,70400000,26244
9,88,7040000,7040000,17970,29949,7120000,2650
9,880,70400000,70400000,17970,29949,70480000,26272
9,881,70480000,70480000,17970,29949,70560000,26304
9,882,70560000,70560000,17970,29949,70640000,26332
9,883,70640000,70640000,17970,29949,70720000,26361
9,884,70720000,70720000,17970,29949,70800000,26393
9,885,70800000,70800000,17970,29949,70880000,26422
9,886,70880000,70880000,17970,29949,70960000,26452
9,887,70960000,70960000,17970,29949,71040000,26481
9,888,71040000,71040000,17970,29949,71120000,26512
9,889,71120000,71120000,17970,29949,71200000,26542
9,89,7120000,7120000,17970,29949,7200000,2681
9,890,71200000,71200000,17970,29949,71280000,26572
9,891,71280000,71280000,17970,29949,71360000,26600
9,892,71360000,71360000,17970,29949,71440000,26630
9,893,71440000,71440000,17970,29949,71520000,26661
9,894,71520000,71520000,17970,29949,71600000,26690
9,895,71600000,71600000,17970,29949,71680000,26721
9,896,71680000,71680000,17970,29949,71760000,26751
9,897,71760000,71760000,17970,29949,71840000,26779
9,898,71840000,71840000,17970,29949,71920000,26808
9,899,71920000,71920000,17970,29949,72000000,26842
9,9,720000,720000,17970,29949,800000,294
9,90,7200000,7200000,17970,29949,7280000,2711
9,900,72000000,72000000,17970,29949,72080000,26869
9,901,72080000,72080000,17970,29949,72160000,26899
9,902,72160000,72160000,17970,29949,72240000,26930
9,903,72240000,72240000,17970,29949,72320000,26958
9,904,72320000,72320000,17970,29949,72400000,26989
9,905,72400000,72400000,17970,29949,72480000,27018
9,906,72480000,72480000,17970,29949,72560000,27049
9,907,72560000,72560000,17970,29949,72640000,27077
9,908,72640000,72640000,17970,29949,72720000,27108
9,909,72720000,72720000,17970,29949,72800000,27139
9,91,7280000,7280000,17970,29949,7360000,2740
9,910,72800000,72800000,17970,29949,72880000,27168
9,911,72880000,72880000,17970,29949,72960000,27198
9,912,72960000,72960000,17970,29949,73040000,27226
9,913,73040000,73040000,17970,29949,73120000,27257
9,914,73120000,73120000,17970,29949,73200000,27288
9,915,73200000,73200000,17970,29949,73280000,27316
9,916,73280000,73280000,17970,29949,73360000,27347
9,917,73360000,73360000,17970,29949,73440000,27377
9,918,73440000,73440000,17970,29949,73520000,27405
9,919,73520000,73520000,17970,29949,73600000,27436
9,92,7360000,7360000,17970,29949,7440000,2770
9,920,73600000,73600000,17970,29949,73680000,27467
9,921,73680000,73680000,17970,29949,73760000,27496
9,922,73760000,73760000,17970,29949,73840000,27524
9,923,73840000,73840000,17970,29949,73920000,27557
9,924,73920000,73920000,17970,29949,74000000,27586
9,925,74000000,74000000,17970,29949,74080000,27614
9,926,74080000,74080000,17970,29949,74160000,27645
9,927,74160000,74160000,17970,29949,74240000,27674
9,928,74240000,74240000,17970,29949,74320000,27704
9,929,74320000,74320000,17970,29949,74400000,27735
9,93,7440000,7440000,17970,29949,7520000,2798
9,930,74400000,74400000,17970,29949,74480000,27765
9,931,74480000,74480000,17970,29949,74560000,27794
9,932,74560000,74560000,17970,29949,74640000,27824
9,933,74640000,74640000,17970,29949,74720000,27852
9,934,74720000,74720000,17970,29949,74800000,27885
9,935,74800000,74800000,17970,29949,74880000,27914
9,936,74880000,74880000,17970,29949,74960000,27942
9,937,74960000,74960000,17970,29949,75040000,27973
9,938,75040000,75040000,17970,29949,75120000,28003
9,939,75120000,75120000,17970,29949,75200000,28033
9,94,7520000,7520000,17970,29949,7600000,2831
9,940,75200000,75200000,17970,29949,75280000,28061
9,941,75280000,75280000,17970,29949,75360000,28094
9,942,75360000,75360000,17970,29949,75440000,28121
9,943,75440000,75440000,17970,29949,75520000,28151
9,944,75520000,75520000,17970,29949,75600000,28184
9,945,75600000,75600000,17970,29949,75680000,28212
9,946,75680000,75680000,17970,29949,75760000,28241
9,947,75760000,75760000,17970,29949,75840000,28270
9,948,75840000,75840000,17970,29949,75920000,28301
9,949,75920000,75920000,17970,29949,76000000,28331
9,95,7600000,7600000,17970,29949,7680000,2860
9,950,76000000,76000000,17970,29949,76080000,28361
9,951,76080000,76080000,17970,29949,76160000,28391
9,952,76160000,76160000,17970,29949,76240000,28420
9,953,76240000,76240000,17970,29949,76320000,28450
9,954,76320000,76320000,17970,29949,76400000,28480
9,955,76400000,76400000,17970,29949,76480000,28510
9,956,76480000,76480000,17970,29949,76560000,28541
9,957,76560000,76560000,17970,29949,76640000,28568
9,958,76640000,76640000,17970,29949,76720000,28599
9,959,76720000,76720000,17970,29949,76800000,28631
9,96,7680000,7680000,17970,29949,7760000,2889
9,960,76800000,76800000,17970,29949,76880000,28658
9,961,76880000,76880000,17970,29949,76960000,28688
9,962,76960000,76960000,17970,29949,77040000,28719
9,963,77040000,77040000,17970,29949,77120000,28748
9,964,77120000,77120000,17970,29949,77200000,28778
9,965,77200000,77200000,17970,29949,77280000,28810
9,966,77280000,77280000,17970,29949,77360000,28838
9,967,77360000,77360000,17970,29949,77440000,28867
9,968,77440000,77440000,17970,29949,77520000,28897
9,969,77520000,77520000,17970,29949,77600000,28928
9,97,7760000,7760000,17970,29949,7840000,2919
9,970,77600000,77600000,17970,29949,77680000,28957
9,971,77680000,77680000,17970,29949,77760000,28987
9,972,77760000,77760000,17970,29949,77840000,29017
9,973,77840000,77840000,17970,29949,77920000,29046
9,974,77920000,77920000,17970,29949,78000000,29078
9,975,78000000,78000000,17970,29949,78080000,29105
9,976,78080000,78080000,17970,29949,78160000,29137
9,977,78160000,78160000,17970,29949,78240000,29166
9,978,78240000,78240000,17970,29949,78320000,29195
9,979,78320000,78320000,17970,29949,78400000,29227
9,98,7840000,7840000,17970,29949,7920000,2950
9,980,78400000,78400000,17970,29949,78480000,29256
9,981,78480000,78480000,17970,29949,78560000,29285
9,982,78560000,78560000,17970,29949,78640000,29313
9,983,78640000,78640000,17970,29949,78720000,29346
9,984,78720000,78720000,17970,29949,78800000,29375
9,985,78800000,78800000,17970,29949,78880000,29404
9,986,78880000,78880000,17970,29949,78960000,29436
9,987,78960000,78960000,17970,29949,79040000,29464
9,988,79040000,79040000,17970,29949,79120000,29493
9,989,79120000,79120000,17970,29949,79200000,29525
9,99,7920000,7920000,17970,29949,8000000,2979
9,990,79200000,79200000,17970,29949,79280000,29554
9,991,79280000,79280000,17970,29949,79360000,29583
9,992,79360000,79360000,17970,29949,79440000,29613
9,993,79440000,79440000,17970,29949,79520000,29643
9,994,79520000,79520000,17970,29949,79600000,29674
9,995,79600000,79600000,17970,29949,79680000,29703
9,996,79680000,79680000,17970,29949,79760000,29732
9,997,79760000,79760000,17970,29949,79840000,29762
9,998,79840000,79840000,17970,29949,79920000,29793
9,999,79920000,79920000,17970,29949,80000000,29822
