Task ID,Job ID,Arrival min,Arrival max,Cost min,Cost max,Deadline,Priority
0,0,0,100,105,175,15000,0
0,1,15000,15100,105,175,30000,2
0,10,150000,150100,105,175,165000,25
0,100,1500000,1500100,105,175,1515000,252
0,1000,15000000,15000100,105,175,15015000,2527
0,1001,15015000,15015100,105,175,15030000,2530
0,1002,15030000,15030100,105,175,15045000,2533
0,1003,15045000,15045100,105,175,15060000,2535
0,1004,15060000,15060100,105,175,15075000,2537
0,1005,15075000,15075100,105,175,15090000,2541
0,1006,15090000,15090100,105,175,15105000,2543
0,1007,15105000,15105100,105,175,15120000,2544
0,1008,15120000,15120100,105,175,15135000,2548
0,1009,15135000,15135100,105,175,15150000,2551
0,101,1515000,1515100,105,175,1530000,254
0,1010,15150000,15150100,105,175,15165000,2553
0,1011,15165000,15165100,105,175,15180000,2555
0,1012,15180000,15180100,105,175,15195000,2558
0,1013,15195000,15195100,105,175,15210000,2560
0,1014,15210000,15210100,105,175,15225000,2564
0,1015,15225000,15225100,105,175,15240000,2565
0,1016,15240000,15240100,105,175,15255000,2567
0,1017,15255000,15255100,105,175,15270000,2571
0,1018,15270000,15270100,105,175,15285000,2574
0,1019,15285000,15285100,105,175,15300000,2575
0,102,1530000,1530100,105,175,1545000,258
0,1020,15300000,15300100,105,175,15315000,2578
0,1021,15315000,15315100,105,175,15330000,2580
0,1022,15330000,15330100,105,175,15345000,2584
0,1023,15345000,15345100,105,175,15360000,2586
0,1024,15360000,15360100,105,175,15375000,2588
0,1025,15375000,15375100,105,175,15390000,2590
0,1026,15390000,15390100,105,175,15405000,2594
0,1027,15405000,15405100,105,175,15420000,2596
0,1028,15420000,15420100,105,175,15435000,2598
0,1029,15435000,15435100,105,175,15450000,2601
0,103,1545000,1545100,105,175,1560000,259
0,1030,15450000,15450100,105,175,15465000,2603
0,1031,15465000,15465100,105,175,15480000,2606
0,1032,15480000,15480100,105,175,15495000,2609
0,1033,15495000,15495100,105,175,15510000,2611
0,1034,15510000,15510100,105,175,15525000,2613
0,1035,15525000,15525100,105,175,15540000,2616
0,1036,15540000,15540100,105,175,15555000,2619
0,1037,15555000,15555100,105,175,15570000,2621
0,1038,15570000,15570100,105,175,15585000,2624
0,1039,15585000,15585100,105,175,15600000,2625
0,104,1560000,1560100,105,175,1575000,262
0,1040,15600000,15600100,105,175,15615000,2629
0,1041,15615000,15615100,105,175,15630000,2632
0,1042,15630000,15630100,105,175,15645000,2634
0,1043,15645000,15645100,105,175,15660000,2635
0,1044,15660000,15660100,105,175,15675000,2639
0,1045,15675000,15675100,105,175,15690000,2642
0,1046,15690000,15690100,105,175,15705000,2644
0,1047,15705000,15705100,105,175,15720000,2646
0,1048,15720000,15720100,105,175,15735000,2649
0,1049,15735000,15735100,105,175,15750000,2651
0,105,1575000,1575100,105,175,1590000,265
0,1050,15750000,15750100,105,175,15765000,2655
0,1051,15765000,15765100,105,175,15780000,2656
0,1052,15780000,15780100,105,175,15795000,2658
0,1053,15795000,15795100,105,175,15810000,2662
0,1054,15810000,15810100,105,175,15825000,2665
0,1055,15825000,15825100,105,175,15840000,2666
0,1056,15840000,15840100,105,175,15855000,2669
0,1057,15855000,15855100,105,175,15870000,2672
0,1058,15870000,15870100,105,175,15885000,2674
0,1059,15885000,15885100,105,175,15900000,2677
0,106,1590000,1590100,105,175,1605000,267
0,1060,15900000,15900100,105,175,15915000,2679
0,1061,15915000,15915100,105,175,15930000,2682
0,1062,15930000,15930100,105,175,15945000,2685
0,1063,15945000,15945100,105,175,15960000,2686
0,1064,15960000,15960100,105,175,15975000,2689
0,1065,15975000,15975100,105,175,15990000,2692
0,1066,15990000,15990100,105,175,16005000,2695
0,1067,16005000,16005100,105,175,16020000,2696
0,1068,16020000,16020100,105,175,16035000,2700
0,1069,16035000,16035100,105,175,16050000,2702
0,107,1605000,1605100,105,175,1620000,269
0,1070,16050000,16050100,105,175,16065000,2705
0,1071,16065000,16065100,105,175,16080000,2707
0,1072,16080000,16080100,105,175,16095000,2709
0,1073,16095000,16095100,105,175,16110000,2712
0,1074,16110000,16110100,105,175,16125000,2716
0,1075,16125000,16125100,105,175,16140000,2717
0,1076,16140000,16140100,105,175,16155000,2719
0,1077,16155000,16155100,105,175,16170000,2722
0,1078,16170000,16170100,105,175,16185000,2725
0,1079,16185000,16185100,105,175,16200000,2727
0,108,1620000,1620100,105,175,1635000,273
0,1080,16200000,16200100,105,175,16215000,2730
0,1081,16215000,16215100,105,175,16230000,2732
0,1082,16230000,16230100,105,175,16245000,2735
0,1083,16245000,16245100,105,175,16260000,2738
0,1084,16260000,16260100,105,175,16275000,2740
0,1085,16275000,16275100,105,175,16290000,2742
0,1086,16290000,16290100,105,175,16305000,2745
0,1087,16305000,16305100,105,175,16320000,2748
0,1088,16320000,16320100,105,175,16335000,2750
0,1089,16335000,16335100,105,175,16350000,2753
0,109,1635000,1635100,105,175,1650000,275
0,1090,16350000,16350100,105,175,16365000,2755
0,1091,16365000,16365100,105,175,16380000,2756
0,11,165000,165100,105,175,180000,26
0,110,1650000,1650100,105,175,1665000,277
0,111,1665000,1665100,105,175,1680000,279
0,112,1680000,1680100,105,175,1695000,283
0,113,1695000,1695100,105,175,1710000,285
0,114,1710000,1710100,105,175,1725000,288
0,115,1725000,1725100,105,175,1740000,289
0,116,1740000,1740100,105,175,1755000,292
0,117,1755000,1755100,105,175,1770000,296
0,118,1770000,1770100,105,175,1785000,298
0,119,1785000,1785100,105,175,1800000,299
0,12,180000,180100,105,175,195000,29
0,120,1800000,1800100,105,175,1815000,302
0,121,1815000,1815100,105,175,1830000,306
0,122,1830000,1830100,105,175,1845000,308
0,123,1845000,1845100,105,175,1860000,310
0,124,1860000,1860100,105,175,1875000,312
0,125,1875000,1875100,105,175,1890000,315
0,126,1890000,1890100,105,175,1905000,319
0,127,1905000,1905100,105,175,1920000,320
0,128,1920000,1920100,105,175,1935000,322
0,129,1935000,1935100,105,175,1950000,325
0,13,195000,195100,105,175,210000,32
0,130,1950000,1950100,105,175,1965000,329
0,131,1965000,1965100,105,175,1980000,330
0,132,1980000,1980100,105,175,1995000,333
0,133,1995000,1995100,105,175,2010000,335
0,134,2010000,2010100,105,175,2025000,338
0,135,2025000,2025100,105,175,2040000,341
0,136,2040000,2040100,105,175,2055000,343
0,137,2055000,2055100,105,175,2070000,345
0,138,2070000,2070100,105,175,2085000,349
0,139,2085000,2085100,105,175,2100000,350
0,14,210000,210100,105,175,225000,35
0,140,2100000,2100100,105,175,2115000,353
0,141,2115000,2115100,105,175,2130000,356
0,142,2130000,2130100,105,175,2145000,358
0,143,2145000,2145100,105,175,2160000,360
0,144,2160000,2160100,105,175,2175000,364
0,145,2175000,2175100,105,175,2190000,366
0,146,2190000,2190100,105,175,2205000,368
0,147,2205000,2205100,105,175,2220000,371
0,148,2220000,2220100,105,175,2235000,373
0,149,2235000,2235100,105,175,2250000,376
0,15,225000,225100,105,175,240000,37
0,150,2250000,2250100,105,175,2265000,379
0,151,2265000,2265100,105,175,2280000,381
0,152,2280000,2280100,105,175,2295000,383
0,153,2295000,2295100,105,175,2310000,386
0,154,2310000,2310100,105,175,2325000,389
0,155,2325000,2325100,105,175,2340000,390
0,156,2340000,2340100,105,175,2355000,394
0,157,2355000,2355100,105,175,2370000,396
0,158,2370000,2370100,105,175,2385000,399
0,159,2385000,2385100,105,175,2400000,401
0,16,240000,240100,105,175,255000,39
0,160,2400000,2400100,105,175,2415000,404
0,161,2415000,2415100,105,175,2430000,406
0,162,2430000,2430100,105,175,2445000,409
0,163,2445000,2445100,105,175,2460000,411
0,164,2460000,2460100,105,175,2475000,414
0,165,2475000,2475100,105,175,2490000,417
0,166,2490000,2490100,105,175,2505000,419
0,167,2505000,2505100,105,175,2520000,420
0,168,2520000,2520100,105,175,2535000,424
0,169,2535000,2535100,105,175,2550000,427
0,17,255000,255100,105,175,270000,42
0,170,2550000,2550100,105,175,2565000,429
0,171,2565000,2565100,105,175,2580000,431
0,172,2580000,2580100,105,175,2595000,434
0,173,2595000,2595100,105,175,2610000,437
0,174,2610000,2610100,105,175,2625000,440
0,175,2625000,2625100,105,175,2640000,441
0,176,2640000,2640100,105,175,2655000,443
0,177,2655000,2655100,105,175,2670000,448
0,178,2670000,2670100,105,175,2685000,450
0,179,2685000,2685100,105,175,2700000,451
0,18,270000,270100,105,175,285000,46
0,180,2700000,2700100,105,175,2715000,454
0,181,2715000,2715100,105,175,2730000,456
0,182,2730000,2730100,105,175,2745000,460
0,183,2745000,2745100,105,175,2760000,462
0,184,2760000,2760100,105,175,2775000,464
0,185,2775000,2775100,105,175,2790000,466
0,186,2790000,2790100,105,175,2805000,471
0,187,2805000,2805100,105,175,2820000,472
0,188,2820000,2820100,105,175,2835000,474
0,189,2835000,2835100,105,175,2850000,477
0,19,285000,285100,105,175,300000,47
0,190,2850000,2850100,105,175,2865000,480
0,191,2865000,2865100,105,175,2880000,482
0,192,2880000,2880100,105,175,2895000,485
0,193,2895000,2895100,105,175,2910000,487
0,194,2910000,2910100,105,175,2925000,489
0,195,2925000,2925100,105,175,2940000,492
0,196,2940000,2940100,105,175,2955000,495
0,197,2955000,2955100,105,175,2970000,497
0,198,2970000,2970100,105,175,2985000,500
0,199,2985000,2985100,105,175,3000000,502
0,2,30000,30100,105,175,45000,4
0,20,300000,300100,105,175,315000,49
0,200,3000000,3000100,105,175,3015000,505
0,201,3015000,3015100,105,175,3030000,508
0,202,3030000,3030100,105,175,3045000,510
0,203,3045000,3045100,105,175,3060000,512
0,204,3060000,3060100,105,175,3075000,515
0,205,3075000,3075100,105,175,3090000,518
0,206,3090000,3090100,105,175,3105000,520
0,207,3105000,3105100,105,175,3120000,522
0,208,3120000,3120100,105,175,3135000,525
0,209,3135000,3135100,105,175,3150000,527
0,21,315000,315100,105,175,330000,53
0,210,3150000,3150100,105,175,3165000,531
0,211,3165000,3165100,105,175,3180000,532
0,212,3180000,3180100,105,175,3195000,535
0,213,3195000,3195100,105,175,3210000,538
0,214,3210000,3210100,105,175,3225000,541
0,215,3225000,3225100,105,175,3240000,542
0,216,3240000,3240100,105,175,3255000,546
0,217,3255000,3255100,105,175,3270000,548
0,218,3270000,3270100,105,175,3285000,550
0,219,3285000,3285100,105,175,3300000,553
0,22,330000,330100,105,175,345000,55
0,220,3300000,3300100,105,175,3315000,555
0,221,3315000,3315100,105,175,3330000,558
0,222,3330000,3330100,105,175,3345000,561
0,223,3345000,3345100,105,175,3360000,562
0,224,3360000,3360100,105,175,3375000,565
0,225,3375000,3375100,105,175,3390000,569
0,226,3390000,3390100,105,175,3405000,571
0,227,3405000,3405100,105,175,3420000,572
0,228,3420000,3420100,105,175,3435000,576
0,229,3435000,3435100,105,175,3450000,579
0,23,345000,345100,105,175,360000,57
0,230,3450000,3450100,105,175,3465000,581
0,231,3465000,3465100,105,175,3480000,583
0,232,3480000,3480100,105,175,3495000,585
0,233,3495000,3495100,105,175,3510000,588
0,234,3510000,3510100,105,175,3525000,592
0,235,3525000,3525100,105,175,3540000,593
0,236,3540000,3540100,105,175,3555000,595
0,237,3555000,3555100,105,175,3570000,598
0,238,3570000,3570100,105,175,3585000,602
0,239,3585000,3585100,105,175,3600000,603
0,24,360000,360100,105,175,375000,60
0,240,3600000,3600100,105,175,3615000,606
0,241,3615000,3615100,105,175,3630000,608
0,242,3630000,3630100,105,175,3645000,612
0,243,3645000,3645100,105,175,3660000,614
0,244,3660000,3660100,105,175,3675000,616
0,245,3675000,3675100,105,175,3690000,618
0,246,3690000,3690100,105,175,3705000,621
0,247,3705000,3705100,105,175,3720000,624
0,248,3720000,3720100,105,175,3735000,626
0,249,3735000,3735100,105,175,3750000,629
0,25,375000,375100,105,175,390000,62
0,250,3750000,3750100,105,175,3765000,631
0,251,3765000,3765100,105,175,3780000,633
0,252,3780000,3780100,105,175,3795000,637
0,253,3795000,3795100,105,175,3810000,639
0,254,3810000,3810100,105,175,3825000,641
0,255,3825000,3825100,105,175,3840000,644
0,256,3840000,3840100,105,175,3855000,647
0,257,3855000,3855100,105,175,3870000,649
0,258,3870000,3870100,105,175,3885000,652
0,259,3885000,3885100,105,175,3900000,653
0,26,390000,390100,105,175,405000,65
0,260,3900000,3900100,105,175,3915000,656
0,261,3915000,3915100,105,175,3930000,660
0,262,3930000,3930100,105,175,3945000,662
0,263,3945000,3945100,105,175,3960000,663
0,264,3960000,3960100,105,175,3975000,667
0,265,3975000,3975100,105,175,3990000,669
0,266,3990000,3990100,105,175,4005000,672
0,267,4005000,4005100,105,175,4020000,674
0,268,4020000,4020100,105,175,4035000,677
0,269,4035000,4035100,105,175,4050000,679
0,27,405000,405100,105,175,420000,67
0,270,4050000,4050100,105,175,4065000,683
0,271,4065000,4065100,105,175,4080000,684
0,272,4080000,4080100,105,175,4095000,686
0,273,4095000,4095100,105,175,4110000,690
0,274,4110000,4110100,105,175,4125000,692
0,275,4125000,4125100,105,175,4140000,694
0,276,4140000,4140100,105,175,4155000,697
0,277,4155000,4155100,105,175,4170000,700
0,278,4170000,4170100,105,175,4185000,702
0,279,4185000,4185100,105,175,4200000,704
0,28,420000,420100,105,175,435000,70
0,280,4200000,4200100,105,175,4215000,707
0,281,4215000,4215100,105,175,4230000,710
0,282,4230000,4230100,105,175,4245000,713
0,283,4245000,4245100,105,175,4260000,714
0,284,4260000,4260100,105,175,4275000,717
0,285,4275000,4275100,105,175,4290000,720
0,286,4290000,4290100,105,175,4305000,723
0,287,4305000,4305100,105,175,4320000,724
0,288,4320000,4320100,105,175,4335000,727
0,289,4335000,4335100,105,175,4350000,730
0,29,435000,435100,105,175,450000,72
0,290,4350000,4350100,105,175,4365000,733
0,291,4365000,4365100,105,175,4380000,735
0,292,4380000,4380100,105,175,4395000,737
0,293,4395000,4395100,105,175,4410000,739
0,294,4410000,4410100,105,175,4425000,744
0,295,4425000,4425100,105,175,4440000,745
0,296,4440000,4440100,105,175,4455000,747
0,297,4455000,4455100,105,175,4470000,750
0,298,4470000,4470100,105,175,4485000,753
0,299,4485000,4485100,105,175,4500000,755
0,3,45000,45100,105,175,60000,6
0,30,450000,450100,105,175,465000,76
0,300,4500000,4500100,105,175,4515000,758
0,301,4515000,4515100,105,175,4530000,760
0,302,4530000,4530100,105,175,4545000,762
0,303,4545000,4545100,105,175,4560000,766
0,304,4560000,4560100,105,175,4575000,768
0,305,4575000,4575100,105,175,4590000,770
0,306,4590000,4590100,105,175,4605000,773
0,307,4605000,4605100,105,175,4620000,775
0,308,4620000,4620100,105,175,4635000,778
0,309,4635000,4635100,105,175,4650000,781
0,31,465000,465100,105,175,480000,77
0,310,4650000,4650100,105,175,4665000,783
0,311,4665000,4665100,105,175,4680000,784
0,312,4680000,4680100,105,175,4695000,789
0,313,4695000,4695100,105,175,4710000,791
0,314,4710000,4710100,105,175,4725000,793
0,315,4725000,4725100,105,175,4740000,795
0,316,4740000,4740100,105,175,4755000,798
0,317,4755000,4755100,105,175,4770000,801
0,318,4770000,4770100,105,175,4785000,804
0,319,4785000,4785100,105,175,4800000,805
0,32,480000,480100,105,175,495000,80
0,320,4800000,4800100,105,175,4815000,808
0,321,4815000,4815100,105,175,4830000,811
0,322,4830000,4830100,105,175,4845000,814
0,323,4845000,4845100,105,175,4860000,815
0,324,4860000,4860100,105,175,4875000,818
0,325,4875000,4875100,105,175,4890000,821
0,326,4890000,4890100,105,175,4905000,824
0,327,4905000,4905100,105,175,4920000,826
0,328,4920000,4920100,105,175,4935000,828
0,329,4935000,4935100,105,175,4950000,831
0,33,495000,495100,105,175,510000,83
0,330,4950000,4950100,105,175,4965000,834
0,331,4965000,4965100,105,175,4980000,836
0,332,4980000,4980100,105,175,4995000,838
0,333,4995000,4995100,105,175,5010000,842
0,334,5010000,5010100,105,175,5025000,844
0,335,5025000,5025100,105,175,5040000,845
0,336,5040000,5040100,105,175,5055000,849
0,337,5055000,5055100,105,175,5070000,851
0,338,5070000,5070100,105,175,5085000,854
0,339,5085000,5085100,105,175,5100000,856
0,34,510000,510100,105,175,525000,86
0,340,5100000,5100100,105,175,5115000,859
0,341,5115000,5115100,105,175,5130000,861
0,342,5130000,5130100,105,175,5145000,865
0,343,5145000,5145100,105,175,5160000,866
0,344,5160000,5160100,105,175,5175000,868
0,345,5175000,5175100,105,175,5190000,872
0,346,5190000,5190100,105,175,5205000,875
0,347,5205000,5205100,105,175,5220000,876
0,348,5220000,5220100,105,175,5235000,879
0,349,5235000,5235100,105,175,5250000,881
0,35,525000,525100,105,175,540000,87
0,350,5250000,5250100,105,175,5265000,884
0,351,5265000,5265100,105,175,5280000,887
0,352,5280000,5280100,105,175,5295000,889
0,353,5295000,5295100,105,175,5310000,891
0,354,5310000,5310100,105,175,5325000,895
0,355,5325000,5325100,105,175,5340000,897
0,356,5340000,5340100,105,175,5355000,899
0,357,5355000,5355100,105,175,5370000,902
0,358,5370000,5370100,105,175,5385000,904
0,359,5385000,5385100,105,175,5400000,907
0,36,540000,540100,105,175,555000,90
0,360,5400000,5400100,105,175,5415000,910
0,361,5415000,5415100,105,175,5430000,912
0,362,5430000,5430100,105,175,5445000,914
0,363,5445000,5445100,105,175,5460000,916
0,364,5460000,5460100,105,175,5475000,920
0,365,5475000,5475100,105,175,5490000,922
0,366,5490000,5490100,105,175,5505000,925
0,367,5505000,5505100,105,175,5520000,926
0,368,5520000,5520100,105,175,5535000,930
0,369,5535000,5535100,105,175,5550000,933
0,37,555000,555100,105,175,570000,93
0,370,5550000,5550100,105,175,5565000,935
0,371,5565000,5565100,105,175,5580000,936
0,372,5580000,5580100,105,175,5595000,940
0,373,5595000,5595100,105,175,5610000,943
0,374,5610000,5610100,105,175,5625000,945
0,375,5625000,5625100,105,175,5640000,947
0,376,5640000,5640100,105,175,5655000,949
0,377,5655000,5655100,105,175,5670000,952
0,378,5670000,5670100,105,175,5685000,956
0,379,5685000,5685100,105,175,5700000,957
0,38,570000,570100,105,175,585000,95
0,380,5700000,5700100,105,175,5715000,959
0,381,5715000,5715100,105,175,5730000,963
0,382,5730000,5730100,105,175,5745000,966
0,383,5745000,5745100,105,175,5760000,967
0,384,5760000,5760100,105,175,5775000,970
0,385,5775000,5775100,105,175,5790000,973
0,386,5790000,5790100,105,175,5805000,975
0,387,5805000,5805100,105,175,5820000,978
0,388,5820000,5820100,105,175,5835000,980
0,389,5835000,5835100,105,175,5850000,982
0,39,585000,585100,105,175,600000,98
0,390,5850000,5850100,105,175,5865000,986
0,391,5865000,5865100,105,175,5880000,987
0,392,5880000,5880100,105,175,5895000,990
0,393,5895000,5895100,105,175,5910000,993
0,394,5910000,5910100,105,175,5925000,996
0,395,5925000,5925100,105,175,5940000,997
0,396,5940000,5940100,105,175,5955000,1001
0,397,5955000,5955100,105,175,5970000,1003
0,398,5970000,5970100,105,175,5985000,1006
0,399,5985000,5985100,105,175,6000000,1008
0,4,60000,60100,105,175,75000,10
0,40,600000,600100,105,175,615000,100
0,400,6000000,6000100,105,175,6015000,1010
0,401,6015000,6015100,105,175,6030000,1013
0,402,6030000,6030100,105,175,6045000,1016
0,403,6045000,6045100,105,175,6060000,1018
0,404,6060000,6060100,105,175,6075000,1020
0,405,6075000,6075100,105,175,6090000,1023
0,406,6090000,6090100,105,175,6105000,1026
0,407,6105000,6105100,105,175,6120000,1028
0,408,6120000,6120100,105,175,6135000,1031
0,409,6135000,6135100,105,175,6150000,1033
0,41,615000,615100,105,175,630000,102
0,410,6150000,6150100,105,175,6165000,1036
0,411,6165000,6165100,105,175,6180000,1039
0,412,6180000,6180100,105,175,6195000,1041
0,413,6195000,6195100,105,175,6210000,1043
0,414,6210000,6210100,105,175,6225000,1046
0,415,6225000,6225100,105,175,6240000,1048
0,416,6240000,6240100,105,175,6255000,1051
0,417,6255000,6255100,105,175,6270000,1054
0,418,6270000,6270100,105,175,6285000,1056
0,419,6285000,6285100,105,175,6300000,1057
0,42,630000,630100,105,175,645000,106
0,420,6300000,6300100,105,175,6315000,1062
0,421,6315000,6315100,105,175,6330000,1064
0,422,6330000,6330100,105,175,6345000,1066
0,423,6345000,6345100,105,175,6360000,1068
0,424,6360000,6360100,105,175,6375000,1072
0,425,6375000,6375100,105,175,6390000,1074
0,426,6390000,6390100,105,175,6405000,1077
0,427,6405000,6405100,105,175,6420000,1078
0,428,6420000,6420100,105,175,6435000,1080
0,429,6435000,6435100,105,175,6450000,1085
0,43,645000,645100,105,175,660000,108
0,430,6450000,6450100,105,175,6465000,1087
0,431,6465000,6465100,105,175,6480000,1088
0,432,6480000,6480100,105,175,6495000,1091
0,433,6495000,6495100,105,175,6510000,1094
0,434,6510000,6510100,105,175,6525000,1097
0,435,6525000,6525100,105,175,6540000,1099
0,436,6540000,6540100,105,175,6555000,1101
0,437,6555000,6555100,105,175,6570000,1104
0,438,6570000,6570100,105,175,6585000,1108
0,439,6585000,6585100,105,175,6600000,1109
0,44,660000,660100,105,175,675000,110
0,440,6600000,6600100,105,175,6615000,1111
0,441,6615000,6615100,105,175,6630000,1114
0,442,6630000,6630100,105,175,6645000,1117
0,443,6645000,6645100,105,175,6660000,1119
0,444,6660000,6660100,105,175,6675000,1122
0,445,6675000,6675100,105,175,6690000,1124
0,446,6690000,6690100,105,175,6705000,1127
0,447,6705000,6705100,105,175,6720000,1129
0,448,6720000,6720100,105,175,6735000,1132
0,449,6735000,6735100,105,175,6750000,1134
0,45,675000,675100,105,175,690000,113
0,450,6750000,6750100,105,175,6765000,1138
0,451,6765000,6765100,105,175,6780000,1139
0,452,6780000,6780100,105,175,6795000,1142
0,453,6795000,6795100,105,175,6810000,1145
0,454,6810000,6810100,105,175,6825000,1147
0,455,6825000,6825100,105,175,6840000,1149
0,456,6840000,6840100,105,175,6855000,1152
0,457,6855000,6855100,105,175,6870000,1155
0,458,6870000,6870100,105,175,6885000,1157
0,459,6885000,6885100,105,175,6900000,1160
0,46,690000,690100,105,175,705000,116
0,460,6900000,6900100,105,175,6915000,1162
0,461,6915000,6915100,105,175,6930000,1164
0,462,6930000,6930100,105,175,6945000,1168
0,463,6945000,6945100,105,175,6960000,1170
0,464,6960000,6960100,105,175,6975000,1172
0,465,6975000,6975100,105,175,6990000,1175
0,466,6990000,6990100,105,175,7005000,1178
0,467,7005000,7005100,105,175,7020000,1179
0,468,7020000,7020100,105,175,7035000,1183
0,469,7035000,7035100,105,175,7050000,1185
0,47,705000,705100,105,175,720000,118
0,470,7050000,7050100,105,175,7065000,1187
0,471,7065000,7065100,105,175,7080000,1190
0,472,7080000,7080100,105,175,7095000,1193
0,473,7095000,7095100,105,175,7110000,1195
0,474,7110000,7110100,105,175,7125000,1198
0,475,7125000,7125100,105,175,7140000,1199
0,476,7140000,7140100,105,175,7155000,1203
0,477,7155000,7155100,105,175,7170000,1206
0,478,7170000,7170100,105,175,7185000,1208
0,479,7185000,7185100,105,175,7200000,1209
0,48,720000,720100,105,175,735000,121
0,480,7200000,7200100,105,175,7215000,1213
0,481,7215000,7215100,105,175,7230000,1216
0,482,7230000,7230100,105,175,7245000,1218
0,483,7245000,7245100,105,175,7260000,1220
0,484,7260000,7260100,105,175,7275000,1222
0,485,7275000,7275100,105,175,7290000,1226
0,486,7290000,7290100,105,175,7305000,1229
0,487,7305000,7305100,105,175,7320000,1230
0,488,7320000,7320100,105,175,7335000,1232
0,489,7335000,7335100,105,175,7350000,1236
0,49,735000,735100,105,175,750000,123
0,490,7350000,7350100,105,175,7365000,1239
0,491,7365000,7365100,105,175,7380000,1240
0,492,7380000,7380100,105,175,7395000,1243
0,493,7395000,7395100,105,175,7410000,1245
0,494,7410000,7410100,105,175,7425000,1249
0,495,7425000,7425100,105,175,7440000,1251
0,496,7440000,7440100,105,175,7455000,1253
0,497,7455000,7455100,105,175,7470000,1255
0,498,7470000,7470100,105,175,7485000,1259
0,499,7485000,7485100,105,175,7500000,1261
0,5,75000,75100,105,175,90000,12
0,50,750000,750100,105,175,765000,125
0,500,7500000,7500100,105,175,7515000,1263
0,501,7515000,7515100,105,175,7530000,1266
0,502,7530000,7530100,105,175,7545000,1269
0,503,7545000,7545100,105,175,7560000,1270
0,504,7560000,7560100,105,175,7575000,1274
0,505,7575000,7575100,105,175,7590000,1276
0,506,7590000,7590100,105,175,7605000,1278
0,507,7605000,7605100,105,175,7620000,1281
0,508,7620000,7620100,105,175,7635000,1284
0,509,7635000,7635100,105,175,7650000,1286
0,51,765000,765100,105,175,780000,128
0,510,7650000,7650100,105,175,7665000,1289
0,511,7665000,7665100,105,175,7680000,1291
0,512,7680000,7680100,105,175,7695000,1293
0,513,7695000,7695100,105,175,7710000,1297
0,514,7710000,7710100,105,175,7725000,1299
0,515,7725000,7725100,105,175,7740000,1301
0,516,7740000,7740100,105,175,7755000,1304
0,517,7755000,7755100,105,175,7770000,1306
0,518,7770000,7770100,105,175,7785000,1309
0,519,7785000,7785100,105,175,7800000,1311
0,52,780000,780100,105,175,795000,131
0,520,7800000,7800100,105,175,7815000,1314
0,521,7815000,7815100,105,175,7830000,1316
0,522,7830000,7830100,105,175,7845000,1320
0,523,7845000,7845100,105,175,7860000,1321
0,524,7860000,7860100,105,175,7875000,1324
0,525,7875000,7875100,105,175,7890000,1327
0,526,7890000,7890100,105,175,7905000,1329
0,527,7905000,7905100,105,175,7920000,1331
0,528,7920000,7920100,105,175,7935000,1335
0,529,7935000,7935100,105,175,7950000,1337
0,53,795000,795100,105,175,810000,133
0,530,7950000,7950100,105,175,7965000,1339
0,531,7965000,7965100,105,175,7980000,1341
0,532,7980000,7980100,105,175,7995000,1344
0,533,7995000,7995100,105,175,8010000,1347
0,534,8010000,8010100,105,175,8025000,1350
0,535,8025000,8025100,105,175,8040000,1351
0,536,8040000,8040100,105,175,8055000,1354
0,537,8055000,8055100,105,175,8070000,1358
0,538,8070000,8070100,105,175,8085000,1360
0,539,8085000,8085100,105,175,8100000,1361
0,54,810000,810100,105,175,825000,136
0,540,8100000,8100100,105,175,8115000,1364
0,541,8115000,8115100,105,175,8130000,1368
0,542,8130000,8130100,105,175,8145000,1370
0,543,8145000,8145100,105,175,8160000,1372
0,544,8160000,8160100,105,175,8175000,1374
0,545,8175000,8175100,105,175,8190000,1376
0,546,8190000,8190100,105,175,8205000,1381
0,547,8205000,8205100,105,175,8220000,1382
0,548,8220000,8220100,105,175,8235000,1384
0,549,8235000,8235100,105,175,8250000,1387
0,55,825000,825100,105,175,840000,137
0,550,8250000,8250100,105,175,8265000,1391
0,551,8265000,8265100,105,175,8280000,1392
0,552,8280000,8280100,105,175,8295000,1395
0,553,8295000,8295100,105,175,8310000,1397
0,554,8310000,8310100,105,175,8325000,1400
0,555,8325000,8325100,105,175,8340000,1403
0,556,8340000,8340100,105,175,8355000,1405
0,557,8355000,8355100,105,175,8370000,1407
0,558,8370000,8370100,105,175,8385000,1410
0,559,8385000,8385100,105,175,8400000,1412
0,56,840000,840100,105,175,855000,141
0,560,8400000,8400100,105,175,8415000,1415
0,561,8415000,8415100,105,175,8430000,1418
0,562,8430000,8430100,105,175,8445000,1420
0,563,8445000,8445100,105,175,8460000,1422
0,564,8460000,8460100,105,175,8475000,1426
0,565,8475000,8475100,105,175,8490000,1428
0,566,8490000,8490100,105,175,8505000,1430
0,567,8505000,8505100,105,175,8520000,1433
0,568,8520000,8520100,105,175,8535000,1435
0,569,8535000,8535100,105,175,8550000,1438
0,57,855000,855100,105,175,870000,144
0,570,8550000,8550100,105,175,8565000,1441
0,571,8565000,8565100,105,175,8580000,1442
0,572,8580000,8580100,105,175,8595000,1445
0,573,8595000,8595100,105,175,8610000,1448
0,574,8610000,8610100,105,175,8625000,1451
0,575,8625000,8625100,105,175,8640000,1452
0,576,8640000,8640100,105,175,8655000,1456
0,577,8655000,8655100,105,175,8670000,1458
0,578,8670000,8670100,105,175,8685000,1461
0,579,8685000,8685100,105,175,8700000,1463
0,58,870000,870100,105,175,885000,146
0,580,8700000,8700100,105,175,8715000,1466
0,581,8715000,8715100,105,175,8730000,1468
0,582,8730000,8730100,105,175,8745000,1471
0,583,8745000,8745100,105,175,8760000,1473
0,584,8760000,8760100,105,175,8775000,1475
0,585,8775000,8775100,105,175,8790000,1479
0,586,8790000,8790100,105,175,8805000,1481
0,587,8805000,8805100,105,175,8820000,1482
0,588,8820000,8820100,105,175,8835000,1486
0,589,8835000,8835100,105,175,8850000,1489
0,59,885000,885100,105,175,900000,147
0,590,8850000,8850100,105,175,8865000,1491
0,591,8865000,8865100,105,175,8880000,1493
0,592,8880000,8880100,105,175,8895000,1496
0,593,8895000,8895100,105,175,8910000,1499
0,594,8910000,8910100,105,175,8925000,1502
0,595,8925000,8925100,105,175,8940000,1503
0,596,8940000,8940100,105,175,8955000,1505
0,597,8955000,8955100,105,175,8970000,1509
0,598,8970000,8970100,105,175,8985000,1512
0,599,8985000,8985100,105,175,9000000,1513
0,6,90000,90100,105,175,105000,15
0,60,900000,900100,105,175,915000,152
0,600,9000000,9000100,105,175,9015000,1516
0,601,9015000,9015100,105,175,9030000,1518
0,602,9030000,9030100,105,175,9045000,1522
0,603,9045000,9045100,105,175,9060000,1524
0,604,9060000,9060100,105,175,9075000,1526
0,605,9075000,9075100,105,175,9090000,1528
0,606,9090000,9090100,105,175,9105000,1533
0,607,9105000,9105100,105,175,9120000,1534
0,608,9120000,9120100,105,175,9135000,1536
0,609,9135000,9135100,105,175,9150000,1539
0,61,915000,915100,105,175,930000,154
0,610,9150000,9150100,105,175,9165000,1541
0,611,9165000,9165100,105,175,9180000,1544
0,612,9180000,9180100,105,175,9195000,1547
0,613,9195000,9195100,105,175,9210000,1549
0,614,9210000,9210100,105,175,9225000,1551
0,615,9225000,9225100,105,175,9240000,1554
0,616,9240000,9240100,105,175,9255000,1557
0,617,9255000,9255100,105,175,9270000,1559
0,618,9270000,9270100,105,175,9285000,1562
0,619,9285000,9285100,105,175,9300000,1564
0,62,930000,930100,105,175,945000,156
0,620,9300000,9300100,105,175,9315000,1567
0,621,9315000,9315100,105,175,9330000,1570
0,622,9330000,9330100,105,175,9345000,1572
0,623,9345000,9345100,105,175,9360000,1573
0,624,9360000,9360100,105,175,9375000,1577
0,625,9375000,9375100,105,175,9390000,1580
0,626,9390000,9390100,105,175,9405000,1582
0,627,9405000,9405100,105,175,9420000,1584
0,628,9420000,9420100,105,175,9435000,1587
0,629,9435000,9435100,105,175,9450000,1589
0,63,945000,945100,105,175,960000,158
0,630,9450000,9450100,105,175,9465000,1593
0,631,9465000,9465100,105,175,9480000,1594
0,632,9480000,9480100,105,175,9495000,1597
0,633,9495000,9495100,105,175,9510000,1600
0,634,9510000,9510100,105,175,9525000,1603
0,635,9525000,9525100,105,175,9540000,1604
0,636,9540000,9540100,105,175,9555000,1607
0,637,9555000,9555100,105,175,9570000,1610
0,638,9570000,9570100,105,175,9585000,1612
0,639,9585000,9585100,105,175,9600000,1615
0,64,960000,960100,105,175,975000,160
0,640,9600000,9600100,105,175,9615000,1617
0,641,9615000,9615100,105,175,9630000,1620
0,642,9630000,9630100,105,175,9645000,1623
0,643,9645000,9645100,105,175,9660000,1624
0,644,9660000,9660100,105,175,9675000,1627
0,645,9675000,9675100,105,175,9690000,1631
0,646,9690000,9690100,105,175,9705000,1633
0,647,9705000,9705100,105,175,9720000,1634
0,648,9720000,9720100,105,175,9735000,1638
0,649,9735000,9735100,105,175,9750000,1640
0,65,975000,975100,105,175,990000,164
0,650,9750000,9750100,105,175,9765000,1643
0,651,9765000,9765100,105,175,9780000,1645
0,652,9780000,9780100,105,175,9795000,1647
0,653,9795000,9795100,105,175,9810000,1650
0,654,9810000,9810100,105,175,9825000,1654
0,655,9825000,9825100,105,175,9840000,1655
0,656,9840000,9840100,105,175,9855000,1657
0,657,9855000,9855100,105,175,9870000,1660
0,658,9870000,9870100,105,175,9885000,1664
0,659,9885000,9885100,105,175,9900000,1665
0,66,990000,990100,105,175,1005000,167
0,660,9900000,9900100,105,175,9915000,1668
0,661,9915000,9915100,105,175,9930000,1670
0,662,9930000,9930100,105,175,9945000,1673
0,663,9945000,9945100,105,175,9960000,1676
0,664,9960000,9960100,105,175,9975000,1678
0,665,9975000,9975100,105,175,9990000,1680
0,666,9990000,9990100,105,175,10005000,1683
0,667,10005000,10005100,105,175,10020000,1686
0,668,10020000,10020100,105,175,10035000,1688
0,669,10035000,10035100,105,175,10050000,1691
0,67,1005000,1005100,105,175,1020000,168
0,670,10050000,10050100,105,175,10065000,1693
0,671,10065000,10065100,105,175,10080000,1695
0,672,10080000,10080100,105,175,10095000,1699
0,673,10095000,10095100,105,175,10110000,1701
0,674,10110000,10110100,105,175,10125000,1703
0,675,10125000,10125100,105,175,10140000,1705
0,676,10140000,10140100,105,175,10155000,1709
0,677,10155000,10155100,105,175,10170000,1711
0,678,10170000,10170100,105,175,10185000,1714
0,679,10185000,10185100,105,175,10200000,1715
0,68,1020000,1020100,105,175,1035000,170
0,680,10200000,10200100,105,175,10215000,1718
0,681,10215000,10215100,105,175,10230000,1722
0,682,10230000,10230100,105,175,10245000,1724
0,683,10245000,10245100,105,175,10260000,1725
0,684,10260000,10260100,105,175,10275000,1729
0,685,10275000,10275100,105,175,10290000,1731
0,686,10290000,10290100,105,175,10305000,1734
0,687,10305000,10305100,105,175,10320000,1736
0,688,10320000,10320100,105,175,10335000,1738
0,689,10335000,10335100,105,175,10350000,1741
0,69,1035000,1035100,105,175,1050000,174
0,690,10350000,10350100,105,175,10365000,1745
0,691,10365000,10365100,105,175,10380000,1746
0,692,10380000,10380100,105,175,10395000,1748
0,693,10395000,10395100,105,175,10410000,1752
0,694,10410000,10410100,105,175,10425000,1754
0,695,10425000,10425100,105,175,10440000,1756
0,696,10440000,10440100,105,175,10455000,1759
0,697,10455000,10455100,105,175,10470000,1762
0,698,10470000,10470100,105,175,10485000,1764
0,699,10485000,10485100,105,175,10500000,1766
0,7,105000,105100,105,175,120000,16
0,70,1050000,1050100,105,175,1065000,177
0,700,10500000,10500100,105,175,10515000,1769
0,701,10515000,10515100,105,175,10530000,1771
0,702,10530000,10530100,105,175,10545000,1775
0,703,10545000,10545100,105,175,10560000,1776
0,704,10560000,10560100,105,175,10575000,1779
0,705,10575000,10575100,105,175,10590000,1782
0,706,10590000,10590100,105,175,10605000,1785
0,707,10605000,10605100,105,175,10620000,1786
0,708,10620000,10620100,105,175,10635000,1789
0,709,10635000,10635100,105,175,10650000,1792
0,71,1065000,1065100,105,175,1080000,178
0,710,10650000,10650100,105,175,10665000,1795
0,711,10665000,10665100,105,175,10680000,1797
0,712,10680000,10680100,105,175,10695000,1799
0,713,10695000,10695100,105,175,10710000,1801
0,714,10710000,10710100,105,175,10725000,1805
0,715,10725000,10725100,105,175,10740000,1807
0,716,10740000,10740100,105,175,10755000,1809
0,717,10755000,10755100,105,175,10770000,1812
0,718,10770000,10770100,105,175,10785000,1815
0,719,10785000,10785100,105,175,10800000,1817
0,72,1080000,1080100,105,175,1095000,181
0,720,10800000,10800100,105,175,10815000,1820
0,721,10815000,10815100,105,175,10830000,1822
0,722,10830000,10830100,105,175,10845000,1824
0,723,10845000,10845100,105,175,10860000,1828
0,724,10860000,10860100,105,175,10875000,1830
0,725,10875000,10875100,105,175,10890000,1832
0,726,10890000,10890100,105,175,10905000,1835
0,727,10905000,10905100,105,175,10920000,1836
0,728,10920000,10920100,105,175,10935000,1840
0,729,10935000,10935100,105,175,10950000,1843
0,73,1095000,1095100,105,175,1110000,184
0,730,10950000,10950100,105,175,10965000,1845
0,731,10965000,10965100,105,175,10980000,1846
0,732,10980000,10980100,105,175,10995000,1851
0,733,10995000,10995100,105,175,11010000,1853
0,734,11010000,11010100,105,175,11025000,1855
0,735,11025000,11025100,105,175,11040000,1857
0,736,11040000,11040100,105,175,11055000,1860
0,737,11055000,11055100,105,175,11070000,1863
0,738,11070000,11070100,105,175,11085000,1866
0,739,11085000,11085100,105,175,11100000,1867
0,74,1110000,1110100,105,175,1125000,187
0,740,11100000,11100100,105,175,11115000,1869
0,741,11115000,11115100,105,175,11130000,1873
0,742,11130000,11130100,105,175,11145000,1876
0,743,11145000,11145100,105,175,11160000,1877
0,744,11160000,11160100,105,175,11175000,1880
0,745,11175000,11175100,105,175,11190000,1883
0,746,11190000,11190100,105,175,11205000,1886
0,747,11205000,11205100,105,175,11220000,1888
0,748,11220000,11220100,105,175,11235000,1890
0,749,11235000,11235100,105,175,11250000,1893
0,75,1125000,1125100,105,175,1140000,189
0,750,11250000,11250100,105,175,11265000,1896
0,751,11265000,11265100,105,175,11280000,1898
0,752,11280000,11280100,105,175,11295000,1900
0,753,11295000,11295100,105,175,11310000,1903
0,754,11310000,11310100,105,175,11325000,1906
0,755,11325000,11325100,105,175,11340000,1907
0,756,11340000,11340100,105,175,11355000,1911
0,757,11355000,11355100,105,175,11370000,1913
0,758,11370000,11370100,105,175,11385000,1916
0,759,11385000,11385100,105,175,11400000,1918
0,76,1140000,1140100,105,175,1155000,191
0,760,11400000,11400100,105,175,11415000,1921
0,761,11415000,11415100,105,175,11430000,1923
0,762,11430000,11430100,105,175,11445000,1927
0,763,11445000,11445100,105,175,11460000,1928
0,764,11460000,11460100,105,175,11475000,1930
0,765,11475000,11475100,105,175,11490000,1934
0,766,11490000,11490100,105,175,11505000,1936
0,767,11505000,11505100,105,175,11520000,1938
0,768,11520000,11520100,105,175,11535000,1941
0,769,11535000,11535100,105,175,11550000,1943
0,77,1155000,1155100,105,175,1170000,193
0,770,11550000,11550100,105,175,11565000,1946
0,771,11565000,11565100,105,175,11580000,1949
0,772,11580000,11580100,105,175,11595000,1951
0,773,11595000,11595100,105,175,11610000,1953
0,774,11610000,11610100,105,175,11625000,1957
0,775,11625000,11625100,105,175,11640000,1959
0,776,11640000,11640100,105,175,11655000,1961
0,777,11655000,11655100,105,175,11670000,1964
0,778,11670000,11670100,105,175,11685000,1966
0,779,11685000,11685100,105,175,11700000,1968
0,78,1170000,1170100,105,175,1185000,197
0,780,11700000,11700100,105,175,11715000,1972
0,781,11715000,11715100,105,175,11730000,1974
0,782,11730000,11730100,105,175,11745000,1976
0,783,11745000,11745100,105,175,11760000,1978
0,784,11760000,11760100,105,175,11775000,1982
0,785,11775000,11775100,105,175,11790000,1984
0,786,11790000,11790100,105,175,11805000,1987
0,787,11805000,11805100,105,175,11820000,1988
0,788,11820000,11820100,105,175,11835000,1992
0,789,11835000,11835100,105,175,11850000,1995
0,79,1185000,1185100,105,175,1200000,199
0,790,11850000,11850100,105,175,11865000,1997
0,791,11865000,11865100,105,175,11880000,1998
0,792,11880000,11880100,105,175,11895000,2001
0,793,11895000,11895100,105,175,11910000,2005
0,794,11910000,11910100,105,175,11925000,2007
0,795,11925000,11925100,105,175,11940000,2009
0,796,11940000,11940100,105,175,11955000,2011
0,797,11955000,11955100,105,175,11970000,2014
0,798,11970000,11970100,105,175,11985000,2018
0,799,11985000,11985100,105,175,12000000,2019
0,8,120000,120100,105,175,135000,19
0,80,1200000,1200100,105,175,1215000,201
0,800,12000000,12000100,105,175,12015000,2021
0,801,12015000,12015100,105,175,12030000,2025
0,802,12030000,12030100,105,175,12045000,2028
0,803,12045000,12045100,105,175,12060000,2029
0,804,12060000,12060100,105,175,12075000,2032
0,805,12075000,12075100,105,175,12090000,2034
0,806,12090000,12090100,105,175,12105000,2037
0,807,12105000,12105100,105,175,12120000,2040
0,808,12120000,12120100,105,175,12135000,2042
0,809,12135000,12135100,105,175,12150000,2044
0,81,1215000,1215100,105,175,1230000,204
0,810,12150000,12150100,105,175,12165000,2048
0,811,12165000,12165100,105,175,12180000,2049
0,812,12180000,12180100,105,175,12195000,2052
0,813,12195000,12195100,105,175,12210000,2055
0,814,12210000,12210100,105,175,12225000,2058
0,815,12225000,12225100,105,175,12240000,2059
0,816,12240000,12240100,105,175,12255000,2063
0,817,12255000,12255100,105,175,12270000,2065
0,818,12270000,12270100,105,175,12285000,2067
0,819,12285000,12285100,105,175,12300000,2070
0,82,1230000,1230100,105,175,1245000,207
0,820,12300000,12300100,105,175,12315000,2072
0,821,12315000,12315100,105,175,12330000,2075
0,822,12330000,12330100,105,175,12345000,2078
0,823,12345000,12345100,105,175,12360000,2080
0,824,12360000,12360100,105,175,12375000,2082
0,825,12375000,12375100,105,175,12390000,2085
0,826,12390000,12390100,105,175,12405000,2088
0,827,12405000,12405100,105,175,12420000,2090
0,828,12420000,12420100,105,175,12435000,2093
0,829,12435000,12435100,105,175,12450000,2095
0,83,1245000,1245100,105,175,1260000,208
0,830,12450000,12450100,105,175,12465000,2098
0,831,12465000,12465100,105,175,12480000,2100
0,832,12480000,12480100,105,175,12495000,2103
0,833,12495000,12495100,105,175,12510000,2105
0,834,12510000,12510100,105,175,12525000,2108
0,835,12525000,12525100,105,175,12540000,2110
0,836,12540000,12540100,105,175,12555000,2113
0,837,12555000,12555100,105,175,12570000,2116
0,838,12570000,12570100,105,175,12585000,2118
0,839,12585000,12585100,105,175,12600000,2119
0,84,1260000,1260100,105,175,1275000,212
0,840,12600000,12600100,105,175,12615000,2124
0,841,12615000,12615100,105,175,12630000,2126
0,842,12630000,12630100,105,175,12645000,2128
0,843,12645000,12645100,105,175,12660000,2130
0,844,12660000,12660100,105,175,12675000,2133
0,845,12675000,12675100,105,175,12690000,2136
0,846,12690000,12690100,105,175,12705000,2139
0,847,12705000,12705100,105,175,12720000,2140
0,848,12720000,12720100,105,175,12735000,2142
0,849,12735000,12735100,105,175,12750000,2147
0,85,1275000,1275100,105,175,1290000,214
0,850,12750000,12750100,105,175,12765000,2149
0,851,12765000,12765100,105,175,12780000,2150
0,852,12780000,12780100,105,175,12795000,2153
0,853,12795000,12795100,105,175,12810000,2156
0,854,12810000,12810100,105,175,12825000,2159
0,855,12825000,12825100,105,175,12840000,2161
0,856,12840000,12840100,105,175,12855000,2163
0,857,12855000,12855100,105,175,12870000,2165
0,858,12870000,12870100,105,175,12885000,2170
0,859,12885000,12885100,105,175,12900000,2171
0,86,1290000,1290100,105,175,1305000,217
0,860,12900000,12900100,105,175,12915000,2173
0,861,12915000,12915100,105,175,12930000,2176
0,862,12930000,12930100,105,175,12945000,2179
0,863,12945000,12945100,105,175,12960000,2181
0,864,12960000,12960100,105,175,12975000,2184
0,865,12975000,12975100,105,175,12990000,2186
0,866,12990000,12990100,105,175,13005000,2189
0,867,13005000,13005100,105,175,13020000,2191
0,868,13020000,13020100,105,175,13035000,2194
0,869,13035000,13035100,105,175,13050000,2196
0,87,1305000,1305100,105,175,1320000,219
0,870,13050000,13050100,105,175,13065000,2199
0,871,13065000,13065100,105,175,13080000,2201
0,872,13080000,13080100,105,175,13095000,2204
0,873,13095000,13095100,105,175,13110000,2207
0,874,13110000,13110100,105,175,13125000,2209
0,875,13125000,13125100,105,175,13140000,2211
0,876,13140000,13140100,105,175,13155000,2214
0,877,13155000,13155100,105,175,13170000,2217
0,878,13170000,13170100,105,175,13185000,2219
0,879,13185000,13185100,105,175,13200000,2222
0,88,1320000,1320100,105,175,1335000,222
0,880,13200000,13200100,105,175,13215000,2224
0,881,13215000,13215100,105,175,13230000,2226
0,882,13230000,13230100,105,175,13245000,2230
0,883,13245000,13245100,105,175,13260000,2231
0,884,13260000,13260100,105,175,13275000,2234
0,885,13275000,13275100,105,175,13290000,2237
0,886,13290000,13290100,105,175,13305000,2240
0,887,13305000,13305100,105,175,13320000,2241
0,888,13320000,13320100,105,175,13335000,2245
0,889,13335000,13335100,105,175,13350000,2247
0,89,1335000,1335100,105,175,1350000,224
0,890,13350000,13350100,105,175,13365000,2249
0,891,13365000,13365100,105,175,13380000,2252
0,892,13380000,13380100,105,175,13395000,2255
0,893,13395000,13395100,105,175,13410000,2257
0,894,13410000,13410100,105,175,13425000,2260
0,895,13425000,13425100,105,175,13440000,2261
0,896,13440000,13440100,105,175,13455000,2264
0,897,13455000,13455100,105,175,13470000,2268
0,898,13470000,13470100,105,175,13485000,2270
0,899,13485000,13485100,105,175,13500000,2271
0,9,135000,135100,105,175,150000,23
0,90,1350000,1350100,105,175,1365000,227
0,900,13500000,13500100,105,175,13515000,2275
0,901,13515000,13515100,105,175,13530000,2278
0,902,13530000,13530100,105,175,13545000,2280
0,903,13545000,13545100,105,175,13560000,2282
0,904,13560000,13560100,105,175,13575000,2284
0,905,13575000,13575100,105,175,13590000,2288
0,906,13590000,13590100,105,175,13605000,2291
0,907,13605000,13605100,105,175,13620000,2292
0,908,13620000,13620100,105,175,13635000,2294
0,909,13635000,13635100,105,175,13650000,2297
0,91,1365000,1365100,105,175,1380000,229
0,910,13650000,13650100,105,175,13665000,2301
0,911,13665000,13665100,105,175,13680000,2302
0,912,13680000,13680100,105,175,13695000,2305
0,913,13695000,13695100,105,175,13710000,2307
0,914,13710000,13710100,105,175,13725000,2311
0,915,13725000,13725100,105,175,13740000,2313
0,916,13740000,13740100,105,175,13755000,2315
0,917,13755000,13755100,105,175,13770000,2317
0,918,13770000,13770100,105,175,13785000,2321
0,919,13785000,13785100,105,175,13800000,2323
0,92,1380000,1380100,105,175,1395000,231
0,920,13800000,13800100,105,175,13815000,2325
0,921,13815000,13815100,105,175,13830000,2328
0,922,13830000,13830100,105,175,13845000,2330
0,923,13845000,13845100,105,175,13860000,2332
0,924,13860000,13860100,105,175,13875000,2336
0,925,13875000,13875100,105,175,13890000,2338
0,926,13890000,13890100,105,175,13905000,2340
0,927,13905000,13905100,105,175,13920000,2343
0,928,13920000,13920100,105,175,13935000,2346
0,929,13935000,13935100,105,175,13950000,2348
0,93,1395000,1395100,105,175,1410000,235
0,930,13950000,13950100,105,175,13965000,2351
0,931,13965000,13965100,105,175,13980000,2353
0,932,13980000,13980100,105,175,13995000,2355
0,933,13995000,13995100,105,175,14010000,2359
0,934,14010000,14010100,105,175,14025000,2361
0,935,14025000,14025100,105,175,14040000,2362
0,936,14040000,14040100,105,175,14055000,2366
0,937,14055000,14055100,105,175,14070000,2368
0,938,14070000,14070100,105,175,14085000,2371
0,939,14085000,14085100,105,175,14100000,2373
0,94,1410000,1410100,105,175,1425000,237
0,940,14100000,14100100,105,175,14115000,2376
0,941,14115000,14115100,105,175,14130000,2378
0,942,14130000,14130100,105,175,14145000,2382
0,943,14145000,14145100,105,175,14160000,2383
0,944,14160000,14160100,105,175,14175000,2386
0,945,14175000,14175100,105,175,14190000,2389
0,946,14190000,14190100,105,175,14205000,2391
0,947,14205000,14205100,105,175,14220000,2393
0,948,14220000,14220100,105,175,14235000,2396
0,949,14235000,14235100,105,175,14250000,2399
0,95,1425000,1425100,105,175,1440000,239
0,950,14250000,14250100,105,175,14265000,2401
0,951,14265000,14265100,105,175,14280000,2403
0,952,14280000,14280100,105,175,14295000,2406
0,953,14295000,14295100,105,175,14310000,2409
0,954,14310000,14310100,105,175,14325000,2412
0,955,14325000,14325100,105,175,14340000,2413
0,956,14340000,14340100,105,175,14355000,2416
0,957,14355000,14355100,105,175,14370000,2420
0,958,14370000,14370100,105,175,14385000,2422
0,959,14385000,14385100,105,175,14400000,2423
0,96,1440000,1440100,105,175,1455000,242
0,960,14400000,14400100,105,175,14415000,2426
0,961,14415000,14415100,105,175,14430000,2429
0,962,14430000,14430100,105,175,14445000,2432
0,963,14445000,14445100,105,175,14460000,2434
0,964,14460000,14460100,105,175,14475000,2436
0,965,14475000,14475100,105,175,14490000,2438
0,966,14490000,14490100,105,175,14505000,2443
0,967,14505000,14505100,105,175,14520000,2444
0,968,14520000,14520100,105,175,14535000,2446
0,969,14535000,14535100,105,175,14550000,2449
0,97,1455000,1455100,105,175,1470000,244
0,970,14550000,14550100,105,175,14565000,2453
0,971,14565000,14565100,105,175,14580000,2454
0,972,14580000,14580100,105,175,14595000,2457
0,973,14595000,14595100,105,175,14610000,2459
0,974,14610000,14610100,105,175,14625000,2461
0,975,14625000,14625100,105,175,14640000,2465
0,976,14640000,14640100,105,175,14655000,2467
0,977,14655000,14655100,105,175,14670000,2469
0,978,14670000,14670100,105,175,14685000,2472
0,979,14685000,14685100,105,175,14700000,2474
0,98,1470000,1470100,105,175,1485000,247
0,980,14700000,14700100,105,175,14715000,2477
0,981,14715000,14715100,105,175,14730000,2480
0,982,14730000,14730100,105,175,14745000,2482
0,983,14745000,14745100,105,175,14760000,2484
0,984,14760000,14760100,105,175,14775000,2488
0,985,14775000,14775100,105,175,14790000,2490
0,986,14790000,14790100,105,175,14805000,2492
0,987,14805000,14805100,105,175,14820000,2494
0,988,14820000,14820100,105,175,14835000,2497
0,989,14835000,14835100,105,175,14850000,2500
0,99,1485000,1485100,105,175,1500000,250
0,990,14850000,14850100,105,175,14865000,2503
0,991,14865000,14865100,105,175,14880000,2504
0,992,14880000,14880100,105,175,14895000,2507
0,993,14895000,14895100,105,175,14910000,2510
0,994,14910000,14910100,105,175,14925000,2513
0,995,14925000,14925100,105,175,14940000,2514
0,996,14940000,14940100,105,175,14955000,2518
0,997,14955000,14955100,105,175,14970000,2520
0,998,14970000,14970100,105,175,14985000,2523
0,999,14985000,14985100,105,175,15000000,2525
1,0,0,100,6417,10694,20000,1
1,1,20000,20100,6417,10694,40000,3
1,10,200000,200100,6417,10694,220000,34
1,100,2000000,2000100,6417,10694,2020000,337
1,101,2020000,2020100,6417,10694,2040000,342
1,102,2040000,2040100,6417,10694,2060000,344
1,103,2060000,2060100,6417,10694,2080000,347
1,104,2080000,2080100,6417,10694,2100000,351
1,105,2100000,2100100,6417,10694,2120000,355
1,106,2120000,2120100,6417,10694,2140000,357
1,107,2140000,2140100,6417,10694,2160000,361
1,108,2160000,2160100,6417,10694,2180000,365
1,109,2180000,2180100,6417,10694,2200000,367
1,11,220000,220100,6417,10694,240000,38
1,110,2200000,2200100,6417,10694,2220000,372
1,111,2220000,2220100,6417,10694,2240000,374
1,112,2240000,2240100,6417,10694,2260000,378
1,113,2260000,2260100,6417,10694,2280000,382
1,114,2280000,2280100,6417,10694,2300000,385
1,115,2300000,2300100,6417,10694,2320000,388
1,116,2320000,2320100,6417,10694,2340000,391
1,117,2340000,2340100,6417,10694,2360000,395
1,118,2360000,2360100,6417,10694,2380000,397
1,119,2380000,2380100,6417,10694,2400000,402
1,12,240000,240100,6417,10694,260000,40
1,120,2400000,2400100,6417,10694,2420000,405
1,121,2420000,2420100,6417,10694,2440000,408
1,122,2440000,2440100,6417,10694,2460000,412
1,123,2460000,2460100,6417,10694,2480000,416
1,124,2480000,2480100,6417,10694,2500000,418
1,125,2500000,2500100,6417,10694,2520000,421
1,126,2520000,2520100,6417,10694,2540000,426
1,127,2540000,2540100,6417,10694,2560000,428
1,128,2560000,2560100,6417,10694,2580000,432
1,129,2580000,2580100,6417,10694,2600000,435
1,13,260000,260100,6417,10694,280000,44
1,130,2600000,2600100,6417,10694,2620000,439
1,131,2620000,2620100,6417,10694,2640000,442
1,132,2640000,2640100,6417,10694,2660000,445
1,133,2660000,2660100,6417,10694,2680000,449
1,134,2680000,2680100,6417,10694,2700000,452
1,135,2700000,2700100,6417,10694,2720000,455
1,136,2720000,2720100,6417,10694,2740000,459
1,137,2740000,2740100,6417,10694,2760000,463
1,138,2760000,2760100,6417,10694,2780000,465
1,139,2780000,2780100,6417,10694,2800000,469
1,14,280000,280100,6417,10694,300000,48
1,140,2800000,2800100,6417,10694,2820000,473
1,141,2820000,2820100,6417,10694,2840000,476
1,142,2840000,2840100,6417,10694,2860000,478
1,143,2860000,2860100,6417,10694,2880000,483
1,144,2880000,2880100,6417,10694,2900000,486
1,145,2900000,2900100,6417,10694,2920000,488
1,146,2920000,2920100,6417,10694,2940000,493
1,147,2940000,2940100,6417,10694,2960000,496
1,148,2960000,2960100,6417,10694,2980000,499
1,149,2980000,2980100,6417,10694,3000000,503
1,15,300000,300100,6417,10694,320000,51
1,150,3000000,3000100,6417,10694,3020000,507
1,151,3020000,3020100,6417,10694,3040000,509
1,152,3040000,3040100,6417,10694,3060000,513
1,153,3060000,3060100,6417,10694,3080000,516
1,154,3080000,3080100,6417,10694,3100000,519
1,155,3100000,3100100,6417,10694,3120000,523
1,156,3120000,3120100,6417,10694,3140000,526
1,157,3140000,3140100,6417,10694,3160000,530
1,158,3160000,3160100,6417,10694,3180000,533
1,159,3180000,3180100,6417,10694,3200000,537
1,16,320000,320100,6417,10694,340000,54
1,160,3200000,3200100,6417,10694,3220000,539
1,161,3220000,3220100,6417,10694,3240000,543
1,162,3240000,3240100,6417,10694,3260000,547
1,163,3260000,3260100,6417,10694,3280000,549
1,164,3280000,3280100,6417,10694,3300000,554
1,165,3300000,3300100,6417,10694,3320000,557
1,166,3320000,3320100,6417,10694,3340000,560
1,167,3340000,3340100,6417,10694,3360000,563
1,168,3360000,3360100,6417,10694,3380000,567
1,169,3380000,3380100,6417,10694,3400000,570
1,17,340000,340100,6417,10694,360000,58
1,170,3400000,3400100,6417,10694,3420000,573
1,171,3420000,3420100,6417,10694,3440000,577
1,172,3440000,3440100,6417,10694,3460000,580
1,173,3460000,3460100,6417,10694,3480000,584
1,174,3480000,3480100,6417,10694,3500000,586
1,175,3500000,3500100,6417,10694,3520000,591
1,176,3520000,3520100,6417,10694,3540000,594
1,177,3540000,3540100,6417,10694,3560000,597
1,178,3560000,3560100,6417,10694,3580000,601
1,179,3580000,3580100,6417,10694,3600000,604
1,18,360000,360100,6417,10694,380000,61
1,180,3600000,3600100,6417,10694,3620000,607
1,181,3620000,3620100,6417,10694,3640000,609
1,182,3640000,3640100,6417,10694,3660000,615
1,183,3660000,3660100,6417,10694,3680000,617
1,184,3680000,3680100,6417,10694,3700000,620
1,185,3700000,3700100,6417,10694,3720000,625
1,186,3720000,3720100,6417,10694,3740000,628
1,187,3740000,3740100,6417,10694,3760000,630
1,188,3760000,3760100,6417,10694,3780000,634
1,189,3780000,3780100,6417,10694,3800000,638
1,19,380000,380100,6417,10694,400000,64
1,190,3800000,3800100,6417,10694,3820000,640
1,191,3820000,3820100,6417,10694,3840000,645
1,192,3840000,3840100,6417,10694,3860000,648
1,193,3860000,3860100,6417,10694,3880000,651
1,194,3880000,3880100,6417,10694,3900000,654
1,195,3900000,3900100,6417,10694,3920000,658
1,196,3920000,3920100,6417,10694,3940000,661
1,197,3940000,3940100,6417,10694,3960000,664
1,198,3960000,3960100,6417,10694,3980000,668
1,199,3980000,3980100,6417,10694,4000000,671
1,2,40000,40100,6417,10694,60000,7
1,20,400000,400100,6417,10694,420000,68
1,200,4000000,4000100,6417,10694,4020000,675
1,201,4020000,4020100,6417,10694,4040000,678
1,202,4040000,4040100,6417,10694,4060000,681
1,203,4060000,4060100,6417,10694,4080000,685
1,204,4080000,4080100,6417,10694,4100000,689
1,205,4100000,4100100,6417,10694,4120000,691
1,206,4120000,4120100,6417,10694,4140000,695
1,207,4140000,4140100,6417,10694,4160000,698
1,208,4160000,4160100,6417,10694,4180000,701
1,209,4180000,4180100,6417,10694,4200000,705
1,21,420000,420100,6417,10694,440000,71
1,210,4200000,4200100,6417,10694,4220000,708
1,211,4220000,4220100,6417,10694,4240000,712
1,212,4240000,4240100,6417,10694,4260000,715
1,213,4260000,4260100,6417,10694,4280000,719
1,214,4280000,4280100,6417,10694,4300000,722
1,215,4300000,4300100,6417,10694,4320000,725
1,216,4320000,4320100,6417,10694,4340000,728
1,217,4340000,4340100,6417,10694,4360000,732
1,218,4360000,4360100,6417,10694,4380000,736
1,219,4380000,4380100,6417,10694,4400000,738
1,22,440000,440100,6417,10694,460000,75
1,220,4400000,4400100,6417,10694,4420000,742
1,221,4420000,4420100,6417,10694,4440000,746
1,222,4440000,4440100,6417,10694,4460000,749
1,223,4460000,4460100,6417,10694,4480000,751
1,224,4480000,4480100,6417,10694,4500000,756
1,225,4500000,4500100,6417,10694,4520000,759
1,226,4520000,4520100,6417,10694,4540000,761
1,227,4540000,4540100,6417,10694,4560000,767
1,228,4560000,4560100,6417,10694,4580000,769
1,229,4580000,4580100,6417,10694,4600000,772
1,23,460000,460100,6417,10694,480000,78
1,230,4600000,4600100,6417,10694,4620000,776
1,231,4620000,4620100,6417,10694,4640000,780
1,232,4640000,4640100,6417,10694,4660000,782
1,233,4660000,4660100,6417,10694,4680000,785
1,234,4680000,4680100,6417,10694,4700000,790
1,235,4700000,4700100,6417,10694,4720000,792
1,236,4720000,4720100,6417,10694,4740000,796
1,237,4740000,4740100,6417,10694,4760000,799
1,238,4760000,4760100,6417,10694,4780000,803
1,239,4780000,4780100,6417,10694,4800000,806
1,24,480000,480100,6417,10694,500000,82
1,240,4800000,4800100,6417,10694,4820000,810
1,241,4820000,4820100,6417,10694,4840000,813
1,242,4840000,4840100,6417,10694,4860000,816
1,243,4860000,4860100,6417,10694,4880000,820
1,244,4880000,4880100,6417,10694,4900000,822
1,245,4900000,4900100,6417,10694,4920000,827
1,246,4920000,4920100,6417,10694,4940000,829
1,247,4940000,4940100,6417,10694,4960000,833
1,248,4960000,4960100,6417,10694,4980000,837
1,249,4980000,4980100,6417,10694,5000000,840
1,25,500000,500100,6417,10694,520000,84
1,250,5000000,5000100,6417,10694,5020000,843
1,251,5020000,5020100,6417,10694,5040000,846
1,252,5040000,5040100,6417,10694,5060000,850
1,253,5060000,5060100,6417,10694,5080000,853
1,254,5080000,5080100,6417,10694,5100000,857
1,255,5100000,5100100,6417,10694,5120000,860
1,256,5120000,5120100,6417,10694,5140000,864
1,257,5140000,5140100,6417,10694,5160000,867
1,258,5160000,5160100,6417,10694,5180000,870
1,259,5180000,5180100,6417,10694,5200000,873
1,26,520000,520100,6417,10694,540000,88
1,260,5200000,5200100,6417,10694,5220000,877
1,261,5220000,5220100,6417,10694,5240000,880
1,262,5240000,5240100,6417,10694,5260000,883
1,263,5260000,5260100,6417,10694,5280000,888
1,264,5280000,5280100,6417,10694,5300000,890
1,265,5300000,5300100,6417,10694,5320000,893
1,266,5320000,5320100,6417,10694,5340000,898
1,267,5340000,5340100,6417,10694,5360000,901
1,268,5360000,5360100,6417,10694,5380000,903
1,269,5380000,5380100,6417,10694,5400000,908
1,27,540000,540100,6417,10694,560000,91
1,270,5400000,5400100,6417,10694,5420000,911
1,271,5420000,5420100,6417,10694,5440000,913
1,272,5440000,5440100,6417,10694,5460000,917
1,273,5460000,5460100,6417,10694,5480000,921
1,274,5480000,5480100,6417,10694,5500000,924
1,275,5500000,5500100,6417,10694,5520000,927
1,276,5520000,5520100,6417,10694,5540000,932
1,277,5540000,5540100,6417,10694,5560000,934
1,278,5560000,5560100,6417,10694,5580000,937
1,279,5580000,5580100,6417,10694,5600000,941
1,28,560000,560100,6417,10694,580000,94
1,280,5600000,5600100,6417,10694,5620000,944
1,281,5620000,5620100,6417,10694,5640000,948
1,282,5640000,5640100,6417,10694,5660000,951
1,283,5660000,5660100,6417,10694,5680000,955
1,284,5680000,5680100,6417,10694,5700000,958
1,285,5700000,5700100,6417,10694,5720000,961
1,286,5720000,5720100,6417,10694,5740000,964
1,287,5740000,5740100,6417,10694,5760000,968
1,288,5760000,5760100,6417,10694,5780000,971
1,289,5780000,5780100,6417,10694,5800000,974
1,29,580000,580100,6417,10694,600000,99
1,290,5800000,5800100,6417,10694,5820000,979
1,291,5820000,5820100,6417,10694,5840000,981
1,292,5840000,5840100,6417,10694,5860000,985
1,293,5860000,5860100,6417,10694,5880000,988
1,294,5880000,5880100,6417,10694,5900000,992
1,295,5900000,5900100,6417,10694,5920000,995
1,296,5920000,5920100,6417,10694,5940000,998
1,297,5940000,5940100,6417,10694,5960000,1002
1,298,5960000,5960100,6417,10694,5980000,1004
1,299,5980000,5980100,6417,10694,6000000,1009
1,3,60000,60100,6417,10694,80000,11
1,30,600000,600100,6417,10694,620000,101
1,300,6000000,6000100,6417,10694,6020000,1011
1,301,6020000,6020100,6417,10694,6040000,1015
1,302,6040000,6040100,6417,10694,6060000,1019
1,303,6060000,6060100,6417,10694,6080000,1022
1,304,6080000,6080100,6417,10694,6100000,1025
1,305,6100000,6100100,6417,10694,6120000,1029
1,306,6120000,6120100,6417,10694,6140000,1032
1,307,6140000,6140100,6417,10694,6160000,1034
1,308,6160000,6160100,6417,10694,6180000,1040
1,309,6180000,6180100,6417,10694,6200000,1042
1,31,620000,620100,6417,10694,640000,105
1,310,6200000,6200100,6417,10694,6220000,1045
1,311,6220000,6220100,6417,10694,6240000,1049
1,312,6240000,6240100,6417,10694,6260000,1053
1,313,6260000,6260100,6417,10694,6280000,1055
1,314,6280000,6280100,6417,10694,6300000,1058
1,315,6300000,6300100,6417,10694,6320000,1063
1,316,6320000,6320100,6417,10694,6340000,1065
1,317,6340000,6340100,6417,10694,6360000,1069
1,318,6360000,6360100,6417,10694,6380000,1073
1,319,6380000,6380100,6417,10694,6400000,1076
1,32,640000,640100,6417,10694,660000,109
1,320,6400000,6400100,6417,10694,6420000,1079
1,321,6420000,6420100,6417,10694,6440000,1083
1,322,6440000,6440100,6417,10694,6460000,1086
1,323,6460000,6460100,6417,10694,6480000,1089
1,324,6480000,6480100,6417,10694,6500000,1092
1,325,6500000,6500100,6417,10694,6520000,1096
1,326,6520000,6520100,6417,10694,6540000,1100
1,327,6540000,6540100,6417,10694,6560000,1102
1,328,6560000,6560100,6417,10694,6580000,1106
1,329,6580000,6580100,6417,10694,6600000,1110
1,33,660000,660100,6417,10694,680000,112
1,330,6600000,6600100,6417,10694,6620000,1113
1,331,6620000,6620100,6417,10694,6640000,1116
1,332,6640000,6640100,6417,10694,6660000,1120
1,333,6660000,6660100,6417,10694,6680000,1123
1,334,6680000,6680100,6417,10694,6700000,1126
1,335,6700000,6700100,6417,10694,6720000,1130
1,336,6720000,6720100,6417,10694,6740000,1133
1,337,6740000,6740100,6417,10694,6760000,1136
1,338,6760000,6760100,6417,10694,6780000,1140
1,339,6780000,6780100,6417,10694,6800000,1144
1,34,680000,680100,6417,10694,700000,114
1,340,6800000,6800100,6417,10694,6820000,1146
1,341,6820000,6820100,6417,10694,6840000,1150
1,342,6840000,6840100,6417,10694,6860000,1153
1,343,6860000,6860100,6417,10694,6880000,1156
1,344,6880000,6880100,6417,10694,6900000,1161
1,345,6900000,6900100,6417,10694,6920000,1163
1,346,6920000,6920100,6417,10694,6940000,1167
1,347,6940000,6940100,6417,10694,6960000,1171
1,348,6960000,6960100,6417,10694,6980000,1174
1,349,6980000,6980100,6417,10694,7000000,1176
1,35,700000,700100,6417,10694,720000,119
1,350,7000000,7000100,6417,10694,7020000,1180
1,351,7020000,7020100,6417,10694,7040000,1184
1,352,7040000,7040100,6417,10694,7060000,1186
1,353,7060000,7060100,6417,10694,7080000,1191
1,354,7080000,7080100,6417,10694,7100000,1194
1,355,7100000,7100100,6417,10694,7120000,1197
1,356,7120000,7120100,6417,10694,7140000,1200
1,357,7140000,7140100,6417,10694,7160000,1205
1,358,7160000,7160100,6417,10694,7180000,1207
1,359,7180000,7180100,6417,10694,7200000,1210
1,36,720000,720100,6417,10694,740000,122
1,360,7200000,7200100,6417,10694,7220000,1215
1,361,7220000,7220100,6417,10694,7240000,1217
1,362,7240000,7240100,6417,10694,7260000,1221
1,363,7260000,7260100,6417,10694,7280000,1223
1,364,7280000,7280100,6417,10694,7300000,1228
1,365,7300000,7300100,6417,10694,7320000,1231
1,366,7320000,7320100,6417,10694,7340000,1234
1,367,7340000,7340100,6417,10694,7360000,1238
1,368,7360000,7360100,6417,10694,7380000,1241
1,369,7380000,7380100,6417,10694,7400000,1244
1,37,740000,740100,6417,10694,760000,124
1,370,7400000,7400100,6417,10694,7420000,1247
1,371,7420000,7420100,6417,10694,7440000,1252
1,372,7440000,7440100,6417,10694,7460000,1254
1,373,7460000,7460100,6417,10694,7480000,1258
1,374,7480000,7480100,6417,10694,7500000,1262
1,375,7500000,7500100,6417,10694,7520000,1265
1,376,7520000,7520100,6417,10694,7540000,1267
1,377,7540000,7540100,6417,10694,7560000,1271
1,378,7560000,7560100,6417,10694,7580000,1275
1,379,7580000,7580100,6417,10694,7600000,1277
1,38,760000,760100,6417,10694,780000,129
1,380,7600000,7600100,6417,10694,7620000,1282
1,381,7620000,7620100,6417,10694,7640000,1285
1,382,7640000,7640100,6417,10694,7660000,1288
1,383,7660000,7660100,6417,10694,7680000,1292
1,384,7680000,7680100,6417,10694,7700000,1295
1,385,7700000,7700100,6417,10694,7720000,1298
1,386,7720000,7720100,6417,10694,7740000,1302
1,387,7740000,7740100,6417,10694,7760000,1305
1,388,7760000,7760100,6417,10694,7780000,1308
1,389,7780000,7780100,6417,10694,7800000,1312
1,39,780000,780100,6417,10694,800000,132
1,390,7800000,7800100,6417,10694,7820000,1315
1,391,7820000,7820100,6417,10694,7840000,1318
1,392,7840000,7840100,6417,10694,7860000,1322
1,393,7860000,7860100,6417,10694,7880000,1326
1,394,7880000,7880100,6417,10694,7900000,1328
1,395,7900000,7900100,6417,10694,7920000,1332
1,396,7920000,7920100,6417,10694,7940000,1336
1,397,7940000,7940100,6417,10694,7960000,1338
1,398,7960000,7960100,6417,10694,7980000,1342
1,399,7980000,7980100,6417,10694,8000000,1346
1,4,80000,80100,6417,10694,100000,14
1,40,800000,800100,6417,10694,820000,135
1,400,8000000,8000100,6417,10694,8020000,1349
1,401,8020000,8020100,6417,10694,8040000,1352
1,402,8040000,8040100,6417,10694,8060000,1356
1,403,8060000,8060100,6417,10694,8080000,1359
1,404,8080000,8080100,6417,10694,8100000,1362
1,405,8100000,8100100,6417,10694,8120000,1365
1,406,8120000,8120100,6417,10694,8140000,1369
1,407,8140000,8140100,6417,10694,8160000,1373
1,408,8160000,8160100,6417,10694,8180000,1375
1,409,8180000,8180100,6417,10694,8200000,1380
1,41,820000,820100,6417,10694,840000,138
1,410,8200000,8200100,6417,10694,8220000,1383
1,411,8220000,8220100,6417,10694,8240000,1386
1,412,8240000,8240100,6417,10694,8260000,1389
1,413,8260000,8260100,6417,10694,8280000,1393
1,414,8280000,8280100,6417,10694,8300000,1396
1,415,8300000,8300100,6417,10694,8320000,1398
1,416,8320000,8320100,6417,10694,8340000,1404
1,417,8340000,8340100,6417,10694,8360000,1406
1,418,8360000,8360100,6417,10694,8380000,1409
1,419,8380000,8380100,6417,10694,8400000,1413
1,42,840000,840100,6417,10694,860000,143
1,420,8400000,8400100,6417,10694,8420000,1417
1,421,8420000,8420100,6417,10694,8440000,1419
1,422,8440000,8440100,6417,10694,8460000,1423
1,423,8460000,8460100,6417,10694,8480000,1427
1,424,8480000,8480100,6417,10694,8500000,1429
1,425,8500000,8500100,6417,10694,8520000,1434
1,426,8520000,8520100,6417,10694,8540000,1436
1,427,8540000,8540100,6417,10694,8560000,1440
1,428,8560000,8560100,6417,10694,8580000,1443
1,429,8580000,8580100,6417,10694,8600000,1447
1,43,860000,860100,6417,10694,880000,145
1,430,8600000,8600100,6417,10694,8620000,1450
1,431,8620000,8620100,6417,10694,8640000,1453
1,432,8640000,8640100,6417,10694,8660000,1457
1,433,8660000,8660100,6417,10694,8680000,1459
1,434,8680000,8680100,6417,10694,8700000,1464
1,435,8700000,8700100,6417,10694,8720000,1467
1,436,8720000,8720100,6417,10694,8740000,1470
1,437,8740000,8740100,6417,10694,8760000,1474
1,438,8760000,8760100,6417,10694,8780000,1478
1,439,8780000,8780100,6417,10694,8800000,1480
1,44,880000,880100,6417,10694,900000,148
1,440,8800000,8800100,6417,10694,8820000,1483
1,441,8820000,8820100,6417,10694,8840000,1487
1,442,8840000,8840100,6417,10694,8860000,1490
1,443,8860000,8860100,6417,10694,8880000,1494
1,444,8880000,8880100,6417,10694,8900000,1497
1,445,8900000,8900100,6417,10694,8920000,1501
1,446,8920000,8920100,6417,10694,8940000,1504
1,447,8940000,8940100,6417,10694,8960000,1507
1,448,8960000,8960100,6417,10694,8980000,1511
1,449,8980000,8980100,6417,10694,9000000,1514
1,45,900000,900100,6417,10694,920000,153
1,450,9000000,9000100,6417,10694,9020000,1517
1,451,9020000,9020100,6417,10694,9040000,1521
1,452,9040000,9040100,6417,10694,9060000,1525
1,453,9060000,9060100,6417,10694,9080000,1527
1,454,9080000,9080100,6417,10694,9100000,1530
1,455,9100000,9100100,6417,10694,9120000,1535
1,456,9120000,9120100,6417,10694,9140000,1538
1,457,9140000,9140100,6417,10694,9160000,1540
1,458,9160000,9160100,6417,10694,9180000,1545
1,459,9180000,9180100,6417,10694,9200000,1548
1,46,920000,920100,6417,10694,940000,155
1,460,9200000,9200100,6417,10694,9220000,1550
1,461,9220000,9220100,6417,10694,9240000,1555
1,462,9240000,9240100,6417,10694,9260000,1558
1,463,9260000,9260100,6417,10694,9280000,1561
1,464,9280000,9280100,6417,10694,9300000,1565
1,465,9300000,9300100,6417,10694,9320000,1569
1,466,9320000,9320100,6417,10694,9340000,1571
1,467,9340000,9340100,6417,10694,9360000,1574
1,468,9360000,9360100,6417,10694,9380000,1578
1,469,9380000,9380100,6417,10694,9400000,1581
1,47,940000,940100,6417,10694,960000,159
1,470,9400000,9400100,6417,10694,9420000,1585
1,471,9420000,9420100,6417,10694,9440000,1588
1,472,9440000,9440100,6417,10694,9460000,1592
1,473,9460000,9460100,6417,10694,9480000,1595
1,474,9480000,9480100,6417,10694,9500000,1599
1,475,9500000,9500100,6417,10694,9520000,1601
1,476,9520000,9520100,6417,10694,9540000,1605
1,477,9540000,9540100,6417,10694,9560000,1609
1,478,9560000,9560100,6417,10694,9580000,1611
1,479,9580000,9580100,6417,10694,9600000,1616
1,48,960000,960100,6417,10694,980000,162
1,480,9600000,9600100,6417,10694,9620000,1618
1,481,9620000,9620100,6417,10694,9640000,1622
1,482,9640000,9640100,6417,10694,9660000,1625
1,483,9660000,9660100,6417,10694,9680000,1629
1,484,9680000,9680100,6417,10694,9700000,1632
1,485,9700000,9700100,6417,10694,9720000,1635
1,486,9720000,9720100,6417,10694,9740000,1639
1,487,9740000,9740100,6417,10694,9760000,1642
1,488,9760000,9760100,6417,10694,9780000,1646
1,489,9780000,9780100,6417,10694,9800000,1648
1,49,980000,980100,6417,10694,1000000,166
1,490,9800000,9800100,6417,10694,9820000,1653
1,491,9820000,9820100,6417,10694,9840000,1656
1,492,9840000,9840100,6417,10694,9860000,1659
1,493,9860000,9860100,6417,10694,9880000,1662
1,494,9880000,9880100,6417,10694,9900000,1666
1,495,9900000,9900100,6417,10694,9920000,1669
1,496,9920000,9920100,6417,10694,9940000,1671
1,497,9940000,9940100,6417,10694,9960000,1677
1,498,9960000,9960100,6417,10694,9980000,1679
1,499,9980000,9980100,6417,10694,10000000,1682
1,5,100000,100100,6417,10694,120000,17
1,50,1000000,1000100,6417,10694,1020000,169
1,500,10000000,10000100,6417,10694,10020000,1687
1,501,10020000,10020100,6417,10694,10040000,1690
1,502,10040000,10040100,6417,10694,10060000,1692
1,503,10060000,10060100,6417,10694,10080000,1696
1,504,10080000,10080100,6417,10694,10100000,1700
1,505,10100000,10100100,6417,10694,10120000,1702
1,506,10120000,10120100,6417,10694,10140000,1706
1,507,10140000,10140100,6417,10694,10160000,1710
1,508,10160000,10160100,6417,10694,10180000,1713
1,509,10180000,10180100,6417,10694,10200000,1716
1,51,1020000,1020100,6417,10694,1040000,172
1,510,10200000,10200100,6417,10694,10220000,1720
1,511,10220000,10220100,6417,10694,10240000,1723
1,512,10240000,10240100,6417,10694,10260000,1726
1,513,10260000,10260100,6417,10694,10280000,1730
1,514,10280000,10280100,6417,10694,10300000,1733
1,515,10300000,10300100,6417,10694,10320000,1737
1,516,10320000,10320100,6417,10694,10340000,1740
1,517,10340000,10340100,6417,10694,10360000,1743
1,518,10360000,10360100,6417,10694,10380000,1747
1,519,10380000,10380100,6417,10694,10400000,1750
1,52,1040000,1040100,6417,10694,1060000,176
1,520,10400000,10400100,6417,10694,10420000,1753
1,521,10420000,10420100,6417,10694,10440000,1757
1,522,10440000,10440100,6417,10694,10460000,1760
1,523,10460000,10460100,6417,10694,10480000,1763
1,524,10480000,10480100,6417,10694,10500000,1767
1,525,10500000,10500100,6417,10694,10520000,1770
1,526,10520000,10520100,6417,10694,10540000,1774
1,527,10540000,10540100,6417,10694,10560000,1777
1,528,10560000,10560100,6417,10694,10580000,1781
1,529,10580000,10580100,6417,10694,10600000,1784
1,53,1060000,1060100,6417,10694,1080000,179
1,530,10600000,10600100,6417,10694,10620000,1787
1,531,10620000,10620100,6417,10694,10640000,1790
1,532,10640000,10640100,6417,10694,10660000,1793
1,533,10660000,10660100,6417,10694,10680000,1798
1,534,10680000,10680100,6417,10694,10700000,1800
1,535,10700000,10700100,6417,10694,10720000,1804
1,536,10720000,10720100,6417,10694,10740000,1808
1,537,10740000,10740100,6417,10694,10760000,1811
1,538,10760000,10760100,6417,10694,10780000,1813
1,539,10780000,10780100,6417,10694,10800000,1818
1,54,1080000,1080100,6417,10694,1100000,182
1,540,10800000,10800100,6417,10694,10820000,1821
1,541,10820000,10820100,6417,10694,10840000,1823
1,542,10840000,10840100,6417,10694,10860000,1829
1,543,10860000,10860100,6417,10694,10880000,1831
1,544,10880000,10880100,6417,10694,10900000,1834
1,545,10900000,10900100,6417,10694,10920000,1837
1,546,10920000,10920100,6417,10694,10940000,1842
1,547,10940000,10940100,6417,10694,10960000,1844
1,548,10960000,10960100,6417,10694,10980000,1847
1,549,10980000,10980100,6417,10694,11000000,1852
1,55,1100000,1100100,6417,10694,1120000,185
1,550,11000000,11000100,6417,10694,11020000,1854
1,551,11020000,11020100,6417,10694,11040000,1858
1,552,11040000,11040100,6417,10694,11060000,1861
1,553,11060000,11060100,6417,10694,11080000,1865
1,554,11080000,11080100,6417,10694,11100000,1868
1,555,11100000,11100100,6417,10694,11120000,1872
1,556,11120000,11120100,6417,10694,11140000,1875
1,557,11140000,11140100,6417,10694,11160000,1878
1,558,11160000,11160100,6417,10694,11180000,1881
1,559,11180000,11180100,6417,10694,11200000,1884
1,56,1120000,1120100,6417,10694,1140000,190
1,560,11200000,11200100,6417,10694,11220000,1889
1,561,11220000,11220100,6417,10694,11240000,1891
1,562,11240000,11240100,6417,10694,11260000,1895
1,563,11260000,11260100,6417,10694,11280000,1899
1,564,11280000,11280100,6417,10694,11300000,1902
1,565,11300000,11300100,6417,10694,11320000,1905
1,566,11320000,11320100,6417,10694,11340000,1908
1,567,11340000,11340100,6417,10694,11360000,1912
1,568,11360000,11360100,6417,10694,11380000,1915
1,569,11380000,11380100,6417,10694,11400000,1919
1,57,1140000,1140100,6417,10694,1160000,192
1,570,11400000,11400100,6417,10694,11420000,1922
1,571,11420000,11420100,6417,10694,11440000,1925
1,572,11440000,11440100,6417,10694,11460000,1929
1,573,11460000,11460100,6417,10694,11480000,1932
1,574,11480000,11480100,6417,10694,11500000,1935
1,575,11500000,11500100,6417,10694,11520000,1939
1,576,11520000,11520100,6417,10694,11540000,1942
1,577,11540000,11540100,6417,10694,11560000,1945
1,578,11560000,11560100,6417,10694,11580000,1950
1,579,11580000,11580100,6417,10694,11600000,1952
1,58,1160000,1160100,6417,10694,1180000,196
1,580,11600000,11600100,6417,10694,11620000,1955
1,581,11620000,11620100,6417,10694,11640000,1960
1,582,11640000,11640100,6417,10694,11660000,1963
1,583,11660000,11660100,6417,10694,11680000,1965
1,584,11680000,11680100,6417,10694,11700000,1969
1,585,11700000,11700100,6417,10694,11720000,1973
1,586,11720000,11720100,6417,10694,11740000,1975
1,587,11740000,11740100,6417,10694,11760000,1979
1,588,11760000,11760100,6417,10694,11780000,1983
1,589,11780000,11780100,6417,10694,11800000,1986
1,59,1180000,1180100,6417,10694,1200000,200
1,590,11800000,11800100,6417,10694,11820000,1989
1,591,11820000,11820100,6417,10694,11840000,1994
1,592,11840000,11840100,6417,10694,11860000,1996
1,593,11860000,11860100,6417,10694,11880000,1999
1,594,11880000,11880100,6417,10694,11900000,2003
1,595,11900000,11900100,6417,10694,11920000,2006
1,596,11920000,11920100,6417,10694,11940000,2010
1,597,11940000,11940100,6417,10694,11960000,2012
1,598,11960000,11960100,6417,10694,11980000,2017
1,599,11980000,11980100,6417,10694,12000000,2020
1,6,120000,120100,6417,10694,140000,21
1,60,1200000,1200100,6417,10694,1220000,203
1,600,12000000,12000100,6417,10694,12020000,2023
1,601,12020000,12020100,6417,10694,12040000,2026
1,602,12040000,12040100,6417,10694,12060000,2030
1,603,12060000,12060100,6417,10694,12080000,2033
1,604,12080000,12080100,6417,10694,12100000,2036
1,605,12100000,12100100,6417,10694,12120000,2041
1,606,12120000,12120100,6417,10694,12140000,2043
1,607,12140000,12140100,6417,10694,12160000,2047
1,608,12160000,12160100,6417,10694,12180000,2050
1,609,12180000,12180100,6417,10694,12200000,2054
1,61,1220000,1220100,6417,10694,1240000,206
1,610,12200000,12200100,6417,10694,12220000,2056
1,611,12220000,12220100,6417,10694,12240000,2060
1,612,12240000,12240100,6417,10694,12260000,2064
1,613,12260000,12260100,6417,10694,12280000,2066
1,614,12280000,12280100,6417,10694,12300000,2071
1,615,12300000,12300100,6417,10694,12320000,2073
1,616,12320000,12320100,6417,10694,12340000,2077
1,617,12340000,12340100,6417,10694,12360000,2081
1,618,12360000,12360100,6417,10694,12380000,2084
1,619,12380000,12380100,6417,10694,12400000,2087
1,62,1240000,1240100,6417,10694,1260000,209
1,620,12400000,12400100,6417,10694,12420000,2091
1,621,12420000,12420100,6417,10694,12440000,2094
1,622,12440000,12440100,6417,10694,12460000,2096
1,623,12460000,12460100,6417,10694,12480000,2101
1,624,12480000,12480100,6417,10694,12500000,2104
1,625,12500000,12500100,6417,10694,12520000,2107
1,626,12520000,12520100,6417,10694,12540000,2111
1,627,12540000,12540100,6417,10694,12560000,2115
1,628,12560000,12560100,6417,10694,12580000,2117
1,629,12580000,12580100,6417,10694,12600000,2120
1,63,1260000,1260100,6417,10694,1280000,213
1,630,12600000,12600100,6417,10694,12620000,2125
1,631,12620000,12620100,6417,10694,12640000,2127
1,632,12640000,12640100,6417,10694,12660000,2131
1,633,12660000,12660100,6417,10694,12680000,2135
1,634,12680000,12680100,6417,10694,12700000,2138
1,635,12700000,12700100,6417,10694,12720000,2141
1,636,12720000,12720100,6417,10694,12740000,2144
1,637,12740000,12740100,6417,10694,12760000,2148
1,638,12760000,12760100,6417,10694,12780000,2151
1,639,12780000,12780100,6417,10694,12800000,2154
1,64,1280000,1280100,6417,10694,1300000,215
1,640,12800000,12800100,6417,10694,12820000,2158
1,641,12820000,12820100,6417,10694,12840000,2162
1,642,12840000,12840100,6417,10694,12860000,2164
1,643,12860000,12860100,6417,10694,12880000,2168
1,644,12880000,12880100,6417,10694,12900000,2172
1,645,12900000,12900100,6417,10694,12920000,2175
1,646,12920000,12920100,6417,10694,12940000,2178
1,647,12940000,12940100,6417,10694,12960000,2182
1,648,12960000,12960100,6417,10694,12980000,2185
1,649,12980000,12980100,6417,10694,13000000,2187
1,65,1300000,1300100,6417,10694,1320000,220
1,650,13000000,13000100,6417,10694,13020000,2192
1,651,13020000,13020100,6417,10694,13040000,2195
1,652,13040000,13040100,6417,10694,13060000,2198
1,653,13060000,13060100,6417,10694,13080000,2202
1,654,13080000,13080100,6417,10694,13100000,2206
1,655,13100000,13100100,6417,10694,13120000,2208
1,656,13120000,13120100,6417,10694,13140000,2212
1,657,13140000,13140100,6417,10694,13160000,2215
1,658,13160000,13160100,6417,10694,13180000,2218
1,659,13180000,13180100,6417,10694,13200000,2223
1,66,1320000,1320100,6417,10694,1340000,223
1,660,13200000,13200100,6417,10694,13220000,2225
1,661,13220000,13220100,6417,10694,13240000,2229
1,662,13240000,13240100,6417,10694,13260000,2232
1,663,13260000,13260100,6417,10694,13280000,2236
1,664,13280000,13280100,6417,10694,13300000,2238
1,665,13300000,13300100,6417,10694,13320000,2242
1,666,13320000,13320100,6417,10694,13340000,2246
1,667,13340000,13340100,6417,10694,13360000,2248
1,668,13360000,13360100,6417,10694,13380000,2253
1,669,13380000,13380100,6417,10694,13400000,2256
1,67,1340000,1340100,6417,10694,1360000,226
1,670,13400000,13400100,6417,10694,13420000,2259
1,671,13420000,13420100,6417,10694,13440000,2262
1,672,13440000,13440100,6417,10694,13460000,2267
1,673,13460000,13460100,6417,10694,13480000,2269
1,674,13480000,13480100,6417,10694,13500000,2272
1,675,13500000,13500100,6417,10694,13520000,2276
1,676,13520000,13520100,6417,10694,13540000,2279
1,677,13540000,13540100,6417,10694,13560000,2283
1,678,13560000,13560100,6417,10694,13580000,2285
1,679,13580000,13580100,6417,10694,13600000,2290
1,68,1360000,1360100,6417,10694,1380000,230
1,680,13600000,13600100,6417,10694,13620000,2293
1,681,13620000,13620100,6417,10694,13640000,2296
1,682,13640000,13640100,6417,10694,13660000,2300
1,683,13660000,13660100,6417,10694,13680000,2303
1,684,13680000,13680100,6417,10694,13700000,2306
1,685,13700000,13700100,6417,10694,13720000,2309
1,686,13720000,13720100,6417,10694,13740000,2314
1,687,13740000,13740100,6417,10694,13760000,2316
1,688,13760000,13760100,6417,10694,13780000,2319
1,689,13780000,13780100,6417,10694,13800000,2324
1,69,1380000,1380100,6417,10694,1400000,233
1,690,13800000,13800100,6417,10694,13820000,2327
1,691,13820000,13820100,6417,10694,13840000,2329
1,692,13840000,13840100,6417,10694,13860000,2333
1,693,13860000,13860100,6417,10694,13880000,2337
1,694,13880000,13880100,6417,10694,13900000,2339
1,695,13900000,13900100,6417,10694,13920000,2344
1,696,13920000,13920100,6417,10694,13940000,2347
1,697,13940000,13940100,6417,10694,13960000,2350
1,698,13960000,13960100,6417,10694,13980000,2354
1,699,13980000,13980100,6417,10694,14000000,2357
1,7,140000,140100,6417,10694,160000,24
1,70,1400000,1400100,6417,10694,1420000,236
1,700,14000000,14000100,6417,10694,14020000,2360
1,701,14020000,14020100,6417,10694,14040000,2363
1,702,14040000,14040100,6417,10694,14060000,2367
1,703,14060000,14060100,6417,10694,14080000,2370
1,704,14080000,14080100,6417,10694,14100000,2374
1,705,14100000,14100100,6417,10694,14120000,2377
1,706,14120000,14120100,6417,10694,14140000,2380
1,707,14140000,14140100,6417,10694,14160000,2384
1,708,14160000,14160100,6417,10694,14180000,2388
1,709,14180000,14180100,6417,10694,14200000,2390
1,71,1420000,1420100,6417,10694,1440000,240
1,710,14200000,14200100,6417,10694,14220000,2394
1,711,14220000,14220100,6417,10694,14240000,2398
1,712,14240000,14240100,6417,10694,14260000,2400
1,713,14260000,14260100,6417,10694,14280000,2404
1,714,14280000,14280100,6417,10694,14300000,2407
1,715,14300000,14300100,6417,10694,14320000,2411
1,716,14320000,14320100,6417,10694,14340000,2414
1,717,14340000,14340100,6417,10694,14360000,2418
1,718,14360000,14360100,6417,10694,14380000,2421
1,719,14380000,14380100,6417,10694,14400000,2424
1,72,1440000,1440100,6417,10694,1460000,243
1,720,14400000,14400100,6417,10694,14420000,2427
1,721,14420000,14420100,6417,10694,14440000,2431
1,722,14440000,14440100,6417,10694,14460000,2435
1,723,14460000,14460100,6417,10694,14480000,2437
1,724,14480000,14480100,6417,10694,14500000,2442
1,725,14500000,14500100,6417,10694,14520000,2445
1,726,14520000,14520100,6417,10694,14540000,2448
1,727,14540000,14540100,6417,10694,14560000,2450
1,728,14560000,14560100,6417,10694,14580000,2455
1,729,14580000,14580100,6417,10694,14600000,2458
1,73,1460000,1460100,6417,10694,1480000,246
1,730,14600000,14600100,6417,10694,14620000,2460
1,731,14620000,14620100,6417,10694,14640000,2466
1,732,14640000,14640100,6417,10694,14660000,2468
1,733,14660000,14660100,6417,10694,14680000,2471
1,734,14680000,14680100,6417,10694,14700000,2475
1,735,14700000,14700100,6417,10694,14720000,2479
1,736,14720000,14720100,6417,10694,14740000,2481
1,737,14740000,14740100,6417,10694,14760000,2485
1,738,14760000,14760100,6417,10694,14780000,2489
1,739,14780000,14780100,6417,10694,14800000,2491
1,74,1480000,1480100,6417,10694,1500000,251
1,740,14800000,14800100,6417,10694,14820000,2495
1,741,14820000,14820100,6417,10694,14840000,2498
1,742,14840000,14840100,6417,10694,14860000,2502
1,743,14860000,14860100,6417,10694,14880000,2505
1,744,14880000,14880100,6417,10694,14900000,2509
1,745,14900000,14900100,6417,10694,14920000,2512
1,746,14920000,14920100,6417,10694,14940000,2515
1,747,14940000,14940100,6417,10694,14960000,2519
1,748,14960000,14960100,6417,10694,14980000,2521
1,749,14980000,14980100,6417,10694,15000000,2526
1,75,1500000,1500100,6417,10694,1520000,253
1,750,15000000,15000100,6417,10694,15020000,2529
1,751,15020000,15020100,6417,10694,15040000,2532
1,752,15040000,15040100,6417,10694,15060000,2536
1,753,15060000,15060100,6417,10694,15080000,2539
1,754,15080000,15080100,6417,10694,15100000,2542
1,755,15100000,15100100,6417,10694,15120000,2545
1,756,15120000,15120100,6417,10694,15140000,2549
1,757,15140000,15140100,6417,10694,15160000,2552
1,758,15160000,15160100,6417,10694,15180000,2556
1,759,15180000,15180100,6417,10694,15200000,2559
1,76,1520000,1520100,6417,10694,1540000,256
1,760,15200000,15200100,6417,10694,15220000,2563
1,761,15220000,15220100,6417,10694,15240000,2566
1,762,15240000,15240100,6417,10694,15260000,2569
1,763,15260000,15260100,6417,10694,15280000,2573
1,764,15280000,15280100,6417,10694,15300000,2576
1,765,15300000,15300100,6417,10694,15320000,2579
1,766,15320000,15320100,6417,10694,15340000,2582
1,767,15340000,15340100,6417,10694,15360000,2587
1,768,15360000,15360100,6417,10694,15380000,2589
1,769,15380000,15380100,6417,10694,15400000,2592
1,77,1540000,1540100,6417,10694,1560000,260
1,770,15400000,15400100,6417,10694,15420000,2597
1,771,15420000,15420100,6417,10694,15440000,2600
1,772,15440000,15440100,6417,10694,15460000,2602
1,773,15460000,15460100,6417,10694,15480000,2607
1,774,15480000,15480100,6417,10694,15500000,2610
1,775,15500000,15500100,6417,10694,15520000,2612
1,776,15520000,15520100,6417,10694,15540000,2617
1,777,15540000,15540100,6417,10694,15560000,2620
1,778,15560000,15560100,6417,10694,15580000,2623
1,779,15580000,15580100,6417,10694,15600000,2626
1,78,1560000,1560100,6417,10694,1580000,264
1,780,15600000,15600100,6417,10694,15620000,2631
1,781,15620000,15620100,6417,10694,15640000,2633
1,782,15640000,15640100,6417,10694,15660000,2636
1,783,15660000,15660100,6417,10694,15680000,2640
1,784,15680000,15680100,6417,10694,15700000,2643
1,785,15700000,15700100,6417,10694,15720000,2647
1,786,15720000,15720100,6417,10694,15740000,2650
1,787,15740000,15740100,6417,10694,15760000,2654
1,788,15760000,15760100,6417,10694,15780000,2657
1,789,15780000,15780100,6417,10694,15800000,2661
1,79,1580000,1580100,6417,10694,1600000,266
1,790,15800000,15800100,6417,10694,15820000,2663
1,791,15820000,15820100,6417,10694,15840000,2667
1,792,15840000,15840100,6417,10694,15860000,2670
1,793,15860000,15860100,6417,10694,15880000,2673
1,794,15880000,15880100,6417,10694,15900000,2678
1,795,15900000,15900100,6417,10694,15920000,2680
1,796,15920000,15920100,6417,10694,15940000,2684
1,797,15940000,15940100,6417,10694,15960000,2687
1,798,15960000,15960100,6417,10694,15980000,2691
1,799,15980000,15980100,6417,10694,16000000,2694
1,8,160000,160100,6417,10694,180000,27
1,80,1600000,1600100,6417,10694,1620000,270
1,800,16000000,16000100,6417,10694,16020000,2697
1,801,16020000,16020100,6417,10694,16040000,2701
1,802,16040000,16040100,6417,10694,16060000,2704
1,803,16060000,16060100,6417,10694,16080000,2708
1,804,16080000,16080100,6417,10694,16100000,2710
1,805,16100000,16100100,6417,10694,16120000,2714
1,806,16120000,16120100,6417,10694,16140000,2718
1,807,16140000,16140100,6417,10694,16160000,2721
1,808,16160000,16160100,6417,10694,16180000,2724
1,809,16180000,16180100,6417,10694,16200000,2728
1,81,1620000,1620100,6417,10694,1640000,274
1,810,16200000,16200100,6417,10694,16220000,2731
1,811,16220000,16220100,6417,10694,16240000,2733
1,812,16240000,16240100,6417,10694,16260000,2739
1,813,16260000,16260100,6417,10694,16280000,2741
1,814,16280000,16280100,6417,10694,16300000,2744
1,815,16300000,16300100,6417,10694,16320000,2749
1,816,16320000,16320100,6417,10694,16340000,2752
1,817,16340000,16340100,6417,10694,16360000,2754
1,818,16360000,16360100,6417,10694,16380000,2757
1,82,1640000,1640100,6417,10694,1660000,276
1,83,1660000,1660100,6417,10694,1680000,280
1,84,1680000,1680100,6417,10694,1700000,284
1,85,1700000,1700100,6417,10694,1720000,287
1,86,1720000,1720100,6417,10694,1740000,290
1,87,1740000,1740100,6417,10694,1760000,295
1,88,1760000,1760100,6417,10694,1780000,297
1,89,1780000,1780100,6417,10694,1800000,300
1,9,180000,180100,6417,10694,200000,31
1,90,1800000,1800100,6417,10694,1820000,303
1,91,1820000,1820100,6417,10694,1840000,307
1,92,1840000,1840100,6417,10694,1860000,311
1,93,1860000,1860100,6417,10694,1880000,313
1,94,1880000,1880100,6417,10694,1900000,318
1,95,1900000,1900100,6417,10694,1920000,321
1,96,1920000,1920100,6417,10694,1940000,324
1,97,1940000,1940100,6417,10694,1960000,327
1,98,1960000,1960100,6417,10694,1980000,331
1,99,1980000,1980100,6417,10694,2000000,334
2,0,0,100,1052,1752,45000,5
2,1,45000,45100,1052,1752,90000,13
2,10,450000,450100,1052,1752,495000,81
2,100,4500000,4500100,1052,1752,4545000,763
2,101,4545000,4545100,1052,1752,4590000,771
2,102,4590000,4590100,1052,1752,4635000,779
2,103,4635000,4635100,1052,1752,4680000,786
2,104,4680000,4680100,1052,1752,4725000,794
2,105,4725000,4725100,1052,1752,4770000,802
2,106,4770000,4770100,1052,1752,4815000,809
2,107,4815000,4815100,1052,1752,4860000,817
2,108,4860000,4860100,1052,1752,4905000,825
2,109,4905000,4905100,1052,1752,4950000,832
2,11,495000,495100,1052,1752,540000,89
2,110,4950000,4950100,1052,1752,4995000,839
2,111,4995000,4995100,1052,1752,5040000,847
2,112,5040000,5040100,1052,1752,5085000,855
2,113,5085000,5085100,1052,1752,5130000,862
2,114,5130000,5130100,1052,1752,5175000,869
2,115,5175000,5175100,1052,1752,5220000,878
2,116,5220000,5220100,1052,1752,5265000,885
2,117,5265000,5265100,1052,1752,5310000,892
2,118,5310000,5310100,1052,1752,5355000,900
2,119,5355000,5355100,1052,1752,5400000,909
2,12,540000,540100,1052,1752,585000,96
2,120,5400000,5400100,1052,1752,5445000,915
2,121,5445000,5445100,1052,1752,5490000,923
2,122,5490000,5490100,1052,1752,5535000,931
2,123,5535000,5535100,1052,1752,5580000,938
2,124,5580000,5580100,1052,1752,5625000,946
2,125,5625000,5625100,1052,1752,5670000,953
2,126,5670000,5670100,1052,1752,5715000,960
2,127,5715000,5715100,1052,1752,5760000,969
2,128,5760000,5760100,1052,1752,5805000,976
2,129,5805000,5805100,1052,1752,5850000,983
2,13,585000,585100,1052,1752,630000,103
2,130,5850000,5850100,1052,1752,5895000,991
2,131,5895000,5895100,1052,1752,5940000,999
2,132,5940000,5940100,1052,1752,5985000,1007
2,133,5985000,5985100,1052,1752,6030000,1014
2,134,6030000,6030100,1052,1752,6075000,1021
2,135,6075000,6075100,1052,1752,6120000,1030
2,136,6120000,6120100,1052,1752,6165000,1037
2,137,6165000,6165100,1052,1752,6210000,1044
2,138,6210000,6210100,1052,1752,6255000,1052
2,139,6255000,6255100,1052,1752,6300000,1059
2,14,630000,630100,1052,1752,675000,111
2,140,6300000,6300100,1052,1752,6345000,1067
2,141,6345000,6345100,1052,1752,6390000,1075
2,142,6390000,6390100,1052,1752,6435000,1081
2,143,6435000,6435100,1052,1752,6480000,1090
2,144,6480000,6480100,1052,1752,6525000,1098
2,145,6525000,6525100,1052,1752,6570000,1105
2,146,6570000,6570100,1052,1752,6615000,1112
2,147,6615000,6615100,1052,1752,6660000,1121
2,148,6660000,6660100,1052,1752,6705000,1128
2,149,6705000,6705100,1052,1752,6750000,1135
2,15,675000,675100,1052,1752,720000,120
2,150,6750000,6750100,1052,1752,6795000,1143
2,151,6795000,6795100,1052,1752,6840000,1151
2,152,6840000,6840100,1052,1752,6885000,1158
2,153,6885000,6885100,1052,1752,6930000,1165
2,154,6930000,6930100,1052,1752,6975000,1173
2,155,6975000,6975100,1052,1752,7020000,1181
2,156,7020000,7020100,1052,1752,7065000,1188
2,157,7065000,7065100,1052,1752,7110000,1196
2,158,7110000,7110100,1052,1752,7155000,1204
2,159,7155000,7155100,1052,1752,7200000,1211
2,16,720000,720100,1052,1752,765000,126
2,160,7200000,7200100,1052,1752,7245000,1219
2,161,7245000,7245100,1052,1752,7290000,1227
2,162,7290000,7290100,1052,1752,7335000,1233
2,163,7335000,7335100,1052,1752,7380000,1242
2,164,7380000,7380100,1052,1752,7425000,1250
2,165,7425000,7425100,1052,1752,7470000,1256
2,166,7470000,7470100,1052,1752,7515000,1264
2,167,7515000,7515100,1052,1752,7560000,1272
2,168,7560000,7560100,1052,1752,7605000,1279
2,169,7605000,7605100,1052,1752,7650000,1287
2,17,765000,765100,1052,1752,810000,134
2,170,7650000,7650100,1052,1752,7695000,1294
2,171,7695000,7695100,1052,1752,7740000,1303
2,172,7740000,7740100,1052,1752,7785000,1310
2,173,7785000,7785100,1052,1752,7830000,1317
2,174,7830000,7830100,1052,1752,7875000,1325
2,175,7875000,7875100,1052,1752,7920000,1333
2,176,7920000,7920100,1052,1752,7965000,1340
2,177,7965000,7965100,1052,1752,8010000,1348
2,178,8010000,8010100,1052,1752,8055000,1355
2,179,8055000,8055100,1052,1752,8100000,1363
2,18,810000,810100,1052,1752,855000,142
2,180,8100000,8100100,1052,1752,8145000,1371
2,181,8145000,8145100,1052,1752,8190000,1377
2,182,8190000,8190100,1052,1752,8235000,1385
2,183,8235000,8235100,1052,1752,8280000,1394
2,184,8280000,8280100,1052,1752,8325000,1401
2,185,8325000,8325100,1052,1752,8370000,1408
2,186,8370000,8370100,1052,1752,8415000,1416
2,187,8415000,8415100,1052,1752,8460000,1424
2,188,8460000,8460100,1052,1752,8505000,1431
2,189,8505000,8505100,1052,1752,8550000,1439
2,19,855000,855100,1052,1752,900000,149
2,190,8550000,8550100,1052,1752,8595000,1446
2,191,8595000,8595100,1052,1752,8640000,1454
2,192,8640000,8640100,1052,1752,8685000,1462
2,193,8685000,8685100,1052,1752,8730000,1469
2,194,8730000,8730100,1052,1752,8775000,1476
2,195,8775000,8775100,1052,1752,8820000,1484
2,196,8820000,8820100,1052,1752,8865000,1492
2,197,8865000,8865100,1052,1752,8910000,1500
2,198,8910000,8910100,1052,1752,8955000,1506
2,199,8955000,8955100,1052,1752,9000000,1515
2,2,90000,90100,1052,1752,135000,20
2,20,900000,900100,1052,1752,945000,157
2,200,9000000,9000100,1052,1752,9045000,1523
2,201,9045000,9045100,1052,1752,9090000,1529
2,202,9090000,9090100,1052,1752,9135000,1537
2,203,9135000,9135100,1052,1752,9180000,1546
2,204,9180000,9180100,1052,1752,9225000,1552
2,205,9225000,9225100,1052,1752,9270000,1560
2,206,9270000,9270100,1052,1752,9315000,1568
2,207,9315000,9315100,1052,1752,9360000,1575
2,208,9360000,9360100,1052,1752,9405000,1583
2,209,9405000,9405100,1052,1752,9450000,1590
2,21,945000,945100,1052,1752,990000,165
2,210,9450000,9450100,1052,1752,9495000,1598
2,211,9495000,9495100,1052,1752,9540000,1606
2,212,9540000,9540100,1052,1752,9585000,1613
2,213,9585000,9585100,1052,1752,9630000,1621
2,214,9630000,9630100,1052,1752,9675000,1628
2,215,9675000,9675100,1052,1752,9720000,1636
2,216,9720000,9720100,1052,1752,9765000,1644
2,217,9765000,9765100,1052,1752,9810000,1651
2,218,9810000,9810100,1052,1752,9855000,1658
2,219,9855000,9855100,1052,1752,9900000,1667
2,22,990000,990100,1052,1752,1035000,171
2,220,9900000,9900100,1052,1752,9945000,1674
2,221,9945000,9945100,1052,1752,9990000,1681
2,222,9990000,9990100,1052,1752,10035000,1689
2,223,10035000,10035100,1052,1752,10080000,1697
2,224,10080000,10080100,1052,1752,10125000,1704
2,225,10125000,10125100,1052,1752,10170000,1712
2,226,10170000,10170100,1052,1752,10215000,1719
2,227,10215000,10215100,1052,1752,10260000,1727
2,228,10260000,10260100,1052,1752,10305000,1735
2,229,10305000,10305100,1052,1752,10350000,1742
2,23,1035000,1035100,1052,1752,1080000,180
2,230,10350000,10350100,1052,1752,10395000,1749
2,231,10395000,10395100,1052,1752,10440000,1758
2,232,10440000,10440100,1052,1752,10485000,1765
2,233,10485000,10485100,1052,1752,10530000,1772
2,234,10530000,10530100,1052,1752,10575000,1780
2,235,10575000,10575100,1052,1752,10620000,1788
2,236,10620000,10620100,1052,1752,10665000,1796
2,237,10665000,10665100,1052,1752,10710000,1802
2,238,10710000,10710100,1052,1752,10755000,1810
2,239,10755000,10755100,1052,1752,10800000,1819
2,24,1080000,1080100,1052,1752,1125000,188
2,240,10800000,10800100,1052,1752,10845000,1825
2,241,10845000,10845100,1052,1752,10890000,1833
2,242,10890000,10890100,1052,1752,10935000,1841
2,243,10935000,10935100,1052,1752,10980000,1848
2,244,10980000,10980100,1052,1752,11025000,1856
2,245,11025000,11025100,1052,1752,11070000,1864
2,246,11070000,11070100,1052,1752,11115000,1870
2,247,11115000,11115100,1052,1752,11160000,1879
2,248,11160000,11160100,1052,1752,11205000,1887
2,249,11205000,11205100,1052,1752,11250000,1894
2,25,1125000,1125100,1052,1752,1170000,194
2,250,11250000,11250100,1052,1752,11295000,1901
2,251,11295000,11295100,1052,1752,11340000,1909
2,252,11340000,11340100,1052,1752,11385000,1917
2,253,11385000,11385100,1052,1752,11430000,1924
2,254,11430000,11430100,1052,1752,11475000,1931
2,255,11475000,11475100,1052,1752,11520000,1940
2,256,11520000,11520100,1052,1752,11565000,1947
2,257,11565000,11565100,1052,1752,11610000,1954
2,258,11610000,11610100,1052,1752,11655000,1962
2,259,11655000,11655100,1052,1752,11700000,1970
2,26,1170000,1170100,1052,1752,1215000,202
2,260,11700000,11700100,1052,1752,11745000,1977
2,261,11745000,11745100,1052,1752,11790000,1985
2,262,11790000,11790100,1052,1752,11835000,1993
2,263,11835000,11835100,1052,1752,11880000,2000
2,264,11880000,11880100,1052,1752,11925000,2008
2,265,11925000,11925100,1052,1752,11970000,2015
2,266,11970000,11970100,1052,1752,12015000,2022
2,267,12015000,12015100,1052,1752,12060000,2031
2,268,12060000,12060100,1052,1752,12105000,2038
2,269,12105000,12105100,1052,1752,12150000,2045
2,27,1215000,1215100,1052,1752,1260000,210
2,270,12150000,12150100,1052,1752,12195000,2053
2,271,12195000,12195100,1052,1752,12240000,2061
2,272,12240000,12240100,1052,1752,12285000,2068
2,273,12285000,12285100,1052,1752,12330000,2076
2,274,12330000,12330100,1052,1752,12375000,2083
2,275,12375000,12375100,1052,1752,12420000,2092
2,276,12420000,12420100,1052,1752,12465000,2099
2,277,12465000,12465100,1052,1752,12510000,2106
2,278,12510000,12510100,1052,1752,12555000,2114
2,279,12555000,12555100,1052,1752,12600000,2121
2,28,1260000,1260100,1052,1752,1305000,218
2,280,12600000,12600100,1052,1752,12645000,2129
2,281,12645000,12645100,1052,1752,12690000,2137
2,282,12690000,12690100,1052,1752,12735000,2143
2,283,12735000,12735100,1052,1752,12780000,2152
2,284,12780000,12780100,1052,1752,12825000,2160
2,285,12825000,12825100,1052,1752,12870000,2166
2,286,12870000,12870100,1052,1752,12915000,2174
2,287,12915000,12915100,1052,1752,12960000,2183
2,288,12960000,12960100,1052,1752,13005000,2190
2,289,13005000,13005100,1052,1752,13050000,2197
2,29,1305000,1305100,1052,1752,1350000,225
2,290,13050000,13050100,1052,1752,13095000,2205
2,291,13095000,13095100,1052,1752,13140000,2213
2,292,13140000,13140100,1052,1752,13185000,2220
2,293,13185000,13185100,1052,1752,13230000,2227
2,294,13230000,13230100,1052,1752,13275000,2235
2,295,13275000,13275100,1052,1752,13320000,2243
2,296,13320000,13320100,1052,1752,13365000,2250
2,297,13365000,13365100,1052,1752,13410000,2258
2,298,13410000,13410100,1052,1752,13455000,2265
2,299,13455000,13455100,1052,1752,13500000,2273
2,3,135000,135100,1052,1752,180000,28
2,30,1350000,1350100,1052,1752,1395000,232
2,300,13500000,13500100,1052,1752,13545000,2281
2,301,13545000,13545100,1052,1752,13590000,2289
2,302,13590000,13590100,1052,1752,13635000,2295
2,303,13635000,13635100,1052,1752,13680000,2304
2,304,13680000,13680100,1052,1752,13725000,2312
2,305,13725000,13725100,1052,1752,13770000,2318
2,306,13770000,13770100,1052,1752,13815000,2326
2,307,13815000,13815100,1052,1752,13860000,2334
2,308,13860000,13860100,1052,1752,13905000,2341
2,309,13905000,13905100,1052,1752,13950000,2349
2,31,1395000,1395100,1052,1752,1440000,241
2,310,13950000,13950100,1052,1752,13995000,2356
2,311,13995000,13995100,1052,1752,14040000,2364
2,312,14040000,14040100,1052,1752,14085000,2372
2,313,14085000,14085100,1052,1752,14130000,2379
2,314,14130000,14130100,1052,1752,14175000,2387
2,315,14175000,14175100,1052,1752,14220000,2395
2,316,14220000,14220100,1052,1752,14265000,2402
2,317,14265000,14265100,1052,1752,14310000,2410
2,318,14310000,14310100,1052,1752,14355000,2417
2,319,14355000,14355100,1052,1752,14400000,2425
2,32,1440000,1440100,1052,1752,1485000,248
2,320,14400000,14400100,1052,1752,14445000,2433
2,321,14445000,14445100,1052,1752,14490000,2439
2,322,14490000,14490100,1052,1752,14535000,2447
2,323,14535000,14535100,1052,1752,14580000,2456
2,324,14580000,14580100,1052,1752,14625000,2462
2,325,14625000,14625100,1052,1752,14670000,2470
2,326,14670000,14670100,1052,1752,14715000,2478
2,327,14715000,14715100,1052,1752,14760000,2486
2,328,14760000,14760100,1052,1752,14805000,2493
2,329,14805000,14805100,1052,1752,14850000,2501
2,33,1485000,1485100,1052,1752,1530000,255
2,330,14850000,14850100,1052,1752,14895000,2508
2,331,14895000,14895100,1052,1752,14940000,2516
2,332,14940000,14940100,1052,1752,14985000,2524
2,333,14985000,14985100,1052,1752,15030000,2531
2,334,15030000,15030100,1052,1752,15075000,2538
2,335,15075000,15075100,1052,1752,15120000,2546
2,336,15120000,15120100,1052,1752,15165000,2554
2,337,15165000,15165100,1052,1752,15210000,2561
2,338,15210000,15210100,1052,1752,15255000,2568
2,339,15255000,15255100,1052,1752,15300000,2577
2,34,1530000,1530100,1052,1752,1575000,263
2,340,15300000,15300100,1052,1752,15345000,2585
2,341,15345000,15345100,1052,1752,15390000,2591
2,342,15390000,15390100,1052,1752,15435000,2599
2,343,15435000,15435100,1052,1752,15480000,2608
2,344,15480000,15480100,1052,1752,15525000,2614
2,345,15525000,15525100,1052,1752,15570000,2622
2,346,15570000,15570100,1052,1752,15615000,2630
2,347,15615000,15615100,1052,1752,15660000,2637
2,348,15660000,15660100,1052,1752,15705000,2645
2,349,15705000,15705100,1052,1752,15750000,2652
2,35,1575000,1575100,1052,1752,1620000,271
2,350,15750000,15750100,1052,1752,15795000,2659
2,351,15795000,15795100,1052,1752,15840000,2668
2,352,15840000,15840100,1052,1752,15885000,2675
2,353,15885000,15885100,1052,1752,15930000,2683
2,354,15930000,15930100,1052,1752,15975000,2690
2,355,15975000,15975100,1052,1752,16020000,2698
2,356,16020000,16020100,1052,1752,16065000,2706
2,357,16065000,16065100,1052,1752,16110000,2713
2,358,16110000,16110100,1052,1752,16155000,2720
2,359,16155000,16155100,1052,1752,16200000,2729
2,36,1620000,1620100,1052,1752,1665000,278
2,360,16200000,16200100,1052,1752,16245000,2736
2,361,16245000,16245100,1052,1752,16290000,2743
2,362,16290000,16290100,1052,1752,16335000,2751
2,363,16335000,16335100,1052,1752,16380000,2758
2,37,1665000,1665100,1052,1752,1710000,286
2,38,1710000,1710100,1052,1752,1755000,293
2,39,1755000,1755100,1052,1752,1800000,301
2,4,180000,180100,1052,1752,225000,36
2,40,1800000,1800100,1052,1752,1845000,309
2,41,1845000,1845100,1052,1752,1890000,316
2,42,1890000,1890100,1052,1752,1935000,323
2,43,1935000,1935100,1052,1752,1980000,332
2,44,1980000,1980100,1052,1752,2025000,339
2,45,2025000,2025100,1052,1752,2070000,346
2,46,2070000,2070100,1052,1752,2115000,354
2,47,2115000,2115100,1052,1752,2160000,362
2,48,2160000,2160100,1052,1752,2205000,369
2,49,2205000,2205100,1052,1752,2250000,377
2,5,225000,225100,1052,1752,270000,43
2,50,2250000,2250100,1052,1752,2295000,384
2,51,2295000,2295100,1052,1752,2340000,392
2,52,2340000,2340100,1052,1752,2385000,400
2,53,2385000,2385100,1052,1752,2430000,407
2,54,2430000,2430100,1052,1752,2475000,415
2,55,2475000,2475100,1052,1752,2520000,422
2,56,2520000,2520100,1052,1752,2565000,430
2,57,2565000,2565100,1052,1752,2610000,438
2,58,2610000,2610100,1052,1752,2655000,444
2,59,2655000,2655100,1052,1752,2700000,453
2,6,270000,270100,1052,1752,315000,50
2,60,2700000,2700100,1052,1752,2745000,461
2,61,2745000,2745100,1052,1752,2790000,467
2,62,2790000,2790100,1052,1752,2835000,475
2,63,2835000,2835100,1052,1752,2880000,484
2,64,2880000,2880100,1052,1752,2925000,490
2,65,2925000,2925100,1052,1752,2970000,498
2,66,2970000,2970100,1052,1752,3015000,506
2,67,3015000,3015100,1052,1752,3060000,514
2,68,3060000,3060100,1052,1752,3105000,521
2,69,3105000,3105100,1052,1752,3150000,528
2,7,315000,315100,1052,1752,360000,59
2,70,3150000,3150100,1052,1752,3195000,536
2,71,3195000,3195100,1052,1752,3240000,544
2,72,3240000,3240100,1052,1752,3285000,551
2,73,3285000,3285100,1052,1752,3330000,559
2,74,3330000,3330100,1052,1752,3375000,566
2,75,3375000,3375100,1052,1752,3420000,574
2,76,3420000,3420100,1052,1752,3465000,582
2,77,3465000,3465100,1052,1752,3510000,589
2,78,3510000,3510100,1052,1752,3555000,596
2,79,3555000,3555100,1052,1752,3600000,605
2,8,360000,360100,1052,1752,405000,66
2,80,3600000,3600100,1052,1752,3645000,613
2,81,3645000,3645100,1052,1752,3690000,619
2,82,3690000,3690100,1052,1752,3735000,627
2,83,3735000,3735100,1052,1752,3780000,635
2,84,3780000,3780100,1052,1752,3825000,642
2,85,3825000,3825100,1052,1752,3870000,650
2,86,3870000,3870100,1052,1752,3915000,657
2,87,3915000,3915100,1052,1752,3960000,665
2,88,3960000,3960100,1052,1752,4005000,673
2,89,4005000,4005100,1052,1752,4050000,680
2,9,405000,405100,1052,1752,450000,73
2,90,4050000,4050100,1052,1752,4095000,687
2,91,4095000,4095100,1052,1752,4140000,696
2,92,4140000,4140100,1052,1752,4185000,703
2,93,4185000,4185100,1052,1752,4230000,711
2,94,4230000,4230100,1052,1752,4275000,718
2,95,4275000,4275100,1052,1752,4320000,726
2,96,4320000,4320100,1052,1752,4365000,734
2,97,4365000,4365100,1052,1752,4410000,740
2,98,4410000,4410100,1052,1752,4455000,748
2,99,4455000,4455100,1052,1752,4500000,757
3,0,0,100,3294,5490,65000,8
3,1,65000,65100,3294,5490,130000,18
3,10,650000,650100,3294,5490,715000,117
3,100,6500000,6500100,3294,5490,6565000,1103
3,101,6565000,6565100,3294,5490,6630000,1115
3,102,6630000,6630100,3294,5490,6695000,1125
3,103,6695000,6695100,3294,5490,6760000,1137
3,104,6760000,6760100,3294,5490,6825000,1148
3,105,6825000,6825100,3294,5490,6890000,1159
3,106,6890000,6890100,3294,5490,6955000,1169
3,107,6955000,6955100,3294,5490,7020000,1182
3,108,7020000,7020100,3294,5490,7085000,1192
3,109,7085000,7085100,3294,5490,7150000,1202
3,11,715000,715100,3294,5490,780000,130
3,110,7150000,7150100,3294,5490,7215000,1214
3,111,7215000,7215100,3294,5490,7280000,1224
3,112,7280000,7280100,3294,5490,7345000,1235
3,113,7345000,7345100,3294,5490,7410000,1246
3,114,7410000,7410100,3294,5490,7475000,1257
3,115,7475000,7475100,3294,5490,7540000,1268
3,116,7540000,7540100,3294,5490,7605000,1280
3,117,7605000,7605100,3294,5490,7670000,1290
3,118,7670000,7670100,3294,5490,7735000,1300
3,119,7735000,7735100,3294,5490,7800000,1313
3,12,780000,780100,3294,5490,845000,140
3,120,7800000,7800100,3294,5490,7865000,1323
3,121,7865000,7865100,3294,5490,7930000,1334
3,122,7930000,7930100,3294,5490,7995000,1345
3,123,7995000,7995100,3294,5490,8060000,1357
3,124,8060000,8060100,3294,5490,8125000,1367
3,125,8125000,8125100,3294,5490,8190000,1378
3,126,8190000,8190100,3294,5490,8255000,1388
3,127,8255000,8255100,3294,5490,8320000,1399
3,128,8320000,8320100,3294,5490,8385000,1411
3,129,8385000,8385100,3294,5490,8450000,1421
3,13,845000,845100,3294,5490,910000,150
3,130,8450000,8450100,3294,5490,8515000,1432
3,131,8515000,8515100,3294,5490,8580000,1444
3,132,8580000,8580100,3294,5490,8645000,1455
3,133,8645000,8645100,3294,5490,8710000,1465
3,134,8710000,8710100,3294,5490,8775000,1477
3,135,8775000,8775100,3294,5490,8840000,1488
3,136,8840000,8840100,3294,5490,8905000,1498
3,137,8905000,8905100,3294,5490,8970000,1510
3,138,8970000,8970100,3294,5490,9035000,1520
3,139,9035000,9035100,3294,5490,9100000,1531
3,14,910000,910100,3294,5490,975000,161
3,140,9100000,9100100,3294,5490,9165000,1542
3,141,9165000,9165100,3294,5490,9230000,1553
3,142,9230000,9230100,3294,5490,9295000,1563
3,143,9295000,9295100,3294,5490,9360000,1576
3,144,9360000,9360100,3294,5490,9425000,1586
3,145,9425000,9425100,3294,5490,9490000,1596
3,146,9490000,9490100,3294,5490,9555000,1608
3,147,9555000,9555100,3294,5490,9620000,1619
3,148,9620000,9620100,3294,5490,9685000,1630
3,149,9685000,9685100,3294,5490,9750000,1641
3,15,975000,975100,3294,5490,1040000,173
3,150,9750000,9750100,3294,5490,9815000,1652
3,151,9815000,9815100,3294,5490,9880000,1663
3,152,9880000,9880100,3294,5490,9945000,1675
3,153,9945000,9945100,3294,5490,10010000,1684
3,154,10010000,10010100,3294,5490,10075000,1694
3,155,10075000,10075100,3294,5490,10140000,1707
3,156,10140000,10140100,3294,5490,10205000,1717
3,157,10205000,10205100,3294,5490,10270000,1728
3,158,10270000,10270100,3294,5490,10335000,1739
3,159,10335000,10335100,3294,5490,10400000,1751
3,16,1040000,1040100,3294,5490,1105000,183
3,160,10400000,10400100,3294,5490,10465000,1761
3,161,10465000,10465100,3294,5490,10530000,1773
3,162,10530000,10530100,3294,5490,10595000,1783
3,163,10595000,10595100,3294,5490,10660000,1794
3,164,10660000,10660100,3294,5490,10725000,1806
3,165,10725000,10725100,3294,5490,10790000,1816
3,166,10790000,10790100,3294,5490,10855000,1827
3,167,10855000,10855100,3294,5490,10920000,1838
3,168,10920000,10920100,3294,5490,10985000,1849
3,169,10985000,10985100,3294,5490,11050000,1859
3,17,1105000,1105100,3294,5490,1170000,195
3,170,11050000,11050100,3294,5490,11115000,1871
3,171,11115000,11115100,3294,5490,11180000,1882
3,172,11180000,11180100,3294,5490,11245000,1892
3,173,11245000,11245100,3294,5490,11310000,1904
3,174,11310000,11310100,3294,5490,11375000,1914
3,175,11375000,11375100,3294,5490,11440000,1926
3,176,11440000,11440100,3294,5490,11505000,1937
3,177,11505000,11505100,3294,5490,11570000,1948
3,178,11570000,11570100,3294,5490,11635000,1958
3,179,11635000,11635100,3294,5490,11700000,1971
3,18,1170000,1170100,3294,5490,1235000,205
3,180,11700000,11700100,3294,5490,11765000,1981
3,181,11765000,11765100,3294,5490,11830000,1990
3,182,11830000,11830100,3294,5490,11895000,2002
3,183,11895000,11895100,3294,5490,11960000,2013
3,184,11960000,11960100,3294,5490,12025000,2024
3,185,12025000,12025100,3294,5490,12090000,2035
3,186,12090000,12090100,3294,5490,12155000,2046
3,187,12155000,12155100,3294,5490,12220000,2057
3,188,12220000,12220100,3294,5490,12285000,2069
3,189,12285000,12285100,3294,5490,12350000,2079
3,19,1235000,1235100,3294,5490,1300000,216
3,190,12350000,12350100,3294,5490,12415000,2089
3,191,12415000,12415100,3294,5490,12480000,2102
3,192,12480000,12480100,3294,5490,12545000,2112
3,193,12545000,12545100,3294,5490,12610000,2123
3,194,12610000,12610100,3294,5490,12675000,2134
3,195,12675000,12675100,3294,5490,12740000,2145
3,196,12740000,12740100,3294,5490,12805000,2155
3,197,12805000,12805100,3294,5490,12870000,2167
3,198,12870000,12870100,3294,5490,12935000,2177
3,199,12935000,12935100,3294,5490,13000000,2188
3,2,130000,130100,3294,5490,195000,30
3,20,1300000,1300100,3294,5490,1365000,228
3,200,13000000,13000100,3294,5490,13065000,2200
3,201,13065000,13065100,3294,5490,13130000,2210
3,202,13130000,13130100,3294,5490,13195000,2221
3,203,13195000,13195100,3294,5490,13260000,2233
3,204,13260000,13260100,3294,5490,13325000,2244
3,205,13325000,13325100,3294,5490,13390000,2254
3,206,13390000,13390100,3294,5490,13455000,2266
3,207,13455000,13455100,3294,5490,13520000,2277
3,208,13520000,13520100,3294,5490,13585000,2287
3,209,13585000,13585100,3294,5490,13650000,2298
3,21,1365000,1365100,3294,5490,1430000,238
3,210,13650000,13650100,3294,5490,13715000,2308
3,211,13715000,13715100,3294,5490,13780000,2320
3,212,13780000,13780100,3294,5490,13845000,2331
3,213,13845000,13845100,3294,5490,13910000,2342
3,214,13910000,13910100,3294,5490,13975000,2352
3,215,13975000,13975100,3294,5490,14040000,2365
3,216,14040000,14040100,3294,5490,14105000,2375
3,217,14105000,14105100,3294,5490,14170000,2385
3,218,14170000,14170100,3294,5490,14235000,2397
3,219,14235000,14235100,3294,5490,14300000,2408
3,22,1430000,1430100,3294,5490,1495000,249
3,220,14300000,14300100,3294,5490,14365000,2419
3,221,14365000,14365100,3294,5490,14430000,2430
3,222,14430000,14430100,3294,5490,14495000,2441
3,223,14495000,14495100,3294,5490,14560000,2451
3,224,14560000,14560100,3294,5490,14625000,2463
3,225,14625000,14625100,3294,5490,14690000,2473
3,226,14690000,14690100,3294,5490,14755000,2483
3,227,14755000,14755100,3294,5490,14820000,2496
3,228,14820000,14820100,3294,5490,14885000,2506
3,229,14885000,14885100,3294,5490,14950000,2517
3,23,1495000,1495100,3294,5490,1560000,261
3,230,14950000,14950100,3294,5490,15015000,2528
3,231,15015000,15015100,3294,5490,15080000,2540
3,232,15080000,15080100,3294,5490,15145000,2550
3,233,15145000,15145100,3294,5490,15210000,2562
3,234,15210000,15210100,3294,5490,15275000,2572
3,235,15275000,15275100,3294,5490,15340000,2583
3,236,15340000,15340100,3294,5490,15405000,2595
3,237,15405000,15405100,3294,5490,15470000,2604
3,238,15470000,15470100,3294,5490,15535000,2615
3,239,15535000,15535100,3294,5490,15600000,2627
3,24,1560000,1560100,3294,5490,1625000,272
3,240,15600000,15600100,3294,5490,15665000,2638
3,241,15665000,15665100,3294,5490,15730000,2648
3,242,15730000,15730100,3294,5490,15795000,2660
3,243,15795000,15795100,3294,5490,15860000,2671
3,244,15860000,15860100,3294,5490,15925000,2681
3,245,15925000,15925100,3294,5490,15990000,2693
3,246,15990000,15990100,3294,5490,16055000,2703
3,247,16055000,16055100,3294,5490,16120000,2715
3,248,16120000,16120100,3294,5490,16185000,2726
3,249,16185000,16185100,3294,5490,16250000,2737
3,25,1625000,1625100,3294,5490,1690000,282
3,250,16250000,16250100,3294,5490,16315000,2747
3,251,16315000,16315100,3294,5490,16380000,2759
3,26,1690000,1690100,3294,5490,1755000,294
3,27,1755000,1755100,3294,5490,1820000,304
3,28,1820000,1820100,3294,5490,1885000,314
3,29,1885000,1885100,3294,5490,1950000,326
3,3,195000,195100,3294,5490,260000,41
3,30,1950000,1950100,3294,5490,2015000,336
3,31,2015000,2015100,3294,5490,2080000,348
3,32,2080000,2080100,3294,5490,2145000,359
3,33,2145000,2145100,3294,5490,2210000,370
3,34,2210000,2210100,3294,5490,2275000,380
3,35,2275000,2275100,3294,5490,2340000,393
3,36,2340000,2340100,3294,5490,2405000,403
3,37,2405000,2405100,3294,5490,2470000,413
3,38,2470000,2470100,3294,5490,2535000,425
3,39,2535000,2535100,3294,5490,2600000,436
3,4,260000,260100,3294,5490,325000,52
3,40,2600000,2600100,3294,5490,2665000,447
3,41,2665000,2665100,3294,5490,2730000,457
3,42,2730000,2730100,3294,5490,2795000,468
3,43,2795000,2795100,3294,5490,2860000,479
3,44,2860000,2860100,3294,5490,2925000,491
3,45,2925000,2925100,3294,5490,2990000,501
3,46,2990000,2990100,3294,5490,3055000,511
3,47,3055000,3055100,3294,5490,3120000,524
3,48,3120000,3120100,3294,5490,3185000,534
3,49,3185000,3185100,3294,5490,3250000,545
3,5,325000,325100,3294,5490,390000,63
3,50,3250000,3250100,3294,5490,3315000,556
3,51,3315000,3315100,3294,5490,3380000,568
3,52,3380000,3380100,3294,5490,3445000,578
3,53,3445000,3445100,3294,5490,3510000,590
3,54,3510000,3510100,3294,5490,3575000,600
3,55,3575000,3575100,3294,5490,3640000,610
3,56,3640000,3640100,3294,5490,3705000,622
3,57,3705000,3705100,3294,5490,3770000,632
3,58,3770000,3770100,3294,5490,3835000,643
3,59,3835000,3835100,3294,5490,3900000,655
3,6,390000,390100,3294,5490,455000,74
3,60,3900000,3900100,3294,5490,3965000,666
3,61,3965000,3965100,3294,5490,4030000,676
3,62,4030000,4030100,3294,5490,4095000,688
3,63,4095000,4095100,3294,5490,4160000,699
3,64,4160000,4160100,3294,5490,4225000,709
3,65,4225000,4225100,3294,5490,4290000,721
3,66,4290000,4290100,3294,5490,4355000,731
3,67,4355000,4355100,3294,5490,4420000,743
3,68,4420000,4420100,3294,5490,4485000,754
3,69,4485000,4485100,3294,5490,4550000,764
3,7,455000,455100,3294,5490,520000,85
3,70,4550000,4550100,3294,5490,4615000,774
3,71,4615000,4615100,3294,5490,4680000,787
3,72,4680000,4680100,3294,5490,4745000,797
3,73,4745000,4745100,3294,5490,4810000,807
3,74,4810000,4810100,3294,5490,4875000,819
3,75,4875000,4875100,3294,5490,4940000,830
3,76,4940000,4940100,3294,5490,5005000,841
3,77,5005000,5005100,3294,5490,5070000,852
3,78,5070000,5070100,3294,5490,5135000,863
3,79,5135000,5135100,3294,5490,5200000,874
3,8,520000,520100,3294,5490,585000,97
3,80,5200000,5200100,3294,5490,5265000,886
3,81,5265000,5265100,3294,5490,5330000,896
3,82,5330000,5330100,3294,5490,5395000,906
3,83,5395000,5395100,3294,5490,5460000,918
3,84,5460000,5460100,3294,5490,5525000,928
3,85,5525000,5525100,3294,5490,5590000,939
3,86,5590000,5590100,3294,5490,5655000,950
3,87,5655000,5655100,3294,5490,5720000,962
3,88,5720000,5720100,3294,5490,5785000,972
3,89,5785000,5785100,3294,5490,5850000,984
3,9,585000,585100,3294,5490,650000,107
3,90,5850000,5850100,3294,5490,5915000,994
3,91,5915000,5915100,3294,5490,5980000,1005
3,92,5980000,5980100,3294,5490,6045000,1017
3,93,6045000,6045100,3294,5490,6110000,1027
3,94,6110000,6110100,3294,5490,6175000,1038
3,95,6175000,6175100,3294,5490,6240000,1050
3,96,6240000,6240100,3294,5490,6305000,1061
3,97,6305000,6305100,3294,5490,6370000,1070
3,98,6370000,6370100,3294,5490,6435000,1082
3,99,6435000,6435100,3294,5490,6500000,1093
4,0,0,100,1269,2115,70000,9
4,1,70000,70100,1269,2115,140000,22
4,10,700000,700100,1269,2115,770000,127
4,100,7000000,7000100,1269,2115,7070000,1189
4,101,7070000,7070100,1269,2115,7140000,1201
4,102,7140000,7140100,1269,2115,7210000,1212
4,103,7210000,7210100,1269,2115,7280000,1225
4,104,7280000,7280100,1269,2115,7350000,1237
4,105,7350000,7350100,1269,2115,7420000,1248
4,106,7420000,7420100,1269,2115,7490000,1260
4,107,7490000,7490100,1269,2115,7560000,1273
4,108,7560000,7560100,1269,2115,7630000,1283
4,109,7630000,7630100,1269,2115,7700000,1296
4,11,770000,770100,1269,2115,840000,139
4,110,7700000,7700100,1269,2115,7770000,1307
4,111,7770000,7770100,1269,2115,7840000,1319
4,112,7840000,7840100,1269,2115,7910000,1330
4,113,7910000,7910100,1269,2115,7980000,1343
4,114,7980000,7980100,1269,2115,8050000,1353
4,115,8050000,8050100,1269,2115,8120000,1366
4,116,8120000,8120100,1269,2115,8190000,1379
4,117,8190000,8190100,1269,2115,8260000,1390
4,118,8260000,8260100,1269,2115,8330000,1402
4,119,8330000,8330100,1269,2115,8400000,1414
4,12,840000,840100,1269,2115,910000,151
4,120,8400000,8400100,1269,2115,8470000,1425
4,121,8470000,8470100,1269,2115,8540000,1437
4,122,8540000,8540100,1269,2115,8610000,1449
4,123,8610000,8610100,1269,2115,8680000,1460
4,124,8680000,8680100,1269,2115,8750000,1472
4,125,8750000,8750100,1269,2115,8820000,1485
4,126,8820000,8820100,1269,2115,8890000,1495
4,127,8890000,8890100,1269,2115,8960000,1508
4,128,8960000,8960100,1269,2115,9030000,1519
4,129,9030000,9030100,1269,2115,9100000,1532
4,13,910000,910100,1269,2115,980000,163
4,130,9100000,9100100,1269,2115,9170000,1543
4,131,9170000,9170100,1269,2115,9240000,1556
4,132,9240000,9240100,1269,2115,9310000,1566
4,133,9310000,9310100,1269,2115,9380000,1579
4,134,9380000,9380100,1269,2115,9450000,1591
4,135,9450000,9450100,1269,2115,9520000,1602
4,136,9520000,9520100,1269,2115,9590000,1614
4,137,9590000,9590100,1269,2115,9660000,1626
4,138,9660000,9660100,1269,2115,9730000,1637
4,139,9730000,9730100,1269,2115,9800000,1649
4,14,980000,980100,1269,2115,1050000,175
4,140,9800000,9800100,1269,2115,9870000,1661
4,141,9870000,9870100,1269,2115,9940000,1672
4,142,9940000,9940100,1269,2115,10010000,1685
4,143,10010000,10010100,1269,2115,10080000,1698
4,144,10080000,10080100,1269,2115,10150000,1708
4,145,10150000,10150100,1269,2115,10220000,1721
4,146,10220000,10220100,1269,2115,10290000,1732
4,147,10290000,10290100,1269,2115,10360000,1744
4,148,10360000,10360100,1269,2115,10430000,1755
4,149,10430000,10430100,1269,2115,10500000,1768
4,15,1050000,1050100,1269,2115,1120000,186
4,150,10500000,10500100,1269,2115,10570000,1778
4,151,10570000,10570100,1269,2115,10640000,1791
4,152,10640000,10640100,1269,2115,10710000,1803
4,153,10710000,10710100,1269,2115,10780000,1814
4,154,10780000,10780100,1269,2115,10850000,1826
4,155,10850000,10850100,1269,2115,10920000,1839
4,156,10920000,10920100,1269,2115,10990000,1850
4,157,10990000,10990100,1269,2115,11060000,1862
4,158,11060000,11060100,1269,2115,11130000,1874
4,159,11130000,11130100,1269,2115,11200000,1885
4,16,1120000,1120100,1269,2115,1190000,198
4,160,11200000,11200100,1269,2115,11270000,1897
4,161,11270000,11270100,1269,2115,11340000,1910
4,162,11340000,11340100,1269,2115,11410000,1920
4,163,11410000,11410100,1269,2115,11480000,1933
4,164,11480000,11480100,1269,2115,11550000,1944
4,165,11550000,11550100,1269,2115,11620000,1956
4,166,11620000,11620100,1269,2115,11690000,1967
4,167,11690000,11690100,1269,2115,11760000,1980
4,168,11760000,11760100,1269,2115,11830000,1991
4,169,11830000,11830100,1269,2115,11900000,2004
4,17,1190000,1190100,1269,2115,1260000,211
4,170,11900000,11900100,1269,2115,11970000,2016
4,171,11970000,11970100,1269,2115,12040000,2027
4,172,12040000,12040100,1269,2115,12110000,2039
4,173,12110000,12110100,1269,2115,12180000,2051
4,174,12180000,12180100,1269,2115,12250000,2062
4,175,12250000,12250100,1269,2115,12320000,2074
4,176,12320000,12320100,1269,2115,12390000,2086
4,177,12390000,12390100,1269,2115,12460000,2097
4,178,12460000,12460100,1269,2115,12530000,2109
4,179,12530000,12530100,1269,2115,12600000,2122
4,18,1260000,1260100,1269,2115,1330000,221
4,180,12600000,12600100,1269,2115,12670000,2132
4,181,12670000,12670100,1269,2115,12740000,2146
4,182,12740000,12740100,1269,2115,12810000,2157
4,183,12810000,12810100,1269,2115,12880000,2169
4,184,12880000,12880100,1269,2115,12950000,2180
4,185,12950000,12950100,1269,2115,13020000,2193
4,186,13020000,13020100,1269,2115,13090000,2203
4,187,13090000,13090100,1269,2115,13160000,2216
4,188,13160000,13160100,1269,2115,13230000,2228
4,189,13230000,13230100,1269,2115,13300000,2239
4,19,1330000,1330100,1269,2115,1400000,234
4,190,13300000,13300100,1269,2115,13370000,2251
4,191,13370000,13370100,1269,2115,13440000,2263
4,192,13440000,13440100,1269,2115,13510000,2274
4,193,13510000,13510100,1269,2115,13580000,2286
4,194,13580000,13580100,1269,2115,13650000,2299
4,195,13650000,13650100,1269,2115,13720000,2310
4,196,13720000,13720100,1269,2115,13790000,2322
4,197,13790000,13790100,1269,2115,13860000,2335
4,198,13860000,13860100,1269,2115,13930000,2345
4,199,13930000,13930100,1269,2115,14000000,2358
4,2,140000,140100,1269,2115,210000,33
4,20,1400000,1400100,1269,2115,1470000,245
4,200,14000000,14000100,1269,2115,14070000,2369
4,201,14070000,14070100,1269,2115,14140000,2381
4,202,14140000,14140100,1269,2115,14210000,2392
4,203,14210000,14210100,1269,2115,14280000,2405
4,204,14280000,14280100,1269,2115,14350000,2415
4,205,14350000,14350100,1269,2115,14420000,2428
4,206,14420000,14420100,1269,2115,14490000,2440
4,207,14490000,14490100,1269,2115,14560000,2452
4,208,14560000,14560100,1269,2115,14630000,2464
4,209,14630000,14630100,1269,2115,14700000,2476
4,21,1470000,1470100,1269,2115,1540000,257
4,210,14700000,14700100,1269,2115,14770000,2487
4,211,14770000,14770100,1269,2115,14840000,2499
4,212,14840000,14840100,1269,2115,14910000,2511
4,213,14910000,14910100,1269,2115,14980000,2522
4,214,14980000,14980100,1269,2115,15050000,2534
4,215,15050000,15050100,1269,2115,15120000,2547
4,216,15120000,15120100,1269,2115,15190000,2557
4,217,15190000,15190100,1269,2115,15260000,2570
4,218,15260000,15260100,1269,2115,15330000,2581
4,219,15330000,15330100,1269,2115,15400000,2593
4,22,1540000,1540100,1269,2115,1610000,268
4,220,15400000,15400100,1269,2115,15470000,2605
4,221,15470000,15470100,1269,2115,15540000,2618
4,222,15540000,15540100,1269,2115,15610000,2628
4,223,15610000,15610100,1269,2115,15680000,2641
4,224,15680000,15680100,1269,2115,15750000,2653
4,225,15750000,15750100,1269,2115,15820000,2664
4,226,15820000,15820100,1269,2115,15890000,2676
4,227,15890000,15890100,1269,2115,15960000,2688
4,228,15960000,15960100,1269,2115,16030000,2699
4,229,16030000,16030100,1269,2115,16100000,2711
4,23,1610000,1610100,1269,2115,1680000,281
4,230,16100000,16100100,1269,2115,16170000,2723
4,231,16170000,16170100,1269,2115,16240000,2734
4,232,16240000,16240100,1269,2115,16310000,2746
4,233,16310000,16310100,1269,2115,16380000,2760
4,24,1680000,1680100,1269,2115,1750000,291
4,25,1750000,1750100,1269,2115,1820000,305
4,26,1820000,1820100,1269,2115,1890000,317
4,27,1890000,1890100,1269,2115,1960000,328
4,28,1960000,1960100,1269,2115,2030000,340
4,29,2030000,2030100,1269,2115,2100000,352
4,3,210000,210100,1269,2115,280000,45
4,30,2100000,2100100,1269,2115,2170000,363
4,31,2170000,2170100,1269,2115,2240000,375
4,32,2240000,2240100,1269,2115,2310000,387
4,33,2310000,2310100,1269,2115,2380000,398
4,34,2380000,2380100,1269,2115,2450000,410
4,35,2450000,2450100,1269,2115,2520000,423
4,36,2520000,2520100,1269,2115,2590000,433
4,37,2590000,2590100,1269,2115,2660000,446
4,38,2660000,2660100,1269,2115,2730000,458
4,39,2730000,2730100,1269,2115,2800000,470
4,4,280000,280100,1269,2115,350000,56
4,40,2800000,2800100,1269,2115,2870000,481
4,41,2870000,2870100,1269,2115,2940000,494
4,42,2940000,2940100,1269,2115,3010000,504
4,43,3010000,3010100,1269,2115,3080000,517
4,44,3080000,3080100,1269,2115,3150000,529
4,45,3150000,3150100,1269,2115,3220000,540
4,46,3220000,3220100,1269,2115,3290000,552
4,47,3290000,3290100,1269,2115,3360000,564
4,48,3360000,3360100,1269,2115,3430000,575
4,49,3430000,3430100,1269,2115,3500000,587
4,5,350000,350100,1269,2115,420000,69
4,50,3500000,3500100,1269,2115,3570000,599
4,51,3570000,3570100,1269,2115,3640000,611
4,52,3640000,3640100,1269,2115,3710000,623
4,53,3710000,3710100,1269,2115,3780000,636
4,54,3780000,3780100,1269,2115,3850000,646
4,55,3850000,3850100,1269,2115,3920000,659
4,56,3920000,3920100,1269,2115,3990000,670
4,57,3990000,3990100,1269,2115,4060000,682
4,58,4060000,4060100,1269,2115,4130000,693
4,59,4130000,4130100,1269,2115,4200000,706
4,6,420000,420100,1269,2115,490000,79
4,60,4200000,4200100,1269,2115,4270000,716
4,61,4270000,4270100,1269,2115,4340000,729
4,62,4340000,4340100,1269,2115,4410000,741
4,63,4410000,4410100,1269,2115,4480000,752
4,64,4480000,4480100,1269,2115,4550000,765
4,65,4550000,4550100,1269,2115,4620000,777
4,66,4620000,4620100,1269,2115,4690000,788
4,67,4690000,4690100,1269,2115,4760000,800
4,68,4760000,4760100,1269,2115,4830000,812
4,69,4830000,4830100,1269,2115,4900000,823
4,7,490000,490100,1269,2115,560000,92
4,70,4900000,4900100,1269,2115,4970000,835
4,71,4970000,4970100,1269,2115,5040000,848
4,72,5040000,5040100,1269,2115,5110000,858
4,73,5110000,5110100,1269,2115,5180000,871
4,74,5180000,5180100,1269,2115,5250000,882
4,75,5250000,5250100,1269,2115,5320000,894
4,76,5320000,5320100,1269,2115,5390000,905
4,77,5390000,5390100,1269,2115,5460000,919
4,78,5460000,5460100,1269,2115,5530000,929
4,79,5530000,5530100,1269,2115,5600000,942
4,8,560000,560100,1269,2115,630000,104
4,80,5600000,5600100,1269,2115,5670000,954
4,81,5670000,5670100,1269,2115,5740000,965
4,82,5740000,5740100,1269,2115,5810000,977
4,83,5810000,5810100,1269,2115,5880000,989
4,84,5880000,5880100,1269,2115,5950000,1000
4,85,5950000,5950100,1269,2115,6020000,1012
4,86,6020000,6020100,1269,2115,6090000,1024
4,87,6090000,6090100,1269,2115,6160000,1035
4,88,6160000,6160100,1269,2115,6230000,1047
4,89,6230000,6230100,1269,2115,6300000,1060
4,9,630000,630100,1269,2115,700000,115
4,90,6300000,6300100,1269,2115,6370000,1071
4,91,6370000,6370100,1269,2115,6440000,1084
4,92,6440000,6440100,1269,2115,6510000,1095
4,93,6510000,6510100,1269,2115,6580000,1107
4,94,6580000,6580100,1269,2115,6650000,1118
4,95,6650000,6650100,1269,2115,6720000,1131
4,96,6720000,6720100,1269,2115,6790000,1141
4,97,6790000,6790100,1269,2115,6860000,1154
4,98,6860000,6860100,1269,2115,6930000,1166
4,99,6930000,6930100,1269,2115,7000000,1177
