Task ID,Job ID,Arrival min,Arrival max,Cost min,Cost max,Deadline,Priority
0,0,0,500,602,1002,10000,0
0,1,10000,10500,602,1002,20000,6
0,10,100000,100500,602,1002,110000,87
0,100,1000000,1000500,602,1002,1010000,908
0,1000,10000000,10000500,602,1002,10010000,9094
0,1001,10010000,10010500,602,1002,10020000,9100
0,1002,10020000,10020500,602,1002,10030000,9112
0,1003,10030000,10030500,602,1002,10040000,9118
0,1004,10040000,10040500,602,1002,10050000,9128
0,1005,10050000,10050500,602,1002,10060000,9138
0,1006,10060000,10060500,602,1002,10070000,9146
0,1007,10070000,10070500,602,1002,10080000,9150
0,1008,10080000,10080500,602,1002,10090000,9169
0,1009,10090000,10090500,602,1002,10100000,9175
0,101,1010000,1010500,602,1002,1020000,912
0,1010,10100000,10100500,602,1002,10110000,9182
0,1011,10110000,10110500,602,1002,10120000,9191
0,1012,10120000,10120500,602,1002,10130000,9203
0,1013,10130000,10130500,602,1002,10140000,9207
0,1014,10140000,10140500,602,1002,10150000,9219
0,1015,10150000,10150500,602,1002,10160000,9228
0,1016,10160000,10160500,602,1002,10170000,9238
0,1017,10170000,10170500,602,1002,10180000,9248
0,1018,10180000,10180500,602,1002,10190000,9256
0,1019,10190000,10190500,602,1002,10200000,9260
0,102,1020000,1020500,602,1002,1030000,924
0,1020,10200000,10200500,602,1002,10210000,9277
0,1021,10210000,10210500,602,1002,10220000,9283
0,1022,10220000,10220500,602,1002,10230000,9291
0,1023,10230000,10230500,602,1002,10240000,9300
0,1024,10240000,10240500,602,1002,10250000,9312
0,1025,10250000,10250500,602,1002,10260000,9317
0,1026,10260000,10260500,602,1002,10270000,9330
0,1027,10270000,10270500,602,1002,10280000,9336
0,1028,10280000,10280500,602,1002,10290000,9346
0,1029,10290000,10290500,602,1002,10300000,9357
0,103,1030000,1030500,602,1002,1040000,930
0,1030,10300000,10300500,602,1002,10310000,9366
0,1031,10310000,10310500,602,1002,10320000,9370
0,1032,10320000,10320500,602,1002,10330000,9386
0,1033,10330000,10330500,602,1002,10340000,9392
0,1034,10340000,10340500,602,1002,10350000,9398
0,1035,10350000,10350500,602,1002,10360000,9409
0,1036,10360000,10360500,602,1002,10370000,9423
0,1037,10370000,10370500,602,1002,10380000,9427
0,1038,10380000,10380500,602,1002,10390000,9439
0,1039,10390000,10390500,602,1002,10400000,9445
0,104,1040000,1040500,602,1002,1050000,940
0,1040,10400000,10400500,602,1002,10410000,9456
0,1041,10410000,10410500,602,1002,10420000,9465
0,1042,10420000,10420500,602,1002,10430000,9473
0,1043,10430000,10430500,602,1002,10440000,9479
0,1044,10440000,10440500,602,1002,10450000,9496
0,1045,10450000,10450500,602,1002,10460000,9503
0,1046,10460000,10460500,602,1002,10470000,9509
0,1047,10470000,10470500,602,1002,10480000,9518
0,1048,10480000,10480500,602,1002,10490000,9530
0,1049,10490000,10490500,602,1002,10500000,9534
0,105,1050000,1050500,602,1002,1060000,952
0,1050,10500000,10500500,602,1002,10510000,9549
0,1051,10510000,10510500,602,1002,10520000,9555
0,1052,10520000,10520500,602,1002,10530000,9565
0,1053,10530000,10530500,602,1002,10540000,9575
0,1054,10540000,10540500,602,1002,10550000,9583
0,1055,10550000,10550500,602,1002,10560000,9588
0,1056,10560000,10560500,602,1002,10570000,9604
0,1057,10570000,10570500,602,1002,10580000,9612
0,1058,10580000,10580500,602,1002,10590000,9618
0,1059,10590000,10590500,602,1002,10600000,9627
0,106,1060000,1060500,602,1002,1070000,960
0,1060,10600000,10600500,602,1002,10610000,9640
0,1061,10610000,10610500,602,1002,10620000,9644
0,1062,10620000,10620500,602,1002,10630000,9657
0,1063,10630000,10630500,602,1002,10640000,9663
0,1064,10640000,10640500,602,1002,10650000,9675
0,1065,10650000,10650500,602,1002,10660000,9685
0,1066,10660000,10660500,602,1002,10670000,9693
0,1067,10670000,10670500,602,1002,10680000,9697
0,1068,10680000,10680500,602,1002,10690000,9713
0,1069,10690000,10690500,602,1002,10700000,9719
0,107,1070000,1070500,602,1002,1080000,964
0,1070,10700000,10700500,602,1002,10710000,9726
0,1071,10710000,10710500,602,1002,10720000,9738
0,1072,10720000,10720500,602,1002,10730000,9750
0,1073,10730000,10730500,602,1002,10740000,9754
0,1074,10740000,10740500,602,1002,10750000,9766
0,1075,10750000,10750500,602,1002,10760000,9773
0,1076,10760000,10760500,602,1002,10770000,9783
0,1077,10770000,10770500,602,1002,10780000,9792
0,1078,10780000,10780500,602,1002,10790000,9802
0,1079,10790000,10790500,602,1002,10800000,9806
0,108,1080000,1080500,602,1002,1090000,981
0,1080,10800000,10800500,602,1002,10810000,9824
0,1081,10810000,10810500,602,1002,10820000,9830
0,1082,10820000,10820500,602,1002,10830000,9836
0,1083,10830000,10830500,602,1002,10840000,9845
0,1084,10840000,10840500,602,1002,10850000,9857
0,1085,10850000,10850500,602,1002,10860000,9864
0,1086,10860000,10860500,602,1002,10870000,9876
0,1087,10870000,10870500,602,1002,10880000,9882
0,1088,10880000,10880500,602,1002,10890000,9892
0,1089,10890000,10890500,602,1002,10900000,9902
0,109,1090000,1090500,602,1002,1100000,987
0,1090,10900000,10900500,602,1002,10910000,9911
0,1091,10910000,10910500,602,1002,10920000,9915
0,1092,10920000,10920500,602,1002,10930000,9933
0,1093,10930000,10930500,602,1002,10940000,9939
0,1094,10940000,10940500,602,1002,10950000,9945
0,1095,10950000,10950500,602,1002,10960000,9955
0,1096,10960000,10960500,602,1002,10970000,9967
0,1097,10970000,10970500,602,1002,10980000,9971
0,1098,10980000,10980500,602,1002,10990000,9984
0,1099,10990000,10990500,602,1002,11000000,9992
0,11,110000,110500,602,1002,120000,91
0,110,1100000,1100500,602,1002,1110000,994
0,1100,11000000,11000500,602,1002,11010000,10003
0,1101,11010000,11010500,602,1002,11020000,10012
0,1102,11020000,11020500,602,1002,11030000,10020
0,1103,11030000,11030500,602,1002,11040000,10024
0,1104,11040000,11040500,602,1002,11050000,10040
0,1105,11050000,11050500,602,1002,11060000,10047
0,1106,11060000,11060500,602,1002,11070000,10055
0,1107,11070000,11070500,602,1002,11080000,10065
0,1108,11080000,11080500,602,1002,11090000,10077
0,1109,11090000,11090500,602,1002,11100000,10081
0,111,1110000,1110500,602,1002,1120000,1003
0,1110,11100000,11100500,602,1002,11110000,10094
0,1111,11110000,11110500,602,1002,11120000,10100
0,1112,11120000,11120500,602,1002,11130000,10110
0,1113,11130000,11130500,602,1002,11140000,10121
0,1114,11140000,11140500,602,1002,11150000,10129
0,1115,11150000,11150500,602,1002,11160000,10134
0,1116,11160000,11160500,602,1002,11170000,10151
0,1117,11170000,11170500,602,1002,11180000,10157
0,1118,11180000,11180500,602,1002,11190000,10163
0,1119,11190000,11190500,602,1002,11200000,10172
0,112,1120000,1120500,602,1002,1130000,1017
0,1120,11200000,11200500,602,1002,11210000,10187
0,1121,11210000,11210500,602,1002,11220000,10191
0,1122,11220000,11220500,602,1002,11230000,10203
0,1123,11230000,11230500,602,1002,11240000,10209
0,1124,11240000,11240500,602,1002,11250000,10219
0,1125,11250000,11250500,602,1002,11260000,10230
0,1126,11260000,11260500,602,1002,11270000,10238
0,1127,11270000,11270500,602,1002,11280000,10244
0,1128,11280000,11280500,602,1002,11290000,10260
0,1129,11290000,11290500,602,1002,11300000,10266
0,113,1130000,1130500,602,1002,1140000,1021
0,1130,11300000,11300500,602,1002,11310000,10273
0,1131,11310000,11310500,602,1002,11320000,10282
0,1132,11320000,11320500,602,1002,11330000,10294
0,1133,11330000,11330500,602,1002,11340000,10298
0,1134,11340000,11340500,602,1002,11350000,10313
0,1135,11350000,11350500,602,1002,11360000,10320
0,1136,11360000,11360500,602,1002,11370000,10330
0,1137,11370000,11370500,602,1002,11380000,10339
0,1138,11380000,11380500,602,1002,11390000,10347
0,1139,11390000,11390500,602,1002,11400000,10351
0,114,1140000,1140500,602,1002,1150000,1033
0,1140,11400000,11400500,602,1002,11410000,10368
0,1141,11410000,11410500,602,1002,11420000,10376
0,1142,11420000,11420500,602,1002,11430000,10382
0,1143,11430000,11430500,602,1002,11440000,10392
0,1144,11440000,11440500,602,1002,11450000,10404
0,1145,11450000,11450500,602,1002,11460000,10409
0,1146,11460000,11460500,602,1002,11470000,10421
0,1147,11470000,11470500,602,1002,11480000,10427
0,1148,11480000,11480500,602,1002,11490000,10439
0,1149,11490000,11490500,602,1002,11500000,10448
0,115,1150000,1150500,602,1002,1160000,1040
0,1150,11500000,11500500,602,1002,11510000,10457
0,1151,11510000,11510500,602,1002,11520000,10461
0,1152,11520000,11520500,602,1002,11530000,10478
0,1153,11530000,11530500,602,1002,11540000,10484
0,1154,11540000,11540500,602,1002,11550000,10490
0,1155,11550000,11550500,602,1002,11560000,10502
0,1156,11560000,11560500,602,1002,11570000,10514
0,1157,11570000,11570500,602,1002,11580000,10518
0,1158,11580000,11580500,602,1002,11590000,10530
0,1159,11590000,11590500,602,1002,11600000,10536
0,116,1160000,1160500,602,1002,1170000,1050
0,1160,11600000,11600500,602,1002,11610000,10547
0,1161,11610000,11610500,602,1002,11620000,10557
0,1162,11620000,11620500,602,1002,11630000,10567
0,1163,11630000,11630500,602,1002,11640000,10571
0,1164,11640000,11640500,602,1002,11650000,10587
0,1165,11650000,11650500,602,1002,11660000,10594
0,1166,11660000,11660500,602,1002,11670000,10600
0,1167,11670000,11670500,602,1002,11680000,10609
0,1168,11680000,11680500,602,1002,11690000,10621
0,1169,11690000,11690500,602,1002,11700000,10627
0,117,1170000,1170500,602,1002,1180000,1060
0,1170,11700000,11700500,602,1002,11710000,10641
0,1171,11710000,11710500,602,1002,11720000,10647
0,1172,11720000,11720500,602,1002,11730000,10657
0,1173,11730000,11730500,602,1002,11740000,10666
0,1174,11740000,11740500,602,1002,11750000,10674
0,1175,11750000,11750500,602,1002,11760000,10679
0,1176,11760000,11760500,602,1002,11770000,10697
0,1177,11770000,11770500,602,1002,11780000,10703
0,1178,11780000,11780500,602,1002,11790000,10709
0,1179,11790000,11790500,602,1002,11800000,10719
0,118,1180000,1180500,602,1002,1190000,1068
0,1180,11800000,11800500,602,1002,11810000,10732
0,1181,11810000,11810500,602,1002,11820000,10736
0,1182,11820000,11820500,602,1002,11830000,10748
0,1183,11830000,11830500,602,1002,11840000,10756
0,1184,11840000,11840500,602,1002,11850000,10766
0,1185,11850000,11850500,602,1002,11860000,10776
0,1186,11860000,11860500,602,1002,11870000,10784
0,1187,11870000,11870500,602,1002,11880000,10788
0,1188,11880000,11880500,602,1002,11890000,10805
0,1189,11890000,11890500,602,1002,11900000,10811
0,119,1190000,1190500,602,1002,1200000,1074
0,1190,11900000,11900500,602,1002,11910000,10820
0,1191,11910000,11910500,602,1002,11920000,10829
0,1192,11920000,11920500,602,1002,11930000,10841
0,1193,11930000,11930500,602,1002,11940000,10845
0,1194,11940000,11940500,602,1002,11950000,10857
0,1195,11950000,11950500,602,1002,11960000,10864
0,1196,11960000,11960500,602,1002,11970000,10874
0,1197,11970000,11970500,602,1002,11980000,10886
0,1198,11980000,11980500,602,1002,11990000,10894
0,1199,11990000,11990500,602,1002,12000000,10898
0,12,120000,120500,602,1002,130000,107
0,120,1200000,1200500,602,1002,1210000,1091
0,1200,12000000,12000500,602,1002,12010000,10915
0,1201,12010000,12010500,602,1002,12020000,10921
0,1202,12020000,12020500,602,1002,12030000,10927
0,1203,12030000,12030500,602,1002,12040000,10936
0,1204,12040000,12040500,602,1002,12050000,10950
0,1205,12050000,12050500,602,1002,12060000,10955
0,1206,12060000,12060500,602,1002,12070000,10968
0,1207,12070000,12070500,602,1002,12080000,10974
0,1208,12080000,12080500,602,1002,12090000,10984
0,1209,12090000,12090500,602,1002,12100000,10993
0,121,1210000,1210500,602,1002,1220000,1097
0,1210,12100000,12100500,602,1002,12110000,11002
0,1211,12110000,12110500,602,1002,12120000,11008
0,1212,12120000,12120500,602,1002,12130000,11024
0,1213,12130000,12130500,602,1002,12140000,11030
0,1214,12140000,12140500,602,1002,12150000,11036
0,1215,12150000,12150500,602,1002,12160000,11047
0,1216,12160000,12160500,602,1002,12170000,11059
0,1217,12170000,12170500,602,1002,12180000,11063
0,1218,12180000,12180500,602,1002,12190000,11077
0,1219,12190000,12190500,602,1002,12200000,11083
0,122,1220000,1220500,602,1002,1230000,1103
0,1220,12200000,12200500,602,1002,12210000,11094
0,1221,12210000,12210500,602,1002,12220000,11103
0,1222,12220000,12220500,602,1002,12230000,11111
0,1223,12230000,12230500,602,1002,12240000,11115
0,1224,12240000,12240500,602,1002,12250000,11132
0,1225,12250000,12250500,602,1002,12260000,11141
0,1226,12260000,12260500,602,1002,12270000,11147
0,1227,12270000,12270500,602,1002,12280000,11156
0,1228,12280000,12280500,602,1002,12290000,11168
0,1229,12290000,12290500,602,1002,12300000,11172
0,123,1230000,1230500,602,1002,1240000,1112
0,1230,12300000,12300500,602,1002,12310000,11185
0,1231,12310000,12310500,602,1002,12320000,11191
0,1232,12320000,12320500,602,1002,12330000,11203
0,1233,12330000,12330500,602,1002,12340000,11213
0,1234,12340000,12340500,602,1002,12350000,11221
0,1235,12350000,12350500,602,1002,12360000,11226
0,1236,12360000,12360500,602,1002,12370000,11242
0,1237,12370000,12370500,602,1002,12380000,11248
0,1238,12380000,12380500,602,1002,12390000,11254
0,1239,12390000,12390500,602,1002,12400000,11265
0,124,1240000,1240500,602,1002,1250000,1124
0,1240,12400000,12400500,602,1002,12410000,11278
0,1241,12410000,12410500,602,1002,12420000,11282
0,1242,12420000,12420500,602,1002,12430000,11295
0,1243,12430000,12430500,602,1002,12440000,11301
0,1244,12440000,12440500,602,1002,12450000,11311
0,1245,12450000,12450500,602,1002,12460000,11321
0,1246,12460000,12460500,602,1002,12470000,11331
0,1247,12470000,12470500,602,1002,12480000,11335
0,1248,12480000,12480500,602,1002,12490000,11351
0,1249,12490000,12490500,602,1002,12500000,11357
0,125,1250000,1250500,602,1002,1260000,1129
0,1250,12500000,12500500,602,1002,12510000,11364
0,1251,12510000,12510500,602,1002,12520000,11374
0,1252,12520000,12520500,602,1002,12530000,11386
0,1253,12530000,12530500,602,1002,12540000,11392
0,1254,12540000,12540500,602,1002,12550000,11404
0,1255,12550000,12550500,602,1002,12560000,11411
0,1256,12560000,12560500,602,1002,12570000,11421
0,1257,12570000,12570500,602,1002,12580000,11430
0,1258,12580000,12580500,602,1002,12590000,11438
0,1259,12590000,12590500,602,1002,12600000,11442
0,126,1260000,1260500,602,1002,1270000,1144
0,127,1270000,1270500,602,1002,1280000,1150
0,128,1280000,1280500,602,1002,1290000,1160
0,129,1290000,1290500,602,1002,1300000,1169
0,13,130000,130500,602,1002,140000,113
0,130,1300000,1300500,602,1002,1310000,1178
0,131,1310000,1310500,602,1002,1320000,1182
0,132,1320000,1320500,602,1002,1330000,1198
0,133,1330000,1330500,602,1002,1340000,1206
0,134,1340000,1340500,602,1002,1350000,1212
0,135,1350000,1350500,602,1002,1360000,1223
0,136,1360000,1360500,602,1002,1370000,1235
0,137,1370000,1370500,602,1002,1380000,1239
0,138,1380000,1380500,602,1002,1390000,1251
0,139,1390000,1390500,602,1002,1400000,1257
0,14,140000,140500,602,1002,150000,121
0,140,1400000,1400500,602,1002,1410000,1270
0,141,1410000,1410500,602,1002,1420000,1279
0,142,1420000,1420500,602,1002,1430000,1287
0,143,1430000,1430500,602,1002,1440000,1291
0,144,1440000,1440500,602,1002,1450000,1308
0,145,1450000,1450500,602,1002,1460000,1315
0,146,1460000,1460500,602,1002,1470000,1321
0,147,1470000,1470500,602,1002,1480000,1332
0,148,1480000,1480500,602,1002,1490000,1344
0,149,1490000,1490500,602,1002,1500000,1348
0,15,150000,150500,602,1002,160000,131
0,150,1500000,1500500,602,1002,1510000,1361
0,151,1510000,1510500,602,1002,1520000,1367
0,152,1520000,1520500,602,1002,1530000,1377
0,153,1530000,1530500,602,1002,1540000,1387
0,154,1540000,1540500,602,1002,1550000,1397
0,155,1550000,1550500,602,1002,1560000,1402
0,156,1560000,1560500,602,1002,1570000,1418
0,157,1570000,1570500,602,1002,1580000,1424
0,158,1580000,1580500,602,1002,1590000,1430
0,159,1590000,1590500,602,1002,1600000,1439
0,16,160000,160500,602,1002,170000,143
0,160,1600000,1600500,602,1002,1610000,1452
0,161,1610000,1610500,602,1002,1620000,1458
0,162,1620000,1620500,602,1002,1630000,1471
0,163,1630000,1630500,602,1002,1640000,1477
0,164,1640000,1640500,602,1002,1650000,1487
0,165,1650000,1650500,602,1002,1660000,1497
0,166,1660000,1660500,602,1002,1670000,1505
0,167,1670000,1670500,602,1002,1680000,1509
0,168,1680000,1680500,602,1002,1690000,1527
0,169,1690000,1690500,602,1002,1700000,1533
0,17,170000,170500,602,1002,180000,147
0,170,1700000,1700500,602,1002,1710000,1540
0,171,1710000,1710500,602,1002,1720000,1550
0,172,1720000,1720500,602,1002,1730000,1562
0,173,1730000,1730500,602,1002,1740000,1566
0,174,1740000,1740500,602,1002,1750000,1578
0,175,1750000,1750500,602,1002,1760000,1587
0,176,1760000,1760500,602,1002,1770000,1597
0,177,1770000,1770500,602,1002,1780000,1606
0,178,1780000,1780500,602,1002,1790000,1614
0,179,1790000,1790500,602,1002,1800000,1618
0,18,180000,180500,602,1002,190000,160
0,180,1800000,1800500,602,1002,1810000,1636
0,181,1810000,1810500,602,1002,1820000,1642
0,182,1820000,1820500,602,1002,1830000,1650
0,183,1830000,1830500,602,1002,1840000,1659
0,184,1840000,1840500,602,1002,1850000,1671
0,185,1850000,1850500,602,1002,1860000,1676
0,186,1860000,1860500,602,1002,1870000,1688
0,187,1870000,1870500,602,1002,1880000,1694
0,188,1880000,1880500,602,1002,1890000,1704
0,189,1890000,1890500,602,1002,1900000,1716
0,19,190000,190500,602,1002,200000,166
0,190,1900000,1900500,602,1002,1910000,1725
0,191,1910000,1910500,602,1002,1920000,1729
0,192,1920000,1920500,602,1002,1930000,1745
0,193,1930000,1930500,602,1002,1940000,1751
0,194,1940000,1940500,602,1002,1950000,1757
0,195,1950000,1950500,602,1002,1960000,1767
0,196,1960000,1960500,602,1002,1970000,1781
0,197,1970000,1970500,602,1002,1980000,1785
0,198,1980000,1980500,602,1002,1990000,1798
0,199,1990000,1990500,602,1002,2000000,1804
0,2,20000,20500,602,1002,30000,12
0,20,200000,200500,602,1002,210000,177
0,200,2000000,2000500,602,1002,2010000,1815
0,201,2010000,2010500,602,1002,2020000,1824
0,202,2020000,2020500,602,1002,2030000,1832
0,203,2030000,2030500,602,1002,2040000,1838
0,204,2040000,2040500,602,1002,2050000,1854
0,205,2050000,2050500,602,1002,2060000,1861
0,206,2060000,2060500,602,1002,2070000,1867
0,207,2070000,2070500,602,1002,2080000,1877
0,208,2080000,2080500,602,1002,2090000,1889
0,209,2090000,2090500,602,1002,2100000,1893
0,21,210000,210500,602,1002,220000,188
0,210,2100000,2100500,602,1002,2110000,1908
0,211,2110000,2110500,602,1002,2120000,1914
0,212,2120000,2120500,602,1002,2130000,1924
0,213,2130000,2130500,602,1002,2140000,1933
0,214,2140000,2140500,602,1002,2150000,1941
0,215,2150000,2150500,602,1002,2160000,1946
0,216,2160000,2160500,602,1002,2170000,1963
0,217,2170000,2170500,602,1002,2180000,1971
0,218,2180000,2180500,602,1002,2190000,1977
0,219,2190000,2190500,602,1002,2200000,1986
0,22,220000,220500,602,1002,230000,196
0,220,2200000,2200500,602,1002,2210000,1999
0,221,2210000,2210500,602,1002,2220000,2003
0,222,2220000,2220500,602,1002,2230000,2015
0,223,2230000,2230500,602,1002,2240000,2021
0,224,2240000,2240500,602,1002,2250000,2033
0,225,2250000,2250500,602,1002,2260000,2044
0,226,2260000,2260500,602,1002,2270000,2052
0,227,2270000,2270500,602,1002,2280000,2056
0,228,2280000,2280500,602,1002,2290000,2072
0,229,2290000,2290500,602,1002,2300000,2078
0,23,230000,230500,602,1002,240000,200
0,230,2300000,2300500,602,1002,2310000,2085
0,231,2310000,2310500,602,1002,2320000,2096
0,232,2320000,2320500,602,1002,2330000,2108
0,233,2330000,2330500,602,1002,2340000,2112
0,234,2340000,2340500,602,1002,2350000,2125
0,235,2350000,2350500,602,1002,2360000,2132
0,236,2360000,2360500,602,1002,2370000,2142
0,237,2370000,2370500,602,1002,2380000,2151
0,238,2380000,2380500,602,1002,2390000,2161
0,239,2390000,2390500,602,1002,2400000,2165
0,24,240000,240500,602,1002,250000,216
0,240,2400000,2400500,602,1002,2410000,2182
0,241,2410000,2410500,602,1002,2420000,2188
0,242,2420000,2420500,602,1002,2430000,2194
0,243,2430000,2430500,602,1002,2440000,2204
0,244,2440000,2440500,602,1002,2450000,2216
0,245,2450000,2450500,602,1002,2460000,2223
0,246,2460000,2460500,602,1002,2470000,2235
0,247,2470000,2470500,602,1002,2480000,2241
0,248,2480000,2480500,602,1002,2490000,2251
0,249,2490000,2490500,602,1002,2500000,2260
0,25,250000,250500,602,1002,260000,223
0,250,2500000,2500500,602,1002,2510000,2269
0,251,2510000,2510500,602,1002,2520000,2273
0,252,2520000,2520500,602,1002,2530000,2292
0,253,2530000,2530500,602,1002,2540000,2298
0,254,2540000,2540500,602,1002,2550000,2304
0,255,2550000,2550500,602,1002,2560000,2314
0,256,2560000,2560500,602,1002,2570000,2326
0,257,2570000,2570500,602,1002,2580000,2330
0,258,2580000,2580500,602,1002,2590000,2342
0,259,2590000,2590500,602,1002,2600000,2350
0,26,260000,260500,602,1002,270000,229
0,260,2600000,2600500,602,1002,2610000,2361
0,261,2610000,2610500,602,1002,2620000,2371
0,262,2620000,2620500,602,1002,2630000,2379
0,263,2630000,2630500,602,1002,2640000,2383
0,264,2640000,2640500,602,1002,2650000,2399
0,265,2650000,2650500,602,1002,2660000,2406
0,266,2660000,2660500,602,1002,2670000,2414
0,267,2670000,2670500,602,1002,2680000,2423
0,268,2680000,2680500,602,1002,2690000,2435
0,269,2690000,2690500,602,1002,2700000,2439
0,27,270000,270500,602,1002,280000,239
0,270,2700000,2700500,602,1002,2710000,2453
0,271,2710000,2710500,602,1002,2720000,2459
0,272,2720000,2720500,602,1002,2730000,2469
0,273,2730000,2730500,602,1002,2740000,2480
0,274,2740000,2740500,602,1002,2750000,2488
0,275,2750000,2750500,602,1002,2760000,2493
0,276,2760000,2760500,602,1002,2770000,2509
0,277,2770000,2770500,602,1002,2780000,2515
0,278,2780000,2780500,602,1002,2790000,2521
0,279,2790000,2790500,602,1002,2800000,2531
0,28,280000,280500,602,1002,290000,253
0,280,2800000,2800500,602,1002,2810000,2546
0,281,2810000,2810500,602,1002,2820000,2550
0,282,2820000,2820500,602,1002,2830000,2562
0,283,2830000,2830500,602,1002,2840000,2568
0,284,2840000,2840500,602,1002,2850000,2578
0,285,2850000,2850500,602,1002,2860000,2588
0,286,2860000,2860500,602,1002,2870000,2596
0,287,2870000,2870500,602,1002,2880000,2602
0,288,2880000,2880500,602,1002,2890000,2619
0,289,2890000,2890500,602,1002,2900000,2625
0,29,290000,290500,602,1002,300000,257
0,290,2900000,2900500,602,1002,2910000,2632
0,291,2910000,2910500,602,1002,2920000,2641
0,292,2920000,2920500,602,1002,2930000,2653
0,293,2930000,2930500,602,1002,2940000,2657
0,294,2940000,2940500,602,1002,2950000,2671
0,295,2950000,2950500,602,1002,2960000,2678
0,296,2960000,2960500,602,1002,2970000,2688
0,297,2970000,2970500,602,1002,2980000,2698
0,298,2980000,2980500,602,1002,2990000,2706
0,299,2990000,2990500,602,1002,3000000,2710
0,3,30000,30500,602,1002,40000,21
0,30,300000,300500,602,1002,310000,270
0,300,3000000,3000500,602,1002,3010000,2727
0,301,3010000,3010500,602,1002,3020000,2735
0,302,3020000,3020500,602,1002,3030000,2741
0,303,3030000,3030500,602,1002,3040000,2750
0,304,3040000,3040500,602,1002,3050000,2762
0,305,3050000,3050500,602,1002,3060000,2767
0,306,3060000,3060500,602,1002,3070000,2780
0,307,3070000,3070500,602,1002,3080000,2786
0,308,3080000,3080500,602,1002,3090000,2798
0,309,3090000,3090500,602,1002,3100000,2807
0,31,310000,310500,602,1002,320000,276
0,310,3100000,3100500,602,1002,3110000,2816
0,311,3110000,3110500,602,1002,3120000,2820
0,312,3120000,3120500,602,1002,3130000,2836
0,313,3130000,3130500,602,1002,3140000,2842
0,314,3140000,3140500,602,1002,3150000,2848
0,315,3150000,3150500,602,1002,3160000,2861
0,316,3160000,3160500,602,1002,3170000,2873
0,317,3170000,3170500,602,1002,3180000,2877
0,318,3180000,3180500,602,1002,3190000,2889
0,319,3190000,3190500,602,1002,3200000,2895
0,32,320000,320500,602,1002,330000,286
0,320,3200000,3200500,602,1002,3210000,2906
0,321,3210000,3210500,602,1002,3220000,2915
0,322,3220000,3220500,602,1002,3230000,2925
0,323,3230000,3230500,602,1002,3240000,2929
0,324,3240000,3240500,602,1002,3250000,2946
0,325,3250000,3250500,602,1002,3260000,2953
0,326,3260000,3260500,602,1002,3270000,2959
0,327,3270000,3270500,602,1002,3280000,2968
0,328,3280000,3280500,602,1002,3290000,2980
0,329,3290000,3290500,602,1002,3300000,2986
0,33,330000,330500,602,1002,340000,295
0,330,3300000,3300500,602,1002,3310000,2999
0,331,3310000,3310500,602,1002,3320000,3005
0,332,3320000,3320500,602,1002,3330000,3015
0,333,3330000,3330500,602,1002,3340000,3025
0,334,3340000,3340500,602,1002,3350000,3033
0,335,3350000,3350500,602,1002,3360000,3038
0,336,3360000,3360500,602,1002,3370000,3056
0,337,3370000,3370500,602,1002,3380000,3062
0,338,3380000,3380500,602,1002,3390000,3068
0,339,3390000,3390500,602,1002,3400000,3077
0,34,340000,340500,602,1002,350000,303
0,340,3400000,3400500,602,1002,3410000,3090
0,341,3410000,3410500,602,1002,3420000,3094
0,342,3420000,3420500,602,1002,3430000,3107
0,343,3430000,3430500,602,1002,3440000,3115
0,344,3440000,3440500,602,1002,3450000,3125
0,345,3450000,3450500,602,1002,3460000,3135
0,346,3460000,3460500,602,1002,3470000,3143
0,347,3470000,3470500,602,1002,3480000,3147
0,348,3480000,3480500,602,1002,3490000,3163
0,349,3490000,3490500,602,1002,3500000,3169
0,35,350000,350500,602,1002,360000,310
0,350,3500000,3500500,602,1002,3510000,3178
0,351,3510000,3510500,602,1002,3520000,3188
0,352,3520000,3520500,602,1002,3530000,3200
0,353,3530000,3530500,602,1002,3540000,3204
0,354,3540000,3540500,602,1002,3550000,3216
0,355,3550000,3550500,602,1002,3560000,3223
0,356,3560000,3560500,602,1002,3570000,3233
0,357,3570000,3570500,602,1002,3580000,3244
0,358,3580000,3580500,602,1002,3590000,3252
0,359,3590000,3590500,602,1002,3600000,3256
0,36,360000,360500,602,1002,370000,327
0,360,3600000,3600500,602,1002,3610000,3274
0,361,3610000,3610500,602,1002,3620000,3280
0,362,3620000,3620500,602,1002,3630000,3286
0,363,3630000,3630500,602,1002,3640000,3295
0,364,3640000,3640500,602,1002,3650000,3309
0,365,3650000,3650500,602,1002,3660000,3314
0,366,3660000,3660500,602,1002,3670000,3326
0,367,3670000,3670500,602,1002,3680000,3332
0,368,3680000,3680500,602,1002,3690000,3342
0,369,3690000,3690500,602,1002,3700000,3352
0,37,370000,370500,602,1002,380000,333
0,370,3700000,3700500,602,1002,3710000,3361
0,371,3710000,3710500,602,1002,3720000,3367
0,372,3720000,3720500,602,1002,3730000,3383
0,373,3730000,3730500,602,1002,3740000,3389
0,374,3740000,3740500,602,1002,3750000,3395
0,375,3750000,3750500,602,1002,3760000,3405
0,376,3760000,3760500,602,1002,3770000,3417
0,377,3770000,3770500,602,1002,3780000,3421
0,378,3780000,3780500,602,1002,3790000,3436
0,379,3790000,3790500,602,1002,3800000,3442
0,38,380000,380500,602,1002,390000,339
0,380,3800000,3800500,602,1002,3810000,3453
0,381,3810000,3810500,602,1002,3820000,3462
0,382,3820000,3820500,602,1002,3830000,3470
0,383,3830000,3830500,602,1002,3840000,3474
0,384,3840000,3840500,602,1002,3850000,3490
0,385,3850000,3850500,602,1002,3860000,3499
0,386,3860000,3860500,602,1002,3870000,3505
0,387,3870000,3870500,602,1002,3880000,3515
0,388,3880000,3880500,602,1002,3890000,3527
0,389,3890000,3890500,602,1002,3900000,3531
0,39,390000,390500,602,1002,400000,348
0,390,3900000,3900500,602,1002,3910000,3544
0,391,3910000,3910500,602,1002,3920000,3550
0,392,3920000,3920500,602,1002,3930000,3562
0,393,3930000,3930500,602,1002,3940000,3571
0,394,3940000,3940500,602,1002,3950000,3579
0,395,3950000,3950500,602,1002,3960000,3584
0,396,3960000,3960500,602,1002,3970000,3601
0,397,3970000,3970500,602,1002,3980000,3607
0,398,3980000,3980500,602,1002,3990000,3613
0,399,3990000,3990500,602,1002,4000000,3624
0,4,40000,40500,602,1002,50000,33
0,40,400000,400500,602,1002,410000,361
0,400,4000000,4000500,602,1002,4010000,3637
0,401,4010000,4010500,602,1002,4020000,3641
0,402,4020000,4020500,602,1002,4030000,3653
0,403,4030000,4030500,602,1002,4040000,3659
0,404,4040000,4040500,602,1002,4050000,3669
0,405,4050000,4050500,602,1002,4060000,3680
0,406,4060000,4060500,602,1002,4070000,3690
0,407,4070000,4070500,602,1002,4080000,3694
0,408,4080000,4080500,602,1002,4090000,3710
0,409,4090000,4090500,602,1002,4100000,3716
0,41,410000,410500,602,1002,420000,365
0,410,4100000,4100500,602,1002,4110000,3723
0,411,4110000,4110500,602,1002,4120000,3732
0,412,4120000,4120500,602,1002,4130000,3744
0,413,4130000,4130500,602,1002,4140000,3750
0,414,4140000,4140500,602,1002,4150000,3763
0,415,4150000,4150500,602,1002,4160000,3770
0,416,4160000,4160500,602,1002,4170000,3780
0,417,4170000,4170500,602,1002,4180000,3789
0,418,4180000,4180500,602,1002,4190000,3797
0,419,4190000,4190500,602,1002,4200000,3801
0,42,420000,420500,602,1002,430000,379
0,420,4200000,4200500,602,1002,4210000,3820
0,421,4210000,4210500,602,1002,4220000,3826
0,422,4220000,4220500,602,1002,4230000,3832
0,423,4230000,4230500,602,1002,4240000,3842
0,424,4240000,4240500,602,1002,4250000,3854
0,425,4250000,4250500,602,1002,4260000,3859
0,426,4260000,4260500,602,1002,4270000,3871
0,427,4270000,4270500,602,1002,4280000,3879
0,428,4280000,4280500,602,1002,4290000,3889
0,429,4290000,4290500,602,1002,4300000,3898
0,43,430000,430500,602,1002,440000,385
0,430,4300000,4300500,602,1002,4310000,3907
0,431,4310000,4310500,602,1002,4320000,3911
0,432,4320000,4320500,602,1002,4330000,3928
0,433,4330000,4330500,602,1002,4340000,3934
0,434,4340000,4340500,602,1002,4350000,3942
0,435,4350000,4350500,602,1002,4360000,3952
0,436,4360000,4360500,602,1002,4370000,3964
0,437,4370000,4370500,602,1002,4380000,3968
0,438,4380000,4380500,602,1002,4390000,3980
0,439,4390000,4390500,602,1002,4400000,3986
0,44,440000,440500,602,1002,450000,395
0,440,4400000,4400500,602,1002,4410000,3997
0,441,4410000,4410500,602,1002,4420000,4009
0,442,4420000,4420500,602,1002,4430000,4017
0,443,4430000,4430500,602,1002,4440000,4021
0,444,4440000,4440500,602,1002,4450000,4037
0,445,4450000,4450500,602,1002,4460000,4044
0,446,4460000,4460500,602,1002,4470000,4050
0,447,4470000,4470500,602,1002,4480000,4059
0,448,4480000,4480500,602,1002,4490000,4073
0,449,4490000,4490500,602,1002,4500000,4077
0,45,450000,450500,602,1002,460000,406
0,450,4500000,4500500,602,1002,4510000,4091
0,451,4510000,4510500,602,1002,4520000,4097
0,452,4520000,4520500,602,1002,4530000,4107
0,453,4530000,4530500,602,1002,4540000,4116
0,454,4540000,4540500,602,1002,4550000,4124
0,455,4550000,4550500,602,1002,4560000,4131
0,456,4560000,4560500,602,1002,4570000,4147
0,457,4570000,4570500,602,1002,4580000,4153
0,458,4580000,4580500,602,1002,4590000,4159
0,459,4590000,4590500,602,1002,4600000,4169
0,46,460000,460500,602,1002,470000,414
0,460,4600000,4600500,602,1002,4610000,4182
0,461,4610000,4610500,602,1002,4620000,4186
0,462,4620000,4620500,602,1002,4630000,4200
0,463,4630000,4630500,602,1002,4640000,4206
0,464,4640000,4640500,602,1002,4650000,4216
0,465,4650000,4650500,602,1002,4660000,4226
0,466,4660000,4660500,602,1002,4670000,4234
0,467,4670000,4670500,602,1002,4680000,4238
0,468,4680000,4680500,602,1002,4690000,4255
0,469,4690000,4690500,602,1002,4700000,4263
0,47,470000,470500,602,1002,480000,418
0,470,4700000,4700500,602,1002,4710000,4270
0,471,4710000,4710500,602,1002,4720000,4279
0,472,4720000,4720500,602,1002,4730000,4291
0,473,4730000,4730500,602,1002,4740000,4295
0,474,4740000,4740500,602,1002,4750000,4307
0,475,4750000,4750500,602,1002,4760000,4314
0,476,4760000,4760500,602,1002,4770000,4326
0,477,4770000,4770500,602,1002,4780000,4336
0,478,4780000,4780500,602,1002,4790000,4344
0,479,4790000,4790500,602,1002,4800000,4348
0,48,480000,480500,602,1002,490000,434
0,480,4800000,4800500,602,1002,4810000,4365
0,481,4810000,4810500,602,1002,4820000,4371
0,482,4820000,4820500,602,1002,4830000,4377
0,483,4830000,4830500,602,1002,4840000,4388
0,484,4840000,4840500,602,1002,4850000,4400
0,485,4850000,4850500,602,1002,4860000,4405
0,486,4860000,4860500,602,1002,4870000,4418
0,487,4870000,4870500,602,1002,4880000,4424
0,488,4880000,4880500,602,1002,4890000,4434
0,489,4890000,4890500,602,1002,4900000,4443
0,49,490000,490500,602,1002,500000,442
0,490,4900000,4900500,602,1002,4910000,4454
0,491,4910000,4910500,602,1002,4920000,4458
0,492,4920000,4920500,602,1002,4930000,4474
0,493,4930000,4930500,602,1002,4940000,4480
0,494,4940000,4940500,602,1002,4950000,4486
0,495,4950000,4950500,602,1002,4960000,4497
0,496,4960000,4960500,602,1002,4970000,4509
0,497,4970000,4970500,602,1002,4980000,4515
0,498,4980000,4980500,602,1002,4990000,4527
0,499,4990000,4990500,602,1002,5000000,4533
0,5,50000,50500,602,1002,60000,38
0,50,500000,500500,602,1002,510000,449
0,500,5000000,5000500,602,1002,5010000,4544
0,501,5010000,5010500,602,1002,5020000,4553
0,502,5020000,5020500,602,1002,5030000,4561
0,503,5030000,5030500,602,1002,5040000,4565
0,504,5040000,5040500,602,1002,5050000,4584
0,505,5050000,5050500,602,1002,5060000,4591
0,506,5060000,5060500,602,1002,5070000,4597
0,507,5070000,5070500,602,1002,5080000,4606
0,508,5080000,5080500,602,1002,5090000,4618
0,509,5090000,5090500,602,1002,5100000,4622
0,51,510000,510500,602,1002,520000,458
0,510,5100000,5100500,602,1002,5110000,4635
0,511,5110000,5110500,602,1002,5120000,4643
0,512,5120000,5120500,602,1002,5130000,4653
0,513,5130000,5130500,602,1002,5140000,4663
0,514,5140000,5140500,602,1002,5150000,4671
0,515,5150000,5150500,602,1002,5160000,4676
0,516,5160000,5160500,602,1002,5170000,4692
0,517,5170000,5170500,602,1002,5180000,4698
0,518,5180000,5180500,602,1002,5190000,4706
0,519,5190000,5190500,602,1002,5200000,4715
0,52,520000,520500,602,1002,530000,470
0,520,5200000,5200500,602,1002,5210000,4728
0,521,5210000,5210500,602,1002,5220000,4732
0,522,5220000,5220500,602,1002,5230000,4745
0,523,5230000,5230500,602,1002,5240000,4751
0,524,5240000,5240500,602,1002,5250000,4761
0,525,5250000,5250500,602,1002,5260000,4773
0,526,5260000,5260500,602,1002,5270000,4781
0,527,5270000,5270500,602,1002,5280000,4785
0,528,5280000,5280500,602,1002,5290000,4801
0,529,5290000,5290500,602,1002,5300000,4807
0,53,530000,530500,602,1002,540000,474
0,530,5300000,5300500,602,1002,5310000,4814
0,531,5310000,5310500,602,1002,5320000,4824
0,532,5320000,5320500,602,1002,5330000,4838
0,533,5330000,5330500,602,1002,5340000,4842
0,534,5340000,5340500,602,1002,5350000,4854
0,535,5350000,5350500,602,1002,5360000,4861
0,536,5360000,5360500,602,1002,5370000,4871
0,537,5370000,5370500,602,1002,5380000,4880
0,538,5380000,5380500,602,1002,5390000,4888
0,539,5390000,5390500,602,1002,5400000,4894
0,54,540000,540500,602,1002,550000,487
0,540,5400000,5400500,602,1002,5410000,4912
0,541,5410000,5410500,602,1002,5420000,4918
0,542,5420000,5420500,602,1002,5430000,4924
0,543,5430000,5430500,602,1002,5440000,4933
0,544,5440000,5440500,602,1002,5450000,4945
0,545,5450000,5450500,602,1002,5460000,4950
0,546,5460000,5460500,602,1002,5470000,4964
0,547,5470000,5470500,602,1002,5480000,4970
0,548,5480000,5480500,602,1002,5490000,4980
0,549,5490000,5490500,602,1002,5500000,4990
0,55,550000,550500,602,1002,560000,494
0,550,5500000,5500500,602,1002,5510000,4999
0,551,5510000,5510500,602,1002,5520000,5003
0,552,5520000,5520500,602,1002,5530000,5019
0,553,5530000,5530500,602,1002,5540000,5027
0,554,5540000,5540500,602,1002,5550000,5033
0,555,5550000,5550500,602,1002,5560000,5043
0,556,5560000,5560500,602,1002,5570000,5055
0,557,5570000,5570500,602,1002,5580000,5059
0,558,5580000,5580500,602,1002,5590000,5072
0,559,5590000,5590500,602,1002,5600000,5078
0,56,560000,560500,602,1002,570000,506
0,560,5600000,5600500,602,1002,5610000,5091
0,561,5610000,5610500,602,1002,5620000,5100
0,562,5620000,5620500,602,1002,5630000,5108
0,563,5630000,5630500,602,1002,5640000,5112
0,564,5640000,5640500,602,1002,5650000,5128
0,565,5650000,5650500,602,1002,5660000,5135
0,566,5660000,5660500,602,1002,5670000,5141
0,567,5670000,5670500,602,1002,5680000,5153
0,568,5680000,5680500,602,1002,5690000,5165
0,569,5690000,5690500,602,1002,5700000,5169
0,57,570000,570500,602,1002,580000,515
0,570,5700000,5700500,602,1002,5710000,5182
0,571,5710000,5710500,602,1002,5720000,5188
0,572,5720000,5720500,602,1002,5730000,5198
0,573,5730000,5730500,602,1002,5740000,5207
0,574,5740000,5740500,602,1002,5750000,5217
0,575,5750000,5750500,602,1002,5760000,5222
0,576,5760000,5760500,602,1002,5770000,5239
0,577,5770000,5770500,602,1002,5780000,5245
0,578,5780000,5780500,602,1002,5790000,5251
0,579,5790000,5790500,602,1002,5800000,5260
0,58,580000,580500,602,1002,590000,523
0,580,5800000,5800500,602,1002,5810000,5273
0,581,5810000,5810500,602,1002,5820000,5279
0,582,5820000,5820500,602,1002,5830000,5291
0,583,5830000,5830500,602,1002,5840000,5297
0,584,5840000,5840500,602,1002,5850000,5307
0,585,5850000,5850500,602,1002,5860000,5318
0,586,5860000,5860500,602,1002,5870000,5326
0,587,5870000,5870500,602,1002,5880000,5330
0,588,5880000,5880500,602,1002,5890000,5348
0,589,5890000,5890500,602,1002,5900000,5354
0,59,590000,590500,602,1002,600000,527
0,590,5900000,5900500,602,1002,5910000,5361
0,591,5910000,5910500,602,1002,5920000,5370
0,592,5920000,5920500,602,1002,5930000,5382
0,593,5930000,5930500,602,1002,5940000,5386
0,594,5940000,5940500,602,1002,5950000,5399
0,595,5950000,5950500,602,1002,5960000,5408
0,596,5960000,5960500,602,1002,5970000,5418
0,597,5970000,5970500,602,1002,5980000,5427
0,598,5980000,5980500,602,1002,5990000,5435
0,599,5990000,5990500,602,1002,6000000,5439
0,6,60000,60500,602,1002,70000,50
0,60,600000,600500,602,1002,610000,544
0,600,6000000,6000500,602,1002,6010000,5456
0,601,6010000,6010500,602,1002,6020000,5462
0,602,6020000,6020500,602,1002,6030000,5470
0,603,6030000,6030500,602,1002,6040000,5480
0,604,6040000,6040500,602,1002,6050000,5492
0,605,6050000,6050500,602,1002,6060000,5497
0,606,6060000,6060500,602,1002,6070000,5509
0,607,6070000,6070500,602,1002,6080000,5515
0,608,6080000,6080500,602,1002,6090000,5525
0,609,6090000,6090500,602,1002,6100000,5536
0,61,610000,610500,602,1002,620000,550
0,610,6100000,6100500,602,1002,6110000,5545
0,611,6110000,6110500,602,1002,6120000,5549
0,612,6120000,6120500,602,1002,6130000,5566
0,613,6130000,6130500,602,1002,6140000,5572
0,614,6140000,6140500,602,1002,6150000,5578
0,615,6150000,6150500,602,1002,6160000,5588
0,616,6160000,6160500,602,1002,6170000,5602
0,617,6170000,6170500,602,1002,6180000,5606
0,618,6180000,6180500,602,1002,6190000,5618
0,619,6190000,6190500,602,1002,6200000,5624
0,62,620000,620500,602,1002,630000,556
0,620,6200000,6200500,602,1002,6210000,5635
0,621,6210000,6210500,602,1002,6220000,5645
0,622,6220000,6220500,602,1002,6230000,5653
0,623,6230000,6230500,602,1002,6240000,5659
0,624,6240000,6240500,602,1002,6250000,5675
0,625,6250000,6250500,602,1002,6260000,5682
0,626,6260000,6260500,602,1002,6270000,5688
0,627,6270000,6270500,602,1002,6280000,5697
0,628,6280000,6280500,602,1002,6290000,5709
0,629,6290000,6290500,602,1002,6300000,5713
0,63,630000,630500,602,1002,640000,568
0,630,6300000,6300500,602,1002,6310000,5729
0,631,6310000,6310500,602,1002,6320000,5735
0,632,6320000,6320500,602,1002,6330000,5745
0,633,6330000,6330500,602,1002,6340000,5754
0,634,6340000,6340500,602,1002,6350000,5762
0,635,6350000,6350500,602,1002,6360000,5767
0,636,6360000,6360500,602,1002,6370000,5783
0,637,6370000,6370500,602,1002,6380000,5791
0,638,6380000,6380500,602,1002,6390000,5797
0,639,6390000,6390500,602,1002,6400000,5807
0,64,640000,640500,602,1002,650000,580
0,640,6400000,6400500,602,1002,6410000,5820
0,641,6410000,6410500,602,1002,6420000,5824
0,642,6420000,6420500,602,1002,6430000,5836
0,643,6430000,6430500,602,1002,6440000,5842
0,644,6440000,6440500,602,1002,6450000,5854
0,645,6450000,6450500,602,1002,6460000,5864
0,646,6460000,6460500,602,1002,6470000,5872
0,647,6470000,6470500,602,1002,6480000,5876
0,648,6480000,6480500,602,1002,6490000,5893
0,649,6490000,6490500,602,1002,6500000,5899
0,65,650000,650500,602,1002,660000,585
0,650,6500000,6500500,602,1002,6510000,5906
0,651,6510000,6510500,602,1002,6520000,5917
0,652,6520000,6520500,602,1002,6530000,5929
0,653,6530000,6530500,602,1002,6540000,5933
0,654,6540000,6540500,602,1002,6550000,5945
0,655,6550000,6550500,602,1002,6560000,5952
0,656,6560000,6560500,602,1002,6570000,5962
0,657,6570000,6570500,602,1002,6580000,5972
0,658,6580000,6580500,602,1002,6590000,5982
0,659,6590000,6590500,602,1002,6600000,5986
0,66,660000,660500,602,1002,670000,597
0,660,6600000,6600500,602,1002,6610000,6003
0,661,6610000,6610500,602,1002,6620000,6009
0,662,6620000,6620500,602,1002,6630000,6015
0,663,6630000,6630500,602,1002,6640000,6024
0,664,6640000,6640500,602,1002,6650000,6036
0,665,6650000,6650500,602,1002,6660000,6043
0,666,6660000,6660500,602,1002,6670000,6056
0,667,6670000,6670500,602,1002,6680000,6062
0,668,6680000,6680500,602,1002,6690000,6072
0,669,6690000,6690500,602,1002,6700000,6081
0,67,670000,670500,602,1002,680000,603
0,670,6700000,6700500,602,1002,6710000,6090
0,671,6710000,6710500,602,1002,6720000,6094
0,672,6720000,6720500,602,1002,6730000,6112
0,673,6730000,6730500,602,1002,6740000,6118
0,674,6740000,6740500,602,1002,6750000,6124
0,675,6750000,6750500,602,1002,6760000,6135
0,676,6760000,6760500,602,1002,6770000,6147
0,677,6770000,6770500,602,1002,6780000,6151
0,678,6780000,6780500,602,1002,6790000,6163
0,679,6790000,6790500,602,1002,6800000,6171
0,68,680000,680500,602,1002,690000,613
0,680,6800000,6800500,602,1002,6810000,6182
0,681,6810000,6810500,602,1002,6820000,6191
0,682,6820000,6820500,602,1002,6830000,6199
0,683,6830000,6830500,602,1002,6840000,6203
0,684,6840000,6840500,602,1002,6850000,6220
0,685,6850000,6850500,602,1002,6860000,6227
0,686,6860000,6860500,602,1002,6870000,6235
0,687,6870000,6870500,602,1002,6880000,6244
0,688,6880000,6880500,602,1002,6890000,6256
0,689,6890000,6890500,602,1002,6900000,6260
0,69,690000,690500,602,1002,700000,622
0,690,6900000,6900500,602,1002,6910000,6273
0,691,6910000,6910500,602,1002,6920000,6279
0,692,6920000,6920500,602,1002,6930000,6289
0,693,6930000,6930500,602,1002,6940000,6301
0,694,6940000,6940500,602,1002,6950000,6309
0,695,6950000,6950500,602,1002,6960000,6314
0,696,6960000,6960500,602,1002,6970000,6330
0,697,6970000,6970500,602,1002,6980000,6336
0,698,6980000,6980500,602,1002,6990000,6342
0,699,6990000,6990500,602,1002,7000000,6351
0,7,70000,70500,602,1002,80000,58
0,70,700000,700500,602,1002,710000,633
0,700,7000000,7000500,602,1002,7010000,6366
0,701,7010000,7010500,602,1002,7020000,6370
0,702,7020000,7020500,602,1002,7030000,6383
0,703,7030000,7030500,602,1002,7040000,6389
0,704,7040000,7040500,602,1002,7050000,6399
0,705,7050000,7050500,602,1002,7060000,6409
0,706,7060000,7060500,602,1002,7070000,6417
0,707,7070000,7070500,602,1002,7080000,6423
0,708,7080000,7080500,602,1002,7090000,6439
0,709,7090000,7090500,602,1002,7100000,6445
0,71,710000,710500,602,1002,720000,637
0,710,7100000,7100500,602,1002,7110000,6452
0,711,7110000,7110500,602,1002,7120000,6462
0,712,7120000,7120500,602,1002,7130000,6474
0,713,7130000,7130500,602,1002,7140000,6478
0,714,7140000,7140500,602,1002,7150000,6492
0,715,7150000,7150500,602,1002,7160000,6499
0,716,7160000,7160500,602,1002,7170000,6509
0,717,7170000,7170500,602,1002,7180000,6518
0,718,7180000,7180500,602,1002,7190000,6526
0,719,7190000,7190500,602,1002,7200000,6530
0,72,720000,720500,602,1002,730000,654
0,720,7200000,7200500,602,1002,7210000,6548
0,721,7210000,7210500,602,1002,7220000,6556
0,722,7220000,7220500,602,1002,7230000,6562
0,723,7230000,7230500,602,1002,7240000,6571
0,724,7240000,7240500,602,1002,7250000,6583
0,725,7250000,7250500,602,1002,7260000,6588
0,726,7260000,7260500,602,1002,7270000,6600
0,727,7270000,7270500,602,1002,7280000,6606
0,728,7280000,7280500,602,1002,7290000,6618
0,729,7290000,7290500,602,1002,7300000,6628
0,73,730000,730500,602,1002,740000,660
0,730,7300000,7300500,602,1002,7310000,6637
0,731,7310000,7310500,602,1002,7320000,6641
0,732,7320000,7320500,602,1002,7330000,6657
0,733,7330000,7330500,602,1002,7340000,6663
0,734,7340000,7340500,602,1002,7350000,6669
0,735,7350000,7350500,602,1002,7360000,6681
0,736,7360000,7360500,602,1002,7370000,6693
0,737,7370000,7370500,602,1002,7380000,6697
0,738,7380000,7380500,602,1002,7390000,6710
0,739,7390000,7390500,602,1002,7400000,6716
0,74,740000,740500,602,1002,750000,666
0,740,7400000,7400500,602,1002,7410000,6727
0,741,7410000,7410500,602,1002,7420000,6736
0,742,7420000,7420500,602,1002,7430000,6746
0,743,7430000,7430500,602,1002,7440000,6750
0,744,7440000,7440500,602,1002,7450000,6766
0,745,7450000,7450500,602,1002,7460000,6773
0,746,7460000,7460500,602,1002,7470000,6779
0,747,7470000,7470500,602,1002,7480000,6789
0,748,7480000,7480500,602,1002,7490000,6801
0,749,7490000,7490500,602,1002,7500000,6807
0,75,750000,750500,602,1002,760000,676
0,750,7500000,7500500,602,1002,7510000,6820
0,751,7510000,7510500,602,1002,7520000,6826
0,752,7520000,7520500,602,1002,7530000,6836
0,753,7530000,7530500,602,1002,7540000,6845
0,754,7540000,7540500,602,1002,7550000,6853
0,755,7550000,7550500,602,1002,7560000,6858
0,756,7560000,7560500,602,1002,7570000,6877
0,757,7570000,7570500,602,1002,7580000,6883
0,758,7580000,7580500,602,1002,7590000,6889
0,759,7590000,7590500,602,1002,7600000,6898
0,76,760000,760500,602,1002,770000,688
0,760,7600000,7600500,602,1002,7610000,6911
0,761,7610000,7610500,602,1002,7620000,6915
0,762,7620000,7620500,602,1002,7630000,6927
0,763,7630000,7630500,602,1002,7640000,6935
0,764,7640000,7640500,602,1002,7650000,6945
0,765,7650000,7650500,602,1002,7660000,6956
0,766,7660000,7660500,602,1002,7670000,6964
0,767,7670000,7670500,602,1002,7680000,6968
0,768,7680000,7680500,602,1002,7690000,6984
0,769,7690000,7690500,602,1002,7700000,6990
0,77,770000,770500,602,1002,780000,694
0,770,7700000,7700500,602,1002,7710000,6999
0,771,7710000,7710500,602,1002,7720000,7008
0,772,7720000,7720500,602,1002,7730000,7020
0,773,7730000,7730500,602,1002,7740000,7024
0,774,7740000,7740500,602,1002,7750000,7037
0,775,7750000,7750500,602,1002,7760000,7044
0,776,7760000,7760500,602,1002,7770000,7054
0,777,7770000,7770500,602,1002,7780000,7065
0,778,7780000,7780500,602,1002,7790000,7073
0,779,7790000,7790500,602,1002,7800000,7077
0,78,780000,780500,602,1002,790000,706
0,780,7800000,7800500,602,1002,7810000,7094
0,781,7810000,7810500,602,1002,7820000,7100
0,782,7820000,7820500,602,1002,7830000,7106
0,783,7830000,7830500,602,1002,7840000,7116
0,784,7840000,7840500,602,1002,7850000,7130
0,785,7850000,7850500,602,1002,7860000,7135
0,786,7860000,7860500,602,1002,7870000,7147
0,787,7870000,7870500,602,1002,7880000,7153
0,788,7880000,7880500,602,1002,7890000,7163
0,789,7890000,7890500,602,1002,7900000,7172
0,79,790000,790500,602,1002,800000,712
0,790,7900000,7900500,602,1002,7910000,7181
0,791,7910000,7910500,602,1002,7920000,7187
0,792,7920000,7920500,602,1002,7930000,7204
0,793,7930000,7930500,602,1002,7940000,7210
0,794,7940000,7940500,602,1002,7950000,7216
0,795,7950000,7950500,602,1002,7960000,7226
0,796,7960000,7960500,602,1002,7970000,7238
0,797,7970000,7970500,602,1002,7980000,7242
0,798,7980000,7980500,602,1002,7990000,7256
0,799,7990000,7990500,602,1002,8000000,7262
0,8,80000,80500,602,1002,90000,68
0,80,800000,800500,602,1002,810000,723
0,800,8000000,8000500,602,1002,8010000,7273
0,801,8010000,8010500,602,1002,8020000,7283
0,802,8020000,8020500,602,1002,8030000,7291
0,803,8030000,8030500,602,1002,8040000,7295
0,804,8040000,8040500,602,1002,8050000,7311
0,805,8050000,8050500,602,1002,8060000,7320
0,806,8060000,8060500,602,1002,8070000,7326
0,807,8070000,8070500,602,1002,8080000,7335
0,808,8080000,8080500,602,1002,8090000,7347
0,809,8090000,8090500,602,1002,8100000,7351
0,81,810000,810500,602,1002,820000,733
0,810,8100000,8100500,602,1002,8110000,7365
0,811,8110000,8110500,602,1002,8120000,7371
0,812,8120000,8120500,602,1002,8130000,7383
0,813,8130000,8130500,602,1002,8140000,7392
0,814,8140000,8140500,602,1002,8150000,7400
0,815,8150000,8150500,602,1002,8160000,7405
0,816,8160000,8160500,602,1002,8170000,7421
0,817,8170000,8170500,602,1002,8180000,7427
0,818,8180000,8180500,602,1002,8190000,7433
0,819,8190000,8190500,602,1002,8200000,7445
0,82,820000,820500,602,1002,830000,741
0,820,8200000,8200500,602,1002,8210000,7458
0,821,8210000,8210500,602,1002,8220000,7462
0,822,8220000,8220500,602,1002,8230000,7474
0,823,8230000,8230500,602,1002,8240000,7480
0,824,8240000,8240500,602,1002,8250000,7490
0,825,8250000,8250500,602,1002,8260000,7500
0,826,8260000,8260500,602,1002,8270000,7510
0,827,8270000,8270500,602,1002,8280000,7514
0,828,8280000,8280500,602,1002,8290000,7531
0,829,8290000,8290500,602,1002,8300000,7537
0,83,830000,830500,602,1002,840000,745
0,830,8300000,8300500,602,1002,8310000,7544
0,831,8310000,8310500,602,1002,8320000,7553
0,832,8320000,8320500,602,1002,8330000,7565
0,833,8330000,8330500,602,1002,8340000,7571
0,834,8340000,8340500,602,1002,8350000,7583
0,835,8350000,8350500,602,1002,8360000,7590
0,836,8360000,8360500,602,1002,8370000,7600
0,837,8370000,8370500,602,1002,8380000,7610
0,838,8380000,8380500,602,1002,8390000,7618
0,839,8390000,8390500,602,1002,8400000,7622
0,84,840000,840500,602,1002,850000,763
0,840,8400000,8400500,602,1002,8410000,7641
0,841,8410000,8410500,602,1002,8420000,7647
0,842,8420000,8420500,602,1002,8430000,7653
0,843,8430000,8430500,602,1002,8440000,7662
0,844,8440000,8440500,602,1002,8450000,7674
0,845,8450000,8450500,602,1002,8460000,7679
0,846,8460000,8460500,602,1002,8470000,7692
0,847,8470000,8470500,602,1002,8480000,7700
0,848,8480000,8480500,602,1002,8490000,7710
0,849,8490000,8490500,602,1002,8500000,7719
0,85,850000,850500,602,1002,860000,770
0,850,8500000,8500500,602,1002,8510000,7728
0,851,8510000,8510500,602,1002,8520000,7732
0,852,8520000,8520500,602,1002,8530000,7748
0,853,8530000,8530500,602,1002,8540000,7754
0,854,8540000,8540500,602,1002,8550000,7762
0,855,8550000,8550500,602,1002,8560000,7773
0,856,8560000,8560500,602,1002,8570000,7785
0,857,8570000,8570500,602,1002,8580000,7789
0,858,8580000,8580500,602,1002,8590000,7801
0,859,8590000,8590500,602,1002,8600000,7807
0,86,860000,860500,602,1002,870000,776
0,860,8600000,8600500,602,1002,8610000,7818
0,861,8610000,8610500,602,1002,8620000,7829
0,862,8620000,8620500,602,1002,8630000,7837
0,863,8630000,8630500,602,1002,8640000,7841
0,864,8640000,8640500,602,1002,8650000,7858
0,865,8650000,8650500,602,1002,8660000,7865
0,866,8660000,8660500,602,1002,8670000,7871
0,867,8670000,8670500,602,1002,8680000,7880
0,868,8680000,8680500,602,1002,8690000,7894
0,869,8690000,8690500,602,1002,8700000,7898
0,87,870000,870500,602,1002,880000,785
0,870,8700000,8700500,602,1002,8710000,7911
0,871,8710000,8710500,602,1002,8720000,7917
0,872,8720000,8720500,602,1002,8730000,7927
0,873,8730000,8730500,602,1002,8740000,7937
0,874,8740000,8740500,602,1002,8750000,7945
0,875,8750000,8750500,602,1002,8760000,7952
0,876,8760000,8760500,602,1002,8770000,7968
0,877,8770000,8770500,602,1002,8780000,7974
0,878,8780000,8780500,602,1002,8790000,7980
0,879,8790000,8790500,602,1002,8800000,7989
0,88,880000,880500,602,1002,890000,797
0,880,8800000,8800500,602,1002,8810000,8002
0,881,8810000,8810500,602,1002,8820000,8006
0,882,8820000,8820500,602,1002,8830000,8021
0,883,8830000,8830500,602,1002,8840000,8027
0,884,8840000,8840500,602,1002,8850000,8037
0,885,8850000,8850500,602,1002,8860000,8047
0,886,8860000,8860500,602,1002,8870000,8055
0,887,8870000,8870500,602,1002,8880000,8059
0,888,8880000,8880500,602,1002,8890000,8075
0,889,8890000,8890500,602,1002,8900000,8083
0,89,890000,890500,602,1002,900000,801
0,890,8900000,8900500,602,1002,8910000,8090
0,891,8910000,8910500,602,1002,8920000,8100
0,892,8920000,8920500,602,1002,8930000,8112
0,893,8930000,8930500,602,1002,8940000,8116
0,894,8940000,8940500,602,1002,8950000,8128
0,895,8950000,8950500,602,1002,8960000,8135
0,896,8960000,8960500,602,1002,8970000,8147
0,897,8970000,8970500,602,1002,8980000,8156
0,898,8980000,8980500,602,1002,8990000,8164
0,899,8990000,8990500,602,1002,9000000,8168
0,9,90000,90500,602,1002,100000,78
0,90,900000,900500,602,1002,910000,815
0,900,9000000,9000500,602,1002,9010000,8186
0,901,9010000,9010500,602,1002,9020000,8192
0,902,9020000,9020500,602,1002,9030000,8198
0,903,9030000,9030500,602,1002,9040000,8209
0,904,9040000,9040500,602,1002,9050000,8221
0,905,9050000,9050500,602,1002,9060000,8226
0,906,9060000,9060500,602,1002,9070000,8238
0,907,9070000,9070500,602,1002,9080000,8244
0,908,9080000,9080500,602,1002,9090000,8254
0,909,9090000,9090500,602,1002,9100000,8264
0,91,910000,910500,602,1002,920000,823
0,910,9100000,9100500,602,1002,9110000,8275
0,911,9110000,9110500,602,1002,9120000,8279
0,912,9120000,9120500,602,1002,9130000,8295
0,913,9130000,9130500,602,1002,9140000,8301
0,914,9140000,9140500,602,1002,9150000,8307
0,915,9150000,9150500,602,1002,9160000,8317
0,916,9160000,9160500,602,1002,9170000,8329
0,917,9170000,9170500,602,1002,9180000,8335
0,918,9180000,9180500,602,1002,9190000,8348
0,919,9190000,9190500,602,1002,9200000,8354
0,92,920000,920500,602,1002,930000,833
0,920,9200000,9200500,602,1002,9210000,8365
0,921,9210000,9210500,602,1002,9220000,8374
0,922,9220000,9220500,602,1002,9230000,8382
0,923,9230000,9230500,602,1002,9240000,8386
0,924,9240000,9240500,602,1002,9250000,8404
0,925,9250000,9250500,602,1002,9260000,8411
0,926,9260000,9260500,602,1002,9270000,8417
0,927,9270000,9270500,602,1002,9280000,8427
0,928,9280000,9280500,602,1002,9290000,8439
0,929,9290000,9290500,602,1002,9300000,8443
0,93,930000,930500,602,1002,940000,842
0,930,9300000,9300500,602,1002,9310000,8456
0,931,9310000,9310500,602,1002,9320000,8464
0,932,9320000,9320500,602,1002,9330000,8474
0,933,9330000,9330500,602,1002,9340000,8483
0,934,9340000,9340500,602,1002,9350000,8491
0,935,9350000,9350500,602,1002,9360000,8496
0,936,9360000,9360500,602,1002,9370000,8513
0,937,9370000,9370500,602,1002,9380000,8519
0,938,9380000,9380500,602,1002,9390000,8527
0,939,9390000,9390500,602,1002,9400000,8536
0,94,940000,940500,602,1002,950000,850
0,940,9400000,9400500,602,1002,9410000,8549
0,941,9410000,9410500,602,1002,9420000,8553
0,942,9420000,9420500,602,1002,9430000,8565
0,943,9430000,9430500,602,1002,9440000,8571
0,944,9440000,9440500,602,1002,9450000,8581
0,945,9450000,9450500,602,1002,9460000,8594
0,946,9460000,9460500,602,1002,9470000,8602
0,947,9470000,9470500,602,1002,9480000,8606
0,948,9480000,9480500,602,1002,9490000,8622
0,949,9490000,9490500,602,1002,9500000,8628
0,95,950000,950500,602,1002,960000,855
0,950,9500000,9500500,602,1002,9510000,8635
0,951,9510000,9510500,602,1002,9520000,8644
0,952,9520000,9520500,602,1002,9530000,8658
0,953,9530000,9530500,602,1002,9540000,8662
0,954,9540000,9540500,602,1002,9550000,8675
0,955,9550000,9550500,602,1002,9560000,8682
0,956,9560000,9560500,602,1002,9570000,8692
0,957,9570000,9570500,602,1002,9580000,8701
0,958,9580000,9580500,602,1002,9590000,8709
0,959,9590000,9590500,602,1002,9600000,8715
0,96,960000,960500,602,1002,970000,871
0,960,9600000,9600500,602,1002,9610000,8732
0,961,9610000,9610500,602,1002,9620000,8738
0,962,9620000,9620500,602,1002,9630000,8744
0,963,9630000,9630500,602,1002,9640000,8754
0,964,9640000,9640500,602,1002,9650000,8766
0,965,9650000,9650500,602,1002,9660000,8771
0,966,9660000,9660500,602,1002,9670000,8785
0,967,9670000,9670500,602,1002,9680000,8791
0,968,9680000,9680500,602,1002,9690000,8801
0,969,9690000,9690500,602,1002,9700000,8810
0,97,970000,970500,602,1002,980000,877
0,970,9700000,9700500,602,1002,9710000,8819
0,971,9710000,9710500,602,1002,9720000,8823
0,972,9720000,9720500,602,1002,9730000,8840
0,973,9730000,9730500,602,1002,9740000,8848
0,974,9740000,9740500,602,1002,9750000,8854
0,975,9750000,9750500,602,1002,9760000,8864
0,976,9760000,9760500,602,1002,9770000,8876
0,977,9770000,9770500,602,1002,9780000,8880
0,978,9780000,9780500,602,1002,9790000,8892
0,979,9790000,9790500,602,1002,9800000,8898
0,98,980000,980500,602,1002,990000,885
0,980,9800000,9800500,602,1002,9810000,8911
0,981,9810000,9810500,602,1002,9820000,8921
0,982,9820000,9820500,602,1002,9830000,8929
0,983,9830000,9830500,602,1002,9840000,8933
0,984,9840000,9840500,602,1002,9850000,8949
0,985,9850000,9850500,602,1002,9860000,8956
0,986,9860000,9860500,602,1002,9870000,8962
0,987,9870000,9870500,602,1002,9880000,8973
0,988,9880000,9880500,602,1002,9890000,8985
0,989,9890000,9890500,602,1002,9900000,8989
0,99,990000,990500,602,1002,1000000,895
0,990,9900000,9900500,602,1002,9910000,9003
0,991,9910000,9910500,602,1002,9920000,9009
0,992,9920000,9920500,602,1002,9930000,9019
0,993,9930000,9930500,602,1002,9940000,9028
0,994,9940000,9940500,602,1002,9950000,9038
0,995,9950000,9950500,602,1002,9960000,9043
0,996,9960000,9960500,602,1002,9970000,9059
0,997,9970000,9970500,602,1002,9980000,9065
0,998,9980000,9980500,602,1002,9990000,9071
0,999,9990000,9990500,602,1002,10000000,9081
1,0,0,500,155,257,10000,1
1,1,10000,10500,155,257,20000,7
1,10,100000,100500,155,257,110000,88
1,100,1000000,1000500,155,257,1010000,909
1,1000,10000000,10000500,155,257,10010000,9095
1,1001,10010000,10010500,155,257,10020000,9101
1,1002,10020000,10020500,155,257,10030000,9113
1,1003,10030000,10030500,155,257,10040000,9119
1,1004,10040000,10040500,155,257,10050000,9129
1,1005,10050000,10050500,155,257,10060000,9139
1,1006,10060000,10060500,155,257,10070000,9147
1,1007,10070000,10070500,155,257,10080000,9151
1,1008,10080000,10080500,155,257,10090000,9170
1,1009,10090000,10090500,155,257,10100000,9176
1,101,1010000,1010500,155,257,1020000,913
1,1010,10100000,10100500,155,257,10110000,9183
1,1011,10110000,10110500,155,257,10120000,9192
1,1012,10120000,10120500,155,257,10130000,9204
1,1013,10130000,10130500,155,257,10140000,9208
1,1014,10140000,10140500,155,257,10150000,9220
1,1015,10150000,10150500,155,257,10160000,9229
1,1016,10160000,10160500,155,257,10170000,9239
1,1017,10170000,10170500,155,257,10180000,9249
1,1018,10180000,10180500,155,257,10190000,9257
1,1019,10190000,10190500,155,257,10200000,9261
1,102,1020000,1020500,155,257,1030000,925
1,1020,10200000,10200500,155,257,10210000,9278
1,1021,10210000,10210500,155,257,10220000,9284
1,1022,10220000,10220500,155,257,10230000,9292
1,1023,10230000,10230500,155,257,10240000,9301
1,1024,10240000,10240500,155,257,10250000,9313
1,1025,10250000,10250500,155,257,10260000,9318
1,1026,10260000,10260500,155,257,10270000,9331
1,1027,10270000,10270500,155,257,10280000,9337
1,1028,10280000,10280500,155,257,10290000,9347
1,1029,10290000,10290500,155,257,10300000,9358
1,103,1030000,1030500,155,257,1040000,931
1,1030,10300000,10300500,155,257,10310000,9367
1,1031,10310000,10310500,155,257,10320000,9371
1,1032,10320000,10320500,155,257,10330000,9387
1,1033,10330000,10330500,155,257,10340000,9393
1,1034,10340000,10340500,155,257,10350000,9399
1,1035,10350000,10350500,155,257,10360000,9410
1,1036,10360000,10360500,155,257,10370000,9424
1,1037,10370000,10370500,155,257,10380000,9428
1,1038,10380000,10380500,155,257,10390000,9440
1,1039,10390000,10390500,155,257,10400000,9446
1,104,1040000,1040500,155,257,1050000,941
1,1040,10400000,10400500,155,257,10410000,9457
1,1041,10410000,10410500,155,257,10420000,9466
1,1042,10420000,10420500,155,257,10430000,9474
1,1043,10430000,10430500,155,257,10440000,9480
1,1044,10440000,10440500,155,257,10450000,9497
1,1045,10450000,10450500,155,257,10460000,9504
1,1046,10460000,10460500,155,257,10470000,9510
1,1047,10470000,10470500,155,257,10480000,9519
1,1048,10480000,10480500,155,257,10490000,9531
1,1049,10490000,10490500,155,257,10500000,9535
1,105,1050000,1050500,155,257,1060000,953
1,1050,10500000,10500500,155,257,10510000,9550
1,1051,10510000,10510500,155,257,10520000,9556
1,1052,10520000,10520500,155,257,10530000,9566
1,1053,10530000,10530500,155,257,10540000,9576
1,1054,10540000,10540500,155,257,10550000,9584
1,1055,10550000,10550500,155,257,10560000,9589
1,1056,10560000,10560500,155,257,10570000,9605
1,1057,10570000,10570500,155,257,10580000,9613
1,1058,10580000,10580500,155,257,10590000,9619
1,1059,10590000,10590500,155,257,10600000,9628
1,106,1060000,1060500,155,257,1070000,961
1,1060,10600000,10600500,155,257,10610000,9641
1,1061,10610000,10610500,155,257,10620000,9645
1,1062,10620000,10620500,155,257,10630000,9658
1,1063,10630000,10630500,155,257,10640000,9664
1,1064,10640000,10640500,155,257,10650000,9676
1,1065,10650000,10650500,155,257,10660000,9686
1,1066,10660000,10660500,155,257,10670000,9694
1,1067,10670000,10670500,155,257,10680000,9698
1,1068,10680000,10680500,155,257,10690000,9714
1,1069,10690000,10690500,155,257,10700000,9720
1,107,1070000,1070500,155,257,1080000,965
1,1070,10700000,10700500,155,257,10710000,9727
1,1071,10710000,10710500,155,257,10720000,9739
1,1072,10720000,10720500,155,257,10730000,9751
1,1073,10730000,10730500,155,257,10740000,9755
1,1074,10740000,10740500,155,257,10750000,9767
1,1075,10750000,10750500,155,257,10760000,9774
1,1076,10760000,10760500,155,257,10770000,9784
1,1077,10770000,10770500,155,257,10780000,9793
1,1078,10780000,10780500,155,257,10790000,9803
1,1079,10790000,10790500,155,257,10800000,9807
1,108,1080000,1080500,155,257,1090000,982
1,1080,10800000,10800500,155,257,10810000,9825
1,1081,10810000,10810500,155,257,10820000,9831
1,1082,10820000,10820500,155,257,10830000,9837
1,1083,10830000,10830500,155,257,10840000,9846
1,1084,10840000,10840500,155,257,10850000,9858
1,1085,10850000,10850500,155,257,10860000,9865
1,1086,10860000,10860500,155,257,10870000,9877
1,1087,10870000,10870500,155,257,10880000,9883
1,1088,10880000,10880500,155,257,10890000,9893
1,1089,10890000,10890500,155,257,10900000,9903
1,109,1090000,1090500,155,257,1100000,988
1,1090,10900000,10900500,155,257,10910000,9912
1,1091,10910000,10910500,155,257,10920000,9916
1,1092,10920000,10920500,155,257,10930000,9934
1,1093,10930000,10930500,155,257,10940000,9940
1,1094,10940000,10940500,155,257,10950000,9946
1,1095,10950000,10950500,155,257,10960000,9956
1,1096,10960000,10960500,155,257,10970000,9968
1,1097,10970000,10970500,155,257,10980000,9972
1,1098,10980000,10980500,155,257,10990000,9985
1,1099,10990000,10990500,155,257,11000000,9993
1,11,110000,110500,155,257,120000,92
1,110,1100000,1100500,155,257,1110000,995
1,1100,11000000,11000500,155,257,11010000,10004
1,1101,11010000,11010500,155,257,11020000,10013
1,1102,11020000,11020500,155,257,11030000,10021
1,1103,11030000,11030500,155,257,11040000,10025
1,1104,11040000,11040500,155,257,11050000,10041
1,1105,11050000,11050500,155,257,11060000,10048
1,1106,11060000,11060500,155,257,11070000,10056
1,1107,11070000,11070500,155,257,11080000,10066
1,1108,11080000,11080500,155,257,11090000,10078
1,1109,11090000,11090500,155,257,11100000,10082
1,111,1110000,1110500,155,257,1120000,1004
1,1110,11100000,11100500,155,257,11110000,10095
1,1111,11110000,11110500,155,257,11120000,10101
1,1112,11120000,11120500,155,257,11130000,10111
1,1113,11130000,11130500,155,257,11140000,10122
1,1114,11140000,11140500,155,257,11150000,10130
1,1115,11150000,11150500,155,257,11160000,10135
1,1116,11160000,11160500,155,257,11170000,10152
1,1117,11170000,11170500,155,257,11180000,10158
1,1118,11180000,11180500,155,257,11190000,10164
1,1119,11190000,11190500,155,257,11200000,10173
1,112,1120000,1120500,155,257,1130000,1018
1,1120,11200000,11200500,155,257,11210000,10188
1,1121,11210000,11210500,155,257,11220000,10192
1,1122,11220000,11220500,155,257,11230000,10204
1,1123,11230000,11230500,155,257,11240000,10210
1,1124,11240000,11240500,155,257,11250000,10220
1,1125,11250000,11250500,155,257,11260000,10231
1,1126,11260000,11260500,155,257,11270000,10239
1,1127,11270000,11270500,155,257,11280000,10245
1,1128,11280000,11280500,155,257,11290000,10261
1,1129,11290000,11290500,155,257,11300000,10267
1,113,1130000,1130500,155,257,1140000,1022
1,1130,11300000,11300500,155,257,11310000,10274
1,1131,11310000,11310500,155,257,11320000,10283
1,1132,11320000,11320500,155,257,11330000,10295
1,1133,11330000,11330500,155,257,11340000,10299
1,1134,11340000,11340500,155,257,11350000,10314
1,1135,11350000,11350500,155,257,11360000,10321
1,1136,11360000,11360500,155,257,11370000,10331
1,1137,11370000,11370500,155,257,11380000,10340
1,1138,11380000,11380500,155,257,11390000,10348
1,1139,11390000,11390500,155,257,11400000,10352
1,114,1140000,1140500,155,257,1150000,1034
1,1140,11400000,11400500,155,257,11410000,10369
1,1141,11410000,11410500,155,257,11420000,10377
1,1142,11420000,11420500,155,257,11430000,10383
1,1143,11430000,11430500,155,257,11440000,10393
1,1144,11440000,11440500,155,257,11450000,10405
1,1145,11450000,11450500,155,257,11460000,10410
1,1146,11460000,11460500,155,257,11470000,10422
1,1147,11470000,11470500,155,257,11480000,10428
1,1148,11480000,11480500,155,257,11490000,10440
1,1149,11490000,11490500,155,257,11500000,10449
1,115,1150000,1150500,155,257,1160000,1041
1,1150,11500000,11500500,155,257,11510000,10458
1,1151,11510000,11510500,155,257,11520000,10462
1,1152,11520000,11520500,155,257,11530000,10479
1,1153,11530000,11530500,155,257,11540000,10485
1,1154,11540000,11540500,155,257,11550000,10491
1,1155,11550000,11550500,155,257,11560000,10503
1,1156,11560000,11560500,155,257,11570000,10515
1,1157,11570000,11570500,155,257,11580000,10519
1,1158,11580000,11580500,155,257,11590000,10531
1,1159,11590000,11590500,155,257,11600000,10537
1,116,1160000,1160500,155,257,1170000,1051
1,1160,11600000,11600500,155,257,11610000,10548
1,1161,11610000,11610500,155,257,11620000,10558
1,1162,11620000,11620500,155,257,11630000,10568
1,1163,11630000,11630500,155,257,11640000,10572
1,1164,11640000,11640500,155,257,11650000,10588
1,1165,11650000,11650500,155,257,11660000,10595
1,1166,11660000,11660500,155,257,11670000,10601
1,1167,11670000,11670500,155,257,11680000,10610
1,1168,11680000,11680500,155,257,11690000,10622
1,1169,11690000,11690500,155,257,11700000,10628
1,117,1170000,1170500,155,257,1180000,1061
1,1170,11700000,11700500,155,257,11710000,10642
1,1171,11710000,11710500,155,257,11720000,10648
1,1172,11720000,11720500,155,257,11730000,10658
1,1173,11730000,11730500,155,257,11740000,10667
1,1174,11740000,11740500,155,257,11750000,10675
1,1175,11750000,11750500,155,257,11760000,10680
1,1176,11760000,11760500,155,257,11770000,10698
1,1177,11770000,11770500,155,257,11780000,10704
1,1178,11780000,11780500,155,257,11790000,10710
1,1179,11790000,11790500,155,257,11800000,10720
1,118,1180000,1180500,155,257,1190000,1069
1,1180,11800000,11800500,155,257,11810000,10733
1,1181,11810000,11810500,155,257,11820000,10737
1,1182,11820000,11820500,155,257,11830000,10749
1,1183,11830000,11830500,155,257,11840000,10757
1,1184,11840000,11840500,155,257,11850000,10767
1,1185,11850000,11850500,155,257,11860000,10777
1,1186,11860000,11860500,155,257,11870000,10785
1,1187,11870000,11870500,155,257,11880000,10789
1,1188,11880000,11880500,155,257,11890000,10806
1,1189,11890000,11890500,155,257,11900000,10812
1,119,1190000,1190500,155,257,1200000,1075
1,1190,11900000,11900500,155,257,11910000,10821
1,1191,11910000,11910500,155,257,11920000,10830
1,1192,11920000,11920500,155,257,11930000,10842
1,1193,11930000,11930500,155,257,11940000,10846
1,1194,11940000,11940500,155,257,11950000,10858
1,1195,11950000,11950500,155,257,11960000,10865
1,1196,11960000,11960500,155,257,11970000,10875
1,1197,11970000,11970500,155,257,11980000,10887
1,1198,11980000,11980500,155,257,11990000,10895
1,1199,11990000,11990500,155,257,12000000,10899
1,12,120000,120500,155,257,130000,108
1,120,1200000,1200500,155,257,1210000,1092
1,1200,12000000,12000500,155,257,12010000,10916
1,1201,12010000,12010500,155,257,12020000,10922
1,1202,12020000,12020500,155,257,12030000,10928
1,1203,12030000,12030500,155,257,12040000,10937
1,1204,12040000,12040500,155,257,12050000,10951
1,1205,12050000,12050500,155,257,12060000,10956
1,1206,12060000,12060500,155,257,12070000,10969
1,1207,12070000,12070500,155,257,12080000,10975
1,1208,12080000,12080500,155,257,12090000,10985
1,1209,12090000,12090500,155,257,12100000,10994
1,121,1210000,1210500,155,257,1220000,1098
1,1210,12100000,12100500,155,257,12110000,11003
1,1211,12110000,12110500,155,257,12120000,11009
1,1212,12120000,12120500,155,257,12130000,11025
1,1213,12130000,12130500,155,257,12140000,11031
1,1214,12140000,12140500,155,257,12150000,11037
1,1215,12150000,12150500,155,257,12160000,11048
1,1216,12160000,12160500,155,257,12170000,11060
1,1217,12170000,12170500,155,257,12180000,11064
1,1218,12180000,12180500,155,257,12190000,11078
1,1219,12190000,12190500,155,257,12200000,11084
1,122,1220000,1220500,155,257,1230000,1104
1,1220,12200000,12200500,155,257,12210000,11095
1,1221,12210000,12210500,155,257,12220000,11104
1,1222,12220000,12220500,155,257,12230000,11112
1,1223,12230000,12230500,155,257,12240000,11116
1,1224,12240000,12240500,155,257,12250000,11133
1,1225,12250000,12250500,155,257,12260000,11142
1,1226,12260000,12260500,155,257,12270000,11148
1,1227,12270000,12270500,155,257,12280000,11157
1,1228,12280000,12280500,155,257,12290000,11169
1,1229,12290000,12290500,155,257,12300000,11173
1,123,1230000,1230500,155,257,1240000,1113
1,1230,12300000,12300500,155,257,12310000,11186
1,1231,12310000,12310500,155,257,12320000,11192
1,1232,12320000,12320500,155,257,12330000,11204
1,1233,12330000,12330500,155,257,12340000,11214
1,1234,12340000,12340500,155,257,12350000,11222
1,1235,12350000,12350500,155,257,12360000,11227
1,1236,12360000,12360500,155,257,12370000,11243
1,1237,12370000,12370500,155,257,12380000,11249
1,1238,12380000,12380500,155,257,12390000,11255
1,1239,12390000,12390500,155,257,12400000,11266
1,124,1240000,1240500,155,257,1250000,1125
1,1240,12400000,12400500,155,257,12410000,11279
1,1241,12410000,12410500,155,257,12420000,11283
1,1242,12420000,12420500,155,257,12430000,11296
1,1243,12430000,12430500,155,257,12440000,11302
1,1244,12440000,12440500,155,257,12450000,11312
1,1245,12450000,12450500,155,257,12460000,11322
1,1246,12460000,12460500,155,257,12470000,11332
1,1247,12470000,12470500,155,257,12480000,11336
1,1248,12480000,12480500,155,257,12490000,11352
1,1249,12490000,12490500,155,257,12500000,11358
1,125,1250000,1250500,155,257,1260000,1130
1,1250,12500000,12500500,155,257,12510000,11365
1,1251,12510000,12510500,155,257,12520000,11375
1,1252,12520000,12520500,155,257,12530000,11387
1,1253,12530000,12530500,155,257,12540000,11393
1,1254,12540000,12540500,155,257,12550000,11405
1,1255,12550000,12550500,155,257,12560000,11412
1,1256,12560000,12560500,155,257,12570000,11422
1,1257,12570000,12570500,155,257,12580000,11431
1,1258,12580000,12580500,155,257,12590000,11439
1,1259,12590000,12590500,155,257,12600000,11443
1,126,1260000,1260500,155,257,1270000,1145
1,127,1270000,1270500,155,257,1280000,1151
1,128,1280000,1280500,155,257,1290000,1161
1,129,1290000,1290500,155,257,1300000,1170
1,13,130000,130500,155,257,140000,114
1,130,1300000,1300500,155,257,1310000,1179
1,131,1310000,1310500,155,257,1320000,1183
1,132,1320000,1320500,155,257,1330000,1199
1,133,1330000,1330500,155,257,1340000,1207
1,134,1340000,1340500,155,257,1350000,1213
1,135,1350000,1350500,155,257,1360000,1224
1,136,1360000,1360500,155,257,1370000,1236
1,137,1370000,1370500,155,257,1380000,1240
1,138,1380000,1380500,155,257,1390000,1252
1,139,1390000,1390500,155,257,1400000,1258
1,14,140000,140500,155,257,150000,122
1,140,1400000,1400500,155,257,1410000,1271
1,141,1410000,1410500,155,257,1420000,1280
1,142,1420000,1420500,155,257,1430000,1288
1,143,1430000,1430500,155,257,1440000,1292
1,144,1440000,1440500,155,257,1450000,1309
1,145,1450000,1450500,155,257,1460000,1316
1,146,1460000,1460500,155,257,1470000,1322
1,147,1470000,1470500,155,257,1480000,1333
1,148,1480000,1480500,155,257,1490000,1345
1,149,1490000,1490500,155,257,1500000,1349
1,15,150000,150500,155,257,160000,132
1,150,1500000,1500500,155,257,1510000,1362
1,151,1510000,1510500,155,257,1520000,1368
1,152,1520000,1520500,155,257,1530000,1378
1,153,1530000,1530500,155,257,1540000,1388
1,154,1540000,1540500,155,257,1550000,1398
1,155,1550000,1550500,155,257,1560000,1403
1,156,1560000,1560500,155,257,1570000,1419
1,157,1570000,1570500,155,257,1580000,1425
1,158,1580000,1580500,155,257,1590000,1431
1,159,1590000,1590500,155,257,1600000,1440
1,16,160000,160500,155,257,170000,144
1,160,1600000,1600500,155,257,1610000,1453
1,161,1610000,1610500,155,257,1620000,1459
1,162,1620000,1620500,155,257,1630000,1472
1,163,1630000,1630500,155,257,1640000,1478
1,164,1640000,1640500,155,257,1650000,1488
1,165,1650000,1650500,155,257,1660000,1498
1,166,1660000,1660500,155,257,1670000,1506
1,167,1670000,1670500,155,257,1680000,1510
1,168,1680000,1680500,155,257,1690000,1528
1,169,1690000,1690500,155,257,1700000,1534
1,17,170000,170500,155,257,180000,148
1,170,1700000,1700500,155,257,1710000,1541
1,171,1710000,1710500,155,257,1720000,1551
1,172,1720000,1720500,155,257,1730000,1563
1,173,1730000,1730500,155,257,1740000,1567
1,174,1740000,1740500,155,257,1750000,1579
1,175,1750000,1750500,155,257,1760000,1588
1,176,1760000,1760500,155,257,1770000,1598
1,177,1770000,1770500,155,257,1780000,1607
1,178,1780000,1780500,155,257,1790000,1615
1,179,1790000,1790500,155,257,1800000,1619
1,18,180000,180500,155,257,190000,161
1,180,1800000,1800500,155,257,1810000,1637
1,181,1810000,1810500,155,257,1820000,1643
1,182,1820000,1820500,155,257,1830000,1651
1,183,1830000,1830500,155,257,1840000,1660
1,184,1840000,1840500,155,257,1850000,1672
1,185,1850000,1850500,155,257,1860000,1677
1,186,1860000,1860500,155,257,1870000,1689
1,187,1870000,1870500,155,257,1880000,1695
1,188,1880000,1880500,155,257,1890000,1705
1,189,1890000,1890500,155,257,1900000,1717
1,19,190000,190500,155,257,200000,167
1,190,1900000,1900500,155,257,1910000,1726
1,191,1910000,1910500,155,257,1920000,1730
1,192,1920000,1920500,155,257,1930000,1746
1,193,1930000,1930500,155,257,1940000,1752
1,194,1940000,1940500,155,257,1950000,1758
1,195,1950000,1950500,155,257,1960000,1768
1,196,1960000,1960500,155,257,1970000,1782
1,197,1970000,1970500,155,257,1980000,1786
1,198,1980000,1980500,155,257,1990000,1799
1,199,1990000,1990500,155,257,2000000,1805
1,2,20000,20500,155,257,30000,13
1,20,200000,200500,155,257,210000,178
1,200,2000000,2000500,155,257,2010000,1816
1,201,2010000,2010500,155,257,2020000,1825
1,202,2020000,2020500,155,257,2030000,1833
1,203,2030000,2030500,155,257,2040000,1839
1,204,2040000,2040500,155,257,2050000,1855
1,205,2050000,2050500,155,257,2060000,1862
1,206,2060000,2060500,155,257,2070000,1868
1,207,2070000,2070500,155,257,2080000,1878
1,208,2080000,2080500,155,257,2090000,1890
1,209,2090000,2090500,155,257,2100000,1894
1,21,210000,210500,155,257,220000,189
1,210,2100000,2100500,155,257,2110000,1909
1,211,2110000,2110500,155,257,2120000,1915
1,212,2120000,2120500,155,257,2130000,1925
1,213,2130000,2130500,155,257,2140000,1934
1,214,2140000,2140500,155,257,2150000,1942
1,215,2150000,2150500,155,257,2160000,1947
1,216,2160000,2160500,155,257,2170000,1964
1,217,2170000,2170500,155,257,2180000,1972
1,218,2180000,2180500,155,257,2190000,1978
1,219,2190000,2190500,155,257,2200000,1987
1,22,220000,220500,155,257,230000,197
1,220,2200000,2200500,155,257,2210000,2000
1,221,2210000,2210500,155,257,2220000,2004
1,222,2220000,2220500,155,257,2230000,2016
1,223,2230000,2230500,155,257,2240000,2022
1,224,2240000,2240500,155,257,2250000,2034
1,225,2250000,2250500,155,257,2260000,2045
1,226,2260000,2260500,155,257,2270000,2053
1,227,2270000,2270500,155,257,2280000,2057
1,228,2280000,2280500,155,257,2290000,2073
1,229,2290000,2290500,155,257,2300000,2079
1,23,230000,230500,155,257,240000,201
1,230,2300000,2300500,155,257,2310000,2086
1,231,2310000,2310500,155,257,2320000,2097
1,232,2320000,2320500,155,257,2330000,2109
1,233,2330000,2330500,155,257,2340000,2113
1,234,2340000,2340500,155,257,2350000,2126
1,235,2350000,2350500,155,257,2360000,2133
1,236,2360000,2360500,155,257,2370000,2143
1,237,2370000,2370500,155,257,2380000,2152
1,238,2380000,2380500,155,257,2390000,2162
1,239,2390000,2390500,155,257,2400000,2166
1,24,240000,240500,155,257,250000,217
1,240,2400000,2400500,155,257,2410000,2183
1,241,2410000,2410500,155,257,2420000,2189
1,242,2420000,2420500,155,257,2430000,2195
1,243,2430000,2430500,155,257,2440000,2205
1,244,2440000,2440500,155,257,2450000,2217
1,245,2450000,2450500,155,257,2460000,2224
1,246,2460000,2460500,155,257,2470000,2236
1,247,2470000,2470500,155,257,2480000,2242
1,248,2480000,2480500,155,257,2490000,2252
1,249,2490000,2490500,155,257,2500000,2261
1,25,250000,250500,155,257,260000,224
1,250,2500000,2500500,155,257,2510000,2270
1,251,2510000,2510500,155,257,2520000,2274
1,252,2520000,2520500,155,257,2530000,2293
1,253,2530000,2530500,155,257,2540000,2299
1,254,2540000,2540500,155,257,2550000,2305
1,255,2550000,2550500,155,257,2560000,2315
1,256,2560000,2560500,155,257,2570000,2327
1,257,2570000,2570500,155,257,2580000,2331
1,258,2580000,2580500,155,257,2590000,2343
1,259,2590000,2590500,155,257,2600000,2351
1,26,260000,260500,155,257,270000,230
1,260,2600000,2600500,155,257,2610000,2362
1,261,2610000,2610500,155,257,2620000,2372
1,262,2620000,2620500,155,257,2630000,2380
1,263,2630000,2630500,155,257,2640000,2384
1,264,2640000,2640500,155,257,2650000,2400
1,265,2650000,2650500,155,257,2660000,2407
1,266,2660000,2660500,155,257,2670000,2415
1,267,2670000,2670500,155,257,2680000,2424
1,268,2680000,2680500,155,257,2690000,2436
1,269,2690000,2690500,155,257,2700000,2440
1,27,270000,270500,155,257,280000,240
1,270,2700000,2700500,155,257,2710000,2454
1,271,2710000,2710500,155,257,2720000,2460
1,272,2720000,2720500,155,257,2730000,2470
1,273,2730000,2730500,155,257,2740000,2481
1,274,2740000,2740500,155,257,2750000,2489
1,275,2750000,2750500,155,257,2760000,2494
1,276,2760000,2760500,155,257,2770000,2510
1,277,2770000,2770500,155,257,2780000,2516
1,278,2780000,2780500,155,257,2790000,2522
1,279,2790000,2790500,155,257,2800000,2532
1,28,280000,280500,155,257,290000,254
1,280,2800000,2800500,155,257,2810000,2547
1,281,2810000,2810500,155,257,2820000,2551
1,282,2820000,2820500,155,257,2830000,2563
1,283,2830000,2830500,155,257,2840000,2569
1,284,2840000,2840500,155,257,2850000,2579
1,285,2850000,2850500,155,257,2860000,2589
1,286,2860000,2860500,155,257,2870000,2597
1,287,2870000,2870500,155,257,2880000,2603
1,288,2880000,2880500,155,257,2890000,2620
1,289,2890000,2890500,155,257,2900000,2626
1,29,290000,290500,155,257,300000,258
1,290,2900000,2900500,155,257,2910000,2633
1,291,2910000,2910500,155,257,2920000,2642
1,292,2920000,2920500,155,257,2930000,2654
1,293,2930000,2930500,155,257,2940000,2658
1,294,2940000,2940500,155,257,2950000,2672
1,295,2950000,2950500,155,257,2960000,2679
1,296,2960000,2960500,155,257,2970000,2689
1,297,2970000,2970500,155,257,2980000,2699
1,298,2980000,2980500,155,257,2990000,2707
1,299,2990000,2990500,155,257,3000000,2711
1,3,30000,30500,155,257,40000,22
1,30,300000,300500,155,257,310000,271
1,300,3000000,3000500,155,257,3010000,2728
1,301,3010000,3010500,155,257,3020000,2736
1,302,3020000,3020500,155,257,3030000,2742
1,303,3030000,3030500,155,257,3040000,2751
1,304,3040000,3040500,155,257,3050000,2763
1,305,3050000,3050500,155,257,3060000,2768
1,306,3060000,3060500,155,257,3070000,2781
1,307,3070000,3070500,155,257,3080000,2787
1,308,3080000,3080500,155,257,3090000,2799
1,309,3090000,3090500,155,257,3100000,2808
1,31,310000,310500,155,257,320000,277
1,310,3100000,3100500,155,257,3110000,2817
1,311,3110000,3110500,155,257,3120000,2821
1,312,3120000,3120500,155,257,3130000,2837
1,313,3130000,3130500,155,257,3140000,2843
1,314,3140000,3140500,155,257,3150000,2849
1,315,3150000,3150500,155,257,3160000,2862
1,316,3160000,3160500,155,257,3170000,2874
1,317,3170000,3170500,155,257,3180000,2878
1,318,3180000,3180500,155,257,3190000,2890
1,319,3190000,3190500,155,257,3200000,2896
1,32,320000,320500,155,257,330000,287
1,320,3200000,3200500,155,257,3210000,2907
1,321,3210000,3210500,155,257,3220000,2916
1,322,3220000,3220500,155,257,3230000,2926
1,323,3230000,3230500,155,257,3240000,2930
1,324,3240000,3240500,155,257,3250000,2947
1,325,3250000,3250500,155,257,3260000,2954
1,326,3260000,3260500,155,257,3270000,2960
1,327,3270000,3270500,155,257,3280000,2969
1,328,3280000,3280500,155,257,3290000,2981
1,329,3290000,3290500,155,257,3300000,2987
1,33,330000,330500,155,257,340000,296
1,330,3300000,3300500,155,257,3310000,3000
1,331,3310000,3310500,155,257,3320000,3006
1,332,3320000,3320500,155,257,3330000,3016
1,333,3330000,3330500,155,257,3340000,3026
1,334,3340000,3340500,155,257,3350000,3034
1,335,3350000,3350500,155,257,3360000,3039
1,336,3360000,3360500,155,257,3370000,3057
1,337,3370000,3370500,155,257,3380000,3063
1,338,3380000,3380500,155,257,3390000,3069
1,339,3390000,3390500,155,257,3400000,3078
1,34,340000,340500,155,257,350000,304
1,340,3400000,3400500,155,257,3410000,3091
1,341,3410000,3410500,155,257,3420000,3095
1,342,3420000,3420500,155,257,3430000,3108
1,343,3430000,3430500,155,257,3440000,3116
1,344,3440000,3440500,155,257,3450000,3126
1,345,3450000,3450500,155,257,3460000,3136
1,346,3460000,3460500,155,257,3470000,3144
1,347,3470000,3470500,155,257,3480000,3148
1,348,3480000,3480500,155,257,3490000,3164
1,349,3490000,3490500,155,257,3500000,3170
1,35,350000,350500,155,257,360000,311
1,350,3500000,3500500,155,257,3510000,3179
1,351,3510000,3510500,155,257,3520000,3189
1,352,3520000,3520500,155,257,3530000,3201
1,353,3530000,3530500,155,257,3540000,3205
1,354,3540000,3540500,155,257,3550000,3217
1,355,3550000,3550500,155,257,3560000,3224
1,356,3560000,3560500,155,257,3570000,3234
1,357,3570000,3570500,155,257,3580000,3245
1,358,3580000,3580500,155,257,3590000,3253
1,359,3590000,3590500,155,257,3600000,3257
1,36,360000,360500,155,257,370000,328
1,360,3600000,3600500,155,257,3610000,3275
1,361,3610000,3610500,155,257,3620000,3281
1,362,3620000,3620500,155,257,3630000,3287
1,363,3630000,3630500,155,257,3640000,3296
1,364,3640000,3640500,155,257,3650000,3310
1,365,3650000,3650500,155,257,3660000,3315
1,366,3660000,3660500,155,257,3670000,3327
1,367,3670000,3670500,155,257,3680000,3333
1,368,3680000,3680500,155,257,3690000,3343
1,369,3690000,3690500,155,257,3700000,3353
1,37,370000,370500,155,257,380000,334
1,370,3700000,3700500,155,257,3710000,3362
1,371,3710000,3710500,155,257,3720000,3368
1,372,3720000,3720500,155,257,3730000,3384
1,373,3730000,3730500,155,257,3740000,3390
1,374,3740000,3740500,155,257,3750000,3396
1,375,3750000,3750500,155,257,3760000,3406
1,376,3760000,3760500,155,257,3770000,3418
1,377,3770000,3770500,155,257,3780000,3422
1,378,3780000,3780500,155,257,3790000,3437
1,379,3790000,3790500,155,257,3800000,3443
1,38,380000,380500,155,257,390000,340
1,380,3800000,3800500,155,257,3810000,3454
1,381,3810000,3810500,155,257,3820000,3463
1,382,3820000,3820500,155,257,3830000,3471
1,383,3830000,3830500,155,257,3840000,3475
1,384,3840000,3840500,155,257,3850000,3491
1,385,3850000,3850500,155,257,3860000,3500
1,386,3860000,3860500,155,257,3870000,3506
1,387,3870000,3870500,155,257,3880000,3516
1,388,3880000,3880500,155,257,3890000,3528
1,389,3890000,3890500,155,257,3900000,3532
1,39,390000,390500,155,257,400000,349
1,390,3900000,3900500,155,257,3910000,3545
1,391,3910000,3910500,155,257,3920000,3551
1,392,3920000,3920500,155,257,3930000,3563
1,393,3930000,3930500,155,257,3940000,3572
1,394,3940000,3940500,155,257,3950000,3580
1,395,3950000,3950500,155,257,3960000,3585
1,396,3960000,3960500,155,257,3970000,3602
1,397,3970000,3970500,155,257,3980000,3608
1,398,3980000,3980500,155,257,3990000,3614
1,399,3990000,3990500,155,257,4000000,3625
1,4,40000,40500,155,257,50000,34
1,40,400000,400500,155,257,410000,362
1,400,4000000,4000500,155,257,4010000,3638
1,401,4010000,4010500,155,257,4020000,3642
1,402,4020000,4020500,155,257,4030000,3654
1,403,4030000,4030500,155,257,4040000,3660
1,404,4040000,4040500,155,257,4050000,3670
1,405,4050000,4050500,155,257,4060000,3681
1,406,4060000,4060500,155,257,4070000,3691
1,407,4070000,4070500,155,257,4080000,3695
1,408,4080000,4080500,155,257,4090000,3711
1,409,4090000,4090500,155,257,4100000,3717
1,41,410000,410500,155,257,420000,366
1,410,4100000,4100500,155,257,4110000,3724
1,411,4110000,4110500,155,257,4120000,3733
1,412,4120000,4120500,155,257,4130000,3745
1,413,4130000,4130500,155,257,4140000,3751
1,414,4140000,4140500,155,257,4150000,3764
1,415,4150000,4150500,155,257,4160000,3771
1,416,4160000,4160500,155,257,4170000,3781
1,417,4170000,4170500,155,257,4180000,3790
1,418,4180000,4180500,155,257,4190000,3798
1,419,4190000,4190500,155,257,4200000,3802
1,42,420000,420500,155,257,430000,380
1,420,4200000,4200500,155,257,4210000,3821
1,421,4210000,4210500,155,257,4220000,3827
1,422,4220000,4220500,155,257,4230000,3833
1,423,4230000,4230500,155,257,4240000,3843
1,424,4240000,4240500,155,257,4250000,3855
1,425,4250000,4250500,155,257,4260000,3860
1,426,4260000,4260500,155,257,4270000,3872
1,427,4270000,4270500,155,257,4280000,3880
1,428,4280000,4280500,155,257,4290000,3890
1,429,4290000,4290500,155,257,4300000,3899
1,43,430000,430500,155,257,440000,386
1,430,4300000,4300500,155,257,4310000,3908
1,431,4310000,4310500,155,257,4320000,3912
1,432,4320000,4320500,155,257,4330000,3929
1,433,4330000,4330500,155,257,4340000,3935
1,434,4340000,4340500,155,257,4350000,3943
1,435,4350000,4350500,155,257,4360000,3953
1,436,4360000,4360500,155,257,4370000,3965
1,437,4370000,4370500,155,257,4380000,3969
1,438,4380000,4380500,155,257,4390000,3981
1,439,4390000,4390500,155,257,4400000,3987
1,44,440000,440500,155,257,450000,396
1,440,4400000,4400500,155,257,4410000,3998
1,441,4410000,4410500,155,257,4420000,4010
1,442,4420000,4420500,155,257,4430000,4018
1,443,4430000,4430500,155,257,4440000,4022
1,444,4440000,4440500,155,257,4450000,4038
1,445,4450000,4450500,155,257,4460000,4045
1,446,4460000,4460500,155,257,4470000,4051
1,447,4470000,4470500,155,257,4480000,4060
1,448,4480000,4480500,155,257,4490000,4074
1,449,4490000,4490500,155,257,4500000,4078
1,45,450000,450500,155,257,460000,407
1,450,4500000,4500500,155,257,4510000,4092
1,451,4510000,4510500,155,257,4520000,4098
1,452,4520000,4520500,155,257,4530000,4108
1,453,4530000,4530500,155,257,4540000,4117
1,454,4540000,4540500,155,257,4550000,4125
1,455,4550000,4550500,155,257,4560000,4132
1,456,4560000,4560500,155,257,4570000,4148
1,457,4570000,4570500,155,257,4580000,4154
1,458,4580000,4580500,155,257,4590000,4160
1,459,4590000,4590500,155,257,4600000,4170
1,46,460000,460500,155,257,470000,415
1,460,4600000,4600500,155,257,4610000,4183
1,461,4610000,4610500,155,257,4620000,4187
1,462,4620000,4620500,155,257,4630000,4201
1,463,4630000,4630500,155,257,4640000,4207
1,464,4640000,4640500,155,257,4650000,4217
1,465,4650000,4650500,155,257,4660000,4227
1,466,4660000,4660500,155,257,4670000,4235
1,467,4670000,4670500,155,257,4680000,4239
1,468,4680000,4680500,155,257,4690000,4256
1,469,4690000,4690500,155,257,4700000,4264
1,47,470000,470500,155,257,480000,419
1,470,4700000,4700500,155,257,4710000,4271
1,471,4710000,4710500,155,257,4720000,4280
1,472,4720000,4720500,155,257,4730000,4292
1,473,4730000,4730500,155,257,4740000,4296
1,474,4740000,4740500,155,257,4750000,4308
1,475,4750000,4750500,155,257,4760000,4315
1,476,4760000,4760500,155,257,4770000,4327
1,477,4770000,4770500,155,257,4780000,4337
1,478,4780000,4780500,155,257,4790000,4345
1,479,4790000,4790500,155,257,4800000,4349
1,48,480000,480500,155,257,490000,435
1,480,4800000,4800500,155,257,4810000,4366
1,481,4810000,4810500,155,257,4820000,4372
1,482,4820000,4820500,155,257,4830000,4378
1,483,4830000,4830500,155,257,4840000,4389
1,484,4840000,4840500,155,257,4850000,4401
1,485,4850000,4850500,155,257,4860000,4406
1,486,4860000,4860500,155,257,4870000,4419
1,487,4870000,4870500,155,257,4880000,4425
1,488,4880000,4880500,155,257,4890000,4435
1,489,4890000,4890500,155,257,4900000,4444
1,49,490000,490500,155,257,500000,443
1,490,4900000,4900500,155,257,4910000,4455
1,491,4910000,4910500,155,257,4920000,4459
1,492,4920000,4920500,155,257,4930000,4475
1,493,4930000,4930500,155,257,4940000,4481
1,494,4940000,4940500,155,257,4950000,4487
1,495,4950000,4950500,155,257,4960000,4498
1,496,4960000,4960500,155,257,4970000,4510
1,497,4970000,4970500,155,257,4980000,4516
1,498,4980000,4980500,155,257,4990000,4528
1,499,4990000,4990500,155,257,5000000,4534
1,5,50000,50500,155,257,60000,39
1,50,500000,500500,155,257,510000,450
1,500,5000000,5000500,155,257,5010000,4545
1,501,5010000,5010500,155,257,5020000,4554
1,502,5020000,5020500,155,257,5030000,4562
1,503,5030000,5030500,155,257,5040000,4566
1,504,5040000,5040500,155,257,5050000,4585
1,505,5050000,5050500,155,257,5060000,4592
1,506,5060000,5060500,155,257,5070000,4598
1,507,5070000,5070500,155,257,5080000,4607
1,508,5080000,5080500,155,257,5090000,4619
1,509,5090000,5090500,155,257,5100000,4623
1,51,510000,510500,155,257,520000,459
1,510,5100000,5100500,155,257,5110000,4636
1,511,5110000,5110500,155,257,5120000,4644
1,512,5120000,5120500,155,257,5130000,4654
1,513,5130000,5130500,155,257,5140000,4664
1,514,5140000,5140500,155,257,5150000,4672
1,515,5150000,5150500,155,257,5160000,4677
1,516,5160000,5160500,155,257,5170000,4693
1,517,5170000,5170500,155,257,5180000,4699
1,518,5180000,5180500,155,257,5190000,4707
1,519,5190000,5190500,155,257,5200000,4716
1,52,520000,520500,155,257,530000,471
1,520,5200000,5200500,155,257,5210000,4729
1,521,5210000,5210500,155,257,5220000,4733
1,522,5220000,5220500,155,257,5230000,4746
1,523,5230000,5230500,155,257,5240000,4752
1,524,5240000,5240500,155,257,5250000,4762
1,525,5250000,5250500,155,257,5260000,4774
1,526,5260000,5260500,155,257,5270000,4782
1,527,5270000,5270500,155,257,5280000,4786
1,528,5280000,5280500,155,257,5290000,4802
1,529,5290000,5290500,155,257,5300000,4808
1,53,530000,530500,155,257,540000,475
1,530,5300000,5300500,155,257,5310000,4815
1,531,5310000,5310500,155,257,5320000,4825
1,532,5320000,5320500,155,257,5330000,4839
1,533,5330000,5330500,155,257,5340000,4843
1,534,5340000,5340500,155,257,5350000,4855
1,535,5350000,5350500,155,257,5360000,4862
1,536,5360000,5360500,155,257,5370000,4872
1,537,5370000,5370500,155,257,5380000,4881
1,538,5380000,5380500,155,257,5390000,4889
1,539,5390000,5390500,155,257,5400000,4895
1,54,540000,540500,155,257,550000,488
1,540,5400000,5400500,155,257,5410000,4913
1,541,5410000,5410500,155,257,5420000,4919
1,542,5420000,5420500,155,257,5430000,4925
1,543,5430000,5430500,155,257,5440000,4934
1,544,5440000,5440500,155,257,5450000,4946
1,545,5450000,5450500,155,257,5460000,4951
1,546,5460000,5460500,155,257,5470000,4965
1,547,5470000,5470500,155,257,5480000,4971
1,548,5480000,5480500,155,257,5490000,4981
1,549,5490000,5490500,155,257,5500000,4991
1,55,550000,550500,155,257,560000,495
1,550,5500000,5500500,155,257,5510000,5000
1,551,5510000,5510500,155,257,5520000,5004
1,552,5520000,5520500,155,257,5530000,5020
1,553,5530000,5530500,155,257,5540000,5028
1,554,5540000,5540500,155,257,5550000,5034
1,555,5550000,5550500,155,257,5560000,5044
1,556,5560000,5560500,155,257,5570000,5056
1,557,5570000,5570500,155,257,5580000,5060
1,558,5580000,5580500,155,257,5590000,5073
1,559,5590000,5590500,155,257,5600000,5079
1,56,560000,560500,155,257,570000,507
1,560,5600000,5600500,155,257,5610000,5092
1,561,5610000,5610500,155,257,5620000,5101
1,562,5620000,5620500,155,257,5630000,5109
1,563,5630000,5630500,155,257,5640000,5113
1,564,5640000,5640500,155,257,5650000,5129
1,565,5650000,5650500,155,257,5660000,5136
1,566,5660000,5660500,155,257,5670000,5142
1,567,5670000,5670500,155,257,5680000,5154
1,568,5680000,5680500,155,257,5690000,5166
1,569,5690000,5690500,155,257,5700000,5170
1,57,570000,570500,155,257,580000,516
1,570,5700000,5700500,155,257,5710000,5183
1,571,5710000,5710500,155,257,5720000,5189
1,572,5720000,5720500,155,257,5730000,5199
1,573,5730000,5730500,155,257,5740000,5208
1,574,5740000,5740500,155,257,5750000,5218
1,575,5750000,5750500,155,257,5760000,5223
1,576,5760000,5760500,155,257,5770000,5240
1,577,5770000,5770500,155,257,5780000,5246
1,578,5780000,5780500,155,257,5790000,5252
1,579,5790000,5790500,155,257,5800000,5261
1,58,580000,580500,155,257,590000,524
1,580,5800000,5800500,155,257,5810000,5274
1,581,5810000,5810500,155,257,5820000,5280
1,582,5820000,5820500,155,257,5830000,5292
1,583,5830000,5830500,155,257,5840000,5298
1,584,5840000,5840500,155,257,5850000,5308
1,585,5850000,5850500,155,257,5860000,5319
1,586,5860000,5860500,155,257,5870000,5327
1,587,5870000,5870500,155,257,5880000,5331
1,588,5880000,5880500,155,257,5890000,5349
1,589,5890000,5890500,155,257,5900000,5355
1,59,590000,590500,155,257,600000,528
1,590,5900000,5900500,155,257,5910000,5362
1,591,5910000,5910500,155,257,5920000,5371
1,592,5920000,5920500,155,257,5930000,5383
1,593,5930000,5930500,155,257,5940000,5387
1,594,5940000,5940500,155,257,5950000,5400
1,595,5950000,5950500,155,257,5960000,5409
1,596,5960000,5960500,155,257,5970000,5419
1,597,5970000,5970500,155,257,5980000,5428
1,598,5980000,5980500,155,257,5990000,5436
1,599,5990000,5990500,155,257,6000000,5440
1,6,60000,60500,155,257,70000,51
1,60,600000,600500,155,257,610000,545
1,600,6000000,6000500,155,257,6010000,5457
1,601,6010000,6010500,155,257,6020000,5463
1,602,6020000,6020500,155,257,6030000,5471
1,603,6030000,6030500,155,257,6040000,5481
1,604,6040000,6040500,155,257,6050000,5493
1,605,6050000,6050500,155,257,6060000,5498
1,606,6060000,6060500,155,257,6070000,5510
1,607,6070000,6070500,155,257,6080000,5516
1,608,6080000,6080500,155,257,6090000,5526
1,609,6090000,6090500,155,257,6100000,5537
1,61,610000,610500,155,257,620000,551
1,610,6100000,6100500,155,257,6110000,5546
1,611,6110000,6110500,155,257,6120000,5550
1,612,6120000,6120500,155,257,6130000,5567
1,613,6130000,6130500,155,257,6140000,5573
1,614,6140000,6140500,155,257,6150000,5579
1,615,6150000,6150500,155,257,6160000,5589
1,616,6160000,6160500,155,257,6170000,5603
1,617,6170000,6170500,155,257,6180000,5607
1,618,6180000,6180500,155,257,6190000,5619
1,619,6190000,6190500,155,257,6200000,5625
1,62,620000,620500,155,257,630000,557
1,620,6200000,6200500,155,257,6210000,5636
1,621,6210000,6210500,155,257,6220000,5646
1,622,6220000,6220500,155,257,6230000,5654
1,623,6230000,6230500,155,257,6240000,5660
1,624,6240000,6240500,155,257,6250000,5676
1,625,6250000,6250500,155,257,6260000,5683
1,626,6260000,6260500,155,257,6270000,5689
1,627,6270000,6270500,155,257,6280000,5698
1,628,6280000,6280500,155,257,6290000,5710
1,629,6290000,6290500,155,257,6300000,5714
1,63,630000,630500,155,257,640000,569
1,630,6300000,6300500,155,257,6310000,5730
1,631,6310000,6310500,155,257,6320000,5736
1,632,6320000,6320500,155,257,6330000,5746
1,633,6330000,6330500,155,257,6340000,5755
1,634,6340000,6340500,155,257,6350000,5763
1,635,6350000,6350500,155,257,6360000,5768
1,636,6360000,6360500,155,257,6370000,5784
1,637,6370000,6370500,155,257,6380000,5792
1,638,6380000,6380500,155,257,6390000,5798
1,639,6390000,6390500,155,257,6400000,5808
1,64,640000,640500,155,257,650000,581
1,640,6400000,6400500,155,257,6410000,5821
1,641,6410000,6410500,155,257,6420000,5825
1,642,6420000,6420500,155,257,6430000,5837
1,643,6430000,6430500,155,257,6440000,5843
1,644,6440000,6440500,155,257,6450000,5855
1,645,6450000,6450500,155,257,6460000,5865
1,646,6460000,6460500,155,257,6470000,5873
1,647,6470000,6470500,155,257,6480000,5877
1,648,6480000,6480500,155,257,6490000,5894
1,649,6490000,6490500,155,257,6500000,5900
1,65,650000,650500,155,257,660000,586
1,650,6500000,6500500,155,257,6510000,5907
1,651,6510000,6510500,155,257,6520000,5918
1,652,6520000,6520500,155,257,6530000,5930
1,653,6530000,6530500,155,257,6540000,5934
1,654,6540000,6540500,155,257,6550000,5946
1,655,6550000,6550500,155,257,6560000,5953
1,656,6560000,6560500,155,257,6570000,5963
1,657,6570000,6570500,155,257,6580000,5973
1,658,6580000,6580500,155,257,6590000,5983
1,659,6590000,6590500,155,257,6600000,5987
1,66,660000,660500,155,257,670000,598
1,660,6600000,6600500,155,257,6610000,6004
1,661,6610000,6610500,155,257,6620000,6010
1,662,6620000,6620500,155,257,6630000,6016
1,663,6630000,6630500,155,257,6640000,6025
1,664,6640000,6640500,155,257,6650000,6037
1,665,6650000,6650500,155,257,6660000,6044
1,666,6660000,6660500,155,257,6670000,6057
1,667,6670000,6670500,155,257,6680000,6063
1,668,6680000,6680500,155,257,6690000,6073
1,669,6690000,6690500,155,257,6700000,6082
1,67,670000,670500,155,257,680000,604
1,670,6700000,6700500,155,257,6710000,6091
1,671,6710000,6710500,155,257,6720000,6095
1,672,6720000,6720500,155,257,6730000,6113
1,673,6730000,6730500,155,257,6740000,6119
1,674,6740000,6740500,155,257,6750000,6125
1,675,6750000,6750500,155,257,6760000,6136
1,676,6760000,6760500,155,257,6770000,6148
1,677,6770000,6770500,155,257,6780000,6152
1,678,6780000,6780500,155,257,6790000,6164
1,679,6790000,6790500,155,257,6800000,6172
1,68,680000,680500,155,257,690000,614
1,680,6800000,6800500,155,257,6810000,6183
1,681,6810000,6810500,155,257,6820000,6192
1,682,6820000,6820500,155,257,6830000,6200
1,683,6830000,6830500,155,257,6840000,6204
1,684,6840000,6840500,155,257,6850000,6221
1,685,6850000,6850500,155,257,6860000,6228
1,686,6860000,6860500,155,257,6870000,6236
1,687,6870000,6870500,155,257,6880000,6245
1,688,6880000,6880500,155,257,6890000,6257
1,689,6890000,6890500,155,257,6900000,6261
1,69,690000,690500,155,257,700000,623
1,690,6900000,6900500,155,257,6910000,6274
1,691,6910000,6910500,155,257,6920000,6280
1,692,6920000,6920500,155,257,6930000,6290
1,693,6930000,6930500,155,257,6940000,6302
1,694,6940000,6940500,155,257,6950000,6310
1,695,6950000,6950500,155,257,6960000,6315
1,696,6960000,6960500,155,257,6970000,6331
1,697,6970000,6970500,155,257,6980000,6337
1,698,6980000,6980500,155,257,6990000,6343
1,699,6990000,6990500,155,257,7000000,6352
1,7,70000,70500,155,257,80000,59
1,70,700000,700500,155,257,710000,634
1,700,7000000,7000500,155,257,7010000,6367
1,701,7010000,7010500,155,257,7020000,6371
1,702,7020000,7020500,155,257,7030000,6384
1,703,7030000,7030500,155,257,7040000,6390
1,704,7040000,7040500,155,257,7050000,6400
1,705,7050000,7050500,155,257,7060000,6410
1,706,7060000,7060500,155,257,7070000,6418
1,707,7070000,7070500,155,257,7080000,6424
1,708,7080000,7080500,155,257,7090000,6440
1,709,7090000,7090500,155,257,7100000,6446
1,71,710000,710500,155,257,720000,638
1,710,7100000,7100500,155,257,7110000,6453
1,711,7110000,7110500,155,257,7120000,6463
1,712,7120000,7120500,155,257,7130000,6475
1,713,7130000,7130500,155,257,7140000,6479
1,714,7140000,7140500,155,257,7150000,6493
1,715,7150000,7150500,155,257,7160000,6500
1,716,7160000,7160500,155,257,7170000,6510
1,717,7170000,7170500,155,257,7180000,6519
1,718,7180000,7180500,155,257,7190000,6527
1,719,7190000,7190500,155,257,7200000,6531
1,72,720000,720500,155,257,730000,655
1,720,7200000,7200500,155,257,7210000,6549
1,721,7210000,7210500,155,257,7220000,6557
1,722,7220000,7220500,155,257,7230000,6563
1,723,7230000,7230500,155,257,7240000,6572
1,724,7240000,7240500,155,257,7250000,6584
1,725,7250000,7250500,155,257,7260000,6589
1,726,7260000,7260500,155,257,7270000,6601
1,727,7270000,7270500,155,257,7280000,6607
1,728,7280000,7280500,155,257,7290000,6619
1,729,7290000,7290500,155,257,7300000,6629
1,73,730000,730500,155,257,740000,661
1,730,7300000,7300500,155,257,7310000,6638
1,731,7310000,7310500,155,257,7320000,6642
1,732,7320000,7320500,155,257,7330000,6658
1,733,7330000,7330500,155,257,7340000,6664
1,734,7340000,7340500,155,257,7350000,6670
1,735,7350000,7350500,155,257,7360000,6682
1,736,7360000,7360500,155,257,7370000,6694
1,737,7370000,7370500,155,257,7380000,6698
1,738,7380000,7380500,155,257,7390000,6711
1,739,7390000,7390500,155,257,7400000,6717
1,74,740000,740500,155,257,750000,667
1,740,7400000,7400500,155,257,7410000,6728
1,741,7410000,7410500,155,257,7420000,6737
1,742,7420000,7420500,155,257,7430000,6747
1,743,7430000,7430500,155,257,7440000,6751
1,744,7440000,7440500,155,257,7450000,6767
1,745,7450000,7450500,155,257,7460000,6774
1,746,7460000,7460500,155,257,7470000,6780
1,747,7470000,7470500,155,257,7480000,6790
1,748,7480000,7480500,155,257,7490000,6802
1,749,7490000,7490500,155,257,7500000,6808
1,75,750000,750500,155,257,760000,677
1,750,7500000,7500500,155,257,7510000,6821
1,751,7510000,7510500,155,257,7520000,6827
1,752,7520000,7520500,155,257,7530000,6837
1,753,7530000,7530500,155,257,7540000,6846
1,754,7540000,7540500,155,257,7550000,6854
1,755,7550000,7550500,155,257,7560000,6859
1,756,7560000,7560500,155,257,7570000,6878
1,757,7570000,7570500,155,257,7580000,6884
1,758,7580000,7580500,155,257,7590000,6890
1,759,7590000,7590500,155,257,7600000,6899
1,76,760000,760500,155,257,770000,689
1,760,7600000,7600500,155,257,7610000,6912
1,761,7610000,7610500,155,257,7620000,6916
1,762,7620000,7620500,155,257,7630000,6928
1,763,7630000,7630500,155,257,7640000,6936
1,764,7640000,7640500,155,257,7650000,6946
1,765,7650000,7650500,155,257,7660000,6957
1,766,7660000,7660500,155,257,7670000,6965
1,767,7670000,7670500,155,257,7680000,6969
1,768,7680000,7680500,155,257,7690000,6985
1,769,7690000,7690500,155,257,7700000,6991
1,77,770000,770500,155,257,780000,695
1,770,7700000,7700500,155,257,7710000,7000
1,771,7710000,7710500,155,257,7720000,7009
1,772,7720000,7720500,155,257,7730000,7021
1,773,7730000,7730500,155,257,7740000,7025
1,774,7740000,7740500,155,257,7750000,7038
1,775,7750000,7750500,155,257,7760000,7045
1,776,7760000,7760500,155,257,7770000,7055
1,777,7770000,7770500,155,257,7780000,7066
1,778,7780000,7780500,155,257,7790000,7074
1,779,7790000,7790500,155,257,7800000,7078
1,78,780000,780500,155,257,790000,707
1,780,7800000,7800500,155,257,7810000,7095
1,781,7810000,7810500,155,257,7820000,7101
1,782,7820000,7820500,155,257,7830000,7107
1,783,7830000,7830500,155,257,7840000,7117
1,784,7840000,7840500,155,257,7850000,7131
1,785,7850000,7850500,155,257,7860000,7136
1,786,7860000,7860500,155,257,7870000,7148
1,787,7870000,7870500,155,257,7880000,7154
1,788,7880000,7880500,155,257,7890000,7164
1,789,7890000,7890500,155,257,7900000,7173
1,79,790000,790500,155,257,800000,713
1,790,7900000,7900500,155,257,7910000,7182
1,791,7910000,7910500,155,257,7920000,7188
1,792,7920000,7920500,155,257,7930000,7205
1,793,7930000,7930500,155,257,7940000,7211
1,794,7940000,7940500,155,257,7950000,7217
1,795,7950000,7950500,155,257,7960000,7227
1,796,7960000,7960500,155,257,7970000,7239
1,797,7970000,7970500,155,257,7980000,7243
1,798,7980000,7980500,155,257,7990000,7257
1,799,7990000,7990500,155,257,8000000,7263
1,8,80000,80500,155,257,90000,69
1,80,800000,800500,155,257,810000,724
1,800,8000000,8000500,155,257,8010000,7274
1,801,8010000,8010500,155,257,8020000,7284
1,802,8020000,8020500,155,257,8030000,7292
1,803,8030000,8030500,155,257,8040000,7296
1,804,8040000,8040500,155,257,8050000,7312
1,805,8050000,8050500,155,257,8060000,7321
1,806,8060000,8060500,155,257,8070000,7327
1,807,8070000,8070500,155,257,8080000,7336
1,808,8080000,8080500,155,257,8090000,7348
1,809,8090000,8090500,155,257,8100000,7352
1,81,810000,810500,155,257,820000,734
1,810,8100000,8100500,155,257,8110000,7366
1,811,8110000,8110500,155,257,8120000,7372
1,812,8120000,8120500,155,257,8130000,7384
1,813,8130000,8130500,155,257,8140000,7393
1,814,8140000,8140500,155,257,8150000,7401
1,815,8150000,8150500,155,257,8160000,7406
1,816,8160000,8160500,155,257,8170000,7422
1,817,8170000,8170500,155,257,8180000,7428
1,818,8180000,8180500,155,257,8190000,7434
1,819,8190000,8190500,155,257,8200000,7446
1,82,820000,820500,155,257,830000,742
1,820,8200000,8200500,155,257,8210000,7459
1,821,8210000,8210500,155,257,8220000,7463
1,822,8220000,8220500,155,257,8230000,7475
1,823,8230000,8230500,155,257,8240000,7481
1,824,8240000,8240500,155,257,8250000,7491
1,825,8250000,8250500,155,257,8260000,7501
1,826,8260000,8260500,155,257,8270000,7511
1,827,8270000,8270500,155,257,8280000,7515
1,828,8280000,8280500,155,257,8290000,7532
1,829,8290000,8290500,155,257,8300000,7538
1,83,830000,830500,155,257,840000,746
1,830,8300000,8300500,155,257,8310000,7545
1,831,8310000,8310500,155,257,8320000,7554
1,832,8320000,8320500,155,257,8330000,7566
1,833,8330000,8330500,155,257,8340000,7572
1,834,8340000,8340500,155,257,8350000,7584
1,835,8350000,8350500,155,257,8360000,7591
1,836,8360000,8360500,155,257,8370000,7601
1,837,8370000,8370500,155,257,8380000,7611
1,838,8380000,8380500,155,257,8390000,7619
1,839,8390000,8390500,155,257,8400000,7623
1,84,840000,840500,155,257,850000,764
1,840,8400000,8400500,155,257,8410000,7642
1,841,8410000,8410500,155,257,8420000,7648
1,842,8420000,8420500,155,257,8430000,7654
1,843,8430000,8430500,155,257,8440000,7663
1,844,8440000,8440500,155,257,8450000,7675
1,845,8450000,8450500,155,257,8460000,7680
1,846,8460000,8460500,155,257,8470000,7693
1,847,8470000,8470500,155,257,8480000,7701
1,848,8480000,8480500,155,257,8490000,7711
1,849,8490000,8490500,155,257,8500000,7720
1,85,850000,850500,155,257,860000,771
1,850,8500000,8500500,155,257,8510000,7729
1,851,8510000,8510500,155,257,8520000,7733
1,852,8520000,8520500,155,257,8530000,7749
1,853,8530000,8530500,155,257,8540000,7755
1,854,8540000,8540500,155,257,8550000,7763
1,855,8550000,8550500,155,257,8560000,7774
1,856,8560000,8560500,155,257,8570000,7786
1,857,8570000,8570500,155,257,8580000,7790
1,858,8580000,8580500,155,257,8590000,7802
1,859,8590000,8590500,155,257,8600000,7808
1,86,860000,860500,155,257,870000,777
1,860,8600000,8600500,155,257,8610000,7819
1,861,8610000,8610500,155,257,8620000,7830
1,862,8620000,8620500,155,257,8630000,7838
1,863,8630000,8630500,155,257,8640000,7842
1,864,8640000,8640500,155,257,8650000,7859
1,865,8650000,8650500,155,257,8660000,7866
1,866,8660000,8660500,155,257,8670000,7872
1,867,8670000,8670500,155,257,8680000,7881
1,868,8680000,8680500,155,257,8690000,7895
1,869,8690000,8690500,155,257,8700000,7899
1,87,870000,870500,155,257,880000,786
1,870,8700000,8700500,155,257,8710000,7912
1,871,8710000,8710500,155,257,8720000,7918
1,872,8720000,8720500,155,257,8730000,7928
1,873,8730000,8730500,155,257,8740000,7938
1,874,8740000,8740500,155,257,8750000,7946
1,875,8750000,8750500,155,257,8760000,7953
1,876,8760000,8760500,155,257,8770000,7969
1,877,8770000,8770500,155,257,8780000,7975
1,878,8780000,8780500,155,257,8790000,7981
1,879,8790000,8790500,155,257,8800000,7990
1,88,880000,880500,155,257,890000,798
1,880,8800000,8800500,155,257,8810000,8003
1,881,8810000,8810500,155,257,8820000,8007
1,882,8820000,8820500,155,257,8830000,8022
1,883,8830000,8830500,155,257,8840000,8028
1,884,8840000,8840500,155,257,8850000,8038
1,885,8850000,8850500,155,257,8860000,8048
1,886,8860000,8860500,155,257,8870000,8056
1,887,8870000,8870500,155,257,8880000,8060
1,888,8880000,8880500,155,257,8890000,8076
1,889,8890000,8890500,155,257,8900000,8084
1,89,890000,890500,155,257,900000,802
1,890,8900000,8900500,155,257,8910000,8091
1,891,8910000,8910500,155,257,8920000,8101
1,892,8920000,8920500,155,257,8930000,8113
1,893,8930000,8930500,155,257,8940000,8117
1,894,8940000,8940500,155,257,8950000,8129
1,895,8950000,8950500,155,257,8960000,8136
1,896,8960000,8960500,155,257,8970000,8148
1,897,8970000,8970500,155,257,8980000,8157
1,898,8980000,8980500,155,257,8990000,8165
1,899,8990000,8990500,155,257,9000000,8169
1,9,90000,90500,155,257,100000,79
1,90,900000,900500,155,257,910000,816
1,900,9000000,9000500,155,257,9010000,8187
1,901,9010000,9010500,155,257,9020000,8193
1,902,9020000,9020500,155,257,9030000,8199
1,903,9030000,9030500,155,257,9040000,8210
1,904,9040000,9040500,155,257,9050000,8222
1,905,9050000,9050500,155,257,9060000,8227
1,906,9060000,9060500,155,257,9070000,8239
1,907,9070000,9070500,155,257,9080000,8245
1,908,9080000,9080500,155,257,9090000,8255
1,909,9090000,9090500,155,257,9100000,8265
1,91,910000,910500,155,257,920000,824
1,910,9100000,9100500,155,257,9110000,8276
1,911,9110000,9110500,155,257,9120000,8280
1,912,9120000,9120500,155,257,9130000,8296
1,913,9130000,9130500,155,257,9140000,8302
1,914,9140000,9140500,155,257,9150000,8308
1,915,9150000,9150500,155,257,9160000,8318
1,916,9160000,9160500,155,257,9170000,8330
1,917,9170000,9170500,155,257,9180000,8336
1,918,9180000,9180500,155,257,9190000,8349
1,919,9190000,9190500,155,257,9200000,8355
1,92,920000,920500,155,257,930000,834
1,920,9200000,9200500,155,257,9210000,8366
1,921,9210000,9210500,155,257,9220000,8375
1,922,9220000,9220500,155,257,9230000,8383
1,923,9230000,9230500,155,257,9240000,8387
1,924,9240000,9240500,155,257,9250000,8405
1,925,9250000,9250500,155,257,9260000,8412
1,926,9260000,9260500,155,257,9270000,8418
1,927,9270000,9270500,155,257,9280000,8428
1,928,9280000,9280500,155,257,9290000,8440
1,929,9290000,9290500,155,257,9300000,8444
1,93,930000,930500,155,257,940000,843
1,930,9300000,9300500,155,257,9310000,8457
1,931,9310000,9310500,155,257,9320000,8465
1,932,9320000,9320500,155,257,9330000,8475
1,933,9330000,9330500,155,257,9340000,8484
1,934,9340000,9340500,155,257,9350000,8492
1,935,9350000,9350500,155,257,9360000,8497
1,936,9360000,9360500,155,257,9370000,8514
1,937,9370000,9370500,155,257,9380000,8520
1,938,9380000,9380500,155,257,9390000,8528
1,939,9390000,9390500,155,257,9400000,8537
1,94,940000,940500,155,257,950000,851
1,940,9400000,9400500,155,257,9410000,8550
1,941,9410000,9410500,155,257,9420000,8554
1,942,9420000,9420500,155,257,9430000,8566
1,943,9430000,9430500,155,257,9440000,8572
1,944,9440000,9440500,155,257,9450000,8582
1,945,9450000,9450500,155,257,9460000,8595
1,946,9460000,9460500,155,257,9470000,8603
1,947,9470000,9470500,155,257,9480000,8607
1,948,9480000,9480500,155,257,9490000,8623
1,949,9490000,9490500,155,257,9500000,8629
1,95,950000,950500,155,257,960000,856
1,950,9500000,9500500,155,257,9510000,8636
1,951,9510000,9510500,155,257,9520000,8645
1,952,9520000,9520500,155,257,9530000,8659
1,953,9530000,9530500,155,257,9540000,8663
1,954,9540000,9540500,155,257,9550000,8676
1,955,9550000,9550500,155,257,9560000,8683
1,956,9560000,9560500,155,257,9570000,8693
1,957,9570000,9570500,155,257,9580000,8702
1,958,9580000,9580500,155,257,9590000,8710
1,959,9590000,9590500,155,257,9600000,8716
1,96,960000,960500,155,257,970000,872
1,960,9600000,9600500,155,257,9610000,8733
1,961,9610000,9610500,155,257,9620000,8739
1,962,9620000,9620500,155,257,9630000,8745
1,963,9630000,9630500,155,257,9640000,8755
1,964,9640000,9640500,155,257,9650000,8767
1,965,9650000,9650500,155,257,9660000,8772
1,966,9660000,9660500,155,257,9670000,8786
1,967,9670000,9670500,155,257,9680000,8792
1,968,9680000,9680500,155,257,9690000,8802
1,969,9690000,9690500,155,257,9700000,8811
1,97,970000,970500,155,257,980000,878
1,970,9700000,9700500,155,257,9710000,8820
1,971,9710000,9710500,155,257,9720000,8824
1,972,9720000,9720500,155,257,9730000,8841
1,973,9730000,9730500,155,257,9740000,8849
1,974,9740000,9740500,155,257,9750000,8855
1,975,9750000,9750500,155,257,9760000,8865
1,976,9760000,9760500,155,257,9770000,8877
1,977,9770000,9770500,155,257,9780000,8881
1,978,9780000,9780500,155,257,9790000,8893
1,979,9790000,9790500,155,257,9800000,8899
1,98,980000,980500,155,257,990000,886
1,980,9800000,9800500,155,257,9810000,8912
1,981,9810000,9810500,155,257,9820000,8922
1,982,9820000,9820500,155,257,9830000,8930
1,983,9830000,9830500,155,257,9840000,8934
1,984,9840000,9840500,155,257,9850000,8950
1,985,9850000,9850500,155,257,9860000,8957
1,986,9860000,9860500,155,257,9870000,8963
1,987,9870000,9870500,155,257,9880000,8974
1,988,9880000,9880500,155,257,9890000,8986
1,989,9890000,9890500,155,257,9900000,8990
1,99,990000,990500,155,257,1000000,896
1,990,9900000,9900500,155,257,9910000,9004
1,991,9910000,9910500,155,257,9920000,9010
1,992,9920000,9920500,155,257,9930000,9020
1,993,9930000,9930500,155,257,9940000,9029
1,994,9940000,9940500,155,257,9950000,9039
1,995,9950000,9950500,155,257,9960000,9044
1,996,9960000,9960500,155,257,9970000,9060
1,997,9970000,9970500,155,257,9980000,9066
1,998,9980000,9980500,155,257,9990000,9072
1,999,9990000,9990500,155,257,10000000,9082
10,0,0,1500,1810,3016,30000,20
10,1,30000,31500,1810,3016,60000,48
10,10,300000,301500,1810,3016,330000,294
10,100,3000000,3001500,1810,3016,3030000,2749
10,101,3030000,3031500,1810,3016,3060000,2777
10,102,3060000,3061500,1810,3016,3090000,2806
10,103,3090000,3091500,1810,3016,3120000,2830
10,104,3120000,3121500,1810,3016,3150000,2856
10,105,3150000,3151500,1810,3016,3180000,2887
10,106,3180000,3181500,1810,3016,3210000,2914
10,107,3210000,3211500,1810,3016,3240000,2939
10,108,3240000,3241500,1810,3016,3270000,2967
10,109,3270000,3271500,1810,3016,3300000,2996
10,11,330000,331500,1810,3016,360000,320
10,110,3300000,3301500,1810,3016,3330000,3023
10,111,3330000,3331500,1810,3016,3360000,3048
10,112,3360000,3361500,1810,3016,3390000,3076
10,113,3390000,3391500,1810,3016,3420000,3104
10,114,3420000,3421500,1810,3016,3450000,3133
10,115,3450000,3451500,1810,3016,3480000,3157
10,116,3480000,3481500,1810,3016,3510000,3186
10,117,3510000,3511500,1810,3016,3540000,3214
10,118,3540000,3541500,1810,3016,3570000,3241
10,119,3570000,3571500,1810,3016,3600000,3266
10,12,360000,361500,1810,3016,390000,347
10,120,3600000,3601500,1810,3016,3630000,3294
10,121,3630000,3631500,1810,3016,3660000,3324
10,122,3660000,3661500,1810,3016,3690000,3350
10,123,3690000,3691500,1810,3016,3720000,3377
10,124,3720000,3721500,1810,3016,3750000,3403
10,125,3750000,3751500,1810,3016,3780000,3431
10,126,3780000,3781500,1810,3016,3810000,3461
10,127,3810000,3811500,1810,3016,3840000,3484
10,128,3840000,3841500,1810,3016,3870000,3513
10,129,3870000,3871500,1810,3016,3900000,3541
10,13,390000,391500,1810,3016,420000,375
10,130,3900000,3901500,1810,3016,3930000,3570
10,131,3930000,3931500,1810,3016,3960000,3594
10,132,3960000,3961500,1810,3016,3990000,3621
10,133,3990000,3991500,1810,3016,4020000,3651
10,134,4020000,4021500,1810,3016,4050000,3677
10,135,4050000,4051500,1810,3016,4080000,3704
10,136,4080000,4081500,1810,3016,4110000,3731
10,137,4110000,4111500,1810,3016,4140000,3760
10,138,4140000,4141500,1810,3016,4170000,3788
10,139,4170000,4171500,1810,3016,4200000,3811
10,14,420000,421500,1810,3016,450000,403
10,140,4200000,4201500,1810,3016,4230000,3840
10,141,4230000,4231500,1810,3016,4260000,3869
10,142,4260000,4261500,1810,3016,4290000,3897
10,143,4290000,4291500,1810,3016,4320000,3921
10,144,4320000,4321500,1810,3016,4350000,3950
10,145,4350000,4351500,1810,3016,4380000,3978
10,146,4380000,4381500,1810,3016,4410000,4005
10,147,4410000,4411500,1810,3016,4440000,4031
10,148,4440000,4441500,1810,3016,4470000,4058
10,149,4470000,4471500,1810,3016,4500000,4087
10,15,450000,451500,1810,3016,480000,428
10,150,4500000,4501500,1810,3016,4530000,4115
10,151,4530000,4531500,1810,3016,4560000,4141
10,152,4560000,4561500,1810,3016,4590000,4167
10,153,4590000,4591500,1810,3016,4620000,4196
10,154,4620000,4621500,1810,3016,4650000,4224
10,155,4650000,4651500,1810,3016,4680000,4248
10,156,4680000,4681500,1810,3016,4710000,4278
10,157,4710000,4711500,1810,3016,4740000,4305
10,158,4740000,4741500,1810,3016,4770000,4334
10,159,4770000,4771500,1810,3016,4800000,4358
10,16,480000,481500,1810,3016,510000,457
10,160,4800000,4801500,1810,3016,4830000,4385
10,161,4830000,4831500,1810,3016,4860000,4415
10,162,4860000,4861500,1810,3016,4890000,4442
10,163,4890000,4891500,1810,3016,4920000,4468
10,164,4920000,4921500,1810,3016,4950000,4494
10,165,4950000,4951500,1810,3016,4980000,4525
10,166,4980000,4981500,1810,3016,5010000,4552
10,167,5010000,5011500,1810,3016,5040000,4575
10,168,5040000,5041500,1810,3016,5070000,4605
10,169,5070000,5071500,1810,3016,5100000,4632
10,17,510000,511500,1810,3016,540000,484
10,170,5100000,5101500,1810,3016,5130000,4661
10,171,5130000,5131500,1810,3016,5160000,4686
10,172,5160000,5161500,1810,3016,5190000,4714
10,173,5190000,5191500,1810,3016,5220000,4742
10,174,5220000,5221500,1810,3016,5250000,4769
10,175,5250000,5251500,1810,3016,5280000,4795
10,176,5280000,5281500,1810,3016,5310000,4822
10,177,5310000,5311500,1810,3016,5340000,4852
10,178,5340000,5341500,1810,3016,5370000,4879
10,179,5370000,5371500,1810,3016,5400000,4904
10,18,540000,541500,1810,3016,570000,514
10,180,5400000,5401500,1810,3016,5430000,4932
10,181,5430000,5431500,1810,3016,5460000,4960
10,182,5460000,5461500,1810,3016,5490000,4988
10,183,5490000,5491500,1810,3016,5520000,5013
10,184,5520000,5521500,1810,3016,5550000,5041
10,185,5550000,5551500,1810,3016,5580000,5069
10,186,5580000,5581500,1810,3016,5610000,5099
10,187,5610000,5611500,1810,3016,5640000,5122
10,188,5640000,5641500,1810,3016,5670000,5149
10,189,5670000,5671500,1810,3016,5700000,5179
10,19,570000,571500,1810,3016,600000,537
10,190,5700000,5701500,1810,3016,5730000,5206
10,191,5730000,5731500,1810,3016,5760000,5232
10,192,5760000,5761500,1810,3016,5790000,5259
10,193,5790000,5791500,1810,3016,5820000,5289
10,194,5820000,5821500,1810,3016,5850000,5315
10,195,5850000,5851500,1810,3016,5880000,5340
10,196,5880000,5881500,1810,3016,5910000,5369
10,197,5910000,5911500,1810,3016,5940000,5396
10,198,5940000,5941500,1810,3016,5970000,5426
10,199,5970000,5971500,1810,3016,6000000,5449
10,2,60000,61500,1810,3016,90000,76
10,20,600000,601500,1810,3016,630000,564
10,200,6000000,6001500,1810,3016,6030000,5478
10,201,6030000,6031500,1810,3016,6060000,5507
10,202,6060000,6061500,1810,3016,6090000,5533
10,203,6090000,6091500,1810,3016,6120000,5559
10,204,6120000,6121500,1810,3016,6150000,5586
10,205,6150000,6151500,1810,3016,6180000,5616
10,206,6180000,6181500,1810,3016,6210000,5643
10,207,6210000,6211500,1810,3016,6240000,5669
10,208,6240000,6241500,1810,3016,6270000,5696
10,209,6270000,6271500,1810,3016,6300000,5723
10,21,630000,631500,1810,3016,660000,595
10,210,6300000,6301500,1810,3016,6330000,5753
10,211,6330000,6331500,1810,3016,6360000,5777
10,212,6360000,6361500,1810,3016,6390000,5805
10,213,6390000,6391500,1810,3016,6420000,5834
10,214,6420000,6421500,1810,3016,6450000,5862
10,215,6450000,6451500,1810,3016,6480000,5886
10,216,6480000,6481500,1810,3016,6510000,5914
10,217,6510000,6511500,1810,3016,6540000,5943
10,218,6540000,6541500,1810,3016,6570000,5970
10,219,6570000,6571500,1810,3016,6600000,5996
10,22,660000,661500,1810,3016,690000,621
10,220,6600000,6601500,1810,3016,6630000,6023
10,221,6630000,6631500,1810,3016,6660000,6053
10,222,6660000,6661500,1810,3016,6690000,6080
10,223,6690000,6691500,1810,3016,6720000,6104
10,224,6720000,6721500,1810,3016,6750000,6132
10,225,6750000,6751500,1810,3016,6780000,6161
10,226,6780000,6781500,1810,3016,6810000,6190
10,227,6810000,6811500,1810,3016,6840000,6213
10,228,6840000,6841500,1810,3016,6870000,6243
10,229,6870000,6871500,1810,3016,6900000,6270
10,23,690000,691500,1810,3016,720000,647
10,230,6900000,6901500,1810,3016,6930000,6297
10,231,6930000,6931500,1810,3016,6960000,6324
10,232,6960000,6961500,1810,3016,6990000,6350
10,233,6990000,6991500,1810,3016,7020000,6380
10,234,7020000,7021500,1810,3016,7050000,6407
10,235,7050000,7051500,1810,3016,7080000,6433
10,236,7080000,7081500,1810,3016,7110000,6460
10,237,7110000,7111500,1810,3016,7140000,6488
10,238,7140000,7141500,1810,3016,7170000,6517
10,239,7170000,7171500,1810,3016,7200000,6540
10,24,720000,721500,1810,3016,750000,674
10,240,7200000,7201500,1810,3016,7230000,6570
10,241,7230000,7231500,1810,3016,7260000,6598
10,242,7260000,7261500,1810,3016,7290000,6626
10,243,7290000,7291500,1810,3016,7320000,6651
10,244,7320000,7321500,1810,3016,7350000,6677
10,245,7350000,7351500,1810,3016,7380000,6707
10,246,7380000,7381500,1810,3016,7410000,6735
10,247,7410000,7411500,1810,3016,7440000,6760
10,248,7440000,7441500,1810,3016,7470000,6787
10,249,7470000,7471500,1810,3016,7500000,6817
10,25,750000,751500,1810,3016,780000,704
10,250,7500000,7501500,1810,3016,7530000,6844
10,251,7530000,7531500,1810,3016,7560000,6868
10,252,7560000,7561500,1810,3016,7590000,6897
10,253,7590000,7591500,1810,3016,7620000,6925
10,254,7620000,7621500,1810,3016,7650000,6953
10,255,7650000,7651500,1810,3016,7680000,6978
10,256,7680000,7681500,1810,3016,7710000,7007
10,257,7710000,7711500,1810,3016,7740000,7034
10,258,7740000,7741500,1810,3016,7770000,7062
10,259,7770000,7771500,1810,3016,7800000,7087
10,26,780000,781500,1810,3016,810000,731
10,260,7800000,7801500,1810,3016,7830000,7114
10,261,7830000,7831500,1810,3016,7860000,7145
10,262,7860000,7861500,1810,3016,7890000,7171
10,263,7890000,7891500,1810,3016,7920000,7197
10,264,7920000,7921500,1810,3016,7950000,7224
10,265,7950000,7951500,1810,3016,7980000,7252
10,266,7980000,7981500,1810,3016,8010000,7281
10,267,8010000,8011500,1810,3016,8040000,7305
10,268,8040000,8041500,1810,3016,8070000,7334
10,269,8070000,8071500,1810,3016,8100000,7361
10,27,810000,811500,1810,3016,840000,755
10,270,8100000,8101500,1810,3016,8130000,7391
10,271,8130000,8131500,1810,3016,8160000,7415
10,272,8160000,8161500,1810,3016,8190000,7441
10,273,8190000,8191500,1810,3016,8220000,7472
10,274,8220000,8221500,1810,3016,8250000,7498
10,275,8250000,8251500,1810,3016,8280000,7524
10,276,8280000,8281500,1810,3016,8310000,7552
10,277,8310000,8311500,1810,3016,8340000,7581
10,278,8340000,8341500,1810,3016,8370000,7608
10,279,8370000,8371500,1810,3016,8400000,7632
10,28,840000,841500,1810,3016,870000,784
10,280,8400000,8401500,1810,3016,8430000,7661
10,281,8430000,8431500,1810,3016,8460000,7689
10,282,8460000,8461500,1810,3016,8490000,7718
10,283,8490000,8491500,1810,3016,8520000,7742
10,284,8520000,8521500,1810,3016,8550000,7770
10,285,8550000,8551500,1810,3016,8580000,7799
10,286,8580000,8581500,1810,3016,8610000,7826
10,287,8610000,8611500,1810,3016,8640000,7851
10,288,8640000,8641500,1810,3016,8670000,7879
10,289,8670000,8671500,1810,3016,8700000,7908
10,29,870000,871500,1810,3016,900000,811
10,290,8700000,8701500,1810,3016,8730000,7935
10,291,8730000,8731500,1810,3016,8760000,7962
10,292,8760000,8761500,1810,3016,8790000,7988
10,293,8790000,8791500,1810,3016,8820000,8016
10,294,8820000,8821500,1810,3016,8850000,8045
10,295,8850000,8851500,1810,3016,8880000,8069
10,296,8880000,8881500,1810,3016,8910000,8098
10,297,8910000,8911500,1810,3016,8940000,8126
10,298,8940000,8941500,1810,3016,8970000,8155
10,299,8970000,8971500,1810,3016,9000000,8178
10,3,90000,91500,1810,3016,120000,101
10,30,900000,901500,1810,3016,930000,841
10,300,9000000,9001500,1810,3016,9030000,8206
10,301,9030000,9031500,1810,3016,9060000,8236
10,302,9060000,9061500,1810,3016,9090000,8262
10,303,9090000,9091500,1810,3016,9120000,8289
10,304,9120000,9121500,1810,3016,9150000,8315
10,305,9150000,9151500,1810,3016,9180000,8345
10,306,9180000,9181500,1810,3016,9210000,8373
10,307,9210000,9211500,1810,3016,9240000,8396
10,308,9240000,9241500,1810,3016,9270000,8425
10,309,9270000,9271500,1810,3016,9300000,8453
10,31,930000,931500,1810,3016,960000,865
10,310,9300000,9301500,1810,3016,9330000,8482
10,311,9330000,9331500,1810,3016,9360000,8506
10,312,9360000,9361500,1810,3016,9390000,8535
10,313,9390000,9391500,1810,3016,9420000,8563
10,314,9420000,9421500,1810,3016,9450000,8589
10,315,9450000,9451500,1810,3016,9480000,8616
10,316,9480000,9481500,1810,3016,9510000,8643
10,317,9510000,9511500,1810,3016,9540000,8672
10,318,9540000,9541500,1810,3016,9570000,8700
10,319,9570000,9571500,1810,3016,9600000,8725
10,32,960000,961500,1810,3016,990000,893
10,320,9600000,9601500,1810,3016,9630000,8752
10,321,9630000,9631500,1810,3016,9660000,8781
10,322,9660000,9661500,1810,3016,9690000,8809
10,323,9690000,9691500,1810,3016,9720000,8833
10,324,9720000,9721500,1810,3016,9750000,8862
10,325,9750000,9751500,1810,3016,9780000,8890
10,326,9780000,9781500,1810,3016,9810000,8919
10,327,9810000,9811500,1810,3016,9840000,8943
10,328,9840000,9841500,1810,3016,9870000,8970
10,329,9870000,9871500,1810,3016,9900000,8999
10,33,990000,991500,1810,3016,1020000,922
10,330,9900000,9901500,1810,3016,9930000,9027
10,331,9930000,9931500,1810,3016,9960000,9053
10,332,9960000,9961500,1810,3016,9990000,9079
10,333,9990000,9991500,1810,3016,10020000,9110
10,334,10020000,10021500,1810,3016,10050000,9136
10,335,10050000,10051500,1810,3016,10080000,9160
10,336,10080000,10081500,1810,3016,10110000,9190
10,337,10110000,10111500,1810,3016,10140000,9217
10,338,10140000,10141500,1810,3016,10170000,9246
10,339,10170000,10171500,1810,3016,10200000,9270
10,34,1020000,1021500,1810,3016,1050000,948
10,340,10200000,10201500,1810,3016,10230000,9299
10,341,10230000,10231500,1810,3016,10260000,9327
10,342,10260000,10261500,1810,3016,10290000,9354
10,343,10290000,10291500,1810,3016,10320000,9380
10,344,10320000,10321500,1810,3016,10350000,9406
10,345,10350000,10351500,1810,3016,10380000,9437
10,346,10380000,10381500,1810,3016,10410000,9464
10,347,10410000,10411500,1810,3016,10440000,9489
10,348,10440000,10441500,1810,3016,10470000,9517
10,349,10470000,10471500,1810,3016,10500000,9544
10,35,1050000,1051500,1810,3016,1080000,974
10,350,10500000,10501500,1810,3016,10530000,9573
10,351,10530000,10531500,1810,3016,10560000,9598
10,352,10560000,10561500,1810,3016,10590000,9626
10,353,10590000,10591500,1810,3016,10620000,9654
10,354,10620000,10621500,1810,3016,10650000,9683
10,355,10650000,10651500,1810,3016,10680000,9707
10,356,10680000,10681500,1810,3016,10710000,9734
10,357,10710000,10711500,1810,3016,10740000,9764
10,358,10740000,10741500,1810,3016,10770000,9791
10,359,10770000,10771500,1810,3016,10800000,9816
10,36,1080000,1081500,1810,3016,1110000,1002
10,360,10800000,10801500,1810,3016,10830000,9844
10,361,10830000,10831500,1810,3016,10860000,9874
10,362,10860000,10861500,1810,3016,10890000,9900
10,363,10890000,10891500,1810,3016,10920000,9925
10,364,10920000,10921500,1810,3016,10950000,9953
10,365,10950000,10951500,1810,3016,10980000,9981
10,366,10980000,10981500,1810,3016,11010000,10011
10,367,11010000,11011500,1810,3016,11040000,10034
10,368,11040000,11041500,1810,3016,11070000,10063
10,369,11070000,11071500,1810,3016,11100000,10091
10,37,1110000,1111500,1810,3016,1140000,1031
10,370,11100000,11101500,1810,3016,11130000,10118
10,371,11130000,11131500,1810,3016,11160000,10144
10,372,11160000,11161500,1810,3016,11190000,10171
10,373,11190000,11191500,1810,3016,11220000,10201
10,374,11220000,11221500,1810,3016,11250000,10227
10,375,11250000,11251500,1810,3016,11280000,10254
10,376,11280000,11281500,1810,3016,11310000,10281
10,377,11310000,11311500,1810,3016,11340000,10308
10,378,11340000,11341500,1810,3016,11370000,10338
10,379,11370000,11371500,1810,3016,11400000,10361
10,38,1140000,1141500,1810,3016,1170000,1058
10,380,11400000,11401500,1810,3016,11430000,10390
10,381,11430000,11431500,1810,3016,11460000,10419
10,382,11460000,11461500,1810,3016,11490000,10447
10,383,11490000,11491500,1810,3016,11520000,10471
10,384,11520000,11521500,1810,3016,11550000,10498
10,385,11550000,11551500,1810,3016,11580000,10528
10,386,11580000,11581500,1810,3016,11610000,10555
10,387,11610000,11611500,1810,3016,11640000,10581
10,388,11640000,11641500,1810,3016,11670000,10608
10,389,11670000,11671500,1810,3016,11700000,10637
10,39,1170000,1171500,1810,3016,1200000,1084
10,390,11700000,11701500,1810,3016,11730000,10665
10,391,11730000,11731500,1810,3016,11760000,10689
10,392,11760000,11761500,1810,3016,11790000,10717
10,393,11790000,11791500,1810,3016,11820000,10746
10,394,11820000,11821500,1810,3016,11850000,10774
10,395,11850000,11851500,1810,3016,11880000,10798
10,396,11880000,11881500,1810,3016,11910000,10828
10,397,11910000,11911500,1810,3016,11940000,10855
10,398,11940000,11941500,1810,3016,11970000,10882
10,399,11970000,11971500,1810,3016,12000000,10908
10,4,120000,121500,1810,3016,150000,129
10,40,1200000,1201500,1810,3016,1230000,1111
10,400,12000000,12001500,1810,3016,12030000,10935
10,401,12030000,12031500,1810,3016,12060000,10965
10,402,12060000,12061500,1810,3016,12090000,10992
10,403,12090000,12091500,1810,3016,12120000,11018
10,404,12120000,12121500,1810,3016,12150000,11044
10,405,12150000,12151500,1810,3016,12180000,11073
10,406,12180000,12181500,1810,3016,12210000,11102
10,407,12210000,12211500,1810,3016,12240000,11125
10,408,12240000,12241500,1810,3016,12270000,11155
10,409,12270000,12271500,1810,3016,12300000,11182
10,41,1230000,1231500,1810,3016,1260000,1139
10,410,12300000,12301500,1810,3016,12330000,11211
10,411,12330000,12331500,1810,3016,12360000,11236
10,412,12360000,12361500,1810,3016,12390000,11262
10,413,12390000,12391500,1810,3016,12420000,11292
10,414,12420000,12421500,1810,3016,12450000,11319
10,415,12450000,12451500,1810,3016,12480000,11345
10,416,12480000,12481500,1810,3016,12510000,11372
10,417,12510000,12511500,1810,3016,12540000,11402
10,418,12540000,12541500,1810,3016,12570000,11429
10,419,12570000,12571500,1810,3016,12600000,11452
10,42,1260000,1261500,1810,3016,1290000,1168
10,43,1290000,1291500,1810,3016,1320000,1192
10,44,1320000,1321500,1810,3016,1350000,1220
10,45,1350000,1351500,1810,3016,1380000,1249
10,46,1380000,1381500,1810,3016,1410000,1278
10,47,1410000,1411500,1810,3016,1440000,1301
10,48,1440000,1441500,1810,3016,1470000,1329
10,49,1470000,1471500,1810,3016,1500000,1358
10,5,150000,151500,1810,3016,180000,157
10,50,1500000,1501500,1810,3016,1530000,1385
10,51,1530000,1531500,1810,3016,1560000,1412
10,52,1560000,1561500,1810,3016,1590000,1438
10,53,1590000,1591500,1810,3016,1620000,1468
10,54,1620000,1621500,1810,3016,1650000,1495
10,55,1650000,1651500,1810,3016,1680000,1519
10,56,1680000,1681500,1810,3016,1710000,1548
10,57,1710000,1711500,1810,3016,1740000,1576
10,58,1740000,1741500,1810,3016,1770000,1605
10,59,1770000,1771500,1810,3016,1800000,1628
10,6,180000,181500,1810,3016,210000,185
10,60,1800000,1801500,1810,3016,1830000,1658
10,61,1830000,1831500,1810,3016,1860000,1686
10,62,1860000,1861500,1810,3016,1890000,1712
10,63,1890000,1891500,1810,3016,1920000,1739
10,64,1920000,1921500,1810,3016,1950000,1765
10,65,1950000,1951500,1810,3016,1980000,1795
10,66,1980000,1981500,1810,3016,2010000,1823
10,67,2010000,2011500,1810,3016,2040000,1848
10,68,2040000,2041500,1810,3016,2070000,1875
10,69,2070000,2071500,1810,3016,2100000,1903
10,7,210000,211500,1810,3016,240000,210
10,70,2100000,2101500,1810,3016,2130000,1932
10,71,2130000,2131500,1810,3016,2160000,1956
10,72,2160000,2161500,1810,3016,2190000,1985
10,73,2190000,2191500,1810,3016,2220000,2013
10,74,2220000,2221500,1810,3016,2250000,2041
10,75,2250000,2251500,1810,3016,2280000,2066
10,76,2280000,2281500,1810,3016,2310000,2093
10,77,2310000,2311500,1810,3016,2340000,2122
10,78,2340000,2341500,1810,3016,2370000,2150
10,79,2370000,2371500,1810,3016,2400000,2175
10,8,240000,241500,1810,3016,270000,237
10,80,2400000,2401500,1810,3016,2430000,2202
10,81,2430000,2431500,1810,3016,2460000,2233
10,82,2460000,2461500,1810,3016,2490000,2259
10,83,2490000,2491500,1810,3016,2520000,2283
10,84,2520000,2521500,1810,3016,2550000,2312
10,85,2550000,2551500,1810,3016,2580000,2340
10,86,2580000,2581500,1810,3016,2610000,2369
10,87,2610000,2611500,1810,3016,2640000,2393
10,88,2640000,2641500,1810,3016,2670000,2422
10,89,2670000,2671500,1810,3016,2700000,2449
10,9,270000,271500,1810,3016,300000,267
10,90,2700000,2701500,1810,3016,2730000,2477
10,91,2730000,2731500,1810,3016,2760000,2503
10,92,2760000,2761500,1810,3016,2790000,2529
10,93,2790000,2791500,1810,3016,2820000,2560
10,94,2820000,2821500,1810,3016,2850000,2586
10,95,2850000,2851500,1810,3016,2880000,2612
10,96,2880000,2881500,1810,3016,2910000,2640
10,97,2910000,2911500,1810,3016,2940000,2667
10,98,2940000,2941500,1810,3016,2970000,2696
10,99,2970000,2971500,1810,3016,3000000,2720
11,0,0,2000,1758,2929,40000,27
11,1,40000,42000,1758,2929,80000,64
11,10,400000,402000,1758,2929,440000,391
11,100,4000000,4002000,1758,2929,4040000,3665
11,101,4040000,4042000,1758,2929,4080000,3705
11,102,4080000,4082000,1758,2929,4120000,3738
11,103,4120000,4122000,1758,2929,4160000,3776
11,104,4160000,4162000,1758,2929,4200000,3812
11,105,4200000,4202000,1758,2929,4240000,3848
11,106,4240000,4242000,1758,2929,4280000,3885
11,107,4280000,4282000,1758,2929,4320000,3922
11,108,4320000,4322000,1758,2929,4360000,3958
11,109,4360000,4362000,1758,2929,4400000,3992
11,11,440000,442000,1758,2929,480000,429
11,110,4400000,4402000,1758,2929,4440000,4032
11,111,4440000,4442000,1758,2929,4480000,4065
11,112,4480000,4482000,1758,2929,4520000,4103
11,113,4520000,4522000,1758,2929,4560000,4142
11,114,4560000,4562000,1758,2929,4600000,4175
11,115,4600000,4602000,1758,2929,4640000,4212
11,116,4640000,4642000,1758,2929,4680000,4249
11,117,4680000,4682000,1758,2929,4720000,4285
11,118,4720000,4722000,1758,2929,4760000,4320
11,119,4760000,4762000,1758,2929,4800000,4359
11,12,480000,482000,1758,2929,520000,464
11,120,4800000,4802000,1758,2929,4840000,4394
11,121,4840000,4842000,1758,2929,4880000,4430
11,122,4880000,4882000,1758,2929,4920000,4469
11,123,4920000,4922000,1758,2929,4960000,4503
11,124,4960000,4962000,1758,2929,5000000,4539
11,125,5000000,5002000,1758,2929,5040000,4576
11,126,5040000,5042000,1758,2929,5080000,4612
11,127,5080000,5082000,1758,2929,5120000,4649
11,128,5120000,5122000,1758,2929,5160000,4687
11,129,5160000,5162000,1758,2929,5200000,4721
11,13,520000,522000,1758,2929,560000,500
11,130,5200000,5202000,1758,2929,5240000,4757
11,131,5240000,5242000,1758,2929,5280000,4796
11,132,5280000,5282000,1758,2929,5320000,4830
11,133,5320000,5322000,1758,2929,5360000,4867
11,134,5360000,5362000,1758,2929,5400000,4905
11,135,5400000,5402000,1758,2929,5440000,4939
11,136,5440000,5442000,1758,2929,5480000,4976
11,137,5480000,5482000,1758,2929,5520000,5014
11,138,5520000,5522000,1758,2929,5560000,5049
11,139,5560000,5562000,1758,2929,5600000,5084
11,14,560000,562000,1758,2929,600000,538
11,140,5600000,5602000,1758,2929,5640000,5123
11,141,5640000,5642000,1758,2929,5680000,5159
11,142,5680000,5682000,1758,2929,5720000,5194
11,143,5720000,5722000,1758,2929,5760000,5233
11,144,5760000,5762000,1758,2929,5800000,5266
11,145,5800000,5802000,1758,2929,5840000,5303
11,146,5840000,5842000,1758,2929,5880000,5341
11,147,5880000,5882000,1758,2929,5920000,5376
11,148,5920000,5922000,1758,2929,5960000,5414
11,149,5960000,5962000,1758,2929,6000000,5450
11,15,600000,602000,1758,2929,640000,574
11,150,6000000,6002000,1758,2929,6040000,5486
11,151,6040000,6042000,1758,2929,6080000,5521
11,152,6080000,6082000,1758,2929,6120000,5560
11,153,6120000,6122000,1758,2929,6160000,5594
11,154,6160000,6162000,1758,2929,6200000,5630
11,155,6200000,6202000,1758,2929,6240000,5670
11,156,6240000,6242000,1758,2929,6280000,5703
11,157,6280000,6282000,1758,2929,6320000,5741
11,158,6320000,6322000,1758,2929,6360000,5778
11,159,6360000,6362000,1758,2929,6400000,5813
11,16,640000,642000,1758,2929,680000,609
11,160,6400000,6402000,1758,2929,6440000,5848
11,161,6440000,6442000,1758,2929,6480000,5887
11,162,6480000,6482000,1758,2929,6520000,5923
11,163,6520000,6522000,1758,2929,6560000,5958
11,164,6560000,6562000,1758,2929,6600000,5997
11,165,6600000,6602000,1758,2929,6640000,6030
11,166,6640000,6642000,1758,2929,6680000,6068
11,167,6680000,6682000,1758,2929,6720000,6105
11,168,6720000,6722000,1758,2929,6760000,6141
11,169,6760000,6762000,1758,2929,6800000,6177
11,17,680000,682000,1758,2929,720000,648
11,170,6800000,6802000,1758,2929,6840000,6214
11,171,6840000,6842000,1758,2929,6880000,6250
11,172,6880000,6882000,1758,2929,6920000,6285
11,173,6920000,6922000,1758,2929,6960000,6325
11,174,6960000,6962000,1758,2929,7000000,6357
11,175,7000000,7002000,1758,2929,7040000,6395
11,176,7040000,7042000,1758,2929,7080000,6434
11,177,7080000,7082000,1758,2929,7120000,6468
11,178,7120000,7122000,1758,2929,7160000,6505
11,179,7160000,7162000,1758,2929,7200000,6541
11,18,720000,722000,1758,2929,760000,682
11,180,7200000,7202000,1758,2929,7240000,6577
11,181,7240000,7242000,1758,2929,7280000,6612
11,182,7280000,7282000,1758,2929,7320000,6652
11,183,7320000,7322000,1758,2929,7360000,6687
11,184,7360000,7362000,1758,2929,7400000,6722
11,185,7400000,7402000,1758,2929,7440000,6761
11,186,7440000,7442000,1758,2929,7480000,6795
11,187,7480000,7482000,1758,2929,7520000,6832
11,188,7520000,7522000,1758,2929,7560000,6869
11,189,7560000,7562000,1758,2929,7600000,6904
11,19,760000,762000,1758,2929,800000,718
11,190,7600000,7602000,1758,2929,7640000,6941
11,191,7640000,7642000,1758,2929,7680000,6979
11,192,7680000,7682000,1758,2929,7720000,7014
11,193,7720000,7722000,1758,2929,7760000,7050
11,194,7760000,7762000,1758,2929,7800000,7088
11,195,7800000,7802000,1758,2929,7840000,7122
11,196,7840000,7842000,1758,2929,7880000,7159
11,197,7880000,7882000,1758,2929,7920000,7198
11,198,7920000,7922000,1758,2929,7960000,7232
11,199,7960000,7962000,1758,2929,8000000,7268
11,2,80000,82000,1758,2929,120000,102
11,20,800000,802000,1758,2929,840000,756
11,200,8000000,8002000,1758,2929,8040000,7306
11,201,8040000,8042000,1758,2929,8080000,7341
11,202,8080000,8082000,1758,2929,8120000,7377
11,203,8120000,8122000,1758,2929,8160000,7416
11,204,8160000,8162000,1758,2929,8200000,7451
11,205,8200000,8202000,1758,2929,8240000,7486
11,206,8240000,8242000,1758,2929,8280000,7525
11,207,8280000,8282000,1758,2929,8320000,7559
11,208,8320000,8322000,1758,2929,8360000,7596
11,209,8360000,8362000,1758,2929,8400000,7633
11,21,840000,842000,1758,2929,880000,791
11,210,8400000,8402000,1758,2929,8440000,7668
11,211,8440000,8442000,1758,2929,8480000,7706
11,212,8480000,8482000,1758,2929,8520000,7743
11,213,8520000,8522000,1758,2929,8560000,7779
11,214,8560000,8562000,1758,2929,8600000,7813
11,215,8600000,8602000,1758,2929,8640000,7852
11,216,8640000,8642000,1758,2929,8680000,7886
11,217,8680000,8682000,1758,2929,8720000,7923
11,218,8720000,8722000,1758,2929,8760000,7963
11,219,8760000,8762000,1758,2929,8800000,7995
11,22,880000,882000,1758,2929,920000,829
11,220,8800000,8802000,1758,2929,8840000,8033
11,221,8840000,8842000,1758,2929,8880000,8070
11,222,8880000,8882000,1758,2929,8920000,8106
11,223,8920000,8922000,1758,2929,8960000,8141
11,224,8960000,8962000,1758,2929,9000000,8179
11,225,9000000,9002000,1758,2929,9040000,8215
11,226,9040000,9042000,1758,2929,9080000,8250
11,227,9080000,9082000,1758,2929,9120000,8290
11,228,9120000,9122000,1758,2929,9160000,8323
11,229,9160000,9162000,1758,2929,9200000,8360
11,23,920000,922000,1758,2929,960000,866
11,230,9200000,9202000,1758,2929,9240000,8397
11,231,9240000,9242000,1758,2929,9280000,8433
11,232,9280000,9282000,1758,2929,9320000,8470
11,233,9320000,9322000,1758,2929,9360000,8507
11,234,9360000,9362000,1758,2929,9400000,8542
11,235,9400000,9402000,1758,2929,9440000,8577
11,236,9440000,9442000,1758,2929,9480000,8617
11,237,9480000,9482000,1758,2929,9520000,8650
11,238,9520000,9522000,1758,2929,9560000,8688
11,239,9560000,9562000,1758,2929,9600000,8726
11,24,960000,962000,1758,2929,1000000,901
11,240,9600000,9602000,1758,2929,9640000,8760
11,241,9640000,9642000,1758,2929,9680000,8797
11,242,9680000,9682000,1758,2929,9720000,8834
11,243,9720000,9722000,1758,2929,9760000,8870
11,244,9760000,9762000,1758,2929,9800000,8904
11,245,9800000,9802000,1758,2929,9840000,8944
11,246,9840000,9842000,1758,2929,9880000,8979
11,247,9880000,9882000,1758,2929,9920000,9015
11,248,9920000,9922000,1758,2929,9960000,9054
11,249,9960000,9962000,1758,2929,10000000,9087
11,25,1000000,1002000,1758,2929,1040000,936
11,250,10000000,10002000,1758,2929,10040000,9124
11,251,10040000,10042000,1758,2929,10080000,9161
11,252,10080000,10082000,1758,2929,10120000,9197
11,253,10120000,10122000,1758,2929,10160000,9234
11,254,10160000,10162000,1758,2929,10200000,9271
11,255,10200000,10202000,1758,2929,10240000,9306
11,256,10240000,10242000,1758,2929,10280000,9342
11,257,10280000,10282000,1758,2929,10320000,9381
11,258,10320000,10322000,1758,2929,10360000,9415
11,259,10360000,10362000,1758,2929,10400000,9451
11,26,1040000,1042000,1758,2929,1080000,975
11,260,10400000,10402000,1758,2929,10440000,9490
11,261,10440000,10442000,1758,2929,10480000,9524
11,262,10480000,10482000,1758,2929,10520000,9561
11,263,10520000,10522000,1758,2929,10560000,9599
11,264,10560000,10562000,1758,2929,10600000,9633
11,265,10600000,10602000,1758,2929,10640000,9669
11,266,10640000,10642000,1758,2929,10680000,9708
11,267,10680000,10682000,1758,2929,10720000,9744
11,268,10720000,10722000,1758,2929,10760000,9779
11,269,10760000,10762000,1758,2929,10800000,9817
11,27,1080000,1082000,1758,2929,1120000,1009
11,270,10800000,10802000,1758,2929,10840000,9851
11,271,10840000,10842000,1758,2929,10880000,9888
11,272,10880000,10882000,1758,2929,10920000,9926
11,273,10920000,10922000,1758,2929,10960000,9961
11,274,10960000,10962000,1758,2929,11000000,9998
11,275,11000000,11002000,1758,2929,11040000,10035
11,276,11040000,11042000,1758,2929,11080000,10071
11,277,11080000,11082000,1758,2929,11120000,10106
11,278,11120000,11122000,1758,2929,11160000,10145
11,279,11160000,11162000,1758,2929,11200000,10178
11,28,1120000,1122000,1758,2929,1160000,1046
11,280,11200000,11202000,1758,2929,11240000,10215
11,281,11240000,11242000,1758,2929,11280000,10255
11,282,11280000,11282000,1758,2929,11320000,10288
11,283,11320000,11322000,1758,2929,11360000,10326
11,284,11360000,11362000,1758,2929,11400000,10362
11,285,11400000,11402000,1758,2929,11440000,10398
11,286,11440000,11442000,1758,2929,11480000,10433
11,287,11480000,11482000,1758,2929,11520000,10472
11,288,11520000,11522000,1758,2929,11560000,10508
11,289,11560000,11562000,1758,2929,11600000,10542
11,29,1160000,1162000,1758,2929,1200000,1085
11,290,11600000,11602000,1758,2929,11640000,10582
11,291,11640000,11642000,1758,2929,11680000,10615
11,292,11680000,11682000,1758,2929,11720000,10653
11,293,11720000,11722000,1758,2929,11760000,10690
11,294,11760000,11762000,1758,2929,11800000,10725
11,295,11800000,11802000,1758,2929,11840000,10762
11,296,11840000,11842000,1758,2929,11880000,10799
11,297,11880000,11882000,1758,2929,11920000,10835
11,298,11920000,11922000,1758,2929,11960000,10870
11,299,11960000,11962000,1758,2929,12000000,10909
11,3,120000,122000,1758,2929,160000,137
11,30,1200000,1202000,1758,2929,1240000,1118
11,300,12000000,12002000,1758,2929,12040000,10942
11,301,12040000,12042000,1758,2929,12080000,10980
11,302,12080000,12082000,1758,2929,12120000,11019
11,303,12120000,12122000,1758,2929,12160000,11053
11,304,12160000,12162000,1758,2929,12200000,11089
11,305,12200000,12202000,1758,2929,12240000,11126
11,306,12240000,12242000,1758,2929,12280000,11162
11,307,12280000,12282000,1758,2929,12320000,11197
11,308,12320000,12322000,1758,2929,12360000,11237
11,309,12360000,12362000,1758,2929,12400000,11271
11,31,1240000,1242000,1758,2929,1280000,1156
11,310,12400000,12402000,1758,2929,12440000,11307
11,311,12440000,12442000,1758,2929,12480000,11346
11,312,12480000,12482000,1758,2929,12520000,11380
11,313,12520000,12522000,1758,2929,12560000,11417
11,314,12560000,12562000,1758,2929,12600000,11453
11,32,1280000,1282000,1758,2929,1320000,1193
11,33,1320000,1322000,1758,2929,1360000,1229
11,34,1360000,1362000,1758,2929,1400000,1263
11,35,1400000,1402000,1758,2929,1440000,1302
11,36,1440000,1442000,1758,2929,1480000,1338
11,37,1480000,1482000,1758,2929,1520000,1373
11,38,1520000,1522000,1758,2929,1560000,1413
11,39,1560000,1562000,1758,2929,1600000,1445
11,4,160000,162000,1758,2929,200000,172
11,40,1600000,1602000,1758,2929,1640000,1483
11,41,1640000,1642000,1758,2929,1680000,1520
11,42,1680000,1682000,1758,2929,1720000,1556
11,43,1720000,1722000,1758,2929,1760000,1593
11,44,1760000,1762000,1758,2929,1800000,1629
11,45,1800000,1802000,1758,2929,1840000,1665
11,46,1840000,1842000,1758,2929,1880000,1700
11,47,1880000,1882000,1758,2929,1920000,1740
11,48,1920000,1922000,1758,2929,1960000,1773
11,49,1960000,1962000,1758,2929,2000000,1810
11,5,200000,202000,1758,2929,240000,211
11,50,2000000,2002000,1758,2929,2040000,1849
11,51,2040000,2042000,1758,2929,2080000,1883
11,52,2080000,2082000,1758,2929,2120000,1920
11,53,2120000,2122000,1758,2929,2160000,1957
11,54,2160000,2162000,1758,2929,2200000,1992
11,55,2200000,2202000,1758,2929,2240000,2027
11,56,2240000,2242000,1758,2929,2280000,2067
11,57,2280000,2282000,1758,2929,2320000,2102
11,58,2320000,2322000,1758,2929,2360000,2138
11,59,2360000,2362000,1758,2929,2400000,2176
11,6,240000,242000,1758,2929,280000,245
11,60,2400000,2402000,1758,2929,2440000,2210
11,61,2440000,2442000,1758,2929,2480000,2247
11,62,2480000,2482000,1758,2929,2520000,2284
11,63,2520000,2522000,1758,2929,2560000,2320
11,64,2560000,2562000,1758,2929,2600000,2356
11,65,2600000,2602000,1758,2929,2640000,2394
11,66,2640000,2642000,1758,2929,2680000,2429
11,67,2680000,2682000,1758,2929,2720000,2465
11,68,2720000,2722000,1758,2929,2760000,2504
11,69,2760000,2762000,1758,2929,2800000,2537
11,7,280000,282000,1758,2929,320000,282
11,70,2800000,2802000,1758,2929,2840000,2574
11,71,2840000,2842000,1758,2929,2880000,2613
11,72,2880000,2882000,1758,2929,2920000,2647
11,73,2920000,2922000,1758,2929,2960000,2684
11,74,2960000,2962000,1758,2929,3000000,2721
11,75,3000000,3002000,1758,2929,3040000,2756
11,76,3040000,3042000,1758,2929,3080000,2792
11,77,3080000,3082000,1758,2929,3120000,2831
11,78,3120000,3122000,1758,2929,3160000,2867
11,79,3160000,3162000,1758,2929,3200000,2901
11,8,320000,322000,1758,2929,360000,321
11,80,3200000,3202000,1758,2929,3240000,2940
11,81,3240000,3242000,1758,2929,3280000,2974
11,82,3280000,3282000,1758,2929,3320000,3011
11,83,3320000,3322000,1758,2929,3360000,3049
11,84,3360000,3362000,1758,2929,3400000,3083
11,85,3400000,3402000,1758,2929,3440000,3121
11,86,3440000,3442000,1758,2929,3480000,3158
11,87,3480000,3482000,1758,2929,3520000,3194
11,88,3520000,3522000,1758,2929,3560000,3229
11,89,3560000,3562000,1758,2929,3600000,3267
11,9,360000,362000,1758,2929,400000,354
11,90,3600000,3602000,1758,2929,3640000,3301
11,91,3640000,3642000,1758,2929,3680000,3338
11,92,3680000,3682000,1758,2929,3720000,3378
11,93,3720000,3722000,1758,2929,3760000,3411
11,94,3760000,3762000,1758,2929,3800000,3448
11,95,3800000,3802000,1758,2929,3840000,3485
11,96,3840000,3842000,1758,2929,3880000,3521
11,97,3880000,3882000,1758,2929,3920000,3556
11,98,3920000,3922000,1758,2929,3960000,3595
11,99,3960000,3962000,1758,2929,4000000,3630
12,0,0,2000,4218,7029,40000,28
12,1,40000,42000,4218,7029,80000,65
12,10,400000,402000,4218,7029,440000,392
12,100,4000000,4002000,4218,7029,4040000,3666
12,101,4040000,4042000,4218,7029,4080000,3706
12,102,4080000,4082000,4218,7029,4120000,3739
12,103,4120000,4122000,4218,7029,4160000,3777
12,104,4160000,4162000,4218,7029,4200000,3813
12,105,4200000,4202000,4218,7029,4240000,3849
12,106,4240000,4242000,4218,7029,4280000,3886
12,107,4280000,4282000,4218,7029,4320000,3923
12,108,4320000,4322000,4218,7029,4360000,3959
12,109,4360000,4362000,4218,7029,4400000,3993
12,11,440000,442000,4218,7029,480000,430
12,110,4400000,4402000,4218,7029,4440000,4033
12,111,4440000,4442000,4218,7029,4480000,4066
12,112,4480000,4482000,4218,7029,4520000,4104
12,113,4520000,4522000,4218,7029,4560000,4143
12,114,4560000,4562000,4218,7029,4600000,4176
12,115,4600000,4602000,4218,7029,4640000,4213
12,116,4640000,4642000,4218,7029,4680000,4250
12,117,4680000,4682000,4218,7029,4720000,4286
12,118,4720000,4722000,4218,7029,4760000,4321
12,119,4760000,4762000,4218,7029,4800000,4360
12,12,480000,482000,4218,7029,520000,465
12,120,4800000,4802000,4218,7029,4840000,4395
12,121,4840000,4842000,4218,7029,4880000,4431
12,122,4880000,4882000,4218,7029,4920000,4470
12,123,4920000,4922000,4218,7029,4960000,4504
12,124,4960000,4962000,4218,7029,5000000,4540
12,125,5000000,5002000,4218,7029,5040000,4577
12,126,5040000,5042000,4218,7029,5080000,4613
12,127,5080000,5082000,4218,7029,5120000,4650
12,128,5120000,5122000,4218,7029,5160000,4688
12,129,5160000,5162000,4218,7029,5200000,4722
12,13,520000,522000,4218,7029,560000,501
12,130,5200000,5202000,4218,7029,5240000,4758
12,131,5240000,5242000,4218,7029,5280000,4797
12,132,5280000,5282000,4218,7029,5320000,4831
12,133,5320000,5322000,4218,7029,5360000,4868
12,134,5360000,5362000,4218,7029,5400000,4906
12,135,5400000,5402000,4218,7029,5440000,4940
12,136,5440000,5442000,4218,7029,5480000,4977
12,137,5480000,5482000,4218,7029,5520000,5015
12,138,5520000,5522000,4218,7029,5560000,5050
12,139,5560000,5562000,4218,7029,5600000,5085
12,14,560000,562000,4218,7029,600000,539
12,140,5600000,5602000,4218,7029,5640000,5124
12,141,5640000,5642000,4218,7029,5680000,5160
12,142,5680000,5682000,4218,7029,5720000,5195
12,143,5720000,5722000,4218,7029,5760000,5234
12,144,5760000,5762000,4218,7029,5800000,5267
12,145,5800000,5802000,4218,7029,5840000,5304
12,146,5840000,5842000,4218,7029,5880000,5342
12,147,5880000,5882000,4218,7029,5920000,5377
12,148,5920000,5922000,4218,7029,5960000,5415
12,149,5960000,5962000,4218,7029,6000000,5451
12,15,600000,602000,4218,7029,640000,575
12,150,6000000,6002000,4218,7029,6040000,5487
12,151,6040000,6042000,4218,7029,6080000,5522
12,152,6080000,6082000,4218,7029,6120000,5561
12,153,6120000,6122000,4218,7029,6160000,5595
12,154,6160000,6162000,4218,7029,6200000,5631
12,155,6200000,6202000,4218,7029,6240000,5671
12,156,6240000,6242000,4218,7029,6280000,5704
12,157,6280000,6282000,4218,7029,6320000,5742
12,158,6320000,6322000,4218,7029,6360000,5779
12,159,6360000,6362000,4218,7029,6400000,5814
12,16,640000,642000,4218,7029,680000,610
12,160,6400000,6402000,4218,7029,6440000,5849
12,161,6440000,6442000,4218,7029,6480000,5888
12,162,6480000,6482000,4218,7029,6520000,5924
12,163,6520000,6522000,4218,7029,6560000,5959
12,164,6560000,6562000,4218,7029,6600000,5998
12,165,6600000,6602000,4218,7029,6640000,6031
12,166,6640000,6642000,4218,7029,6680000,6069
12,167,6680000,6682000,4218,7029,6720000,6106
12,168,6720000,6722000,4218,7029,6760000,6142
12,169,6760000,6762000,4218,7029,6800000,6178
12,17,680000,682000,4218,7029,720000,649
12,170,6800000,6802000,4218,7029,6840000,6215
12,171,6840000,6842000,4218,7029,6880000,6251
12,172,6880000,6882000,4218,7029,6920000,6286
12,173,6920000,6922000,4218,7029,6960000,6326
12,174,6960000,6962000,4218,7029,7000000,6358
12,175,7000000,7002000,4218,7029,7040000,6396
12,176,7040000,7042000,4218,7029,7080000,6435
12,177,7080000,7082000,4218,7029,7120000,6469
12,178,7120000,7122000,4218,7029,7160000,6506
12,179,7160000,7162000,4218,7029,7200000,6542
12,18,720000,722000,4218,7029,760000,683
12,180,7200000,7202000,4218,7029,7240000,6578
12,181,7240000,7242000,4218,7029,7280000,6613
12,182,7280000,7282000,4218,7029,7320000,6653
12,183,7320000,7322000,4218,7029,7360000,6688
12,184,7360000,7362000,4218,7029,7400000,6723
12,185,7400000,7402000,4218,7029,7440000,6762
12,186,7440000,7442000,4218,7029,7480000,6796
12,187,7480000,7482000,4218,7029,7520000,6833
12,188,7520000,7522000,4218,7029,7560000,6870
12,189,7560000,7562000,4218,7029,7600000,6905
12,19,760000,762000,4218,7029,800000,719
12,190,7600000,7602000,4218,7029,7640000,6942
12,191,7640000,7642000,4218,7029,7680000,6980
12,192,7680000,7682000,4218,7029,7720000,7015
12,193,7720000,7722000,4218,7029,7760000,7051
12,194,7760000,7762000,4218,7029,7800000,7089
12,195,7800000,7802000,4218,7029,7840000,7123
12,196,7840000,7842000,4218,7029,7880000,7160
12,197,7880000,7882000,4218,7029,7920000,7199
12,198,7920000,7922000,4218,7029,7960000,7233
12,199,7960000,7962000,4218,7029,8000000,7269
12,2,80000,82000,4218,7029,120000,103
12,20,800000,802000,4218,7029,840000,757
12,200,8000000,8002000,4218,7029,8040000,7307
12,201,8040000,8042000,4218,7029,8080000,7342
12,202,8080000,8082000,4218,7029,8120000,7378
12,203,8120000,8122000,4218,7029,8160000,7417
12,204,8160000,8162000,4218,7029,8200000,7452
12,205,8200000,8202000,4218,7029,8240000,7487
12,206,8240000,8242000,4218,7029,8280000,7526
12,207,8280000,8282000,4218,7029,8320000,7560
12,208,8320000,8322000,4218,7029,8360000,7597
12,209,8360000,8362000,4218,7029,8400000,7634
12,21,840000,842000,4218,7029,880000,792
12,210,8400000,8402000,4218,7029,8440000,7669
12,211,8440000,8442000,4218,7029,8480000,7707
12,212,8480000,8482000,4218,7029,8520000,7744
12,213,8520000,8522000,4218,7029,8560000,7780
12,214,8560000,8562000,4218,7029,8600000,7814
12,215,8600000,8602000,4218,7029,8640000,7853
12,216,8640000,8642000,4218,7029,8680000,7887
12,217,8680000,8682000,4218,7029,8720000,7924
12,218,8720000,8722000,4218,7029,8760000,7964
12,219,8760000,8762000,4218,7029,8800000,7996
12,22,880000,882000,4218,7029,920000,830
12,220,8800000,8802000,4218,7029,8840000,8034
12,221,8840000,8842000,4218,7029,8880000,8071
12,222,8880000,8882000,4218,7029,8920000,8107
12,223,8920000,8922000,4218,7029,8960000,8142
12,224,8960000,8962000,4218,7029,9000000,8180
12,225,9000000,9002000,4218,7029,9040000,8216
12,226,9040000,9042000,4218,7029,9080000,8251
12,227,9080000,9082000,4218,7029,9120000,8291
12,228,9120000,9122000,4218,7029,9160000,8324
12,229,9160000,9162000,4218,7029,9200000,8361
12,23,920000,922000,4218,7029,960000,867
12,230,9200000,9202000,4218,7029,9240000,8398
12,231,9240000,9242000,4218,7029,9280000,8434
12,232,9280000,9282000,4218,7029,9320000,8471
12,233,9320000,9322000,4218,7029,9360000,8508
12,234,9360000,9362000,4218,7029,9400000,8543
12,235,9400000,9402000,4218,7029,9440000,8578
12,236,9440000,9442000,4218,7029,9480000,8618
12,237,9480000,9482000,4218,7029,9520000,8651
12,238,9520000,9522000,4218,7029,9560000,8689
12,239,9560000,9562000,4218,7029,9600000,8727
12,24,960000,962000,4218,7029,1000000,902
12,240,9600000,9602000,4218,7029,9640000,8761
12,241,9640000,9642000,4218,7029,9680000,8798
12,242,9680000,9682000,4218,7029,9720000,8835
12,243,9720000,9722000,4218,7029,9760000,8871
12,244,9760000,9762000,4218,7029,9800000,8905
12,245,9800000,9802000,4218,7029,9840000,8945
12,246,9840000,9842000,4218,7029,9880000,8980
12,247,9880000,9882000,4218,7029,9920000,9016
12,248,9920000,9922000,4218,7029,9960000,9055
12,249,9960000,9962000,4218,7029,10000000,9088
12,25,1000000,1002000,4218,7029,1040000,937
12,250,10000000,10002000,4218,7029,10040000,9125
12,251,10040000,10042000,4218,7029,10080000,9162
12,252,10080000,10082000,4218,7029,10120000,9198
12,253,10120000,10122000,4218,7029,10160000,9235
12,254,10160000,10162000,4218,7029,10200000,9272
12,255,10200000,10202000,4218,7029,10240000,9307
12,256,10240000,10242000,4218,7029,10280000,9343
12,257,10280000,10282000,4218,7029,10320000,9382
12,258,10320000,10322000,4218,7029,10360000,9416
12,259,10360000,10362000,4218,7029,10400000,9452
12,26,1040000,1042000,4218,7029,1080000,976
12,260,10400000,10402000,4218,7029,10440000,9491
12,261,10440000,10442000,4218,7029,10480000,9525
12,262,10480000,10482000,4218,7029,10520000,9562
12,263,10520000,10522000,4218,7029,10560000,9600
12,264,10560000,10562000,4218,7029,10600000,9634
12,265,10600000,10602000,4218,7029,10640000,9670
12,266,10640000,10642000,4218,7029,10680000,9709
12,267,10680000,10682000,4218,7029,10720000,9745
12,268,10720000,10722000,4218,7029,10760000,9780
12,269,10760000,10762000,4218,7029,10800000,9818
12,27,1080000,1082000,4218,7029,1120000,1010
12,270,10800000,10802000,4218,7029,10840000,9852
12,271,10840000,10842000,4218,7029,10880000,9889
12,272,10880000,10882000,4218,7029,10920000,9927
12,273,10920000,10922000,4218,7029,10960000,9962
12,274,10960000,10962000,4218,7029,11000000,9999
12,275,11000000,11002000,4218,7029,11040000,10036
12,276,11040000,11042000,4218,7029,11080000,10072
12,277,11080000,11082000,4218,7029,11120000,10107
12,278,11120000,11122000,4218,7029,11160000,10146
12,279,11160000,11162000,4218,7029,11200000,10179
12,28,1120000,1122000,4218,7029,1160000,1047
12,280,11200000,11202000,4218,7029,11240000,10216
12,281,11240000,11242000,4218,7029,11280000,10256
12,282,11280000,11282000,4218,7029,11320000,10289
12,283,11320000,11322000,4218,7029,11360000,10327
12,284,11360000,11362000,4218,7029,11400000,10363
12,285,11400000,11402000,4218,7029,11440000,10399
12,286,11440000,11442000,4218,7029,11480000,10434
12,287,11480000,11482000,4218,7029,11520000,10473
12,288,11520000,11522000,4218,7029,11560000,10509
12,289,11560000,11562000,4218,7029,11600000,10543
12,29,1160000,1162000,4218,7029,1200000,1086
12,290,11600000,11602000,4218,7029,11640000,10583
12,291,11640000,11642000,4218,7029,11680000,10616
12,292,11680000,11682000,4218,7029,11720000,10654
12,293,11720000,11722000,4218,7029,11760000,10691
12,294,11760000,11762000,4218,7029,11800000,10726
12,295,11800000,11802000,4218,7029,11840000,10763
12,296,11840000,11842000,4218,7029,11880000,10800
12,297,11880000,11882000,4218,7029,11920000,10836
12,298,11920000,11922000,4218,7029,11960000,10871
12,299,11960000,11962000,4218,7029,12000000,10910
12,3,120000,122000,4218,7029,160000,138
12,30,1200000,1202000,4218,7029,1240000,1119
12,300,12000000,12002000,4218,7029,12040000,10943
12,301,12040000,12042000,4218,7029,12080000,10981
12,302,12080000,12082000,4218,7029,12120000,11020
12,303,12120000,12122000,4218,7029,12160000,11054
12,304,12160000,12162000,4218,7029,12200000,11090
12,305,12200000,12202000,4218,7029,12240000,11127
12,306,12240000,12242000,4218,7029,12280000,11163
12,307,12280000,12282000,4218,7029,12320000,11198
12,308,12320000,12322000,4218,7029,12360000,11238
12,309,12360000,12362000,4218,7029,12400000,11272
12,31,1240000,1242000,4218,7029,1280000,1157
12,310,12400000,12402000,4218,7029,12440000,11308
12,311,12440000,12442000,4218,7029,12480000,11347
12,312,12480000,12482000,4218,7029,12520000,11381
12,313,12520000,12522000,4218,7029,12560000,11418
12,314,12560000,12562000,4218,7029,12600000,11454
12,32,1280000,1282000,4218,7029,1320000,1194
12,33,1320000,1322000,4218,7029,1360000,1230
12,34,1360000,1362000,4218,7029,1400000,1264
12,35,1400000,1402000,4218,7029,1440000,1303
12,36,1440000,1442000,4218,7029,1480000,1339
12,37,1480000,1482000,4218,7029,1520000,1374
12,38,1520000,1522000,4218,7029,1560000,1414
12,39,1560000,1562000,4218,7029,1600000,1446
12,4,160000,162000,4218,7029,200000,173
12,40,1600000,1602000,4218,7029,1640000,1484
12,41,1640000,1642000,4218,7029,1680000,1521
12,42,1680000,1682000,4218,7029,1720000,1557
12,43,1720000,1722000,4218,7029,1760000,1594
12,44,1760000,1762000,4218,7029,1800000,1630
12,45,1800000,1802000,4218,7029,1840000,1666
12,46,1840000,1842000,4218,7029,1880000,1701
12,47,1880000,1882000,4218,7029,1920000,1741
12,48,1920000,1922000,4218,7029,1960000,1774
12,49,1960000,1962000,4218,7029,2000000,1811
12,5,200000,202000,4218,7029,240000,212
12,50,2000000,2002000,4218,7029,2040000,1850
12,51,2040000,2042000,4218,7029,2080000,1884
12,52,2080000,2082000,4218,7029,2120000,1921
12,53,2120000,2122000,4218,7029,2160000,1958
12,54,2160000,2162000,4218,7029,2200000,1993
12,55,2200000,2202000,4218,7029,2240000,2028
12,56,2240000,2242000,4218,7029,2280000,2068
12,57,2280000,2282000,4218,7029,2320000,2103
12,58,2320000,2322000,4218,7029,2360000,2139
12,59,2360000,2362000,4218,7029,2400000,2177
12,6,240000,242000,4218,7029,280000,246
12,60,2400000,2402000,4218,7029,2440000,2211
12,61,2440000,2442000,4218,7029,2480000,2248
12,62,2480000,2482000,4218,7029,2520000,2285
12,63,2520000,2522000,4218,7029,2560000,2321
12,64,2560000,2562000,4218,7029,2600000,2357
12,65,2600000,2602000,4218,7029,2640000,2395
12,66,2640000,2642000,4218,7029,2680000,2430
12,67,2680000,2682000,4218,7029,2720000,2466
12,68,2720000,2722000,4218,7029,2760000,2505
12,69,2760000,2762000,4218,7029,2800000,2538
12,7,280000,282000,4218,7029,320000,283
12,70,2800000,2802000,4218,7029,2840000,2575
12,71,2840000,2842000,4218,7029,2880000,2614
12,72,2880000,2882000,4218,7029,2920000,2648
12,73,2920000,2922000,4218,7029,2960000,2685
12,74,2960000,2962000,4218,7029,3000000,2722
12,75,3000000,3002000,4218,7029,3040000,2757
12,76,3040000,3042000,4218,7029,3080000,2793
12,77,3080000,3082000,4218,7029,3120000,2832
12,78,3120000,3122000,4218,7029,3160000,2868
12,79,3160000,3162000,4218,7029,3200000,2902
12,8,320000,322000,4218,7029,360000,322
12,80,3200000,3202000,4218,7029,3240000,2941
12,81,3240000,3242000,4218,7029,3280000,2975
12,82,3280000,3282000,4218,7029,3320000,3012
12,83,3320000,3322000,4218,7029,3360000,3050
12,84,3360000,3362000,4218,7029,3400000,3084
12,85,3400000,3402000,4218,7029,3440000,3122
12,86,3440000,3442000,4218,7029,3480000,3159
12,87,3480000,3482000,4218,7029,3520000,3195
12,88,3520000,3522000,4218,7029,3560000,3230
12,89,3560000,3562000,4218,7029,3600000,3268
12,9,360000,362000,4218,7029,400000,355
12,90,3600000,3602000,4218,7029,3640000,3302
12,91,3640000,3642000,4218,7029,3680000,3339
12,92,3680000,3682000,4218,7029,3720000,3379
12,93,3720000,3722000,4218,7029,3760000,3412
12,94,3760000,3762000,4218,7029,3800000,3449
12,95,3800000,3802000,4218,7029,3840000,3486
12,96,3840000,3842000,4218,7029,3880000,3522
12,97,3880000,3882000,4218,7029,3920000,3557
12,98,3920000,3922000,4218,7029,3960000,3596
12,99,3960000,3962000,4218,7029,4000000,3631
13,0,0,2000,8161,13601,40000,29
13,1,40000,42000,8161,13601,80000,66
13,10,400000,402000,8161,13601,440000,393
13,100,4000000,4002000,8161,13601,4040000,3667
13,101,4040000,4042000,8161,13601,4080000,3707
13,102,4080000,4082000,8161,13601,4120000,3740
13,103,4120000,4122000,8161,13601,4160000,3778
13,104,4160000,4162000,8161,13601,4200000,3814
13,105,4200000,4202000,8161,13601,4240000,3850
13,106,4240000,4242000,8161,13601,4280000,3887
13,107,4280000,4282000,8161,13601,4320000,3924
13,108,4320000,4322000,8161,13601,4360000,3960
13,109,4360000,4362000,8161,13601,4400000,3994
13,11,440000,442000,8161,13601,480000,431
13,110,4400000,4402000,8161,13601,4440000,4034
13,111,4440000,4442000,8161,13601,4480000,4067
13,112,4480000,4482000,8161,13601,4520000,4105
13,113,4520000,4522000,8161,13601,4560000,4144
13,114,4560000,4562000,8161,13601,4600000,4177
13,115,4600000,4602000,8161,13601,4640000,4214
13,116,4640000,4642000,8161,13601,4680000,4251
13,117,4680000,4682000,8161,13601,4720000,4287
13,118,4720000,4722000,8161,13601,4760000,4322
13,119,4760000,4762000,8161,13601,4800000,4361
13,12,480000,482000,8161,13601,520000,466
13,120,4800000,4802000,8161,13601,4840000,4396
13,121,4840000,4842000,8161,13601,4880000,4432
13,122,4880000,4882000,8161,13601,4920000,4471
13,123,4920000,4922000,8161,13601,4960000,4505
13,124,4960000,4962000,8161,13601,5000000,4541
13,125,5000000,5002000,8161,13601,5040000,4578
13,126,5040000,5042000,8161,13601,5080000,4614
13,127,5080000,5082000,8161,13601,5120000,4651
13,128,5120000,5122000,8161,13601,5160000,4689
13,129,5160000,5162000,8161,13601,5200000,4723
13,13,520000,522000,8161,13601,560000,502
13,130,5200000,5202000,8161,13601,5240000,4759
13,131,5240000,5242000,8161,13601,5280000,4798
13,132,5280000,5282000,8161,13601,5320000,4832
13,133,5320000,5322000,8161,13601,5360000,4869
13,134,5360000,5362000,8161,13601,5400000,4907
13,135,5400000,5402000,8161,13601,5440000,4941
13,136,5440000,5442000,8161,13601,5480000,4978
13,137,5480000,5482000,8161,13601,5520000,5016
13,138,5520000,5522000,8161,13601,5560000,5051
13,139,5560000,5562000,8161,13601,5600000,5086
13,14,560000,562000,8161,13601,600000,540
13,140,5600000,5602000,8161,13601,5640000,5125
13,141,5640000,5642000,8161,13601,5680000,5161
13,142,5680000,5682000,8161,13601,5720000,5196
13,143,5720000,5722000,8161,13601,5760000,5235
13,144,5760000,5762000,8161,13601,5800000,5268
13,145,5800000,5802000,8161,13601,5840000,5305
13,146,5840000,5842000,8161,13601,5880000,5343
13,147,5880000,5882000,8161,13601,5920000,5378
13,148,5920000,5922000,8161,13601,5960000,5416
13,149,5960000,5962000,8161,13601,6000000,5452
13,15,600000,602000,8161,13601,640000,576
13,150,6000000,6002000,8161,13601,6040000,5488
13,151,6040000,6042000,8161,13601,6080000,5523
13,152,6080000,6082000,8161,13601,6120000,5562
13,153,6120000,6122000,8161,13601,6160000,5596
13,154,6160000,6162000,8161,13601,6200000,5632
13,155,6200000,6202000,8161,13601,6240000,5672
13,156,6240000,6242000,8161,13601,6280000,5705
13,157,6280000,6282000,8161,13601,6320000,5743
13,158,6320000,6322000,8161,13601,6360000,5780
13,159,6360000,6362000,8161,13601,6400000,5815
13,16,640000,642000,8161,13601,680000,611
13,160,6400000,6402000,8161,13601,6440000,5850
13,161,6440000,6442000,8161,13601,6480000,5889
13,162,6480000,6482000,8161,13601,6520000,5925
13,163,6520000,6522000,8161,13601,6560000,5960
13,164,6560000,6562000,8161,13601,6600000,5999
13,165,6600000,6602000,8161,13601,6640000,6032
13,166,6640000,6642000,8161,13601,6680000,6070
13,167,6680000,6682000,8161,13601,6720000,6107
13,168,6720000,6722000,8161,13601,6760000,6143
13,169,6760000,6762000,8161,13601,6800000,6179
13,17,680000,682000,8161,13601,720000,650
13,170,6800000,6802000,8161,13601,6840000,6216
13,171,6840000,6842000,8161,13601,6880000,6252
13,172,6880000,6882000,8161,13601,6920000,6287
13,173,6920000,6922000,8161,13601,6960000,6327
13,174,6960000,6962000,8161,13601,7000000,6359
13,175,7000000,7002000,8161,13601,7040000,6397
13,176,7040000,7042000,8161,13601,7080000,6436
13,177,7080000,7082000,8161,13601,7120000,6470
13,178,7120000,7122000,8161,13601,7160000,6507
13,179,7160000,7162000,8161,13601,7200000,6543
13,18,720000,722000,8161,13601,760000,684
13,180,7200000,7202000,8161,13601,7240000,6579
13,181,7240000,7242000,8161,13601,7280000,6614
13,182,7280000,7282000,8161,13601,7320000,6654
13,183,7320000,7322000,8161,13601,7360000,6689
13,184,7360000,7362000,8161,13601,7400000,6724
13,185,7400000,7402000,8161,13601,7440000,6763
13,186,7440000,7442000,8161,13601,7480000,6797
13,187,7480000,7482000,8161,13601,7520000,6834
13,188,7520000,7522000,8161,13601,7560000,6871
13,189,7560000,7562000,8161,13601,7600000,6906
13,19,760000,762000,8161,13601,800000,720
13,190,7600000,7602000,8161,13601,7640000,6943
13,191,7640000,7642000,8161,13601,7680000,6981
13,192,7680000,7682000,8161,13601,7720000,7016
13,193,7720000,7722000,8161,13601,7760000,7052
13,194,7760000,7762000,8161,13601,7800000,7090
13,195,7800000,7802000,8161,13601,7840000,7124
13,196,7840000,7842000,8161,13601,7880000,7161
13,197,7880000,7882000,8161,13601,7920000,7200
13,198,7920000,7922000,8161,13601,7960000,7234
13,199,7960000,7962000,8161,13601,8000000,7270
13,2,80000,82000,8161,13601,120000,104
13,20,800000,802000,8161,13601,840000,758
13,200,8000000,8002000,8161,13601,8040000,7308
13,201,8040000,8042000,8161,13601,8080000,7343
13,202,8080000,8082000,8161,13601,8120000,7379
13,203,8120000,8122000,8161,13601,8160000,7418
13,204,8160000,8162000,8161,13601,8200000,7453
13,205,8200000,8202000,8161,13601,8240000,7488
13,206,8240000,8242000,8161,13601,8280000,7527
13,207,8280000,8282000,8161,13601,8320000,7561
13,208,8320000,8322000,8161,13601,8360000,7598
13,209,8360000,8362000,8161,13601,8400000,7635
13,21,840000,842000,8161,13601,880000,793
13,210,8400000,8402000,8161,13601,8440000,7670
13,211,8440000,8442000,8161,13601,8480000,7708
13,212,8480000,8482000,8161,13601,8520000,7745
13,213,8520000,8522000,8161,13601,8560000,7781
13,214,8560000,8562000,8161,13601,8600000,7815
13,215,8600000,8602000,8161,13601,8640000,7854
13,216,8640000,8642000,8161,13601,8680000,7888
13,217,8680000,8682000,8161,13601,8720000,7925
13,218,8720000,8722000,8161,13601,8760000,7965
13,219,8760000,8762000,8161,13601,8800000,7997
13,22,880000,882000,8161,13601,920000,831
13,220,8800000,8802000,8161,13601,8840000,8035
13,221,8840000,8842000,8161,13601,8880000,8072
13,222,8880000,8882000,8161,13601,8920000,8108
13,223,8920000,8922000,8161,13601,8960000,8143
13,224,8960000,8962000,8161,13601,9000000,8181
13,225,9000000,9002000,8161,13601,9040000,8217
13,226,9040000,9042000,8161,13601,9080000,8252
13,227,9080000,9082000,8161,13601,9120000,8292
13,228,9120000,9122000,8161,13601,9160000,8325
13,229,9160000,9162000,8161,13601,9200000,8362
13,23,920000,922000,8161,13601,960000,868
13,230,9200000,9202000,8161,13601,9240000,8399
13,231,9240000,9242000,8161,13601,9280000,8435
13,232,9280000,9282000,8161,13601,9320000,8472
13,233,9320000,9322000,8161,13601,9360000,8509
13,234,9360000,9362000,8161,13601,9400000,8544
13,235,9400000,9402000,8161,13601,9440000,8579
13,236,9440000,9442000,8161,13601,9480000,8619
13,237,9480000,9482000,8161,13601,9520000,8652
13,238,9520000,9522000,8161,13601,9560000,8690
13,239,9560000,9562000,8161,13601,9600000,8728
13,24,960000,962000,8161,13601,1000000,903
13,240,9600000,9602000,8161,13601,9640000,8762
13,241,9640000,9642000,8161,13601,9680000,8799
13,242,9680000,9682000,8161,13601,9720000,8836
13,243,9720000,9722000,8161,13601,9760000,8872
13,244,9760000,9762000,8161,13601,9800000,8906
13,245,9800000,9802000,8161,13601,9840000,8946
13,246,9840000,9842000,8161,13601,9880000,8981
13,247,9880000,9882000,8161,13601,9920000,9017
13,248,9920000,9922000,8161,13601,9960000,9056
13,249,9960000,9962000,8161,13601,10000000,9089
13,25,1000000,1002000,8161,13601,1040000,938
13,250,10000000,10002000,8161,13601,10040000,9126
13,251,10040000,10042000,8161,13601,10080000,9163
13,252,10080000,10082000,8161,13601,10120000,9199
13,253,10120000,10122000,8161,13601,10160000,9236
13,254,10160000,10162000,8161,13601,10200000,9273
13,255,10200000,10202000,8161,13601,10240000,9308
13,256,10240000,10242000,8161,13601,10280000,9344
13,257,10280000,10282000,8161,13601,10320000,9383
13,258,10320000,10322000,8161,13601,10360000,9417
13,259,10360000,10362000,8161,13601,10400000,9453
13,26,1040000,1042000,8161,13601,1080000,977
13,260,10400000,10402000,8161,13601,10440000,9492
13,261,10440000,10442000,8161,13601,10480000,9526
13,262,10480000,10482000,8161,13601,10520000,9563
13,263,10520000,10522000,8161,13601,10560000,9601
13,264,10560000,10562000,8161,13601,10600000,9635
13,265,10600000,10602000,8161,13601,10640000,9671
13,266,10640000,10642000,8161,13601,10680000,9710
13,267,10680000,10682000,8161,13601,10720000,9746
13,268,10720000,10722000,8161,13601,10760000,9781
13,269,10760000,10762000,8161,13601,10800000,9819
13,27,1080000,1082000,8161,13601,1120000,1011
13,270,10800000,10802000,8161,13601,10840000,9853
13,271,10840000,10842000,8161,13601,10880000,9890
13,272,10880000,10882000,8161,13601,10920000,9928
13,273,10920000,10922000,8161,13601,10960000,9963
13,274,10960000,10962000,8161,13601,11000000,10000
13,275,11000000,11002000,8161,13601,11040000,10037
13,276,11040000,11042000,8161,13601,11080000,10073
13,277,11080000,11082000,8161,13601,11120000,10108
13,278,11120000,11122000,8161,13601,11160000,10147
13,279,11160000,11162000,8161,13601,11200000,10180
13,28,1120000,1122000,8161,13601,1160000,1048
13,280,11200000,11202000,8161,13601,11240000,10217
13,281,11240000,11242000,8161,13601,11280000,10257
13,282,11280000,11282000,8161,13601,11320000,10290
13,283,11320000,11322000,8161,13601,11360000,10328
13,284,11360000,11362000,8161,13601,11400000,10364
13,285,11400000,11402000,8161,13601,11440000,10400
13,286,11440000,11442000,8161,13601,11480000,10435
13,287,11480000,11482000,8161,13601,11520000,10474
13,288,11520000,11522000,8161,13601,11560000,10510
13,289,11560000,11562000,8161,13601,11600000,10544
13,29,1160000,1162000,8161,13601,1200000,1087
13,290,11600000,11602000,8161,13601,11640000,10584
13,291,11640000,11642000,8161,13601,11680000,10617
13,292,11680000,11682000,8161,13601,11720000,10655
13,293,11720000,11722000,8161,13601,11760000,10692
13,294,11760000,11762000,8161,13601,11800000,10727
13,295,11800000,11802000,8161,13601,11840000,10764
13,296,11840000,11842000,8161,13601,11880000,10801
13,297,11880000,11882000,8161,13601,11920000,10837
13,298,11920000,11922000,8161,13601,11960000,10872
13,299,11960000,11962000,8161,13601,12000000,10911
13,3,120000,122000,8161,13601,160000,139
13,30,1200000,1202000,8161,13601,1240000,1120
13,300,12000000,12002000,8161,13601,12040000,10944
13,301,12040000,12042000,8161,13601,12080000,10982
13,302,12080000,12082000,8161,13601,12120000,11021
13,303,12120000,12122000,8161,13601,12160000,11055
13,304,12160000,12162000,8161,13601,12200000,11091
13,305,12200000,12202000,8161,13601,12240000,11128
13,306,12240000,12242000,8161,13601,12280000,11164
13,307,12280000,12282000,8161,13601,12320000,11199
13,308,12320000,12322000,8161,13601,12360000,11239
13,309,12360000,12362000,8161,13601,12400000,11273
13,31,1240000,1242000,8161,13601,1280000,1158
13,310,12400000,12402000,8161,13601,12440000,11309
13,311,12440000,12442000,8161,13601,12480000,11348
13,312,12480000,12482000,8161,13601,12520000,11382
13,313,12520000,12522000,8161,13601,12560000,11419
13,314,12560000,12562000,8161,13601,12600000,11455
13,32,1280000,1282000,8161,13601,1320000,1195
13,33,1320000,1322000,8161,13601,1360000,1231
13,34,1360000,1362000,8161,13601,1400000,1265
13,35,1400000,1402000,8161,13601,1440000,1304
13,36,1440000,1442000,8161,13601,1480000,1340
13,37,1480000,1482000,8161,13601,1520000,1375
13,38,1520000,1522000,8161,13601,1560000,1415
13,39,1560000,1562000,8161,13601,1600000,1447
13,4,160000,162000,8161,13601,200000,174
13,40,1600000,1602000,8161,13601,1640000,1485
13,41,1640000,1642000,8161,13601,1680000,1522
13,42,1680000,1682000,8161,13601,1720000,1558
13,43,1720000,1722000,8161,13601,1760000,1595
13,44,1760000,1762000,8161,13601,1800000,1631
13,45,1800000,1802000,8161,13601,1840000,1667
13,46,1840000,1842000,8161,13601,1880000,1702
13,47,1880000,1882000,8161,13601,1920000,1742
13,48,1920000,1922000,8161,13601,1960000,1775
13,49,1960000,1962000,8161,13601,2000000,1812
13,5,200000,202000,8161,13601,240000,213
13,50,2000000,2002000,8161,13601,2040000,1851
13,51,2040000,2042000,8161,13601,2080000,1885
13,52,2080000,2082000,8161,13601,2120000,1922
13,53,2120000,2122000,8161,13601,2160000,1959
13,54,2160000,2162000,8161,13601,2200000,1994
13,55,2200000,2202000,8161,13601,2240000,2029
13,56,2240000,2242000,8161,13601,2280000,2069
13,57,2280000,2282000,8161,13601,2320000,2104
13,58,2320000,2322000,8161,13601,2360000,2140
13,59,2360000,2362000,8161,13601,2400000,2178
13,6,240000,242000,8161,13601,280000,247
13,60,2400000,2402000,8161,13601,2440000,2212
13,61,2440000,2442000,8161,13601,2480000,2249
13,62,2480000,2482000,8161,13601,2520000,2286
13,63,2520000,2522000,8161,13601,2560000,2322
13,64,2560000,2562000,8161,13601,2600000,2358
13,65,2600000,2602000,8161,13601,2640000,2396
13,66,2640000,2642000,8161,13601,2680000,2431
13,67,2680000,2682000,8161,13601,2720000,2467
13,68,2720000,2722000,8161,13601,2760000,2506
13,69,2760000,2762000,8161,13601,2800000,2539
13,7,280000,282000,8161,13601,320000,284
13,70,2800000,2802000,8161,13601,2840000,2576
13,71,2840000,2842000,8161,13601,2880000,2615
13,72,2880000,2882000,8161,13601,2920000,2649
13,73,2920000,2922000,8161,13601,2960000,2686
13,74,2960000,2962000,8161,13601,3000000,2723
13,75,3000000,3002000,8161,13601,3040000,2758
13,76,3040000,3042000,8161,13601,3080000,2794
13,77,3080000,3082000,8161,13601,3120000,2833
13,78,3120000,3122000,8161,13601,3160000,2869
13,79,3160000,3162000,8161,13601,3200000,2903
13,8,320000,322000,8161,13601,360000,323
13,80,3200000,3202000,8161,13601,3240000,2942
13,81,3240000,3242000,8161,13601,3280000,2976
13,82,3280000,3282000,8161,13601,3320000,3013
13,83,3320000,3322000,8161,13601,3360000,3051
13,84,3360000,3362000,8161,13601,3400000,3085
13,85,3400000,3402000,8161,13601,3440000,3123
13,86,3440000,3442000,8161,13601,3480000,3160
13,87,3480000,3482000,8161,13601,3520000,3196
13,88,3520000,3522000,8161,13601,3560000,3231
13,89,3560000,3562000,8161,13601,3600000,3269
13,9,360000,362000,8161,13601,400000,356
13,90,3600000,3602000,8161,13601,3640000,3303
13,91,3640000,3642000,8161,13601,3680000,3340
13,92,3680000,3682000,8161,13601,3720000,3380
13,93,3720000,3722000,8161,13601,3760000,3413
13,94,3760000,3762000,8161,13601,3800000,3450
13,95,3800000,3802000,8161,13601,3840000,3487
13,96,3840000,3842000,8161,13601,3880000,3523
13,97,3880000,3882000,8161,13601,3920000,3558
13,98,3920000,3922000,8161,13601,3960000,3597
13,99,3960000,3962000,8161,13601,4000000,3632
14,0,0,2000,12954,21589,40000,30
14,1,40000,42000,12954,21589,80000,67
14,10,400000,402000,12954,21589,440000,394
14,100,4000000,4002000,12954,21589,4040000,3668
14,101,4040000,4042000,12954,21589,4080000,3708
14,102,4080000,4082000,12954,21589,4120000,3741
14,103,4120000,4122000,12954,21589,4160000,3779
14,104,4160000,4162000,12954,21589,4200000,3815
14,105,4200000,4202000,12954,21589,4240000,3851
14,106,4240000,4242000,12954,21589,4280000,3888
14,107,4280000,4282000,12954,21589,4320000,3925
14,108,4320000,4322000,12954,21589,4360000,3961
14,109,4360000,4362000,12954,21589,4400000,3995
14,11,440000,442000,12954,21589,480000,432
14,110,4400000,4402000,12954,21589,4440000,4035
14,111,4440000,4442000,12954,21589,4480000,4068
14,112,4480000,4482000,12954,21589,4520000,4106
14,113,4520000,4522000,12954,21589,4560000,4145
14,114,4560000,4562000,12954,21589,4600000,4178
14,115,4600000,4602000,12954,21589,4640000,4215
14,116,4640000,4642000,12954,21589,4680000,4252
14,117,4680000,4682000,12954,21589,4720000,4288
14,118,4720000,4722000,12954,21589,4760000,4323
14,119,4760000,4762000,12954,21589,4800000,4362
14,12,480000,482000,12954,21589,520000,467
14,120,4800000,4802000,12954,21589,4840000,4397
14,121,4840000,4842000,12954,21589,4880000,4433
14,122,4880000,4882000,12954,21589,4920000,4472
14,123,4920000,4922000,12954,21589,4960000,4506
14,124,4960000,4962000,12954,21589,5000000,4542
14,125,5000000,5002000,12954,21589,5040000,4579
14,126,5040000,5042000,12954,21589,5080000,4615
14,127,5080000,5082000,12954,21589,5120000,4652
14,128,5120000,5122000,12954,21589,5160000,4690
14,129,5160000,5162000,12954,21589,5200000,4724
14,13,520000,522000,12954,21589,560000,503
14,130,5200000,5202000,12954,21589,5240000,4760
14,131,5240000,5242000,12954,21589,5280000,4799
14,132,5280000,5282000,12954,21589,5320000,4833
14,133,5320000,5322000,12954,21589,5360000,4870
14,134,5360000,5362000,12954,21589,5400000,4908
14,135,5400000,5402000,12954,21589,5440000,4942
14,136,5440000,5442000,12954,21589,5480000,4979
14,137,5480000,5482000,12954,21589,5520000,5017
14,138,5520000,5522000,12954,21589,5560000,5052
14,139,5560000,5562000,12954,21589,5600000,5087
14,14,560000,562000,12954,21589,600000,541
14,140,5600000,5602000,12954,21589,5640000,5126
14,141,5640000,5642000,12954,21589,5680000,5162
14,142,5680000,5682000,12954,21589,5720000,5197
14,143,5720000,5722000,12954,21589,5760000,5236
14,144,5760000,5762000,12954,21589,5800000,5269
14,145,5800000,5802000,12954,21589,5840000,5306
14,146,5840000,5842000,12954,21589,5880000,5344
14,147,5880000,5882000,12954,21589,5920000,5379
14,148,5920000,5922000,12954,21589,5960000,5417
14,149,5960000,5962000,12954,21589,6000000,5453
14,15,600000,602000,12954,21589,640000,577
14,150,6000000,6002000,12954,21589,6040000,5489
14,151,6040000,6042000,12954,21589,6080000,5524
14,152,6080000,6082000,12954,21589,6120000,5563
14,153,6120000,6122000,12954,21589,6160000,5597
14,154,6160000,6162000,12954,21589,6200000,5633
14,155,6200000,6202000,12954,21589,6240000,5673
14,156,6240000,6242000,12954,21589,6280000,5706
14,157,6280000,6282000,12954,21589,6320000,5744
14,158,6320000,6322000,12954,21589,6360000,5781
14,159,6360000,6362000,12954,21589,6400000,5816
14,16,640000,642000,12954,21589,680000,612
14,160,6400000,6402000,12954,21589,6440000,5851
14,161,6440000,6442000,12954,21589,6480000,5890
14,162,6480000,6482000,12954,21589,6520000,5926
14,163,6520000,6522000,12954,21589,6560000,5961
14,164,6560000,6562000,12954,21589,6600000,6000
14,165,6600000,6602000,12954,21589,6640000,6033
14,166,6640000,6642000,12954,21589,6680000,6071
14,167,6680000,6682000,12954,21589,6720000,6108
14,168,6720000,6722000,12954,21589,6760000,6144
14,169,6760000,6762000,12954,21589,6800000,6180
14,17,680000,682000,12954,21589,720000,651
14,170,6800000,6802000,12954,21589,6840000,6217
14,171,6840000,6842000,12954,21589,6880000,6253
14,172,6880000,6882000,12954,21589,6920000,6288
14,173,6920000,6922000,12954,21589,6960000,6328
14,174,6960000,6962000,12954,21589,7000000,6360
14,175,7000000,7002000,12954,21589,7040000,6398
14,176,7040000,7042000,12954,21589,7080000,6437
14,177,7080000,7082000,12954,21589,7120000,6471
14,178,7120000,7122000,12954,21589,7160000,6508
14,179,7160000,7162000,12954,21589,7200000,6544
14,18,720000,722000,12954,21589,760000,685
14,180,7200000,7202000,12954,21589,7240000,6580
14,181,7240000,7242000,12954,21589,7280000,6615
14,182,7280000,7282000,12954,21589,7320000,6655
14,183,7320000,7322000,12954,21589,7360000,6690
14,184,7360000,7362000,12954,21589,7400000,6725
14,185,7400000,7402000,12954,21589,7440000,6764
14,186,7440000,7442000,12954,21589,7480000,6798
14,187,7480000,7482000,12954,21589,7520000,6835
14,188,7520000,7522000,12954,21589,7560000,6872
14,189,7560000,7562000,12954,21589,7600000,6907
14,19,760000,762000,12954,21589,800000,721
14,190,7600000,7602000,12954,21589,7640000,6944
14,191,7640000,7642000,12954,21589,7680000,6982
14,192,7680000,7682000,12954,21589,7720000,7017
14,193,7720000,7722000,12954,21589,7760000,7053
14,194,7760000,7762000,12954,21589,7800000,7091
14,195,7800000,7802000,12954,21589,7840000,7125
14,196,7840000,7842000,12954,21589,7880000,7162
14,197,7880000,7882000,12954,21589,7920000,7201
14,198,7920000,7922000,12954,21589,7960000,7235
14,199,7960000,7962000,12954,21589,8000000,7271
14,2,80000,82000,12954,21589,120000,105
14,20,800000,802000,12954,21589,840000,759
14,200,8000000,8002000,12954,21589,8040000,7309
14,201,8040000,8042000,12954,21589,8080000,7344
14,202,8080000,8082000,12954,21589,8120000,7380
14,203,8120000,8122000,12954,21589,8160000,7419
14,204,8160000,8162000,12954,21589,8200000,7454
14,205,8200000,8202000,12954,21589,8240000,7489
14,206,8240000,8242000,12954,21589,8280000,7528
14,207,8280000,8282000,12954,21589,8320000,7562
14,208,8320000,8322000,12954,21589,8360000,7599
14,209,8360000,8362000,12954,21589,8400000,7636
14,21,840000,842000,12954,21589,880000,794
14,210,8400000,8402000,12954,21589,8440000,7671
14,211,8440000,8442000,12954,21589,8480000,7709
14,212,8480000,8482000,12954,21589,8520000,7746
14,213,8520000,8522000,12954,21589,8560000,7782
14,214,8560000,8562000,12954,21589,8600000,7816
14,215,8600000,8602000,12954,21589,8640000,7855
14,216,8640000,8642000,12954,21589,8680000,7889
14,217,8680000,8682000,12954,21589,8720000,7926
14,218,8720000,8722000,12954,21589,8760000,7966
14,219,8760000,8762000,12954,21589,8800000,7998
14,22,880000,882000,12954,21589,920000,832
14,220,8800000,8802000,12954,21589,8840000,8036
14,221,8840000,8842000,12954,21589,8880000,8073
14,222,8880000,8882000,12954,21589,8920000,8109
14,223,8920000,8922000,12954,21589,8960000,8144
14,224,8960000,8962000,12954,21589,9000000,8182
14,225,9000000,9002000,12954,21589,9040000,8218
14,226,9040000,9042000,12954,21589,9080000,8253
14,227,9080000,9082000,12954,21589,9120000,8293
14,228,9120000,9122000,12954,21589,9160000,8326
14,229,9160000,9162000,12954,21589,9200000,8363
14,23,920000,922000,12954,21589,960000,869
14,230,9200000,9202000,12954,21589,9240000,8400
14,231,9240000,9242000,12954,21589,9280000,8436
14,232,9280000,9282000,12954,21589,9320000,8473
14,233,9320000,9322000,12954,21589,9360000,8510
14,234,9360000,9362000,12954,21589,9400000,8545
14,235,9400000,9402000,12954,21589,9440000,8580
14,236,9440000,9442000,12954,21589,9480000,8620
14,237,9480000,9482000,12954,21589,9520000,8653
14,238,9520000,9522000,12954,21589,9560000,8691
14,239,9560000,9562000,12954,21589,9600000,8729
14,24,960000,962000,12954,21589,1000000,904
14,240,9600000,9602000,12954,21589,9640000,8763
14,241,9640000,9642000,12954,21589,9680000,8800
14,242,9680000,9682000,12954,21589,9720000,8837
14,243,9720000,9722000,12954,21589,9760000,8873
14,244,9760000,9762000,12954,21589,9800000,8907
14,245,9800000,9802000,12954,21589,9840000,8947
14,246,9840000,9842000,12954,21589,9880000,8982
14,247,9880000,9882000,12954,21589,9920000,9018
14,248,9920000,9922000,12954,21589,9960000,9057
14,249,9960000,9962000,12954,21589,10000000,9090
14,25,1000000,1002000,12954,21589,1040000,939
14,250,10000000,10002000,12954,21589,10040000,9127
14,251,10040000,10042000,12954,21589,10080000,9164
14,252,10080000,10082000,12954,21589,10120000,9200
14,253,10120000,10122000,12954,21589,10160000,9237
14,254,10160000,10162000,12954,21589,10200000,9274
14,255,10200000,10202000,12954,21589,10240000,9309
14,256,10240000,10242000,12954,21589,10280000,9345
14,257,10280000,10282000,12954,21589,10320000,9384
14,258,10320000,10322000,12954,21589,10360000,9418
14,259,10360000,10362000,12954,21589,10400000,9454
14,26,1040000,1042000,12954,21589,1080000,978
14,260,10400000,10402000,12954,21589,10440000,9493
14,261,10440000,10442000,12954,21589,10480000,9527
14,262,10480000,10482000,12954,21589,10520000,9564
14,263,10520000,10522000,12954,21589,10560000,9602
14,264,10560000,10562000,12954,21589,10600000,9636
14,265,10600000,10602000,12954,21589,10640000,9672
14,266,10640000,10642000,12954,21589,10680000,9711
14,267,10680000,10682000,12954,21589,10720000,9747
14,268,10720000,10722000,12954,21589,10760000,9782
14,269,10760000,10762000,12954,21589,10800000,9820
14,27,1080000,1082000,12954,21589,1120000,1012
14,270,10800000,10802000,12954,21589,10840000,9854
14,271,10840000,10842000,12954,21589,10880000,9891
14,272,10880000,10882000,12954,21589,10920000,9929
14,273,10920000,10922000,12954,21589,10960000,9964
14,274,10960000,10962000,12954,21589,11000000,10001
14,275,11000000,11002000,12954,21589,11040000,10038
14,276,11040000,11042000,12954,21589,11080000,10074
14,277,11080000,11082000,12954,21589,11120000,10109
14,278,11120000,11122000,12954,21589,11160000,10148
14,279,11160000,11162000,12954,21589,11200000,10181
14,28,1120000,1122000,12954,21589,1160000,1049
14,280,11200000,11202000,12954,21589,11240000,10218
14,281,11240000,11242000,12954,21589,11280000,10258
14,282,11280000,11282000,12954,21589,11320000,10291
14,283,11320000,11322000,12954,21589,11360000,10329
14,284,11360000,11362000,12954,21589,11400000,10365
14,285,11400000,11402000,12954,21589,11440000,10401
14,286,11440000,11442000,12954,21589,11480000,10436
14,287,11480000,11482000,12954,21589,11520000,10475
14,288,11520000,11522000,12954,21589,11560000,10511
14,289,11560000,11562000,12954,21589,11600000,10545
14,29,1160000,1162000,12954,21589,1200000,1088
14,290,11600000,11602000,12954,21589,11640000,10585
14,291,11640000,11642000,12954,21589,11680000,10618
14,292,11680000,11682000,12954,21589,11720000,10656
14,293,11720000,11722000,12954,21589,11760000,10693
14,294,11760000,11762000,12954,21589,11800000,10728
14,295,11800000,11802000,12954,21589,11840000,10765
14,296,11840000,11842000,12954,21589,11880000,10802
14,297,11880000,11882000,12954,21589,11920000,10838
14,298,11920000,11922000,12954,21589,11960000,10873
14,299,11960000,11962000,12954,21589,12000000,10912
14,3,120000,122000,12954,21589,160000,140
14,30,1200000,1202000,12954,21589,1240000,1121
14,300,12000000,12002000,12954,21589,12040000,10945
14,301,12040000,12042000,12954,21589,12080000,10983
14,302,12080000,12082000,12954,21589,12120000,11022
14,303,12120000,12122000,12954,21589,12160000,11056
14,304,12160000,12162000,12954,21589,12200000,11092
14,305,12200000,12202000,12954,21589,12240000,11129
14,306,12240000,12242000,12954,21589,12280000,11165
14,307,12280000,12282000,12954,21589,12320000,11200
14,308,12320000,12322000,12954,21589,12360000,11240
14,309,12360000,12362000,12954,21589,12400000,11274
14,31,1240000,1242000,12954,21589,1280000,1159
14,310,12400000,12402000,12954,21589,12440000,11310
14,311,12440000,12442000,12954,21589,12480000,11349
14,312,12480000,12482000,12954,21589,12520000,11383
14,313,12520000,12522000,12954,21589,12560000,11420
14,314,12560000,12562000,12954,21589,12600000,11456
14,32,1280000,1282000,12954,21589,1320000,1196
14,33,1320000,1322000,12954,21589,1360000,1232
14,34,1360000,1362000,12954,21589,1400000,1266
14,35,1400000,1402000,12954,21589,1440000,1305
14,36,1440000,1442000,12954,21589,1480000,1341
14,37,1480000,1482000,12954,21589,1520000,1376
14,38,1520000,1522000,12954,21589,1560000,1416
14,39,1560000,1562000,12954,21589,1600000,1448
14,4,160000,162000,12954,21589,200000,175
14,40,1600000,1602000,12954,21589,1640000,1486
14,41,1640000,1642000,12954,21589,1680000,1523
14,42,1680000,1682000,12954,21589,1720000,1559
14,43,1720000,1722000,12954,21589,1760000,1596
14,44,1760000,1762000,12954,21589,1800000,1632
14,45,1800000,1802000,12954,21589,1840000,1668
14,46,1840000,1842000,12954,21589,1880000,1703
14,47,1880000,1882000,12954,21589,1920000,1743
14,48,1920000,1922000,12954,21589,1960000,1776
14,49,1960000,1962000,12954,21589,2000000,1813
14,5,200000,202000,12954,21589,240000,214
14,50,2000000,2002000,12954,21589,2040000,1852
14,51,2040000,2042000,12954,21589,2080000,1886
14,52,2080000,2082000,12954,21589,2120000,1923
14,53,2120000,2122000,12954,21589,2160000,1960
14,54,2160000,2162000,12954,21589,2200000,1995
14,55,2200000,2202000,12954,21589,2240000,2030
14,56,2240000,2242000,12954,21589,2280000,2070
14,57,2280000,2282000,12954,21589,2320000,2105
14,58,2320000,2322000,12954,21589,2360000,2141
14,59,2360000,2362000,12954,21589,2400000,2179
14,6,240000,242000,12954,21589,280000,248
14,60,2400000,2402000,12954,21589,2440000,2213
14,61,2440000,2442000,12954,21589,2480000,2250
14,62,2480000,2482000,12954,21589,2520000,2287
14,63,2520000,2522000,12954,21589,2560000,2323
14,64,2560000,2562000,12954,21589,2600000,2359
14,65,2600000,2602000,12954,21589,2640000,2397
14,66,2640000,2642000,12954,21589,2680000,2432
14,67,2680000,2682000,12954,21589,2720000,2468
14,68,2720000,2722000,12954,21589,2760000,2507
14,69,2760000,2762000,12954,21589,2800000,2540
14,7,280000,282000,12954,21589,320000,285
14,70,2800000,2802000,12954,21589,2840000,2577
14,71,2840000,2842000,12954,21589,2880000,2616
14,72,2880000,2882000,12954,21589,2920000,2650
14,73,2920000,2922000,12954,21589,2960000,2687
14,74,2960000,2962000,12954,21589,3000000,2724
14,75,3000000,3002000,12954,21589,3040000,2759
14,76,3040000,3042000,12954,21589,3080000,2795
14,77,3080000,3082000,12954,21589,3120000,2834
14,78,3120000,3122000,12954,21589,3160000,2870
14,79,3160000,3162000,12954,21589,3200000,2904
14,8,320000,322000,12954,21589,360000,324
14,80,3200000,3202000,12954,21589,3240000,2943
14,81,3240000,3242000,12954,21589,3280000,2977
14,82,3280000,3282000,12954,21589,3320000,3014
14,83,3320000,3322000,12954,21589,3360000,3052
14,84,3360000,3362000,12954,21589,3400000,3086
14,85,3400000,3402000,12954,21589,3440000,3124
14,86,3440000,3442000,12954,21589,3480000,3161
14,87,3480000,3482000,12954,21589,3520000,3197
14,88,3520000,3522000,12954,21589,3560000,3232
14,89,3560000,3562000,12954,21589,3600000,3270
14,9,360000,362000,12954,21589,400000,357
14,90,3600000,3602000,12954,21589,3640000,3304
14,91,3640000,3642000,12954,21589,3680000,3341
14,92,3680000,3682000,12954,21589,3720000,3381
14,93,3720000,3722000,12954,21589,3760000,3414
14,94,3760000,3762000,12954,21589,3800000,3451
14,95,3800000,3802000,12954,21589,3840000,3488
14,96,3840000,3842000,12954,21589,3880000,3524
14,97,3880000,3882000,12954,21589,3920000,3559
14,98,3920000,3922000,12954,21589,3960000,3598
14,99,3960000,3962000,12954,21589,4000000,3633
15,0,0,2500,487,811,50000,37
15,1,50000,52500,487,811,100000,84
15,10,500000,502500,487,811,550000,491
15,100,5000000,5002500,487,811,5050000,4588
15,101,5050000,5052500,487,811,5100000,4633
15,102,5100000,5102500,487,811,5150000,4675
15,103,5150000,5152500,487,811,5200000,4725
15,104,5200000,5202500,487,811,5250000,4770
15,105,5250000,5252500,487,811,5300000,4813
15,106,5300000,5302500,487,811,5350000,4858
15,107,5350000,5352500,487,811,5400000,4909
15,108,5400000,5402500,487,811,5450000,4949
15,109,5450000,5452500,487,811,5500000,4996
15,11,550000,552500,487,811,600000,542
15,110,5500000,5502500,487,811,5550000,5042
15,111,5550000,5552500,487,811,5600000,5088
15,112,5600000,5602500,487,811,5650000,5132
15,113,5650000,5652500,487,811,5700000,5180
15,114,5700000,5702500,487,811,5750000,5221
15,115,5750000,5752500,487,811,5800000,5270
15,116,5800000,5802500,487,811,5850000,5316
15,117,5850000,5852500,487,811,5900000,5360
15,118,5900000,5902500,487,811,5950000,5403
15,119,5950000,5952500,487,811,6000000,5454
15,12,600000,602500,487,811,650000,584
15,120,6000000,6002500,487,811,6050000,5496
15,121,6050000,6052500,487,811,6100000,5542
15,122,6100000,6102500,487,811,6150000,5587
15,123,6150000,6152500,487,811,6200000,5634
15,124,6200000,6202500,487,811,6250000,5679
15,125,6250000,6252500,487,811,6300000,5724
15,126,6300000,6302500,487,811,6350000,5766
15,127,6350000,6352500,487,811,6400000,5817
15,128,6400000,6402500,487,811,6450000,5863
15,129,6450000,6452500,487,811,6500000,5905
15,13,650000,652500,487,811,700000,628
15,130,6500000,6502500,487,811,6550000,5949
15,131,6550000,6552500,487,811,6600000,6001
15,132,6600000,6602500,487,811,6650000,6040
15,133,6650000,6652500,487,811,6700000,6087
15,134,6700000,6702500,487,811,6750000,6133
15,135,6750000,6752500,487,811,6800000,6181
15,136,6800000,6802500,487,811,6850000,6224
15,137,6850000,6852500,487,811,6900000,6271
15,138,6900000,6902500,487,811,6950000,6313
15,139,6950000,6952500,487,811,7000000,6361
15,14,700000,702500,487,811,750000,675
15,140,7000000,7002500,487,811,7050000,6408
15,141,7050000,7052500,487,811,7100000,6451
15,142,7100000,7102500,487,811,7150000,6496
15,143,7150000,7152500,487,811,7200000,6545
15,144,7200000,7202500,487,811,7250000,6587
15,145,7250000,7252500,487,811,7300000,6634
15,146,7300000,7302500,487,811,7350000,6678
15,147,7350000,7352500,487,811,7400000,6726
15,148,7400000,7402500,487,811,7450000,6770
15,149,7450000,7452500,487,811,7500000,6818
15,15,750000,752500,487,811,800000,722
15,150,7500000,7502500,487,811,7550000,6857
15,151,7550000,7552500,487,811,7600000,6908
15,152,7600000,7602500,487,811,7650000,6954
15,153,7650000,7652500,487,811,7700000,6996
15,154,7700000,7702500,487,811,7750000,7041
15,155,7750000,7752500,487,811,7800000,7092
15,156,7800000,7802500,487,811,7850000,7134
15,157,7850000,7852500,487,811,7900000,7178
15,158,7900000,7902500,487,811,7950000,7225
15,159,7950000,7952500,487,811,8000000,7272
15,16,800000,802500,487,811,850000,767
15,160,8000000,8002500,487,811,8050000,7315
15,161,8050000,8052500,487,811,8100000,7362
15,162,8100000,8102500,487,811,8150000,7404
15,163,8150000,8152500,487,811,8200000,7455
15,164,8200000,8202500,487,811,8250000,7499
15,165,8250000,8252500,487,811,8300000,7543
15,166,8300000,8302500,487,811,8350000,7587
15,167,8350000,8352500,487,811,8400000,7637
15,168,8400000,8402500,487,811,8450000,7678
15,169,8450000,8452500,487,811,8500000,7725
15,17,850000,852500,487,811,900000,812
15,170,8500000,8502500,487,811,8550000,7771
15,171,8550000,8552500,487,811,8600000,7817
15,172,8600000,8602500,487,811,8650000,7862
15,173,8650000,8652500,487,811,8700000,7909
15,174,8700000,8702500,487,811,8750000,7949
15,175,8750000,8752500,487,811,8800000,7999
15,176,8800000,8802500,487,811,8850000,8046
15,177,8850000,8852500,487,811,8900000,8089
15,178,8900000,8902500,487,811,8950000,8132
15,179,8950000,8952500,487,811,9000000,8183
15,18,900000,902500,487,811,950000,854
15,180,9000000,9002500,487,811,9050000,8225
15,181,9050000,9052500,487,811,9100000,8270
15,182,9100000,9102500,487,811,9150000,8316
15,183,9150000,9152500,487,811,9200000,8364
15,184,9200000,9202500,487,811,9250000,8408
15,185,9250000,9252500,487,811,9300000,8454
15,186,9300000,9302500,487,811,9350000,8495
15,187,9350000,9352500,487,811,9400000,8546
15,188,9400000,9402500,487,811,9450000,8590
15,189,9450000,9452500,487,811,9500000,8634
15,19,950000,952500,487,811,1000000,905
15,190,9500000,9502500,487,811,9550000,8679
15,191,9550000,9552500,487,811,9600000,8730
15,192,9600000,9602500,487,811,9650000,8770
15,193,9650000,9652500,487,811,9700000,8816
15,194,9700000,9702500,487,811,9750000,8863
15,195,9750000,9752500,487,811,9800000,8908
15,196,9800000,9802500,487,811,9850000,8953
15,197,9850000,9852500,487,811,9900000,9000
15,198,9900000,9902500,487,811,9950000,9042
15,199,9950000,9952500,487,811,10000000,9091
15,2,100000,102500,487,811,150000,130
15,20,1000000,1002500,487,811,1050000,949
15,200,10000000,10002500,487,811,10050000,9137
15,201,10050000,10052500,487,811,10100000,9181
15,202,10100000,10102500,487,811,10150000,9223
15,203,10150000,10152500,487,811,10200000,9275
15,204,10200000,10202500,487,811,10250000,9316
15,205,10250000,10252500,487,811,10300000,9363
15,206,10300000,10302500,487,811,10350000,9407
15,207,10350000,10352500,487,811,10400000,9455
15,208,10400000,10402500,487,811,10450000,9500
15,209,10450000,10452500,487,811,10500000,9545
15,21,1050000,1052500,487,811,1100000,993
15,210,10500000,10502500,487,811,10550000,9587
15,211,10550000,10552500,487,811,10600000,9637
15,212,10600000,10602500,487,811,10650000,9684
15,213,10650000,10652500,487,811,10700000,9725
15,214,10700000,10702500,487,811,10750000,9770
15,215,10750000,10752500,487,811,10800000,9821
15,216,10800000,10802500,487,811,10850000,9861
15,217,10850000,10852500,487,811,10900000,9908
15,218,10900000,10902500,487,811,10950000,9954
15,219,10950000,10952500,487,811,11000000,10002
15,22,1100000,1102500,487,811,1150000,1037
15,220,11000000,11002500,487,811,11050000,10044
15,221,11050000,11052500,487,811,11100000,10092
15,222,11100000,11102500,487,811,11150000,10133
15,223,11150000,11152500,487,811,11200000,10182
15,224,11200000,11202500,487,811,11250000,10228
15,225,11250000,11252500,487,811,11300000,10272
15,226,11300000,11302500,487,811,11350000,10317
15,227,11350000,11352500,487,811,11400000,10366
15,228,11400000,11402500,487,811,11450000,10408
15,229,11450000,11452500,487,811,11500000,10454
15,23,1150000,1152500,487,811,1200000,1089
15,230,11500000,11502500,487,811,11550000,10499
15,231,11550000,11552500,487,811,11600000,10546
15,232,11600000,11602500,487,811,11650000,10591
15,233,11650000,11652500,487,811,11700000,10638
15,234,11700000,11702500,487,811,11750000,10678
15,235,11750000,11752500,487,811,11800000,10729
15,236,11800000,11802500,487,811,11850000,10775
15,237,11850000,11852500,487,811,11900000,10817
15,238,11900000,11902500,487,811,11950000,10861
15,239,11950000,11952500,487,811,12000000,10913
15,24,1200000,1202500,487,811,1250000,1128
15,240,12000000,12002500,487,811,12050000,10954
15,241,12050000,12052500,487,811,12100000,10999
15,242,12100000,12102500,487,811,12150000,11045
15,243,12150000,12152500,487,811,12200000,11093
15,244,12200000,12202500,487,811,12250000,11136
15,245,12250000,12252500,487,811,12300000,11183
15,246,12300000,12302500,487,811,12350000,11225
15,247,12350000,12352500,487,811,12400000,11275
15,248,12400000,12402500,487,811,12450000,11320
15,249,12450000,12452500,487,811,12500000,11363
15,25,1250000,1252500,487,811,1300000,1175
15,250,12500000,12502500,487,811,12550000,11408
15,251,12550000,12552500,487,811,12600000,11457
15,26,1300000,1302500,487,811,1350000,1221
15,27,1350000,1352500,487,811,1400000,1267
15,28,1400000,1402500,487,811,1450000,1312
15,29,1450000,1452500,487,811,1500000,1359
15,3,150000,152500,487,811,200000,176
15,30,1500000,1502500,487,811,1550000,1401
15,31,1550000,1552500,487,811,1600000,1449
15,32,1600000,1602500,487,811,1650000,1496
15,33,1650000,1652500,487,811,1700000,1539
15,34,1700000,1702500,487,811,1750000,1582
15,35,1750000,1752500,487,811,1800000,1633
15,36,1800000,1802500,487,811,1850000,1675
15,37,1850000,1852500,487,811,1900000,1722
15,38,1900000,1902500,487,811,1950000,1766
15,39,1950000,1952500,487,811,2000000,1814
15,4,200000,202500,487,811,250000,220
15,40,2000000,2002500,487,811,2050000,1858
15,41,2050000,2052500,487,811,2100000,1904
15,42,2100000,2102500,487,811,2150000,1945
15,43,2150000,2152500,487,811,2200000,1996
15,44,2200000,2202500,487,811,2250000,2042
15,45,2250000,2252500,487,811,2300000,2084
15,46,2300000,2302500,487,811,2350000,2129
15,47,2350000,2352500,487,811,2400000,2180
15,48,2400000,2402500,487,811,2450000,2220
15,49,2450000,2452500,487,811,2500000,2266
15,5,250000,252500,487,811,300000,268
15,50,2500000,2502500,487,811,2550000,2313
15,51,2550000,2552500,487,811,2600000,2360
15,52,2600000,2602500,487,811,2650000,2403
15,53,2650000,2652500,487,811,2700000,2450
15,54,2700000,2702500,487,811,2750000,2492
15,55,2750000,2752500,487,811,2800000,2541
15,56,2800000,2802500,487,811,2850000,2587
15,57,2850000,2852500,487,811,2900000,2631
15,58,2900000,2902500,487,811,2950000,2675
15,59,2950000,2952500,487,811,3000000,2725
15,6,300000,302500,487,811,350000,307
15,60,3000000,3002500,487,811,3050000,2766
15,61,3050000,3052500,487,811,3100000,2813
15,62,3100000,3102500,487,811,3150000,2857
15,63,3150000,3152500,487,811,3200000,2905
15,64,3200000,3202500,487,811,3250000,2950
15,65,3250000,3252500,487,811,3300000,2997
15,66,3300000,3302500,487,811,3350000,3037
15,67,3350000,3352500,487,811,3400000,3087
15,68,3400000,3402500,487,811,3450000,3134
15,69,3450000,3452500,487,811,3500000,3175
15,7,350000,352500,487,811,400000,358
15,70,3500000,3502500,487,811,3550000,3220
15,71,3550000,3552500,487,811,3600000,3271
15,72,3600000,3602500,487,811,3650000,3313
15,73,3650000,3652500,487,811,3700000,3358
15,74,3700000,3702500,487,811,3750000,3404
15,75,3750000,3752500,487,811,3800000,3452
15,76,3800000,3802500,487,811,3850000,3494
15,77,3850000,3852500,487,811,3900000,3542
15,78,3900000,3902500,487,811,3950000,3583
15,79,3950000,3952500,487,811,4000000,3634
15,8,400000,402500,487,811,450000,404
15,80,4000000,4002500,487,811,4050000,3678
15,81,4050000,4052500,487,811,4100000,3722
15,82,4100000,4102500,487,811,4150000,3767
15,83,4150000,4152500,487,811,4200000,3816
15,84,4200000,4202500,487,811,4250000,3858
15,85,4250000,4252500,487,811,4300000,3904
15,86,4300000,4302500,487,811,4350000,3951
15,87,4350000,4352500,487,811,4400000,3996
15,88,4400000,4402500,487,811,4450000,4041
15,89,4450000,4452500,487,811,4500000,4088
15,9,450000,452500,487,811,500000,448
15,90,4500000,4502500,487,811,4550000,4128
15,91,4550000,4552500,487,811,4600000,4179
15,92,4600000,4602500,487,811,4650000,4225
15,93,4650000,4652500,487,811,4700000,4269
15,94,4700000,4702500,487,811,4750000,4311
15,95,4750000,4752500,487,811,4800000,4363
15,96,4800000,4802500,487,811,4850000,4404
15,97,4850000,4852500,487,811,4900000,4449
15,98,4900000,4902500,487,811,4950000,4495
15,99,4950000,4952500,487,811,5000000,4543
16,0,0,3000,6585,10975,60000,49
16,1,60000,63000,6585,10975,120000,106
16,10,600000,603000,6585,10975,660000,596
16,100,6000000,6003000,6585,10975,6060000,5508
16,101,6060000,6063000,6585,10975,6120000,5564
16,102,6120000,6123000,6585,10975,6180000,5617
16,103,6180000,6183000,6585,10975,6240000,5674
16,104,6240000,6243000,6585,10975,6300000,5725
16,105,6300000,6303000,6585,10975,6360000,5782
16,106,6360000,6363000,6585,10975,6420000,5835
16,107,6420000,6423000,6585,10975,6480000,5891
16,108,6480000,6483000,6585,10975,6540000,5944
16,109,6540000,6543000,6585,10975,6600000,6002
16,11,660000,663000,6585,10975,720000,652
16,110,6600000,6603000,6585,10975,6660000,6054
16,111,6660000,6663000,6585,10975,6720000,6109
16,112,6720000,6723000,6585,10975,6780000,6162
16,113,6780000,6783000,6585,10975,6840000,6218
16,114,6840000,6843000,6585,10975,6900000,6272
16,115,6900000,6903000,6585,10975,6960000,6329
16,116,6960000,6963000,6585,10975,7020000,6381
16,117,7020000,7023000,6585,10975,7080000,6438
16,118,7080000,7083000,6585,10975,7140000,6489
16,119,7140000,7143000,6585,10975,7200000,6546
16,12,720000,723000,6585,10975,780000,705
16,120,7200000,7203000,6585,10975,7260000,6599
16,121,7260000,7263000,6585,10975,7320000,6656
16,122,7320000,7323000,6585,10975,7380000,6708
16,123,7380000,7383000,6585,10975,7440000,6765
16,124,7440000,7443000,6585,10975,7500000,6819
16,125,7500000,7503000,6585,10975,7560000,6873
16,126,7560000,7563000,6585,10975,7620000,6926
16,127,7620000,7623000,6585,10975,7680000,6983
16,128,7680000,7683000,6585,10975,7740000,7035
16,129,7740000,7743000,6585,10975,7800000,7093
16,13,780000,783000,6585,10975,840000,760
16,130,7800000,7803000,6585,10975,7860000,7146
16,131,7860000,7863000,6585,10975,7920000,7202
16,132,7920000,7923000,6585,10975,7980000,7253
16,133,7980000,7983000,6585,10975,8040000,7310
16,134,8040000,8043000,6585,10975,8100000,7363
16,135,8100000,8103000,6585,10975,8160000,7420
16,136,8160000,8163000,6585,10975,8220000,7473
16,137,8220000,8223000,6585,10975,8280000,7529
16,138,8280000,8283000,6585,10975,8340000,7582
16,139,8340000,8343000,6585,10975,8400000,7638
16,14,840000,843000,6585,10975,900000,813
16,140,8400000,8403000,6585,10975,8460000,7690
16,141,8460000,8463000,6585,10975,8520000,7747
16,142,8520000,8523000,6585,10975,8580000,7800
16,143,8580000,8583000,6585,10975,8640000,7856
16,144,8640000,8643000,6585,10975,8700000,7910
16,145,8700000,8703000,6585,10975,8760000,7967
16,146,8760000,8763000,6585,10975,8820000,8017
16,147,8820000,8823000,6585,10975,8880000,8074
16,148,8880000,8883000,6585,10975,8940000,8127
16,149,8940000,8943000,6585,10975,9000000,8184
16,15,900000,903000,6585,10975,960000,870
16,150,9000000,9003000,6585,10975,9060000,8237
16,151,9060000,9063000,6585,10975,9120000,8294
16,152,9120000,9123000,6585,10975,9180000,8346
16,153,9180000,9183000,6585,10975,9240000,8401
16,154,9240000,9243000,6585,10975,9300000,8455
16,155,9300000,9303000,6585,10975,9360000,8511
16,156,9360000,9363000,6585,10975,9420000,8564
16,157,9420000,9423000,6585,10975,9480000,8621
16,158,9480000,9483000,6585,10975,9540000,8673
16,159,9540000,9543000,6585,10975,9600000,8731
16,16,960000,963000,6585,10975,1020000,923
16,160,9600000,9603000,6585,10975,9660000,8782
16,161,9660000,9663000,6585,10975,9720000,8838
16,162,9720000,9723000,6585,10975,9780000,8891
16,163,9780000,9783000,6585,10975,9840000,8948
16,164,9840000,9843000,6585,10975,9900000,9001
16,165,9900000,9903000,6585,10975,9960000,9058
16,166,9960000,9963000,6585,10975,10020000,9111
16,167,10020000,10023000,6585,10975,10080000,9165
16,168,10080000,10083000,6585,10975,10140000,9218
16,169,10140000,10143000,6585,10975,10200000,9276
16,17,1020000,1023000,6585,10975,1080000,979
16,170,10200000,10203000,6585,10975,10260000,9328
16,171,10260000,10263000,6585,10975,10320000,9385
16,172,10320000,10323000,6585,10975,10380000,9438
16,173,10380000,10383000,6585,10975,10440000,9494
16,174,10440000,10443000,6585,10975,10500000,9546
16,175,10500000,10503000,6585,10975,10560000,9603
16,176,10560000,10563000,6585,10975,10620000,9655
16,177,10620000,10623000,6585,10975,10680000,9712
16,178,10680000,10683000,6585,10975,10740000,9765
16,179,10740000,10743000,6585,10975,10800000,9822
16,18,1080000,1083000,6585,10975,1140000,1032
16,180,10800000,10803000,6585,10975,10860000,9875
16,181,10860000,10863000,6585,10975,10920000,9930
16,182,10920000,10923000,6585,10975,10980000,9982
16,183,10980000,10983000,6585,10975,11040000,10039
16,184,11040000,11043000,6585,10975,11100000,10093
16,185,11100000,11103000,6585,10975,11160000,10149
16,186,11160000,11163000,6585,10975,11220000,10202
16,187,11220000,11223000,6585,10975,11280000,10259
16,188,11280000,11283000,6585,10975,11340000,10309
16,189,11340000,11343000,6585,10975,11400000,10367
16,19,1140000,1143000,6585,10975,1200000,1090
16,190,11400000,11403000,6585,10975,11460000,10420
16,191,11460000,11463000,6585,10975,11520000,10476
16,192,11520000,11523000,6585,10975,11580000,10529
16,193,11580000,11583000,6585,10975,11640000,10586
16,194,11640000,11643000,6585,10975,11700000,10639
16,195,11700000,11703000,6585,10975,11760000,10694
16,196,11760000,11763000,6585,10975,11820000,10747
16,197,11820000,11823000,6585,10975,11880000,10803
16,198,11880000,11883000,6585,10975,11940000,10856
16,199,11940000,11943000,6585,10975,12000000,10914
16,2,120000,123000,6585,10975,180000,158
16,20,1200000,1203000,6585,10975,1260000,1140
16,200,12000000,12003000,6585,10975,12060000,10966
16,201,12060000,12063000,6585,10975,12120000,11023
16,202,12120000,12123000,6585,10975,12180000,11074
16,203,12180000,12183000,6585,10975,12240000,11130
16,204,12240000,12243000,6585,10975,12300000,11184
16,205,12300000,12303000,6585,10975,12360000,11241
16,206,12360000,12363000,6585,10975,12420000,11293
16,207,12420000,12423000,6585,10975,12480000,11350
16,208,12480000,12483000,6585,10975,12540000,11403
16,209,12540000,12543000,6585,10975,12600000,11458
16,21,1260000,1263000,6585,10975,1320000,1197
16,22,1320000,1323000,6585,10975,1380000,1250
16,23,1380000,1383000,6585,10975,1440000,1306
16,24,1440000,1443000,6585,10975,1500000,1360
16,25,1500000,1503000,6585,10975,1560000,1417
16,26,1560000,1563000,6585,10975,1620000,1469
16,27,1620000,1623000,6585,10975,1680000,1524
16,28,1680000,1683000,6585,10975,1740000,1577
16,29,1740000,1743000,6585,10975,1800000,1634
16,3,180000,183000,6585,10975,240000,215
16,30,1800000,1803000,6585,10975,1860000,1687
16,31,1860000,1863000,6585,10975,1920000,1744
16,32,1920000,1923000,6585,10975,1980000,1796
16,33,1980000,1983000,6585,10975,2040000,1853
16,34,2040000,2043000,6585,10975,2100000,1905
16,35,2100000,2103000,6585,10975,2160000,1961
16,36,2160000,2163000,6585,10975,2220000,2014
16,37,2220000,2223000,6585,10975,2280000,2071
16,38,2280000,2283000,6585,10975,2340000,2123
16,39,2340000,2343000,6585,10975,2400000,2181
16,4,240000,243000,6585,10975,300000,269
16,40,2400000,2403000,6585,10975,2460000,2234
16,41,2460000,2463000,6585,10975,2520000,2288
16,42,2520000,2523000,6585,10975,2580000,2341
16,43,2580000,2583000,6585,10975,2640000,2398
16,44,2640000,2643000,6585,10975,2700000,2451
16,45,2700000,2703000,6585,10975,2760000,2508
16,46,2760000,2763000,6585,10975,2820000,2561
16,47,2820000,2823000,6585,10975,2880000,2617
16,48,2880000,2883000,6585,10975,2940000,2668
16,49,2940000,2943000,6585,10975,3000000,2726
16,5,300000,303000,6585,10975,360000,325
16,50,3000000,3003000,6585,10975,3060000,2778
16,51,3060000,3063000,6585,10975,3120000,2835
16,52,3120000,3123000,6585,10975,3180000,2888
16,53,3180000,3183000,6585,10975,3240000,2944
16,54,3240000,3243000,6585,10975,3300000,2998
16,55,3300000,3303000,6585,10975,3360000,3053
16,56,3360000,3363000,6585,10975,3420000,3105
16,57,3420000,3423000,6585,10975,3480000,3162
16,58,3480000,3483000,6585,10975,3540000,3215
16,59,3540000,3543000,6585,10975,3600000,3272
16,6,360000,363000,6585,10975,420000,376
16,60,3600000,3603000,6585,10975,3660000,3325
16,61,3660000,3663000,6585,10975,3720000,3382
16,62,3720000,3723000,6585,10975,3780000,3432
16,63,3780000,3783000,6585,10975,3840000,3489
16,64,3840000,3843000,6585,10975,3900000,3543
16,65,3900000,3903000,6585,10975,3960000,3599
16,66,3960000,3963000,6585,10975,4020000,3652
16,67,4020000,4023000,6585,10975,4080000,3709
16,68,4080000,4083000,6585,10975,4140000,3761
16,69,4140000,4143000,6585,10975,4200000,3817
16,7,420000,423000,6585,10975,480000,433
16,70,4200000,4203000,6585,10975,4260000,3870
16,71,4260000,4263000,6585,10975,4320000,3926
16,72,4320000,4323000,6585,10975,4380000,3979
16,73,4380000,4383000,6585,10975,4440000,4036
16,74,4440000,4443000,6585,10975,4500000,4089
16,75,4500000,4503000,6585,10975,4560000,4146
16,76,4560000,4563000,6585,10975,4620000,4197
16,77,4620000,4623000,6585,10975,4680000,4253
16,78,4680000,4683000,6585,10975,4740000,4306
16,79,4740000,4743000,6585,10975,4800000,4364
16,8,480000,483000,6585,10975,540000,485
16,80,4800000,4803000,6585,10975,4860000,4416
16,81,4860000,4863000,6585,10975,4920000,4473
16,82,4920000,4923000,6585,10975,4980000,4526
16,83,4980000,4983000,6585,10975,5040000,4580
16,84,5040000,5043000,6585,10975,5100000,4634
16,85,5100000,5103000,6585,10975,5160000,4691
16,86,5160000,5163000,6585,10975,5220000,4743
16,87,5220000,5223000,6585,10975,5280000,4800
16,88,5280000,5283000,6585,10975,5340000,4853
16,89,5340000,5343000,6585,10975,5400000,4910
16,9,540000,543000,6585,10975,600000,543
16,90,5400000,5403000,6585,10975,5460000,4961
16,91,5460000,5463000,6585,10975,5520000,5018
16,92,5520000,5523000,6585,10975,5580000,5070
16,93,5580000,5583000,6585,10975,5640000,5127
16,94,5640000,5643000,6585,10975,5700000,5181
16,95,5700000,5703000,6585,10975,5760000,5237
16,96,5760000,5763000,6585,10975,5820000,5290
16,97,5820000,5823000,6585,10975,5880000,5345
16,98,5880000,5883000,6585,10975,5940000,5397
16,99,5940000,5943000,6585,10975,6000000,5455
17,0,0,3500,3228,5379,70000,54
17,1,70000,73500,3228,5379,140000,119
17,10,700000,703500,3228,5379,770000,692
17,100,7000000,7003500,3228,5379,7070000,6421
17,101,7070000,7073500,3228,5379,7140000,6490
17,102,7140000,7143500,3228,5379,7210000,6552
17,103,7210000,7213500,3228,5379,7280000,6616
17,104,7280000,7283500,3228,5379,7350000,6679
17,105,7350000,7353500,3228,5379,7420000,6742
17,106,7420000,7423500,3228,5379,7490000,6805
17,107,7490000,7493500,3228,5379,7560000,6874
17,108,7560000,7563500,3228,5379,7630000,6931
17,109,7630000,7633500,3228,5379,7700000,6997
17,11,770000,773500,3228,5379,840000,761
17,110,7700000,7703500,3228,5379,7770000,7063
17,111,7770000,7773500,3228,5379,7840000,7126
17,112,7840000,7843500,3228,5379,7910000,7185
17,113,7910000,7913500,3228,5379,7980000,7254
17,114,7980000,7983500,3228,5379,8050000,7316
17,115,8050000,8053500,3228,5379,8120000,7381
17,116,8120000,8123500,3228,5379,8190000,7442
17,117,8190000,8193500,3228,5379,8260000,7506
17,118,8260000,8263500,3228,5379,8330000,7569
17,119,8330000,8333500,3228,5379,8400000,7639
17,12,840000,843500,3228,5379,910000,819
17,120,8400000,8403500,3228,5379,8470000,7696
17,121,8470000,8473500,3228,5379,8540000,7760
17,122,8540000,8543500,3228,5379,8610000,7827
17,123,8610000,8613500,3228,5379,8680000,7890
17,124,8680000,8683500,3228,5379,8750000,7950
17,125,8750000,8753500,3228,5379,8820000,8018
17,126,8820000,8823500,3228,5379,8890000,8079
17,127,8890000,8893500,3228,5379,8960000,8145
17,128,8960000,8963500,3228,5379,9030000,8207
17,129,9030000,9033500,3228,5379,9100000,8271
17,13,910000,913500,3228,5379,980000,883
17,130,9100000,9103500,3228,5379,9170000,8333
17,131,9170000,9173500,3228,5379,9240000,8402
17,132,9240000,9243500,3228,5379,9310000,8460
17,133,9310000,9313500,3228,5379,9380000,8525
17,134,9380000,9383500,3228,5379,9450000,8591
17,135,9450000,9453500,3228,5379,9520000,8654
17,136,9520000,9523500,3228,5379,9590000,8713
17,137,9590000,9593500,3228,5379,9660000,8783
17,138,9660000,9663500,3228,5379,9730000,8844
17,139,9730000,9733500,3228,5379,9800000,8909
17,14,980000,983500,3228,5379,1050000,950
17,140,9800000,9803500,3228,5379,9870000,8971
17,141,9870000,9873500,3228,5379,9940000,9034
17,142,9940000,9943500,3228,5379,10010000,9098
17,143,10010000,10013500,3228,5379,10080000,9166
17,144,10080000,10083500,3228,5379,10150000,9224
17,145,10150000,10153500,3228,5379,10220000,9289
17,146,10220000,10223500,3228,5379,10290000,9355
17,147,10290000,10293500,3228,5379,10360000,9419
17,148,10360000,10363500,3228,5379,10430000,9477
17,149,10430000,10433500,3228,5379,10500000,9547
17,15,1050000,1053500,3228,5379,1120000,1013
17,150,10500000,10503500,3228,5379,10570000,9608
17,151,10570000,10573500,3228,5379,10640000,9673
17,152,10640000,10643500,3228,5379,10710000,9735
17,153,10710000,10713500,3228,5379,10780000,9798
17,154,10780000,10783500,3228,5379,10850000,9862
17,155,10850000,10853500,3228,5379,10920000,9931
17,156,10920000,10923500,3228,5379,10990000,9988
17,157,10990000,10993500,3228,5379,11060000,10053
17,158,11060000,11063500,3228,5379,11130000,10119
17,159,11130000,11133500,3228,5379,11200000,10183
17,16,1120000,1123500,3228,5379,1190000,1072
17,160,11200000,11203500,3228,5379,11270000,10242
17,161,11270000,11273500,3228,5379,11340000,10310
17,162,11340000,11343500,3228,5379,11410000,10372
17,163,11410000,11413500,3228,5379,11480000,10437
17,164,11480000,11483500,3228,5379,11550000,10500
17,165,11550000,11553500,3228,5379,11620000,10563
17,166,11620000,11623500,3228,5379,11690000,10625
17,167,11690000,11693500,3228,5379,11760000,10695
17,168,11760000,11763500,3228,5379,11830000,10752
17,169,11830000,11833500,3228,5379,11900000,10818
17,17,1190000,1193500,3228,5379,1260000,1141
17,170,11900000,11903500,3228,5379,11970000,10883
17,171,11970000,11973500,3228,5379,12040000,10946
17,172,12040000,12043500,3228,5379,12110000,11006
17,173,12110000,12113500,3228,5379,12180000,11075
17,174,12180000,12183500,3228,5379,12250000,11137
17,175,12250000,12253500,3228,5379,12320000,11201
17,176,12320000,12323500,3228,5379,12390000,11263
17,177,12390000,12393500,3228,5379,12460000,11327
17,178,12460000,12463500,3228,5379,12530000,11390
17,179,12530000,12533500,3228,5379,12600000,11459
17,18,1260000,1263500,3228,5379,1330000,1202
17,19,1330000,1333500,3228,5379,1400000,1268
17,2,140000,143500,3228,5379,210000,186
17,20,1400000,1403500,3228,5379,1470000,1330
17,21,1470000,1473500,3228,5379,1540000,1393
17,22,1540000,1543500,3228,5379,1610000,1456
17,23,1610000,1613500,3228,5379,1680000,1525
17,24,1680000,1683500,3228,5379,1750000,1583
17,25,1750000,1753500,3228,5379,1820000,1648
17,26,1820000,1823500,3228,5379,1890000,1713
17,27,1890000,1893500,3228,5379,1960000,1777
17,28,1960000,1963500,3228,5379,2030000,1836
17,29,2030000,2033500,3228,5379,2100000,1906
17,3,210000,213500,3228,5379,280000,249
17,30,2100000,2103500,3228,5379,2170000,1967
17,31,2170000,2173500,3228,5379,2240000,2031
17,32,2240000,2243500,3228,5379,2310000,2094
17,33,2310000,2313500,3228,5379,2380000,2157
17,34,2380000,2383500,3228,5379,2450000,2221
17,35,2450000,2453500,3228,5379,2520000,2289
17,36,2520000,2523500,3228,5379,2590000,2346
17,37,2590000,2593500,3228,5379,2660000,2412
17,38,2660000,2663500,3228,5379,2730000,2478
17,39,2730000,2733500,3228,5379,2800000,2542
17,4,280000,283500,3228,5379,350000,308
17,40,2800000,2803500,3228,5379,2870000,2600
17,41,2870000,2873500,3228,5379,2940000,2669
17,42,2940000,2943500,3228,5379,3010000,2731
17,43,3010000,3013500,3228,5379,3080000,2796
17,44,3080000,3083500,3228,5379,3150000,2858
17,45,3150000,3153500,3228,5379,3220000,2921
17,46,3220000,3223500,3228,5379,3290000,2984
17,47,3290000,3293500,3228,5379,3360000,3054
17,48,3360000,3363500,3228,5379,3430000,3111
17,49,3430000,3433500,3228,5379,3500000,3176
17,5,350000,353500,3228,5379,420000,377
17,50,3500000,3503500,3228,5379,3570000,3242
17,51,3570000,3573500,3228,5379,3640000,3305
17,52,3640000,3643500,3228,5379,3710000,3365
17,53,3710000,3713500,3228,5379,3780000,3433
17,54,3780000,3783500,3228,5379,3850000,3495
17,55,3850000,3853500,3228,5379,3920000,3560
17,56,3920000,3923500,3228,5379,3990000,3622
17,57,3990000,3993500,3228,5379,4060000,3686
17,58,4060000,4063500,3228,5379,4130000,3748
17,59,4130000,4133500,3228,5379,4200000,3818
17,6,420000,423500,3228,5379,490000,438
17,60,4200000,4203500,3228,5379,4270000,3875
17,61,4270000,4273500,3228,5379,4340000,3940
17,62,4340000,4343500,3228,5379,4410000,4006
17,63,4410000,4413500,3228,5379,4480000,4069
17,64,4480000,4483500,3228,5379,4550000,4129
17,65,4550000,4553500,3228,5379,4620000,4198
17,66,4620000,4623500,3228,5379,4690000,4259
17,67,4690000,4693500,3228,5379,4760000,4324
17,68,4760000,4763500,3228,5379,4830000,4386
17,69,4830000,4833500,3228,5379,4900000,4450
17,7,490000,493500,3228,5379,560000,504
17,70,4900000,4903500,3228,5379,4970000,4513
17,71,4970000,4973500,3228,5379,5040000,4581
17,72,5040000,5043500,3228,5379,5110000,4639
17,73,5110000,5113500,3228,5379,5180000,4704
17,74,5180000,5183500,3228,5379,5250000,4771
17,75,5250000,5253500,3228,5379,5320000,4834
17,76,5320000,5323500,3228,5379,5390000,4892
17,77,5390000,5393500,3228,5379,5460000,4962
17,78,5460000,5463500,3228,5379,5530000,5023
17,79,5530000,5533500,3228,5379,5600000,5089
17,8,560000,563500,3228,5379,630000,565
17,80,5600000,5603500,3228,5379,5670000,5150
17,81,5670000,5673500,3228,5379,5740000,5213
17,82,5740000,5743500,3228,5379,5810000,5277
17,83,5810000,5813500,3228,5379,5880000,5346
17,84,5880000,5883500,3228,5379,5950000,5404
17,85,5950000,5953500,3228,5379,6020000,5468
17,86,6020000,6023500,3228,5379,6090000,5534
17,87,6090000,6093500,3228,5379,6160000,5598
17,88,6160000,6163500,3228,5379,6230000,5657
17,89,6230000,6233500,3228,5379,6300000,5726
17,9,630000,633500,3228,5379,700000,629
17,90,6300000,6303500,3228,5379,6370000,5787
17,91,6370000,6373500,3228,5379,6440000,5852
17,92,6440000,6443500,3228,5379,6510000,5915
17,93,6510000,6513500,3228,5379,6580000,5978
17,94,6580000,6583500,3228,5379,6650000,6041
17,95,6650000,6653500,3228,5379,6720000,6110
17,96,6720000,6723500,3228,5379,6790000,6167
17,97,6790000,6793500,3228,5379,6860000,6233
17,98,6860000,6863500,3228,5379,6930000,6298
17,99,6930000,6933500,3228,5379,7000000,6362
18,0,0,3500,656,1092,70000,55
18,1,70000,73500,656,1092,140000,120
18,10,700000,703500,656,1092,770000,693
18,100,7000000,7003500,656,1092,7070000,6422
18,101,7070000,7073500,656,1092,7140000,6491
18,102,7140000,7143500,656,1092,7210000,6553
18,103,7210000,7213500,656,1092,7280000,6617
18,104,7280000,7283500,656,1092,7350000,6680
18,105,7350000,7353500,656,1092,7420000,6743
18,106,7420000,7423500,656,1092,7490000,6806
18,107,7490000,7493500,656,1092,7560000,6875
18,108,7560000,7563500,656,1092,7630000,6932
18,109,7630000,7633500,656,1092,7700000,6998
18,11,770000,773500,656,1092,840000,762
18,110,7700000,7703500,656,1092,7770000,7064
18,111,7770000,7773500,656,1092,7840000,7127
18,112,7840000,7843500,656,1092,7910000,7186
18,113,7910000,7913500,656,1092,7980000,7255
18,114,7980000,7983500,656,1092,8050000,7317
18,115,8050000,8053500,656,1092,8120000,7382
18,116,8120000,8123500,656,1092,8190000,7443
18,117,8190000,8193500,656,1092,8260000,7507
18,118,8260000,8263500,656,1092,8330000,7570
18,119,8330000,8333500,656,1092,8400000,7640
18,12,840000,843500,656,1092,910000,820
18,120,8400000,8403500,656,1092,8470000,7697
18,121,8470000,8473500,656,1092,8540000,7761
18,122,8540000,8543500,656,1092,8610000,7828
18,123,8610000,8613500,656,1092,8680000,7891
18,124,8680000,8683500,656,1092,8750000,7951
18,125,8750000,8753500,656,1092,8820000,8019
18,126,8820000,8823500,656,1092,8890000,8080
18,127,8890000,8893500,656,1092,8960000,8146
18,128,8960000,8963500,656,1092,9030000,8208
18,129,9030000,9033500,656,1092,9100000,8272
18,13,910000,913500,656,1092,980000,884
18,130,9100000,9103500,656,1092,9170000,8334
18,131,9170000,9173500,656,1092,9240000,8403
18,132,9240000,9243500,656,1092,9310000,8461
18,133,9310000,9313500,656,1092,9380000,8526
18,134,9380000,9383500,656,1092,9450000,8592
18,135,9450000,9453500,656,1092,9520000,8655
18,136,9520000,9523500,656,1092,9590000,8714
18,137,9590000,9593500,656,1092,9660000,8784
18,138,9660000,9663500,656,1092,9730000,8845
18,139,9730000,9733500,656,1092,9800000,8910
18,14,980000,983500,656,1092,1050000,951
18,140,9800000,9803500,656,1092,9870000,8972
18,141,9870000,9873500,656,1092,9940000,9035
18,142,9940000,9943500,656,1092,10010000,9099
18,143,10010000,10013500,656,1092,10080000,9167
18,144,10080000,10083500,656,1092,10150000,9225
18,145,10150000,10153500,656,1092,10220000,9290
18,146,10220000,10223500,656,1092,10290000,9356
18,147,10290000,10293500,656,1092,10360000,9420
18,148,10360000,10363500,656,1092,10430000,9478
18,149,10430000,10433500,656,1092,10500000,9548
18,15,1050000,1053500,656,1092,1120000,1014
18,150,10500000,10503500,656,1092,10570000,9609
18,151,10570000,10573500,656,1092,10640000,9674
18,152,10640000,10643500,656,1092,10710000,9736
18,153,10710000,10713500,656,1092,10780000,9799
18,154,10780000,10783500,656,1092,10850000,9863
18,155,10850000,10853500,656,1092,10920000,9932
18,156,10920000,10923500,656,1092,10990000,9989
18,157,10990000,10993500,656,1092,11060000,10054
18,158,11060000,11063500,656,1092,11130000,10120
18,159,11130000,11133500,656,1092,11200000,10184
18,16,1120000,1123500,656,1092,1190000,1073
18,160,11200000,11203500,656,1092,11270000,10243
18,161,11270000,11273500,656,1092,11340000,10311
18,162,11340000,11343500,656,1092,11410000,10373
18,163,11410000,11413500,656,1092,11480000,10438
18,164,11480000,11483500,656,1092,11550000,10501
18,165,11550000,11553500,656,1092,11620000,10564
18,166,11620000,11623500,656,1092,11690000,10626
18,167,11690000,11693500,656,1092,11760000,10696
18,168,11760000,11763500,656,1092,11830000,10753
18,169,11830000,11833500,656,1092,11900000,10819
18,17,1190000,1193500,656,1092,1260000,1142
18,170,11900000,11903500,656,1092,11970000,10884
18,171,11970000,11973500,656,1092,12040000,10947
18,172,12040000,12043500,656,1092,12110000,11007
18,173,12110000,12113500,656,1092,12180000,11076
18,174,12180000,12183500,656,1092,12250000,11138
18,175,12250000,12253500,656,1092,12320000,11202
18,176,12320000,12323500,656,1092,12390000,11264
18,177,12390000,12393500,656,1092,12460000,11328
18,178,12460000,12463500,656,1092,12530000,11391
18,179,12530000,12533500,656,1092,12600000,11460
18,18,1260000,1263500,656,1092,1330000,1203
18,19,1330000,1333500,656,1092,1400000,1269
18,2,140000,143500,656,1092,210000,187
18,20,1400000,1403500,656,1092,1470000,1331
18,21,1470000,1473500,656,1092,1540000,1394
18,22,1540000,1543500,656,1092,1610000,1457
18,23,1610000,1613500,656,1092,1680000,1526
18,24,1680000,1683500,656,1092,1750000,1584
18,25,1750000,1753500,656,1092,1820000,1649
18,26,1820000,1823500,656,1092,1890000,1714
18,27,1890000,1893500,656,1092,1960000,1778
18,28,1960000,1963500,656,1092,2030000,1837
18,29,2030000,2033500,656,1092,2100000,1907
18,3,210000,213500,656,1092,280000,250
18,30,2100000,2103500,656,1092,2170000,1968
18,31,2170000,2173500,656,1092,2240000,2032
18,32,2240000,2243500,656,1092,2310000,2095
18,33,2310000,2313500,656,1092,2380000,2158
18,34,2380000,2383500,656,1092,2450000,2222
18,35,2450000,2453500,656,1092,2520000,2290
18,36,2520000,2523500,656,1092,2590000,2347
18,37,2590000,2593500,656,1092,2660000,2413
18,38,2660000,2663500,656,1092,2730000,2479
18,39,2730000,2733500,656,1092,2800000,2543
18,4,280000,283500,656,1092,350000,309
18,40,2800000,2803500,656,1092,2870000,2601
18,41,2870000,2873500,656,1092,2940000,2670
18,42,2940000,2943500,656,1092,3010000,2732
18,43,3010000,3013500,656,1092,3080000,2797
18,44,3080000,3083500,656,1092,3150000,2859
18,45,3150000,3153500,656,1092,3220000,2922
18,46,3220000,3223500,656,1092,3290000,2985
18,47,3290000,3293500,656,1092,3360000,3055
18,48,3360000,3363500,656,1092,3430000,3112
18,49,3430000,3433500,656,1092,3500000,3177
18,5,350000,353500,656,1092,420000,378
18,50,3500000,3503500,656,1092,3570000,3243
18,51,3570000,3573500,656,1092,3640000,3306
18,52,3640000,3643500,656,1092,3710000,3366
18,53,3710000,3713500,656,1092,3780000,3434
18,54,3780000,3783500,656,1092,3850000,3496
18,55,3850000,3853500,656,1092,3920000,3561
18,56,3920000,3923500,656,1092,3990000,3623
18,57,3990000,3993500,656,1092,4060000,3687
18,58,4060000,4063500,656,1092,4130000,3749
18,59,4130000,4133500,656,1092,4200000,3819
18,6,420000,423500,656,1092,490000,439
18,60,4200000,4203500,656,1092,4270000,3876
18,61,4270000,4273500,656,1092,4340000,3941
18,62,4340000,4343500,656,1092,4410000,4007
18,63,4410000,4413500,656,1092,4480000,4070
18,64,4480000,4483500,656,1092,4550000,4130
18,65,4550000,4553500,656,1092,4620000,4199
18,66,4620000,4623500,656,1092,4690000,4260
18,67,4690000,4693500,656,1092,4760000,4325
18,68,4760000,4763500,656,1092,4830000,4387
18,69,4830000,4833500,656,1092,4900000,4451
18,7,490000,493500,656,1092,560000,505
18,70,4900000,4903500,656,1092,4970000,4514
18,71,4970000,4973500,656,1092,5040000,4582
18,72,5040000,5043500,656,1092,5110000,4640
18,73,5110000,5113500,656,1092,5180000,4705
18,74,5180000,5183500,656,1092,5250000,4772
18,75,5250000,5253500,656,1092,5320000,4835
18,76,5320000,5323500,656,1092,5390000,4893
18,77,5390000,5393500,656,1092,5460000,4963
18,78,5460000,5463500,656,1092,5530000,5024
18,79,5530000,5533500,656,1092,5600000,5090
18,8,560000,563500,656,1092,630000,566
18,80,5600000,5603500,656,1092,5670000,5151
18,81,5670000,5673500,656,1092,5740000,5214
18,82,5740000,5743500,656,1092,5810000,5278
18,83,5810000,5813500,656,1092,5880000,5347
18,84,5880000,5883500,656,1092,5950000,5405
18,85,5950000,5953500,656,1092,6020000,5469
18,86,6020000,6023500,656,1092,6090000,5535
18,87,6090000,6093500,656,1092,6160000,5599
18,88,6160000,6163500,656,1092,6230000,5658
18,89,6230000,6233500,656,1092,6300000,5727
18,9,630000,633500,656,1092,700000,630
18,90,6300000,6303500,656,1092,6370000,5788
18,91,6370000,6373500,656,1092,6440000,5853
18,92,6440000,6443500,656,1092,6510000,5916
18,93,6510000,6513500,656,1092,6580000,5979
18,94,6580000,6583500,656,1092,6650000,6042
18,95,6650000,6653500,656,1092,6720000,6111
18,96,6720000,6723500,656,1092,6790000,6168
18,97,6790000,6793500,656,1092,6860000,6234
18,98,6860000,6863500,656,1092,6930000,6299
18,99,6930000,6933500,656,1092,7000000,6363
19,0,0,4500,669,1115,90000,77
19,1,90000,94500,669,1115,180000,159
19,10,900000,904500,669,1115,990000,894
19,100,9000000,9004500,669,1115,9090000,8263
19,101,9090000,9094500,669,1115,9180000,8347
19,102,9180000,9184500,669,1115,9270000,8426
19,103,9270000,9274500,669,1115,9360000,8512
19,104,9360000,9364500,669,1115,9450000,8593
19,105,9450000,9454500,669,1115,9540000,8674
19,106,9540000,9544500,669,1115,9630000,8753
19,107,9630000,9634500,669,1115,9720000,8839
19,108,9720000,9724500,669,1115,9810000,8920
19,109,9810000,9814500,669,1115,9900000,9002
19,11,990000,994500,669,1115,1080000,980
19,110,9900000,9904500,669,1115,9990000,9080
19,111,9990000,9994500,669,1115,10080000,9168
19,112,10080000,10084500,669,1115,10170000,9247
19,113,10170000,10174500,669,1115,10260000,9329
19,114,10260000,10264500,669,1115,10350000,9408
19,115,10350000,10354500,669,1115,10440000,9495
19,116,10440000,10444500,669,1115,10530000,9574
19,117,10530000,10534500,669,1115,10620000,9656
19,118,10620000,10624500,669,1115,10710000,9737
19,119,10710000,10714500,669,1115,10800000,9823
19,12,1080000,1084500,669,1115,1170000,1059
19,120,10800000,10804500,669,1115,10890000,9901
19,121,10890000,10894500,669,1115,10980000,9983
19,122,10980000,10984500,669,1115,11070000,10064
19,123,11070000,11074500,669,1115,11160000,10150
19,124,11160000,11164500,669,1115,11250000,10229
19,125,11250000,11254500,669,1115,11340000,10312
19,126,11340000,11344500,669,1115,11430000,10391
19,127,11430000,11434500,669,1115,11520000,10477
19,128,11520000,11524500,669,1115,11610000,10556
19,129,11610000,11614500,669,1115,11700000,10640
19,13,1170000,1174500,669,1115,1260000,1143
19,130,11700000,11704500,669,1115,11790000,10718
19,131,11790000,11794500,669,1115,11880000,10804
19,132,11880000,11884500,669,1115,11970000,10885
19,133,11970000,11974500,669,1115,12060000,10967
19,134,12060000,12064500,669,1115,12150000,11046
19,135,12150000,12154500,669,1115,12240000,11131
19,136,12240000,12244500,669,1115,12330000,11212
19,137,12330000,12334500,669,1115,12420000,11294
19,138,12420000,12424500,669,1115,12510000,11373
19,139,12510000,12514500,669,1115,12600000,11461
19,14,1260000,1264500,669,1115,1350000,1222
19,15,1350000,1354500,669,1115,1440000,1307
19,16,1440000,1444500,669,1115,1530000,1386
19,17,1530000,1534500,669,1115,1620000,1470
19,18,1620000,1624500,669,1115,1710000,1549
19,19,1710000,1714500,669,1115,1800000,1635
19,2,180000,184500,669,1115,270000,238
19,20,1800000,1804500,669,1115,1890000,1715
19,21,1890000,1894500,669,1115,1980000,1797
19,22,1980000,1984500,669,1115,2070000,1876
19,23,2070000,2074500,669,1115,2160000,1962
19,24,2160000,2164500,669,1115,2250000,2043
19,25,2250000,2254500,669,1115,2340000,2124
19,26,2340000,2344500,669,1115,2430000,2203
19,27,2430000,2434500,669,1115,2520000,2291
19,28,2520000,2524500,669,1115,2610000,2370
19,29,2610000,2614500,669,1115,2700000,2452
19,3,270000,274500,669,1115,360000,326
19,30,2700000,2704500,669,1115,2790000,2530
19,31,2790000,2794500,669,1115,2880000,2618
19,32,2880000,2884500,669,1115,2970000,2697
19,33,2970000,2974500,669,1115,3060000,2779
19,34,3060000,3064500,669,1115,3150000,2860
19,35,3150000,3154500,669,1115,3240000,2945
19,36,3240000,3244500,669,1115,3330000,3024
19,37,3330000,3334500,669,1115,3420000,3106
19,38,3420000,3424500,669,1115,3510000,3187
19,39,3510000,3514500,669,1115,3600000,3273
19,4,360000,364500,669,1115,450000,405
19,40,3600000,3604500,669,1115,3690000,3351
19,41,3690000,3694500,669,1115,3780000,3435
19,42,3780000,3784500,669,1115,3870000,3514
19,43,3870000,3874500,669,1115,3960000,3600
19,44,3960000,3964500,669,1115,4050000,3679
19,45,4050000,4054500,669,1115,4140000,3762
19,46,4140000,4144500,669,1115,4230000,3841
19,47,4230000,4234500,669,1115,4320000,3927
19,48,4320000,4324500,669,1115,4410000,4008
19,49,4410000,4414500,669,1115,4500000,4090
19,5,450000,454500,669,1115,540000,486
19,50,4500000,4504500,669,1115,4590000,4168
19,51,4590000,4594500,669,1115,4680000,4254
19,52,4680000,4684500,669,1115,4770000,4335
19,53,4770000,4774500,669,1115,4860000,4417
19,54,4860000,4864500,669,1115,4950000,4496
19,55,4950000,4954500,669,1115,5040000,4583
19,56,5040000,5044500,669,1115,5130000,4662
19,57,5130000,5134500,669,1115,5220000,4744
19,58,5220000,5224500,669,1115,5310000,4823
19,59,5310000,5314500,669,1115,5400000,4911
19,6,540000,544500,669,1115,630000,567
19,60,5400000,5404500,669,1115,5490000,4989
19,61,5490000,5494500,669,1115,5580000,5071
19,62,5580000,5584500,669,1115,5670000,5152
19,63,5670000,5674500,669,1115,5760000,5238
19,64,5760000,5764500,669,1115,5850000,5317
19,65,5850000,5854500,669,1115,5940000,5398
19,66,5940000,5944500,669,1115,6030000,5479
19,67,6030000,6034500,669,1115,6120000,5565
19,68,6120000,6124500,669,1115,6210000,5644
19,69,6210000,6214500,669,1115,6300000,5728
19,7,630000,634500,669,1115,720000,653
19,70,6300000,6304500,669,1115,6390000,5806
19,71,6390000,6394500,669,1115,6480000,5892
19,72,6480000,6484500,669,1115,6570000,5971
19,73,6570000,6574500,669,1115,6660000,6055
19,74,6660000,6664500,669,1115,6750000,6134
19,75,6750000,6754500,669,1115,6840000,6219
19,76,6840000,6844500,669,1115,6930000,6300
19,77,6930000,6934500,669,1115,7020000,6382
19,78,7020000,7024500,669,1115,7110000,6461
19,79,7110000,7114500,669,1115,7200000,6547
19,8,720000,724500,669,1115,810000,732
19,80,7200000,7204500,669,1115,7290000,6627
19,81,7290000,7294500,669,1115,7380000,6709
19,82,7380000,7384500,669,1115,7470000,6788
19,83,7470000,7474500,669,1115,7560000,6876
19,84,7560000,7564500,669,1115,7650000,6955
19,85,7650000,7654500,669,1115,7740000,7036
19,86,7740000,7744500,669,1115,7830000,7115
19,87,7830000,7834500,669,1115,7920000,7203
19,88,7920000,7924500,669,1115,8010000,7282
19,89,8010000,8014500,669,1115,8100000,7364
19,9,810000,814500,669,1115,900000,814
19,90,8100000,8104500,669,1115,8190000,7444
19,91,8190000,8194500,669,1115,8280000,7530
19,92,8280000,8284500,669,1115,8370000,7609
19,93,8370000,8374500,669,1115,8460000,7691
19,94,8460000,8464500,669,1115,8550000,7772
19,95,8550000,8554500,669,1115,8640000,7857
19,96,8640000,8644500,669,1115,8730000,7936
19,97,8730000,8734500,669,1115,8820000,8020
19,98,8820000,8824500,669,1115,8910000,8099
19,99,8910000,8914500,669,1115,9000000,8185
2,0,0,500,2034,3390,10000,2
2,1,10000,10500,2034,3390,20000,8
2,10,100000,100500,2034,3390,110000,89
2,100,1000000,1000500,2034,3390,1010000,910
2,1000,10000000,10000500,2034,3390,10010000,9096
2,1001,10010000,10010500,2034,3390,10020000,9102
2,1002,10020000,10020500,2034,3390,10030000,9114
2,1003,10030000,10030500,2034,3390,10040000,9120
2,1004,10040000,10040500,2034,3390,10050000,9130
2,1005,10050000,10050500,2034,3390,10060000,9140
2,1006,10060000,10060500,2034,3390,10070000,9148
2,1007,10070000,10070500,2034,3390,10080000,9152
2,1008,10080000,10080500,2034,3390,10090000,9171
2,1009,10090000,10090500,2034,3390,10100000,9177
2,101,1010000,1010500,2034,3390,1020000,914
2,1010,10100000,10100500,2034,3390,10110000,9184
2,1011,10110000,10110500,2034,3390,10120000,9193
2,1012,10120000,10120500,2034,3390,10130000,9205
2,1013,10130000,10130500,2034,3390,10140000,9209
2,1014,10140000,10140500,2034,3390,10150000,9221
2,1015,10150000,10150500,2034,3390,10160000,9230
2,1016,10160000,10160500,2034,3390,10170000,9240
2,1017,10170000,10170500,2034,3390,10180000,9250
2,1018,10180000,10180500,2034,3390,10190000,9258
2,1019,10190000,10190500,2034,3390,10200000,9262
2,102,1020000,1020500,2034,3390,1030000,926
2,1020,10200000,10200500,2034,3390,10210000,9279
2,1021,10210000,10210500,2034,3390,10220000,9285
2,1022,10220000,10220500,2034,3390,10230000,9293
2,1023,10230000,10230500,2034,3390,10240000,9302
2,1024,10240000,10240500,2034,3390,10250000,9314
2,1025,10250000,10250500,2034,3390,10260000,9319
2,1026,10260000,10260500,2034,3390,10270000,9332
2,1027,10270000,10270500,2034,3390,10280000,9338
2,1028,10280000,10280500,2034,3390,10290000,9348
2,1029,10290000,10290500,2034,3390,10300000,9359
2,103,1030000,1030500,2034,3390,1040000,932
2,1030,10300000,10300500,2034,3390,10310000,9368
2,1031,10310000,10310500,2034,3390,10320000,9372
2,1032,10320000,10320500,2034,3390,10330000,9388
2,1033,10330000,10330500,2034,3390,10340000,9394
2,1034,10340000,10340500,2034,3390,10350000,9400
2,1035,10350000,10350500,2034,3390,10360000,9411
2,1036,10360000,10360500,2034,3390,10370000,9425
2,1037,10370000,10370500,2034,3390,10380000,9429
2,1038,10380000,10380500,2034,3390,10390000,9441
2,1039,10390000,10390500,2034,3390,10400000,9447
2,104,1040000,1040500,2034,3390,1050000,942
2,1040,10400000,10400500,2034,3390,10410000,9458
2,1041,10410000,10410500,2034,3390,10420000,9467
2,1042,10420000,10420500,2034,3390,10430000,9475
2,1043,10430000,10430500,2034,3390,10440000,9481
2,1044,10440000,10440500,2034,3390,10450000,9498
2,1045,10450000,10450500,2034,3390,10460000,9505
2,1046,10460000,10460500,2034,3390,10470000,9511
2,1047,10470000,10470500,2034,3390,10480000,9520
2,1048,10480000,10480500,2034,3390,10490000,9532
2,1049,10490000,10490500,2034,3390,10500000,9536
2,105,1050000,1050500,2034,3390,1060000,954
2,1050,10500000,10500500,2034,3390,10510000,9551
2,1051,10510000,10510500,2034,3390,10520000,9557
2,1052,10520000,10520500,2034,3390,10530000,9567
2,1053,10530000,10530500,2034,3390,10540000,9577
2,1054,10540000,10540500,2034,3390,10550000,9585
2,1055,10550000,10550500,2034,3390,10560000,9590
2,1056,10560000,10560500,2034,3390,10570000,9606
2,1057,10570000,10570500,2034,3390,10580000,9614
2,1058,10580000,10580500,2034,3390,10590000,9620
2,1059,10590000,10590500,2034,3390,10600000,9629
2,106,1060000,1060500,2034,3390,1070000,962
2,1060,10600000,10600500,2034,3390,10610000,9642
2,1061,10610000,10610500,2034,3390,10620000,9646
2,1062,10620000,10620500,2034,3390,10630000,9659
2,1063,10630000,10630500,2034,3390,10640000,9665
2,1064,10640000,10640500,2034,3390,10650000,9677
2,1065,10650000,10650500,2034,3390,10660000,9687
2,1066,10660000,10660500,2034,3390,10670000,9695
2,1067,10670000,10670500,2034,3390,10680000,9699
2,1068,10680000,10680500,2034,3390,10690000,9715
2,1069,10690000,10690500,2034,3390,10700000,9721
2,107,1070000,1070500,2034,3390,1080000,966
2,1070,10700000,10700500,2034,3390,10710000,9728
2,1071,10710000,10710500,2034,3390,10720000,9740
2,1072,10720000,10720500,2034,3390,10730000,9752
2,1073,10730000,10730500,2034,3390,10740000,9756
2,1074,10740000,10740500,2034,3390,10750000,9768
2,1075,10750000,10750500,2034,3390,10760000,9775
2,1076,10760000,10760500,2034,3390,10770000,9785
2,1077,10770000,10770500,2034,3390,10780000,9794
2,1078,10780000,10780500,2034,3390,10790000,9804
2,1079,10790000,10790500,2034,3390,10800000,9808
2,108,1080000,1080500,2034,3390,1090000,983
2,1080,10800000,10800500,2034,3390,10810000,9826
2,1081,10810000,10810500,2034,3390,10820000,9832
2,1082,10820000,10820500,2034,3390,10830000,9838
2,1083,10830000,10830500,2034,3390,10840000,9847
2,1084,10840000,10840500,2034,3390,10850000,9859
2,1085,10850000,10850500,2034,3390,10860000,9866
2,1086,10860000,10860500,2034,3390,10870000,9878
2,1087,10870000,10870500,2034,3390,10880000,9884
2,1088,10880000,10880500,2034,3390,10890000,9894
2,1089,10890000,10890500,2034,3390,10900000,9904
2,109,1090000,1090500,2034,3390,1100000,989
2,1090,10900000,10900500,2034,3390,10910000,9913
2,1091,10910000,10910500,2034,3390,10920000,9917
2,1092,10920000,10920500,2034,3390,10930000,9935
2,1093,10930000,10930500,2034,3390,10940000,9941
2,1094,10940000,10940500,2034,3390,10950000,9947
2,1095,10950000,10950500,2034,3390,10960000,9957
2,1096,10960000,10960500,2034,3390,10970000,9969
2,1097,10970000,10970500,2034,3390,10980000,9973
2,1098,10980000,10980500,2034,3390,10990000,9986
2,1099,10990000,10990500,2034,3390,11000000,9994
2,11,110000,110500,2034,3390,120000,93
2,110,1100000,1100500,2034,3390,1110000,996
2,1100,11000000,11000500,2034,3390,11010000,10005
2,1101,11010000,11010500,2034,3390,11020000,10014
2,1102,11020000,11020500,2034,3390,11030000,10022
2,1103,11030000,11030500,2034,3390,11040000,10026
2,1104,11040000,11040500,2034,3390,11050000,10042
2,1105,11050000,11050500,2034,3390,11060000,10049
2,1106,11060000,11060500,2034,3390,11070000,10057
2,1107,11070000,11070500,2034,3390,11080000,10067
2,1108,11080000,11080500,2034,3390,11090000,10079
2,1109,11090000,11090500,2034,3390,11100000,10083
2,111,1110000,1110500,2034,3390,1120000,1005
2,1110,11100000,11100500,2034,3390,11110000,10096
2,1111,11110000,11110500,2034,3390,11120000,10102
2,1112,11120000,11120500,2034,3390,11130000,10112
2,1113,11130000,11130500,2034,3390,11140000,10123
2,1114,11140000,11140500,2034,3390,11150000,10131
2,1115,11150000,11150500,2034,3390,11160000,10136
2,1116,11160000,11160500,2034,3390,11170000,10153
2,1117,11170000,11170500,2034,3390,11180000,10159
2,1118,11180000,11180500,2034,3390,11190000,10165
2,1119,11190000,11190500,2034,3390,11200000,10174
2,112,1120000,1120500,2034,3390,1130000,1019
2,1120,11200000,11200500,2034,3390,11210000,10189
2,1121,11210000,11210500,2034,3390,11220000,10193
2,1122,11220000,11220500,2034,3390,11230000,10205
2,1123,11230000,11230500,2034,3390,11240000,10211
2,1124,11240000,11240500,2034,3390,11250000,10221
2,1125,11250000,11250500,2034,3390,11260000,10232
2,1126,11260000,11260500,2034,3390,11270000,10240
2,1127,11270000,11270500,2034,3390,11280000,10246
2,1128,11280000,11280500,2034,3390,11290000,10262
2,1129,11290000,11290500,2034,3390,11300000,10268
2,113,1130000,1130500,2034,3390,1140000,1023
2,1130,11300000,11300500,2034,3390,11310000,10275
2,1131,11310000,11310500,2034,3390,11320000,10284
2,1132,11320000,11320500,2034,3390,11330000,10296
2,1133,11330000,11330500,2034,3390,11340000,10300
2,1134,11340000,11340500,2034,3390,11350000,10315
2,1135,11350000,11350500,2034,3390,11360000,10322
2,1136,11360000,11360500,2034,3390,11370000,10332
2,1137,11370000,11370500,2034,3390,11380000,10341
2,1138,11380000,11380500,2034,3390,11390000,10349
2,1139,11390000,11390500,2034,3390,11400000,10353
2,114,1140000,1140500,2034,3390,1150000,1035
2,1140,11400000,11400500,2034,3390,11410000,10370
2,1141,11410000,11410500,2034,3390,11420000,10378
2,1142,11420000,11420500,2034,3390,11430000,10384
2,1143,11430000,11430500,2034,3390,11440000,10394
2,1144,11440000,11440500,2034,3390,11450000,10406
2,1145,11450000,11450500,2034,3390,11460000,10411
2,1146,11460000,11460500,2034,3390,11470000,10423
2,1147,11470000,11470500,2034,3390,11480000,10429
2,1148,11480000,11480500,2034,3390,11490000,10441
2,1149,11490000,11490500,2034,3390,11500000,10450
2,115,1150000,1150500,2034,3390,1160000,1042
2,1150,11500000,11500500,2034,3390,11510000,10459
2,1151,11510000,11510500,2034,3390,11520000,10463
2,1152,11520000,11520500,2034,3390,11530000,10480
2,1153,11530000,11530500,2034,3390,11540000,10486
2,1154,11540000,11540500,2034,3390,11550000,10492
2,1155,11550000,11550500,2034,3390,11560000,10504
2,1156,11560000,11560500,2034,3390,11570000,10516
2,1157,11570000,11570500,2034,3390,11580000,10520
2,1158,11580000,11580500,2034,3390,11590000,10532
2,1159,11590000,11590500,2034,3390,11600000,10538
2,116,1160000,1160500,2034,3390,1170000,1052
2,1160,11600000,11600500,2034,3390,11610000,10549
2,1161,11610000,11610500,2034,3390,11620000,10559
2,1162,11620000,11620500,2034,3390,11630000,10569
2,1163,11630000,11630500,2034,3390,11640000,10573
2,1164,11640000,11640500,2034,3390,11650000,10589
2,1165,11650000,11650500,2034,3390,11660000,10596
2,1166,11660000,11660500,2034,3390,11670000,10602
2,1167,11670000,11670500,2034,3390,11680000,10611
2,1168,11680000,11680500,2034,3390,11690000,10623
2,1169,11690000,11690500,2034,3390,11700000,10629
2,117,1170000,1170500,2034,3390,1180000,1062
2,1170,11700000,11700500,2034,3390,11710000,10643
2,1171,11710000,11710500,2034,3390,11720000,10649
2,1172,11720000,11720500,2034,3390,11730000,10659
2,1173,11730000,11730500,2034,3390,11740000,10668
2,1174,11740000,11740500,2034,3390,11750000,10676
2,1175,11750000,11750500,2034,3390,11760000,10681
2,1176,11760000,11760500,2034,3390,11770000,10699
2,1177,11770000,11770500,2034,3390,11780000,10705
2,1178,11780000,11780500,2034,3390,11790000,10711
2,1179,11790000,11790500,2034,3390,11800000,10721
2,118,1180000,1180500,2034,3390,1190000,1070
2,1180,11800000,11800500,2034,3390,11810000,10734
2,1181,11810000,11810500,2034,3390,11820000,10738
2,1182,11820000,11820500,2034,3390,11830000,10750
2,1183,11830000,11830500,2034,3390,11840000,10758
2,1184,11840000,11840500,2034,3390,11850000,10768
2,1185,11850000,11850500,2034,3390,11860000,10778
2,1186,11860000,11860500,2034,3390,11870000,10786
2,1187,11870000,11870500,2034,3390,11880000,10790
2,1188,11880000,11880500,2034,3390,11890000,10807
2,1189,11890000,11890500,2034,3390,11900000,10813
2,119,1190000,1190500,2034,3390,1200000,1076
2,1190,11900000,11900500,2034,3390,11910000,10822
2,1191,11910000,11910500,2034,3390,11920000,10831
2,1192,11920000,11920500,2034,3390,11930000,10843
2,1193,11930000,11930500,2034,3390,11940000,10847
2,1194,11940000,11940500,2034,3390,11950000,10859
2,1195,11950000,11950500,2034,3390,11960000,10866
2,1196,11960000,11960500,2034,3390,11970000,10876
2,1197,11970000,11970500,2034,3390,11980000,10888
2,1198,11980000,11980500,2034,3390,11990000,10896
2,1199,11990000,11990500,2034,3390,12000000,10900
2,12,120000,120500,2034,3390,130000,109
2,120,1200000,1200500,2034,3390,1210000,1093
2,1200,12000000,12000500,2034,3390,12010000,10917
2,1201,12010000,12010500,2034,3390,12020000,10923
2,1202,12020000,12020500,2034,3390,12030000,10929
2,1203,12030000,12030500,2034,3390,12040000,10938
2,1204,12040000,12040500,2034,3390,12050000,10952
2,1205,12050000,12050500,2034,3390,12060000,10957
2,1206,12060000,12060500,2034,3390,12070000,10970
2,1207,12070000,12070500,2034,3390,12080000,10976
2,1208,12080000,12080500,2034,3390,12090000,10986
2,1209,12090000,12090500,2034,3390,12100000,10995
2,121,1210000,1210500,2034,3390,1220000,1099
2,1210,12100000,12100500,2034,3390,12110000,11004
2,1211,12110000,12110500,2034,3390,12120000,11010
2,1212,12120000,12120500,2034,3390,12130000,11026
2,1213,12130000,12130500,2034,3390,12140000,11032
2,1214,12140000,12140500,2034,3390,12150000,11038
2,1215,12150000,12150500,2034,3390,12160000,11049
2,1216,12160000,12160500,2034,3390,12170000,11061
2,1217,12170000,12170500,2034,3390,12180000,11065
2,1218,12180000,12180500,2034,3390,12190000,11079
2,1219,12190000,12190500,2034,3390,12200000,11085
2,122,1220000,1220500,2034,3390,1230000,1105
2,1220,12200000,12200500,2034,3390,12210000,11096
2,1221,12210000,12210500,2034,3390,12220000,11105
2,1222,12220000,12220500,2034,3390,12230000,11113
2,1223,12230000,12230500,2034,3390,12240000,11117
2,1224,12240000,12240500,2034,3390,12250000,11134
2,1225,12250000,12250500,2034,3390,12260000,11143
2,1226,12260000,12260500,2034,3390,12270000,11149
2,1227,12270000,12270500,2034,3390,12280000,11158
2,1228,12280000,12280500,2034,3390,12290000,11170
2,1229,12290000,12290500,2034,3390,12300000,11174
2,123,1230000,1230500,2034,3390,1240000,1114
2,1230,12300000,12300500,2034,3390,12310000,11187
2,1231,12310000,12310500,2034,3390,12320000,11193
2,1232,12320000,12320500,2034,3390,12330000,11205
2,1233,12330000,12330500,2034,3390,12340000,11215
2,1234,12340000,12340500,2034,3390,12350000,11223
2,1235,12350000,12350500,2034,3390,12360000,11228
2,1236,12360000,12360500,2034,3390,12370000,11244
2,1237,12370000,12370500,2034,3390,12380000,11250
2,1238,12380000,12380500,2034,3390,12390000,11256
2,1239,12390000,12390500,2034,3390,12400000,11267
2,124,1240000,1240500,2034,3390,1250000,1126
2,1240,12400000,12400500,2034,3390,12410000,11280
2,1241,12410000,12410500,2034,3390,12420000,11284
2,1242,12420000,12420500,2034,3390,12430000,11297
2,1243,12430000,12430500,2034,3390,12440000,11303
2,1244,12440000,12440500,2034,3390,12450000,11313
2,1245,12450000,12450500,2034,3390,12460000,11323
2,1246,12460000,12460500,2034,3390,12470000,11333
2,1247,12470000,12470500,2034,3390,12480000,11337
2,1248,12480000,12480500,2034,3390,12490000,11353
2,1249,12490000,12490500,2034,3390,12500000,11359
2,125,1250000,1250500,2034,3390,1260000,1131
2,1250,12500000,12500500,2034,3390,12510000,11366
2,1251,12510000,12510500,2034,3390,12520000,11376
2,1252,12520000,12520500,2034,3390,12530000,11388
2,1253,12530000,12530500,2034,3390,12540000,11394
2,1254,12540000,12540500,2034,3390,12550000,11406
2,1255,12550000,12550500,2034,3390,12560000,11413
2,1256,12560000,12560500,2034,3390,12570000,11423
2,1257,12570000,12570500,2034,3390,12580000,11432
2,1258,12580000,12580500,2034,3390,12590000,11440
2,1259,12590000,12590500,2034,3390,12600000,11444
2,126,1260000,1260500,2034,3390,1270000,1146
2,127,1270000,1270500,2034,3390,1280000,1152
2,128,1280000,1280500,2034,3390,1290000,1162
2,129,1290000,1290500,2034,3390,1300000,1171
2,13,130000,130500,2034,3390,140000,115
2,130,1300000,1300500,2034,3390,1310000,1180
2,131,1310000,1310500,2034,3390,1320000,1184
2,132,1320000,1320500,2034,3390,1330000,1200
2,133,1330000,1330500,2034,3390,1340000,1208
2,134,1340000,1340500,2034,3390,1350000,1214
2,135,1350000,1350500,2034,3390,1360000,1225
2,136,1360000,1360500,2034,3390,1370000,1237
2,137,1370000,1370500,2034,3390,1380000,1241
2,138,1380000,1380500,2034,3390,1390000,1253
2,139,1390000,1390500,2034,3390,1400000,1259
2,14,140000,140500,2034,3390,150000,123
2,140,1400000,1400500,2034,3390,1410000,1272
2,141,1410000,1410500,2034,3390,1420000,1281
2,142,1420000,1420500,2034,3390,1430000,1289
2,143,1430000,1430500,2034,3390,1440000,1293
2,144,1440000,1440500,2034,3390,1450000,1310
2,145,1450000,1450500,2034,3390,1460000,1317
2,146,1460000,1460500,2034,3390,1470000,1323
2,147,1470000,1470500,2034,3390,1480000,1334
2,148,1480000,1480500,2034,3390,1490000,1346
2,149,1490000,1490500,2034,3390,1500000,1350
2,15,150000,150500,2034,3390,160000,133
2,150,1500000,1500500,2034,3390,1510000,1363
2,151,1510000,1510500,2034,3390,1520000,1369
2,152,1520000,1520500,2034,3390,1530000,1379
2,153,1530000,1530500,2034,3390,1540000,1389
2,154,1540000,1540500,2034,3390,1550000,1399
2,155,1550000,1550500,2034,3390,1560000,1404
2,156,1560000,1560500,2034,3390,1570000,1420
2,157,1570000,1570500,2034,3390,1580000,1426
2,158,1580000,1580500,2034,3390,1590000,1432
2,159,1590000,1590500,2034,3390,1600000,1441
2,16,160000,160500,2034,3390,170000,145
2,160,1600000,1600500,2034,3390,1610000,1454
2,161,1610000,1610500,2034,3390,1620000,1460
2,162,1620000,1620500,2034,3390,1630000,1473
2,163,1630000,1630500,2034,3390,1640000,1479
2,164,1640000,1640500,2034,3390,1650000,1489
2,165,1650000,1650500,2034,3390,1660000,1499
2,166,1660000,1660500,2034,3390,1670000,1507
2,167,1670000,1670500,2034,3390,1680000,1511
2,168,1680000,1680500,2034,3390,1690000,1529
2,169,1690000,1690500,2034,3390,1700000,1535
2,17,170000,170500,2034,3390,180000,149
2,170,1700000,1700500,2034,3390,1710000,1542
2,171,1710000,1710500,2034,3390,1720000,1552
2,172,1720000,1720500,2034,3390,1730000,1564
2,173,1730000,1730500,2034,3390,1740000,1568
2,174,1740000,1740500,2034,3390,1750000,1580
2,175,1750000,1750500,2034,3390,1760000,1589
2,176,1760000,1760500,2034,3390,1770000,1599
2,177,1770000,1770500,2034,3390,1780000,1608
2,178,1780000,1780500,2034,3390,1790000,1616
2,179,1790000,1790500,2034,3390,1800000,1620
2,18,180000,180500,2034,3390,190000,162
2,180,1800000,1800500,2034,3390,1810000,1638
2,181,1810000,1810500,2034,3390,1820000,1644
2,182,1820000,1820500,2034,3390,1830000,1652
2,183,1830000,1830500,2034,3390,1840000,1661
2,184,1840000,1840500,2034,3390,1850000,1673
2,185,1850000,1850500,2034,3390,1860000,1678
2,186,1860000,1860500,2034,3390,1870000,1690
2,187,1870000,1870500,2034,3390,1880000,1696
2,188,1880000,1880500,2034,3390,1890000,1706
2,189,1890000,1890500,2034,3390,1900000,1718
2,19,190000,190500,2034,3390,200000,168
2,190,1900000,1900500,2034,3390,1910000,1727
2,191,1910000,1910500,2034,3390,1920000,1731
2,192,1920000,1920500,2034,3390,1930000,1747
2,193,1930000,1930500,2034,3390,1940000,1753
2,194,1940000,1940500,2034,3390,1950000,1759
2,195,1950000,1950500,2034,3390,1960000,1769
2,196,1960000,1960500,2034,3390,1970000,1783
2,197,1970000,1970500,2034,3390,1980000,1787
2,198,1980000,1980500,2034,3390,1990000,1800
2,199,1990000,1990500,2034,3390,2000000,1806
2,2,20000,20500,2034,3390,30000,14
2,20,200000,200500,2034,3390,210000,179
2,200,2000000,2000500,2034,3390,2010000,1817
2,201,2010000,2010500,2034,3390,2020000,1826
2,202,2020000,2020500,2034,3390,2030000,1834
2,203,2030000,2030500,2034,3390,2040000,1840
2,204,2040000,2040500,2034,3390,2050000,1856
2,205,2050000,2050500,2034,3390,2060000,1863
2,206,2060000,2060500,2034,3390,2070000,1869
2,207,2070000,2070500,2034,3390,2080000,1879
2,208,2080000,2080500,2034,3390,2090000,1891
2,209,2090000,2090500,2034,3390,2100000,1895
2,21,210000,210500,2034,3390,220000,190
2,210,2100000,2100500,2034,3390,2110000,1910
2,211,2110000,2110500,2034,3390,2120000,1916
2,212,2120000,2120500,2034,3390,2130000,1926
2,213,2130000,2130500,2034,3390,2140000,1935
2,214,2140000,2140500,2034,3390,2150000,1943
2,215,2150000,2150500,2034,3390,2160000,1948
2,216,2160000,2160500,2034,3390,2170000,1965
2,217,2170000,2170500,2034,3390,2180000,1973
2,218,2180000,2180500,2034,3390,2190000,1979
2,219,2190000,2190500,2034,3390,2200000,1988
2,22,220000,220500,2034,3390,230000,198
2,220,2200000,2200500,2034,3390,2210000,2001
2,221,2210000,2210500,2034,3390,2220000,2005
2,222,2220000,2220500,2034,3390,2230000,2017
2,223,2230000,2230500,2034,3390,2240000,2023
2,224,2240000,2240500,2034,3390,2250000,2035
2,225,2250000,2250500,2034,3390,2260000,2046
2,226,2260000,2260500,2034,3390,2270000,2054
2,227,2270000,2270500,2034,3390,2280000,2058
2,228,2280000,2280500,2034,3390,2290000,2074
2,229,2290000,2290500,2034,3390,2300000,2080
2,23,230000,230500,2034,3390,240000,202
2,230,2300000,2300500,2034,3390,2310000,2087
2,231,2310000,2310500,2034,3390,2320000,2098
2,232,2320000,2320500,2034,3390,2330000,2110
2,233,2330000,2330500,2034,3390,2340000,2114
2,234,2340000,2340500,2034,3390,2350000,2127
2,235,2350000,2350500,2034,3390,2360000,2134
2,236,2360000,2360500,2034,3390,2370000,2144
2,237,2370000,2370500,2034,3390,2380000,2153
2,238,2380000,2380500,2034,3390,2390000,2163
2,239,2390000,2390500,2034,3390,2400000,2167
2,24,240000,240500,2034,3390,250000,218
2,240,2400000,2400500,2034,3390,2410000,2184
2,241,2410000,2410500,2034,3390,2420000,2190
2,242,2420000,2420500,2034,3390,2430000,2196
2,243,2430000,2430500,2034,3390,2440000,2206
2,244,2440000,2440500,2034,3390,2450000,2218
2,245,2450000,2450500,2034,3390,2460000,2225
2,246,2460000,2460500,2034,3390,2470000,2237
2,247,2470000,2470500,2034,3390,2480000,2243
2,248,2480000,2480500,2034,3390,2490000,2253
2,249,2490000,2490500,2034,3390,2500000,2262
2,25,250000,250500,2034,3390,260000,225
2,250,2500000,2500500,2034,3390,2510000,2271
2,251,2510000,2510500,2034,3390,2520000,2275
2,252,2520000,2520500,2034,3390,2530000,2294
2,253,2530000,2530500,2034,3390,2540000,2300
2,254,2540000,2540500,2034,3390,2550000,2306
2,255,2550000,2550500,2034,3390,2560000,2316
2,256,2560000,2560500,2034,3390,2570000,2328
2,257,2570000,2570500,2034,3390,2580000,2332
2,258,2580000,2580500,2034,3390,2590000,2344
2,259,2590000,2590500,2034,3390,2600000,2352
2,26,260000,260500,2034,3390,270000,231
2,260,2600000,2600500,2034,3390,2610000,2363
2,261,2610000,2610500,2034,3390,2620000,2373
2,262,2620000,2620500,2034,3390,2630000,2381
2,263,2630000,2630500,2034,3390,2640000,2385
2,264,2640000,2640500,2034,3390,2650000,2401
2,265,2650000,2650500,2034,3390,2660000,2408
2,266,2660000,2660500,2034,3390,2670000,2416
2,267,2670000,2670500,2034,3390,2680000,2425
2,268,2680000,2680500,2034,3390,2690000,2437
2,269,2690000,2690500,2034,3390,2700000,2441
2,27,270000,270500,2034,3390,280000,241
2,270,2700000,2700500,2034,3390,2710000,2455
2,271,2710000,2710500,2034,3390,2720000,2461
2,272,2720000,2720500,2034,3390,2730000,2471
2,273,2730000,2730500,2034,3390,2740000,2482
2,274,2740000,2740500,2034,3390,2750000,2490
2,275,2750000,2750500,2034,3390,2760000,2495
2,276,2760000,2760500,2034,3390,2770000,2511
2,277,2770000,2770500,2034,3390,2780000,2517
2,278,2780000,2780500,2034,3390,2790000,2523
2,279,2790000,2790500,2034,3390,2800000,2533
2,28,280000,280500,2034,3390,290000,255
2,280,2800000,2800500,2034,3390,2810000,2548
2,281,2810000,2810500,2034,3390,2820000,2552
2,282,2820000,2820500,2034,3390,2830000,2564
2,283,2830000,2830500,2034,3390,2840000,2570
2,284,2840000,2840500,2034,3390,2850000,2580
2,285,2850000,2850500,2034,3390,2860000,2590
2,286,2860000,2860500,2034,3390,2870000,2598
2,287,2870000,2870500,2034,3390,2880000,2604
2,288,2880000,2880500,2034,3390,2890000,2621
2,289,2890000,2890500,2034,3390,2900000,2627
2,29,290000,290500,2034,3390,300000,259
2,290,2900000,2900500,2034,3390,2910000,2634
2,291,2910000,2910500,2034,3390,2920000,2643
2,292,2920000,2920500,2034,3390,2930000,2655
2,293,2930000,2930500,2034,3390,2940000,2659
2,294,2940000,2940500,2034,3390,2950000,2673
2,295,2950000,2950500,2034,3390,2960000,2680
2,296,2960000,2960500,2034,3390,2970000,2690
2,297,2970000,2970500,2034,3390,2980000,2700
2,298,2980000,2980500,2034,3390,2990000,2708
2,299,2990000,2990500,2034,3390,3000000,2712
2,3,30000,30500,2034,3390,40000,23
2,30,300000,300500,2034,3390,310000,272
2,300,3000000,3000500,2034,3390,3010000,2729
2,301,3010000,3010500,2034,3390,3020000,2737
2,302,3020000,3020500,2034,3390,3030000,2743
2,303,3030000,3030500,2034,3390,3040000,2752
2,304,3040000,3040500,2034,3390,3050000,2764
2,305,3050000,3050500,2034,3390,3060000,2769
2,306,3060000,3060500,2034,3390,3070000,2782
2,307,3070000,3070500,2034,3390,3080000,2788
2,308,3080000,3080500,2034,3390,3090000,2800
2,309,3090000,3090500,2034,3390,3100000,2809
2,31,310000,310500,2034,3390,320000,278
2,310,3100000,3100500,2034,3390,3110000,2818
2,311,3110000,3110500,2034,3390,3120000,2822
2,312,3120000,3120500,2034,3390,3130000,2838
2,313,3130000,3130500,2034,3390,3140000,2844
2,314,3140000,3140500,2034,3390,3150000,2850
2,315,3150000,3150500,2034,3390,3160000,2863
2,316,3160000,3160500,2034,3390,3170000,2875
2,317,3170000,3170500,2034,3390,3180000,2879
2,318,3180000,3180500,2034,3390,3190000,2891
2,319,3190000,3190500,2034,3390,3200000,2897
2,32,320000,320500,2034,3390,330000,288
2,320,3200000,3200500,2034,3390,3210000,2908
2,321,3210000,3210500,2034,3390,3220000,2917
2,322,3220000,3220500,2034,3390,3230000,2927
2,323,3230000,3230500,2034,3390,3240000,2931
2,324,3240000,3240500,2034,3390,3250000,2948
2,325,3250000,3250500,2034,3390,3260000,2955
2,326,3260000,3260500,2034,3390,3270000,2961
2,327,3270000,3270500,2034,3390,3280000,2970
2,328,3280000,3280500,2034,3390,3290000,2982
2,329,3290000,3290500,2034,3390,3300000,2988
2,33,330000,330500,2034,3390,340000,297
2,330,3300000,3300500,2034,3390,3310000,3001
2,331,3310000,3310500,2034,3390,3320000,3007
2,332,3320000,3320500,2034,3390,3330000,3017
2,333,3330000,3330500,2034,3390,3340000,3027
2,334,3340000,3340500,2034,3390,3350000,3035
2,335,3350000,3350500,2034,3390,3360000,3040
2,336,3360000,3360500,2034,3390,3370000,3058
2,337,3370000,3370500,2034,3390,3380000,3064
2,338,3380000,3380500,2034,3390,3390000,3070
2,339,3390000,3390500,2034,3390,3400000,3079
2,34,340000,340500,2034,3390,350000,305
2,340,3400000,3400500,2034,3390,3410000,3092
2,341,3410000,3410500,2034,3390,3420000,3096
2,342,3420000,3420500,2034,3390,3430000,3109
2,343,3430000,3430500,2034,3390,3440000,3117
2,344,3440000,3440500,2034,3390,3450000,3127
2,345,3450000,3450500,2034,3390,3460000,3137
2,346,3460000,3460500,2034,3390,3470000,3145
2,347,3470000,3470500,2034,3390,3480000,3149
2,348,3480000,3480500,2034,3390,3490000,3165
2,349,3490000,3490500,2034,3390,3500000,3171
2,35,350000,350500,2034,3390,360000,312
2,350,3500000,3500500,2034,3390,3510000,3180
2,351,3510000,3510500,2034,3390,3520000,3190
2,352,3520000,3520500,2034,3390,3530000,3202
2,353,3530000,3530500,2034,3390,3540000,3206
2,354,3540000,3540500,2034,3390,3550000,3218
2,355,3550000,3550500,2034,3390,3560000,3225
2,356,3560000,3560500,2034,3390,3570000,3235
2,357,3570000,3570500,2034,3390,3580000,3246
2,358,3580000,3580500,2034,3390,3590000,3254
2,359,3590000,3590500,2034,3390,3600000,3258
2,36,360000,360500,2034,3390,370000,329
2,360,3600000,3600500,2034,3390,3610000,3276
2,361,3610000,3610500,2034,3390,3620000,3282
2,362,3620000,3620500,2034,3390,3630000,3288
2,363,3630000,3630500,2034,3390,3640000,3297
2,364,3640000,3640500,2034,3390,3650000,3311
2,365,3650000,3650500,2034,3390,3660000,3316
2,366,3660000,3660500,2034,3390,3670000,3328
2,367,3670000,3670500,2034,3390,3680000,3334
2,368,3680000,3680500,2034,3390,3690000,3344
2,369,3690000,3690500,2034,3390,3700000,3354
2,37,370000,370500,2034,3390,380000,335
2,370,3700000,3700500,2034,3390,3710000,3363
2,371,3710000,3710500,2034,3390,3720000,3369
2,372,3720000,3720500,2034,3390,3730000,3385
2,373,3730000,3730500,2034,3390,3740000,3391
2,374,3740000,3740500,2034,3390,3750000,3397
2,375,3750000,3750500,2034,3390,3760000,3407
2,376,3760000,3760500,2034,3390,3770000,3419
2,377,3770000,3770500,2034,3390,3780000,3423
2,378,3780000,3780500,2034,3390,3790000,3438
2,379,3790000,3790500,2034,3390,3800000,3444
2,38,380000,380500,2034,3390,390000,341
2,380,3800000,3800500,2034,3390,3810000,3455
2,381,3810000,3810500,2034,3390,3820000,3464
2,382,3820000,3820500,2034,3390,3830000,3472
2,383,3830000,3830500,2034,3390,3840000,3476
2,384,3840000,3840500,2034,3390,3850000,3492
2,385,3850000,3850500,2034,3390,3860000,3501
2,386,3860000,3860500,2034,3390,3870000,3507
2,387,3870000,3870500,2034,3390,3880000,3517
2,388,3880000,3880500,2034,3390,3890000,3529
2,389,3890000,3890500,2034,3390,3900000,3533
2,39,390000,390500,2034,3390,400000,350
2,390,3900000,3900500,2034,3390,3910000,3546
2,391,3910000,3910500,2034,3390,3920000,3552
2,392,3920000,3920500,2034,3390,3930000,3564
2,393,3930000,3930500,2034,3390,3940000,3573
2,394,3940000,3940500,2034,3390,3950000,3581
2,395,3950000,3950500,2034,3390,3960000,3586
2,396,3960000,3960500,2034,3390,3970000,3603
2,397,3970000,3970500,2034,3390,3980000,3609
2,398,3980000,3980500,2034,3390,3990000,3615
2,399,3990000,3990500,2034,3390,4000000,3626
2,4,40000,40500,2034,3390,50000,35
2,40,400000,400500,2034,3390,410000,363
2,400,4000000,4000500,2034,3390,4010000,3639
2,401,4010000,4010500,2034,3390,4020000,3643
2,402,4020000,4020500,2034,3390,4030000,3655
2,403,4030000,4030500,2034,3390,4040000,3661
2,404,4040000,4040500,2034,3390,4050000,3671
2,405,4050000,4050500,2034,3390,4060000,3682
2,406,4060000,4060500,2034,3390,4070000,3692
2,407,4070000,4070500,2034,3390,4080000,3696
2,408,4080000,4080500,2034,3390,4090000,3712
2,409,4090000,4090500,2034,3390,4100000,3718
2,41,410000,410500,2034,3390,420000,367
2,410,4100000,4100500,2034,3390,4110000,3725
2,411,4110000,4110500,2034,3390,4120000,3734
2,412,4120000,4120500,2034,3390,4130000,3746
2,413,4130000,4130500,2034,3390,4140000,3752
2,414,4140000,4140500,2034,3390,4150000,3765
2,415,4150000,4150500,2034,3390,4160000,3772
2,416,4160000,4160500,2034,3390,4170000,3782
2,417,4170000,4170500,2034,3390,4180000,3791
2,418,4180000,4180500,2034,3390,4190000,3799
2,419,4190000,4190500,2034,3390,4200000,3803
2,42,420000,420500,2034,3390,430000,381
2,420,4200000,4200500,2034,3390,4210000,3822
2,421,4210000,4210500,2034,3390,4220000,3828
2,422,4220000,4220500,2034,3390,4230000,3834
2,423,4230000,4230500,2034,3390,4240000,3844
2,424,4240000,4240500,2034,3390,4250000,3856
2,425,4250000,4250500,2034,3390,4260000,3861
2,426,4260000,4260500,2034,3390,4270000,3873
2,427,4270000,4270500,2034,3390,4280000,3881
2,428,4280000,4280500,2034,3390,4290000,3891
2,429,4290000,4290500,2034,3390,4300000,3900
2,43,430000,430500,2034,3390,440000,387
2,430,4300000,4300500,2034,3390,4310000,3909
2,431,4310000,4310500,2034,3390,4320000,3913
2,432,4320000,4320500,2034,3390,4330000,3930
2,433,4330000,4330500,2034,3390,4340000,3936
2,434,4340000,4340500,2034,3390,4350000,3944
2,435,4350000,4350500,2034,3390,4360000,3954
2,436,4360000,4360500,2034,3390,4370000,3966
2,437,4370000,4370500,2034,3390,4380000,3970
2,438,4380000,4380500,2034,3390,4390000,3982
2,439,4390000,4390500,2034,3390,4400000,3988
2,44,440000,440500,2034,3390,450000,397
2,440,4400000,4400500,2034,3390,4410000,3999
2,441,4410000,4410500,2034,3390,4420000,4011
2,442,4420000,4420500,2034,3390,4430000,4019
2,443,4430000,4430500,2034,3390,4440000,4023
2,444,4440000,4440500,2034,3390,4450000,4039
2,445,4450000,4450500,2034,3390,4460000,4046
2,446,4460000,4460500,2034,3390,4470000,4052
2,447,4470000,4470500,2034,3390,4480000,4061
2,448,4480000,4480500,2034,3390,4490000,4075
2,449,4490000,4490500,2034,3390,4500000,4079
2,45,450000,450500,2034,3390,460000,408
2,450,4500000,4500500,2034,3390,4510000,4093
2,451,4510000,4510500,2034,3390,4520000,4099
2,452,4520000,4520500,2034,3390,4530000,4109
2,453,4530000,4530500,2034,3390,4540000,4118
2,454,4540000,4540500,2034,3390,4550000,4126
2,455,4550000,4550500,2034,3390,4560000,4133
2,456,4560000,4560500,2034,3390,4570000,4149
2,457,4570000,4570500,2034,3390,4580000,4155
2,458,4580000,4580500,2034,3390,4590000,4161
2,459,4590000,4590500,2034,3390,4600000,4171
2,46,460000,460500,2034,3390,470000,416
2,460,4600000,4600500,2034,3390,4610000,4184
2,461,4610000,4610500,2034,3390,4620000,4188
2,462,4620000,4620500,2034,3390,4630000,4202
2,463,4630000,4630500,2034,3390,4640000,4208
2,464,4640000,4640500,2034,3390,4650000,4218
2,465,4650000,4650500,2034,3390,4660000,4228
2,466,4660000,4660500,2034,3390,4670000,4236
2,467,4670000,4670500,2034,3390,4680000,4240
2,468,4680000,4680500,2034,3390,4690000,4257
2,469,4690000,4690500,2034,3390,4700000,4265
2,47,470000,470500,2034,3390,480000,420
2,470,4700000,4700500,2034,3390,4710000,4272
2,471,4710000,4710500,2034,3390,4720000,4281
2,472,4720000,4720500,2034,3390,4730000,4293
2,473,4730000,4730500,2034,3390,4740000,4297
2,474,4740000,4740500,2034,3390,4750000,4309
2,475,4750000,4750500,2034,3390,4760000,4316
2,476,4760000,4760500,2034,3390,4770000,4328
2,477,4770000,4770500,2034,3390,4780000,4338
2,478,4780000,4780500,2034,3390,4790000,4346
2,479,4790000,4790500,2034,3390,4800000,4350
2,48,480000,480500,2034,3390,490000,436
2,480,4800000,4800500,2034,3390,4810000,4367
2,481,4810000,4810500,2034,3390,4820000,4373
2,482,4820000,4820500,2034,3390,4830000,4379
2,483,4830000,4830500,2034,3390,4840000,4390
2,484,4840000,4840500,2034,3390,4850000,4402
2,485,4850000,4850500,2034,3390,4860000,4407
2,486,4860000,4860500,2034,3390,4870000,4420
2,487,4870000,4870500,2034,3390,4880000,4426
2,488,4880000,4880500,2034,3390,4890000,4436
2,489,4890000,4890500,2034,3390,4900000,4445
2,49,490000,490500,2034,3390,500000,444
2,490,4900000,4900500,2034,3390,4910000,4456
2,491,4910000,4910500,2034,3390,4920000,4460
2,492,4920000,4920500,2034,3390,4930000,4476
2,493,4930000,4930500,2034,3390,4940000,4482
2,494,4940000,4940500,2034,3390,4950000,4488
2,495,4950000,4950500,2034,3390,4960000,4499
2,496,4960000,4960500,2034,3390,4970000,4511
2,497,4970000,4970500,2034,3390,4980000,4517
2,498,4980000,4980500,2034,3390,4990000,4529
2,499,4990000,4990500,2034,3390,5000000,4535
2,5,50000,50500,2034,3390,60000,40
2,50,500000,500500,2034,3390,510000,451
2,500,5000000,5000500,2034,3390,5010000,4546
2,501,5010000,5010500,2034,3390,5020000,4555
2,502,5020000,5020500,2034,3390,5030000,4563
2,503,5030000,5030500,2034,3390,5040000,4567
2,504,5040000,5040500,2034,3390,5050000,4586
2,505,5050000,5050500,2034,3390,5060000,4593
2,506,5060000,5060500,2034,3390,5070000,4599
2,507,5070000,5070500,2034,3390,5080000,4608
2,508,5080000,5080500,2034,3390,5090000,4620
2,509,5090000,5090500,2034,3390,5100000,4624
2,51,510000,510500,2034,3390,520000,460
2,510,5100000,5100500,2034,3390,5110000,4637
2,511,5110000,5110500,2034,3390,5120000,4645
2,512,5120000,5120500,2034,3390,5130000,4655
2,513,5130000,5130500,2034,3390,5140000,4665
2,514,5140000,5140500,2034,3390,5150000,4673
2,515,5150000,5150500,2034,3390,5160000,4678
2,516,5160000,5160500,2034,3390,5170000,4694
2,517,5170000,5170500,2034,3390,5180000,4700
2,518,5180000,5180500,2034,3390,5190000,4708
2,519,5190000,5190500,2034,3390,5200000,4717
2,52,520000,520500,2034,3390,530000,472
2,520,5200000,5200500,2034,3390,5210000,4730
2,521,5210000,5210500,2034,3390,5220000,4734
2,522,5220000,5220500,2034,3390,5230000,4747
2,523,5230000,5230500,2034,3390,5240000,4753
2,524,5240000,5240500,2034,3390,5250000,4763
2,525,5250000,5250500,2034,3390,5260000,4775
2,526,5260000,5260500,2034,3390,5270000,4783
2,527,5270000,5270500,2034,3390,5280000,4787
2,528,5280000,5280500,2034,3390,5290000,4803
2,529,5290000,5290500,2034,3390,5300000,4809
2,53,530000,530500,2034,3390,540000,476
2,530,5300000,5300500,2034,3390,5310000,4816
2,531,5310000,5310500,2034,3390,5320000,4826
2,532,5320000,5320500,2034,3390,5330000,4840
2,533,5330000,5330500,2034,3390,5340000,4844
2,534,5340000,5340500,2034,3390,5350000,4856
2,535,5350000,5350500,2034,3390,5360000,4863
2,536,5360000,5360500,2034,3390,5370000,4873
2,537,5370000,5370500,2034,3390,5380000,4882
2,538,5380000,5380500,2034,3390,5390000,4890
2,539,5390000,5390500,2034,3390,5400000,4896
2,54,540000,540500,2034,3390,550000,489
2,540,5400000,5400500,2034,3390,5410000,4914
2,541,5410000,5410500,2034,3390,5420000,4920
2,542,5420000,5420500,2034,3390,5430000,4926
2,543,5430000,5430500,2034,3390,5440000,4935
2,544,5440000,5440500,2034,3390,5450000,4947
2,545,5450000,5450500,2034,3390,5460000,4952
2,546,5460000,5460500,2034,3390,5470000,4966
2,547,5470000,5470500,2034,3390,5480000,4972
2,548,5480000,5480500,2034,3390,5490000,4982
2,549,5490000,5490500,2034,3390,5500000,4992
2,55,550000,550500,2034,3390,560000,496
2,550,5500000,5500500,2034,3390,5510000,5001
2,551,5510000,5510500,2034,3390,5520000,5005
2,552,5520000,5520500,2034,3390,5530000,5021
2,553,5530000,5530500,2034,3390,5540000,5029
2,554,5540000,5540500,2034,3390,5550000,5035
2,555,5550000,5550500,2034,3390,5560000,5045
2,556,5560000,5560500,2034,3390,5570000,5057
2,557,5570000,5570500,2034,3390,5580000,5061
2,558,5580000,5580500,2034,3390,5590000,5074
2,559,5590000,5590500,2034,3390,5600000,5080
2,56,560000,560500,2034,3390,570000,508
2,560,5600000,5600500,2034,3390,5610000,5093
2,561,5610000,5610500,2034,3390,5620000,5102
2,562,5620000,5620500,2034,3390,5630000,5110
2,563,5630000,5630500,2034,3390,5640000,5114
2,564,5640000,5640500,2034,3390,5650000,5130
2,565,5650000,5650500,2034,3390,5660000,5137
2,566,5660000,5660500,2034,3390,5670000,5143
2,567,5670000,5670500,2034,3390,5680000,5155
2,568,5680000,5680500,2034,3390,5690000,5167
2,569,5690000,5690500,2034,3390,5700000,5171
2,57,570000,570500,2034,3390,580000,517
2,570,5700000,5700500,2034,3390,5710000,5184
2,571,5710000,5710500,2034,3390,5720000,5190
2,572,5720000,5720500,2034,3390,5730000,5200
2,573,5730000,5730500,2034,3390,5740000,5209
2,574,5740000,5740500,2034,3390,5750000,5219
2,575,5750000,5750500,2034,3390,5760000,5224
2,576,5760000,5760500,2034,3390,5770000,5241
2,577,5770000,5770500,2034,3390,5780000,5247
2,578,5780000,5780500,2034,3390,5790000,5253
2,579,5790000,5790500,2034,3390,5800000,5262
2,58,580000,580500,2034,3390,590000,525
2,580,5800000,5800500,2034,3390,5810000,5275
2,581,5810000,5810500,2034,3390,5820000,5281
2,582,5820000,5820500,2034,3390,5830000,5293
2,583,5830000,5830500,2034,3390,5840000,5299
2,584,5840000,5840500,2034,3390,5850000,5309
2,585,5850000,5850500,2034,3390,5860000,5320
2,586,5860000,5860500,2034,3390,5870000,5328
2,587,5870000,5870500,2034,3390,5880000,5332
2,588,5880000,5880500,2034,3390,5890000,5350
2,589,5890000,5890500,2034,3390,5900000,5356
2,59,590000,590500,2034,3390,600000,529
2,590,5900000,5900500,2034,3390,5910000,5363
2,591,5910000,5910500,2034,3390,5920000,5372
2,592,5920000,5920500,2034,3390,5930000,5384
2,593,5930000,5930500,2034,3390,5940000,5388
2,594,5940000,5940500,2034,3390,5950000,5401
2,595,5950000,5950500,2034,3390,5960000,5410
2,596,5960000,5960500,2034,3390,5970000,5420
2,597,5970000,5970500,2034,3390,5980000,5429
2,598,5980000,5980500,2034,3390,5990000,5437
2,599,5990000,5990500,2034,3390,6000000,5441
2,6,60000,60500,2034,3390,70000,52
2,60,600000,600500,2034,3390,610000,546
2,600,6000000,6000500,2034,3390,6010000,5458
2,601,6010000,6010500,2034,3390,6020000,5464
2,602,6020000,6020500,2034,3390,6030000,5472
2,603,6030000,6030500,2034,3390,6040000,5482
2,604,6040000,6040500,2034,3390,6050000,5494
2,605,6050000,6050500,2034,3390,6060000,5499
2,606,6060000,6060500,2034,3390,6070000,5511
2,607,6070000,6070500,2034,3390,6080000,5517
2,608,6080000,6080500,2034,3390,6090000,5527
2,609,6090000,6090500,2034,3390,6100000,5538
2,61,610000,610500,2034,3390,620000,552
2,610,6100000,6100500,2034,3390,6110000,5547
2,611,6110000,6110500,2034,3390,6120000,5551
2,612,6120000,6120500,2034,3390,6130000,5568
2,613,6130000,6130500,2034,3390,6140000,5574
2,614,6140000,6140500,2034,3390,6150000,5580
2,615,6150000,6150500,2034,3390,6160000,5590
2,616,6160000,6160500,2034,3390,6170000,5604
2,617,6170000,6170500,2034,3390,6180000,5608
2,618,6180000,6180500,2034,3390,6190000,5620
2,619,6190000,6190500,2034,3390,6200000,5626
2,62,620000,620500,2034,3390,630000,558
2,620,6200000,6200500,2034,3390,6210000,5637
2,621,6210000,6210500,2034,3390,6220000,5647
2,622,6220000,6220500,2034,3390,6230000,5655
2,623,6230000,6230500,2034,3390,6240000,5661
2,624,6240000,6240500,2034,3390,6250000,5677
2,625,6250000,6250500,2034,3390,6260000,5684
2,626,6260000,6260500,2034,3390,6270000,5690
2,627,6270000,6270500,2034,3390,6280000,5699
2,628,6280000,6280500,2034,3390,6290000,5711
2,629,6290000,6290500,2034,3390,6300000,5715
2,63,630000,630500,2034,3390,640000,570
2,630,6300000,6300500,2034,3390,6310000,5731
2,631,6310000,6310500,2034,3390,6320000,5737
2,632,6320000,6320500,2034,3390,6330000,5747
2,633,6330000,6330500,2034,3390,6340000,5756
2,634,6340000,6340500,2034,3390,6350000,5764
2,635,6350000,6350500,2034,3390,6360000,5769
2,636,6360000,6360500,2034,3390,6370000,5785
2,637,6370000,6370500,2034,3390,6380000,5793
2,638,6380000,6380500,2034,3390,6390000,5799
2,639,6390000,6390500,2034,3390,6400000,5809
2,64,640000,640500,2034,3390,650000,582
2,640,6400000,6400500,2034,3390,6410000,5822
2,641,6410000,6410500,2034,3390,6420000,5826
2,642,6420000,6420500,2034,3390,6430000,5838
2,643,6430000,6430500,2034,3390,6440000,5844
2,644,6440000,6440500,2034,3390,6450000,5856
2,645,6450000,6450500,2034,3390,6460000,5866
2,646,6460000,6460500,2034,3390,6470000,5874
2,647,6470000,6470500,2034,3390,6480000,5878
2,648,6480000,6480500,2034,3390,6490000,5895
2,649,6490000,6490500,2034,3390,6500000,5901
2,65,650000,650500,2034,3390,660000,587
2,650,6500000,6500500,2034,3390,6510000,5908
2,651,6510000,6510500,2034,3390,6520000,5919
2,652,6520000,6520500,2034,3390,6530000,5931
2,653,6530000,6530500,2034,3390,6540000,5935
2,654,6540000,6540500,2034,3390,6550000,5947
2,655,6550000,6550500,2034,3390,6560000,5954
2,656,6560000,6560500,2034,3390,6570000,5964
2,657,6570000,6570500,2034,3390,6580000,5974
2,658,6580000,6580500,2034,3390,6590000,5984
2,659,6590000,6590500,2034,3390,6600000,5988
2,66,660000,660500,2034,3390,670000,599
2,660,6600000,6600500,2034,3390,6610000,6005
2,661,6610000,6610500,2034,3390,6620000,6011
2,662,6620000,6620500,2034,3390,6630000,6017
2,663,6630000,6630500,2034,3390,6640000,6026
2,664,6640000,6640500,2034,3390,6650000,6038
2,665,6650000,6650500,2034,3390,6660000,6045
2,666,6660000,6660500,2034,3390,6670000,6058
2,667,6670000,6670500,2034,3390,6680000,6064
2,668,6680000,6680500,2034,3390,6690000,6074
2,669,6690000,6690500,2034,3390,6700000,6083
2,67,670000,670500,2034,3390,680000,605
2,670,6700000,6700500,2034,3390,6710000,6092
2,671,6710000,6710500,2034,3390,6720000,6096
2,672,6720000,6720500,2034,3390,6730000,6114
2,673,6730000,6730500,2034,3390,6740000,6120
2,674,6740000,6740500,2034,3390,6750000,6126
2,675,6750000,6750500,2034,3390,6760000,6137
2,676,6760000,6760500,2034,3390,6770000,6149
2,677,6770000,6770500,2034,3390,6780000,6153
2,678,6780000,6780500,2034,3390,6790000,6165
2,679,6790000,6790500,2034,3390,6800000,6173
2,68,680000,680500,2034,3390,690000,615
2,680,6800000,6800500,2034,3390,6810000,6184
2,681,6810000,6810500,2034,3390,6820000,6193
2,682,6820000,6820500,2034,3390,6830000,6201
2,683,6830000,6830500,2034,3390,6840000,6205
2,684,6840000,6840500,2034,3390,6850000,6222
2,685,6850000,6850500,2034,3390,6860000,6229
2,686,6860000,6860500,2034,3390,6870000,6237
2,687,6870000,6870500,2034,3390,6880000,6246
2,688,6880000,6880500,2034,3390,6890000,6258
2,689,6890000,6890500,2034,3390,6900000,6262
2,69,690000,690500,2034,3390,700000,624
2,690,6900000,6900500,2034,3390,6910000,6275
2,691,6910000,6910500,2034,3390,6920000,6281
2,692,6920000,6920500,2034,3390,6930000,6291
2,693,6930000,6930500,2034,3390,6940000,6303
2,694,6940000,6940500,2034,3390,6950000,6311
2,695,6950000,6950500,2034,3390,6960000,6316
2,696,6960000,6960500,2034,3390,6970000,6332
2,697,6970000,6970500,2034,3390,6980000,6338
2,698,6980000,6980500,2034,3390,6990000,6344
2,699,6990000,6990500,2034,3390,7000000,6353
2,7,70000,70500,2034,3390,80000,60
2,70,700000,700500,2034,3390,710000,635
2,700,7000000,7000500,2034,3390,7010000,6368
2,701,7010000,7010500,2034,3390,7020000,6372
2,702,7020000,7020500,2034,3390,7030000,6385
2,703,7030000,7030500,2034,3390,7040000,6391
2,704,7040000,7040500,2034,3390,7050000,6401
2,705,7050000,7050500,2034,3390,7060000,6411
2,706,7060000,7060500,2034,3390,7070000,6419
2,707,7070000,7070500,2034,3390,7080000,6425
2,708,7080000,7080500,2034,3390,7090000,6441
2,709,7090000,7090500,2034,3390,7100000,6447
2,71,710000,710500,2034,3390,720000,639
2,710,7100000,7100500,2034,3390,7110000,6454
2,711,7110000,7110500,2034,3390,7120000,6464
2,712,7120000,7120500,2034,3390,7130000,6476
2,713,7130000,7130500,2034,3390,7140000,6480
2,714,7140000,7140500,2034,3390,7150000,6494
2,715,7150000,7150500,2034,3390,7160000,6501
2,716,7160000,7160500,2034,3390,7170000,6511
2,717,7170000,7170500,2034,3390,7180000,6520
2,718,7180000,7180500,2034,3390,7190000,6528
2,719,7190000,7190500,2034,3390,7200000,6532
2,72,720000,720500,2034,3390,730000,656
2,720,7200000,7200500,2034,3390,7210000,6550
2,721,7210000,7210500,2034,3390,7220000,6558
2,722,7220000,7220500,2034,3390,7230000,6564
2,723,7230000,7230500,2034,3390,7240000,6573
2,724,7240000,7240500,2034,3390,7250000,6585
2,725,7250000,7250500,2034,3390,7260000,6590
2,726,7260000,7260500,2034,3390,7270000,6602
2,727,7270000,7270500,2034,3390,7280000,6608
2,728,7280000,7280500,2034,3390,7290000,6620
2,729,7290000,7290500,2034,3390,7300000,6630
2,73,730000,730500,2034,3390,740000,662
2,730,7300000,7300500,2034,3390,7310000,6639
2,731,7310000,7310500,2034,3390,7320000,6643
2,732,7320000,7320500,2034,3390,7330000,6659
2,733,7330000,7330500,2034,3390,7340000,6665
2,734,7340000,7340500,2034,3390,7350000,6671
2,735,7350000,7350500,2034,3390,7360000,6683
2,736,7360000,7360500,2034,3390,7370000,6695
2,737,7370000,7370500,2034,3390,7380000,6699
2,738,7380000,7380500,2034,3390,7390000,6712
2,739,7390000,7390500,2034,3390,7400000,6718
2,74,740000,740500,2034,3390,750000,668
2,740,7400000,7400500,2034,3390,7410000,6729
2,741,7410000,7410500,2034,3390,7420000,6738
2,742,7420000,7420500,2034,3390,7430000,6748
2,743,7430000,7430500,2034,3390,7440000,6752
2,744,7440000,7440500,2034,3390,7450000,6768
2,745,7450000,7450500,2034,3390,7460000,6775
2,746,7460000,7460500,2034,3390,7470000,6781
2,747,7470000,7470500,2034,3390,7480000,6791
2,748,7480000,7480500,2034,3390,7490000,6803
2,749,7490000,7490500,2034,3390,7500000,6809
2,75,750000,750500,2034,3390,760000,678
2,750,7500000,7500500,2034,3390,7510000,6822
2,751,7510000,7510500,2034,3390,7520000,6828
2,752,7520000,7520500,2034,3390,7530000,6838
2,753,7530000,7530500,2034,3390,7540000,6847
2,754,7540000,7540500,2034,3390,7550000,6855
2,755,7550000,7550500,2034,3390,7560000,6860
2,756,7560000,7560500,2034,3390,7570000,6879
2,757,7570000,7570500,2034,3390,7580000,6885
2,758,7580000,7580500,2034,3390,7590000,6891
2,759,7590000,7590500,2034,3390,7600000,6900
2,76,760000,760500,2034,3390,770000,690
2,760,7600000,7600500,2034,3390,7610000,6913
2,761,7610000,7610500,2034,3390,7620000,6917
2,762,7620000,7620500,2034,3390,7630000,6929
2,763,7630000,7630500,2034,3390,7640000,6937
2,764,7640000,7640500,2034,3390,7650000,6947
2,765,7650000,7650500,2034,3390,7660000,6958
2,766,7660000,7660500,2034,3390,7670000,6966
2,767,7670000,7670500,2034,3390,7680000,6970
2,768,7680000,7680500,2034,3390,7690000,6986
2,769,7690000,7690500,2034,3390,7700000,6992
2,77,770000,770500,2034,3390,780000,696
2,770,7700000,7700500,2034,3390,7710000,7001
2,771,7710000,7710500,2034,3390,7720000,7010
2,772,7720000,7720500,2034,3390,7730000,7022
2,773,7730000,7730500,2034,3390,7740000,7026
2,774,7740000,7740500,2034,3390,7750000,7039
2,775,7750000,7750500,2034,3390,7760000,7046
2,776,7760000,7760500,2034,3390,7770000,7056
2,777,7770000,7770500,2034,3390,7780000,7067
2,778,7780000,7780500,2034,3390,7790000,7075
2,779,7790000,7790500,2034,3390,7800000,7079
2,78,780000,780500,2034,3390,790000,708
2,780,7800000,7800500,2034,3390,7810000,7096
2,781,7810000,7810500,2034,3390,7820000,7102
2,782,7820000,7820500,2034,3390,7830000,7108
2,783,7830000,7830500,2034,3390,7840000,7118
2,784,7840000,7840500,2034,3390,7850000,7132
2,785,7850000,7850500,2034,3390,7860000,7137
2,786,7860000,7860500,2034,3390,7870000,7149
2,787,7870000,7870500,2034,3390,7880000,7155
2,788,7880000,7880500,2034,3390,7890000,7165
2,789,7890000,7890500,2034,3390,7900000,7174
2,79,790000,790500,2034,3390,800000,714
2,790,7900000,7900500,2034,3390,7910000,7183
2,791,7910000,7910500,2034,3390,7920000,7189
2,792,7920000,7920500,2034,3390,7930000,7206
2,793,7930000,7930500,2034,3390,7940000,7212
2,794,7940000,7940500,2034,3390,7950000,7218
2,795,7950000,7950500,2034,3390,7960000,7228
2,796,7960000,7960500,2034,3390,7970000,7240
2,797,7970000,7970500,2034,3390,7980000,7244
2,798,7980000,7980500,2034,3390,7990000,7258
2,799,7990000,7990500,2034,3390,8000000,7264
2,8,80000,80500,2034,3390,90000,70
2,80,800000,800500,2034,3390,810000,725
2,800,8000000,8000500,2034,3390,8010000,7275
2,801,8010000,8010500,2034,3390,8020000,7285
2,802,8020000,8020500,2034,3390,8030000,7293
2,803,8030000,8030500,2034,3390,8040000,7297
2,804,8040000,8040500,2034,3390,8050000,7313
2,805,8050000,8050500,2034,3390,8060000,7322
2,806,8060000,8060500,2034,3390,8070000,7328
2,807,8070000,8070500,2034,3390,8080000,7337
2,808,8080000,8080500,2034,3390,8090000,7349
2,809,8090000,8090500,2034,3390,8100000,7353
2,81,810000,810500,2034,3390,820000,735
2,810,8100000,8100500,2034,3390,8110000,7367
2,811,8110000,8110500,2034,3390,8120000,7373
2,812,8120000,8120500,2034,3390,8130000,7385
2,813,8130000,8130500,2034,3390,8140000,7394
2,814,8140000,8140500,2034,3390,8150000,7402
2,815,8150000,8150500,2034,3390,8160000,7407
2,816,8160000,8160500,2034,3390,8170000,7423
2,817,8170000,8170500,2034,3390,8180000,7429
2,818,8180000,8180500,2034,3390,8190000,7435
2,819,8190000,8190500,2034,3390,8200000,7447
2,82,820000,820500,2034,3390,830000,743
2,820,8200000,8200500,2034,3390,8210000,7460
2,821,8210000,8210500,2034,3390,8220000,7464
2,822,8220000,8220500,2034,3390,8230000,7476
2,823,8230000,8230500,2034,3390,8240000,7482
2,824,8240000,8240500,2034,3390,8250000,7492
2,825,8250000,8250500,2034,3390,8260000,7502
2,826,8260000,8260500,2034,3390,8270000,7512
2,827,8270000,8270500,2034,3390,8280000,7516
2,828,8280000,8280500,2034,3390,8290000,7533
2,829,8290000,8290500,2034,3390,8300000,7539
2,83,830000,830500,2034,3390,840000,747
2,830,8300000,8300500,2034,3390,8310000,7546
2,831,8310000,8310500,2034,3390,8320000,7555
2,832,8320000,8320500,2034,3390,8330000,7567
2,833,8330000,8330500,2034,3390,8340000,7573
2,834,8340000,8340500,2034,3390,8350000,7585
2,835,8350000,8350500,2034,3390,8360000,7592
2,836,8360000,8360500,2034,3390,8370000,7602
2,837,8370000,8370500,2034,3390,8380000,7612
2,838,8380000,8380500,2034,3390,8390000,7620
2,839,8390000,8390500,2034,3390,8400000,7624
2,84,840000,840500,2034,3390,850000,765
2,840,8400000,8400500,2034,3390,8410000,7643
2,841,8410000,8410500,2034,3390,8420000,7649
2,842,8420000,8420500,2034,3390,8430000,7655
2,843,8430000,8430500,2034,3390,8440000,7664
2,844,8440000,8440500,2034,3390,8450000,7676
2,845,8450000,8450500,2034,3390,8460000,7681
2,846,8460000,8460500,2034,3390,8470000,7694
2,847,8470000,8470500,2034,3390,8480000,7702
2,848,8480000,8480500,2034,3390,8490000,7712
2,849,8490000,8490500,2034,3390,8500000,7721
2,85,850000,850500,2034,3390,860000,772
2,850,8500000,8500500,2034,3390,8510000,7730
2,851,8510000,8510500,2034,3390,8520000,7734
2,852,8520000,8520500,2034,3390,8530000,7750
2,853,8530000,8530500,2034,3390,8540000,7756
2,854,8540000,8540500,2034,3390,8550000,7764
2,855,8550000,8550500,2034,3390,8560000,7775
2,856,8560000,8560500,2034,3390,8570000,7787
2,857,8570000,8570500,2034,3390,8580000,7791
2,858,8580000,8580500,2034,3390,8590000,7803
2,859,8590000,8590500,2034,3390,8600000,7809
2,86,860000,860500,2034,3390,870000,778
2,860,8600000,8600500,2034,3390,8610000,7820
2,861,8610000,8610500,2034,3390,8620000,7831
2,862,8620000,8620500,2034,3390,8630000,7839
2,863,8630000,8630500,2034,3390,8640000,7843
2,864,8640000,8640500,2034,3390,8650000,7860
2,865,8650000,8650500,2034,3390,8660000,7867
2,866,8660000,8660500,2034,3390,8670000,7873
2,867,8670000,8670500,2034,3390,8680000,7882
2,868,8680000,8680500,2034,3390,8690000,7896
2,869,8690000,8690500,2034,3390,8700000,7900
2,87,870000,870500,2034,3390,880000,787
2,870,8700000,8700500,2034,3390,8710000,7913
2,871,8710000,8710500,2034,3390,8720000,7919
2,872,8720000,8720500,2034,3390,8730000,7929
2,873,8730000,8730500,2034,3390,8740000,7939
2,874,8740000,8740500,2034,3390,8750000,7947
2,875,8750000,8750500,2034,3390,8760000,7954
2,876,8760000,8760500,2034,3390,8770000,7970
2,877,8770000,8770500,2034,3390,8780000,7976
2,878,8780000,8780500,2034,3390,8790000,7982
2,879,8790000,8790500,2034,3390,8800000,7991
2,88,880000,880500,2034,3390,890000,799
2,880,8800000,8800500,2034,3390,8810000,8004
2,881,8810000,8810500,2034,3390,8820000,8008
2,882,8820000,8820500,2034,3390,8830000,8023
2,883,8830000,8830500,2034,3390,8840000,8029
2,884,8840000,8840500,2034,3390,8850000,8039
2,885,8850000,8850500,2034,3390,8860000,8049
2,886,8860000,8860500,2034,3390,8870000,8057
2,887,8870000,8870500,2034,3390,8880000,8061
2,888,8880000,8880500,2034,3390,8890000,8077
2,889,8890000,8890500,2034,3390,8900000,8085
2,89,890000,890500,2034,3390,900000,803
2,890,8900000,8900500,2034,3390,8910000,8092
2,891,8910000,8910500,2034,3390,8920000,8102
2,892,8920000,8920500,2034,3390,8930000,8114
2,893,8930000,8930500,2034,3390,8940000,8118
2,894,8940000,8940500,2034,3390,8950000,8130
2,895,8950000,8950500,2034,3390,8960000,8137
2,896,8960000,8960500,2034,3390,8970000,8149
2,897,8970000,8970500,2034,3390,8980000,8158
2,898,8980000,8980500,2034,3390,8990000,8166
2,899,8990000,8990500,2034,3390,9000000,8170
2,9,90000,90500,2034,3390,100000,80
2,90,900000,900500,2034,3390,910000,817
2,900,9000000,9000500,2034,3390,9010000,8188
2,901,9010000,9010500,2034,3390,9020000,8194
2,902,9020000,9020500,2034,3390,9030000,8200
2,903,9030000,9030500,2034,3390,9040000,8211
2,904,9040000,9040500,2034,3390,9050000,8223
2,905,9050000,9050500,2034,3390,9060000,8228
2,906,9060000,9060500,2034,3390,9070000,8240
2,907,9070000,9070500,2034,3390,9080000,8246
2,908,9080000,9080500,2034,3390,9090000,8256
2,909,9090000,9090500,2034,3390,9100000,8266
2,91,910000,910500,2034,3390,920000,825
2,910,9100000,9100500,2034,3390,9110000,8277
2,911,9110000,9110500,2034,3390,9120000,8281
2,912,9120000,9120500,2034,3390,9130000,8297
2,913,9130000,9130500,2034,3390,9140000,8303
2,914,9140000,9140500,2034,3390,9150000,8309
2,915,9150000,9150500,2034,3390,9160000,8319
2,916,9160000,9160500,2034,3390,9170000,8331
2,917,9170000,9170500,2034,3390,9180000,8337
2,918,9180000,9180500,2034,3390,9190000,8350
2,919,9190000,9190500,2034,3390,9200000,8356
2,92,920000,920500,2034,3390,930000,835
2,920,9200000,9200500,2034,3390,9210000,8367
2,921,9210000,9210500,2034,3390,9220000,8376
2,922,9220000,9220500,2034,3390,9230000,8384
2,923,9230000,9230500,2034,3390,9240000,8388
2,924,9240000,9240500,2034,3390,9250000,8406
2,925,9250000,9250500,2034,3390,9260000,8413
2,926,9260000,9260500,2034,3390,9270000,8419
2,927,9270000,9270500,2034,3390,9280000,8429
2,928,9280000,9280500,2034,3390,9290000,8441
2,929,9290000,9290500,2034,3390,9300000,8445
2,93,930000,930500,2034,3390,940000,844
2,930,9300000,9300500,2034,3390,9310000,8458
2,931,9310000,9310500,2034,3390,9320000,8466
2,932,9320000,9320500,2034,3390,9330000,8476
2,933,9330000,9330500,2034,3390,9340000,8485
2,934,9340000,9340500,2034,3390,9350000,8493
2,935,9350000,9350500,2034,3390,9360000,8498
2,936,9360000,9360500,2034,3390,9370000,8515
2,937,9370000,9370500,2034,3390,9380000,8521
2,938,9380000,9380500,2034,3390,9390000,8529
2,939,9390000,9390500,2034,3390,9400000,8538
2,94,940000,940500,2034,3390,950000,852
2,940,9400000,9400500,2034,3390,9410000,8551
2,941,9410000,9410500,2034,3390,9420000,8555
2,942,9420000,9420500,2034,3390,9430000,8567
2,943,9430000,9430500,2034,3390,9440000,8573
2,944,9440000,9440500,2034,3390,9450000,8583
2,945,9450000,9450500,2034,3390,9460000,8596
2,946,9460000,9460500,2034,3390,9470000,8604
2,947,9470000,9470500,2034,3390,9480000,8608
2,948,9480000,9480500,2034,3390,9490000,8624
2,949,9490000,9490500,2034,3390,9500000,8630
2,95,950000,950500,2034,3390,960000,857
2,950,9500000,9500500,2034,3390,9510000,8637
2,951,9510000,9510500,2034,3390,9520000,8646
2,952,9520000,9520500,2034,3390,9530000,8660
2,953,9530000,9530500,2034,3390,9540000,8664
2,954,9540000,9540500,2034,3390,9550000,8677
2,955,9550000,9550500,2034,3390,9560000,8684
2,956,9560000,9560500,2034,3390,9570000,8694
2,957,9570000,9570500,2034,3390,9580000,8703
2,958,9580000,9580500,2034,3390,9590000,8711
2,959,9590000,9590500,2034,3390,9600000,8717
2,96,960000,960500,2034,3390,970000,873
2,960,9600000,9600500,2034,3390,9610000,8734
2,961,9610000,9610500,2034,3390,9620000,8740
2,962,9620000,9620500,2034,3390,9630000,8746
2,963,9630000,9630500,2034,3390,9640000,8756
2,964,9640000,9640500,2034,3390,9650000,8768
2,965,9650000,9650500,2034,3390,9660000,8773
2,966,9660000,9660500,2034,3390,9670000,8787
2,967,9670000,9670500,2034,3390,9680000,8793
2,968,9680000,9680500,2034,3390,9690000,8803
2,969,9690000,9690500,2034,3390,9700000,8812
2,97,970000,970500,2034,3390,980000,879
2,970,9700000,9700500,2034,3390,9710000,8821
2,971,9710000,9710500,2034,3390,9720000,8825
2,972,9720000,9720500,2034,3390,9730000,8842
2,973,9730000,9730500,2034,3390,9740000,8850
2,974,9740000,9740500,2034,3390,9750000,8856
2,975,9750000,9750500,2034,3390,9760000,8866
2,976,9760000,9760500,2034,3390,9770000,8878
2,977,9770000,9770500,2034,3390,9780000,8882
2,978,9780000,9780500,2034,3390,9790000,8894
2,979,9790000,9790500,2034,3390,9800000,8900
2,98,980000,980500,2034,3390,990000,887
2,980,9800000,9800500,2034,3390,9810000,8913
2,981,9810000,9810500,2034,3390,9820000,8923
2,982,9820000,9820500,2034,3390,9830000,8931
2,983,9830000,9830500,2034,3390,9840000,8935
2,984,9840000,9840500,2034,3390,9850000,8951
2,985,9850000,9850500,2034,3390,9860000,8958
2,986,9860000,9860500,2034,3390,9870000,8964
2,987,9870000,9870500,2034,3390,9880000,8975
2,988,9880000,9880500,2034,3390,9890000,8987
2,989,9890000,9890500,2034,3390,9900000,8991
2,99,990000,990500,2034,3390,1000000,897
2,990,9900000,9900500,2034,3390,9910000,9005
2,991,9910000,9910500,2034,3390,9920000,9011
2,992,9920000,9920500,2034,3390,9930000,9021
2,993,9930000,9930500,2034,3390,9940000,9030
2,994,9940000,9940500,2034,3390,9950000,9040
2,995,9950000,9950500,2034,3390,9960000,9045
2,996,9960000,9960500,2034,3390,9970000,9061
2,997,9970000,9970500,2034,3390,9980000,9067
2,998,9980000,9980500,2034,3390,9990000,9073
2,999,9990000,9990500,2034,3390,10000000,9083
3,0,0,500,9,14,10000,3
3,1,10000,10500,9,14,20000,9
3,10,100000,100500,9,14,110000,90
3,100,1000000,1000500,9,14,1010000,911
3,1000,10000000,10000500,9,14,10010000,9097
3,1001,10010000,10010500,9,14,10020000,9103
3,1002,10020000,10020500,9,14,10030000,9115
3,1003,10030000,10030500,9,14,10040000,9121
3,1004,10040000,10040500,9,14,10050000,9131
3,1005,10050000,10050500,9,14,10060000,9141
3,1006,10060000,10060500,9,14,10070000,9149
3,1007,10070000,10070500,9,14,10080000,9153
3,1008,10080000,10080500,9,14,10090000,9172
3,1009,10090000,10090500,9,14,10100000,9178
3,101,1010000,1010500,9,14,1020000,915
3,1010,10100000,10100500,9,14,10110000,9185
3,1011,10110000,10110500,9,14,10120000,9194
3,1012,10120000,10120500,9,14,10130000,9206
3,1013,10130000,10130500,9,14,10140000,9210
3,1014,10140000,10140500,9,14,10150000,9222
3,1015,10150000,10150500,9,14,10160000,9231
3,1016,10160000,10160500,9,14,10170000,9241
3,1017,10170000,10170500,9,14,10180000,9251
3,1018,10180000,10180500,9,14,10190000,9259
3,1019,10190000,10190500,9,14,10200000,9263
3,102,1020000,1020500,9,14,1030000,927
3,1020,10200000,10200500,9,14,10210000,9280
3,1021,10210000,10210500,9,14,10220000,9286
3,1022,10220000,10220500,9,14,10230000,9294
3,1023,10230000,10230500,9,14,10240000,9303
3,1024,10240000,10240500,9,14,10250000,9315
3,1025,10250000,10250500,9,14,10260000,9320
3,1026,10260000,10260500,9,14,10270000,9333
3,1027,10270000,10270500,9,14,10280000,9339
3,1028,10280000,10280500,9,14,10290000,9349
3,1029,10290000,10290500,9,14,10300000,9360
3,103,1030000,1030500,9,14,1040000,933
3,1030,10300000,10300500,9,14,10310000,9369
3,1031,10310000,10310500,9,14,10320000,9373
3,1032,10320000,10320500,9,14,10330000,9389
3,1033,10330000,10330500,9,14,10340000,9395
3,1034,10340000,10340500,9,14,10350000,9401
3,1035,10350000,10350500,9,14,10360000,9412
3,1036,10360000,10360500,9,14,10370000,9426
3,1037,10370000,10370500,9,14,10380000,9430
3,1038,10380000,10380500,9,14,10390000,9442
3,1039,10390000,10390500,9,14,10400000,9448
3,104,1040000,1040500,9,14,1050000,943
3,1040,10400000,10400500,9,14,10410000,9459
3,1041,10410000,10410500,9,14,10420000,9468
3,1042,10420000,10420500,9,14,10430000,9476
3,1043,10430000,10430500,9,14,10440000,9482
3,1044,10440000,10440500,9,14,10450000,9499
3,1045,10450000,10450500,9,14,10460000,9506
3,1046,10460000,10460500,9,14,10470000,9512
3,1047,10470000,10470500,9,14,10480000,9521
3,1048,10480000,10480500,9,14,10490000,9533
3,1049,10490000,10490500,9,14,10500000,9537
3,105,1050000,1050500,9,14,1060000,955
3,1050,10500000,10500500,9,14,10510000,9552
3,1051,10510000,10510500,9,14,10520000,9558
3,1052,10520000,10520500,9,14,10530000,9568
3,1053,10530000,10530500,9,14,10540000,9578
3,1054,10540000,10540500,9,14,10550000,9586
3,1055,10550000,10550500,9,14,10560000,9591
3,1056,10560000,10560500,9,14,10570000,9607
3,1057,10570000,10570500,9,14,10580000,9615
3,1058,10580000,10580500,9,14,10590000,9621
3,1059,10590000,10590500,9,14,10600000,9630
3,106,1060000,1060500,9,14,1070000,963
3,1060,10600000,10600500,9,14,10610000,9643
3,1061,10610000,10610500,9,14,10620000,9647
3,1062,10620000,10620500,9,14,10630000,9660
3,1063,10630000,10630500,9,14,10640000,9666
3,1064,10640000,10640500,9,14,10650000,9678
3,1065,10650000,10650500,9,14,10660000,9688
3,1066,10660000,10660500,9,14,10670000,9696
3,1067,10670000,10670500,9,14,10680000,9700
3,1068,10680000,10680500,9,14,10690000,9716
3,1069,10690000,10690500,9,14,10700000,9722
3,107,1070000,1070500,9,14,1080000,967
3,1070,10700000,10700500,9,14,10710000,9729
3,1071,10710000,10710500,9,14,10720000,9741
3,1072,10720000,10720500,9,14,10730000,9753
3,1073,10730000,10730500,9,14,10740000,9757
3,1074,10740000,10740500,9,14,10750000,9769
3,1075,10750000,10750500,9,14,10760000,9776
3,1076,10760000,10760500,9,14,10770000,9786
3,1077,10770000,10770500,9,14,10780000,9795
3,1078,10780000,10780500,9,14,10790000,9805
3,1079,10790000,10790500,9,14,10800000,9809
3,108,1080000,1080500,9,14,1090000,984
3,1080,10800000,10800500,9,14,10810000,9827
3,1081,10810000,10810500,9,14,10820000,9833
3,1082,10820000,10820500,9,14,10830000,9839
3,1083,10830000,10830500,9,14,10840000,9848
3,1084,10840000,10840500,9,14,10850000,9860
3,1085,10850000,10850500,9,14,10860000,9867
3,1086,10860000,10860500,9,14,10870000,9879
3,1087,10870000,10870500,9,14,10880000,9885
3,1088,10880000,10880500,9,14,10890000,9895
3,1089,10890000,10890500,9,14,10900000,9905
3,109,1090000,1090500,9,14,1100000,990
3,1090,10900000,10900500,9,14,10910000,9914
3,1091,10910000,10910500,9,14,10920000,9918
3,1092,10920000,10920500,9,14,10930000,9936
3,1093,10930000,10930500,9,14,10940000,9942
3,1094,10940000,10940500,9,14,10950000,9948
3,1095,10950000,10950500,9,14,10960000,9958
3,1096,10960000,10960500,9,14,10970000,9970
3,1097,10970000,10970500,9,14,10980000,9974
3,1098,10980000,10980500,9,14,10990000,9987
3,1099,10990000,10990500,9,14,11000000,9995
3,11,110000,110500,9,14,120000,94
3,110,1100000,1100500,9,14,1110000,997
3,1100,11000000,11000500,9,14,11010000,10006
3,1101,11010000,11010500,9,14,11020000,10015
3,1102,11020000,11020500,9,14,11030000,10023
3,1103,11030000,11030500,9,14,11040000,10027
3,1104,11040000,11040500,9,14,11050000,10043
3,1105,11050000,11050500,9,14,11060000,10050
3,1106,11060000,11060500,9,14,11070000,10058
3,1107,11070000,11070500,9,14,11080000,10068
3,1108,11080000,11080500,9,14,11090000,10080
3,1109,11090000,11090500,9,14,11100000,10084
3,111,1110000,1110500,9,14,1120000,1006
3,1110,11100000,11100500,9,14,11110000,10097
3,1111,11110000,11110500,9,14,11120000,10103
3,1112,11120000,11120500,9,14,11130000,10113
3,1113,11130000,11130500,9,14,11140000,10124
3,1114,11140000,11140500,9,14,11150000,10132
3,1115,11150000,11150500,9,14,11160000,10137
3,1116,11160000,11160500,9,14,11170000,10154
3,1117,11170000,11170500,9,14,11180000,10160
3,1118,11180000,11180500,9,14,11190000,10166
3,1119,11190000,11190500,9,14,11200000,10175
3,112,1120000,1120500,9,14,1130000,1020
3,1120,11200000,11200500,9,14,11210000,10190
3,1121,11210000,11210500,9,14,11220000,10194
3,1122,11220000,11220500,9,14,11230000,10206
3,1123,11230000,11230500,9,14,11240000,10212
3,1124,11240000,11240500,9,14,11250000,10222
3,1125,11250000,11250500,9,14,11260000,10233
3,1126,11260000,11260500,9,14,11270000,10241
3,1127,11270000,11270500,9,14,11280000,10247
3,1128,11280000,11280500,9,14,11290000,10263
3,1129,11290000,11290500,9,14,11300000,10269
3,113,1130000,1130500,9,14,1140000,1024
3,1130,11300000,11300500,9,14,11310000,10276
3,1131,11310000,11310500,9,14,11320000,10285
3,1132,11320000,11320500,9,14,11330000,10297
3,1133,11330000,11330500,9,14,11340000,10301
3,1134,11340000,11340500,9,14,11350000,10316
3,1135,11350000,11350500,9,14,11360000,10323
3,1136,11360000,11360500,9,14,11370000,10333
3,1137,11370000,11370500,9,14,11380000,10342
3,1138,11380000,11380500,9,14,11390000,10350
3,1139,11390000,11390500,9,14,11400000,10354
3,114,1140000,1140500,9,14,1150000,1036
3,1140,11400000,11400500,9,14,11410000,10371
3,1141,11410000,11410500,9,14,11420000,10379
3,1142,11420000,11420500,9,14,11430000,10385
3,1143,11430000,11430500,9,14,11440000,10395
3,1144,11440000,11440500,9,14,11450000,10407
3,1145,11450000,11450500,9,14,11460000,10412
3,1146,11460000,11460500,9,14,11470000,10424
3,1147,11470000,11470500,9,14,11480000,10430
3,1148,11480000,11480500,9,14,11490000,10442
3,1149,11490000,11490500,9,14,11500000,10451
3,115,1150000,1150500,9,14,1160000,1043
3,1150,11500000,11500500,9,14,11510000,10460
3,1151,11510000,11510500,9,14,11520000,10464
3,1152,11520000,11520500,9,14,11530000,10481
3,1153,11530000,11530500,9,14,11540000,10487
3,1154,11540000,11540500,9,14,11550000,10493
3,1155,11550000,11550500,9,14,11560000,10505
3,1156,11560000,11560500,9,14,11570000,10517
3,1157,11570000,11570500,9,14,11580000,10521
3,1158,11580000,11580500,9,14,11590000,10533
3,1159,11590000,11590500,9,14,11600000,10539
3,116,1160000,1160500,9,14,1170000,1053
3,1160,11600000,11600500,9,14,11610000,10550
3,1161,11610000,11610500,9,14,11620000,10560
3,1162,11620000,11620500,9,14,11630000,10570
3,1163,11630000,11630500,9,14,11640000,10574
3,1164,11640000,11640500,9,14,11650000,10590
3,1165,11650000,11650500,9,14,11660000,10597
3,1166,11660000,11660500,9,14,11670000,10603
3,1167,11670000,11670500,9,14,11680000,10612
3,1168,11680000,11680500,9,14,11690000,10624
3,1169,11690000,11690500,9,14,11700000,10630
3,117,1170000,1170500,9,14,1180000,1063
3,1170,11700000,11700500,9,14,11710000,10644
3,1171,11710000,11710500,9,14,11720000,10650
3,1172,11720000,11720500,9,14,11730000,10660
3,1173,11730000,11730500,9,14,11740000,10669
3,1174,11740000,11740500,9,14,11750000,10677
3,1175,11750000,11750500,9,14,11760000,10682
3,1176,11760000,11760500,9,14,11770000,10700
3,1177,11770000,11770500,9,14,11780000,10706
3,1178,11780000,11780500,9,14,11790000,10712
3,1179,11790000,11790500,9,14,11800000,10722
3,118,1180000,1180500,9,14,1190000,1071
3,1180,11800000,11800500,9,14,11810000,10735
3,1181,11810000,11810500,9,14,11820000,10739
3,1182,11820000,11820500,9,14,11830000,10751
3,1183,11830000,11830500,9,14,11840000,10759
3,1184,11840000,11840500,9,14,11850000,10769
3,1185,11850000,11850500,9,14,11860000,10779
3,1186,11860000,11860500,9,14,11870000,10787
3,1187,11870000,11870500,9,14,11880000,10791
3,1188,11880000,11880500,9,14,11890000,10808
3,1189,11890000,11890500,9,14,11900000,10814
3,119,1190000,1190500,9,14,1200000,1077
3,1190,11900000,11900500,9,14,11910000,10823
3,1191,11910000,11910500,9,14,11920000,10832
3,1192,11920000,11920500,9,14,11930000,10844
3,1193,11930000,11930500,9,14,11940000,10848
3,1194,11940000,11940500,9,14,11950000,10860
3,1195,11950000,11950500,9,14,11960000,10867
3,1196,11960000,11960500,9,14,11970000,10877
3,1197,11970000,11970500,9,14,11980000,10889
3,1198,11980000,11980500,9,14,11990000,10897
3,1199,11990000,11990500,9,14,12000000,10901
3,12,120000,120500,9,14,130000,110
3,120,1200000,1200500,9,14,1210000,1094
3,1200,12000000,12000500,9,14,12010000,10918
3,1201,12010000,12010500,9,14,12020000,10924
3,1202,12020000,12020500,9,14,12030000,10930
3,1203,12030000,12030500,9,14,12040000,10939
3,1204,12040000,12040500,9,14,12050000,10953
3,1205,12050000,12050500,9,14,12060000,10958
3,1206,12060000,12060500,9,14,12070000,10971
3,1207,12070000,12070500,9,14,12080000,10977
3,1208,12080000,12080500,9,14,12090000,10987
3,1209,12090000,12090500,9,14,12100000,10996
3,121,1210000,1210500,9,14,1220000,1100
3,1210,12100000,12100500,9,14,12110000,11005
3,1211,12110000,12110500,9,14,12120000,11011
3,1212,12120000,12120500,9,14,12130000,11027
3,1213,12130000,12130500,9,14,12140000,11033
3,1214,12140000,12140500,9,14,12150000,11039
3,1215,12150000,12150500,9,14,12160000,11050
3,1216,12160000,12160500,9,14,12170000,11062
3,1217,12170000,12170500,9,14,12180000,11066
3,1218,12180000,12180500,9,14,12190000,11080
3,1219,12190000,12190500,9,14,12200000,11086
3,122,1220000,1220500,9,14,1230000,1106
3,1220,12200000,12200500,9,14,12210000,11097
3,1221,12210000,12210500,9,14,12220000,11106
3,1222,12220000,12220500,9,14,12230000,11114
3,1223,12230000,12230500,9,14,12240000,11118
3,1224,12240000,12240500,9,14,12250000,11135
3,1225,12250000,12250500,9,14,12260000,11144
3,1226,12260000,12260500,9,14,12270000,11150
3,1227,12270000,12270500,9,14,12280000,11159
3,1228,12280000,12280500,9,14,12290000,11171
3,1229,12290000,12290500,9,14,12300000,11175
3,123,1230000,1230500,9,14,1240000,1115
3,1230,12300000,12300500,9,14,12310000,11188
3,1231,12310000,12310500,9,14,12320000,11194
3,1232,12320000,12320500,9,14,12330000,11206
3,1233,12330000,12330500,9,14,12340000,11216
3,1234,12340000,12340500,9,14,12350000,11224
3,1235,12350000,12350500,9,14,12360000,11229
3,1236,12360000,12360500,9,14,12370000,11245
3,1237,12370000,12370500,9,14,12380000,11251
3,1238,12380000,12380500,9,14,12390000,11257
3,1239,12390000,12390500,9,14,12400000,11268
3,124,1240000,1240500,9,14,1250000,1127
3,1240,12400000,12400500,9,14,12410000,11281
3,1241,12410000,12410500,9,14,12420000,11285
3,1242,12420000,12420500,9,14,12430000,11298
3,1243,12430000,12430500,9,14,12440000,11304
3,1244,12440000,12440500,9,14,12450000,11314
3,1245,12450000,12450500,9,14,12460000,11324
3,1246,12460000,12460500,9,14,12470000,11334
3,1247,12470000,12470500,9,14,12480000,11338
3,1248,12480000,12480500,9,14,12490000,11354
3,1249,12490000,12490500,9,14,12500000,11360
3,125,1250000,1250500,9,14,1260000,1132
3,1250,12500000,12500500,9,14,12510000,11367
3,1251,12510000,12510500,9,14,12520000,11377
3,1252,12520000,12520500,9,14,12530000,11389
3,1253,12530000,12530500,9,14,12540000,11395
3,1254,12540000,12540500,9,14,12550000,11407
3,1255,12550000,12550500,9,14,12560000,11414
3,1256,12560000,12560500,9,14,12570000,11424
3,1257,12570000,12570500,9,14,12580000,11433
3,1258,12580000,12580500,9,14,12590000,11441
3,1259,12590000,12590500,9,14,12600000,11445
3,126,1260000,1260500,9,14,1270000,1147
3,127,1270000,1270500,9,14,1280000,1153
3,128,1280000,1280500,9,14,1290000,1163
3,129,1290000,1290500,9,14,1300000,1172
3,13,130000,130500,9,14,140000,116
3,130,1300000,1300500,9,14,1310000,1181
3,131,1310000,1310500,9,14,1320000,1185
3,132,1320000,1320500,9,14,1330000,1201
3,133,1330000,1330500,9,14,1340000,1209
3,134,1340000,1340500,9,14,1350000,1215
3,135,1350000,1350500,9,14,1360000,1226
3,136,1360000,1360500,9,14,1370000,1238
3,137,1370000,1370500,9,14,1380000,1242
3,138,1380000,1380500,9,14,1390000,1254
3,139,1390000,1390500,9,14,1400000,1260
3,14,140000,140500,9,14,150000,124
3,140,1400000,1400500,9,14,1410000,1273
3,141,1410000,1410500,9,14,1420000,1282
3,142,1420000,1420500,9,14,1430000,1290
3,143,1430000,1430500,9,14,1440000,1294
3,144,1440000,1440500,9,14,1450000,1311
3,145,1450000,1450500,9,14,1460000,1318
3,146,1460000,1460500,9,14,1470000,1324
3,147,1470000,1470500,9,14,1480000,1335
3,148,1480000,1480500,9,14,1490000,1347
3,149,1490000,1490500,9,14,1500000,1351
3,15,150000,150500,9,14,160000,134
3,150,1500000,1500500,9,14,1510000,1364
3,151,1510000,1510500,9,14,1520000,1370
3,152,1520000,1520500,9,14,1530000,1380
3,153,1530000,1530500,9,14,1540000,1390
3,154,1540000,1540500,9,14,1550000,1400
3,155,1550000,1550500,9,14,1560000,1405
3,156,1560000,1560500,9,14,1570000,1421
3,157,1570000,1570500,9,14,1580000,1427
3,158,1580000,1580500,9,14,1590000,1433
3,159,1590000,1590500,9,14,1600000,1442
3,16,160000,160500,9,14,170000,146
3,160,1600000,1600500,9,14,1610000,1455
3,161,1610000,1610500,9,14,1620000,1461
3,162,1620000,1620500,9,14,1630000,1474
3,163,1630000,1630500,9,14,1640000,1480
3,164,1640000,1640500,9,14,1650000,1490
3,165,1650000,1650500,9,14,1660000,1500
3,166,1660000,1660500,9,14,1670000,1508
3,167,1670000,1670500,9,14,1680000,1512
3,168,1680000,1680500,9,14,1690000,1530
3,169,1690000,1690500,9,14,1700000,1536
3,17,170000,170500,9,14,180000,150
3,170,1700000,1700500,9,14,1710000,1543
3,171,1710000,1710500,9,14,1720000,1553
3,172,1720000,1720500,9,14,1730000,1565
3,173,1730000,1730500,9,14,1740000,1569
3,174,1740000,1740500,9,14,1750000,1581
3,175,1750000,1750500,9,14,1760000,1590
3,176,1760000,1760500,9,14,1770000,1600
3,177,1770000,1770500,9,14,1780000,1609
3,178,1780000,1780500,9,14,1790000,1617
3,179,1790000,1790500,9,14,1800000,1621
3,18,180000,180500,9,14,190000,163
3,180,1800000,1800500,9,14,1810000,1639
3,181,1810000,1810500,9,14,1820000,1645
3,182,1820000,1820500,9,14,1830000,1653
3,183,1830000,1830500,9,14,1840000,1662
3,184,1840000,1840500,9,14,1850000,1674
3,185,1850000,1850500,9,14,1860000,1679
3,186,1860000,1860500,9,14,1870000,1691
3,187,1870000,1870500,9,14,1880000,1697
3,188,1880000,1880500,9,14,1890000,1707
3,189,1890000,1890500,9,14,1900000,1719
3,19,190000,190500,9,14,200000,169
3,190,1900000,1900500,9,14,1910000,1728
3,191,1910000,1910500,9,14,1920000,1732
3,192,1920000,1920500,9,14,1930000,1748
3,193,1930000,1930500,9,14,1940000,1754
3,194,1940000,1940500,9,14,1950000,1760
3,195,1950000,1950500,9,14,1960000,1770
3,196,1960000,1960500,9,14,1970000,1784
3,197,1970000,1970500,9,14,1980000,1788
3,198,1980000,1980500,9,14,1990000,1801
3,199,1990000,1990500,9,14,2000000,1807
3,2,20000,20500,9,14,30000,15
3,20,200000,200500,9,14,210000,180
3,200,2000000,2000500,9,14,2010000,1818
3,201,2010000,2010500,9,14,2020000,1827
3,202,2020000,2020500,9,14,2030000,1835
3,203,2030000,2030500,9,14,2040000,1841
3,204,2040000,2040500,9,14,2050000,1857
3,205,2050000,2050500,9,14,2060000,1864
3,206,2060000,2060500,9,14,2070000,1870
3,207,2070000,2070500,9,14,2080000,1880
3,208,2080000,2080500,9,14,2090000,1892
3,209,2090000,2090500,9,14,2100000,1896
3,21,210000,210500,9,14,220000,191
3,210,2100000,2100500,9,14,2110000,1911
3,211,2110000,2110500,9,14,2120000,1917
3,212,2120000,2120500,9,14,2130000,1927
3,213,2130000,2130500,9,14,2140000,1936
3,214,2140000,2140500,9,14,2150000,1944
3,215,2150000,2150500,9,14,2160000,1949
3,216,2160000,2160500,9,14,2170000,1966
3,217,2170000,2170500,9,14,2180000,1974
3,218,2180000,2180500,9,14,2190000,1980
3,219,2190000,2190500,9,14,2200000,1989
3,22,220000,220500,9,14,230000,199
3,220,2200000,2200500,9,14,2210000,2002
3,221,2210000,2210500,9,14,2220000,2006
3,222,2220000,2220500,9,14,2230000,2018
3,223,2230000,2230500,9,14,2240000,2024
3,224,2240000,2240500,9,14,2250000,2036
3,225,2250000,2250500,9,14,2260000,2047
3,226,2260000,2260500,9,14,2270000,2055
3,227,2270000,2270500,9,14,2280000,2059
3,228,2280000,2280500,9,14,2290000,2075
3,229,2290000,2290500,9,14,2300000,2081
3,23,230000,230500,9,14,240000,203
3,230,2300000,2300500,9,14,2310000,2088
3,231,2310000,2310500,9,14,2320000,2099
3,232,2320000,2320500,9,14,2330000,2111
3,233,2330000,2330500,9,14,2340000,2115
3,234,2340000,2340500,9,14,2350000,2128
3,235,2350000,2350500,9,14,2360000,2135
3,236,2360000,2360500,9,14,2370000,2145
3,237,2370000,2370500,9,14,2380000,2154
3,238,2380000,2380500,9,14,2390000,2164
3,239,2390000,2390500,9,14,2400000,2168
3,24,240000,240500,9,14,250000,219
3,240,2400000,2400500,9,14,2410000,2185
3,241,2410000,2410500,9,14,2420000,2191
3,242,2420000,2420500,9,14,2430000,2197
3,243,2430000,2430500,9,14,2440000,2207
3,244,2440000,2440500,9,14,2450000,2219
3,245,2450000,2450500,9,14,2460000,2226
3,246,2460000,2460500,9,14,2470000,2238
3,247,2470000,2470500,9,14,2480000,2244
3,248,2480000,2480500,9,14,2490000,2254
3,249,2490000,2490500,9,14,2500000,2263
3,25,250000,250500,9,14,260000,226
3,250,2500000,2500500,9,14,2510000,2272
3,251,2510000,2510500,9,14,2520000,2276
3,252,2520000,2520500,9,14,2530000,2295
3,253,2530000,2530500,9,14,2540000,2301
3,254,2540000,2540500,9,14,2550000,2307
3,255,2550000,2550500,9,14,2560000,2317
3,256,2560000,2560500,9,14,2570000,2329
3,257,2570000,2570500,9,14,2580000,2333
3,258,2580000,2580500,9,14,2590000,2345
3,259,2590000,2590500,9,14,2600000,2353
3,26,260000,260500,9,14,270000,232
3,260,2600000,2600500,9,14,2610000,2364
3,261,2610000,2610500,9,14,2620000,2374
3,262,2620000,2620500,9,14,2630000,2382
3,263,2630000,2630500,9,14,2640000,2386
3,264,2640000,2640500,9,14,2650000,2402
3,265,2650000,2650500,9,14,2660000,2409
3,266,2660000,2660500,9,14,2670000,2417
3,267,2670000,2670500,9,14,2680000,2426
3,268,2680000,2680500,9,14,2690000,2438
3,269,2690000,2690500,9,14,2700000,2442
3,27,270000,270500,9,14,280000,242
3,270,2700000,2700500,9,14,2710000,2456
3,271,2710000,2710500,9,14,2720000,2462
3,272,2720000,2720500,9,14,2730000,2472
3,273,2730000,2730500,9,14,2740000,2483
3,274,2740000,2740500,9,14,2750000,2491
3,275,2750000,2750500,9,14,2760000,2496
3,276,2760000,2760500,9,14,2770000,2512
3,277,2770000,2770500,9,14,2780000,2518
3,278,2780000,2780500,9,14,2790000,2524
3,279,2790000,2790500,9,14,2800000,2534
3,28,280000,280500,9,14,290000,256
3,280,2800000,2800500,9,14,2810000,2549
3,281,2810000,2810500,9,14,2820000,2553
3,282,2820000,2820500,9,14,2830000,2565
3,283,2830000,2830500,9,14,2840000,2571
3,284,2840000,2840500,9,14,2850000,2581
3,285,2850000,2850500,9,14,2860000,2591
3,286,2860000,2860500,9,14,2870000,2599
3,287,2870000,2870500,9,14,2880000,2605
3,288,2880000,2880500,9,14,2890000,2622
3,289,2890000,2890500,9,14,2900000,2628
3,29,290000,290500,9,14,300000,260
3,290,2900000,2900500,9,14,2910000,2635
3,291,2910000,2910500,9,14,2920000,2644
3,292,2920000,2920500,9,14,2930000,2656
3,293,2930000,2930500,9,14,2940000,2660
3,294,2940000,2940500,9,14,2950000,2674
3,295,2950000,2950500,9,14,2960000,2681
3,296,2960000,2960500,9,14,2970000,2691
3,297,2970000,2970500,9,14,2980000,2701
3,298,2980000,2980500,9,14,2990000,2709
3,299,2990000,2990500,9,14,3000000,2713
3,3,30000,30500,9,14,40000,24
3,30,300000,300500,9,14,310000,273
3,300,3000000,3000500,9,14,3010000,2730
3,301,3010000,3010500,9,14,3020000,2738
3,302,3020000,3020500,9,14,3030000,2744
3,303,3030000,3030500,9,14,3040000,2753
3,304,3040000,3040500,9,14,3050000,2765
3,305,3050000,3050500,9,14,3060000,2770
3,306,3060000,3060500,9,14,3070000,2783
3,307,3070000,3070500,9,14,3080000,2789
3,308,3080000,3080500,9,14,3090000,2801
3,309,3090000,3090500,9,14,3100000,2810
3,31,310000,310500,9,14,320000,279
3,310,3100000,3100500,9,14,3110000,2819
3,311,3110000,3110500,9,14,3120000,2823
3,312,3120000,3120500,9,14,3130000,2839
3,313,3130000,3130500,9,14,3140000,2845
3,314,3140000,3140500,9,14,3150000,2851
3,315,3150000,3150500,9,14,3160000,2864
3,316,3160000,3160500,9,14,3170000,2876
3,317,3170000,3170500,9,14,3180000,2880
3,318,3180000,3180500,9,14,3190000,2892
3,319,3190000,3190500,9,14,3200000,2898
3,32,320000,320500,9,14,330000,289
3,320,3200000,3200500,9,14,3210000,2909
3,321,3210000,3210500,9,14,3220000,2918
3,322,3220000,3220500,9,14,3230000,2928
3,323,3230000,3230500,9,14,3240000,2932
3,324,3240000,3240500,9,14,3250000,2949
3,325,3250000,3250500,9,14,3260000,2956
3,326,3260000,3260500,9,14,3270000,2962
3,327,3270000,3270500,9,14,3280000,2971
3,328,3280000,3280500,9,14,3290000,2983
3,329,3290000,3290500,9,14,3300000,2989
3,33,330000,330500,9,14,340000,298
3,330,3300000,3300500,9,14,3310000,3002
3,331,3310000,3310500,9,14,3320000,3008
3,332,3320000,3320500,9,14,3330000,3018
3,333,3330000,3330500,9,14,3340000,3028
3,334,3340000,3340500,9,14,3350000,3036
3,335,3350000,3350500,9,14,3360000,3041
3,336,3360000,3360500,9,14,3370000,3059
3,337,3370000,3370500,9,14,3380000,3065
3,338,3380000,3380500,9,14,3390000,3071
3,339,3390000,3390500,9,14,3400000,3080
3,34,340000,340500,9,14,350000,306
3,340,3400000,3400500,9,14,3410000,3093
3,341,3410000,3410500,9,14,3420000,3097
3,342,3420000,3420500,9,14,3430000,3110
3,343,3430000,3430500,9,14,3440000,3118
3,344,3440000,3440500,9,14,3450000,3128
3,345,3450000,3450500,9,14,3460000,3138
3,346,3460000,3460500,9,14,3470000,3146
3,347,3470000,3470500,9,14,3480000,3150
3,348,3480000,3480500,9,14,3490000,3166
3,349,3490000,3490500,9,14,3500000,3172
3,35,350000,350500,9,14,360000,313
3,350,3500000,3500500,9,14,3510000,3181
3,351,3510000,3510500,9,14,3520000,3191
3,352,3520000,3520500,9,14,3530000,3203
3,353,3530000,3530500,9,14,3540000,3207
3,354,3540000,3540500,9,14,3550000,3219
3,355,3550000,3550500,9,14,3560000,3226
3,356,3560000,3560500,9,14,3570000,3236
3,357,3570000,3570500,9,14,3580000,3247
3,358,3580000,3580500,9,14,3590000,3255
3,359,3590000,3590500,9,14,3600000,3259
3,36,360000,360500,9,14,370000,330
3,360,3600000,3600500,9,14,3610000,3277
3,361,3610000,3610500,9,14,3620000,3283
3,362,3620000,3620500,9,14,3630000,3289
3,363,3630000,3630500,9,14,3640000,3298
3,364,3640000,3640500,9,14,3650000,3312
3,365,3650000,3650500,9,14,3660000,3317
3,366,3660000,3660500,9,14,3670000,3329
3,367,3670000,3670500,9,14,3680000,3335
3,368,3680000,3680500,9,14,3690000,3345
3,369,3690000,3690500,9,14,3700000,3355
3,37,370000,370500,9,14,380000,336
3,370,3700000,3700500,9,14,3710000,3364
3,371,3710000,3710500,9,14,3720000,3370
3,372,3720000,3720500,9,14,3730000,3386
3,373,3730000,3730500,9,14,3740000,3392
3,374,3740000,3740500,9,14,3750000,3398
3,375,3750000,3750500,9,14,3760000,3408
3,376,3760000,3760500,9,14,3770000,3420
3,377,3770000,3770500,9,14,3780000,3424
3,378,3780000,3780500,9,14,3790000,3439
3,379,3790000,3790500,9,14,3800000,3445
3,38,380000,380500,9,14,390000,342
3,380,3800000,3800500,9,14,3810000,3456
3,381,3810000,3810500,9,14,3820000,3465
3,382,3820000,3820500,9,14,3830000,3473
3,383,3830000,3830500,9,14,3840000,3477
3,384,3840000,3840500,9,14,3850000,3493
3,385,3850000,3850500,9,14,3860000,3502
3,386,3860000,3860500,9,14,3870000,3508
3,387,3870000,3870500,9,14,3880000,3518
3,388,3880000,3880500,9,14,3890000,3530
3,389,3890000,3890500,9,14,3900000,3534
3,39,390000,390500,9,14,400000,351
3,390,3900000,3900500,9,14,3910000,3547
3,391,3910000,3910500,9,14,3920000,3553
3,392,3920000,3920500,9,14,3930000,3565
3,393,3930000,3930500,9,14,3940000,3574
3,394,3940000,3940500,9,14,3950000,3582
3,395,3950000,3950500,9,14,3960000,3587
3,396,3960000,3960500,9,14,3970000,3604
3,397,3970000,3970500,9,14,3980000,3610
3,398,3980000,3980500,9,14,3990000,3616
3,399,3990000,3990500,9,14,4000000,3627
3,4,40000,40500,9,14,50000,36
3,40,400000,400500,9,14,410000,364
3,400,4000000,4000500,9,14,4010000,3640
3,401,4010000,4010500,9,14,4020000,3644
3,402,4020000,4020500,9,14,4030000,3656
3,403,4030000,4030500,9,14,4040000,3662
3,404,4040000,4040500,9,14,4050000,3672
3,405,4050000,4050500,9,14,4060000,3683
3,406,4060000,4060500,9,14,4070000,3693
3,407,4070000,4070500,9,14,4080000,3697
3,408,4080000,4080500,9,14,4090000,3713
3,409,4090000,4090500,9,14,4100000,3719
3,41,410000,410500,9,14,420000,368
3,410,4100000,4100500,9,14,4110000,3726
3,411,4110000,4110500,9,14,4120000,3735
3,412,4120000,4120500,9,14,4130000,3747
3,413,4130000,4130500,9,14,4140000,3753
3,414,4140000,4140500,9,14,4150000,3766
3,415,4150000,4150500,9,14,4160000,3773
3,416,4160000,4160500,9,14,4170000,3783
3,417,4170000,4170500,9,14,4180000,3792
3,418,4180000,4180500,9,14,4190000,3800
3,419,4190000,4190500,9,14,4200000,3804
3,42,420000,420500,9,14,430000,382
3,420,4200000,4200500,9,14,4210000,3823
3,421,4210000,4210500,9,14,4220000,3829
3,422,4220000,4220500,9,14,4230000,3835
3,423,4230000,4230500,9,14,4240000,3845
3,424,4240000,4240500,9,14,4250000,3857
3,425,4250000,4250500,9,14,4260000,3862
3,426,4260000,4260500,9,14,4270000,3874
3,427,4270000,4270500,9,14,4280000,3882
3,428,4280000,4280500,9,14,4290000,3892
3,429,4290000,4290500,9,14,4300000,3901
3,43,430000,430500,9,14,440000,388
3,430,4300000,4300500,9,14,4310000,3910
3,431,4310000,4310500,9,14,4320000,3914
3,432,4320000,4320500,9,14,4330000,3931
3,433,4330000,4330500,9,14,4340000,3937
3,434,4340000,4340500,9,14,4350000,3945
3,435,4350000,4350500,9,14,4360000,3955
3,436,4360000,4360500,9,14,4370000,3967
3,437,4370000,4370500,9,14,4380000,3971
3,438,4380000,4380500,9,14,4390000,3983
3,439,4390000,4390500,9,14,4400000,3989
3,44,440000,440500,9,14,450000,398
3,440,4400000,4400500,9,14,4410000,4000
3,441,4410000,4410500,9,14,4420000,4012
3,442,4420000,4420500,9,14,4430000,4020
3,443,4430000,4430500,9,14,4440000,4024
3,444,4440000,4440500,9,14,4450000,4040
3,445,4450000,4450500,9,14,4460000,4047
3,446,4460000,4460500,9,14,4470000,4053
3,447,4470000,4470500,9,14,4480000,4062
3,448,4480000,4480500,9,14,4490000,4076
3,449,4490000,4490500,9,14,4500000,4080
3,45,450000,450500,9,14,460000,409
3,450,4500000,4500500,9,14,4510000,4094
3,451,4510000,4510500,9,14,4520000,4100
3,452,4520000,4520500,9,14,4530000,4110
3,453,4530000,4530500,9,14,4540000,4119
3,454,4540000,4540500,9,14,4550000,4127
3,455,4550000,4550500,9,14,4560000,4134
3,456,4560000,4560500,9,14,4570000,4150
3,457,4570000,4570500,9,14,4580000,4156
3,458,4580000,4580500,9,14,4590000,4162
3,459,4590000,4590500,9,14,4600000,4172
3,46,460000,460500,9,14,470000,417
3,460,4600000,4600500,9,14,4610000,4185
3,461,4610000,4610500,9,14,4620000,4189
3,462,4620000,4620500,9,14,4630000,4203
3,463,4630000,4630500,9,14,4640000,4209
3,464,4640000,4640500,9,14,4650000,4219
3,465,4650000,4650500,9,14,4660000,4229
3,466,4660000,4660500,9,14,4670000,4237
3,467,4670000,4670500,9,14,4680000,4241
3,468,4680000,4680500,9,14,4690000,4258
3,469,4690000,4690500,9,14,4700000,4266
3,47,470000,470500,9,14,480000,421
3,470,4700000,4700500,9,14,4710000,4273
3,471,4710000,4710500,9,14,4720000,4282
3,472,4720000,4720500,9,14,4730000,4294
3,473,4730000,4730500,9,14,4740000,4298
3,474,4740000,4740500,9,14,4750000,4310
3,475,4750000,4750500,9,14,4760000,4317
3,476,4760000,4760500,9,14,4770000,4329
3,477,4770000,4770500,9,14,4780000,4339
3,478,4780000,4780500,9,14,4790000,4347
3,479,4790000,4790500,9,14,4800000,4351
3,48,480000,480500,9,14,490000,437
3,480,4800000,4800500,9,14,4810000,4368
3,481,4810000,4810500,9,14,4820000,4374
3,482,4820000,4820500,9,14,4830000,4380
3,483,4830000,4830500,9,14,4840000,4391
3,484,4840000,4840500,9,14,4850000,4403
3,485,4850000,4850500,9,14,4860000,4408
3,486,4860000,4860500,9,14,4870000,4421
3,487,4870000,4870500,9,14,4880000,4427
3,488,4880000,4880500,9,14,4890000,4437
3,489,4890000,4890500,9,14,4900000,4446
3,49,490000,490500,9,14,500000,445
3,490,4900000,4900500,9,14,4910000,4457
3,491,4910000,4910500,9,14,4920000,4461
3,492,4920000,4920500,9,14,4930000,4477
3,493,4930000,4930500,9,14,4940000,4483
3,494,4940000,4940500,9,14,4950000,4489
3,495,4950000,4950500,9,14,4960000,4500
3,496,4960000,4960500,9,14,4970000,4512
3,497,4970000,4970500,9,14,4980000,4518
3,498,4980000,4980500,9,14,4990000,4530
3,499,4990000,4990500,9,14,5000000,4536
3,5,50000,50500,9,14,60000,41
3,50,500000,500500,9,14,510000,452
3,500,5000000,5000500,9,14,5010000,4547
3,501,5010000,5010500,9,14,5020000,4556
3,502,5020000,5020500,9,14,5030000,4564
3,503,5030000,5030500,9,14,5040000,4568
3,504,5040000,5040500,9,14,5050000,4587
3,505,5050000,5050500,9,14,5060000,4594
3,506,5060000,5060500,9,14,5070000,4600
3,507,5070000,5070500,9,14,5080000,4609
3,508,5080000,5080500,9,14,5090000,4621
3,509,5090000,5090500,9,14,5100000,4625
3,51,510000,510500,9,14,520000,461
3,510,5100000,5100500,9,14,5110000,4638
3,511,5110000,5110500,9,14,5120000,4646
3,512,5120000,5120500,9,14,5130000,4656
3,513,5130000,5130500,9,14,5140000,4666
3,514,5140000,5140500,9,14,5150000,4674
3,515,5150000,5150500,9,14,5160000,4679
3,516,5160000,5160500,9,14,5170000,4695
3,517,5170000,5170500,9,14,5180000,4701
3,518,5180000,5180500,9,14,5190000,4709
3,519,5190000,5190500,9,14,5200000,4718
3,52,520000,520500,9,14,530000,473
3,520,5200000,5200500,9,14,5210000,4731
3,521,5210000,5210500,9,14,5220000,4735
3,522,5220000,5220500,9,14,5230000,4748
3,523,5230000,5230500,9,14,5240000,4754
3,524,5240000,5240500,9,14,5250000,4764
3,525,5250000,5250500,9,14,5260000,4776
3,526,5260000,5260500,9,14,5270000,4784
3,527,5270000,5270500,9,14,5280000,4788
3,528,5280000,5280500,9,14,5290000,4804
3,529,5290000,5290500,9,14,5300000,4810
3,53,530000,530500,9,14,540000,477
3,530,5300000,5300500,9,14,5310000,4817
3,531,5310000,5310500,9,14,5320000,4827
3,532,5320000,5320500,9,14,5330000,4841
3,533,5330000,5330500,9,14,5340000,4845
3,534,5340000,5340500,9,14,5350000,4857
3,535,5350000,5350500,9,14,5360000,4864
3,536,5360000,5360500,9,14,5370000,4874
3,537,5370000,5370500,9,14,5380000,4883
3,538,5380000,5380500,9,14,5390000,4891
3,539,5390000,5390500,9,14,5400000,4897
3,54,540000,540500,9,14,550000,490
3,540,5400000,5400500,9,14,5410000,4915
3,541,5410000,5410500,9,14,5420000,4921
3,542,5420000,5420500,9,14,5430000,4927
3,543,5430000,5430500,9,14,5440000,4936
3,544,5440000,5440500,9,14,5450000,4948
3,545,5450000,5450500,9,14,5460000,4953
3,546,5460000,5460500,9,14,5470000,4967
3,547,5470000,5470500,9,14,5480000,4973
3,548,5480000,5480500,9,14,5490000,4983
3,549,5490000,5490500,9,14,5500000,4993
3,55,550000,550500,9,14,560000,497
3,550,5500000,5500500,9,14,5510000,5002
3,551,5510000,5510500,9,14,5520000,5006
3,552,5520000,5520500,9,14,5530000,5022
3,553,5530000,5530500,9,14,5540000,5030
3,554,5540000,5540500,9,14,5550000,5036
3,555,5550000,5550500,9,14,5560000,5046
3,556,5560000,5560500,9,14,5570000,5058
3,557,5570000,5570500,9,14,5580000,5062
3,558,5580000,5580500,9,14,5590000,5075
3,559,5590000,5590500,9,14,5600000,5081
3,56,560000,560500,9,14,570000,509
3,560,5600000,5600500,9,14,5610000,5094
3,561,5610000,5610500,9,14,5620000,5103
3,562,5620000,5620500,9,14,5630000,5111
3,563,5630000,5630500,9,14,5640000,5115
3,564,5640000,5640500,9,14,5650000,5131
3,565,5650000,5650500,9,14,5660000,5138
3,566,5660000,5660500,9,14,5670000,5144
3,567,5670000,5670500,9,14,5680000,5156
3,568,5680000,5680500,9,14,5690000,5168
3,569,5690000,5690500,9,14,5700000,5172
3,57,570000,570500,9,14,580000,518
3,570,5700000,5700500,9,14,5710000,5185
3,571,5710000,5710500,9,14,5720000,5191
3,572,5720000,5720500,9,14,5730000,5201
3,573,5730000,5730500,9,14,5740000,5210
3,574,5740000,5740500,9,14,5750000,5220
3,575,5750000,5750500,9,14,5760000,5225
3,576,5760000,5760500,9,14,5770000,5242
3,577,5770000,5770500,9,14,5780000,5248
3,578,5780000,5780500,9,14,5790000,5254
3,579,5790000,5790500,9,14,5800000,5263
3,58,580000,580500,9,14,590000,526
3,580,5800000,5800500,9,14,5810000,5276
3,581,5810000,5810500,9,14,5820000,5282
3,582,5820000,5820500,9,14,5830000,5294
3,583,5830000,5830500,9,14,5840000,5300
3,584,5840000,5840500,9,14,5850000,5310
3,585,5850000,5850500,9,14,5860000,5321
3,586,5860000,5860500,9,14,5870000,5329
3,587,5870000,5870500,9,14,5880000,5333
3,588,5880000,5880500,9,14,5890000,5351
3,589,5890000,5890500,9,14,5900000,5357
3,59,590000,590500,9,14,600000,530
3,590,5900000,5900500,9,14,5910000,5364
3,591,5910000,5910500,9,14,5920000,5373
3,592,5920000,5920500,9,14,5930000,5385
3,593,5930000,5930500,9,14,5940000,5389
3,594,5940000,5940500,9,14,5950000,5402
3,595,5950000,5950500,9,14,5960000,5411
3,596,5960000,5960500,9,14,5970000,5421
3,597,5970000,5970500,9,14,5980000,5430
3,598,5980000,5980500,9,14,5990000,5438
3,599,5990000,5990500,9,14,6000000,5442
3,6,60000,60500,9,14,70000,53
3,60,600000,600500,9,14,610000,547
3,600,6000000,6000500,9,14,6010000,5459
3,601,6010000,6010500,9,14,6020000,5465
3,602,6020000,6020500,9,14,6030000,5473
3,603,6030000,6030500,9,14,6040000,5483
3,604,6040000,6040500,9,14,6050000,5495
3,605,6050000,6050500,9,14,6060000,5500
3,606,6060000,6060500,9,14,6070000,5512
3,607,6070000,6070500,9,14,6080000,5518
3,608,6080000,6080500,9,14,6090000,5528
3,609,6090000,6090500,9,14,6100000,5539
3,61,610000,610500,9,14,620000,553
3,610,6100000,6100500,9,14,6110000,5548
3,611,6110000,6110500,9,14,6120000,5552
3,612,6120000,6120500,9,14,6130000,5569
3,613,6130000,6130500,9,14,6140000,5575
3,614,6140000,6140500,9,14,6150000,5581
3,615,6150000,6150500,9,14,6160000,5591
3,616,6160000,6160500,9,14,6170000,5605
3,617,6170000,6170500,9,14,6180000,5609
3,618,6180000,6180500,9,14,6190000,5621
3,619,6190000,6190500,9,14,6200000,5627
3,62,620000,620500,9,14,630000,559
3,620,6200000,6200500,9,14,6210000,5638
3,621,6210000,6210500,9,14,6220000,5648
3,622,6220000,6220500,9,14,6230000,5656
3,623,6230000,6230500,9,14,6240000,5662
3,624,6240000,6240500,9,14,6250000,5678
3,625,6250000,6250500,9,14,6260000,5685
3,626,6260000,6260500,9,14,6270000,5691
3,627,6270000,6270500,9,14,6280000,5700
3,628,6280000,6280500,9,14,6290000,5712
3,629,6290000,6290500,9,14,6300000,5716
3,63,630000,630500,9,14,640000,571
3,630,6300000,6300500,9,14,6310000,5732
3,631,6310000,6310500,9,14,6320000,5738
3,632,6320000,6320500,9,14,6330000,5748
3,633,6330000,6330500,9,14,6340000,5757
3,634,6340000,6340500,9,14,6350000,5765
3,635,6350000,6350500,9,14,6360000,5770
3,636,6360000,6360500,9,14,6370000,5786
3,637,6370000,6370500,9,14,6380000,5794
3,638,6380000,6380500,9,14,6390000,5800
3,639,6390000,6390500,9,14,6400000,5810
3,64,640000,640500,9,14,650000,583
3,640,6400000,6400500,9,14,6410000,5823
3,641,6410000,6410500,9,14,6420000,5827
3,642,6420000,6420500,9,14,6430000,5839
3,643,6430000,6430500,9,14,6440000,5845
3,644,6440000,6440500,9,14,6450000,5857
3,645,6450000,6450500,9,14,6460000,5867
3,646,6460000,6460500,9,14,6470000,5875
3,647,6470000,6470500,9,14,6480000,5879
3,648,6480000,6480500,9,14,6490000,5896
3,649,6490000,6490500,9,14,6500000,5902
3,65,650000,650500,9,14,660000,588
3,650,6500000,6500500,9,14,6510000,5909
3,651,6510000,6510500,9,14,6520000,5920
3,652,6520000,6520500,9,14,6530000,5932
3,653,6530000,6530500,9,14,6540000,5936
3,654,6540000,6540500,9,14,6550000,5948
3,655,6550000,6550500,9,14,6560000,5955
3,656,6560000,6560500,9,14,6570000,5965
3,657,6570000,6570500,9,14,6580000,5975
3,658,6580000,6580500,9,14,6590000,5985
3,659,6590000,6590500,9,14,6600000,5989
3,66,660000,660500,9,14,670000,600
3,660,6600000,6600500,9,14,6610000,6006
3,661,6610000,6610500,9,14,6620000,6012
3,662,6620000,6620500,9,14,6630000,6018
3,663,6630000,6630500,9,14,6640000,6027
3,664,6640000,6640500,9,14,6650000,6039
3,665,6650000,6650500,9,14,6660000,6046
3,666,6660000,6660500,9,14,6670000,6059
3,667,6670000,6670500,9,14,6680000,6065
3,668,6680000,6680500,9,14,6690000,6075
3,669,6690000,6690500,9,14,6700000,6084
3,67,670000,670500,9,14,680000,606
3,670,6700000,6700500,9,14,6710000,6093
3,671,6710000,6710500,9,14,6720000,6097
3,672,6720000,6720500,9,14,6730000,6115
3,673,6730000,6730500,9,14,6740000,6121
3,674,6740000,6740500,9,14,6750000,6127
3,675,6750000,6750500,9,14,6760000,6138
3,676,6760000,6760500,9,14,6770000,6150
3,677,6770000,6770500,9,14,6780000,6154
3,678,6780000,6780500,9,14,6790000,6166
3,679,6790000,6790500,9,14,6800000,6174
3,68,680000,680500,9,14,690000,616
3,680,6800000,6800500,9,14,6810000,6185
3,681,6810000,6810500,9,14,6820000,6194
3,682,6820000,6820500,9,14,6830000,6202
3,683,6830000,6830500,9,14,6840000,6206
3,684,6840000,6840500,9,14,6850000,6223
3,685,6850000,6850500,9,14,6860000,6230
3,686,6860000,6860500,9,14,6870000,6238
3,687,6870000,6870500,9,14,6880000,6247
3,688,6880000,6880500,9,14,6890000,6259
3,689,6890000,6890500,9,14,6900000,6263
3,69,690000,690500,9,14,700000,625
3,690,6900000,6900500,9,14,6910000,6276
3,691,6910000,6910500,9,14,6920000,6282
3,692,6920000,6920500,9,14,6930000,6292
3,693,6930000,6930500,9,14,6940000,6304
3,694,6940000,6940500,9,14,6950000,6312
3,695,6950000,6950500,9,14,6960000,6317
3,696,6960000,6960500,9,14,6970000,6333
3,697,6970000,6970500,9,14,6980000,6339
3,698,6980000,6980500,9,14,6990000,6345
3,699,6990000,6990500,9,14,7000000,6354
3,7,70000,70500,9,14,80000,61
3,70,700000,700500,9,14,710000,636
3,700,7000000,7000500,9,14,7010000,6369
3,701,7010000,7010500,9,14,7020000,6373
3,702,7020000,7020500,9,14,7030000,6386
3,703,7030000,7030500,9,14,7040000,6392
3,704,7040000,7040500,9,14,7050000,6402
3,705,7050000,7050500,9,14,7060000,6412
3,706,7060000,7060500,9,14,7070000,6420
3,707,7070000,7070500,9,14,7080000,6426
3,708,7080000,7080500,9,14,7090000,6442
3,709,7090000,7090500,9,14,7100000,6448
3,71,710000,710500,9,14,720000,640
3,710,7100000,7100500,9,14,7110000,6455
3,711,7110000,7110500,9,14,7120000,6465
3,712,7120000,7120500,9,14,7130000,6477
3,713,7130000,7130500,9,14,7140000,6481
3,714,7140000,7140500,9,14,7150000,6495
3,715,7150000,7150500,9,14,7160000,6502
3,716,7160000,7160500,9,14,7170000,6512
3,717,7170000,7170500,9,14,7180000,6521
3,718,7180000,7180500,9,14,7190000,6529
3,719,7190000,7190500,9,14,7200000,6533
3,72,720000,720500,9,14,730000,657
3,720,7200000,7200500,9,14,7210000,6551
3,721,7210000,7210500,9,14,7220000,6559
3,722,7220000,7220500,9,14,7230000,6565
3,723,7230000,7230500,9,14,7240000,6574
3,724,7240000,7240500,9,14,7250000,6586
3,725,7250000,7250500,9,14,7260000,6591
3,726,7260000,7260500,9,14,7270000,6603
3,727,7270000,7270500,9,14,7280000,6609
3,728,7280000,7280500,9,14,7290000,6621
3,729,7290000,7290500,9,14,7300000,6631
3,73,730000,730500,9,14,740000,663
3,730,7300000,7300500,9,14,7310000,6640
3,731,7310000,7310500,9,14,7320000,6644
3,732,7320000,7320500,9,14,7330000,6660
3,733,7330000,7330500,9,14,7340000,6666
3,734,7340000,7340500,9,14,7350000,6672
3,735,7350000,7350500,9,14,7360000,6684
3,736,7360000,7360500,9,14,7370000,6696
3,737,7370000,7370500,9,14,7380000,6700
3,738,7380000,7380500,9,14,7390000,6713
3,739,7390000,7390500,9,14,7400000,6719
3,74,740000,740500,9,14,750000,669
3,740,7400000,7400500,9,14,7410000,6730
3,741,7410000,7410500,9,14,7420000,6739
3,742,7420000,7420500,9,14,7430000,6749
3,743,7430000,7430500,9,14,7440000,6753
3,744,7440000,7440500,9,14,7450000,6769
3,745,7450000,7450500,9,14,7460000,6776
3,746,7460000,7460500,9,14,7470000,6782
3,747,7470000,7470500,9,14,7480000,6792
3,748,7480000,7480500,9,14,7490000,6804
3,749,7490000,7490500,9,14,7500000,6810
3,75,750000,750500,9,14,760000,679
3,750,7500000,7500500,9,14,7510000,6823
3,751,7510000,7510500,9,14,7520000,6829
3,752,7520000,7520500,9,14,7530000,6839
3,753,7530000,7530500,9,14,7540000,6848
3,754,7540000,7540500,9,14,7550000,6856
3,755,7550000,7550500,9,14,7560000,6861
3,756,7560000,7560500,9,14,7570000,6880
3,757,7570000,7570500,9,14,7580000,6886
3,758,7580000,7580500,9,14,7590000,6892
3,759,7590000,7590500,9,14,7600000,6901
3,76,760000,760500,9,14,770000,691
3,760,7600000,7600500,9,14,7610000,6914
3,761,7610000,7610500,9,14,7620000,6918
3,762,7620000,7620500,9,14,7630000,6930
3,763,7630000,7630500,9,14,7640000,6938
3,764,7640000,7640500,9,14,7650000,6948
3,765,7650000,7650500,9,14,7660000,6959
3,766,7660000,7660500,9,14,7670000,6967
3,767,7670000,7670500,9,14,7680000,6971
3,768,7680000,7680500,9,14,7690000,6987
3,769,7690000,7690500,9,14,7700000,6993
3,77,770000,770500,9,14,780000,697
3,770,7700000,7700500,9,14,7710000,7002
3,771,7710000,7710500,9,14,7720000,7011
3,772,7720000,7720500,9,14,7730000,7023
3,773,7730000,7730500,9,14,7740000,7027
3,774,7740000,7740500,9,14,7750000,7040
3,775,7750000,7750500,9,14,7760000,7047
3,776,7760000,7760500,9,14,7770000,7057
3,777,7770000,7770500,9,14,7780000,7068
3,778,7780000,7780500,9,14,7790000,7076
3,779,7790000,7790500,9,14,7800000,7080
3,78,780000,780500,9,14,790000,709
3,780,7800000,7800500,9,14,7810000,7097
3,781,7810000,7810500,9,14,7820000,7103
3,782,7820000,7820500,9,14,7830000,7109
3,783,7830000,7830500,9,14,7840000,7119
3,784,7840000,7840500,9,14,7850000,7133
3,785,7850000,7850500,9,14,7860000,7138
3,786,7860000,7860500,9,14,7870000,7150
3,787,7870000,7870500,9,14,7880000,7156
3,788,7880000,7880500,9,14,7890000,7166
3,789,7890000,7890500,9,14,7900000,7175
3,79,790000,790500,9,14,800000,715
3,790,7900000,7900500,9,14,7910000,7184
3,791,7910000,7910500,9,14,7920000,7190
3,792,7920000,7920500,9,14,7930000,7207
3,793,7930000,7930500,9,14,7940000,7213
3,794,7940000,7940500,9,14,7950000,7219
3,795,7950000,7950500,9,14,7960000,7229
3,796,7960000,7960500,9,14,7970000,7241
3,797,7970000,7970500,9,14,7980000,7245
3,798,7980000,7980500,9,14,7990000,7259
3,799,7990000,7990500,9,14,8000000,7265
3,8,80000,80500,9,14,90000,71
3,80,800000,800500,9,14,810000,726
3,800,8000000,8000500,9,14,8010000,7276
3,801,8010000,8010500,9,14,8020000,7286
3,802,8020000,8020500,9,14,8030000,7294
3,803,8030000,8030500,9,14,8040000,7298
3,804,8040000,8040500,9,14,8050000,7314
3,805,8050000,8050500,9,14,8060000,7323
3,806,8060000,8060500,9,14,8070000,7329
3,807,8070000,8070500,9,14,8080000,7338
3,808,8080000,8080500,9,14,8090000,7350
3,809,8090000,8090500,9,14,8100000,7354
3,81,810000,810500,9,14,820000,736
3,810,8100000,8100500,9,14,8110000,7368
3,811,8110000,8110500,9,14,8120000,7374
3,812,8120000,8120500,9,14,8130000,7386
3,813,8130000,8130500,9,14,8140000,7395
3,814,8140000,8140500,9,14,8150000,7403
3,815,8150000,8150500,9,14,8160000,7408
3,816,8160000,8160500,9,14,8170000,7424
3,817,8170000,8170500,9,14,8180000,7430
3,818,8180000,8180500,9,14,8190000,7436
3,819,8190000,8190500,9,14,8200000,7448
3,82,820000,820500,9,14,830000,744
3,820,8200000,8200500,9,14,8210000,7461
3,821,8210000,8210500,9,14,8220000,7465
3,822,8220000,8220500,9,14,8230000,7477
3,823,8230000,8230500,9,14,8240000,7483
3,824,8240000,8240500,9,14,8250000,7493
3,825,8250000,8250500,9,14,8260000,7503
3,826,8260000,8260500,9,14,8270000,7513
3,827,8270000,8270500,9,14,8280000,7517
3,828,8280000,8280500,9,14,8290000,7534
3,829,8290000,8290500,9,14,8300000,7540
3,83,830000,830500,9,14,840000,748
3,830,8300000,8300500,9,14,8310000,7547
3,831,8310000,8310500,9,14,8320000,7556
3,832,8320000,8320500,9,14,8330000,7568
3,833,8330000,8330500,9,14,8340000,7574
3,834,8340000,8340500,9,14,8350000,7586
3,835,8350000,8350500,9,14,8360000,7593
3,836,8360000,8360500,9,14,8370000,7603
3,837,8370000,8370500,9,14,8380000,7613
3,838,8380000,8380500,9,14,8390000,7621
3,839,8390000,8390500,9,14,8400000,7625
3,84,840000,840500,9,14,850000,766
3,840,8400000,8400500,9,14,8410000,7644
3,841,8410000,8410500,9,14,8420000,7650
3,842,8420000,8420500,9,14,8430000,7656
3,843,8430000,8430500,9,14,8440000,7665
3,844,8440000,8440500,9,14,8450000,7677
3,845,8450000,8450500,9,14,8460000,7682
3,846,8460000,8460500,9,14,8470000,7695
3,847,8470000,8470500,9,14,8480000,7703
3,848,8480000,8480500,9,14,8490000,7713
3,849,8490000,8490500,9,14,8500000,7722
3,85,850000,850500,9,14,860000,773
3,850,8500000,8500500,9,14,8510000,7731
3,851,8510000,8510500,9,14,8520000,7735
3,852,8520000,8520500,9,14,8530000,7751
3,853,8530000,8530500,9,14,8540000,7757
3,854,8540000,8540500,9,14,8550000,7765
3,855,8550000,8550500,9,14,8560000,7776
3,856,8560000,8560500,9,14,8570000,7788
3,857,8570000,8570500,9,14,8580000,7792
3,858,8580000,8580500,9,14,8590000,7804
3,859,8590000,8590500,9,14,8600000,7810
3,86,860000,860500,9,14,870000,779
3,860,8600000,8600500,9,14,8610000,7821
3,861,8610000,8610500,9,14,8620000,7832
3,862,8620000,8620500,9,14,8630000,7840
3,863,8630000,8630500,9,14,8640000,7844
3,864,8640000,8640500,9,14,8650000,7861
3,865,8650000,8650500,9,14,8660000,7868
3,866,8660000,8660500,9,14,8670000,7874
3,867,8670000,8670500,9,14,8680000,7883
3,868,8680000,8680500,9,14,8690000,7897
3,869,8690000,8690500,9,14,8700000,7901
3,87,870000,870500,9,14,880000,788
3,870,8700000,8700500,9,14,8710000,7914
3,871,8710000,8710500,9,14,8720000,7920
3,872,8720000,8720500,9,14,8730000,7930
3,873,8730000,8730500,9,14,8740000,7940
3,874,8740000,8740500,9,14,8750000,7948
3,875,8750000,8750500,9,14,8760000,7955
3,876,8760000,8760500,9,14,8770000,7971
3,877,8770000,8770500,9,14,8780000,7977
3,878,8780000,8780500,9,14,8790000,7983
3,879,8790000,8790500,9,14,8800000,7992
3,88,880000,880500,9,14,890000,800
3,880,8800000,8800500,9,14,8810000,8005
3,881,8810000,8810500,9,14,8820000,8009
3,882,8820000,8820500,9,14,8830000,8024
3,883,8830000,8830500,9,14,8840000,8030
3,884,8840000,8840500,9,14,8850000,8040
3,885,8850000,8850500,9,14,8860000,8050
3,886,8860000,8860500,9,14,8870000,8058
3,887,8870000,8870500,9,14,8880000,8062
3,888,8880000,8880500,9,14,8890000,8078
3,889,8890000,8890500,9,14,8900000,8086
3,89,890000,890500,9,14,900000,804
3,890,8900000,8900500,9,14,8910000,8093
3,891,8910000,8910500,9,14,8920000,8103
3,892,8920000,8920500,9,14,8930000,8115
3,893,8930000,8930500,9,14,8940000,8119
3,894,8940000,8940500,9,14,8950000,8131
3,895,8950000,8950500,9,14,8960000,8138
3,896,8960000,8960500,9,14,8970000,8150
3,897,8970000,8970500,9,14,8980000,8159
3,898,8980000,8980500,9,14,8990000,8167
3,899,8990000,8990500,9,14,9000000,8171
3,9,90000,90500,9,14,100000,81
3,90,900000,900500,9,14,910000,818
3,900,9000000,9000500,9,14,9010000,8189
3,901,9010000,9010500,9,14,9020000,8195
3,902,9020000,9020500,9,14,9030000,8201
3,903,9030000,9030500,9,14,9040000,8212
3,904,9040000,9040500,9,14,9050000,8224
3,905,9050000,9050500,9,14,9060000,8229
3,906,9060000,9060500,9,14,9070000,8241
3,907,9070000,9070500,9,14,9080000,8247
3,908,9080000,9080500,9,14,9090000,8257
3,909,9090000,9090500,9,14,9100000,8267
3,91,910000,910500,9,14,920000,826
3,910,9100000,9100500,9,14,9110000,8278
3,911,9110000,9110500,9,14,9120000,8282
3,912,9120000,9120500,9,14,9130000,8298
3,913,9130000,9130500,9,14,9140000,8304
3,914,9140000,9140500,9,14,9150000,8310
3,915,9150000,9150500,9,14,9160000,8320
3,916,9160000,9160500,9,14,9170000,8332
3,917,9170000,9170500,9,14,9180000,8338
3,918,9180000,9180500,9,14,9190000,8351
3,919,9190000,9190500,9,14,9200000,8357
3,92,920000,920500,9,14,930000,836
3,920,9200000,9200500,9,14,9210000,8368
3,921,9210000,9210500,9,14,9220000,8377
3,922,9220000,9220500,9,14,9230000,8385
3,923,9230000,9230500,9,14,9240000,8389
3,924,9240000,9240500,9,14,9250000,8407
3,925,9250000,9250500,9,14,9260000,8414
3,926,9260000,9260500,9,14,9270000,8420
3,927,9270000,9270500,9,14,9280000,8430
3,928,9280000,9280500,9,14,9290000,8442
3,929,9290000,9290500,9,14,9300000,8446
3,93,930000,930500,9,14,940000,845
3,930,9300000,9300500,9,14,9310000,8459
3,931,9310000,9310500,9,14,9320000,8467
3,932,9320000,9320500,9,14,9330000,8477
3,933,9330000,9330500,9,14,9340000,8486
3,934,9340000,9340500,9,14,9350000,8494
3,935,9350000,9350500,9,14,9360000,8499
3,936,9360000,9360500,9,14,9370000,8516
3,937,9370000,9370500,9,14,9380000,8522
3,938,9380000,9380500,9,14,9390000,8530
3,939,9390000,9390500,9,14,9400000,8539
3,94,940000,940500,9,14,950000,853
3,940,9400000,9400500,9,14,9410000,8552
3,941,9410000,9410500,9,14,9420000,8556
3,942,9420000,9420500,9,14,9430000,8568
3,943,9430000,9430500,9,14,9440000,8574
3,944,9440000,9440500,9,14,9450000,8584
3,945,9450000,9450500,9,14,9460000,8597
3,946,9460000,9460500,9,14,9470000,8605
3,947,9470000,9470500,9,14,9480000,8609
3,948,9480000,9480500,9,14,9490000,8625
3,949,9490000,9490500,9,14,9500000,8631
3,95,950000,950500,9,14,960000,858
3,950,9500000,9500500,9,14,9510000,8638
3,951,9510000,9510500,9,14,9520000,8647
3,952,9520000,9520500,9,14,9530000,8661
3,953,9530000,9530500,9,14,9540000,8665
3,954,9540000,9540500,9,14,9550000,8678
3,955,9550000,9550500,9,14,9560000,8685
3,956,9560000,9560500,9,14,9570000,8695
3,957,9570000,9570500,9,14,9580000,8704
3,958,9580000,9580500,9,14,9590000,8712
3,959,9590000,9590500,9,14,9600000,8718
3,96,960000,960500,9,14,970000,874
3,960,9600000,9600500,9,14,9610000,8735
3,961,9610000,9610500,9,14,9620000,8741
3,962,9620000,9620500,9,14,9630000,8747
3,963,9630000,9630500,9,14,9640000,8757
3,964,9640000,9640500,9,14,9650000,8769
3,965,9650000,9650500,9,14,9660000,8774
3,966,9660000,9660500,9,14,9670000,8788
3,967,9670000,9670500,9,14,9680000,8794
3,968,9680000,9680500,9,14,9690000,8804
3,969,9690000,9690500,9,14,9700000,8813
3,97,970000,970500,9,14,980000,880
3,970,9700000,9700500,9,14,9710000,8822
3,971,9710000,9710500,9,14,9720000,8826
3,972,9720000,9720500,9,14,9730000,8843
3,973,9730000,9730500,9,14,9740000,8851
3,974,9740000,9740500,9,14,9750000,8857
3,975,9750000,9750500,9,14,9760000,8867
3,976,9760000,9760500,9,14,9770000,8879
3,977,9770000,9770500,9,14,9780000,8883
3,978,9780000,9780500,9,14,9790000,8895
3,979,9790000,9790500,9,14,9800000,8901
3,98,980000,980500,9,14,990000,888
3,980,9800000,9800500,9,14,9810000,8914
3,981,9810000,9810500,9,14,9820000,8924
3,982,9820000,9820500,9,14,9830000,8932
3,983,9830000,9830500,9,14,9840000,8936
3,984,9840000,9840500,9,14,9850000,8952
3,985,9850000,9850500,9,14,9860000,8959
3,986,9860000,9860500,9,14,9870000,8965
3,987,9870000,9870500,9,14,9880000,8976
3,988,9880000,9880500,9,14,9890000,8988
3,989,9890000,9890500,9,14,9900000,8992
3,99,990000,990500,9,14,1000000,898
3,990,9900000,9900500,9,14,9910000,9006
3,991,9910000,9910500,9,14,9920000,9012
3,992,9920000,9920500,9,14,9930000,9022
3,993,9930000,9930500,9,14,9940000,9031
3,994,9940000,9940500,9,14,9950000,9041
3,995,9950000,9950500,9,14,9960000,9046
3,996,9960000,9960500,9,14,9970000,9062
3,997,9970000,9970500,9,14,9980000,9068
3,998,9980000,9980500,9,14,9990000,9074
3,999,9990000,9990500,9,14,10000000,9084
4,0,0,750,1940,3232,15000,4
4,1,15000,15750,1940,3232,30000,16
4,10,150000,150750,1940,3232,165000,141
4,100,1500000,1500750,1940,3232,1515000,1365
4,101,1515000,1515750,1940,3232,1530000,1381
4,102,1530000,1530750,1940,3232,1545000,1395
4,103,1545000,1545750,1940,3232,1560000,1406
4,104,1560000,1560750,1940,3232,1575000,1422
4,105,1575000,1575750,1940,3232,1590000,1434
4,106,1590000,1590750,1940,3232,1605000,1450
4,107,1605000,1605750,1940,3232,1620000,1462
4,108,1620000,1620750,1940,3232,1635000,1475
4,109,1635000,1635750,1940,3232,1650000,1491
4,11,165000,165750,1940,3232,180000,151
4,110,1650000,1650750,1940,3232,1665000,1503
4,111,1665000,1665750,1940,3232,1680000,1513
4,112,1680000,1680750,1940,3232,1695000,1531
4,113,1695000,1695750,1940,3232,1710000,1544
4,114,1710000,1710750,1940,3232,1725000,1560
4,115,1725000,1725750,1940,3232,1740000,1570
4,116,1740000,1740750,1940,3232,1755000,1585
4,117,1755000,1755750,1940,3232,1770000,1601
4,118,1770000,1770750,1940,3232,1785000,1612
4,119,1785000,1785750,1940,3232,1800000,1622
4,12,180000,180750,1940,3232,195000,164
4,120,1800000,1800750,1940,3232,1815000,1640
4,121,1815000,1815750,1940,3232,1830000,1654
4,122,1830000,1830750,1940,3232,1845000,1669
4,123,1845000,1845750,1940,3232,1860000,1680
4,124,1860000,1860750,1940,3232,1875000,1692
4,125,1875000,1875750,1940,3232,1890000,1708
4,126,1890000,1890750,1940,3232,1905000,1723
4,127,1905000,1905750,1940,3232,1920000,1733
4,128,1920000,1920750,1940,3232,1935000,1749
4,129,1935000,1935750,1940,3232,1950000,1761
4,13,195000,195750,1940,3232,210000,181
4,130,1950000,1950750,1940,3232,1965000,1779
4,131,1965000,1965750,1940,3232,1980000,1789
4,132,1980000,1980750,1940,3232,1995000,1802
4,133,1995000,1995750,1940,3232,2010000,1819
4,134,2010000,2010750,1940,3232,2025000,1830
4,135,2025000,2025750,1940,3232,2040000,1842
4,136,2040000,2040750,1940,3232,2055000,1859
4,137,2055000,2055750,1940,3232,2070000,1871
4,138,2070000,2070750,1940,3232,2085000,1887
4,139,2085000,2085750,1940,3232,2100000,1897
4,14,210000,210750,1940,3232,225000,194
4,140,2100000,2100750,1940,3232,2115000,1912
4,141,2115000,2115750,1940,3232,2130000,1928
4,142,2130000,2130750,1940,3232,2145000,1939
4,143,2145000,2145750,1940,3232,2160000,1950
4,144,2160000,2160750,1940,3232,2175000,1969
4,145,2175000,2175750,1940,3232,2190000,1981
4,146,2190000,2190750,1940,3232,2205000,1997
4,147,2205000,2205750,1940,3232,2220000,2007
4,148,2220000,2220750,1940,3232,2235000,2019
4,149,2235000,2235750,1940,3232,2250000,2037
4,15,225000,225750,1940,3232,240000,204
4,150,2250000,2250750,1940,3232,2265000,2050
4,151,2265000,2265750,1940,3232,2280000,2060
4,152,2280000,2280750,1940,3232,2295000,2076
4,153,2295000,2295750,1940,3232,2310000,2089
4,154,2310000,2310750,1940,3232,2325000,2106
4,155,2325000,2325750,1940,3232,2340000,2116
4,156,2340000,2340750,1940,3232,2355000,2130
4,157,2355000,2355750,1940,3232,2370000,2146
4,158,2370000,2370750,1940,3232,2385000,2159
4,159,2385000,2385750,1940,3232,2400000,2169
4,16,240000,240750,1940,3232,255000,221
4,160,2400000,2400750,1940,3232,2415000,2186
4,161,2415000,2415750,1940,3232,2430000,2198
4,162,2430000,2430750,1940,3232,2445000,2214
4,163,2445000,2445750,1940,3232,2460000,2227
4,164,2460000,2460750,1940,3232,2475000,2239
4,165,2475000,2475750,1940,3232,2490000,2255
4,166,2490000,2490750,1940,3232,2505000,2267
4,167,2505000,2505750,1940,3232,2520000,2277
4,168,2520000,2520750,1940,3232,2535000,2296
4,169,2535000,2535750,1940,3232,2550000,2308
4,17,255000,255750,1940,3232,270000,233
4,170,2550000,2550750,1940,3232,2565000,2324
4,171,2565000,2565750,1940,3232,2580000,2334
4,172,2580000,2580750,1940,3232,2595000,2348
4,173,2595000,2595750,1940,3232,2610000,2365
4,174,2610000,2610750,1940,3232,2625000,2377
4,175,2625000,2625750,1940,3232,2640000,2387
4,176,2640000,2640750,1940,3232,2655000,2404
4,177,2655000,2655750,1940,3232,2670000,2418
4,178,2670000,2670750,1940,3232,2685000,2433
4,179,2685000,2685750,1940,3232,2700000,2443
4,18,270000,270750,1940,3232,285000,251
4,180,2700000,2700750,1940,3232,2715000,2457
4,181,2715000,2715750,1940,3232,2730000,2473
4,182,2730000,2730750,1940,3232,2745000,2486
4,183,2745000,2745750,1940,3232,2760000,2497
4,184,2760000,2760750,1940,3232,2775000,2513
4,185,2775000,2775750,1940,3232,2790000,2525
4,186,2790000,2790750,1940,3232,2805000,2544
4,187,2805000,2805750,1940,3232,2820000,2554
4,188,2820000,2820750,1940,3232,2835000,2566
4,189,2835000,2835750,1940,3232,2850000,2582
4,19,285000,285750,1940,3232,300000,261
4,190,2850000,2850750,1940,3232,2865000,2594
4,191,2865000,2865750,1940,3232,2880000,2606
4,192,2880000,2880750,1940,3232,2895000,2623
4,193,2895000,2895750,1940,3232,2910000,2636
4,194,2910000,2910750,1940,3232,2925000,2651
4,195,2925000,2925750,1940,3232,2940000,2661
4,196,2940000,2940750,1940,3232,2955000,2676
4,197,2955000,2955750,1940,3232,2970000,2692
4,198,2970000,2970750,1940,3232,2985000,2704
4,199,2985000,2985750,1940,3232,3000000,2714
4,2,30000,30750,1940,3232,45000,31
4,20,300000,300750,1940,3232,315000,274
4,200,3000000,3000750,1940,3232,3015000,2733
4,201,3015000,3015750,1940,3232,3030000,2745
4,202,3030000,3030750,1940,3232,3045000,2760
4,203,3045000,3045750,1940,3232,3060000,2771
4,204,3060000,3060750,1940,3232,3075000,2784
4,205,3075000,3075750,1940,3232,3090000,2802
4,206,3090000,3090750,1940,3232,3105000,2814
4,207,3105000,3105750,1940,3232,3120000,2824
4,208,3120000,3120750,1940,3232,3135000,2840
4,209,3135000,3135750,1940,3232,3150000,2852
4,21,315000,315750,1940,3232,330000,290
4,210,3150000,3150750,1940,3232,3165000,2871
4,211,3165000,3165750,1940,3232,3180000,2881
4,212,3180000,3180750,1940,3232,3195000,2893
4,213,3195000,3195750,1940,3232,3210000,2910
4,214,3210000,3210750,1940,3232,3225000,2923
4,215,3225000,3225750,1940,3232,3240000,2933
4,216,3240000,3240750,1940,3232,3255000,2951
4,217,3255000,3255750,1940,3232,3270000,2963
4,218,3270000,3270750,1940,3232,3285000,2978
4,219,3285000,3285750,1940,3232,3300000,2990
4,22,330000,330750,1940,3232,345000,301
4,220,3300000,3300750,1940,3232,3315000,3003
4,221,3315000,3315750,1940,3232,3330000,3019
4,222,3330000,3330750,1940,3232,3345000,3031
4,223,3345000,3345750,1940,3232,3360000,3042
4,224,3360000,3360750,1940,3232,3375000,3060
4,225,3375000,3375750,1940,3232,3390000,3072
4,226,3390000,3390750,1940,3232,3405000,3088
4,227,3405000,3405750,1940,3232,3420000,3098
4,228,3420000,3420750,1940,3232,3435000,3113
4,229,3435000,3435750,1940,3232,3450000,3129
4,23,345000,345750,1940,3232,360000,314
4,230,3450000,3450750,1940,3232,3465000,3141
4,231,3465000,3465750,1940,3232,3480000,3151
4,232,3480000,3480750,1940,3232,3495000,3167
4,233,3495000,3495750,1940,3232,3510000,3182
4,234,3510000,3510750,1940,3232,3525000,3198
4,235,3525000,3525750,1940,3232,3540000,3208
4,236,3540000,3540750,1940,3232,3555000,3221
4,237,3555000,3555750,1940,3232,3570000,3237
4,238,3570000,3570750,1940,3232,3585000,3250
4,239,3585000,3585750,1940,3232,3600000,3260
4,24,360000,360750,1940,3232,375000,331
4,240,3600000,3600750,1940,3232,3615000,3278
4,241,3615000,3615750,1940,3232,3630000,3290
4,242,3630000,3630750,1940,3232,3645000,3307
4,243,3645000,3645750,1940,3232,3660000,3318
4,244,3660000,3660750,1940,3232,3675000,3330
4,245,3675000,3675750,1940,3232,3690000,3346
4,246,3690000,3690750,1940,3232,3705000,3359
4,247,3705000,3705750,1940,3232,3720000,3371
4,248,3720000,3720750,1940,3232,3735000,3387
4,249,3735000,3735750,1940,3232,3750000,3399
4,25,375000,375750,1940,3232,390000,343
4,250,3750000,3750750,1940,3232,3765000,3415
4,251,3765000,3765750,1940,3232,3780000,3425
4,252,3780000,3780750,1940,3232,3795000,3440
4,253,3795000,3795750,1940,3232,3810000,3457
4,254,3810000,3810750,1940,3232,3825000,3468
4,255,3825000,3825750,1940,3232,3840000,3478
4,256,3840000,3840750,1940,3232,3855000,3497
4,257,3855000,3855750,1940,3232,3870000,3509
4,258,3870000,3870750,1940,3232,3885000,3525
4,259,3885000,3885750,1940,3232,3900000,3535
4,26,390000,390750,1940,3232,405000,359
4,260,3900000,3900750,1940,3232,3915000,3548
4,261,3915000,3915750,1940,3232,3930000,3566
4,262,3930000,3930750,1940,3232,3945000,3577
4,263,3945000,3945750,1940,3232,3960000,3588
4,264,3960000,3960750,1940,3232,3975000,3605
4,265,3975000,3975750,1940,3232,3990000,3617
4,266,3990000,3990750,1940,3232,4005000,3635
4,267,4005000,4005750,1940,3232,4020000,3645
4,268,4020000,4020750,1940,3232,4035000,3657
4,269,4035000,4035750,1940,3232,4050000,3673
4,27,405000,405750,1940,3232,420000,369
4,270,4050000,4050750,1940,3232,4065000,3688
4,271,4065000,4065750,1940,3232,4080000,3698
4,272,4080000,4080750,1940,3232,4095000,3714
4,273,4095000,4095750,1940,3232,4110000,3727
4,274,4110000,4110750,1940,3232,4125000,3742
4,275,4125000,4125750,1940,3232,4140000,3754
4,276,4140000,4140750,1940,3232,4155000,3768
4,277,4155000,4155750,1940,3232,4170000,3784
4,278,4170000,4170750,1940,3232,4185000,3795
4,279,4185000,4185750,1940,3232,4200000,3805
4,28,420000,420750,1940,3232,435000,383
4,280,4200000,4200750,1940,3232,4215000,3824
4,281,4215000,4215750,1940,3232,4230000,3836
4,282,4230000,4230750,1940,3232,4245000,3852
4,283,4245000,4245750,1940,3232,4260000,3863
4,284,4260000,4260750,1940,3232,4275000,3877
4,285,4275000,4275750,1940,3232,4290000,3893
4,286,4290000,4290750,1940,3232,4305000,3905
4,287,4305000,4305750,1940,3232,4320000,3915
4,288,4320000,4320750,1940,3232,4335000,3932
4,289,4335000,4335750,1940,3232,4350000,3946
4,29,435000,435750,1940,3232,450000,399
4,290,4350000,4350750,1940,3232,4365000,3962
4,291,4365000,4365750,1940,3232,4380000,3972
4,292,4380000,4380750,1940,3232,4395000,3984
4,293,4395000,4395750,1940,3232,4410000,4001
4,294,4410000,4410750,1940,3232,4425000,4015
4,295,4425000,4425750,1940,3232,4440000,4025
4,296,4440000,4440750,1940,3232,4455000,4042
4,297,4455000,4455750,1940,3232,4470000,4054
4,298,4470000,4470750,1940,3232,4485000,4071
4,299,4485000,4485750,1940,3232,4500000,4081
4,3,45000,45750,1940,3232,60000,42
4,30,450000,450750,1940,3232,465000,412
4,300,4500000,4500750,1940,3232,4515000,4095
4,301,4515000,4515750,1940,3232,4530000,4111
4,302,4530000,4530750,1940,3232,4545000,4122
4,303,4545000,4545750,1940,3232,4560000,4135
4,304,4560000,4560750,1940,3232,4575000,4151
4,305,4575000,4575750,1940,3232,4590000,4163
4,306,4590000,4590750,1940,3232,4605000,4180
4,307,4605000,4605750,1940,3232,4620000,4190
4,308,4620000,4620750,1940,3232,4635000,4204
4,309,4635000,4635750,1940,3232,4650000,4220
4,31,465000,465750,1940,3232,480000,422
4,310,4650000,4650750,1940,3232,4665000,4232
4,311,4665000,4665750,1940,3232,4680000,4242
4,312,4680000,4680750,1940,3232,4695000,4261
4,313,4695000,4695750,1940,3232,4710000,4274
4,314,4710000,4710750,1940,3232,4725000,4289
4,315,4725000,4725750,1940,3232,4740000,4299
4,316,4740000,4740750,1940,3232,4755000,4312
4,317,4755000,4755750,1940,3232,4770000,4330
4,318,4770000,4770750,1940,3232,4785000,4342
4,319,4785000,4785750,1940,3232,4800000,4352
4,32,480000,480750,1940,3232,495000,440
4,320,4800000,4800750,1940,3232,4815000,4369
4,321,4815000,4815750,1940,3232,4830000,4381
4,322,4830000,4830750,1940,3232,4845000,4398
4,323,4845000,4845750,1940,3232,4860000,4409
4,324,4860000,4860750,1940,3232,4875000,4422
4,325,4875000,4875750,1940,3232,4890000,4438
4,326,4890000,4890750,1940,3232,4905000,4452
4,327,4905000,4905750,1940,3232,4920000,4462
4,328,4920000,4920750,1940,3232,4935000,4478
4,329,4935000,4935750,1940,3232,4950000,4490
4,33,495000,495750,1940,3232,510000,453
4,330,4950000,4950750,1940,3232,4965000,4507
4,331,4965000,4965750,1940,3232,4980000,4519
4,332,4980000,4980750,1940,3232,4995000,4531
4,333,4995000,4995750,1940,3232,5010000,4548
4,334,5010000,5010750,1940,3232,5025000,4559
4,335,5025000,5025750,1940,3232,5040000,4569
4,336,5040000,5040750,1940,3232,5055000,4589
4,337,5055000,5055750,1940,3232,5070000,4601
4,338,5070000,5070750,1940,3232,5085000,4616
4,339,5085000,5085750,1940,3232,5100000,4626
4,34,510000,510750,1940,3232,525000,468
4,340,5100000,5100750,1940,3232,5115000,4641
4,341,5115000,5115750,1940,3232,5130000,4657
4,342,5130000,5130750,1940,3232,5145000,4669
4,343,5145000,5145750,1940,3232,5160000,4680
4,344,5160000,5160750,1940,3232,5175000,4696
4,345,5175000,5175750,1940,3232,5190000,4710
4,346,5190000,5190750,1940,3232,5205000,4726
4,347,5205000,5205750,1940,3232,5220000,4736
4,348,5220000,5220750,1940,3232,5235000,4749
4,349,5235000,5235750,1940,3232,5250000,4765
4,35,525000,525750,1940,3232,540000,478
4,350,5250000,5250750,1940,3232,5265000,4779
4,351,5265000,5265750,1940,3232,5280000,4789
4,352,5280000,5280750,1940,3232,5295000,4805
4,353,5295000,5295750,1940,3232,5310000,4818
4,354,5310000,5310750,1940,3232,5325000,4836
4,355,5325000,5325750,1940,3232,5340000,4846
4,356,5340000,5340750,1940,3232,5355000,4859
4,357,5355000,5355750,1940,3232,5370000,4875
4,358,5370000,5370750,1940,3232,5385000,4886
4,359,5385000,5385750,1940,3232,5400000,4898
4,36,540000,540750,1940,3232,555000,492
4,360,5400000,5400750,1940,3232,5415000,4916
4,361,5415000,5415750,1940,3232,5430000,4928
4,362,5430000,5430750,1940,3232,5445000,4943
4,363,5445000,5445750,1940,3232,5460000,4954
4,364,5460000,5460750,1940,3232,5475000,4968
4,365,5475000,5475750,1940,3232,5490000,4984
4,366,5490000,5490750,1940,3232,5505000,4997
4,367,5505000,5505750,1940,3232,5520000,5007
4,368,5520000,5520750,1940,3232,5535000,5025
4,369,5535000,5535750,1940,3232,5550000,5037
4,37,555000,555750,1940,3232,570000,510
4,370,5550000,5550750,1940,3232,5565000,5053
4,371,5565000,5565750,1940,3232,5580000,5063
4,372,5580000,5580750,1940,3232,5595000,5076
4,373,5595000,5595750,1940,3232,5610000,5095
4,374,5610000,5610750,1940,3232,5625000,5106
4,375,5625000,5625750,1940,3232,5640000,5116
4,376,5640000,5640750,1940,3232,5655000,5133
4,377,5655000,5655750,1940,3232,5670000,5145
4,378,5670000,5670750,1940,3232,5685000,5163
4,379,5685000,5685750,1940,3232,5700000,5173
4,38,570000,570750,1940,3232,585000,521
4,380,5700000,5700750,1940,3232,5715000,5186
4,381,5715000,5715750,1940,3232,5730000,5202
4,382,5730000,5730750,1940,3232,5745000,5215
4,383,5745000,5745750,1940,3232,5760000,5226
4,384,5760000,5760750,1940,3232,5775000,5243
4,385,5775000,5775750,1940,3232,5790000,5255
4,386,5790000,5790750,1940,3232,5805000,5271
4,387,5805000,5805750,1940,3232,5820000,5283
4,388,5820000,5820750,1940,3232,5835000,5295
4,389,5835000,5835750,1940,3232,5850000,5311
4,39,585000,585750,1940,3232,600000,531
4,390,5850000,5850750,1940,3232,5865000,5324
4,391,5865000,5865750,1940,3232,5880000,5334
4,392,5880000,5880750,1940,3232,5895000,5352
4,393,5895000,5895750,1940,3232,5910000,5365
4,394,5910000,5910750,1940,3232,5925000,5380
4,395,5925000,5925750,1940,3232,5940000,5390
4,396,5940000,5940750,1940,3232,5955000,5406
4,397,5955000,5955750,1940,3232,5970000,5422
4,398,5970000,5970750,1940,3232,5985000,5433
4,399,5985000,5985750,1940,3232,6000000,5443
4,4,60000,60750,1940,3232,75000,56
4,40,600000,600750,1940,3232,615000,548
4,400,6000000,6000750,1940,3232,6015000,5460
4,401,6015000,6015750,1940,3232,6030000,5474
4,402,6030000,6030750,1940,3232,6045000,5490
4,403,6045000,6045750,1940,3232,6060000,5501
4,404,6060000,6060750,1940,3232,6075000,5513
4,405,6075000,6075750,1940,3232,6090000,5529
4,406,6090000,6090750,1940,3232,6105000,5543
4,407,6105000,6105750,1940,3232,6120000,5553
4,408,6120000,6120750,1940,3232,6135000,5570
4,409,6135000,6135750,1940,3232,6150000,5582
4,41,615000,615750,1940,3232,630000,560
4,410,6150000,6150750,1940,3232,6165000,5600
4,411,6165000,6165750,1940,3232,6180000,5610
4,412,6180000,6180750,1940,3232,6195000,5622
4,413,6195000,6195750,1940,3232,6210000,5639
4,414,6210000,6210750,1940,3232,6225000,5651
4,415,6225000,6225750,1940,3232,6240000,5663
4,416,6240000,6240750,1940,3232,6255000,5680
4,417,6255000,6255750,1940,3232,6270000,5692
4,418,6270000,6270750,1940,3232,6285000,5707
4,419,6285000,6285750,1940,3232,6300000,5717
4,42,630000,630750,1940,3232,645000,578
4,420,6300000,6300750,1940,3232,6315000,5733
4,421,6315000,6315750,1940,3232,6330000,5749
4,422,6330000,6330750,1940,3232,6345000,5760
4,423,6345000,6345750,1940,3232,6360000,5771
4,424,6360000,6360750,1940,3232,6375000,5789
4,425,6375000,6375750,1940,3232,6390000,5801
4,426,6390000,6390750,1940,3232,6405000,5818
4,427,6405000,6405750,1940,3232,6420000,5828
4,428,6420000,6420750,1940,3232,6435000,5840
4,429,6435000,6435750,1940,3232,6450000,5858
4,43,645000,645750,1940,3232,660000,589
4,430,6450000,6450750,1940,3232,6465000,5870
4,431,6465000,6465750,1940,3232,6480000,5880
4,432,6480000,6480750,1940,3232,6495000,5897
4,433,6495000,6495750,1940,3232,6510000,5910
4,434,6510000,6510750,1940,3232,6525000,5927
4,435,6525000,6525750,1940,3232,6540000,5937
4,436,6540000,6540750,1940,3232,6555000,5950
4,437,6555000,6555750,1940,3232,6570000,5966
4,438,6570000,6570750,1940,3232,6585000,5980
4,439,6585000,6585750,1940,3232,6600000,5990
4,44,660000,660750,1940,3232,675000,601
4,440,6600000,6600750,1940,3232,6615000,6007
4,441,6615000,6615750,1940,3232,6630000,6019
4,442,6630000,6630750,1940,3232,6645000,6034
4,443,6645000,6645750,1940,3232,6660000,6047
4,444,6660000,6660750,1940,3232,6675000,6060
4,445,6675000,6675750,1940,3232,6690000,6076
4,446,6690000,6690750,1940,3232,6705000,6088
4,447,6705000,6705750,1940,3232,6720000,6098
4,448,6720000,6720750,1940,3232,6735000,6116
4,449,6735000,6735750,1940,3232,6750000,6128
4,45,675000,675750,1940,3232,690000,617
4,450,6750000,6750750,1940,3232,6765000,6145
4,451,6765000,6765750,1940,3232,6780000,6155
4,452,6780000,6780750,1940,3232,6795000,6169
4,453,6795000,6795750,1940,3232,6810000,6186
4,454,6810000,6810750,1940,3232,6825000,6197
4,455,6825000,6825750,1940,3232,6840000,6207
4,456,6840000,6840750,1940,3232,6855000,6225
4,457,6855000,6855750,1940,3232,6870000,6239
4,458,6870000,6870750,1940,3232,6885000,6254
4,459,6885000,6885750,1940,3232,6900000,6264
4,46,690000,690750,1940,3232,705000,631
4,460,6900000,6900750,1940,3232,6915000,6277
4,461,6915000,6915750,1940,3232,6930000,6293
4,462,6930000,6930750,1940,3232,6945000,6307
4,463,6945000,6945750,1940,3232,6960000,6318
4,464,6960000,6960750,1940,3232,6975000,6334
4,465,6975000,6975750,1940,3232,6990000,6346
4,466,6990000,6990750,1940,3232,7005000,6364
4,467,7005000,7005750,1940,3232,7020000,6374
4,468,7020000,7020750,1940,3232,7035000,6387
4,469,7035000,7035750,1940,3232,7050000,6403
4,47,705000,705750,1940,3232,720000,641
4,470,7050000,7050750,1940,3232,7065000,6415
4,471,7065000,7065750,1940,3232,7080000,6427
4,472,7080000,7080750,1940,3232,7095000,6443
4,473,7095000,7095750,1940,3232,7110000,6456
4,474,7110000,7110750,1940,3232,7125000,6472
4,475,7125000,7125750,1940,3232,7140000,6482
4,476,7140000,7140750,1940,3232,7155000,6497
4,477,7155000,7155750,1940,3232,7170000,6513
4,478,7170000,7170750,1940,3232,7185000,6524
4,479,7185000,7185750,1940,3232,7200000,6534
4,48,720000,720750,1940,3232,735000,658
4,480,7200000,7200750,1940,3232,7215000,6554
4,481,7215000,7215750,1940,3232,7230000,6566
4,482,7230000,7230750,1940,3232,7245000,6581
4,483,7245000,7245750,1940,3232,7260000,6592
4,484,7260000,7260750,1940,3232,7275000,6604
4,485,7275000,7275750,1940,3232,7290000,6622
4,486,7290000,7290750,1940,3232,7305000,6635
4,487,7305000,7305750,1940,3232,7320000,6645
4,488,7320000,7320750,1940,3232,7335000,6661
4,489,7335000,7335750,1940,3232,7350000,6673
4,49,735000,735750,1940,3232,750000,670
4,490,7350000,7350750,1940,3232,7365000,6691
4,491,7365000,7365750,1940,3232,7380000,6701
4,492,7380000,7380750,1940,3232,7395000,6714
4,493,7395000,7395750,1940,3232,7410000,6731
4,494,7410000,7410750,1940,3232,7425000,6744
4,495,7425000,7425750,1940,3232,7440000,6754
4,496,7440000,7440750,1940,3232,7455000,6771
4,497,7455000,7455750,1940,3232,7470000,6783
4,498,7470000,7470750,1940,3232,7485000,6799
4,499,7485000,7485750,1940,3232,7500000,6811
4,5,75000,75750,1940,3232,90000,72
4,50,750000,750750,1940,3232,765000,686
4,500,7500000,7500750,1940,3232,7515000,6824
4,501,7515000,7515750,1940,3232,7530000,6840
4,502,7530000,7530750,1940,3232,7545000,6851
4,503,7545000,7545750,1940,3232,7560000,6862
4,504,7560000,7560750,1940,3232,7575000,6881
4,505,7575000,7575750,1940,3232,7590000,6893
4,506,7590000,7590750,1940,3232,7605000,6909
4,507,7605000,7605750,1940,3232,7620000,6919
4,508,7620000,7620750,1940,3232,7635000,6933
4,509,7635000,7635750,1940,3232,7650000,6949
4,51,765000,765750,1940,3232,780000,698
4,510,7650000,7650750,1940,3232,7665000,6962
4,511,7665000,7665750,1940,3232,7680000,6972
4,512,7680000,7680750,1940,3232,7695000,6988
4,513,7695000,7695750,1940,3232,7710000,7003
4,514,7710000,7710750,1940,3232,7725000,7018
4,515,7725000,7725750,1940,3232,7740000,7028
4,516,7740000,7740750,1940,3232,7755000,7042
4,517,7755000,7755750,1940,3232,7770000,7058
4,518,7770000,7770750,1940,3232,7785000,7071
4,519,7785000,7785750,1940,3232,7800000,7081
4,52,780000,780750,1940,3232,795000,710
4,520,7800000,7800750,1940,3232,7815000,7098
4,521,7815000,7815750,1940,3232,7830000,7110
4,522,7830000,7830750,1940,3232,7845000,7128
4,523,7845000,7845750,1940,3232,7860000,7139
4,524,7860000,7860750,1940,3232,7875000,7151
4,525,7875000,7875750,1940,3232,7890000,7167
4,526,7890000,7890750,1940,3232,7905000,7179
4,527,7905000,7905750,1940,3232,7920000,7191
4,528,7920000,7920750,1940,3232,7935000,7208
4,529,7935000,7935750,1940,3232,7950000,7220
4,53,795000,795750,1940,3232,810000,727
4,530,7950000,7950750,1940,3232,7965000,7236
4,531,7965000,7965750,1940,3232,7980000,7246
4,532,7980000,7980750,1940,3232,7995000,7260
4,533,7995000,7995750,1940,3232,8010000,7277
4,534,8010000,8010750,1940,3232,8025000,7289
4,535,8025000,8025750,1940,3232,8040000,7299
4,536,8040000,8040750,1940,3232,8055000,7318
4,537,8055000,8055750,1940,3232,8070000,7330
4,538,8070000,8070750,1940,3232,8085000,7345
4,539,8085000,8085750,1940,3232,8100000,7355
4,54,810000,810750,1940,3232,825000,739
4,540,8100000,8100750,1940,3232,8115000,7369
4,541,8115000,8115750,1940,3232,8130000,7387
4,542,8130000,8130750,1940,3232,8145000,7398
4,543,8145000,8145750,1940,3232,8160000,7409
4,544,8160000,8160750,1940,3232,8175000,7425
4,545,8175000,8175750,1940,3232,8190000,7437
4,546,8190000,8190750,1940,3232,8205000,7456
4,547,8205000,8205750,1940,3232,8220000,7466
4,548,8220000,8220750,1940,3232,8235000,7478
4,549,8235000,8235750,1940,3232,8250000,7494
4,55,825000,825750,1940,3232,840000,749
4,550,8250000,8250750,1940,3232,8265000,7508
4,551,8265000,8265750,1940,3232,8280000,7518
4,552,8280000,8280750,1940,3232,8295000,7535
4,553,8295000,8295750,1940,3232,8310000,7548
4,554,8310000,8310750,1940,3232,8325000,7563
4,555,8325000,8325750,1940,3232,8340000,7575
4,556,8340000,8340750,1940,3232,8355000,7588
4,557,8355000,8355750,1940,3232,8370000,7604
4,558,8370000,8370750,1940,3232,8385000,7616
4,559,8385000,8385750,1940,3232,8400000,7626
4,56,840000,840750,1940,3232,855000,768
4,560,8400000,8400750,1940,3232,8415000,7645
4,561,8415000,8415750,1940,3232,8430000,7657
4,562,8430000,8430750,1940,3232,8445000,7672
4,563,8445000,8445750,1940,3232,8460000,7683
4,564,8460000,8460750,1940,3232,8475000,7698
4,565,8475000,8475750,1940,3232,8490000,7714
4,566,8490000,8490750,1940,3232,8505000,7726
4,567,8505000,8505750,1940,3232,8520000,7736
4,568,8520000,8520750,1940,3232,8535000,7752
4,569,8535000,8535750,1940,3232,8550000,7766
4,57,855000,855750,1940,3232,870000,780
4,570,8550000,8550750,1940,3232,8565000,7783
4,571,8565000,8565750,1940,3232,8580000,7793
4,572,8580000,8580750,1940,3232,8595000,7805
4,573,8595000,8595750,1940,3232,8610000,7822
4,574,8610000,8610750,1940,3232,8625000,7835
4,575,8625000,8625750,1940,3232,8640000,7845
4,576,8640000,8640750,1940,3232,8655000,7863
4,577,8655000,8655750,1940,3232,8670000,7875
4,578,8670000,8670750,1940,3232,8685000,7892
4,579,8685000,8685750,1940,3232,8700000,7902
4,58,870000,870750,1940,3232,885000,795
4,580,8700000,8700750,1940,3232,8715000,7915
4,581,8715000,8715750,1940,3232,8730000,7931
4,582,8730000,8730750,1940,3232,8745000,7943
4,583,8745000,8745750,1940,3232,8760000,7956
4,584,8760000,8760750,1940,3232,8775000,7972
4,585,8775000,8775750,1940,3232,8790000,7984
4,586,8790000,8790750,1940,3232,8805000,8000
4,587,8805000,8805750,1940,3232,8820000,8010
4,588,8820000,8820750,1940,3232,8835000,8025
4,589,8835000,8835750,1940,3232,8850000,8041
4,59,885000,885750,1940,3232,900000,805
4,590,8850000,8850750,1940,3232,8865000,8053
4,591,8865000,8865750,1940,3232,8880000,8063
4,592,8880000,8880750,1940,3232,8895000,8081
4,593,8895000,8895750,1940,3232,8910000,8094
4,594,8910000,8910750,1940,3232,8925000,8110
4,595,8925000,8925750,1940,3232,8940000,8120
4,596,8940000,8940750,1940,3232,8955000,8133
4,597,8955000,8955750,1940,3232,8970000,8151
4,598,8970000,8970750,1940,3232,8985000,8162
4,599,8985000,8985750,1940,3232,9000000,8172
4,6,90000,90750,1940,3232,105000,85
4,60,900000,900750,1940,3232,915000,821
4,600,9000000,9000750,1940,3232,9015000,8190
4,601,9015000,9015750,1940,3232,9030000,8202
4,602,9030000,9030750,1940,3232,9045000,8219
4,603,9045000,9045750,1940,3232,9060000,8230
4,604,9060000,9060750,1940,3232,9075000,8242
4,605,9075000,9075750,1940,3232,9090000,8258
4,606,9090000,9090750,1940,3232,9105000,8273
4,607,9105000,9105750,1940,3232,9120000,8283
4,608,9120000,9120750,1940,3232,9135000,8299
4,609,9135000,9135750,1940,3232,9150000,8311
4,61,915000,915750,1940,3232,930000,837
4,610,9150000,9150750,1940,3232,9165000,8327
4,611,9165000,9165750,1940,3232,9180000,8339
4,612,9180000,9180750,1940,3232,9195000,8352
4,613,9195000,9195750,1940,3232,9210000,8369
4,614,9210000,9210750,1940,3232,9225000,8380
4,615,9225000,9225750,1940,3232,9240000,8390
4,616,9240000,9240750,1940,3232,9255000,8409
4,617,9255000,9255750,1940,3232,9270000,8421
4,618,9270000,9270750,1940,3232,9285000,8437
4,619,9285000,9285750,1940,3232,9300000,8447
4,62,930000,930750,1940,3232,945000,848
4,620,9300000,9300750,1940,3232,9315000,8462
4,621,9315000,9315750,1940,3232,9330000,8478
4,622,9330000,9330750,1940,3232,9345000,8489
4,623,9345000,9345750,1940,3232,9360000,8500
4,624,9360000,9360750,1940,3232,9375000,8517
4,625,9375000,9375750,1940,3232,9390000,8531
4,626,9390000,9390750,1940,3232,9405000,8547
4,627,9405000,9405750,1940,3232,9420000,8557
4,628,9420000,9420750,1940,3232,9435000,8569
4,629,9435000,9435750,1940,3232,9450000,8585
4,63,945000,945750,1940,3232,960000,859
4,630,9450000,9450750,1940,3232,9465000,8600
4,631,9465000,9465750,1940,3232,9480000,8610
4,632,9480000,9480750,1940,3232,9495000,8626
4,633,9495000,9495750,1940,3232,9510000,8639
4,634,9510000,9510750,1940,3232,9525000,8656
4,635,9525000,9525750,1940,3232,9540000,8666
4,636,9540000,9540750,1940,3232,9555000,8680
4,637,9555000,9555750,1940,3232,9570000,8696
4,638,9570000,9570750,1940,3232,9585000,8707
4,639,9585000,9585750,1940,3232,9600000,8719
4,64,960000,960750,1940,3232,975000,875
4,640,9600000,9600750,1940,3232,9615000,8736
4,641,9615000,9615750,1940,3232,9630000,8748
4,642,9630000,9630750,1940,3232,9645000,8764
4,643,9645000,9645750,1940,3232,9660000,8775
4,644,9660000,9660750,1940,3232,9675000,8789
4,645,9675000,9675750,1940,3232,9690000,8805
4,646,9690000,9690750,1940,3232,9705000,8817
4,647,9705000,9705750,1940,3232,9720000,8827
4,648,9720000,9720750,1940,3232,9735000,8846
4,649,9735000,9735750,1940,3232,9750000,8858
4,65,975000,975750,1940,3232,990000,889
4,650,9750000,9750750,1940,3232,9765000,8874
4,651,9765000,9765750,1940,3232,9780000,8884
4,652,9780000,9780750,1940,3232,9795000,8896
4,653,9795000,9795750,1940,3232,9810000,8915
4,654,9810000,9810750,1940,3232,9825000,8927
4,655,9825000,9825750,1940,3232,9840000,8937
4,656,9840000,9840750,1940,3232,9855000,8954
4,657,9855000,9855750,1940,3232,9870000,8966
4,658,9870000,9870750,1940,3232,9885000,8983
4,659,9885000,9885750,1940,3232,9900000,8993
4,66,990000,990750,1940,3232,1005000,906
4,660,9900000,9900750,1940,3232,9915000,9007
4,661,9915000,9915750,1940,3232,9930000,9023
4,662,9930000,9930750,1940,3232,9945000,9036
4,663,9945000,9945750,1940,3232,9960000,9047
4,664,9960000,9960750,1940,3232,9975000,9063
4,665,9975000,9975750,1940,3232,9990000,9075
4,666,9990000,9990750,1940,3232,10005000,9092
4,667,10005000,10005750,1940,3232,10020000,9104
4,668,10020000,10020750,1940,3232,10035000,9116
4,669,10035000,10035750,1940,3232,10050000,9132
4,67,1005000,1005750,1940,3232,1020000,916
4,670,10050000,10050750,1940,3232,10065000,9144
4,671,10065000,10065750,1940,3232,10080000,9154
4,672,10080000,10080750,1940,3232,10095000,9173
4,673,10095000,10095750,1940,3232,10110000,9186
4,674,10110000,10110750,1940,3232,10125000,9201
4,675,10125000,10125750,1940,3232,10140000,9211
4,676,10140000,10140750,1940,3232,10155000,9226
4,677,10155000,10155750,1940,3232,10170000,9242
4,678,10170000,10170750,1940,3232,10185000,9254
4,679,10185000,10185750,1940,3232,10200000,9264
4,68,1020000,1020750,1940,3232,1035000,928
4,680,10200000,10200750,1940,3232,10215000,9281
4,681,10215000,10215750,1940,3232,10230000,9295
4,682,10230000,10230750,1940,3232,10245000,9310
4,683,10245000,10245750,1940,3232,10260000,9321
4,684,10260000,10260750,1940,3232,10275000,9334
4,685,10275000,10275750,1940,3232,10290000,9350
4,686,10290000,10290750,1940,3232,10305000,9364
4,687,10305000,10305750,1940,3232,10320000,9374
4,688,10320000,10320750,1940,3232,10335000,9390
4,689,10335000,10335750,1940,3232,10350000,9402
4,69,1035000,1035750,1940,3232,1050000,944
4,690,10350000,10350750,1940,3232,10365000,9421
4,691,10365000,10365750,1940,3232,10380000,9431
4,692,10380000,10380750,1940,3232,10395000,9443
4,693,10395000,10395750,1940,3232,10410000,9460
4,694,10410000,10410750,1940,3232,10425000,9471
4,695,10425000,10425750,1940,3232,10440000,9483
4,696,10440000,10440750,1940,3232,10455000,9501
4,697,10455000,10455750,1940,3232,10470000,9513
4,698,10470000,10470750,1940,3232,10485000,9528
4,699,10485000,10485750,1940,3232,10500000,9538
4,7,105000,105750,1940,3232,120000,95
4,70,1050000,1050750,1940,3232,1065000,958
4,700,10500000,10500750,1940,3232,10515000,9553
4,701,10515000,10515750,1940,3232,10530000,9569
4,702,10530000,10530750,1940,3232,10545000,9581
4,703,10545000,10545750,1940,3232,10560000,9592
4,704,10560000,10560750,1940,3232,10575000,9610
4,705,10575000,10575750,1940,3232,10590000,9622
4,706,10590000,10590750,1940,3232,10605000,9638
4,707,10605000,10605750,1940,3232,10620000,9648
4,708,10620000,10620750,1940,3232,10635000,9661
4,709,10635000,10635750,1940,3232,10650000,9679
4,71,1065000,1065750,1940,3232,1080000,968
4,710,10650000,10650750,1940,3232,10665000,9691
4,711,10665000,10665750,1940,3232,10680000,9701
4,712,10680000,10680750,1940,3232,10695000,9717
4,713,10695000,10695750,1940,3232,10710000,9730
4,714,10710000,10710750,1940,3232,10725000,9748
4,715,10725000,10725750,1940,3232,10740000,9758
4,716,10740000,10740750,1940,3232,10755000,9771
4,717,10755000,10755750,1940,3232,10770000,9787
4,718,10770000,10770750,1940,3232,10785000,9800
4,719,10785000,10785750,1940,3232,10800000,9810
4,72,1080000,1080750,1940,3232,1095000,985
4,720,10800000,10800750,1940,3232,10815000,9828
4,721,10815000,10815750,1940,3232,10830000,9840
4,722,10830000,10830750,1940,3232,10845000,9855
4,723,10845000,10845750,1940,3232,10860000,9868
4,724,10860000,10860750,1940,3232,10875000,9880
4,725,10875000,10875750,1940,3232,10890000,9896
4,726,10890000,10890750,1940,3232,10905000,9909
4,727,10905000,10905750,1940,3232,10920000,9919
4,728,10920000,10920750,1940,3232,10935000,9937
4,729,10935000,10935750,1940,3232,10950000,9949
4,73,1095000,1095750,1940,3232,1110000,998
4,730,10950000,10950750,1940,3232,10965000,9965
4,731,10965000,10965750,1940,3232,10980000,9975
4,732,10980000,10980750,1940,3232,10995000,9990
4,733,10995000,10995750,1940,3232,11010000,10007
4,734,11010000,11010750,1940,3232,11025000,10018
4,735,11025000,11025750,1940,3232,11040000,10028
4,736,11040000,11040750,1940,3232,11055000,10045
4,737,11055000,11055750,1940,3232,11070000,10059
4,738,11070000,11070750,1940,3232,11085000,10075
4,739,11085000,11085750,1940,3232,11100000,10085
4,74,1110000,1110750,1940,3232,1125000,1015
4,740,11100000,11100750,1940,3232,11115000,10098
4,741,11115000,11115750,1940,3232,11130000,10114
4,742,11130000,11130750,1940,3232,11145000,10127
4,743,11145000,11145750,1940,3232,11160000,10138
4,744,11160000,11160750,1940,3232,11175000,10155
4,745,11175000,11175750,1940,3232,11190000,10167
4,746,11190000,11190750,1940,3232,11205000,10185
4,747,11205000,11205750,1940,3232,11220000,10195
4,748,11220000,11220750,1940,3232,11235000,10207
4,749,11235000,11235750,1940,3232,11250000,10223
4,75,1125000,1125750,1940,3232,1140000,1025
4,750,11250000,11250750,1940,3232,11265000,10236
4,751,11265000,11265750,1940,3232,11280000,10248
4,752,11280000,11280750,1940,3232,11295000,10264
4,753,11295000,11295750,1940,3232,11310000,10277
4,754,11310000,11310750,1940,3232,11325000,10292
4,755,11325000,11325750,1940,3232,11340000,10302
4,756,11340000,11340750,1940,3232,11355000,10318
4,757,11355000,11355750,1940,3232,11370000,10334
4,758,11370000,11370750,1940,3232,11385000,10345
4,759,11385000,11385750,1940,3232,11400000,10355
4,76,1140000,1140750,1940,3232,1155000,1038
4,760,11400000,11400750,1940,3232,11415000,10374
4,761,11415000,11415750,1940,3232,11430000,10386
4,762,11430000,11430750,1940,3232,11445000,10402
4,763,11445000,11445750,1940,3232,11460000,10413
4,764,11460000,11460750,1940,3232,11475000,10425
4,765,11475000,11475750,1940,3232,11490000,10443
4,766,11490000,11490750,1940,3232,11505000,10455
4,767,11505000,11505750,1940,3232,11520000,10465
4,768,11520000,11520750,1940,3232,11535000,10482
4,769,11535000,11535750,1940,3232,11550000,10494
4,77,1155000,1155750,1940,3232,1170000,1054
4,770,11550000,11550750,1940,3232,11565000,10512
4,771,11565000,11565750,1940,3232,11580000,10522
4,772,11580000,11580750,1940,3232,11595000,10534
4,773,11595000,11595750,1940,3232,11610000,10551
4,774,11610000,11610750,1940,3232,11625000,10565
4,775,11625000,11625750,1940,3232,11640000,10575
4,776,11640000,11640750,1940,3232,11655000,10592
4,777,11655000,11655750,1940,3232,11670000,10604
4,778,11670000,11670750,1940,3232,11685000,10619
4,779,11685000,11685750,1940,3232,11700000,10631
4,78,1170000,1170750,1940,3232,1185000,1066
4,780,11700000,11700750,1940,3232,11715000,10645
4,781,11715000,11715750,1940,3232,11730000,10661
4,782,11730000,11730750,1940,3232,11745000,10672
4,783,11745000,11745750,1940,3232,11760000,10683
4,784,11760000,11760750,1940,3232,11775000,10701
4,785,11775000,11775750,1940,3232,11790000,10713
4,786,11790000,11790750,1940,3232,11805000,10730
4,787,11805000,11805750,1940,3232,11820000,10740
4,788,11820000,11820750,1940,3232,11835000,10754
4,789,11835000,11835750,1940,3232,11850000,10770
4,79,1185000,1185750,1940,3232,1200000,1078
4,790,11850000,11850750,1940,3232,11865000,10782
4,791,11865000,11865750,1940,3232,11880000,10792
4,792,11880000,11880750,1940,3232,11895000,10809
4,793,11895000,11895750,1940,3232,11910000,10824
4,794,11910000,11910750,1940,3232,11925000,10839
4,795,11925000,11925750,1940,3232,11940000,10849
4,796,11940000,11940750,1940,3232,11955000,10862
4,797,11955000,11955750,1940,3232,11970000,10878
4,798,11970000,11970750,1940,3232,11985000,10892
4,799,11985000,11985750,1940,3232,12000000,10902
4,8,120000,120750,1940,3232,135000,111
4,80,1200000,1200750,1940,3232,1215000,1095
4,800,12000000,12000750,1940,3232,12015000,10919
4,801,12015000,12015750,1940,3232,12030000,10931
4,802,12030000,12030750,1940,3232,12045000,10948
4,803,12045000,12045750,1940,3232,12060000,10959
4,804,12060000,12060750,1940,3232,12075000,10972
4,805,12075000,12075750,1940,3232,12090000,10988
4,806,12090000,12090750,1940,3232,12105000,11000
4,807,12105000,12105750,1940,3232,12120000,11012
4,808,12120000,12120750,1940,3232,12135000,11028
4,809,12135000,12135750,1940,3232,12150000,11040
4,81,1215000,1215750,1940,3232,1230000,1107
4,810,12150000,12150750,1940,3232,12165000,11057
4,811,12165000,12165750,1940,3232,12180000,11067
4,812,12180000,12180750,1940,3232,12195000,11081
4,813,12195000,12195750,1940,3232,12210000,11098
4,814,12210000,12210750,1940,3232,12225000,11109
4,815,12225000,12225750,1940,3232,12240000,11119
4,816,12240000,12240750,1940,3232,12255000,11139
4,817,12255000,12255750,1940,3232,12270000,11151
4,818,12270000,12270750,1940,3232,12285000,11166
4,819,12285000,12285750,1940,3232,12300000,11176
4,82,1230000,1230750,1940,3232,1245000,1122
4,820,12300000,12300750,1940,3232,12315000,11189
4,821,12315000,12315750,1940,3232,12330000,11207
4,822,12330000,12330750,1940,3232,12345000,11219
4,823,12345000,12345750,1940,3232,12360000,11230
4,824,12360000,12360750,1940,3232,12375000,11246
4,825,12375000,12375750,1940,3232,12390000,11258
4,826,12390000,12390750,1940,3232,12405000,11276
4,827,12405000,12405750,1940,3232,12420000,11286
4,828,12420000,12420750,1940,3232,12435000,11299
4,829,12435000,12435750,1940,3232,12450000,11315
4,83,1245000,1245750,1940,3232,1260000,1133
4,830,12450000,12450750,1940,3232,12465000,11329
4,831,12465000,12465750,1940,3232,12480000,11339
4,832,12480000,12480750,1940,3232,12495000,11355
4,833,12495000,12495750,1940,3232,12510000,11368
4,834,12510000,12510750,1940,3232,12525000,11384
4,835,12525000,12525750,1940,3232,12540000,11396
4,836,12540000,12540750,1940,3232,12555000,11409
4,837,12555000,12555750,1940,3232,12570000,11425
4,838,12570000,12570750,1940,3232,12585000,11436
4,839,12585000,12585750,1940,3232,12600000,11446
4,84,1260000,1260750,1940,3232,1275000,1148
4,85,1275000,1275750,1940,3232,1290000,1164
4,86,1290000,1290750,1940,3232,1305000,1176
4,87,1305000,1305750,1940,3232,1320000,1186
4,88,1320000,1320750,1940,3232,1335000,1204
4,89,1335000,1335750,1940,3232,1350000,1216
4,9,135000,135750,1940,3232,150000,125
4,90,1350000,1350750,1940,3232,1365000,1233
4,91,1365000,1365750,1940,3232,1380000,1243
4,92,1380000,1380750,1940,3232,1395000,1255
4,93,1395000,1395750,1940,3232,1410000,1274
4,94,1410000,1410750,1940,3232,1425000,1285
4,95,1425000,1425750,1940,3232,1440000,1295
4,96,1440000,1440750,1940,3232,1455000,1313
4,97,1455000,1455750,1940,3232,1470000,1325
4,98,1470000,1470750,1940,3232,1485000,1342
4,99,1485000,1485750,1940,3232,1500000,1352
5,0,0,750,94,156,15000,5
5,1,15000,15750,94,156,30000,17
5,10,150000,150750,94,156,165000,142
5,100,1500000,1500750,94,156,1515000,1366
5,101,1515000,1515750,94,156,1530000,1382
5,102,1530000,1530750,94,156,1545000,1396
5,103,1545000,1545750,94,156,1560000,1407
5,104,1560000,1560750,94,156,1575000,1423
5,105,1575000,1575750,94,156,1590000,1435
5,106,1590000,1590750,94,156,1605000,1451
5,107,1605000,1605750,94,156,1620000,1463
5,108,1620000,1620750,94,156,1635000,1476
5,109,1635000,1635750,94,156,1650000,1492
5,11,165000,165750,94,156,180000,152
5,110,1650000,1650750,94,156,1665000,1504
5,111,1665000,1665750,94,156,1680000,1514
5,112,1680000,1680750,94,156,1695000,1532
5,113,1695000,1695750,94,156,1710000,1545
5,114,1710000,1710750,94,156,1725000,1561
5,115,1725000,1725750,94,156,1740000,1571
5,116,1740000,1740750,94,156,1755000,1586
5,117,1755000,1755750,94,156,1770000,1602
5,118,1770000,1770750,94,156,1785000,1613
5,119,1785000,1785750,94,156,1800000,1623
5,12,180000,180750,94,156,195000,165
5,120,1800000,1800750,94,156,1815000,1641
5,121,1815000,1815750,94,156,1830000,1655
5,122,1830000,1830750,94,156,1845000,1670
5,123,1845000,1845750,94,156,1860000,1681
5,124,1860000,1860750,94,156,1875000,1693
5,125,1875000,1875750,94,156,1890000,1709
5,126,1890000,1890750,94,156,1905000,1724
5,127,1905000,1905750,94,156,1920000,1734
5,128,1920000,1920750,94,156,1935000,1750
5,129,1935000,1935750,94,156,1950000,1762
5,13,195000,195750,94,156,210000,182
5,130,1950000,1950750,94,156,1965000,1780
5,131,1965000,1965750,94,156,1980000,1790
5,132,1980000,1980750,94,156,1995000,1803
5,133,1995000,1995750,94,156,2010000,1820
5,134,2010000,2010750,94,156,2025000,1831
5,135,2025000,2025750,94,156,2040000,1843
5,136,2040000,2040750,94,156,2055000,1860
5,137,2055000,2055750,94,156,2070000,1872
5,138,2070000,2070750,94,156,2085000,1888
5,139,2085000,2085750,94,156,2100000,1898
5,14,210000,210750,94,156,225000,195
5,140,2100000,2100750,94,156,2115000,1913
5,141,2115000,2115750,94,156,2130000,1929
5,142,2130000,2130750,94,156,2145000,1940
5,143,2145000,2145750,94,156,2160000,1951
5,144,2160000,2160750,94,156,2175000,1970
5,145,2175000,2175750,94,156,2190000,1982
5,146,2190000,2190750,94,156,2205000,1998
5,147,2205000,2205750,94,156,2220000,2008
5,148,2220000,2220750,94,156,2235000,2020
5,149,2235000,2235750,94,156,2250000,2038
5,15,225000,225750,94,156,240000,205
5,150,2250000,2250750,94,156,2265000,2051
5,151,2265000,2265750,94,156,2280000,2061
5,152,2280000,2280750,94,156,2295000,2077
5,153,2295000,2295750,94,156,2310000,2090
5,154,2310000,2310750,94,156,2325000,2107
5,155,2325000,2325750,94,156,2340000,2117
5,156,2340000,2340750,94,156,2355000,2131
5,157,2355000,2355750,94,156,2370000,2147
5,158,2370000,2370750,94,156,2385000,2160
5,159,2385000,2385750,94,156,2400000,2170
5,16,240000,240750,94,156,255000,222
5,160,2400000,2400750,94,156,2415000,2187
5,161,2415000,2415750,94,156,2430000,2199
5,162,2430000,2430750,94,156,2445000,2215
5,163,2445000,2445750,94,156,2460000,2228
5,164,2460000,2460750,94,156,2475000,2240
5,165,2475000,2475750,94,156,2490000,2256
5,166,2490000,2490750,94,156,2505000,2268
5,167,2505000,2505750,94,156,2520000,2278
5,168,2520000,2520750,94,156,2535000,2297
5,169,2535000,2535750,94,156,2550000,2309
5,17,255000,255750,94,156,270000,234
5,170,2550000,2550750,94,156,2565000,2325
5,171,2565000,2565750,94,156,2580000,2335
5,172,2580000,2580750,94,156,2595000,2349
5,173,2595000,2595750,94,156,2610000,2366
5,174,2610000,2610750,94,156,2625000,2378
5,175,2625000,2625750,94,156,2640000,2388
5,176,2640000,2640750,94,156,2655000,2405
5,177,2655000,2655750,94,156,2670000,2419
5,178,2670000,2670750,94,156,2685000,2434
5,179,2685000,2685750,94,156,2700000,2444
5,18,270000,270750,94,156,285000,252
5,180,2700000,2700750,94,156,2715000,2458
5,181,2715000,2715750,94,156,2730000,2474
5,182,2730000,2730750,94,156,2745000,2487
5,183,2745000,2745750,94,156,2760000,2498
5,184,2760000,2760750,94,156,2775000,2514
5,185,2775000,2775750,94,156,2790000,2526
5,186,2790000,2790750,94,156,2805000,2545
5,187,2805000,2805750,94,156,2820000,2555
5,188,2820000,2820750,94,156,2835000,2567
5,189,2835000,2835750,94,156,2850000,2583
5,19,285000,285750,94,156,300000,262
5,190,2850000,2850750,94,156,2865000,2595
5,191,2865000,2865750,94,156,2880000,2607
5,192,2880000,2880750,94,156,2895000,2624
5,193,2895000,2895750,94,156,2910000,2637
5,194,2910000,2910750,94,156,2925000,2652
5,195,2925000,2925750,94,156,2940000,2662
5,196,2940000,2940750,94,156,2955000,2677
5,197,2955000,2955750,94,156,2970000,2693
5,198,2970000,2970750,94,156,2985000,2705
5,199,2985000,2985750,94,156,3000000,2715
5,2,30000,30750,94,156,45000,32
5,20,300000,300750,94,156,315000,275
5,200,3000000,3000750,94,156,3015000,2734
5,201,3015000,3015750,94,156,3030000,2746
5,202,3030000,3030750,94,156,3045000,2761
5,203,3045000,3045750,94,156,3060000,2772
5,204,3060000,3060750,94,156,3075000,2785
5,205,3075000,3075750,94,156,3090000,2803
5,206,3090000,3090750,94,156,3105000,2815
5,207,3105000,3105750,94,156,3120000,2825
5,208,3120000,3120750,94,156,3135000,2841
5,209,3135000,3135750,94,156,3150000,2853
5,21,315000,315750,94,156,330000,291
5,210,3150000,3150750,94,156,3165000,2872
5,211,3165000,3165750,94,156,3180000,2882
5,212,3180000,3180750,94,156,3195000,2894
5,213,3195000,3195750,94,156,3210000,2911
5,214,3210000,3210750,94,156,3225000,2924
5,215,3225000,3225750,94,156,3240000,2934
5,216,3240000,3240750,94,156,3255000,2952
5,217,3255000,3255750,94,156,3270000,2964
5,218,3270000,3270750,94,156,3285000,2979
5,219,3285000,3285750,94,156,3300000,2991
5,22,330000,330750,94,156,345000,302
5,220,3300000,3300750,94,156,3315000,3004
5,221,3315000,3315750,94,156,3330000,3020
5,222,3330000,3330750,94,156,3345000,3032
5,223,3345000,3345750,94,156,3360000,3043
5,224,3360000,3360750,94,156,3375000,3061
5,225,3375000,3375750,94,156,3390000,3073
5,226,3390000,3390750,94,156,3405000,3089
5,227,3405000,3405750,94,156,3420000,3099
5,228,3420000,3420750,94,156,3435000,3114
5,229,3435000,3435750,94,156,3450000,3130
5,23,345000,345750,94,156,360000,315
5,230,3450000,3450750,94,156,3465000,3142
5,231,3465000,3465750,94,156,3480000,3152
5,232,3480000,3480750,94,156,3495000,3168
5,233,3495000,3495750,94,156,3510000,3183
5,234,3510000,3510750,94,156,3525000,3199
5,235,3525000,3525750,94,156,3540000,3209
5,236,3540000,3540750,94,156,3555000,3222
5,237,3555000,3555750,94,156,3570000,3238
5,238,3570000,3570750,94,156,3585000,3251
5,239,3585000,3585750,94,156,3600000,3261
5,24,360000,360750,94,156,375000,332
5,240,3600000,3600750,94,156,3615000,3279
5,241,3615000,3615750,94,156,3630000,3291
5,242,3630000,3630750,94,156,3645000,3308
5,243,3645000,3645750,94,156,3660000,3319
5,244,3660000,3660750,94,156,3675000,3331
5,245,3675000,3675750,94,156,3690000,3347
5,246,3690000,3690750,94,156,3705000,3360
5,247,3705000,3705750,94,156,3720000,3372
5,248,3720000,3720750,94,156,3735000,3388
5,249,3735000,3735750,94,156,3750000,3400
5,25,375000,375750,94,156,390000,344
5,250,3750000,3750750,94,156,3765000,3416
5,251,3765000,3765750,94,156,3780000,3426
5,252,3780000,3780750,94,156,3795000,3441
5,253,3795000,3795750,94,156,3810000,3458
5,254,3810000,3810750,94,156,3825000,3469
5,255,3825000,3825750,94,156,3840000,3479
5,256,3840000,3840750,94,156,3855000,3498
5,257,3855000,3855750,94,156,3870000,3510
5,258,3870000,3870750,94,156,3885000,3526
5,259,3885000,3885750,94,156,3900000,3536
5,26,390000,390750,94,156,405000,360
5,260,3900000,3900750,94,156,3915000,3549
5,261,3915000,3915750,94,156,3930000,3567
5,262,3930000,3930750,94,156,3945000,3578
5,263,3945000,3945750,94,156,3960000,3589
5,264,3960000,3960750,94,156,3975000,3606
5,265,3975000,3975750,94,156,3990000,3618
5,266,3990000,3990750,94,156,4005000,3636
5,267,4005000,4005750,94,156,4020000,3646
5,268,4020000,4020750,94,156,4035000,3658
5,269,4035000,4035750,94,156,4050000,3674
5,27,405000,405750,94,156,420000,370
5,270,4050000,4050750,94,156,4065000,3689
5,271,4065000,4065750,94,156,4080000,3699
5,272,4080000,4080750,94,156,4095000,3715
5,273,4095000,4095750,94,156,4110000,3728
5,274,4110000,4110750,94,156,4125000,3743
5,275,4125000,4125750,94,156,4140000,3755
5,276,4140000,4140750,94,156,4155000,3769
5,277,4155000,4155750,94,156,4170000,3785
5,278,4170000,4170750,94,156,4185000,3796
5,279,4185000,4185750,94,156,4200000,3806
5,28,420000,420750,94,156,435000,384
5,280,4200000,4200750,94,156,4215000,3825
5,281,4215000,4215750,94,156,4230000,3837
5,282,4230000,4230750,94,156,4245000,3853
5,283,4245000,4245750,94,156,4260000,3864
5,284,4260000,4260750,94,156,4275000,3878
5,285,4275000,4275750,94,156,4290000,3894
5,286,4290000,4290750,94,156,4305000,3906
5,287,4305000,4305750,94,156,4320000,3916
5,288,4320000,4320750,94,156,4335000,3933
5,289,4335000,4335750,94,156,4350000,3947
5,29,435000,435750,94,156,450000,400
5,290,4350000,4350750,94,156,4365000,3963
5,291,4365000,4365750,94,156,4380000,3973
5,292,4380000,4380750,94,156,4395000,3985
5,293,4395000,4395750,94,156,4410000,4002
5,294,4410000,4410750,94,156,4425000,4016
5,295,4425000,4425750,94,156,4440000,4026
5,296,4440000,4440750,94,156,4455000,4043
5,297,4455000,4455750,94,156,4470000,4055
5,298,4470000,4470750,94,156,4485000,4072
5,299,4485000,4485750,94,156,4500000,4082
5,3,45000,45750,94,156,60000,43
5,30,450000,450750,94,156,465000,413
5,300,4500000,4500750,94,156,4515000,4096
5,301,4515000,4515750,94,156,4530000,4112
5,302,4530000,4530750,94,156,4545000,4123
5,303,4545000,4545750,94,156,4560000,4136
5,304,4560000,4560750,94,156,4575000,4152
5,305,4575000,4575750,94,156,4590000,4164
5,306,4590000,4590750,94,156,4605000,4181
5,307,4605000,4605750,94,156,4620000,4191
5,308,4620000,4620750,94,156,4635000,4205
5,309,4635000,4635750,94,156,4650000,4221
5,31,465000,465750,94,156,480000,423
5,310,4650000,4650750,94,156,4665000,4233
5,311,4665000,4665750,94,156,4680000,4243
5,312,4680000,4680750,94,156,4695000,4262
5,313,4695000,4695750,94,156,4710000,4275
5,314,4710000,4710750,94,156,4725000,4290
5,315,4725000,4725750,94,156,4740000,4300
5,316,4740000,4740750,94,156,4755000,4313
5,317,4755000,4755750,94,156,4770000,4331
5,318,4770000,4770750,94,156,4785000,4343
5,319,4785000,4785750,94,156,4800000,4353
5,32,480000,480750,94,156,495000,441
5,320,4800000,4800750,94,156,4815000,4370
5,321,4815000,4815750,94,156,4830000,4382
5,322,4830000,4830750,94,156,4845000,4399
5,323,4845000,4845750,94,156,4860000,4410
5,324,4860000,4860750,94,156,4875000,4423
5,325,4875000,4875750,94,156,4890000,4439
5,326,4890000,4890750,94,156,4905000,4453
5,327,4905000,4905750,94,156,4920000,4463
5,328,4920000,4920750,94,156,4935000,4479
5,329,4935000,4935750,94,156,4950000,4491
5,33,495000,495750,94,156,510000,454
5,330,4950000,4950750,94,156,4965000,4508
5,331,4965000,4965750,94,156,4980000,4520
5,332,4980000,4980750,94,156,4995000,4532
5,333,4995000,4995750,94,156,5010000,4549
5,334,5010000,5010750,94,156,5025000,4560
5,335,5025000,5025750,94,156,5040000,4570
5,336,5040000,5040750,94,156,5055000,4590
5,337,5055000,5055750,94,156,5070000,4602
5,338,5070000,5070750,94,156,5085000,4617
5,339,5085000,5085750,94,156,5100000,4627
5,34,510000,510750,94,156,525000,469
5,340,5100000,5100750,94,156,5115000,4642
5,341,5115000,5115750,94,156,5130000,4658
5,342,5130000,5130750,94,156,5145000,4670
5,343,5145000,5145750,94,156,5160000,4681
5,344,5160000,5160750,94,156,5175000,4697
5,345,5175000,5175750,94,156,5190000,4711
5,346,5190000,5190750,94,156,5205000,4727
5,347,5205000,5205750,94,156,5220000,4737
5,348,5220000,5220750,94,156,5235000,4750
5,349,5235000,5235750,94,156,5250000,4766
5,35,525000,525750,94,156,540000,479
5,350,5250000,5250750,94,156,5265000,4780
5,351,5265000,5265750,94,156,5280000,4790
5,352,5280000,5280750,94,156,5295000,4806
5,353,5295000,5295750,94,156,5310000,4819
5,354,5310000,5310750,94,156,5325000,4837
5,355,5325000,5325750,94,156,5340000,4847
5,356,5340000,5340750,94,156,5355000,4860
5,357,5355000,5355750,94,156,5370000,4876
5,358,5370000,5370750,94,156,5385000,4887
5,359,5385000,5385750,94,156,5400000,4899
5,36,540000,540750,94,156,555000,493
5,360,5400000,5400750,94,156,5415000,4917
5,361,5415000,5415750,94,156,5430000,4929
5,362,5430000,5430750,94,156,5445000,4944
5,363,5445000,5445750,94,156,5460000,4955
5,364,5460000,5460750,94,156,5475000,4969
5,365,5475000,5475750,94,156,5490000,4985
5,366,5490000,5490750,94,156,5505000,4998
5,367,5505000,5505750,94,156,5520000,5008
5,368,5520000,5520750,94,156,5535000,5026
5,369,5535000,5535750,94,156,5550000,5038
5,37,555000,555750,94,156,570000,511
5,370,5550000,5550750,94,156,5565000,5054
5,371,5565000,5565750,94,156,5580000,5064
5,372,5580000,5580750,94,156,5595000,5077
5,373,5595000,5595750,94,156,5610000,5096
5,374,5610000,5610750,94,156,5625000,5107
5,375,5625000,5625750,94,156,5640000,5117
5,376,5640000,5640750,94,156,5655000,5134
5,377,5655000,5655750,94,156,5670000,5146
5,378,5670000,5670750,94,156,5685000,5164
5,379,5685000,5685750,94,156,5700000,5174
5,38,570000,570750,94,156,585000,522
5,380,5700000,5700750,94,156,5715000,5187
5,381,5715000,5715750,94,156,5730000,5203
5,382,5730000,5730750,94,156,5745000,5216
5,383,5745000,5745750,94,156,5760000,5227
5,384,5760000,5760750,94,156,5775000,5244
5,385,5775000,5775750,94,156,5790000,5256
5,386,5790000,5790750,94,156,5805000,5272
5,387,5805000,5805750,94,156,5820000,5284
5,388,5820000,5820750,94,156,5835000,5296
5,389,5835000,5835750,94,156,5850000,5312
5,39,585000,585750,94,156,600000,532
5,390,5850000,5850750,94,156,5865000,5325
5,391,5865000,5865750,94,156,5880000,5335
5,392,5880000,5880750,94,156,5895000,5353
5,393,5895000,5895750,94,156,5910000,5366
5,394,5910000,5910750,94,156,5925000,5381
5,395,5925000,5925750,94,156,5940000,5391
5,396,5940000,5940750,94,156,5955000,5407
5,397,5955000,5955750,94,156,5970000,5423
5,398,5970000,5970750,94,156,5985000,5434
5,399,5985000,5985750,94,156,6000000,5444
5,4,60000,60750,94,156,75000,57
5,40,600000,600750,94,156,615000,549
5,400,6000000,6000750,94,156,6015000,5461
5,401,6015000,6015750,94,156,6030000,5475
5,402,6030000,6030750,94,156,6045000,5491
5,403,6045000,6045750,94,156,6060000,5502
5,404,6060000,6060750,94,156,6075000,5514
5,405,6075000,6075750,94,156,6090000,5530
5,406,6090000,6090750,94,156,6105000,5544
5,407,6105000,6105750,94,156,6120000,5554
5,408,6120000,6120750,94,156,6135000,5571
5,409,6135000,6135750,94,156,6150000,5583
5,41,615000,615750,94,156,630000,561
5,410,6150000,6150750,94,156,6165000,5601
5,411,6165000,6165750,94,156,6180000,5611
5,412,6180000,6180750,94,156,6195000,5623
5,413,6195000,6195750,94,156,6210000,5640
5,414,6210000,6210750,94,156,6225000,5652
5,415,6225000,6225750,94,156,6240000,5664
5,416,6240000,6240750,94,156,6255000,5681
5,417,6255000,6255750,94,156,6270000,5693
5,418,6270000,6270750,94,156,6285000,5708
5,419,6285000,6285750,94,156,6300000,5718
5,42,630000,630750,94,156,645000,579
5,420,6300000,6300750,94,156,6315000,5734
5,421,6315000,6315750,94,156,6330000,5750
5,422,6330000,6330750,94,156,6345000,5761
5,423,6345000,6345750,94,156,6360000,5772
5,424,6360000,6360750,94,156,6375000,5790
5,425,6375000,6375750,94,156,6390000,5802
5,426,6390000,6390750,94,156,6405000,5819
5,427,6405000,6405750,94,156,6420000,5829
5,428,6420000,6420750,94,156,6435000,5841
5,429,6435000,6435750,94,156,6450000,5859
5,43,645000,645750,94,156,660000,590
5,430,6450000,6450750,94,156,6465000,5871
5,431,6465000,6465750,94,156,6480000,5881
5,432,6480000,6480750,94,156,6495000,5898
5,433,6495000,6495750,94,156,6510000,5911
5,434,6510000,6510750,94,156,6525000,5928
5,435,6525000,6525750,94,156,6540000,5938
5,436,6540000,6540750,94,156,6555000,5951
5,437,6555000,6555750,94,156,6570000,5967
5,438,6570000,6570750,94,156,6585000,5981
5,439,6585000,6585750,94,156,6600000,5991
5,44,660000,660750,94,156,675000,602
5,440,6600000,6600750,94,156,6615000,6008
5,441,6615000,6615750,94,156,6630000,6020
5,442,6630000,6630750,94,156,6645000,6035
5,443,6645000,6645750,94,156,6660000,6048
5,444,6660000,6660750,94,156,6675000,6061
5,445,6675000,6675750,94,156,6690000,6077
5,446,6690000,6690750,94,156,6705000,6089
5,447,6705000,6705750,94,156,6720000,6099
5,448,6720000,6720750,94,156,6735000,6117
5,449,6735000,6735750,94,156,6750000,6129
5,45,675000,675750,94,156,690000,618
5,450,6750000,6750750,94,156,6765000,6146
5,451,6765000,6765750,94,156,6780000,6156
5,452,6780000,6780750,94,156,6795000,6170
5,453,6795000,6795750,94,156,6810000,6187
5,454,6810000,6810750,94,156,6825000,6198
5,455,6825000,6825750,94,156,6840000,6208
5,456,6840000,6840750,94,156,6855000,6226
5,457,6855000,6855750,94,156,6870000,6240
5,458,6870000,6870750,94,156,6885000,6255
5,459,6885000,6885750,94,156,6900000,6265
5,46,690000,690750,94,156,705000,632
5,460,6900000,6900750,94,156,6915000,6278
5,461,6915000,6915750,94,156,6930000,6294
5,462,6930000,6930750,94,156,6945000,6308
5,463,6945000,6945750,94,156,6960000,6319
5,464,6960000,6960750,94,156,6975000,6335
5,465,6975000,6975750,94,156,6990000,6347
5,466,6990000,6990750,94,156,7005000,6365
5,467,7005000,7005750,94,156,7020000,6375
5,468,7020000,7020750,94,156,7035000,6388
5,469,7035000,7035750,94,156,7050000,6404
5,47,705000,705750,94,156,720000,642
5,470,7050000,7050750,94,156,7065000,6416
5,471,7065000,7065750,94,156,7080000,6428
5,472,7080000,7080750,94,156,7095000,6444
5,473,7095000,7095750,94,156,7110000,6457
5,474,7110000,7110750,94,156,7125000,6473
5,475,7125000,7125750,94,156,7140000,6483
5,476,7140000,7140750,94,156,7155000,6498
5,477,7155000,7155750,94,156,7170000,6514
5,478,7170000,7170750,94,156,7185000,6525
5,479,7185000,7185750,94,156,7200000,6535
5,48,720000,720750,94,156,735000,659
5,480,7200000,7200750,94,156,7215000,6555
5,481,7215000,7215750,94,156,7230000,6567
5,482,7230000,7230750,94,156,7245000,6582
5,483,7245000,7245750,94,156,7260000,6593
5,484,7260000,7260750,94,156,7275000,6605
5,485,7275000,7275750,94,156,7290000,6623
5,486,7290000,7290750,94,156,7305000,6636
5,487,7305000,7305750,94,156,7320000,6646
5,488,7320000,7320750,94,156,7335000,6662
5,489,7335000,7335750,94,156,7350000,6674
5,49,735000,735750,94,156,750000,671
5,490,7350000,7350750,94,156,7365000,6692
5,491,7365000,7365750,94,156,7380000,6702
5,492,7380000,7380750,94,156,7395000,6715
5,493,7395000,7395750,94,156,7410000,6732
5,494,7410000,7410750,94,156,7425000,6745
5,495,7425000,7425750,94,156,7440000,6755
5,496,7440000,7440750,94,156,7455000,6772
5,497,7455000,7455750,94,156,7470000,6784
5,498,7470000,7470750,94,156,7485000,6800
5,499,7485000,7485750,94,156,7500000,6812
5,5,75000,75750,94,156,90000,73
5,50,750000,750750,94,156,765000,687
5,500,7500000,7500750,94,156,7515000,6825
5,501,7515000,7515750,94,156,7530000,6841
5,502,7530000,7530750,94,156,7545000,6852
5,503,7545000,7545750,94,156,7560000,6863
5,504,7560000,7560750,94,156,7575000,6882
5,505,7575000,7575750,94,156,7590000,6894
5,506,7590000,7590750,94,156,7605000,6910
5,507,7605000,7605750,94,156,7620000,6920
5,508,7620000,7620750,94,156,7635000,6934
5,509,7635000,7635750,94,156,7650000,6950
5,51,765000,765750,94,156,780000,699
5,510,7650000,7650750,94,156,7665000,6963
5,511,7665000,7665750,94,156,7680000,6973
5,512,7680000,7680750,94,156,7695000,6989
5,513,7695000,7695750,94,156,7710000,7004
5,514,7710000,7710750,94,156,7725000,7019
5,515,7725000,7725750,94,156,7740000,7029
5,516,7740000,7740750,94,156,7755000,7043
5,517,7755000,7755750,94,156,7770000,7059
5,518,7770000,7770750,94,156,7785000,7072
5,519,7785000,7785750,94,156,7800000,7082
5,52,780000,780750,94,156,795000,711
5,520,7800000,7800750,94,156,7815000,7099
5,521,7815000,7815750,94,156,7830000,7111
5,522,7830000,7830750,94,156,7845000,7129
5,523,7845000,7845750,94,156,7860000,7140
5,524,7860000,7860750,94,156,7875000,7152
5,525,7875000,7875750,94,156,7890000,7168
5,526,7890000,7890750,94,156,7905000,7180
5,527,7905000,7905750,94,156,7920000,7192
5,528,7920000,7920750,94,156,7935000,7209
5,529,7935000,7935750,94,156,7950000,7221
5,53,795000,795750,94,156,810000,728
5,530,7950000,7950750,94,156,7965000,7237
5,531,7965000,7965750,94,156,7980000,7247
5,532,7980000,7980750,94,156,7995000,7261
5,533,7995000,7995750,94,156,8010000,7278
5,534,8010000,8010750,94,156,8025000,7290
5,535,8025000,8025750,94,156,8040000,7300
5,536,8040000,8040750,94,156,8055000,7319
5,537,8055000,8055750,94,156,8070000,7331
5,538,8070000,8070750,94,156,8085000,7346
5,539,8085000,8085750,94,156,8100000,7356
5,54,810000,810750,94,156,825000,740
5,540,8100000,8100750,94,156,8115000,7370
5,541,8115000,8115750,94,156,8130000,7388
5,542,8130000,8130750,94,156,8145000,7399
5,543,8145000,8145750,94,156,8160000,7410
5,544,8160000,8160750,94,156,8175000,7426
5,545,8175000,8175750,94,156,8190000,7438
5,546,8190000,8190750,94,156,8205000,7457
5,547,8205000,8205750,94,156,8220000,7467
5,548,8220000,8220750,94,156,8235000,7479
5,549,8235000,8235750,94,156,8250000,7495
5,55,825000,825750,94,156,840000,750
5,550,8250000,8250750,94,156,8265000,7509
5,551,8265000,8265750,94,156,8280000,7519
5,552,8280000,8280750,94,156,8295000,7536
5,553,8295000,8295750,94,156,8310000,7549
5,554,8310000,8310750,94,156,8325000,7564
5,555,8325000,8325750,94,156,8340000,7576
5,556,8340000,8340750,94,156,8355000,7589
5,557,8355000,8355750,94,156,8370000,7605
5,558,8370000,8370750,94,156,8385000,7617
5,559,8385000,8385750,94,156,8400000,7627
5,56,840000,840750,94,156,855000,769
5,560,8400000,8400750,94,156,8415000,7646
5,561,8415000,8415750,94,156,8430000,7658
5,562,8430000,8430750,94,156,8445000,7673
5,563,8445000,8445750,94,156,8460000,7684
5,564,8460000,8460750,94,156,8475000,7699
5,565,8475000,8475750,94,156,8490000,7715
5,566,8490000,8490750,94,156,8505000,7727
5,567,8505000,8505750,94,156,8520000,7737
5,568,8520000,8520750,94,156,8535000,7753
5,569,8535000,8535750,94,156,8550000,7767
5,57,855000,855750,94,156,870000,781
5,570,8550000,8550750,94,156,8565000,7784
5,571,8565000,8565750,94,156,8580000,7794
5,572,8580000,8580750,94,156,8595000,7806
5,573,8595000,8595750,94,156,8610000,7823
5,574,8610000,8610750,94,156,8625000,7836
5,575,8625000,8625750,94,156,8640000,7846
5,576,8640000,8640750,94,156,8655000,7864
5,577,8655000,8655750,94,156,8670000,7876
5,578,8670000,8670750,94,156,8685000,7893
5,579,8685000,8685750,94,156,8700000,7903
5,58,870000,870750,94,156,885000,796
5,580,8700000,8700750,94,156,8715000,7916
5,581,8715000,8715750,94,156,8730000,7932
5,582,8730000,8730750,94,156,8745000,7944
5,583,8745000,8745750,94,156,8760000,7957
5,584,8760000,8760750,94,156,8775000,7973
5,585,8775000,8775750,94,156,8790000,7985
5,586,8790000,8790750,94,156,8805000,8001
5,587,8805000,8805750,94,156,8820000,8011
5,588,8820000,8820750,94,156,8835000,8026
5,589,8835000,8835750,94,156,8850000,8042
5,59,885000,885750,94,156,900000,806
5,590,8850000,8850750,94,156,8865000,8054
5,591,8865000,8865750,94,156,8880000,8064
5,592,8880000,8880750,94,156,8895000,8082
5,593,8895000,8895750,94,156,8910000,8095
5,594,8910000,8910750,94,156,8925000,8111
5,595,8925000,8925750,94,156,8940000,8121
5,596,8940000,8940750,94,156,8955000,8134
5,597,8955000,8955750,94,156,8970000,8152
5,598,8970000,8970750,94,156,8985000,8163
5,599,8985000,8985750,94,156,9000000,8173
5,6,90000,90750,94,156,105000,86
5,60,900000,900750,94,156,915000,822
5,600,9000000,9000750,94,156,9015000,8191
5,601,9015000,9015750,94,156,9030000,8203
5,602,9030000,9030750,94,156,9045000,8220
5,603,9045000,9045750,94,156,9060000,8231
5,604,9060000,9060750,94,156,9075000,8243
5,605,9075000,9075750,94,156,9090000,8259
5,606,9090000,9090750,94,156,9105000,8274
5,607,9105000,9105750,94,156,9120000,8284
5,608,9120000,9120750,94,156,9135000,8300
5,609,9135000,9135750,94,156,9150000,8312
5,61,915000,915750,94,156,930000,838
5,610,9150000,9150750,94,156,9165000,8328
5,611,9165000,9165750,94,156,9180000,8340
5,612,9180000,9180750,94,156,9195000,8353
5,613,9195000,9195750,94,156,9210000,8370
5,614,9210000,9210750,94,156,9225000,8381
5,615,9225000,9225750,94,156,9240000,8391
5,616,9240000,9240750,94,156,9255000,8410
5,617,9255000,9255750,94,156,9270000,8422
5,618,9270000,9270750,94,156,9285000,8438
5,619,9285000,9285750,94,156,9300000,8448
5,62,930000,930750,94,156,945000,849
5,620,9300000,9300750,94,156,9315000,8463
5,621,9315000,9315750,94,156,9330000,8479
5,622,9330000,9330750,94,156,9345000,8490
5,623,9345000,9345750,94,156,9360000,8501
5,624,9360000,9360750,94,156,9375000,8518
5,625,9375000,9375750,94,156,9390000,8532
5,626,9390000,9390750,94,156,9405000,8548
5,627,9405000,9405750,94,156,9420000,8558
5,628,9420000,9420750,94,156,9435000,8570
5,629,9435000,9435750,94,156,9450000,8586
5,63,945000,945750,94,156,960000,860
5,630,9450000,9450750,94,156,9465000,8601
5,631,9465000,9465750,94,156,9480000,8611
5,632,9480000,9480750,94,156,9495000,8627
5,633,9495000,9495750,94,156,9510000,8640
5,634,9510000,9510750,94,156,9525000,8657
5,635,9525000,9525750,94,156,9540000,8667
5,636,9540000,9540750,94,156,9555000,8681
5,637,9555000,9555750,94,156,9570000,8697
5,638,9570000,9570750,94,156,9585000,8708
5,639,9585000,9585750,94,156,9600000,8720
5,64,960000,960750,94,156,975000,876
5,640,9600000,9600750,94,156,9615000,8737
5,641,9615000,9615750,94,156,9630000,8749
5,642,9630000,9630750,94,156,9645000,8765
5,643,9645000,9645750,94,156,9660000,8776
5,644,9660000,9660750,94,156,9675000,8790
5,645,9675000,9675750,94,156,9690000,8806
5,646,9690000,9690750,94,156,9705000,8818
5,647,9705000,9705750,94,156,9720000,8828
5,648,9720000,9720750,94,156,9735000,8847
5,649,9735000,9735750,94,156,9750000,8859
5,65,975000,975750,94,156,990000,890
5,650,9750000,9750750,94,156,9765000,8875
5,651,9765000,9765750,94,156,9780000,8885
5,652,9780000,9780750,94,156,9795000,8897
5,653,9795000,9795750,94,156,9810000,8916
5,654,9810000,9810750,94,156,9825000,8928
5,655,9825000,9825750,94,156,9840000,8938
5,656,9840000,9840750,94,156,9855000,8955
5,657,9855000,9855750,94,156,9870000,8967
5,658,9870000,9870750,94,156,9885000,8984
5,659,9885000,9885750,94,156,9900000,8994
5,66,990000,990750,94,156,1005000,907
5,660,9900000,9900750,94,156,9915000,9008
5,661,9915000,9915750,94,156,9930000,9024
5,662,9930000,9930750,94,156,9945000,9037
5,663,9945000,9945750,94,156,9960000,9048
5,664,9960000,9960750,94,156,9975000,9064
5,665,9975000,9975750,94,156,9990000,9076
5,666,9990000,9990750,94,156,10005000,9093
5,667,10005000,10005750,94,156,10020000,9105
5,668,10020000,10020750,94,156,10035000,9117
5,669,10035000,10035750,94,156,10050000,9133
5,67,1005000,1005750,94,156,1020000,917
5,670,10050000,10050750,94,156,10065000,9145
5,671,10065000,10065750,94,156,10080000,9155
5,672,10080000,10080750,94,156,10095000,9174
5,673,10095000,10095750,94,156,10110000,9187
5,674,10110000,10110750,94,156,10125000,9202
5,675,10125000,10125750,94,156,10140000,9212
5,676,10140000,10140750,94,156,10155000,9227
5,677,10155000,10155750,94,156,10170000,9243
5,678,10170000,10170750,94,156,10185000,9255
5,679,10185000,10185750,94,156,10200000,9265
5,68,1020000,1020750,94,156,1035000,929
5,680,10200000,10200750,94,156,10215000,9282
5,681,10215000,10215750,94,156,10230000,9296
5,682,10230000,10230750,94,156,10245000,9311
5,683,10245000,10245750,94,156,10260000,9322
5,684,10260000,10260750,94,156,10275000,9335
5,685,10275000,10275750,94,156,10290000,9351
5,686,10290000,10290750,94,156,10305000,9365
5,687,10305000,10305750,94,156,10320000,9375
5,688,10320000,10320750,94,156,10335000,9391
5,689,10335000,10335750,94,156,10350000,9403
5,69,1035000,1035750,94,156,1050000,945
5,690,10350000,10350750,94,156,10365000,9422
5,691,10365000,10365750,94,156,10380000,9432
5,692,10380000,10380750,94,156,10395000,9444
5,693,10395000,10395750,94,156,10410000,9461
5,694,10410000,10410750,94,156,10425000,9472
5,695,10425000,10425750,94,156,10440000,9484
5,696,10440000,10440750,94,156,10455000,9502
5,697,10455000,10455750,94,156,10470000,9514
5,698,10470000,10470750,94,156,10485000,9529
5,699,10485000,10485750,94,156,10500000,9539
5,7,105000,105750,94,156,120000,96
5,70,1050000,1050750,94,156,1065000,959
5,700,10500000,10500750,94,156,10515000,9554
5,701,10515000,10515750,94,156,10530000,9570
5,702,10530000,10530750,94,156,10545000,9582
5,703,10545000,10545750,94,156,10560000,9593
5,704,10560000,10560750,94,156,10575000,9611
5,705,10575000,10575750,94,156,10590000,9623
5,706,10590000,10590750,94,156,10605000,9639
5,707,10605000,10605750,94,156,10620000,9649
5,708,10620000,10620750,94,156,10635000,9662
5,709,10635000,10635750,94,156,10650000,9680
5,71,1065000,1065750,94,156,1080000,969
5,710,10650000,10650750,94,156,10665000,9692
5,711,10665000,10665750,94,156,10680000,9702
5,712,10680000,10680750,94,156,10695000,9718
5,713,10695000,10695750,94,156,10710000,9731
5,714,10710000,10710750,94,156,10725000,9749
5,715,10725000,10725750,94,156,10740000,9759
5,716,10740000,10740750,94,156,10755000,9772
5,717,10755000,10755750,94,156,10770000,9788
5,718,10770000,10770750,94,156,10785000,9801
5,719,10785000,10785750,94,156,10800000,9811
5,72,1080000,1080750,94,156,1095000,986
5,720,10800000,10800750,94,156,10815000,9829
5,721,10815000,10815750,94,156,10830000,9841
5,722,10830000,10830750,94,156,10845000,9856
5,723,10845000,10845750,94,156,10860000,9869
5,724,10860000,10860750,94,156,10875000,9881
5,725,10875000,10875750,94,156,10890000,9897
5,726,10890000,10890750,94,156,10905000,9910
5,727,10905000,10905750,94,156,10920000,9920
5,728,10920000,10920750,94,156,10935000,9938
5,729,10935000,10935750,94,156,10950000,9950
5,73,1095000,1095750,94,156,1110000,999
5,730,10950000,10950750,94,156,10965000,9966
5,731,10965000,10965750,94,156,10980000,9976
5,732,10980000,10980750,94,156,10995000,9991
5,733,10995000,10995750,94,156,11010000,10008
5,734,11010000,11010750,94,156,11025000,10019
5,735,11025000,11025750,94,156,11040000,10029
5,736,11040000,11040750,94,156,11055000,10046
5,737,11055000,11055750,94,156,11070000,10060
5,738,11070000,11070750,94,156,11085000,10076
5,739,11085000,11085750,94,156,11100000,10086
5,74,1110000,1110750,94,156,1125000,1016
5,740,11100000,11100750,94,156,11115000,10099
5,741,11115000,11115750,94,156,11130000,10115
5,742,11130000,11130750,94,156,11145000,10128
5,743,11145000,11145750,94,156,11160000,10139
5,744,11160000,11160750,94,156,11175000,10156
5,745,11175000,11175750,94,156,11190000,10168
5,746,11190000,11190750,94,156,11205000,10186
5,747,11205000,11205750,94,156,11220000,10196
5,748,11220000,11220750,94,156,11235000,10208
5,749,11235000,11235750,94,156,11250000,10224
5,75,1125000,1125750,94,156,1140000,1026
5,750,11250000,11250750,94,156,11265000,10237
5,751,11265000,11265750,94,156,11280000,10249
5,752,11280000,11280750,94,156,11295000,10265
5,753,11295000,11295750,94,156,11310000,10278
5,754,11310000,11310750,94,156,11325000,10293
5,755,11325000,11325750,94,156,11340000,10303
5,756,11340000,11340750,94,156,11355000,10319
5,757,11355000,11355750,94,156,11370000,10335
5,758,11370000,11370750,94,156,11385000,10346
5,759,11385000,11385750,94,156,11400000,10356
5,76,1140000,1140750,94,156,1155000,1039
5,760,11400000,11400750,94,156,11415000,10375
5,761,11415000,11415750,94,156,11430000,10387
5,762,11430000,11430750,94,156,11445000,10403
5,763,11445000,11445750,94,156,11460000,10414
5,764,11460000,11460750,94,156,11475000,10426
5,765,11475000,11475750,94,156,11490000,10444
5,766,11490000,11490750,94,156,11505000,10456
5,767,11505000,11505750,94,156,11520000,10466
5,768,11520000,11520750,94,156,11535000,10483
5,769,11535000,11535750,94,156,11550000,10495
5,77,1155000,1155750,94,156,1170000,1055
5,770,11550000,11550750,94,156,11565000,10513
5,771,11565000,11565750,94,156,11580000,10523
5,772,11580000,11580750,94,156,11595000,10535
5,773,11595000,11595750,94,156,11610000,10552
5,774,11610000,11610750,94,156,11625000,10566
5,775,11625000,11625750,94,156,11640000,10576
5,776,11640000,11640750,94,156,11655000,10593
5,777,11655000,11655750,94,156,11670000,10605
5,778,11670000,11670750,94,156,11685000,10620
5,779,11685000,11685750,94,156,11700000,10632
5,78,1170000,1170750,94,156,1185000,1067
5,780,11700000,11700750,94,156,11715000,10646
5,781,11715000,11715750,94,156,11730000,10662
5,782,11730000,11730750,94,156,11745000,10673
5,783,11745000,11745750,94,156,11760000,10684
5,784,11760000,11760750,94,156,11775000,10702
5,785,11775000,11775750,94,156,11790000,10714
5,786,11790000,11790750,94,156,11805000,10731
5,787,11805000,11805750,94,156,11820000,10741
5,788,11820000,11820750,94,156,11835000,10755
5,789,11835000,11835750,94,156,11850000,10771
5,79,1185000,1185750,94,156,1200000,1079
5,790,11850000,11850750,94,156,11865000,10783
5,791,11865000,11865750,94,156,11880000,10793
5,792,11880000,11880750,94,156,11895000,10810
5,793,11895000,11895750,94,156,11910000,10825
5,794,11910000,11910750,94,156,11925000,10840
5,795,11925000,11925750,94,156,11940000,10850
5,796,11940000,11940750,94,156,11955000,10863
5,797,11955000,11955750,94,156,11970000,10879
5,798,11970000,11970750,94,156,11985000,10893
5,799,11985000,11985750,94,156,12000000,10903
5,8,120000,120750,94,156,135000,112
5,80,1200000,1200750,94,156,1215000,1096
5,800,12000000,12000750,94,156,12015000,10920
5,801,12015000,12015750,94,156,12030000,10932
5,802,12030000,12030750,94,156,12045000,10949
5,803,12045000,12045750,94,156,12060000,10960
5,804,12060000,12060750,94,156,12075000,10973
5,805,12075000,12075750,94,156,12090000,10989
5,806,12090000,12090750,94,156,12105000,11001
5,807,12105000,12105750,94,156,12120000,11013
5,808,12120000,12120750,94,156,12135000,11029
5,809,12135000,12135750,94,156,12150000,11041
5,81,1215000,1215750,94,156,1230000,1108
5,810,12150000,12150750,94,156,12165000,11058
5,811,12165000,12165750,94,156,12180000,11068
5,812,12180000,12180750,94,156,12195000,11082
5,813,12195000,12195750,94,156,12210000,11099
5,814,12210000,12210750,94,156,12225000,11110
5,815,12225000,12225750,94,156,12240000,11120
5,816,12240000,12240750,94,156,12255000,11140
5,817,12255000,12255750,94,156,12270000,11152
5,818,12270000,12270750,94,156,12285000,11167
5,819,12285000,12285750,94,156,12300000,11177
5,82,1230000,1230750,94,156,1245000,1123
5,820,12300000,12300750,94,156,12315000,11190
5,821,12315000,12315750,94,156,12330000,11208
5,822,12330000,12330750,94,156,12345000,11220
5,823,12345000,12345750,94,156,12360000,11231
5,824,12360000,12360750,94,156,12375000,11247
5,825,12375000,12375750,94,156,12390000,11259
5,826,12390000,12390750,94,156,12405000,11277
5,827,12405000,12405750,94,156,12420000,11287
5,828,12420000,12420750,94,156,12435000,11300
5,829,12435000,12435750,94,156,12450000,11316
5,83,1245000,1245750,94,156,1260000,1134
5,830,12450000,12450750,94,156,12465000,11330
5,831,12465000,12465750,94,156,12480000,11340
5,832,12480000,12480750,94,156,12495000,11356
5,833,12495000,12495750,94,156,12510000,11369
5,834,12510000,12510750,94,156,12525000,11385
5,835,12525000,12525750,94,156,12540000,11397
5,836,12540000,12540750,94,156,12555000,11410
5,837,12555000,12555750,94,156,12570000,11426
5,838,12570000,12570750,94,156,12585000,11437
5,839,12585000,12585750,94,156,12600000,11447
5,84,1260000,1260750,94,156,1275000,1149
5,85,1275000,1275750,94,156,1290000,1165
5,86,1290000,1290750,94,156,1305000,1177
5,87,1305000,1305750,94,156,1320000,1187
5,88,1320000,1320750,94,156,1335000,1205
5,89,1335000,1335750,94,156,1350000,1217
5,9,135000,135750,94,156,150000,126
5,90,1350000,1350750,94,156,1365000,1234
5,91,1365000,1365750,94,156,1380000,1244
5,92,1380000,1380750,94,156,1395000,1256
5,93,1395000,1395750,94,156,1410000,1275
5,94,1410000,1410750,94,156,1425000,1286
5,95,1425000,1425750,94,156,1440000,1296
5,96,1440000,1440750,94,156,1455000,1314
5,97,1455000,1455750,94,156,1470000,1326
5,98,1470000,1470750,94,156,1485000,1343
5,99,1485000,1485750,94,156,1500000,1353
6,0,0,1000,93,154,20000,10
6,1,20000,21000,93,154,40000,25
6,10,200000,201000,93,154,220000,192
6,100,2000000,2001000,93,154,2020000,1828
6,101,2020000,2021000,93,154,2040000,1844
6,102,2040000,2041000,93,154,2060000,1865
6,103,2060000,2061000,93,154,2080000,1881
6,104,2080000,2081000,93,154,2100000,1899
6,105,2100000,2101000,93,154,2120000,1918
6,106,2120000,2121000,93,154,2140000,1937
6,107,2140000,2141000,93,154,2160000,1952
6,108,2160000,2161000,93,154,2180000,1975
6,109,2180000,2181000,93,154,2200000,1990
6,11,220000,221000,93,154,240000,206
6,110,2200000,2201000,93,154,2220000,2009
6,111,2220000,2221000,93,154,2240000,2025
6,112,2240000,2241000,93,154,2260000,2048
6,113,2260000,2261000,93,154,2280000,2062
6,114,2280000,2281000,93,154,2300000,2082
6,115,2300000,2301000,93,154,2320000,2100
6,116,2320000,2321000,93,154,2340000,2118
6,117,2340000,2341000,93,154,2360000,2136
6,118,2360000,2361000,93,154,2380000,2155
6,119,2380000,2381000,93,154,2400000,2171
6,12,240000,241000,93,154,260000,227
6,120,2400000,2401000,93,154,2420000,2192
6,121,2420000,2421000,93,154,2440000,2208
6,122,2440000,2441000,93,154,2460000,2229
6,123,2460000,2461000,93,154,2480000,2245
6,124,2480000,2481000,93,154,2500000,2264
6,125,2500000,2501000,93,154,2520000,2279
6,126,2520000,2521000,93,154,2540000,2302
6,127,2540000,2541000,93,154,2560000,2318
6,128,2560000,2561000,93,154,2580000,2336
6,129,2580000,2581000,93,154,2600000,2354
6,13,260000,261000,93,154,280000,243
6,130,2600000,2601000,93,154,2620000,2375
6,131,2620000,2621000,93,154,2640000,2389
6,132,2640000,2641000,93,154,2660000,2410
6,133,2660000,2661000,93,154,2680000,2427
6,134,2680000,2681000,93,154,2700000,2445
6,135,2700000,2701000,93,154,2720000,2463
6,136,2720000,2721000,93,154,2740000,2484
6,137,2740000,2741000,93,154,2760000,2499
6,138,2760000,2761000,93,154,2780000,2519
6,139,2780000,2781000,93,154,2800000,2535
6,14,280000,281000,93,154,300000,263
6,140,2800000,2801000,93,154,2820000,2556
6,141,2820000,2821000,93,154,2840000,2572
6,142,2840000,2841000,93,154,2860000,2592
6,143,2860000,2861000,93,154,2880000,2608
6,144,2880000,2881000,93,154,2900000,2629
6,145,2900000,2901000,93,154,2920000,2645
6,146,2920000,2921000,93,154,2940000,2663
6,147,2940000,2941000,93,154,2960000,2682
6,148,2960000,2961000,93,154,2980000,2702
6,149,2980000,2981000,93,154,3000000,2716
6,15,300000,301000,93,154,320000,280
6,150,3000000,3001000,93,154,3020000,2739
6,151,3020000,3021000,93,154,3040000,2754
6,152,3040000,3041000,93,154,3060000,2773
6,153,3060000,3061000,93,154,3080000,2790
6,154,3080000,3081000,93,154,3100000,2811
6,155,3100000,3101000,93,154,3120000,2826
6,156,3120000,3121000,93,154,3140000,2846
6,157,3140000,3141000,93,154,3160000,2865
6,158,3160000,3161000,93,154,3180000,2883
6,159,3180000,3181000,93,154,3200000,2899
6,16,320000,321000,93,154,340000,299
6,160,3200000,3201000,93,154,3220000,2919
6,161,3220000,3221000,93,154,3240000,2935
6,162,3240000,3241000,93,154,3260000,2957
6,163,3260000,3261000,93,154,3280000,2972
6,164,3280000,3281000,93,154,3300000,2992
6,165,3300000,3301000,93,154,3320000,3009
6,166,3320000,3321000,93,154,3340000,3029
6,167,3340000,3341000,93,154,3360000,3044
6,168,3360000,3361000,93,154,3380000,3066
6,169,3380000,3381000,93,154,3400000,3081
6,17,340000,341000,93,154,360000,316
6,170,3400000,3401000,93,154,3420000,3100
6,171,3420000,3421000,93,154,3440000,3119
6,172,3440000,3441000,93,154,3460000,3139
6,173,3460000,3461000,93,154,3480000,3153
6,174,3480000,3481000,93,154,3500000,3173
6,175,3500000,3501000,93,154,3520000,3192
6,176,3520000,3521000,93,154,3540000,3210
6,177,3540000,3541000,93,154,3560000,3227
6,178,3560000,3561000,93,154,3580000,3248
6,179,3580000,3581000,93,154,3600000,3262
6,18,360000,361000,93,154,380000,337
6,180,3600000,3601000,93,154,3620000,3284
6,181,3620000,3621000,93,154,3640000,3299
6,182,3640000,3641000,93,154,3660000,3320
6,183,3660000,3661000,93,154,3680000,3336
6,184,3680000,3681000,93,154,3700000,3356
6,185,3700000,3701000,93,154,3720000,3373
6,186,3720000,3721000,93,154,3740000,3393
6,187,3740000,3741000,93,154,3760000,3409
6,188,3760000,3761000,93,154,3780000,3427
6,189,3780000,3781000,93,154,3800000,3446
6,19,380000,381000,93,154,400000,352
6,190,3800000,3801000,93,154,3820000,3466
6,191,3820000,3821000,93,154,3840000,3480
6,192,3840000,3841000,93,154,3860000,3503
6,193,3860000,3861000,93,154,3880000,3519
6,194,3880000,3881000,93,154,3900000,3537
6,195,3900000,3901000,93,154,3920000,3554
6,196,3920000,3921000,93,154,3940000,3575
6,197,3940000,3941000,93,154,3960000,3590
6,198,3960000,3961000,93,154,3980000,3611
6,199,3980000,3981000,93,154,4000000,3628
6,2,40000,41000,93,154,60000,44
6,20,400000,401000,93,154,420000,371
6,200,4000000,4001000,93,154,4020000,3647
6,201,4020000,4021000,93,154,4040000,3663
6,202,4040000,4041000,93,154,4060000,3684
6,203,4060000,4061000,93,154,4080000,3700
6,204,4080000,4081000,93,154,4100000,3720
6,205,4100000,4101000,93,154,4120000,3736
6,206,4120000,4121000,93,154,4140000,3756
6,207,4140000,4141000,93,154,4160000,3774
6,208,4160000,4161000,93,154,4180000,3793
6,209,4180000,4181000,93,154,4200000,3807
6,21,420000,421000,93,154,440000,389
6,210,4200000,4201000,93,154,4220000,3830
6,211,4220000,4221000,93,154,4240000,3846
6,212,4240000,4241000,93,154,4260000,3865
6,213,4260000,4261000,93,154,4280000,3883
6,214,4280000,4281000,93,154,4300000,3902
6,215,4300000,4301000,93,154,4320000,3917
6,216,4320000,4321000,93,154,4340000,3938
6,217,4340000,4341000,93,154,4360000,3956
6,218,4360000,4361000,93,154,4380000,3974
6,219,4380000,4381000,93,154,4400000,3990
6,22,440000,441000,93,154,460000,410
6,220,4400000,4401000,93,154,4420000,4013
6,221,4420000,4421000,93,154,4440000,4027
6,222,4440000,4441000,93,154,4460000,4048
6,223,4460000,4461000,93,154,4480000,4063
6,224,4480000,4481000,93,154,4500000,4083
6,225,4500000,4501000,93,154,4520000,4101
6,226,4520000,4521000,93,154,4540000,4120
6,227,4540000,4541000,93,154,4560000,4137
6,228,4560000,4561000,93,154,4580000,4157
6,229,4580000,4581000,93,154,4600000,4173
6,23,460000,461000,93,154,480000,424
6,230,4600000,4601000,93,154,4620000,4192
6,231,4620000,4621000,93,154,4640000,4210
6,232,4640000,4641000,93,154,4660000,4230
6,233,4660000,4661000,93,154,4680000,4244
6,234,4680000,4681000,93,154,4700000,4267
6,235,4700000,4701000,93,154,4720000,4283
6,236,4720000,4721000,93,154,4740000,4301
6,237,4740000,4741000,93,154,4760000,4318
6,238,4760000,4761000,93,154,4780000,4340
6,239,4780000,4781000,93,154,4800000,4354
6,24,480000,481000,93,154,500000,446
6,240,4800000,4801000,93,154,4820000,4375
6,241,4820000,4821000,93,154,4840000,4392
6,242,4840000,4841000,93,154,4860000,4411
6,243,4860000,4861000,93,154,4880000,4428
6,244,4880000,4881000,93,154,4900000,4447
6,245,4900000,4901000,93,154,4920000,4464
6,246,4920000,4921000,93,154,4940000,4484
6,247,4940000,4941000,93,154,4960000,4501
6,248,4960000,4961000,93,154,4980000,4521
6,249,4980000,4981000,93,154,5000000,4537
6,25,500000,501000,93,154,520000,462
6,250,5000000,5001000,93,154,5020000,4557
6,251,5020000,5021000,93,154,5040000,4571
6,252,5040000,5041000,93,154,5060000,4595
6,253,5060000,5061000,93,154,5080000,4610
6,254,5080000,5081000,93,154,5100000,4628
6,255,5100000,5101000,93,154,5120000,4647
6,256,5120000,5121000,93,154,5140000,4667
6,257,5140000,5141000,93,154,5160000,4682
6,258,5160000,5161000,93,154,5180000,4702
6,259,5180000,5181000,93,154,5200000,4719
6,26,520000,521000,93,154,540000,480
6,260,5200000,5201000,93,154,5220000,4738
6,261,5220000,5221000,93,154,5240000,4755
6,262,5240000,5241000,93,154,5260000,4777
6,263,5260000,5261000,93,154,5280000,4791
6,264,5280000,5281000,93,154,5300000,4811
6,265,5300000,5301000,93,154,5320000,4828
6,266,5320000,5321000,93,154,5340000,4848
6,267,5340000,5341000,93,154,5360000,4865
6,268,5360000,5361000,93,154,5380000,4884
6,269,5380000,5381000,93,154,5400000,4900
6,27,540000,541000,93,154,560000,498
6,270,5400000,5401000,93,154,5420000,4922
6,271,5420000,5421000,93,154,5440000,4937
6,272,5440000,5441000,93,154,5460000,4956
6,273,5460000,5461000,93,154,5480000,4974
6,274,5480000,5481000,93,154,5500000,4994
6,275,5500000,5501000,93,154,5520000,5009
6,276,5520000,5521000,93,154,5540000,5031
6,277,5540000,5541000,93,154,5560000,5047
6,278,5560000,5561000,93,154,5580000,5065
6,279,5580000,5581000,93,154,5600000,5082
6,28,560000,561000,93,154,580000,519
6,280,5600000,5601000,93,154,5620000,5104
6,281,5620000,5621000,93,154,5640000,5118
6,282,5640000,5641000,93,154,5660000,5139
6,283,5660000,5661000,93,154,5680000,5157
6,284,5680000,5681000,93,154,5700000,5175
6,285,5700000,5701000,93,154,5720000,5192
6,286,5720000,5721000,93,154,5740000,5211
6,287,5740000,5741000,93,154,5760000,5228
6,288,5760000,5761000,93,154,5780000,5249
6,289,5780000,5781000,93,154,5800000,5264
6,29,580000,581000,93,154,600000,533
6,290,5800000,5801000,93,154,5820000,5285
6,291,5820000,5821000,93,154,5840000,5301
6,292,5840000,5841000,93,154,5860000,5322
6,293,5860000,5861000,93,154,5880000,5336
6,294,5880000,5881000,93,154,5900000,5358
6,295,5900000,5901000,93,154,5920000,5374
6,296,5920000,5921000,93,154,5940000,5392
6,297,5940000,5941000,93,154,5960000,5412
6,298,5960000,5961000,93,154,5980000,5431
6,299,5980000,5981000,93,154,6000000,5445
6,3,60000,61000,93,154,80000,62
6,30,600000,601000,93,154,620000,554
6,300,6000000,6001000,93,154,6020000,5466
6,301,6020000,6021000,93,154,6040000,5484
6,302,6040000,6041000,93,154,6060000,5503
6,303,6060000,6061000,93,154,6080000,5519
6,304,6080000,6081000,93,154,6100000,5540
6,305,6100000,6101000,93,154,6120000,5555
6,306,6120000,6121000,93,154,6140000,5576
6,307,6140000,6141000,93,154,6160000,5592
6,308,6160000,6161000,93,154,6180000,5612
6,309,6180000,6181000,93,154,6200000,5628
6,31,620000,621000,93,154,640000,572
6,310,6200000,6201000,93,154,6220000,5649
6,311,6220000,6221000,93,154,6240000,5665
6,312,6240000,6241000,93,154,6260000,5686
6,313,6260000,6261000,93,154,6280000,5701
6,314,6280000,6281000,93,154,6300000,5719
6,315,6300000,6301000,93,154,6320000,5739
6,316,6320000,6321000,93,154,6340000,5758
6,317,6340000,6341000,93,154,6360000,5773
6,318,6360000,6361000,93,154,6380000,5795
6,319,6380000,6381000,93,154,6400000,5811
6,32,640000,641000,93,154,660000,591
6,320,6400000,6401000,93,154,6420000,5830
6,321,6420000,6421000,93,154,6440000,5846
6,322,6440000,6441000,93,154,6460000,5868
6,323,6460000,6461000,93,154,6480000,5882
6,324,6480000,6481000,93,154,6500000,5903
6,325,6500000,6501000,93,154,6520000,5921
6,326,6520000,6521000,93,154,6540000,5939
6,327,6540000,6541000,93,154,6560000,5956
6,328,6560000,6561000,93,154,6580000,5976
6,329,6580000,6581000,93,154,6600000,5992
6,33,660000,661000,93,154,680000,607
6,330,6600000,6601000,93,154,6620000,6013
6,331,6620000,6621000,93,154,6640000,6028
6,332,6640000,6641000,93,154,6660000,6049
6,333,6660000,6661000,93,154,6680000,6066
6,334,6680000,6681000,93,154,6700000,6085
6,335,6700000,6701000,93,154,6720000,6100
6,336,6720000,6721000,93,154,6740000,6122
6,337,6740000,6741000,93,154,6760000,6139
6,338,6760000,6761000,93,154,6780000,6157
6,339,6780000,6781000,93,154,6800000,6175
6,34,680000,681000,93,154,700000,626
6,340,6800000,6801000,93,154,6820000,6195
6,341,6820000,6821000,93,154,6840000,6209
6,342,6840000,6841000,93,154,6860000,6231
6,343,6860000,6861000,93,154,6880000,6248
6,344,6880000,6881000,93,154,6900000,6266
6,345,6900000,6901000,93,154,6920000,6283
6,346,6920000,6921000,93,154,6940000,6305
6,347,6940000,6941000,93,154,6960000,6320
6,348,6960000,6961000,93,154,6980000,6340
6,349,6980000,6981000,93,154,7000000,6355
6,35,700000,701000,93,154,720000,643
6,350,7000000,7001000,93,154,7020000,6376
6,351,7020000,7021000,93,154,7040000,6393
6,352,7040000,7041000,93,154,7060000,6413
6,353,7060000,7061000,93,154,7080000,6429
6,354,7080000,7081000,93,154,7100000,6449
6,355,7100000,7101000,93,154,7120000,6466
6,356,7120000,7121000,93,154,7140000,6484
6,357,7140000,7141000,93,154,7160000,6503
6,358,7160000,7161000,93,154,7180000,6522
6,359,7180000,7181000,93,154,7200000,6536
6,36,720000,721000,93,154,740000,664
6,360,7200000,7201000,93,154,7220000,6560
6,361,7220000,7221000,93,154,7240000,6575
6,362,7240000,7241000,93,154,7260000,6594
6,363,7260000,7261000,93,154,7280000,6610
6,364,7280000,7281000,93,154,7300000,6632
6,365,7300000,7301000,93,154,7320000,6647
6,366,7320000,7321000,93,154,7340000,6667
6,367,7340000,7341000,93,154,7360000,6685
6,368,7360000,7361000,93,154,7380000,6703
6,369,7380000,7381000,93,154,7400000,6720
6,37,740000,741000,93,154,760000,680
6,370,7400000,7401000,93,154,7420000,6740
6,371,7420000,7421000,93,154,7440000,6756
6,372,7440000,7441000,93,154,7460000,6777
6,373,7460000,7461000,93,154,7480000,6793
6,374,7480000,7481000,93,154,7500000,6813
6,375,7500000,7501000,93,154,7520000,6830
6,376,7520000,7521000,93,154,7540000,6849
6,377,7540000,7541000,93,154,7560000,6864
6,378,7560000,7561000,93,154,7580000,6887
6,379,7580000,7581000,93,154,7600000,6902
6,38,760000,761000,93,154,780000,700
6,380,7600000,7601000,93,154,7620000,6921
6,381,7620000,7621000,93,154,7640000,6939
6,382,7640000,7641000,93,154,7660000,6960
6,383,7660000,7661000,93,154,7680000,6974
6,384,7680000,7681000,93,154,7700000,6994
6,385,7700000,7701000,93,154,7720000,7012
6,386,7720000,7721000,93,154,7740000,7030
6,387,7740000,7741000,93,154,7760000,7048
6,388,7760000,7761000,93,154,7780000,7069
6,389,7780000,7781000,93,154,7800000,7083
6,39,780000,781000,93,154,800000,716
6,390,7800000,7801000,93,154,7820000,7104
6,391,7820000,7821000,93,154,7840000,7120
6,392,7840000,7841000,93,154,7860000,7141
6,393,7860000,7861000,93,154,7880000,7157
6,394,7880000,7881000,93,154,7900000,7176
6,395,7900000,7901000,93,154,7920000,7193
6,396,7920000,7921000,93,154,7940000,7214
6,397,7940000,7941000,93,154,7960000,7230
6,398,7960000,7961000,93,154,7980000,7248
6,399,7980000,7981000,93,154,8000000,7266
6,4,80000,81000,93,154,100000,82
6,40,800000,801000,93,154,820000,737
6,400,8000000,8001000,93,154,8020000,7287
6,401,8020000,8021000,93,154,8040000,7301
6,402,8040000,8041000,93,154,8060000,7324
6,403,8060000,8061000,93,154,8080000,7339
6,404,8080000,8081000,93,154,8100000,7357
6,405,8100000,8101000,93,154,8120000,7375
6,406,8120000,8121000,93,154,8140000,7396
6,407,8140000,8141000,93,154,8160000,7411
6,408,8160000,8161000,93,154,8180000,7431
6,409,8180000,8181000,93,154,8200000,7449
6,41,820000,821000,93,154,840000,751
6,410,8200000,8201000,93,154,8220000,7468
6,411,8220000,8221000,93,154,8240000,7484
6,412,8240000,8241000,93,154,8260000,7504
6,413,8260000,8261000,93,154,8280000,7520
6,414,8280000,8281000,93,154,8300000,7541
6,415,8300000,8301000,93,154,8320000,7557
6,416,8320000,8321000,93,154,8340000,7577
6,417,8340000,8341000,93,154,8360000,7594
6,418,8360000,8361000,93,154,8380000,7614
6,419,8380000,8381000,93,154,8400000,7628
6,42,840000,841000,93,154,860000,774
6,420,8400000,8401000,93,154,8420000,7651
6,421,8420000,8421000,93,154,8440000,7666
6,422,8440000,8441000,93,154,8460000,7685
6,423,8460000,8461000,93,154,8480000,7704
6,424,8480000,8481000,93,154,8500000,7723
6,425,8500000,8501000,93,154,8520000,7738
6,426,8520000,8521000,93,154,8540000,7758
6,427,8540000,8541000,93,154,8560000,7777
6,428,8560000,8561000,93,154,8580000,7795
6,429,8580000,8581000,93,154,8600000,7811
6,43,860000,861000,93,154,880000,789
6,430,8600000,8601000,93,154,8620000,7833
6,431,8620000,8621000,93,154,8640000,7847
6,432,8640000,8641000,93,154,8660000,7869
6,433,8660000,8661000,93,154,8680000,7884
6,434,8680000,8681000,93,154,8700000,7904
6,435,8700000,8701000,93,154,8720000,7921
6,436,8720000,8721000,93,154,8740000,7941
6,437,8740000,8741000,93,154,8760000,7958
6,438,8760000,8761000,93,154,8780000,7978
6,439,8780000,8781000,93,154,8800000,7993
6,44,880000,881000,93,154,900000,807
6,440,8800000,8801000,93,154,8820000,8012
6,441,8820000,8821000,93,154,8840000,8031
6,442,8840000,8841000,93,154,8860000,8051
6,443,8860000,8861000,93,154,8880000,8065
6,444,8880000,8881000,93,154,8900000,8087
6,445,8900000,8901000,93,154,8920000,8104
6,446,8920000,8921000,93,154,8940000,8122
6,447,8940000,8941000,93,154,8960000,8139
6,448,8960000,8961000,93,154,8980000,8160
6,449,8980000,8981000,93,154,9000000,8174
6,45,900000,901000,93,154,920000,827
6,450,9000000,9001000,93,154,9020000,8196
6,451,9020000,9021000,93,154,9040000,8213
6,452,9040000,9041000,93,154,9060000,8232
6,453,9060000,9061000,93,154,9080000,8248
6,454,9080000,9081000,93,154,9100000,8268
6,455,9100000,9101000,93,154,9120000,8285
6,456,9120000,9121000,93,154,9140000,8305
6,457,9140000,9141000,93,154,9160000,8321
6,458,9160000,9161000,93,154,9180000,8341
6,459,9180000,9181000,93,154,9200000,8358
6,46,920000,921000,93,154,940000,846
6,460,9200000,9201000,93,154,9220000,8378
6,461,9220000,9221000,93,154,9240000,8392
6,462,9240000,9241000,93,154,9260000,8415
6,463,9260000,9261000,93,154,9280000,8431
6,464,9280000,9281000,93,154,9300000,8449
6,465,9300000,9301000,93,154,9320000,8468
6,466,9320000,9321000,93,154,9340000,8487
6,467,9340000,9341000,93,154,9360000,8502
6,468,9360000,9361000,93,154,9380000,8523
6,469,9380000,9381000,93,154,9400000,8540
6,47,940000,941000,93,154,960000,861
6,470,9400000,9401000,93,154,9420000,8559
6,471,9420000,9421000,93,154,9440000,8575
6,472,9440000,9441000,93,154,9460000,8598
6,473,9460000,9461000,93,154,9480000,8612
6,474,9480000,9481000,93,154,9500000,8632
6,475,9500000,9501000,93,154,9520000,8648
6,476,9520000,9521000,93,154,9540000,8668
6,477,9540000,9541000,93,154,9560000,8686
6,478,9560000,9561000,93,154,9580000,8705
6,479,9580000,9581000,93,154,9600000,8721
6,48,960000,961000,93,154,980000,881
6,480,9600000,9601000,93,154,9620000,8742
6,481,9620000,9621000,93,154,9640000,8758
6,482,9640000,9641000,93,154,9660000,8777
6,483,9660000,9661000,93,154,9680000,8795
6,484,9680000,9681000,93,154,9700000,8814
6,485,9700000,9701000,93,154,9720000,8829
6,486,9720000,9721000,93,154,9740000,8852
6,487,9740000,9741000,93,154,9760000,8868
6,488,9760000,9761000,93,154,9780000,8886
6,489,9780000,9781000,93,154,9800000,8902
6,49,980000,981000,93,154,1000000,899
6,490,9800000,9801000,93,154,9820000,8925
6,491,9820000,9821000,93,154,9840000,8939
6,492,9840000,9841000,93,154,9860000,8960
6,493,9860000,9861000,93,154,9880000,8977
6,494,9880000,9881000,93,154,9900000,8995
6,495,9900000,9901000,93,154,9920000,9013
6,496,9920000,9921000,93,154,9940000,9032
6,497,9940000,9941000,93,154,9960000,9049
6,498,9960000,9961000,93,154,9980000,9069
6,499,9980000,9981000,93,154,10000000,9085
6,5,100000,101000,93,154,120000,97
6,50,1000000,1001000,93,154,1020000,918
6,500,10000000,10001000,93,154,10020000,9106
6,501,10020000,10021000,93,154,10040000,9122
6,502,10040000,10041000,93,154,10060000,9142
6,503,10060000,10061000,93,154,10080000,9156
6,504,10080000,10081000,93,154,10100000,9179
6,505,10100000,10101000,93,154,10120000,9195
6,506,10120000,10121000,93,154,10140000,9213
6,507,10140000,10141000,93,154,10160000,9232
6,508,10160000,10161000,93,154,10180000,9252
6,509,10180000,10181000,93,154,10200000,9266
6,51,1020000,1021000,93,154,1040000,934
6,510,10200000,10201000,93,154,10220000,9287
6,511,10220000,10221000,93,154,10240000,9304
6,512,10240000,10241000,93,154,10260000,9323
6,513,10260000,10261000,93,154,10280000,9340
6,514,10280000,10281000,93,154,10300000,9361
6,515,10300000,10301000,93,154,10320000,9376
6,516,10320000,10321000,93,154,10340000,9396
6,517,10340000,10341000,93,154,10360000,9413
6,518,10360000,10361000,93,154,10380000,9433
6,519,10380000,10381000,93,154,10400000,9449
6,52,1040000,1041000,93,154,1060000,956
6,520,10400000,10401000,93,154,10420000,9469
6,521,10420000,10421000,93,154,10440000,9485
6,522,10440000,10441000,93,154,10460000,9507
6,523,10460000,10461000,93,154,10480000,9522
6,524,10480000,10481000,93,154,10500000,9540
6,525,10500000,10501000,93,154,10520000,9559
6,526,10520000,10521000,93,154,10540000,9579
6,527,10540000,10541000,93,154,10560000,9594
6,528,10560000,10561000,93,154,10580000,9616
6,529,10580000,10581000,93,154,10600000,9631
6,53,1060000,1061000,93,154,1080000,970
6,530,10600000,10601000,93,154,10620000,9650
6,531,10620000,10621000,93,154,10640000,9667
6,532,10640000,10641000,93,154,10660000,9689
6,533,10660000,10661000,93,154,10680000,9703
6,534,10680000,10681000,93,154,10700000,9723
6,535,10700000,10701000,93,154,10720000,9742
6,536,10720000,10721000,93,154,10740000,9760
6,537,10740000,10741000,93,154,10760000,9777
6,538,10760000,10761000,93,154,10780000,9796
6,539,10780000,10781000,93,154,10800000,9812
6,54,1080000,1081000,93,154,1100000,991
6,540,10800000,10801000,93,154,10820000,9834
6,541,10820000,10821000,93,154,10840000,9849
6,542,10840000,10841000,93,154,10860000,9870
6,543,10860000,10861000,93,154,10880000,9886
6,544,10880000,10881000,93,154,10900000,9906
6,545,10900000,10901000,93,154,10920000,9921
6,546,10920000,10921000,93,154,10940000,9943
6,547,10940000,10941000,93,154,10960000,9959
6,548,10960000,10961000,93,154,10980000,9977
6,549,10980000,10981000,93,154,11000000,9996
6,55,1100000,1101000,93,154,1120000,1007
6,550,11000000,11001000,93,154,11020000,10016
6,551,11020000,11021000,93,154,11040000,10030
6,552,11040000,11041000,93,154,11060000,10051
6,553,11060000,11061000,93,154,11080000,10069
6,554,11080000,11081000,93,154,11100000,10087
6,555,11100000,11101000,93,154,11120000,10104
6,556,11120000,11121000,93,154,11140000,10125
6,557,11140000,11141000,93,154,11160000,10140
6,558,11160000,11161000,93,154,11180000,10161
6,559,11180000,11181000,93,154,11200000,10176
6,56,1120000,1121000,93,154,1140000,1027
6,560,11200000,11201000,93,154,11220000,10197
6,561,11220000,11221000,93,154,11240000,10213
6,562,11240000,11241000,93,154,11260000,10234
6,563,11260000,11261000,93,154,11280000,10250
6,564,11280000,11281000,93,154,11300000,10270
6,565,11300000,11301000,93,154,11320000,10286
6,566,11320000,11321000,93,154,11340000,10304
6,567,11340000,11341000,93,154,11360000,10324
6,568,11360000,11361000,93,154,11380000,10343
6,569,11380000,11381000,93,154,11400000,10357
6,57,1140000,1141000,93,154,1160000,1044
6,570,11400000,11401000,93,154,11420000,10380
6,571,11420000,11421000,93,154,11440000,10396
6,572,11440000,11441000,93,154,11460000,10415
6,573,11460000,11461000,93,154,11480000,10431
6,574,11480000,11481000,93,154,11500000,10452
6,575,11500000,11501000,93,154,11520000,10467
6,576,11520000,11521000,93,154,11540000,10488
6,577,11540000,11541000,93,154,11560000,10506
6,578,11560000,11561000,93,154,11580000,10524
6,579,11580000,11581000,93,154,11600000,10540
6,58,1160000,1161000,93,154,1180000,1064
6,580,11600000,11601000,93,154,11620000,10561
6,581,11620000,11621000,93,154,11640000,10577
6,582,11640000,11641000,93,154,11660000,10598
6,583,11660000,11661000,93,154,11680000,10613
6,584,11680000,11681000,93,154,11700000,10633
6,585,11700000,11701000,93,154,11720000,10651
6,586,11720000,11721000,93,154,11740000,10670
6,587,11740000,11741000,93,154,11760000,10685
6,588,11760000,11761000,93,154,11780000,10707
6,589,11780000,11781000,93,154,11800000,10723
6,59,1180000,1181000,93,154,1200000,1080
6,590,11800000,11801000,93,154,11820000,10742
6,591,11820000,11821000,93,154,11840000,10760
6,592,11840000,11841000,93,154,11860000,10780
6,593,11860000,11861000,93,154,11880000,10794
6,594,11880000,11881000,93,154,11900000,10815
6,595,11900000,11901000,93,154,11920000,10833
6,596,11920000,11921000,93,154,11940000,10851
6,597,11940000,11941000,93,154,11960000,10868
6,598,11960000,11961000,93,154,11980000,10890
6,599,11980000,11981000,93,154,12000000,10904
6,6,120000,121000,93,154,140000,117
6,60,1200000,1201000,93,154,1220000,1101
6,600,12000000,12001000,93,154,12020000,10925
6,601,12020000,12021000,93,154,12040000,10940
6,602,12040000,12041000,93,154,12060000,10961
6,603,12060000,12061000,93,154,12080000,10978
6,604,12080000,12081000,93,154,12100000,10997
6,605,12100000,12101000,93,154,12120000,11014
6,606,12120000,12121000,93,154,12140000,11034
6,607,12140000,12141000,93,154,12160000,11051
6,608,12160000,12161000,93,154,12180000,11069
6,609,12180000,12181000,93,154,12200000,11087
6,61,1220000,1221000,93,154,1240000,1116
6,610,12200000,12201000,93,154,12220000,11107
6,611,12220000,12221000,93,154,12240000,11121
6,612,12240000,12241000,93,154,12260000,11145
6,613,12260000,12261000,93,154,12280000,11160
6,614,12280000,12281000,93,154,12300000,11178
6,615,12300000,12301000,93,154,12320000,11195
6,616,12320000,12321000,93,154,12340000,11217
6,617,12340000,12341000,93,154,12360000,11232
6,618,12360000,12361000,93,154,12380000,11252
6,619,12380000,12381000,93,154,12400000,11269
6,62,1240000,1241000,93,154,1260000,1135
6,620,12400000,12401000,93,154,12420000,11288
6,621,12420000,12421000,93,154,12440000,11305
6,622,12440000,12441000,93,154,12460000,11325
6,623,12460000,12461000,93,154,12480000,11341
6,624,12480000,12481000,93,154,12500000,11361
6,625,12500000,12501000,93,154,12520000,11378
6,626,12520000,12521000,93,154,12540000,11398
6,627,12540000,12541000,93,154,12560000,11415
6,628,12560000,12561000,93,154,12580000,11434
6,629,12580000,12581000,93,154,12600000,11448
6,63,1260000,1261000,93,154,1280000,1154
6,64,1280000,1281000,93,154,1300000,1173
6,65,1300000,1301000,93,154,1320000,1188
6,66,1320000,1321000,93,154,1340000,1210
6,67,1340000,1341000,93,154,1360000,1227
6,68,1360000,1361000,93,154,1380000,1245
6,69,1380000,1381000,93,154,1400000,1261
6,7,140000,141000,93,154,160000,135
6,70,1400000,1401000,93,154,1420000,1283
6,71,1420000,1421000,93,154,1440000,1297
6,72,1440000,1441000,93,154,1460000,1319
6,73,1460000,1461000,93,154,1480000,1336
6,74,1480000,1481000,93,154,1500000,1354
6,75,1500000,1501000,93,154,1520000,1371
6,76,1520000,1521000,93,154,1540000,1391
6,77,1540000,1541000,93,154,1560000,1408
6,78,1560000,1561000,93,154,1580000,1428
6,79,1580000,1581000,93,154,1600000,1443
6,8,160000,161000,93,154,180000,153
6,80,1600000,1601000,93,154,1620000,1464
6,81,1620000,1621000,93,154,1640000,1481
6,82,1640000,1641000,93,154,1660000,1501
6,83,1660000,1661000,93,154,1680000,1515
6,84,1680000,1681000,93,154,1700000,1537
6,85,1700000,1701000,93,154,1720000,1554
6,86,1720000,1721000,93,154,1740000,1572
6,87,1740000,1741000,93,154,1760000,1591
6,88,1760000,1761000,93,154,1780000,1610
6,89,1780000,1781000,93,154,1800000,1624
6,9,180000,181000,93,154,200000,170
6,90,1800000,1801000,93,154,1820000,1646
6,91,1820000,1821000,93,154,1840000,1663
6,92,1840000,1841000,93,154,1860000,1682
6,93,1860000,1861000,93,154,1880000,1698
6,94,1880000,1881000,93,154,1900000,1720
6,95,1900000,1901000,93,154,1920000,1735
6,96,1920000,1921000,93,154,1940000,1755
6,97,1940000,1941000,93,154,1960000,1771
6,98,1960000,1961000,93,154,1980000,1791
6,99,1980000,1981000,93,154,2000000,1808
7,0,0,1000,1660,2766,20000,11
7,1,20000,21000,1660,2766,40000,26
7,10,200000,201000,1660,2766,220000,193
7,100,2000000,2001000,1660,2766,2020000,1829
7,101,2020000,2021000,1660,2766,2040000,1845
7,102,2040000,2041000,1660,2766,2060000,1866
7,103,2060000,2061000,1660,2766,2080000,1882
7,104,2080000,2081000,1660,2766,2100000,1900
7,105,2100000,2101000,1660,2766,2120000,1919
7,106,2120000,2121000,1660,2766,2140000,1938
7,107,2140000,2141000,1660,2766,2160000,1953
7,108,2160000,2161000,1660,2766,2180000,1976
7,109,2180000,2181000,1660,2766,2200000,1991
7,11,220000,221000,1660,2766,240000,207
7,110,2200000,2201000,1660,2766,2220000,2010
7,111,2220000,2221000,1660,2766,2240000,2026
7,112,2240000,2241000,1660,2766,2260000,2049
7,113,2260000,2261000,1660,2766,2280000,2063
7,114,2280000,2281000,1660,2766,2300000,2083
7,115,2300000,2301000,1660,2766,2320000,2101
7,116,2320000,2321000,1660,2766,2340000,2119
7,117,2340000,2341000,1660,2766,2360000,2137
7,118,2360000,2361000,1660,2766,2380000,2156
7,119,2380000,2381000,1660,2766,2400000,2172
7,12,240000,241000,1660,2766,260000,228
7,120,2400000,2401000,1660,2766,2420000,2193
7,121,2420000,2421000,1660,2766,2440000,2209
7,122,2440000,2441000,1660,2766,2460000,2230
7,123,2460000,2461000,1660,2766,2480000,2246
7,124,2480000,2481000,1660,2766,2500000,2265
7,125,2500000,2501000,1660,2766,2520000,2280
7,126,2520000,2521000,1660,2766,2540000,2303
7,127,2540000,2541000,1660,2766,2560000,2319
7,128,2560000,2561000,1660,2766,2580000,2337
7,129,2580000,2581000,1660,2766,2600000,2355
7,13,260000,261000,1660,2766,280000,244
7,130,2600000,2601000,1660,2766,2620000,2376
7,131,2620000,2621000,1660,2766,2640000,2390
7,132,2640000,2641000,1660,2766,2660000,2411
7,133,2660000,2661000,1660,2766,2680000,2428
7,134,2680000,2681000,1660,2766,2700000,2446
7,135,2700000,2701000,1660,2766,2720000,2464
7,136,2720000,2721000,1660,2766,2740000,2485
7,137,2740000,2741000,1660,2766,2760000,2500
7,138,2760000,2761000,1660,2766,2780000,2520
7,139,2780000,2781000,1660,2766,2800000,2536
7,14,280000,281000,1660,2766,300000,264
7,140,2800000,2801000,1660,2766,2820000,2557
7,141,2820000,2821000,1660,2766,2840000,2573
7,142,2840000,2841000,1660,2766,2860000,2593
7,143,2860000,2861000,1660,2766,2880000,2609
7,144,2880000,2881000,1660,2766,2900000,2630
7,145,2900000,2901000,1660,2766,2920000,2646
7,146,2920000,2921000,1660,2766,2940000,2664
7,147,2940000,2941000,1660,2766,2960000,2683
7,148,2960000,2961000,1660,2766,2980000,2703
7,149,2980000,2981000,1660,2766,3000000,2717
7,15,300000,301000,1660,2766,320000,281
7,150,3000000,3001000,1660,2766,3020000,2740
7,151,3020000,3021000,1660,2766,3040000,2755
7,152,3040000,3041000,1660,2766,3060000,2774
7,153,3060000,3061000,1660,2766,3080000,2791
7,154,3080000,3081000,1660,2766,3100000,2812
7,155,3100000,3101000,1660,2766,3120000,2827
7,156,3120000,3121000,1660,2766,3140000,2847
7,157,3140000,3141000,1660,2766,3160000,2866
7,158,3160000,3161000,1660,2766,3180000,2884
7,159,3180000,3181000,1660,2766,3200000,2900
7,16,320000,321000,1660,2766,340000,300
7,160,3200000,3201000,1660,2766,3220000,2920
7,161,3220000,3221000,1660,2766,3240000,2936
7,162,3240000,3241000,1660,2766,3260000,2958
7,163,3260000,3261000,1660,2766,3280000,2973
7,164,3280000,3281000,1660,2766,3300000,2993
7,165,3300000,3301000,1660,2766,3320000,3010
7,166,3320000,3321000,1660,2766,3340000,3030
7,167,3340000,3341000,1660,2766,3360000,3045
7,168,3360000,3361000,1660,2766,3380000,3067
7,169,3380000,3381000,1660,2766,3400000,3082
7,17,340000,341000,1660,2766,360000,317
7,170,3400000,3401000,1660,2766,3420000,3101
7,171,3420000,3421000,1660,2766,3440000,3120
7,172,3440000,3441000,1660,2766,3460000,3140
7,173,3460000,3461000,1660,2766,3480000,3154
7,174,3480000,3481000,1660,2766,3500000,3174
7,175,3500000,3501000,1660,2766,3520000,3193
7,176,3520000,3521000,1660,2766,3540000,3211
7,177,3540000,3541000,1660,2766,3560000,3228
7,178,3560000,3561000,1660,2766,3580000,3249
7,179,3580000,3581000,1660,2766,3600000,3263
7,18,360000,361000,1660,2766,380000,338
7,180,3600000,3601000,1660,2766,3620000,3285
7,181,3620000,3621000,1660,2766,3640000,3300
7,182,3640000,3641000,1660,2766,3660000,3321
7,183,3660000,3661000,1660,2766,3680000,3337
7,184,3680000,3681000,1660,2766,3700000,3357
7,185,3700000,3701000,1660,2766,3720000,3374
7,186,3720000,3721000,1660,2766,3740000,3394
7,187,3740000,3741000,1660,2766,3760000,3410
7,188,3760000,3761000,1660,2766,3780000,3428
7,189,3780000,3781000,1660,2766,3800000,3447
7,19,380000,381000,1660,2766,400000,353
7,190,3800000,3801000,1660,2766,3820000,3467
7,191,3820000,3821000,1660,2766,3840000,3481
7,192,3840000,3841000,1660,2766,3860000,3504
7,193,3860000,3861000,1660,2766,3880000,3520
7,194,3880000,3881000,1660,2766,3900000,3538
7,195,3900000,3901000,1660,2766,3920000,3555
7,196,3920000,3921000,1660,2766,3940000,3576
7,197,3940000,3941000,1660,2766,3960000,3591
7,198,3960000,3961000,1660,2766,3980000,3612
7,199,3980000,3981000,1660,2766,4000000,3629
7,2,40000,41000,1660,2766,60000,45
7,20,400000,401000,1660,2766,420000,372
7,200,4000000,4001000,1660,2766,4020000,3648
7,201,4020000,4021000,1660,2766,4040000,3664
7,202,4040000,4041000,1660,2766,4060000,3685
7,203,4060000,4061000,1660,2766,4080000,3701
7,204,4080000,4081000,1660,2766,4100000,3721
7,205,4100000,4101000,1660,2766,4120000,3737
7,206,4120000,4121000,1660,2766,4140000,3757
7,207,4140000,4141000,1660,2766,4160000,3775
7,208,4160000,4161000,1660,2766,4180000,3794
7,209,4180000,4181000,1660,2766,4200000,3808
7,21,420000,421000,1660,2766,440000,390
7,210,4200000,4201000,1660,2766,4220000,3831
7,211,4220000,4221000,1660,2766,4240000,3847
7,212,4240000,4241000,1660,2766,4260000,3866
7,213,4260000,4261000,1660,2766,4280000,3884
7,214,4280000,4281000,1660,2766,4300000,3903
7,215,4300000,4301000,1660,2766,4320000,3918
7,216,4320000,4321000,1660,2766,4340000,3939
7,217,4340000,4341000,1660,2766,4360000,3957
7,218,4360000,4361000,1660,2766,4380000,3975
7,219,4380000,4381000,1660,2766,4400000,3991
7,22,440000,441000,1660,2766,460000,411
7,220,4400000,4401000,1660,2766,4420000,4014
7,221,4420000,4421000,1660,2766,4440000,4028
7,222,4440000,4441000,1660,2766,4460000,4049
7,223,4460000,4461000,1660,2766,4480000,4064
7,224,4480000,4481000,1660,2766,4500000,4084
7,225,4500000,4501000,1660,2766,4520000,4102
7,226,4520000,4521000,1660,2766,4540000,4121
7,227,4540000,4541000,1660,2766,4560000,4138
7,228,4560000,4561000,1660,2766,4580000,4158
7,229,4580000,4581000,1660,2766,4600000,4174
7,23,460000,461000,1660,2766,480000,425
7,230,4600000,4601000,1660,2766,4620000,4193
7,231,4620000,4621000,1660,2766,4640000,4211
7,232,4640000,4641000,1660,2766,4660000,4231
7,233,4660000,4661000,1660,2766,4680000,4245
7,234,4680000,4681000,1660,2766,4700000,4268
7,235,4700000,4701000,1660,2766,4720000,4284
7,236,4720000,4721000,1660,2766,4740000,4302
7,237,4740000,4741000,1660,2766,4760000,4319
7,238,4760000,4761000,1660,2766,4780000,4341
7,239,4780000,4781000,1660,2766,4800000,4355
7,24,480000,481000,1660,2766,500000,447
7,240,4800000,4801000,1660,2766,4820000,4376
7,241,4820000,4821000,1660,2766,4840000,4393
7,242,4840000,4841000,1660,2766,4860000,4412
7,243,4860000,4861000,1660,2766,4880000,4429
7,244,4880000,4881000,1660,2766,4900000,4448
7,245,4900000,4901000,1660,2766,4920000,4465
7,246,4920000,4921000,1660,2766,4940000,4485
7,247,4940000,4941000,1660,2766,4960000,4502
7,248,4960000,4961000,1660,2766,4980000,4522
7,249,4980000,4981000,1660,2766,5000000,4538
7,25,500000,501000,1660,2766,520000,463
7,250,5000000,5001000,1660,2766,5020000,4558
7,251,5020000,5021000,1660,2766,5040000,4572
7,252,5040000,5041000,1660,2766,5060000,4596
7,253,5060000,5061000,1660,2766,5080000,4611
7,254,5080000,5081000,1660,2766,5100000,4629
7,255,5100000,5101000,1660,2766,5120000,4648
7,256,5120000,5121000,1660,2766,5140000,4668
7,257,5140000,5141000,1660,2766,5160000,4683
7,258,5160000,5161000,1660,2766,5180000,4703
7,259,5180000,5181000,1660,2766,5200000,4720
7,26,520000,521000,1660,2766,540000,481
7,260,5200000,5201000,1660,2766,5220000,4739
7,261,5220000,5221000,1660,2766,5240000,4756
7,262,5240000,5241000,1660,2766,5260000,4778
7,263,5260000,5261000,1660,2766,5280000,4792
7,264,5280000,5281000,1660,2766,5300000,4812
7,265,5300000,5301000,1660,2766,5320000,4829
7,266,5320000,5321000,1660,2766,5340000,4849
7,267,5340000,5341000,1660,2766,5360000,4866
7,268,5360000,5361000,1660,2766,5380000,4885
7,269,5380000,5381000,1660,2766,5400000,4901
7,27,540000,541000,1660,2766,560000,499
7,270,5400000,5401000,1660,2766,5420000,4923
7,271,5420000,5421000,1660,2766,5440000,4938
7,272,5440000,5441000,1660,2766,5460000,4957
7,273,5460000,5461000,1660,2766,5480000,4975
7,274,5480000,5481000,1660,2766,5500000,4995
7,275,5500000,5501000,1660,2766,5520000,5010
7,276,5520000,5521000,1660,2766,5540000,5032
7,277,5540000,5541000,1660,2766,5560000,5048
7,278,5560000,5561000,1660,2766,5580000,5066
7,279,5580000,5581000,1660,2766,5600000,5083
7,28,560000,561000,1660,2766,580000,520
7,280,5600000,5601000,1660,2766,5620000,5105
7,281,5620000,5621000,1660,2766,5640000,5119
7,282,5640000,5641000,1660,2766,5660000,5140
7,283,5660000,5661000,1660,2766,5680000,5158
7,284,5680000,5681000,1660,2766,5700000,5176
7,285,5700000,5701000,1660,2766,5720000,5193
7,286,5720000,5721000,1660,2766,5740000,5212
7,287,5740000,5741000,1660,2766,5760000,5229
7,288,5760000,5761000,1660,2766,5780000,5250
7,289,5780000,5781000,1660,2766,5800000,5265
7,29,580000,581000,1660,2766,600000,534
7,290,5800000,5801000,1660,2766,5820000,5286
7,291,5820000,5821000,1660,2766,5840000,5302
7,292,5840000,5841000,1660,2766,5860000,5323
7,293,5860000,5861000,1660,2766,5880000,5337
7,294,5880000,5881000,1660,2766,5900000,5359
7,295,5900000,5901000,1660,2766,5920000,5375
7,296,5920000,5921000,1660,2766,5940000,5393
7,297,5940000,5941000,1660,2766,5960000,5413
7,298,5960000,5961000,1660,2766,5980000,5432
7,299,5980000,5981000,1660,2766,6000000,5446
7,3,60000,61000,1660,2766,80000,63
7,30,600000,601000,1660,2766,620000,555
7,300,6000000,6001000,1660,2766,6020000,5467
7,301,6020000,6021000,1660,2766,6040000,5485
7,302,6040000,6041000,1660,2766,6060000,5504
7,303,6060000,6061000,1660,2766,6080000,5520
7,304,6080000,6081000,1660,2766,6100000,5541
7,305,6100000,6101000,1660,2766,6120000,5556
7,306,6120000,6121000,1660,2766,6140000,5577
7,307,6140000,6141000,1660,2766,6160000,5593
7,308,6160000,6161000,1660,2766,6180000,5613
7,309,6180000,6181000,1660,2766,6200000,5629
7,31,620000,621000,1660,2766,640000,573
7,310,6200000,6201000,1660,2766,6220000,5650
7,311,6220000,6221000,1660,2766,6240000,5666
7,312,6240000,6241000,1660,2766,6260000,5687
7,313,6260000,6261000,1660,2766,6280000,5702
7,314,6280000,6281000,1660,2766,6300000,5720
7,315,6300000,6301000,1660,2766,6320000,5740
7,316,6320000,6321000,1660,2766,6340000,5759
7,317,6340000,6341000,1660,2766,6360000,5774
7,318,6360000,6361000,1660,2766,6380000,5796
7,319,6380000,6381000,1660,2766,6400000,5812
7,32,640000,641000,1660,2766,660000,592
7,320,6400000,6401000,1660,2766,6420000,5831
7,321,6420000,6421000,1660,2766,6440000,5847
7,322,6440000,6441000,1660,2766,6460000,5869
7,323,6460000,6461000,1660,2766,6480000,5883
7,324,6480000,6481000,1660,2766,6500000,5904
7,325,6500000,6501000,1660,2766,6520000,5922
7,326,6520000,6521000,1660,2766,6540000,5940
7,327,6540000,6541000,1660,2766,6560000,5957
7,328,6560000,6561000,1660,2766,6580000,5977
7,329,6580000,6581000,1660,2766,6600000,5993
7,33,660000,661000,1660,2766,680000,608
7,330,6600000,6601000,1660,2766,6620000,6014
7,331,6620000,6621000,1660,2766,6640000,6029
7,332,6640000,6641000,1660,2766,6660000,6050
7,333,6660000,6661000,1660,2766,6680000,6067
7,334,6680000,6681000,1660,2766,6700000,6086
7,335,6700000,6701000,1660,2766,6720000,6101
7,336,6720000,6721000,1660,2766,6740000,6123
7,337,6740000,6741000,1660,2766,6760000,6140
7,338,6760000,6761000,1660,2766,6780000,6158
7,339,6780000,6781000,1660,2766,6800000,6176
7,34,680000,681000,1660,2766,700000,627
7,340,6800000,6801000,1660,2766,6820000,6196
7,341,6820000,6821000,1660,2766,6840000,6210
7,342,6840000,6841000,1660,2766,6860000,6232
7,343,6860000,6861000,1660,2766,6880000,6249
7,344,6880000,6881000,1660,2766,6900000,6267
7,345,6900000,6901000,1660,2766,6920000,6284
7,346,6920000,6921000,1660,2766,6940000,6306
7,347,6940000,6941000,1660,2766,6960000,6321
7,348,6960000,6961000,1660,2766,6980000,6341
7,349,6980000,6981000,1660,2766,7000000,6356
7,35,700000,701000,1660,2766,720000,644
7,350,7000000,7001000,1660,2766,7020000,6377
7,351,7020000,7021000,1660,2766,7040000,6394
7,352,7040000,7041000,1660,2766,7060000,6414
7,353,7060000,7061000,1660,2766,7080000,6430
7,354,7080000,7081000,1660,2766,7100000,6450
7,355,7100000,7101000,1660,2766,7120000,6467
7,356,7120000,7121000,1660,2766,7140000,6485
7,357,7140000,7141000,1660,2766,7160000,6504
7,358,7160000,7161000,1660,2766,7180000,6523
7,359,7180000,7181000,1660,2766,7200000,6537
7,36,720000,721000,1660,2766,740000,665
7,360,7200000,7201000,1660,2766,7220000,6561
7,361,7220000,7221000,1660,2766,7240000,6576
7,362,7240000,7241000,1660,2766,7260000,6595
7,363,7260000,7261000,1660,2766,7280000,6611
7,364,7280000,7281000,1660,2766,7300000,6633
7,365,7300000,7301000,1660,2766,7320000,6648
7,366,7320000,7321000,1660,2766,7340000,6668
7,367,7340000,7341000,1660,2766,7360000,6686
7,368,7360000,7361000,1660,2766,7380000,6704
7,369,7380000,7381000,1660,2766,7400000,6721
7,37,740000,741000,1660,2766,760000,681
7,370,7400000,7401000,1660,2766,7420000,6741
7,371,7420000,7421000,1660,2766,7440000,6757
7,372,7440000,7441000,1660,2766,7460000,6778
7,373,7460000,7461000,1660,2766,7480000,6794
7,374,7480000,7481000,1660,2766,7500000,6814
7,375,7500000,7501000,1660,2766,7520000,6831
7,376,7520000,7521000,1660,2766,7540000,6850
7,377,7540000,7541000,1660,2766,7560000,6865
7,378,7560000,7561000,1660,2766,7580000,6888
7,379,7580000,7581000,1660,2766,7600000,6903
7,38,760000,761000,1660,2766,780000,701
7,380,7600000,7601000,1660,2766,7620000,6922
7,381,7620000,7621000,1660,2766,7640000,6940
7,382,7640000,7641000,1660,2766,7660000,6961
7,383,7660000,7661000,1660,2766,7680000,6975
7,384,7680000,7681000,1660,2766,7700000,6995
7,385,7700000,7701000,1660,2766,7720000,7013
7,386,7720000,7721000,1660,2766,7740000,7031
7,387,7740000,7741000,1660,2766,7760000,7049
7,388,7760000,7761000,1660,2766,7780000,7070
7,389,7780000,7781000,1660,2766,7800000,7084
7,39,780000,781000,1660,2766,800000,717
7,390,7800000,7801000,1660,2766,7820000,7105
7,391,7820000,7821000,1660,2766,7840000,7121
7,392,7840000,7841000,1660,2766,7860000,7142
7,393,7860000,7861000,1660,2766,7880000,7158
7,394,7880000,7881000,1660,2766,7900000,7177
7,395,7900000,7901000,1660,2766,7920000,7194
7,396,7920000,7921000,1660,2766,7940000,7215
7,397,7940000,7941000,1660,2766,7960000,7231
7,398,7960000,7961000,1660,2766,7980000,7249
7,399,7980000,7981000,1660,2766,8000000,7267
7,4,80000,81000,1660,2766,100000,83
7,40,800000,801000,1660,2766,820000,738
7,400,8000000,8001000,1660,2766,8020000,7288
7,401,8020000,8021000,1660,2766,8040000,7302
7,402,8040000,8041000,1660,2766,8060000,7325
7,403,8060000,8061000,1660,2766,8080000,7340
7,404,8080000,8081000,1660,2766,8100000,7358
7,405,8100000,8101000,1660,2766,8120000,7376
7,406,8120000,8121000,1660,2766,8140000,7397
7,407,8140000,8141000,1660,2766,8160000,7412
7,408,8160000,8161000,1660,2766,8180000,7432
7,409,8180000,8181000,1660,2766,8200000,7450
7,41,820000,821000,1660,2766,840000,752
7,410,8200000,8201000,1660,2766,8220000,7469
7,411,8220000,8221000,1660,2766,8240000,7485
7,412,8240000,8241000,1660,2766,8260000,7505
7,413,8260000,8261000,1660,2766,8280000,7521
7,414,8280000,8281000,1660,2766,8300000,7542
7,415,8300000,8301000,1660,2766,8320000,7558
7,416,8320000,8321000,1660,2766,8340000,7578
7,417,8340000,8341000,1660,2766,8360000,7595
7,418,8360000,8361000,1660,2766,8380000,7615
7,419,8380000,8381000,1660,2766,8400000,7629
7,42,840000,841000,1660,2766,860000,775
7,420,8400000,8401000,1660,2766,8420000,7652
7,421,8420000,8421000,1660,2766,8440000,7667
7,422,8440000,8441000,1660,2766,8460000,7686
7,423,8460000,8461000,1660,2766,8480000,7705
7,424,8480000,8481000,1660,2766,8500000,7724
7,425,8500000,8501000,1660,2766,8520000,7739
7,426,8520000,8521000,1660,2766,8540000,7759
7,427,8540000,8541000,1660,2766,8560000,7778
7,428,8560000,8561000,1660,2766,8580000,7796
7,429,8580000,8581000,1660,2766,8600000,7812
7,43,860000,861000,1660,2766,880000,790
7,430,8600000,8601000,1660,2766,8620000,7834
7,431,8620000,8621000,1660,2766,8640000,7848
7,432,8640000,8641000,1660,2766,8660000,7870
7,433,8660000,8661000,1660,2766,8680000,7885
7,434,8680000,8681000,1660,2766,8700000,7905
7,435,8700000,8701000,1660,2766,8720000,7922
7,436,8720000,8721000,1660,2766,8740000,7942
7,437,8740000,8741000,1660,2766,8760000,7959
7,438,8760000,8761000,1660,2766,8780000,7979
7,439,8780000,8781000,1660,2766,8800000,7994
7,44,880000,881000,1660,2766,900000,808
7,440,8800000,8801000,1660,2766,8820000,8013
7,441,8820000,8821000,1660,2766,8840000,8032
7,442,8840000,8841000,1660,2766,8860000,8052
7,443,8860000,8861000,1660,2766,8880000,8066
7,444,8880000,8881000,1660,2766,8900000,8088
7,445,8900000,8901000,1660,2766,8920000,8105
7,446,8920000,8921000,1660,2766,8940000,8123
7,447,8940000,8941000,1660,2766,8960000,8140
7,448,8960000,8961000,1660,2766,8980000,8161
7,449,8980000,8981000,1660,2766,9000000,8175
7,45,900000,901000,1660,2766,920000,828
7,450,9000000,9001000,1660,2766,9020000,8197
7,451,9020000,9021000,1660,2766,9040000,8214
7,452,9040000,9041000,1660,2766,9060000,8233
7,453,9060000,9061000,1660,2766,9080000,8249
7,454,9080000,9081000,1660,2766,9100000,8269
7,455,9100000,9101000,1660,2766,9120000,8286
7,456,9120000,9121000,1660,2766,9140000,8306
7,457,9140000,9141000,1660,2766,9160000,8322
7,458,9160000,9161000,1660,2766,9180000,8342
7,459,9180000,9181000,1660,2766,9200000,8359
7,46,920000,921000,1660,2766,940000,847
7,460,9200000,9201000,1660,2766,9220000,8379
7,461,9220000,9221000,1660,2766,9240000,8393
7,462,9240000,9241000,1660,2766,9260000,8416
7,463,9260000,9261000,1660,2766,9280000,8432
7,464,9280000,9281000,1660,2766,9300000,8450
7,465,9300000,9301000,1660,2766,9320000,8469
7,466,9320000,9321000,1660,2766,9340000,8488
7,467,9340000,9341000,1660,2766,9360000,8503
7,468,9360000,9361000,1660,2766,9380000,8524
7,469,9380000,9381000,1660,2766,9400000,8541
7,47,940000,941000,1660,2766,960000,862
7,470,9400000,9401000,1660,2766,9420000,8560
7,471,9420000,9421000,1660,2766,9440000,8576
7,472,9440000,9441000,1660,2766,9460000,8599
7,473,9460000,9461000,1660,2766,9480000,8613
7,474,9480000,9481000,1660,2766,9500000,8633
7,475,9500000,9501000,1660,2766,9520000,8649
7,476,9520000,9521000,1660,2766,9540000,8669
7,477,9540000,9541000,1660,2766,9560000,8687
7,478,9560000,9561000,1660,2766,9580000,8706
7,479,9580000,9581000,1660,2766,9600000,8722
7,48,960000,961000,1660,2766,980000,882
7,480,9600000,9601000,1660,2766,9620000,8743
7,481,9620000,9621000,1660,2766,9640000,8759
7,482,9640000,9641000,1660,2766,9660000,8778
7,483,9660000,9661000,1660,2766,9680000,8796
7,484,9680000,9681000,1660,2766,9700000,8815
7,485,9700000,9701000,1660,2766,9720000,8830
7,486,9720000,9721000,1660,2766,9740000,8853
7,487,9740000,9741000,1660,2766,9760000,8869
7,488,9760000,9761000,1660,2766,9780000,8887
7,489,9780000,9781000,1660,2766,9800000,8903
7,49,980000,981000,1660,2766,1000000,900
7,490,9800000,9801000,1660,2766,9820000,8926
7,491,9820000,9821000,1660,2766,9840000,8940
7,492,9840000,9841000,1660,2766,9860000,8961
7,493,9860000,9861000,1660,2766,9880000,8978
7,494,9880000,9881000,1660,2766,9900000,8996
7,495,9900000,9901000,1660,2766,9920000,9014
7,496,9920000,9921000,1660,2766,9940000,9033
7,497,9940000,9941000,1660,2766,9960000,9050
7,498,9960000,9961000,1660,2766,9980000,9070
7,499,9980000,9981000,1660,2766,10000000,9086
7,5,100000,101000,1660,2766,120000,98
7,50,1000000,1001000,1660,2766,1020000,919
7,500,10000000,10001000,1660,2766,10020000,9107
7,501,10020000,10021000,1660,2766,10040000,9123
7,502,10040000,10041000,1660,2766,10060000,9143
7,503,10060000,10061000,1660,2766,10080000,9157
7,504,10080000,10081000,1660,2766,10100000,9180
7,505,10100000,10101000,1660,2766,10120000,9196
7,506,10120000,10121000,1660,2766,10140000,9214
7,507,10140000,10141000,1660,2766,10160000,9233
7,508,10160000,10161000,1660,2766,10180000,9253
7,509,10180000,10181000,1660,2766,10200000,9267
7,51,1020000,1021000,1660,2766,1040000,935
7,510,10200000,10201000,1660,2766,10220000,9288
7,511,10220000,10221000,1660,2766,10240000,9305
7,512,10240000,10241000,1660,2766,10260000,9324
7,513,10260000,10261000,1660,2766,10280000,9341
7,514,10280000,10281000,1660,2766,10300000,9362
7,515,10300000,10301000,1660,2766,10320000,9377
7,516,10320000,10321000,1660,2766,10340000,9397
7,517,10340000,10341000,1660,2766,10360000,9414
7,518,10360000,10361000,1660,2766,10380000,9434
7,519,10380000,10381000,1660,2766,10400000,9450
7,52,1040000,1041000,1660,2766,1060000,957
7,520,10400000,10401000,1660,2766,10420000,9470
7,521,10420000,10421000,1660,2766,10440000,9486
7,522,10440000,10441000,1660,2766,10460000,9508
7,523,10460000,10461000,1660,2766,10480000,9523
7,524,10480000,10481000,1660,2766,10500000,9541
7,525,10500000,10501000,1660,2766,10520000,9560
7,526,10520000,10521000,1660,2766,10540000,9580
7,527,10540000,10541000,1660,2766,10560000,9595
7,528,10560000,10561000,1660,2766,10580000,9617
7,529,10580000,10581000,1660,2766,10600000,9632
7,53,1060000,1061000,1660,2766,1080000,971
7,530,10600000,10601000,1660,2766,10620000,9651
7,531,10620000,10621000,1660,2766,10640000,9668
7,532,10640000,10641000,1660,2766,10660000,9690
7,533,10660000,10661000,1660,2766,10680000,9704
7,534,10680000,10681000,1660,2766,10700000,9724
7,535,10700000,10701000,1660,2766,10720000,9743
7,536,10720000,10721000,1660,2766,10740000,9761
7,537,10740000,10741000,1660,2766,10760000,9778
7,538,10760000,10761000,1660,2766,10780000,9797
7,539,10780000,10781000,1660,2766,10800000,9813
7,54,1080000,1081000,1660,2766,1100000,992
7,540,10800000,10801000,1660,2766,10820000,9835
7,541,10820000,10821000,1660,2766,10840000,9850
7,542,10840000,10841000,1660,2766,10860000,9871
7,543,10860000,10861000,1660,2766,10880000,9887
7,544,10880000,10881000,1660,2766,10900000,9907
7,545,10900000,10901000,1660,2766,10920000,9922
7,546,10920000,10921000,1660,2766,10940000,9944
7,547,10940000,10941000,1660,2766,10960000,9960
7,548,10960000,10961000,1660,2766,10980000,9978
7,549,10980000,10981000,1660,2766,11000000,9997
7,55,1100000,1101000,1660,2766,1120000,1008
7,550,11000000,11001000,1660,2766,11020000,10017
7,551,11020000,11021000,1660,2766,11040000,10031
7,552,11040000,11041000,1660,2766,11060000,10052
7,553,11060000,11061000,1660,2766,11080000,10070
7,554,11080000,11081000,1660,2766,11100000,10088
7,555,11100000,11101000,1660,2766,11120000,10105
7,556,11120000,11121000,1660,2766,11140000,10126
7,557,11140000,11141000,1660,2766,11160000,10141
7,558,11160000,11161000,1660,2766,11180000,10162
7,559,11180000,11181000,1660,2766,11200000,10177
7,56,1120000,1121000,1660,2766,1140000,1028
7,560,11200000,11201000,1660,2766,11220000,10198
7,561,11220000,11221000,1660,2766,11240000,10214
7,562,11240000,11241000,1660,2766,11260000,10235
7,563,11260000,11261000,1660,2766,11280000,10251
7,564,11280000,11281000,1660,2766,11300000,10271
7,565,11300000,11301000,1660,2766,11320000,10287
7,566,11320000,11321000,1660,2766,11340000,10305
7,567,11340000,11341000,1660,2766,11360000,10325
7,568,11360000,11361000,1660,2766,11380000,10344
7,569,11380000,11381000,1660,2766,11400000,10358
7,57,1140000,1141000,1660,2766,1160000,1045
7,570,11400000,11401000,1660,2766,11420000,10381
7,571,11420000,11421000,1660,2766,11440000,10397
7,572,11440000,11441000,1660,2766,11460000,10416
7,573,11460000,11461000,1660,2766,11480000,10432
7,574,11480000,11481000,1660,2766,11500000,10453
7,575,11500000,11501000,1660,2766,11520000,10468
7,576,11520000,11521000,1660,2766,11540000,10489
7,577,11540000,11541000,1660,2766,11560000,10507
7,578,11560000,11561000,1660,2766,11580000,10525
7,579,11580000,11581000,1660,2766,11600000,10541
7,58,1160000,1161000,1660,2766,1180000,1065
7,580,11600000,11601000,1660,2766,11620000,10562
7,581,11620000,11621000,1660,2766,11640000,10578
7,582,11640000,11641000,1660,2766,11660000,10599
7,583,11660000,11661000,1660,2766,11680000,10614
7,584,11680000,11681000,1660,2766,11700000,10634
7,585,11700000,11701000,1660,2766,11720000,10652
7,586,11720000,11721000,1660,2766,11740000,10671
7,587,11740000,11741000,1660,2766,11760000,10686
7,588,11760000,11761000,1660,2766,11780000,10708
7,589,11780000,11781000,1660,2766,11800000,10724
7,59,1180000,1181000,1660,2766,1200000,1081
7,590,11800000,11801000,1660,2766,11820000,10743
7,591,11820000,11821000,1660,2766,11840000,10761
7,592,11840000,11841000,1660,2766,11860000,10781
7,593,11860000,11861000,1660,2766,11880000,10795
7,594,11880000,11881000,1660,2766,11900000,10816
7,595,11900000,11901000,1660,2766,11920000,10834
7,596,11920000,11921000,1660,2766,11940000,10852
7,597,11940000,11941000,1660,2766,11960000,10869
7,598,11960000,11961000,1660,2766,11980000,10891
7,599,11980000,11981000,1660,2766,12000000,10905
7,6,120000,121000,1660,2766,140000,118
7,60,1200000,1201000,1660,2766,1220000,1102
7,600,12000000,12001000,1660,2766,12020000,10926
7,601,12020000,12021000,1660,2766,12040000,10941
7,602,12040000,12041000,1660,2766,12060000,10962
7,603,12060000,12061000,1660,2766,12080000,10979
7,604,12080000,12081000,1660,2766,12100000,10998
7,605,12100000,12101000,1660,2766,12120000,11015
7,606,12120000,12121000,1660,2766,12140000,11035
7,607,12140000,12141000,1660,2766,12160000,11052
7,608,12160000,12161000,1660,2766,12180000,11070
7,609,12180000,12181000,1660,2766,12200000,11088
7,61,1220000,1221000,1660,2766,1240000,1117
7,610,12200000,12201000,1660,2766,12220000,11108
7,611,12220000,12221000,1660,2766,12240000,11122
7,612,12240000,12241000,1660,2766,12260000,11146
7,613,12260000,12261000,1660,2766,12280000,11161
7,614,12280000,12281000,1660,2766,12300000,11179
7,615,12300000,12301000,1660,2766,12320000,11196
7,616,12320000,12321000,1660,2766,12340000,11218
7,617,12340000,12341000,1660,2766,12360000,11233
7,618,12360000,12361000,1660,2766,12380000,11253
7,619,12380000,12381000,1660,2766,12400000,11270
7,62,1240000,1241000,1660,2766,1260000,1136
7,620,12400000,12401000,1660,2766,12420000,11289
7,621,12420000,12421000,1660,2766,12440000,11306
7,622,12440000,12441000,1660,2766,12460000,11326
7,623,12460000,12461000,1660,2766,12480000,11342
7,624,12480000,12481000,1660,2766,12500000,11362
7,625,12500000,12501000,1660,2766,12520000,11379
7,626,12520000,12521000,1660,2766,12540000,11399
7,627,12540000,12541000,1660,2766,12560000,11416
7,628,12560000,12561000,1660,2766,12580000,11435
7,629,12580000,12581000,1660,2766,12600000,11449
7,63,1260000,1261000,1660,2766,1280000,1155
7,64,1280000,1281000,1660,2766,1300000,1174
7,65,1300000,1301000,1660,2766,1320000,1189
7,66,1320000,1321000,1660,2766,1340000,1211
7,67,1340000,1341000,1660,2766,1360000,1228
7,68,1360000,1361000,1660,2766,1380000,1246
7,69,1380000,1381000,1660,2766,1400000,1262
7,7,140000,141000,1660,2766,160000,136
7,70,1400000,1401000,1660,2766,1420000,1284
7,71,1420000,1421000,1660,2766,1440000,1298
7,72,1440000,1441000,1660,2766,1460000,1320
7,73,1460000,1461000,1660,2766,1480000,1337
7,74,1480000,1481000,1660,2766,1500000,1355
7,75,1500000,1501000,1660,2766,1520000,1372
7,76,1520000,1521000,1660,2766,1540000,1392
7,77,1540000,1541000,1660,2766,1560000,1409
7,78,1560000,1561000,1660,2766,1580000,1429
7,79,1580000,1581000,1660,2766,1600000,1444
7,8,160000,161000,1660,2766,180000,154
7,80,1600000,1601000,1660,2766,1620000,1465
7,81,1620000,1621000,1660,2766,1640000,1482
7,82,1640000,1641000,1660,2766,1660000,1502
7,83,1660000,1661000,1660,2766,1680000,1516
7,84,1680000,1681000,1660,2766,1700000,1538
7,85,1700000,1701000,1660,2766,1720000,1555
7,86,1720000,1721000,1660,2766,1740000,1573
7,87,1740000,1741000,1660,2766,1760000,1592
7,88,1760000,1761000,1660,2766,1780000,1611
7,89,1780000,1781000,1660,2766,1800000,1625
7,9,180000,181000,1660,2766,200000,171
7,90,1800000,1801000,1660,2766,1820000,1647
7,91,1820000,1821000,1660,2766,1840000,1664
7,92,1840000,1841000,1660,2766,1860000,1683
7,93,1860000,1861000,1660,2766,1880000,1699
7,94,1880000,1881000,1660,2766,1900000,1721
7,95,1900000,1901000,1660,2766,1920000,1736
7,96,1920000,1921000,1660,2766,1940000,1756
7,97,1940000,1941000,1660,2766,1960000,1772
7,98,1960000,1961000,1660,2766,1980000,1792
7,99,1980000,1981000,1660,2766,2000000,1809
8,0,0,1500,87,145,30000,18
8,1,30000,31500,87,145,60000,46
8,10,300000,301500,87,145,330000,292
8,100,3000000,3001500,87,145,3030000,2747
8,101,3030000,3031500,87,145,3060000,2775
8,102,3060000,3061500,87,145,3090000,2804
8,103,3090000,3091500,87,145,3120000,2828
8,104,3120000,3121500,87,145,3150000,2854
8,105,3150000,3151500,87,145,3180000,2885
8,106,3180000,3181500,87,145,3210000,2912
8,107,3210000,3211500,87,145,3240000,2937
8,108,3240000,3241500,87,145,3270000,2965
8,109,3270000,3271500,87,145,3300000,2994
8,11,330000,331500,87,145,360000,318
8,110,3300000,3301500,87,145,3330000,3021
8,111,3330000,3331500,87,145,3360000,3046
8,112,3360000,3361500,87,145,3390000,3074
8,113,3390000,3391500,87,145,3420000,3102
8,114,3420000,3421500,87,145,3450000,3131
8,115,3450000,3451500,87,145,3480000,3155
8,116,3480000,3481500,87,145,3510000,3184
8,117,3510000,3511500,87,145,3540000,3212
8,118,3540000,3541500,87,145,3570000,3239
8,119,3570000,3571500,87,145,3600000,3264
8,12,360000,361500,87,145,390000,345
8,120,3600000,3601500,87,145,3630000,3292
8,121,3630000,3631500,87,145,3660000,3322
8,122,3660000,3661500,87,145,3690000,3348
8,123,3690000,3691500,87,145,3720000,3375
8,124,3720000,3721500,87,145,3750000,3401
8,125,3750000,3751500,87,145,3780000,3429
8,126,3780000,3781500,87,145,3810000,3459
8,127,3810000,3811500,87,145,3840000,3482
8,128,3840000,3841500,87,145,3870000,3511
8,129,3870000,3871500,87,145,3900000,3539
8,13,390000,391500,87,145,420000,373
8,130,3900000,3901500,87,145,3930000,3568
8,131,3930000,3931500,87,145,3960000,3592
8,132,3960000,3961500,87,145,3990000,3619
8,133,3990000,3991500,87,145,4020000,3649
8,134,4020000,4021500,87,145,4050000,3675
8,135,4050000,4051500,87,145,4080000,3702
8,136,4080000,4081500,87,145,4110000,3729
8,137,4110000,4111500,87,145,4140000,3758
8,138,4140000,4141500,87,145,4170000,3786
8,139,4170000,4171500,87,145,4200000,3809
8,14,420000,421500,87,145,450000,401
8,140,4200000,4201500,87,145,4230000,3838
8,141,4230000,4231500,87,145,4260000,3867
8,142,4260000,4261500,87,145,4290000,3895
8,143,4290000,4291500,87,145,4320000,3919
8,144,4320000,4321500,87,145,4350000,3948
8,145,4350000,4351500,87,145,4380000,3976
8,146,4380000,4381500,87,145,4410000,4003
8,147,4410000,4411500,87,145,4440000,4029
8,148,4440000,4441500,87,145,4470000,4056
8,149,4470000,4471500,87,145,4500000,4085
8,15,450000,451500,87,145,480000,426
8,150,4500000,4501500,87,145,4530000,4113
8,151,4530000,4531500,87,145,4560000,4139
8,152,4560000,4561500,87,145,4590000,4165
8,153,4590000,4591500,87,145,4620000,4194
8,154,4620000,4621500,87,145,4650000,4222
8,155,4650000,4651500,87,145,4680000,4246
8,156,4680000,4681500,87,145,4710000,4276
8,157,4710000,4711500,87,145,4740000,4303
8,158,4740000,4741500,87,145,4770000,4332
8,159,4770000,4771500,87,145,4800000,4356
8,16,480000,481500,87,145,510000,455
8,160,4800000,4801500,87,145,4830000,4383
8,161,4830000,4831500,87,145,4860000,4413
8,162,4860000,4861500,87,145,4890000,4440
8,163,4890000,4891500,87,145,4920000,4466
8,164,4920000,4921500,87,145,4950000,4492
8,165,4950000,4951500,87,145,4980000,4523
8,166,4980000,4981500,87,145,5010000,4550
8,167,5010000,5011500,87,145,5040000,4573
8,168,5040000,5041500,87,145,5070000,4603
8,169,5070000,5071500,87,145,5100000,4630
8,17,510000,511500,87,145,540000,482
8,170,5100000,5101500,87,145,5130000,4659
8,171,5130000,5131500,87,145,5160000,4684
8,172,5160000,5161500,87,145,5190000,4712
8,173,5190000,5191500,87,145,5220000,4740
8,174,5220000,5221500,87,145,5250000,4767
8,175,5250000,5251500,87,145,5280000,4793
8,176,5280000,5281500,87,145,5310000,4820
8,177,5310000,5311500,87,145,5340000,4850
8,178,5340000,5341500,87,145,5370000,4877
8,179,5370000,5371500,87,145,5400000,4902
8,18,540000,541500,87,145,570000,512
8,180,5400000,5401500,87,145,5430000,4930
8,181,5430000,5431500,87,145,5460000,4958
8,182,5460000,5461500,87,145,5490000,4986
8,183,5490000,5491500,87,145,5520000,5011
8,184,5520000,5521500,87,145,5550000,5039
8,185,5550000,5551500,87,145,5580000,5067
8,186,5580000,5581500,87,145,5610000,5097
8,187,5610000,5611500,87,145,5640000,5120
8,188,5640000,5641500,87,145,5670000,5147
8,189,5670000,5671500,87,145,5700000,5177
8,19,570000,571500,87,145,600000,535
8,190,5700000,5701500,87,145,5730000,5204
8,191,5730000,5731500,87,145,5760000,5230
8,192,5760000,5761500,87,145,5790000,5257
8,193,5790000,5791500,87,145,5820000,5287
8,194,5820000,5821500,87,145,5850000,5313
8,195,5850000,5851500,87,145,5880000,5338
8,196,5880000,5881500,87,145,5910000,5367
8,197,5910000,5911500,87,145,5940000,5394
8,198,5940000,5941500,87,145,5970000,5424
8,199,5970000,5971500,87,145,6000000,5447
8,2,60000,61500,87,145,90000,74
8,20,600000,601500,87,145,630000,562
8,200,6000000,6001500,87,145,6030000,5476
8,201,6030000,6031500,87,145,6060000,5505
8,202,6060000,6061500,87,145,6090000,5531
8,203,6090000,6091500,87,145,6120000,5557
8,204,6120000,6121500,87,145,6150000,5584
8,205,6150000,6151500,87,145,6180000,5614
8,206,6180000,6181500,87,145,6210000,5641
8,207,6210000,6211500,87,145,6240000,5667
8,208,6240000,6241500,87,145,6270000,5694
8,209,6270000,6271500,87,145,6300000,5721
8,21,630000,631500,87,145,660000,593
8,210,6300000,6301500,87,145,6330000,5751
8,211,6330000,6331500,87,145,6360000,5775
8,212,6360000,6361500,87,145,6390000,5803
8,213,6390000,6391500,87,145,6420000,5832
8,214,6420000,6421500,87,145,6450000,5860
8,215,6450000,6451500,87,145,6480000,5884
8,216,6480000,6481500,87,145,6510000,5912
8,217,6510000,6511500,87,145,6540000,5941
8,218,6540000,6541500,87,145,6570000,5968
8,219,6570000,6571500,87,145,6600000,5994
8,22,660000,661500,87,145,690000,619
8,220,6600000,6601500,87,145,6630000,6021
8,221,6630000,6631500,87,145,6660000,6051
8,222,6660000,6661500,87,145,6690000,6078
8,223,6690000,6691500,87,145,6720000,6102
8,224,6720000,6721500,87,145,6750000,6130
8,225,6750000,6751500,87,145,6780000,6159
8,226,6780000,6781500,87,145,6810000,6188
8,227,6810000,6811500,87,145,6840000,6211
8,228,6840000,6841500,87,145,6870000,6241
8,229,6870000,6871500,87,145,6900000,6268
8,23,690000,691500,87,145,720000,645
8,230,6900000,6901500,87,145,6930000,6295
8,231,6930000,6931500,87,145,6960000,6322
8,232,6960000,6961500,87,145,6990000,6348
8,233,6990000,6991500,87,145,7020000,6378
8,234,7020000,7021500,87,145,7050000,6405
8,235,7050000,7051500,87,145,7080000,6431
8,236,7080000,7081500,87,145,7110000,6458
8,237,7110000,7111500,87,145,7140000,6486
8,238,7140000,7141500,87,145,7170000,6515
8,239,7170000,7171500,87,145,7200000,6538
8,24,720000,721500,87,145,750000,672
8,240,7200000,7201500,87,145,7230000,6568
8,241,7230000,7231500,87,145,7260000,6596
8,242,7260000,7261500,87,145,7290000,6624
8,243,7290000,7291500,87,145,7320000,6649
8,244,7320000,7321500,87,145,7350000,6675
8,245,7350000,7351500,87,145,7380000,6705
8,246,7380000,7381500,87,145,7410000,6733
8,247,7410000,7411500,87,145,7440000,6758
8,248,7440000,7441500,87,145,7470000,6785
8,249,7470000,7471500,87,145,7500000,6815
8,25,750000,751500,87,145,780000,702
8,250,7500000,7501500,87,145,7530000,6842
8,251,7530000,7531500,87,145,7560000,6866
8,252,7560000,7561500,87,145,7590000,6895
8,253,7590000,7591500,87,145,7620000,6923
8,254,7620000,7621500,87,145,7650000,6951
8,255,7650000,7651500,87,145,7680000,6976
8,256,7680000,7681500,87,145,7710000,7005
8,257,7710000,7711500,87,145,7740000,7032
8,258,7740000,7741500,87,145,7770000,7060
8,259,7770000,7771500,87,145,7800000,7085
8,26,780000,781500,87,145,810000,729
8,260,7800000,7801500,87,145,7830000,7112
8,261,7830000,7831500,87,145,7860000,7143
8,262,7860000,7861500,87,145,7890000,7169
8,263,7890000,7891500,87,145,7920000,7195
8,264,7920000,7921500,87,145,7950000,7222
8,265,7950000,7951500,87,145,7980000,7250
8,266,7980000,7981500,87,145,8010000,7279
8,267,8010000,8011500,87,145,8040000,7303
8,268,8040000,8041500,87,145,8070000,7332
8,269,8070000,8071500,87,145,8100000,7359
8,27,810000,811500,87,145,840000,753
8,270,8100000,8101500,87,145,8130000,7389
8,271,8130000,8131500,87,145,8160000,7413
8,272,8160000,8161500,87,145,8190000,7439
8,273,8190000,8191500,87,145,8220000,7470
8,274,8220000,8221500,87,145,8250000,7496
8,275,8250000,8251500,87,145,8280000,7522
8,276,8280000,8281500,87,145,8310000,7550
8,277,8310000,8311500,87,145,8340000,7579
8,278,8340000,8341500,87,145,8370000,7606
8,279,8370000,8371500,87,145,8400000,7630
8,28,840000,841500,87,145,870000,782
8,280,8400000,8401500,87,145,8430000,7659
8,281,8430000,8431500,87,145,8460000,7687
8,282,8460000,8461500,87,145,8490000,7716
8,283,8490000,8491500,87,145,8520000,7740
8,284,8520000,8521500,87,145,8550000,7768
8,285,8550000,8551500,87,145,8580000,7797
8,286,8580000,8581500,87,145,8610000,7824
8,287,8610000,8611500,87,145,8640000,7849
8,288,8640000,8641500,87,145,8670000,7877
8,289,8670000,8671500,87,145,8700000,7906
8,29,870000,871500,87,145,900000,809
8,290,8700000,8701500,87,145,8730000,7933
8,291,8730000,8731500,87,145,8760000,7960
8,292,8760000,8761500,87,145,8790000,7986
8,293,8790000,8791500,87,145,8820000,8014
8,294,8820000,8821500,87,145,8850000,8043
8,295,8850000,8851500,87,145,8880000,8067
8,296,8880000,8881500,87,145,8910000,8096
8,297,8910000,8911500,87,145,8940000,8124
8,298,8940000,8941500,87,145,8970000,8153
8,299,8970000,8971500,87,145,9000000,8176
8,3,90000,91500,87,145,120000,99
8,30,900000,901500,87,145,930000,839
8,300,9000000,9001500,87,145,9030000,8204
8,301,9030000,9031500,87,145,9060000,8234
8,302,9060000,9061500,87,145,9090000,8260
8,303,9090000,9091500,87,145,9120000,8287
8,304,9120000,9121500,87,145,9150000,8313
8,305,9150000,9151500,87,145,9180000,8343
8,306,9180000,9181500,87,145,9210000,8371
8,307,9210000,9211500,87,145,9240000,8394
8,308,9240000,9241500,87,145,9270000,8423
8,309,9270000,9271500,87,145,9300000,8451
8,31,930000,931500,87,145,960000,863
8,310,9300000,9301500,87,145,9330000,8480
8,311,9330000,9331500,87,145,9360000,8504
8,312,9360000,9361500,87,145,9390000,8533
8,313,9390000,9391500,87,145,9420000,8561
8,314,9420000,9421500,87,145,9450000,8587
8,315,9450000,9451500,87,145,9480000,8614
8,316,9480000,9481500,87,145,9510000,8641
8,317,9510000,9511500,87,145,9540000,8670
8,318,9540000,9541500,87,145,9570000,8698
8,319,9570000,9571500,87,145,9600000,8723
8,32,960000,961500,87,145,990000,891
8,320,9600000,9601500,87,145,9630000,8750
8,321,9630000,9631500,87,145,9660000,8779
8,322,9660000,9661500,87,145,9690000,8807
8,323,9690000,9691500,87,145,9720000,8831
8,324,9720000,9721500,87,145,9750000,8860
8,325,9750000,9751500,87,145,9780000,8888
8,326,9780000,9781500,87,145,9810000,8917
8,327,9810000,9811500,87,145,9840000,8941
8,328,9840000,9841500,87,145,9870000,8968
8,329,9870000,9871500,87,145,9900000,8997
8,33,990000,991500,87,145,1020000,920
8,330,9900000,9901500,87,145,9930000,9025
8,331,9930000,9931500,87,145,9960000,9051
8,332,9960000,9961500,87,145,9990000,9077
8,333,9990000,9991500,87,145,10020000,9108
8,334,10020000,10021500,87,145,10050000,9134
8,335,10050000,10051500,87,145,10080000,9158
8,336,10080000,10081500,87,145,10110000,9188
8,337,10110000,10111500,87,145,10140000,9215
8,338,10140000,10141500,87,145,10170000,9244
8,339,10170000,10171500,87,145,10200000,9268
8,34,1020000,1021500,87,145,1050000,946
8,340,10200000,10201500,87,145,10230000,9297
8,341,10230000,10231500,87,145,10260000,9325
8,342,10260000,10261500,87,145,10290000,9352
8,343,10290000,10291500,87,145,10320000,9378
8,344,10320000,10321500,87,145,10350000,9404
8,345,10350000,10351500,87,145,10380000,9435
8,346,10380000,10381500,87,145,10410000,9462
8,347,10410000,10411500,87,145,10440000,9487
8,348,10440000,10441500,87,145,10470000,9515
8,349,10470000,10471500,87,145,10500000,9542
8,35,1050000,1051500,87,145,1080000,972
8,350,10500000,10501500,87,145,10530000,9571
8,351,10530000,10531500,87,145,10560000,9596
8,352,10560000,10561500,87,145,10590000,9624
8,353,10590000,10591500,87,145,10620000,9652
8,354,10620000,10621500,87,145,10650000,9681
8,355,10650000,10651500,87,145,10680000,9705
8,356,10680000,10681500,87,145,10710000,9732
8,357,10710000,10711500,87,145,10740000,9762
8,358,10740000,10741500,87,145,10770000,9789
8,359,10770000,10771500,87,145,10800000,9814
8,36,1080000,1081500,87,145,1110000,1000
8,360,10800000,10801500,87,145,10830000,9842
8,361,10830000,10831500,87,145,10860000,9872
8,362,10860000,10861500,87,145,10890000,9898
8,363,10890000,10891500,87,145,10920000,9923
8,364,10920000,10921500,87,145,10950000,9951
8,365,10950000,10951500,87,145,10980000,9979
8,366,10980000,10981500,87,145,11010000,10009
8,367,11010000,11011500,87,145,11040000,10032
8,368,11040000,11041500,87,145,11070000,10061
8,369,11070000,11071500,87,145,11100000,10089
8,37,1110000,1111500,87,145,1140000,1029
8,370,11100000,11101500,87,145,11130000,10116
8,371,11130000,11131500,87,145,11160000,10142
8,372,11160000,11161500,87,145,11190000,10169
8,373,11190000,11191500,87,145,11220000,10199
8,374,11220000,11221500,87,145,11250000,10225
8,375,11250000,11251500,87,145,11280000,10252
8,376,11280000,11281500,87,145,11310000,10279
8,377,11310000,11311500,87,145,11340000,10306
8,378,11340000,11341500,87,145,11370000,10336
8,379,11370000,11371500,87,145,11400000,10359
8,38,1140000,1141500,87,145,1170000,1056
8,380,11400000,11401500,87,145,11430000,10388
8,381,11430000,11431500,87,145,11460000,10417
8,382,11460000,11461500,87,145,11490000,10445
8,383,11490000,11491500,87,145,11520000,10469
8,384,11520000,11521500,87,145,11550000,10496
8,385,11550000,11551500,87,145,11580000,10526
8,386,11580000,11581500,87,145,11610000,10553
8,387,11610000,11611500,87,145,11640000,10579
8,388,11640000,11641500,87,145,11670000,10606
8,389,11670000,11671500,87,145,11700000,10635
8,39,1170000,1171500,87,145,1200000,1082
8,390,11700000,11701500,87,145,11730000,10663
8,391,11730000,11731500,87,145,11760000,10687
8,392,11760000,11761500,87,145,11790000,10715
8,393,11790000,11791500,87,145,11820000,10744
8,394,11820000,11821500,87,145,11850000,10772
8,395,11850000,11851500,87,145,11880000,10796
8,396,11880000,11881500,87,145,11910000,10826
8,397,11910000,11911500,87,145,11940000,10853
8,398,11940000,11941500,87,145,11970000,10880
8,399,11970000,11971500,87,145,12000000,10906
8,4,120000,121500,87,145,150000,127
8,40,1200000,1201500,87,145,1230000,1109
8,400,12000000,12001500,87,145,12030000,10933
8,401,12030000,12031500,87,145,12060000,10963
8,402,12060000,12061500,87,145,12090000,10990
8,403,12090000,12091500,87,145,12120000,11016
8,404,12120000,12121500,87,145,12150000,11042
8,405,12150000,12151500,87,145,12180000,11071
8,406,12180000,12181500,87,145,12210000,11100
8,407,12210000,12211500,87,145,12240000,11123
8,408,12240000,12241500,87,145,12270000,11153
8,409,12270000,12271500,87,145,12300000,11180
8,41,1230000,1231500,87,145,1260000,1137
8,410,12300000,12301500,87,145,12330000,11209
8,411,12330000,12331500,87,145,12360000,11234
8,412,12360000,12361500,87,145,12390000,11260
8,413,12390000,12391500,87,145,12420000,11290
8,414,12420000,12421500,87,145,12450000,11317
8,415,12450000,12451500,87,145,12480000,11343
8,416,12480000,12481500,87,145,12510000,11370
8,417,12510000,12511500,87,145,12540000,11400
8,418,12540000,12541500,87,145,12570000,11427
8,419,12570000,12571500,87,145,12600000,11450
8,42,1260000,1261500,87,145,1290000,1166
8,43,1290000,1291500,87,145,1320000,1190
8,44,1320000,1321500,87,145,1350000,1218
8,45,1350000,1351500,87,145,1380000,1247
8,46,1380000,1381500,87,145,1410000,1276
8,47,1410000,1411500,87,145,1440000,1299
8,48,1440000,1441500,87,145,1470000,1327
8,49,1470000,1471500,87,145,1500000,1356
8,5,150000,151500,87,145,180000,155
8,50,1500000,1501500,87,145,1530000,1383
8,51,1530000,1531500,87,145,1560000,1410
8,52,1560000,1561500,87,145,1590000,1436
8,53,1590000,1591500,87,145,1620000,1466
8,54,1620000,1621500,87,145,1650000,1493
8,55,1650000,1651500,87,145,1680000,1517
8,56,1680000,1681500,87,145,1710000,1546
8,57,1710000,1711500,87,145,1740000,1574
8,58,1740000,1741500,87,145,1770000,1603
8,59,1770000,1771500,87,145,1800000,1626
8,6,180000,181500,87,145,210000,183
8,60,1800000,1801500,87,145,1830000,1656
8,61,1830000,1831500,87,145,1860000,1684
8,62,1860000,1861500,87,145,1890000,1710
8,63,1890000,1891500,87,145,1920000,1737
8,64,1920000,1921500,87,145,1950000,1763
8,65,1950000,1951500,87,145,1980000,1793
8,66,1980000,1981500,87,145,2010000,1821
8,67,2010000,2011500,87,145,2040000,1846
8,68,2040000,2041500,87,145,2070000,1873
8,69,2070000,2071500,87,145,2100000,1901
8,7,210000,211500,87,145,240000,208
8,70,2100000,2101500,87,145,2130000,1930
8,71,2130000,2131500,87,145,2160000,1954
8,72,2160000,2161500,87,145,2190000,1983
8,73,2190000,2191500,87,145,2220000,2011
8,74,2220000,2221500,87,145,2250000,2039
8,75,2250000,2251500,87,145,2280000,2064
8,76,2280000,2281500,87,145,2310000,2091
8,77,2310000,2311500,87,145,2340000,2120
8,78,2340000,2341500,87,145,2370000,2148
8,79,2370000,2371500,87,145,2400000,2173
8,8,240000,241500,87,145,270000,235
8,80,2400000,2401500,87,145,2430000,2200
8,81,2430000,2431500,87,145,2460000,2231
8,82,2460000,2461500,87,145,2490000,2257
8,83,2490000,2491500,87,145,2520000,2281
8,84,2520000,2521500,87,145,2550000,2310
8,85,2550000,2551500,87,145,2580000,2338
8,86,2580000,2581500,87,145,2610000,2367
8,87,2610000,2611500,87,145,2640000,2391
8,88,2640000,2641500,87,145,2670000,2420
8,89,2670000,2671500,87,145,2700000,2447
8,9,270000,271500,87,145,300000,265
8,90,2700000,2701500,87,145,2730000,2475
8,91,2730000,2731500,87,145,2760000,2501
8,92,2760000,2761500,87,145,2790000,2527
8,93,2790000,2791500,87,145,2820000,2558
8,94,2820000,2821500,87,145,2850000,2584
8,95,2850000,2851500,87,145,2880000,2610
8,96,2880000,2881500,87,145,2910000,2638
8,97,2910000,2911500,87,145,2940000,2665
8,98,2940000,2941500,87,145,2970000,2694
8,99,2970000,2971500,87,145,3000000,2718
9,0,0,1500,427,711,30000,19
9,1,30000,31500,427,711,60000,47
9,10,300000,301500,427,711,330000,293
9,100,3000000,3001500,427,711,3030000,2748
9,101,3030000,3031500,427,711,3060000,2776
9,102,3060000,3061500,427,711,3090000,2805
9,103,3090000,3091500,427,711,3120000,2829
9,104,3120000,3121500,427,711,3150000,2855
9,105,3150000,3151500,427,711,3180000,2886
9,106,3180000,3181500,427,711,3210000,2913
9,107,3210000,3211500,427,711,3240000,2938
9,108,3240000,3241500,427,711,3270000,2966
9,109,3270000,3271500,427,711,3300000,2995
9,11,330000,331500,427,711,360000,319
9,110,3300000,3301500,427,711,3330000,3022
9,111,3330000,3331500,427,711,3360000,3047
9,112,3360000,3361500,427,711,3390000,3075
9,113,3390000,3391500,427,711,3420000,3103
9,114,3420000,3421500,427,711,3450000,3132
9,115,3450000,3451500,427,711,3480000,3156
9,116,3480000,3481500,427,711,3510000,3185
9,117,3510000,3511500,427,711,3540000,3213
9,118,3540000,3541500,427,711,3570000,3240
9,119,3570000,3571500,427,711,3600000,3265
9,12,360000,361500,427,711,390000,346
9,120,3600000,3601500,427,711,3630000,3293
9,121,3630000,3631500,427,711,3660000,3323
9,122,3660000,3661500,427,711,3690000,3349
9,123,3690000,3691500,427,711,3720000,3376
9,124,3720000,3721500,427,711,3750000,3402
9,125,3750000,3751500,427,711,3780000,3430
9,126,3780000,3781500,427,711,3810000,3460
9,127,3810000,3811500,427,711,3840000,3483
9,128,3840000,3841500,427,711,3870000,3512
9,129,3870000,3871500,427,711,3900000,3540
9,13,390000,391500,427,711,420000,374
9,130,3900000,3901500,427,711,3930000,3569
9,131,3930000,3931500,427,711,3960000,3593
9,132,3960000,3961500,427,711,3990000,3620
9,133,3990000,3991500,427,711,4020000,3650
9,134,4020000,4021500,427,711,4050000,3676
9,135,4050000,4051500,427,711,4080000,3703
9,136,4080000,4081500,427,711,4110000,3730
9,137,4110000,4111500,427,711,4140000,3759
9,138,4140000,4141500,427,711,4170000,3787
9,139,4170000,4171500,427,711,4200000,3810
9,14,420000,421500,427,711,450000,402
9,140,4200000,4201500,427,711,4230000,3839
9,141,4230000,4231500,427,711,4260000,3868
9,142,4260000,4261500,427,711,4290000,3896
9,143,4290000,4291500,427,711,4320000,3920
9,144,4320000,4321500,427,711,4350000,3949
9,145,4350000,4351500,427,711,4380000,3977
9,146,4380000,4381500,427,711,4410000,4004
9,147,4410000,4411500,427,711,4440000,4030
9,148,4440000,4441500,427,711,4470000,4057
9,149,4470000,4471500,427,711,4500000,4086
9,15,450000,451500,427,711,480000,427
9,150,4500000,4501500,427,711,4530000,4114
9,151,4530000,4531500,427,711,4560000,4140
9,152,4560000,4561500,427,711,4590000,4166
9,153,4590000,4591500,427,711,4620000,4195
9,154,4620000,4621500,427,711,4650000,4223
9,155,4650000,4651500,427,711,4680000,4247
9,156,4680000,4681500,427,711,4710000,4277
9,157,4710000,4711500,427,711,4740000,4304
9,158,4740000,4741500,427,711,4770000,4333
9,159,4770000,4771500,427,711,4800000,4357
9,16,480000,481500,427,711,510000,456
9,160,4800000,4801500,427,711,4830000,4384
9,161,4830000,4831500,427,711,4860000,4414
9,162,4860000,4861500,427,711,4890000,4441
9,163,4890000,4891500,427,711,4920000,4467
9,164,4920000,4921500,427,711,4950000,4493
9,165,4950000,4951500,427,711,4980000,4524
9,166,4980000,4981500,427,711,5010000,4551
9,167,5010000,5011500,427,711,5040000,4574
9,168,5040000,5041500,427,711,5070000,4604
9,169,5070000,5071500,427,711,5100000,4631
9,17,510000,511500,427,711,540000,483
9,170,5100000,5101500,427,711,5130000,4660
9,171,5130000,5131500,427,711,5160000,4685
9,172,5160000,5161500,427,711,5190000,4713
9,173,5190000,5191500,427,711,5220000,4741
9,174,5220000,5221500,427,711,5250000,4768
9,175,5250000,5251500,427,711,5280000,4794
9,176,5280000,5281500,427,711,5310000,4821
9,177,5310000,5311500,427,711,5340000,4851
9,178,5340000,5341500,427,711,5370000,4878
9,179,5370000,5371500,427,711,5400000,4903
9,18,540000,541500,427,711,570000,513
9,180,5400000,5401500,427,711,5430000,4931
9,181,5430000,5431500,427,711,5460000,4959
9,182,5460000,5461500,427,711,5490000,4987
9,183,5490000,5491500,427,711,5520000,5012
9,184,5520000,5521500,427,711,5550000,5040
9,185,5550000,5551500,427,711,5580000,5068
9,186,5580000,5581500,427,711,5610000,5098
9,187,5610000,5611500,427,711,5640000,5121
9,188,5640000,5641500,427,711,5670000,5148
9,189,5670000,5671500,427,711,5700000,5178
9,19,570000,571500,427,711,600000,536
9,190,5700000,5701500,427,711,5730000,5205
9,191,5730000,5731500,427,711,5760000,5231
9,192,5760000,5761500,427,711,5790000,5258
9,193,5790000,5791500,427,711,5820000,5288
9,194,5820000,5821500,427,711,5850000,5314
9,195,5850000,5851500,427,711,5880000,5339
9,196,5880000,5881500,427,711,5910000,5368
9,197,5910000,5911500,427,711,5940000,5395
9,198,5940000,5941500,427,711,5970000,5425
9,199,5970000,5971500,427,711,6000000,5448
9,2,60000,61500,427,711,90000,75
9,20,600000,601500,427,711,630000,563
9,200,6000000,6001500,427,711,6030000,5477
9,201,6030000,6031500,427,711,6060000,5506
9,202,6060000,6061500,427,711,6090000,5532
9,203,6090000,6091500,427,711,6120000,5558
9,204,6120000,6121500,427,711,6150000,5585
9,205,6150000,6151500,427,711,6180000,5615
9,206,6180000,6181500,427,711,6210000,5642
9,207,6210000,6211500,427,711,6240000,5668
9,208,6240000,6241500,427,711,6270000,5695
9,209,6270000,6271500,427,711,6300000,5722
9,21,630000,631500,427,711,660000,594
9,210,6300000,6301500,427,711,6330000,5752
9,211,6330000,6331500,427,711,6360000,5776
9,212,6360000,6361500,427,711,6390000,5804
9,213,6390000,6391500,427,711,6420000,5833
9,214,6420000,6421500,427,711,6450000,5861
9,215,6450000,6451500,427,711,6480000,5885
9,216,6480000,6481500,427,711,6510000,5913
9,217,6510000,6511500,427,711,6540000,5942
9,218,6540000,6541500,427,711,6570000,5969
9,219,6570000,6571500,427,711,6600000,5995
9,22,660000,661500,427,711,690000,620
9,220,6600000,6601500,427,711,6630000,6022
9,221,6630000,6631500,427,711,6660000,6052
9,222,6660000,6661500,427,711,6690000,6079
9,223,6690000,6691500,427,711,6720000,6103
9,224,6720000,6721500,427,711,6750000,6131
9,225,6750000,6751500,427,711,6780000,6160
9,226,6780000,6781500,427,711,6810000,6189
9,227,6810000,6811500,427,711,6840000,6212
9,228,6840000,6841500,427,711,6870000,6242
9,229,6870000,6871500,427,711,6900000,6269
9,23,690000,691500,427,711,720000,646
9,230,6900000,6901500,427,711,6930000,6296
9,231,6930000,6931500,427,711,6960000,6323
9,232,6960000,6961500,427,711,6990000,6349
9,233,6990000,6991500,427,711,7020000,6379
9,234,7020000,7021500,427,711,7050000,6406
9,235,7050000,7051500,427,711,7080000,6432
9,236,7080000,7081500,427,711,7110000,6459
9,237,7110000,7111500,427,711,7140000,6487
9,238,7140000,7141500,427,711,7170000,6516
9,239,7170000,7171500,427,711,7200000,6539
9,24,720000,721500,427,711,750000,673
9,240,7200000,7201500,427,711,7230000,6569
9,241,7230000,7231500,427,711,7260000,6597
9,242,7260000,7261500,427,711,7290000,6625
9,243,7290000,7291500,427,711,7320000,6650
9,244,7320000,7321500,427,711,7350000,6676
9,245,7350000,7351500,427,711,7380000,6706
9,246,7380000,7381500,427,711,7410000,6734
9,247,7410000,7411500,427,711,7440000,6759
9,248,7440000,7441500,427,711,7470000,6786
9,249,7470000,7471500,427,711,7500000,6816
9,25,750000,751500,427,711,780000,703
9,250,7500000,7501500,427,711,7530000,6843
9,251,7530000,7531500,427,711,7560000,6867
9,252,7560000,7561500,427,711,7590000,6896
9,253,7590000,7591500,427,711,7620000,6924
9,254,7620000,7621500,427,711,7650000,6952
9,255,7650000,7651500,427,711,7680000,6977
9,256,7680000,7681500,427,711,7710000,7006
9,257,7710000,7711500,427,711,7740000,7033
9,258,7740000,7741500,427,711,7770000,7061
9,259,7770000,7771500,427,711,7800000,7086
9,26,780000,781500,427,711,810000,730
9,260,7800000,7801500,427,711,7830000,7113
9,261,7830000,7831500,427,711,7860000,7144
9,262,7860000,7861500,427,711,7890000,7170
9,263,7890000,7891500,427,711,7920000,7196
9,264,7920000,7921500,427,711,7950000,7223
9,265,7950000,7951500,427,711,7980000,7251
9,266,7980000,7981500,427,711,8010000,7280
9,267,8010000,8011500,427,711,8040000,7304
9,268,8040000,8041500,427,711,8070000,7333
9,269,8070000,8071500,427,711,8100000,7360
9,27,810000,811500,427,711,840000,754
9,270,8100000,8101500,427,711,8130000,7390
9,271,8130000,8131500,427,711,8160000,7414
9,272,8160000,8161500,427,711,8190000,7440
9,273,8190000,8191500,427,711,8220000,7471
9,274,8220000,8221500,427,711,8250000,7497
9,275,8250000,8251500,427,711,8280000,7523
9,276,8280000,8281500,427,711,8310000,7551
9,277,8310000,8311500,427,711,8340000,7580
9,278,8340000,8341500,427,711,8370000,7607
9,279,8370000,8371500,427,711,8400000,7631
9,28,840000,841500,427,711,870000,783
9,280,8400000,8401500,427,711,8430000,7660
9,281,8430000,8431500,427,711,8460000,7688
9,282,8460000,8461500,427,711,8490000,7717
9,283,8490000,8491500,427,711,8520000,7741
9,284,8520000,8521500,427,711,8550000,7769
9,285,8550000,8551500,427,711,8580000,7798
9,286,8580000,8581500,427,711,8610000,7825
9,287,8610000,8611500,427,711,8640000,7850
9,288,8640000,8641500,427,711,8670000,7878
9,289,8670000,8671500,427,711,8700000,7907
9,29,870000,871500,427,711,900000,810
9,290,8700000,8701500,427,711,8730000,7934
9,291,8730000,8731500,427,711,8760000,7961
9,292,8760000,8761500,427,711,8790000,7987
9,293,8790000,8791500,427,711,8820000,8015
9,294,8820000,8821500,427,711,8850000,8044
9,295,8850000,8851500,427,711,8880000,8068
9,296,8880000,8881500,427,711,8910000,8097
9,297,8910000,8911500,427,711,8940000,8125
9,298,8940000,8941500,427,711,8970000,8154
9,299,8970000,8971500,427,711,9000000,8177
9,3,90000,91500,427,711,120000,100
9,30,900000,901500,427,711,930000,840
9,300,9000000,9001500,427,711,9030000,8205
9,301,9030000,9031500,427,711,9060000,8235
9,302,9060000,9061500,427,711,9090000,8261
9,303,9090000,9091500,427,711,9120000,8288
9,304,9120000,9121500,427,711,9150000,8314
9,305,9150000,9151500,427,711,9180000,8344
9,306,9180000,9181500,427,711,9210000,8372
9,307,9210000,9211500,427,711,9240000,8395
9,308,9240000,9241500,427,711,9270000,8424
9,309,9270000,9271500,427,711,9300000,8452
9,31,930000,931500,427,711,960000,864
9,310,9300000,9301500,427,711,9330000,8481
9,311,9330000,9331500,427,711,9360000,8505
9,312,9360000,9361500,427,711,9390000,8534
9,313,9390000,9391500,427,711,9420000,8562
9,314,9420000,9421500,427,711,9450000,8588
9,315,9450000,9451500,427,711,9480000,8615
9,316,9480000,9481500,427,711,9510000,8642
9,317,9510000,9511500,427,711,9540000,8671
9,318,9540000,9541500,427,711,9570000,8699
9,319,9570000,9571500,427,711,9600000,8724
9,32,960000,961500,427,711,990000,892
9,320,9600000,9601500,427,711,9630000,8751
9,321,9630000,9631500,427,711,9660000,8780
9,322,9660000,9661500,427,711,9690000,8808
9,323,9690000,9691500,427,711,9720000,8832
9,324,9720000,9721500,427,711,9750000,8861
9,325,9750000,9751500,427,711,9780000,8889
9,326,9780000,9781500,427,711,9810000,8918
9,327,9810000,9811500,427,711,9840000,8942
9,328,9840000,9841500,427,711,9870000,8969
9,329,9870000,9871500,427,711,9900000,8998
9,33,990000,991500,427,711,1020000,921
9,330,9900000,9901500,427,711,9930000,9026
9,331,9930000,9931500,427,711,9960000,9052
9,332,9960000,9961500,427,711,9990000,9078
9,333,9990000,9991500,427,711,10020000,9109
9,334,10020000,10021500,427,711,10050000,9135
9,335,10050000,10051500,427,711,10080000,9159
9,336,10080000,10081500,427,711,10110000,9189
9,337,10110000,10111500,427,711,10140000,9216
9,338,10140000,10141500,427,711,10170000,9245
9,339,10170000,10171500,427,711,10200000,9269
9,34,1020000,1021500,427,711,1050000,947
9,340,10200000,10201500,427,711,10230000,9298
9,341,10230000,10231500,427,711,10260000,9326
9,342,10260000,10261500,427,711,10290000,9353
9,343,10290000,10291500,427,711,10320000,9379
9,344,10320000,10321500,427,711,10350000,9405
9,345,10350000,10351500,427,711,10380000,9436
9,346,10380000,10381500,427,711,10410000,9463
9,347,10410000,10411500,427,711,10440000,9488
9,348,10440000,10441500,427,711,10470000,9516
9,349,10470000,10471500,427,711,10500000,9543
9,35,1050000,1051500,427,711,1080000,973
9,350,10500000,10501500,427,711,10530000,9572
9,351,10530000,10531500,427,711,10560000,9597
9,352,10560000,10561500,427,711,10590000,9625
9,353,10590000,10591500,427,711,10620000,9653
9,354,10620000,10621500,427,711,10650000,9682
9,355,10650000,10651500,427,711,10680000,9706
9,356,10680000,10681500,427,711,10710000,9733
9,357,10710000,10711500,427,711,10740000,9763
9,358,10740000,10741500,427,711,10770000,9790
9,359,10770000,10771500,427,711,10800000,9815
9,36,1080000,1081500,427,711,1110000,1001
9,360,10800000,10801500,427,711,10830000,9843
9,361,10830000,10831500,427,711,10860000,9873
9,362,10860000,10861500,427,711,10890000,9899
9,363,10890000,10891500,427,711,10920000,9924
9,364,10920000,10921500,427,711,10950000,9952
9,365,10950000,10951500,427,711,10980000,9980
9,366,10980000,10981500,427,711,11010000,10010
9,367,11010000,11011500,427,711,11040000,10033
9,368,11040000,11041500,427,711,11070000,10062
9,369,11070000,11071500,427,711,11100000,10090
9,37,1110000,1111500,427,711,1140000,1030
9,370,11100000,11101500,427,711,11130000,10117
9,371,11130000,11131500,427,711,11160000,10143
9,372,11160000,11161500,427,711,11190000,10170
9,373,11190000,11191500,427,711,11220000,10200
9,374,11220000,11221500,427,711,11250000,10226
9,375,11250000,11251500,427,711,11280000,10253
9,376,11280000,11281500,427,711,11310000,10280
9,377,11310000,11311500,427,711,11340000,10307
9,378,11340000,11341500,427,711,11370000,10337
9,379,11370000,11371500,427,711,11400000,10360
9,38,1140000,1141500,427,711,1170000,1057
9,380,11400000,11401500,427,711,11430000,10389
9,381,11430000,11431500,427,711,11460000,10418
9,382,11460000,11461500,427,711,11490000,10446
9,383,11490000,11491500,427,711,11520000,10470
9,384,11520000,11521500,427,711,11550000,10497
9,385,11550000,11551500,427,711,11580000,10527
9,386,11580000,11581500,427,711,11610000,10554
9,387,11610000,11611500,427,711,11640000,10580
9,388,11640000,11641500,427,711,11670000,10607
9,389,11670000,11671500,427,711,11700000,10636
9,39,1170000,1171500,427,711,1200000,1083
9,390,11700000,11701500,427,711,11730000,10664
9,391,11730000,11731500,427,711,11760000,10688
9,392,11760000,11761500,427,711,11790000,10716
9,393,11790000,11791500,427,711,11820000,10745
9,394,11820000,11821500,427,711,11850000,10773
9,395,11850000,11851500,427,711,11880000,10797
9,396,11880000,11881500,427,711,11910000,10827
9,397,11910000,11911500,427,711,11940000,10854
9,398,11940000,11941500,427,711,11970000,10881
9,399,11970000,11971500,427,711,12000000,10907
9,4,120000,121500,427,711,150000,128
9,40,1200000,1201500,427,711,1230000,1110
9,400,12000000,12001500,427,711,12030000,10934
9,401,12030000,12031500,427,711,12060000,10964
9,402,12060000,12061500,427,711,12090000,10991
9,403,12090000,12091500,427,711,12120000,11017
9,404,12120000,12121500,427,711,12150000,11043
9,405,12150000,12151500,427,711,12180000,11072
9,406,12180000,12181500,427,711,12210000,11101
9,407,12210000,12211500,427,711,12240000,11124
9,408,12240000,12241500,427,711,12270000,11154
9,409,12270000,12271500,427,711,12300000,11181
9,41,1230000,1231500,427,711,1260000,1138
9,410,12300000,12301500,427,711,12330000,11210
9,411,12330000,12331500,427,711,12360000,11235
9,412,12360000,12361500,427,711,12390000,11261
9,413,12390000,12391500,427,711,12420000,11291
9,414,12420000,12421500,427,711,12450000,11318
9,415,12450000,12451500,427,711,12480000,11344
9,416,12480000,12481500,427,711,12510000,11371
9,417,12510000,12511500,427,711,12540000,11401
9,418,12540000,12541500,427,711,12570000,11428
9,419,12570000,12571500,427,711,12600000,11451
9,42,1260000,1261500,427,711,1290000,1167
9,43,1290000,1291500,427,711,1320000,1191
9,44,1320000,1321500,427,711,1350000,1219
9,45,1350000,1351500,427,711,1380000,1248
9,46,1380000,1381500,427,711,1410000,1277
9,47,1410000,1411500,427,711,1440000,1300
9,48,1440000,1441500,427,711,1470000,1328
9,49,1470000,1471500,427,711,1500000,1357
9,5,150000,151500,427,711,180000,156
9,50,1500000,1501500,427,711,1530000,1384
9,51,1530000,1531500,427,711,1560000,1411
9,52,1560000,1561500,427,711,1590000,1437
9,53,1590000,1591500,427,711,1620000,1467
9,54,1620000,1621500,427,711,1650000,1494
9,55,1650000,1651500,427,711,1680000,1518
9,56,1680000,1681500,427,711,1710000,1547
9,57,1710000,1711500,427,711,1740000,1575
9,58,1740000,1741500,427,711,1770000,1604
9,59,1770000,1771500,427,711,1800000,1627
9,6,180000,181500,427,711,210000,184
9,60,1800000,1801500,427,711,1830000,1657
9,61,1830000,1831500,427,711,1860000,1685
9,62,1860000,1861500,427,711,1890000,1711
9,63,1890000,1891500,427,711,1920000,1738
9,64,1920000,1921500,427,711,1950000,1764
9,65,1950000,1951500,427,711,1980000,1794
9,66,1980000,1981500,427,711,2010000,1822
9,67,2010000,2011500,427,711,2040000,1847
9,68,2040000,2041500,427,711,2070000,1874
9,69,2070000,2071500,427,711,2100000,1902
9,7,210000,211500,427,711,240000,209
9,70,2100000,2101500,427,711,2130000,1931
9,71,2130000,2131500,427,711,2160000,1955
9,72,2160000,2161500,427,711,2190000,1984
9,73,2190000,2191500,427,711,2220000,2012
9,74,2220000,2221500,427,711,2250000,2040
9,75,2250000,2251500,427,711,2280000,2065
9,76,2280000,2281500,427,711,2310000,2092
9,77,2310000,2311500,427,711,2340000,2121
9,78,2340000,2341500,427,711,2370000,2149
9,79,2370000,2371500,427,711,2400000,2174
9,8,240000,241500,427,711,270000,236
9,80,2400000,2401500,427,711,2430000,2201
9,81,2430000,2431500,427,711,2460000,2232
9,82,2460000,2461500,427,711,2490000,2258
9,83,2490000,2491500,427,711,2520000,2282
9,84,2520000,2521500,427,711,2550000,2311
9,85,2550000,2551500,427,711,2580000,2339
9,86,2580000,2581500,427,711,2610000,2368
9,87,2610000,2611500,427,711,2640000,2392
9,88,2640000,2641500,427,711,2670000,2421
9,89,2670000,2671500,427,711,2700000,2448
9,9,270000,271500,427,711,300000,266
9,90,2700000,2701500,427,711,2730000,2476
9,91,2730000,2731500,427,711,2760000,2502
9,92,2760000,2761500,427,711,2790000,2528
9,93,2790000,2791500,427,711,2820000,2559
9,94,2820000,2821500,427,711,2850000,2585
9,95,2850000,2851500,427,711,2880000,2611
9,96,2880000,2881500,427,711,2910000,2639
9,97,2910000,2911500,427,711,2940000,2666
9,98,2940000,2941500,427,711,2970000,2695
9,99,2970000,2971500,427,711,3000000,2719
